iter,best_objective
1,4583.720954083249
2,4583.720954083249
3,4572.714008871157
4,4572.714008871157
5,4572.714008871157
6,4572.714008871157
7,4572.714008871157
8,4572.714008871157
9,4557.786469841966
10,4557.786469841966
11,4557.786469841966
12,4557.786469841966
13,4557.786469841966
14,4542.811401088109
15,4542.811401088109
16,4542.811401088109
17,4542.811401088109
18,4540.672262801047
19,4540.672262801047
20,4540.672262801047
21,4540.672262801047
22,4540.672262801047
23,4540.672262801047
24,4540.672262801047
25,4540.672262801047
26,4519.6316280392175
27,4519.6316280392175
28,4502.273055293081
29,4493.313412531636
30,4493.313412531636
31,4493.313412531636
32,4493.313412531636
33,4471.311685221966
34,4471.311685221966
35,4471.311685221966
36,4471.311685221966
37,4465.265376450752
38,4465.265376450752
39,4440.7672648791395
40,4406.412695205103
41,4385.037849043049
42,4385.037849043049
43,4381.978374285287
44,4347.30681890298
45,4347.30681890298
46,4335.194177922343
47,4335.194177922343
48,4335.194177922343
49,4335.194177922343
50,4335.194177922343
51,4335.194177922343
52,4335.194177922343
53,4335.194177922343
54,4335.194177922343
55,4335.194177922343
56,4335.194177922343
57,4335.194177922343
58,4335.194177922343
59,4335.194177922343
60,4335.194177922343
61,4335.194177922343
62,4335.194177922343
63,4335.194177922343
64,4335.194177922343
65,4334.457428143558
66,4334.457428143558
67,4334.457428143558
68,4334.457428143558
69,4334.457428143558
70,4334.457428143558
71,4334.457428143558
72,4331.719560112474
73,4317.947728696121
74,4317.947728696121
75,4317.947728696121
76,4317.947728696121
77,4317.947728696121
78,4317.947728696121
79,4317.947728696121
80,4317.947728696121
81,4317.262486376587
82,4317.262486376587
83,4273.492049511759
84,4273.492049511759
85,4273.492049511759
86,4273.492049511759
87,4273.492049511759
88,4273.492049511759
89,4273.492049511759
90,4264.216736645623
91,4264.216736645623
92,4264.216736645623
93,4264.216736645623
94,4264.216736645623
95,4261.329336579585
96,4261.329336579585
97,4261.329336579585
98,4261.329336579585
99,4243.218569098071
100,4200.017191951728
101,4200.017191951728
102,4200.017191951728
103,4189.6303247278875
104,4189.6303247278875
105,4189.6303247278875
106,4189.6303247278875
107,4189.6303247278875
108,4189.6303247278875
109,4189.6303247278875
110,4189.6303247278875
111,4189.6303247278875
112,4189.6303247278875
113,4189.6303247278875
114,4189.6303247278875
115,4189.6303247278875
116,4189.6303247278875
117,4189.6303247278875
118,4175.332504479011
119,4175.332504479011
120,4175.332504479011
121,4175.332504479011
122,4175.332504479011
123,4175.332504479011
124,4175.332504479011
125,4175.332504479011
126,4175.332504479011
127,4175.332504479011
128,4175.332504479011
129,4175.332504479011
130,4175.332504479011
131,4175.332504479011
132,4175.332504479011
133,4175.332504479011
134,4175.332504479011
135,4175.332504479011
136,4175.332504479011
137,4175.332504479011
138,4175.332504479011
139,4175.332504479011
140,4175.332504479011
141,4175.332504479011
142,4175.332504479011
143,4175.332504479011
144,4175.332504479011
145,4175.332504479011
146,4175.332504479011
147,4175.332504479011
148,4175.332504479011
149,4175.332504479011
150,4175.332504479011
151,4175.332504479011
152,4175.332504479011
153,4175.332504479011
154,4175.332504479011
155,4175.332504479011
156,4159.409504217611
157,4159.409504217611
158,4159.409504217611
159,4114.483256917463
160,4114.483256917463
161,4103.173970568173
162,4103.173970568173
163,4103.173970568173
164,4103.173970568173
165,4103.173970568173
166,4103.173970568173
167,4103.173970568173
168,4103.173970568173
169,4103.173970568173
170,4062.243889324822
171,4062.243889324822
172,4062.243889324822
173,4062.243889324822
174,4062.243889324822
175,4062.243889324822
176,4062.243889324822
177,4062.243889324822
178,4062.243889324822
179,4062.243889324822
180,4062.243889324822
181,4062.243889324822
182,4062.243889324822
183,4062.243889324822
184,4062.243889324822
185,4062.243889324822
186,4062.243889324822
187,4062.243889324822
188,4062.243889324822
189,4062.243889324822
190,4062.243889324822
191,4062.243889324822
192,4062.243889324822
193,4062.243889324822
194,4062.243889324822
195,4062.243889324822
196,4062.243889324822
197,4062.243889324822
198,4062.243889324822
199,4062.243889324822
200,4030.834075618319
201,4030.834075618319
202,4030.834075618319
203,4030.834075618319
204,4016.0878036725
205,4016.0878036725
206,4016.0878036725
207,4016.0878036725
208,4016.0878036725
209,4016.0878036725
210,4016.0878036725
211,4016.0878036725
212,4016.0878036725
213,3987.1985632472133
214,3987.1985632472133
215,3987.1985632472133
216,3987.1985632472133
217,3987.1985632472133
218,3987.1985632472133
219,3987.1985632472133
220,3987.1985632472133
221,3987.1985632472133
222,3987.1985632472133
223,3987.1985632472133
224,3987.1985632472133
225,3987.1985632472133
226,3987.1985632472133
227,3987.1985632472133
228,3987.1985632472133
229,3987.1985632472133
230,3987.1985632472133
231,3987.1985632472133
232,3987.1985632472133
233,3987.1985632472133
234,3987.1985632472133
235,3987.1985632472133
236,3987.1985632472133
237,3987.1985632472133
238,3987.1985632472133
239,3987.1985632472133
240,3987.1985632472133
241,3987.1985632472133
242,3987.1985632472133
243,3987.1985632472133
244,3987.1985632472133
245,3987.1985632472133
246,3987.1985632472133
247,3987.1985632472133
248,3987.1985632472133
249,3987.1985632472133
250,3987.1985632472133
251,3987.1985632472133
252,3987.1985632472133
253,3987.1985632472133
254,3987.1985632472133
255,3987.1985632472133
256,3987.1985632472133
257,3987.1985632472133
258,3987.1985632472133
259,3987.1985632472133
260,3969.901737835928
261,3969.901737835928
262,3969.901737835928
263,3969.901737835928
264,3969.901737835928
265,3969.901737835928
266,3969.901737835928
267,3969.901737835928
268,3969.901737835928
269,3969.901737835928
270,3969.901737835928
271,3953.5893481978974
272,3953.5893481978974
273,3953.5893481978974
274,3938.758220321609
275,3938.758220321609
276,3938.758220321609
277,3938.758220321609
278,3938.758220321609
279,3938.758220321609
280,3938.758220321609
281,3938.758220321609
282,3938.758220321609
283,3938.758220321609
284,3938.758220321609
285,3938.758220321609
286,3938.758220321609
287,3938.758220321609
288,3938.758220321609
289,3938.758220321609
290,3938.758220321609
291,3938.758220321609
292,3938.758220321609
293,3938.758220321609
294,3938.758220321609
295,3938.758220321609
296,3938.758220321609
297,3938.758220321609
298,3938.758220321609
299,3938.758220321609
300,3938.758220321609
301,3938.758220321609
302,3938.758220321609
303,3938.758220321609
304,3938.758220321609
305,3938.758220321609
306,3938.758220321609
307,3938.758220321609
308,3938.758220321609
309,3938.758220321609
310,3938.758220321609
311,3938.758220321609
312,3938.758220321609
313,3938.758220321609
314,3934.726134257112
315,3934.726134257112
316,3909.701527379235
317,3909.701527379235
318,3909.701527379235
319,3909.701527379235
320,3909.701527379235
321,3909.701527379235
322,3909.701527379235
323,3909.701527379235
324,3888.326681217181
325,3888.326681217181
326,3888.326681217181
327,3888.326681217181
328,3888.326681217181
329,3888.326681217181
330,3888.326681217181
331,3888.326681217181
332,3888.326681217181
333,3888.326681217181
334,3888.326681217181
335,3888.326681217181
336,3888.326681217181
337,3888.326681217181
338,3888.326681217181
339,3888.326681217181
340,3888.326681217181
341,3888.326681217181
342,3888.326681217181
343,3888.326681217181
344,3888.326681217181
345,3888.326681217181
346,3888.326681217181
347,3888.326681217181
348,3888.326681217181
349,3888.326681217181
350,3888.326681217181
351,3888.326681217181
352,3888.326681217181
353,3888.326681217181
354,3888.326681217181
355,3888.326681217181
356,3888.326681217181
357,3888.326681217181
358,3888.326681217181
359,3888.326681217181
360,3888.326681217181
361,3888.326681217181
362,3888.326681217181
363,3888.326681217181
364,3888.326681217181
365,3888.326681217181
366,3888.326681217181
367,3888.326681217181
368,3888.326681217181
369,3888.326681217181
370,3888.326681217181
371,3888.326681217181
372,3888.326681217181
373,3888.326681217181
374,3888.326681217181
375,3888.326681217181
376,3888.326681217181
377,3888.326681217181
378,3888.326681217181
379,3888.326681217181
380,3888.326681217181
381,3888.326681217181
382,3888.326681217181
383,3888.326681217181
384,3888.326681217181
385,3888.326681217181
386,3888.326681217181
387,3888.326681217181
388,3888.326681217181
389,3888.326681217181
390,3888.326681217181
391,3888.326681217181
392,3888.326681217181
393,3888.326681217181
394,3888.326681217181
395,3888.326681217181
396,3888.326681217181
397,3888.326681217181
398,3888.326681217181
399,3888.326681217181
400,3888.326681217181
401,3888.326681217181
402,3888.326681217181
403,3888.326681217181
404,3888.326681217181
405,3888.326681217181
406,3888.326681217181
407,3888.326681217181
408,3882.445913061028
409,3882.445913061028
410,3882.445913061028
411,3882.445913061028
412,3882.445913061028
413,3882.445913061028
414,3882.445913061028
415,3882.445913061028
416,3882.445913061028
417,3882.445913061028
418,3882.445913061028
419,3882.445913061028
420,3842.211196361492
421,3842.211196361492
422,3842.211196361492
423,3842.211196361492
424,3842.211196361492
425,3842.211196361492
426,3842.211196361492
427,3842.211196361492
428,3842.211196361492
429,3842.211196361492
430,3842.211196361492
431,3842.211196361492
432,3842.211196361492
433,3842.211196361492
434,3842.211196361492
435,3842.211196361492
436,3842.211196361492
437,3842.211196361492
438,3842.211196361492
439,3842.211196361492
440,3842.211196361492
441,3842.211196361492
442,3842.211196361492
443,3842.211196361492
444,3842.211196361492
445,3842.211196361492
446,3842.211196361492
447,3842.211196361492
448,3842.211196361492
449,3842.211196361492
450,3842.211196361492
451,3833.9679498626933
452,3833.9679498626933
453,3833.9679498626933
454,3833.9679498626933
455,3833.9679498626933
456,3833.9679498626933
457,3833.9679498626933
458,3833.9679498626933
459,3833.9679498626933
460,3833.9679498626933
461,3833.9679498626933
462,3833.9679498626933
463,3833.9679498626933
464,3833.9679498626933
465,3833.9679498626933
466,3812.7339182834125
467,3812.7339182834125
468,3812.7339182834125
469,3812.7339182834125
470,3812.7339182834125
471,3812.7339182834125
472,3812.7339182834125
473,3812.7339182834125
474,3812.7339182834125
475,3812.7339182834125
476,3812.7339182834125
477,3812.7339182834125
478,3810.3769314333354
479,3810.3769314333354
480,3810.3769314333354
481,3810.3769314333354
482,3810.3769314333354
483,3810.3769314333354
484,3810.3769314333354
485,3810.3769314333354
486,3809.6278679505554
487,3809.6278679505554
488,3809.6278679505554
489,3809.6278679505554
490,3809.6278679505554
491,3809.6278679505554
492,3809.6278679505554
493,3809.6278679505554
494,3809.6278679505554
495,3809.6278679505554
496,3809.6278679505554
497,3809.6278679505554
498,3809.6278679505554
499,3809.6278679505554
500,3809.6278679505554
501,3809.6278679505554
502,3809.6278679505554
503,3809.6278679505554
504,3809.6278679505554
505,3748.5969724638367
506,3748.5969724638367
507,3748.5969724638367
508,3748.5969724638367
509,3748.5969724638367
510,3748.5969724638367
511,3748.5969724638367
512,3748.5969724638367
513,3748.5969724638367
514,3748.5969724638367
515,3748.5969724638367
516,3748.5969724638367
517,3748.5969724638367
518,3748.5969724638367
519,3748.5969724638367
520,3748.5969724638367
521,3748.5969724638367
522,3748.5969724638367
523,3748.5969724638367
524,3748.5969724638367
525,3748.5969724638367
526,3748.5969724638367
527,3748.5969724638367
528,3748.5969724638367
529,3748.5969724638367
530,3748.5969724638367
531,3748.5969724638367
532,3748.5969724638367
533,3748.5969724638367
534,3748.5969724638367
535,3748.5969724638367
536,3748.5969724638367
537,3748.5969724638367
538,3748.5969724638367
539,3748.5969724638367
540,3748.5969724638367
541,3748.5969724638367
542,3748.5969724638367
543,3748.5969724638367
544,3748.5969724638367
545,3748.5969724638367
546,3748.5969724638367
547,3748.5969724638367
548,3748.5969724638367
549,3746.6906262847015
550,3746.6906262847015
551,3746.6906262847015
552,3746.6906262847015
553,3746.6906262847015
554,3746.6906262847015
555,3746.6906262847015
556,3746.6906262847015
557,3746.6906262847015
558,3746.6906262847015
559,3746.6906262847015
560,3746.6906262847015
561,3746.6906262847015
562,3746.6906262847015
563,3746.6906262847015
564,3746.6906262847015
565,3746.6906262847015
566,3746.6906262847015
567,3746.6906262847015
568,3746.6906262847015
569,3746.6906262847015
570,3746.6906262847015
571,3746.6906262847015
572,3722.1028677730874
573,3722.1028677730874
574,3722.1028677730874
575,3722.1028677730874
576,3722.1028677730874
577,3722.1028677730874
578,3722.1028677730874
579,3722.1028677730874
580,3722.1028677730874
581,3722.1028677730874
582,3722.1028677730874
583,3722.1028677730874
584,3722.1028677730874
585,3722.1028677730874
586,3722.1028677730874
587,3722.1028677730874
588,3722.1028677730874
589,3722.1028677730874
590,3722.1028677730874
591,3722.1028677730874
592,3722.1028677730874
593,3722.1028677730874
594,3722.1028677730874
595,3722.1028677730874
596,3722.1028677730874
597,3722.1028677730874
598,3722.1028677730874
599,3722.1028677730874
600,3722.1028677730874
601,3705.3591712576117
602,3705.3591712576117
603,3705.3591712576117
604,3705.3591712576117
605,3705.3591712576117
606,3705.3591712576117
607,3705.3591712576117
608,3705.3591712576117
609,3705.3591712576117
610,3705.3591712576117
611,3703.0064395448944
612,3699.4157710102263
613,3699.4157710102263
614,3699.4157710102263
615,3699.4157710102263
616,3699.4157710102263
617,3699.4157710102263
618,3699.4157710102263
619,3699.4157710102263
620,3699.4157710102263
621,3699.4157710102263
622,3699.4157710102263
623,3699.4157710102263
624,3699.4157710102263
625,3699.4157710102263
626,3699.4157710102263
627,3699.4157710102263
628,3699.4157710102263
629,3699.4157710102263
630,3699.4157710102263
631,3699.4157710102263
632,3699.4157710102263
633,3699.4157710102263
634,3699.4157710102263
635,3699.4157710102263
636,3699.4157710102263
637,3699.4157710102263
638,3699.4157710102263
639,3699.4157710102263
640,3699.4157710102263
641,3699.4157710102263
642,3699.4157710102263
643,3699.4157710102263
644,3699.4157710102263
645,3699.4157710102263
646,3699.4157710102263
647,3699.4157710102263
648,3699.4157710102263
649,3699.4157710102263
650,3699.4157710102263
651,3699.4157710102263
652,3699.4157710102263
653,3699.4157710102263
654,3699.4157710102263
655,3699.4157710102263
656,3699.4157710102263
657,3699.4157710102263
658,3699.4157710102263
659,3699.4157710102263
660,3699.4157710102263
661,3699.4157710102263
662,3699.4157710102263
663,3699.4157710102263
664,3699.4157710102263
665,3699.4157710102263
666,3699.4157710102263
667,3699.4157710102263
668,3699.4157710102263
669,3699.4157710102263
670,3699.4157710102263
671,3699.4157710102263
672,3699.4157710102263
673,3699.4157710102263
674,3699.4157710102263
675,3699.4157710102263
676,3699.4157710102263
677,3699.4157710102263
678,3698.509811221517
679,3698.509811221517
680,3698.509811221517
681,3698.509811221517
682,3698.509811221517
683,3698.509811221517
684,3698.509811221517
685,3698.509811221517
686,3698.509811221517
687,3698.509811221517
688,3698.509811221517
689,3698.509811221517
690,3698.509811221517
691,3698.509811221517
692,3698.509811221517
693,3698.509811221517
694,3698.509811221517
695,3698.509811221517
696,3698.509811221517
697,3698.509811221517
698,3668.7816666011527
699,3668.7816666011527
700,3668.7816666011527
701,3668.7816666011527
702,3668.7816666011527
703,3668.7816666011527
704,3668.7816666011527
705,3668.7816666011527
706,3668.7816666011527
707,3668.7816666011527
708,3668.7816666011527
709,3668.7816666011527
710,3668.7816666011527
711,3668.7816666011527
712,3668.7816666011527
713,3668.7816666011527
714,3668.7816666011527
715,3668.7816666011527
716,3668.7816666011527
717,3637.4907876789352
718,3637.4907876789352
719,3637.4907876789352
720,3637.4907876789352
721,3637.4907876789352
722,3637.4907876789352
723,3637.4907876789352
724,3637.4907876789352
725,3637.4907876789352
726,3637.4907876789352
727,3637.4907876789352
728,3637.4907876789352
729,3625.8607337364533
730,3625.8607337364533
731,3625.8607337364533
732,3625.8607337364533
733,3625.8607337364533
734,3625.8607337364533
735,3625.8607337364533
736,3625.8607337364533
737,3625.8607337364533
738,3625.8607337364533
739,3625.8607337364533
740,3625.8607337364533
741,3625.8607337364533
742,3625.8607337364533
743,3625.8607337364533
744,3625.8607337364533
745,3625.8607337364533
746,3625.8607337364533
747,3625.8607337364533
748,3625.8607337364533
749,3625.8607337364533
750,3625.8607337364533
751,3625.8607337364533
752,3625.8607337364533
753,3625.8607337364533
754,3625.8607337364533
755,3625.8607337364533
756,3625.8607337364533
757,3625.8607337364533
758,3625.8607337364533
759,3625.8607337364533
760,3625.8607337364533
761,3625.8607337364533
762,3625.8607337364533
763,3619.028138085806
764,3619.028138085806
765,3619.028138085806
766,3619.028138085806
767,3619.028138085806
768,3619.028138085806
769,3619.028138085806
770,3619.028138085806
771,3619.028138085806
772,3619.028138085806
773,3619.028138085806
774,3619.028138085806
775,3619.028138085806
776,3619.028138085806
777,3619.028138085806
778,3619.028138085806
779,3619.028138085806
780,3619.028138085806
781,3619.028138085806
782,3619.028138085806
783,3619.028138085806
784,3619.028138085806
785,3619.028138085806
786,3609.4208821920265
787,3609.4208821920265
788,3609.4208821920265
789,3609.4208821920265
790,3609.4208821920265
791,3609.4208821920265
792,3606.185428305729
793,3606.185428305729
794,3606.185428305729
795,3606.185428305729
796,3606.185428305729
797,3582.7421781183316
798,3582.7421781183316
799,3582.7421781183316
800,3582.7421781183316
801,3582.7421781183316
802,3582.7421781183316
803,3582.7421781183316
804,3582.7421781183316
805,3582.7421781183316
806,3582.7421781183316
807,3582.7421781183316
808,3582.7421781183316
809,3582.7421781183316
810,3582.7421781183316
811,3582.7421781183316
812,3582.7421781183316
813,3582.7421781183316
814,3582.7421781183316
815,3582.7421781183316
816,3582.7421781183316
817,3582.7421781183316
818,3582.7421781183316
819,3582.7421781183316
820,3582.7421781183316
821,3582.7421781183316
822,3582.7421781183316
823,3582.7421781183316
824,3582.7421781183316
825,3582.7421781183316
826,3582.7421781183316
827,3582.7421781183316
828,3582.7421781183316
829,3582.7421781183316
830,3582.7421781183316
831,3582.7421781183316
832,3582.7421781183316
833,3582.7421781183316
834,3582.7421781183316
835,3582.7421781183316
836,3582.7421781183316
837,3582.7421781183316
838,3582.7421781183316
839,3582.7421781183316
840,3582.7421781183316
841,3582.7421781183316
842,3582.7421781183316
843,3582.7421781183316
844,3582.7421781183316
845,3582.7421781183316
846,3582.7421781183316
847,3582.7421781183316
848,3582.7421781183316
849,3582.7421781183316
850,3582.7421781183316
851,3582.7421781183316
852,3582.7421781183316
853,3582.7421781183316
854,3582.7421781183316
855,3582.7421781183316
856,3582.7421781183316
857,3582.7421781183316
858,3582.7421781183316
859,3582.7421781183316
860,3582.7421781183316
861,3582.7421781183316
862,3582.7421781183316
863,3582.7421781183316
864,3582.7421781183316
865,3582.7421781183316
866,3582.7421781183316
867,3582.7421781183316
868,3582.7421781183316
869,3582.7421781183316
870,3582.7421781183316
871,3582.7421781183316
872,3582.7421781183316
873,3582.7421781183316
874,3582.7421781183316
875,3582.7421781183316
876,3582.7421781183316
877,3582.7421781183316
878,3582.7421781183316
879,3582.7421781183316
880,3582.7421781183316
881,3582.7421781183316
882,3582.7421781183316
883,3582.7421781183316
884,3582.7421781183316
885,3582.7421781183316
886,3582.7421781183316
887,3582.7421781183316
888,3582.7421781183316
889,3582.7421781183316
890,3582.7421781183316
891,3582.7421781183316
892,3582.7421781183316
893,3582.7421781183316
894,3582.7421781183316
895,3582.7421781183316
896,3582.7421781183316
897,3582.7421781183316
898,3582.7421781183316
899,3582.7421781183316
900,3582.7421781183316
901,3582.7421781183316
902,3582.7421781183316
903,3582.7421781183316
904,3582.7421781183316
905,3582.7421781183316
906,3582.7421781183316
907,3582.7421781183316
908,3582.7421781183316
909,3582.7421781183316
910,3582.7421781183316
911,3582.7421781183316
912,3582.7421781183316
913,3582.7421781183316
914,3582.7421781183316
915,3582.7421781183316
916,3582.7421781183316
917,3582.7421781183316
918,3582.7421781183316
919,3582.7421781183316
920,3582.7421781183316
921,3582.7421781183316
922,3582.7421781183316
923,3582.7421781183316
924,3582.7421781183316
925,3582.7421781183316
926,3582.7421781183316
927,3582.7421781183316
928,3582.7421781183316
929,3582.7421781183316
930,3582.7421781183316
931,3582.7421781183316
932,3582.7421781183316
933,3582.7421781183316
934,3582.7421781183316
935,3582.7421781183316
936,3582.7421781183316
937,3582.7421781183316
938,3582.7421781183316
939,3582.7421781183316
940,3582.7421781183316
941,3582.7421781183316
942,3582.7421781183316
943,3582.7421781183316
944,3582.7421781183316
945,3582.7421781183316
946,3582.7421781183316
947,3582.7421781183316
948,3582.7421781183316
949,3582.7421781183316
950,3582.7421781183316
951,3582.7421781183316
952,3582.7421781183316
953,3582.7421781183316
954,3582.7421781183316
955,3582.7421781183316
956,3582.7421781183316
957,3582.7421781183316
958,3582.7421781183316
959,3582.7421781183316
960,3582.7421781183316
961,3582.7421781183316
962,3582.7421781183316
963,3582.7421781183316
964,3582.7421781183316
965,3582.7421781183316
966,3582.7421781183316
967,3582.7421781183316
968,3582.7421781183316
969,3582.7421781183316
970,3582.7421781183316
971,3582.7421781183316
972,3582.7421781183316
973,3582.7421781183316
974,3582.7421781183316
975,3582.7421781183316
976,3582.7421781183316
977,3582.7421781183316
978,3582.7421781183316
979,3582.7421781183316
980,3582.7421781183316
981,3582.7421781183316
982,3582.7421781183316
983,3582.7421781183316
984,3582.7421781183316
985,3582.7421781183316
986,3582.7421781183316
987,3582.7421781183316
988,3582.7421781183316
989,3582.7421781183316
990,3582.7421781183316
991,3582.7421781183316
992,3582.7421781183316
993,3582.7421781183316
994,3582.7421781183316
995,3582.7421781183316
996,3582.7421781183316
997,3582.7421781183316
998,3582.7421781183316
999,3582.7421781183316
1000,3582.7421781183316
1001,3582.7421781183316
1002,3582.7421781183316
1003,3582.7421781183316
1004,3582.7421781183316
1005,3582.7421781183316
1006,3582.7421781183316
1007,3582.7421781183316
1008,3582.7421781183316
1009,3582.7421781183316
1010,3582.7421781183316
1011,3582.7421781183316
1012,3582.7421781183316
1013,3582.7421781183316
1014,3582.7421781183316
1015,3582.7421781183316
1016,3582.7421781183316
1017,3582.7421781183316
1018,3582.7421781183316
1019,3582.7421781183316
1020,3582.7421781183316
1021,3582.7421781183316
1022,3582.7421781183316
1023,3582.7421781183316
1024,3582.7421781183316
1025,3582.7421781183316
1026,3582.7421781183316
1027,3582.7421781183316
1028,3582.7421781183316
1029,3582.7421781183316
1030,3582.7421781183316
1031,3582.7421781183316
1032,3582.7421781183316
1033,3582.7421781183316
1034,3582.7421781183316
1035,3582.7421781183316
1036,3582.7421781183316
1037,3582.7421781183316
1038,3582.7421781183316
1039,3582.7421781183316
1040,3582.7421781183316
1041,3582.7421781183316
1042,3582.7421781183316
1043,3582.7421781183316
1044,3582.7421781183316
1045,3582.7421781183316
1046,3582.7421781183316
1047,3582.7421781183316
1048,3582.7421781183316
1049,3582.7421781183316
1050,3582.7421781183316
1051,3582.7421781183316
1052,3582.7421781183316
1053,3582.7421781183316
1054,3582.7421781183316
1055,3582.7421781183316
1056,3582.7421781183316
1057,3582.7421781183316
1058,3582.7421781183316
1059,3582.7421781183316
1060,3582.7421781183316
1061,3582.7421781183316
1062,3582.7421781183316
1063,3582.7421781183316
1064,3582.7421781183316
1065,3582.7421781183316
1066,3582.7421781183316
1067,3582.7421781183316
1068,3582.7421781183316
1069,3582.7421781183316
1070,3582.7421781183316
1071,3582.7421781183316
1072,3582.7421781183316
1073,3582.7421781183316
1074,3582.7421781183316
1075,3582.7421781183316
1076,3582.7421781183316
1077,3582.7421781183316
1078,3582.7421781183316
1079,3582.7421781183316
1080,3582.7421781183316
1081,3582.7421781183316
1082,3582.7421781183316
1083,3582.7421781183316
1084,3582.7421781183316
1085,3582.7421781183316
1086,3582.7421781183316
1087,3582.7421781183316
1088,3582.7421781183316
1089,3582.7421781183316
1090,3582.7421781183316
1091,3582.7421781183316
1092,3582.7421781183316
1093,3582.7421781183316
1094,3582.7421781183316
1095,3582.7421781183316
1096,3582.7421781183316
1097,3582.7421781183316
1098,3582.7421781183316
1099,3582.7421781183316
1100,3582.7421781183316
1101,3582.7421781183316
1102,3582.7421781183316
1103,3582.7421781183316
1104,3582.7421781183316
1105,3582.7421781183316
1106,3582.7421781183316
1107,3582.7421781183316
1108,3582.7421781183316
1109,3582.7421781183316
1110,3582.7421781183316
1111,3582.7421781183316
1112,3582.7421781183316
1113,3582.7421781183316
1114,3582.7421781183316
1115,3582.7421781183316
1116,3582.7421781183316
1117,3582.7421781183316
1118,3582.7421781183316
1119,3582.7421781183316
1120,3582.7421781183316
1121,3582.7421781183316
1122,3582.7421781183316
1123,3582.7421781183316
1124,3582.7421781183316
1125,3582.7421781183316
1126,3582.7421781183316
1127,3582.7421781183316
1128,3582.7421781183316
1129,3582.7421781183316
1130,3582.7421781183316
1131,3582.7421781183316
1132,3582.7421781183316
1133,3582.7421781183316
1134,3582.7421781183316
1135,3582.7421781183316
1136,3582.7421781183316
1137,3582.7421781183316
1138,3582.7421781183316
1139,3582.7421781183316
1140,3582.7421781183316
1141,3582.7421781183316
1142,3582.7421781183316
1143,3582.7421781183316
1144,3582.7421781183316
1145,3582.7421781183316
1146,3582.7421781183316
1147,3582.7421781183316
1148,3582.7421781183316
1149,3582.7421781183316
1150,3582.7421781183316
1151,3582.7421781183316
1152,3582.7421781183316
1153,3582.7421781183316
1154,3582.7421781183316
1155,3582.7421781183316
1156,3582.7421781183316
1157,3582.7421781183316
1158,3582.7421781183316
1159,3582.7421781183316
1160,3582.7421781183316
1161,3582.7421781183316
1162,3582.7421781183316
1163,3582.7421781183316
1164,3582.7421781183316
1165,3582.7421781183316
1166,3582.7421781183316
1167,3582.7421781183316
1168,3582.7421781183316
1169,3582.7421781183316
1170,3582.7421781183316
1171,3582.7421781183316
1172,3582.7421781183316
1173,3582.7421781183316
1174,3582.7421781183316
1175,3582.7421781183316
1176,3582.7421781183316
1177,3582.7421781183316
1178,3582.7421781183316
1179,3582.7421781183316
1180,3582.7421781183316
1181,3582.7421781183316
1182,3582.7421781183316
1183,3582.7421781183316
1184,3582.7421781183316
1185,3582.7421781183316
1186,3582.7421781183316
1187,3582.7421781183316
1188,3582.7421781183316
1189,3582.7421781183316
1190,3582.7421781183316
1191,3582.7421781183316
1192,3582.7421781183316
1193,3582.7421781183316
1194,3582.7421781183316
1195,3582.7421781183316
1196,3582.7421781183316
1197,3582.7421781183316
1198,3582.7421781183316
1199,3582.7421781183316
1200,3582.7421781183316
1201,3582.7421781183316
1202,3582.7421781183316
1203,3582.7421781183316
1204,3582.7421781183316
1205,3582.7421781183316
1206,3582.7421781183316
1207,3582.7421781183316
1208,3582.7421781183316
1209,3582.7421781183316
1210,3582.7421781183316
1211,3582.7421781183316
1212,3582.7421781183316
1213,3582.7421781183316
1214,3582.7421781183316
1215,3582.7421781183316
1216,3582.7421781183316
1217,3582.7421781183316
1218,3582.7421781183316
1219,3582.7421781183316
1220,3582.7421781183316
1221,3582.7421781183316
1222,3582.7421781183316
1223,3582.7421781183316
1224,3582.7421781183316
1225,3582.7421781183316
1226,3582.7421781183316
1227,3582.7421781183316
1228,3582.7421781183316
1229,3582.7421781183316
1230,3582.7421781183316
1231,3582.7421781183316
1232,3582.7421781183316
1233,3582.7421781183316
1234,3582.7421781183316
1235,3582.7421781183316
1236,3582.7421781183316
1237,3582.7421781183316
1238,3582.7421781183316
1239,3582.7421781183316
1240,3582.7421781183316
1241,3582.7421781183316
1242,3582.7421781183316
1243,3582.7421781183316
1244,3582.7421781183316
1245,3582.7421781183316
1246,3582.7421781183316
1247,3582.7421781183316
1248,3582.7421781183316
1249,3582.7421781183316
1250,3582.7421781183316
1251,3582.7421781183316
1252,3582.7421781183316
1253,3582.7421781183316
1254,3582.7421781183316
1255,3582.7421781183316
1256,3582.7421781183316
1257,3582.7421781183316
1258,3582.7421781183316
1259,3582.7421781183316
1260,3582.7421781183316
1261,3582.7421781183316
1262,3582.7421781183316
1263,3582.7421781183316
1264,3582.7421781183316
1265,3582.7421781183316
1266,3582.7421781183316
1267,3582.7421781183316
1268,3582.7421781183316
1269,3582.7421781183316
1270,3582.7421781183316
1271,3582.7421781183316
1272,3582.7421781183316
1273,3582.7421781183316
1274,3582.7421781183316
1275,3582.7421781183316
1276,3582.7421781183316
1277,3582.7421781183316
1278,3582.7421781183316
1279,3582.7421781183316
1280,3582.7421781183316
1281,3582.7421781183316
1282,3582.7421781183316
1283,3582.7421781183316
1284,3582.7421781183316
1285,3582.7421781183316
1286,3582.7421781183316
1287,3582.7421781183316
1288,3582.7421781183316
1289,3582.7421781183316
1290,3582.7421781183316
1291,3582.7421781183316
1292,3582.7421781183316
1293,3582.7421781183316
1294,3582.7421781183316
1295,3582.7421781183316
1296,3582.7421781183316
1297,3582.7421781183316
1298,3582.7421781183316
1299,3582.7421781183316
1300,3582.7421781183316
1301,3582.7421781183316
1302,3582.7421781183316
1303,3582.7421781183316
1304,3582.7421781183316
1305,3582.7421781183316
1306,3582.7421781183316
1307,3582.7421781183316
1308,3582.7421781183316
1309,3582.7421781183316
1310,3582.7421781183316
1311,3582.7421781183316
1312,3582.7421781183316
1313,3582.7421781183316
1314,3582.7421781183316
1315,3582.7421781183316
1316,3582.7421781183316
1317,3582.7421781183316
1318,3582.7421781183316
1319,3582.7421781183316
1320,3582.7421781183316
1321,3582.7421781183316
1322,3582.7421781183316
1323,3582.7421781183316
1324,3582.7421781183316
1325,3582.7421781183316
1326,3582.7421781183316
1327,3582.7421781183316
1328,3582.7421781183316
1329,3582.7421781183316
1330,3582.7421781183316
1331,3582.7421781183316
1332,3582.7421781183316
1333,3582.7421781183316
1334,3582.7421781183316
1335,3582.7421781183316
1336,3582.7421781183316
1337,3582.7421781183316
1338,3582.7421781183316
1339,3582.7421781183316
1340,3582.7421781183316
1341,3582.7421781183316
1342,3582.7421781183316
1343,3582.7421781183316
1344,3582.7421781183316
1345,3582.7421781183316
1346,3582.7421781183316
1347,3582.7421781183316
1348,3582.7421781183316
1349,3582.7421781183316
1350,3582.7421781183316
1351,3582.7421781183316
1352,3582.7421781183316
1353,3582.7421781183316
1354,3582.7421781183316
1355,3582.7421781183316
1356,3582.7421781183316
1357,3582.7421781183316
1358,3582.7421781183316
1359,3582.7421781183316
1360,3582.7421781183316
1361,3582.7421781183316
1362,3582.7421781183316
1363,3582.7421781183316
1364,3582.7421781183316
1365,3582.7421781183316
1366,3582.7421781183316
1367,3582.7421781183316
1368,3582.7421781183316
1369,3582.7421781183316
1370,3582.7421781183316
1371,3582.7421781183316
1372,3582.7421781183316
1373,3582.7421781183316
1374,3582.7421781183316
1375,3582.7421781183316
1376,3582.7421781183316
1377,3582.7421781183316
1378,3582.7421781183316
1379,3582.7421781183316
1380,3582.7421781183316
1381,3582.7421781183316
1382,3582.7421781183316
1383,3582.7421781183316
1384,3582.7421781183316
1385,3582.7421781183316
1386,3582.7421781183316
1387,3582.7421781183316
1388,3582.7421781183316
1389,3582.7421781183316
1390,3582.7421781183316
1391,3582.7421781183316
1392,3582.7421781183316
1393,3582.7421781183316
1394,3582.7421781183316
1395,3582.7421781183316
1396,3582.7421781183316
1397,3582.7421781183316
1398,3582.7421781183316
1399,3582.7421781183316
1400,3582.7421781183316
1401,3582.7421781183316
1402,3582.7421781183316
1403,3582.7421781183316
1404,3582.7421781183316
1405,3582.7421781183316
1406,3582.7421781183316
1407,3582.7421781183316
1408,3582.7421781183316
1409,3582.7421781183316
1410,3582.7421781183316
1411,3582.7421781183316
1412,3582.7421781183316
1413,3582.7421781183316
1414,3582.7421781183316
1415,3582.7421781183316
1416,3582.7421781183316
1417,3582.7421781183316
1418,3582.7421781183316
1419,3582.7421781183316
1420,3582.7421781183316
1421,3582.7421781183316
1422,3582.7421781183316
1423,3582.7421781183316
1424,3582.7421781183316
1425,3582.7421781183316
1426,3582.7421781183316
1427,3582.7421781183316
1428,3582.7421781183316
1429,3582.7421781183316
1430,3582.7421781183316
1431,3582.7421781183316
1432,3582.7421781183316
1433,3582.7421781183316
1434,3582.7421781183316
1435,3582.7421781183316
1436,3582.7421781183316
1437,3582.7421781183316
1438,3582.7421781183316
1439,3582.7421781183316
1440,3582.7421781183316
1441,3582.7421781183316
1442,3582.7421781183316
1443,3582.7421781183316
1444,3582.7421781183316
1445,3582.7421781183316
1446,3582.7421781183316
1447,3582.7421781183316
1448,3582.7421781183316
1449,3582.7421781183316
1450,3582.7421781183316
1451,3582.7421781183316
1452,3582.7421781183316
1453,3582.7421781183316
1454,3582.7421781183316
1455,3582.7421781183316
1456,3582.7421781183316
1457,3582.7421781183316
1458,3582.7421781183316
1459,3582.7421781183316
1460,3582.7421781183316
1461,3582.7421781183316
1462,3582.7421781183316
1463,3582.7421781183316
1464,3582.7421781183316
1465,3582.7421781183316
1466,3582.7421781183316
1467,3582.7421781183316
1468,3582.7421781183316
1469,3582.7421781183316
1470,3582.7421781183316
1471,3582.7421781183316
1472,3582.7421781183316
1473,3582.7421781183316
1474,3582.7421781183316
1475,3582.7421781183316
1476,3582.7421781183316
1477,3582.7421781183316
1478,3582.7421781183316
1479,3582.7421781183316
1480,3582.7421781183316
1481,3582.7421781183316
1482,3582.7421781183316
1483,3582.7421781183316
1484,3582.7421781183316
1485,3582.7421781183316
1486,3582.7421781183316
1487,3582.7421781183316
1488,3582.7421781183316
1489,3582.7421781183316
1490,3582.7421781183316
1491,3582.7421781183316
1492,3582.7421781183316
1493,3582.7421781183316
1494,3582.7421781183316
1495,3582.7421781183316
1496,3582.7421781183316
1497,3582.7421781183316
1498,3582.7421781183316
1499,3582.7421781183316
1500,3582.7421781183316
1501,3582.7421781183316
1502,3582.7421781183316
1503,3582.7421781183316
1504,3582.7421781183316
1505,3582.7421781183316
1506,3582.7421781183316
1507,3582.7421781183316
1508,3582.7421781183316
1509,3582.7421781183316
1510,3582.7421781183316
1511,3582.7421781183316
1512,3582.7421781183316
1513,3582.7421781183316
1514,3582.7421781183316
1515,3582.7421781183316
1516,3582.7421781183316
1517,3582.7421781183316
1518,3582.7421781183316
1519,3582.7421781183316
1520,3582.7421781183316
1521,3582.7421781183316
1522,3582.7421781183316
1523,3582.7421781183316
1524,3582.7421781183316
1525,3582.7421781183316
1526,3582.7421781183316
1527,3582.7421781183316
1528,3582.7421781183316
1529,3582.7421781183316
1530,3582.7421781183316
1531,3582.7421781183316
1532,3582.7421781183316
1533,3582.7421781183316
1534,3582.7421781183316
1535,3582.7421781183316
1536,3582.7421781183316
1537,3582.7421781183316
1538,3582.7421781183316
1539,3582.7421781183316
1540,3582.7421781183316
1541,3582.7421781183316
1542,3582.7421781183316
1543,3582.7421781183316
1544,3582.7421781183316
1545,3582.7421781183316
1546,3582.7421781183316
1547,3582.7421781183316
1548,3582.7421781183316
1549,3582.7421781183316
1550,3582.7421781183316
1551,3582.7421781183316
1552,3582.7421781183316
1553,3582.7421781183316
1554,3582.7421781183316
1555,3582.7421781183316
1556,3582.7421781183316
1557,3582.7421781183316
1558,3582.7421781183316
1559,3582.7421781183316
1560,3582.7421781183316
1561,3582.7421781183316
1562,3582.7421781183316
1563,3582.7421781183316
1564,3582.7421781183316
1565,3582.7421781183316
1566,3582.7421781183316
1567,3582.7421781183316
1568,3582.7421781183316
1569,3582.7421781183316
1570,3582.7421781183316
1571,3582.7421781183316
1572,3582.7421781183316
1573,3582.7421781183316
1574,3582.7421781183316
1575,3582.7421781183316
1576,3582.7421781183316
1577,3582.7421781183316
1578,3582.7421781183316
1579,3582.7421781183316
1580,3582.7421781183316
1581,3582.7421781183316
1582,3582.7421781183316
1583,3582.7421781183316
1584,3582.7421781183316
1585,3582.7421781183316
1586,3582.7421781183316
1587,3582.7421781183316
1588,3582.7421781183316
1589,3582.7421781183316
1590,3582.7421781183316
1591,3582.7421781183316
1592,3582.7421781183316
1593,3582.7421781183316
1594,3582.7421781183316
1595,3582.7421781183316
1596,3582.7421781183316
1597,3582.7421781183316
1598,3582.7421781183316
1599,3582.7421781183316
1600,3582.7421781183316
1601,3582.7421781183316
1602,3582.7421781183316
1603,3582.7421781183316
1604,3582.7421781183316
1605,3582.7421781183316
1606,3582.7421781183316
1607,3582.7421781183316
1608,3582.7421781183316
1609,3582.7421781183316
1610,3582.7421781183316
1611,3582.7421781183316
1612,3582.7421781183316
1613,3582.7421781183316
1614,3582.7421781183316
1615,3582.7421781183316
1616,3582.7421781183316
1617,3582.7421781183316
1618,3582.7421781183316
1619,3582.7421781183316
1620,3582.7421781183316
1621,3582.7421781183316
1622,3582.7421781183316
1623,3582.7421781183316
1624,3582.7421781183316
1625,3582.7421781183316
1626,3582.7421781183316
1627,3582.7421781183316
1628,3582.7421781183316
1629,3582.7421781183316
1630,3582.7421781183316
1631,3582.7421781183316
1632,3582.7421781183316
1633,3582.7421781183316
1634,3582.7421781183316
1635,3582.7421781183316
1636,3582.7421781183316
1637,3582.7421781183316
1638,3582.7421781183316
1639,3582.7421781183316
1640,3582.7421781183316
1641,3582.7421781183316
1642,3582.7421781183316
1643,3582.7421781183316
1644,3582.7421781183316
1645,3582.7421781183316
1646,3582.7421781183316
1647,3582.7421781183316
1648,3582.7421781183316
1649,3582.7421781183316
1650,3582.7421781183316
1651,3582.7421781183316
1652,3582.7421781183316
1653,3582.7421781183316
1654,3582.7421781183316
1655,3582.7421781183316
1656,3582.7421781183316
1657,3582.7421781183316
1658,3582.7421781183316
1659,3582.7421781183316
1660,3582.7421781183316
1661,3582.7421781183316
1662,3582.7421781183316
1663,3582.7421781183316
1664,3582.7421781183316
1665,3582.7421781183316
1666,3582.7421781183316
1667,3582.7421781183316
1668,3582.7421781183316
1669,3582.7421781183316
1670,3582.7421781183316
1671,3582.7421781183316
1672,3582.7421781183316
1673,3582.7421781183316
1674,3582.7421781183316
1675,3582.7421781183316
1676,3582.7421781183316
1677,3582.7421781183316
1678,3582.7421781183316
1679,3582.7421781183316
1680,3582.7421781183316
1681,3582.7421781183316
1682,3582.7421781183316
1683,3582.7421781183316
1684,3582.7421781183316
1685,3582.7421781183316
1686,3582.7421781183316
1687,3582.7421781183316
1688,3582.7421781183316
1689,3582.7421781183316
1690,3582.7421781183316
1691,3582.7421781183316
1692,3582.7421781183316
1693,3582.7421781183316
1694,3582.7421781183316
1695,3582.7421781183316
1696,3582.7421781183316
1697,3582.7421781183316
1698,3582.7421781183316
1699,3582.7421781183316
1700,3582.7421781183316
1701,3582.7421781183316
1702,3582.7421781183316
1703,3582.7421781183316
1704,3582.7421781183316
1705,3582.7421781183316
1706,3582.7421781183316
1707,3582.7421781183316
1708,3582.7421781183316
1709,3582.7421781183316
1710,3582.7421781183316
1711,3582.7421781183316
1712,3582.7421781183316
1713,3582.7421781183316
1714,3582.7421781183316
1715,3582.7421781183316
1716,3582.7421781183316
1717,3582.7421781183316
1718,3582.7421781183316
1719,3582.7421781183316
1720,3582.7421781183316
1721,3582.7421781183316
1722,3582.7421781183316
1723,3582.7421781183316
1724,3582.7421781183316
1725,3582.7421781183316
1726,3582.7421781183316
1727,3582.7421781183316
1728,3582.7421781183316
1729,3582.7421781183316
1730,3582.7421781183316
1731,3582.7421781183316
1732,3582.7421781183316
1733,3582.7421781183316
1734,3582.7421781183316
1735,3582.7421781183316
1736,3582.7421781183316
1737,3582.7421781183316
1738,3582.7421781183316
1739,3582.7421781183316
1740,3582.7421781183316
1741,3582.7421781183316
1742,3582.7421781183316
1743,3582.7421781183316
1744,3582.7421781183316
1745,3582.7421781183316
1746,3582.7421781183316
1747,3582.7421781183316
1748,3582.7421781183316
1749,3582.7421781183316
1750,3582.7421781183316
1751,3582.7421781183316
1752,3582.7421781183316
1753,3582.7421781183316
1754,3582.7421781183316
1755,3582.7421781183316
1756,3582.7421781183316
1757,3582.7421781183316
1758,3582.7421781183316
1759,3582.7421781183316
1760,3582.7421781183316
1761,3582.7421781183316
1762,3582.7421781183316
1763,3582.7421781183316
1764,3582.7421781183316
1765,3582.7421781183316
1766,3582.7421781183316
1767,3582.7421781183316
1768,3582.7421781183316
1769,3582.7421781183316
1770,3582.7421781183316
1771,3582.7421781183316
1772,3582.7421781183316
1773,3582.7421781183316
1774,3582.7421781183316
1775,3582.7421781183316
1776,3582.7421781183316
1777,3582.7421781183316
1778,3582.7421781183316
1779,3582.7421781183316
1780,3582.7421781183316
1781,3582.7421781183316
1782,3582.7421781183316
1783,3582.7421781183316
1784,3582.7421781183316
1785,3582.7421781183316
1786,3582.7421781183316
1787,3582.7421781183316
1788,3582.7421781183316
1789,3582.7421781183316
1790,3582.7421781183316
1791,3582.7421781183316
1792,3582.7421781183316
1793,3582.7421781183316
1794,3582.7421781183316
1795,3582.7421781183316
1796,3582.7421781183316
1797,3582.7421781183316
1798,3582.7421781183316
1799,3582.7421781183316
1800,3582.7421781183316
1801,3582.7421781183316
1802,3582.7421781183316
1803,3582.7421781183316
1804,3582.7421781183316
1805,3582.7421781183316
1806,3582.7421781183316
1807,3582.7421781183316
1808,3582.7421781183316
1809,3582.7421781183316
1810,3582.7421781183316
1811,3582.7421781183316
1812,3582.7421781183316
1813,3582.7421781183316
1814,3582.7421781183316
1815,3582.7421781183316
1816,3582.7421781183316
1817,3582.7421781183316
1818,3582.7421781183316
1819,3582.7421781183316
1820,3582.7421781183316
1821,3582.7421781183316
1822,3582.7421781183316
1823,3582.7421781183316
1824,3582.7421781183316
1825,3582.7421781183316
1826,3582.7421781183316
1827,3582.7421781183316
1828,3582.7421781183316
1829,3582.7421781183316
1830,3582.7421781183316
1831,3582.7421781183316
1832,3582.7421781183316
1833,3582.7421781183316
1834,3582.7421781183316
1835,3582.7421781183316
1836,3582.7421781183316
1837,3582.7421781183316
1838,3582.7421781183316
1839,3582.7421781183316
1840,3582.7421781183316
1841,3582.7421781183316
1842,3582.7421781183316
1843,3582.7421781183316
1844,3582.7421781183316
1845,3582.7421781183316
1846,3582.7421781183316
1847,3582.7421781183316
1848,3582.7421781183316
1849,3582.7421781183316
1850,3582.7421781183316
1851,3582.7421781183316
1852,3582.7421781183316
1853,3582.7421781183316
1854,3582.7421781183316
1855,3582.7421781183316
1856,3582.7421781183316
1857,3582.7421781183316
1858,3582.7421781183316
1859,3582.7421781183316
1860,3582.7421781183316
1861,3582.7421781183316
1862,3582.7421781183316
1863,3582.7421781183316
1864,3582.7421781183316
1865,3582.7421781183316
1866,3582.7421781183316
1867,3582.7421781183316
1868,3582.7421781183316
1869,3582.7421781183316
1870,3561.686877838504
1871,3561.686877838504
1872,3517.536104648524
1873,3517.536104648524
1874,3517.536104648524
1875,3517.536104648524
1876,3517.536104648524
1877,3517.536104648524
1878,3517.536104648524
1879,3517.536104648524
1880,3517.536104648524
1881,3503.0455931696492
1882,3503.0455931696492
1883,3503.0455931696492
1884,3503.0455931696492
1885,3503.0455931696492
1886,3503.0455931696492
1887,3503.0455931696492
1888,3503.0455931696492
1889,3503.0455931696492
1890,3503.0455931696492
1891,3503.0455931696492
1892,3503.0455931696492
1893,3503.0455931696492
1894,3503.0455931696492
1895,3503.0455931696492
1896,3503.0455931696492
1897,3503.0455931696492
1898,3503.0455931696492
1899,3503.0455931696492
1900,3503.0455931696492
1901,3503.0455931696492
1902,3503.0455931696492
1903,3503.0455931696492
1904,3503.0455931696492
1905,3503.0455931696492
1906,3503.0455931696492
1907,3503.0455931696492
1908,3503.0455931696492
1909,3503.0455931696492
1910,3503.0455931696492
1911,3503.0455931696492
1912,3503.0455931696492
1913,3503.0455931696492
1914,3503.0455931696492
1915,3503.0455931696492
1916,3503.0455931696492
1917,3503.0455931696492
1918,3503.0455931696492
1919,3503.0455931696492
1920,3503.0455931696492
1921,3503.0455931696492
1922,3503.0455931696492
1923,3503.0455931696492
1924,3503.0455931696492
1925,3503.0455931696492
1926,3503.0455931696492
1927,3503.0455931696492
1928,3503.0455931696492
1929,3503.0455931696492
1930,3503.0455931696492
1931,3503.0455931696492
1932,3503.0455931696492
1933,3503.0455931696492
1934,3503.0455931696492
1935,3503.0455931696492
1936,3503.0455931696492
1937,3503.0455931696492
1938,3503.0455931696492
1939,3503.0455931696492
1940,3503.0455931696492
1941,3503.0455931696492
1942,3503.0455931696492
1943,3503.0455931696492
1944,3503.0455931696492
1945,3503.0455931696492
1946,3503.0455931696492
1947,3503.0455931696492
1948,3503.0455931696492
1949,3503.0455931696492
1950,3503.0455931696492
1951,3503.0455931696492
1952,3503.0455931696492
1953,3503.0455931696492
1954,3503.0455931696492
1955,3503.0455931696492
1956,3503.0455931696492
1957,3503.0455931696492
1958,3503.0455931696492
1959,3503.0455931696492
1960,3503.0455931696492
1961,3503.0455931696492
1962,3503.0455931696492
1963,3503.0455931696492
1964,3503.0455931696492
1965,3503.0455931696492
1966,3503.0455931696492
1967,3503.0455931696492
1968,3503.0455931696492
1969,3503.0455931696492
1970,3503.0455931696492
1971,3503.0455931696492
1972,3503.0455931696492
1973,3503.0455931696492
1974,3503.0455931696492
1975,3503.0455931696492
1976,3503.0455931696492
1977,3503.0455931696492
1978,3503.0455931696492
1979,3503.0455931696492
1980,3503.0455931696492
1981,3503.0455931696492
1982,3503.0455931696492
1983,3503.0455931696492
1984,3503.0455931696492
1985,3503.0455931696492
1986,3503.0455931696492
1987,3503.0455931696492
1988,3503.0455931696492
1989,3503.0455931696492
1990,3503.0455931696492
1991,3503.0455931696492
1992,3503.0455931696492
1993,3503.0455931696492
1994,3503.0455931696492
1995,3503.0455931696492
1996,3503.0455931696492
1997,3503.0455931696492
1998,3503.0455931696492
1999,3503.0455931696492
2000,3503.0455931696492
2001,3503.0455931696492
2002,3503.0455931696492
2003,3503.0455931696492
2004,3503.0455931696492
2005,3503.0455931696492
2006,3503.0455931696492
2007,3503.0455931696492
2008,3503.0455931696492
2009,3503.0455931696492
2010,3503.0455931696492
2011,3503.0455931696492
2012,3503.0455931696492
2013,3503.0455931696492
2014,3503.0455931696492
2015,3503.0455931696492
2016,3503.0455931696492
2017,3503.0455931696492
2018,3503.0455931696492
2019,3503.0455931696492
2020,3503.0455931696492
2021,3503.0455931696492
2022,3503.0455931696492
2023,3503.0455931696492
2024,3503.0455931696492
2025,3503.0455931696492
2026,3503.0455931696492
2027,3503.0455931696492
2028,3503.0455931696492
2029,3503.0455931696492
2030,3503.0455931696492
2031,3503.0455931696492
2032,3503.0455931696492
2033,3503.0455931696492
2034,3503.0455931696492
2035,3503.0455931696492
2036,3503.0455931696492
2037,3503.0455931696492
2038,3503.0455931696492
2039,3503.0455931696492
2040,3503.0455931696492
2041,3503.0455931696492
2042,3503.0455931696492
2043,3503.0455931696492
2044,3503.0455931696492
2045,3503.0455931696492
2046,3503.0455931696492
2047,3503.0455931696492
2048,3503.0455931696492
2049,3503.0455931696492
2050,3503.0455931696492
2051,3503.0455931696492
2052,3503.0455931696492
2053,3503.0455931696492
2054,3503.0455931696492
2055,3503.0455931696492
2056,3503.0455931696492
2057,3503.0455931696492
2058,3503.0455931696492
2059,3503.0455931696492
2060,3503.0455931696492
2061,3503.0455931696492
2062,3503.0455931696492
2063,3503.0455931696492
2064,3503.0455931696492
2065,3503.0455931696492
2066,3503.0455931696492
2067,3503.0455931696492
2068,3503.0455931696492
2069,3503.0455931696492
2070,3503.0455931696492
2071,3503.0455931696492
2072,3503.0455931696492
2073,3503.0455931696492
2074,3503.0455931696492
2075,3503.0455931696492
2076,3503.0455931696492
2077,3503.0455931696492
2078,3503.0455931696492
2079,3503.0455931696492
2080,3503.0455931696492
2081,3503.0455931696492
2082,3503.0455931696492
2083,3503.0455931696492
2084,3503.0455931696492
2085,3503.0455931696492
2086,3503.0455931696492
2087,3503.0455931696492
2088,3503.0455931696492
2089,3503.0455931696492
2090,3503.0455931696492
2091,3503.0455931696492
2092,3503.0455931696492
2093,3503.0455931696492
2094,3503.0455931696492
2095,3503.0455931696492
2096,3503.0455931696492
2097,3503.0455931696492
2098,3503.0455931696492
2099,3503.0455931696492
2100,3503.0455931696492
2101,3503.0455931696492
2102,3503.0455931696492
2103,3503.0455931696492
2104,3503.0455931696492
2105,3503.0455931696492
2106,3503.0455931696492
2107,3503.0455931696492
2108,3503.0455931696492
2109,3503.0455931696492
2110,3503.0455931696492
2111,3503.0455931696492
2112,3503.0455931696492
2113,3503.0455931696492
2114,3503.0455931696492
2115,3503.0455931696492
2116,3503.0455931696492
2117,3503.0455931696492
2118,3503.0455931696492
2119,3503.0455931696492
2120,3503.0455931696492
2121,3503.0455931696492
2122,3503.0455931696492
2123,3503.0455931696492
2124,3503.0455931696492
2125,3503.0455931696492
2126,3503.0455931696492
2127,3503.0455931696492
2128,3503.0455931696492
2129,3503.0455931696492
2130,3503.0455931696492
2131,3503.0455931696492
2132,3503.0455931696492
2133,3503.0455931696492
2134,3503.0455931696492
2135,3503.0455931696492
2136,3503.0455931696492
2137,3503.0455931696492
2138,3503.0455931696492
2139,3503.0455931696492
2140,3503.0455931696492
2141,3503.0455931696492
2142,3503.0455931696492
2143,3503.0455931696492
2144,3503.0455931696492
2145,3503.0455931696492
2146,3503.0455931696492
2147,3503.0455931696492
2148,3503.0455931696492
2149,3503.0455931696492
2150,3503.0455931696492
2151,3503.0455931696492
2152,3503.0455931696492
2153,3503.0455931696492
2154,3503.0455931696492
2155,3503.0455931696492
2156,3503.0455931696492
2157,3503.0455931696492
2158,3503.0455931696492
2159,3503.0455931696492
2160,3503.0455931696492
2161,3503.0455931696492
2162,3503.0455931696492
2163,3503.0455931696492
2164,3503.0455931696492
2165,3503.0455931696492
2166,3503.0455931696492
2167,3503.0455931696492
2168,3503.0455931696492
2169,3503.0455931696492
2170,3503.0455931696492
2171,3503.0455931696492
2172,3503.0455931696492
2173,3503.0455931696492
2174,3503.0455931696492
2175,3503.0455931696492
2176,3503.0455931696492
2177,3503.0455931696492
2178,3503.0455931696492
2179,3503.0455931696492
2180,3503.0455931696492
2181,3503.0455931696492
2182,3503.0455931696492
2183,3503.0455931696492
2184,3503.0455931696492
2185,3503.0455931696492
2186,3503.0455931696492
2187,3503.0455931696492
2188,3503.0455931696492
2189,3503.0455931696492
2190,3503.0455931696492
2191,3503.0455931696492
2192,3503.0455931696492
2193,3503.0455931696492
2194,3503.0455931696492
2195,3503.0455931696492
2196,3503.0455931696492
2197,3503.0455931696492
2198,3503.0455931696492
2199,3503.0455931696492
2200,3497.045242219988
2201,3497.045242219988
2202,3497.045242219988
2203,3497.045242219988
2204,3497.045242219988
2205,3492.044146804227
2206,3492.044146804227
2207,3492.044146804227
2208,3492.044146804227
2209,3492.044146804227
2210,3492.044146804227
2211,3480.322414979253
2212,3480.322414979253
2213,3480.322414979253
2214,3480.322414979253
2215,3480.322414979253
2216,3480.322414979253
2217,3480.322414979253
2218,3480.322414979253
2219,3480.322414979253
2220,3480.322414979253
2221,3480.322414979253
2222,3480.322414979253
2223,3480.322414979253
2224,3480.322414979253
2225,3480.322414979253
2226,3480.322414979253
2227,3480.322414979253
2228,3480.322414979253
2229,3476.3863947778023
2230,3476.3863947778023
2231,3476.3863947778023
2232,3476.3863947778023
2233,3476.3863947778023
2234,3454.6836707272178
2235,3454.6836707272178
2236,3454.6836707272178
2237,3454.6836707272178
2238,3454.6836707272178
2239,3454.6836707272178
2240,3454.6836707272178
2241,3454.6836707272178
2242,3454.6836707272178
2243,3454.6836707272178
2244,3454.6836707272178
2245,3454.6836707272178
2246,3436.9554115434403
2247,3436.9554115434403
2248,3436.9554115434403
2249,3436.9554115434403
2250,3436.9554115434403
2251,3436.9554115434403
2252,3436.9554115434403
2253,3436.9554115434403
2254,3436.9554115434403
2255,3436.9554115434403
2256,3416.484900169009
2257,3416.484900169009
2258,3416.484900169009
2259,3397.398437150864
2260,3397.398437150864
2261,3397.398437150864
2262,3397.398437150864
2263,3397.398437150864
2264,3397.398437150864
2265,3397.398437150864
2266,3397.398437150864
2267,3397.398437150864
2268,3397.398437150864
2269,3397.398437150864
2270,3397.398437150864
2271,3397.398437150864
2272,3397.398437150864
2273,3397.398437150864
2274,3397.398437150864
2275,3397.398437150864
2276,3397.398437150864
2277,3397.398437150864
2278,3397.398437150864
2279,3384.983530145617
2280,3384.983530145617
2281,3384.983530145617
2282,3384.983530145617
2283,3384.983530145617
2284,3384.983530145617
2285,3384.983530145617
2286,3384.983530145617
2287,3384.983530145617
2288,3383.697243904923
2289,3383.697243904923
2290,3383.697243904923
2291,3383.697243904923
2292,3383.697243904923
2293,3383.697243904923
2294,3383.697243904923
2295,3383.697243904923
2296,3383.697243904923
2297,3383.697243904923
2298,3383.697243904923
2299,3383.697243904923
2300,3383.697243904923
2301,3383.697243904923
2302,3383.697243904923
2303,3383.697243904923
2304,3366.4851127816555
2305,3366.4851127816555
2306,3366.4851127816555
2307,3366.4851127816555
2308,3366.4851127816555
2309,3366.4851127816555
2310,3366.4851127816555
2311,3366.4851127816555
2312,3366.4851127816555
2313,3366.4851127816555
2314,3366.4851127816555
2315,3366.4851127816555
2316,3366.4851127816555
2317,3366.4851127816555
2318,3366.4851127816555
2319,3366.4851127816555
2320,3366.4851127816555
2321,3366.4851127816555
2322,3366.4851127816555
2323,3366.4851127816555
2324,3366.4851127816555
2325,3366.4851127816555
2326,3366.4851127816555
2327,3366.4851127816555
2328,3366.4851127816555
2329,3366.4851127816555
2330,3366.4851127816555
2331,3366.4851127816555
2332,3366.4851127816555
2333,3366.4851127816555
2334,3366.4851127816555
2335,3366.4851127816555
2336,3366.4851127816555
2337,3366.4851127816555
2338,3366.4851127816555
2339,3366.4851127816555
2340,3366.4851127816555
2341,3366.4851127816555
2342,3366.4851127816555
2343,3366.4851127816555
2344,3366.4851127816555
2345,3366.4851127816555
2346,3366.4851127816555
2347,3366.4851127816555
2348,3366.4851127816555
2349,3366.4851127816555
2350,3366.4851127816555
2351,3366.4851127816555
2352,3366.4851127816555
2353,3366.4851127816555
2354,3366.4851127816555
2355,3366.4851127816555
2356,3366.4851127816555
2357,3366.4851127816555
2358,3366.4851127816555
2359,3366.4851127816555
2360,3366.4851127816555
2361,3366.4851127816555
2362,3366.4851127816555
2363,3366.4851127816555
2364,3366.4851127816555
2365,3366.4851127816555
2366,3366.4851127816555
2367,3366.4851127816555
2368,3366.4851127816555
2369,3366.4851127816555
2370,3366.4851127816555
2371,3366.4851127816555
2372,3366.4851127816555
2373,3366.4851127816555
2374,3366.4851127816555
2375,3366.4851127816555
2376,3366.4851127816555
2377,3366.4851127816555
2378,3366.4851127816555
2379,3366.4851127816555
2380,3366.4851127816555
2381,3366.4851127816555
2382,3366.4851127816555
2383,3366.4851127816555
2384,3366.4851127816555
2385,3366.4851127816555
2386,3366.4851127816555
2387,3366.4851127816555
2388,3366.4851127816555
2389,3366.4851127816555
2390,3366.4851127816555
2391,3366.4851127816555
2392,3366.4851127816555
2393,3366.4851127816555
2394,3366.4851127816555
2395,3366.4851127816555
2396,3366.4851127816555
2397,3366.4851127816555
2398,3366.4851127816555
2399,3366.4851127816555
2400,3366.4851127816555
2401,3366.4851127816555
2402,3366.4851127816555
2403,3366.4851127816555
2404,3366.4851127816555
2405,3366.4851127816555
2406,3366.4851127816555
2407,3366.4851127816555
2408,3366.4851127816555
2409,3366.4851127816555
2410,3366.4851127816555
2411,3366.4851127816555
2412,3366.4851127816555
2413,3366.4851127816555
2414,3366.4851127816555
2415,3366.4851127816555
2416,3366.4851127816555
2417,3366.4851127816555
2418,3366.4851127816555
2419,3366.4851127816555
2420,3366.4851127816555
2421,3366.4851127816555
2422,3366.4851127816555
2423,3366.4851127816555
2424,3366.4851127816555
2425,3360.4039125930194
2426,3360.4039125930194
2427,3360.4039125930194
2428,3360.4039125930194
2429,3360.4039125930194
2430,3360.4039125930194
2431,3343.3073033237474
2432,3343.3073033237474
2433,3343.3073033237474
2434,3343.3073033237474
2435,3343.3073033237474
2436,3343.3073033237474
2437,3343.3073033237474
2438,3343.3073033237474
2439,3343.3073033237474
2440,3343.3073033237474
2441,3343.3073033237474
2442,3343.3073033237474
2443,3343.3073033237474
2444,3343.3073033237474
2445,3343.3073033237474
2446,3343.3073033237474
2447,3343.3073033237474
2448,3343.3073033237474
2449,3343.3073033237474
2450,3343.3073033237474
2451,3343.3073033237474
2452,3343.3073033237474
2453,3313.357471624691
2454,3313.357471624691
2455,3313.357471624691
2456,3313.357471624691
2457,3295.085596407448
2458,3295.085596407448
2459,3295.085596407448
2460,3295.085596407448
2461,3295.085596407448
2462,3295.085596407448
2463,3295.085596407448
2464,3295.085596407448
2465,3295.085596407448
2466,3295.085596407448
2467,3295.085596407448
2468,3295.085596407448
2469,3295.085596407448
2470,3268.8028242570936
2471,3268.8028242570936
2472,3268.8028242570936
2473,3268.8028242570936
2474,3268.8028242570936
2475,3268.8028242570936
2476,3268.8028242570936
2477,3268.8028242570936
2478,3268.8028242570936
2479,3268.8028242570936
2480,3268.8028242570936
2481,3268.8028242570936
2482,3268.8028242570936
2483,3268.8028242570936
2484,3268.8028242570936
2485,3268.8028242570936
2486,3268.8028242570936
2487,3268.8028242570936
2488,3268.8028242570936
2489,3268.8028242570936
2490,3268.8028242570936
2491,3243.3469628912235
2492,3243.3469628912235
2493,3243.3469628912235
2494,3238.2028856312063
2495,3238.2028856312063
2496,3238.2028856312063
2497,3238.2028856312063
2498,3238.2028856312063
2499,3238.2028856312063
2500,3238.2028856312063
2501,3238.2028856312063
2502,3238.2028856312063
2503,3238.2028856312063
2504,3238.2028856312063
2505,3238.2028856312063
2506,3238.2028856312063
2507,3238.2028856312063
2508,3238.2028856312063
2509,3238.2028856312063
2510,3238.2028856312063
2511,3238.2028856312063
2512,3238.2028856312063
2513,3238.2028856312063
2514,3238.2028856312063
2515,3238.2028856312063
2516,3238.2028856312063
2517,3238.2028856312063
2518,3238.2028856312063
2519,3238.2028856312063
2520,3238.2028856312063
2521,3238.2028856312063
2522,3238.2028856312063
2523,3238.2028856312063
2524,3238.2028856312063
2525,3238.2028856312063
2526,3238.2028856312063
2527,3238.2028856312063
2528,3238.2028856312063
2529,3238.2028856312063
2530,3238.2028856312063
2531,3238.2028856312063
2532,3238.2028856312063
2533,3238.2028856312063
2534,3238.2028856312063
2535,3238.2028856312063
2536,3238.2028856312063
2537,3238.2028856312063
2538,3238.2028856312063
2539,3238.2028856312063
2540,3238.2028856312063
2541,3238.2028856312063
2542,3238.2028856312063
2543,3238.2028856312063
2544,3238.2028856312063
2545,3238.2028856312063
2546,3238.2028856312063
2547,3238.2028856312063
2548,3238.2028856312063
2549,3238.2028856312063
2550,3238.2028856312063
2551,3238.2028856312063
2552,3238.2028856312063
2553,3238.2028856312063
2554,3238.2028856312063
2555,3238.2028856312063
2556,3238.2028856312063
2557,3238.2028856312063
2558,3238.2028856312063
2559,3238.2028856312063
2560,3238.2028856312063
2561,3238.2028856312063
2562,3238.2028856312063
2563,3238.2028856312063
2564,3238.2028856312063
2565,3238.2028856312063
2566,3238.2028856312063
2567,3238.2028856312063
2568,3238.2028856312063
2569,3238.2028856312063
2570,3238.2028856312063
2571,3238.2028856312063
2572,3238.2028856312063
2573,3238.2028856312063
2574,3238.2028856312063
2575,3238.2028856312063
2576,3238.2028856312063
2577,3238.2028856312063
2578,3238.2028856312063
2579,3238.2028856312063
2580,3238.2028856312063
2581,3238.2028856312063
2582,3238.2028856312063
2583,3238.2028856312063
2584,3238.2028856312063
2585,3238.2028856312063
2586,3238.2028856312063
2587,3238.2028856312063
2588,3238.2028856312063
2589,3238.2028856312063
2590,3238.2028856312063
2591,3238.2028856312063
2592,3238.2028856312063
2593,3238.2028856312063
2594,3238.2028856312063
2595,3238.2028856312063
2596,3238.2028856312063
2597,3238.2028856312063
2598,3238.2028856312063
2599,3238.2028856312063
2600,3238.2028856312063
2601,3238.2028856312063
2602,3238.2028856312063
2603,3238.2028856312063
2604,3238.2028856312063
2605,3238.2028856312063
2606,3238.2028856312063
2607,3238.2028856312063
2608,3238.2028856312063
2609,3238.2028856312063
2610,3238.2028856312063
2611,3238.2028856312063
2612,3238.2028856312063
2613,3238.2028856312063
2614,3238.2028856312063
2615,3238.2028856312063
2616,3238.2028856312063
2617,3238.2028856312063
2618,3238.2028856312063
2619,3238.2028856312063
2620,3238.2028856312063
2621,3238.2028856312063
2622,3238.2028856312063
2623,3238.2028856312063
2624,3238.2028856312063
2625,3238.2028856312063
2626,3238.2028856312063
2627,3238.2028856312063
2628,3238.2028856312063
2629,3238.2028856312063
2630,3238.2028856312063
2631,3238.2028856312063
2632,3238.2028856312063
2633,3238.2028856312063
2634,3238.2028856312063
2635,3238.2028856312063
2636,3224.7531094992364
2637,3224.7531094992364
2638,3224.7531094992364
2639,3224.7531094992364
2640,3224.7531094992364
2641,3224.7531094992364
2642,3224.7531094992364
2643,3224.7531094992364
2644,3224.7531094992364
2645,3224.7531094992364
2646,3224.7531094992364
2647,3224.7531094992364
2648,3224.7531094992364
2649,3224.7531094992364
2650,3224.7531094992364
2651,3224.7531094992364
2652,3224.7531094992364
2653,3224.7531094992364
2654,3224.7531094992364
2655,3224.7531094992364
2656,3224.7531094992364
2657,3224.7531094992364
2658,3224.7531094992364
2659,3224.7531094992364
2660,3224.7531094992364
2661,3224.7531094992364
2662,3224.7531094992364
2663,3224.7531094992364
2664,3224.7531094992364
2665,3209.0220138464883
2666,3209.0220138464883
2667,3209.0220138464883
2668,3209.0220138464883
2669,3209.0220138464883
2670,3209.0220138464883
2671,3209.0220138464883
2672,3209.0220138464883
2673,3209.0220138464883
2674,3209.0220138464883
2675,3209.0220138464883
2676,3209.0220138464883
2677,3209.0220138464883
2678,3209.0220138464883
2679,3209.0220138464883
2680,3209.0220138464883
2681,3209.0220138464883
2682,3209.0220138464883
2683,3209.0220138464883
2684,3209.0220138464883
2685,3209.0220138464883
2686,3209.0220138464883
2687,3209.0220138464883
2688,3209.0220138464883
2689,3209.0220138464883
2690,3209.0220138464883
2691,3196.9794040597917
2692,3196.9794040597917
2693,3196.9794040597917
2694,3196.9794040597917
2695,3196.9794040597917
2696,3196.9794040597917
2697,3196.9794040597917
2698,3196.9794040597917
2699,3196.9794040597917
2700,3196.9794040597917
2701,3196.9794040597917
2702,3196.9794040597917
2703,3196.9794040597917
2704,3196.9794040597917
2705,3196.9794040597917
2706,3196.9794040597917
2707,3196.9794040597917
2708,3196.9794040597917
2709,3196.9794040597917
2710,3196.9794040597917
2711,3196.9794040597917
2712,3196.9794040597917
2713,3196.9794040597917
2714,3196.9794040597917
2715,3196.9794040597917
2716,3196.9794040597917
2717,3196.9794040597917
2718,3196.9794040597917
2719,3196.9794040597917
2720,3196.9794040597917
2721,3196.9794040597917
2722,3196.9794040597917
2723,3196.9794040597917
2724,3196.9794040597917
2725,3196.9794040597917
2726,3196.9794040597917
2727,3154.3744224727147
2728,3154.3744224727147
2729,3154.3744224727147
2730,3154.3744224727147
2731,3154.3744224727147
2732,3154.3744224727147
2733,3154.3744224727147
2734,3154.3744224727147
2735,3154.3744224727147
2736,3154.3744224727147
2737,3154.3744224727147
2738,3154.3744224727147
2739,3154.3744224727147
2740,3154.3744224727147
2741,3154.3744224727147
2742,3154.3744224727147
2743,3154.3744224727147
2744,3154.3744224727147
2745,3154.3744224727147
2746,3154.3744224727147
2747,3154.3744224727147
2748,3154.3744224727147
2749,3154.3744224727147
2750,3154.3744224727147
2751,3154.3744224727147
2752,3154.3744224727147
2753,3154.3744224727147
2754,3154.3744224727147
2755,3154.3744224727147
2756,3154.3744224727147
2757,3154.3744224727147
2758,3154.3744224727147
2759,3154.3744224727147
2760,3154.3744224727147
2761,3154.3744224727147
2762,3154.3744224727147
2763,3154.3744224727147
2764,3154.3744224727147
2765,3154.3744224727147
2766,3154.3744224727147
2767,3154.3744224727147
2768,3154.3744224727147
2769,3154.3744224727147
2770,3154.3744224727147
2771,3154.3744224727147
2772,3154.3744224727147
2773,3154.3744224727147
2774,3154.3744224727147
2775,3154.3744224727147
2776,3154.3744224727147
2777,3154.3744224727147
2778,3154.3744224727147
2779,3154.3744224727147
2780,3154.3744224727147
2781,3154.3744224727147
2782,3154.3744224727147
2783,3154.3744224727147
2784,3154.3744224727147
2785,3154.3744224727147
2786,3154.3744224727147
2787,3154.3744224727147
2788,3154.3744224727147
2789,3154.3744224727147
2790,3154.3744224727147
2791,3154.3744224727147
2792,3154.3744224727147
2793,3154.3744224727147
2794,3154.3744224727147
2795,3154.3744224727147
2796,3154.3744224727147
2797,3154.3744224727147
2798,3154.3744224727147
2799,3154.3744224727147
2800,3154.3744224727147
2801,3154.3744224727147
2802,3154.3744224727147
2803,3154.3744224727147
2804,3154.3744224727147
2805,3154.3744224727147
2806,3154.3744224727147
2807,3154.3744224727147
2808,3154.3744224727147
2809,3154.3744224727147
2810,3154.3744224727147
2811,3154.3744224727147
2812,3154.3744224727147
2813,3154.3744224727147
2814,3154.3744224727147
2815,3154.3744224727147
2816,3154.3744224727147
2817,3154.3744224727147
2818,3154.3744224727147
2819,3154.3744224727147
2820,3154.3744224727147
2821,3154.3744224727147
2822,3154.3744224727147
2823,3154.3744224727147
2824,3154.3744224727147
2825,3154.3744224727147
2826,3154.3744224727147
2827,3154.3744224727147
2828,3154.3744224727147
2829,3154.3744224727147
2830,3154.3744224727147
2831,3154.3744224727147
2832,3154.3744224727147
2833,3154.3744224727147
2834,3154.3744224727147
2835,3154.3744224727147
2836,3154.3744224727147
2837,3154.3744224727147
2838,3154.3744224727147
2839,3154.3744224727147
2840,3154.3744224727147
2841,3154.3744224727147
2842,3154.3744224727147
2843,3154.3744224727147
2844,3154.3744224727147
2845,3154.3744224727147
2846,3154.3744224727147
2847,3154.3744224727147
2848,3154.3744224727147
2849,3154.3744224727147
2850,3154.3744224727147
2851,3154.3744224727147
2852,3154.3744224727147
2853,3154.3744224727147
2854,3154.3744224727147
2855,3154.3744224727147
2856,3154.3744224727147
2857,3154.3744224727147
2858,3154.3744224727147
2859,3154.3744224727147
2860,3154.3744224727147
2861,3154.3744224727147
2862,3154.3744224727147
2863,3154.3744224727147
2864,3154.3744224727147
2865,3154.3744224727147
2866,3154.3744224727147
2867,3154.3744224727147
2868,3154.3744224727147
2869,3154.3744224727147
2870,3154.3744224727147
2871,3154.3744224727147
2872,3154.3744224727147
2873,3154.3744224727147
2874,3154.3744224727147
2875,3154.3744224727147
2876,3154.3744224727147
2877,3154.3744224727147
2878,3154.3744224727147
2879,3154.3744224727147
2880,3154.3744224727147
2881,3154.3744224727147
2882,3154.3744224727147
2883,3154.3744224727147
2884,3154.3744224727147
2885,3154.3744224727147
2886,3154.3744224727147
2887,3154.3744224727147
2888,3154.3744224727147
2889,3154.3744224727147
2890,3154.3744224727147
2891,3154.3744224727147
2892,3154.3744224727147
2893,3154.3744224727147
2894,3154.3744224727147
2895,3154.3744224727147
2896,3154.3744224727147
2897,3154.3744224727147
2898,3154.3744224727147
2899,3154.3744224727147
2900,3154.3744224727147
2901,3154.3744224727147
2902,3154.3744224727147
2903,3154.3744224727147
2904,3154.3744224727147
2905,3154.3744224727147
2906,3154.3744224727147
2907,3154.3744224727147
2908,3154.3744224727147
2909,3154.3744224727147
2910,3154.3744224727147
2911,3154.3744224727147
2912,3154.3744224727147
2913,3154.3744224727147
2914,3154.3744224727147
2915,3154.3744224727147
2916,3154.3744224727147
2917,3154.3744224727147
2918,3154.3744224727147
2919,3154.3744224727147
2920,3154.3744224727147
2921,3154.3744224727147
2922,3154.3744224727147
2923,3154.3744224727147
2924,3154.3744224727147
2925,3154.3744224727147
2926,3154.3744224727147
2927,3154.3744224727147
2928,3154.3744224727147
2929,3154.3744224727147
2930,3154.3744224727147
2931,3154.3744224727147
2932,3154.3744224727147
2933,3154.3744224727147
2934,3154.3744224727147
2935,3154.3744224727147
2936,3154.3744224727147
2937,3154.3744224727147
2938,3154.3744224727147
2939,3154.3744224727147
2940,3154.3744224727147
2941,3154.3744224727147
2942,3154.3744224727147
2943,3154.3744224727147
2944,3154.3744224727147
2945,3154.3744224727147
2946,3154.3744224727147
2947,3154.3744224727147
2948,3154.3744224727147
2949,3154.3744224727147
2950,3154.3744224727147
2951,3154.3744224727147
2952,3154.3744224727147
2953,3154.3744224727147
2954,3154.3744224727147
2955,3154.3744224727147
2956,3154.3744224727147
2957,3154.3744224727147
2958,3154.3744224727147
2959,3154.3744224727147
2960,3154.3744224727147
2961,3154.3744224727147
2962,3154.3744224727147
2963,3154.3744224727147
2964,3154.3744224727147
2965,3154.3744224727147
2966,3154.3744224727147
2967,3154.3744224727147
2968,3154.3744224727147
2969,3154.3744224727147
2970,3154.3744224727147
2971,3154.3744224727147
2972,3154.3744224727147
2973,3154.3744224727147
2974,3154.3744224727147
2975,3154.3744224727147
2976,3154.3744224727147
2977,3154.3744224727147
2978,3154.3744224727147
2979,3154.3744224727147
2980,3154.3744224727147
2981,3154.3744224727147
2982,3154.3744224727147
2983,3154.3744224727147
2984,3154.3744224727147
2985,3154.3744224727147
2986,3154.3744224727147
2987,3154.3744224727147
2988,3154.3744224727147
2989,3154.3744224727147
2990,3154.3744224727147
2991,3154.3744224727147
2992,3154.3744224727147
2993,3154.3744224727147
2994,3154.3744224727147
2995,3154.3744224727147
2996,3154.3744224727147
2997,3154.3744224727147
2998,3154.3744224727147
2999,3154.3744224727147
3000,3154.3744224727147
3001,3154.3744224727147
3002,3154.3744224727147
3003,3154.3744224727147
3004,3154.3744224727147
3005,3154.3744224727147
3006,3154.3744224727147
3007,3154.3744224727147
3008,3154.3744224727147
3009,3154.3744224727147
3010,3154.3744224727147
3011,3154.3744224727147
3012,3154.3744224727147
3013,3154.3744224727147
3014,3154.3744224727147
3015,3154.3744224727147
3016,3154.3744224727147
3017,3154.3744224727147
3018,3154.3744224727147
3019,3154.3744224727147
3020,3154.3744224727147
3021,3154.3744224727147
3022,3154.3744224727147
3023,3154.3744224727147
3024,3154.3744224727147
3025,3154.3744224727147
3026,3154.3744224727147
3027,3154.3744224727147
3028,3154.3744224727147
3029,3154.3744224727147
3030,3154.3744224727147
3031,3154.3744224727147
3032,3154.3744224727147
3033,3154.3744224727147
3034,3154.3744224727147
3035,3154.3744224727147
3036,3154.3744224727147
3037,3154.3744224727147
3038,3154.3744224727147
3039,3154.3744224727147
3040,3154.3744224727147
3041,3154.3744224727147
3042,3154.3744224727147
3043,3154.3744224727147
3044,3154.3744224727147
3045,3154.3744224727147
3046,3154.3744224727147
3047,3154.3744224727147
3048,3154.3744224727147
3049,3154.3744224727147
3050,3154.3744224727147
3051,3154.3744224727147
3052,3154.3744224727147
3053,3154.3744224727147
3054,3154.3744224727147
3055,3154.3744224727147
3056,3154.3744224727147
3057,3154.3744224727147
3058,3154.3744224727147
3059,3154.3744224727147
3060,3154.3744224727147
3061,3154.3744224727147
3062,3154.3744224727147
3063,3154.3744224727147
3064,3154.3744224727147
3065,3154.3744224727147
3066,3154.3744224727147
3067,3154.3744224727147
3068,3154.3744224727147
3069,3154.3744224727147
3070,3154.3744224727147
3071,3154.3744224727147
3072,3154.3744224727147
3073,3154.3744224727147
3074,3154.3744224727147
3075,3154.3744224727147
3076,3154.3744224727147
3077,3154.3744224727147
3078,3154.3744224727147
3079,3154.3744224727147
3080,3154.3744224727147
3081,3154.3744224727147
3082,3154.3744224727147
3083,3154.3744224727147
3084,3154.3744224727147
3085,3154.3744224727147
3086,3154.3744224727147
3087,3154.3744224727147
3088,3154.3744224727147
3089,3154.3744224727147
3090,3154.3744224727147
3091,3154.3744224727147
3092,3154.3744224727147
3093,3154.3744224727147
3094,3154.3744224727147
3095,3154.3744224727147
3096,3154.3744224727147
3097,3154.3744224727147
3098,3154.3744224727147
3099,3154.3744224727147
3100,3154.3744224727147
3101,3154.3744224727147
3102,3154.3744224727147
3103,3154.3744224727147
3104,3154.3744224727147
3105,3154.3744224727147
3106,3154.3744224727147
3107,3154.3744224727147
3108,3154.3744224727147
3109,3154.3744224727147
3110,3154.3744224727147
3111,3154.3744224727147
3112,3154.3744224727147
3113,3154.3744224727147
3114,3154.3744224727147
3115,3154.3744224727147
3116,3154.3744224727147
3117,3154.3744224727147
3118,3154.3744224727147
3119,3154.3744224727147
3120,3154.3744224727147
3121,3154.3744224727147
3122,3154.3744224727147
3123,3154.3744224727147
3124,3154.3744224727147
3125,3154.3744224727147
3126,3154.3744224727147
3127,3154.3744224727147
3128,3154.3744224727147
3129,3154.3744224727147
3130,3154.3744224727147
3131,3154.3744224727147
3132,3154.3744224727147
3133,3154.3744224727147
3134,3154.3744224727147
3135,3154.3744224727147
3136,3154.3744224727147
3137,3154.3744224727147
3138,3154.3744224727147
3139,3154.3744224727147
3140,3154.3744224727147
3141,3154.3744224727147
3142,3154.3744224727147
3143,3154.3744224727147
3144,3154.3744224727147
3145,3154.3744224727147
3146,3154.3744224727147
3147,3154.3744224727147
3148,3154.3744224727147
3149,3154.3744224727147
3150,3154.3744224727147
3151,3154.3744224727147
3152,3154.3744224727147
3153,3154.3744224727147
3154,3154.3744224727147
3155,3154.3744224727147
3156,3154.3744224727147
3157,3154.3744224727147
3158,3154.3744224727147
3159,3154.3744224727147
3160,3154.3744224727147
3161,3154.3744224727147
3162,3154.3744224727147
3163,3154.3744224727147
3164,3154.3744224727147
3165,3154.3744224727147
3166,3154.3744224727147
3167,3154.3744224727147
3168,3154.3744224727147
3169,3154.3744224727147
3170,3154.3744224727147
3171,3154.3744224727147
3172,3154.3744224727147
3173,3154.3744224727147
3174,3154.3744224727147
3175,3154.3744224727147
3176,3154.3744224727147
3177,3154.3744224727147
3178,3154.3744224727147
3179,3154.3744224727147
3180,3154.3744224727147
3181,3154.3744224727147
3182,3154.3744224727147
3183,3154.3744224727147
3184,3154.3744224727147
3185,3154.3744224727147
3186,3154.3744224727147
3187,3154.3744224727147
3188,3154.3744224727147
3189,3154.3744224727147
3190,3154.3744224727147
3191,3154.3744224727147
3192,3154.3744224727147
3193,3154.3744224727147
3194,3154.3744224727147
3195,3154.3744224727147
3196,3154.3744224727147
3197,3154.3744224727147
3198,3154.3744224727147
3199,3154.3744224727147
3200,3154.3744224727147
3201,3154.3744224727147
3202,3154.3744224727147
3203,3154.3744224727147
3204,3154.3744224727147
3205,3154.3744224727147
3206,3154.3744224727147
3207,3154.3744224727147
3208,3154.3744224727147
3209,3154.3744224727147
3210,3154.3744224727147
3211,3154.3744224727147
3212,3154.3744224727147
3213,3154.3744224727147
3214,3154.3744224727147
3215,3154.3744224727147
3216,3154.3744224727147
3217,3154.3744224727147
3218,3154.3744224727147
3219,3154.3744224727147
3220,3154.3744224727147
3221,3154.3744224727147
3222,3154.3744224727147
3223,3154.3744224727147
3224,3154.3744224727147
3225,3154.3744224727147
3226,3154.3744224727147
3227,3154.3744224727147
3228,3154.3744224727147
3229,3154.3744224727147
3230,3154.3744224727147
3231,3154.3744224727147
3232,3154.3744224727147
3233,3154.3744224727147
3234,3154.3744224727147
3235,3154.3744224727147
3236,3154.3744224727147
3237,3154.3744224727147
3238,3154.3744224727147
3239,3154.3744224727147
3240,3154.3744224727147
3241,3154.3744224727147
3242,3154.3744224727147
3243,3154.3744224727147
3244,3154.3744224727147
3245,3154.3744224727147
3246,3154.3744224727147
3247,3154.3744224727147
3248,3154.3744224727147
3249,3154.3744224727147
3250,3154.3744224727147
3251,3154.3744224727147
3252,3154.3744224727147
3253,3154.3744224727147
3254,3154.3744224727147
3255,3154.3744224727147
3256,3154.3744224727147
3257,3154.3744224727147
3258,3154.3744224727147
3259,3154.3744224727147
3260,3154.3744224727147
3261,3154.3744224727147
3262,3154.3744224727147
3263,3154.3744224727147
3264,3154.3744224727147
3265,3154.3744224727147
3266,3154.3744224727147
3267,3154.3744224727147
3268,3154.3744224727147
3269,3154.3744224727147
3270,3154.3744224727147
3271,3154.3744224727147
3272,3154.3744224727147
3273,3154.3744224727147
3274,3154.3744224727147
3275,3154.3744224727147
3276,3154.3744224727147
3277,3154.3744224727147
3278,3154.3744224727147
3279,3154.3744224727147
3280,3154.3744224727147
3281,3154.3744224727147
3282,3154.3744224727147
3283,3154.3744224727147
3284,3154.3744224727147
3285,3154.3744224727147
3286,3154.3744224727147
3287,3154.3744224727147
3288,3154.3744224727147
3289,3154.3744224727147
3290,3154.3744224727147
3291,3154.3744224727147
3292,3154.3744224727147
3293,3154.3744224727147
3294,3154.3744224727147
3295,3154.3744224727147
3296,3154.3744224727147
3297,3154.3744224727147
3298,3154.3744224727147
3299,3154.3744224727147
3300,3154.3744224727147
3301,3154.3744224727147
3302,3154.3744224727147
3303,3154.3744224727147
3304,3154.3744224727147
3305,3154.3744224727147
3306,3154.3744224727147
3307,3154.3744224727147
3308,3154.3744224727147
3309,3154.3744224727147
3310,3154.3744224727147
3311,3154.3744224727147
3312,3154.3744224727147
3313,3154.3744224727147
3314,3154.3744224727147
3315,3154.3744224727147
3316,3154.3744224727147
3317,3103.6129971770806
3318,3103.6129971770806
3319,3103.6129971770806
3320,3103.6129971770806
3321,3103.6129971770806
3322,3103.6129971770806
3323,3103.6129971770806
3324,3103.6129971770806
3325,3103.6129971770806
3326,3103.6129971770806
3327,3103.6129971770806
3328,3103.6129971770806
3329,3103.6129971770806
3330,3103.6129971770806
3331,3103.6129971770806
3332,3103.6129971770806
3333,3103.6129971770806
3334,3103.6129971770806
3335,3103.6129971770806
3336,3103.6129971770806
3337,3103.6129971770806
3338,3103.6129971770806
3339,3103.6129971770806
3340,3103.6129971770806
3341,3103.6129971770806
3342,3103.6129971770806
3343,3103.6129971770806
3344,3103.6129971770806
3345,3103.6129971770806
3346,3103.6129971770806
3347,3103.6129971770806
3348,3103.6129971770806
3349,3103.6129971770806
3350,3103.6129971770806
3351,3103.6129971770806
3352,3103.6129971770806
3353,3082.4442345944535
3354,3082.4442345944535
3355,3082.4442345944535
3356,3082.4442345944535
3357,3078.541254650133
3358,3078.541254650133
3359,3078.541254650133
3360,3078.541254650133
3361,3078.541254650133
3362,3078.541254650133
3363,3078.541254650133
3364,3078.541254650133
3365,3078.541254650133
3366,3078.541254650133
3367,3078.541254650133
3368,3078.541254650133
3369,3078.541254650133
3370,3078.541254650133
3371,3078.541254650133
3372,3078.541254650133
3373,3078.541254650133
3374,3078.541254650133
3375,3078.541254650133
3376,3078.541254650133
3377,3078.541254650133
3378,3078.541254650133
3379,3078.541254650133
3380,3078.541254650133
3381,3078.541254650133
3382,3078.541254650133
3383,3078.541254650133
3384,3078.541254650133
3385,3078.541254650133
3386,3078.541254650133
3387,3078.541254650133
3388,3078.541254650133
3389,3078.541254650133
3390,3078.541254650133
3391,3078.541254650133
3392,3078.541254650133
3393,3078.541254650133
3394,3078.541254650133
3395,3078.541254650133
3396,3078.541254650133
3397,3078.541254650133
3398,3078.541254650133
3399,3078.541254650133
3400,3078.541254650133
3401,3078.541254650133
3402,3078.541254650133
3403,3078.541254650133
3404,3078.541254650133
3405,3078.541254650133
3406,3078.541254650133
3407,3078.541254650133
3408,3078.541254650133
3409,3078.541254650133
3410,3078.541254650133
3411,3078.541254650133
3412,3078.541254650133
3413,3078.541254650133
3414,3078.541254650133
3415,3078.541254650133
3416,3078.541254650133
3417,3078.541254650133
3418,3078.541254650133
3419,3078.541254650133
3420,3078.541254650133
3421,3078.541254650133
3422,3078.541254650133
3423,3078.541254650133
3424,3078.541254650133
3425,3078.541254650133
3426,3078.541254650133
3427,3078.541254650133
3428,3078.541254650133
3429,3078.541254650133
3430,3078.541254650133
3431,3078.541254650133
3432,3078.541254650133
3433,3078.541254650133
3434,3078.541254650133
3435,3078.541254650133
3436,3078.541254650133
3437,3078.541254650133
3438,3078.541254650133
3439,3078.541254650133
3440,3078.541254650133
3441,3078.541254650133
3442,3078.541254650133
3443,3078.541254650133
3444,3078.541254650133
3445,3078.541254650133
3446,3078.541254650133
3447,3078.541254650133
3448,3078.541254650133
3449,3078.541254650133
3450,3078.541254650133
3451,3078.541254650133
3452,3078.541254650133
3453,3078.541254650133
3454,3078.541254650133
3455,3078.541254650133
3456,3078.541254650133
3457,3078.541254650133
3458,3078.541254650133
3459,3078.541254650133
3460,3078.541254650133
3461,3078.541254650133
3462,3078.541254650133
3463,3078.541254650133
3464,3078.541254650133
3465,3078.541254650133
3466,3078.541254650133
3467,3078.541254650133
3468,3078.541254650133
3469,3078.541254650133
3470,3078.541254650133
3471,3078.541254650133
3472,3078.541254650133
3473,3078.541254650133
3474,3078.541254650133
3475,3078.541254650133
3476,3078.541254650133
3477,3078.541254650133
3478,3078.541254650133
3479,3078.541254650133
3480,3078.541254650133
3481,3078.541254650133
3482,3078.541254650133
3483,3078.541254650133
3484,3078.541254650133
3485,3078.541254650133
3486,3078.541254650133
3487,3078.541254650133
3488,3078.541254650133
3489,3078.541254650133
3490,3078.541254650133
3491,3078.541254650133
3492,3078.541254650133
3493,3078.541254650133
3494,3078.541254650133
3495,3078.541254650133
3496,3078.541254650133
3497,3078.541254650133
3498,3078.541254650133
3499,3078.541254650133
3500,3078.541254650133
3501,3078.541254650133
3502,3078.541254650133
3503,3078.541254650133
3504,3078.541254650133
3505,3078.541254650133
3506,3078.541254650133
3507,3078.541254650133
3508,3078.541254650133
3509,3078.541254650133
3510,3078.541254650133
3511,3078.541254650133
3512,3078.541254650133
3513,3078.541254650133
3514,3078.541254650133
3515,3078.541254650133
3516,3078.541254650133
3517,3078.541254650133
3518,3078.541254650133
3519,3078.541254650133
3520,3078.541254650133
3521,3078.541254650133
3522,3078.541254650133
3523,3078.541254650133
3524,3078.541254650133
3525,3078.541254650133
3526,3078.541254650133
3527,3078.541254650133
3528,3078.541254650133
3529,3078.541254650133
3530,3078.541254650133
3531,3078.541254650133
3532,3078.541254650133
3533,3078.541254650133
3534,3078.541254650133
3535,3078.541254650133
3536,3078.541254650133
3537,3078.541254650133
3538,3078.541254650133
3539,3078.541254650133
3540,3078.541254650133
3541,3078.541254650133
3542,3078.541254650133
3543,3078.541254650133
3544,3078.541254650133
3545,3078.541254650133
3546,3078.541254650133
3547,3078.541254650133
3548,3078.541254650133
3549,3078.541254650133
3550,3078.541254650133
3551,3078.541254650133
3552,3078.541254650133
3553,3078.541254650133
3554,3078.541254650133
3555,3078.541254650133
3556,3078.541254650133
3557,3078.541254650133
3558,3078.541254650133
3559,3078.541254650133
3560,3078.541254650133
3561,3078.541254650133
3562,3078.541254650133
3563,3078.541254650133
3564,3078.541254650133
3565,3078.541254650133
3566,3078.541254650133
3567,3078.541254650133
3568,3078.541254650133
3569,3078.541254650133
3570,3078.541254650133
3571,3078.541254650133
3572,3078.541254650133
3573,3078.541254650133
3574,3078.541254650133
3575,3078.541254650133
3576,3078.541254650133
3577,3078.541254650133
3578,3078.541254650133
3579,3078.541254650133
3580,3078.541254650133
3581,3078.541254650133
3582,3078.541254650133
3583,3078.541254650133
3584,3078.541254650133
3585,3078.541254650133
3586,3078.541254650133
3587,3078.541254650133
3588,3078.541254650133
3589,3078.541254650133
3590,3078.541254650133
3591,3078.541254650133
3592,3078.541254650133
3593,3078.541254650133
3594,3078.541254650133
3595,3078.541254650133
3596,3078.541254650133
3597,3078.541254650133
3598,3078.541254650133
3599,3078.541254650133
3600,3078.541254650133
3601,3078.541254650133
3602,3078.541254650133
3603,3078.541254650133
3604,3078.541254650133
3605,3078.541254650133
3606,3078.541254650133
3607,3078.541254650133
3608,3078.541254650133
3609,3078.541254650133
3610,3078.541254650133
3611,3078.541254650133
3612,3078.541254650133
3613,3078.541254650133
3614,3078.541254650133
3615,3078.541254650133
3616,3078.541254650133
3617,3078.541254650133
3618,3078.541254650133
3619,3078.541254650133
3620,3078.541254650133
3621,3078.541254650133
3622,3078.541254650133
3623,3078.541254650133
3624,3078.541254650133
3625,3078.541254650133
3626,3078.541254650133
3627,3078.541254650133
3628,3078.541254650133
3629,3078.541254650133
3630,3078.541254650133
3631,3078.541254650133
3632,3078.541254650133
3633,3078.541254650133
3634,3078.541254650133
3635,3078.541254650133
3636,3078.541254650133
3637,3078.541254650133
3638,3078.541254650133
3639,3078.541254650133
3640,3078.541254650133
3641,3078.541254650133
3642,3078.541254650133
3643,3078.541254650133
3644,3078.541254650133
3645,3078.541254650133
3646,3078.541254650133
3647,3078.541254650133
3648,3078.541254650133
3649,3078.541254650133
3650,3078.541254650133
3651,3078.541254650133
3652,3078.541254650133
3653,3078.541254650133
3654,3078.541254650133
3655,3078.541254650133
3656,3078.541254650133
3657,3078.541254650133
3658,3078.541254650133
3659,3078.541254650133
3660,3078.541254650133
3661,3078.541254650133
3662,3078.541254650133
3663,3078.541254650133
3664,3078.541254650133
3665,3077.7463715579543
3666,3077.7463715579543
3667,3077.7463715579543
3668,3077.7463715579543
3669,3077.7463715579543
3670,3075.412570752016
3671,3075.412570752016
3672,3075.412570752016
3673,3075.412570752016
3674,3075.412570752016
3675,3075.412570752016
3676,3075.412570752016
3677,3075.412570752016
3678,3075.412570752016
3679,3075.412570752016
3680,3075.412570752016
3681,3075.412570752016
3682,3075.412570752016
3683,3075.412570752016
3684,3075.412570752016
3685,3075.412570752016
3686,3075.412570752016
3687,3075.412570752016
3688,3075.412570752016
3689,3075.412570752016
3690,3075.412570752016
3691,3075.412570752016
3692,3075.412570752016
3693,3075.412570752016
3694,3075.412570752016
3695,3075.412570752016
3696,3075.412570752016
3697,3075.412570752016
3698,3075.412570752016
3699,3075.412570752016
3700,3075.412570752016
3701,3075.412570752016
3702,3075.412570752016
3703,3075.412570752016
3704,3075.412570752016
3705,3075.412570752016
3706,3075.412570752016
3707,3075.412570752016
3708,3075.412570752016
3709,3075.412570752016
3710,3075.412570752016
3711,3075.412570752016
3712,3075.412570752016
3713,3075.412570752016
3714,3075.412570752016
3715,3075.412570752016
3716,3075.412570752016
3717,3075.412570752016
3718,3075.412570752016
3719,3075.412570752016
3720,3075.412570752016
3721,3075.412570752016
3722,3075.412570752016
3723,3075.412570752016
3724,3075.412570752016
3725,3075.412570752016
3726,3075.412570752016
3727,3075.412570752016
3728,3075.412570752016
3729,3075.412570752016
3730,3075.412570752016
3731,3075.412570752016
3732,3075.412570752016
3733,3075.412570752016
3734,3075.412570752016
3735,3075.412570752016
3736,3075.412570752016
3737,3075.412570752016
3738,3075.412570752016
3739,3075.412570752016
3740,3075.412570752016
3741,3075.412570752016
3742,3075.412570752016
3743,3075.412570752016
3744,3075.412570752016
3745,3075.412570752016
3746,3075.412570752016
3747,3075.412570752016
3748,3075.412570752016
3749,3075.412570752016
3750,3075.412570752016
3751,3075.412570752016
3752,3075.412570752016
3753,3075.412570752016
3754,3075.412570752016
3755,3075.412570752016
3756,3075.412570752016
3757,3075.412570752016
3758,3075.412570752016
3759,3075.412570752016
3760,3075.412570752016
3761,3075.412570752016
3762,3075.412570752016
3763,3075.412570752016
3764,3075.412570752016
3765,3075.412570752016
3766,3075.412570752016
3767,3075.412570752016
3768,3075.412570752016
3769,3075.412570752016
3770,3075.412570752016
3771,3075.412570752016
3772,3075.412570752016
3773,3075.412570752016
3774,3075.412570752016
3775,3075.412570752016
3776,3075.412570752016
3777,3075.412570752016
3778,3075.412570752016
3779,3075.412570752016
3780,3075.412570752016
3781,3075.412570752016
3782,3075.412570752016
3783,3075.412570752016
3784,3075.412570752016
3785,3075.412570752016
3786,3075.412570752016
3787,3075.412570752016
3788,3075.412570752016
3789,3075.412570752016
3790,3075.412570752016
3791,3075.412570752016
3792,3075.412570752016
3793,3075.412570752016
3794,3075.412570752016
3795,3075.412570752016
3796,3075.412570752016
3797,3075.412570752016
3798,3075.412570752016
3799,3075.412570752016
3800,3075.412570752016
3801,3075.412570752016
3802,3075.412570752016
3803,3075.412570752016
3804,3075.412570752016
3805,3075.412570752016
3806,3075.412570752016
3807,3075.412570752016
3808,3075.412570752016
3809,3075.412570752016
3810,3075.412570752016
3811,3075.412570752016
3812,3075.412570752016
3813,3075.412570752016
3814,3075.412570752016
3815,3075.412570752016
3816,3075.412570752016
3817,3075.412570752016
3818,3075.412570752016
3819,3075.412570752016
3820,3075.412570752016
3821,3075.412570752016
3822,3075.412570752016
3823,3075.412570752016
3824,3075.412570752016
3825,3075.412570752016
3826,3075.412570752016
3827,3075.412570752016
3828,3075.412570752016
3829,3075.412570752016
3830,3075.412570752016
3831,3075.412570752016
3832,3075.412570752016
3833,3075.412570752016
3834,3075.412570752016
3835,3075.412570752016
3836,3075.412570752016
3837,3075.412570752016
3838,3075.412570752016
3839,3075.412570752016
3840,3075.412570752016
3841,3075.412570752016
3842,3075.412570752016
3843,3075.412570752016
3844,3075.412570752016
3845,3075.412570752016
3846,3075.412570752016
3847,3075.412570752016
3848,3075.412570752016
3849,3075.412570752016
3850,3075.412570752016
3851,3075.412570752016
3852,3075.412570752016
3853,3075.412570752016
3854,3075.412570752016
3855,3075.412570752016
3856,3075.412570752016
3857,3075.412570752016
3858,3075.412570752016
3859,3075.412570752016
3860,3075.412570752016
3861,3075.412570752016
3862,3075.412570752016
3863,3075.412570752016
3864,3075.412570752016
3865,3075.412570752016
3866,3075.412570752016
3867,3075.412570752016
3868,3075.412570752016
3869,3075.412570752016
3870,3075.412570752016
3871,3075.412570752016
3872,3075.412570752016
3873,3075.412570752016
3874,3075.412570752016
3875,3075.412570752016
3876,3075.412570752016
3877,3075.412570752016
3878,3075.412570752016
3879,3067.7749857175977
3880,3067.7749857175977
3881,3067.7749857175977
3882,3067.7749857175977
3883,3067.7749857175977
3884,3067.7749857175977
3885,3067.7749857175977
3886,3067.7749857175977
3887,3067.7749857175977
3888,3067.7749857175977
3889,3067.7749857175977
3890,3067.7749857175977
3891,3067.7749857175977
3892,3067.7749857175977
3893,3067.7749857175977
3894,3067.7749857175977
3895,3067.7749857175977
3896,3067.7749857175977
3897,3067.7749857175977
3898,3067.7749857175977
3899,3067.7749857175977
3900,3067.7749857175977
3901,3067.7749857175977
3902,3067.7749857175977
3903,3067.7749857175977
3904,3067.7749857175977
3905,3067.7749857175977
3906,3067.7749857175977
3907,3067.7749857175977
3908,3067.7749857175977
3909,3067.7749857175977
3910,3067.7749857175977
3911,3067.7749857175977
3912,3067.7749857175977
3913,3067.7749857175977
3914,3067.7749857175977
3915,3067.7749857175977
3916,3067.7749857175977
3917,3067.7749857175977
3918,3067.7749857175977
3919,3067.7749857175977
3920,3067.7749857175977
3921,3067.7749857175977
3922,3067.7749857175977
3923,3067.7749857175977
3924,3067.7749857175977
3925,3067.7749857175977
3926,3067.7749857175977
3927,3067.7749857175977
3928,3067.7749857175977
3929,3067.7749857175977
3930,3043.683355413258
3931,3043.683355413258
3932,3043.683355413258
3933,3043.683355413258
3934,3043.683355413258
3935,3043.683355413258
3936,3043.683355413258
3937,3043.683355413258
3938,3043.683355413258
3939,3043.683355413258
3940,3043.683355413258
3941,3043.683355413258
3942,3043.683355413258
3943,3043.683355413258
3944,3043.683355413258
3945,3043.683355413258
3946,3043.683355413258
3947,3043.683355413258
3948,3043.683355413258
3949,3043.683355413258
3950,3043.683355413258
3951,3043.683355413258
3952,3043.683355413258
3953,3043.683355413258
3954,3043.683355413258
3955,3043.683355413258
3956,3043.683355413258
3957,3043.683355413258
3958,3043.683355413258
3959,3043.683355413258
3960,3043.683355413258
3961,3043.683355413258
3962,3043.683355413258
3963,3043.683355413258
3964,3043.683355413258
3965,3043.683355413258
3966,3043.683355413258
3967,3043.683355413258
3968,3043.683355413258
3969,3043.683355413258
3970,3043.683355413258
3971,3043.683355413258
3972,3043.683355413258
3973,3043.683355413258
3974,3043.683355413258
3975,3043.683355413258
3976,3043.683355413258
3977,3043.683355413258
3978,3043.683355413258
3979,3043.683355413258
3980,3043.683355413258
3981,3043.683355413258
3982,3043.683355413258
3983,3043.683355413258
3984,3043.683355413258
3985,3043.683355413258
3986,3043.683355413258
3987,3043.683355413258
3988,3043.683355413258
3989,3043.683355413258
3990,3043.683355413258
3991,3043.683355413258
3992,3043.683355413258
3993,3043.683355413258
3994,3043.683355413258
3995,3043.683355413258
3996,3043.683355413258
3997,3043.683355413258
3998,3043.683355413258
3999,3043.683355413258
4000,3043.683355413258
4001,3043.683355413258
4002,3043.683355413258
4003,3043.683355413258
4004,3043.683355413258
4005,3043.683355413258
4006,3043.683355413258
4007,3043.683355413258
4008,3043.683355413258
4009,3043.683355413258
4010,3043.683355413258
4011,3043.683355413258
4012,3043.683355413258
4013,3043.683355413258
4014,3043.683355413258
4015,3043.683355413258
4016,3043.683355413258
4017,3043.683355413258
4018,3043.683355413258
4019,3043.683355413258
4020,3043.683355413258
4021,3043.683355413258
4022,3043.683355413258
4023,3043.683355413258
4024,3043.683355413258
4025,3043.683355413258
4026,3043.683355413258
4027,3043.683355413258
4028,3043.683355413258
4029,3043.683355413258
4030,3043.683355413258
4031,3043.683355413258
4032,3043.683355413258
4033,3043.683355413258
4034,3043.683355413258
4035,3043.683355413258
4036,3043.683355413258
4037,3043.683355413258
4038,3043.683355413258
4039,3043.683355413258
4040,3043.683355413258
4041,3043.683355413258
4042,3043.683355413258
4043,3043.683355413258
4044,3043.683355413258
4045,3043.683355413258
4046,3043.683355413258
4047,3043.683355413258
4048,3043.683355413258
4049,3043.683355413258
4050,3043.683355413258
4051,3043.683355413258
4052,3043.683355413258
4053,3043.683355413258
4054,3043.683355413258
4055,3043.683355413258
4056,3043.683355413258
4057,3043.683355413258
4058,3043.683355413258
4059,3043.683355413258
4060,3043.683355413258
4061,3043.683355413258
4062,3043.683355413258
4063,3043.683355413258
4064,3043.683355413258
4065,3043.683355413258
4066,3043.683355413258
4067,3043.683355413258
4068,3043.683355413258
4069,3043.683355413258
4070,3043.683355413258
4071,3043.683355413258
4072,3043.683355413258
4073,3043.683355413258
4074,3043.683355413258
4075,3043.683355413258
4076,3043.683355413258
4077,3043.683355413258
4078,3043.683355413258
4079,3043.683355413258
4080,3043.683355413258
4081,3043.683355413258
4082,3043.683355413258
4083,3043.683355413258
4084,3043.683355413258
4085,3043.683355413258
4086,3043.683355413258
4087,3043.683355413258
4088,3043.683355413258
4089,3043.683355413258
4090,3043.683355413258
4091,3043.683355413258
4092,3043.683355413258
4093,3043.683355413258
4094,3043.683355413258
4095,3043.683355413258
4096,3043.683355413258
4097,3043.683355413258
4098,3043.683355413258
4099,3043.683355413258
4100,3043.683355413258
4101,3043.683355413258
4102,3043.683355413258
4103,3043.683355413258
4104,3043.683355413258
4105,3043.683355413258
4106,3043.683355413258
4107,3043.683355413258
4108,3043.683355413258
4109,3043.683355413258
4110,3043.683355413258
4111,3043.683355413258
4112,3043.683355413258
4113,3043.683355413258
4114,3043.683355413258
4115,3043.683355413258
4116,3043.683355413258
4117,3043.683355413258
4118,3043.683355413258
4119,3043.683355413258
4120,3043.683355413258
4121,3043.683355413258
4122,3043.683355413258
4123,3043.683355413258
4124,3043.683355413258
4125,3043.683355413258
4126,3043.683355413258
4127,3043.683355413258
4128,3043.683355413258
4129,3043.683355413258
4130,3043.683355413258
4131,3043.683355413258
4132,3043.683355413258
4133,3043.683355413258
4134,3043.683355413258
4135,3043.683355413258
4136,3043.683355413258
4137,3043.683355413258
4138,3043.683355413258
4139,3043.683355413258
4140,3043.683355413258
4141,3043.683355413258
4142,3043.683355413258
4143,3043.683355413258
4144,3043.683355413258
4145,3043.683355413258
4146,3043.683355413258
4147,3043.683355413258
4148,3043.683355413258
4149,3043.683355413258
4150,3043.683355413258
4151,3043.683355413258
4152,3043.683355413258
4153,3043.683355413258
4154,3043.683355413258
4155,3043.683355413258
4156,3043.683355413258
4157,3043.683355413258
4158,3043.683355413258
4159,3043.683355413258
4160,3043.683355413258
4161,3043.683355413258
4162,3043.683355413258
4163,3043.683355413258
4164,3043.683355413258
4165,3043.683355413258
4166,3043.683355413258
4167,3043.683355413258
4168,3043.683355413258
4169,3043.683355413258
4170,3043.683355413258
4171,3043.683355413258
4172,3043.683355413258
4173,3043.683355413258
4174,3043.683355413258
4175,3043.683355413258
4176,3043.683355413258
4177,3043.683355413258
4178,3043.683355413258
4179,3043.683355413258
4180,3043.683355413258
4181,3043.683355413258
4182,3043.683355413258
4183,3043.683355413258
4184,3043.683355413258
4185,3043.683355413258
4186,3043.683355413258
4187,3043.683355413258
4188,3043.683355413258
4189,3043.683355413258
4190,3043.683355413258
4191,3043.683355413258
4192,3043.683355413258
4193,3043.683355413258
4194,3043.683355413258
4195,3043.683355413258
4196,3043.683355413258
4197,3043.683355413258
4198,3043.683355413258
4199,3043.683355413258
4200,3043.683355413258
4201,3043.683355413258
4202,3043.683355413258
4203,3043.683355413258
4204,3043.683355413258
4205,3043.683355413258
4206,3043.683355413258
4207,3043.683355413258
4208,3043.683355413258
4209,3043.683355413258
4210,3043.683355413258
4211,3043.683355413258
4212,3043.683355413258
4213,3043.683355413258
4214,3043.683355413258
4215,3043.683355413258
4216,3043.683355413258
4217,3043.683355413258
4218,3043.683355413258
4219,3043.683355413258
4220,3043.683355413258
4221,3043.683355413258
4222,3043.683355413258
4223,3043.683355413258
4224,3043.683355413258
4225,3043.683355413258
4226,3043.683355413258
4227,3043.683355413258
4228,3043.683355413258
4229,3043.683355413258
4230,3043.683355413258
4231,3043.683355413258
4232,3043.683355413258
4233,3043.683355413258
4234,3043.683355413258
4235,3043.683355413258
4236,3043.683355413258
4237,3043.683355413258
4238,3043.683355413258
4239,3043.683355413258
4240,3043.683355413258
4241,3043.683355413258
4242,3043.683355413258
4243,3043.683355413258
4244,3043.683355413258
4245,3043.683355413258
4246,3043.683355413258
4247,3043.683355413258
4248,3043.683355413258
4249,3043.683355413258
4250,3043.683355413258
4251,3043.683355413258
4252,3043.683355413258
4253,3043.683355413258
4254,3043.683355413258
4255,3043.683355413258
4256,3043.683355413258
4257,3043.683355413258
4258,3043.683355413258
4259,3043.683355413258
4260,3043.683355413258
4261,3043.683355413258
4262,3043.683355413258
4263,3043.683355413258
4264,3043.683355413258
4265,3043.683355413258
4266,3043.683355413258
4267,3043.683355413258
4268,3043.683355413258
4269,3043.683355413258
4270,3043.683355413258
4271,3043.683355413258
4272,3043.683355413258
4273,3043.683355413258
4274,3043.683355413258
4275,3043.683355413258
4276,3043.683355413258
4277,3043.683355413258
4278,3043.683355413258
4279,3043.683355413258
4280,3043.683355413258
4281,3043.683355413258
4282,3043.683355413258
4283,3043.683355413258
4284,3043.683355413258
4285,3043.683355413258
4286,3043.683355413258
4287,3043.683355413258
4288,3043.683355413258
4289,3043.683355413258
4290,3043.683355413258
4291,3043.683355413258
4292,3043.683355413258
4293,3043.683355413258
4294,3043.683355413258
4295,3043.683355413258
4296,3043.683355413258
4297,3043.683355413258
4298,3043.683355413258
4299,3043.683355413258
4300,3043.683355413258
4301,3043.683355413258
4302,3043.683355413258
4303,3043.683355413258
4304,3043.683355413258
4305,3043.683355413258
4306,3043.683355413258
4307,3043.683355413258
4308,3043.683355413258
4309,3043.683355413258
4310,3043.683355413258
4311,3043.683355413258
4312,3043.683355413258
4313,3043.683355413258
4314,3043.683355413258
4315,3043.683355413258
4316,3043.683355413258
4317,3043.683355413258
4318,3043.683355413258
4319,3043.683355413258
4320,3043.683355413258
4321,3043.683355413258
4322,3043.683355413258
4323,3043.683355413258
4324,3043.683355413258
4325,3043.683355413258
4326,3043.683355413258
4327,3043.683355413258
4328,3043.683355413258
4329,3043.683355413258
4330,3043.683355413258
4331,3043.683355413258
4332,3043.683355413258
4333,3043.683355413258
4334,3043.683355413258
4335,3043.683355413258
4336,3043.683355413258
4337,3043.683355413258
4338,3043.683355413258
4339,3043.683355413258
4340,3043.683355413258
4341,3043.683355413258
4342,3043.683355413258
4343,3043.683355413258
4344,3043.683355413258
4345,3043.683355413258
4346,3043.683355413258
4347,3043.683355413258
4348,3043.683355413258
4349,3043.683355413258
4350,3043.683355413258
4351,3043.683355413258
4352,3043.683355413258
4353,3043.683355413258
4354,3043.683355413258
4355,3043.683355413258
4356,3043.683355413258
4357,3043.683355413258
4358,3043.683355413258
4359,3043.683355413258
4360,3043.683355413258
4361,3043.683355413258
4362,3043.683355413258
4363,3043.683355413258
4364,3043.683355413258
4365,3043.683355413258
4366,3043.683355413258
4367,3043.683355413258
4368,3043.683355413258
4369,3043.683355413258
4370,3043.683355413258
4371,3043.683355413258
4372,3043.683355413258
4373,3043.683355413258
4374,3043.683355413258
4375,3043.683355413258
4376,3043.683355413258
4377,3043.683355413258
4378,3043.683355413258
4379,3043.683355413258
4380,3043.683355413258
4381,3043.683355413258
4382,3043.683355413258
4383,3043.683355413258
4384,3043.683355413258
4385,3043.683355413258
4386,3043.683355413258
4387,3043.683355413258
4388,3043.683355413258
4389,3043.683355413258
4390,3043.683355413258
4391,3043.683355413258
4392,3043.683355413258
4393,3043.683355413258
4394,3043.683355413258
4395,3043.683355413258
4396,3043.683355413258
4397,3043.683355413258
4398,3043.683355413258
4399,3043.683355413258
4400,3043.683355413258
4401,3043.683355413258
4402,3043.683355413258
4403,3043.683355413258
4404,3043.683355413258
4405,3043.683355413258
4406,3043.683355413258
4407,3043.683355413258
4408,3043.683355413258
4409,3043.683355413258
4410,3043.683355413258
4411,3043.683355413258
4412,3043.683355413258
4413,3043.683355413258
4414,3043.683355413258
4415,3043.683355413258
4416,3043.683355413258
4417,3043.683355413258
4418,3043.683355413258
4419,3043.683355413258
4420,3043.683355413258
4421,3043.683355413258
4422,3043.683355413258
4423,3043.683355413258
4424,3043.683355413258
4425,3043.683355413258
4426,3043.683355413258
4427,3043.683355413258
4428,3043.683355413258
4429,3043.683355413258
4430,3043.683355413258
4431,3043.683355413258
4432,3043.683355413258
4433,3043.683355413258
4434,3043.683355413258
4435,3043.683355413258
4436,3043.683355413258
4437,3043.683355413258
4438,3043.683355413258
4439,3043.683355413258
4440,3043.683355413258
4441,3043.683355413258
4442,3043.683355413258
4443,3043.683355413258
4444,3043.683355413258
4445,3043.683355413258
4446,3043.683355413258
4447,3043.683355413258
4448,3043.683355413258
4449,3043.683355413258
4450,3043.683355413258
4451,3043.683355413258
4452,3043.683355413258
4453,3043.683355413258
4454,3043.683355413258
4455,3043.683355413258
4456,3043.683355413258
4457,3043.683355413258
4458,3043.683355413258
4459,3043.683355413258
4460,3043.683355413258
4461,3043.683355413258
4462,3043.683355413258
4463,3043.683355413258
4464,3043.683355413258
4465,3043.683355413258
4466,3043.683355413258
4467,3043.683355413258
4468,3043.683355413258
4469,3043.683355413258
4470,3043.683355413258
4471,3043.683355413258
4472,3043.683355413258
4473,3043.683355413258
4474,3043.683355413258
4475,3043.683355413258
4476,3043.683355413258
4477,3043.683355413258
4478,3043.683355413258
4479,3043.683355413258
4480,3043.683355413258
4481,3043.683355413258
4482,3043.683355413258
4483,3043.683355413258
4484,3043.683355413258
4485,3043.683355413258
4486,3043.683355413258
4487,3043.683355413258
4488,3043.683355413258
4489,3043.683355413258
4490,3043.683355413258
4491,3043.683355413258
4492,3043.683355413258
4493,3043.683355413258
4494,3043.683355413258
4495,3043.683355413258
4496,3043.683355413258
4497,3043.683355413258
4498,3043.683355413258
4499,3043.683355413258
4500,3043.683355413258
4501,3043.683355413258
4502,3043.683355413258
4503,3043.683355413258
4504,3043.683355413258
4505,3043.683355413258
4506,3043.683355413258
4507,3043.683355413258
4508,3043.683355413258
4509,3043.683355413258
4510,3043.683355413258
4511,3043.683355413258
4512,3043.683355413258
4513,3043.683355413258
4514,3043.683355413258
4515,3043.683355413258
4516,3043.683355413258
4517,3043.683355413258
4518,3043.683355413258
4519,3043.683355413258
4520,3043.683355413258
4521,3043.683355413258
4522,3043.683355413258
4523,3043.683355413258
4524,3043.683355413258
4525,3043.683355413258
4526,3043.683355413258
4527,3043.683355413258
4528,3043.683355413258
4529,3043.683355413258
4530,3043.683355413258
4531,3043.683355413258
4532,3043.683355413258
4533,3043.683355413258
4534,3043.683355413258
4535,3043.683355413258
4536,3043.683355413258
4537,3043.683355413258
4538,3043.683355413258
4539,3043.683355413258
4540,3043.683355413258
4541,3043.683355413258
4542,3043.683355413258
4543,3043.683355413258
4544,3043.683355413258
4545,3043.683355413258
4546,3043.683355413258
4547,3043.683355413258
4548,3043.683355413258
4549,3043.683355413258
4550,3043.683355413258
4551,3043.683355413258
4552,3043.683355413258
4553,3043.683355413258
4554,3043.683355413258
4555,3043.683355413258
4556,3043.683355413258
4557,3043.683355413258
4558,3043.683355413258
4559,3043.683355413258
4560,3043.683355413258
4561,3043.683355413258
4562,3043.683355413258
4563,3043.683355413258
4564,3043.683355413258
4565,3043.683355413258
4566,3043.683355413258
4567,3043.683355413258
4568,3043.683355413258
4569,3043.683355413258
4570,3043.683355413258
4571,3043.683355413258
4572,3043.683355413258
4573,3043.683355413258
4574,3043.683355413258
4575,3043.683355413258
4576,3043.683355413258
4577,3043.683355413258
4578,3043.683355413258
4579,3043.683355413258
4580,3043.683355413258
4581,3043.683355413258
4582,3043.683355413258
4583,3043.683355413258
4584,3043.683355413258
4585,3043.683355413258
4586,3043.683355413258
4587,3043.683355413258
4588,3043.683355413258
4589,3043.683355413258
4590,3043.683355413258
4591,3043.683355413258
4592,3043.683355413258
4593,3043.683355413258
4594,3043.683355413258
4595,3043.683355413258
4596,3043.683355413258
4597,3043.683355413258
4598,3043.683355413258
4599,3043.683355413258
4600,3043.683355413258
4601,3043.683355413258
4602,3043.683355413258
4603,3043.683355413258
4604,3043.683355413258
4605,3043.683355413258
4606,3043.683355413258
4607,3043.683355413258
4608,3043.683355413258
4609,3043.683355413258
4610,3043.683355413258
4611,3043.683355413258
4612,3043.683355413258
4613,3043.683355413258
4614,3043.683355413258
4615,3043.683355413258
4616,3043.683355413258
4617,3043.683355413258
4618,3043.683355413258
4619,3043.683355413258
4620,3043.683355413258
4621,3043.683355413258
4622,3043.683355413258
4623,3043.683355413258
4624,3043.683355413258
4625,3043.683355413258
4626,3043.683355413258
4627,3043.683355413258
4628,3043.683355413258
4629,3043.683355413258
4630,3043.683355413258
4631,3043.683355413258
4632,3043.683355413258
4633,3043.683355413258
4634,3043.683355413258
4635,3043.683355413258
4636,3043.683355413258
4637,3043.683355413258
4638,3043.683355413258
4639,3043.683355413258
4640,3043.683355413258
4641,3043.683355413258
4642,3043.683355413258
4643,3043.683355413258
4644,3043.683355413258
4645,3043.683355413258
4646,3043.683355413258
4647,3043.683355413258
4648,3043.683355413258
4649,3043.683355413258
4650,3043.683355413258
4651,3043.683355413258
4652,3043.683355413258
4653,3043.683355413258
4654,3043.683355413258
4655,3043.683355413258
4656,3043.683355413258
4657,3043.683355413258
4658,3043.683355413258
4659,3043.683355413258
4660,3043.683355413258
4661,3043.683355413258
4662,3043.683355413258
4663,3043.683355413258
4664,3043.683355413258
4665,3043.683355413258
4666,3043.683355413258
4667,3043.683355413258
4668,3043.683355413258
4669,3043.683355413258
4670,3043.683355413258
4671,3043.683355413258
4672,3043.683355413258
4673,3043.683355413258
4674,3043.683355413258
4675,3043.683355413258
4676,3043.683355413258
4677,3043.683355413258
4678,3043.683355413258
4679,3043.683355413258
4680,3043.683355413258
4681,3043.683355413258
4682,3043.683355413258
4683,3043.683355413258
4684,3043.683355413258
4685,3043.683355413258
4686,3043.683355413258
4687,3043.683355413258
4688,3043.683355413258
4689,3043.683355413258
4690,3043.683355413258
4691,3043.683355413258
4692,3043.683355413258
4693,3043.683355413258
4694,3043.683355413258
4695,3043.683355413258
4696,3043.683355413258
4697,3043.683355413258
4698,3043.683355413258
4699,3043.683355413258
4700,3043.683355413258
4701,3043.683355413258
4702,3043.683355413258
4703,3043.683355413258
4704,3043.683355413258
4705,3043.683355413258
4706,3043.683355413258
4707,3043.683355413258
4708,3043.683355413258
4709,3043.683355413258
4710,3043.683355413258
4711,3043.683355413258
4712,3043.683355413258
4713,3043.683355413258
4714,3043.683355413258
4715,3043.683355413258
4716,3043.683355413258
4717,3043.683355413258
4718,3043.683355413258
4719,3043.683355413258
4720,3043.683355413258
4721,3043.683355413258
4722,3043.683355413258
4723,3043.683355413258
4724,3043.683355413258
4725,3043.683355413258
4726,3043.683355413258
4727,3043.683355413258
4728,3043.683355413258
4729,3043.683355413258
4730,3043.683355413258
4731,3043.683355413258
4732,3043.683355413258
4733,3043.683355413258
4734,3043.683355413258
4735,3043.683355413258
4736,3043.683355413258
4737,3043.683355413258
4738,3043.683355413258
4739,3043.683355413258
4740,3043.683355413258
4741,3043.683355413258
4742,3043.683355413258
4743,3043.683355413258
4744,3043.683355413258
4745,3043.683355413258
4746,3043.683355413258
4747,3043.683355413258
4748,3043.683355413258
4749,3043.683355413258
4750,3043.683355413258
4751,3043.683355413258
4752,3043.683355413258
4753,3043.683355413258
4754,3043.683355413258
4755,3043.683355413258
4756,3043.683355413258
4757,3043.683355413258
4758,3043.683355413258
4759,3043.683355413258
4760,3043.683355413258
4761,3043.683355413258
4762,3043.683355413258
4763,3043.683355413258
4764,3043.683355413258
4765,3043.683355413258
4766,3043.683355413258
4767,3043.683355413258
4768,3043.683355413258
4769,3043.683355413258
4770,3043.683355413258
4771,3043.683355413258
4772,3043.683355413258
4773,3043.683355413258
4774,3043.683355413258
4775,3043.683355413258
4776,3043.683355413258
4777,3043.683355413258
4778,3043.683355413258
4779,3043.683355413258
4780,3043.683355413258
4781,3043.683355413258
4782,3043.683355413258
4783,3043.683355413258
4784,3043.683355413258
4785,3043.683355413258
4786,3043.683355413258
4787,3043.683355413258
4788,3043.683355413258
4789,3043.683355413258
4790,3043.683355413258
4791,3043.683355413258
4792,3043.683355413258
4793,3043.683355413258
4794,3043.683355413258
4795,3043.683355413258
4796,3043.683355413258
4797,3043.683355413258
4798,3043.683355413258
4799,3043.683355413258
4800,3043.683355413258
4801,3043.683355413258
4802,3043.683355413258
4803,3043.683355413258
4804,3043.683355413258
4805,3043.683355413258
4806,3043.683355413258
4807,3043.683355413258
4808,3033.475371713836
4809,3033.475371713836
4810,3033.475371713836
4811,3033.475371713836
4812,3033.475371713836
4813,3033.475371713836
4814,3009.8972054204287
4815,2972.1137436016666
4816,2972.1137436016666
4817,2972.1137436016666
4818,2972.1137436016666
4819,2972.1137436016666
4820,2972.1137436016666
4821,2972.1137436016666
4822,2972.1137436016666
4823,2972.1137436016666
4824,2972.1137436016666
4825,2972.1137436016666
4826,2972.1137436016666
4827,2972.1137436016666
4828,2972.1137436016666
4829,2972.1137436016666
4830,2972.1137436016666
4831,2972.1137436016666
4832,2972.1137436016666
4833,2972.1137436016666
4834,2972.1137436016666
4835,2972.1137436016666
4836,2972.1137436016666
4837,2972.1137436016666
4838,2972.1137436016666
4839,2972.1137436016666
4840,2972.1137436016666
4841,2972.1137436016666
4842,2972.1137436016666
4843,2972.1137436016666
4844,2972.1137436016666
4845,2972.1137436016666
4846,2972.1137436016666
4847,2972.1137436016666
4848,2972.1137436016666
4849,2972.1137436016666
4850,2972.1137436016666
4851,2972.1137436016666
4852,2972.1137436016666
4853,2972.1137436016666
4854,2972.1137436016666
4855,2972.1137436016666
4856,2972.1137436016666
4857,2972.1137436016666
4858,2972.1137436016666
4859,2972.1137436016666
4860,2972.1137436016666
4861,2972.1137436016666
4862,2972.1137436016666
4863,2972.1137436016666
4864,2972.1137436016666
4865,2972.1137436016666
4866,2972.1137436016666
4867,2972.1137436016666
4868,2972.1137436016666
4869,2972.1137436016666
4870,2972.1137436016666
4871,2972.1137436016666
4872,2972.1137436016666
4873,2972.1137436016666
4874,2972.1137436016666
4875,2972.1137436016666
4876,2972.1137436016666
4877,2972.1137436016666
4878,2972.1137436016666
4879,2972.1137436016666
4880,2972.1137436016666
4881,2972.1137436016666
4882,2972.1137436016666
4883,2972.1137436016666
4884,2972.1137436016666
4885,2972.1137436016666
4886,2972.1137436016666
4887,2972.1137436016666
4888,2972.1137436016666
4889,2972.1137436016666
4890,2972.1137436016666
4891,2972.1137436016666
4892,2972.1137436016666
4893,2972.1137436016666
4894,2972.1137436016666
4895,2972.1137436016666
4896,2972.1137436016666
4897,2972.1137436016666
4898,2972.1137436016666
4899,2972.1137436016666
4900,2972.1137436016666
4901,2972.1137436016666
4902,2972.1137436016666
4903,2972.1137436016666
4904,2972.1137436016666
4905,2972.1137436016666
4906,2972.1137436016666
4907,2972.1137436016666
4908,2972.1137436016666
4909,2972.1137436016666
4910,2972.1137436016666
4911,2972.1137436016666
4912,2972.1137436016666
4913,2972.1137436016666
4914,2972.1137436016666
4915,2972.1137436016666
4916,2972.1137436016666
4917,2972.1137436016666
4918,2972.1137436016666
4919,2972.1137436016666
4920,2972.1137436016666
4921,2972.1137436016666
4922,2972.1137436016666
4923,2972.1137436016666
4924,2972.1137436016666
4925,2972.1137436016666
4926,2972.1137436016666
4927,2972.1137436016666
4928,2972.1137436016666
4929,2972.1137436016666
4930,2972.1137436016666
4931,2972.1137436016666
4932,2972.1137436016666
4933,2972.1137436016666
4934,2972.1137436016666
4935,2972.1137436016666
4936,2972.1137436016666
4937,2972.1137436016666
4938,2972.1137436016666
4939,2972.1137436016666
4940,2972.1137436016666
4941,2972.1137436016666
4942,2972.1137436016666
4943,2972.1137436016666
4944,2972.1137436016666
4945,2972.1137436016666
4946,2972.1137436016666
4947,2972.1137436016666
4948,2972.1137436016666
4949,2972.1137436016666
4950,2972.1137436016666
4951,2972.1137436016666
4952,2972.1137436016666
4953,2972.1137436016666
4954,2972.1137436016666
4955,2972.1137436016666
4956,2972.1137436016666
4957,2972.1137436016666
4958,2972.1137436016666
4959,2972.1137436016666
4960,2972.1137436016666
4961,2972.1137436016666
4962,2972.1137436016666
4963,2972.1137436016666
4964,2972.1137436016666
4965,2972.1137436016666
4966,2972.1137436016666
4967,2972.1137436016666
4968,2972.1137436016666
4969,2972.1137436016666
4970,2972.1137436016666
4971,2972.1137436016666
4972,2972.1137436016666
4973,2972.1137436016666
4974,2972.1137436016666
4975,2972.1137436016666
4976,2972.1137436016666
4977,2972.1137436016666
4978,2972.1137436016666
4979,2972.1137436016666
4980,2972.1137436016666
4981,2972.1137436016666
4982,2972.1137436016666
4983,2972.1137436016666
4984,2972.1137436016666
4985,2972.1137436016666
4986,2972.1137436016666
4987,2972.1137436016666
4988,2972.1137436016666
4989,2972.1137436016666
4990,2972.1137436016666
4991,2972.1137436016666
4992,2972.1137436016666
4993,2972.1137436016666
4994,2972.1137436016666
4995,2972.1137436016666
4996,2972.1137436016666
4997,2972.1137436016666
4998,2972.1137436016666
4999,2972.1137436016666
5000,2972.1137436016666
5001,2972.1137436016666
5002,2972.1137436016666
5003,2972.1137436016666
5004,2972.1137436016666
5005,2972.1137436016666
5006,2972.1137436016666
5007,2972.1137436016666
5008,2972.1137436016666
5009,2972.1137436016666
5010,2972.1137436016666
5011,2972.1137436016666
5012,2972.1137436016666
5013,2972.1137436016666
5014,2972.1137436016666
5015,2972.1137436016666
5016,2972.1137436016666
5017,2972.1137436016666
5018,2972.1137436016666
5019,2972.1137436016666
5020,2972.1137436016666
5021,2972.1137436016666
5022,2972.1137436016666
5023,2972.1137436016666
5024,2972.1137436016666
5025,2972.1137436016666
5026,2972.1137436016666
5027,2972.1137436016666
5028,2972.1137436016666
5029,2972.1137436016666
5030,2972.1137436016666
5031,2972.1137436016666
5032,2972.1137436016666
5033,2972.1137436016666
5034,2972.1137436016666
5035,2972.1137436016666
5036,2972.1137436016666
5037,2972.1137436016666
5038,2972.1137436016666
5039,2972.1137436016666
5040,2972.1137436016666
5041,2972.1137436016666
5042,2972.1137436016666
5043,2972.1137436016666
5044,2972.1137436016666
5045,2972.1137436016666
5046,2972.1137436016666
5047,2972.1137436016666
5048,2972.1137436016666
5049,2972.1137436016666
5050,2972.1137436016666
5051,2972.1137436016666
5052,2972.1137436016666
5053,2972.1137436016666
5054,2972.1137436016666
5055,2972.1137436016666
5056,2972.1137436016666
5057,2972.1137436016666
5058,2972.1137436016666
5059,2972.1137436016666
5060,2972.1137436016666
5061,2972.1137436016666
5062,2972.1137436016666
5063,2972.1137436016666
5064,2972.1137436016666
5065,2972.1137436016666
5066,2972.1137436016666
5067,2972.1137436016666
5068,2972.1137436016666
5069,2972.1137436016666
5070,2972.1137436016666
5071,2972.1137436016666
5072,2972.1137436016666
5073,2972.1137436016666
5074,2972.1137436016666
5075,2972.1137436016666
5076,2972.1137436016666
5077,2972.1137436016666
5078,2972.1137436016666
5079,2972.1137436016666
5080,2972.1137436016666
5081,2972.1137436016666
5082,2972.1137436016666
5083,2972.1137436016666
5084,2972.1137436016666
5085,2972.1137436016666
5086,2972.1137436016666
5087,2972.1137436016666
5088,2972.1137436016666
5089,2972.1137436016666
5090,2972.1137436016666
5091,2972.1137436016666
5092,2972.1137436016666
5093,2972.1137436016666
5094,2972.1137436016666
5095,2972.1137436016666
5096,2972.1137436016666
5097,2972.1137436016666
5098,2972.1137436016666
5099,2972.1137436016666
5100,2972.1137436016666
5101,2972.1137436016666
5102,2972.1137436016666
5103,2972.1137436016666
5104,2972.1137436016666
5105,2972.1137436016666
5106,2972.1137436016666
5107,2972.1137436016666
5108,2972.1137436016666
5109,2972.1137436016666
5110,2972.1137436016666
5111,2972.1137436016666
5112,2972.1137436016666
5113,2972.1137436016666
5114,2972.1137436016666
5115,2972.1137436016666
5116,2972.1137436016666
5117,2972.1137436016666
5118,2972.1137436016666
5119,2972.1137436016666
5120,2972.1137436016666
5121,2972.1137436016666
5122,2972.1137436016666
5123,2972.1137436016666
5124,2972.1137436016666
5125,2972.1137436016666
5126,2972.1137436016666
5127,2972.1137436016666
5128,2972.1137436016666
5129,2972.1137436016666
5130,2972.1137436016666
5131,2972.1137436016666
5132,2972.1137436016666
5133,2972.1137436016666
5134,2972.1137436016666
5135,2972.1137436016666
5136,2972.1137436016666
5137,2972.1137436016666
5138,2972.1137436016666
5139,2972.1137436016666
5140,2972.1137436016666
5141,2972.1137436016666
5142,2972.1137436016666
5143,2972.1137436016666
5144,2972.1137436016666
5145,2972.1137436016666
5146,2972.1137436016666
5147,2972.1137436016666
5148,2972.1137436016666
5149,2972.1137436016666
5150,2972.1137436016666
5151,2972.1137436016666
5152,2972.1137436016666
5153,2972.1137436016666
5154,2972.1137436016666
5155,2972.1137436016666
5156,2972.1137436016666
5157,2972.1137436016666
5158,2972.1137436016666
5159,2972.1137436016666
5160,2972.1137436016666
5161,2972.1137436016666
5162,2972.1137436016666
5163,2972.1137436016666
5164,2972.1137436016666
5165,2972.1137436016666
5166,2972.1137436016666
5167,2972.1137436016666
5168,2972.1137436016666
5169,2972.1137436016666
5170,2972.1137436016666
5171,2972.1137436016666
5172,2972.1137436016666
5173,2972.1137436016666
5174,2972.1137436016666
5175,2972.1137436016666
5176,2972.1137436016666
5177,2972.1137436016666
5178,2972.1137436016666
5179,2972.1137436016666
5180,2972.1137436016666
5181,2972.1137436016666
5182,2972.1137436016666
5183,2972.1137436016666
5184,2972.1137436016666
5185,2972.1137436016666
5186,2972.1137436016666
5187,2972.1137436016666
5188,2972.1137436016666
5189,2972.1137436016666
5190,2972.1137436016666
5191,2972.1137436016666
5192,2972.1137436016666
5193,2972.1137436016666
5194,2972.1137436016666
5195,2972.1137436016666
5196,2972.1137436016666
5197,2972.1137436016666
5198,2972.1137436016666
5199,2972.1137436016666
5200,2972.1137436016666
5201,2972.1137436016666
5202,2972.1137436016666
5203,2972.1137436016666
5204,2972.1137436016666
5205,2972.1137436016666
5206,2972.1137436016666
5207,2972.1137436016666
5208,2972.1137436016666
5209,2972.1137436016666
5210,2972.1137436016666
5211,2972.1137436016666
5212,2972.1137436016666
5213,2972.1137436016666
5214,2972.1137436016666
5215,2972.1137436016666
5216,2972.1137436016666
5217,2972.1137436016666
5218,2972.1137436016666
5219,2972.1137436016666
5220,2972.1137436016666
5221,2972.1137436016666
5222,2972.1137436016666
5223,2972.1137436016666
5224,2972.1137436016666
5225,2972.1137436016666
5226,2972.1137436016666
5227,2972.1137436016666
5228,2972.1137436016666
5229,2972.1137436016666
5230,2972.1137436016666
5231,2972.1137436016666
5232,2972.1137436016666
5233,2972.1137436016666
5234,2972.1137436016666
5235,2972.1137436016666
5236,2972.1137436016666
5237,2972.1137436016666
5238,2972.1137436016666
5239,2972.1137436016666
5240,2972.1137436016666
5241,2972.1137436016666
5242,2972.1137436016666
5243,2972.1137436016666
5244,2972.1137436016666
5245,2972.1137436016666
5246,2972.1137436016666
5247,2972.1137436016666
5248,2972.1137436016666
5249,2972.1137436016666
5250,2972.1137436016666
5251,2972.1137436016666
5252,2972.1137436016666
5253,2972.1137436016666
5254,2972.1137436016666
5255,2972.1137436016666
5256,2972.1137436016666
5257,2972.1137436016666
5258,2972.1137436016666
5259,2972.1137436016666
5260,2972.1137436016666
5261,2972.1137436016666
5262,2972.1137436016666
5263,2972.1137436016666
5264,2972.1137436016666
5265,2972.1137436016666
5266,2972.1137436016666
5267,2972.1137436016666
5268,2972.1137436016666
5269,2972.1137436016666
5270,2972.1137436016666
5271,2972.1137436016666
5272,2972.1137436016666
5273,2972.1137436016666
5274,2972.1137436016666
5275,2972.1137436016666
5276,2972.1137436016666
5277,2972.1137436016666
5278,2972.1137436016666
5279,2972.1137436016666
5280,2972.1137436016666
5281,2972.1137436016666
5282,2972.1137436016666
5283,2972.1137436016666
5284,2972.1137436016666
5285,2972.1137436016666
5286,2972.1137436016666
5287,2972.1137436016666
5288,2972.1137436016666
5289,2972.1137436016666
5290,2972.1137436016666
5291,2972.1137436016666
5292,2972.1137436016666
5293,2972.1137436016666
5294,2972.1137436016666
5295,2972.1137436016666
5296,2972.1137436016666
5297,2972.1137436016666
5298,2972.1137436016666
5299,2972.1137436016666
5300,2972.1137436016666
5301,2972.1137436016666
5302,2972.1137436016666
5303,2972.1137436016666
5304,2972.1137436016666
5305,2972.1137436016666
5306,2972.1137436016666
5307,2972.1137436016666
5308,2972.1137436016666
5309,2972.1137436016666
5310,2972.1137436016666
5311,2972.1137436016666
5312,2972.1137436016666
5313,2972.1137436016666
5314,2972.1137436016666
5315,2972.1137436016666
5316,2972.1137436016666
5317,2972.1137436016666
5318,2972.1137436016666
5319,2972.1137436016666
5320,2972.1137436016666
5321,2972.1137436016666
5322,2972.1137436016666
5323,2972.1137436016666
5324,2972.1137436016666
5325,2972.1137436016666
5326,2972.1137436016666
5327,2972.1137436016666
5328,2972.1137436016666
5329,2972.1137436016666
5330,2972.1137436016666
5331,2972.1137436016666
5332,2972.1137436016666
5333,2972.1137436016666
5334,2972.1137436016666
5335,2972.1137436016666
5336,2972.1137436016666
5337,2972.1137436016666
5338,2972.1137436016666
5339,2972.1137436016666
5340,2972.1137436016666
5341,2972.1137436016666
5342,2972.1137436016666
5343,2972.1137436016666
5344,2972.1137436016666
5345,2972.1137436016666
5346,2972.1137436016666
5347,2972.1137436016666
5348,2972.1137436016666
5349,2972.1137436016666
5350,2972.1137436016666
5351,2972.1137436016666
5352,2972.1137436016666
5353,2972.1137436016666
5354,2972.1137436016666
5355,2972.1137436016666
5356,2972.1137436016666
5357,2972.1137436016666
5358,2972.1137436016666
5359,2972.1137436016666
5360,2972.1137436016666
5361,2972.1137436016666
5362,2972.1137436016666
5363,2972.1137436016666
5364,2972.1137436016666
5365,2972.1137436016666
5366,2972.1137436016666
5367,2972.1137436016666
5368,2972.1137436016666
5369,2972.1137436016666
5370,2972.1137436016666
5371,2972.1137436016666
5372,2972.1137436016666
5373,2972.1137436016666
5374,2972.1137436016666
5375,2972.1137436016666
5376,2972.1137436016666
5377,2972.1137436016666
5378,2972.1137436016666
5379,2972.1137436016666
5380,2972.1137436016666
5381,2972.1137436016666
5382,2972.1137436016666
5383,2972.1137436016666
5384,2972.1137436016666
5385,2972.1137436016666
5386,2972.1137436016666
5387,2972.1137436016666
5388,2972.1137436016666
5389,2972.1137436016666
5390,2972.1137436016666
5391,2972.1137436016666
5392,2972.1137436016666
5393,2972.1137436016666
5394,2972.1137436016666
5395,2972.1137436016666
5396,2972.1137436016666
5397,2972.1137436016666
5398,2972.1137436016666
5399,2972.1137436016666
5400,2972.1137436016666
5401,2972.1137436016666
5402,2972.1137436016666
5403,2972.1137436016666
5404,2972.1137436016666
5405,2972.1137436016666
5406,2972.1137436016666
5407,2972.1137436016666
5408,2972.1137436016666
5409,2972.1137436016666
5410,2972.1137436016666
5411,2972.1137436016666
5412,2972.1137436016666
5413,2972.1137436016666
5414,2972.1137436016666
5415,2972.1137436016666
5416,2972.1137436016666
5417,2972.1137436016666
5418,2972.1137436016666
5419,2972.1137436016666
5420,2972.1137436016666
5421,2972.1137436016666
5422,2972.1137436016666
5423,2972.1137436016666
5424,2972.1137436016666
5425,2972.1137436016666
5426,2972.1137436016666
5427,2972.1137436016666
5428,2972.1137436016666
5429,2972.1137436016666
5430,2972.1137436016666
5431,2972.1137436016666
5432,2972.1137436016666
5433,2972.1137436016666
5434,2972.1137436016666
5435,2972.1137436016666
5436,2972.1137436016666
5437,2972.1137436016666
5438,2972.1137436016666
5439,2972.1137436016666
5440,2972.1137436016666
5441,2972.1137436016666
5442,2972.1137436016666
5443,2972.1137436016666
5444,2972.1137436016666
5445,2972.1137436016666
5446,2972.1137436016666
5447,2972.1137436016666
5448,2972.1137436016666
5449,2972.1137436016666
5450,2972.1137436016666
5451,2972.1137436016666
5452,2972.1137436016666
5453,2972.1137436016666
5454,2972.1137436016666
5455,2972.1137436016666
5456,2972.1137436016666
5457,2972.1137436016666
5458,2972.1137436016666
5459,2972.1137436016666
5460,2972.1137436016666
5461,2972.1137436016666
5462,2972.1137436016666
5463,2972.1137436016666
5464,2972.1137436016666
5465,2972.1137436016666
5466,2972.1137436016666
5467,2972.1137436016666
5468,2972.1137436016666
5469,2972.1137436016666
5470,2972.1137436016666
5471,2972.1137436016666
5472,2972.1137436016666
5473,2972.1137436016666
5474,2972.1137436016666
5475,2972.1137436016666
5476,2972.1137436016666
5477,2972.1137436016666
5478,2972.1137436016666
5479,2972.1137436016666
5480,2972.1137436016666
5481,2972.1137436016666
5482,2972.1137436016666
5483,2972.1137436016666
5484,2972.1137436016666
5485,2972.1137436016666
5486,2972.1137436016666
5487,2972.1137436016666
5488,2972.1137436016666
5489,2972.1137436016666
5490,2972.1137436016666
5491,2972.1137436016666
5492,2972.1137436016666
5493,2972.1137436016666
5494,2972.1137436016666
5495,2972.1137436016666
5496,2972.1137436016666
5497,2972.1137436016666
5498,2972.1137436016666
5499,2972.1137436016666
5500,2972.1137436016666
5501,2972.1137436016666
5502,2972.1137436016666
5503,2972.1137436016666
5504,2972.1137436016666
5505,2972.1137436016666
5506,2972.1137436016666
5507,2972.1137436016666
5508,2972.1137436016666
5509,2972.1137436016666
5510,2972.1137436016666
5511,2972.1137436016666
5512,2972.1137436016666
5513,2972.1137436016666
5514,2972.1137436016666
5515,2972.1137436016666
5516,2972.1137436016666
5517,2972.1137436016666
5518,2972.1137436016666
5519,2972.1137436016666
5520,2972.1137436016666
5521,2972.1137436016666
5522,2972.1137436016666
5523,2972.1137436016666
5524,2972.1137436016666
5525,2972.1137436016666
5526,2972.1137436016666
5527,2972.1137436016666
5528,2972.1137436016666
5529,2972.1137436016666
5530,2972.1137436016666
5531,2972.1137436016666
5532,2972.1137436016666
5533,2972.1137436016666
5534,2972.1137436016666
5535,2972.1137436016666
5536,2972.1137436016666
5537,2972.1137436016666
5538,2972.1137436016666
5539,2972.1137436016666
5540,2972.1137436016666
5541,2972.1137436016666
5542,2972.1137436016666
5543,2972.1137436016666
5544,2972.1137436016666
5545,2972.1137436016666
5546,2972.1137436016666
5547,2972.1137436016666
5548,2972.1137436016666
5549,2972.1137436016666
5550,2972.1137436016666
5551,2972.1137436016666
5552,2972.1137436016666
5553,2972.1137436016666
5554,2972.1137436016666
5555,2972.1137436016666
5556,2972.1137436016666
5557,2972.1137436016666
5558,2972.1137436016666
5559,2972.1137436016666
5560,2972.1137436016666
5561,2972.1137436016666
5562,2972.1137436016666
5563,2972.1137436016666
5564,2972.1137436016666
5565,2972.1137436016666
5566,2972.1137436016666
5567,2972.1137436016666
5568,2972.1137436016666
5569,2972.1137436016666
5570,2972.1137436016666
5571,2972.1137436016666
5572,2972.1137436016666
5573,2972.1137436016666
5574,2972.1137436016666
5575,2972.1137436016666
5576,2972.1137436016666
5577,2972.1137436016666
5578,2972.1137436016666
5579,2972.1137436016666
5580,2972.1137436016666
5581,2972.1137436016666
5582,2972.1137436016666
5583,2972.1137436016666
5584,2972.1137436016666
5585,2972.1137436016666
5586,2972.1137436016666
5587,2972.1137436016666
5588,2972.1137436016666
5589,2972.1137436016666
5590,2972.1137436016666
5591,2972.1137436016666
5592,2972.1137436016666
5593,2972.1137436016666
5594,2972.1137436016666
5595,2972.1137436016666
5596,2972.1137436016666
5597,2972.1137436016666
5598,2972.1137436016666
5599,2972.1137436016666
5600,2972.1137436016666
5601,2972.1137436016666
5602,2972.1137436016666
5603,2972.1137436016666
5604,2972.1137436016666
5605,2972.1137436016666
5606,2972.1137436016666
5607,2952.923448927337
5608,2952.923448927337
5609,2952.923448927337
5610,2952.923448927337
5611,2952.923448927337
5612,2952.923448927337
5613,2952.923448927337
5614,2952.923448927337
5615,2952.923448927337
5616,2952.923448927337
5617,2952.923448927337
5618,2952.923448927337
5619,2952.923448927337
5620,2952.923448927337
5621,2952.923448927337
5622,2952.923448927337
5623,2952.923448927337
5624,2952.923448927337
5625,2952.923448927337
5626,2952.923448927337
5627,2952.923448927337
5628,2952.923448927337
5629,2952.923448927337
5630,2952.923448927337
5631,2952.923448927337
5632,2952.923448927337
5633,2952.923448927337
5634,2952.923448927337
5635,2952.923448927337
5636,2952.923448927337
5637,2952.923448927337
5638,2952.923448927337
5639,2952.923448927337
5640,2952.923448927337
5641,2952.923448927337
5642,2952.923448927337
5643,2952.923448927337
5644,2952.923448927337
5645,2952.923448927337
5646,2952.923448927337
5647,2952.923448927337
5648,2952.923448927337
5649,2952.923448927337
5650,2952.923448927337
5651,2952.923448927337
5652,2952.923448927337
5653,2952.923448927337
5654,2952.923448927337
5655,2952.923448927337
5656,2952.923448927337
5657,2952.923448927337
5658,2952.923448927337
5659,2952.923448927337
5660,2952.923448927337
5661,2952.923448927337
5662,2952.923448927337
5663,2952.923448927337
5664,2952.923448927337
5665,2952.923448927337
5666,2952.923448927337
5667,2952.923448927337
5668,2952.923448927337
5669,2952.923448927337
5670,2952.923448927337
5671,2952.923448927337
5672,2952.923448927337
5673,2952.923448927337
5674,2952.923448927337
5675,2952.923448927337
5676,2952.923448927337
5677,2952.923448927337
5678,2952.923448927337
5679,2952.923448927337
5680,2952.923448927337
5681,2952.923448927337
5682,2952.923448927337
5683,2952.923448927337
5684,2952.923448927337
5685,2952.923448927337
5686,2952.923448927337
5687,2952.923448927337
5688,2952.923448927337
5689,2952.923448927337
5690,2952.923448927337
5691,2952.923448927337
5692,2952.923448927337
5693,2952.923448927337
5694,2952.923448927337
5695,2952.923448927337
5696,2952.923448927337
5697,2952.923448927337
5698,2952.923448927337
5699,2952.923448927337
5700,2952.923448927337
5701,2952.923448927337
5702,2952.923448927337
5703,2952.923448927337
5704,2952.923448927337
5705,2952.923448927337
5706,2951.797069563955
5707,2951.797069563955
5708,2951.797069563955
5709,2951.797069563955
5710,2951.797069563955
5711,2951.797069563955
5712,2951.797069563955
5713,2951.797069563955
5714,2951.797069563955
5715,2951.797069563955
5716,2951.797069563955
5717,2951.797069563955
5718,2951.797069563955
5719,2951.797069563955
5720,2935.191209883549
5721,2935.191209883549
5722,2935.191209883549
5723,2935.191209883549
5724,2935.191209883549
5725,2935.191209883549
5726,2935.191209883549
5727,2935.191209883549
5728,2935.191209883549
5729,2935.191209883549
5730,2935.191209883549
5731,2935.191209883549
5732,2935.191209883549
5733,2935.191209883549
5734,2935.191209883549
5735,2935.191209883549
5736,2935.191209883549
5737,2935.191209883549
5738,2935.191209883549
5739,2935.191209883549
5740,2935.191209883549
5741,2935.191209883549
5742,2935.191209883549
5743,2935.191209883549
5744,2935.191209883549
5745,2935.191209883549
5746,2935.191209883549
5747,2935.191209883549
5748,2935.191209883549
5749,2935.191209883549
5750,2935.191209883549
5751,2935.191209883549
5752,2935.191209883549
5753,2935.191209883549
5754,2935.191209883549
5755,2935.191209883549
5756,2935.191209883549
5757,2935.191209883549
5758,2935.191209883549
5759,2935.191209883549
5760,2935.191209883549
5761,2935.191209883549
5762,2935.191209883549
5763,2935.191209883549
5764,2935.191209883549
5765,2935.191209883549
5766,2935.191209883549
5767,2935.191209883549
5768,2935.191209883549
5769,2935.191209883549
5770,2935.191209883549
5771,2935.191209883549
5772,2935.191209883549
5773,2935.191209883549
5774,2935.191209883549
5775,2935.191209883549
5776,2935.191209883549
5777,2935.191209883549
5778,2935.191209883549
5779,2935.191209883549
5780,2935.191209883549
5781,2935.191209883549
5782,2935.191209883549
5783,2935.191209883549
5784,2935.191209883549
5785,2935.191209883549
5786,2935.191209883549
5787,2935.191209883549
5788,2935.191209883549
5789,2935.191209883549
5790,2935.191209883549
5791,2935.191209883549
5792,2935.191209883549
5793,2935.191209883549
5794,2935.191209883549
5795,2935.191209883549
5796,2935.191209883549
5797,2935.191209883549
5798,2935.191209883549
5799,2935.191209883549
5800,2935.191209883549
5801,2935.191209883549
5802,2935.191209883549
5803,2935.191209883549
5804,2935.191209883549
5805,2935.191209883549
5806,2935.191209883549
5807,2935.191209883549
5808,2935.191209883549
5809,2935.191209883549
5810,2935.191209883549
5811,2935.191209883549
5812,2935.191209883549
5813,2935.191209883549
5814,2935.191209883549
5815,2935.191209883549
5816,2935.191209883549
5817,2935.191209883549
5818,2935.191209883549
5819,2935.191209883549
5820,2935.191209883549
5821,2935.191209883549
5822,2935.191209883549
5823,2935.191209883549
5824,2935.191209883549
5825,2935.191209883549
5826,2935.191209883549
5827,2935.191209883549
5828,2935.191209883549
5829,2935.191209883549
5830,2935.191209883549
5831,2927.8050115089086
5832,2927.8050115089086
5833,2927.8050115089086
5834,2927.8050115089086
5835,2927.8050115089086
5836,2927.8050115089086
5837,2927.8050115089086
5838,2927.8050115089086
5839,2927.8050115089086
5840,2927.8050115089086
5841,2927.8050115089086
5842,2927.8050115089086
5843,2927.8050115089086
5844,2927.8050115089086
5845,2927.8050115089086
5846,2927.8050115089086
5847,2927.8050115089086
5848,2927.8050115089086
5849,2927.8050115089086
5850,2927.8050115089086
5851,2927.8050115089086
5852,2927.8050115089086
5853,2927.8050115089086
5854,2927.8050115089086
5855,2927.8050115089086
5856,2927.8050115089086
5857,2927.8050115089086
5858,2927.8050115089086
5859,2927.8050115089086
5860,2927.8050115089086
5861,2927.8050115089086
5862,2927.8050115089086
5863,2927.8050115089086
5864,2927.8050115089086
5865,2927.8050115089086
5866,2927.8050115089086
5867,2927.8050115089086
5868,2927.8050115089086
5869,2927.8050115089086
5870,2927.8050115089086
5871,2927.8050115089086
5872,2927.8050115089086
5873,2927.8050115089086
5874,2927.8050115089086
5875,2927.8050115089086
5876,2927.8050115089086
5877,2927.8050115089086
5878,2927.8050115089086
5879,2927.8050115089086
5880,2927.8050115089086
5881,2927.8050115089086
5882,2927.8050115089086
5883,2927.8050115089086
5884,2927.8050115089086
5885,2927.8050115089086
5886,2927.8050115089086
5887,2927.8050115089086
5888,2927.8050115089086
5889,2927.8050115089086
5890,2927.8050115089086
5891,2927.8050115089086
5892,2927.8050115089086
5893,2927.8050115089086
5894,2927.8050115089086
5895,2927.8050115089086
5896,2927.8050115089086
5897,2927.8050115089086
5898,2927.8050115089086
5899,2927.8050115089086
5900,2927.8050115089086
5901,2927.8050115089086
5902,2927.8050115089086
5903,2927.8050115089086
5904,2927.8050115089086
5905,2927.8050115089086
5906,2927.8050115089086
5907,2927.8050115089086
5908,2927.8050115089086
5909,2927.8050115089086
5910,2927.8050115089086
5911,2927.8050115089086
5912,2927.8050115089086
5913,2927.8050115089086
5914,2927.8050115089086
5915,2927.8050115089086
5916,2927.8050115089086
5917,2927.8050115089086
5918,2927.8050115089086
5919,2927.8050115089086
5920,2927.8050115089086
5921,2927.8050115089086
5922,2927.8050115089086
5923,2907.7805861843594
5924,2907.7805861843594
5925,2907.7805861843594
5926,2907.7805861843594
5927,2907.7805861843594
5928,2907.7805861843594
5929,2907.7805861843594
5930,2907.7805861843594
5931,2907.7805861843594
5932,2907.7805861843594
5933,2907.7805861843594
5934,2907.7805861843594
5935,2907.7805861843594
5936,2907.7805861843594
5937,2907.7805861843594
5938,2907.7805861843594
5939,2907.7805861843594
5940,2907.7805861843594
5941,2907.7805861843594
5942,2907.7805861843594
5943,2907.7805861843594
5944,2907.7805861843594
5945,2901.99087497565
5946,2901.99087497565
5947,2901.99087497565
5948,2901.99087497565
5949,2901.99087497565
5950,2901.99087497565
5951,2901.99087497565
5952,2901.99087497565
5953,2901.99087497565
5954,2901.99087497565
5955,2901.99087497565
5956,2901.99087497565
5957,2901.99087497565
5958,2901.99087497565
5959,2901.99087497565
5960,2901.99087497565
5961,2901.99087497565
5962,2901.99087497565
5963,2901.99087497565
5964,2901.99087497565
5965,2901.99087497565
5966,2901.99087497565
5967,2901.99087497565
5968,2901.99087497565
5969,2901.99087497565
5970,2901.99087497565
5971,2901.99087497565
5972,2901.99087497565
5973,2901.99087497565
5974,2901.99087497565
5975,2901.99087497565
5976,2901.99087497565
5977,2901.99087497565
5978,2901.99087497565
5979,2901.99087497565
5980,2901.99087497565
5981,2901.99087497565
5982,2901.99087497565
5983,2901.99087497565
5984,2901.99087497565
5985,2901.99087497565
5986,2901.99087497565
5987,2901.99087497565
5988,2901.99087497565
5989,2901.99087497565
5990,2901.99087497565
5991,2901.99087497565
5992,2901.99087497565
5993,2901.99087497565
5994,2901.99087497565
5995,2901.99087497565
5996,2901.99087497565
5997,2901.99087497565
5998,2901.99087497565
5999,2901.99087497565
6000,2901.99087497565
6001,2901.99087497565
6002,2901.99087497565
6003,2901.99087497565
6004,2901.99087497565
6005,2901.99087497565
6006,2901.99087497565
6007,2901.99087497565
6008,2901.99087497565
6009,2901.99087497565
6010,2901.99087497565
6011,2901.99087497565
6012,2901.99087497565
6013,2901.99087497565
6014,2901.99087497565
6015,2901.99087497565
6016,2893.957780232516
6017,2893.957780232516
6018,2893.957780232516
6019,2893.957780232516
6020,2893.957780232516
6021,2893.957780232516
6022,2893.957780232516
6023,2893.957780232516
6024,2893.957780232516
6025,2893.957780232516
6026,2893.957780232516
6027,2893.957780232516
6028,2893.957780232516
6029,2893.957780232516
6030,2893.957780232516
6031,2893.957780232516
6032,2893.957780232516
6033,2893.957780232516
6034,2893.957780232516
6035,2893.957780232516
6036,2873.4488408511293
6037,2873.4488408511293
6038,2873.4488408511293
6039,2873.4488408511293
6040,2873.4488408511293
6041,2873.4488408511293
6042,2873.4488408511293
6043,2873.4488408511293
6044,2873.4488408511293
6045,2873.4488408511293
6046,2873.4488408511293
6047,2873.4488408511293
6048,2873.4488408511293
6049,2873.4488408511293
6050,2873.4488408511293
6051,2873.4488408511293
6052,2873.4488408511293
6053,2873.4488408511293
6054,2873.4488408511293
6055,2873.4488408511293
6056,2873.4488408511293
6057,2873.4488408511293
6058,2873.4488408511293
6059,2873.4488408511293
6060,2873.4488408511293
6061,2873.4488408511293
6062,2873.4488408511293
6063,2873.4488408511293
6064,2873.4488408511293
6065,2873.4488408511293
6066,2873.4488408511293
6067,2873.4488408511293
6068,2873.4488408511293
6069,2873.4488408511293
6070,2873.4488408511293
6071,2873.4488408511293
6072,2873.4488408511293
6073,2873.4488408511293
6074,2873.4488408511293
6075,2873.4488408511293
6076,2873.4488408511293
6077,2873.4488408511293
6078,2873.4488408511293
6079,2873.4488408511293
6080,2873.4488408511293
6081,2873.4488408511293
6082,2873.4488408511293
6083,2873.4488408511293
6084,2873.4488408511293
6085,2873.4488408511293
6086,2873.4488408511293
6087,2873.4488408511293
6088,2873.4488408511293
6089,2873.4488408511293
6090,2873.4488408511293
6091,2873.4488408511293
6092,2873.4488408511293
6093,2873.4488408511293
6094,2873.4488408511293
6095,2873.4488408511293
6096,2873.4488408511293
6097,2873.4488408511293
6098,2873.4488408511293
6099,2861.589132541712
6100,2861.589132541712
6101,2861.589132541712
6102,2861.589132541712
6103,2861.589132541712
6104,2861.589132541712
6105,2861.589132541712
6106,2861.589132541712
6107,2861.589132541712
6108,2861.589132541712
6109,2861.589132541712
6110,2861.589132541712
6111,2861.589132541712
6112,2861.589132541712
6113,2861.589132541712
6114,2861.589132541712
6115,2861.589132541712
6116,2861.589132541712
6117,2861.589132541712
6118,2861.589132541712
6119,2861.589132541712
6120,2861.589132541712
6121,2861.589132541712
6122,2861.589132541712
6123,2861.589132541712
6124,2861.589132541712
6125,2861.589132541712
6126,2861.589132541712
6127,2861.589132541712
6128,2861.589132541712
6129,2861.589132541712
6130,2861.589132541712
6131,2861.589132541712
6132,2861.589132541712
6133,2861.589132541712
6134,2861.589132541712
6135,2861.589132541712
6136,2861.589132541712
6137,2861.589132541712
6138,2861.589132541712
6139,2861.589132541712
6140,2861.589132541712
6141,2861.589132541712
6142,2861.589132541712
6143,2861.589132541712
6144,2861.589132541712
6145,2861.589132541712
6146,2861.589132541712
6147,2861.589132541712
6148,2861.589132541712
6149,2861.589132541712
6150,2861.589132541712
6151,2861.589132541712
6152,2861.589132541712
6153,2861.589132541712
6154,2861.589132541712
6155,2861.589132541712
6156,2861.589132541712
6157,2861.589132541712
6158,2861.589132541712
6159,2861.589132541712
6160,2861.589132541712
6161,2861.589132541712
6162,2861.589132541712
6163,2861.589132541712
6164,2861.589132541712
6165,2861.589132541712
6166,2861.589132541712
6167,2861.589132541712
6168,2861.589132541712
6169,2861.589132541712
6170,2861.589132541712
6171,2861.589132541712
6172,2861.589132541712
6173,2861.589132541712
6174,2861.589132541712
6175,2861.589132541712
6176,2861.589132541712
6177,2861.589132541712
6178,2861.589132541712
6179,2861.589132541712
6180,2848.74824219779
6181,2848.74824219779
6182,2848.74824219779
6183,2848.74824219779
6184,2848.74824219779
6185,2848.74824219779
6186,2848.74824219779
6187,2848.74824219779
6188,2848.74824219779
6189,2848.74824219779
6190,2848.74824219779
6191,2848.74824219779
6192,2848.74824219779
6193,2848.74824219779
6194,2848.74824219779
6195,2848.74824219779
6196,2848.74824219779
6197,2848.74824219779
6198,2848.74824219779
6199,2848.74824219779
6200,2848.74824219779
6201,2848.74824219779
6202,2848.74824219779
6203,2848.74824219779
6204,2848.74824219779
6205,2848.74824219779
6206,2848.74824219779
6207,2848.74824219779
6208,2848.74824219779
6209,2848.74824219779
6210,2848.74824219779
6211,2848.74824219779
6212,2848.74824219779
6213,2848.74824219779
6214,2848.74824219779
6215,2848.74824219779
6216,2848.74824219779
6217,2848.74824219779
6218,2848.74824219779
6219,2848.74824219779
6220,2848.74824219779
6221,2848.74824219779
6222,2848.74824219779
6223,2848.74824219779
6224,2848.74824219779
6225,2848.74824219779
6226,2848.74824219779
6227,2848.74824219779
6228,2848.74824219779
6229,2848.74824219779
6230,2848.74824219779
6231,2848.74824219779
6232,2848.74824219779
6233,2848.74824219779
6234,2848.74824219779
6235,2848.74824219779
6236,2848.74824219779
6237,2848.74824219779
6238,2848.74824219779
6239,2848.74824219779
6240,2848.74824219779
6241,2848.74824219779
6242,2848.74824219779
6243,2848.74824219779
6244,2848.74824219779
6245,2848.74824219779
6246,2848.74824219779
6247,2848.74824219779
6248,2848.74824219779
6249,2848.74824219779
6250,2848.74824219779
6251,2848.74824219779
6252,2848.74824219779
6253,2848.74824219779
6254,2848.74824219779
6255,2848.74824219779
6256,2848.74824219779
6257,2848.74824219779
6258,2848.74824219779
6259,2848.74824219779
6260,2848.74824219779
6261,2848.74824219779
6262,2848.74824219779
6263,2848.74824219779
6264,2848.74824219779
6265,2848.74824219779
6266,2848.74824219779
6267,2848.74824219779
6268,2848.74824219779
6269,2848.74824219779
6270,2848.74824219779
6271,2848.74824219779
6272,2848.74824219779
6273,2848.74824219779
6274,2848.74824219779
6275,2848.74824219779
6276,2848.74824219779
6277,2848.74824219779
6278,2848.74824219779
6279,2848.74824219779
6280,2848.74824219779
6281,2848.74824219779
6282,2848.74824219779
6283,2848.74824219779
6284,2848.74824219779
6285,2848.74824219779
6286,2848.74824219779
6287,2848.74824219779
6288,2848.74824219779
6289,2848.74824219779
6290,2848.74824219779
6291,2848.74824219779
6292,2848.74824219779
6293,2848.74824219779
6294,2848.74824219779
6295,2848.74824219779
6296,2848.74824219779
6297,2848.74824219779
6298,2848.74824219779
6299,2848.74824219779
6300,2848.74824219779
6301,2848.74824219779
6302,2848.74824219779
6303,2848.74824219779
6304,2848.74824219779
6305,2848.74824219779
6306,2848.74824219779
6307,2848.74824219779
6308,2848.74824219779
6309,2848.74824219779
6310,2848.74824219779
6311,2848.74824219779
6312,2848.74824219779
6313,2848.74824219779
6314,2848.74824219779
6315,2848.74824219779
6316,2848.74824219779
6317,2848.74824219779
6318,2848.74824219779
6319,2848.74824219779
6320,2848.74824219779
6321,2848.74824219779
6322,2848.74824219779
6323,2848.74824219779
6324,2848.74824219779
6325,2848.74824219779
6326,2848.74824219779
6327,2848.74824219779
6328,2848.74824219779
6329,2848.74824219779
6330,2848.74824219779
6331,2848.74824219779
6332,2848.74824219779
6333,2848.74824219779
6334,2848.74824219779
6335,2848.74824219779
6336,2848.74824219779
6337,2848.74824219779
6338,2848.74824219779
6339,2848.74824219779
6340,2848.74824219779
6341,2848.74824219779
6342,2848.74824219779
6343,2848.74824219779
6344,2848.74824219779
6345,2848.74824219779
6346,2848.74824219779
6347,2848.74824219779
6348,2848.74824219779
6349,2848.74824219779
6350,2848.74824219779
6351,2848.74824219779
6352,2848.74824219779
6353,2848.74824219779
6354,2848.74824219779
6355,2848.74824219779
6356,2848.74824219779
6357,2848.74824219779
6358,2848.74824219779
6359,2848.74824219779
6360,2848.74824219779
6361,2848.74824219779
6362,2848.74824219779
6363,2848.74824219779
6364,2848.74824219779
6365,2848.74824219779
6366,2848.74824219779
6367,2848.74824219779
6368,2848.74824219779
6369,2848.74824219779
6370,2848.74824219779
6371,2848.74824219779
6372,2848.74824219779
6373,2848.74824219779
6374,2848.74824219779
6375,2848.74824219779
6376,2848.74824219779
6377,2848.74824219779
6378,2848.74824219779
6379,2848.74824219779
6380,2848.74824219779
6381,2848.74824219779
6382,2848.74824219779
6383,2848.74824219779
6384,2848.74824219779
6385,2848.74824219779
6386,2848.74824219779
6387,2848.74824219779
6388,2848.74824219779
6389,2848.74824219779
6390,2848.74824219779
6391,2848.74824219779
6392,2848.74824219779
6393,2848.74824219779
6394,2848.74824219779
6395,2848.74824219779
6396,2848.74824219779
6397,2848.74824219779
6398,2848.74824219779
6399,2848.74824219779
6400,2848.74824219779
6401,2848.74824219779
6402,2848.74824219779
6403,2848.74824219779
6404,2848.74824219779
6405,2848.74824219779
6406,2848.74824219779
6407,2848.74824219779
6408,2848.74824219779
6409,2848.74824219779
6410,2848.74824219779
6411,2848.74824219779
6412,2848.74824219779
6413,2848.74824219779
6414,2848.74824219779
6415,2848.74824219779
6416,2848.74824219779
6417,2848.74824219779
6418,2848.74824219779
6419,2848.74824219779
6420,2848.74824219779
6421,2848.74824219779
6422,2848.74824219779
6423,2848.74824219779
6424,2848.74824219779
6425,2848.74824219779
6426,2848.74824219779
6427,2848.74824219779
6428,2848.74824219779
6429,2848.74824219779
6430,2848.74824219779
6431,2848.74824219779
6432,2848.74824219779
6433,2848.74824219779
6434,2848.74824219779
6435,2848.74824219779
6436,2848.74824219779
6437,2848.74824219779
6438,2848.74824219779
6439,2848.74824219779
6440,2848.74824219779
6441,2848.74824219779
6442,2848.74824219779
6443,2848.74824219779
6444,2848.74824219779
6445,2848.74824219779
6446,2848.74824219779
6447,2848.74824219779
6448,2848.74824219779
6449,2848.74824219779
6450,2848.74824219779
6451,2848.74824219779
6452,2848.74824219779
6453,2848.74824219779
6454,2848.74824219779
6455,2848.74824219779
6456,2848.74824219779
6457,2848.74824219779
6458,2848.74824219779
6459,2848.74824219779
6460,2848.74824219779
6461,2848.74824219779
6462,2848.74824219779
6463,2848.74824219779
6464,2848.74824219779
6465,2848.74824219779
6466,2848.74824219779
6467,2848.74824219779
6468,2848.74824219779
6469,2848.74824219779
6470,2848.74824219779
6471,2848.74824219779
6472,2848.74824219779
6473,2848.74824219779
6474,2848.74824219779
6475,2848.74824219779
6476,2848.74824219779
6477,2848.74824219779
6478,2848.74824219779
6479,2848.74824219779
6480,2848.74824219779
6481,2848.74824219779
6482,2848.74824219779
6483,2848.74824219779
6484,2848.74824219779
6485,2848.74824219779
6486,2848.74824219779
6487,2825.6433151359165
6488,2825.6433151359165
6489,2825.6433151359165
6490,2825.6433151359165
6491,2825.6433151359165
6492,2825.6433151359165
6493,2825.6433151359165
6494,2825.6433151359165
6495,2825.6433151359165
6496,2825.6433151359165
6497,2825.6433151359165
6498,2825.6433151359165
6499,2825.6433151359165
6500,2825.6433151359165
6501,2825.6433151359165
6502,2825.6433151359165
6503,2825.6433151359165
6504,2825.6433151359165
6505,2825.6433151359165
6506,2825.6433151359165
6507,2825.6433151359165
6508,2825.6433151359165
6509,2825.6433151359165
6510,2825.6433151359165
6511,2825.0102254487933
6512,2825.0102254487933
6513,2825.0102254487933
6514,2825.0102254487933
6515,2825.0102254487933
6516,2825.0102254487933
6517,2825.0102254487933
6518,2825.0102254487933
6519,2825.0102254487933
6520,2825.0102254487933
6521,2825.0102254487933
6522,2825.0102254487933
6523,2825.0102254487933
6524,2825.0102254487933
6525,2825.0102254487933
6526,2825.0102254487933
6527,2825.0102254487933
6528,2825.0102254487933
6529,2825.0102254487933
6530,2825.0102254487933
6531,2825.0102254487933
6532,2825.0102254487933
6533,2825.0102254487933
6534,2825.0102254487933
6535,2825.0102254487933
6536,2825.0102254487933
6537,2825.0102254487933
6538,2825.0102254487933
6539,2825.0102254487933
6540,2825.0102254487933
6541,2825.0102254487933
6542,2825.0102254487933
6543,2825.0102254487933
6544,2825.0102254487933
6545,2825.0102254487933
6546,2825.0102254487933
6547,2825.0102254487933
6548,2825.0102254487933
6549,2820.215668759924
6550,2820.215668759924
6551,2820.215668759924
6552,2820.215668759924
6553,2820.215668759924
6554,2820.215668759924
6555,2820.215668759924
6556,2820.215668759924
6557,2820.215668759924
6558,2820.215668759924
6559,2820.215668759924
6560,2820.215668759924
6561,2820.215668759924
6562,2820.215668759924
6563,2820.215668759924
6564,2820.215668759924
6565,2820.215668759924
6566,2820.215668759924
6567,2820.215668759924
6568,2820.215668759924
6569,2820.215668759924
6570,2820.215668759924
6571,2820.215668759924
6572,2820.215668759924
6573,2820.215668759924
6574,2820.215668759924
6575,2820.215668759924
6576,2820.215668759924
6577,2820.215668759924
6578,2820.215668759924
6579,2820.215668759924
6580,2820.215668759924
6581,2820.215668759924
6582,2820.215668759924
6583,2820.215668759924
6584,2820.215668759924
6585,2820.215668759924
6586,2820.215668759924
6587,2820.215668759924
6588,2820.215668759924
6589,2820.215668759924
6590,2820.215668759924
6591,2820.215668759924
6592,2820.215668759924
6593,2820.215668759924
6594,2820.215668759924
6595,2820.215668759924
6596,2820.215668759924
6597,2820.215668759924
6598,2820.215668759924
6599,2820.215668759924
6600,2820.215668759924
6601,2820.215668759924
6602,2784.8328849908016
6603,2784.8328849908016
6604,2784.8328849908016
6605,2784.8328849908016
6606,2784.8328849908016
6607,2784.8328849908016
6608,2784.8328849908016
6609,2784.8328849908016
6610,2784.8328849908016
6611,2784.8328849908016
6612,2784.8328849908016
6613,2784.8328849908016
6614,2784.8328849908016
6615,2784.8328849908016
6616,2784.8328849908016
6617,2784.8328849908016
6618,2784.8328849908016
6619,2784.8328849908016
6620,2784.8328849908016
6621,2784.8328849908016
6622,2784.8328849908016
6623,2784.8328849908016
6624,2784.8328849908016
6625,2784.8328849908016
6626,2784.8328849908016
6627,2784.8328849908016
6628,2784.8328849908016
6629,2784.8328849908016
6630,2784.8328849908016
6631,2784.8328849908016
6632,2784.8328849908016
6633,2784.8328849908016
6634,2784.8328849908016
6635,2784.8328849908016
6636,2784.8328849908016
6637,2784.8328849908016
6638,2784.8328849908016
6639,2784.8328849908016
6640,2784.8328849908016
6641,2784.8328849908016
6642,2784.8328849908016
6643,2784.8328849908016
6644,2784.8328849908016
6645,2784.8328849908016
6646,2784.8328849908016
6647,2784.8328849908016
6648,2784.8328849908016
6649,2784.8328849908016
6650,2784.8328849908016
6651,2784.8328849908016
6652,2784.8328849908016
6653,2784.8328849908016
6654,2784.8328849908016
6655,2784.8328849908016
6656,2784.8328849908016
6657,2784.8328849908016
6658,2784.8328849908016
6659,2784.8328849908016
6660,2784.8328849908016
6661,2784.8328849908016
6662,2784.8328849908016
6663,2784.8328849908016
6664,2784.8328849908016
6665,2784.8328849908016
6666,2784.8328849908016
6667,2784.8328849908016
6668,2784.8328849908016
6669,2784.8328849908016
6670,2784.8328849908016
6671,2784.8328849908016
6672,2784.8328849908016
6673,2784.8328849908016
6674,2784.8328849908016
6675,2784.8328849908016
6676,2784.8328849908016
6677,2784.8328849908016
6678,2784.8328849908016
6679,2784.8328849908016
6680,2784.8328849908016
6681,2784.8328849908016
6682,2784.8328849908016
6683,2784.8328849908016
6684,2784.8328849908016
6685,2784.8328849908016
6686,2784.8328849908016
6687,2784.8328849908016
6688,2784.8328849908016
6689,2784.8328849908016
6690,2784.8328849908016
6691,2784.8328849908016
6692,2784.8328849908016
6693,2784.8328849908016
6694,2784.8328849908016
6695,2784.8328849908016
6696,2784.8328849908016
6697,2784.8328849908016
6698,2784.8328849908016
6699,2784.8328849908016
6700,2784.8328849908016
6701,2784.8328849908016
6702,2784.8328849908016
6703,2784.8328849908016
6704,2784.8328849908016
6705,2784.8328849908016
6706,2784.8328849908016
6707,2784.8328849908016
6708,2784.8328849908016
6709,2784.8328849908016
6710,2784.8328849908016
6711,2784.8328849908016
6712,2784.8328849908016
6713,2784.8328849908016
6714,2784.8328849908016
6715,2784.8328849908016
6716,2784.8328849908016
6717,2784.8328849908016
6718,2784.8328849908016
6719,2784.8328849908016
6720,2784.8328849908016
6721,2784.8328849908016
6722,2784.8328849908016
6723,2784.8328849908016
6724,2784.8328849908016
6725,2784.8328849908016
6726,2784.8328849908016
6727,2784.8328849908016
6728,2784.8328849908016
6729,2784.8328849908016
6730,2784.8328849908016
6731,2784.8328849908016
6732,2784.8328849908016
6733,2784.8328849908016
6734,2784.8328849908016
6735,2784.8328849908016
6736,2784.8328849908016
6737,2784.8328849908016
6738,2778.7602283602805
6739,2778.7602283602805
6740,2778.7602283602805
6741,2778.7602283602805
6742,2778.7602283602805
6743,2778.7602283602805
6744,2778.7602283602805
6745,2778.7602283602805
6746,2778.7602283602805
6747,2778.7602283602805
6748,2778.7602283602805
6749,2778.7602283602805
6750,2778.7602283602805
6751,2778.7602283602805
6752,2778.7602283602805
6753,2778.7602283602805
6754,2778.7602283602805
6755,2778.7602283602805
6756,2778.7602283602805
6757,2778.7602283602805
6758,2778.7602283602805
6759,2778.7602283602805
6760,2778.7602283602805
6761,2778.7602283602805
6762,2778.7602283602805
6763,2778.7602283602805
6764,2778.7602283602805
6765,2778.7602283602805
6766,2778.7602283602805
6767,2778.7602283602805
6768,2778.7602283602805
6769,2778.7602283602805
6770,2778.7602283602805
6771,2778.7602283602805
6772,2778.7602283602805
6773,2778.7602283602805
6774,2778.7602283602805
6775,2778.7602283602805
6776,2778.7602283602805
6777,2778.7602283602805
6778,2778.7602283602805
6779,2778.7602283602805
6780,2778.7602283602805
6781,2778.7602283602805
6782,2778.7602283602805
6783,2778.7602283602805
6784,2778.7602283602805
6785,2778.7602283602805
6786,2778.7602283602805
6787,2778.7602283602805
6788,2778.7602283602805
6789,2778.7602283602805
6790,2778.7602283602805
6791,2778.7602283602805
6792,2776.5061073668917
6793,2776.5061073668917
6794,2776.5061073668917
6795,2776.5061073668917
6796,2776.5061073668917
6797,2776.5061073668917
6798,2776.5061073668917
6799,2776.5061073668917
6800,2776.5061073668917
6801,2776.5061073668917
6802,2776.5061073668917
6803,2776.5061073668917
6804,2776.5061073668917
6805,2776.5061073668917
6806,2776.5061073668917
6807,2776.5061073668917
6808,2776.5061073668917
6809,2776.5061073668917
6810,2776.5061073668917
6811,2776.5061073668917
6812,2776.5061073668917
6813,2776.5061073668917
6814,2776.5061073668917
6815,2753.436368837644
6816,2753.436368837644
6817,2753.436368837644
6818,2753.436368837644
6819,2753.436368837644
6820,2753.436368837644
6821,2753.436368837644
6822,2753.436368837644
6823,2753.436368837644
6824,2753.436368837644
6825,2753.436368837644
6826,2753.436368837644
6827,2753.436368837644
6828,2753.436368837644
6829,2753.436368837644
6830,2753.436368837644
6831,2753.436368837644
6832,2753.436368837644
6833,2753.436368837644
6834,2753.436368837644
6835,2753.436368837644
6836,2753.436368837644
6837,2753.436368837644
6838,2753.436368837644
6839,2753.436368837644
6840,2753.436368837644
6841,2753.436368837644
6842,2753.436368837644
6843,2753.436368837644
6844,2753.436368837644
6845,2753.436368837644
6846,2753.436368837644
6847,2753.436368837644
6848,2753.436368837644
6849,2753.436368837644
6850,2753.436368837644
6851,2753.436368837644
6852,2753.436368837644
6853,2753.436368837644
6854,2753.436368837644
6855,2753.436368837644
6856,2753.436368837644
6857,2753.436368837644
6858,2753.436368837644
6859,2753.436368837644
6860,2753.436368837644
6861,2753.436368837644
6862,2753.436368837644
6863,2753.436368837644
6864,2753.436368837644
6865,2753.436368837644
6866,2753.436368837644
6867,2753.436368837644
6868,2753.436368837644
6869,2753.436368837644
6870,2753.436368837644
6871,2753.436368837644
6872,2753.436368837644
6873,2753.436368837644
6874,2753.436368837644
6875,2753.436368837644
6876,2753.436368837644
6877,2753.436368837644
6878,2753.436368837644
6879,2753.436368837644
6880,2753.436368837644
6881,2753.436368837644
6882,2753.436368837644
6883,2753.436368837644
6884,2753.436368837644
6885,2753.436368837644
6886,2753.436368837644
6887,2753.436368837644
6888,2753.436368837644
6889,2753.436368837644
6890,2753.436368837644
6891,2753.436368837644
6892,2753.436368837644
6893,2753.436368837644
6894,2753.436368837644
6895,2753.436368837644
6896,2753.436368837644
6897,2753.436368837644
6898,2753.436368837644
6899,2753.436368837644
6900,2753.436368837644
6901,2753.436368837644
6902,2753.436368837644
6903,2753.436368837644
6904,2753.436368837644
6905,2753.436368837644
6906,2753.436368837644
6907,2753.436368837644
6908,2753.436368837644
6909,2753.436368837644
6910,2753.436368837644
6911,2753.436368837644
6912,2753.436368837644
6913,2753.436368837644
6914,2753.436368837644
6915,2753.436368837644
6916,2753.436368837644
6917,2753.436368837644
6918,2753.436368837644
6919,2753.436368837644
6920,2753.436368837644
6921,2753.436368837644
6922,2753.436368837644
6923,2753.436368837644
6924,2753.436368837644
6925,2753.436368837644
6926,2753.436368837644
6927,2753.436368837644
6928,2753.436368837644
6929,2753.436368837644
6930,2753.436368837644
6931,2753.436368837644
6932,2753.436368837644
6933,2753.436368837644
6934,2753.436368837644
6935,2753.436368837644
6936,2753.436368837644
6937,2753.436368837644
6938,2753.436368837644
6939,2753.436368837644
6940,2753.436368837644
6941,2753.436368837644
6942,2753.436368837644
6943,2753.436368837644
6944,2753.436368837644
6945,2753.436368837644
6946,2753.436368837644
6947,2753.436368837644
6948,2753.436368837644
6949,2753.436368837644
6950,2753.436368837644
6951,2753.436368837644
6952,2753.436368837644
6953,2753.436368837644
6954,2753.436368837644
6955,2753.436368837644
6956,2753.436368837644
6957,2753.436368837644
6958,2753.436368837644
6959,2753.436368837644
6960,2753.436368837644
6961,2753.436368837644
6962,2753.436368837644
6963,2753.436368837644
6964,2753.436368837644
6965,2753.436368837644
6966,2753.436368837644
6967,2753.436368837644
6968,2753.436368837644
6969,2733.3706456644973
6970,2733.3706456644973
6971,2733.3706456644973
6972,2733.3706456644973
6973,2733.3706456644973
6974,2733.3706456644973
6975,2733.3706456644973
6976,2733.3706456644973
6977,2733.3706456644973
6978,2733.3706456644973
6979,2733.3706456644973
6980,2733.3706456644973
6981,2733.3706456644973
6982,2733.3706456644973
6983,2733.3706456644973
6984,2733.3706456644973
6985,2733.3706456644973
6986,2733.3706456644973
6987,2733.3706456644973
6988,2733.3706456644973
6989,2733.3706456644973
6990,2733.3706456644973
6991,2733.3706456644973
6992,2733.3706456644973
6993,2733.3706456644973
6994,2733.3706456644973
6995,2733.3706456644973
6996,2733.3706456644973
6997,2733.3706456644973
6998,2733.3706456644973
6999,2733.3706456644973
7000,2733.3706456644973
7001,2733.3706456644973
7002,2733.3706456644973
7003,2733.3706456644973
7004,2733.3706456644973
7005,2732.065991451006
7006,2732.065991451006
7007,2732.065991451006
7008,2732.065991451006
7009,2732.065991451006
7010,2732.065991451006
7011,2732.065991451006
7012,2732.065991451006
7013,2732.065991451006
7014,2732.065991451006
7015,2732.065991451006
7016,2732.065991451006
7017,2732.065991451006
7018,2732.065991451006
7019,2732.065991451006
7020,2732.065991451006
7021,2732.065991451006
7022,2732.065991451006
7023,2732.065991451006
7024,2732.065991451006
7025,2732.065991451006
7026,2732.065991451006
7027,2732.065991451006
7028,2732.065991451006
7029,2732.065991451006
7030,2732.065991451006
7031,2721.0981256704003
7032,2721.0981256704003
7033,2721.0981256704003
7034,2721.0981256704003
7035,2721.0981256704003
7036,2721.0981256704003
7037,2721.0981256704003
7038,2721.0981256704003
7039,2721.0981256704003
7040,2721.0981256704003
7041,2721.0981256704003
7042,2721.0981256704003
7043,2721.0981256704003
7044,2721.0981256704003
7045,2721.0981256704003
7046,2721.0981256704003
7047,2721.0981256704003
7048,2721.0981256704003
7049,2721.0981256704003
7050,2721.0981256704003
7051,2721.0981256704003
7052,2721.0981256704003
7053,2721.0981256704003
7054,2721.0981256704003
7055,2721.0981256704003
7056,2721.0981256704003
7057,2714.783723417118
7058,2714.783723417118
7059,2714.783723417118
7060,2714.783723417118
7061,2714.783723417118
7062,2714.783723417118
7063,2714.783723417118
7064,2711.987282222343
7065,2711.987282222343
7066,2711.987282222343
7067,2711.987282222343
7068,2711.987282222343
7069,2711.987282222343
7070,2711.987282222343
7071,2711.987282222343
7072,2711.987282222343
7073,2711.987282222343
7074,2711.987282222343
7075,2711.987282222343
7076,2711.987282222343
7077,2705.94807743332
7078,2705.94807743332
7079,2705.94807743332
7080,2705.94807743332
7081,2705.94807743332
7082,2705.94807743332
7083,2705.94807743332
7084,2705.94807743332
7085,2705.94807743332
7086,2705.94807743332
7087,2705.94807743332
7088,2705.94807743332
7089,2705.94807743332
7090,2705.94807743332
7091,2705.94807743332
7092,2705.94807743332
7093,2705.94807743332
7094,2685.3052776871405
7095,2685.3052776871405
7096,2685.3052776871405
7097,2685.3052776871405
7098,2685.3052776871405
7099,2685.3052776871405
7100,2685.3052776871405
7101,2685.3052776871405
7102,2685.3052776871405
7103,2685.3052776871405
7104,2685.3052776871405
7105,2685.3052776871405
7106,2685.3052776871405
7107,2668.0769364671664
7108,2668.0769364671664
7109,2668.0769364671664
7110,2668.0769364671664
7111,2668.0769364671664
7112,2668.0769364671664
7113,2668.0769364671664
7114,2668.0769364671664
7115,2666.2931469635855
7116,2666.2931469635855
7117,2666.2931469635855
7118,2666.2931469635855
7119,2666.2931469635855
7120,2666.2931469635855
7121,2666.2931469635855
7122,2666.2931469635855
7123,2666.2931469635855
7124,2666.2931469635855
7125,2666.2931469635855
7126,2666.2931469635855
7127,2666.2931469635855
7128,2666.2931469635855
7129,2666.2931469635855
7130,2666.2931469635855
7131,2666.2931469635855
7132,2666.2931469635855
7133,2666.2931469635855
7134,2666.2931469635855
7135,2666.2931469635855
7136,2666.2931469635855
7137,2666.2931469635855
7138,2666.2931469635855
7139,2666.2931469635855
7140,2666.2931469635855
7141,2666.2931469635855
7142,2666.2931469635855
7143,2666.2931469635855
7144,2666.2931469635855
7145,2666.2931469635855
7146,2666.2931469635855
7147,2666.2931469635855
7148,2666.2931469635855
7149,2666.2931469635855
7150,2666.2931469635855
7151,2666.2931469635855
7152,2666.2931469635855
7153,2666.2931469635855
7154,2666.2931469635855
7155,2666.2931469635855
7156,2666.2931469635855
7157,2666.2931469635855
7158,2666.2931469635855
7159,2666.2931469635855
7160,2666.2931469635855
7161,2666.2931469635855
7162,2666.2931469635855
7163,2666.2931469635855
7164,2666.2931469635855
7165,2666.2931469635855
7166,2666.2931469635855
7167,2666.2931469635855
7168,2666.2931469635855
7169,2666.2931469635855
7170,2666.2931469635855
7171,2666.2931469635855
7172,2666.2931469635855
7173,2666.2931469635855
7174,2666.2931469635855
7175,2666.2931469635855
7176,2666.2931469635855
7177,2666.2931469635855
7178,2666.2931469635855
7179,2666.2931469635855
7180,2666.2931469635855
7181,2666.2931469635855
7182,2666.2931469635855
7183,2666.2931469635855
7184,2666.2931469635855
7185,2666.2931469635855
7186,2666.2931469635855
7187,2666.2931469635855
7188,2666.2931469635855
7189,2666.2931469635855
7190,2666.2931469635855
7191,2666.2931469635855
7192,2638.5211686618254
7193,2638.5211686618254
7194,2638.5211686618254
7195,2638.5211686618254
7196,2638.5211686618254
7197,2638.5211686618254
7198,2638.5211686618254
7199,2638.5211686618254
7200,2638.5211686618254
7201,2638.5211686618254
7202,2638.5211686618254
7203,2638.5211686618254
7204,2638.5211686618254
7205,2638.5211686618254
7206,2638.5211686618254
7207,2638.5211686618254
7208,2638.5211686618254
7209,2638.5211686618254
7210,2638.5211686618254
7211,2638.5211686618254
7212,2638.5211686618254
7213,2638.5211686618254
7214,2638.5211686618254
7215,2638.5211686618254
7216,2638.5211686618254
7217,2638.5211686618254
7218,2638.5211686618254
7219,2638.5211686618254
7220,2638.5211686618254
7221,2638.5211686618254
7222,2638.5211686618254
7223,2638.5211686618254
7224,2638.5211686618254
7225,2638.5211686618254
7226,2638.5211686618254
7227,2638.5211686618254
7228,2638.5211686618254
7229,2638.5211686618254
7230,2638.5211686618254
7231,2631.976088806178
7232,2631.976088806178
7233,2631.976088806178
7234,2631.976088806178
7235,2631.976088806178
7236,2631.976088806178
7237,2631.976088806178
7238,2631.976088806178
7239,2631.976088806178
7240,2631.976088806178
7241,2617.522118568391
7242,2617.522118568391
7243,2617.522118568391
7244,2617.522118568391
7245,2605.8715065610445
7246,2605.8715065610445
7247,2605.8715065610445
7248,2605.8715065610445
7249,2605.8715065610445
7250,2605.8715065610445
7251,2605.8715065610445
7252,2605.8715065610445
7253,2605.8715065610445
7254,2605.8715065610445
7255,2605.8715065610445
7256,2605.8715065610445
7257,2605.8715065610445
7258,2605.8715065610445
7259,2605.8715065610445
7260,2605.8715065610445
7261,2605.8715065610445
7262,2605.8715065610445
7263,2605.8715065610445
7264,2605.8715065610445
7265,2605.8715065610445
7266,2605.8715065610445
7267,2605.8715065610445
7268,2605.8715065610445
7269,2605.8715065610445
7270,2605.8715065610445
7271,2605.8715065610445
7272,2605.8715065610445
7273,2605.8715065610445
7274,2605.8715065610445
7275,2605.8715065610445
7276,2605.8715065610445
7277,2605.8715065610445
7278,2605.8715065610445
7279,2605.8715065610445
7280,2605.8715065610445
7281,2605.8715065610445
7282,2605.8715065610445
7283,2605.8715065610445
7284,2605.8715065610445
7285,2605.8715065610445
7286,2605.8715065610445
7287,2605.8715065610445
7288,2605.8715065610445
7289,2605.8715065610445
7290,2605.8715065610445
7291,2605.8715065610445
7292,2605.8715065610445
7293,2605.8715065610445
7294,2605.8715065610445
7295,2605.8715065610445
7296,2605.8715065610445
7297,2605.8715065610445
7298,2605.8715065610445
7299,2605.8715065610445
7300,2605.8715065610445
7301,2605.8715065610445
7302,2605.8715065610445
7303,2605.8715065610445
7304,2605.8715065610445
7305,2605.8715065610445
7306,2605.8715065610445
7307,2605.8715065610445
7308,2605.8715065610445
7309,2605.8715065610445
7310,2605.8715065610445
7311,2605.8715065610445
7312,2605.8715065610445
7313,2605.8715065610445
7314,2605.8715065610445
7315,2605.8715065610445
7316,2605.8715065610445
7317,2605.8715065610445
7318,2605.8715065610445
7319,2605.8715065610445
7320,2605.8715065610445
7321,2605.8715065610445
7322,2605.8715065610445
7323,2605.8715065610445
7324,2605.8715065610445
7325,2605.8715065610445
7326,2605.8715065610445
7327,2605.8715065610445
7328,2605.8715065610445
7329,2592.9022099708723
7330,2592.9022099708723
7331,2592.9022099708723
7332,2592.9022099708723
7333,2592.9022099708723
7334,2592.9022099708723
7335,2592.9022099708723
7336,2592.9022099708723
7337,2592.9022099708723
7338,2592.9022099708723
7339,2585.2759892012236
7340,2585.2759892012236
7341,2585.2759892012236
7342,2585.2759892012236
7343,2585.2759892012236
7344,2585.2759892012236
7345,2585.2759892012236
7346,2585.2759892012236
7347,2585.2759892012236
7348,2585.2759892012236
7349,2585.2759892012236
7350,2585.2759892012236
7351,2585.2759892012236
7352,2585.2759892012236
7353,2585.2759892012236
7354,2585.2759892012236
7355,2585.2759892012236
7356,2585.2759892012236
7357,2585.2759892012236
7358,2585.2759892012236
7359,2585.2759892012236
7360,2585.2759892012236
7361,2585.2759892012236
7362,2585.2759892012236
7363,2585.2759892012236
7364,2585.2759892012236
7365,2585.2759892012236
7366,2585.2759892012236
7367,2585.2759892012236
7368,2585.2759892012236
7369,2585.2759892012236
7370,2585.2759892012236
7371,2585.2759892012236
7372,2585.2759892012236
7373,2585.2759892012236
7374,2585.2759892012236
7375,2585.2759892012236
7376,2585.2759892012236
7377,2585.2759892012236
7378,2585.2759892012236
7379,2585.2759892012236
7380,2585.2759892012236
7381,2585.2759892012236
7382,2585.2759892012236
7383,2585.2759892012236
7384,2585.2759892012236
7385,2585.2759892012236
7386,2585.2759892012236
7387,2585.2759892012236
7388,2585.2759892012236
7389,2585.2759892012236
7390,2585.2759892012236
7391,2585.2759892012236
7392,2585.2759892012236
7393,2585.2759892012236
7394,2585.2759892012236
7395,2585.2759892012236
7396,2585.2759892012236
7397,2585.2759892012236
7398,2585.2759892012236
7399,2585.2759892012236
7400,2585.2759892012236
7401,2585.2759892012236
7402,2585.2759892012236
7403,2585.2759892012236
7404,2585.2759892012236
7405,2585.2759892012236
7406,2585.2759892012236
7407,2585.2759892012236
7408,2585.2759892012236
7409,2585.2759892012236
7410,2585.2759892012236
7411,2585.2759892012236
7412,2585.2759892012236
7413,2585.2759892012236
7414,2585.2759892012236
7415,2585.2759892012236
7416,2585.2759892012236
7417,2585.2759892012236
7418,2585.2759892012236
7419,2585.2759892012236
7420,2585.2759892012236
7421,2585.2759892012236
7422,2585.2759892012236
7423,2585.2759892012236
7424,2585.2759892012236
7425,2585.2759892012236
7426,2585.2759892012236
7427,2585.2759892012236
7428,2585.2759892012236
7429,2585.2759892012236
7430,2585.2759892012236
7431,2585.2759892012236
7432,2585.2759892012236
7433,2585.2759892012236
7434,2585.2759892012236
7435,2585.2759892012236
7436,2585.2759892012236
7437,2585.2759892012236
7438,2585.2759892012236
7439,2585.2759892012236
7440,2585.2759892012236
7441,2585.2759892012236
7442,2585.2759892012236
7443,2585.2759892012236
7444,2585.2759892012236
7445,2585.2759892012236
7446,2585.2759892012236
7447,2585.2759892012236
7448,2585.2759892012236
7449,2585.2759892012236
7450,2585.2759892012236
7451,2585.2759892012236
7452,2585.2759892012236
7453,2585.2759892012236
7454,2585.2759892012236
7455,2585.2759892012236
7456,2585.2759892012236
7457,2585.2759892012236
7458,2585.2759892012236
7459,2553.811783564745
7460,2553.811783564745
7461,2553.811783564745
7462,2553.811783564745
7463,2553.811783564745
7464,2553.811783564745
7465,2553.811783564745
7466,2553.811783564745
7467,2553.811783564745
7468,2553.811783564745
7469,2553.811783564745
7470,2553.811783564745
7471,2553.811783564745
7472,2553.811783564745
7473,2553.811783564745
7474,2553.811783564745
7475,2553.811783564745
7476,2553.811783564745
7477,2553.811783564745
7478,2553.811783564745
7479,2553.811783564745
7480,2553.811783564745
7481,2553.811783564745
7482,2553.811783564745
7483,2553.811783564745
7484,2553.811783564745
7485,2553.811783564745
7486,2553.811783564745
7487,2553.811783564745
7488,2553.811783564745
7489,2553.811783564745
7490,2553.811783564745
7491,2553.811783564745
7492,2553.811783564745
7493,2553.811783564745
7494,2553.811783564745
7495,2553.811783564745
7496,2553.811783564745
7497,2553.811783564745
7498,2553.811783564745
7499,2553.811783564745
7500,2553.811783564745
7501,2553.811783564745
7502,2553.811783564745
7503,2553.811783564745
7504,2553.811783564745
7505,2553.811783564745
7506,2553.811783564745
7507,2553.811783564745
7508,2553.811783564745
7509,2553.811783564745
7510,2553.811783564745
7511,2553.811783564745
7512,2553.811783564745
7513,2553.811783564745
7514,2553.811783564745
7515,2553.811783564745
7516,2553.811783564745
7517,2553.811783564745
7518,2553.811783564745
7519,2553.811783564745
7520,2553.811783564745
7521,2553.811783564745
7522,2553.811783564745
7523,2553.811783564745
7524,2553.811783564745
7525,2553.811783564745
7526,2553.811783564745
7527,2553.811783564745
7528,2553.811783564745
7529,2553.811783564745
7530,2553.811783564745
7531,2553.811783564745
7532,2553.811783564745
7533,2553.811783564745
7534,2553.811783564745
7535,2553.811783564745
7536,2553.811783564745
7537,2553.811783564745
7538,2553.811783564745
7539,2553.811783564745
7540,2553.811783564745
7541,2553.811783564745
7542,2553.811783564745
7543,2553.811783564745
7544,2553.811783564745
7545,2553.811783564745
7546,2553.811783564745
7547,2553.811783564745
7548,2553.811783564745
7549,2553.811783564745
7550,2553.811783564745
7551,2553.811783564745
7552,2553.811783564745
7553,2553.811783564745
7554,2553.811783564745
7555,2553.811783564745
7556,2553.811783564745
7557,2553.811783564745
7558,2553.811783564745
7559,2553.811783564745
7560,2553.811783564745
7561,2553.811783564745
7562,2553.811783564745
7563,2553.811783564745
7564,2553.811783564745
7565,2553.811783564745
7566,2553.811783564745
7567,2553.811783564745
7568,2553.811783564745
7569,2553.811783564745
7570,2553.811783564745
7571,2553.811783564745
7572,2553.811783564745
7573,2553.811783564745
7574,2553.811783564745
7575,2553.811783564745
7576,2553.811783564745
7577,2553.811783564745
7578,2553.811783564745
7579,2553.811783564745
7580,2553.811783564745
7581,2553.811783564745
7582,2553.811783564745
7583,2553.811783564745
7584,2553.811783564745
7585,2553.811783564745
7586,2553.811783564745
7587,2553.811783564745
7588,2553.811783564745
7589,2553.811783564745
7590,2553.811783564745
7591,2553.811783564745
7592,2553.811783564745
7593,2553.811783564745
7594,2553.811783564745
7595,2553.811783564745
7596,2553.811783564745
7597,2553.811783564745
7598,2553.811783564745
7599,2553.811783564745
7600,2553.811783564745
7601,2553.811783564745
7602,2553.811783564745
7603,2553.811783564745
7604,2553.811783564745
7605,2553.811783564745
7606,2553.811783564745
7607,2553.811783564745
7608,2553.811783564745
7609,2553.811783564745
7610,2553.811783564745
7611,2553.811783564745
7612,2553.811783564745
7613,2553.811783564745
7614,2553.811783564745
7615,2553.811783564745
7616,2553.811783564745
7617,2553.811783564745
7618,2553.811783564745
7619,2553.811783564745
7620,2553.811783564745
7621,2553.811783564745
7622,2553.811783564745
7623,2553.811783564745
7624,2553.811783564745
7625,2553.811783564745
7626,2553.811783564745
7627,2553.811783564745
7628,2553.811783564745
7629,2553.811783564745
7630,2553.811783564745
7631,2553.811783564745
7632,2553.811783564745
7633,2553.811783564745
7634,2553.811783564745
7635,2553.811783564745
7636,2553.811783564745
7637,2553.811783564745
7638,2553.811783564745
7639,2553.811783564745
7640,2553.811783564745
7641,2553.811783564745
7642,2553.811783564745
7643,2553.811783564745
7644,2553.811783564745
7645,2553.811783564745
7646,2553.811783564745
7647,2553.811783564745
7648,2553.811783564745
7649,2553.811783564745
7650,2553.811783564745
7651,2553.811783564745
7652,2553.811783564745
7653,2553.811783564745
7654,2553.811783564745
7655,2553.811783564745
7656,2553.811783564745
7657,2553.811783564745
7658,2553.811783564745
7659,2553.811783564745
7660,2553.811783564745
7661,2553.811783564745
7662,2553.811783564745
7663,2553.811783564745
7664,2553.811783564745
7665,2553.811783564745
7666,2553.811783564745
7667,2553.811783564745
7668,2553.811783564745
7669,2553.811783564745
7670,2553.811783564745
7671,2553.811783564745
7672,2553.811783564745
7673,2553.811783564745
7674,2553.811783564745
7675,2553.811783564745
7676,2553.811783564745
7677,2553.811783564745
7678,2553.811783564745
7679,2553.811783564745
7680,2553.811783564745
7681,2553.811783564745
7682,2553.811783564745
7683,2553.811783564745
7684,2553.811783564745
7685,2553.811783564745
7686,2553.811783564745
7687,2553.811783564745
7688,2553.811783564745
7689,2553.811783564745
7690,2553.811783564745
7691,2553.811783564745
7692,2553.811783564745
7693,2553.811783564745
7694,2553.811783564745
7695,2553.811783564745
7696,2553.811783564745
7697,2553.811783564745
7698,2553.811783564745
7699,2553.811783564745
7700,2553.811783564745
7701,2553.811783564745
7702,2553.811783564745
7703,2553.811783564745
7704,2553.811783564745
7705,2553.811783564745
7706,2553.811783564745
7707,2553.811783564745
7708,2553.811783564745
7709,2553.811783564745
7710,2553.811783564745
7711,2553.811783564745
7712,2553.811783564745
7713,2553.811783564745
7714,2553.811783564745
7715,2553.811783564745
7716,2553.811783564745
7717,2553.811783564745
7718,2553.811783564745
7719,2553.811783564745
7720,2553.811783564745
7721,2553.811783564745
7722,2553.811783564745
7723,2553.811783564745
7724,2553.811783564745
7725,2553.811783564745
7726,2553.811783564745
7727,2553.811783564745
7728,2553.811783564745
7729,2553.811783564745
7730,2553.811783564745
7731,2553.811783564745
7732,2553.811783564745
7733,2553.811783564745
7734,2553.811783564745
7735,2553.811783564745
7736,2553.811783564745
7737,2553.811783564745
7738,2553.811783564745
7739,2553.811783564745
7740,2553.811783564745
7741,2553.811783564745
7742,2553.811783564745
7743,2553.811783564745
7744,2553.811783564745
7745,2553.811783564745
7746,2553.811783564745
7747,2553.811783564745
7748,2553.811783564745
7749,2553.811783564745
7750,2553.811783564745
7751,2553.811783564745
7752,2553.811783564745
7753,2553.811783564745
7754,2553.811783564745
7755,2553.811783564745
7756,2553.811783564745
7757,2553.811783564745
7758,2553.811783564745
7759,2553.811783564745
7760,2553.811783564745
7761,2553.811783564745
7762,2553.811783564745
7763,2553.811783564745
7764,2553.811783564745
7765,2553.811783564745
7766,2553.811783564745
7767,2553.811783564745
7768,2553.811783564745
7769,2553.811783564745
7770,2553.811783564745
7771,2553.811783564745
7772,2553.811783564745
7773,2553.811783564745
7774,2553.811783564745
7775,2553.811783564745
7776,2553.811783564745
7777,2553.811783564745
7778,2553.811783564745
7779,2553.811783564745
7780,2553.811783564745
7781,2553.811783564745
7782,2553.811783564745
7783,2553.811783564745
7784,2553.811783564745
7785,2553.811783564745
7786,2553.811783564745
7787,2553.811783564745
7788,2553.811783564745
7789,2553.811783564745
7790,2553.811783564745
7791,2553.811783564745
7792,2553.811783564745
7793,2553.811783564745
7794,2553.811783564745
7795,2553.811783564745
7796,2553.811783564745
7797,2553.811783564745
7798,2553.811783564745
7799,2553.811783564745
7800,2553.811783564745
7801,2553.811783564745
7802,2553.811783564745
7803,2553.811783564745
7804,2553.811783564745
7805,2553.811783564745
7806,2553.811783564745
7807,2553.811783564745
7808,2553.811783564745
7809,2553.811783564745
7810,2553.811783564745
7811,2553.811783564745
7812,2553.811783564745
7813,2553.811783564745
7814,2553.811783564745
7815,2553.811783564745
7816,2553.811783564745
7817,2553.811783564745
7818,2553.811783564745
7819,2553.811783564745
7820,2553.811783564745
7821,2553.811783564745
7822,2553.811783564745
7823,2553.811783564745
7824,2553.811783564745
7825,2553.811783564745
7826,2553.811783564745
7827,2553.811783564745
7828,2553.811783564745
7829,2553.811783564745
7830,2553.811783564745
7831,2553.811783564745
7832,2553.811783564745
7833,2553.811783564745
7834,2553.811783564745
7835,2553.811783564745
7836,2553.811783564745
7837,2553.811783564745
7838,2553.811783564745
7839,2553.811783564745
7840,2553.811783564745
7841,2553.811783564745
7842,2553.811783564745
7843,2553.811783564745
7844,2553.811783564745
7845,2553.811783564745
7846,2553.811783564745
7847,2553.811783564745
7848,2553.811783564745
7849,2553.811783564745
7850,2553.811783564745
7851,2532.6309594870113
7852,2532.6309594870113
7853,2532.6309594870113
7854,2532.6309594870113
7855,2532.6309594870113
7856,2532.6309594870113
7857,2532.6309594870113
7858,2532.6309594870113
7859,2532.6309594870113
7860,2532.6309594870113
7861,2532.6309594870113
7862,2532.6309594870113
7863,2532.6309594870113
7864,2532.6309594870113
7865,2532.6309594870113
7866,2532.6309594870113
7867,2532.6309594870113
7868,2532.6309594870113
7869,2532.6309594870113
7870,2532.6309594870113
7871,2532.6309594870113
7872,2532.6309594870113
7873,2532.6309594870113
7874,2532.6309594870113
7875,2532.6309594870113
7876,2532.6309594870113
7877,2532.6309594870113
7878,2532.6309594870113
7879,2532.6309594870113
7880,2532.6309594870113
7881,2532.6309594870113
7882,2532.6309594870113
7883,2532.6309594870113
7884,2532.6309594870113
7885,2532.6309594870113
7886,2532.6309594870113
7887,2532.6309594870113
7888,2532.6309594870113
7889,2532.6309594870113
7890,2532.6309594870113
7891,2532.6309594870113
7892,2532.6309594870113
7893,2532.6309594870113
7894,2532.6309594870113
7895,2532.6309594870113
7896,2532.6309594870113
7897,2532.6309594870113
7898,2532.6309594870113
7899,2499.9207315372323
7900,2499.9207315372323
7901,2499.9207315372323
7902,2499.9207315372323
7903,2499.9207315372323
7904,2499.9207315372323
7905,2499.9207315372323
7906,2499.9207315372323
7907,2499.9207315372323
7908,2499.9207315372323
7909,2499.9207315372323
7910,2499.9207315372323
7911,2499.9207315372323
7912,2499.9207315372323
7913,2499.9207315372323
7914,2499.9207315372323
7915,2499.9207315372323
7916,2499.9207315372323
7917,2499.9207315372323
7918,2485.7905795618744
7919,2485.7905795618744
7920,2485.7905795618744
7921,2485.7905795618744
7922,2485.7905795618744
7923,2485.7905795618744
7924,2485.7905795618744
7925,2485.7905795618744
7926,2485.7905795618744
7927,2485.7905795618744
7928,2485.7905795618744
7929,2485.7905795618744
7930,2485.7905795618744
7931,2485.7905795618744
7932,2485.7905795618744
7933,2485.7905795618744
7934,2485.7905795618744
7935,2485.7905795618744
7936,2485.7905795618744
7937,2485.7905795618744
7938,2485.7905795618744
7939,2485.7905795618744
7940,2485.7905795618744
7941,2485.7905795618744
7942,2485.7905795618744
7943,2485.7905795618744
7944,2485.7905795618744
7945,2485.7905795618744
7946,2485.7905795618744
7947,2485.7905795618744
7948,2485.7905795618744
7949,2485.7905795618744
7950,2485.7905795618744
7951,2485.7905795618744
7952,2485.7905795618744
7953,2485.7905795618744
7954,2485.7905795618744
7955,2485.7905795618744
7956,2485.7905795618744
7957,2485.7905795618744
7958,2485.7905795618744
7959,2485.7905795618744
7960,2485.7905795618744
7961,2485.7905795618744
7962,2485.7905795618744
7963,2485.7905795618744
7964,2485.7905795618744
7965,2485.7905795618744
7966,2485.7905795618744
7967,2485.7905795618744
7968,2485.7905795618744
7969,2485.7905795618744
7970,2485.7905795618744
7971,2485.7905795618744
7972,2456.8099076950625
7973,2456.8099076950625
7974,2456.8099076950625
7975,2456.8099076950625
7976,2456.8099076950625
7977,2456.8099076950625
7978,2456.8099076950625
7979,2456.8099076950625
7980,2456.8099076950625
7981,2456.8099076950625
7982,2456.8099076950625
7983,2456.8099076950625
7984,2456.8099076950625
7985,2456.8099076950625
7986,2456.8099076950625
7987,2456.8099076950625
7988,2456.8099076950625
7989,2446.551506825871
7990,2446.551506825871
7991,2446.551506825871
7992,2446.551506825871
7993,2446.551506825871
7994,2446.551506825871
7995,2446.551506825871
7996,2446.551506825871
7997,2446.551506825871
7998,2446.551506825871
7999,2446.551506825871
8000,2446.551506825871
8001,2446.551506825871
8002,2446.551506825871
8003,2446.551506825871
8004,2446.551506825871
8005,2446.551506825871
8006,2446.551506825871
8007,2446.551506825871
8008,2446.551506825871
8009,2446.551506825871
8010,2446.551506825871
8011,2446.551506825871
8012,2446.551506825871
8013,2446.551506825871
8014,2446.551506825871
8015,2446.551506825871
8016,2446.551506825871
8017,2446.551506825871
8018,2446.551506825871
8019,2446.551506825871
8020,2446.551506825871
8021,2446.551506825871
8022,2446.551506825871
8023,2446.551506825871
8024,2446.551506825871
8025,2446.551506825871
8026,2446.551506825871
8027,2446.551506825871
8028,2446.551506825871
8029,2446.551506825871
8030,2446.551506825871
8031,2446.551506825871
8032,2446.551506825871
8033,2438.1697133742127
8034,2438.1697133742127
8035,2438.1697133742127
8036,2430.4061160734186
8037,2430.4061160734186
8038,2430.4061160734186
8039,2430.4061160734186
8040,2430.4061160734186
8041,2430.4061160734186
8042,2430.4061160734186
8043,2430.4061160734186
8044,2430.4061160734186
8045,2430.4061160734186
8046,2430.4061160734186
8047,2430.4061160734186
8048,2430.4061160734186
8049,2430.4061160734186
8050,2430.4061160734186
8051,2430.4061160734186
8052,2430.4061160734186
8053,2430.4061160734186
8054,2430.4061160734186
8055,2430.4061160734186
8056,2430.4061160734186
8057,2430.4061160734186
8058,2430.4061160734186
8059,2430.4061160734186
8060,2430.4061160734186
8061,2430.4061160734186
8062,2430.4061160734186
8063,2430.4061160734186
8064,2430.4061160734186
8065,2430.4061160734186
8066,2430.4061160734186
8067,2430.4061160734186
8068,2430.4061160734186
8069,2430.4061160734186
8070,2430.4061160734186
8071,2430.4061160734186
8072,2430.4061160734186
8073,2430.4061160734186
8074,2430.4061160734186
8075,2430.4061160734186
8076,2430.4061160734186
8077,2430.4061160734186
8078,2430.4061160734186
8079,2430.4061160734186
8080,2430.4061160734186
8081,2430.4061160734186
8082,2430.4061160734186
8083,2430.4061160734186
8084,2430.4061160734186
8085,2430.4061160734186
8086,2430.4061160734186
8087,2430.4061160734186
8088,2430.4061160734186
8089,2430.4061160734186
8090,2430.4061160734186
8091,2430.4061160734186
8092,2430.4061160734186
8093,2430.4061160734186
8094,2430.4061160734186
8095,2430.4061160734186
8096,2430.4061160734186
8097,2430.4061160734186
8098,2430.4061160734186
8099,2430.4061160734186
8100,2430.4061160734186
8101,2430.4061160734186
8102,2430.4061160734186
8103,2430.4061160734186
8104,2430.4061160734186
8105,2430.4061160734186
8106,2430.4061160734186
8107,2430.4061160734186
8108,2430.4061160734186
8109,2430.4061160734186
8110,2430.4061160734186
8111,2430.4061160734186
8112,2430.4061160734186
8113,2430.4061160734186
8114,2430.4061160734186
8115,2430.4061160734186
8116,2430.4061160734186
8117,2430.4061160734186
8118,2430.4061160734186
8119,2430.4061160734186
8120,2430.4061160734186
8121,2430.4061160734186
8122,2430.4061160734186
8123,2430.4061160734186
8124,2430.4061160734186
8125,2430.4061160734186
8126,2430.4061160734186
8127,2430.4061160734186
8128,2430.4061160734186
8129,2430.4061160734186
8130,2430.4061160734186
8131,2430.4061160734186
8132,2430.4061160734186
8133,2430.4061160734186
8134,2430.4061160734186
8135,2430.4061160734186
8136,2430.4061160734186
8137,2430.4061160734186
8138,2430.4061160734186
8139,2430.4061160734186
8140,2430.4061160734186
8141,2430.4061160734186
8142,2430.4061160734186
8143,2430.4061160734186
8144,2430.4061160734186
8145,2430.4061160734186
8146,2430.4061160734186
8147,2430.4061160734186
8148,2430.4061160734186
8149,2430.4061160734186
8150,2430.4061160734186
8151,2430.4061160734186
8152,2430.4061160734186
8153,2430.4061160734186
8154,2430.4061160734186
8155,2430.4061160734186
8156,2430.4061160734186
8157,2430.4061160734186
8158,2430.4061160734186
8159,2430.4061160734186
8160,2430.4061160734186
8161,2430.4061160734186
8162,2430.4061160734186
8163,2430.4061160734186
8164,2430.4061160734186
8165,2430.4061160734186
8166,2430.4061160734186
8167,2430.4061160734186
8168,2430.4061160734186
8169,2430.4061160734186
8170,2430.4061160734186
8171,2430.4061160734186
8172,2430.4061160734186
8173,2430.4061160734186
8174,2430.4061160734186
8175,2430.4061160734186
8176,2430.4061160734186
8177,2430.4061160734186
8178,2430.4061160734186
8179,2430.4061160734186
8180,2430.4061160734186
8181,2430.4061160734186
8182,2430.4061160734186
8183,2430.4061160734186
8184,2430.4061160734186
8185,2430.4061160734186
8186,2430.4061160734186
8187,2430.4061160734186
8188,2430.4061160734186
8189,2430.4061160734186
8190,2430.4061160734186
8191,2430.4061160734186
8192,2430.4061160734186
8193,2430.4061160734186
8194,2430.4061160734186
8195,2430.4061160734186
8196,2430.4061160734186
8197,2430.4061160734186
8198,2430.4061160734186
8199,2430.4061160734186
8200,2430.4061160734186
8201,2430.4061160734186
8202,2430.4061160734186
8203,2430.4061160734186
8204,2430.4061160734186
8205,2430.4061160734186
8206,2430.4061160734186
8207,2430.4061160734186
8208,2430.4061160734186
8209,2430.4061160734186
8210,2430.4061160734186
8211,2430.4061160734186
8212,2430.4061160734186
8213,2430.4061160734186
8214,2430.4061160734186
8215,2420.935704382699
8216,2420.935704382699
8217,2420.935704382699
8218,2420.935704382699
8219,2420.935704382699
8220,2420.935704382699
8221,2420.935704382699
8222,2420.935704382699
8223,2420.935704382699
8224,2420.935704382699
8225,2420.935704382699
8226,2420.935704382699
8227,2420.935704382699
8228,2420.935704382699
8229,2420.935704382699
8230,2420.935704382699
8231,2420.935704382699
8232,2420.935704382699
8233,2420.935704382699
8234,2420.935704382699
8235,2420.935704382699
8236,2420.935704382699
8237,2420.935704382699
8238,2420.935704382699
8239,2420.935704382699
8240,2420.935704382699
8241,2420.935704382699
8242,2420.935704382699
8243,2420.935704382699
8244,2420.935704382699
8245,2420.935704382699
8246,2420.935704382699
8247,2420.935704382699
8248,2420.935704382699
8249,2420.935704382699
8250,2420.935704382699
8251,2420.935704382699
8252,2420.935704382699
8253,2420.935704382699
8254,2420.935704382699
8255,2420.935704382699
8256,2420.935704382699
8257,2420.935704382699
8258,2420.935704382699
8259,2420.935704382699
8260,2420.935704382699
8261,2420.935704382699
8262,2420.935704382699
8263,2420.935704382699
8264,2420.935704382699
8265,2420.935704382699
8266,2420.935704382699
8267,2420.935704382699
8268,2420.935704382699
8269,2420.935704382699
8270,2420.935704382699
8271,2420.935704382699
8272,2420.935704382699
8273,2420.935704382699
8274,2420.935704382699
8275,2420.935704382699
8276,2420.935704382699
8277,2420.935704382699
8278,2420.935704382699
8279,2420.935704382699
8280,2420.935704382699
8281,2420.935704382699
8282,2420.935704382699
8283,2420.935704382699
8284,2420.935704382699
8285,2420.935704382699
8286,2420.935704382699
8287,2420.935704382699
8288,2420.935704382699
8289,2420.935704382699
8290,2420.935704382699
8291,2420.935704382699
8292,2420.935704382699
8293,2420.935704382699
8294,2420.935704382699
8295,2420.935704382699
8296,2420.935704382699
8297,2420.935704382699
8298,2420.935704382699
8299,2420.935704382699
8300,2420.935704382699
8301,2420.935704382699
8302,2420.935704382699
8303,2420.935704382699
8304,2420.935704382699
8305,2420.935704382699
8306,2420.935704382699
8307,2420.935704382699
8308,2420.935704382699
8309,2420.935704382699
8310,2420.935704382699
8311,2420.935704382699
8312,2420.935704382699
8313,2420.935704382699
8314,2420.935704382699
8315,2420.935704382699
8316,2420.935704382699
8317,2420.935704382699
8318,2420.935704382699
8319,2420.935704382699
8320,2420.935704382699
8321,2420.935704382699
8322,2420.935704382699
8323,2420.935704382699
8324,2420.935704382699
8325,2420.935704382699
8326,2420.935704382699
8327,2420.935704382699
8328,2420.935704382699
8329,2420.935704382699
8330,2420.935704382699
8331,2420.935704382699
8332,2420.935704382699
8333,2420.935704382699
8334,2420.935704382699
8335,2420.935704382699
8336,2420.935704382699
8337,2420.935704382699
8338,2420.935704382699
8339,2420.935704382699
8340,2420.935704382699
8341,2420.935704382699
8342,2420.935704382699
8343,2420.935704382699
8344,2420.935704382699
8345,2420.935704382699
8346,2420.935704382699
8347,2420.935704382699
8348,2420.935704382699
8349,2420.935704382699
8350,2420.935704382699
8351,2420.935704382699
8352,2420.935704382699
8353,2420.935704382699
8354,2420.935704382699
8355,2420.935704382699
8356,2420.935704382699
8357,2420.935704382699
8358,2420.935704382699
8359,2420.935704382699
8360,2420.935704382699
8361,2420.935704382699
8362,2420.935704382699
8363,2420.935704382699
8364,2420.935704382699
8365,2420.935704382699
8366,2420.935704382699
8367,2420.935704382699
8368,2420.935704382699
8369,2420.935704382699
8370,2420.935704382699
8371,2420.935704382699
8372,2420.935704382699
8373,2420.935704382699
8374,2420.935704382699
8375,2420.935704382699
8376,2420.935704382699
8377,2420.935704382699
8378,2420.935704382699
8379,2420.935704382699
8380,2420.935704382699
8381,2420.935704382699
8382,2420.935704382699
8383,2420.935704382699
8384,2420.935704382699
8385,2420.935704382699
8386,2420.935704382699
8387,2420.935704382699
8388,2420.935704382699
8389,2420.935704382699
8390,2420.935704382699
8391,2415.0453451770745
8392,2415.0453451770745
8393,2415.0453451770745
8394,2415.0453451770745
8395,2415.0453451770745
8396,2415.0453451770745
8397,2415.0453451770745
8398,2415.0453451770745
8399,2415.0453451770745
8400,2415.0453451770745
8401,2415.0453451770745
8402,2415.0453451770745
8403,2415.0453451770745
8404,2415.0453451770745
8405,2415.0453451770745
8406,2415.0453451770745
8407,2415.0453451770745
8408,2415.0453451770745
8409,2415.0453451770745
8410,2415.0453451770745
8411,2415.0453451770745
8412,2415.0453451770745
8413,2415.0453451770745
8414,2415.0453451770745
8415,2415.0453451770745
8416,2415.0453451770745
8417,2415.0453451770745
8418,2415.0453451770745
8419,2415.0453451770745
8420,2415.0453451770745
8421,2415.0453451770745
8422,2415.0453451770745
8423,2415.0453451770745
8424,2415.0453451770745
8425,2415.0453451770745
8426,2415.0453451770745
8427,2415.0453451770745
8428,2415.0453451770745
8429,2415.0453451770745
8430,2415.0453451770745
8431,2415.0453451770745
8432,2415.0453451770745
8433,2415.0453451770745
8434,2415.0453451770745
8435,2401.545116984741
8436,2401.545116984741
8437,2401.545116984741
8438,2401.545116984741
8439,2401.545116984741
8440,2401.545116984741
8441,2401.545116984741
8442,2401.545116984741
8443,2401.545116984741
8444,2401.545116984741
8445,2401.545116984741
8446,2401.545116984741
8447,2401.545116984741
8448,2401.545116984741
8449,2401.545116984741
8450,2401.545116984741
8451,2401.545116984741
8452,2401.545116984741
8453,2401.545116984741
8454,2401.545116984741
8455,2401.545116984741
8456,2401.545116984741
8457,2401.545116984741
8458,2401.545116984741
8459,2401.545116984741
8460,2401.545116984741
8461,2401.545116984741
8462,2401.545116984741
8463,2401.545116984741
8464,2401.545116984741
8465,2401.545116984741
8466,2401.545116984741
8467,2401.545116984741
8468,2401.545116984741
8469,2401.545116984741
8470,2400.107646413205
8471,2400.107646413205
8472,2400.107646413205
8473,2400.107646413205
8474,2400.107646413205
8475,2400.107646413205
8476,2400.107646413205
8477,2400.107646413205
8478,2400.107646413205
8479,2400.107646413205
8480,2400.107646413205
8481,2400.107646413205
8482,2400.107646413205
8483,2400.107646413205
8484,2400.107646413205
8485,2400.107646413205
8486,2400.107646413205
8487,2400.107646413205
8488,2400.107646413205
8489,2400.107646413205
8490,2400.107646413205
8491,2400.107646413205
8492,2400.107646413205
8493,2400.107646413205
8494,2400.107646413205
8495,2400.107646413205
8496,2400.107646413205
8497,2400.107646413205
8498,2400.107646413205
8499,2400.107646413205
8500,2400.107646413205
8501,2400.107646413205
8502,2400.107646413205
8503,2400.107646413205
8504,2400.107646413205
8505,2400.107646413205
8506,2400.107646413205
8507,2400.107646413205
8508,2400.107646413205
8509,2400.107646413205
8510,2400.107646413205
8511,2400.107646413205
8512,2400.107646413205
8513,2400.107646413205
8514,2400.107646413205
8515,2400.107646413205
8516,2400.107646413205
8517,2400.107646413205
8518,2400.107646413205
8519,2400.107646413205
8520,2400.107646413205
8521,2400.107646413205
8522,2400.107646413205
8523,2400.107646413205
8524,2400.107646413205
8525,2400.107646413205
8526,2400.107646413205
8527,2400.107646413205
8528,2400.107646413205
8529,2400.107646413205
8530,2400.107646413205
8531,2400.107646413205
8532,2400.107646413205
8533,2400.107646413205
8534,2400.107646413205
8535,2400.107646413205
8536,2400.107646413205
8537,2400.107646413205
8538,2400.107646413205
8539,2400.107646413205
8540,2400.107646413205
8541,2400.107646413205
8542,2400.107646413205
8543,2400.107646413205
8544,2400.107646413205
8545,2400.107646413205
8546,2400.107646413205
8547,2400.107646413205
8548,2400.107646413205
8549,2400.107646413205
8550,2400.107646413205
8551,2400.107646413205
8552,2400.107646413205
8553,2400.107646413205
8554,2400.107646413205
8555,2400.107646413205
8556,2400.107646413205
8557,2400.107646413205
8558,2400.107646413205
8559,2400.107646413205
8560,2400.107646413205
8561,2400.107646413205
8562,2400.107646413205
8563,2400.107646413205
8564,2400.107646413205
8565,2400.107646413205
8566,2400.107646413205
8567,2400.107646413205
8568,2400.107646413205
8569,2400.107646413205
8570,2400.107646413205
8571,2400.107646413205
8572,2400.107646413205
8573,2400.107646413205
8574,2400.107646413205
8575,2400.107646413205
8576,2400.107646413205
8577,2400.107646413205
8578,2400.107646413205
8579,2400.107646413205
8580,2396.510656717621
8581,2396.510656717621
8582,2396.510656717621
8583,2396.510656717621
8584,2396.510656717621
8585,2396.510656717621
8586,2396.510656717621
8587,2396.510656717621
8588,2396.510656717621
8589,2396.510656717621
8590,2396.510656717621
8591,2396.510656717621
8592,2396.510656717621
8593,2396.510656717621
8594,2396.510656717621
8595,2396.510656717621
8596,2396.510656717621
8597,2396.510656717621
8598,2396.510656717621
8599,2396.510656717621
8600,2396.510656717621
8601,2396.510656717621
8602,2396.510656717621
8603,2396.510656717621
8604,2396.510656717621
8605,2396.510656717621
8606,2396.510656717621
8607,2396.510656717621
8608,2396.510656717621
8609,2396.510656717621
8610,2396.510656717621
8611,2396.510656717621
8612,2396.510656717621
8613,2396.510656717621
8614,2396.510656717621
8615,2396.510656717621
8616,2396.510656717621
8617,2396.510656717621
8618,2396.510656717621
8619,2396.510656717621
8620,2396.510656717621
8621,2396.510656717621
8622,2396.510656717621
8623,2396.510656717621
8624,2396.510656717621
8625,2396.510656717621
8626,2396.510656717621
8627,2396.510656717621
8628,2396.510656717621
8629,2396.510656717621
8630,2396.510656717621
8631,2396.510656717621
8632,2396.510656717621
8633,2396.510656717621
8634,2396.510656717621
8635,2396.510656717621
8636,2396.510656717621
8637,2396.510656717621
8638,2396.510656717621
8639,2396.510656717621
8640,2396.510656717621
8641,2396.510656717621
8642,2396.510656717621
8643,2396.510656717621
8644,2396.510656717621
8645,2396.510656717621
8646,2396.510656717621
8647,2396.510656717621
8648,2396.510656717621
8649,2396.510656717621
8650,2396.510656717621
8651,2396.510656717621
8652,2396.510656717621
8653,2390.0381611757552
8654,2390.0381611757552
8655,2390.0381611757552
8656,2390.0381611757552
8657,2390.0381611757552
8658,2390.0381611757552
8659,2390.0381611757552
8660,2390.0381611757552
8661,2390.0381611757552
8662,2390.0381611757552
8663,2390.0381611757552
8664,2390.0381611757552
8665,2390.0381611757552
8666,2390.0381611757552
8667,2390.0381611757552
8668,2390.0381611757552
8669,2390.0381611757552
8670,2390.0381611757552
8671,2390.0381611757552
8672,2390.0381611757552
8673,2390.0381611757552
8674,2390.0381611757552
8675,2390.0381611757552
8676,2390.0381611757552
8677,2390.0381611757552
8678,2390.0381611757552
8679,2390.0381611757552
8680,2390.0381611757552
8681,2390.0381611757552
8682,2390.0381611757552
8683,2390.0381611757552
8684,2390.0381611757552
8685,2390.0381611757552
8686,2390.0381611757552
8687,2390.0381611757552
8688,2390.0381611757552
8689,2390.0381611757552
8690,2390.0381611757552
8691,2390.0381611757552
8692,2390.0381611757552
8693,2390.0381611757552
8694,2390.0381611757552
8695,2390.0381611757552
8696,2390.0381611757552
8697,2390.0381611757552
8698,2390.0381611757552
8699,2390.0381611757552
8700,2390.0381611757552
8701,2390.0381611757552
8702,2390.0381611757552
8703,2390.0381611757552
8704,2390.0381611757552
8705,2390.0381611757552
8706,2390.0381611757552
8707,2390.0381611757552
8708,2376.349823591496
8709,2376.349823591496
8710,2376.349823591496
8711,2376.349823591496
8712,2376.349823591496
8713,2376.349823591496
8714,2376.349823591496
8715,2376.349823591496
8716,2376.349823591496
8717,2376.349823591496
8718,2376.349823591496
8719,2376.349823591496
8720,2376.349823591496
8721,2376.349823591496
8722,2376.349823591496
8723,2376.349823591496
8724,2376.349823591496
8725,2376.349823591496
8726,2376.349823591496
8727,2376.349823591496
8728,2376.349823591496
8729,2376.349823591496
8730,2376.349823591496
8731,2376.349823591496
8732,2376.349823591496
8733,2376.349823591496
8734,2376.349823591496
8735,2376.349823591496
8736,2376.349823591496
8737,2376.349823591496
8738,2376.349823591496
8739,2376.349823591496
8740,2376.349823591496
8741,2376.349823591496
8742,2376.349823591496
8743,2376.349823591496
8744,2376.349823591496
8745,2376.349823591496
8746,2376.349823591496
8747,2376.349823591496
8748,2376.349823591496
8749,2376.349823591496
8750,2376.349823591496
8751,2376.349823591496
8752,2376.349823591496
8753,2376.349823591496
8754,2376.349823591496
8755,2376.349823591496
8756,2376.349823591496
8757,2376.349823591496
8758,2376.349823591496
8759,2376.349823591496
8760,2376.349823591496
8761,2376.349823591496
8762,2376.349823591496
8763,2376.349823591496
8764,2376.349823591496
8765,2376.349823591496
8766,2376.349823591496
8767,2376.349823591496
8768,2376.349823591496
8769,2376.349823591496
8770,2376.349823591496
8771,2376.349823591496
8772,2376.349823591496
8773,2376.349823591496
8774,2376.349823591496
8775,2376.349823591496
8776,2376.349823591496
8777,2376.349823591496
8778,2376.349823591496
8779,2376.349823591496
8780,2376.349823591496
8781,2376.349823591496
8782,2376.349823591496
8783,2376.349823591496
8784,2376.349823591496
8785,2376.349823591496
8786,2376.349823591496
8787,2376.349823591496
8788,2376.349823591496
8789,2376.349823591496
8790,2376.349823591496
8791,2376.349823591496
8792,2376.349823591496
8793,2376.349823591496
8794,2376.349823591496
8795,2376.349823591496
8796,2376.349823591496
8797,2376.349823591496
8798,2376.349823591496
8799,2376.349823591496
8800,2376.349823591496
8801,2376.349823591496
8802,2376.349823591496
8803,2376.349823591496
8804,2376.349823591496
8805,2376.349823591496
8806,2376.349823591496
8807,2376.349823591496
8808,2376.349823591496
8809,2376.349823591496
8810,2376.349823591496
8811,2376.349823591496
8812,2376.349823591496
8813,2376.349823591496
8814,2376.349823591496
8815,2376.349823591496
8816,2376.349823591496
8817,2376.349823591496
8818,2376.349823591496
8819,2376.349823591496
8820,2376.349823591496
8821,2376.349823591496
8822,2376.349823591496
8823,2376.349823591496
8824,2376.349823591496
8825,2376.349823591496
8826,2376.349823591496
8827,2376.349823591496
8828,2376.349823591496
8829,2376.349823591496
8830,2376.349823591496
8831,2376.349823591496
8832,2376.349823591496
8833,2376.349823591496
8834,2376.349823591496
8835,2376.349823591496
8836,2376.349823591496
8837,2376.349823591496
8838,2376.349823591496
8839,2376.349823591496
8840,2376.349823591496
8841,2376.349823591496
8842,2376.349823591496
8843,2376.349823591496
8844,2366.035762679472
8845,2366.035762679472
8846,2366.035762679472
8847,2366.035762679472
8848,2366.035762679472
8849,2366.035762679472
8850,2366.035762679472
8851,2366.035762679472
8852,2366.035762679472
8853,2366.035762679472
8854,2366.035762679472
8855,2366.035762679472
8856,2366.035762679472
8857,2366.035762679472
8858,2366.035762679472
8859,2366.035762679472
8860,2366.035762679472
8861,2366.035762679472
8862,2366.035762679472
8863,2366.035762679472
8864,2366.035762679472
8865,2366.035762679472
8866,2366.035762679472
8867,2366.035762679472
8868,2366.035762679472
8869,2366.035762679472
8870,2366.035762679472
8871,2366.035762679472
8872,2366.035762679472
8873,2366.035762679472
8874,2366.035762679472
8875,2366.035762679472
8876,2366.035762679472
8877,2366.035762679472
8878,2366.035762679472
8879,2366.035762679472
8880,2366.035762679472
8881,2366.035762679472
8882,2366.035762679472
8883,2366.035762679472
8884,2366.035762679472
8885,2366.035762679472
8886,2366.035762679472
8887,2366.035762679472
8888,2366.035762679472
8889,2366.035762679472
8890,2366.035762679472
8891,2366.035762679472
8892,2366.035762679472
8893,2366.035762679472
8894,2366.035762679472
8895,2366.035762679472
8896,2366.035762679472
8897,2366.035762679472
8898,2366.035762679472
8899,2366.035762679472
8900,2366.035762679472
8901,2366.035762679472
8902,2366.035762679472
8903,2366.035762679472
8904,2366.035762679472
8905,2366.035762679472
8906,2366.035762679472
8907,2366.035762679472
8908,2366.035762679472
8909,2366.035762679472
8910,2366.035762679472
8911,2366.035762679472
8912,2366.035762679472
8913,2366.035762679472
8914,2366.035762679472
8915,2366.035762679472
8916,2366.035762679472
8917,2366.035762679472
8918,2366.035762679472
8919,2366.035762679472
8920,2366.035762679472
8921,2366.035762679472
8922,2366.035762679472
8923,2366.035762679472
8924,2366.035762679472
8925,2366.035762679472
8926,2366.035762679472
8927,2366.035762679472
8928,2366.035762679472
8929,2366.035762679472
8930,2366.035762679472
8931,2366.035762679472
8932,2366.035762679472
8933,2366.035762679472
8934,2366.035762679472
8935,2366.035762679472
8936,2366.035762679472
8937,2366.035762679472
8938,2366.035762679472
8939,2366.035762679472
8940,2366.035762679472
8941,2366.035762679472
8942,2366.035762679472
8943,2366.035762679472
8944,2366.035762679472
8945,2366.035762679472
8946,2366.035762679472
8947,2366.035762679472
8948,2366.035762679472
8949,2366.035762679472
8950,2366.035762679472
8951,2366.035762679472
8952,2366.035762679472
8953,2366.035762679472
8954,2366.035762679472
8955,2366.035762679472
8956,2366.035762679472
8957,2366.035762679472
8958,2366.035762679472
8959,2366.035762679472
8960,2366.035762679472
8961,2366.035762679472
8962,2366.035762679472
8963,2366.035762679472
8964,2366.035762679472
8965,2366.035762679472
8966,2366.035762679472
8967,2366.035762679472
8968,2366.035762679472
8969,2366.035762679472
8970,2366.035762679472
8971,2366.035762679472
8972,2366.035762679472
8973,2366.035762679472
8974,2366.035762679472
8975,2366.035762679472
8976,2366.035762679472
8977,2366.035762679472
8978,2366.035762679472
8979,2366.035762679472
8980,2366.035762679472
8981,2366.035762679472
8982,2366.035762679472
8983,2366.035762679472
8984,2366.035762679472
8985,2366.035762679472
8986,2366.035762679472
8987,2366.035762679472
8988,2366.035762679472
8989,2366.035762679472
8990,2366.035762679472
8991,2366.035762679472
8992,2366.035762679472
8993,2366.035762679472
8994,2366.035762679472
8995,2366.035762679472
8996,2366.035762679472
8997,2366.035762679472
8998,2366.035762679472
8999,2366.035762679472
9000,2366.035762679472
9001,2366.035762679472
9002,2366.035762679472
9003,2366.035762679472
9004,2366.035762679472
9005,2366.035762679472
9006,2366.035762679472
9007,2366.035762679472
9008,2366.035762679472
9009,2366.035762679472
9010,2366.035762679472
9011,2366.035762679472
9012,2366.035762679472
9013,2366.035762679472
9014,2366.035762679472
9015,2366.035762679472
9016,2366.035762679472
9017,2366.035762679472
9018,2366.035762679472
9019,2366.035762679472
9020,2366.035762679472
9021,2366.035762679472
9022,2366.035762679472
9023,2366.035762679472
9024,2366.035762679472
9025,2366.035762679472
9026,2366.035762679472
9027,2366.035762679472
9028,2366.035762679472
9029,2366.035762679472
9030,2366.035762679472
9031,2366.035762679472
9032,2366.035762679472
9033,2366.035762679472
9034,2366.035762679472
9035,2366.035762679472
9036,2366.035762679472
9037,2366.035762679472
9038,2366.035762679472
9039,2366.035762679472
9040,2366.035762679472
9041,2366.035762679472
9042,2366.035762679472
9043,2366.035762679472
9044,2366.035762679472
9045,2366.035762679472
9046,2366.035762679472
9047,2366.035762679472
9048,2366.035762679472
9049,2366.035762679472
9050,2366.035762679472
9051,2366.035762679472
9052,2366.035762679472
9053,2366.035762679472
9054,2366.035762679472
9055,2366.035762679472
9056,2366.035762679472
9057,2366.035762679472
9058,2366.035762679472
9059,2366.035762679472
9060,2366.035762679472
9061,2366.035762679472
9062,2366.035762679472
9063,2366.035762679472
9064,2366.035762679472
9065,2366.035762679472
9066,2366.035762679472
9067,2366.035762679472
9068,2366.035762679472
9069,2366.035762679472
9070,2366.035762679472
9071,2366.035762679472
9072,2366.035762679472
9073,2366.035762679472
9074,2366.035762679472
9075,2366.035762679472
9076,2366.035762679472
9077,2366.035762679472
9078,2366.035762679472
9079,2366.035762679472
9080,2366.035762679472
9081,2366.035762679472
9082,2366.035762679472
9083,2366.035762679472
9084,2366.035762679472
9085,2366.035762679472
9086,2366.035762679472
9087,2366.035762679472
9088,2366.035762679472
9089,2366.035762679472
9090,2366.035762679472
9091,2366.035762679472
9092,2366.035762679472
9093,2366.035762679472
9094,2366.035762679472
9095,2366.035762679472
9096,2366.035762679472
9097,2366.035762679472
9098,2366.035762679472
9099,2366.035762679472
9100,2366.035762679472
9101,2366.035762679472
9102,2366.035762679472
9103,2366.035762679472
9104,2366.035762679472
9105,2366.035762679472
9106,2366.035762679472
9107,2366.035762679472
9108,2350.508605919899
9109,2350.508605919899
9110,2350.508605919899
9111,2350.508605919899
9112,2350.508605919899
9113,2350.508605919899
9114,2350.508605919899
9115,2350.508605919899
9116,2350.508605919899
9117,2350.508605919899
9118,2350.508605919899
9119,2350.508605919899
9120,2350.508605919899
9121,2350.508605919899
9122,2350.508605919899
9123,2350.508605919899
9124,2350.508605919899
9125,2350.508605919899
9126,2350.508605919899
9127,2350.508605919899
9128,2333.777310945488
9129,2333.449791878812
9130,2333.449791878812
9131,2333.449791878812
9132,2333.449791878812
9133,2333.449791878812
9134,2333.449791878812
9135,2333.449791878812
9136,2333.449791878812
9137,2333.449791878812
9138,2333.449791878812
9139,2333.449791878812
9140,2333.449791878812
9141,2333.449791878812
9142,2333.449791878812
9143,2333.449791878812
9144,2333.449791878812
9145,2333.449791878812
9146,2333.449791878812
9147,2333.449791878812
9148,2333.449791878812
9149,2333.449791878812
9150,2333.449791878812
9151,2333.449791878812
9152,2333.449791878812
9153,2333.449791878812
9154,2333.449791878812
9155,2333.449791878812
9156,2333.449791878812
9157,2333.449791878812
9158,2333.449791878812
9159,2333.449791878812
9160,2333.449791878812
9161,2333.449791878812
9162,2333.449791878812
9163,2333.449791878812
9164,2333.449791878812
9165,2333.449791878812
9166,2333.449791878812
9167,2333.449791878812
9168,2333.449791878812
9169,2333.449791878812
9170,2333.449791878812
9171,2333.449791878812
9172,2333.449791878812
9173,2333.449791878812
9174,2333.449791878812
9175,2333.449791878812
9176,2333.449791878812
9177,2333.449791878812
9178,2333.449791878812
9179,2333.449791878812
9180,2333.449791878812
9181,2333.449791878812
9182,2333.449791878812
9183,2333.449791878812
9184,2333.449791878812
9185,2333.449791878812
9186,2333.449791878812
9187,2333.449791878812
9188,2333.449791878812
9189,2333.449791878812
9190,2333.449791878812
9191,2333.449791878812
9192,2333.449791878812
9193,2333.449791878812
9194,2333.449791878812
9195,2333.449791878812
9196,2333.449791878812
9197,2333.449791878812
9198,2333.449791878812
9199,2333.449791878812
9200,2333.449791878812
9201,2333.449791878812
9202,2333.449791878812
9203,2333.449791878812
9204,2333.449791878812
9205,2333.449791878812
9206,2333.449791878812
9207,2333.449791878812
9208,2333.449791878812
9209,2333.449791878812
9210,2333.449791878812
9211,2333.449791878812
9212,2333.449791878812
9213,2333.449791878812
9214,2333.449791878812
9215,2333.449791878812
9216,2333.449791878812
9217,2333.449791878812
9218,2333.449791878812
9219,2333.449791878812
9220,2333.449791878812
9221,2333.449791878812
9222,2333.449791878812
9223,2333.449791878812
9224,2333.449791878812
9225,2333.449791878812
9226,2333.449791878812
9227,2333.449791878812
9228,2333.449791878812
9229,2333.449791878812
9230,2333.449791878812
9231,2333.449791878812
9232,2333.449791878812
9233,2333.449791878812
9234,2333.449791878812
9235,2333.449791878812
9236,2333.449791878812
9237,2333.449791878812
9238,2333.449791878812
9239,2333.449791878812
9240,2333.449791878812
9241,2333.449791878812
9242,2333.449791878812
9243,2333.449791878812
9244,2333.449791878812
9245,2333.449791878812
9246,2333.449791878812
9247,2333.449791878812
9248,2333.449791878812
9249,2333.449791878812
9250,2333.449791878812
9251,2333.449791878812
9252,2333.449791878812
9253,2333.449791878812
9254,2333.449791878812
9255,2333.449791878812
9256,2333.449791878812
9257,2333.449791878812
9258,2333.449791878812
9259,2333.449791878812
9260,2333.449791878812
9261,2333.449791878812
9262,2333.449791878812
9263,2333.449791878812
9264,2333.449791878812
9265,2333.449791878812
9266,2333.449791878812
9267,2333.449791878812
9268,2330.315244961868
9269,2330.315244961868
9270,2330.315244961868
9271,2330.315244961868
9272,2330.315244961868
9273,2330.315244961868
9274,2330.315244961868
9275,2330.315244961868
9276,2330.315244961868
9277,2330.315244961868
9278,2330.315244961868
9279,2330.315244961868
9280,2330.315244961868
9281,2330.315244961868
9282,2330.315244961868
9283,2330.315244961868
9284,2330.315244961868
9285,2325.1613541573
9286,2325.1613541573
9287,2325.1613541573
9288,2325.1613541573
9289,2325.1613541573
9290,2325.1613541573
9291,2325.1613541573
9292,2325.1613541573
9293,2325.1613541573
9294,2325.1613541573
9295,2325.1613541573
9296,2325.1613541573
9297,2325.1613541573
9298,2325.1613541573
9299,2325.1613541573
9300,2325.1613541573
9301,2325.1613541573
9302,2325.1613541573
9303,2325.1613541573
9304,2325.1613541573
9305,2325.1613541573
9306,2325.1613541573
9307,2325.1613541573
9308,2325.1613541573
9309,2325.1613541573
9310,2325.1613541573
9311,2325.1613541573
9312,2325.1613541573
9313,2325.1613541573
9314,2325.1613541573
9315,2325.1613541573
9316,2325.1613541573
9317,2325.1613541573
9318,2325.1613541573
9319,2325.1613541573
9320,2325.1613541573
9321,2325.1613541573
9322,2325.1613541573
9323,2325.1613541573
9324,2325.1613541573
9325,2325.1613541573
9326,2325.1613541573
9327,2325.1613541573
9328,2325.1613541573
9329,2325.1613541573
9330,2325.1613541573
9331,2325.1613541573
9332,2325.1613541573
9333,2325.1613541573
9334,2325.1613541573
9335,2325.1613541573
9336,2325.1613541573
9337,2325.1613541573
9338,2325.1613541573
9339,2325.1613541573
9340,2325.1613541573
9341,2325.1613541573
9342,2325.1613541573
9343,2325.1613541573
9344,2325.1613541573
9345,2325.1613541573
9346,2325.1613541573
9347,2325.1613541573
9348,2325.1613541573
9349,2325.1613541573
9350,2325.1613541573
9351,2325.1613541573
9352,2325.1613541573
9353,2325.1613541573
9354,2325.1613541573
9355,2325.1613541573
9356,2325.1613541573
9357,2325.1613541573
9358,2325.1613541573
9359,2325.1613541573
9360,2325.1613541573
9361,2325.1613541573
9362,2325.1613541573
9363,2325.1613541573
9364,2325.1613541573
9365,2325.1613541573
9366,2325.1613541573
9367,2325.1613541573
9368,2325.1613541573
9369,2325.1613541573
9370,2325.1613541573
9371,2325.1613541573
9372,2325.1613541573
9373,2325.1613541573
9374,2325.1613541573
9375,2325.1613541573
9376,2325.1613541573
9377,2325.1613541573
9378,2325.1613541573
9379,2325.1613541573
9380,2325.1613541573
9381,2325.1613541573
9382,2325.1613541573
9383,2322.0544227253963
9384,2322.0544227253963
9385,2322.0544227253963
9386,2322.0544227253963
9387,2322.0544227253963
9388,2322.0544227253963
9389,2322.0544227253963
9390,2322.0544227253963
9391,2322.0544227253963
9392,2322.0544227253963
9393,2322.0544227253963
9394,2322.0544227253963
9395,2322.0544227253963
9396,2322.0544227253963
9397,2322.0544227253963
9398,2322.0544227253963
9399,2322.0544227253963
9400,2322.0544227253963
9401,2322.0544227253963
9402,2322.0544227253963
9403,2322.0544227253963
9404,2322.0544227253963
9405,2322.0544227253963
9406,2322.0544227253963
9407,2322.0544227253963
9408,2322.0544227253963
9409,2322.0544227253963
9410,2322.0544227253963
9411,2322.0544227253963
9412,2322.0544227253963
9413,2322.0544227253963
9414,2322.0544227253963
9415,2322.0544227253963
9416,2316.455484146564
9417,2316.455484146564
9418,2316.455484146564
9419,2316.455484146564
9420,2316.455484146564
9421,2316.455484146564
9422,2316.455484146564
9423,2316.455484146564
9424,2316.455484146564
9425,2316.455484146564
9426,2316.455484146564
9427,2316.455484146564
9428,2316.455484146564
9429,2316.455484146564
9430,2316.455484146564
9431,2316.455484146564
9432,2316.455484146564
9433,2316.455484146564
9434,2316.455484146564
9435,2316.455484146564
9436,2316.455484146564
9437,2316.455484146564
9438,2316.455484146564
9439,2316.455484146564
9440,2316.455484146564
9441,2316.455484146564
9442,2316.455484146564
9443,2316.455484146564
9444,2316.455484146564
9445,2316.455484146564
9446,2316.455484146564
9447,2316.455484146564
9448,2316.455484146564
9449,2316.455484146564
9450,2316.455484146564
9451,2316.455484146564
9452,2316.455484146564
9453,2316.455484146564
9454,2316.455484146564
9455,2316.455484146564
9456,2316.455484146564
9457,2316.455484146564
9458,2316.455484146564
9459,2316.455484146564
9460,2316.455484146564
9461,2316.455484146564
9462,2316.455484146564
9463,2316.455484146564
9464,2316.455484146564
9465,2316.455484146564
9466,2316.455484146564
9467,2316.455484146564
9468,2316.455484146564
9469,2316.455484146564
9470,2316.455484146564
9471,2316.455484146564
9472,2316.455484146564
9473,2316.455484146564
9474,2316.455484146564
9475,2316.455484146564
9476,2316.455484146564
9477,2316.455484146564
9478,2316.455484146564
9479,2316.455484146564
9480,2316.455484146564
9481,2316.455484146564
9482,2316.455484146564
9483,2316.455484146564
9484,2316.455484146564
9485,2316.455484146564
9486,2316.455484146564
9487,2316.455484146564
9488,2316.455484146564
9489,2316.455484146564
9490,2316.455484146564
9491,2316.455484146564
9492,2316.455484146564
9493,2316.455484146564
9494,2316.455484146564
9495,2316.455484146564
9496,2316.455484146564
9497,2316.455484146564
9498,2316.455484146564
9499,2316.455484146564
9500,2316.455484146564
9501,2316.455484146564
9502,2316.455484146564
9503,2316.455484146564
9504,2316.455484146564
9505,2316.455484146564
9506,2316.455484146564
9507,2316.455484146564
9508,2316.455484146564
9509,2316.455484146564
9510,2316.455484146564
9511,2316.455484146564
9512,2316.455484146564
9513,2316.455484146564
9514,2316.455484146564
9515,2316.455484146564
9516,2316.455484146564
9517,2316.455484146564
9518,2316.455484146564
9519,2316.455484146564
9520,2316.455484146564
9521,2316.455484146564
9522,2316.455484146564
9523,2316.455484146564
9524,2316.455484146564
9525,2316.455484146564
9526,2316.455484146564
9527,2316.455484146564
9528,2316.455484146564
9529,2316.455484146564
9530,2316.455484146564
9531,2316.455484146564
9532,2316.455484146564
9533,2316.455484146564
9534,2316.455484146564
9535,2316.455484146564
9536,2316.455484146564
9537,2316.455484146564
9538,2316.455484146564
9539,2316.455484146564
9540,2316.455484146564
9541,2316.455484146564
9542,2316.455484146564
9543,2316.455484146564
9544,2316.455484146564
9545,2316.455484146564
9546,2316.455484146564
9547,2316.455484146564
9548,2316.455484146564
9549,2316.455484146564
9550,2316.455484146564
9551,2316.455484146564
9552,2316.455484146564
9553,2316.455484146564
9554,2316.455484146564
9555,2316.455484146564
9556,2316.455484146564
9557,2316.455484146564
9558,2316.455484146564
9559,2316.455484146564
9560,2316.455484146564
9561,2316.455484146564
9562,2316.455484146564
9563,2316.455484146564
9564,2316.455484146564
9565,2316.455484146564
9566,2316.455484146564
9567,2316.455484146564
9568,2316.455484146564
9569,2316.455484146564
9570,2316.455484146564
9571,2316.455484146564
9572,2316.455484146564
9573,2316.455484146564
9574,2316.455484146564
9575,2316.455484146564
9576,2316.455484146564
9577,2316.455484146564
9578,2316.455484146564
9579,2316.455484146564
9580,2316.455484146564
9581,2316.455484146564
9582,2316.455484146564
9583,2316.455484146564
9584,2316.455484146564
9585,2316.455484146564
9586,2316.455484146564
9587,2316.455484146564
9588,2316.455484146564
9589,2316.455484146564
9590,2316.455484146564
9591,2316.455484146564
9592,2316.455484146564
9593,2316.455484146564
9594,2316.455484146564
9595,2316.455484146564
9596,2316.455484146564
9597,2316.455484146564
9598,2316.455484146564
9599,2316.455484146564
9600,2316.455484146564
9601,2316.455484146564
9602,2316.455484146564
9603,2316.455484146564
9604,2316.455484146564
9605,2316.455484146564
9606,2316.455484146564
9607,2316.455484146564
9608,2316.455484146564
9609,2316.455484146564
9610,2316.455484146564
9611,2316.455484146564
9612,2316.455484146564
9613,2316.455484146564
9614,2316.455484146564
9615,2316.455484146564
9616,2316.455484146564
9617,2316.455484146564
9618,2316.455484146564
9619,2316.455484146564
9620,2316.455484146564
9621,2316.455484146564
9622,2316.455484146564
9623,2316.455484146564
9624,2316.455484146564
9625,2316.455484146564
9626,2316.455484146564
9627,2311.183301223395
9628,2311.183301223395
9629,2311.183301223395
9630,2311.183301223395
9631,2311.183301223395
9632,2311.183301223395
9633,2311.183301223395
9634,2311.183301223395
9635,2311.183301223395
9636,2311.183301223395
9637,2311.183301223395
9638,2311.183301223395
9639,2311.183301223395
9640,2311.183301223395
9641,2311.183301223395
9642,2311.183301223395
9643,2311.183301223395
9644,2311.183301223395
9645,2311.183301223395
9646,2311.183301223395
9647,2311.183301223395
9648,2311.183301223395
9649,2311.183301223395
9650,2311.183301223395
9651,2311.183301223395
9652,2311.183301223395
9653,2311.183301223395
9654,2311.183301223395
9655,2311.183301223395
9656,2311.183301223395
9657,2311.183301223395
9658,2311.183301223395
9659,2311.183301223395
9660,2311.183301223395
9661,2311.183301223395
9662,2311.183301223395
9663,2311.183301223395
9664,2311.183301223395
9665,2311.183301223395
9666,2311.183301223395
9667,2311.183301223395
9668,2311.183301223395
9669,2311.183301223395
9670,2311.183301223395
9671,2311.183301223395
9672,2311.183301223395
9673,2311.183301223395
9674,2311.183301223395
9675,2311.183301223395
9676,2311.183301223395
9677,2311.183301223395
9678,2311.183301223395
9679,2311.183301223395
9680,2311.183301223395
9681,2311.183301223395
9682,2311.183301223395
9683,2311.183301223395
9684,2311.183301223395
9685,2311.183301223395
9686,2311.183301223395
9687,2311.183301223395
9688,2311.183301223395
9689,2311.183301223395
9690,2311.183301223395
9691,2311.183301223395
9692,2311.183301223395
9693,2311.183301223395
9694,2311.183301223395
9695,2311.183301223395
9696,2311.183301223395
9697,2311.183301223395
9698,2311.183301223395
9699,2311.183301223395
9700,2311.183301223395
9701,2311.183301223395
9702,2311.0129655203177
9703,2311.0129655203177
9704,2311.0129655203177
9705,2311.0129655203177
9706,2311.0129655203177
9707,2311.0129655203177
9708,2311.0129655203177
9709,2311.0129655203177
9710,2311.0129655203177
9711,2311.0129655203177
9712,2311.0129655203177
9713,2311.0129655203177
9714,2311.0129655203177
9715,2311.0129655203177
9716,2311.0129655203177
9717,2311.0129655203177
9718,2311.0129655203177
9719,2311.0129655203177
9720,2311.0129655203177
9721,2311.0129655203177
9722,2311.0129655203177
9723,2311.0129655203177
9724,2311.0129655203177
9725,2311.0129655203177
9726,2311.0129655203177
9727,2311.0129655203177
9728,2311.0129655203177
9729,2311.0129655203177
9730,2311.0129655203177
9731,2311.0129655203177
9732,2311.0129655203177
9733,2311.0129655203177
9734,2311.0129655203177
9735,2311.0129655203177
9736,2311.0129655203177
9737,2311.0129655203177
9738,2311.0129655203177
9739,2311.0129655203177
9740,2311.0129655203177
9741,2311.0129655203177
9742,2311.0129655203177
9743,2311.0129655203177
9744,2311.0129655203177
9745,2311.0129655203177
9746,2311.0129655203177
9747,2311.0129655203177
9748,2311.0129655203177
9749,2311.0129655203177
9750,2311.0129655203177
9751,2311.0129655203177
9752,2311.0129655203177
9753,2311.0129655203177
9754,2311.0129655203177
9755,2311.0129655203177
9756,2311.0129655203177
9757,2311.0129655203177
9758,2311.0129655203177
9759,2311.0129655203177
9760,2311.0129655203177
9761,2311.0129655203177
9762,2311.0129655203177
9763,2311.0129655203177
9764,2311.0129655203177
9765,2311.0129655203177
9766,2311.0129655203177
9767,2311.0129655203177
9768,2311.0129655203177
9769,2311.0129655203177
9770,2311.0129655203177
9771,2311.0129655203177
9772,2311.0129655203177
9773,2311.0129655203177
9774,2311.0129655203177
9775,2311.0129655203177
9776,2311.0129655203177
9777,2311.0129655203177
9778,2311.0129655203177
9779,2311.0129655203177
9780,2311.0129655203177
9781,2311.0129655203177
9782,2311.0129655203177
9783,2311.0129655203177
9784,2311.0129655203177
9785,2311.0129655203177
9786,2311.0129655203177
9787,2311.0129655203177
9788,2311.0129655203177
9789,2311.0129655203177
9790,2311.0129655203177
9791,2311.0129655203177
9792,2311.0129655203177
9793,2311.0129655203177
9794,2311.0129655203177
9795,2311.0129655203177
9796,2311.0129655203177
9797,2311.0129655203177
9798,2311.0129655203177
9799,2311.0129655203177
9800,2311.0129655203177
9801,2311.0129655203177
9802,2311.0129655203177
9803,2311.0129655203177
9804,2311.0129655203177
9805,2311.0129655203177
9806,2311.0129655203177
9807,2311.0129655203177
9808,2311.0129655203177
9809,2311.0129655203177
9810,2311.0129655203177
9811,2311.0129655203177
9812,2311.0129655203177
9813,2311.0129655203177
9814,2311.0129655203177
9815,2311.0129655203177
9816,2311.0129655203177
9817,2311.0129655203177
9818,2311.0129655203177
9819,2311.0129655203177
9820,2311.0129655203177
9821,2311.0129655203177
9822,2311.0129655203177
9823,2311.0129655203177
9824,2311.0129655203177
9825,2311.0129655203177
9826,2311.0129655203177
9827,2311.0129655203177
9828,2311.0129655203177
9829,2311.0129655203177
9830,2311.0129655203177
9831,2311.0129655203177
9832,2311.0129655203177
9833,2311.0129655203177
9834,2311.0129655203177
9835,2311.0129655203177
9836,2311.0129655203177
9837,2311.0129655203177
9838,2311.0129655203177
9839,2311.0129655203177
9840,2311.0129655203177
9841,2311.0129655203177
9842,2311.0129655203177
9843,2311.0129655203177
9844,2311.0129655203177
9845,2311.0129655203177
9846,2311.0129655203177
9847,2311.0129655203177
9848,2311.0129655203177
9849,2311.0129655203177
9850,2311.0129655203177
9851,2311.0129655203177
9852,2311.0129655203177
9853,2311.0129655203177
9854,2311.0129655203177
9855,2311.0129655203177
9856,2311.0129655203177
9857,2311.0129655203177
9858,2311.0129655203177
9859,2311.0129655203177
9860,2311.0129655203177
9861,2311.0129655203177
9862,2311.0129655203177
9863,2311.0129655203177
9864,2311.0129655203177
9865,2311.0129655203177
9866,2311.0129655203177
9867,2311.0129655203177
9868,2311.0129655203177
9869,2311.0129655203177
9870,2311.0129655203177
9871,2311.0129655203177
9872,2311.0129655203177
9873,2311.0129655203177
9874,2311.0129655203177
9875,2311.0129655203177
9876,2311.0129655203177
9877,2311.0129655203177
9878,2311.0129655203177
9879,2311.0129655203177
9880,2311.0129655203177
9881,2311.0129655203177
9882,2311.0129655203177
9883,2311.0129655203177
9884,2311.0129655203177
9885,2311.0129655203177
9886,2311.0129655203177
9887,2311.0129655203177
9888,2311.0129655203177
9889,2311.0129655203177
9890,2311.0129655203177
9891,2311.0129655203177
9892,2311.0129655203177
9893,2311.0129655203177
9894,2311.0129655203177
9895,2311.0129655203177
9896,2311.0129655203177
9897,2311.0129655203177
9898,2311.0129655203177
9899,2311.0129655203177
9900,2311.0129655203177
9901,2311.0129655203177
9902,2311.0129655203177
9903,2311.0129655203177
9904,2311.0129655203177
9905,2311.0129655203177
9906,2311.0129655203177
9907,2311.0129655203177
9908,2311.0129655203177
9909,2311.0129655203177
9910,2311.0129655203177
9911,2311.0129655203177
9912,2311.0129655203177
9913,2311.0129655203177
9914,2311.0129655203177
9915,2301.99820138386
9916,2301.99820138386
9917,2301.99820138386
9918,2301.99820138386
9919,2301.99820138386
9920,2301.99820138386
9921,2301.99820138386
9922,2301.99820138386
9923,2301.99820138386
9924,2301.99820138386
9925,2301.99820138386
9926,2301.99820138386
9927,2301.99820138386
9928,2301.99820138386
9929,2301.99820138386
9930,2301.99820138386
9931,2301.99820138386
9932,2301.99820138386
9933,2301.99820138386
9934,2301.99820138386
9935,2301.99820138386
9936,2301.99820138386
9937,2301.99820138386
9938,2301.99820138386
9939,2301.99820138386
9940,2301.99820138386
9941,2301.99820138386
9942,2294.9079560860446
9943,2294.9079560860446
9944,2294.9079560860446
9945,2294.9079560860446
9946,2294.9079560860446
9947,2294.9079560860446
9948,2294.9079560860446
9949,2294.9079560860446
9950,2294.9079560860446
9951,2294.9079560860446
9952,2294.9079560860446
9953,2294.9079560860446
9954,2294.9079560860446
9955,2294.9079560860446
9956,2294.9079560860446
9957,2294.9079560860446
9958,2294.9079560860446
9959,2294.9079560860446
9960,2294.9079560860446
9961,2294.9079560860446
9962,2294.9079560860446
9963,2294.9079560860446
9964,2294.9079560860446
9965,2294.9079560860446
9966,2294.9079560860446
9967,2294.9079560860446
9968,2294.9079560860446
9969,2294.9079560860446
9970,2294.9079560860446
9971,2294.9079560860446
9972,2294.9079560860446
9973,2294.9079560860446
9974,2294.9079560860446
9975,2294.9079560860446
9976,2294.9079560860446
9977,2294.9079560860446
9978,2294.9079560860446
9979,2294.9079560860446
9980,2294.9079560860446
9981,2294.9079560860446
9982,2294.9079560860446
9983,2294.9079560860446
9984,2294.9079560860446
9985,2294.9079560860446
9986,2294.9079560860446
9987,2294.9079560860446
9988,2294.9079560860446
9989,2294.9079560860446
9990,2294.9079560860446
9991,2294.9079560860446
9992,2294.9079560860446
9993,2294.9079560860446
9994,2294.9079560860446
9995,2294.9079560860446
9996,2294.9079560860446
9997,2294.9079560860446
9998,2294.9079560860446
9999,2294.9079560860446
10000,2294.9079560860446
10001,2294.9079560860446
10002,2294.9079560860446
10003,2294.9079560860446
10004,2294.9079560860446
10005,2294.9079560860446
10006,2294.9079560860446
10007,2294.9079560860446
10008,2294.9079560860446
10009,2294.9079560860446
10010,2294.9079560860446
10011,2294.9079560860446
10012,2294.9079560860446
10013,2294.9079560860446
10014,2294.9079560860446
10015,2294.9079560860446
10016,2294.9079560860446
10017,2294.9079560860446
10018,2294.9079560860446
10019,2294.9079560860446
10020,2294.9079560860446
10021,2294.9079560860446
10022,2294.9079560860446
10023,2294.9079560860446
10024,2294.9079560860446
10025,2294.9079560860446
10026,2294.9079560860446
10027,2294.9079560860446
10028,2294.9079560860446
10029,2294.9079560860446
10030,2294.9079560860446
10031,2294.9079560860446
10032,2294.9079560860446
10033,2294.9079560860446
10034,2294.9079560860446
10035,2294.9079560860446
10036,2294.9079560860446
10037,2294.9079560860446
10038,2294.9079560860446
10039,2294.9079560860446
10040,2294.9079560860446
10041,2292.1001871139015
10042,2292.1001871139015
10043,2292.1001871139015
10044,2292.1001871139015
10045,2292.1001871139015
10046,2292.1001871139015
10047,2292.1001871139015
10048,2292.1001871139015
10049,2292.1001871139015
10050,2292.1001871139015
10051,2292.1001871139015
10052,2292.1001871139015
10053,2292.1001871139015
10054,2292.1001871139015
10055,2292.1001871139015
10056,2292.1001871139015
10057,2292.1001871139015
10058,2292.1001871139015
10059,2292.1001871139015
10060,2292.1001871139015
10061,2292.1001871139015
10062,2292.1001871139015
10063,2292.1001871139015
10064,2292.1001871139015
10065,2292.1001871139015
10066,2292.1001871139015
10067,2292.1001871139015
10068,2292.1001871139015
10069,2292.1001871139015
10070,2292.1001871139015
10071,2292.1001871139015
10072,2292.1001871139015
10073,2292.1001871139015
10074,2292.1001871139015
10075,2292.1001871139015
10076,2292.1001871139015
10077,2292.1001871139015
10078,2292.1001871139015
10079,2292.1001871139015
10080,2292.1001871139015
10081,2292.1001871139015
10082,2292.1001871139015
10083,2292.1001871139015
10084,2292.1001871139015
10085,2292.1001871139015
10086,2292.1001871139015
10087,2292.1001871139015
10088,2292.1001871139015
10089,2292.1001871139015
10090,2292.1001871139015
10091,2292.1001871139015
10092,2292.1001871139015
10093,2292.1001871139015
10094,2292.1001871139015
10095,2292.1001871139015
10096,2292.1001871139015
10097,2292.1001871139015
10098,2292.1001871139015
10099,2292.1001871139015
10100,2292.1001871139015
10101,2292.1001871139015
10102,2288.1056583775235
10103,2288.1056583775235
10104,2288.1056583775235
10105,2288.1056583775235
10106,2288.1056583775235
10107,2288.1056583775235
10108,2288.1056583775235
10109,2288.1056583775235
10110,2288.1056583775235
10111,2288.1056583775235
10112,2288.1056583775235
10113,2288.1056583775235
10114,2288.1056583775235
10115,2288.1056583775235
10116,2288.1056583775235
10117,2288.1056583775235
10118,2288.1056583775235
10119,2288.1056583775235
10120,2288.1056583775235
10121,2288.1056583775235
10122,2288.1056583775235
10123,2288.1056583775235
10124,2288.1056583775235
10125,2288.1056583775235
10126,2288.1056583775235
10127,2288.1056583775235
10128,2288.1056583775235
10129,2288.1056583775235
10130,2288.1056583775235
10131,2288.1056583775235
10132,2288.1056583775235
10133,2288.1056583775235
10134,2288.1056583775235
10135,2288.1056583775235
10136,2288.1056583775235
10137,2288.1056583775235
10138,2288.1056583775235
10139,2288.1056583775235
10140,2288.1056583775235
10141,2288.1056583775235
10142,2288.1056583775235
10143,2288.1056583775235
10144,2288.1056583775235
10145,2288.1056583775235
10146,2288.1056583775235
10147,2288.1056583775235
10148,2288.1056583775235
10149,2288.1056583775235
10150,2288.1056583775235
10151,2288.1056583775235
10152,2288.1056583775235
10153,2288.1056583775235
10154,2288.1056583775235
10155,2288.1056583775235
10156,2288.1056583775235
10157,2288.1056583775235
10158,2288.1056583775235
10159,2288.1056583775235
10160,2288.1056583775235
10161,2288.1056583775235
10162,2288.1056583775235
10163,2288.1056583775235
10164,2288.1056583775235
10165,2288.1056583775235
10166,2288.1056583775235
10167,2288.1056583775235
10168,2288.1056583775235
10169,2288.1056583775235
10170,2288.1056583775235
10171,2288.1056583775235
10172,2288.1056583775235
10173,2288.1056583775235
10174,2288.1056583775235
10175,2288.1056583775235
10176,2288.1056583775235
10177,2288.1056583775235
10178,2288.1056583775235
10179,2288.1056583775235
10180,2288.1056583775235
10181,2288.1056583775235
10182,2288.1056583775235
10183,2288.1056583775235
10184,2288.1056583775235
10185,2288.1056583775235
10186,2288.1056583775235
10187,2288.1056583775235
10188,2288.1056583775235
10189,2288.1056583775235
10190,2288.1056583775235
10191,2288.1056583775235
10192,2288.1056583775235
10193,2288.1056583775235
10194,2288.1056583775235
10195,2288.1056583775235
10196,2288.1056583775235
10197,2288.1056583775235
10198,2286.487625104378
10199,2286.487625104378
10200,2286.487625104378
10201,2286.487625104378
10202,2286.487625104378
10203,2286.487625104378
10204,2286.487625104378
10205,2286.487625104378
10206,2286.487625104378
10207,2286.487625104378
10208,2286.487625104378
10209,2286.487625104378
10210,2286.487625104378
10211,2286.487625104378
10212,2286.487625104378
10213,2286.487625104378
10214,2286.487625104378
10215,2286.487625104378
10216,2286.487625104378
10217,2286.487625104378
10218,2286.487625104378
10219,2286.487625104378
10220,2286.487625104378
10221,2286.487625104378
10222,2286.487625104378
10223,2286.487625104378
10224,2286.487625104378
10225,2286.487625104378
10226,2286.487625104378
10227,2286.487625104378
10228,2286.487625104378
10229,2286.487625104378
10230,2286.487625104378
10231,2286.487625104378
10232,2286.487625104378
10233,2286.487625104378
10234,2286.487625104378
10235,2286.487625104378
10236,2286.487625104378
10237,2286.487625104378
10238,2286.487625104378
10239,2286.487625104378
10240,2286.487625104378
10241,2286.487625104378
10242,2286.487625104378
10243,2286.487625104378
10244,2286.487625104378
10245,2286.487625104378
10246,2286.487625104378
10247,2286.487625104378
10248,2286.487625104378
10249,2286.487625104378
10250,2286.487625104378
10251,2286.487625104378
10252,2286.487625104378
10253,2286.487625104378
10254,2286.487625104378
10255,2286.487625104378
10256,2286.487625104378
10257,2286.487625104378
10258,2286.487625104378
10259,2284.1317672734276
10260,2284.1317672734276
10261,2284.1317672734276
10262,2284.1317672734276
10263,2284.1317672734276
10264,2284.1317672734276
10265,2284.1317672734276
10266,2284.1317672734276
10267,2284.1317672734276
10268,2284.1317672734276
10269,2284.1317672734276
10270,2284.1317672734276
10271,2284.1317672734276
10272,2284.1317672734276
10273,2284.1317672734276
10274,2284.1317672734276
10275,2284.1317672734276
10276,2284.1317672734276
10277,2284.1317672734276
10278,2284.1317672734276
10279,2284.1317672734276
10280,2284.1317672734276
10281,2284.1317672734276
10282,2284.1317672734276
10283,2284.1317672734276
10284,2284.1317672734276
10285,2284.1317672734276
10286,2284.1317672734276
10287,2284.1317672734276
10288,2284.1317672734276
10289,2284.1317672734276
10290,2284.1317672734276
10291,2284.1317672734276
10292,2284.1317672734276
10293,2284.1317672734276
10294,2284.1317672734276
10295,2284.1317672734276
10296,2284.1317672734276
10297,2284.1317672734276
10298,2284.1317672734276
10299,2284.1317672734276
10300,2284.1317672734276
10301,2284.1317672734276
10302,2284.1317672734276
10303,2284.1317672734276
10304,2284.1317672734276
10305,2284.1317672734276
10306,2284.1317672734276
10307,2284.1317672734276
10308,2284.1317672734276
10309,2284.1317672734276
10310,2284.1317672734276
10311,2284.1317672734276
10312,2284.1317672734276
10313,2284.1317672734276
10314,2284.1317672734276
10315,2284.1317672734276
10316,2284.1317672734276
10317,2284.1317672734276
10318,2284.1317672734276
10319,2284.1317672734276
10320,2284.1317672734276
10321,2284.1317672734276
10322,2284.1317672734276
10323,2284.1317672734276
10324,2284.1317672734276
10325,2284.1317672734276
10326,2284.1317672734276
10327,2284.1317672734276
10328,2284.1317672734276
10329,2284.1317672734276
10330,2284.1317672734276
10331,2284.1317672734276
10332,2284.1317672734276
10333,2284.1317672734276
10334,2284.1317672734276
10335,2284.1317672734276
10336,2284.1317672734276
10337,2284.1317672734276
10338,2284.1317672734276
10339,2284.1317672734276
10340,2284.1317672734276
10341,2284.1317672734276
10342,2284.1317672734276
10343,2284.1317672734276
10344,2284.1317672734276
10345,2284.1317672734276
10346,2284.1317672734276
10347,2284.1317672734276
10348,2284.1317672734276
10349,2284.1317672734276
10350,2284.1317672734276
10351,2284.1317672734276
10352,2284.1317672734276
10353,2284.1317672734276
10354,2284.1317672734276
10355,2284.1317672734276
10356,2284.1317672734276
10357,2284.1317672734276
10358,2284.1317672734276
10359,2284.1317672734276
10360,2284.1317672734276
10361,2284.1317672734276
10362,2284.1317672734276
10363,2284.1317672734276
10364,2284.1317672734276
10365,2284.1317672734276
10366,2284.1317672734276
10367,2284.1317672734276
10368,2284.1317672734276
10369,2284.1317672734276
10370,2284.1317672734276
10371,2284.1317672734276
10372,2284.1317672734276
10373,2284.1317672734276
10374,2284.1317672734276
10375,2284.1317672734276
10376,2284.1317672734276
10377,2284.1317672734276
10378,2284.1317672734276
10379,2284.1317672734276
10380,2284.1317672734276
10381,2284.1317672734276
10382,2284.1317672734276
10383,2284.1317672734276
10384,2284.1317672734276
10385,2284.1317672734276
10386,2284.1317672734276
10387,2284.1317672734276
10388,2284.1317672734276
10389,2284.1317672734276
10390,2284.1317672734276
10391,2284.1317672734276
10392,2284.1317672734276
10393,2284.1317672734276
10394,2284.1317672734276
10395,2284.1317672734276
10396,2284.1317672734276
10397,2284.1317672734276
10398,2284.1317672734276
10399,2284.1317672734276
10400,2284.1317672734276
10401,2284.1317672734276
10402,2284.1317672734276
10403,2284.1317672734276
10404,2284.1317672734276
10405,2284.1317672734276
10406,2284.1317672734276
10407,2284.1317672734276
10408,2284.1317672734276
10409,2284.1317672734276
10410,2284.1317672734276
10411,2284.1317672734276
10412,2284.1317672734276
10413,2284.1317672734276
10414,2284.1317672734276
10415,2284.1317672734276
10416,2284.1317672734276
10417,2284.1317672734276
10418,2284.1317672734276
10419,2284.1317672734276
10420,2284.1317672734276
10421,2284.1317672734276
10422,2284.1317672734276
10423,2284.1317672734276
10424,2284.1317672734276
10425,2284.1317672734276
10426,2284.1317672734276
10427,2284.1317672734276
10428,2284.1317672734276
10429,2284.1317672734276
10430,2284.1317672734276
10431,2284.1317672734276
10432,2284.1317672734276
10433,2284.1317672734276
10434,2284.1317672734276
10435,2280.38353073295
10436,2280.38353073295
10437,2280.38353073295
10438,2280.38353073295
10439,2280.38353073295
10440,2280.38353073295
10441,2280.38353073295
10442,2280.38353073295
10443,2280.38353073295
10444,2280.38353073295
10445,2280.38353073295
10446,2280.38353073295
10447,2280.38353073295
10448,2280.38353073295
10449,2280.38353073295
10450,2280.38353073295
10451,2280.38353073295
10452,2280.38353073295
10453,2280.38353073295
10454,2280.38353073295
10455,2280.38353073295
10456,2280.38353073295
10457,2280.38353073295
10458,2280.38353073295
10459,2280.38353073295
10460,2280.38353073295
10461,2280.38353073295
10462,2280.38353073295
10463,2280.38353073295
10464,2280.38353073295
10465,2280.38353073295
10466,2280.38353073295
10467,2280.38353073295
10468,2280.38353073295
10469,2280.38353073295
10470,2280.38353073295
10471,2280.38353073295
10472,2280.38353073295
10473,2280.38353073295
10474,2280.38353073295
10475,2280.38353073295
10476,2280.38353073295
10477,2280.38353073295
10478,2280.38353073295
10479,2280.38353073295
10480,2280.38353073295
10481,2280.38353073295
10482,2280.38353073295
10483,2280.38353073295
10484,2280.38353073295
10485,2280.38353073295
10486,2280.38353073295
10487,2280.38353073295
10488,2280.38353073295
10489,2280.38353073295
10490,2280.38353073295
10491,2280.38353073295
10492,2280.38353073295
10493,2280.38353073295
10494,2280.38353073295
10495,2280.38353073295
10496,2280.38353073295
10497,2280.38353073295
10498,2280.38353073295
10499,2280.38353073295
10500,2280.38353073295
10501,2280.38353073295
10502,2280.38353073295
10503,2280.38353073295
10504,2280.38353073295
10505,2280.38353073295
10506,2280.38353073295
10507,2280.38353073295
10508,2280.38353073295
10509,2280.38353073295
10510,2280.38353073295
10511,2280.38353073295
10512,2280.38353073295
10513,2280.38353073295
10514,2280.38353073295
10515,2280.38353073295
10516,2280.38353073295
10517,2280.38353073295
10518,2280.38353073295
10519,2280.38353073295
10520,2280.38353073295
10521,2280.38353073295
10522,2280.38353073295
10523,2280.38353073295
10524,2280.38353073295
10525,2280.38353073295
10526,2280.38353073295
10527,2280.38353073295
10528,2280.38353073295
10529,2280.38353073295
10530,2280.38353073295
10531,2280.38353073295
10532,2280.38353073295
10533,2280.38353073295
10534,2280.38353073295
10535,2280.38353073295
10536,2280.38353073295
10537,2280.38353073295
10538,2280.38353073295
10539,2280.38353073295
10540,2280.38353073295
10541,2280.38353073295
10542,2280.38353073295
10543,2280.38353073295
10544,2280.38353073295
10545,2280.38353073295
10546,2280.38353073295
10547,2280.38353073295
10548,2280.38353073295
10549,2280.38353073295
10550,2280.38353073295
10551,2280.38353073295
10552,2280.38353073295
10553,2280.38353073295
10554,2280.38353073295
10555,2280.38353073295
10556,2280.38353073295
10557,2280.38353073295
10558,2280.38353073295
10559,2280.38353073295
10560,2280.38353073295
10561,2280.38353073295
10562,2280.38353073295
10563,2280.38353073295
10564,2280.38353073295
10565,2280.38353073295
10566,2280.38353073295
10567,2280.38353073295
10568,2280.38353073295
10569,2280.38353073295
10570,2280.38353073295
10571,2280.38353073295
10572,2280.38353073295
10573,2280.38353073295
10574,2280.38353073295
10575,2280.38353073295
10576,2280.38353073295
10577,2280.38353073295
10578,2280.38353073295
10579,2280.38353073295
10580,2280.38353073295
10581,2280.38353073295
10582,2280.38353073295
10583,2280.38353073295
10584,2280.38353073295
10585,2280.38353073295
10586,2280.38353073295
10587,2280.38353073295
10588,2280.38353073295
10589,2280.38353073295
10590,2280.38353073295
10591,2280.38353073295
10592,2280.38353073295
10593,2280.38353073295
10594,2280.38353073295
10595,2280.38353073295
10596,2280.38353073295
10597,2280.38353073295
10598,2280.38353073295
10599,2280.38353073295
10600,2280.38353073295
10601,2280.38353073295
10602,2280.38353073295
10603,2280.38353073295
10604,2280.38353073295
10605,2280.38353073295
10606,2280.38353073295
10607,2280.38353073295
10608,2280.38353073295
10609,2280.38353073295
10610,2280.38353073295
10611,2280.38353073295
10612,2280.38353073295
10613,2280.38353073295
10614,2280.38353073295
10615,2280.38353073295
10616,2280.38353073295
10617,2280.38353073295
10618,2280.38353073295
10619,2280.38353073295
10620,2280.38353073295
10621,2280.38353073295
10622,2280.38353073295
10623,2280.38353073295
10624,2280.38353073295
10625,2280.38353073295
10626,2280.38353073295
10627,2280.38353073295
10628,2280.38353073295
10629,2280.38353073295
10630,2280.38353073295
10631,2280.38353073295
10632,2280.38353073295
10633,2280.38353073295
10634,2280.38353073295
10635,2280.38353073295
10636,2280.38353073295
10637,2280.38353073295
10638,2280.38353073295
10639,2280.38353073295
10640,2280.38353073295
10641,2280.38353073295
10642,2280.38353073295
10643,2280.38353073295
10644,2280.38353073295
10645,2280.38353073295
10646,2280.38353073295
10647,2280.38353073295
10648,2280.38353073295
10649,2280.38353073295
10650,2280.38353073295
10651,2280.38353073295
10652,2280.38353073295
10653,2280.38353073295
10654,2280.38353073295
10655,2280.38353073295
10656,2280.38353073295
10657,2280.38353073295
10658,2280.38353073295
10659,2280.38353073295
10660,2280.38353073295
10661,2280.38353073295
10662,2280.38353073295
10663,2280.38353073295
10664,2280.38353073295
10665,2280.38353073295
10666,2280.38353073295
10667,2280.38353073295
10668,2280.38353073295
10669,2280.38353073295
10670,2280.38353073295
10671,2280.38353073295
10672,2280.38353073295
10673,2280.38353073295
10674,2280.38353073295
10675,2280.38353073295
10676,2280.38353073295
10677,2280.38353073295
10678,2280.38353073295
10679,2280.38353073295
10680,2280.38353073295
10681,2280.38353073295
10682,2280.38353073295
10683,2280.38353073295
10684,2280.38353073295
10685,2280.38353073295
10686,2280.38353073295
10687,2280.38353073295
10688,2280.38353073295
10689,2280.38353073295
10690,2280.38353073295
10691,2280.38353073295
10692,2280.38353073295
10693,2280.38353073295
10694,2280.38353073295
10695,2280.38353073295
10696,2280.38353073295
10697,2280.38353073295
10698,2280.38353073295
10699,2280.38353073295
10700,2280.38353073295
10701,2280.38353073295
10702,2280.38353073295
10703,2280.38353073295
10704,2280.38353073295
10705,2280.38353073295
10706,2280.38353073295
10707,2280.38353073295
10708,2280.38353073295
10709,2280.38353073295
10710,2280.38353073295
10711,2280.38353073295
10712,2280.38353073295
10713,2280.38353073295
10714,2280.38353073295
10715,2280.38353073295
10716,2280.38353073295
10717,2280.38353073295
10718,2280.38353073295
10719,2280.38353073295
10720,2280.38353073295
10721,2280.38353073295
10722,2280.38353073295
10723,2280.38353073295
10724,2280.38353073295
10725,2280.38353073295
10726,2280.38353073295
10727,2280.38353073295
10728,2280.38353073295
10729,2280.38353073295
10730,2280.38353073295
10731,2280.38353073295
10732,2280.38353073295
10733,2280.38353073295
10734,2280.38353073295
10735,2280.38353073295
10736,2280.38353073295
10737,2280.38353073295
10738,2280.38353073295
10739,2280.38353073295
10740,2280.38353073295
10741,2280.38353073295
10742,2280.38353073295
10743,2280.38353073295
10744,2280.38353073295
10745,2280.38353073295
10746,2280.38353073295
10747,2280.38353073295
10748,2280.38353073295
10749,2280.38353073295
10750,2280.38353073295
10751,2280.38353073295
10752,2280.38353073295
10753,2280.38353073295
10754,2280.38353073295
10755,2280.38353073295
10756,2280.38353073295
10757,2280.38353073295
10758,2280.38353073295
10759,2280.38353073295
10760,2280.38353073295
10761,2277.246028840478
10762,2277.246028840478
10763,2277.246028840478
10764,2277.246028840478
10765,2277.246028840478
10766,2277.246028840478
10767,2277.246028840478
10768,2277.246028840478
10769,2277.246028840478
10770,2277.246028840478
10771,2277.246028840478
10772,2277.246028840478
10773,2277.246028840478
10774,2277.246028840478
10775,2277.246028840478
10776,2277.246028840478
10777,2277.246028840478
10778,2277.246028840478
10779,2277.246028840478
10780,2277.246028840478
10781,2277.246028840478
10782,2277.246028840478
10783,2277.246028840478
10784,2277.246028840478
10785,2277.246028840478
10786,2277.246028840478
10787,2277.246028840478
10788,2277.246028840478
10789,2277.246028840478
10790,2277.246028840478
10791,2277.246028840478
10792,2277.246028840478
10793,2277.246028840478
10794,2277.246028840478
10795,2277.246028840478
10796,2277.246028840478
10797,2277.246028840478
10798,2277.246028840478
10799,2277.246028840478
10800,2277.246028840478
10801,2277.246028840478
10802,2277.246028840478
10803,2277.246028840478
10804,2277.246028840478
10805,2277.246028840478
10806,2277.246028840478
10807,2277.246028840478
10808,2277.246028840478
10809,2277.246028840478
10810,2277.246028840478
10811,2277.246028840478
10812,2277.246028840478
10813,2277.246028840478
10814,2277.246028840478
10815,2277.246028840478
10816,2277.246028840478
10817,2277.246028840478
10818,2277.246028840478
10819,2277.246028840478
10820,2277.246028840478
10821,2277.246028840478
10822,2277.246028840478
10823,2277.246028840478
10824,2277.246028840478
10825,2277.246028840478
10826,2277.246028840478
10827,2277.246028840478
10828,2277.246028840478
10829,2277.246028840478
10830,2277.246028840478
10831,2277.246028840478
10832,2277.246028840478
10833,2277.246028840478
10834,2277.246028840478
10835,2277.246028840478
10836,2277.246028840478
10837,2277.246028840478
10838,2277.246028840478
10839,2277.246028840478
10840,2277.246028840478
10841,2277.246028840478
10842,2277.246028840478
10843,2277.246028840478
10844,2277.246028840478
10845,2277.246028840478
10846,2277.246028840478
10847,2277.246028840478
10848,2277.246028840478
10849,2277.246028840478
10850,2277.246028840478
10851,2277.246028840478
10852,2277.246028840478
10853,2277.246028840478
10854,2277.246028840478
10855,2277.246028840478
10856,2277.246028840478
10857,2277.246028840478
10858,2277.246028840478
10859,2277.246028840478
10860,2277.246028840478
10861,2277.246028840478
10862,2277.246028840478
10863,2277.246028840478
10864,2277.246028840478
10865,2277.246028840478
10866,2277.246028840478
10867,2277.246028840478
10868,2277.246028840478
10869,2277.246028840478
10870,2277.246028840478
10871,2277.246028840478
10872,2277.246028840478
10873,2277.246028840478
10874,2277.246028840478
10875,2277.246028840478
10876,2277.246028840478
10877,2277.246028840478
10878,2277.246028840478
10879,2277.246028840478
10880,2277.246028840478
10881,2277.246028840478
10882,2277.246028840478
10883,2277.246028840478
10884,2277.246028840478
10885,2277.246028840478
10886,2277.246028840478
10887,2277.246028840478
10888,2277.246028840478
10889,2277.246028840478
10890,2277.246028840478
10891,2277.246028840478
10892,2277.246028840478
10893,2277.246028840478
10894,2276.865993060006
10895,2276.865993060006
10896,2276.865993060006
10897,2276.865993060006
10898,2276.865993060006
10899,2276.865993060006
10900,2276.865993060006
10901,2276.865993060006
10902,2276.865993060006
10903,2276.865993060006
10904,2276.865993060006
10905,2276.865993060006
10906,2276.865993060006
10907,2276.865993060006
10908,2276.865993060006
10909,2276.865993060006
10910,2276.865993060006
10911,2276.865993060006
10912,2276.865993060006
10913,2276.865993060006
10914,2276.865993060006
10915,2276.865993060006
10916,2276.865993060006
10917,2276.865993060006
10918,2276.865993060006
10919,2276.865993060006
10920,2276.865993060006
10921,2276.865993060006
10922,2276.865993060006
10923,2276.865993060006
10924,2276.865993060006
10925,2276.865993060006
10926,2264.993277272084
10927,2264.993277272084
10928,2264.993277272084
10929,2264.993277272084
10930,2264.993277272084
10931,2264.993277272084
10932,2264.993277272084
10933,2264.993277272084
10934,2264.993277272084
10935,2264.993277272084
10936,2264.993277272084
10937,2264.993277272084
10938,2264.993277272084
10939,2264.993277272084
10940,2264.993277272084
10941,2264.993277272084
10942,2264.993277272084
10943,2264.993277272084
10944,2264.993277272084
10945,2264.993277272084
10946,2264.993277272084
10947,2264.993277272084
10948,2264.993277272084
10949,2264.993277272084
10950,2264.993277272084
10951,2264.993277272084
10952,2264.993277272084
10953,2264.993277272084
10954,2264.993277272084
10955,2264.993277272084
10956,2264.993277272084
10957,2264.993277272084
10958,2264.993277272084
10959,2264.993277272084
10960,2264.993277272084
10961,2264.993277272084
10962,2264.993277272084
10963,2264.993277272084
10964,2264.993277272084
10965,2264.993277272084
10966,2264.993277272084
10967,2264.993277272084
10968,2264.993277272084
10969,2264.993277272084
10970,2264.993277272084
10971,2264.993277272084
10972,2264.993277272084
10973,2264.993277272084
10974,2264.993277272084
10975,2264.993277272084
10976,2264.993277272084
10977,2264.993277272084
10978,2264.993277272084
10979,2264.993277272084
10980,2264.993277272084
10981,2264.993277272084
10982,2264.993277272084
10983,2264.993277272084
10984,2264.993277272084
10985,2264.993277272084
10986,2264.993277272084
10987,2264.993277272084
10988,2264.993277272084
10989,2264.993277272084
10990,2264.993277272084
10991,2264.993277272084
10992,2264.993277272084
10993,2264.993277272084
10994,2264.993277272084
10995,2264.993277272084
10996,2264.993277272084
10997,2264.993277272084
10998,2264.993277272084
10999,2264.993277272084
11000,2264.993277272084
11001,2264.993277272084
11002,2264.993277272084
11003,2264.993277272084
11004,2264.993277272084
11005,2264.993277272084
11006,2264.993277272084
11007,2264.993277272084
11008,2264.993277272084
11009,2264.993277272084
11010,2264.993277272084
11011,2264.993277272084
11012,2264.993277272084
11013,2264.993277272084
11014,2264.993277272084
11015,2264.993277272084
11016,2264.993277272084
11017,2264.993277272084
11018,2264.993277272084
11019,2264.993277272084
11020,2264.993277272084
11021,2264.993277272084
11022,2264.993277272084
11023,2264.993277272084
11024,2264.993277272084
11025,2264.993277272084
11026,2264.993277272084
11027,2264.993277272084
11028,2264.993277272084
11029,2264.993277272084
11030,2264.993277272084
11031,2264.993277272084
11032,2264.993277272084
11033,2264.993277272084
11034,2264.993277272084
11035,2264.993277272084
11036,2264.993277272084
11037,2264.993277272084
11038,2264.993277272084
11039,2264.993277272084
11040,2264.993277272084
11041,2264.993277272084
11042,2264.993277272084
11043,2264.993277272084
11044,2264.993277272084
11045,2264.993277272084
11046,2264.993277272084
11047,2264.993277272084
11048,2264.993277272084
11049,2264.993277272084
11050,2264.993277272084
11051,2264.993277272084
11052,2264.993277272084
11053,2264.993277272084
11054,2264.993277272084
11055,2264.993277272084
11056,2264.993277272084
11057,2264.993277272084
11058,2264.993277272084
11059,2264.993277272084
11060,2264.993277272084
11061,2264.993277272084
11062,2264.993277272084
11063,2264.993277272084
11064,2264.993277272084
11065,2264.993277272084
11066,2264.993277272084
11067,2264.993277272084
11068,2264.993277272084
11069,2264.993277272084
11070,2264.993277272084
11071,2264.993277272084
11072,2264.993277272084
11073,2264.993277272084
11074,2264.993277272084
11075,2264.993277272084
11076,2264.993277272084
11077,2264.993277272084
11078,2264.993277272084
11079,2264.993277272084
11080,2264.993277272084
11081,2264.993277272084
11082,2264.993277272084
11083,2264.993277272084
11084,2264.993277272084
11085,2264.993277272084
11086,2264.993277272084
11087,2264.993277272084
11088,2264.993277272084
11089,2264.993277272084
11090,2264.993277272084
11091,2264.993277272084
11092,2264.993277272084
11093,2264.993277272084
11094,2264.993277272084
11095,2264.993277272084
11096,2264.993277272084
11097,2264.993277272084
11098,2264.993277272084
11099,2264.2311591994494
11100,2264.2311591994494
11101,2264.2311591994494
11102,2264.2311591994494
11103,2264.2311591994494
11104,2264.2311591994494
11105,2264.2311591994494
11106,2264.2311591994494
11107,2264.2311591994494
11108,2264.2311591994494
11109,2264.2311591994494
11110,2264.2311591994494
11111,2241.1112391639917
11112,2241.1112391639917
11113,2241.1112391639917
11114,2241.1112391639917
11115,2241.1112391639917
11116,2241.1112391639917
11117,2241.1112391639917
11118,2241.1112391639917
11119,2241.1112391639917
11120,2241.1112391639917
11121,2241.1112391639917
11122,2241.1112391639917
11123,2241.1112391639917
11124,2241.1112391639917
11125,2241.1112391639917
11126,2241.1112391639917
11127,2241.1112391639917
11128,2241.1112391639917
11129,2241.1112391639917
11130,2241.1112391639917
11131,2241.1112391639917
11132,2241.1112391639917
11133,2241.1112391639917
11134,2241.1112391639917
11135,2241.1112391639917
11136,2241.1112391639917
11137,2241.1112391639917
11138,2241.1112391639917
11139,2241.1112391639917
11140,2241.1112391639917
11141,2241.1112391639917
11142,2241.1112391639917
11143,2241.1112391639917
11144,2241.1112391639917
11145,2241.1112391639917
11146,2241.1112391639917
11147,2241.1112391639917
11148,2241.1112391639917
11149,2241.1112391639917
11150,2241.1112391639917
11151,2241.1112391639917
11152,2241.1112391639917
11153,2241.1112391639917
11154,2241.1112391639917
11155,2241.1112391639917
11156,2241.1112391639917
11157,2241.1112391639917
11158,2240.7055398414313
11159,2240.7055398414313
11160,2240.7055398414313
11161,2240.7055398414313
11162,2240.7055398414313
11163,2240.7055398414313
11164,2240.7055398414313
11165,2240.7055398414313
11166,2240.7055398414313
11167,2240.7055398414313
11168,2240.7055398414313
11169,2240.7055398414313
11170,2240.7055398414313
11171,2240.7055398414313
11172,2240.7055398414313
11173,2240.7055398414313
11174,2240.7055398414313
11175,2240.7055398414313
11176,2240.7055398414313
11177,2240.7055398414313
11178,2240.7055398414313
11179,2240.7055398414313
11180,2240.7055398414313
11181,2240.7055398414313
11182,2240.7055398414313
11183,2240.7055398414313
11184,2240.7055398414313
11185,2240.7055398414313
11186,2240.7055398414313
11187,2240.7055398414313
11188,2240.7055398414313
11189,2240.7055398414313
11190,2240.7055398414313
11191,2240.7055398414313
11192,2240.7055398414313
11193,2219.27241968981
11194,2219.27241968981
11195,2219.27241968981
11196,2219.27241968981
11197,2219.27241968981
11198,2219.27241968981
11199,2219.27241968981
11200,2219.27241968981
11201,2219.27241968981
11202,2219.27241968981
11203,2219.27241968981
11204,2219.27241968981
11205,2219.27241968981
11206,2219.27241968981
11207,2219.27241968981
11208,2219.27241968981
11209,2219.27241968981
11210,2219.27241968981
11211,2219.27241968981
11212,2219.27241968981
11213,2219.27241968981
11214,2219.27241968981
11215,2219.27241968981
11216,2219.27241968981
11217,2219.27241968981
11218,2219.27241968981
11219,2219.27241968981
11220,2219.27241968981
11221,2219.27241968981
11222,2219.27241968981
11223,2219.27241968981
11224,2219.27241968981
11225,2219.27241968981
11226,2219.27241968981
11227,2219.27241968981
11228,2219.27241968981
11229,2219.27241968981
11230,2219.27241968981
11231,2219.27241968981
11232,2219.27241968981
11233,2219.27241968981
11234,2219.27241968981
11235,2219.27241968981
11236,2219.27241968981
11237,2219.27241968981
11238,2219.27241968981
11239,2219.27241968981
11240,2219.27241968981
11241,2219.27241968981
11242,2219.27241968981
11243,2219.27241968981
11244,2219.27241968981
11245,2219.27241968981
11246,2219.27241968981
11247,2219.27241968981
11248,2219.27241968981
11249,2219.27241968981
11250,2219.27241968981
11251,2219.27241968981
11252,2219.27241968981
11253,2219.27241968981
11254,2219.27241968981
11255,2219.27241968981
11256,2219.27241968981
11257,2219.27241968981
11258,2219.27241968981
11259,2219.27241968981
11260,2219.27241968981
11261,2219.27241968981
11262,2219.27241968981
11263,2219.27241968981
11264,2219.27241968981
11265,2219.27241968981
11266,2219.27241968981
11267,2219.27241968981
11268,2219.27241968981
11269,2219.27241968981
11270,2219.27241968981
11271,2219.27241968981
11272,2219.27241968981
11273,2219.27241968981
11274,2219.27241968981
11275,2219.27241968981
11276,2219.27241968981
11277,2219.27241968981
11278,2219.27241968981
11279,2219.27241968981
11280,2219.27241968981
11281,2219.27241968981
11282,2219.27241968981
11283,2219.27241968981
11284,2219.27241968981
11285,2219.27241968981
11286,2219.27241968981
11287,2219.27241968981
11288,2219.27241968981
11289,2219.27241968981
11290,2219.27241968981
11291,2219.27241968981
11292,2219.27241968981
11293,2219.27241968981
11294,2219.27241968981
11295,2219.27241968981
11296,2219.27241968981
11297,2219.27241968981
11298,2219.27241968981
11299,2219.27241968981
11300,2219.27241968981
11301,2219.27241968981
11302,2219.27241968981
11303,2219.27241968981
11304,2219.27241968981
11305,2219.27241968981
11306,2219.27241968981
11307,2219.27241968981
11308,2219.27241968981
11309,2219.27241968981
11310,2219.27241968981
11311,2219.27241968981
11312,2219.27241968981
11313,2219.27241968981
11314,2219.27241968981
11315,2219.27241968981
11316,2219.27241968981
11317,2219.27241968981
11318,2219.27241968981
11319,2219.27241968981
11320,2219.27241968981
11321,2219.27241968981
11322,2219.27241968981
11323,2219.27241968981
11324,2219.27241968981
11325,2219.27241968981
11326,2219.27241968981
11327,2219.27241968981
11328,2219.27241968981
11329,2219.27241968981
11330,2219.27241968981
11331,2219.27241968981
11332,2219.27241968981
11333,2219.27241968981
11334,2219.27241968981
11335,2219.27241968981
11336,2219.27241968981
11337,2219.27241968981
11338,2219.27241968981
11339,2219.27241968981
11340,2219.27241968981
11341,2219.27241968981
11342,2219.27241968981
11343,2219.27241968981
11344,2219.27241968981
11345,2219.27241968981
11346,2219.27241968981
11347,2219.27241968981
11348,2219.27241968981
11349,2219.27241968981
11350,2219.27241968981
11351,2219.27241968981
11352,2219.27241968981
11353,2219.27241968981
11354,2219.27241968981
11355,2219.27241968981
11356,2219.27241968981
11357,2219.27241968981
11358,2219.27241968981
11359,2219.27241968981
11360,2219.27241968981
11361,2219.27241968981
11362,2219.27241968981
11363,2219.27241968981
11364,2219.27241968981
11365,2219.27241968981
11366,2219.27241968981
11367,2219.27241968981
11368,2219.27241968981
11369,2219.27241968981
11370,2219.27241968981
11371,2219.27241968981
11372,2219.27241968981
11373,2219.27241968981
11374,2219.27241968981
11375,2219.27241968981
11376,2219.27241968981
11377,2219.27241968981
11378,2219.27241968981
11379,2219.27241968981
11380,2219.27241968981
11381,2219.27241968981
11382,2219.27241968981
11383,2219.27241968981
11384,2219.27241968981
11385,2219.27241968981
11386,2219.27241968981
11387,2219.27241968981
11388,2219.27241968981
11389,2219.27241968981
11390,2219.27241968981
11391,2219.27241968981
11392,2219.27241968981
11393,2219.27241968981
11394,2219.27241968981
11395,2219.27241968981
11396,2219.27241968981
11397,2219.27241968981
11398,2219.27241968981
11399,2219.27241968981
11400,2219.27241968981
11401,2219.27241968981
11402,2219.27241968981
11403,2219.27241968981
11404,2219.27241968981
11405,2219.27241968981
11406,2219.27241968981
11407,2219.27241968981
11408,2219.27241968981
11409,2219.27241968981
11410,2219.27241968981
11411,2219.27241968981
11412,2219.27241968981
11413,2219.27241968981
11414,2219.27241968981
11415,2219.27241968981
11416,2219.27241968981
11417,2219.27241968981
11418,2219.27241968981
11419,2219.27241968981
11420,2219.27241968981
11421,2219.27241968981
11422,2219.27241968981
11423,2219.27241968981
11424,2219.27241968981
11425,2219.27241968981
11426,2219.27241968981
11427,2219.27241968981
11428,2219.27241968981
11429,2219.27241968981
11430,2219.27241968981
11431,2219.27241968981
11432,2219.27241968981
11433,2219.27241968981
11434,2219.27241968981
11435,2219.27241968981
11436,2219.27241968981
11437,2219.27241968981
11438,2219.27241968981
11439,2219.27241968981
11440,2219.27241968981
11441,2219.27241968981
11442,2219.27241968981
11443,2219.27241968981
11444,2219.27241968981
11445,2219.27241968981
11446,2219.27241968981
11447,2219.27241968981
11448,2219.27241968981
11449,2219.27241968981
11450,2219.27241968981
11451,2219.27241968981
11452,2219.27241968981
11453,2219.27241968981
11454,2219.27241968981
11455,2219.27241968981
11456,2219.27241968981
11457,2219.27241968981
11458,2219.27241968981
11459,2219.27241968981
11460,2219.27241968981
11461,2219.27241968981
11462,2219.27241968981
11463,2219.27241968981
11464,2219.27241968981
11465,2219.27241968981
11466,2219.27241968981
11467,2219.27241968981
11468,2219.27241968981
11469,2219.27241968981
11470,2219.27241968981
11471,2219.27241968981
11472,2219.27241968981
11473,2219.27241968981
11474,2219.27241968981
11475,2219.27241968981
11476,2219.27241968981
11477,2219.27241968981
11478,2219.27241968981
11479,2219.27241968981
11480,2219.27241968981
11481,2219.27241968981
11482,2219.27241968981
11483,2219.27241968981
11484,2219.27241968981
11485,2219.27241968981
11486,2219.27241968981
11487,2219.27241968981
11488,2219.27241968981
11489,2219.27241968981
11490,2219.27241968981
11491,2219.27241968981
11492,2219.27241968981
11493,2219.27241968981
11494,2219.27241968981
11495,2219.27241968981
11496,2219.27241968981
11497,2219.27241968981
11498,2219.27241968981
11499,2219.27241968981
11500,2219.27241968981
11501,2219.27241968981
11502,2219.27241968981
11503,2219.27241968981
11504,2219.27241968981
11505,2219.27241968981
11506,2219.27241968981
11507,2219.27241968981
11508,2219.27241968981
11509,2219.27241968981
11510,2219.27241968981
11511,2219.27241968981
11512,2219.27241968981
11513,2219.27241968981
11514,2219.27241968981
11515,2219.27241968981
11516,2219.27241968981
11517,2219.27241968981
11518,2219.27241968981
11519,2219.27241968981
11520,2219.27241968981
11521,2219.27241968981
11522,2219.27241968981
11523,2219.27241968981
11524,2219.27241968981
11525,2219.27241968981
11526,2219.27241968981
11527,2219.27241968981
11528,2219.27241968981
11529,2219.27241968981
11530,2219.27241968981
11531,2219.27241968981
11532,2219.27241968981
11533,2219.27241968981
11534,2219.27241968981
11535,2219.27241968981
11536,2219.27241968981
11537,2219.27241968981
11538,2219.27241968981
11539,2219.27241968981
11540,2219.27241968981
11541,2219.27241968981
11542,2219.27241968981
11543,2219.27241968981
11544,2219.27241968981
11545,2219.27241968981
11546,2219.27241968981
11547,2219.27241968981
11548,2219.27241968981
11549,2219.27241968981
11550,2219.27241968981
11551,2219.27241968981
11552,2219.27241968981
11553,2219.27241968981
11554,2219.27241968981
11555,2219.27241968981
11556,2219.27241968981
11557,2219.27241968981
11558,2219.27241968981
11559,2219.27241968981
11560,2219.27241968981
11561,2219.27241968981
11562,2219.27241968981
11563,2219.27241968981
11564,2219.27241968981
11565,2219.27241968981
11566,2219.27241968981
11567,2219.27241968981
11568,2219.27241968981
11569,2219.27241968981
11570,2219.27241968981
11571,2219.27241968981
11572,2219.27241968981
11573,2219.27241968981
11574,2219.27241968981
11575,2219.27241968981
11576,2219.27241968981
11577,2219.27241968981
11578,2219.27241968981
11579,2219.27241968981
11580,2219.27241968981
11581,2219.27241968981
11582,2219.27241968981
11583,2219.27241968981
11584,2219.27241968981
11585,2219.27241968981
11586,2219.27241968981
11587,2219.27241968981
11588,2219.27241968981
11589,2219.27241968981
11590,2219.27241968981
11591,2219.27241968981
11592,2219.27241968981
11593,2219.27241968981
11594,2219.27241968981
11595,2219.27241968981
11596,2219.27241968981
11597,2219.27241968981
11598,2219.27241968981
11599,2219.27241968981
11600,2219.27241968981
11601,2219.27241968981
11602,2219.27241968981
11603,2219.27241968981
11604,2219.27241968981
11605,2219.27241968981
11606,2219.27241968981
11607,2219.27241968981
11608,2219.27241968981
11609,2219.27241968981
11610,2219.27241968981
11611,2219.27241968981
11612,2219.27241968981
11613,2219.27241968981
11614,2219.27241968981
11615,2219.27241968981
11616,2219.27241968981
11617,2219.27241968981
11618,2219.27241968981
11619,2219.27241968981
11620,2219.27241968981
11621,2219.27241968981
11622,2219.27241968981
11623,2219.27241968981
11624,2219.27241968981
11625,2219.27241968981
11626,2219.27241968981
11627,2219.27241968981
11628,2219.27241968981
11629,2211.929545784754
11630,2211.929545784754
11631,2211.929545784754
11632,2211.929545784754
11633,2211.929545784754
11634,2211.929545784754
11635,2211.929545784754
11636,2211.929545784754
11637,2211.929545784754
11638,2211.929545784754
11639,2211.929545784754
11640,2211.929545784754
11641,2211.929545784754
11642,2211.929545784754
11643,2211.929545784754
11644,2211.929545784754
11645,2211.929545784754
11646,2211.929545784754
11647,2211.929545784754
11648,2211.929545784754
11649,2211.929545784754
11650,2211.929545784754
11651,2211.929545784754
11652,2211.929545784754
11653,2211.929545784754
11654,2211.929545784754
11655,2207.9873793345714
11656,2206.031897026646
11657,2206.031897026646
11658,2206.031897026646
11659,2206.031897026646
11660,2206.031897026646
11661,2206.031897026646
11662,2206.031897026646
11663,2206.031897026646
11664,2206.031897026646
11665,2206.031897026646
11666,2206.031897026646
11667,2206.031897026646
11668,2206.031897026646
11669,2206.031897026646
11670,2206.031897026646
11671,2206.031897026646
11672,2206.031897026646
11673,2206.031897026646
11674,2206.031897026646
11675,2206.031897026646
11676,2206.031897026646
11677,2206.031897026646
11678,2206.031897026646
11679,2206.031897026646
11680,2206.031897026646
11681,2206.031897026646
11682,2206.031897026646
11683,2206.031897026646
11684,2206.031897026646
11685,2206.031897026646
11686,2206.031897026646
11687,2206.031897026646
11688,2206.031897026646
11689,2206.031897026646
11690,2206.031897026646
11691,2202.2018233584004
11692,2202.2018233584004
11693,2202.2018233584004
11694,2202.2018233584004
11695,2202.2018233584004
11696,2202.2018233584004
11697,2202.2018233584004
11698,2202.2018233584004
11699,2202.2018233584004
11700,2202.2018233584004
11701,2202.2018233584004
11702,2202.2018233584004
11703,2202.2018233584004
11704,2202.2018233584004
11705,2202.2018233584004
11706,2202.2018233584004
11707,2202.2018233584004
11708,2202.2018233584004
11709,2202.2018233584004
11710,2202.2018233584004
11711,2202.2018233584004
11712,2202.2018233584004
11713,2202.2018233584004
11714,2202.2018233584004
11715,2202.2018233584004
11716,2202.2018233584004
11717,2202.2018233584004
11718,2202.2018233584004
11719,2202.2018233584004
11720,2202.2018233584004
11721,2202.2018233584004
11722,2202.2018233584004
11723,2202.2018233584004
11724,2202.2018233584004
11725,2202.2018233584004
11726,2202.2018233584004
11727,2202.2018233584004
11728,2202.2018233584004
11729,2202.2018233584004
11730,2202.2018233584004
11731,2202.2018233584004
11732,2202.2018233584004
11733,2202.2018233584004
11734,2202.2018233584004
11735,2202.2018233584004
11736,2202.2018233584004
11737,2202.2018233584004
11738,2202.2018233584004
11739,2202.2018233584004
11740,2202.2018233584004
11741,2202.2018233584004
11742,2202.2018233584004
11743,2202.2018233584004
11744,2202.2018233584004
11745,2202.2018233584004
11746,2202.2018233584004
11747,2202.2018233584004
11748,2202.2018233584004
11749,2202.2018233584004
11750,2202.2018233584004
11751,2202.2018233584004
11752,2202.2018233584004
11753,2202.2018233584004
11754,2202.2018233584004
11755,2202.2018233584004
11756,2202.2018233584004
11757,2202.2018233584004
11758,2202.2018233584004
11759,2202.2018233584004
11760,2202.2018233584004
11761,2202.2018233584004
11762,2202.2018233584004
11763,2202.2018233584004
11764,2202.2018233584004
11765,2202.2018233584004
11766,2202.2018233584004
11767,2202.2018233584004
11768,2202.2018233584004
11769,2202.2018233584004
11770,2202.2018233584004
11771,2202.2018233584004
11772,2202.2018233584004
11773,2202.2018233584004
11774,2202.2018233584004
11775,2202.2018233584004
11776,2202.2018233584004
11777,2202.2018233584004
11778,2202.2018233584004
11779,2202.2018233584004
11780,2202.2018233584004
11781,2202.2018233584004
11782,2202.2018233584004
11783,2202.2018233584004
11784,2202.2018233584004
11785,2202.2018233584004
11786,2202.2018233584004
11787,2202.2018233584004
11788,2202.2018233584004
11789,2202.2018233584004
11790,2202.2018233584004
11791,2202.2018233584004
11792,2202.2018233584004
11793,2202.2018233584004
11794,2202.2018233584004
11795,2202.2018233584004
11796,2202.2018233584004
11797,2202.2018233584004
11798,2202.2018233584004
11799,2202.2018233584004
11800,2202.2018233584004
11801,2202.2018233584004
11802,2202.2018233584004
11803,2202.2018233584004
11804,2202.2018233584004
11805,2202.2018233584004
11806,2202.2018233584004
11807,2202.2018233584004
11808,2202.2018233584004
11809,2202.2018233584004
11810,2202.2018233584004
11811,2202.2018233584004
11812,2202.2018233584004
11813,2202.2018233584004
11814,2202.2018233584004
11815,2202.2018233584004
11816,2202.2018233584004
11817,2202.2018233584004
11818,2202.2018233584004
11819,2202.2018233584004
11820,2202.2018233584004
11821,2202.2018233584004
11822,2202.2018233584004
11823,2202.2018233584004
11824,2202.2018233584004
11825,2202.2018233584004
11826,2202.2018233584004
11827,2202.2018233584004
11828,2202.2018233584004
11829,2202.2018233584004
11830,2202.2018233584004
11831,2202.2018233584004
11832,2202.2018233584004
11833,2202.2018233584004
11834,2189.812996936105
11835,2189.812996936105
11836,2189.812996936105
11837,2189.812996936105
11838,2189.812996936105
11839,2189.812996936105
11840,2189.812996936105
11841,2189.812996936105
11842,2189.812996936105
11843,2189.812996936105
11844,2189.812996936105
11845,2189.812996936105
11846,2189.812996936105
11847,2189.812996936105
11848,2189.812996936105
11849,2189.812996936105
11850,2189.812996936105
11851,2189.812996936105
11852,2189.812996936105
11853,2189.812996936105
11854,2189.812996936105
11855,2189.812996936105
11856,2189.812996936105
11857,2189.812996936105
11858,2189.812996936105
11859,2186.719064582336
11860,2186.719064582336
11861,2186.719064582336
11862,2186.719064582336
11863,2186.719064582336
11864,2186.719064582336
11865,2186.719064582336
11866,2186.719064582336
11867,2186.719064582336
11868,2186.719064582336
11869,2186.719064582336
11870,2186.719064582336
11871,2186.719064582336
11872,2186.719064582336
11873,2186.719064582336
11874,2186.719064582336
11875,2186.719064582336
11876,2186.719064582336
11877,2186.719064582336
11878,2186.719064582336
11879,2186.719064582336
11880,2186.719064582336
11881,2186.719064582336
11882,2186.719064582336
11883,2186.719064582336
11884,2186.719064582336
11885,2186.719064582336
11886,2186.719064582336
11887,2186.719064582336
11888,2186.719064582336
11889,2186.719064582336
11890,2186.719064582336
11891,2186.719064582336
11892,2186.719064582336
11893,2186.719064582336
11894,2186.719064582336
11895,2186.719064582336
11896,2186.719064582336
11897,2186.719064582336
11898,2186.719064582336
11899,2186.719064582336
11900,2186.719064582336
11901,2186.719064582336
11902,2186.719064582336
11903,2186.719064582336
11904,2186.719064582336
11905,2186.719064582336
11906,2186.719064582336
11907,2186.719064582336
11908,2186.719064582336
11909,2186.719064582336
11910,2186.719064582336
11911,2186.719064582336
11912,2186.719064582336
11913,2186.719064582336
11914,2186.719064582336
11915,2186.719064582336
11916,2186.719064582336
11917,2186.719064582336
11918,2186.719064582336
11919,2186.719064582336
11920,2186.719064582336
11921,2186.719064582336
11922,2186.719064582336
11923,2186.719064582336
11924,2186.719064582336
11925,2186.719064582336
11926,2186.719064582336
11927,2186.719064582336
11928,2186.719064582336
11929,2186.719064582336
11930,2186.719064582336
11931,2182.7585157447825
11932,2182.7585157447825
11933,2182.7585157447825
11934,2182.7585157447825
11935,2182.7585157447825
11936,2182.7585157447825
11937,2182.7585157447825
11938,2182.7585157447825
11939,2182.7585157447825
11940,2182.7585157447825
11941,2182.7585157447825
11942,2182.7585157447825
11943,2182.7585157447825
11944,2182.7585157447825
11945,2182.7585157447825
11946,2182.7585157447825
11947,2182.7585157447825
11948,2182.7585157447825
11949,2182.7585157447825
11950,2182.7585157447825
11951,2182.7585157447825
11952,2182.7585157447825
11953,2182.7585157447825
11954,2182.7585157447825
11955,2182.7585157447825
11956,2182.7585157447825
11957,2182.7585157447825
11958,2182.7585157447825
11959,2182.7585157447825
11960,2182.7585157447825
11961,2182.7585157447825
11962,2182.7585157447825
11963,2182.7585157447825
11964,2182.7585157447825
11965,2182.7585157447825
11966,2182.7585157447825
11967,2182.7585157447825
11968,2182.7585157447825
11969,2182.7585157447825
11970,2182.7585157447825
11971,2171.3730971475566
11972,2171.3730971475566
11973,2171.3730971475566
11974,2171.3730971475566
11975,2171.3730971475566
11976,2171.3730971475566
11977,2171.3730971475566
11978,2171.3730971475566
11979,2171.3730971475566
11980,2171.3730971475566
11981,2171.3730971475566
11982,2171.3730971475566
11983,2171.3730971475566
11984,2171.3730971475566
11985,2171.3730971475566
11986,2171.3730971475566
11987,2171.3730971475566
11988,2171.3730971475566
11989,2171.3730971475566
11990,2171.3730971475566
11991,2171.3730971475566
11992,2171.3730971475566
11993,2171.3730971475566
11994,2171.3730971475566
11995,2171.3730971475566
11996,2171.3730971475566
11997,2171.3730971475566
11998,2171.3730971475566
11999,2171.3730971475566
12000,2171.3730971475566
12001,2171.3730971475566
12002,2171.3730971475566
12003,2171.3730971475566
12004,2171.3730971475566
12005,2171.3730971475566
12006,2171.3730971475566
12007,2171.3730971475566
12008,2171.3730971475566
12009,2171.3730971475566
12010,2171.3730971475566
12011,2171.3730971475566
12012,2171.3730971475566
12013,2171.3730971475566
12014,2171.3730971475566
12015,2171.3730971475566
12016,2171.3730971475566
12017,2171.3730971475566
12018,2171.3730971475566
12019,2171.3730971475566
12020,2171.3730971475566
12021,2171.3730971475566
12022,2171.3730971475566
12023,2171.3730971475566
12024,2171.3730971475566
12025,2171.3730971475566
12026,2171.3730971475566
12027,2171.3730971475566
12028,2171.3730971475566
12029,2171.3730971475566
12030,2171.3730971475566
12031,2171.3730971475566
12032,2171.3730971475566
12033,2171.3730971475566
12034,2171.3730971475566
12035,2171.3730971475566
12036,2171.3730971475566
12037,2171.3730971475566
12038,2171.3730971475566
12039,2171.3730971475566
12040,2171.3730971475566
12041,2171.3730971475566
12042,2171.3730971475566
12043,2171.3730971475566
12044,2171.3730971475566
12045,2171.3730971475566
12046,2171.3730971475566
12047,2171.3730971475566
12048,2171.3730971475566
12049,2171.3730971475566
12050,2171.3730971475566
12051,2171.3730971475566
12052,2171.3730971475566
12053,2171.3730971475566
12054,2171.3730971475566
12055,2171.3730971475566
12056,2171.3730971475566
12057,2171.3730971475566
12058,2171.3730971475566
12059,2171.3730971475566
12060,2171.3730971475566
12061,2171.3730971475566
12062,2171.3730971475566
12063,2171.3730971475566
12064,2171.3730971475566
12065,2171.3730971475566
12066,2171.3730971475566
12067,2171.3730971475566
12068,2171.3730971475566
12069,2171.3730971475566
12070,2171.3730971475566
12071,2171.3730971475566
12072,2171.3730971475566
12073,2171.3730971475566
12074,2171.3730971475566
12075,2171.3730971475566
12076,2171.3730971475566
12077,2171.3730971475566
12078,2171.3730971475566
12079,2171.3730971475566
12080,2171.3730971475566
12081,2171.3730971475566
12082,2171.3730971475566
12083,2171.3730971475566
12084,2171.3730971475566
12085,2159.8298933806914
12086,2159.8298933806914
12087,2159.8298933806914
12088,2159.8298933806914
12089,2159.8298933806914
12090,2159.8298933806914
12091,2159.8298933806914
12092,2159.8298933806914
12093,2159.8298933806914
12094,2159.8298933806914
12095,2159.8298933806914
12096,2159.8298933806914
12097,2159.8298933806914
12098,2159.8298933806914
12099,2159.8298933806914
12100,2159.8298933806914
12101,2159.8298933806914
12102,2159.8298933806914
12103,2159.8298933806914
12104,2159.8298933806914
12105,2159.8298933806914
12106,2159.8298933806914
12107,2159.8298933806914
12108,2159.8298933806914
12109,2159.8298933806914
12110,2159.8298933806914
12111,2159.8298933806914
12112,2159.8298933806914
12113,2159.8298933806914
12114,2159.8298933806914
12115,2159.8298933806914
12116,2159.8298933806914
12117,2159.8298933806914
12118,2159.8298933806914
12119,2159.8298933806914
12120,2159.8298933806914
12121,2159.8298933806914
12122,2159.8298933806914
12123,2159.8298933806914
12124,2159.8298933806914
12125,2159.8298933806914
12126,2159.8298933806914
12127,2159.8298933806914
12128,2159.8298933806914
12129,2159.8298933806914
12130,2159.8298933806914
12131,2159.8298933806914
12132,2159.8298933806914
12133,2159.8298933806914
12134,2159.8298933806914
12135,2159.8298933806914
12136,2159.8298933806914
12137,2159.8298933806914
12138,2159.8298933806914
12139,2159.8298933806914
12140,2153.9982393149503
12141,2153.9982393149503
12142,2153.9982393149503
12143,2153.9982393149503
12144,2153.9982393149503
12145,2153.9982393149503
12146,2153.9982393149503
12147,2153.9982393149503
12148,2153.9982393149503
12149,2153.9982393149503
12150,2138.7086273518175
12151,2138.7086273518175
12152,2138.7086273518175
12153,2138.7086273518175
12154,2138.7086273518175
12155,2138.7086273518175
12156,2138.7086273518175
12157,2138.7086273518175
12158,2138.7086273518175
12159,2138.7086273518175
12160,2138.7086273518175
12161,2138.7086273518175
12162,2138.7086273518175
12163,2138.7086273518175
12164,2138.7086273518175
12165,2138.7086273518175
12166,2138.7086273518175
12167,2138.7086273518175
12168,2138.7086273518175
12169,2138.7086273518175
12170,2138.7086273518175
12171,2138.7086273518175
12172,2138.7086273518175
12173,2138.7086273518175
12174,2138.7086273518175
12175,2138.7086273518175
12176,2138.7086273518175
12177,2138.7086273518175
12178,2138.7086273518175
12179,2138.7086273518175
12180,2138.7086273518175
12181,2138.7086273518175
12182,2138.7086273518175
12183,2138.7086273518175
12184,2138.7086273518175
12185,2138.7086273518175
12186,2138.7086273518175
12187,2138.7086273518175
12188,2138.7086273518175
12189,2138.7086273518175
12190,2138.7086273518175
12191,2138.7086273518175
12192,2138.7086273518175
12193,2138.7086273518175
12194,2138.7086273518175
12195,2138.7086273518175
12196,2138.7086273518175
12197,2138.7086273518175
12198,2138.7086273518175
12199,2138.7086273518175
12200,2138.7086273518175
12201,2138.7086273518175
12202,2138.7086273518175
12203,2138.7086273518175
12204,2138.7086273518175
12205,2138.7086273518175
12206,2138.7086273518175
12207,2138.7086273518175
12208,2138.7086273518175
12209,2138.7086273518175
12210,2138.7086273518175
12211,2138.7086273518175
12212,2138.7086273518175
12213,2138.7086273518175
12214,2138.7086273518175
12215,2138.7086273518175
12216,2138.7086273518175
12217,2138.7086273518175
12218,2138.7086273518175
12219,2138.7086273518175
12220,2138.7086273518175
12221,2138.7086273518175
12222,2138.7086273518175
12223,2138.7086273518175
12224,2138.7086273518175
12225,2138.7086273518175
12226,2138.7086273518175
12227,2138.7086273518175
12228,2138.7086273518175
12229,2138.7086273518175
12230,2138.7086273518175
12231,2138.7086273518175
12232,2138.7086273518175
12233,2138.7086273518175
12234,2138.7086273518175
12235,2138.7086273518175
12236,2138.7086273518175
12237,2138.7086273518175
12238,2138.7086273518175
12239,2138.7086273518175
12240,2138.7086273518175
12241,2138.7086273518175
12242,2138.7086273518175
12243,2138.7086273518175
12244,2138.7086273518175
12245,2138.7086273518175
12246,2138.7086273518175
12247,2138.7086273518175
12248,2138.7086273518175
12249,2138.7086273518175
12250,2138.7086273518175
12251,2138.7086273518175
12252,2138.7086273518175
12253,2138.7086273518175
12254,2138.7086273518175
12255,2138.7086273518175
12256,2138.7086273518175
12257,2138.7086273518175
12258,2138.7086273518175
12259,2138.7086273518175
12260,2138.7086273518175
12261,2138.7086273518175
12262,2138.7086273518175
12263,2138.7086273518175
12264,2138.7086273518175
12265,2138.7086273518175
12266,2138.7086273518175
12267,2138.7086273518175
12268,2138.7086273518175
12269,2138.7086273518175
12270,2138.7086273518175
12271,2126.855237598125
12272,2126.855237598125
12273,2126.855237598125
12274,2126.855237598125
12275,2126.855237598125
12276,2126.855237598125
12277,2126.855237598125
12278,2126.855237598125
12279,2126.855237598125
12280,2126.855237598125
12281,2126.855237598125
12282,2126.855237598125
12283,2126.855237598125
12284,2126.855237598125
12285,2126.855237598125
12286,2126.855237598125
12287,2126.855237598125
12288,2126.855237598125
12289,2126.855237598125
12290,2120.9756454367594
12291,2120.9756454367594
12292,2120.9756454367594
12293,2120.9756454367594
12294,2120.9756454367594
12295,2120.9756454367594
12296,2120.9756454367594
12297,2120.9756454367594
12298,2120.9756454367594
12299,2120.9756454367594
12300,2120.9756454367594
12301,2120.9756454367594
12302,2120.9756454367594
12303,2120.9756454367594
12304,2120.9756454367594
12305,2120.9756454367594
12306,2120.9756454367594
12307,2120.9756454367594
12308,2120.9756454367594
12309,2120.9756454367594
12310,2120.9756454367594
12311,2120.9756454367594
12312,2120.9756454367594
12313,2120.9756454367594
12314,2120.9756454367594
12315,2120.9756454367594
12316,2120.9756454367594
12317,2120.9756454367594
12318,2120.9756454367594
12319,2120.9756454367594
12320,2120.9756454367594
12321,2120.9756454367594
12322,2120.9756454367594
12323,2120.9756454367594
12324,2120.9756454367594
12325,2120.9756454367594
12326,2120.9756454367594
12327,2120.9756454367594
12328,2120.9756454367594
12329,2120.9756454367594
12330,2120.9756454367594
12331,2120.9756454367594
12332,2120.9756454367594
12333,2120.9756454367594
12334,2120.9756454367594
12335,2120.9756454367594
12336,2120.9756454367594
12337,2120.9756454367594
12338,2120.9756454367594
12339,2120.9756454367594
12340,2120.9756454367594
12341,2120.9756454367594
12342,2120.9756454367594
12343,2120.9756454367594
12344,2120.9756454367594
12345,2115.363044055275
12346,2115.363044055275
12347,2115.363044055275
12348,2115.363044055275
12349,2115.363044055275
12350,2115.363044055275
12351,2115.363044055275
12352,2115.363044055275
12353,2115.363044055275
12354,2115.363044055275
12355,2115.363044055275
12356,2115.363044055275
12357,2115.363044055275
12358,2115.363044055275
12359,2115.363044055275
12360,2115.363044055275
12361,2115.363044055275
12362,2115.363044055275
12363,2115.363044055275
12364,2115.363044055275
12365,2115.363044055275
12366,2115.363044055275
12367,2115.363044055275
12368,2115.363044055275
12369,2115.363044055275
12370,2115.363044055275
12371,2115.363044055275
12372,2115.363044055275
12373,2115.363044055275
12374,2115.363044055275
12375,2115.363044055275
12376,2115.363044055275
12377,2115.363044055275
12378,2115.363044055275
12379,2115.363044055275
12380,2115.363044055275
12381,2115.363044055275
12382,2115.363044055275
12383,2115.363044055275
12384,2115.363044055275
12385,2115.363044055275
12386,2115.363044055275
12387,2115.363044055275
12388,2115.363044055275
12389,2115.363044055275
12390,2115.363044055275
12391,2115.363044055275
12392,2115.363044055275
12393,2115.363044055275
12394,2115.363044055275
12395,2115.363044055275
12396,2115.363044055275
12397,2115.363044055275
12398,2115.363044055275
12399,2115.363044055275
12400,2115.363044055275
12401,2115.363044055275
12402,2115.363044055275
12403,2115.363044055275
12404,2115.363044055275
12405,2115.363044055275
12406,2115.363044055275
12407,2115.363044055275
12408,2115.363044055275
12409,2115.363044055275
12410,2115.363044055275
12411,2115.363044055275
12412,2115.363044055275
12413,2115.363044055275
12414,2115.363044055275
12415,2115.363044055275
12416,2115.363044055275
12417,2115.363044055275
12418,2115.363044055275
12419,2115.363044055275
12420,2115.363044055275
12421,2115.363044055275
12422,2115.363044055275
12423,2115.363044055275
12424,2115.363044055275
12425,2115.363044055275
12426,2115.363044055275
12427,2115.363044055275
12428,2115.363044055275
12429,2115.363044055275
12430,2115.363044055275
12431,2115.363044055275
12432,2115.363044055275
12433,2115.363044055275
12434,2115.363044055275
12435,2115.363044055275
12436,2115.363044055275
12437,2115.363044055275
12438,2115.363044055275
12439,2115.363044055275
12440,2115.363044055275
12441,2115.363044055275
12442,2115.363044055275
12443,2115.363044055275
12444,2115.363044055275
12445,2115.363044055275
12446,2115.363044055275
12447,2115.363044055275
12448,2115.363044055275
12449,2115.363044055275
12450,2115.363044055275
12451,2115.363044055275
12452,2115.363044055275
12453,2115.363044055275
12454,2115.363044055275
12455,2115.363044055275
12456,2115.363044055275
12457,2115.363044055275
12458,2115.363044055275
12459,2115.363044055275
12460,2115.363044055275
12461,2115.363044055275
12462,2115.363044055275
12463,2115.363044055275
12464,2115.363044055275
12465,2115.363044055275
12466,2115.363044055275
12467,2115.363044055275
12468,2115.363044055275
12469,2115.363044055275
12470,2115.363044055275
12471,2115.363044055275
12472,2115.363044055275
12473,2115.363044055275
12474,2115.363044055275
12475,2115.363044055275
12476,2115.363044055275
12477,2115.363044055275
12478,2115.363044055275
12479,2115.363044055275
12480,2115.363044055275
12481,2115.363044055275
12482,2115.363044055275
12483,2115.363044055275
12484,2115.363044055275
12485,2115.363044055275
12486,2115.363044055275
12487,2115.363044055275
12488,2115.363044055275
12489,2115.363044055275
12490,2115.363044055275
12491,2115.363044055275
12492,2115.363044055275
12493,2115.363044055275
12494,2115.363044055275
12495,2115.363044055275
12496,2115.363044055275
12497,2115.363044055275
12498,2115.363044055275
12499,2115.363044055275
12500,2115.363044055275
12501,2115.363044055275
12502,2115.363044055275
12503,2115.363044055275
12504,2115.363044055275
12505,2115.363044055275
12506,2115.363044055275
12507,2115.363044055275
12508,2115.363044055275
12509,2115.363044055275
12510,2115.363044055275
12511,2115.363044055275
12512,2115.363044055275
12513,2115.363044055275
12514,2115.363044055275
12515,2115.363044055275
12516,2115.363044055275
12517,2115.363044055275
12518,2115.363044055275
12519,2115.363044055275
12520,2115.363044055275
12521,2115.363044055275
12522,2115.363044055275
12523,2115.363044055275
12524,2115.363044055275
12525,2115.363044055275
12526,2115.363044055275
12527,2115.363044055275
12528,2115.363044055275
12529,2115.363044055275
12530,2115.363044055275
12531,2115.363044055275
12532,2115.363044055275
12533,2115.363044055275
12534,2115.363044055275
12535,2115.363044055275
12536,2115.363044055275
12537,2115.363044055275
12538,2115.363044055275
12539,2115.363044055275
12540,2115.363044055275
12541,2115.363044055275
12542,2115.363044055275
12543,2115.363044055275
12544,2115.363044055275
12545,2115.363044055275
12546,2115.363044055275
12547,2115.363044055275
12548,2115.363044055275
12549,2115.363044055275
12550,2115.363044055275
12551,2115.363044055275
12552,2115.363044055275
12553,2115.363044055275
12554,2115.363044055275
12555,2115.363044055275
12556,2115.363044055275
12557,2115.363044055275
12558,2115.363044055275
12559,2115.363044055275
12560,2115.363044055275
12561,2115.363044055275
12562,2115.363044055275
12563,2115.363044055275
12564,2115.363044055275
12565,2115.363044055275
12566,2115.363044055275
12567,2115.363044055275
12568,2115.363044055275
12569,2115.363044055275
12570,2115.363044055275
12571,2115.363044055275
12572,2115.363044055275
12573,2115.363044055275
12574,2115.363044055275
12575,2115.363044055275
12576,2115.363044055275
12577,2115.363044055275
12578,2115.363044055275
12579,2115.363044055275
12580,2115.363044055275
12581,2115.363044055275
12582,2115.363044055275
12583,2115.363044055275
12584,2115.363044055275
12585,2115.363044055275
12586,2115.363044055275
12587,2115.363044055275
12588,2115.363044055275
12589,2115.363044055275
12590,2115.363044055275
12591,2115.363044055275
12592,2115.363044055275
12593,2115.363044055275
12594,2115.363044055275
12595,2115.363044055275
12596,2115.363044055275
12597,2115.363044055275
12598,2115.363044055275
12599,2115.363044055275
12600,2115.363044055275
12601,2115.363044055275
12602,2115.363044055275
12603,2115.363044055275
12604,2115.363044055275
12605,2115.363044055275
12606,2115.363044055275
12607,2115.363044055275
12608,2115.363044055275
12609,2115.363044055275
12610,2115.363044055275
12611,2115.363044055275
12612,2115.363044055275
12613,2115.363044055275
12614,2115.363044055275
12615,2115.363044055275
12616,2115.363044055275
12617,2115.363044055275
12618,2115.363044055275
12619,2115.363044055275
12620,2115.363044055275
12621,2115.363044055275
12622,2115.363044055275
12623,2115.363044055275
12624,2115.363044055275
12625,2115.363044055275
12626,2115.363044055275
12627,2115.363044055275
12628,2115.363044055275
12629,2115.363044055275
12630,2115.363044055275
12631,2115.363044055275
12632,2115.363044055275
12633,2115.363044055275
12634,2115.363044055275
12635,2115.363044055275
12636,2115.363044055275
12637,2115.363044055275
12638,2115.363044055275
12639,2115.363044055275
12640,2115.363044055275
12641,2115.363044055275
12642,2115.363044055275
12643,2115.363044055275
12644,2115.363044055275
12645,2115.363044055275
12646,2115.363044055275
12647,2115.363044055275
12648,2115.363044055275
12649,2115.363044055275
12650,2115.363044055275
12651,2115.363044055275
12652,2115.363044055275
12653,2115.363044055275
12654,2115.363044055275
12655,2115.363044055275
12656,2115.363044055275
12657,2115.363044055275
12658,2115.363044055275
12659,2115.363044055275
12660,2115.363044055275
12661,2115.363044055275
12662,2115.363044055275
12663,2115.363044055275
12664,2115.363044055275
12665,2115.363044055275
12666,2115.363044055275
12667,2115.363044055275
12668,2115.363044055275
12669,2115.363044055275
12670,2115.363044055275
12671,2115.363044055275
12672,2115.363044055275
12673,2115.363044055275
12674,2115.363044055275
12675,2115.363044055275
12676,2115.363044055275
12677,2115.363044055275
12678,2115.363044055275
12679,2115.363044055275
12680,2115.363044055275
12681,2115.363044055275
12682,2115.363044055275
12683,2115.363044055275
12684,2115.363044055275
12685,2115.363044055275
12686,2115.363044055275
12687,2115.363044055275
12688,2115.363044055275
12689,2115.363044055275
12690,2115.363044055275
12691,2115.363044055275
12692,2115.363044055275
12693,2115.363044055275
12694,2115.363044055275
12695,2115.363044055275
12696,2115.363044055275
12697,2115.363044055275
12698,2115.363044055275
12699,2115.363044055275
12700,2115.363044055275
12701,2115.363044055275
12702,2115.363044055275
12703,2115.363044055275
12704,2115.363044055275
12705,2115.363044055275
12706,2115.363044055275
12707,2115.363044055275
12708,2115.363044055275
12709,2115.363044055275
12710,2115.363044055275
12711,2115.363044055275
12712,2115.363044055275
12713,2115.363044055275
12714,2115.363044055275
12715,2115.363044055275
12716,2115.363044055275
12717,2115.363044055275
12718,2115.363044055275
12719,2115.363044055275
12720,2095.974688367858
12721,2095.974688367858
12722,2095.974688367858
12723,2095.974688367858
12724,2095.974688367858
12725,2095.974688367858
12726,2095.974688367858
12727,2095.974688367858
12728,2095.974688367858
12729,2095.974688367858
12730,2095.974688367858
12731,2095.974688367858
12732,2095.974688367858
12733,2095.974688367858
12734,2095.974688367858
12735,2095.974688367858
12736,2095.974688367858
12737,2095.974688367858
12738,2095.974688367858
12739,2095.974688367858
12740,2095.974688367858
12741,2095.974688367858
12742,2095.974688367858
12743,2095.974688367858
12744,2095.974688367858
12745,2095.974688367858
12746,2095.974688367858
12747,2095.974688367858
12748,2095.974688367858
12749,2095.974688367858
12750,2095.974688367858
12751,2095.974688367858
12752,2095.974688367858
12753,2095.974688367858
12754,2095.974688367858
12755,2095.974688367858
12756,2095.974688367858
12757,2095.974688367858
12758,2095.974688367858
12759,2095.974688367858
12760,2095.974688367858
12761,2095.974688367858
12762,2095.974688367858
12763,2095.974688367858
12764,2095.974688367858
12765,2095.974688367858
12766,2095.974688367858
12767,2095.974688367858
12768,2095.974688367858
12769,2095.974688367858
12770,2095.974688367858
12771,2095.974688367858
12772,2095.974688367858
12773,2095.974688367858
12774,2095.974688367858
12775,2095.974688367858
12776,2095.974688367858
12777,2095.974688367858
12778,2095.974688367858
12779,2095.974688367858
12780,2095.974688367858
12781,2095.974688367858
12782,2095.974688367858
12783,2095.974688367858
12784,2095.974688367858
12785,2095.974688367858
12786,2095.974688367858
12787,2095.974688367858
12788,2095.974688367858
12789,2095.974688367858
12790,2095.974688367858
12791,2095.974688367858
12792,2095.974688367858
12793,2095.974688367858
12794,2095.974688367858
12795,2095.974688367858
12796,2095.974688367858
12797,2095.974688367858
12798,2095.974688367858
12799,2095.974688367858
12800,2095.974688367858
12801,2095.974688367858
12802,2095.974688367858
12803,2095.974688367858
12804,2095.974688367858
12805,2095.974688367858
12806,2095.974688367858
12807,2095.974688367858
12808,2095.974688367858
12809,2095.974688367858
12810,2095.974688367858
12811,2095.974688367858
12812,2095.974688367858
12813,2095.974688367858
12814,2095.974688367858
12815,2095.974688367858
12816,2095.974688367858
12817,2095.974688367858
12818,2095.974688367858
12819,2095.974688367858
12820,2095.974688367858
12821,2095.974688367858
12822,2095.974688367858
12823,2095.974688367858
12824,2095.974688367858
12825,2095.974688367858
12826,2095.974688367858
12827,2095.974688367858
12828,2095.974688367858
12829,2095.974688367858
12830,2095.974688367858
12831,2095.974688367858
12832,2095.974688367858
12833,2095.974688367858
12834,2095.974688367858
12835,2095.974688367858
12836,2095.974688367858
12837,2095.974688367858
12838,2095.974688367858
12839,2095.974688367858
12840,2095.974688367858
12841,2095.974688367858
12842,2095.974688367858
12843,2095.974688367858
12844,2095.974688367858
12845,2095.974688367858
12846,2095.974688367858
12847,2095.974688367858
12848,2095.974688367858
12849,2095.974688367858
12850,2095.974688367858
12851,2095.974688367858
12852,2095.974688367858
12853,2095.974688367858
12854,2095.974688367858
12855,2095.974688367858
12856,2095.974688367858
12857,2095.974688367858
12858,2095.974688367858
12859,2095.974688367858
12860,2095.974688367858
12861,2095.974688367858
12862,2095.974688367858
12863,2095.974688367858
12864,2095.974688367858
12865,2095.974688367858
12866,2095.974688367858
12867,2095.974688367858
12868,2095.974688367858
12869,2095.974688367858
12870,2095.974688367858
12871,2095.974688367858
12872,2095.974688367858
12873,2095.974688367858
12874,2095.974688367858
12875,2095.974688367858
12876,2095.974688367858
12877,2095.974688367858
12878,2095.974688367858
12879,2095.974688367858
12880,2095.974688367858
12881,2095.974688367858
12882,2095.974688367858
12883,2095.974688367858
12884,2095.974688367858
12885,2095.974688367858
12886,2095.974688367858
12887,2095.974688367858
12888,2095.974688367858
12889,2095.974688367858
12890,2095.974688367858
12891,2095.974688367858
12892,2095.974688367858
12893,2095.974688367858
12894,2066.4836766350163
12895,2066.4836766350163
12896,2066.4836766350163
12897,2066.4836766350163
12898,2066.4836766350163
12899,2066.4836766350163
12900,2066.4836766350163
12901,2066.4836766350163
12902,2066.4836766350163
12903,2066.4836766350163
12904,2066.4836766350163
12905,2066.4836766350163
12906,2066.4836766350163
12907,2066.4836766350163
12908,2066.4836766350163
12909,2066.4836766350163
12910,2066.4836766350163
12911,2066.4836766350163
12912,2066.4836766350163
12913,2066.4836766350163
12914,2066.4836766350163
12915,2066.4836766350163
12916,2066.4836766350163
12917,2066.4836766350163
12918,2066.4836766350163
12919,2066.4836766350163
12920,2066.4836766350163
12921,2066.4836766350163
12922,2066.4836766350163
12923,2066.4836766350163
12924,2066.4836766350163
12925,2066.4836766350163
12926,2066.4836766350163
12927,2066.4836766350163
12928,2066.4836766350163
12929,2066.4836766350163
12930,2066.4836766350163
12931,2066.4836766350163
12932,2066.4836766350163
12933,2066.4836766350163
12934,2066.4836766350163
12935,2066.4836766350163
12936,2066.4836766350163
12937,2066.4836766350163
12938,2066.4836766350163
12939,2066.4836766350163
12940,2066.4836766350163
12941,2066.4836766350163
12942,2066.4836766350163
12943,2066.4836766350163
12944,2066.4836766350163
12945,2066.4836766350163
12946,2066.4836766350163
12947,2066.4836766350163
12948,2066.4836766350163
12949,2066.4836766350163
12950,2066.4836766350163
12951,2066.4836766350163
12952,2066.4836766350163
12953,2066.4836766350163
12954,2066.4836766350163
12955,2066.4836766350163
12956,2066.4836766350163
12957,2066.4836766350163
12958,2066.4836766350163
12959,2066.4836766350163
12960,2066.4836766350163
12961,2066.4836766350163
12962,2066.4836766350163
12963,2066.4836766350163
12964,2066.4836766350163
12965,2066.4836766350163
12966,2066.4836766350163
12967,2066.4836766350163
12968,2066.4836766350163
12969,2066.4836766350163
12970,2066.4836766350163
12971,2066.4836766350163
12972,2066.4836766350163
12973,2066.4836766350163
12974,2066.4836766350163
12975,2066.4836766350163
12976,2066.4836766350163
12977,2066.4836766350163
12978,2066.4836766350163
12979,2066.4836766350163
12980,2066.4836766350163
12981,2066.4836766350163
12982,2066.4836766350163
12983,2066.4836766350163
12984,2066.4836766350163
12985,2066.4836766350163
12986,2066.4836766350163
12987,2066.4836766350163
12988,2066.4836766350163
12989,2066.4836766350163
12990,2066.4836766350163
12991,2066.4836766350163
12992,2066.4836766350163
12993,2066.4836766350163
12994,2066.4836766350163
12995,2066.4836766350163
12996,2066.4836766350163
12997,2066.4836766350163
12998,2066.4836766350163
12999,2066.4836766350163
13000,2066.4836766350163
13001,2066.4836766350163
13002,2066.4836766350163
13003,2066.4836766350163
13004,2066.4836766350163
13005,2066.4836766350163
13006,2066.4836766350163
13007,2066.4836766350163
13008,2066.4836766350163
13009,2066.4836766350163
13010,2066.4836766350163
13011,2066.4836766350163
13012,2066.4836766350163
13013,2066.4836766350163
13014,2066.4836766350163
13015,2066.4836766350163
13016,2066.4836766350163
13017,2066.4836766350163
13018,2066.4836766350163
13019,2066.4836766350163
13020,2066.4836766350163
13021,2066.4836766350163
13022,2066.4836766350163
13023,2066.4836766350163
13024,2066.4836766350163
13025,2066.4836766350163
13026,2066.4836766350163
13027,2066.4836766350163
13028,2066.4836766350163
13029,2066.4836766350163
13030,2066.4836766350163
13031,2066.4836766350163
13032,2066.4836766350163
13033,2066.4836766350163
13034,2066.4836766350163
13035,2066.4836766350163
13036,2066.4836766350163
13037,2066.4836766350163
13038,2066.4836766350163
13039,2066.4836766350163
13040,2066.4836766350163
13041,2066.4836766350163
13042,2066.4836766350163
13043,2066.4836766350163
13044,2066.4836766350163
13045,2066.4836766350163
13046,2066.4836766350163
13047,2066.4836766350163
13048,2066.4836766350163
13049,2066.4836766350163
13050,2066.4836766350163
13051,2066.4836766350163
13052,2066.4836766350163
13053,2066.4836766350163
13054,2066.4836766350163
13055,2066.4836766350163
13056,2066.4836766350163
13057,2066.4836766350163
13058,2066.4836766350163
13059,2066.4836766350163
13060,2066.4836766350163
13061,2066.4836766350163
13062,2066.4836766350163
13063,2066.4836766350163
13064,2066.4836766350163
13065,2066.4836766350163
13066,2066.4836766350163
13067,2066.4836766350163
13068,2066.4836766350163
13069,2066.4836766350163
13070,2066.4836766350163
13071,2066.4836766350163
13072,2066.4836766350163
13073,2066.4836766350163
13074,2066.4836766350163
13075,2066.4836766350163
13076,2066.4836766350163
13077,2066.4836766350163
13078,2066.4836766350163
13079,2066.4836766350163
13080,2066.4836766350163
13081,2066.4836766350163
13082,2066.4836766350163
13083,2066.4836766350163
13084,2066.4836766350163
13085,2066.4836766350163
13086,2066.4836766350163
13087,2066.4836766350163
13088,2066.4836766350163
13089,2066.4836766350163
13090,2066.4836766350163
13091,2066.4836766350163
13092,2066.4836766350163
13093,2066.4836766350163
13094,2066.4836766350163
13095,2066.4836766350163
13096,2064.4682470220732
13097,2064.4682470220732
13098,2064.4682470220732
13099,2064.4682470220732
13100,2064.4682470220732
13101,2064.4682470220732
13102,2064.4682470220732
13103,2064.4682470220732
13104,2064.4682470220732
13105,2064.4682470220732
13106,2064.4682470220732
13107,2064.4682470220732
13108,2064.4682470220732
13109,2064.4682470220732
13110,2064.4682470220732
13111,2064.4682470220732
13112,2064.4682470220732
13113,2064.4682470220732
13114,2064.4682470220732
13115,2064.4682470220732
13116,2064.4682470220732
13117,2064.4682470220732
13118,2064.4682470220732
13119,2064.4682470220732
13120,2064.4682470220732
13121,2064.4682470220732
13122,2064.4682470220732
13123,2064.4682470220732
13124,2064.4682470220732
13125,2064.4682470220732
13126,2064.4682470220732
13127,2064.4682470220732
13128,2064.4682470220732
13129,2064.4682470220732
13130,2064.4682470220732
13131,2064.4682470220732
13132,2064.4682470220732
13133,2064.4682470220732
13134,2064.4682470220732
13135,2064.4682470220732
13136,2064.4682470220732
13137,2064.4682470220732
13138,2064.4682470220732
13139,2064.4682470220732
13140,2064.4682470220732
13141,2064.4682470220732
13142,2064.4682470220732
13143,2064.4682470220732
13144,2064.4682470220732
13145,2064.4682470220732
13146,2064.4682470220732
13147,2064.4682470220732
13148,2064.4682470220732
13149,2064.4682470220732
13150,2064.4682470220732
13151,2064.4682470220732
13152,2064.4682470220732
13153,2064.4682470220732
13154,2064.4682470220732
13155,2064.4682470220732
13156,2064.4682470220732
13157,2064.4682470220732
13158,2064.4682470220732
13159,2064.4682470220732
13160,2064.4682470220732
13161,2064.4682470220732
13162,2064.4682470220732
13163,2064.4682470220732
13164,2064.4682470220732
13165,2064.4682470220732
13166,2064.4682470220732
13167,2064.4682470220732
13168,2064.4682470220732
13169,2064.4682470220732
13170,2064.4682470220732
13171,2064.4682470220732
13172,2064.4682470220732
13173,2064.4682470220732
13174,2064.4682470220732
13175,2064.4682470220732
13176,2064.4682470220732
13177,2064.4682470220732
13178,2064.4682470220732
13179,2064.4682470220732
13180,2064.4682470220732
13181,2064.4682470220732
13182,2064.4682470220732
13183,2064.4682470220732
13184,2064.4682470220732
13185,2064.4682470220732
13186,2064.4682470220732
13187,2064.4682470220732
13188,2064.4682470220732
13189,2064.4682470220732
13190,2064.4682470220732
13191,2064.4682470220732
13192,2064.4682470220732
13193,2064.4682470220732
13194,2064.4682470220732
13195,2064.4682470220732
13196,2064.4682470220732
13197,2064.4682470220732
13198,2064.4682470220732
13199,2064.4682470220732
13200,2064.4682470220732
13201,2064.4682470220732
13202,2064.4682470220732
13203,2064.4682470220732
13204,2064.4682470220732
13205,2064.4682470220732
13206,2064.4682470220732
13207,2064.4682470220732
13208,2064.4682470220732
13209,2064.4682470220732
13210,2064.4682470220732
13211,2064.4682470220732
13212,2064.4682470220732
13213,2064.4682470220732
13214,2064.4682470220732
13215,2064.4682470220732
13216,2064.4682470220732
13217,2064.4682470220732
13218,2064.4682470220732
13219,2064.4682470220732
13220,2064.4682470220732
13221,2064.4682470220732
13222,2064.4682470220732
13223,2064.4682470220732
13224,2064.4682470220732
13225,2064.4682470220732
13226,2064.4682470220732
13227,2064.4682470220732
13228,2064.4682470220732
13229,2064.4682470220732
13230,2064.4682470220732
13231,2064.4682470220732
13232,2064.4682470220732
13233,2064.4682470220732
13234,2064.4682470220732
13235,2064.4682470220732
13236,2064.4682470220732
13237,2064.4682470220732
13238,2064.4682470220732
13239,2064.4682470220732
13240,2064.4682470220732
13241,2064.4682470220732
13242,2064.4682470220732
13243,2064.4682470220732
13244,2064.4682470220732
13245,2064.4682470220732
13246,2064.4682470220732
13247,2064.4682470220732
13248,2064.4682470220732
13249,2064.4682470220732
13250,2064.4682470220732
13251,2064.4682470220732
13252,2064.4682470220732
13253,2064.4682470220732
13254,2064.4682470220732
13255,2064.4682470220732
13256,2064.4682470220732
13257,2064.4682470220732
13258,2064.4682470220732
13259,2064.4682470220732
13260,2064.4682470220732
13261,2064.4682470220732
13262,2064.4682470220732
13263,2064.4682470220732
13264,2064.4682470220732
13265,2064.4682470220732
13266,2064.4682470220732
13267,2064.4682470220732
13268,2064.4682470220732
13269,2064.4682470220732
13270,2064.4682470220732
13271,2064.4682470220732
13272,2064.4682470220732
13273,2064.4682470220732
13274,2064.4682470220732
13275,2064.4682470220732
13276,2064.4682470220732
13277,2064.4682470220732
13278,2064.4682470220732
13279,2064.4682470220732
13280,2064.4682470220732
13281,2064.4682470220732
13282,2064.4682470220732
13283,2064.4682470220732
13284,2064.4682470220732
13285,2064.4682470220732
13286,2064.4682470220732
13287,2064.4682470220732
13288,2064.4682470220732
13289,2064.4682470220732
13290,2064.4682470220732
13291,2064.4682470220732
13292,2064.4682470220732
13293,2064.4682470220732
13294,2064.4682470220732
13295,2064.4682470220732
13296,2064.4682470220732
13297,2064.4682470220732
13298,2064.4682470220732
13299,2064.4682470220732
13300,2064.4682470220732
13301,2064.4682470220732
13302,2064.4682470220732
13303,2064.4682470220732
13304,2064.4682470220732
13305,2064.4682470220732
13306,2064.4682470220732
13307,2064.4682470220732
13308,2064.4682470220732
13309,2064.4682470220732
13310,2064.4682470220732
13311,2064.4682470220732
13312,2064.4682470220732
13313,2064.4682470220732
13314,2064.4682470220732
13315,2064.4682470220732
13316,2064.4682470220732
13317,2064.4682470220732
13318,2064.4682470220732
13319,2064.4682470220732
13320,2064.4682470220732
13321,2064.4682470220732
13322,2064.4682470220732
13323,2064.4682470220732
13324,2064.4682470220732
13325,2064.4682470220732
13326,2064.4682470220732
13327,2064.4682470220732
13328,2064.4682470220732
13329,2064.4682470220732
13330,2064.4682470220732
13331,2064.4682470220732
13332,2064.4682470220732
13333,2064.4682470220732
13334,2064.4682470220732
13335,2064.4682470220732
13336,2064.4682470220732
13337,2064.4682470220732
13338,2064.4682470220732
13339,2064.4682470220732
13340,2064.4682470220732
13341,2064.4682470220732
13342,2064.4682470220732
13343,2064.4682470220732
13344,2064.4682470220732
13345,2064.4682470220732
13346,2064.4682470220732
13347,2064.4682470220732
13348,2064.4682470220732
13349,2064.4682470220732
13350,2064.4682470220732
13351,2064.4682470220732
13352,2064.4682470220732
13353,2064.4682470220732
13354,2064.4682470220732
13355,2064.4682470220732
13356,2064.4682470220732
13357,2064.4682470220732
13358,2064.4682470220732
13359,2064.4682470220732
13360,2064.4682470220732
13361,2064.4682470220732
13362,2064.4682470220732
13363,2064.4682470220732
13364,2064.4682470220732
13365,2064.4682470220732
13366,2064.4682470220732
13367,2064.4682470220732
13368,2064.4682470220732
13369,2064.4682470220732
13370,2064.4682470220732
13371,2064.4682470220732
13372,2064.4682470220732
13373,2064.4682470220732
13374,2064.4682470220732
13375,2064.4682470220732
13376,2064.4682470220732
13377,2064.4682470220732
13378,2064.4682470220732
13379,2064.4682470220732
13380,2064.4682470220732
13381,2064.4682470220732
13382,2064.4682470220732
13383,2064.4682470220732
13384,2064.4682470220732
13385,2064.4682470220732
13386,2064.4682470220732
13387,2064.4682470220732
13388,2064.4682470220732
13389,2064.4682470220732
13390,2064.4682470220732
13391,2064.4682470220732
13392,2064.4682470220732
13393,2064.4682470220732
13394,2064.4682470220732
13395,2064.4682470220732
13396,2064.4682470220732
13397,2064.4682470220732
13398,2064.4682470220732
13399,2064.4682470220732
13400,2064.4682470220732
13401,2064.4682470220732
13402,2064.4682470220732
13403,2064.4682470220732
13404,2064.4682470220732
13405,2064.4682470220732
13406,2064.4682470220732
13407,2064.4682470220732
13408,2064.4682470220732
13409,2064.4682470220732
13410,2064.4682470220732
13411,2064.4682470220732
13412,2064.4682470220732
13413,2064.4682470220732
13414,2064.4682470220732
13415,2064.4682470220732
13416,2064.4682470220732
13417,2064.4682470220732
13418,2064.4682470220732
13419,2064.4682470220732
13420,2064.4682470220732
13421,2063.2233689810064
13422,2063.2233689810064
13423,2063.2233689810064
13424,2063.2233689810064
13425,2063.2233689810064
13426,2063.2233689810064
13427,2063.2233689810064
13428,2063.2233689810064
13429,2063.2233689810064
13430,2063.2233689810064
13431,2063.2233689810064
13432,2063.2233689810064
13433,2063.2233689810064
13434,2063.2233689810064
13435,2063.2233689810064
13436,2063.2233689810064
13437,2063.2233689810064
13438,2063.2233689810064
13439,2063.2233689810064
13440,2063.2233689810064
13441,2063.2233689810064
13442,2063.2233689810064
13443,2063.2233689810064
13444,2063.2233689810064
13445,2063.2233689810064
13446,2063.2233689810064
13447,2063.2233689810064
13448,2063.2233689810064
13449,2063.2233689810064
13450,2063.2233689810064
13451,2063.2233689810064
13452,2063.2233689810064
13453,2063.2233689810064
13454,2063.2233689810064
13455,2063.2233689810064
13456,2063.2233689810064
13457,2063.2233689810064
13458,2063.2233689810064
13459,2063.2233689810064
13460,2063.2233689810064
13461,2063.2233689810064
13462,2063.2233689810064
13463,2063.2233689810064
13464,2063.2233689810064
13465,2063.2233689810064
13466,2063.2233689810064
13467,2063.2233689810064
13468,2063.2233689810064
13469,2063.2233689810064
13470,2063.2233689810064
13471,2063.2233689810064
13472,2063.2233689810064
13473,2063.2233689810064
13474,2063.2233689810064
13475,2063.2233689810064
13476,2063.2233689810064
13477,2063.2233689810064
13478,2063.2233689810064
13479,2063.2233689810064
13480,2063.2233689810064
13481,2063.2233689810064
13482,2063.2233689810064
13483,2063.2233689810064
13484,2063.2233689810064
13485,2063.2233689810064
13486,2063.2233689810064
13487,2063.2233689810064
13488,2063.2233689810064
13489,2063.2233689810064
13490,2063.2233689810064
13491,2063.2233689810064
13492,2063.2233689810064
13493,2063.2233689810064
13494,2063.2233689810064
13495,2063.2233689810064
13496,2063.2233689810064
13497,2063.2233689810064
13498,2063.2233689810064
13499,2063.2233689810064
13500,2063.2233689810064
13501,2063.2233689810064
13502,2063.2233689810064
13503,2063.2233689810064
13504,2063.2233689810064
13505,2063.2233689810064
13506,2063.2233689810064
13507,2063.2233689810064
13508,2063.2233689810064
13509,2063.2233689810064
13510,2063.2233689810064
13511,2063.2233689810064
13512,2063.2233689810064
13513,2063.2233689810064
13514,2063.2233689810064
13515,2063.2233689810064
13516,2063.2233689810064
13517,2063.2233689810064
13518,2063.2233689810064
13519,2063.2233689810064
13520,2063.2233689810064
13521,2063.2233689810064
13522,2063.2233689810064
13523,2063.2233689810064
13524,2063.2233689810064
13525,2063.2233689810064
13526,2063.2233689810064
13527,2063.2233689810064
13528,2063.2233689810064
13529,2063.2233689810064
13530,2063.2233689810064
13531,2063.2233689810064
13532,2063.2233689810064
13533,2063.2233689810064
13534,2063.2233689810064
13535,2063.2233689810064
13536,2063.2233689810064
13537,2063.2233689810064
13538,2063.2233689810064
13539,2063.2233689810064
13540,2063.2233689810064
13541,2063.2233689810064
13542,2063.2233689810064
13543,2063.2233689810064
13544,2063.2233689810064
13545,2063.2233689810064
13546,2063.2233689810064
13547,2063.2233689810064
13548,2063.2233689810064
13549,2063.2233689810064
13550,2063.2233689810064
13551,2063.2233689810064
13552,2063.2233689810064
13553,2063.2233689810064
13554,2063.2233689810064
13555,2063.2233689810064
13556,2063.2233689810064
13557,2063.2233689810064
13558,2063.2233689810064
13559,2063.2233689810064
13560,2063.2233689810064
13561,2063.2233689810064
13562,2063.2233689810064
13563,2063.2233689810064
13564,2063.2233689810064
13565,2063.2233689810064
13566,2063.2233689810064
13567,2063.2233689810064
13568,2063.2233689810064
13569,2063.2233689810064
13570,2063.2233689810064
13571,2063.2233689810064
13572,2063.2233689810064
13573,2063.2233689810064
13574,2063.2233689810064
13575,2063.2233689810064
13576,2058.670684227861
13577,2058.670684227861
13578,2058.670684227861
13579,2058.670684227861
13580,2058.670684227861
13581,2058.670684227861
13582,2058.670684227861
13583,2058.670684227861
13584,2058.670684227861
13585,2058.670684227861
13586,2058.670684227861
13587,2058.670684227861
13588,2058.670684227861
13589,2058.670684227861
13590,2051.254429183496
13591,2051.254429183496
13592,2051.254429183496
13593,2051.254429183496
13594,2051.254429183496
13595,2051.254429183496
13596,2051.254429183496
13597,2051.254429183496
13598,2051.254429183496
13599,2051.254429183496
13600,2051.254429183496
13601,2051.254429183496
13602,2051.254429183496
13603,2051.254429183496
13604,2051.254429183496
13605,2051.254429183496
13606,2051.254429183496
13607,2051.254429183496
13608,2051.254429183496
13609,2051.254429183496
13610,2051.254429183496
13611,2051.254429183496
13612,2051.254429183496
13613,2051.254429183496
13614,2051.254429183496
13615,2051.254429183496
13616,2051.254429183496
13617,2051.254429183496
13618,2051.254429183496
13619,2051.254429183496
13620,2051.254429183496
13621,2051.254429183496
13622,2051.254429183496
13623,2051.254429183496
13624,2051.254429183496
13625,2051.254429183496
13626,2051.254429183496
13627,2051.254429183496
13628,2051.254429183496
13629,2051.254429183496
13630,2051.254429183496
13631,2051.254429183496
13632,2051.254429183496
13633,2051.254429183496
13634,2051.254429183496
13635,2051.254429183496
13636,2051.254429183496
13637,2051.254429183496
13638,2051.254429183496
13639,2051.254429183496
13640,2051.254429183496
13641,2051.254429183496
13642,2051.254429183496
13643,2051.254429183496
13644,2051.254429183496
13645,2051.254429183496
13646,2051.254429183496
13647,2051.254429183496
13648,2051.254429183496
13649,2051.254429183496
13650,2051.254429183496
13651,2051.254429183496
13652,2051.254429183496
13653,2051.254429183496
13654,2051.254429183496
13655,2051.254429183496
13656,2051.254429183496
13657,2051.254429183496
13658,2051.254429183496
13659,2051.254429183496
13660,2051.254429183496
13661,2051.254429183496
13662,2051.254429183496
13663,2051.254429183496
13664,2051.254429183496
13665,2051.254429183496
13666,2051.254429183496
13667,2051.254429183496
13668,2051.254429183496
13669,2051.254429183496
13670,2051.254429183496
13671,2051.254429183496
13672,2051.254429183496
13673,2051.254429183496
13674,2051.254429183496
13675,2051.254429183496
13676,2051.254429183496
13677,2051.254429183496
13678,2051.254429183496
13679,2051.254429183496
13680,2051.254429183496
13681,2051.254429183496
13682,2051.254429183496
13683,2051.254429183496
13684,2051.254429183496
13685,2051.254429183496
13686,2051.254429183496
13687,2051.254429183496
13688,2051.254429183496
13689,2051.254429183496
13690,2051.254429183496
13691,2051.254429183496
13692,2051.254429183496
13693,2051.254429183496
13694,2051.254429183496
13695,2051.254429183496
13696,2051.254429183496
13697,2051.254429183496
13698,2051.254429183496
13699,2051.254429183496
13700,2051.254429183496
13701,2051.254429183496
13702,2051.254429183496
13703,2051.254429183496
13704,2051.254429183496
13705,2051.254429183496
13706,2051.254429183496
13707,2051.254429183496
13708,2051.254429183496
13709,2051.254429183496
13710,2051.254429183496
13711,2051.254429183496
13712,2051.254429183496
13713,2051.254429183496
13714,2051.254429183496
13715,2051.254429183496
13716,2051.254429183496
13717,2051.254429183496
13718,2051.254429183496
13719,2051.254429183496
13720,2051.254429183496
13721,2051.254429183496
13722,2051.254429183496
13723,2051.254429183496
13724,2051.254429183496
13725,2051.254429183496
13726,2051.254429183496
13727,2051.254429183496
13728,2051.254429183496
13729,2051.254429183496
13730,2051.254429183496
13731,2051.254429183496
13732,2051.254429183496
13733,2051.254429183496
13734,2051.254429183496
13735,2051.254429183496
13736,2051.254429183496
13737,2051.254429183496
13738,2051.254429183496
13739,2051.254429183496
13740,2051.254429183496
13741,2051.254429183496
13742,2051.254429183496
13743,2051.254429183496
13744,2051.254429183496
13745,2051.254429183496
13746,2051.254429183496
13747,2051.254429183496
13748,2051.254429183496
13749,2051.254429183496
13750,2051.254429183496
13751,2051.254429183496
13752,2051.254429183496
13753,2051.254429183496
13754,2051.254429183496
13755,2051.254429183496
13756,2051.254429183496
13757,2051.254429183496
13758,2051.254429183496
13759,2051.254429183496
13760,2051.254429183496
13761,2051.254429183496
13762,2051.254429183496
13763,2051.254429183496
13764,2051.254429183496
13765,2051.254429183496
13766,2051.254429183496
13767,2051.254429183496
13768,2051.254429183496
13769,2051.254429183496
13770,2051.254429183496
13771,2051.254429183496
13772,2051.254429183496
13773,2051.254429183496
13774,2051.254429183496
13775,2051.254429183496
13776,2051.254429183496
13777,2051.254429183496
13778,2051.254429183496
13779,2051.254429183496
13780,2051.254429183496
13781,2051.254429183496
13782,2051.254429183496
13783,2051.254429183496
13784,2051.254429183496
13785,2051.254429183496
13786,2051.254429183496
13787,2051.254429183496
13788,2051.254429183496
13789,2051.254429183496
13790,2051.254429183496
13791,2051.254429183496
13792,2051.254429183496
13793,2051.254429183496
13794,2051.254429183496
13795,2051.254429183496
13796,2051.254429183496
13797,2051.254429183496
13798,2051.254429183496
13799,2051.254429183496
13800,2051.254429183496
13801,2051.254429183496
13802,2051.254429183496
13803,2051.254429183496
13804,2051.254429183496
13805,2051.254429183496
13806,2051.254429183496
13807,2051.254429183496
13808,2051.254429183496
13809,2051.254429183496
13810,2051.254429183496
13811,2051.254429183496
13812,2051.254429183496
13813,2051.254429183496
13814,2051.254429183496
13815,2051.254429183496
13816,2051.254429183496
13817,2051.254429183496
13818,2051.254429183496
13819,2051.254429183496
13820,2051.254429183496
13821,2051.254429183496
13822,2051.254429183496
13823,2051.254429183496
13824,2051.254429183496
13825,2051.254429183496
13826,2051.254429183496
13827,2051.254429183496
13828,2051.254429183496
13829,2051.254429183496
13830,2051.254429183496
13831,2051.254429183496
13832,2051.254429183496
13833,2051.254429183496
13834,2051.254429183496
13835,2051.254429183496
13836,2051.254429183496
13837,2051.254429183496
13838,2051.254429183496
13839,2051.254429183496
13840,2051.254429183496
13841,2051.254429183496
13842,2051.254429183496
13843,2051.254429183496
13844,2051.254429183496
13845,2051.254429183496
13846,2051.254429183496
13847,2051.254429183496
13848,2051.254429183496
13849,2051.254429183496
13850,2051.254429183496
13851,2051.254429183496
13852,2051.254429183496
13853,2051.254429183496
13854,2051.254429183496
13855,2051.254429183496
13856,2051.254429183496
13857,2051.254429183496
13858,2051.254429183496
13859,2051.254429183496
13860,2051.254429183496
13861,2051.254429183496
13862,2051.254429183496
13863,2051.254429183496
13864,2051.254429183496
13865,2051.254429183496
13866,2051.254429183496
13867,2051.254429183496
13868,2051.254429183496
13869,2051.254429183496
13870,2051.254429183496
13871,2051.254429183496
13872,2051.254429183496
13873,2051.254429183496
13874,2051.254429183496
13875,2051.254429183496
13876,2051.254429183496
13877,2051.254429183496
13878,2051.254429183496
13879,2051.254429183496
13880,2051.254429183496
13881,2051.254429183496
13882,2051.254429183496
13883,2051.254429183496
13884,2051.254429183496
13885,2051.254429183496
13886,2051.254429183496
13887,2051.254429183496
13888,2051.254429183496
13889,2051.254429183496
13890,2051.254429183496
13891,2051.254429183496
13892,2051.254429183496
13893,2051.254429183496
13894,2051.254429183496
13895,2051.254429183496
13896,2051.254429183496
13897,2051.254429183496
13898,2051.254429183496
13899,2051.254429183496
13900,2051.254429183496
13901,2051.254429183496
13902,2051.254429183496
13903,2051.254429183496
13904,2051.254429183496
13905,2051.254429183496
13906,2051.254429183496
13907,2051.254429183496
13908,2051.254429183496
13909,2051.254429183496
13910,2051.254429183496
13911,2051.254429183496
13912,2051.254429183496
13913,2051.254429183496
13914,2051.254429183496
13915,2051.254429183496
13916,2051.254429183496
13917,2051.254429183496
13918,2051.254429183496
13919,2051.254429183496
13920,2051.254429183496
13921,2051.254429183496
13922,2051.254429183496
13923,2051.254429183496
13924,2051.254429183496
13925,2051.254429183496
13926,2051.254429183496
13927,2051.254429183496
13928,2051.254429183496
13929,2051.254429183496
13930,2051.254429183496
13931,2051.254429183496
13932,2051.254429183496
13933,2051.254429183496
13934,2051.254429183496
13935,2051.254429183496
13936,2051.254429183496
13937,2051.254429183496
13938,2051.254429183496
13939,2051.254429183496
13940,2051.254429183496
13941,2051.254429183496
13942,2051.254429183496
13943,2051.254429183496
13944,2051.254429183496
13945,2051.254429183496
13946,2051.254429183496
13947,2051.254429183496
13948,2051.254429183496
13949,2051.254429183496
13950,2051.254429183496
13951,2051.254429183496
13952,2051.254429183496
13953,2051.254429183496
13954,2051.254429183496
13955,2051.254429183496
13956,2051.254429183496
13957,2051.254429183496
13958,2051.254429183496
13959,2051.254429183496
13960,2051.254429183496
13961,2051.254429183496
13962,2051.254429183496
13963,2051.254429183496
13964,2051.254429183496
13965,2051.254429183496
13966,2051.254429183496
13967,2051.254429183496
13968,2051.254429183496
13969,2051.254429183496
13970,2051.254429183496
13971,2051.254429183496
13972,2051.254429183496
13973,2051.254429183496
13974,2051.254429183496
13975,2051.254429183496
13976,2051.254429183496
13977,2051.254429183496
13978,2051.254429183496
13979,2051.254429183496
13980,2051.254429183496
13981,2051.254429183496
13982,2051.254429183496
13983,2051.254429183496
13984,2051.254429183496
13985,2051.254429183496
13986,2051.254429183496
13987,2051.254429183496
13988,2051.254429183496
13989,2051.254429183496
13990,2051.254429183496
13991,2051.254429183496
13992,2051.254429183496
13993,2051.254429183496
13994,2051.254429183496
13995,2051.254429183496
13996,2051.254429183496
13997,2051.254429183496
13998,2051.254429183496
13999,2047.339766958507
14000,2047.339766958507
14001,2047.339766958507
14002,2047.339766958507
14003,2047.339766958507
14004,2047.339766958507
14005,2047.339766958507
14006,2047.339766958507
14007,2047.339766958507
14008,2047.339766958507
14009,2047.339766958507
14010,2047.339766958507
14011,2047.339766958507
14012,2047.339766958507
14013,2047.339766958507
14014,2047.339766958507
14015,2047.339766958507
14016,2047.339766958507
14017,2047.339766958507
14018,2047.339766958507
14019,2047.339766958507
14020,2047.339766958507
14021,2047.339766958507
14022,2047.339766958507
14023,2047.339766958507
14024,2047.339766958507
14025,2047.339766958507
14026,2047.339766958507
14027,2047.339766958507
14028,2047.339766958507
14029,2047.339766958507
14030,2047.339766958507
14031,2047.339766958507
14032,2047.339766958507
14033,2047.339766958507
14034,2047.339766958507
14035,2047.339766958507
14036,2047.339766958507
14037,2047.339766958507
14038,2047.339766958507
14039,2047.339766958507
14040,2047.339766958507
14041,2047.339766958507
14042,2047.339766958507
14043,2047.339766958507
14044,2047.339766958507
14045,2047.339766958507
14046,2047.339766958507
14047,2047.339766958507
14048,2047.339766958507
14049,2047.339766958507
14050,2047.339766958507
14051,2047.339766958507
14052,2047.339766958507
14053,2047.339766958507
14054,2047.339766958507
14055,2047.339766958507
14056,2047.339766958507
14057,2047.339766958507
14058,2047.339766958507
14059,2047.339766958507
14060,2047.339766958507
14061,2047.339766958507
14062,2047.339766958507
14063,2047.339766958507
14064,2047.339766958507
14065,2047.339766958507
14066,2047.339766958507
14067,2047.339766958507
14068,2047.339766958507
14069,2047.339766958507
14070,2047.339766958507
14071,2047.339766958507
14072,2047.339766958507
14073,2047.339766958507
14074,2047.339766958507
14075,2047.339766958507
14076,2047.339766958507
14077,2047.339766958507
14078,2047.339766958507
14079,2047.339766958507
14080,2047.339766958507
14081,2047.339766958507
14082,2047.339766958507
14083,2047.339766958507
14084,2047.339766958507
14085,2047.339766958507
14086,2047.339766958507
14087,2047.339766958507
14088,2047.339766958507
14089,2047.339766958507
14090,2047.339766958507
14091,2047.339766958507
14092,2047.339766958507
14093,2047.339766958507
14094,2047.339766958507
14095,2047.339766958507
14096,2047.339766958507
14097,2047.339766958507
14098,2047.339766958507
14099,2047.339766958507
14100,2047.339766958507
14101,2047.339766958507
14102,2047.339766958507
14103,2047.339766958507
14104,2047.339766958507
14105,2047.339766958507
14106,2047.339766958507
14107,2047.339766958507
14108,2047.339766958507
14109,2047.339766958507
14110,2047.339766958507
14111,2047.339766958507
14112,2047.339766958507
14113,2047.339766958507
14114,2047.339766958507
14115,2047.339766958507
14116,2047.339766958507
14117,2047.339766958507
14118,2047.339766958507
14119,2047.339766958507
14120,2047.339766958507
14121,2047.339766958507
14122,2047.339766958507
14123,2047.339766958507
14124,2047.339766958507
14125,2047.339766958507
14126,2047.339766958507
14127,2047.339766958507
14128,2047.339766958507
14129,2047.339766958507
14130,2047.339766958507
14131,2047.339766958507
14132,2047.339766958507
14133,2047.339766958507
14134,2047.339766958507
14135,2047.339766958507
14136,2047.339766958507
14137,2047.339766958507
14138,2047.339766958507
14139,2047.339766958507
14140,2047.339766958507
14141,2047.339766958507
14142,2047.339766958507
14143,2047.339766958507
14144,2047.339766958507
14145,2047.339766958507
14146,2047.339766958507
14147,2047.339766958507
14148,2047.339766958507
14149,2047.339766958507
14150,2047.339766958507
14151,2047.339766958507
14152,2047.339766958507
14153,2047.339766958507
14154,2047.339766958507
14155,2047.339766958507
14156,2047.339766958507
14157,2047.339766958507
14158,2047.339766958507
14159,2047.339766958507
14160,2047.339766958507
14161,2047.339766958507
14162,2047.339766958507
14163,2047.339766958507
14164,2047.339766958507
14165,2047.339766958507
14166,2047.339766958507
14167,2047.339766958507
14168,2047.339766958507
14169,2047.339766958507
14170,2047.339766958507
14171,2047.339766958507
14172,2047.339766958507
14173,2047.339766958507
14174,2047.339766958507
14175,2047.339766958507
14176,2047.339766958507
14177,2047.339766958507
14178,2047.339766958507
14179,2047.339766958507
14180,2047.339766958507
14181,2047.339766958507
14182,2047.339766958507
14183,2047.339766958507
14184,2047.339766958507
14185,2047.339766958507
14186,2047.339766958507
14187,2047.339766958507
14188,2047.339766958507
14189,2047.339766958507
14190,2047.339766958507
14191,2047.339766958507
14192,2047.339766958507
14193,2047.339766958507
14194,2047.339766958507
14195,2047.339766958507
14196,2047.339766958507
14197,2047.339766958507
14198,2047.339766958507
14199,2047.339766958507
14200,2047.339766958507
14201,2047.339766958507
14202,2047.339766958507
14203,2047.339766958507
14204,2047.339766958507
14205,2047.339766958507
14206,2047.339766958507
14207,2047.339766958507
14208,2047.339766958507
14209,2047.339766958507
14210,2047.339766958507
14211,2047.339766958507
14212,2047.339766958507
14213,2047.339766958507
14214,2047.339766958507
14215,2047.339766958507
14216,2047.339766958507
14217,2047.339766958507
14218,2047.339766958507
14219,2047.339766958507
14220,2047.339766958507
14221,2047.339766958507
14222,2047.339766958507
14223,2047.339766958507
14224,2047.339766958507
14225,2047.339766958507
14226,2047.339766958507
14227,2047.339766958507
14228,2047.339766958507
14229,2047.339766958507
14230,2047.339766958507
14231,2047.339766958507
14232,2047.339766958507
14233,2047.339766958507
14234,2047.339766958507
14235,2047.339766958507
14236,2047.339766958507
14237,2047.339766958507
14238,2047.339766958507
14239,2047.339766958507
14240,2047.339766958507
14241,2047.339766958507
14242,2047.339766958507
14243,2047.339766958507
14244,2047.339766958507
14245,2047.339766958507
14246,2047.339766958507
14247,2047.339766958507
14248,2047.339766958507
14249,2047.339766958507
14250,2047.339766958507
14251,2047.339766958507
14252,2047.339766958507
14253,2047.339766958507
14254,2047.339766958507
14255,2047.339766958507
14256,2047.339766958507
14257,2047.339766958507
14258,2047.339766958507
14259,2047.339766958507
14260,2047.339766958507
14261,2047.339766958507
14262,2047.339766958507
14263,2047.339766958507
14264,2047.339766958507
14265,2047.339766958507
14266,2047.339766958507
14267,2047.339766958507
14268,2047.339766958507
14269,2047.339766958507
14270,2047.339766958507
14271,2047.339766958507
14272,2047.339766958507
14273,2047.339766958507
14274,2047.339766958507
14275,2047.339766958507
14276,2047.339766958507
14277,2047.339766958507
14278,2047.339766958507
14279,2047.339766958507
14280,2047.339766958507
14281,2047.339766958507
14282,2047.339766958507
14283,2047.339766958507
14284,2047.339766958507
14285,2047.339766958507
14286,2047.339766958507
14287,2047.339766958507
14288,2047.339766958507
14289,2047.339766958507
14290,2047.339766958507
14291,2047.339766958507
14292,2047.339766958507
14293,2047.339766958507
14294,2047.339766958507
14295,2047.339766958507
14296,2047.339766958507
14297,2047.339766958507
14298,2047.339766958507
14299,2047.339766958507
14300,2047.339766958507
14301,2047.339766958507
14302,2047.339766958507
14303,2047.339766958507
14304,2047.339766958507
14305,2047.339766958507
14306,2047.339766958507
14307,2047.339766958507
14308,2047.339766958507
14309,2047.339766958507
14310,2047.339766958507
14311,2047.339766958507
14312,2047.339766958507
14313,2047.339766958507
14314,2047.339766958507
14315,2047.339766958507
14316,2047.339766958507
14317,2047.339766958507
14318,2047.339766958507
14319,2047.339766958507
14320,2047.339766958507
14321,2047.339766958507
14322,2047.339766958507
14323,2047.339766958507
14324,2047.339766958507
14325,2047.339766958507
14326,2047.339766958507
14327,2047.339766958507
14328,2047.339766958507
14329,2047.339766958507
14330,2047.339766958507
14331,2047.339766958507
14332,2047.339766958507
14333,2047.339766958507
14334,2047.339766958507
14335,2047.339766958507
14336,2047.339766958507
14337,2047.339766958507
14338,2047.339766958507
14339,2047.339766958507
14340,2047.339766958507
14341,2047.339766958507
14342,2047.339766958507
14343,2047.339766958507
14344,2047.339766958507
14345,2047.339766958507
14346,2047.339766958507
14347,2047.339766958507
14348,2047.339766958507
14349,2047.339766958507
14350,2047.339766958507
14351,2047.339766958507
14352,2047.339766958507
14353,2047.339766958507
14354,2047.339766958507
14355,2047.339766958507
14356,2047.339766958507
14357,2047.339766958507
14358,2047.339766958507
14359,2047.339766958507
14360,2047.339766958507
14361,2047.339766958507
14362,2047.339766958507
14363,2047.339766958507
14364,2047.339766958507
14365,2047.339766958507
14366,2047.339766958507
14367,2047.339766958507
14368,2047.339766958507
14369,2047.339766958507
14370,2047.339766958507
14371,2047.339766958507
14372,2047.339766958507
14373,2047.339766958507
14374,2047.339766958507
14375,2047.339766958507
14376,2047.339766958507
14377,2047.339766958507
14378,2047.339766958507
14379,2047.339766958507
14380,2047.339766958507
14381,2047.339766958507
14382,2047.339766958507
14383,2047.339766958507
14384,2047.339766958507
14385,2047.339766958507
14386,2047.339766958507
14387,2047.339766958507
14388,2047.339766958507
14389,2047.339766958507
14390,2047.339766958507
14391,2047.339766958507
14392,2047.339766958507
14393,2047.339766958507
14394,2047.339766958507
14395,2047.339766958507
14396,2047.339766958507
14397,2047.339766958507
14398,2047.339766958507
14399,2047.339766958507
14400,2047.339766958507
14401,2047.339766958507
14402,2047.339766958507
14403,2047.339766958507
14404,2047.339766958507
14405,2047.339766958507
14406,2047.339766958507
14407,2047.339766958507
14408,2047.339766958507
14409,2047.339766958507
14410,2047.339766958507
14411,2047.339766958507
14412,2047.339766958507
14413,2047.339766958507
14414,2047.339766958507
14415,2047.339766958507
14416,2047.339766958507
14417,2047.339766958507
14418,2047.339766958507
14419,2047.339766958507
14420,2047.339766958507
14421,2047.339766958507
14422,2047.339766958507
14423,2047.339766958507
14424,2047.339766958507
14425,2047.339766958507
14426,2047.339766958507
14427,2047.339766958507
14428,2047.339766958507
14429,2047.339766958507
14430,2047.339766958507
14431,2047.339766958507
14432,2047.339766958507
14433,2047.339766958507
14434,2047.339766958507
14435,2047.339766958507
14436,2047.339766958507
14437,2047.339766958507
14438,2047.339766958507
14439,2047.339766958507
14440,2047.339766958507
14441,2047.339766958507
14442,2047.339766958507
14443,2047.339766958507
14444,2047.339766958507
14445,2047.339766958507
14446,2047.339766958507
14447,2047.339766958507
14448,2047.339766958507
14449,2047.339766958507
14450,2047.339766958507
14451,2047.339766958507
14452,2047.339766958507
14453,2047.339766958507
14454,2047.339766958507
14455,2047.339766958507
14456,2047.339766958507
14457,2047.339766958507
14458,2047.339766958507
14459,2047.339766958507
14460,2047.339766958507
14461,2047.339766958507
14462,2047.339766958507
14463,2047.339766958507
14464,2047.339766958507
14465,2047.339766958507
14466,2047.339766958507
14467,2047.339766958507
14468,2047.339766958507
14469,2047.339766958507
14470,2047.339766958507
14471,2047.339766958507
14472,2047.339766958507
14473,2047.339766958507
14474,2047.339766958507
14475,2047.339766958507
14476,2047.339766958507
14477,2047.339766958507
14478,2047.339766958507
14479,2047.339766958507
14480,2047.339766958507
14481,2047.339766958507
14482,2047.339766958507
14483,2047.339766958507
14484,2047.339766958507
14485,2047.339766958507
14486,2047.339766958507
14487,2047.339766958507
14488,2047.339766958507
14489,2047.339766958507
14490,2047.339766958507
14491,2047.339766958507
14492,2047.339766958507
14493,2047.339766958507
14494,2047.339766958507
14495,2047.339766958507
14496,2047.339766958507
14497,2047.339766958507
14498,2047.339766958507
14499,2047.339766958507
14500,2047.339766958507
14501,2047.339766958507
14502,2047.339766958507
14503,2047.339766958507
14504,2047.339766958507
14505,2047.339766958507
14506,2047.339766958507
14507,2047.339766958507
14508,2047.339766958507
14509,2047.339766958507
14510,2047.339766958507
14511,2047.339766958507
14512,2047.339766958507
14513,2047.339766958507
14514,2047.339766958507
14515,2047.339766958507
14516,2047.339766958507
14517,2047.339766958507
14518,2047.339766958507
14519,2047.339766958507
14520,2047.339766958507
14521,2047.339766958507
14522,2047.339766958507
14523,2047.339766958507
14524,2047.339766958507
14525,2047.339766958507
14526,2047.339766958507
14527,2047.339766958507
14528,2047.339766958507
14529,2047.339766958507
14530,2047.339766958507
14531,2047.339766958507
14532,2047.339766958507
14533,2047.339766958507
14534,2047.339766958507
14535,2047.339766958507
14536,2047.339766958507
14537,2047.339766958507
14538,2047.339766958507
14539,2047.339766958507
14540,2047.339766958507
14541,2047.339766958507
14542,2047.339766958507
14543,2047.339766958507
14544,2047.339766958507
14545,2047.339766958507
14546,2047.339766958507
14547,2047.339766958507
14548,2047.339766958507
14549,2047.339766958507
14550,2047.339766958507
14551,2047.339766958507
14552,2047.339766958507
14553,2047.339766958507
14554,2047.339766958507
14555,2047.339766958507
14556,2047.339766958507
14557,2047.339766958507
14558,2047.339766958507
14559,2047.339766958507
14560,2047.339766958507
14561,2047.339766958507
14562,2047.339766958507
14563,2047.339766958507
14564,2047.339766958507
14565,2047.339766958507
14566,2047.339766958507
14567,2047.339766958507
14568,2047.339766958507
14569,2047.339766958507
14570,2047.339766958507
14571,2047.339766958507
14572,2047.339766958507
14573,2047.339766958507
14574,2047.339766958507
14575,2047.339766958507
14576,2047.339766958507
14577,2047.339766958507
14578,2047.339766958507
14579,2047.339766958507
14580,2047.339766958507
14581,2047.339766958507
14582,2047.339766958507
14583,2047.339766958507
14584,2047.339766958507
14585,2047.339766958507
14586,2047.339766958507
14587,2047.339766958507
14588,2047.339766958507
14589,2047.339766958507
14590,2047.339766958507
14591,2047.339766958507
14592,2047.339766958507
14593,2047.339766958507
14594,2047.339766958507
14595,2047.339766958507
14596,2047.339766958507
14597,2047.339766958507
14598,2047.339766958507
14599,2047.339766958507
14600,2047.339766958507
14601,2047.339766958507
14602,2047.339766958507
14603,2047.339766958507
14604,2047.339766958507
14605,2047.339766958507
14606,2047.339766958507
14607,2047.339766958507
14608,2047.339766958507
14609,2047.339766958507
14610,2047.339766958507
14611,2047.339766958507
14612,2047.339766958507
14613,2047.339766958507
14614,2047.339766958507
14615,2047.339766958507
14616,2047.339766958507
14617,2047.339766958507
14618,2047.339766958507
14619,2047.339766958507
14620,2047.339766958507
14621,2047.339766958507
14622,2047.339766958507
14623,2047.339766958507
14624,2047.339766958507
14625,2047.339766958507
14626,2047.339766958507
14627,2047.339766958507
14628,2047.339766958507
14629,2047.339766958507
14630,2047.339766958507
14631,2047.339766958507
14632,2047.339766958507
14633,2047.339766958507
14634,2047.339766958507
14635,2047.339766958507
14636,2047.339766958507
14637,2047.339766958507
14638,2047.339766958507
14639,2047.339766958507
14640,2047.339766958507
14641,2047.339766958507
14642,2047.339766958507
14643,2047.339766958507
14644,2047.339766958507
14645,2047.339766958507
14646,2047.339766958507
14647,2047.339766958507
14648,2047.339766958507
14649,2047.339766958507
14650,2047.339766958507
14651,2047.339766958507
14652,2047.339766958507
14653,2047.339766958507
14654,2047.339766958507
14655,2047.339766958507
14656,2047.339766958507
14657,2047.339766958507
14658,2047.339766958507
14659,2047.339766958507
14660,2047.339766958507
14661,2047.339766958507
14662,2047.339766958507
14663,2047.339766958507
14664,2047.339766958507
14665,2047.339766958507
14666,2047.339766958507
14667,2047.339766958507
14668,2047.339766958507
14669,2047.339766958507
14670,2047.339766958507
14671,2047.339766958507
14672,2047.339766958507
14673,2047.339766958507
14674,2047.339766958507
14675,2047.339766958507
14676,2047.339766958507
14677,2047.339766958507
14678,2047.339766958507
14679,2047.339766958507
14680,2047.339766958507
14681,2047.339766958507
14682,2047.339766958507
14683,2047.339766958507
14684,2047.339766958507
14685,2047.339766958507
14686,2047.339766958507
14687,2047.339766958507
14688,2047.339766958507
14689,2047.339766958507
14690,2047.339766958507
14691,2047.339766958507
14692,2047.339766958507
14693,2047.339766958507
14694,2047.339766958507
14695,2047.339766958507
14696,2047.339766958507
14697,2047.339766958507
14698,2047.339766958507
14699,2047.339766958507
14700,2047.339766958507
14701,2047.339766958507
14702,2047.339766958507
14703,2047.339766958507
14704,2047.339766958507
14705,2047.339766958507
14706,2047.339766958507
14707,2047.339766958507
14708,2047.339766958507
14709,2047.339766958507
14710,2047.339766958507
14711,2047.339766958507
14712,2047.339766958507
14713,2047.339766958507
14714,2047.339766958507
14715,2047.339766958507
14716,2047.339766958507
14717,2047.339766958507
14718,2047.339766958507
14719,2047.339766958507
14720,2047.339766958507
14721,2047.339766958507
14722,2047.339766958507
14723,2047.339766958507
14724,2047.339766958507
14725,2047.339766958507
14726,2047.339766958507
14727,2047.339766958507
14728,2047.339766958507
14729,2047.339766958507
14730,2047.339766958507
14731,2047.339766958507
14732,2047.339766958507
14733,2047.339766958507
14734,2047.339766958507
14735,2047.339766958507
14736,2047.339766958507
14737,2047.339766958507
14738,2047.339766958507
14739,2047.339766958507
14740,2047.339766958507
14741,2047.339766958507
14742,2047.339766958507
14743,2047.339766958507
14744,2047.339766958507
14745,2047.339766958507
14746,2047.339766958507
14747,2047.339766958507
14748,2047.339766958507
14749,2047.339766958507
14750,2047.339766958507
14751,2047.339766958507
14752,2047.339766958507
14753,2047.339766958507
14754,2047.339766958507
14755,2047.339766958507
14756,2047.339766958507
14757,2047.339766958507
14758,2047.339766958507
14759,2047.339766958507
14760,2047.339766958507
14761,2047.339766958507
14762,2047.339766958507
14763,2047.339766958507
14764,2047.339766958507
14765,2047.339766958507
14766,2047.339766958507
14767,2047.339766958507
14768,2047.339766958507
14769,2047.339766958507
14770,2047.339766958507
14771,2047.339766958507
14772,2047.339766958507
14773,2047.339766958507
14774,2047.339766958507
14775,2047.339766958507
14776,2047.339766958507
14777,2047.339766958507
14778,2047.339766958507
14779,2047.339766958507
14780,2047.339766958507
14781,2047.339766958507
14782,2047.339766958507
14783,2047.339766958507
14784,2047.339766958507
14785,2047.339766958507
14786,2047.339766958507
14787,2047.339766958507
14788,2047.339766958507
14789,2047.339766958507
14790,2047.339766958507
14791,2047.339766958507
14792,2047.339766958507
14793,2047.339766958507
14794,2047.339766958507
14795,2047.339766958507
14796,2047.339766958507
14797,2047.339766958507
14798,2047.339766958507
14799,2047.339766958507
14800,2047.339766958507
14801,2047.339766958507
14802,2047.339766958507
14803,2047.339766958507
14804,2047.339766958507
14805,2047.339766958507
14806,2047.339766958507
14807,2047.339766958507
14808,2047.339766958507
14809,2047.339766958507
14810,2047.339766958507
14811,2047.339766958507
14812,2047.339766958507
14813,2047.339766958507
14814,2047.339766958507
14815,2047.339766958507
14816,2047.339766958507
14817,2047.339766958507
14818,2047.339766958507
14819,2047.339766958507
14820,2047.339766958507
14821,2047.339766958507
14822,2047.339766958507
14823,2047.339766958507
14824,2047.339766958507
14825,2047.339766958507
14826,2047.339766958507
14827,2038.1214283895129
14828,2038.1214283895129
14829,2038.1214283895129
14830,2038.1214283895129
14831,2038.1214283895129
14832,2038.1214283895129
14833,2038.1214283895129
14834,2038.1214283895129
14835,2038.1214283895129
14836,2038.1214283895129
14837,2038.1214283895129
14838,2038.1214283895129
14839,2038.1214283895129
14840,2038.1214283895129
14841,2038.1214283895129
14842,2038.1214283895129
14843,2038.1214283895129
14844,2038.1214283895129
14845,2038.1214283895129
14846,2038.1214283895129
14847,2038.1214283895129
14848,2038.1214283895129
14849,2038.1214283895129
14850,2038.1214283895129
14851,2038.1214283895129
14852,2038.1214283895129
14853,2038.1214283895129
14854,2038.1214283895129
14855,2038.1214283895129
14856,2038.1214283895129
14857,2038.1214283895129
14858,2038.1214283895129
14859,2038.1214283895129
14860,2037.8337324661256
14861,2037.8337324661256
14862,2037.8337324661256
14863,2037.8337324661256
14864,2037.8337324661256
14865,2037.8337324661256
14866,2037.8337324661256
14867,2037.8337324661256
14868,2037.8337324661256
14869,2037.8337324661256
14870,2037.8337324661256
14871,2037.8337324661256
14872,2037.8337324661256
14873,2037.8337324661256
14874,2037.8337324661256
14875,2037.8337324661256
14876,2037.8337324661256
14877,2037.8337324661256
14878,2037.8337324661256
14879,2037.8337324661256
14880,2037.8337324661256
14881,2037.8337324661256
14882,2037.8337324661256
14883,2037.8337324661256
14884,2037.8337324661256
14885,2037.8337324661256
14886,2037.8337324661256
14887,2037.8337324661256
14888,2037.8337324661256
14889,2037.8337324661256
14890,2037.8337324661256
14891,2037.8337324661256
14892,2037.8337324661256
14893,2037.8337324661256
14894,2037.8337324661256
14895,2037.8337324661256
14896,2037.8337324661256
14897,2037.8337324661256
14898,2037.8337324661256
14899,2037.8337324661256
14900,2037.8337324661256
14901,2037.8337324661256
14902,2037.8337324661256
14903,2037.8337324661256
14904,2037.8337324661256
14905,2037.8337324661256
14906,2037.8337324661256
14907,2037.8337324661256
14908,2037.8337324661256
14909,2037.8337324661256
14910,2037.8337324661256
14911,2037.8337324661256
14912,2037.8337324661256
14913,2037.8337324661256
14914,2037.8337324661256
14915,2037.8337324661256
14916,2037.8337324661256
14917,2037.8337324661256
14918,2037.8337324661256
14919,2037.8337324661256
14920,2037.8337324661256
14921,2037.8337324661256
14922,2037.8337324661256
14923,2037.8337324661256
14924,2037.8337324661256
14925,2037.8337324661256
14926,2037.8337324661256
14927,2037.8337324661256
14928,2037.8337324661256
14929,2037.8337324661256
14930,2037.8337324661256
14931,2037.8337324661256
14932,2037.8337324661256
14933,2037.8337324661256
14934,2037.8337324661256
14935,2037.8337324661256
14936,2037.8337324661256
14937,2037.8337324661256
14938,2037.8337324661256
14939,2037.8337324661256
14940,2037.8337324661256
14941,2037.8337324661256
14942,2037.8337324661256
14943,2037.8337324661256
14944,2037.8337324661256
14945,2037.8337324661256
14946,2037.8337324661256
14947,2037.8337324661256
14948,2037.8337324661256
14949,2037.8337324661256
14950,2037.8337324661256
14951,2037.8337324661256
14952,2037.8337324661256
14953,2037.8337324661256
14954,2037.8337324661256
14955,2037.8337324661256
14956,2037.8337324661256
14957,2037.8337324661256
14958,2037.8337324661256
14959,2037.8337324661256
14960,2037.8337324661256
14961,2037.8337324661256
14962,2037.8337324661256
14963,2037.8337324661256
14964,2037.8337324661256
14965,2037.8337324661256
14966,2037.8337324661256
14967,2037.8337324661256
14968,2037.8337324661256
14969,2037.8337324661256
14970,2037.8337324661256
14971,2037.8337324661256
14972,2037.8337324661256
14973,2037.8337324661256
14974,2037.8337324661256
14975,2037.8337324661256
14976,2037.8337324661256
14977,2037.8337324661256
14978,2037.8337324661256
14979,2037.8337324661256
14980,2037.8337324661256
14981,2037.8337324661256
14982,2037.8337324661256
14983,2037.8337324661256
14984,2037.8337324661256
14985,2037.8337324661256
14986,2037.8337324661256
14987,2037.8337324661256
14988,2037.8337324661256
14989,2037.8337324661256
14990,2037.8337324661256
14991,2037.8337324661256
14992,2037.8337324661256
14993,2037.8337324661256
14994,2037.8337324661256
14995,2037.8337324661256
14996,2037.8337324661256
14997,2037.8337324661256
14998,2037.8337324661256
14999,2037.8337324661256
15000,2037.8337324661256
15001,2037.8337324661256
15002,2037.8337324661256
15003,2037.8337324661256
15004,2037.8337324661256
15005,2037.8337324661256
15006,2037.8337324661256
15007,2037.8337324661256
15008,2037.8337324661256
15009,2037.8337324661256
15010,2037.8337324661256
15011,2037.8337324661256
15012,2037.8337324661256
15013,2037.8337324661256
15014,2037.8337324661256
15015,2037.8337324661256
15016,2037.8337324661256
15017,2037.8337324661256
15018,2037.8337324661256
15019,2037.8337324661256
15020,2037.8337324661256
15021,2037.8337324661256
15022,2037.8337324661256
15023,2037.8337324661256
15024,2037.8337324661256
15025,2037.8337324661256
15026,2037.8337324661256
15027,2033.0957605317913
15028,2033.0957605317913
15029,2033.0957605317913
15030,2033.0957605317913
15031,2033.0957605317913
15032,2033.0957605317913
15033,2033.0957605317913
15034,2033.0957605317913
15035,2033.0957605317913
15036,2033.0957605317913
15037,2033.0957605317913
15038,2033.0957605317913
15039,2033.0957605317913
15040,2033.0957605317913
15041,2033.0957605317913
15042,2033.0957605317913
15043,2033.0957605317913
15044,2033.0957605317913
15045,2033.0957605317913
15046,2033.0957605317913
15047,2033.0957605317913
15048,2033.0957605317913
15049,2033.0957605317913
15050,2033.0957605317913
15051,2033.0957605317913
15052,2033.0957605317913
15053,2033.0957605317913
15054,2033.0957605317913
15055,2033.0957605317913
15056,2033.0957605317913
15057,2033.0957605317913
15058,2033.0957605317913
15059,2033.0957605317913
15060,2033.0957605317913
15061,2033.0957605317913
15062,2033.0957605317913
15063,2033.0957605317913
15064,2033.0957605317913
15065,2033.0957605317913
15066,2033.0957605317913
15067,2033.0957605317913
15068,2033.0957605317913
15069,2033.0957605317913
15070,2033.0957605317913
15071,2033.0957605317913
15072,2033.0957605317913
15073,2033.0957605317913
15074,2033.0957605317913
15075,2033.0957605317913
15076,2033.0957605317913
15077,2033.0957605317913
15078,2033.0957605317913
15079,2033.0957605317913
15080,2033.0957605317913
15081,2033.0957605317913
15082,2033.0957605317913
15083,2033.0957605317913
15084,2033.0957605317913
15085,2033.0957605317913
15086,2033.0957605317913
15087,2033.0957605317913
15088,2033.0957605317913
15089,2033.0957605317913
15090,2033.0957605317913
15091,2033.0957605317913
15092,2033.0957605317913
15093,2033.0957605317913
15094,2033.0957605317913
15095,2033.0957605317913
15096,2033.0957605317913
15097,2033.0957605317913
15098,2033.0957605317913
15099,2033.0957605317913
15100,2033.0957605317913
15101,2033.0957605317913
15102,2033.0957605317913
15103,2033.0957605317913
15104,2033.0957605317913
15105,2033.0957605317913
15106,2033.0957605317913
15107,2033.0957605317913
15108,2033.0957605317913
15109,2033.0957605317913
15110,2033.0957605317913
15111,2033.0957605317913
15112,2033.0957605317913
15113,2033.0957605317913
15114,2033.0957605317913
15115,2033.0957605317913
15116,2033.0957605317913
15117,2033.0957605317913
15118,2033.0957605317913
15119,2033.0957605317913
15120,2033.0957605317913
15121,2033.0957605317913
15122,2033.0957605317913
15123,2033.0957605317913
15124,2033.0957605317913
15125,2033.0957605317913
15126,2033.0957605317913
15127,2033.0957605317913
15128,2033.0957605317913
15129,2033.0957605317913
15130,2033.0957605317913
15131,2033.0957605317913
15132,2033.0957605317913
15133,2033.0957605317913
15134,2033.0957605317913
15135,2033.0957605317913
15136,2033.0957605317913
15137,2033.0957605317913
15138,2033.0957605317913
15139,2033.0957605317913
15140,2033.0957605317913
15141,2033.0957605317913
15142,2033.0957605317913
15143,2033.0957605317913
15144,2033.0957605317913
15145,2033.0957605317913
15146,2033.0957605317913
15147,2033.0957605317913
15148,2033.0957605317913
15149,2033.0957605317913
15150,2033.0957605317913
15151,2033.0957605317913
15152,2033.0957605317913
15153,2033.0957605317913
15154,2033.0957605317913
15155,2033.0957605317913
15156,2033.0957605317913
15157,2033.0957605317913
15158,2033.0957605317913
15159,2033.0957605317913
15160,2033.0957605317913
15161,2033.0957605317913
15162,2033.0957605317913
15163,2033.0957605317913
15164,2033.0957605317913
15165,2033.0957605317913
15166,2033.0957605317913
15167,2033.0957605317913
15168,2033.0957605317913
15169,2033.0957605317913
15170,2033.0957605317913
15171,2033.0957605317913
15172,2033.0957605317913
15173,2033.0957605317913
15174,2033.0957605317913
15175,2033.0957605317913
15176,2033.0957605317913
15177,2033.0957605317913
15178,2033.0957605317913
15179,2033.0957605317913
15180,2033.0957605317913
15181,2033.0957605317913
15182,2033.0957605317913
15183,2033.0957605317913
15184,2033.0957605317913
15185,2033.0957605317913
15186,2033.0957605317913
15187,2033.0957605317913
15188,2033.0957605317913
15189,2033.0957605317913
15190,2033.0957605317913
15191,2033.0957605317913
15192,2033.0957605317913
15193,2033.0957605317913
15194,2033.0957605317913
15195,2033.0957605317913
15196,2033.0957605317913
15197,2033.0957605317913
15198,2033.0957605317913
15199,2033.0957605317913
15200,2033.0957605317913
15201,2033.0957605317913
15202,2033.0957605317913
15203,2033.0957605317913
15204,2033.0957605317913
15205,2033.0957605317913
15206,2033.0957605317913
15207,2033.0957605317913
15208,2033.0957605317913
15209,2033.0957605317913
15210,2033.0957605317913
15211,2033.0957605317913
15212,2033.0957605317913
15213,2033.0957605317913
15214,2033.0957605317913
15215,2033.0957605317913
15216,2033.0957605317913
15217,2033.0957605317913
15218,2033.0957605317913
15219,2033.0957605317913
15220,2033.0957605317913
15221,2033.0957605317913
15222,2033.0957605317913
15223,2033.0957605317913
15224,2033.0957605317913
15225,2033.0957605317913
15226,2033.0957605317913
15227,2033.0957605317913
15228,2033.0957605317913
15229,2033.0957605317913
15230,2033.0957605317913
15231,2033.0957605317913
15232,2033.0957605317913
15233,2033.0957605317913
15234,2033.0957605317913
15235,2033.0957605317913
15236,2033.0957605317913
15237,2033.0957605317913
15238,2033.0957605317913
15239,2033.0957605317913
15240,2033.0957605317913
15241,2033.0957605317913
15242,2033.0957605317913
15243,2033.0957605317913
15244,2033.0957605317913
15245,2033.0957605317913
15246,2033.0957605317913
15247,2033.0957605317913
15248,2033.0957605317913
15249,2033.0957605317913
15250,2033.0957605317913
15251,2033.0957605317913
15252,2033.0957605317913
15253,2033.0957605317913
15254,2033.0957605317913
15255,2033.0957605317913
15256,2033.0957605317913
15257,2033.0957605317913
15258,2033.0957605317913
15259,2033.0957605317913
15260,2033.0957605317913
15261,2033.0957605317913
15262,2033.0957605317913
15263,2033.0957605317913
15264,2033.0957605317913
15265,2033.0957605317913
15266,2033.0957605317913
15267,2033.0957605317913
15268,2033.0957605317913
15269,2033.0957605317913
15270,2033.0957605317913
15271,2033.0957605317913
15272,2033.0957605317913
15273,2033.0957605317913
15274,2033.0957605317913
15275,2033.0957605317913
15276,2033.0957605317913
15277,2033.0957605317913
15278,2033.0957605317913
15279,2033.0957605317913
15280,2033.0957605317913
15281,2033.0957605317913
15282,2033.0957605317913
15283,2033.0957605317913
15284,2033.0957605317913
15285,2033.0957605317913
15286,2033.0957605317913
15287,2033.0957605317913
15288,2033.0957605317913
15289,2033.0957605317913
15290,2033.0957605317913
15291,2033.0957605317913
15292,2033.0957605317913
15293,2033.0957605317913
15294,2033.0957605317913
15295,2033.0957605317913
15296,2033.0957605317913
15297,2033.0957605317913
15298,2033.0957605317913
15299,2033.0957605317913
15300,2033.0957605317913
15301,2033.0957605317913
15302,2033.0957605317913
15303,2033.0957605317913
15304,2033.0957605317913
15305,2033.0957605317913
15306,2033.0957605317913
15307,2033.0957605317913
15308,2033.0957605317913
15309,2033.0957605317913
15310,2033.0957605317913
15311,2033.0957605317913
15312,2033.0957605317913
15313,2033.0957605317913
15314,2033.0957605317913
15315,2033.0957605317913
15316,2033.0957605317913
15317,2033.0957605317913
15318,2033.0957605317913
15319,2033.0957605317913
15320,2033.0957605317913
15321,2033.0957605317913
15322,2033.0957605317913
15323,2033.0957605317913
15324,2033.0957605317913
15325,2033.0957605317913
15326,2033.0957605317913
15327,2033.0957605317913
15328,2033.0957605317913
15329,2033.0957605317913
15330,2033.0957605317913
15331,2033.0957605317913
15332,2033.0957605317913
15333,2033.0957605317913
15334,2033.0957605317913
15335,2033.0957605317913
15336,2033.0957605317913
15337,2033.0957605317913
15338,2033.0957605317913
15339,2033.0957605317913
15340,2033.0957605317913
15341,2033.0957605317913
15342,2033.0957605317913
15343,2033.0957605317913
15344,2033.0957605317913
15345,2033.0957605317913
15346,2033.0957605317913
15347,2033.0957605317913
15348,2033.0957605317913
15349,2033.0957605317913
15350,2033.0957605317913
15351,2033.0957605317913
15352,2033.0957605317913
15353,2033.0957605317913
15354,2033.0957605317913
15355,2033.0957605317913
15356,2033.0957605317913
15357,2033.0957605317913
15358,2033.0957605317913
15359,2033.0957605317913
15360,2033.0957605317913
15361,2033.0957605317913
15362,2033.0957605317913
15363,2033.0957605317913
15364,2033.0957605317913
15365,2033.0957605317913
15366,2033.0957605317913
15367,2033.0957605317913
15368,2033.0957605317913
15369,2033.0957605317913
15370,2033.0957605317913
15371,2033.0957605317913
15372,2033.0957605317913
15373,2033.0957605317913
15374,2033.0957605317913
15375,2033.0957605317913
15376,2033.0957605317913
15377,2033.0957605317913
15378,2033.0957605317913
15379,2033.0957605317913
15380,2033.0957605317913
15381,2033.0957605317913
15382,2033.0957605317913
15383,2033.0957605317913
15384,2033.0957605317913
15385,2033.0957605317913
15386,2033.0957605317913
15387,2033.0957605317913
15388,2033.0957605317913
15389,2033.0957605317913
15390,2033.0957605317913
15391,2033.0957605317913
15392,2033.0957605317913
15393,2033.0957605317913
15394,2033.0957605317913
15395,2033.0957605317913
15396,2033.0957605317913
15397,2033.0957605317913
15398,2033.0957605317913
15399,2033.0957605317913
15400,2033.0957605317913
15401,2033.0957605317913
15402,2033.0957605317913
15403,2033.0957605317913
15404,2033.0957605317913
15405,2033.0957605317913
15406,2033.0957605317913
15407,2033.0957605317913
15408,2033.0957605317913
15409,2033.0957605317913
15410,2033.0957605317913
15411,2033.0957605317913
15412,2033.0957605317913
15413,2033.0957605317913
15414,2033.0957605317913
15415,2033.0957605317913
15416,2033.0957605317913
15417,2033.0957605317913
15418,2033.0957605317913
15419,2033.0957605317913
15420,2033.0957605317913
15421,2033.0957605317913
15422,2033.0957605317913
15423,2033.0957605317913
15424,2033.0957605317913
15425,2033.0957605317913
15426,2033.0957605317913
15427,2033.0957605317913
15428,2033.0957605317913
15429,2033.0957605317913
15430,2033.0957605317913
15431,2033.0957605317913
15432,2033.0957605317913
15433,2033.0957605317913
15434,2033.0957605317913
15435,2033.0957605317913
15436,2033.0957605317913
15437,2033.0957605317913
15438,2033.0957605317913
15439,2033.0957605317913
15440,2033.0957605317913
15441,2033.0957605317913
15442,2033.0957605317913
15443,2033.0957605317913
15444,2033.0957605317913
15445,2033.0957605317913
15446,2033.0957605317913
15447,2033.0957605317913
15448,2033.0957605317913
15449,2033.0957605317913
15450,2033.0957605317913
15451,2033.0957605317913
15452,2033.0957605317913
15453,2033.0957605317913
15454,2033.0957605317913
15455,2033.0957605317913
15456,2033.0957605317913
15457,2033.0957605317913
15458,2033.0957605317913
15459,2033.0957605317913
15460,2033.0957605317913
15461,2033.0957605317913
15462,2033.0957605317913
15463,2033.0957605317913
15464,2033.0957605317913
15465,2033.0957605317913
15466,2033.0957605317913
15467,2033.0957605317913
15468,2033.0957605317913
15469,2033.0957605317913
15470,2033.0957605317913
15471,2033.0957605317913
15472,2033.0957605317913
15473,2033.0957605317913
15474,2033.0957605317913
15475,2033.0957605317913
15476,2033.0957605317913
15477,2033.0957605317913
15478,2033.0957605317913
15479,2033.0957605317913
15480,2033.0957605317913
15481,2033.0957605317913
15482,2033.0957605317913
15483,2033.0957605317913
15484,2033.0957605317913
15485,2033.0957605317913
15486,2033.0957605317913
15487,2033.0957605317913
15488,2033.0957605317913
15489,2033.0957605317913
15490,2033.0957605317913
15491,2033.0957605317913
15492,2033.0957605317913
15493,2033.0957605317913
15494,2033.0957605317913
15495,2033.0957605317913
15496,2033.0957605317913
15497,2033.0957605317913
15498,2033.0957605317913
15499,2033.0957605317913
15500,2033.0957605317913
15501,2033.0957605317913
15502,2033.0957605317913
15503,2033.0957605317913
15504,2033.0957605317913
15505,2033.0957605317913
15506,2033.0957605317913
15507,2033.0957605317913
15508,2033.0957605317913
15509,2033.0957605317913
15510,2033.0957605317913
15511,2033.0957605317913
15512,2033.0957605317913
15513,2033.0957605317913
15514,2033.0957605317913
15515,2033.0957605317913
15516,2033.0957605317913
15517,2033.0957605317913
15518,2033.0957605317913
15519,2033.0957605317913
15520,2033.0957605317913
15521,2033.0957605317913
15522,2033.0957605317913
15523,2033.0957605317913
15524,2033.0957605317913
15525,2033.0957605317913
15526,2033.0957605317913
15527,2033.0957605317913
15528,2033.0957605317913
15529,2033.0957605317913
15530,2033.0957605317913
15531,2033.0957605317913
15532,2033.0957605317913
15533,2033.0957605317913
15534,2033.0957605317913
15535,2033.0957605317913
15536,2033.0957605317913
15537,2033.0957605317913
15538,2033.0957605317913
15539,2033.0957605317913
15540,2033.0957605317913
15541,2033.0957605317913
15542,2033.0957605317913
15543,2033.0957605317913
15544,2033.0957605317913
15545,2033.0957605317913
15546,2033.0957605317913
15547,2033.0957605317913
15548,2033.0957605317913
15549,2033.0957605317913
15550,2033.0957605317913
15551,2033.0957605317913
15552,2033.0957605317913
15553,2033.0957605317913
15554,2033.0957605317913
15555,2033.0957605317913
15556,2033.0957605317913
15557,2033.0957605317913
15558,2033.0957605317913
15559,2033.0957605317913
15560,2033.0957605317913
15561,2033.0957605317913
15562,2033.0957605317913
15563,2033.0957605317913
15564,2033.0957605317913
15565,2033.0957605317913
15566,2033.0957605317913
15567,2033.0957605317913
15568,2033.0957605317913
15569,2033.0957605317913
15570,2033.0957605317913
15571,2033.0957605317913
15572,2033.0957605317913
15573,2033.0957605317913
15574,2033.0957605317913
15575,2033.0957605317913
15576,2033.0957605317913
15577,2033.0957605317913
15578,2033.0957605317913
15579,2033.0957605317913
15580,2033.0957605317913
15581,2033.0957605317913
15582,2033.0957605317913
15583,2033.0957605317913
15584,2033.0957605317913
15585,2033.0957605317913
15586,2033.0957605317913
15587,2033.0957605317913
15588,2033.0957605317913
15589,2033.0957605317913
15590,2033.0957605317913
15591,2033.0957605317913
15592,2033.0957605317913
15593,2033.0957605317913
15594,2033.0957605317913
15595,2033.0957605317913
15596,2033.0957605317913
15597,2033.0957605317913
15598,2033.0957605317913
15599,2033.0957605317913
15600,2033.0957605317913
15601,2033.0957605317913
15602,2033.0957605317913
15603,2033.0957605317913
15604,2033.0957605317913
15605,2033.0957605317913
15606,2033.0957605317913
15607,2033.0957605317913
15608,2033.0957605317913
15609,2033.0957605317913
15610,2033.0957605317913
15611,2033.0957605317913
15612,2033.0957605317913
15613,2033.0957605317913
15614,2033.0957605317913
15615,2033.0957605317913
15616,2033.0957605317913
15617,2033.0957605317913
15618,2033.0957605317913
15619,2033.0957605317913
15620,2033.0957605317913
15621,2033.0957605317913
15622,2033.0957605317913
15623,2033.0957605317913
15624,2033.0957605317913
15625,2033.0957605317913
15626,2033.0957605317913
15627,2033.0957605317913
15628,2033.0957605317913
15629,2033.0957605317913
15630,2033.0957605317913
15631,2033.0957605317913
15632,2033.0957605317913
15633,2033.0957605317913
15634,2033.0957605317913
15635,2033.0957605317913
15636,2033.0957605317913
15637,2033.0957605317913
15638,2033.0957605317913
15639,2033.0957605317913
15640,2033.0957605317913
15641,2033.0957605317913
15642,2033.0957605317913
15643,2033.0957605317913
15644,2033.0957605317913
15645,2033.0957605317913
15646,2033.0957605317913
15647,2033.0957605317913
15648,2033.0957605317913
15649,2033.0957605317913
15650,2033.0957605317913
15651,2033.0957605317913
15652,2033.0957605317913
15653,2033.0957605317913
15654,2033.0957605317913
15655,2033.0957605317913
15656,2033.0957605317913
15657,2033.0957605317913
15658,2033.0957605317913
15659,2033.0957605317913
15660,2033.0957605317913
15661,2033.0957605317913
15662,2033.0957605317913
15663,2033.0957605317913
15664,2033.0957605317913
15665,2033.0957605317913
15666,2033.0957605317913
15667,2033.0957605317913
15668,2033.0957605317913
15669,2033.0957605317913
15670,2033.0957605317913
15671,2033.0957605317913
15672,2033.0957605317913
15673,2033.0957605317913
15674,2033.0957605317913
15675,2033.0957605317913
15676,2033.0957605317913
15677,2033.0957605317913
15678,2033.0957605317913
15679,2033.0957605317913
15680,2033.0957605317913
15681,2033.0957605317913
15682,2033.0957605317913
15683,2033.0957605317913
15684,2033.0957605317913
15685,2033.0957605317913
15686,2033.0957605317913
15687,2033.0957605317913
15688,2033.0957605317913
15689,2033.0957605317913
15690,2033.0957605317913
15691,2033.0957605317913
15692,2033.0957605317913
15693,2033.0957605317913
15694,2033.0957605317913
15695,2033.0957605317913
15696,2033.0957605317913
15697,2033.0957605317913
15698,2033.0957605317913
15699,2033.0957605317913
15700,2033.0957605317913
15701,2033.0957605317913
15702,2033.0957605317913
15703,2033.0957605317913
15704,2033.0957605317913
15705,2033.0957605317913
15706,2033.0957605317913
15707,2033.0957605317913
15708,2033.0957605317913
15709,2033.0957605317913
15710,2033.0957605317913
15711,2033.0957605317913
15712,2033.0957605317913
15713,2033.0957605317913
15714,2033.0957605317913
15715,2033.0957605317913
15716,2033.0957605317913
15717,2033.0957605317913
15718,2033.0957605317913
15719,2033.0957605317913
15720,2033.0957605317913
15721,2033.0957605317913
15722,2033.0957605317913
15723,2033.0957605317913
15724,2033.0957605317913
15725,2033.0957605317913
15726,2033.0957605317913
15727,2033.0957605317913
15728,2033.0957605317913
15729,2033.0957605317913
15730,2033.0957605317913
15731,2033.0957605317913
15732,2033.0957605317913
15733,2033.0957605317913
15734,2033.0957605317913
15735,2033.0957605317913
15736,2033.0957605317913
15737,2033.0957605317913
15738,2033.0957605317913
15739,2033.0957605317913
15740,2033.0957605317913
15741,2033.0957605317913
15742,2033.0957605317913
15743,2033.0957605317913
15744,2033.0957605317913
15745,2033.0957605317913
15746,2033.0957605317913
15747,2033.0957605317913
15748,2033.0957605317913
15749,2033.0957605317913
15750,2033.0957605317913
15751,2033.0957605317913
15752,2033.0957605317913
15753,2033.0957605317913
15754,2033.0957605317913
15755,2033.0957605317913
15756,2033.0957605317913
15757,2033.0957605317913
15758,2033.0957605317913
15759,2033.0957605317913
15760,2033.0957605317913
15761,2033.0957605317913
15762,2033.0957605317913
15763,2033.0957605317913
15764,2033.0957605317913
15765,2033.0957605317913
15766,2033.0957605317913
15767,2033.0957605317913
15768,2033.0957605317913
15769,2033.0957605317913
15770,2033.0957605317913
15771,2033.0957605317913
15772,2033.0957605317913
15773,2033.0957605317913
15774,2033.0957605317913
15775,2033.0957605317913
15776,2033.0957605317913
15777,2033.0957605317913
15778,2033.0957605317913
15779,2033.0957605317913
15780,2033.0957605317913
15781,2033.0957605317913
15782,2033.0957605317913
15783,2033.0957605317913
15784,2033.0957605317913
15785,2033.0957605317913
15786,2033.0957605317913
15787,2033.0957605317913
15788,2033.0957605317913
15789,2033.0957605317913
15790,2033.0957605317913
15791,2033.0957605317913
15792,2033.0957605317913
15793,2033.0957605317913
15794,2033.0957605317913
15795,2033.0957605317913
15796,2033.0957605317913
15797,2033.0957605317913
15798,2033.0957605317913
15799,2033.0957605317913
15800,2033.0957605317913
15801,2033.0957605317913
15802,2033.0957605317913
15803,2033.0957605317913
15804,2033.0957605317913
15805,2033.0957605317913
15806,2033.0957605317913
15807,2033.0957605317913
15808,2033.0957605317913
15809,2033.0957605317913
15810,2033.0957605317913
15811,2033.0957605317913
15812,2033.0957605317913
15813,2033.0957605317913
15814,2033.0957605317913
15815,2033.0957605317913
15816,2033.0957605317913
15817,2033.0957605317913
15818,2033.0957605317913
15819,2033.0957605317913
15820,2033.0957605317913
15821,2033.0957605317913
15822,2033.0957605317913
15823,2033.0957605317913
15824,2033.0957605317913
15825,2033.0957605317913
15826,2033.0957605317913
15827,2033.0957605317913
15828,2033.0957605317913
15829,2033.0957605317913
15830,2033.0957605317913
15831,2033.0957605317913
15832,2033.0957605317913
15833,2033.0957605317913
15834,2033.0957605317913
15835,2033.0957605317913
15836,2033.0957605317913
15837,2033.0957605317913
15838,2033.0957605317913
15839,2033.0957605317913
15840,2033.0957605317913
15841,2033.0957605317913
15842,2033.0957605317913
15843,2033.0957605317913
15844,2033.0957605317913
15845,2033.0957605317913
15846,2033.0957605317913
15847,2033.0957605317913
15848,2033.0957605317913
15849,2033.0957605317913
15850,2033.0957605317913
15851,2033.0957605317913
15852,2033.0957605317913
15853,2033.0957605317913
15854,2033.0957605317913
15855,2033.0957605317913
15856,2033.0957605317913
15857,2033.0957605317913
15858,2033.0957605317913
15859,2033.0957605317913
15860,2033.0957605317913
15861,2033.0957605317913
15862,2033.0957605317913
15863,2033.0957605317913
15864,2033.0957605317913
15865,2033.0957605317913
15866,2033.0957605317913
15867,2033.0957605317913
15868,2033.0957605317913
15869,2033.0957605317913
15870,2033.0957605317913
15871,2033.0957605317913
15872,2033.0957605317913
15873,2033.0957605317913
15874,2033.0957605317913
15875,2033.0957605317913
15876,2033.0957605317913
15877,2033.0957605317913
15878,2033.0957605317913
15879,2033.0957605317913
15880,2033.0957605317913
15881,2033.0957605317913
15882,2033.0957605317913
15883,2033.0957605317913
15884,2033.0957605317913
15885,2033.0957605317913
15886,2033.0957605317913
15887,2033.0957605317913
15888,2033.0957605317913
15889,2033.0957605317913
15890,2033.0957605317913
15891,2033.0957605317913
15892,2033.0957605317913
15893,2033.0957605317913
15894,2033.0957605317913
15895,2033.0957605317913
15896,2033.0957605317913
15897,2033.0957605317913
15898,2033.0957605317913
15899,2033.0957605317913
15900,2033.0957605317913
15901,2033.0957605317913
15902,2033.0957605317913
15903,2033.0957605317913
15904,2033.0957605317913
15905,2033.0957605317913
15906,2033.0957605317913
15907,2033.0957605317913
15908,2033.0957605317913
15909,2033.0957605317913
15910,2033.0957605317913
15911,2033.0957605317913
15912,2033.0957605317913
15913,2033.0957605317913
15914,2033.0957605317913
15915,2033.0957605317913
15916,2033.0957605317913
15917,2033.0957605317913
15918,2033.0957605317913
15919,2033.0957605317913
15920,2033.0957605317913
15921,2033.0957605317913
15922,2033.0957605317913
15923,2033.0957605317913
15924,2033.0957605317913
15925,2033.0957605317913
15926,2033.0957605317913
15927,2033.0957605317913
15928,2033.0957605317913
15929,2033.0957605317913
15930,2033.0957605317913
15931,2033.0957605317913
15932,2033.0957605317913
15933,2033.0957605317913
15934,2033.0957605317913
15935,2033.0957605317913
15936,2033.0957605317913
15937,2033.0957605317913
15938,2033.0957605317913
15939,2033.0957605317913
15940,2033.0957605317913
15941,2033.0957605317913
15942,2033.0957605317913
15943,2033.0957605317913
15944,2033.0957605317913
15945,2033.0957605317913
15946,2033.0957605317913
15947,2033.0957605317913
15948,2033.0957605317913
15949,2033.0957605317913
15950,2033.0957605317913
15951,2033.0957605317913
15952,2033.0957605317913
15953,2033.0957605317913
15954,2033.0957605317913
15955,2033.0957605317913
15956,2033.0957605317913
15957,2033.0957605317913
15958,2033.0957605317913
15959,2033.0957605317913
15960,2033.0957605317913
15961,2033.0957605317913
15962,2033.0957605317913
15963,2033.0957605317913
15964,2033.0957605317913
15965,2033.0957605317913
15966,2033.0957605317913
15967,2033.0957605317913
15968,2033.0957605317913
15969,2033.0957605317913
15970,2033.0957605317913
15971,2033.0957605317913
15972,2033.0957605317913
15973,2033.0957605317913
15974,2033.0957605317913
15975,2033.0957605317913
15976,2033.0957605317913
15977,2033.0957605317913
15978,2033.0957605317913
15979,2033.0957605317913
15980,2033.0957605317913
15981,2033.0957605317913
15982,2033.0957605317913
15983,2033.0957605317913
15984,2033.0957605317913
15985,2033.0957605317913
15986,2033.0957605317913
15987,2033.0957605317913
15988,2033.0957605317913
15989,2033.0957605317913
15990,2033.0957605317913
15991,2033.0957605317913
15992,2033.0957605317913
15993,2033.0957605317913
15994,2033.0957605317913
15995,2033.0957605317913
15996,2033.0957605317913
15997,2033.0957605317913
15998,2033.0957605317913
15999,2033.0957605317913
16000,2033.0957605317913
16001,2033.0957605317913
16002,2033.0957605317913
16003,2033.0957605317913
16004,2033.0957605317913
16005,2033.0957605317913
16006,2033.0957605317913
16007,2033.0957605317913
16008,2033.0957605317913
16009,2033.0957605317913
16010,2033.0957605317913
16011,2033.0957605317913
16012,2033.0957605317913
16013,2033.0957605317913
16014,2033.0957605317913
16015,2033.0957605317913
16016,2033.0957605317913
16017,2033.0957605317913
16018,2033.0957605317913
16019,2033.0957605317913
16020,2033.0957605317913
16021,2033.0957605317913
16022,2033.0957605317913
16023,2033.0957605317913
16024,2033.0957605317913
16025,2033.0957605317913
16026,2033.0957605317913
16027,2033.0957605317913
16028,2033.0957605317913
16029,2033.0957605317913
16030,2033.0957605317913
16031,2033.0957605317913
16032,2033.0957605317913
16033,2033.0957605317913
16034,2033.0957605317913
16035,2033.0957605317913
16036,2033.0957605317913
16037,2033.0957605317913
16038,2033.0957605317913
16039,2033.0957605317913
16040,2033.0957605317913
16041,2033.0957605317913
16042,2033.0957605317913
16043,2033.0957605317913
16044,2033.0957605317913
16045,2033.0957605317913
16046,2033.0957605317913
16047,2033.0957605317913
16048,2033.0957605317913
16049,2033.0957605317913
16050,2033.0957605317913
16051,2033.0957605317913
16052,2033.0957605317913
16053,2033.0957605317913
16054,2033.0957605317913
16055,2033.0957605317913
16056,2033.0957605317913
16057,2033.0957605317913
16058,2033.0957605317913
16059,2033.0957605317913
16060,2033.0957605317913
16061,2033.0957605317913
16062,2033.0957605317913
16063,2033.0957605317913
16064,2033.0957605317913
16065,2033.0957605317913
16066,2033.0957605317913
16067,2033.0957605317913
16068,2033.0957605317913
16069,2033.0957605317913
16070,2033.0957605317913
16071,2033.0957605317913
16072,2033.0957605317913
16073,2033.0957605317913
16074,2033.0957605317913
16075,2033.0957605317913
16076,2033.0957605317913
16077,2033.0957605317913
16078,2033.0957605317913
16079,2033.0957605317913
16080,2033.0957605317913
16081,2033.0957605317913
16082,2033.0957605317913
16083,2033.0957605317913
16084,2033.0957605317913
16085,2033.0957605317913
16086,2033.0957605317913
16087,2033.0957605317913
16088,2033.0957605317913
16089,2033.0957605317913
16090,2033.0957605317913
16091,2033.0957605317913
16092,2033.0957605317913
16093,2033.0957605317913
16094,2033.0957605317913
16095,2033.0957605317913
16096,2033.0957605317913
16097,2033.0957605317913
16098,2033.0957605317913
16099,2033.0957605317913
16100,2033.0957605317913
16101,2033.0957605317913
16102,2033.0957605317913
16103,2033.0957605317913
16104,2033.0957605317913
16105,2033.0957605317913
16106,2033.0957605317913
16107,2033.0957605317913
16108,2033.0957605317913
16109,2033.0957605317913
16110,2033.0957605317913
16111,2033.0957605317913
16112,2033.0957605317913
16113,2033.0957605317913
16114,2033.0957605317913
16115,2033.0957605317913
16116,2033.0957605317913
16117,2033.0957605317913
16118,2033.0957605317913
16119,2033.0957605317913
16120,2033.0957605317913
16121,2033.0957605317913
16122,2033.0957605317913
16123,2033.0957605317913
16124,2033.0957605317913
16125,2033.0957605317913
16126,2033.0957605317913
16127,2033.0957605317913
16128,2033.0957605317913
16129,2033.0957605317913
16130,2033.0957605317913
16131,2033.0957605317913
16132,2033.0957605317913
16133,2033.0957605317913
16134,2033.0957605317913
16135,2033.0957605317913
16136,2033.0957605317913
16137,2033.0957605317913
16138,2033.0957605317913
16139,2033.0957605317913
16140,2033.0957605317913
16141,2033.0957605317913
16142,2033.0957605317913
16143,2033.0957605317913
16144,2033.0957605317913
16145,2033.0957605317913
16146,2033.0957605317913
16147,2033.0957605317913
16148,2033.0957605317913
16149,2033.0957605317913
16150,2033.0957605317913
16151,2033.0957605317913
16152,2033.0957605317913
16153,2033.0957605317913
16154,2033.0957605317913
16155,2033.0957605317913
16156,2033.0957605317913
16157,2033.0957605317913
16158,2033.0957605317913
16159,2033.0957605317913
16160,2033.0957605317913
16161,2033.0957605317913
16162,2033.0957605317913
16163,2033.0957605317913
16164,2033.0957605317913
16165,2033.0957605317913
16166,2033.0957605317913
16167,2033.0957605317913
16168,2033.0957605317913
16169,2033.0957605317913
16170,2033.0957605317913
16171,2033.0957605317913
16172,2033.0957605317913
16173,2033.0957605317913
16174,2033.0957605317913
16175,2033.0957605317913
16176,2033.0957605317913
16177,2033.0957605317913
16178,2033.0957605317913
16179,2033.0957605317913
16180,2033.0957605317913
16181,2033.0957605317913
16182,2033.0957605317913
16183,2033.0957605317913
16184,2033.0957605317913
16185,2033.0957605317913
16186,2033.0957605317913
16187,2033.0957605317913
16188,2033.0957605317913
16189,2033.0957605317913
16190,2033.0957605317913
16191,2033.0957605317913
16192,2033.0957605317913
16193,2033.0957605317913
16194,2033.0957605317913
16195,2033.0957605317913
16196,2033.0957605317913
16197,2033.0957605317913
16198,2033.0957605317913
16199,2033.0957605317913
16200,2033.0957605317913
16201,2033.0957605317913
16202,2033.0957605317913
16203,2033.0957605317913
16204,2033.0957605317913
16205,2033.0957605317913
16206,2033.0957605317913
16207,2033.0957605317913
16208,2033.0957605317913
16209,2033.0957605317913
16210,2033.0957605317913
16211,2033.0957605317913
16212,2033.0957605317913
16213,2033.0957605317913
16214,2033.0957605317913
16215,2033.0957605317913
16216,2033.0957605317913
16217,2033.0957605317913
16218,2033.0957605317913
16219,2033.0957605317913
16220,2033.0957605317913
16221,2033.0957605317913
16222,2033.0957605317913
16223,2033.0957605317913
16224,2033.0957605317913
16225,2033.0957605317913
16226,2033.0957605317913
16227,2033.0957605317913
16228,2033.0957605317913
16229,2033.0957605317913
16230,2033.0957605317913
16231,2033.0957605317913
16232,2033.0957605317913
16233,2033.0957605317913
16234,2033.0957605317913
16235,2033.0957605317913
16236,2033.0957605317913
16237,2033.0957605317913
16238,2033.0957605317913
16239,2033.0957605317913
16240,2033.0957605317913
16241,2033.0957605317913
16242,2033.0957605317913
16243,2033.0957605317913
16244,2033.0957605317913
16245,2033.0957605317913
16246,2033.0957605317913
16247,2033.0957605317913
16248,2033.0957605317913
16249,2033.0957605317913
16250,2033.0957605317913
16251,2033.0957605317913
16252,2033.0957605317913
16253,2033.0957605317913
16254,2033.0957605317913
16255,2033.0957605317913
16256,2033.0957605317913
16257,2033.0957605317913
16258,2033.0957605317913
16259,2033.0957605317913
16260,2033.0957605317913
16261,2033.0957605317913
16262,2033.0957605317913
16263,2033.0957605317913
16264,2033.0957605317913
16265,2033.0957605317913
16266,2033.0957605317913
16267,2033.0957605317913
16268,2033.0957605317913
16269,2033.0957605317913
16270,2033.0957605317913
16271,2033.0957605317913
16272,2033.0957605317913
16273,2033.0957605317913
16274,2033.0957605317913
16275,2033.0957605317913
16276,2033.0957605317913
16277,2033.0957605317913
16278,2033.0957605317913
16279,2033.0957605317913
16280,2033.0957605317913
16281,2033.0957605317913
16282,2033.0957605317913
16283,2033.0957605317913
16284,2033.0957605317913
16285,2033.0957605317913
16286,2033.0957605317913
16287,2033.0957605317913
16288,2033.0957605317913
16289,2033.0957605317913
16290,2033.0957605317913
16291,2033.0957605317913
16292,2033.0957605317913
16293,2033.0957605317913
16294,2033.0957605317913
16295,2033.0957605317913
16296,2033.0957605317913
16297,2033.0957605317913
16298,2033.0957605317913
16299,2033.0957605317913
16300,2033.0957605317913
16301,2033.0957605317913
16302,2033.0957605317913
16303,2033.0957605317913
16304,2033.0957605317913
16305,2033.0957605317913
16306,2033.0957605317913
16307,2033.0957605317913
16308,2033.0957605317913
16309,2033.0957605317913
16310,2033.0957605317913
16311,2033.0957605317913
16312,2033.0957605317913
16313,2033.0957605317913
16314,2033.0957605317913
16315,2033.0957605317913
16316,2033.0957605317913
16317,2033.0957605317913
16318,2033.0957605317913
16319,2033.0957605317913
16320,2033.0957605317913
16321,2033.0957605317913
16322,2033.0957605317913
16323,2033.0957605317913
16324,2033.0957605317913
16325,2033.0957605317913
16326,2033.0957605317913
16327,2033.0957605317913
16328,2033.0957605317913
16329,2033.0957605317913
16330,2033.0957605317913
16331,2033.0957605317913
16332,2033.0957605317913
16333,2033.0957605317913
16334,2033.0957605317913
16335,2033.0957605317913
16336,2033.0957605317913
16337,2033.0957605317913
16338,2033.0957605317913
16339,2033.0957605317913
16340,2033.0957605317913
16341,2033.0957605317913
16342,2033.0957605317913
16343,2033.0957605317913
16344,2033.0957605317913
16345,2033.0957605317913
16346,2033.0957605317913
16347,2033.0957605317913
16348,2033.0957605317913
16349,2033.0957605317913
16350,2033.0957605317913
16351,2033.0957605317913
16352,2033.0957605317913
16353,2033.0957605317913
16354,2033.0957605317913
16355,2033.0957605317913
16356,2033.0957605317913
16357,2033.0957605317913
16358,2033.0957605317913
16359,2033.0957605317913
16360,2033.0957605317913
16361,2033.0957605317913
16362,2033.0957605317913
16363,2033.0957605317913
16364,2033.0957605317913
16365,2033.0957605317913
16366,2033.0957605317913
16367,2033.0957605317913
16368,2033.0957605317913
16369,2033.0957605317913
16370,2033.0957605317913
16371,2033.0957605317913
16372,2033.0957605317913
16373,2033.0957605317913
16374,2033.0957605317913
16375,2033.0957605317913
16376,2033.0957605317913
16377,2033.0957605317913
16378,2033.0957605317913
16379,2033.0957605317913
16380,2033.0957605317913
16381,2033.0957605317913
16382,2033.0957605317913
16383,2033.0957605317913
16384,2033.0957605317913
16385,2033.0957605317913
16386,2033.0957605317913
16387,2033.0957605317913
16388,2033.0957605317913
16389,2033.0957605317913
16390,2033.0957605317913
16391,2033.0957605317913
16392,2033.0957605317913
16393,2033.0957605317913
16394,2033.0957605317913
16395,2033.0957605317913
16396,2033.0957605317913
16397,2033.0957605317913
16398,2033.0957605317913
16399,2033.0957605317913
16400,2033.0957605317913
16401,2033.0957605317913
16402,2033.0957605317913
16403,2033.0957605317913
16404,2033.0957605317913
16405,2033.0957605317913
16406,2033.0957605317913
16407,2033.0957605317913
16408,2033.0957605317913
16409,2033.0957605317913
16410,2033.0957605317913
16411,2033.0957605317913
16412,2033.0957605317913
16413,2033.0957605317913
16414,2033.0957605317913
16415,2033.0957605317913
16416,2033.0957605317913
16417,2033.0957605317913
16418,2033.0957605317913
16419,2033.0957605317913
16420,2033.0957605317913
16421,2033.0957605317913
16422,2033.0957605317913
16423,2033.0957605317913
16424,2033.0957605317913
16425,2033.0957605317913
16426,2033.0957605317913
16427,2033.0957605317913
16428,2033.0957605317913
16429,2033.0957605317913
16430,2033.0957605317913
16431,2033.0957605317913
16432,2033.0957605317913
16433,2033.0957605317913
16434,2033.0957605317913
16435,2033.0957605317913
16436,2033.0957605317913
16437,2033.0957605317913
16438,2033.0957605317913
16439,2033.0957605317913
16440,2033.0957605317913
16441,2033.0957605317913
16442,2033.0957605317913
16443,2033.0957605317913
16444,2033.0957605317913
16445,2033.0957605317913
16446,2033.0957605317913
16447,2033.0957605317913
16448,2033.0957605317913
16449,2033.0957605317913
16450,2033.0957605317913
16451,2033.0957605317913
16452,2033.0957605317913
16453,2033.0957605317913
16454,2033.0957605317913
16455,2033.0957605317913
16456,2033.0957605317913
16457,2033.0957605317913
16458,2033.0957605317913
16459,2033.0957605317913
16460,2033.0957605317913
16461,2033.0957605317913
16462,2033.0957605317913
16463,2033.0957605317913
16464,2033.0957605317913
16465,2033.0957605317913
16466,2033.0957605317913
16467,2033.0957605317913
16468,2033.0957605317913
16469,2033.0957605317913
16470,2033.0957605317913
16471,2033.0957605317913
16472,2033.0957605317913
16473,2033.0957605317913
16474,2033.0957605317913
16475,2033.0957605317913
16476,2033.0957605317913
16477,2033.0957605317913
16478,2033.0957605317913
16479,2033.0957605317913
16480,2033.0957605317913
16481,2033.0957605317913
16482,2033.0957605317913
16483,2033.0957605317913
16484,2033.0957605317913
16485,2033.0957605317913
16486,2033.0957605317913
16487,2033.0957605317913
16488,2033.0957605317913
16489,2033.0957605317913
16490,2033.0957605317913
16491,2033.0957605317913
16492,2033.0957605317913
16493,2033.0957605317913
16494,2033.0957605317913
16495,2033.0957605317913
16496,2033.0957605317913
16497,2033.0957605317913
16498,2033.0957605317913
16499,2033.0957605317913
16500,2033.0957605317913
16501,2033.0957605317913
16502,2033.0957605317913
16503,2033.0957605317913
16504,2033.0957605317913
16505,2033.0957605317913
16506,2033.0957605317913
16507,2033.0957605317913
16508,2033.0957605317913
16509,2033.0957605317913
16510,2033.0957605317913
16511,2033.0957605317913
16512,2033.0957605317913
16513,2033.0957605317913
16514,2033.0957605317913
16515,2033.0957605317913
16516,2033.0957605317913
16517,2033.0957605317913
16518,2033.0957605317913
16519,2033.0957605317913
16520,2033.0957605317913
16521,2033.0957605317913
16522,2033.0957605317913
16523,2033.0957605317913
16524,2033.0957605317913
16525,2033.0957605317913
16526,2033.0957605317913
16527,2033.0957605317913
16528,2033.0957605317913
16529,2033.0957605317913
16530,2033.0957605317913
16531,2033.0957605317913
16532,2033.0957605317913
16533,2033.0957605317913
16534,2033.0957605317913
16535,2033.0957605317913
16536,2033.0957605317913
16537,2033.0957605317913
16538,2033.0957605317913
16539,2033.0957605317913
16540,2033.0957605317913
16541,2033.0957605317913
16542,2033.0957605317913
16543,2033.0957605317913
16544,2033.0957605317913
16545,2033.0957605317913
16546,2033.0957605317913
16547,2033.0957605317913
16548,2033.0957605317913
16549,2033.0957605317913
16550,2033.0957605317913
16551,2033.0957605317913
16552,2033.0957605317913
16553,2028.8157208942528
16554,2028.8157208942528
16555,2028.8157208942528
16556,2028.8157208942528
16557,2028.8157208942528
16558,2028.8157208942528
16559,2028.8157208942528
16560,2028.8157208942528
16561,2028.8157208942528
16562,2028.8157208942528
16563,2028.8157208942528
16564,2028.8157208942528
16565,2028.8157208942528
16566,2028.8157208942528
16567,2028.8157208942528
16568,2028.8157208942528
16569,2028.8157208942528
16570,2028.8157208942528
16571,2028.8157208942528
16572,2028.8157208942528
16573,2028.8157208942528
16574,2028.8157208942528
16575,2028.8157208942528
16576,2028.8157208942528
16577,2028.8157208942528
16578,2028.8157208942528
16579,2028.8157208942528
16580,2028.8157208942528
16581,2028.8157208942528
16582,2028.8157208942528
16583,2028.8157208942528
16584,2028.8157208942528
16585,2028.300513248487
16586,2028.300513248487
16587,2028.300513248487
16588,2028.300513248487
16589,2028.300513248487
16590,2028.300513248487
16591,2028.300513248487
16592,2028.300513248487
16593,2028.300513248487
16594,2028.300513248487
16595,2028.300513248487
16596,2028.300513248487
16597,2028.300513248487
16598,2028.300513248487
16599,2028.300513248487
16600,2028.300513248487
16601,2028.300513248487
16602,2028.300513248487
16603,2028.300513248487
16604,2028.300513248487
16605,2028.300513248487
16606,2028.300513248487
16607,2028.300513248487
16608,2028.300513248487
16609,2028.300513248487
16610,2028.300513248487
16611,2028.300513248487
16612,2028.300513248487
16613,2028.300513248487
16614,2028.300513248487
16615,2028.300513248487
16616,2028.300513248487
16617,2028.300513248487
16618,2028.300513248487
16619,2028.300513248487
16620,2028.300513248487
16621,2028.300513248487
16622,2028.300513248487
16623,2028.300513248487
16624,2028.300513248487
16625,2028.300513248487
16626,2028.300513248487
16627,2028.300513248487
16628,2028.300513248487
16629,2028.300513248487
16630,2028.300513248487
16631,2028.300513248487
16632,2028.300513248487
16633,2028.300513248487
16634,2028.300513248487
16635,2028.300513248487
16636,2028.300513248487
16637,2028.300513248487
16638,2028.300513248487
16639,2028.300513248487
16640,2028.300513248487
16641,2028.300513248487
16642,2028.300513248487
16643,2028.300513248487
16644,2028.300513248487
16645,2028.300513248487
16646,2028.300513248487
16647,2028.300513248487
16648,2028.300513248487
16649,2028.300513248487
16650,2028.300513248487
16651,2028.300513248487
16652,2028.300513248487
16653,2028.300513248487
16654,2028.300513248487
16655,2028.300513248487
16656,2028.300513248487
16657,2028.300513248487
16658,2028.300513248487
16659,2028.300513248487
16660,2028.300513248487
16661,2028.300513248487
16662,2028.300513248487
16663,2028.300513248487
16664,2028.300513248487
16665,2028.300513248487
16666,2028.300513248487
16667,2028.300513248487
16668,2028.300513248487
16669,2028.300513248487
16670,2028.300513248487
16671,2028.300513248487
16672,2028.300513248487
16673,2028.300513248487
16674,2028.300513248487
16675,2028.300513248487
16676,2028.300513248487
16677,2028.300513248487
16678,2028.300513248487
16679,2028.300513248487
16680,2028.300513248487
16681,2028.300513248487
16682,2028.300513248487
16683,2028.300513248487
16684,2028.300513248487
16685,2028.300513248487
16686,2028.300513248487
16687,2028.300513248487
16688,2028.300513248487
16689,2028.300513248487
16690,2028.300513248487
16691,2028.300513248487
16692,2028.300513248487
16693,2028.300513248487
16694,2028.300513248487
16695,2028.300513248487
16696,2028.300513248487
16697,2028.300513248487
16698,2028.300513248487
16699,2028.300513248487
16700,2028.300513248487
16701,2028.300513248487
16702,2028.300513248487
16703,2028.300513248487
16704,2028.300513248487
16705,2028.300513248487
16706,2028.300513248487
16707,2028.300513248487
16708,2028.300513248487
16709,2028.300513248487
16710,2028.300513248487
16711,2028.300513248487
16712,2028.300513248487
16713,2028.300513248487
16714,2028.300513248487
16715,2028.300513248487
16716,2028.300513248487
16717,2028.300513248487
16718,2028.300513248487
16719,2028.300513248487
16720,2028.300513248487
16721,2028.300513248487
16722,2028.300513248487
16723,2028.300513248487
16724,2028.300513248487
16725,2028.300513248487
16726,2028.300513248487
16727,2028.300513248487
16728,2028.300513248487
16729,2028.300513248487
16730,2028.300513248487
16731,2028.300513248487
16732,2028.300513248487
16733,2028.300513248487
16734,2028.300513248487
16735,2028.300513248487
16736,2028.300513248487
16737,2028.300513248487
16738,2028.300513248487
16739,2028.300513248487
16740,2028.300513248487
16741,2028.300513248487
16742,2028.300513248487
16743,2028.300513248487
16744,2028.300513248487
16745,2028.300513248487
16746,2028.300513248487
16747,2028.300513248487
16748,2028.300513248487
16749,2028.300513248487
16750,2028.300513248487
16751,2028.300513248487
16752,2028.300513248487
16753,2028.300513248487
16754,2028.300513248487
16755,2028.300513248487
16756,2028.300513248487
16757,2028.300513248487
16758,2028.300513248487
16759,2028.300513248487
16760,2028.300513248487
16761,2028.300513248487
16762,2028.300513248487
16763,2028.300513248487
16764,2028.300513248487
16765,2028.300513248487
16766,2028.300513248487
16767,2028.300513248487
16768,2028.300513248487
16769,2028.300513248487
16770,2028.300513248487
16771,2028.300513248487
16772,2028.300513248487
16773,2028.300513248487
16774,2028.300513248487
16775,2028.300513248487
16776,2028.300513248487
16777,2028.300513248487
16778,2028.300513248487
16779,2028.300513248487
16780,2028.300513248487
16781,2028.300513248487
16782,2028.300513248487
16783,2028.300513248487
16784,2028.300513248487
16785,2028.300513248487
16786,2028.300513248487
16787,2028.300513248487
16788,2028.300513248487
16789,2028.300513248487
16790,2028.300513248487
16791,2028.300513248487
16792,2028.300513248487
16793,2028.300513248487
16794,2028.300513248487
16795,2028.300513248487
16796,2028.300513248487
16797,2028.300513248487
16798,2028.300513248487
16799,2028.300513248487
16800,2028.300513248487
16801,2028.300513248487
16802,2028.300513248487
16803,2028.300513248487
16804,2028.300513248487
16805,2028.300513248487
16806,2028.300513248487
16807,2028.300513248487
16808,2028.300513248487
16809,2028.300513248487
16810,2028.300513248487
16811,2028.300513248487
16812,2028.300513248487
16813,2028.300513248487
16814,2028.300513248487
16815,2028.300513248487
16816,2028.300513248487
16817,2028.300513248487
16818,2028.300513248487
16819,2028.300513248487
16820,2028.300513248487
16821,2028.300513248487
16822,2028.300513248487
16823,2028.300513248487
16824,2028.300513248487
16825,2028.300513248487
16826,2028.300513248487
16827,2028.300513248487
16828,2028.300513248487
16829,2028.300513248487
16830,2028.300513248487
16831,2028.300513248487
16832,2028.300513248487
16833,2028.300513248487
16834,2028.300513248487
16835,2028.300513248487
16836,2028.300513248487
16837,2028.300513248487
16838,2028.300513248487
16839,2028.300513248487
16840,2028.300513248487
16841,2028.300513248487
16842,2028.300513248487
16843,2028.300513248487
16844,2028.300513248487
16845,2028.300513248487
16846,2028.300513248487
16847,2028.300513248487
16848,2028.300513248487
16849,2028.300513248487
16850,2028.300513248487
16851,2028.300513248487
16852,2028.300513248487
16853,2028.300513248487
16854,2028.300513248487
16855,2028.300513248487
16856,2028.300513248487
16857,2028.300513248487
16858,2028.300513248487
16859,2028.300513248487
16860,2028.300513248487
16861,2028.300513248487
16862,2028.300513248487
16863,2028.300513248487
16864,2028.300513248487
16865,2028.300513248487
16866,2028.300513248487
16867,2028.300513248487
16868,2028.300513248487
16869,2028.300513248487
16870,2028.300513248487
16871,2028.300513248487
16872,2028.300513248487
16873,2028.300513248487
16874,2028.300513248487
16875,2028.300513248487
16876,2028.300513248487
16877,2028.300513248487
16878,2028.300513248487
16879,2028.300513248487
16880,2028.300513248487
16881,2028.300513248487
16882,2028.300513248487
16883,2028.300513248487
16884,2028.300513248487
16885,2028.300513248487
16886,2028.300513248487
16887,2028.300513248487
16888,2028.300513248487
16889,2028.300513248487
16890,2028.300513248487
16891,2028.300513248487
16892,2028.300513248487
16893,2028.300513248487
16894,2028.300513248487
16895,2028.300513248487
16896,2028.300513248487
16897,2028.300513248487
16898,2028.300513248487
16899,2028.300513248487
16900,2028.300513248487
16901,2028.300513248487
16902,2028.300513248487
16903,2028.300513248487
16904,2028.300513248487
16905,2028.300513248487
16906,2028.300513248487
16907,2028.300513248487
16908,2028.300513248487
16909,2028.300513248487
16910,2028.300513248487
16911,2028.300513248487
16912,2028.300513248487
16913,2028.300513248487
16914,2028.300513248487
16915,2028.300513248487
16916,2028.300513248487
16917,2028.300513248487
16918,2028.300513248487
16919,2028.300513248487
16920,2028.300513248487
16921,2028.300513248487
16922,2028.300513248487
16923,2028.300513248487
16924,2028.300513248487
16925,2028.300513248487
16926,2028.300513248487
16927,2028.300513248487
16928,2028.300513248487
16929,2028.300513248487
16930,2028.300513248487
16931,2028.300513248487
16932,2028.300513248487
16933,2028.300513248487
16934,2028.300513248487
16935,2028.300513248487
16936,2028.300513248487
16937,2028.300513248487
16938,2028.300513248487
16939,2028.300513248487
16940,2028.300513248487
16941,2028.300513248487
16942,2028.300513248487
16943,2028.300513248487
16944,2028.300513248487
16945,2028.300513248487
16946,2028.300513248487
16947,2028.300513248487
16948,2028.300513248487
16949,2028.300513248487
16950,2028.300513248487
16951,2028.300513248487
16952,2028.300513248487
16953,2028.300513248487
16954,2028.300513248487
16955,2028.300513248487
16956,2028.300513248487
16957,2028.300513248487
16958,2028.300513248487
16959,2028.300513248487
16960,2028.300513248487
16961,2028.300513248487
16962,2028.300513248487
16963,2028.300513248487
16964,2028.300513248487
16965,2028.300513248487
16966,2028.300513248487
16967,2028.300513248487
16968,2028.300513248487
16969,2028.300513248487
16970,2028.300513248487
16971,2028.300513248487
16972,2028.300513248487
16973,2028.300513248487
16974,2028.300513248487
16975,2028.300513248487
16976,2028.300513248487
16977,2028.300513248487
16978,2028.300513248487
16979,2028.300513248487
16980,2028.300513248487
16981,2028.300513248487
16982,2028.300513248487
16983,2028.300513248487
16984,2028.300513248487
16985,2028.300513248487
16986,2028.300513248487
16987,2028.300513248487
16988,2028.300513248487
16989,2028.300513248487
16990,2028.300513248487
16991,2028.300513248487
16992,2028.300513248487
16993,2028.300513248487
16994,2028.300513248487
16995,2028.300513248487
16996,2028.300513248487
16997,2028.300513248487
16998,2028.300513248487
16999,2028.300513248487
17000,2028.300513248487
17001,2028.300513248487
17002,2028.300513248487
17003,2028.300513248487
17004,2028.300513248487
17005,2028.300513248487
17006,2028.300513248487
17007,2028.300513248487
17008,2028.300513248487
17009,2028.300513248487
17010,2028.300513248487
17011,2028.300513248487
17012,2028.300513248487
17013,2028.300513248487
17014,2028.300513248487
17015,2028.300513248487
17016,2028.300513248487
17017,2028.300513248487
17018,2028.300513248487
17019,2028.300513248487
17020,2028.300513248487
17021,2028.300513248487
17022,2028.300513248487
17023,2028.300513248487
17024,2028.300513248487
17025,2028.300513248487
17026,2028.300513248487
17027,2028.300513248487
17028,2028.300513248487
17029,2028.300513248487
17030,2028.300513248487
17031,2028.300513248487
17032,2028.300513248487
17033,2028.300513248487
17034,2028.300513248487
17035,2028.300513248487
17036,2028.300513248487
17037,2028.300513248487
17038,2028.300513248487
17039,2028.300513248487
17040,2028.300513248487
17041,2028.300513248487
17042,2028.300513248487
17043,2028.300513248487
17044,2028.300513248487
17045,2028.300513248487
17046,2028.300513248487
17047,2028.300513248487
17048,2028.300513248487
17049,2028.300513248487
17050,2028.300513248487
17051,2028.300513248487
17052,2028.300513248487
17053,2028.300513248487
17054,2028.300513248487
17055,2028.300513248487
17056,2028.300513248487
17057,2028.300513248487
17058,2028.300513248487
17059,2028.300513248487
17060,2028.300513248487
17061,2028.300513248487
17062,2028.300513248487
17063,2028.300513248487
17064,2028.300513248487
17065,2028.300513248487
17066,2028.300513248487
17067,2028.300513248487
17068,2028.300513248487
17069,2028.300513248487
17070,2028.300513248487
17071,2028.300513248487
17072,2028.300513248487
17073,2028.300513248487
17074,2028.300513248487
17075,2028.300513248487
17076,2028.300513248487
17077,2028.300513248487
17078,2028.300513248487
17079,2028.300513248487
17080,2028.300513248487
17081,2028.300513248487
17082,2028.300513248487
17083,2028.300513248487
17084,2028.300513248487
17085,2028.300513248487
17086,2028.300513248487
17087,2028.300513248487
17088,2028.300513248487
17089,2028.300513248487
17090,2028.300513248487
17091,2028.300513248487
17092,2028.300513248487
17093,2028.300513248487
17094,2028.300513248487
17095,2028.300513248487
17096,2028.300513248487
17097,2028.300513248487
17098,2028.300513248487
17099,2028.300513248487
17100,2028.300513248487
17101,2028.300513248487
17102,2028.300513248487
17103,2028.300513248487
17104,2028.300513248487
17105,2028.300513248487
17106,2028.300513248487
17107,2028.300513248487
17108,2028.300513248487
17109,2028.300513248487
17110,2028.300513248487
17111,2028.300513248487
17112,2028.300513248487
17113,2028.300513248487
17114,2028.300513248487
17115,2028.300513248487
17116,2028.300513248487
17117,2028.300513248487
17118,2028.300513248487
17119,2028.300513248487
17120,2028.300513248487
17121,2028.300513248487
17122,2028.300513248487
17123,2028.300513248487
17124,2028.300513248487
17125,2028.300513248487
17126,2028.300513248487
17127,2028.300513248487
17128,2028.300513248487
17129,2028.300513248487
17130,2028.300513248487
17131,2028.300513248487
17132,2028.300513248487
17133,2028.300513248487
17134,2028.300513248487
17135,2028.300513248487
17136,2028.300513248487
17137,2028.300513248487
17138,2028.300513248487
17139,2028.300513248487
17140,2028.300513248487
17141,2028.300513248487
17142,2028.300513248487
17143,2028.300513248487
17144,2028.300513248487
17145,2028.300513248487
17146,2028.300513248487
17147,2028.300513248487
17148,2028.300513248487
17149,2028.300513248487
17150,2028.300513248487
17151,2028.300513248487
17152,2028.300513248487
17153,2028.300513248487
17154,2028.300513248487
17155,2028.300513248487
17156,2028.300513248487
17157,2028.300513248487
17158,2028.300513248487
17159,2028.300513248487
17160,2028.300513248487
17161,2028.300513248487
17162,2028.300513248487
17163,2028.300513248487
17164,2028.300513248487
17165,2028.300513248487
17166,2028.300513248487
17167,2028.300513248487
17168,2028.300513248487
17169,2028.300513248487
17170,2028.300513248487
17171,2028.300513248487
17172,2028.300513248487
17173,2028.300513248487
17174,2028.300513248487
17175,2028.300513248487
17176,2028.300513248487
17177,2028.300513248487
17178,2028.300513248487
17179,2028.300513248487
17180,2028.300513248487
17181,2028.300513248487
17182,2028.300513248487
17183,2028.300513248487
17184,2028.300513248487
17185,2028.300513248487
17186,2028.300513248487
17187,2028.300513248487
17188,2028.300513248487
17189,2028.300513248487
17190,2028.300513248487
17191,2028.300513248487
17192,2028.300513248487
17193,2028.300513248487
17194,2028.300513248487
17195,2028.300513248487
17196,2028.300513248487
17197,2028.300513248487
17198,2028.300513248487
17199,2028.300513248487
17200,2028.300513248487
17201,2028.300513248487
17202,2028.300513248487
17203,2028.300513248487
17204,2028.300513248487
17205,2028.300513248487
17206,2028.300513248487
17207,2028.300513248487
17208,2028.300513248487
17209,2028.300513248487
17210,2028.300513248487
17211,2028.300513248487
17212,2028.300513248487
17213,2028.300513248487
17214,2028.300513248487
17215,2028.300513248487
17216,2028.300513248487
17217,2028.300513248487
17218,2028.300513248487
17219,2028.300513248487
17220,2028.300513248487
17221,2028.300513248487
17222,2028.300513248487
17223,2028.300513248487
17224,2028.300513248487
17225,2028.300513248487
17226,2028.300513248487
17227,2028.300513248487
17228,2028.300513248487
17229,2028.300513248487
17230,2028.300513248487
17231,2028.300513248487
17232,2028.300513248487
17233,2028.300513248487
17234,2028.300513248487
17235,2028.300513248487
17236,2028.300513248487
17237,2028.300513248487
17238,2028.300513248487
17239,2028.300513248487
17240,2028.300513248487
17241,2028.300513248487
17242,2028.300513248487
17243,2028.300513248487
17244,2028.300513248487
17245,2028.300513248487
17246,2028.300513248487
17247,2028.300513248487
17248,2028.300513248487
17249,2028.300513248487
17250,2028.300513248487
17251,2028.300513248487
17252,2028.300513248487
17253,2028.300513248487
17254,2028.300513248487
17255,2028.300513248487
17256,2028.300513248487
17257,2028.300513248487
17258,2028.300513248487
17259,2028.300513248487
17260,2028.300513248487
17261,2028.300513248487
17262,2028.300513248487
17263,2028.300513248487
17264,2028.300513248487
17265,2028.300513248487
17266,2028.300513248487
17267,2028.300513248487
17268,2028.300513248487
17269,2028.300513248487
17270,2028.300513248487
17271,2028.300513248487
17272,2028.300513248487
17273,2028.300513248487
17274,2028.300513248487
17275,2028.300513248487
17276,2028.300513248487
17277,2028.300513248487
17278,2028.300513248487
17279,2028.300513248487
17280,2028.300513248487
17281,2028.300513248487
17282,2028.300513248487
17283,2028.300513248487
17284,2028.300513248487
17285,2028.300513248487
17286,2028.300513248487
17287,2028.300513248487
17288,2028.300513248487
17289,2028.300513248487
17290,2028.300513248487
17291,2028.300513248487
17292,2028.300513248487
17293,2028.300513248487
17294,2028.300513248487
17295,2028.300513248487
17296,2028.300513248487
17297,2028.300513248487
17298,2028.300513248487
17299,2028.300513248487
17300,2028.300513248487
17301,2028.300513248487
17302,2028.300513248487
17303,2028.300513248487
17304,2028.300513248487
17305,2028.300513248487
17306,2028.300513248487
17307,2028.300513248487
17308,2028.300513248487
17309,2028.300513248487
17310,2028.300513248487
17311,2028.300513248487
17312,2028.300513248487
17313,2028.300513248487
17314,2028.300513248487
17315,2028.300513248487
17316,2028.300513248487
17317,2028.300513248487
17318,2028.300513248487
17319,2028.300513248487
17320,2028.300513248487
17321,2028.300513248487
17322,2028.300513248487
17323,2028.300513248487
17324,2028.300513248487
17325,2028.300513248487
17326,2028.300513248487
17327,2028.300513248487
17328,2028.300513248487
17329,2028.300513248487
17330,2028.300513248487
17331,2028.300513248487
17332,2028.300513248487
17333,2028.300513248487
17334,2028.300513248487
17335,2028.300513248487
17336,2028.300513248487
17337,2028.300513248487
17338,2028.300513248487
17339,2028.300513248487
17340,2028.300513248487
17341,2028.300513248487
17342,2028.300513248487
17343,2028.300513248487
17344,2028.300513248487
17345,2028.300513248487
17346,2028.300513248487
17347,2028.300513248487
17348,2028.300513248487
17349,2028.300513248487
17350,2028.300513248487
17351,2028.300513248487
17352,2028.300513248487
17353,2028.300513248487
17354,2028.300513248487
17355,2028.300513248487
17356,2028.300513248487
17357,2028.300513248487
17358,2028.300513248487
17359,2028.300513248487
17360,2028.300513248487
17361,2028.300513248487
17362,2028.300513248487
17363,2028.300513248487
17364,2028.300513248487
17365,2028.300513248487
17366,2028.300513248487
17367,2028.300513248487
17368,2028.300513248487
17369,2028.300513248487
17370,2028.300513248487
17371,2028.300513248487
17372,2028.300513248487
17373,2028.300513248487
17374,2028.300513248487
17375,2028.300513248487
17376,2028.300513248487
17377,2028.300513248487
17378,2028.300513248487
17379,2028.300513248487
17380,2028.300513248487
17381,2028.300513248487
17382,2028.300513248487
17383,2028.300513248487
17384,2028.300513248487
17385,2028.300513248487
17386,2028.300513248487
17387,2028.300513248487
17388,2028.300513248487
17389,2028.300513248487
17390,2028.300513248487
17391,2028.300513248487
17392,2028.300513248487
17393,2028.300513248487
17394,2028.300513248487
17395,2028.300513248487
17396,2028.300513248487
17397,2028.300513248487
17398,2028.300513248487
17399,2028.300513248487
17400,2028.300513248487
17401,2028.300513248487
17402,2028.300513248487
17403,2028.300513248487
17404,2028.300513248487
17405,2028.300513248487
17406,2028.300513248487
17407,2028.300513248487
17408,2028.300513248487
17409,2028.300513248487
17410,2028.300513248487
17411,2028.300513248487
17412,2028.300513248487
17413,2028.300513248487
17414,2028.300513248487
17415,2028.300513248487
17416,2028.300513248487
17417,2028.300513248487
17418,2028.300513248487
17419,2028.300513248487
17420,2028.300513248487
17421,2028.300513248487
17422,2028.300513248487
17423,2028.300513248487
17424,2028.300513248487
17425,2028.300513248487
17426,2028.300513248487
17427,2028.300513248487
17428,2028.300513248487
17429,2028.300513248487
17430,2028.300513248487
17431,2028.300513248487
17432,2028.300513248487
17433,2028.300513248487
17434,2028.300513248487
17435,2028.300513248487
17436,2028.300513248487
17437,2028.300513248487
17438,2028.300513248487
17439,2028.300513248487
17440,2028.300513248487
17441,2028.300513248487
17442,2028.300513248487
17443,2028.300513248487
17444,2028.300513248487
17445,2028.300513248487
17446,2028.300513248487
17447,2028.300513248487
17448,2028.300513248487
17449,2028.300513248487
17450,2028.300513248487
17451,2028.300513248487
17452,2028.300513248487
17453,2028.300513248487
17454,2028.300513248487
17455,2028.300513248487
17456,2028.300513248487
17457,2028.300513248487
17458,2028.300513248487
17459,2028.300513248487
17460,2028.300513248487
17461,2028.300513248487
17462,2028.300513248487
17463,2028.300513248487
17464,2028.300513248487
17465,2028.300513248487
17466,2028.300513248487
17467,2028.300513248487
17468,2028.300513248487
17469,2028.300513248487
17470,2028.300513248487
17471,2028.300513248487
17472,2028.300513248487
17473,2028.300513248487
17474,2028.300513248487
17475,2028.300513248487
17476,2028.300513248487
17477,2028.300513248487
17478,2028.300513248487
17479,2028.300513248487
17480,2028.300513248487
17481,2028.300513248487
17482,2028.300513248487
17483,2028.300513248487
17484,2028.300513248487
17485,2028.300513248487
17486,2028.300513248487
17487,2028.300513248487
17488,2028.300513248487
17489,2028.300513248487
17490,2028.300513248487
17491,2028.300513248487
17492,2028.300513248487
17493,2028.300513248487
17494,2028.300513248487
17495,2028.300513248487
17496,2028.300513248487
17497,2028.300513248487
17498,2028.300513248487
17499,2028.300513248487
17500,2028.300513248487
17501,2028.300513248487
17502,2028.300513248487
17503,2028.300513248487
17504,2028.300513248487
17505,2028.300513248487
17506,2028.300513248487
17507,2028.300513248487
17508,2028.300513248487
17509,2028.300513248487
17510,2028.300513248487
17511,2028.300513248487
17512,2028.300513248487
17513,2028.300513248487
17514,2028.300513248487
17515,2028.300513248487
17516,2028.300513248487
17517,2028.300513248487
17518,2028.300513248487
17519,2028.300513248487
17520,2028.300513248487
17521,2028.300513248487
17522,2028.300513248487
17523,2028.300513248487
17524,2028.300513248487
17525,2028.300513248487
17526,2028.300513248487
17527,2028.300513248487
17528,2028.300513248487
17529,2028.300513248487
17530,2028.300513248487
17531,2028.300513248487
17532,2028.300513248487
17533,2028.300513248487
17534,2028.300513248487
17535,2028.300513248487
17536,2028.300513248487
17537,2028.300513248487
17538,2028.300513248487
17539,2028.300513248487
17540,2028.300513248487
17541,2028.300513248487
17542,2028.300513248487
17543,2028.300513248487
17544,2028.300513248487
17545,2028.300513248487
17546,2028.300513248487
17547,2028.300513248487
17548,2028.300513248487
17549,2028.300513248487
17550,2028.300513248487
17551,2028.300513248487
17552,2028.300513248487
17553,2028.300513248487
17554,2028.300513248487
17555,2028.300513248487
17556,2028.300513248487
17557,2028.300513248487
17558,2028.300513248487
17559,2028.300513248487
17560,2028.300513248487
17561,2028.300513248487
17562,2028.300513248487
17563,2028.300513248487
17564,2028.300513248487
17565,2028.300513248487
17566,2028.300513248487
17567,2028.300513248487
17568,2028.300513248487
17569,2028.300513248487
17570,2028.300513248487
17571,2028.300513248487
17572,2028.300513248487
17573,2028.300513248487
17574,2028.300513248487
17575,2028.300513248487
17576,2028.300513248487
17577,2028.300513248487
17578,2028.300513248487
17579,2028.300513248487
17580,2028.300513248487
17581,2028.300513248487
17582,2028.300513248487
17583,2028.300513248487
17584,2028.300513248487
17585,2028.300513248487
17586,2028.300513248487
17587,2028.300513248487
17588,2028.300513248487
17589,2028.300513248487
17590,2028.300513248487
17591,2028.300513248487
17592,2028.300513248487
17593,2028.300513248487
17594,2028.300513248487
17595,2028.300513248487
17596,2028.300513248487
17597,2028.300513248487
17598,2028.300513248487
17599,2028.300513248487
17600,2028.300513248487
17601,2028.300513248487
17602,2028.300513248487
17603,2028.300513248487
17604,2028.300513248487
17605,2028.300513248487
17606,2028.300513248487
17607,2028.300513248487
17608,2028.300513248487
17609,2028.300513248487
17610,2028.300513248487
17611,2028.300513248487
17612,2028.300513248487
17613,2028.300513248487
17614,2028.300513248487
17615,2028.300513248487
17616,2028.300513248487
17617,2028.300513248487
17618,2028.300513248487
17619,2028.300513248487
17620,2028.300513248487
17621,2028.300513248487
17622,2028.300513248487
17623,2028.300513248487
17624,2028.300513248487
17625,2028.300513248487
17626,2028.300513248487
17627,2028.300513248487
17628,2028.300513248487
17629,2028.300513248487
17630,2028.300513248487
17631,2028.300513248487
17632,2028.300513248487
17633,2028.300513248487
17634,2028.300513248487
17635,2028.300513248487
17636,2028.300513248487
17637,2028.300513248487
17638,2028.300513248487
17639,2028.300513248487
17640,2028.300513248487
17641,2028.300513248487
17642,2028.300513248487
17643,2028.300513248487
17644,2028.300513248487
17645,2028.300513248487
17646,2028.300513248487
17647,2028.300513248487
17648,2028.300513248487
17649,2028.300513248487
17650,2028.300513248487
17651,2028.300513248487
17652,2028.300513248487
17653,2028.300513248487
17654,2028.300513248487
17655,2028.300513248487
17656,2028.300513248487
17657,2028.300513248487
17658,2028.300513248487
17659,2028.300513248487
17660,2028.300513248487
17661,2028.300513248487
17662,2028.300513248487
17663,2028.300513248487
17664,2028.300513248487
17665,2028.300513248487
17666,2028.300513248487
17667,2028.300513248487
17668,2028.300513248487
17669,2028.300513248487
17670,2028.300513248487
17671,2028.300513248487
17672,2028.300513248487
17673,2028.300513248487
17674,2028.300513248487
17675,2028.300513248487
17676,2028.300513248487
17677,2028.300513248487
17678,2028.300513248487
17679,2028.300513248487
17680,2028.300513248487
17681,2028.300513248487
17682,2028.300513248487
17683,2028.300513248487
17684,2028.300513248487
17685,2028.300513248487
17686,2028.300513248487
17687,2028.300513248487
17688,2028.300513248487
17689,2028.300513248487
17690,2028.300513248487
17691,2028.300513248487
17692,2028.300513248487
17693,2028.300513248487
17694,2028.300513248487
17695,2028.300513248487
17696,2028.300513248487
17697,2028.300513248487
17698,2028.300513248487
17699,2028.300513248487
17700,2028.300513248487
17701,2028.300513248487
17702,2028.300513248487
17703,2028.300513248487
17704,2028.300513248487
17705,2028.300513248487
17706,2028.300513248487
17707,2028.300513248487
17708,2028.300513248487
17709,2028.300513248487
17710,2028.300513248487
17711,2028.300513248487
17712,2028.300513248487
17713,2028.300513248487
17714,2028.300513248487
17715,2028.300513248487
17716,2028.300513248487
17717,2028.300513248487
17718,2028.300513248487
17719,2028.300513248487
17720,2028.300513248487
17721,2028.300513248487
17722,2028.300513248487
17723,2028.300513248487
17724,2028.300513248487
17725,2028.300513248487
17726,2028.300513248487
17727,2028.300513248487
17728,2028.300513248487
17729,2028.300513248487
17730,2028.300513248487
17731,2028.300513248487
17732,2028.300513248487
17733,2028.300513248487
17734,2028.300513248487
17735,2028.300513248487
17736,2028.300513248487
17737,2028.300513248487
17738,2028.300513248487
17739,2028.300513248487
17740,2028.300513248487
17741,2028.300513248487
17742,2028.300513248487
17743,2028.300513248487
17744,2028.300513248487
17745,2028.300513248487
17746,2028.300513248487
17747,2028.300513248487
17748,2028.300513248487
17749,2028.300513248487
17750,2028.300513248487
17751,2028.300513248487
17752,2028.300513248487
17753,2028.300513248487
17754,2028.300513248487
17755,2028.300513248487
17756,2028.300513248487
17757,2028.300513248487
17758,2028.300513248487
17759,2028.300513248487
17760,2028.300513248487
17761,2028.300513248487
17762,2028.300513248487
17763,2028.300513248487
17764,2028.300513248487
17765,2028.300513248487
17766,2028.300513248487
17767,2028.300513248487
17768,2028.300513248487
17769,2028.300513248487
17770,2028.300513248487
17771,2028.300513248487
17772,2028.300513248487
17773,2028.300513248487
17774,2028.300513248487
17775,2028.300513248487
17776,2028.300513248487
17777,2028.300513248487
17778,2028.300513248487
17779,2028.300513248487
17780,2028.300513248487
17781,2028.300513248487
17782,2028.300513248487
17783,2028.300513248487
17784,2028.300513248487
17785,2028.300513248487
17786,2028.300513248487
17787,2028.300513248487
17788,2028.300513248487
17789,2028.300513248487
17790,2028.300513248487
17791,2028.300513248487
17792,2028.300513248487
17793,2028.300513248487
17794,2028.300513248487
17795,2028.300513248487
17796,2028.300513248487
17797,2028.300513248487
17798,2028.300513248487
17799,2028.300513248487
17800,2028.300513248487
17801,2028.300513248487
17802,2028.300513248487
17803,2028.300513248487
17804,2028.300513248487
17805,2028.300513248487
17806,2028.300513248487
17807,2028.300513248487
17808,2028.300513248487
17809,2028.300513248487
17810,2028.300513248487
17811,2028.300513248487
17812,2028.300513248487
17813,2028.300513248487
17814,2028.300513248487
17815,2028.300513248487
17816,2028.300513248487
17817,2028.300513248487
17818,2028.300513248487
17819,2028.300513248487
17820,2028.300513248487
17821,2028.300513248487
17822,2028.300513248487
17823,2028.300513248487
17824,2028.300513248487
17825,2028.300513248487
17826,2028.300513248487
17827,2028.300513248487
17828,2028.300513248487
17829,2028.300513248487
17830,2028.300513248487
17831,2028.300513248487
17832,2028.300513248487
17833,2028.300513248487
17834,2028.300513248487
17835,2028.300513248487
17836,2028.300513248487
17837,2028.300513248487
17838,2028.300513248487
17839,2028.300513248487
17840,2028.300513248487
17841,2028.300513248487
17842,2028.300513248487
17843,2028.300513248487
17844,2028.300513248487
17845,2028.300513248487
17846,2028.300513248487
17847,2028.300513248487
17848,2028.300513248487
17849,2028.300513248487
17850,2028.300513248487
17851,2028.300513248487
17852,2028.300513248487
17853,2028.300513248487
17854,2028.300513248487
17855,2028.300513248487
17856,2028.300513248487
17857,2028.300513248487
17858,2028.300513248487
17859,2028.300513248487
17860,2028.300513248487
17861,2028.300513248487
17862,2028.300513248487
17863,2028.300513248487
17864,2028.300513248487
17865,2028.300513248487
17866,2028.300513248487
17867,2028.300513248487
17868,2028.300513248487
17869,2028.300513248487
17870,2028.300513248487
17871,2028.300513248487
17872,2028.300513248487
17873,2028.300513248487
17874,2028.300513248487
17875,2028.300513248487
17876,2028.300513248487
17877,2028.300513248487
17878,2028.300513248487
17879,2028.300513248487
17880,2028.300513248487
17881,2028.300513248487
17882,2028.300513248487
17883,2028.300513248487
17884,2028.300513248487
17885,2028.300513248487
17886,2028.300513248487
17887,2028.300513248487
17888,2028.300513248487
17889,2028.300513248487
17890,2028.300513248487
17891,2028.300513248487
17892,2028.300513248487
17893,2028.300513248487
17894,2028.300513248487
17895,2028.300513248487
17896,2028.300513248487
17897,2028.300513248487
17898,2028.300513248487
17899,2028.300513248487
17900,2028.300513248487
17901,2028.300513248487
17902,2028.300513248487
17903,2028.300513248487
17904,2028.300513248487
17905,2028.300513248487
17906,2028.300513248487
17907,2028.300513248487
17908,2028.300513248487
17909,2028.300513248487
17910,2028.300513248487
17911,2028.300513248487
17912,2028.300513248487
17913,2028.300513248487
17914,2028.300513248487
17915,2028.300513248487
17916,2028.300513248487
17917,2028.300513248487
17918,2028.300513248487
17919,2028.300513248487
17920,2028.300513248487
17921,2028.300513248487
17922,2028.300513248487
17923,2028.300513248487
17924,2028.300513248487
17925,2028.300513248487
17926,2028.300513248487
17927,2028.300513248487
17928,2028.300513248487
17929,2028.300513248487
17930,2028.300513248487
17931,2028.300513248487
17932,2028.300513248487
17933,2028.300513248487
17934,2028.300513248487
17935,2028.300513248487
17936,2028.300513248487
17937,2028.300513248487
17938,2028.300513248487
17939,2028.300513248487
17940,2028.300513248487
17941,2028.300513248487
17942,2028.300513248487
17943,2028.300513248487
17944,2028.300513248487
17945,2028.300513248487
17946,2028.300513248487
17947,2028.300513248487
17948,2028.300513248487
17949,2028.300513248487
17950,2028.300513248487
17951,2028.300513248487
17952,2028.300513248487
17953,2028.300513248487
17954,2028.300513248487
17955,2028.300513248487
17956,2028.300513248487
17957,2028.300513248487
17958,2028.300513248487
17959,2028.300513248487
17960,2028.300513248487
17961,2028.300513248487
17962,2028.300513248487
17963,2028.300513248487
17964,2028.300513248487
17965,2028.300513248487
17966,2028.300513248487
17967,2028.300513248487
17968,2028.300513248487
17969,2028.300513248487
17970,2028.300513248487
17971,2028.300513248487
17972,2028.300513248487
17973,2028.300513248487
17974,2028.300513248487
17975,2028.300513248487
17976,2028.300513248487
17977,2028.300513248487
17978,2028.300513248487
17979,2028.300513248487
17980,2028.300513248487
17981,2028.300513248487
17982,2028.300513248487
17983,2028.300513248487
17984,2028.300513248487
17985,2028.300513248487
17986,2028.300513248487
17987,2028.300513248487
17988,2028.300513248487
17989,2028.300513248487
17990,2028.300513248487
17991,2028.300513248487
17992,2028.300513248487
17993,2028.300513248487
17994,2028.300513248487
17995,2028.300513248487
17996,2028.300513248487
17997,2028.300513248487
17998,2028.300513248487
17999,2028.300513248487
18000,2028.300513248487
18001,2028.300513248487
18002,2028.300513248487
18003,2028.300513248487
18004,2028.300513248487
18005,2028.300513248487
18006,2028.300513248487
18007,2028.300513248487
18008,2028.300513248487
18009,2028.300513248487
18010,2028.300513248487
18011,2028.300513248487
18012,2028.300513248487
18013,2028.300513248487
18014,2028.300513248487
18015,2028.300513248487
18016,2028.300513248487
18017,2028.300513248487
18018,2028.300513248487
18019,2028.300513248487
18020,2028.300513248487
18021,2028.300513248487
18022,2028.300513248487
18023,2028.300513248487
18024,2028.300513248487
18025,2028.300513248487
18026,2028.300513248487
18027,2028.300513248487
18028,2028.300513248487
18029,2028.300513248487
18030,2028.300513248487
18031,2028.300513248487
18032,2028.300513248487
18033,2028.300513248487
18034,2028.300513248487
18035,2028.300513248487
18036,2028.300513248487
18037,2028.300513248487
18038,2028.300513248487
18039,2028.300513248487
18040,2028.300513248487
18041,2028.300513248487
18042,2028.300513248487
18043,2028.300513248487
18044,2028.300513248487
18045,2028.300513248487
18046,2028.300513248487
18047,2028.300513248487
18048,2028.300513248487
18049,2028.300513248487
18050,2028.300513248487
18051,2028.300513248487
18052,2028.300513248487
18053,2028.300513248487
18054,2028.300513248487
18055,2028.300513248487
18056,2028.300513248487
18057,2028.300513248487
18058,2028.300513248487
18059,2028.300513248487
18060,2028.300513248487
18061,2028.300513248487
18062,2028.300513248487
18063,2028.300513248487
18064,2028.300513248487
18065,2028.300513248487
18066,2028.300513248487
18067,2028.300513248487
18068,2028.300513248487
18069,2028.300513248487
18070,2028.300513248487
18071,2028.300513248487
18072,2028.300513248487
18073,2028.300513248487
18074,2028.300513248487
18075,2028.300513248487
18076,2028.300513248487
18077,2028.300513248487
18078,2028.300513248487
18079,2028.300513248487
18080,2028.300513248487
18081,2028.300513248487
18082,2028.300513248487
18083,2028.300513248487
18084,2028.300513248487
18085,2028.300513248487
18086,2028.300513248487
18087,2028.300513248487
18088,2028.300513248487
18089,2028.300513248487
18090,2028.300513248487
18091,2028.300513248487
18092,2028.300513248487
18093,2028.300513248487
18094,2028.300513248487
18095,2028.300513248487
18096,2028.300513248487
18097,2028.300513248487
18098,2028.300513248487
18099,2028.300513248487
18100,2028.300513248487
18101,2028.300513248487
18102,2028.300513248487
18103,2028.300513248487
18104,2028.300513248487
18105,2028.300513248487
18106,2028.300513248487
18107,2028.300513248487
18108,2028.300513248487
18109,2028.300513248487
18110,2028.300513248487
18111,2028.300513248487
18112,2028.300513248487
18113,2028.300513248487
18114,2028.300513248487
18115,2028.300513248487
18116,2028.300513248487
18117,2028.300513248487
18118,2028.300513248487
18119,2028.300513248487
18120,2028.300513248487
18121,2028.300513248487
18122,2028.300513248487
18123,2028.300513248487
18124,2028.300513248487
18125,2028.300513248487
18126,2028.300513248487
18127,2028.300513248487
18128,2028.300513248487
18129,2028.300513248487
18130,2028.300513248487
18131,2028.300513248487
18132,2028.300513248487
18133,2028.300513248487
18134,2028.300513248487
18135,2028.300513248487
18136,2028.300513248487
18137,2028.300513248487
18138,2028.300513248487
18139,2028.300513248487
18140,2028.300513248487
18141,2028.300513248487
18142,2028.300513248487
18143,2028.300513248487
18144,2028.300513248487
18145,2028.300513248487
18146,2028.300513248487
18147,2028.300513248487
18148,2028.300513248487
18149,2028.300513248487
18150,2028.300513248487
18151,2028.300513248487
18152,2028.300513248487
18153,2028.300513248487
18154,2028.300513248487
18155,2028.300513248487
18156,2028.300513248487
18157,2028.300513248487
18158,2028.300513248487
18159,2028.300513248487
18160,2028.300513248487
18161,2028.300513248487
18162,2028.300513248487
18163,2028.300513248487
18164,2028.300513248487
18165,2028.300513248487
18166,2028.300513248487
18167,2028.300513248487
18168,2028.300513248487
18169,2028.300513248487
18170,2028.300513248487
18171,2028.300513248487
18172,2028.300513248487
18173,2028.300513248487
18174,2028.300513248487
18175,2028.300513248487
18176,2028.300513248487
18177,2028.300513248487
18178,2028.300513248487
18179,2028.300513248487
18180,2028.300513248487
18181,2028.300513248487
18182,2028.300513248487
18183,2028.300513248487
18184,2028.300513248487
18185,2028.300513248487
18186,2028.300513248487
18187,2028.300513248487
18188,2028.300513248487
18189,2028.300513248487
18190,2028.300513248487
18191,2028.300513248487
18192,2028.300513248487
18193,2028.300513248487
18194,2028.300513248487
18195,2028.300513248487
18196,2028.300513248487
18197,2028.300513248487
18198,2028.300513248487
18199,2028.300513248487
18200,2028.300513248487
18201,2028.300513248487
18202,2028.300513248487
18203,2028.300513248487
18204,2028.300513248487
18205,2028.300513248487
18206,2028.300513248487
18207,2028.300513248487
18208,2028.300513248487
18209,2028.300513248487
18210,2028.300513248487
18211,2028.300513248487
18212,2028.300513248487
18213,2028.300513248487
18214,2028.300513248487
18215,2028.300513248487
18216,2028.300513248487
18217,2028.300513248487
18218,2028.300513248487
18219,2028.300513248487
18220,2028.300513248487
18221,2028.300513248487
18222,2028.300513248487
18223,2028.300513248487
18224,2028.300513248487
18225,2028.300513248487
18226,2028.300513248487
18227,2028.300513248487
18228,2028.300513248487
18229,2028.300513248487
18230,2028.300513248487
18231,2028.300513248487
18232,2028.300513248487
18233,2028.300513248487
18234,2028.300513248487
18235,2028.300513248487
18236,2028.300513248487
18237,2028.300513248487
18238,2028.300513248487
18239,2028.300513248487
18240,2028.300513248487
18241,2028.300513248487
18242,2028.300513248487
18243,2028.300513248487
18244,2028.300513248487
18245,2028.300513248487
18246,2028.300513248487
18247,2028.300513248487
18248,2028.300513248487
18249,2028.300513248487
18250,2028.300513248487
18251,2028.300513248487
18252,2028.300513248487
18253,2028.300513248487
18254,2028.300513248487
18255,2028.300513248487
18256,2028.300513248487
18257,2028.300513248487
18258,2028.300513248487
18259,2028.300513248487
18260,2028.300513248487
18261,2028.300513248487
18262,2028.300513248487
18263,2028.300513248487
18264,2028.300513248487
18265,2028.300513248487
18266,2028.300513248487
18267,2028.300513248487
18268,2028.300513248487
18269,2028.300513248487
18270,2028.300513248487
18271,2028.300513248487
18272,2028.300513248487
18273,2028.300513248487
18274,2028.300513248487
18275,2028.300513248487
18276,2028.300513248487
18277,2028.300513248487
18278,2028.300513248487
18279,2028.300513248487
18280,2028.300513248487
18281,2028.300513248487
18282,2028.300513248487
18283,2028.300513248487
18284,2028.300513248487
18285,2028.300513248487
18286,2028.300513248487
18287,2028.300513248487
18288,2028.300513248487
18289,2028.300513248487
18290,2028.300513248487
18291,2028.300513248487
18292,2028.300513248487
18293,2028.300513248487
18294,2028.300513248487
18295,2028.300513248487
18296,2028.300513248487
18297,2028.300513248487
18298,2028.300513248487
18299,2028.300513248487
18300,2028.300513248487
18301,2028.300513248487
18302,2028.300513248487
18303,2028.300513248487
18304,2028.300513248487
18305,2028.300513248487
18306,2028.300513248487
18307,2028.300513248487
18308,2028.300513248487
18309,2028.300513248487
18310,2028.300513248487
18311,2028.300513248487
18312,2028.300513248487
18313,2028.300513248487
18314,2028.300513248487
18315,2028.300513248487
18316,2028.300513248487
18317,2028.300513248487
18318,2028.300513248487
18319,2028.300513248487
18320,2028.300513248487
18321,2028.300513248487
18322,2028.300513248487
18323,2028.300513248487
18324,2028.300513248487
18325,2028.300513248487
18326,2028.300513248487
18327,2028.300513248487
18328,2028.300513248487
18329,2028.300513248487
18330,2028.300513248487
18331,2028.300513248487
18332,2028.300513248487
18333,2028.300513248487
18334,2028.300513248487
18335,2028.300513248487
18336,2028.300513248487
18337,2028.300513248487
18338,2028.300513248487
18339,2028.300513248487
18340,2028.300513248487
18341,2028.300513248487
18342,2028.300513248487
18343,2028.300513248487
18344,2028.300513248487
18345,2028.300513248487
18346,2028.300513248487
18347,2028.300513248487
18348,2028.300513248487
18349,2028.300513248487
18350,2028.300513248487
18351,2028.300513248487
18352,2028.300513248487
18353,2028.300513248487
18354,2028.300513248487
18355,2028.300513248487
18356,2028.300513248487
18357,2028.300513248487
18358,2028.300513248487
18359,2028.300513248487
18360,2028.300513248487
18361,2028.300513248487
18362,2028.300513248487
18363,2028.300513248487
18364,2028.300513248487
18365,2028.300513248487
18366,2028.300513248487
18367,2028.300513248487
18368,2028.300513248487
18369,2028.300513248487
18370,2028.300513248487
18371,2028.300513248487
18372,2028.300513248487
18373,2028.300513248487
18374,2028.300513248487
18375,2028.300513248487
18376,2028.300513248487
18377,2028.300513248487
18378,2028.300513248487
18379,2028.300513248487
18380,2028.300513248487
18381,2028.300513248487
18382,2028.300513248487
18383,2028.300513248487
18384,2028.300513248487
18385,2028.300513248487
18386,2028.300513248487
18387,2028.300513248487
18388,2028.300513248487
18389,2028.300513248487
18390,2028.300513248487
18391,2028.300513248487
18392,2028.300513248487
18393,2028.300513248487
18394,2028.300513248487
18395,2028.300513248487
18396,2028.300513248487
18397,2028.300513248487
18398,2028.300513248487
18399,2028.300513248487
18400,2028.300513248487
18401,2028.300513248487
18402,2028.300513248487
18403,2028.300513248487
18404,2028.300513248487
18405,2028.300513248487
18406,2028.300513248487
18407,2028.300513248487
18408,2028.300513248487
18409,2028.300513248487
18410,2028.300513248487
18411,2028.300513248487
18412,2028.300513248487
18413,2028.300513248487
18414,2028.300513248487
18415,2028.300513248487
18416,2028.300513248487
18417,2028.300513248487
18418,2028.300513248487
18419,2028.300513248487
18420,2028.300513248487
18421,2028.300513248487
18422,2028.300513248487
18423,2028.300513248487
18424,2028.300513248487
18425,2028.300513248487
18426,2028.300513248487
18427,2028.300513248487
18428,2028.300513248487
18429,2028.300513248487
18430,2028.300513248487
18431,2028.300513248487
18432,2028.300513248487
18433,2028.300513248487
18434,2028.300513248487
18435,2028.300513248487
18436,2028.300513248487
18437,2028.300513248487
18438,2028.300513248487
18439,2028.300513248487
18440,2028.300513248487
18441,2028.300513248487
18442,2028.300513248487
18443,2028.300513248487
18444,2028.300513248487
18445,2028.300513248487
18446,2028.300513248487
18447,2028.300513248487
18448,2028.300513248487
18449,2028.300513248487
18450,2028.300513248487
18451,2028.300513248487
18452,2028.300513248487
18453,2028.300513248487
18454,2028.300513248487
18455,2028.300513248487
18456,2028.300513248487
18457,2028.300513248487
18458,2028.300513248487
18459,2028.300513248487
18460,2028.300513248487
18461,2028.300513248487
18462,2028.300513248487
18463,2028.300513248487
18464,2028.300513248487
18465,2028.300513248487
18466,2028.300513248487
18467,2028.300513248487
18468,2028.300513248487
18469,2028.300513248487
18470,2028.300513248487
18471,2028.300513248487
18472,2028.300513248487
18473,2028.300513248487
18474,2028.300513248487
18475,2028.300513248487
18476,2028.300513248487
18477,2028.300513248487
18478,2028.300513248487
18479,2028.300513248487
18480,2028.300513248487
18481,2028.300513248487
18482,2028.300513248487
18483,2028.300513248487
18484,2028.300513248487
18485,2028.300513248487
18486,2028.300513248487
18487,2028.300513248487
18488,2028.300513248487
18489,2028.300513248487
18490,2028.300513248487
18491,2028.300513248487
18492,2028.300513248487
18493,2028.300513248487
18494,2028.300513248487
18495,2028.300513248487
18496,2028.300513248487
18497,2028.300513248487
18498,2028.300513248487
18499,2028.300513248487
18500,2028.300513248487
18501,2028.300513248487
18502,2028.300513248487
18503,2028.300513248487
18504,2028.300513248487
18505,2028.300513248487
18506,2028.300513248487
18507,2028.300513248487
18508,2028.300513248487
18509,2028.300513248487
18510,2028.300513248487
18511,2028.300513248487
18512,2028.300513248487
18513,2028.300513248487
18514,2028.300513248487
18515,2028.300513248487
18516,2028.300513248487
18517,2028.300513248487
18518,2028.300513248487
18519,2028.300513248487
18520,2028.300513248487
18521,2028.300513248487
18522,2028.300513248487
18523,2028.300513248487
18524,2028.300513248487
18525,2028.300513248487
18526,2028.300513248487
18527,2028.300513248487
18528,2028.300513248487
18529,2028.300513248487
18530,2028.300513248487
18531,2028.300513248487
18532,2028.300513248487
18533,2028.300513248487
18534,2028.300513248487
18535,2028.300513248487
18536,2028.300513248487
18537,2028.300513248487
18538,2028.300513248487
18539,2028.300513248487
18540,2028.300513248487
18541,2028.300513248487
18542,2028.300513248487
18543,2028.300513248487
18544,2028.300513248487
18545,2028.300513248487
18546,2028.300513248487
18547,2028.300513248487
18548,2028.300513248487
18549,2028.300513248487
18550,2028.300513248487
18551,2028.300513248487
18552,2028.300513248487
18553,2028.300513248487
18554,2028.300513248487
18555,2028.300513248487
18556,2028.300513248487
18557,2028.300513248487
18558,2028.300513248487
18559,2028.300513248487
18560,2028.300513248487
18561,2028.300513248487
18562,2028.300513248487
18563,2028.300513248487
18564,2028.300513248487
18565,2028.300513248487
18566,2028.300513248487
18567,2028.300513248487
18568,2028.300513248487
18569,2028.300513248487
18570,2028.300513248487
18571,2028.300513248487
18572,2028.300513248487
18573,2028.300513248487
18574,2028.300513248487
18575,2028.300513248487
18576,2028.300513248487
18577,2028.300513248487
18578,2028.300513248487
18579,2028.300513248487
18580,2028.300513248487
18581,2028.300513248487
18582,2028.300513248487
18583,2028.300513248487
18584,2028.300513248487
18585,2028.300513248487
18586,2028.300513248487
18587,2028.300513248487
18588,2028.300513248487
18589,2028.300513248487
18590,2028.300513248487
18591,2028.300513248487
18592,2028.300513248487
18593,2028.300513248487
18594,2028.300513248487
18595,2028.300513248487
18596,2028.300513248487
18597,2028.300513248487
18598,2028.300513248487
18599,2028.300513248487
18600,2028.300513248487
18601,2028.300513248487
18602,2028.300513248487
18603,2028.300513248487
18604,2028.300513248487
18605,2028.300513248487
18606,2028.300513248487
18607,2028.300513248487
18608,2028.300513248487
18609,2028.300513248487
18610,2028.300513248487
18611,2028.300513248487
18612,2028.300513248487
18613,2028.300513248487
18614,2028.300513248487
18615,2028.300513248487
18616,2028.300513248487
18617,2028.300513248487
18618,2028.300513248487
18619,2028.300513248487
18620,2028.300513248487
18621,2028.300513248487
18622,2028.300513248487
18623,2028.300513248487
18624,2028.300513248487
18625,2028.300513248487
18626,2028.300513248487
18627,2028.300513248487
18628,2028.300513248487
18629,2028.300513248487
18630,2028.300513248487
18631,2028.300513248487
18632,2028.300513248487
18633,2028.300513248487
18634,2028.300513248487
18635,2026.024174437245
18636,2026.024174437245
18637,2026.024174437245
18638,2026.024174437245
18639,2026.024174437245
18640,2026.024174437245
18641,2026.024174437245
18642,2026.024174437245
18643,2026.024174437245
18644,2026.024174437245
18645,2026.024174437245
18646,2026.024174437245
18647,2026.024174437245
18648,2026.024174437245
18649,2026.024174437245
18650,2026.024174437245
18651,2026.024174437245
18652,2026.024174437245
18653,2026.024174437245
18654,2026.024174437245
18655,2026.024174437245
18656,2026.024174437245
18657,2026.024174437245
18658,2026.024174437245
18659,2026.024174437245
18660,2026.024174437245
18661,2026.024174437245
18662,2026.024174437245
18663,2026.024174437245
18664,2026.024174437245
18665,2026.024174437245
18666,2026.024174437245
18667,2026.024174437245
18668,2026.024174437245
18669,2026.024174437245
18670,2026.024174437245
18671,2026.024174437245
18672,2026.024174437245
18673,2026.024174437245
18674,2026.024174437245
18675,2026.024174437245
18676,2026.024174437245
18677,2026.024174437245
18678,2026.024174437245
18679,2026.024174437245
18680,2026.024174437245
18681,2026.024174437245
18682,2026.024174437245
18683,2026.024174437245
18684,2026.024174437245
18685,2026.024174437245
18686,2026.024174437245
18687,2026.024174437245
18688,2026.024174437245
18689,2026.024174437245
18690,2026.024174437245
18691,2026.024174437245
18692,2026.024174437245
18693,2026.024174437245
18694,2026.024174437245
18695,2026.024174437245
18696,2026.024174437245
18697,2026.024174437245
18698,2026.024174437245
18699,2026.024174437245
18700,2026.024174437245
18701,2026.024174437245
18702,2026.024174437245
18703,2026.024174437245
18704,2026.024174437245
18705,2026.024174437245
18706,2026.024174437245
18707,2026.024174437245
18708,2026.024174437245
18709,2026.024174437245
18710,2026.024174437245
18711,2026.024174437245
18712,2026.024174437245
18713,2026.024174437245
18714,2026.024174437245
18715,2026.024174437245
18716,2026.024174437245
18717,2026.024174437245
18718,2026.024174437245
18719,2026.024174437245
18720,2026.024174437245
18721,2026.024174437245
18722,2026.024174437245
18723,2026.024174437245
18724,2026.024174437245
18725,2026.024174437245
18726,2026.024174437245
18727,2026.024174437245
18728,2026.024174437245
18729,2026.024174437245
18730,2026.024174437245
18731,2026.024174437245
18732,2026.024174437245
18733,2026.024174437245
18734,2026.024174437245
18735,2026.024174437245
18736,2026.024174437245
18737,2026.024174437245
18738,2026.024174437245
18739,2026.024174437245
18740,2026.024174437245
18741,2026.024174437245
18742,2026.024174437245
18743,2026.024174437245
18744,2026.024174437245
18745,2026.024174437245
18746,2026.024174437245
18747,2026.024174437245
18748,2026.024174437245
18749,2026.024174437245
18750,2026.024174437245
18751,2026.024174437245
18752,2026.024174437245
18753,2026.024174437245
18754,2026.024174437245
18755,2026.024174437245
18756,2026.024174437245
18757,2026.024174437245
18758,2026.024174437245
18759,2026.024174437245
18760,2026.024174437245
18761,2026.024174437245
18762,2026.024174437245
18763,2026.024174437245
18764,2026.024174437245
18765,2026.024174437245
18766,2026.024174437245
18767,2026.024174437245
18768,2026.024174437245
18769,2026.024174437245
18770,2026.024174437245
18771,2026.024174437245
18772,2026.024174437245
18773,2026.024174437245
18774,2026.024174437245
18775,2026.024174437245
18776,2026.024174437245
18777,2026.024174437245
18778,2026.024174437245
18779,2026.024174437245
18780,2026.024174437245
18781,2026.024174437245
18782,2026.024174437245
18783,2026.024174437245
18784,2026.024174437245
18785,2026.024174437245
18786,2026.024174437245
18787,2026.024174437245
18788,2026.024174437245
18789,2026.024174437245
18790,2026.024174437245
18791,2026.024174437245
18792,2026.024174437245
18793,2026.024174437245
18794,2026.024174437245
18795,2026.024174437245
18796,2026.024174437245
18797,2026.024174437245
18798,2026.024174437245
18799,2026.024174437245
18800,2026.024174437245
18801,2026.024174437245
18802,2026.024174437245
18803,2026.024174437245
18804,2026.024174437245
18805,2026.024174437245
18806,2026.024174437245
18807,2026.024174437245
18808,2026.024174437245
18809,2026.024174437245
18810,2026.024174437245
18811,2026.024174437245
18812,2026.024174437245
18813,2026.024174437245
18814,2026.024174437245
18815,2026.024174437245
18816,2026.024174437245
18817,2026.024174437245
18818,2026.024174437245
18819,2026.024174437245
18820,2026.024174437245
18821,2026.024174437245
18822,2026.024174437245
18823,2026.024174437245
18824,2026.024174437245
18825,2026.024174437245
18826,2026.024174437245
18827,2026.024174437245
18828,2026.024174437245
18829,2026.024174437245
18830,2026.024174437245
18831,2026.024174437245
18832,2026.024174437245
18833,2026.024174437245
18834,2026.024174437245
18835,2026.024174437245
18836,2026.024174437245
18837,2026.024174437245
18838,2026.024174437245
18839,2026.024174437245
18840,2026.024174437245
18841,2026.024174437245
18842,2026.024174437245
18843,2026.024174437245
18844,2026.024174437245
18845,2026.024174437245
18846,2026.024174437245
18847,2026.024174437245
18848,2026.024174437245
18849,2026.024174437245
18850,2026.024174437245
18851,2026.024174437245
18852,2026.024174437245
18853,2026.024174437245
18854,2026.024174437245
18855,2026.024174437245
18856,2026.024174437245
18857,2026.024174437245
18858,2026.024174437245
18859,2026.024174437245
18860,2026.024174437245
18861,2026.024174437245
18862,2026.024174437245
18863,2026.024174437245
18864,2026.024174437245
18865,2026.024174437245
18866,2026.024174437245
18867,2026.024174437245
18868,2026.024174437245
18869,2026.024174437245
18870,2026.024174437245
18871,2026.024174437245
18872,2026.024174437245
18873,2026.024174437245
18874,2026.024174437245
18875,2026.024174437245
18876,2026.024174437245
18877,2026.024174437245
18878,2026.024174437245
18879,2026.024174437245
18880,2026.024174437245
18881,2026.024174437245
18882,2026.024174437245
18883,2026.024174437245
18884,2026.024174437245
18885,2026.024174437245
18886,2026.024174437245
18887,2026.024174437245
18888,2026.024174437245
18889,2026.024174437245
18890,2026.024174437245
18891,2026.024174437245
18892,2026.024174437245
18893,2026.024174437245
18894,2026.024174437245
18895,2026.024174437245
18896,2026.024174437245
18897,2026.024174437245
18898,2026.024174437245
18899,2026.024174437245
18900,2026.024174437245
18901,2026.024174437245
18902,2026.024174437245
18903,2026.024174437245
18904,2026.024174437245
18905,2026.024174437245
18906,2026.024174437245
18907,2026.024174437245
18908,2026.024174437245
18909,2026.024174437245
18910,2026.024174437245
18911,2026.024174437245
18912,2026.024174437245
18913,2026.024174437245
18914,2026.024174437245
18915,2026.024174437245
18916,2026.024174437245
18917,2026.024174437245
18918,2026.024174437245
18919,2026.024174437245
18920,2026.024174437245
18921,2026.024174437245
18922,2026.024174437245
18923,2026.024174437245
18924,2026.024174437245
18925,2026.024174437245
18926,2026.024174437245
18927,2026.024174437245
18928,2026.024174437245
18929,2026.024174437245
18930,2026.024174437245
18931,2026.024174437245
18932,2026.024174437245
18933,2026.024174437245
18934,2026.024174437245
18935,2026.024174437245
18936,2026.024174437245
18937,2026.024174437245
18938,2026.024174437245
18939,2026.024174437245
18940,2026.024174437245
18941,2026.024174437245
18942,2026.024174437245
18943,2026.024174437245
18944,2026.024174437245
18945,2026.024174437245
18946,2026.024174437245
18947,2026.024174437245
18948,2026.024174437245
18949,2026.024174437245
18950,2026.024174437245
18951,2026.024174437245
18952,2026.024174437245
18953,2026.024174437245
18954,2026.024174437245
18955,2026.024174437245
18956,2026.024174437245
18957,2026.024174437245
18958,2026.024174437245
18959,2026.024174437245
18960,2026.024174437245
18961,2026.024174437245
18962,2026.024174437245
18963,2026.024174437245
18964,2026.024174437245
18965,2026.024174437245
18966,2026.024174437245
18967,2026.024174437245
18968,2026.024174437245
18969,2026.024174437245
18970,2026.024174437245
18971,2026.024174437245
18972,2026.024174437245
18973,2026.024174437245
18974,2026.024174437245
18975,2026.024174437245
18976,2026.024174437245
18977,2026.024174437245
18978,2026.024174437245
18979,2026.024174437245
18980,2026.024174437245
18981,2025.7312826894238
18982,2025.7312826894238
18983,2025.7312826894238
18984,2025.7312826894238
18985,2025.7312826894238
18986,2025.7312826894238
18987,2025.7312826894238
18988,2025.7312826894238
18989,2025.7312826894238
18990,2025.7312826894238
18991,2025.7312826894238
18992,2025.7312826894238
18993,2025.7312826894238
18994,2025.7312826894238
18995,2025.7312826894238
18996,2025.7312826894238
18997,2025.7312826894238
18998,2025.7312826894238
18999,2025.7312826894238
19000,2025.7312826894238
19001,2025.7312826894238
19002,2025.7312826894238
19003,2025.7312826894238
19004,2025.7312826894238
19005,2025.7312826894238
19006,2025.7312826894238
19007,2025.7312826894238
19008,2025.7312826894238
19009,2025.7312826894238
19010,2025.7312826894238
19011,2025.7312826894238
19012,2025.7312826894238
19013,2025.7312826894238
19014,2025.7312826894238
19015,2025.7312826894238
19016,2025.7312826894238
19017,2025.7312826894238
19018,2025.7312826894238
19019,2025.7312826894238
19020,2025.7312826894238
19021,2025.7312826894238
19022,2025.7312826894238
19023,2025.7312826894238
19024,2025.7312826894238
19025,2025.7312826894238
19026,2025.7312826894238
19027,2025.7312826894238
19028,2025.7312826894238
19029,2025.7312826894238
19030,2025.7312826894238
19031,2025.7312826894238
19032,2025.7312826894238
19033,2025.7312826894238
19034,2025.7312826894238
19035,2025.7312826894238
19036,2025.7312826894238
19037,2025.7312826894238
19038,2025.7312826894238
19039,2025.7312826894238
19040,2025.7312826894238
19041,2025.7312826894238
19042,2025.7312826894238
19043,2025.7312826894238
19044,2025.7312826894238
19045,2025.7312826894238
19046,2025.7312826894238
19047,2025.7312826894238
19048,2025.7312826894238
19049,2025.7312826894238
19050,2025.7312826894238
19051,2025.7312826894238
19052,2025.7312826894238
19053,2025.7312826894238
19054,2025.7312826894238
19055,2025.7312826894238
19056,2025.7312826894238
19057,2025.7312826894238
19058,2025.7312826894238
19059,2025.7312826894238
19060,2025.7312826894238
19061,2025.7312826894238
19062,2025.7312826894238
19063,2025.7312826894238
19064,2025.7312826894238
19065,2025.7312826894238
19066,2025.7312826894238
19067,2025.7312826894238
19068,2025.7312826894238
19069,2025.7312826894238
19070,2025.7312826894238
19071,2025.7312826894238
19072,2025.7312826894238
19073,2025.7312826894238
19074,2025.7312826894238
19075,2025.7312826894238
19076,2025.7312826894238
19077,2025.7312826894238
19078,2025.7312826894238
19079,2025.7312826894238
19080,2025.7312826894238
19081,2025.7312826894238
19082,2025.7312826894238
19083,2025.7312826894238
19084,2025.7312826894238
19085,2025.7312826894238
19086,2025.7312826894238
19087,2025.7312826894238
19088,2025.7312826894238
19089,2025.7312826894238
19090,2025.7312826894238
19091,2025.7312826894238
19092,2025.7312826894238
19093,2025.7312826894238
19094,2025.7312826894238
19095,2025.7312826894238
19096,2025.7312826894238
19097,2025.7312826894238
19098,2025.7312826894238
19099,2025.7312826894238
19100,2025.7312826894238
19101,2025.7312826894238
19102,2025.7312826894238
19103,2025.7312826894238
19104,2025.7312826894238
19105,2025.7312826894238
19106,2025.7312826894238
19107,2025.7312826894238
19108,2025.7312826894238
19109,2025.7312826894238
19110,2025.7312826894238
19111,2025.7312826894238
19112,2025.7312826894238
19113,2025.7312826894238
19114,2025.7312826894238
19115,2025.7312826894238
19116,2025.7312826894238
19117,2025.7312826894238
19118,2025.7312826894238
19119,2025.7312826894238
19120,2025.7312826894238
19121,2025.7312826894238
19122,2025.7312826894238
19123,2025.7312826894238
19124,2025.7312826894238
19125,2025.7312826894238
19126,2025.7312826894238
19127,2025.7312826894238
19128,2025.7312826894238
19129,2025.7312826894238
19130,2025.7312826894238
19131,2025.7312826894238
19132,2025.7312826894238
19133,2025.7312826894238
19134,2025.7312826894238
19135,2025.7312826894238
19136,2025.7312826894238
19137,2025.7312826894238
19138,2025.7312826894238
19139,2025.7312826894238
19140,2025.7312826894238
19141,2025.7312826894238
19142,2025.7312826894238
19143,2025.7312826894238
19144,2025.7312826894238
19145,2025.7312826894238
19146,2025.7312826894238
19147,2025.7312826894238
19148,2025.7312826894238
19149,2025.7312826894238
19150,2025.7312826894238
19151,2025.7312826894238
19152,2025.7312826894238
19153,2025.7312826894238
19154,2025.7312826894238
19155,2025.7312826894238
19156,2025.7312826894238
19157,2025.7312826894238
19158,2025.7312826894238
19159,2025.7312826894238
19160,2025.7312826894238
19161,2025.7312826894238
19162,2025.7312826894238
19163,2025.7312826894238
19164,2025.7312826894238
19165,2025.7312826894238
19166,2025.7312826894238
19167,2025.7312826894238
19168,2025.7312826894238
19169,2025.7312826894238
19170,2025.7312826894238
19171,2025.7312826894238
19172,2025.7312826894238
19173,2025.7312826894238
19174,2025.7312826894238
19175,2025.7312826894238
19176,2025.7312826894238
19177,2025.7312826894238
19178,2025.7312826894238
19179,2025.7312826894238
19180,2025.7312826894238
19181,2025.7312826894238
19182,2025.7312826894238
19183,2025.7312826894238
19184,2025.7312826894238
19185,2025.7312826894238
19186,2025.7312826894238
19187,2025.7312826894238
19188,2025.7312826894238
19189,2025.7312826894238
19190,2025.7312826894238
19191,2025.7312826894238
19192,2025.7312826894238
19193,2025.7312826894238
19194,2025.7312826894238
19195,2025.7312826894238
19196,2025.7312826894238
19197,2025.7312826894238
19198,2025.7312826894238
19199,2025.7312826894238
19200,2025.7312826894238
19201,2025.7312826894238
19202,2025.7312826894238
19203,2025.7312826894238
19204,2025.7312826894238
19205,2025.7312826894238
19206,2025.7312826894238
19207,2025.7312826894238
19208,2025.7312826894238
19209,2025.7312826894238
19210,2025.7312826894238
19211,2025.7312826894238
19212,2025.7312826894238
19213,2025.7312826894238
19214,2025.7312826894238
19215,2025.7312826894238
19216,2025.7312826894238
19217,2025.7312826894238
19218,2025.7312826894238
19219,2025.7312826894238
19220,2025.7312826894238
19221,2025.7312826894238
19222,2025.7312826894238
19223,2025.7312826894238
19224,2025.7312826894238
19225,2025.7312826894238
19226,2025.7312826894238
19227,2025.7312826894238
19228,2025.7312826894238
19229,2025.7312826894238
19230,2025.7312826894238
19231,2025.7312826894238
19232,2025.7312826894238
19233,2025.7312826894238
19234,2025.7312826894238
19235,2025.7312826894238
19236,2025.7312826894238
19237,2025.7312826894238
19238,2025.7312826894238
19239,2025.7312826894238
19240,2025.7312826894238
19241,2025.7312826894238
19242,2025.7312826894238
19243,2025.7312826894238
19244,2025.7312826894238
19245,2025.7312826894238
19246,2025.7312826894238
19247,2025.7312826894238
19248,2025.7312826894238
19249,2025.7312826894238
19250,2025.7312826894238
19251,2025.7312826894238
19252,2025.7312826894238
19253,2025.7312826894238
19254,2025.7312826894238
19255,2025.7312826894238
19256,2025.7312826894238
19257,2025.7312826894238
19258,2025.7312826894238
19259,2025.7312826894238
19260,2025.7312826894238
19261,2025.7312826894238
19262,2025.7312826894238
19263,2025.7312826894238
19264,2025.7312826894238
19265,2025.7312826894238
19266,2025.7312826894238
19267,2025.7312826894238
19268,2025.7312826894238
19269,2014.0200353901985
19270,2014.0200353901985
19271,2014.0200353901985
19272,2014.0200353901985
19273,2014.0200353901985
19274,2014.0200353901985
19275,2014.0200353901985
19276,2014.0200353901985
19277,2014.0200353901985
19278,2014.0200353901985
19279,2014.0200353901985
19280,2014.0200353901985
19281,2014.0200353901985
19282,2014.0200353901985
19283,2014.0200353901985
19284,2014.0200353901985
19285,2014.0200353901985
19286,2014.0200353901985
19287,2014.0200353901985
19288,2014.0200353901985
19289,2014.0200353901985
19290,2014.0200353901985
19291,2014.0200353901985
19292,2014.0200353901985
19293,2014.0200353901985
19294,2014.0200353901985
19295,2014.0200353901985
19296,2014.0200353901985
19297,2014.0200353901985
19298,2014.0200353901985
19299,2014.0200353901985
19300,2014.0200353901985
19301,2014.0200353901985
19302,2014.0200353901985
19303,2014.0200353901985
19304,2014.0200353901985
19305,2014.0200353901985
19306,2014.0200353901985
19307,2014.0200353901985
19308,2014.0200353901985
19309,2014.0200353901985
19310,2014.0200353901985
19311,2014.0200353901985
19312,2014.0200353901985
19313,2014.0200353901985
19314,2014.0200353901985
19315,2014.0200353901985
19316,2014.0200353901985
19317,2008.897991458645
19318,2008.897991458645
19319,2008.897991458645
19320,2008.897991458645
19321,2008.897991458645
19322,2008.897991458645
19323,2008.897991458645
19324,2008.897991458645
19325,2008.897991458645
19326,2008.897991458645
19327,2008.897991458645
19328,2008.897991458645
19329,2008.897991458645
19330,2008.897991458645
19331,2008.897991458645
19332,2008.897991458645
19333,2008.897991458645
19334,2008.897991458645
19335,2008.897991458645
19336,2008.897991458645
19337,2008.897991458645
19338,2008.897991458645
19339,2008.897991458645
19340,2008.897991458645
19341,2008.897991458645
19342,2008.897991458645
19343,2008.897991458645
19344,2008.897991458645
19345,2008.897991458645
19346,2008.897991458645
19347,2008.897991458645
19348,2008.897991458645
19349,2008.897991458645
19350,2008.897991458645
19351,2008.897991458645
19352,2008.897991458645
19353,2008.897991458645
19354,2008.897991458645
19355,2008.897991458645
19356,2008.897991458645
19357,2008.897991458645
19358,2008.897991458645
19359,2008.897991458645
19360,2008.897991458645
19361,2008.897991458645
19362,2008.897991458645
19363,2008.897991458645
19364,2008.897991458645
19365,2008.897991458645
19366,2008.897991458645
19367,2008.897991458645
19368,2008.897991458645
19369,2008.897991458645
19370,2008.897991458645
19371,2008.897991458645
19372,2008.897991458645
19373,2008.897991458645
19374,2008.897991458645
19375,2008.897991458645
19376,2008.897991458645
19377,2008.897991458645
19378,2008.897991458645
19379,2008.897991458645
19380,2008.897991458645
19381,2008.897991458645
19382,2008.897991458645
19383,2008.897991458645
19384,2008.897991458645
19385,2008.897991458645
19386,2008.897991458645
19387,2008.897991458645
19388,2008.897991458645
19389,2008.897991458645
19390,2008.897991458645
19391,2008.897991458645
19392,2008.897991458645
19393,2008.897991458645
19394,2008.897991458645
19395,2008.897991458645
19396,2008.897991458645
19397,2008.897991458645
19398,2008.897991458645
19399,2008.897991458645
19400,2008.897991458645
19401,2008.897991458645
19402,2008.897991458645
19403,2008.897991458645
19404,2008.897991458645
19405,2008.897991458645
19406,2008.897991458645
19407,2008.897991458645
19408,2008.897991458645
19409,2008.897991458645
19410,2008.897991458645
19411,2008.897991458645
19412,2008.897991458645
19413,2008.897991458645
19414,2008.897991458645
19415,2008.897991458645
19416,2008.897991458645
19417,2008.897991458645
19418,2008.897991458645
19419,2008.897991458645
19420,2008.897991458645
19421,2008.897991458645
19422,2008.897991458645
19423,2008.897991458645
19424,2008.897991458645
19425,2008.897991458645
19426,2008.897991458645
19427,2008.897991458645
19428,2008.897991458645
19429,2008.897991458645
19430,2008.897991458645
19431,2008.897991458645
19432,2008.897991458645
19433,2008.897991458645
19434,2008.897991458645
19435,2008.897991458645
19436,2008.897991458645
19437,2008.897991458645
19438,2008.897991458645
19439,2008.897991458645
19440,2008.897991458645
19441,2008.897991458645
19442,2008.897991458645
19443,2008.897991458645
19444,2008.897991458645
19445,2008.897991458645
19446,2008.897991458645
19447,2008.897991458645
19448,2008.897991458645
19449,2008.897991458645
19450,2008.897991458645
19451,2008.897991458645
19452,2008.897991458645
19453,2008.897991458645
19454,2008.897991458645
19455,2008.897991458645
19456,2008.897991458645
19457,2008.897991458645
19458,2008.897991458645
19459,2008.897991458645
19460,2008.897991458645
19461,2008.897991458645
19462,2008.897991458645
19463,2008.897991458645
19464,2008.897991458645
19465,2008.897991458645
19466,2008.897991458645
19467,2008.897991458645
19468,2008.897991458645
19469,2008.897991458645
19470,2008.897991458645
19471,2008.897991458645
19472,2008.897991458645
19473,2008.897991458645
19474,2008.897991458645
19475,2008.897991458645
19476,2008.897991458645
19477,2008.897991458645
19478,2008.897991458645
19479,2008.897991458645
19480,2008.897991458645
19481,2008.897991458645
19482,2008.897991458645
19483,2008.897991458645
19484,2008.897991458645
19485,2008.897991458645
19486,2008.897991458645
19487,2008.897991458645
19488,2008.897991458645
19489,2008.897991458645
19490,2008.897991458645
19491,2008.897991458645
19492,2008.897991458645
19493,2008.897991458645
19494,2008.897991458645
19495,2008.897991458645
19496,2008.897991458645
19497,2008.897991458645
19498,2008.897991458645
19499,2008.897991458645
19500,2008.897991458645
19501,2008.897991458645
19502,2008.897991458645
19503,2008.897991458645
19504,2008.897991458645
19505,2008.897991458645
19506,2008.897991458645
19507,2008.897991458645
19508,2008.897991458645
19509,2008.897991458645
19510,2008.897991458645
19511,2008.897991458645
19512,2008.897991458645
19513,2008.897991458645
19514,2008.897991458645
19515,2008.897991458645
19516,2008.897991458645
19517,2008.897991458645
19518,2008.897991458645
19519,2008.897991458645
19520,2008.897991458645
19521,2008.897991458645
19522,2008.897991458645
19523,2008.897991458645
19524,2008.897991458645
19525,2008.897991458645
19526,2008.897991458645
19527,2008.897991458645
19528,2008.897991458645
19529,2008.897991458645
19530,2008.897991458645
19531,2008.897991458645
19532,2008.897991458645
19533,2008.897991458645
19534,2008.897991458645
19535,2008.897991458645
19536,2008.897991458645
19537,2008.897991458645
19538,2008.897991458645
19539,2008.897991458645
19540,2008.897991458645
19541,2008.897991458645
19542,2008.897991458645
19543,2008.897991458645
19544,2008.897991458645
19545,2008.897991458645
19546,2008.897991458645
19547,2008.897991458645
19548,2008.897991458645
19549,2008.897991458645
19550,2008.897991458645
19551,2008.897991458645
19552,2008.897991458645
19553,2008.897991458645
19554,2008.897991458645
19555,2008.897991458645
19556,2008.897991458645
19557,2008.897991458645
19558,2008.897991458645
19559,2008.897991458645
19560,2008.897991458645
19561,2008.897991458645
19562,2008.897991458645
19563,2008.897991458645
19564,2008.897991458645
19565,2008.897991458645
19566,2008.897991458645
19567,2008.897991458645
19568,2008.897991458645
19569,2008.897991458645
19570,2008.897991458645
19571,2008.897991458645
19572,2008.897991458645
19573,2008.897991458645
19574,2008.897991458645
19575,2008.897991458645
19576,2008.897991458645
19577,2008.897991458645
19578,2008.897991458645
19579,2008.897991458645
19580,2008.897991458645
19581,2008.897991458645
19582,2008.897991458645
19583,2008.897991458645
19584,2008.897991458645
19585,2008.897991458645
19586,2008.897991458645
19587,2008.897991458645
19588,2008.897991458645
19589,2008.897991458645
19590,2008.897991458645
19591,2008.897991458645
19592,2008.897991458645
19593,2008.897991458645
19594,2008.897991458645
19595,2008.897991458645
19596,2008.897991458645
19597,2008.897991458645
19598,2008.897991458645
19599,2008.897991458645
19600,2008.897991458645
19601,2008.897991458645
19602,2008.897991458645
19603,2008.897991458645
19604,2008.897991458645
19605,2008.897991458645
19606,2008.897991458645
19607,2008.897991458645
19608,2008.897991458645
19609,2008.897991458645
19610,2008.897991458645
19611,2008.897991458645
19612,2008.897991458645
19613,2008.897991458645
19614,2008.897991458645
19615,2008.897991458645
19616,2008.897991458645
19617,2008.897991458645
19618,2008.897991458645
19619,2008.897991458645
19620,2008.897991458645
19621,2008.897991458645
19622,2008.897991458645
19623,2008.897991458645
19624,2008.897991458645
19625,2008.897991458645
19626,2008.897991458645
19627,2008.897991458645
19628,2008.897991458645
19629,2008.897991458645
19630,2008.897991458645
19631,2008.897991458645
19632,2008.897991458645
19633,2008.897991458645
19634,2008.897991458645
19635,2008.897991458645
19636,2008.897991458645
19637,2008.897991458645
19638,2008.897991458645
19639,2008.897991458645
19640,2008.897991458645
19641,2008.897991458645
19642,2008.897991458645
19643,2008.897991458645
19644,2008.897991458645
19645,2008.897991458645
19646,2008.897991458645
19647,2008.897991458645
19648,2008.897991458645
19649,2008.897991458645
19650,2008.897991458645
19651,2008.897991458645
19652,2008.897991458645
19653,2008.897991458645
19654,2008.897991458645
19655,2008.897991458645
19656,2008.897991458645
19657,2008.897991458645
19658,2008.897991458645
19659,2008.897991458645
19660,2008.897991458645
19661,2008.897991458645
19662,2008.897991458645
19663,2008.897991458645
19664,2008.897991458645
19665,2008.897991458645
19666,2008.897991458645
19667,2008.897991458645
19668,2008.897991458645
19669,2008.897991458645
19670,2008.897991458645
19671,2008.897991458645
19672,2008.897991458645
19673,2008.897991458645
19674,2008.897991458645
19675,2008.897991458645
19676,2008.897991458645
19677,2008.897991458645
19678,2008.897991458645
19679,2008.897991458645
19680,2008.897991458645
19681,2008.897991458645
19682,2008.897991458645
19683,2008.897991458645
19684,2008.897991458645
19685,2008.897991458645
19686,2008.897991458645
19687,2008.897991458645
19688,2008.897991458645
19689,2008.897991458645
19690,2008.897991458645
19691,2008.897991458645
19692,2008.897991458645
19693,2008.897991458645
19694,2008.897991458645
19695,2008.897991458645
19696,2008.897991458645
19697,2008.897991458645
19698,2008.897991458645
19699,2008.897991458645
19700,2008.897991458645
19701,2008.897991458645
19702,2008.897991458645
19703,2008.897991458645
19704,2008.897991458645
19705,2008.897991458645
19706,2008.897991458645
19707,2008.897991458645
19708,2008.897991458645
19709,2008.897991458645
19710,2008.897991458645
19711,2008.897991458645
19712,2008.897991458645
19713,2008.897991458645
19714,2008.897991458645
19715,2008.897991458645
19716,2008.897991458645
19717,2008.897991458645
19718,2008.897991458645
19719,2008.897991458645
19720,2008.897991458645
19721,2008.897991458645
19722,2008.897991458645
19723,2008.897991458645
19724,2008.897991458645
19725,2008.897991458645
19726,2008.897991458645
19727,2008.897991458645
19728,2008.897991458645
19729,2008.897991458645
19730,2008.897991458645
19731,2008.897991458645
19732,2008.897991458645
19733,2008.897991458645
19734,2008.897991458645
19735,2008.897991458645
19736,2008.897991458645
19737,2008.897991458645
19738,2008.897991458645
19739,2008.897991458645
19740,2008.897991458645
19741,2008.897991458645
19742,2008.897991458645
19743,2008.897991458645
19744,2008.897991458645
19745,2008.897991458645
19746,2008.897991458645
19747,2008.897991458645
19748,2008.897991458645
19749,2008.897991458645
19750,2008.897991458645
19751,2008.897991458645
19752,2008.897991458645
19753,2008.897991458645
19754,2008.897991458645
19755,2008.897991458645
19756,2008.897991458645
19757,2008.897991458645
19758,2008.897991458645
19759,2008.897991458645
19760,2008.897991458645
19761,2008.897991458645
19762,2008.897991458645
19763,2008.897991458645
19764,2008.897991458645
19765,2008.897991458645
19766,2008.897991458645
19767,2008.897991458645
19768,2008.897991458645
19769,2008.897991458645
19770,2008.897991458645
19771,2008.897991458645
19772,2008.897991458645
19773,2008.897991458645
19774,2008.897991458645
19775,2008.897991458645
19776,2008.897991458645
19777,2008.897991458645
19778,2008.897991458645
19779,2008.897991458645
19780,2008.897991458645
19781,2008.897991458645
19782,2008.897991458645
19783,2008.897991458645
19784,2008.897991458645
19785,2008.897991458645
19786,2008.897991458645
19787,2008.897991458645
19788,2008.897991458645
19789,2008.897991458645
19790,2008.897991458645
19791,2008.897991458645
19792,2008.897991458645
19793,2008.897991458645
19794,2008.897991458645
19795,2008.897991458645
19796,2008.897991458645
19797,2008.897991458645
19798,2008.897991458645
19799,2008.897991458645
19800,2008.897991458645
19801,2008.897991458645
19802,2008.897991458645
19803,2008.897991458645
19804,2008.897991458645
19805,2008.897991458645
19806,2008.897991458645
19807,2008.897991458645
19808,2008.897991458645
19809,2008.897991458645
19810,2008.897991458645
19811,2008.897991458645
19812,2008.897991458645
19813,2008.897991458645
19814,2008.897991458645
19815,2008.897991458645
19816,2008.897991458645
19817,2008.897991458645
19818,2008.897991458645
19819,2008.897991458645
19820,2008.897991458645
19821,2008.897991458645
19822,2008.897991458645
19823,2008.897991458645
19824,2008.897991458645
19825,2008.897991458645
19826,2008.897991458645
19827,2008.897991458645
19828,2008.897991458645
19829,2008.897991458645
19830,2008.897991458645
19831,2008.897991458645
19832,2008.897991458645
19833,2008.897991458645
19834,2008.897991458645
19835,2008.897991458645
19836,2008.897991458645
19837,2008.897991458645
19838,2008.897991458645
19839,2008.897991458645
19840,2008.897991458645
19841,2008.897991458645
19842,2008.897991458645
19843,2008.897991458645
19844,2008.897991458645
19845,2008.897991458645
19846,2008.897991458645
19847,2008.897991458645
19848,2008.897991458645
19849,2008.897991458645
19850,2008.897991458645
19851,2008.897991458645
19852,2008.897991458645
19853,2008.897991458645
19854,2008.897991458645
19855,2008.897991458645
19856,2008.897991458645
19857,2008.897991458645
19858,2008.897991458645
19859,2008.897991458645
19860,2008.897991458645
19861,2008.897991458645
19862,2008.897991458645
19863,2008.897991458645
19864,2008.897991458645
19865,2008.897991458645
19866,2008.897991458645
19867,2008.897991458645
19868,2008.897991458645
19869,2008.897991458645
19870,2008.897991458645
19871,2008.897991458645
19872,2008.897991458645
19873,2008.897991458645
19874,2008.897991458645
19875,2008.897991458645
19876,2008.897991458645
19877,2008.897991458645
19878,2008.897991458645
19879,2008.897991458645
19880,2008.897991458645
19881,2008.897991458645
19882,2008.897991458645
19883,2008.897991458645
19884,2008.897991458645
19885,2008.897991458645
19886,2008.897991458645
19887,2008.897991458645
19888,2008.897991458645
19889,2008.897991458645
19890,2008.897991458645
19891,2008.897991458645
19892,2008.897991458645
19893,2008.897991458645
19894,2008.897991458645
19895,2008.897991458645
19896,2008.897991458645
19897,2008.897991458645
19898,2008.897991458645
19899,2008.897991458645
19900,2008.897991458645
19901,2008.897991458645
19902,2008.897991458645
19903,2008.897991458645
19904,2008.897991458645
19905,2008.897991458645
19906,2008.897991458645
19907,2008.897991458645
19908,2008.897991458645
19909,2008.897991458645
19910,2008.897991458645
19911,2008.897991458645
19912,2008.897991458645
19913,2008.897991458645
19914,2008.897991458645
19915,2008.897991458645
19916,2008.897991458645
19917,2008.897991458645
19918,2008.897991458645
19919,2008.897991458645
19920,2008.897991458645
19921,2008.897991458645
19922,2008.897991458645
19923,2008.897991458645
19924,2008.897991458645
19925,2008.897991458645
19926,2008.897991458645
19927,2008.897991458645
19928,2008.897991458645
19929,2008.897991458645
19930,2008.897991458645
19931,2008.897991458645
19932,2008.897991458645
19933,2008.897991458645
19934,2008.897991458645
19935,2008.897991458645
19936,2008.897991458645
19937,2008.897991458645
19938,2008.897991458645
19939,2008.897991458645
19940,2008.897991458645
19941,2008.897991458645
19942,2008.897991458645
19943,2008.897991458645
19944,2008.897991458645
19945,2008.897991458645
19946,2008.897991458645
19947,2008.897991458645
19948,2008.897991458645
19949,2008.897991458645
19950,2008.897991458645
19951,2008.897991458645
19952,2008.897991458645
19953,2008.897991458645
19954,2008.897991458645
19955,2008.897991458645
19956,2008.897991458645
19957,2008.897991458645
19958,2001.262180895198
19959,2001.262180895198
19960,2001.262180895198
19961,2001.262180895198
19962,2001.262180895198
19963,2001.262180895198
19964,2001.262180895198
19965,2001.262180895198
19966,2001.262180895198
19967,2001.262180895198
19968,2001.262180895198
19969,2001.262180895198
19970,2001.262180895198
19971,2001.262180895198
19972,2001.262180895198
19973,2001.262180895198
19974,2001.262180895198
19975,2001.262180895198
19976,2001.262180895198
19977,2001.262180895198
19978,2001.262180895198
19979,2001.262180895198
19980,2001.262180895198
19981,2001.262180895198
19982,2001.262180895198
19983,2001.262180895198
19984,2001.262180895198
19985,2001.262180895198
19986,2001.262180895198
19987,2001.262180895198
19988,2001.262180895198
19989,2001.262180895198
19990,2001.262180895198
19991,2001.262180895198
19992,2001.262180895198
19993,2001.262180895198
19994,2001.262180895198
19995,2001.262180895198
19996,2001.262180895198
19997,2001.262180895198
19998,2001.262180895198
19999,2001.262180895198
20000,2001.262180895198
20001,2001.262180895198
20002,2001.262180895198
20003,2001.262180895198
20004,2001.262180895198
20005,2001.262180895198
20006,2001.262180895198
20007,2001.262180895198
20008,2001.262180895198
20009,2001.262180895198
20010,2001.262180895198
20011,2001.262180895198
20012,2001.262180895198
20013,2001.262180895198
20014,2001.262180895198
20015,2001.262180895198
20016,2001.262180895198
20017,2001.262180895198
20018,2001.262180895198
20019,2001.262180895198
20020,2001.262180895198
20021,2001.262180895198
20022,2001.262180895198
20023,2001.262180895198
20024,2001.262180895198
20025,2001.262180895198
20026,2001.262180895198
20027,2001.262180895198
20028,2001.262180895198
20029,2001.262180895198
20030,2001.262180895198
20031,2001.262180895198
20032,2001.262180895198
20033,2001.262180895198
20034,2001.262180895198
20035,2001.262180895198
20036,2001.262180895198
20037,2001.262180895198
20038,2001.262180895198
20039,2001.262180895198
20040,2001.262180895198
20041,2001.262180895198
20042,2001.262180895198
20043,2001.262180895198
20044,2001.262180895198
20045,2001.262180895198
20046,2001.262180895198
20047,2001.262180895198
20048,2001.262180895198
20049,2001.262180895198
20050,2001.262180895198
20051,2001.262180895198
20052,2001.262180895198
20053,2001.262180895198
20054,2001.262180895198
20055,2001.262180895198
20056,2001.262180895198
20057,2001.262180895198
20058,2001.262180895198
20059,2001.262180895198
20060,2001.262180895198
20061,2001.262180895198
20062,2001.262180895198
20063,2001.262180895198
20064,2001.262180895198
20065,2001.262180895198
20066,2001.262180895198
20067,2001.262180895198
20068,2001.262180895198
20069,2001.262180895198
20070,2001.262180895198
20071,2001.262180895198
20072,2001.262180895198
20073,2001.262180895198
20074,2001.262180895198
20075,2001.262180895198
20076,2001.262180895198
20077,2001.262180895198
20078,2001.262180895198
20079,2001.262180895198
20080,2001.262180895198
20081,2001.262180895198
20082,2001.262180895198
20083,2001.262180895198
20084,2001.262180895198
20085,2001.262180895198
20086,2001.262180895198
20087,2001.262180895198
20088,2001.262180895198
20089,2001.262180895198
20090,2001.262180895198
20091,2001.262180895198
20092,2001.262180895198
20093,2001.262180895198
20094,2001.262180895198
20095,2001.262180895198
20096,2001.262180895198
20097,2001.262180895198
20098,2001.262180895198
20099,2001.262180895198
20100,2001.262180895198
20101,2001.262180895198
20102,2001.262180895198
20103,2001.262180895198
20104,2001.262180895198
20105,2001.262180895198
20106,2001.262180895198
20107,2001.262180895198
20108,2001.262180895198
20109,2001.262180895198
20110,2001.262180895198
20111,2001.262180895198
20112,2001.262180895198
20113,2001.262180895198
20114,2001.262180895198
20115,2001.262180895198
20116,2001.262180895198
20117,2001.262180895198
20118,2001.262180895198
20119,2001.262180895198
20120,2001.262180895198
20121,2001.262180895198
20122,2001.262180895198
20123,2001.262180895198
20124,2001.262180895198
20125,2001.262180895198
20126,2001.262180895198
20127,2001.262180895198
20128,2001.262180895198
20129,2001.262180895198
20130,2001.262180895198
20131,2001.262180895198
20132,2001.262180895198
20133,2001.262180895198
20134,2001.262180895198
20135,2001.262180895198
20136,2001.262180895198
20137,2001.262180895198
20138,2001.262180895198
20139,2001.262180895198
20140,2001.262180895198
20141,2001.262180895198
20142,2001.262180895198
20143,2001.262180895198
20144,2001.262180895198
20145,2001.262180895198
20146,2001.262180895198
20147,2001.262180895198
20148,2001.262180895198
20149,2001.262180895198
20150,2001.262180895198
20151,2001.262180895198
20152,2001.262180895198
20153,2001.262180895198
20154,2001.262180895198
20155,2001.262180895198
20156,2001.262180895198
20157,2001.262180895198
20158,2001.262180895198
20159,2001.262180895198
20160,2001.262180895198
20161,2001.262180895198
20162,2001.262180895198
20163,2001.262180895198
20164,2001.262180895198
20165,2001.262180895198
20166,2001.262180895198
20167,2001.262180895198
20168,2001.262180895198
20169,2001.262180895198
20170,2001.262180895198
20171,2001.262180895198
20172,2001.262180895198
20173,2001.262180895198
20174,2001.262180895198
20175,2001.262180895198
20176,2001.262180895198
20177,2001.262180895198
20178,2001.262180895198
20179,2001.262180895198
20180,2001.262180895198
20181,2001.262180895198
20182,2001.262180895198
20183,2001.262180895198
20184,2001.262180895198
20185,2001.262180895198
20186,2001.262180895198
20187,2001.262180895198
20188,2001.262180895198
20189,2001.262180895198
20190,2001.262180895198
20191,2001.262180895198
20192,2001.262180895198
20193,2001.262180895198
20194,2001.262180895198
20195,2001.262180895198
20196,2001.262180895198
20197,2001.262180895198
20198,2001.262180895198
20199,2001.262180895198
20200,2001.262180895198
20201,2001.262180895198
20202,2001.262180895198
20203,2001.262180895198
20204,2001.262180895198
20205,2001.262180895198
20206,2001.262180895198
20207,2001.262180895198
20208,2001.262180895198
20209,2001.262180895198
20210,2001.262180895198
20211,2001.262180895198
20212,2001.262180895198
20213,2001.262180895198
20214,2001.262180895198
20215,2001.262180895198
20216,2001.262180895198
20217,2001.262180895198
20218,2001.262180895198
20219,2001.262180895198
20220,2001.262180895198
20221,2001.262180895198
20222,2001.262180895198
20223,2001.262180895198
20224,2001.262180895198
20225,2001.262180895198
20226,2001.262180895198
20227,2001.262180895198
20228,2001.262180895198
20229,2001.262180895198
20230,2001.262180895198
20231,2001.262180895198
20232,2001.262180895198
20233,2001.262180895198
20234,2001.262180895198
20235,2001.262180895198
20236,2001.262180895198
20237,2001.262180895198
20238,2001.262180895198
20239,2001.262180895198
20240,2001.262180895198
20241,2001.262180895198
20242,2001.262180895198
20243,2001.262180895198
20244,2001.262180895198
20245,2001.262180895198
20246,2001.262180895198
20247,2001.262180895198
20248,2001.262180895198
20249,2001.262180895198
20250,2001.262180895198
20251,2001.262180895198
20252,2001.262180895198
20253,2001.262180895198
20254,2001.262180895198
20255,2001.262180895198
20256,2001.262180895198
20257,2001.262180895198
20258,2001.262180895198
20259,2001.262180895198
20260,2001.262180895198
20261,2001.262180895198
20262,2001.262180895198
20263,2001.262180895198
20264,2001.262180895198
20265,2001.262180895198
20266,2001.262180895198
20267,2001.262180895198
20268,2001.262180895198
20269,2001.262180895198
20270,2001.262180895198
20271,2001.262180895198
20272,2001.262180895198
20273,2001.262180895198
20274,2001.262180895198
20275,2001.262180895198
20276,2001.262180895198
20277,2001.262180895198
20278,2001.262180895198
20279,2001.262180895198
20280,2001.262180895198
20281,2001.262180895198
20282,2001.262180895198
20283,2001.262180895198
20284,2001.262180895198
20285,2001.262180895198
20286,2001.262180895198
20287,2001.262180895198
20288,2001.262180895198
20289,2001.262180895198
20290,2001.262180895198
20291,2001.262180895198
20292,2001.262180895198
20293,2001.262180895198
20294,2001.262180895198
20295,2001.262180895198
20296,2001.262180895198
20297,2001.262180895198
20298,2001.262180895198
20299,2001.262180895198
20300,2001.262180895198
20301,2001.262180895198
20302,2001.262180895198
20303,2001.262180895198
20304,2001.262180895198
20305,2001.262180895198
20306,2001.262180895198
20307,2001.262180895198
20308,2001.262180895198
20309,2001.262180895198
20310,2001.262180895198
20311,2001.262180895198
20312,2001.262180895198
20313,2001.262180895198
20314,2001.262180895198
20315,2001.262180895198
20316,2001.262180895198
20317,2001.262180895198
20318,2001.262180895198
20319,2001.262180895198
20320,2001.262180895198
20321,2001.262180895198
20322,2001.262180895198
20323,2001.262180895198
20324,2001.262180895198
20325,2001.262180895198
20326,2001.262180895198
20327,2001.262180895198
20328,2001.262180895198
20329,2001.262180895198
20330,2001.262180895198
20331,2001.262180895198
20332,2001.262180895198
20333,2001.262180895198
20334,2001.262180895198
20335,2001.262180895198
20336,2001.262180895198
20337,2001.262180895198
20338,2001.262180895198
20339,2001.262180895198
20340,2001.262180895198
20341,2001.262180895198
20342,2001.262180895198
20343,2001.262180895198
20344,2001.262180895198
20345,2001.262180895198
20346,2001.262180895198
20347,2001.262180895198
20348,2001.262180895198
20349,2001.262180895198
20350,2001.262180895198
20351,2001.262180895198
20352,2001.262180895198
20353,2001.262180895198
20354,2001.262180895198
20355,2001.262180895198
20356,2001.262180895198
20357,2001.262180895198
20358,2001.262180895198
20359,2001.262180895198
20360,2001.262180895198
20361,2001.262180895198
20362,2001.262180895198
20363,2001.262180895198
20364,2001.262180895198
20365,2001.262180895198
20366,2001.262180895198
20367,2001.262180895198
20368,2001.262180895198
20369,2001.262180895198
20370,2001.262180895198
20371,2001.262180895198
20372,2001.262180895198
20373,2001.262180895198
20374,2001.262180895198
20375,2001.262180895198
20376,2001.262180895198
20377,2001.262180895198
20378,2001.262180895198
20379,2001.262180895198
20380,2001.262180895198
20381,2001.262180895198
20382,2001.262180895198
20383,2001.262180895198
20384,2001.262180895198
20385,2001.262180895198
20386,2001.262180895198
20387,2001.262180895198
20388,2001.262180895198
20389,2001.262180895198
20390,2001.262180895198
20391,2001.262180895198
20392,2001.262180895198
20393,2001.262180895198
20394,2001.262180895198
20395,2001.262180895198
20396,2001.262180895198
20397,2001.262180895198
20398,2001.262180895198
20399,2001.262180895198
20400,2001.262180895198
20401,2001.262180895198
20402,2001.262180895198
20403,2001.262180895198
20404,2001.262180895198
20405,2001.262180895198
20406,2001.262180895198
20407,2001.262180895198
20408,2001.262180895198
20409,2001.262180895198
20410,2001.262180895198
20411,2001.262180895198
20412,2001.262180895198
20413,2001.262180895198
20414,2001.262180895198
20415,2001.262180895198
20416,2001.262180895198
20417,2001.262180895198
20418,2001.262180895198
20419,2001.262180895198
20420,2001.262180895198
20421,2001.262180895198
20422,2001.262180895198
20423,2001.262180895198
20424,2001.262180895198
20425,2001.262180895198
20426,2001.262180895198
20427,2001.262180895198
20428,2001.262180895198
20429,2001.262180895198
20430,2001.262180895198
20431,2001.262180895198
20432,2001.262180895198
20433,2001.262180895198
20434,2001.262180895198
20435,2001.262180895198
20436,2001.262180895198
20437,2001.262180895198
20438,2001.262180895198
20439,2001.262180895198
20440,2001.262180895198
20441,2001.262180895198
20442,2001.262180895198
20443,2001.262180895198
20444,2001.262180895198
20445,2001.262180895198
20446,2001.262180895198
20447,2001.262180895198
20448,2001.262180895198
20449,2001.262180895198
20450,2001.262180895198
20451,2001.262180895198
20452,2001.262180895198
20453,2001.262180895198
20454,2001.262180895198
20455,2001.262180895198
20456,2001.262180895198
20457,2001.262180895198
20458,2001.262180895198
20459,2001.262180895198
20460,2001.262180895198
20461,2001.262180895198
20462,2001.262180895198
20463,2001.262180895198
20464,2001.262180895198
20465,2001.262180895198
20466,2001.262180895198
20467,2001.262180895198
20468,2001.262180895198
20469,2001.262180895198
20470,2001.262180895198
20471,2001.262180895198
20472,2001.262180895198
20473,2001.262180895198
20474,2001.262180895198
20475,2001.262180895198
20476,2001.262180895198
20477,2001.262180895198
20478,2001.262180895198
20479,2001.262180895198
20480,2001.262180895198
20481,2001.262180895198
20482,2001.262180895198
20483,2001.262180895198
20484,2001.262180895198
20485,2001.262180895198
20486,2001.262180895198
20487,2001.262180895198
20488,2001.262180895198
20489,2001.262180895198
20490,2001.262180895198
20491,2001.262180895198
20492,2001.262180895198
20493,2001.262180895198
20494,2001.262180895198
20495,2001.262180895198
20496,2001.262180895198
20497,2001.262180895198
20498,2001.262180895198
20499,2001.262180895198
20500,2001.262180895198
20501,2001.262180895198
20502,2001.262180895198
20503,2001.262180895198
20504,2001.262180895198
20505,2001.262180895198
20506,2001.262180895198
20507,2001.262180895198
20508,2001.262180895198
20509,2001.262180895198
20510,2001.262180895198
20511,2001.262180895198
20512,2001.262180895198
20513,2001.262180895198
20514,2001.262180895198
20515,2001.262180895198
20516,2001.262180895198
20517,2001.262180895198
20518,2001.262180895198
20519,2001.262180895198
20520,2001.262180895198
20521,2001.262180895198
20522,2001.262180895198
20523,2001.262180895198
20524,2001.262180895198
20525,2001.262180895198
20526,2001.262180895198
20527,2001.262180895198
20528,2001.262180895198
20529,2001.262180895198
20530,2001.262180895198
20531,2001.262180895198
20532,2001.262180895198
20533,2001.262180895198
20534,2001.262180895198
20535,2001.262180895198
20536,2001.262180895198
20537,2001.262180895198
20538,2001.262180895198
20539,2001.262180895198
20540,2001.262180895198
20541,2001.262180895198
20542,2001.262180895198
20543,2001.262180895198
20544,2001.262180895198
20545,2001.262180895198
20546,2001.262180895198
20547,2001.262180895198
20548,2001.262180895198
20549,2001.262180895198
20550,2001.262180895198
20551,2001.262180895198
20552,2001.262180895198
20553,2001.262180895198
20554,2001.262180895198
20555,2001.262180895198
20556,2001.262180895198
20557,2001.262180895198
20558,2001.262180895198
20559,2001.262180895198
20560,2001.262180895198
20561,2001.262180895198
20562,2001.262180895198
20563,2001.262180895198
20564,2001.262180895198
20565,2001.262180895198
20566,2001.262180895198
20567,2001.262180895198
20568,2001.262180895198
20569,2001.262180895198
20570,2001.262180895198
20571,2001.262180895198
20572,2001.262180895198
20573,2001.262180895198
20574,2001.262180895198
20575,2001.262180895198
20576,2001.262180895198
20577,2001.262180895198
20578,2001.262180895198
20579,2001.262180895198
20580,2001.262180895198
20581,2001.262180895198
20582,2001.262180895198
20583,2001.262180895198
20584,2001.262180895198
20585,2001.262180895198
20586,2001.262180895198
20587,2001.262180895198
20588,2001.262180895198
20589,2001.262180895198
20590,2001.262180895198
20591,2001.262180895198
20592,2001.262180895198
20593,2001.262180895198
20594,2001.262180895198
20595,2001.262180895198
20596,2001.262180895198
20597,2001.262180895198
20598,2001.262180895198
20599,2001.262180895198
20600,2001.262180895198
20601,2001.262180895198
20602,2001.262180895198
20603,2001.262180895198
20604,2001.262180895198
20605,2001.262180895198
20606,2001.262180895198
20607,2001.262180895198
20608,1998.0232141335425
20609,1998.0232141335425
20610,1998.0232141335425
20611,1998.0232141335425
20612,1998.0232141335425
20613,1998.0232141335425
20614,1998.0232141335425
20615,1998.0232141335425
20616,1998.0232141335425
20617,1998.0232141335425
20618,1998.0232141335425
20619,1998.0232141335425
20620,1998.0232141335425
20621,1998.0232141335425
20622,1998.0232141335425
20623,1998.0232141335425
20624,1998.0232141335425
20625,1998.0232141335425
20626,1998.0232141335425
20627,1998.0232141335425
20628,1998.0232141335425
20629,1998.0232141335425
20630,1998.0232141335425
20631,1998.0232141335425
20632,1998.0232141335425
20633,1998.0232141335425
20634,1998.0232141335425
20635,1998.0232141335425
20636,1998.0232141335425
20637,1998.0232141335425
20638,1998.0232141335425
20639,1998.0232141335425
20640,1998.0232141335425
20641,1998.0232141335425
20642,1998.0232141335425
20643,1998.0232141335425
20644,1998.0232141335425
20645,1998.0232141335425
20646,1998.0232141335425
20647,1998.0232141335425
20648,1998.0232141335425
20649,1998.0232141335425
20650,1998.0232141335425
20651,1998.0232141335425
20652,1998.0232141335425
20653,1998.0232141335425
20654,1998.0232141335425
20655,1998.0232141335425
20656,1998.0232141335425
20657,1998.0232141335425
20658,1998.0232141335425
20659,1998.0232141335425
20660,1998.0232141335425
20661,1998.0232141335425
20662,1998.0232141335425
20663,1998.0232141335425
20664,1998.0232141335425
20665,1998.0232141335425
20666,1998.0232141335425
20667,1998.0232141335425
20668,1998.0232141335425
20669,1998.0232141335425
20670,1998.0232141335425
20671,1998.0232141335425
20672,1998.0232141335425
20673,1998.0232141335425
20674,1998.0232141335425
20675,1998.0232141335425
20676,1998.0232141335425
20677,1998.0232141335425
20678,1998.0232141335425
20679,1998.0232141335425
20680,1998.0232141335425
20681,1998.0232141335425
20682,1998.0232141335425
20683,1998.0232141335425
20684,1998.0232141335425
20685,1998.0232141335425
20686,1998.0232141335425
20687,1998.0232141335425
20688,1998.0232141335425
20689,1998.0232141335425
20690,1998.0232141335425
20691,1998.0232141335425
20692,1998.0232141335425
20693,1998.0232141335425
20694,1998.0232141335425
20695,1998.0232141335425
20696,1998.0232141335425
20697,1998.0232141335425
20698,1998.0232141335425
20699,1998.0232141335425
20700,1998.0232141335425
20701,1998.0232141335425
20702,1998.0232141335425
20703,1998.0232141335425
20704,1998.0232141335425
20705,1998.0232141335425
20706,1998.0232141335425
20707,1998.0232141335425
20708,1998.0232141335425
20709,1998.0232141335425
20710,1998.0232141335425
20711,1998.0232141335425
20712,1998.0232141335425
20713,1998.0232141335425
20714,1998.0232141335425
20715,1998.0232141335425
20716,1998.0232141335425
20717,1998.0232141335425
20718,1998.0232141335425
20719,1998.0232141335425
20720,1998.0232141335425
20721,1998.0232141335425
20722,1998.0232141335425
20723,1998.0232141335425
20724,1998.0232141335425
20725,1998.0232141335425
20726,1998.0232141335425
20727,1998.0232141335425
20728,1998.0232141335425
20729,1998.0232141335425
20730,1998.0232141335425
20731,1998.0232141335425
20732,1998.0232141335425
20733,1998.0232141335425
20734,1998.0232141335425
20735,1998.0232141335425
20736,1998.0232141335425
20737,1998.0232141335425
20738,1998.0232141335425
20739,1998.0232141335425
20740,1998.0232141335425
20741,1998.0232141335425
20742,1998.0232141335425
20743,1998.0232141335425
20744,1998.0232141335425
20745,1998.0232141335425
20746,1998.0232141335425
20747,1998.0232141335425
20748,1998.0232141335425
20749,1998.0232141335425
20750,1998.0232141335425
20751,1998.0232141335425
20752,1998.0232141335425
20753,1998.0232141335425
20754,1998.0232141335425
20755,1998.0232141335425
20756,1998.0232141335425
20757,1998.0232141335425
20758,1998.0232141335425
20759,1998.0232141335425
20760,1998.0232141335425
20761,1998.0232141335425
20762,1998.0232141335425
20763,1998.0232141335425
20764,1998.0232141335425
20765,1998.0232141335425
20766,1998.0232141335425
20767,1998.0232141335425
20768,1998.0232141335425
20769,1998.0232141335425
20770,1998.0232141335425
20771,1998.0232141335425
20772,1998.0232141335425
20773,1998.0232141335425
20774,1998.0232141335425
20775,1998.0232141335425
20776,1998.0232141335425
20777,1998.0232141335425
20778,1998.0232141335425
20779,1998.0232141335425
20780,1998.0232141335425
20781,1998.0232141335425
20782,1998.0232141335425
20783,1998.0232141335425
20784,1998.0232141335425
20785,1998.0232141335425
20786,1998.0232141335425
20787,1998.0232141335425
20788,1998.0232141335425
20789,1998.0232141335425
20790,1998.0232141335425
20791,1998.0232141335425
20792,1998.0232141335425
20793,1998.0232141335425
20794,1998.0232141335425
20795,1998.0232141335425
20796,1998.0232141335425
20797,1998.0232141335425
20798,1998.0232141335425
20799,1998.0232141335425
20800,1998.0232141335425
20801,1998.0232141335425
20802,1998.0232141335425
20803,1998.0232141335425
20804,1998.0232141335425
20805,1998.0232141335425
20806,1998.0232141335425
20807,1998.0232141335425
20808,1998.0232141335425
20809,1998.0232141335425
20810,1998.0232141335425
20811,1998.0232141335425
20812,1998.0232141335425
20813,1998.0232141335425
20814,1998.0232141335425
20815,1998.0232141335425
20816,1998.0232141335425
20817,1998.0232141335425
20818,1998.0232141335425
20819,1998.0232141335425
20820,1998.0232141335425
20821,1998.0232141335425
20822,1998.0232141335425
20823,1998.0232141335425
20824,1998.0232141335425
20825,1998.0232141335425
20826,1998.0232141335425
20827,1998.0232141335425
20828,1998.0232141335425
20829,1998.0232141335425
20830,1998.0232141335425
20831,1998.0232141335425
20832,1998.0232141335425
20833,1998.0232141335425
20834,1998.0232141335425
20835,1998.0232141335425
20836,1998.0232141335425
20837,1998.0232141335425
20838,1998.0232141335425
20839,1998.0232141335425
20840,1998.0232141335425
20841,1998.0232141335425
20842,1998.0232141335425
20843,1998.0232141335425
20844,1998.0232141335425
20845,1998.0232141335425
20846,1998.0232141335425
20847,1998.0232141335425
20848,1998.0232141335425
20849,1998.0232141335425
20850,1998.0232141335425
20851,1998.0232141335425
20852,1998.0232141335425
20853,1998.0232141335425
20854,1998.0232141335425
20855,1998.0232141335425
20856,1998.0232141335425
20857,1998.0232141335425
20858,1998.0232141335425
20859,1998.0232141335425
20860,1998.0232141335425
20861,1998.0232141335425
20862,1998.0232141335425
20863,1998.0232141335425
20864,1998.0232141335425
20865,1998.0232141335425
20866,1998.0232141335425
20867,1998.0232141335425
20868,1998.0232141335425
20869,1998.0232141335425
20870,1998.0232141335425
20871,1998.0232141335425
20872,1998.0232141335425
20873,1998.0232141335425
20874,1998.0232141335425
20875,1998.0232141335425
20876,1998.0232141335425
20877,1998.0232141335425
20878,1998.0232141335425
20879,1998.0232141335425
20880,1998.0232141335425
20881,1998.0232141335425
20882,1998.0232141335425
20883,1998.0232141335425
20884,1998.0232141335425
20885,1998.0232141335425
20886,1998.0232141335425
20887,1998.0232141335425
20888,1998.0232141335425
20889,1998.0232141335425
20890,1998.0232141335425
20891,1998.0232141335425
20892,1998.0232141335425
20893,1998.0232141335425
20894,1998.0232141335425
20895,1998.0232141335425
20896,1998.0232141335425
20897,1998.0232141335425
20898,1998.0232141335425
20899,1998.0232141335425
20900,1998.0232141335425
20901,1998.0232141335425
20902,1998.0232141335425
20903,1998.0232141335425
20904,1998.0232141335425
20905,1998.0232141335425
20906,1998.0232141335425
20907,1998.0232141335425
20908,1998.0232141335425
20909,1998.0232141335425
20910,1998.0232141335425
20911,1998.0232141335425
20912,1998.0232141335425
20913,1998.0232141335425
20914,1998.0232141335425
20915,1998.0232141335425
20916,1998.0232141335425
20917,1998.0232141335425
20918,1998.0232141335425
20919,1998.0232141335425
20920,1998.0232141335425
20921,1998.0232141335425
20922,1998.0232141335425
20923,1998.0232141335425
20924,1998.0232141335425
20925,1998.0232141335425
20926,1998.0232141335425
20927,1998.0232141335425
20928,1998.0232141335425
20929,1998.0232141335425
20930,1998.0232141335425
20931,1998.0232141335425
20932,1998.0232141335425
20933,1998.0232141335425
20934,1998.0232141335425
20935,1998.0232141335425
20936,1998.0232141335425
20937,1998.0232141335425
20938,1998.0232141335425
20939,1998.0232141335425
20940,1998.0232141335425
20941,1998.0232141335425
20942,1998.0232141335425
20943,1998.0232141335425
20944,1998.0232141335425
20945,1998.0232141335425
20946,1998.0232141335425
20947,1998.0232141335425
20948,1998.0232141335425
20949,1998.0232141335425
20950,1998.0232141335425
20951,1998.0232141335425
20952,1998.0232141335425
20953,1998.0232141335425
20954,1998.0232141335425
20955,1998.0232141335425
20956,1998.0232141335425
20957,1998.0232141335425
20958,1998.0232141335425
20959,1998.0232141335425
20960,1998.0232141335425
20961,1998.0232141335425
20962,1998.0232141335425
20963,1998.0232141335425
20964,1998.0232141335425
20965,1998.0232141335425
20966,1998.0232141335425
20967,1998.0232141335425
20968,1998.0232141335425
20969,1998.0232141335425
20970,1998.0232141335425
20971,1998.0232141335425
20972,1998.0232141335425
20973,1998.0232141335425
20974,1998.0232141335425
20975,1998.0232141335425
20976,1998.0232141335425
20977,1998.0232141335425
20978,1998.0232141335425
20979,1998.0232141335425
20980,1998.0232141335425
20981,1998.0232141335425
20982,1998.0232141335425
20983,1998.0232141335425
20984,1998.0232141335425
20985,1998.0232141335425
20986,1998.0232141335425
20987,1998.0232141335425
20988,1998.0232141335425
20989,1998.0232141335425
20990,1998.0232141335425
20991,1998.0232141335425
20992,1998.0232141335425
20993,1998.0232141335425
20994,1998.0232141335425
20995,1998.0232141335425
20996,1998.0232141335425
20997,1998.0232141335425
20998,1998.0232141335425
20999,1998.0232141335425
21000,1998.0232141335425
21001,1998.0232141335425
21002,1998.0232141335425
21003,1998.0232141335425
21004,1998.0232141335425
21005,1998.0232141335425
21006,1998.0232141335425
21007,1998.0232141335425
21008,1998.0232141335425
21009,1998.0232141335425
21010,1998.0232141335425
21011,1998.0232141335425
21012,1998.0232141335425
21013,1998.0232141335425
21014,1998.0232141335425
21015,1998.0232141335425
21016,1998.0232141335425
21017,1998.0232141335425
21018,1998.0232141335425
21019,1998.0232141335425
21020,1998.0232141335425
21021,1998.0232141335425
21022,1998.0232141335425
21023,1998.0232141335425
21024,1998.0232141335425
21025,1998.0232141335425
21026,1998.0232141335425
21027,1998.0232141335425
21028,1998.0232141335425
21029,1998.0232141335425
21030,1998.0232141335425
21031,1998.0232141335425
21032,1998.0232141335425
21033,1998.0232141335425
21034,1998.0232141335425
21035,1998.0232141335425
21036,1998.0232141335425
21037,1998.0232141335425
21038,1998.0232141335425
21039,1998.0232141335425
21040,1998.0232141335425
21041,1998.0232141335425
21042,1998.0232141335425
21043,1998.0232141335425
21044,1998.0232141335425
21045,1998.0232141335425
21046,1998.0232141335425
21047,1998.0232141335425
21048,1998.0232141335425
21049,1998.0232141335425
21050,1998.0232141335425
21051,1998.0232141335425
21052,1998.0232141335425
21053,1998.0232141335425
21054,1998.0232141335425
21055,1998.0232141335425
21056,1998.0232141335425
21057,1998.0232141335425
21058,1998.0232141335425
21059,1998.0232141335425
21060,1998.0232141335425
21061,1998.0232141335425
21062,1998.0232141335425
21063,1998.0232141335425
21064,1998.0232141335425
21065,1998.0232141335425
21066,1998.0232141335425
21067,1998.0232141335425
21068,1998.0232141335425
21069,1998.0232141335425
21070,1998.0232141335425
21071,1998.0232141335425
21072,1998.0232141335425
21073,1998.0232141335425
21074,1998.0232141335425
21075,1998.0232141335425
21076,1998.0232141335425
21077,1998.0232141335425
21078,1998.0232141335425
21079,1998.0232141335425
21080,1998.0232141335425
21081,1998.0232141335425
21082,1998.0232141335425
21083,1998.0232141335425
21084,1998.0232141335425
21085,1998.0232141335425
21086,1998.0232141335425
21087,1998.0232141335425
21088,1998.0232141335425
21089,1998.0232141335425
21090,1998.0232141335425
21091,1998.0232141335425
21092,1998.0232141335425
21093,1998.0232141335425
21094,1998.0232141335425
21095,1998.0232141335425
21096,1998.0232141335425
21097,1998.0232141335425
21098,1998.0232141335425
21099,1998.0232141335425
21100,1998.0232141335425
21101,1998.0232141335425
21102,1998.0232141335425
21103,1998.0232141335425
21104,1998.0232141335425
21105,1998.0232141335425
21106,1998.0232141335425
21107,1998.0232141335425
21108,1998.0232141335425
21109,1998.0232141335425
21110,1998.0232141335425
21111,1998.0232141335425
21112,1998.0232141335425
21113,1998.0232141335425
21114,1998.0232141335425
21115,1998.0232141335425
21116,1998.0232141335425
21117,1998.0232141335425
21118,1998.0232141335425
21119,1998.0232141335425
21120,1998.0232141335425
21121,1998.0232141335425
21122,1998.0232141335425
21123,1998.0232141335425
21124,1998.0232141335425
21125,1998.0232141335425
21126,1998.0232141335425
21127,1998.0232141335425
21128,1998.0232141335425
21129,1998.0232141335425
21130,1998.0232141335425
21131,1998.0232141335425
21132,1998.0232141335425
21133,1998.0232141335425
21134,1998.0232141335425
21135,1998.0232141335425
21136,1998.0232141335425
21137,1998.0232141335425
21138,1998.0232141335425
21139,1998.0232141335425
21140,1998.0232141335425
21141,1998.0232141335425
21142,1998.0232141335425
21143,1998.0232141335425
21144,1998.0232141335425
21145,1998.0232141335425
21146,1998.0232141335425
21147,1998.0232141335425
21148,1998.0232141335425
21149,1998.0232141335425
21150,1998.0232141335425
21151,1998.0232141335425
21152,1998.0232141335425
21153,1998.0232141335425
21154,1998.0232141335425
21155,1998.0232141335425
21156,1998.0232141335425
21157,1998.0232141335425
21158,1998.0232141335425
21159,1998.0232141335425
21160,1998.0232141335425
21161,1998.0232141335425
21162,1998.0232141335425
21163,1998.0232141335425
21164,1998.0232141335425
21165,1998.0232141335425
21166,1998.0232141335425
21167,1998.0232141335425
21168,1998.0232141335425
21169,1998.0232141335425
21170,1998.0232141335425
21171,1998.0232141335425
21172,1998.0232141335425
21173,1998.0232141335425
21174,1998.0232141335425
21175,1998.0232141335425
21176,1998.0232141335425
21177,1998.0232141335425
21178,1998.0232141335425
21179,1998.0232141335425
21180,1998.0232141335425
21181,1998.0232141335425
21182,1998.0232141335425
21183,1998.0232141335425
21184,1998.0232141335425
21185,1998.0232141335425
21186,1998.0232141335425
21187,1998.0232141335425
21188,1998.0232141335425
21189,1998.0232141335425
21190,1998.0232141335425
21191,1998.0232141335425
21192,1998.0232141335425
21193,1998.0232141335425
21194,1998.0232141335425
21195,1998.0232141335425
21196,1998.0232141335425
21197,1998.0232141335425
21198,1998.0232141335425
21199,1998.0232141335425
21200,1998.0232141335425
21201,1998.0232141335425
21202,1998.0232141335425
21203,1998.0232141335425
21204,1998.0232141335425
21205,1998.0232141335425
21206,1998.0232141335425
21207,1998.0232141335425
21208,1998.0232141335425
21209,1998.0232141335425
21210,1998.0232141335425
21211,1998.0232141335425
21212,1998.0232141335425
21213,1998.0232141335425
21214,1998.0232141335425
21215,1998.0232141335425
21216,1998.0232141335425
21217,1998.0232141335425
21218,1998.0232141335425
21219,1998.0232141335425
21220,1998.0232141335425
21221,1998.0232141335425
21222,1998.0232141335425
21223,1998.0232141335425
21224,1998.0232141335425
21225,1998.0232141335425
21226,1998.0232141335425
21227,1998.0232141335425
21228,1998.0232141335425
21229,1998.0232141335425
21230,1998.0232141335425
21231,1998.0232141335425
21232,1998.0232141335425
21233,1998.0232141335425
21234,1998.0232141335425
21235,1998.0232141335425
21236,1998.0232141335425
21237,1998.0232141335425
21238,1998.0232141335425
21239,1998.0232141335425
21240,1998.0232141335425
21241,1998.0232141335425
21242,1998.0232141335425
21243,1998.0232141335425
21244,1998.0232141335425
21245,1998.0232141335425
21246,1998.0232141335425
21247,1998.0232141335425
21248,1998.0232141335425
21249,1998.0232141335425
21250,1998.0232141335425
21251,1998.0232141335425
21252,1998.0232141335425
21253,1998.0232141335425
21254,1998.0232141335425
21255,1998.0232141335425
21256,1998.0232141335425
21257,1998.0232141335425
21258,1998.0232141335425
21259,1998.0232141335425
21260,1998.0232141335425
21261,1998.0232141335425
21262,1998.0232141335425
21263,1998.0232141335425
21264,1998.0232141335425
21265,1998.0232141335425
21266,1998.0232141335425
21267,1998.0232141335425
21268,1998.0232141335425
21269,1998.0232141335425
21270,1998.0232141335425
21271,1998.0232141335425
21272,1998.0232141335425
21273,1998.0232141335425
21274,1998.0232141335425
21275,1998.0232141335425
21276,1998.0232141335425
21277,1998.0232141335425
21278,1998.0232141335425
21279,1998.0232141335425
21280,1998.0232141335425
21281,1998.0232141335425
21282,1998.0232141335425
21283,1998.0232141335425
21284,1998.0232141335425
21285,1998.0232141335425
21286,1998.0232141335425
21287,1998.0232141335425
21288,1998.0232141335425
21289,1998.0232141335425
21290,1998.0232141335425
21291,1998.0232141335425
21292,1998.0232141335425
21293,1998.0232141335425
21294,1998.0232141335425
21295,1998.0232141335425
21296,1998.0232141335425
21297,1998.0232141335425
21298,1998.0232141335425
21299,1998.0232141335425
21300,1998.0232141335425
21301,1998.0232141335425
21302,1998.0232141335425
21303,1998.0232141335425
21304,1998.0232141335425
21305,1998.0232141335425
21306,1998.0232141335425
21307,1998.0232141335425
21308,1998.0232141335425
21309,1998.0232141335425
21310,1998.0232141335425
21311,1998.0232141335425
21312,1998.0232141335425
21313,1998.0232141335425
21314,1998.0232141335425
21315,1998.0232141335425
21316,1998.0232141335425
21317,1998.0232141335425
21318,1998.0232141335425
21319,1998.0232141335425
21320,1998.0232141335425
21321,1998.0232141335425
21322,1998.0232141335425
21323,1998.0232141335425
21324,1998.0232141335425
21325,1998.0232141335425
21326,1998.0232141335425
21327,1998.0232141335425
21328,1998.0232141335425
21329,1998.0232141335425
21330,1998.0232141335425
21331,1998.0232141335425
21332,1998.0232141335425
21333,1998.0232141335425
21334,1998.0232141335425
21335,1998.0232141335425
21336,1998.0232141335425
21337,1998.0232141335425
21338,1998.0232141335425
21339,1998.0232141335425
21340,1998.0232141335425
21341,1998.0232141335425
21342,1998.0232141335425
21343,1998.0232141335425
21344,1998.0232141335425
21345,1998.0232141335425
21346,1998.0232141335425
21347,1998.0232141335425
21348,1998.0232141335425
21349,1998.0232141335425
21350,1998.0232141335425
21351,1998.0232141335425
21352,1998.0232141335425
21353,1998.0232141335425
21354,1998.0232141335425
21355,1998.0232141335425
21356,1998.0232141335425
21357,1998.0232141335425
21358,1998.0232141335425
21359,1998.0232141335425
21360,1998.0232141335425
21361,1998.0232141335425
21362,1998.0232141335425
21363,1998.0232141335425
21364,1998.0232141335425
21365,1998.0232141335425
21366,1998.0232141335425
21367,1998.0232141335425
21368,1998.0232141335425
21369,1998.0232141335425
21370,1998.0232141335425
21371,1998.0232141335425
21372,1998.0232141335425
21373,1998.0232141335425
21374,1998.0232141335425
21375,1998.0232141335425
21376,1998.0232141335425
21377,1998.0232141335425
21378,1998.0232141335425
21379,1998.0232141335425
21380,1998.0232141335425
21381,1998.0232141335425
21382,1998.0232141335425
21383,1998.0232141335425
21384,1998.0232141335425
21385,1998.0232141335425
21386,1998.0232141335425
21387,1998.0232141335425
21388,1998.0232141335425
21389,1998.0232141335425
21390,1998.0232141335425
21391,1998.0232141335425
21392,1998.0232141335425
21393,1998.0232141335425
21394,1998.0232141335425
21395,1998.0232141335425
21396,1998.0232141335425
21397,1998.0232141335425
21398,1998.0232141335425
21399,1998.0232141335425
21400,1998.0232141335425
21401,1998.0232141335425
21402,1998.0232141335425
21403,1998.0232141335425
21404,1998.0232141335425
21405,1998.0232141335425
21406,1998.0232141335425
21407,1998.0232141335425
21408,1998.0232141335425
21409,1998.0232141335425
21410,1998.0232141335425
21411,1998.0232141335425
21412,1998.0232141335425
21413,1998.0232141335425
21414,1998.0232141335425
21415,1998.0232141335425
21416,1998.0232141335425
21417,1998.0232141335425
21418,1998.0232141335425
21419,1998.0232141335425
21420,1998.0232141335425
21421,1998.0232141335425
21422,1998.0232141335425
21423,1998.0232141335425
21424,1998.0232141335425
21425,1998.0232141335425
21426,1998.0232141335425
21427,1998.0232141335425
21428,1998.0232141335425
21429,1998.0232141335425
21430,1998.0232141335425
21431,1998.0232141335425
21432,1998.0232141335425
21433,1998.0232141335425
21434,1998.0232141335425
21435,1998.0232141335425
21436,1998.0232141335425
21437,1998.0232141335425
21438,1998.0232141335425
21439,1998.0232141335425
21440,1998.0232141335425
21441,1998.0232141335425
21442,1998.0232141335425
21443,1998.0232141335425
21444,1998.0232141335425
21445,1998.0232141335425
21446,1998.0232141335425
21447,1998.0232141335425
21448,1998.0232141335425
21449,1998.0232141335425
21450,1998.0232141335425
21451,1998.0232141335425
21452,1998.0232141335425
21453,1998.0232141335425
21454,1998.0232141335425
21455,1998.0232141335425
21456,1998.0232141335425
21457,1998.0232141335425
21458,1998.0232141335425
21459,1998.0232141335425
21460,1998.0232141335425
21461,1998.0232141335425
21462,1998.0232141335425
21463,1998.0232141335425
21464,1998.0232141335425
21465,1998.0232141335425
21466,1998.0232141335425
21467,1998.0232141335425
21468,1998.0232141335425
21469,1998.0232141335425
21470,1998.0232141335425
21471,1998.0232141335425
21472,1998.0232141335425
21473,1998.0232141335425
21474,1998.0232141335425
21475,1998.0232141335425
21476,1998.0232141335425
21477,1998.0232141335425
21478,1998.0232141335425
21479,1998.0232141335425
21480,1998.0232141335425
21481,1998.0232141335425
21482,1998.0232141335425
21483,1998.0232141335425
21484,1998.0232141335425
21485,1998.0232141335425
21486,1998.0232141335425
21487,1998.0232141335425
21488,1998.0232141335425
21489,1998.0232141335425
21490,1998.0232141335425
21491,1998.0232141335425
21492,1998.0232141335425
21493,1998.0232141335425
21494,1998.0232141335425
21495,1998.0232141335425
21496,1998.0232141335425
21497,1998.0232141335425
21498,1998.0232141335425
21499,1998.0232141335425
21500,1998.0232141335425
21501,1998.0232141335425
21502,1998.0232141335425
21503,1998.0232141335425
21504,1998.0232141335425
21505,1998.0232141335425
21506,1998.0232141335425
21507,1998.0232141335425
21508,1998.0232141335425
21509,1998.0232141335425
21510,1998.0232141335425
21511,1998.0232141335425
21512,1998.0232141335425
21513,1998.0232141335425
21514,1998.0232141335425
21515,1998.0232141335425
21516,1998.0232141335425
21517,1998.0232141335425
21518,1998.0232141335425
21519,1998.0232141335425
21520,1998.0232141335425
21521,1998.0232141335425
21522,1998.0232141335425
21523,1998.0232141335425
21524,1998.0232141335425
21525,1998.0232141335425
21526,1998.0232141335425
21527,1998.0232141335425
21528,1998.0232141335425
21529,1998.0232141335425
21530,1998.0232141335425
21531,1998.0232141335425
21532,1998.0232141335425
21533,1998.0232141335425
21534,1998.0232141335425
21535,1998.0232141335425
21536,1998.0232141335425
21537,1998.0232141335425
21538,1998.0232141335425
21539,1998.0232141335425
21540,1998.0232141335425
21541,1998.0232141335425
21542,1998.0232141335425
21543,1998.0232141335425
21544,1998.0232141335425
21545,1998.0232141335425
21546,1998.0232141335425
21547,1998.0232141335425
21548,1998.0232141335425
21549,1998.0232141335425
21550,1998.0232141335425
21551,1998.0232141335425
21552,1998.0232141335425
21553,1998.0232141335425
21554,1998.0232141335425
21555,1998.0232141335425
21556,1998.0232141335425
21557,1998.0232141335425
21558,1998.0232141335425
21559,1998.0232141335425
21560,1998.0232141335425
21561,1998.0232141335425
21562,1998.0232141335425
21563,1998.0232141335425
21564,1998.0232141335425
21565,1998.0232141335425
21566,1998.0232141335425
21567,1998.0232141335425
21568,1998.0232141335425
21569,1998.0232141335425
21570,1998.0232141335425
21571,1998.0232141335425
21572,1998.0232141335425
21573,1998.0232141335425
21574,1998.0232141335425
21575,1998.0232141335425
21576,1998.0232141335425
21577,1998.0232141335425
21578,1998.0232141335425
21579,1998.0232141335425
21580,1998.0232141335425
21581,1998.0232141335425
21582,1998.0232141335425
21583,1998.0232141335425
21584,1998.0232141335425
21585,1998.0232141335425
21586,1998.0232141335425
21587,1998.0232141335425
21588,1998.0232141335425
21589,1998.0232141335425
21590,1998.0232141335425
21591,1998.0232141335425
21592,1998.0232141335425
21593,1998.0232141335425
21594,1998.0232141335425
21595,1998.0232141335425
21596,1998.0232141335425
21597,1998.0232141335425
21598,1998.0232141335425
21599,1998.0232141335425
21600,1998.0232141335425
21601,1998.0232141335425
21602,1998.0232141335425
21603,1998.0232141335425
21604,1998.0232141335425
21605,1998.0232141335425
21606,1998.0232141335425
21607,1998.0232141335425
21608,1998.0232141335425
21609,1998.0232141335425
21610,1998.0232141335425
21611,1998.0232141335425
21612,1998.0232141335425
21613,1998.0232141335425
21614,1998.0232141335425
21615,1998.0232141335425
21616,1998.0232141335425
21617,1998.0232141335425
21618,1998.0232141335425
21619,1998.0232141335425
21620,1998.0232141335425
21621,1998.0232141335425
21622,1998.0232141335425
21623,1998.0232141335425
21624,1998.0232141335425
21625,1998.0232141335425
21626,1998.0232141335425
21627,1998.0232141335425
21628,1998.0232141335425
21629,1998.0232141335425
21630,1998.0232141335425
21631,1998.0232141335425
21632,1998.0232141335425
21633,1998.0232141335425
21634,1998.0232141335425
21635,1998.0232141335425
21636,1998.0232141335425
21637,1998.0232141335425
21638,1998.0232141335425
21639,1998.0232141335425
21640,1998.0232141335425
21641,1998.0232141335425
21642,1998.0232141335425
21643,1998.0232141335425
21644,1998.0232141335425
21645,1998.0232141335425
21646,1998.0232141335425
21647,1998.0232141335425
21648,1998.0232141335425
21649,1998.0232141335425
21650,1998.0232141335425
21651,1998.0232141335425
21652,1998.0232141335425
21653,1998.0232141335425
21654,1998.0232141335425
21655,1998.0232141335425
21656,1998.0232141335425
21657,1998.0232141335425
21658,1998.0232141335425
21659,1998.0232141335425
21660,1998.0232141335425
21661,1998.0232141335425
21662,1998.0232141335425
21663,1998.0232141335425
21664,1998.0232141335425
21665,1998.0232141335425
21666,1998.0232141335425
21667,1998.0232141335425
21668,1998.0232141335425
21669,1998.0232141335425
21670,1998.0232141335425
21671,1998.0232141335425
21672,1998.0232141335425
21673,1998.0232141335425
21674,1998.0232141335425
21675,1998.0232141335425
21676,1998.0232141335425
21677,1998.0232141335425
21678,1998.0232141335425
21679,1998.0232141335425
21680,1998.0232141335425
21681,1998.0232141335425
21682,1998.0232141335425
21683,1998.0232141335425
21684,1998.0232141335425
21685,1998.0232141335425
21686,1998.0232141335425
21687,1998.0232141335425
21688,1998.0232141335425
21689,1998.0232141335425
21690,1998.0232141335425
21691,1998.0232141335425
21692,1998.0232141335425
21693,1998.0232141335425
21694,1998.0232141335425
21695,1998.0232141335425
21696,1998.0232141335425
21697,1998.0232141335425
21698,1998.0232141335425
21699,1998.0232141335425
21700,1998.0232141335425
21701,1998.0232141335425
21702,1998.0232141335425
21703,1998.0232141335425
21704,1998.0232141335425
21705,1998.0232141335425
21706,1998.0232141335425
21707,1998.0232141335425
21708,1998.0232141335425
21709,1998.0232141335425
21710,1998.0232141335425
21711,1998.0232141335425
21712,1998.0232141335425
21713,1998.0232141335425
21714,1998.0232141335425
21715,1998.0232141335425
21716,1998.0232141335425
21717,1998.0232141335425
21718,1998.0232141335425
21719,1998.0232141335425
21720,1998.0232141335425
21721,1998.0232141335425
21722,1998.0232141335425
21723,1998.0232141335425
21724,1998.0232141335425
21725,1998.0232141335425
21726,1998.0232141335425
21727,1998.0232141335425
21728,1998.0232141335425
21729,1998.0232141335425
21730,1998.0232141335425
21731,1998.0232141335425
21732,1998.0232141335425
21733,1998.0232141335425
21734,1998.0232141335425
21735,1998.0232141335425
21736,1998.0232141335425
21737,1998.0232141335425
21738,1998.0232141335425
21739,1998.0232141335425
21740,1998.0232141335425
21741,1998.0232141335425
21742,1998.0232141335425
21743,1998.0232141335425
21744,1998.0232141335425
21745,1998.0232141335425
21746,1998.0232141335425
21747,1998.0232141335425
21748,1998.0232141335425
21749,1998.0232141335425
21750,1998.0232141335425
21751,1998.0232141335425
21752,1998.0232141335425
21753,1998.0232141335425
21754,1998.0232141335425
21755,1998.0232141335425
21756,1998.0232141335425
21757,1998.0232141335425
21758,1998.0232141335425
21759,1998.0232141335425
21760,1998.0232141335425
21761,1998.0232141335425
21762,1998.0232141335425
21763,1998.0232141335425
21764,1998.0232141335425
21765,1998.0232141335425
21766,1998.0232141335425
21767,1998.0232141335425
21768,1998.0232141335425
21769,1998.0232141335425
21770,1998.0232141335425
21771,1998.0232141335425
21772,1998.0232141335425
21773,1998.0232141335425
21774,1998.0232141335425
21775,1998.0232141335425
21776,1998.0232141335425
21777,1998.0232141335425
21778,1998.0232141335425
21779,1998.0232141335425
21780,1998.0232141335425
21781,1998.0232141335425
21782,1998.0232141335425
21783,1998.0232141335425
21784,1998.0232141335425
21785,1998.0232141335425
21786,1998.0232141335425
21787,1998.0232141335425
21788,1998.0232141335425
21789,1998.0232141335425
21790,1998.0232141335425
21791,1998.0232141335425
21792,1998.0232141335425
21793,1998.0232141335425
21794,1998.0232141335425
21795,1998.0232141335425
21796,1998.0232141335425
21797,1998.0232141335425
21798,1998.0232141335425
21799,1998.0232141335425
21800,1998.0232141335425
21801,1998.0232141335425
21802,1998.0232141335425
21803,1998.0232141335425
21804,1998.0232141335425
21805,1998.0232141335425
21806,1998.0232141335425
21807,1998.0232141335425
21808,1998.0232141335425
21809,1998.0232141335425
21810,1998.0232141335425
21811,1998.0232141335425
21812,1998.0232141335425
21813,1998.0232141335425
21814,1998.0232141335425
21815,1998.0232141335425
21816,1998.0232141335425
21817,1998.0232141335425
21818,1998.0232141335425
21819,1998.0232141335425
21820,1998.0232141335425
21821,1998.0232141335425
21822,1998.0232141335425
21823,1998.0232141335425
21824,1998.0232141335425
21825,1998.0232141335425
21826,1998.0232141335425
21827,1998.0232141335425
21828,1998.0232141335425
21829,1998.0232141335425
21830,1998.0232141335425
21831,1998.0232141335425
21832,1998.0232141335425
21833,1998.0232141335425
21834,1998.0232141335425
21835,1998.0232141335425
21836,1998.0232141335425
21837,1998.0232141335425
21838,1998.0232141335425
21839,1998.0232141335425
21840,1998.0232141335425
21841,1998.0232141335425
21842,1998.0232141335425
21843,1998.0232141335425
21844,1998.0232141335425
21845,1998.0232141335425
21846,1998.0232141335425
21847,1998.0232141335425
21848,1998.0232141335425
21849,1998.0232141335425
21850,1998.0232141335425
21851,1998.0232141335425
21852,1998.0232141335425
21853,1998.0232141335425
21854,1998.0232141335425
21855,1998.0232141335425
21856,1998.0232141335425
21857,1998.0232141335425
21858,1998.0232141335425
21859,1998.0232141335425
21860,1998.0232141335425
21861,1998.0232141335425
21862,1998.0232141335425
21863,1998.0232141335425
21864,1998.0232141335425
21865,1998.0232141335425
21866,1998.0232141335425
21867,1998.0232141335425
21868,1998.0232141335425
21869,1998.0232141335425
21870,1998.0232141335425
21871,1998.0232141335425
21872,1998.0232141335425
21873,1998.0232141335425
21874,1998.0232141335425
21875,1998.0232141335425
21876,1998.0232141335425
21877,1998.0232141335425
21878,1998.0232141335425
21879,1998.0232141335425
21880,1998.0232141335425
21881,1998.0232141335425
21882,1998.0232141335425
21883,1998.0232141335425
21884,1998.0232141335425
21885,1998.0232141335425
21886,1998.0232141335425
21887,1998.0232141335425
21888,1998.0232141335425
21889,1998.0232141335425
21890,1998.0232141335425
21891,1998.0232141335425
21892,1998.0232141335425
21893,1998.0232141335425
21894,1998.0232141335425
21895,1998.0232141335425
21896,1998.0232141335425
21897,1998.0232141335425
21898,1998.0232141335425
21899,1998.0232141335425
21900,1998.0232141335425
21901,1998.0232141335425
21902,1998.0232141335425
21903,1998.0232141335425
21904,1998.0232141335425
21905,1998.0232141335425
21906,1998.0232141335425
21907,1998.0232141335425
21908,1998.0232141335425
21909,1998.0232141335425
21910,1998.0232141335425
21911,1998.0232141335425
21912,1998.0232141335425
21913,1998.0232141335425
21914,1998.0232141335425
21915,1998.0232141335425
21916,1998.0232141335425
21917,1998.0232141335425
21918,1998.0232141335425
21919,1998.0232141335425
21920,1998.0232141335425
21921,1998.0232141335425
21922,1998.0232141335425
21923,1998.0232141335425
21924,1998.0232141335425
21925,1998.0232141335425
21926,1998.0232141335425
21927,1998.0232141335425
21928,1998.0232141335425
21929,1998.0232141335425
21930,1998.0232141335425
21931,1998.0232141335425
21932,1998.0232141335425
21933,1998.0232141335425
21934,1998.0232141335425
21935,1998.0232141335425
21936,1998.0232141335425
21937,1998.0232141335425
21938,1998.0232141335425
21939,1998.0232141335425
21940,1998.0232141335425
21941,1998.0232141335425
21942,1998.0232141335425
21943,1998.0232141335425
21944,1998.0232141335425
21945,1998.0232141335425
21946,1998.0232141335425
21947,1998.0232141335425
21948,1998.0232141335425
21949,1998.0232141335425
21950,1998.0232141335425
21951,1998.0232141335425
21952,1998.0232141335425
21953,1998.0232141335425
21954,1998.0232141335425
21955,1998.0232141335425
21956,1998.0232141335425
21957,1998.0232141335425
21958,1998.0232141335425
21959,1998.0232141335425
21960,1998.0232141335425
21961,1998.0232141335425
21962,1998.0232141335425
21963,1998.0232141335425
21964,1998.0232141335425
21965,1998.0232141335425
21966,1998.0232141335425
21967,1998.0232141335425
21968,1998.0232141335425
21969,1998.0232141335425
21970,1998.0232141335425
21971,1998.0232141335425
21972,1998.0232141335425
21973,1998.0232141335425
21974,1998.0232141335425
21975,1998.0232141335425
21976,1998.0232141335425
21977,1998.0232141335425
21978,1998.0232141335425
21979,1998.0232141335425
21980,1998.0232141335425
21981,1998.0232141335425
21982,1998.0232141335425
21983,1998.0232141335425
21984,1998.0232141335425
21985,1998.0232141335425
21986,1998.0232141335425
21987,1998.0232141335425
21988,1998.0232141335425
21989,1998.0232141335425
21990,1998.0232141335425
21991,1998.0232141335425
21992,1998.0232141335425
21993,1998.0232141335425
21994,1998.0232141335425
21995,1998.0232141335425
21996,1998.0232141335425
21997,1998.0232141335425
21998,1998.0232141335425
21999,1998.0232141335425
22000,1998.0232141335425
22001,1998.0232141335425
22002,1998.0232141335425
22003,1998.0232141335425
22004,1998.0232141335425
22005,1998.0232141335425
22006,1998.0232141335425
22007,1998.0232141335425
22008,1998.0232141335425
22009,1998.0232141335425
22010,1998.0232141335425
22011,1998.0232141335425
22012,1998.0232141335425
22013,1998.0232141335425
22014,1998.0232141335425
22015,1998.0232141335425
22016,1998.0232141335425
22017,1998.0232141335425
22018,1998.0232141335425
22019,1998.0232141335425
22020,1998.0232141335425
22021,1998.0232141335425
22022,1998.0232141335425
22023,1998.0232141335425
22024,1998.0232141335425
22025,1998.0232141335425
22026,1998.0232141335425
22027,1998.0232141335425
22028,1998.0232141335425
22029,1998.0232141335425
22030,1998.0232141335425
22031,1998.0232141335425
22032,1998.0232141335425
22033,1998.0232141335425
22034,1998.0232141335425
22035,1998.0232141335425
22036,1998.0232141335425
22037,1998.0232141335425
22038,1998.0232141335425
22039,1998.0232141335425
22040,1998.0232141335425
22041,1998.0232141335425
22042,1998.0232141335425
22043,1998.0232141335425
22044,1998.0232141335425
22045,1998.0232141335425
22046,1998.0232141335425
22047,1998.0232141335425
22048,1998.0232141335425
22049,1998.0232141335425
22050,1998.0232141335425
22051,1998.0232141335425
22052,1998.0232141335425
22053,1998.0232141335425
22054,1998.0232141335425
22055,1998.0232141335425
22056,1998.0232141335425
22057,1998.0232141335425
22058,1998.0232141335425
22059,1998.0232141335425
22060,1998.0232141335425
22061,1998.0232141335425
22062,1998.0232141335425
22063,1998.0232141335425
22064,1998.0232141335425
22065,1998.0232141335425
22066,1998.0232141335425
22067,1998.0232141335425
22068,1998.0232141335425
22069,1998.0232141335425
22070,1998.0232141335425
22071,1998.0232141335425
22072,1998.0232141335425
22073,1998.0232141335425
22074,1998.0232141335425
22075,1998.0232141335425
22076,1998.0232141335425
22077,1998.0232141335425
22078,1998.0232141335425
22079,1998.0232141335425
22080,1998.0232141335425
22081,1998.0232141335425
22082,1998.0232141335425
22083,1998.0232141335425
22084,1998.0232141335425
22085,1998.0232141335425
22086,1998.0232141335425
22087,1998.0232141335425
22088,1998.0232141335425
22089,1998.0232141335425
22090,1998.0232141335425
22091,1998.0232141335425
22092,1998.0232141335425
22093,1998.0232141335425
22094,1998.0232141335425
22095,1998.0232141335425
22096,1998.0232141335425
22097,1998.0232141335425
22098,1998.0232141335425
22099,1998.0232141335425
22100,1998.0232141335425
22101,1998.0232141335425
22102,1998.0232141335425
22103,1998.0232141335425
22104,1998.0232141335425
22105,1998.0232141335425
22106,1998.0232141335425
22107,1998.0232141335425
22108,1998.0232141335425
22109,1998.0232141335425
22110,1998.0232141335425
22111,1998.0232141335425
22112,1998.0232141335425
22113,1998.0232141335425
22114,1998.0232141335425
22115,1998.0232141335425
22116,1998.0232141335425
22117,1998.0232141335425
22118,1998.0232141335425
22119,1998.0232141335425
22120,1998.0232141335425
22121,1998.0232141335425
22122,1998.0232141335425
22123,1998.0232141335425
22124,1998.0232141335425
22125,1998.0232141335425
22126,1998.0232141335425
22127,1998.0232141335425
22128,1998.0232141335425
22129,1998.0232141335425
22130,1998.0232141335425
22131,1998.0232141335425
22132,1998.0232141335425
22133,1998.0232141335425
22134,1998.0232141335425
22135,1998.0232141335425
22136,1998.0232141335425
22137,1998.0232141335425
22138,1998.0232141335425
22139,1998.0232141335425
22140,1998.0232141335425
22141,1998.0232141335425
22142,1998.0232141335425
22143,1998.0232141335425
22144,1998.0232141335425
22145,1998.0232141335425
22146,1998.0232141335425
22147,1998.0232141335425
22148,1998.0232141335425
22149,1998.0232141335425
22150,1998.0232141335425
22151,1998.0232141335425
22152,1998.0232141335425
22153,1998.0232141335425
22154,1998.0232141335425
22155,1998.0232141335425
22156,1998.0232141335425
22157,1998.0232141335425
22158,1998.0232141335425
22159,1994.6090003911738
22160,1994.6090003911738
22161,1994.6090003911738
22162,1994.6090003911738
22163,1994.6090003911738
22164,1994.6090003911738
22165,1994.6090003911738
22166,1994.6090003911738
22167,1994.6090003911738
22168,1994.6090003911738
22169,1994.6090003911738
22170,1994.6090003911738
22171,1994.6090003911738
22172,1994.6090003911738
22173,1994.6090003911738
22174,1994.6090003911738
22175,1994.6090003911738
22176,1994.6090003911738
22177,1994.6090003911738
22178,1994.6090003911738
22179,1994.6090003911738
22180,1994.6090003911738
22181,1994.6090003911738
22182,1994.6090003911738
22183,1994.6090003911738
22184,1994.6090003911738
22185,1994.6090003911738
22186,1994.6090003911738
22187,1994.6090003911738
22188,1994.6090003911738
22189,1994.6090003911738
22190,1994.6090003911738
22191,1994.6090003911738
22192,1994.6090003911738
22193,1994.6090003911738
22194,1994.6090003911738
22195,1994.6090003911738
22196,1994.6090003911738
22197,1994.6090003911738
22198,1994.6090003911738
22199,1994.6090003911738
22200,1994.6090003911738
22201,1994.6090003911738
22202,1994.6090003911738
22203,1994.6090003911738
22204,1994.6090003911738
22205,1994.6090003911738
22206,1994.6090003911738
22207,1994.6090003911738
22208,1994.6090003911738
22209,1994.6090003911738
22210,1994.6090003911738
22211,1994.6090003911738
22212,1994.6090003911738
22213,1994.6090003911738
22214,1994.6090003911738
22215,1994.6090003911738
22216,1994.6090003911738
22217,1994.6090003911738
22218,1994.6090003911738
22219,1994.6090003911738
22220,1994.6090003911738
22221,1994.6090003911738
22222,1994.6090003911738
22223,1994.6090003911738
22224,1994.6090003911738
22225,1994.6090003911738
22226,1994.6090003911738
22227,1994.6090003911738
22228,1994.6090003911738
22229,1994.6090003911738
22230,1994.6090003911738
22231,1994.6090003911738
22232,1994.6090003911738
22233,1994.6090003911738
22234,1994.6090003911738
22235,1994.6090003911738
22236,1994.6090003911738
22237,1994.6090003911738
22238,1994.6090003911738
22239,1994.6090003911738
22240,1994.6090003911738
22241,1994.6090003911738
22242,1994.6090003911738
22243,1994.6090003911738
22244,1994.6090003911738
22245,1994.6090003911738
22246,1994.6090003911738
22247,1994.6090003911738
22248,1994.6090003911738
22249,1994.6090003911738
22250,1994.6090003911738
22251,1994.6090003911738
22252,1994.6090003911738
22253,1994.6090003911738
22254,1994.6090003911738
22255,1994.6090003911738
22256,1994.6090003911738
22257,1994.6090003911738
22258,1994.6090003911738
22259,1994.6090003911738
22260,1994.6090003911738
22261,1994.6090003911738
22262,1994.6090003911738
22263,1994.6090003911738
22264,1994.6090003911738
22265,1994.6090003911738
22266,1994.6090003911738
22267,1994.6090003911738
22268,1994.6090003911738
22269,1994.6090003911738
22270,1994.6090003911738
22271,1994.6090003911738
22272,1994.6090003911738
22273,1994.6090003911738
22274,1994.6090003911738
22275,1994.6090003911738
22276,1994.6090003911738
22277,1994.6090003911738
22278,1994.6090003911738
22279,1994.6090003911738
22280,1994.6090003911738
22281,1994.6090003911738
22282,1994.6090003911738
22283,1994.6090003911738
22284,1994.6090003911738
22285,1994.6090003911738
22286,1994.6090003911738
22287,1994.6090003911738
22288,1994.6090003911738
22289,1994.6090003911738
22290,1994.6090003911738
22291,1994.6090003911738
22292,1994.6090003911738
22293,1994.6090003911738
22294,1994.6090003911738
22295,1994.6090003911738
22296,1994.6090003911738
22297,1994.6090003911738
22298,1994.6090003911738
22299,1994.6090003911738
22300,1994.6090003911738
22301,1994.6090003911738
22302,1994.6090003911738
22303,1994.6090003911738
22304,1994.6090003911738
22305,1994.6090003911738
22306,1994.6090003911738
22307,1994.6090003911738
22308,1994.6090003911738
22309,1994.6090003911738
22310,1994.6090003911738
22311,1994.6090003911738
22312,1994.6090003911738
22313,1994.6090003911738
22314,1994.6090003911738
22315,1994.6090003911738
22316,1994.6090003911738
22317,1994.6090003911738
22318,1994.6090003911738
22319,1994.6090003911738
22320,1994.6090003911738
22321,1994.6090003911738
22322,1994.6090003911738
22323,1994.6090003911738
22324,1994.6090003911738
22325,1994.6090003911738
22326,1994.6090003911738
22327,1994.6090003911738
22328,1994.6090003911738
22329,1994.6090003911738
22330,1994.6090003911738
22331,1994.6090003911738
22332,1994.6090003911738
22333,1994.6090003911738
22334,1994.6090003911738
22335,1994.6090003911738
22336,1994.6090003911738
22337,1994.6090003911738
22338,1994.6090003911738
22339,1994.6090003911738
22340,1994.6090003911738
22341,1994.6090003911738
22342,1994.6090003911738
22343,1994.6090003911738
22344,1994.6090003911738
22345,1994.6090003911738
22346,1994.6090003911738
22347,1994.6090003911738
22348,1994.6090003911738
22349,1994.6090003911738
22350,1994.6090003911738
22351,1994.6090003911738
22352,1994.6090003911738
22353,1994.6090003911738
22354,1994.6090003911738
22355,1994.6090003911738
22356,1994.6090003911738
22357,1994.6090003911738
22358,1994.6090003911738
22359,1994.6090003911738
22360,1994.6090003911738
22361,1994.6090003911738
22362,1994.6090003911738
22363,1994.6090003911738
22364,1994.6090003911738
22365,1994.6090003911738
22366,1994.6090003911738
22367,1994.6090003911738
22368,1994.6090003911738
22369,1994.6090003911738
22370,1994.6090003911738
22371,1994.6090003911738
22372,1994.6090003911738
22373,1994.6090003911738
22374,1994.6090003911738
22375,1994.6090003911738
22376,1994.6090003911738
22377,1994.6090003911738
22378,1994.6090003911738
22379,1994.6090003911738
22380,1994.6090003911738
22381,1994.6090003911738
22382,1994.6090003911738
22383,1994.6090003911738
22384,1994.6090003911738
22385,1994.6090003911738
22386,1994.6090003911738
22387,1994.6090003911738
22388,1994.6090003911738
22389,1994.6090003911738
22390,1994.6090003911738
22391,1994.6090003911738
22392,1994.6090003911738
22393,1994.6090003911738
22394,1994.6090003911738
22395,1994.6090003911738
22396,1994.6090003911738
22397,1994.6090003911738
22398,1994.6090003911738
22399,1994.6090003911738
22400,1994.6090003911738
22401,1994.6090003911738
22402,1994.6090003911738
22403,1994.6090003911738
22404,1994.6090003911738
22405,1994.6090003911738
22406,1994.6090003911738
22407,1994.6090003911738
22408,1994.6090003911738
22409,1994.6090003911738
22410,1994.6090003911738
22411,1994.6090003911738
22412,1994.6090003911738
22413,1994.6090003911738
22414,1994.6090003911738
22415,1994.6090003911738
22416,1994.6090003911738
22417,1994.6090003911738
22418,1994.6090003911738
22419,1994.6090003911738
22420,1994.6090003911738
22421,1994.6090003911738
22422,1994.6090003911738
22423,1994.6090003911738
22424,1994.6090003911738
22425,1994.6090003911738
22426,1994.6090003911738
22427,1994.6090003911738
22428,1994.6090003911738
22429,1994.6090003911738
22430,1994.6090003911738
22431,1994.6090003911738
22432,1994.6090003911738
22433,1994.6090003911738
22434,1994.6090003911738
22435,1994.6090003911738
22436,1994.6090003911738
22437,1994.6090003911738
22438,1994.6090003911738
22439,1994.6090003911738
22440,1994.6090003911738
22441,1994.6090003911738
22442,1994.6090003911738
22443,1994.6090003911738
22444,1994.6090003911738
22445,1994.6090003911738
22446,1994.6090003911738
22447,1994.6090003911738
22448,1994.6090003911738
22449,1994.6090003911738
22450,1994.6090003911738
22451,1994.6090003911738
22452,1994.6090003911738
22453,1994.6090003911738
22454,1994.6090003911738
22455,1994.6090003911738
22456,1994.6090003911738
22457,1994.6090003911738
22458,1994.6090003911738
22459,1994.6090003911738
22460,1994.6090003911738
22461,1994.6090003911738
22462,1994.6090003911738
22463,1994.6090003911738
22464,1994.6090003911738
22465,1994.6090003911738
22466,1994.6090003911738
22467,1994.6090003911738
22468,1994.6090003911738
22469,1994.6090003911738
22470,1994.6090003911738
22471,1994.6090003911738
22472,1994.6090003911738
22473,1994.6090003911738
22474,1994.6090003911738
22475,1994.6090003911738
22476,1994.6090003911738
22477,1994.6090003911738
22478,1994.6090003911738
22479,1994.6090003911738
22480,1994.6090003911738
22481,1994.6090003911738
22482,1994.6090003911738
22483,1994.6090003911738
22484,1994.6090003911738
22485,1994.6090003911738
22486,1994.6090003911738
22487,1994.6090003911738
22488,1994.6090003911738
22489,1994.6090003911738
22490,1994.6090003911738
22491,1994.6090003911738
22492,1994.6090003911738
22493,1994.6090003911738
22494,1994.6090003911738
22495,1994.6090003911738
22496,1994.6090003911738
22497,1994.6090003911738
22498,1994.6090003911738
22499,1994.6090003911738
22500,1994.6090003911738
22501,1994.6090003911738
22502,1994.6090003911738
22503,1994.6090003911738
22504,1994.6090003911738
22505,1994.6090003911738
22506,1994.6090003911738
22507,1994.6090003911738
22508,1994.6090003911738
22509,1994.6090003911738
22510,1994.6090003911738
22511,1994.6090003911738
22512,1994.6090003911738
22513,1994.6090003911738
22514,1994.6090003911738
22515,1994.6090003911738
22516,1994.6090003911738
22517,1994.6090003911738
22518,1994.6090003911738
22519,1994.6090003911738
22520,1994.6090003911738
22521,1994.6090003911738
22522,1994.6090003911738
22523,1994.6090003911738
22524,1994.6090003911738
22525,1994.6090003911738
22526,1994.6090003911738
22527,1994.6090003911738
22528,1994.6090003911738
22529,1994.6090003911738
22530,1994.6090003911738
22531,1994.6090003911738
22532,1994.6090003911738
22533,1994.6090003911738
22534,1994.6090003911738
22535,1994.6090003911738
22536,1994.6090003911738
22537,1994.6090003911738
22538,1994.6090003911738
22539,1994.6090003911738
22540,1994.6090003911738
22541,1994.6090003911738
22542,1994.6090003911738
22543,1994.6090003911738
22544,1994.6090003911738
22545,1994.6090003911738
22546,1994.6090003911738
22547,1994.6090003911738
22548,1994.6090003911738
22549,1994.6090003911738
22550,1994.6090003911738
22551,1994.6090003911738
22552,1994.6090003911738
22553,1994.6090003911738
22554,1994.6090003911738
22555,1994.6090003911738
22556,1994.6090003911738
22557,1994.6090003911738
22558,1994.6090003911738
22559,1994.6090003911738
22560,1994.6090003911738
22561,1994.6090003911738
22562,1994.6090003911738
22563,1994.6090003911738
22564,1994.6090003911738
22565,1994.6090003911738
22566,1994.6090003911738
22567,1994.6090003911738
22568,1994.6090003911738
22569,1994.6090003911738
22570,1994.6090003911738
22571,1994.6090003911738
22572,1994.6090003911738
22573,1994.6090003911738
22574,1994.6090003911738
22575,1994.6090003911738
22576,1994.6090003911738
22577,1994.6090003911738
22578,1994.6090003911738
22579,1994.6090003911738
22580,1994.6090003911738
22581,1994.6090003911738
22582,1994.6090003911738
22583,1994.6090003911738
22584,1994.6090003911738
22585,1994.6090003911738
22586,1994.6090003911738
22587,1994.6090003911738
22588,1994.6090003911738
22589,1994.6090003911738
22590,1994.6090003911738
22591,1994.6090003911738
22592,1994.6090003911738
22593,1994.6090003911738
22594,1994.6090003911738
22595,1994.6090003911738
22596,1994.6090003911738
22597,1994.6090003911738
22598,1994.6090003911738
22599,1994.6090003911738
22600,1994.6090003911738
22601,1994.6090003911738
22602,1994.6090003911738
22603,1994.6090003911738
22604,1994.6090003911738
22605,1994.6090003911738
22606,1994.6090003911738
22607,1994.6090003911738
22608,1994.6090003911738
22609,1994.6090003911738
22610,1994.6090003911738
22611,1994.6090003911738
22612,1994.6090003911738
22613,1994.6090003911738
22614,1994.6090003911738
22615,1994.6090003911738
22616,1994.6090003911738
22617,1994.6090003911738
22618,1994.6090003911738
22619,1994.6090003911738
22620,1994.6090003911738
22621,1994.6090003911738
22622,1994.6090003911738
22623,1994.6090003911738
22624,1994.6090003911738
22625,1994.6090003911738
22626,1994.6090003911738
22627,1994.6090003911738
22628,1994.6090003911738
22629,1994.6090003911738
22630,1994.6090003911738
22631,1994.6090003911738
22632,1994.6090003911738
22633,1994.6090003911738
22634,1994.6090003911738
22635,1994.6090003911738
22636,1994.6090003911738
22637,1994.6090003911738
22638,1994.6090003911738
22639,1994.6090003911738
22640,1994.6090003911738
22641,1994.6090003911738
22642,1994.6090003911738
22643,1994.6090003911738
22644,1994.6090003911738
22645,1994.6090003911738
22646,1994.6090003911738
22647,1994.6090003911738
22648,1994.6090003911738
22649,1994.6090003911738
22650,1994.6090003911738
22651,1994.6090003911738
22652,1994.6090003911738
22653,1994.6090003911738
22654,1994.6090003911738
22655,1994.6090003911738
22656,1994.6090003911738
22657,1994.6090003911738
22658,1994.6090003911738
22659,1994.6090003911738
22660,1994.6090003911738
22661,1994.6090003911738
22662,1994.6090003911738
22663,1994.6090003911738
22664,1994.6090003911738
22665,1994.6090003911738
22666,1994.6090003911738
22667,1994.6090003911738
22668,1994.6090003911738
22669,1994.6090003911738
22670,1994.6090003911738
22671,1994.6090003911738
22672,1994.6090003911738
22673,1994.6090003911738
22674,1994.6090003911738
22675,1994.6090003911738
22676,1994.6090003911738
22677,1994.6090003911738
22678,1994.6090003911738
22679,1994.6090003911738
22680,1994.6090003911738
22681,1994.6090003911738
22682,1994.6090003911738
22683,1994.6090003911738
22684,1994.6090003911738
22685,1994.6090003911738
22686,1994.6090003911738
22687,1994.6090003911738
22688,1994.6090003911738
22689,1994.6090003911738
22690,1994.6090003911738
22691,1994.6090003911738
22692,1994.6090003911738
22693,1994.6090003911738
22694,1994.6090003911738
22695,1994.6090003911738
22696,1994.6090003911738
22697,1994.6090003911738
22698,1994.6090003911738
22699,1994.6090003911738
22700,1994.6090003911738
22701,1994.6090003911738
22702,1994.6090003911738
22703,1994.6090003911738
22704,1994.6090003911738
22705,1994.6090003911738
22706,1994.6090003911738
22707,1994.6090003911738
22708,1994.6090003911738
22709,1994.6090003911738
22710,1994.6090003911738
22711,1994.6090003911738
22712,1994.6090003911738
22713,1994.6090003911738
22714,1994.6090003911738
22715,1994.6090003911738
22716,1994.6090003911738
22717,1994.6090003911738
22718,1994.6090003911738
22719,1994.6090003911738
22720,1994.6090003911738
22721,1994.6090003911738
22722,1994.6090003911738
22723,1994.6090003911738
22724,1994.6090003911738
22725,1994.6090003911738
22726,1994.6090003911738
22727,1994.6090003911738
22728,1994.6090003911738
22729,1994.6090003911738
22730,1994.6090003911738
22731,1994.6090003911738
22732,1994.6090003911738
22733,1994.6090003911738
22734,1994.6090003911738
22735,1994.6090003911738
22736,1994.6090003911738
22737,1994.6090003911738
22738,1994.6090003911738
22739,1994.6090003911738
22740,1994.6090003911738
22741,1994.6090003911738
22742,1994.6090003911738
22743,1994.6090003911738
22744,1994.6090003911738
22745,1994.6090003911738
22746,1994.6090003911738
22747,1994.6090003911738
22748,1994.6090003911738
22749,1994.6090003911738
22750,1994.6090003911738
22751,1994.6090003911738
22752,1994.6090003911738
22753,1994.6090003911738
22754,1994.6090003911738
22755,1994.6090003911738
22756,1994.6090003911738
22757,1994.6090003911738
22758,1994.6090003911738
22759,1994.6090003911738
22760,1994.6090003911738
22761,1994.6090003911738
22762,1994.6090003911738
22763,1994.6090003911738
22764,1994.6090003911738
22765,1994.6090003911738
22766,1994.6090003911738
22767,1994.6090003911738
22768,1994.6090003911738
22769,1994.6090003911738
22770,1994.6090003911738
22771,1994.6090003911738
22772,1994.6090003911738
22773,1994.6090003911738
22774,1994.6090003911738
22775,1994.6090003911738
22776,1994.6090003911738
22777,1994.6090003911738
22778,1994.6090003911738
22779,1994.6090003911738
22780,1994.6090003911738
22781,1994.6090003911738
22782,1994.6090003911738
22783,1994.6090003911738
22784,1994.6090003911738
22785,1994.6090003911738
22786,1994.6090003911738
22787,1994.6090003911738
22788,1994.6090003911738
22789,1994.6090003911738
22790,1994.6090003911738
22791,1994.6090003911738
22792,1994.6090003911738
22793,1994.6090003911738
22794,1994.6090003911738
22795,1994.6090003911738
22796,1994.6090003911738
22797,1994.6090003911738
22798,1994.6090003911738
22799,1994.6090003911738
22800,1994.6090003911738
22801,1994.6090003911738
22802,1994.6090003911738
22803,1994.6090003911738
22804,1994.6090003911738
22805,1994.6090003911738
22806,1994.6090003911738
22807,1994.6090003911738
22808,1994.6090003911738
22809,1994.6090003911738
22810,1994.6090003911738
22811,1994.6090003911738
22812,1994.6090003911738
22813,1994.6090003911738
22814,1994.6090003911738
22815,1994.6090003911738
22816,1994.6090003911738
22817,1994.6090003911738
22818,1994.6090003911738
22819,1994.6090003911738
22820,1994.6090003911738
22821,1994.6090003911738
22822,1994.6090003911738
22823,1994.6090003911738
22824,1994.6090003911738
22825,1994.6090003911738
22826,1994.6090003911738
22827,1994.6090003911738
22828,1994.6090003911738
22829,1994.6090003911738
22830,1994.6090003911738
22831,1994.6090003911738
22832,1994.6090003911738
22833,1994.6090003911738
22834,1994.6090003911738
22835,1994.6090003911738
22836,1994.6090003911738
22837,1994.6090003911738
22838,1994.6090003911738
22839,1994.6090003911738
22840,1994.6090003911738
22841,1994.6090003911738
22842,1994.6090003911738
22843,1994.6090003911738
22844,1994.6090003911738
22845,1994.6090003911738
22846,1994.6090003911738
22847,1994.6090003911738
22848,1994.6090003911738
22849,1994.6090003911738
22850,1994.6090003911738
22851,1994.6090003911738
22852,1994.6090003911738
22853,1994.6090003911738
22854,1994.6090003911738
22855,1994.6090003911738
22856,1994.6090003911738
22857,1994.6090003911738
22858,1994.6090003911738
22859,1994.6090003911738
22860,1994.6090003911738
22861,1994.6090003911738
22862,1994.6090003911738
22863,1994.6090003911738
22864,1994.6090003911738
22865,1994.6090003911738
22866,1994.6090003911738
22867,1994.6090003911738
22868,1994.6090003911738
22869,1994.6090003911738
22870,1994.6090003911738
22871,1994.6090003911738
22872,1994.6090003911738
22873,1994.6090003911738
22874,1994.6090003911738
22875,1994.6090003911738
22876,1994.6090003911738
22877,1994.6090003911738
22878,1994.6090003911738
22879,1994.6090003911738
22880,1994.6090003911738
22881,1994.6090003911738
22882,1994.6090003911738
22883,1994.6090003911738
22884,1994.6090003911738
22885,1994.6090003911738
22886,1994.6090003911738
22887,1994.6090003911738
22888,1994.6090003911738
22889,1994.6090003911738
22890,1994.6090003911738
22891,1994.6090003911738
22892,1994.6090003911738
22893,1994.6090003911738
22894,1994.6090003911738
22895,1994.6090003911738
22896,1994.6090003911738
22897,1994.6090003911738
22898,1994.6090003911738
22899,1994.6090003911738
22900,1994.6090003911738
22901,1994.6090003911738
22902,1994.6090003911738
22903,1994.6090003911738
22904,1994.6090003911738
22905,1994.6090003911738
22906,1994.6090003911738
22907,1994.6090003911738
22908,1994.6090003911738
22909,1994.6090003911738
22910,1994.6090003911738
22911,1994.6090003911738
22912,1994.6090003911738
22913,1994.6090003911738
22914,1994.6090003911738
22915,1994.6090003911738
22916,1994.6090003911738
22917,1994.6090003911738
22918,1994.6090003911738
22919,1994.6090003911738
22920,1994.6090003911738
22921,1994.6090003911738
22922,1994.6090003911738
22923,1994.6090003911738
22924,1994.6090003911738
22925,1994.6090003911738
22926,1994.6090003911738
22927,1994.6090003911738
22928,1994.6090003911738
22929,1994.6090003911738
22930,1994.6090003911738
22931,1994.6090003911738
22932,1994.6090003911738
22933,1994.6090003911738
22934,1994.6090003911738
22935,1994.6090003911738
22936,1994.6090003911738
22937,1994.6090003911738
22938,1994.6090003911738
22939,1994.6090003911738
22940,1994.6090003911738
22941,1994.6090003911738
22942,1994.6090003911738
22943,1994.6090003911738
22944,1994.6090003911738
22945,1994.6090003911738
22946,1994.6090003911738
22947,1994.6090003911738
22948,1994.6090003911738
22949,1994.6090003911738
22950,1994.6090003911738
22951,1994.6090003911738
22952,1994.6090003911738
22953,1994.6090003911738
22954,1994.6090003911738
22955,1994.6090003911738
22956,1994.6090003911738
22957,1994.6090003911738
22958,1994.6090003911738
22959,1994.6090003911738
22960,1994.6090003911738
22961,1994.6090003911738
22962,1994.6090003911738
22963,1994.6090003911738
22964,1994.6090003911738
22965,1994.6090003911738
22966,1994.6090003911738
22967,1994.6090003911738
22968,1994.6090003911738
22969,1994.6090003911738
22970,1994.6090003911738
22971,1994.6090003911738
22972,1994.6090003911738
22973,1994.6090003911738
22974,1994.6090003911738
22975,1994.6090003911738
22976,1994.6090003911738
22977,1994.6090003911738
22978,1994.6090003911738
22979,1994.6090003911738
22980,1994.6090003911738
22981,1994.6090003911738
22982,1994.6090003911738
22983,1994.6090003911738
22984,1994.6090003911738
22985,1994.6090003911738
22986,1994.6090003911738
22987,1994.6090003911738
22988,1994.6090003911738
22989,1994.6090003911738
22990,1994.6090003911738
22991,1994.6090003911738
22992,1994.6090003911738
22993,1994.6090003911738
22994,1994.6090003911738
22995,1994.6090003911738
22996,1994.6090003911738
22997,1994.6090003911738
22998,1994.6090003911738
22999,1994.6090003911738
23000,1994.6090003911738
23001,1994.6090003911738
23002,1994.6090003911738
23003,1994.6090003911738
23004,1994.6090003911738
23005,1994.6090003911738
23006,1994.6090003911738
23007,1994.6090003911738
23008,1994.6090003911738
23009,1994.6090003911738
23010,1994.6090003911738
23011,1994.6090003911738
23012,1994.6090003911738
23013,1994.6090003911738
23014,1994.6090003911738
23015,1994.6090003911738
23016,1994.6090003911738
23017,1994.6090003911738
23018,1994.6090003911738
23019,1994.6090003911738
23020,1994.6090003911738
23021,1994.6090003911738
23022,1994.6090003911738
23023,1994.6090003911738
23024,1994.6090003911738
23025,1994.6090003911738
23026,1994.6090003911738
23027,1994.6090003911738
23028,1994.6090003911738
23029,1994.6090003911738
23030,1994.6090003911738
23031,1994.6090003911738
23032,1994.6090003911738
23033,1994.6090003911738
23034,1994.6090003911738
23035,1994.6090003911738
23036,1994.6090003911738
23037,1994.6090003911738
23038,1994.6090003911738
23039,1994.6090003911738
23040,1994.6090003911738
23041,1994.6090003911738
23042,1994.6090003911738
23043,1994.6090003911738
23044,1994.6090003911738
23045,1994.6090003911738
23046,1994.6090003911738
23047,1994.6090003911738
23048,1994.6090003911738
23049,1994.6090003911738
23050,1994.6090003911738
23051,1994.6090003911738
23052,1994.6090003911738
23053,1994.6090003911738
23054,1994.6090003911738
23055,1994.6090003911738
23056,1994.6090003911738
23057,1994.6090003911738
23058,1994.6090003911738
23059,1994.6090003911738
23060,1994.6090003911738
23061,1994.6090003911738
23062,1994.6090003911738
23063,1994.6090003911738
23064,1994.6090003911738
23065,1994.6090003911738
23066,1994.6090003911738
23067,1994.6090003911738
23068,1994.6090003911738
23069,1994.6090003911738
23070,1994.6090003911738
23071,1994.6090003911738
23072,1994.6090003911738
23073,1994.6090003911738
23074,1994.6090003911738
23075,1994.6090003911738
23076,1994.6090003911738
23077,1994.6090003911738
23078,1994.6090003911738
23079,1994.6090003911738
23080,1994.6090003911738
23081,1994.6090003911738
23082,1994.6090003911738
23083,1994.6090003911738
23084,1994.6090003911738
23085,1994.6090003911738
23086,1994.6090003911738
23087,1994.6090003911738
23088,1994.6090003911738
23089,1994.6090003911738
23090,1994.6090003911738
23091,1994.6090003911738
23092,1994.6090003911738
23093,1994.6090003911738
23094,1994.6090003911738
23095,1994.6090003911738
23096,1994.6090003911738
23097,1994.6090003911738
23098,1994.6090003911738
23099,1994.6090003911738
23100,1994.6090003911738
23101,1994.6090003911738
23102,1994.6090003911738
23103,1994.6090003911738
23104,1994.6090003911738
23105,1994.6090003911738
23106,1994.6090003911738
23107,1994.6090003911738
23108,1994.6090003911738
23109,1994.6090003911738
23110,1994.6090003911738
23111,1994.6090003911738
23112,1994.6090003911738
23113,1994.6090003911738
23114,1994.6090003911738
23115,1994.6090003911738
23116,1994.6090003911738
23117,1994.6090003911738
23118,1994.6090003911738
23119,1994.6090003911738
23120,1994.6090003911738
23121,1994.6090003911738
23122,1994.6090003911738
23123,1994.6090003911738
23124,1994.6090003911738
23125,1994.6090003911738
23126,1994.6090003911738
23127,1994.6090003911738
23128,1994.6090003911738
23129,1994.6090003911738
23130,1994.6090003911738
23131,1994.6090003911738
23132,1994.6090003911738
23133,1994.6090003911738
23134,1994.6090003911738
23135,1994.6090003911738
23136,1994.6090003911738
23137,1994.6090003911738
23138,1994.6090003911738
23139,1994.6090003911738
23140,1994.6090003911738
23141,1994.6090003911738
23142,1994.6090003911738
23143,1994.6090003911738
23144,1994.6090003911738
23145,1994.6090003911738
23146,1994.6090003911738
23147,1994.6090003911738
23148,1994.6090003911738
23149,1994.6090003911738
23150,1994.6090003911738
23151,1994.6090003911738
23152,1994.6090003911738
23153,1994.6090003911738
23154,1994.6090003911738
23155,1994.6090003911738
23156,1994.6090003911738
23157,1994.6090003911738
23158,1994.6090003911738
23159,1994.6090003911738
23160,1994.6090003911738
23161,1994.6090003911738
23162,1994.6090003911738
23163,1994.6090003911738
23164,1994.6090003911738
23165,1994.6090003911738
23166,1994.6090003911738
23167,1994.6090003911738
23168,1994.6090003911738
23169,1994.6090003911738
23170,1994.6090003911738
23171,1994.6090003911738
23172,1994.6090003911738
23173,1994.6090003911738
23174,1994.6090003911738
23175,1994.6090003911738
23176,1994.6090003911738
23177,1994.6090003911738
23178,1994.6090003911738
23179,1994.6090003911738
23180,1994.6090003911738
23181,1994.6090003911738
23182,1994.6090003911738
23183,1994.6090003911738
23184,1994.6090003911738
23185,1994.6090003911738
23186,1994.6090003911738
23187,1994.6090003911738
23188,1994.6090003911738
23189,1994.6090003911738
23190,1994.6090003911738
23191,1994.6090003911738
23192,1994.6090003911738
23193,1994.6090003911738
23194,1994.6090003911738
23195,1994.6090003911738
23196,1994.6090003911738
23197,1994.6090003911738
23198,1994.6090003911738
23199,1994.6090003911738
23200,1994.6090003911738
23201,1994.6090003911738
23202,1994.6090003911738
23203,1994.6090003911738
23204,1994.6090003911738
23205,1994.6090003911738
23206,1994.6090003911738
23207,1994.6090003911738
23208,1994.6090003911738
23209,1994.6090003911738
23210,1994.6090003911738
23211,1994.6090003911738
23212,1994.6090003911738
23213,1994.6090003911738
23214,1994.6090003911738
23215,1994.6090003911738
23216,1994.6090003911738
23217,1994.6090003911738
23218,1994.6090003911738
23219,1994.6090003911738
23220,1994.6090003911738
23221,1994.6090003911738
23222,1994.6090003911738
23223,1994.6090003911738
23224,1994.6090003911738
23225,1994.6090003911738
23226,1994.6090003911738
23227,1994.6090003911738
23228,1994.6090003911738
23229,1994.6090003911738
23230,1994.6090003911738
23231,1994.6090003911738
23232,1994.6090003911738
23233,1994.6090003911738
23234,1994.6090003911738
23235,1994.6090003911738
23236,1994.6090003911738
23237,1994.6090003911738
23238,1994.6090003911738
23239,1994.6090003911738
23240,1994.6090003911738
23241,1994.6090003911738
23242,1994.6090003911738
23243,1994.6090003911738
23244,1994.6090003911738
23245,1994.6090003911738
23246,1994.6090003911738
23247,1994.6090003911738
23248,1994.6090003911738
23249,1994.6090003911738
23250,1994.6090003911738
23251,1994.6090003911738
23252,1994.6090003911738
23253,1994.6090003911738
23254,1994.6090003911738
23255,1994.6090003911738
23256,1994.6090003911738
23257,1994.6090003911738
23258,1994.6090003911738
23259,1994.6090003911738
23260,1994.6090003911738
23261,1994.6090003911738
23262,1994.6090003911738
23263,1994.6090003911738
23264,1994.6090003911738
23265,1994.6090003911738
23266,1994.6090003911738
23267,1994.6090003911738
23268,1994.6090003911738
23269,1994.6090003911738
23270,1994.6090003911738
23271,1994.6090003911738
23272,1994.6090003911738
23273,1994.6090003911738
23274,1994.6090003911738
23275,1994.6090003911738
23276,1994.6090003911738
23277,1994.6090003911738
23278,1994.6090003911738
23279,1994.6090003911738
23280,1994.6090003911738
23281,1994.6090003911738
23282,1994.6090003911738
23283,1994.6090003911738
23284,1994.6090003911738
23285,1994.6090003911738
23286,1994.6090003911738
23287,1994.6090003911738
23288,1994.6090003911738
23289,1994.6090003911738
23290,1994.6090003911738
23291,1994.6090003911738
23292,1994.6090003911738
23293,1994.6090003911738
23294,1994.6090003911738
23295,1994.6090003911738
23296,1994.6090003911738
23297,1994.6090003911738
23298,1994.6090003911738
23299,1994.6090003911738
23300,1994.6090003911738
23301,1994.6090003911738
23302,1994.6090003911738
23303,1994.6090003911738
23304,1994.6090003911738
23305,1994.6090003911738
23306,1994.6090003911738
23307,1994.6090003911738
23308,1994.6090003911738
23309,1994.6090003911738
23310,1994.6090003911738
23311,1994.6090003911738
23312,1994.6090003911738
23313,1994.6090003911738
23314,1994.6090003911738
23315,1994.6090003911738
23316,1994.6090003911738
23317,1994.6090003911738
23318,1994.6090003911738
23319,1994.6090003911738
23320,1994.6090003911738
23321,1994.6090003911738
23322,1994.6090003911738
23323,1994.6090003911738
23324,1994.6090003911738
23325,1994.6090003911738
23326,1994.6090003911738
23327,1994.6090003911738
23328,1994.6090003911738
23329,1994.6090003911738
23330,1994.6090003911738
23331,1994.6090003911738
23332,1994.6090003911738
23333,1994.6090003911738
23334,1994.6090003911738
23335,1994.6090003911738
23336,1994.6090003911738
23337,1994.6090003911738
23338,1994.6090003911738
23339,1994.6090003911738
23340,1994.6090003911738
23341,1994.6090003911738
23342,1994.6090003911738
23343,1994.6090003911738
23344,1994.6090003911738
23345,1994.6090003911738
23346,1994.6090003911738
23347,1994.6090003911738
23348,1994.6090003911738
23349,1994.6090003911738
23350,1994.6090003911738
23351,1994.6090003911738
23352,1994.6090003911738
23353,1994.6090003911738
23354,1994.6090003911738
23355,1994.6090003911738
23356,1994.6090003911738
23357,1994.6090003911738
23358,1994.6090003911738
23359,1994.6090003911738
23360,1994.6090003911738
23361,1993.9201106876078
23362,1993.9201106876078
23363,1993.9201106876078
23364,1993.9201106876078
23365,1993.9201106876078
23366,1993.9201106876078
23367,1993.9201106876078
23368,1993.9201106876078
23369,1993.9201106876078
23370,1993.9201106876078
23371,1993.9201106876078
23372,1993.9201106876078
23373,1993.9201106876078
23374,1993.9201106876078
23375,1993.9201106876078
23376,1993.9201106876078
23377,1993.9201106876078
23378,1993.9201106876078
23379,1993.9201106876078
23380,1993.9201106876078
23381,1993.9201106876078
23382,1993.9201106876078
23383,1993.9201106876078
23384,1993.9201106876078
23385,1993.9201106876078
23386,1993.9201106876078
23387,1993.9201106876078
23388,1993.9201106876078
23389,1993.9201106876078
23390,1993.9201106876078
23391,1993.9201106876078
23392,1993.9201106876078
23393,1993.9201106876078
23394,1993.9201106876078
23395,1993.9201106876078
23396,1993.9201106876078
23397,1993.9201106876078
23398,1993.9201106876078
23399,1993.9201106876078
23400,1993.9201106876078
23401,1993.9201106876078
23402,1993.9201106876078
23403,1993.9201106876078
23404,1993.9201106876078
23405,1993.9201106876078
23406,1993.9201106876078
23407,1993.9201106876078
23408,1993.9201106876078
23409,1993.9201106876078
23410,1993.9201106876078
23411,1993.9201106876078
23412,1993.9201106876078
23413,1993.9201106876078
23414,1993.9201106876078
23415,1993.9201106876078
23416,1993.9201106876078
23417,1993.9201106876078
23418,1993.9201106876078
23419,1993.9201106876078
23420,1993.9201106876078
23421,1993.9201106876078
23422,1993.9201106876078
23423,1993.9201106876078
23424,1993.9201106876078
23425,1993.9201106876078
23426,1993.9201106876078
23427,1993.9201106876078
23428,1993.9201106876078
23429,1993.9201106876078
23430,1993.9201106876078
23431,1993.9201106876078
23432,1993.9201106876078
23433,1993.9201106876078
23434,1993.9201106876078
23435,1993.9201106876078
23436,1993.9201106876078
23437,1993.9201106876078
23438,1993.9201106876078
23439,1993.9201106876078
23440,1993.9201106876078
23441,1993.9201106876078
23442,1993.9201106876078
23443,1993.9201106876078
23444,1993.9201106876078
23445,1993.9201106876078
23446,1993.9201106876078
23447,1993.9201106876078
23448,1993.9201106876078
23449,1993.9201106876078
23450,1993.9201106876078
23451,1993.9201106876078
23452,1993.9201106876078
23453,1993.9201106876078
23454,1993.9201106876078
23455,1993.9201106876078
23456,1993.9201106876078
23457,1993.9201106876078
23458,1993.9201106876078
23459,1993.9201106876078
23460,1993.9201106876078
23461,1993.9201106876078
23462,1993.9201106876078
23463,1993.9201106876078
23464,1993.9201106876078
23465,1993.9201106876078
23466,1993.9201106876078
23467,1993.9201106876078
23468,1993.9201106876078
23469,1993.9201106876078
23470,1993.9201106876078
23471,1993.9201106876078
23472,1993.9201106876078
23473,1993.9201106876078
23474,1993.9201106876078
23475,1993.9201106876078
23476,1993.9201106876078
23477,1993.9201106876078
23478,1993.9201106876078
23479,1993.9201106876078
23480,1993.9201106876078
23481,1993.9201106876078
23482,1993.9201106876078
23483,1993.9201106876078
23484,1993.9201106876078
23485,1993.9201106876078
23486,1993.9201106876078
23487,1993.9201106876078
23488,1993.9201106876078
23489,1993.9201106876078
23490,1993.9201106876078
23491,1993.9201106876078
23492,1993.9201106876078
23493,1993.9201106876078
23494,1993.9201106876078
23495,1993.9201106876078
23496,1993.9201106876078
23497,1993.9201106876078
23498,1993.9201106876078
23499,1993.9201106876078
23500,1993.9201106876078
23501,1993.9201106876078
23502,1993.9201106876078
23503,1993.9201106876078
23504,1993.9201106876078
23505,1993.9201106876078
23506,1993.9201106876078
23507,1993.9201106876078
23508,1993.9201106876078
23509,1993.9201106876078
23510,1993.9201106876078
23511,1993.9201106876078
23512,1993.9201106876078
23513,1993.9201106876078
23514,1993.9201106876078
23515,1993.9201106876078
23516,1993.9201106876078
23517,1993.9201106876078
23518,1993.9201106876078
23519,1993.9201106876078
23520,1993.9201106876078
23521,1993.9201106876078
23522,1993.9201106876078
23523,1993.9201106876078
23524,1993.9201106876078
23525,1993.9201106876078
23526,1993.9201106876078
23527,1993.9201106876078
23528,1993.9201106876078
23529,1993.9201106876078
23530,1993.9201106876078
23531,1993.9201106876078
23532,1993.9201106876078
23533,1993.9201106876078
23534,1993.9201106876078
23535,1993.9201106876078
23536,1993.9201106876078
23537,1993.9201106876078
23538,1993.9201106876078
23539,1993.9201106876078
23540,1993.9201106876078
23541,1993.9201106876078
23542,1993.9201106876078
23543,1993.9201106876078
23544,1993.9201106876078
23545,1993.9201106876078
23546,1993.9201106876078
23547,1993.9201106876078
23548,1993.9201106876078
23549,1993.9201106876078
23550,1993.9201106876078
23551,1993.9201106876078
23552,1993.9201106876078
23553,1993.9201106876078
23554,1993.9201106876078
23555,1993.9201106876078
23556,1993.9201106876078
23557,1993.9201106876078
23558,1993.9201106876078
23559,1993.9201106876078
23560,1993.9201106876078
23561,1993.9201106876078
23562,1993.9201106876078
23563,1993.9201106876078
23564,1993.9201106876078
23565,1993.9201106876078
23566,1993.9201106876078
23567,1993.9201106876078
23568,1993.9201106876078
23569,1993.9201106876078
23570,1993.9201106876078
23571,1993.9201106876078
23572,1993.9201106876078
23573,1993.9201106876078
23574,1993.9201106876078
23575,1993.9201106876078
23576,1993.9201106876078
23577,1993.9201106876078
23578,1993.9201106876078
23579,1993.9201106876078
23580,1993.9201106876078
23581,1993.9201106876078
23582,1993.9201106876078
23583,1993.9201106876078
23584,1993.9201106876078
23585,1993.9201106876078
23586,1993.9201106876078
23587,1993.9201106876078
23588,1993.9201106876078
23589,1993.9201106876078
23590,1993.9201106876078
23591,1993.9201106876078
23592,1993.9201106876078
23593,1993.9201106876078
23594,1993.9201106876078
23595,1993.9201106876078
23596,1993.9201106876078
23597,1993.9201106876078
23598,1993.9201106876078
23599,1993.9201106876078
23600,1993.9201106876078
23601,1993.9201106876078
23602,1993.9201106876078
23603,1993.9201106876078
23604,1993.9201106876078
23605,1993.9201106876078
23606,1993.9201106876078
23607,1993.9201106876078
23608,1993.9201106876078
23609,1993.9201106876078
23610,1993.9201106876078
23611,1993.9201106876078
23612,1993.9201106876078
23613,1993.9201106876078
23614,1993.9201106876078
23615,1993.9201106876078
23616,1993.9201106876078
23617,1993.9201106876078
23618,1993.9201106876078
23619,1993.9201106876078
23620,1993.9201106876078
23621,1993.9201106876078
23622,1993.9201106876078
23623,1993.9201106876078
23624,1993.9201106876078
23625,1993.9201106876078
23626,1993.9201106876078
23627,1993.9201106876078
23628,1993.9201106876078
23629,1993.9201106876078
23630,1993.9201106876078
23631,1993.9201106876078
23632,1993.9201106876078
23633,1993.9201106876078
23634,1993.9201106876078
23635,1993.9201106876078
23636,1993.9201106876078
23637,1993.9201106876078
23638,1993.9201106876078
23639,1993.9201106876078
23640,1993.9201106876078
23641,1993.9201106876078
23642,1993.9201106876078
23643,1993.9201106876078
23644,1993.9201106876078
23645,1993.9201106876078
23646,1993.9201106876078
23647,1993.9201106876078
23648,1993.9201106876078
23649,1993.9201106876078
23650,1993.9201106876078
23651,1993.9201106876078
23652,1993.9201106876078
23653,1993.9201106876078
23654,1993.9201106876078
23655,1993.9201106876078
23656,1993.9201106876078
23657,1993.9201106876078
23658,1993.9201106876078
23659,1993.9201106876078
23660,1993.9201106876078
23661,1993.9201106876078
23662,1993.9201106876078
23663,1993.9201106876078
23664,1993.9201106876078
23665,1993.9201106876078
23666,1993.9201106876078
23667,1993.9201106876078
23668,1993.9201106876078
23669,1993.9201106876078
23670,1993.9201106876078
23671,1993.9201106876078
23672,1993.9201106876078
23673,1993.9201106876078
23674,1993.9201106876078
23675,1993.9201106876078
23676,1993.9201106876078
23677,1993.9201106876078
23678,1993.9201106876078
23679,1993.9201106876078
23680,1993.9201106876078
23681,1993.9201106876078
23682,1993.9201106876078
23683,1993.9201106876078
23684,1993.9201106876078
23685,1993.9201106876078
23686,1993.9201106876078
23687,1993.9201106876078
23688,1993.9201106876078
23689,1993.9201106876078
23690,1993.9201106876078
23691,1993.9201106876078
23692,1993.9201106876078
23693,1993.9201106876078
23694,1993.9201106876078
23695,1993.9201106876078
23696,1993.9201106876078
23697,1993.9201106876078
23698,1993.9201106876078
23699,1993.9201106876078
23700,1993.9201106876078
23701,1993.9201106876078
23702,1993.9201106876078
23703,1993.9201106876078
23704,1993.9201106876078
23705,1993.9201106876078
23706,1993.9201106876078
23707,1993.9201106876078
23708,1993.9201106876078
23709,1993.9201106876078
23710,1993.9201106876078
23711,1993.9201106876078
23712,1993.9201106876078
23713,1993.9201106876078
23714,1993.9201106876078
23715,1993.9201106876078
23716,1993.9201106876078
23717,1993.9201106876078
23718,1993.9201106876078
23719,1993.9201106876078
23720,1993.9201106876078
23721,1993.9201106876078
23722,1993.9201106876078
23723,1993.9201106876078
23724,1993.9201106876078
23725,1993.9201106876078
23726,1993.9201106876078
23727,1993.9201106876078
23728,1993.9201106876078
23729,1993.9201106876078
23730,1993.9201106876078
23731,1993.9201106876078
23732,1993.9201106876078
23733,1993.9201106876078
23734,1993.9201106876078
23735,1993.9201106876078
23736,1993.9201106876078
23737,1993.9201106876078
23738,1993.9201106876078
23739,1993.9201106876078
23740,1993.9201106876078
23741,1993.9201106876078
23742,1993.9201106876078
23743,1993.9201106876078
23744,1993.9201106876078
23745,1993.9201106876078
23746,1993.9201106876078
23747,1993.9201106876078
23748,1993.9201106876078
23749,1993.9201106876078
23750,1993.9201106876078
23751,1993.9201106876078
23752,1993.9201106876078
23753,1993.9201106876078
23754,1993.9201106876078
23755,1993.9201106876078
23756,1993.9201106876078
23757,1993.9201106876078
23758,1993.9201106876078
23759,1993.9201106876078
23760,1993.9201106876078
23761,1993.9201106876078
23762,1993.9201106876078
23763,1993.9201106876078
23764,1993.9201106876078
23765,1993.9201106876078
23766,1993.9201106876078
23767,1993.9201106876078
23768,1993.9201106876078
23769,1993.9201106876078
23770,1993.9201106876078
23771,1993.9201106876078
23772,1993.9201106876078
23773,1993.9201106876078
23774,1993.9201106876078
23775,1993.9201106876078
23776,1993.9201106876078
23777,1993.9201106876078
23778,1993.9201106876078
23779,1993.9201106876078
23780,1993.9201106876078
23781,1993.9201106876078
23782,1993.9201106876078
23783,1993.9201106876078
23784,1993.9201106876078
23785,1993.9201106876078
23786,1993.9201106876078
23787,1993.9201106876078
23788,1993.9201106876078
23789,1993.9201106876078
23790,1993.9201106876078
23791,1993.9201106876078
23792,1993.9201106876078
23793,1993.9201106876078
23794,1993.9201106876078
23795,1993.9201106876078
23796,1993.9201106876078
23797,1993.9201106876078
23798,1993.9201106876078
23799,1993.9201106876078
23800,1993.9201106876078
23801,1993.9201106876078
23802,1993.9201106876078
23803,1993.9201106876078
23804,1993.9201106876078
23805,1993.9201106876078
23806,1993.9201106876078
23807,1993.9201106876078
23808,1993.9201106876078
23809,1993.9201106876078
23810,1993.9201106876078
23811,1993.9201106876078
23812,1993.9201106876078
23813,1993.9201106876078
23814,1993.9201106876078
23815,1993.9201106876078
23816,1993.9201106876078
23817,1993.9201106876078
23818,1993.9201106876078
23819,1993.9201106876078
23820,1993.9201106876078
23821,1993.9201106876078
23822,1993.9201106876078
23823,1993.9201106876078
23824,1993.9201106876078
23825,1993.9201106876078
23826,1993.9201106876078
23827,1993.9201106876078
23828,1993.9201106876078
23829,1993.9201106876078
23830,1993.9201106876078
23831,1993.9201106876078
23832,1993.9201106876078
23833,1993.9201106876078
23834,1993.9201106876078
23835,1993.9201106876078
23836,1993.9201106876078
23837,1993.9201106876078
23838,1993.9201106876078
23839,1993.9201106876078
23840,1993.9201106876078
23841,1993.9201106876078
23842,1993.9201106876078
23843,1993.9201106876078
23844,1993.9201106876078
23845,1993.9201106876078
23846,1993.9201106876078
23847,1993.9201106876078
23848,1993.9201106876078
23849,1993.9201106876078
23850,1993.9201106876078
23851,1993.9201106876078
23852,1993.9201106876078
23853,1993.9201106876078
23854,1993.9201106876078
23855,1993.9201106876078
23856,1993.9201106876078
23857,1993.9201106876078
23858,1993.9201106876078
23859,1993.9201106876078
23860,1993.9201106876078
23861,1993.9201106876078
23862,1993.9201106876078
23863,1993.9201106876078
23864,1993.9201106876078
23865,1993.9201106876078
23866,1993.9201106876078
23867,1993.9201106876078
23868,1993.9201106876078
23869,1993.9201106876078
23870,1993.9201106876078
23871,1993.9201106876078
23872,1993.9201106876078
23873,1993.9201106876078
23874,1993.9201106876078
23875,1993.9201106876078
23876,1993.9201106876078
23877,1993.9201106876078
23878,1993.9201106876078
23879,1993.9201106876078
23880,1993.9201106876078
23881,1993.9201106876078
23882,1993.9201106876078
23883,1993.9201106876078
23884,1993.9201106876078
23885,1993.9201106876078
23886,1993.9201106876078
23887,1993.9201106876078
23888,1993.9201106876078
23889,1993.9201106876078
23890,1993.9201106876078
23891,1993.9201106876078
23892,1993.9201106876078
23893,1993.9201106876078
23894,1993.9201106876078
23895,1993.9201106876078
23896,1993.9201106876078
23897,1993.9201106876078
23898,1993.9201106876078
23899,1993.9201106876078
23900,1993.9201106876078
23901,1993.9201106876078
23902,1993.9201106876078
23903,1993.9201106876078
23904,1993.9201106876078
23905,1993.9201106876078
23906,1993.9201106876078
23907,1993.9201106876078
23908,1993.9201106876078
23909,1993.9201106876078
23910,1993.9201106876078
23911,1993.9201106876078
23912,1993.9201106876078
23913,1993.9201106876078
23914,1993.9201106876078
23915,1993.9201106876078
23916,1993.9201106876078
23917,1993.9201106876078
23918,1993.9201106876078
23919,1993.9201106876078
23920,1993.9201106876078
23921,1993.9201106876078
23922,1993.9201106876078
23923,1993.9201106876078
23924,1993.9201106876078
23925,1993.9201106876078
23926,1993.9201106876078
23927,1993.9201106876078
23928,1993.9201106876078
23929,1993.9201106876078
23930,1993.9201106876078
23931,1993.9201106876078
23932,1993.9201106876078
23933,1993.9201106876078
23934,1993.9201106876078
23935,1993.9201106876078
23936,1993.9201106876078
23937,1993.9201106876078
23938,1993.9201106876078
23939,1993.9201106876078
23940,1993.9201106876078
23941,1993.9201106876078
23942,1993.9201106876078
23943,1993.9201106876078
23944,1993.9201106876078
23945,1993.9201106876078
23946,1993.9201106876078
23947,1993.9201106876078
23948,1993.9201106876078
23949,1993.9201106876078
23950,1993.9201106876078
23951,1993.9201106876078
23952,1993.9201106876078
23953,1993.9201106876078
23954,1993.9201106876078
23955,1993.9201106876078
23956,1993.9201106876078
23957,1993.9201106876078
23958,1993.9201106876078
23959,1993.9201106876078
23960,1993.9201106876078
23961,1993.9201106876078
23962,1993.9201106876078
23963,1993.9201106876078
23964,1993.9201106876078
23965,1993.9201106876078
23966,1993.9201106876078
23967,1993.9201106876078
23968,1993.9201106876078
23969,1993.9201106876078
23970,1993.9201106876078
23971,1993.9201106876078
23972,1993.9201106876078
23973,1993.9201106876078
23974,1993.9201106876078
23975,1993.9201106876078
23976,1993.9201106876078
23977,1993.9201106876078
23978,1993.9201106876078
23979,1993.9201106876078
23980,1993.9201106876078
23981,1993.9201106876078
23982,1993.9201106876078
23983,1993.9201106876078
23984,1993.9201106876078
23985,1993.9201106876078
23986,1993.9201106876078
23987,1993.9201106876078
23988,1993.9201106876078
23989,1993.9201106876078
23990,1993.9201106876078
23991,1993.9201106876078
23992,1993.9201106876078
23993,1993.9201106876078
23994,1993.9201106876078
23995,1993.9201106876078
23996,1993.9201106876078
23997,1993.9201106876078
23998,1993.9201106876078
23999,1989.2838031148601
24000,1989.2838031148601
24001,1989.2838031148601
24002,1989.2838031148601
24003,1989.2838031148601
24004,1989.2838031148601
24005,1989.2838031148601
24006,1989.2838031148601
24007,1989.2838031148601
24008,1989.2838031148601
24009,1989.2838031148601
24010,1989.2838031148601
24011,1989.2838031148601
24012,1989.2838031148601
24013,1989.2838031148601
24014,1989.2838031148601
24015,1989.2838031148601
24016,1989.2838031148601
24017,1989.2838031148601
24018,1989.2838031148601
24019,1989.2838031148601
24020,1989.2838031148601
24021,1989.2838031148601
24022,1989.2838031148601
24023,1989.2838031148601
24024,1989.2838031148601
24025,1989.2838031148601
24026,1989.2838031148601
24027,1989.2838031148601
24028,1989.2838031148601
24029,1989.2838031148601
24030,1989.2838031148601
24031,1989.2838031148601
24032,1989.2838031148601
24033,1989.2838031148601
24034,1989.2838031148601
24035,1989.2838031148601
24036,1989.2838031148601
24037,1989.2838031148601
24038,1989.2838031148601
24039,1989.2838031148601
24040,1989.2838031148601
24041,1989.2838031148601
24042,1989.2838031148601
24043,1989.2838031148601
24044,1989.2838031148601
24045,1989.2838031148601
24046,1989.2838031148601
24047,1989.2838031148601
24048,1989.2838031148601
24049,1989.2838031148601
24050,1989.2838031148601
24051,1989.2838031148601
24052,1989.2838031148601
24053,1989.2838031148601
24054,1989.2838031148601
24055,1989.2838031148601
24056,1989.2838031148601
24057,1989.2838031148601
24058,1989.2838031148601
24059,1989.2838031148601
24060,1989.2838031148601
24061,1989.2838031148601
24062,1989.2838031148601
24063,1989.2838031148601
24064,1989.2838031148601
24065,1989.2838031148601
24066,1989.2838031148601
24067,1989.2838031148601
24068,1989.2838031148601
24069,1989.2838031148601
24070,1989.2838031148601
24071,1989.2838031148601
24072,1989.2838031148601
24073,1989.2838031148601
24074,1989.2838031148601
24075,1989.2838031148601
24076,1989.2838031148601
24077,1989.2838031148601
24078,1989.2838031148601
24079,1989.2838031148601
24080,1989.2838031148601
24081,1989.2838031148601
24082,1989.2838031148601
24083,1989.2838031148601
24084,1989.2838031148601
24085,1989.2838031148601
24086,1989.2838031148601
24087,1989.2838031148601
24088,1989.2838031148601
24089,1989.2838031148601
24090,1989.2838031148601
24091,1989.2838031148601
24092,1989.2838031148601
24093,1989.2838031148601
24094,1989.2838031148601
24095,1989.2838031148601
24096,1989.2838031148601
24097,1989.2838031148601
24098,1989.2838031148601
24099,1989.2838031148601
24100,1989.2838031148601
24101,1989.2838031148601
24102,1989.2838031148601
24103,1989.2838031148601
24104,1989.2838031148601
24105,1989.2838031148601
24106,1989.2838031148601
24107,1989.2838031148601
24108,1989.2838031148601
24109,1989.2838031148601
24110,1989.2838031148601
24111,1989.2838031148601
24112,1989.2838031148601
24113,1989.2838031148601
24114,1989.2838031148601
24115,1989.2838031148601
24116,1989.2838031148601
24117,1989.2838031148601
24118,1989.2838031148601
24119,1989.2838031148601
24120,1989.2838031148601
24121,1989.2838031148601
24122,1989.2838031148601
24123,1989.2838031148601
24124,1989.2838031148601
24125,1989.2838031148601
24126,1989.2838031148601
24127,1989.2838031148601
24128,1989.2838031148601
24129,1989.2838031148601
24130,1989.2838031148601
24131,1989.2838031148601
24132,1989.2838031148601
24133,1989.2838031148601
24134,1989.2838031148601
24135,1989.2838031148601
24136,1989.2838031148601
24137,1989.2838031148601
24138,1989.2838031148601
24139,1989.2838031148601
24140,1989.2838031148601
24141,1989.2838031148601
24142,1989.2838031148601
24143,1989.2838031148601
24144,1989.2838031148601
24145,1989.2838031148601
24146,1989.2838031148601
24147,1989.2838031148601
24148,1989.2838031148601
24149,1989.2838031148601
24150,1989.2838031148601
24151,1989.2838031148601
24152,1989.2838031148601
24153,1989.2838031148601
24154,1989.2838031148601
24155,1989.2838031148601
24156,1989.2838031148601
24157,1989.2838031148601
24158,1989.2838031148601
24159,1989.2838031148601
24160,1989.2838031148601
24161,1989.2838031148601
24162,1989.2838031148601
24163,1989.2838031148601
24164,1989.2838031148601
24165,1989.2838031148601
24166,1989.2838031148601
24167,1989.2838031148601
24168,1989.2838031148601
24169,1989.2838031148601
24170,1989.2838031148601
24171,1989.2838031148601
24172,1989.2838031148601
24173,1989.2838031148601
24174,1989.2838031148601
24175,1989.2838031148601
24176,1989.2838031148601
24177,1989.2838031148601
24178,1989.2838031148601
24179,1989.2838031148601
24180,1989.2838031148601
24181,1989.2838031148601
24182,1989.2838031148601
24183,1989.2838031148601
24184,1989.2838031148601
24185,1989.2838031148601
24186,1989.2838031148601
24187,1989.2838031148601
24188,1989.2838031148601
24189,1989.2838031148601
24190,1989.2838031148601
24191,1989.2838031148601
24192,1989.2838031148601
24193,1989.2838031148601
24194,1989.2838031148601
24195,1989.2838031148601
24196,1989.2838031148601
24197,1989.2838031148601
24198,1989.2838031148601
24199,1989.2838031148601
24200,1989.2838031148601
24201,1989.2838031148601
24202,1989.2838031148601
24203,1989.2838031148601
24204,1989.2838031148601
24205,1989.2838031148601
24206,1989.2838031148601
24207,1989.2838031148601
24208,1989.2838031148601
24209,1989.2838031148601
24210,1989.2838031148601
24211,1989.2838031148601
24212,1989.2838031148601
24213,1989.2838031148601
24214,1989.2838031148601
24215,1989.2838031148601
24216,1989.2838031148601
24217,1989.2838031148601
24218,1989.2838031148601
24219,1989.2838031148601
24220,1989.2838031148601
24221,1989.2838031148601
24222,1989.2838031148601
24223,1989.2838031148601
24224,1989.2838031148601
24225,1989.2838031148601
24226,1989.2838031148601
24227,1989.2838031148601
24228,1989.2838031148601
24229,1989.2838031148601
24230,1989.2838031148601
24231,1989.2838031148601
24232,1989.2838031148601
24233,1989.2838031148601
24234,1989.2838031148601
24235,1989.2838031148601
24236,1989.2838031148601
24237,1989.2838031148601
24238,1989.2838031148601
24239,1989.2838031148601
24240,1989.2838031148601
24241,1989.2838031148601
24242,1989.2838031148601
24243,1989.2838031148601
24244,1989.2838031148601
24245,1989.2838031148601
24246,1989.2838031148601
24247,1989.2838031148601
24248,1989.2838031148601
24249,1989.2838031148601
24250,1989.2838031148601
24251,1989.2838031148601
24252,1989.2838031148601
24253,1989.2838031148601
24254,1989.2838031148601
24255,1989.2838031148601
24256,1989.2838031148601
24257,1989.2838031148601
24258,1989.2838031148601
24259,1989.2838031148601
24260,1989.2838031148601
24261,1989.2838031148601
24262,1989.2838031148601
24263,1989.2838031148601
24264,1989.2838031148601
24265,1989.2838031148601
24266,1989.2838031148601
24267,1989.2838031148601
24268,1989.2838031148601
24269,1989.2838031148601
24270,1989.2838031148601
24271,1989.2838031148601
24272,1989.2838031148601
24273,1989.2838031148601
24274,1989.2838031148601
24275,1989.2838031148601
24276,1989.2838031148601
24277,1989.2838031148601
24278,1989.2838031148601
24279,1989.2838031148601
24280,1989.2838031148601
24281,1989.2838031148601
24282,1989.2838031148601
24283,1989.2838031148601
24284,1989.2838031148601
24285,1989.2838031148601
24286,1989.2838031148601
24287,1989.2838031148601
24288,1989.2838031148601
24289,1989.2838031148601
24290,1989.2838031148601
24291,1989.2838031148601
24292,1989.2838031148601
24293,1989.2838031148601
24294,1989.2838031148601
24295,1989.2838031148601
24296,1989.2838031148601
24297,1989.2838031148601
24298,1989.2838031148601
24299,1989.2838031148601
24300,1989.2838031148601
24301,1989.2838031148601
24302,1989.2838031148601
24303,1989.2838031148601
24304,1989.2838031148601
24305,1989.2838031148601
24306,1989.2838031148601
24307,1989.2838031148601
24308,1989.2838031148601
24309,1989.2838031148601
24310,1989.2838031148601
24311,1989.2838031148601
24312,1989.2838031148601
24313,1989.2838031148601
24314,1989.2838031148601
24315,1989.2838031148601
24316,1989.2838031148601
24317,1989.2838031148601
24318,1989.2838031148601
24319,1989.2838031148601
24320,1989.2838031148601
24321,1989.2838031148601
24322,1989.2838031148601
24323,1989.2838031148601
24324,1989.2838031148601
24325,1989.2838031148601
24326,1989.2838031148601
24327,1989.2838031148601
24328,1989.2838031148601
24329,1989.2838031148601
24330,1989.2838031148601
24331,1989.2838031148601
24332,1989.2838031148601
24333,1989.2838031148601
24334,1989.2838031148601
24335,1989.2838031148601
24336,1989.2838031148601
24337,1989.2838031148601
24338,1989.2838031148601
24339,1989.2838031148601
24340,1989.2838031148601
24341,1989.2838031148601
24342,1989.2838031148601
24343,1989.2838031148601
24344,1989.2838031148601
24345,1989.2838031148601
24346,1989.2838031148601
24347,1989.2838031148601
24348,1989.2838031148601
24349,1989.2838031148601
24350,1989.2838031148601
24351,1989.2838031148601
24352,1989.2838031148601
24353,1989.2838031148601
24354,1989.2838031148601
24355,1989.2838031148601
24356,1989.2838031148601
24357,1989.2838031148601
24358,1989.2838031148601
24359,1989.2838031148601
24360,1989.2838031148601
24361,1989.2838031148601
24362,1989.2838031148601
24363,1989.2838031148601
24364,1989.2838031148601
24365,1989.2838031148601
24366,1989.2838031148601
24367,1989.2838031148601
24368,1989.2838031148601
24369,1989.2838031148601
24370,1989.2838031148601
24371,1989.2838031148601
24372,1989.2838031148601
24373,1989.2838031148601
24374,1989.2838031148601
24375,1989.2838031148601
24376,1989.2838031148601
24377,1989.2838031148601
24378,1989.2838031148601
24379,1989.2838031148601
24380,1989.2838031148601
24381,1989.2838031148601
24382,1989.2838031148601
24383,1989.2838031148601
24384,1989.2838031148601
24385,1989.2838031148601
24386,1989.2838031148601
24387,1989.2838031148601
24388,1989.2838031148601
24389,1989.2838031148601
24390,1989.2838031148601
24391,1989.2838031148601
24392,1989.2838031148601
24393,1989.2838031148601
24394,1989.2838031148601
24395,1989.2838031148601
24396,1989.2838031148601
24397,1989.2838031148601
24398,1989.2838031148601
24399,1989.2838031148601
24400,1989.2838031148601
24401,1989.2838031148601
24402,1989.2838031148601
24403,1989.2838031148601
24404,1989.2838031148601
24405,1989.2838031148601
24406,1989.2838031148601
24407,1989.2838031148601
24408,1989.2838031148601
24409,1989.2838031148601
24410,1989.2838031148601
24411,1989.2838031148601
24412,1989.2838031148601
24413,1989.2838031148601
24414,1989.2838031148601
24415,1989.2838031148601
24416,1989.2838031148601
24417,1989.2838031148601
24418,1989.2838031148601
24419,1989.2838031148601
24420,1989.2838031148601
24421,1989.2838031148601
24422,1989.2838031148601
24423,1989.2838031148601
24424,1989.2838031148601
24425,1989.2838031148601
24426,1989.2838031148601
24427,1989.2838031148601
24428,1989.2838031148601
24429,1989.2838031148601
24430,1989.2838031148601
24431,1989.2838031148601
24432,1989.2838031148601
24433,1989.2838031148601
24434,1989.2838031148601
24435,1989.2838031148601
24436,1989.2838031148601
24437,1989.2838031148601
24438,1989.2838031148601
24439,1989.2838031148601
24440,1989.2838031148601
24441,1989.2838031148601
24442,1989.2838031148601
24443,1989.2838031148601
24444,1989.2838031148601
24445,1989.2838031148601
24446,1989.2838031148601
24447,1989.2838031148601
24448,1989.2838031148601
24449,1989.2838031148601
24450,1989.2838031148601
24451,1989.2838031148601
24452,1989.2838031148601
24453,1989.2838031148601
24454,1989.2838031148601
24455,1989.2838031148601
24456,1989.2838031148601
24457,1989.2838031148601
24458,1989.2838031148601
24459,1989.2838031148601
24460,1989.2838031148601
24461,1989.2838031148601
24462,1989.2838031148601
24463,1989.2838031148601
24464,1989.2838031148601
24465,1989.2838031148601
24466,1989.2838031148601
24467,1989.2838031148601
24468,1989.2838031148601
24469,1989.2838031148601
24470,1989.2838031148601
24471,1989.2838031148601
24472,1989.2838031148601
24473,1989.2838031148601
24474,1989.2838031148601
24475,1989.2838031148601
24476,1989.2838031148601
24477,1989.2838031148601
24478,1989.2838031148601
24479,1989.2838031148601
24480,1989.2838031148601
24481,1989.2838031148601
24482,1989.2838031148601
24483,1989.2838031148601
24484,1989.2838031148601
24485,1989.2838031148601
24486,1989.2838031148601
24487,1989.2838031148601
24488,1989.2838031148601
24489,1989.2838031148601
24490,1989.2838031148601
24491,1989.2838031148601
24492,1989.2838031148601
24493,1989.2838031148601
24494,1989.2838031148601
24495,1989.2838031148601
24496,1989.2838031148601
24497,1989.2838031148601
24498,1989.2838031148601
24499,1989.2838031148601
24500,1989.2838031148601
24501,1989.2838031148601
24502,1989.2838031148601
24503,1989.2838031148601
24504,1989.2838031148601
24505,1989.2838031148601
24506,1989.2838031148601
24507,1989.2838031148601
24508,1989.2838031148601
24509,1989.2838031148601
24510,1989.2838031148601
24511,1989.2838031148601
24512,1989.2838031148601
24513,1989.2838031148601
24514,1989.2838031148601
24515,1989.2838031148601
24516,1989.2838031148601
24517,1989.2838031148601
24518,1989.2838031148601
24519,1989.2838031148601
24520,1989.2838031148601
24521,1989.2838031148601
24522,1989.2838031148601
24523,1989.2838031148601
24524,1989.2838031148601
24525,1989.2838031148601
24526,1989.2838031148601
24527,1989.2838031148601
24528,1989.2838031148601
24529,1989.2838031148601
24530,1989.2838031148601
24531,1989.2838031148601
24532,1989.2838031148601
24533,1989.2838031148601
24534,1989.2838031148601
24535,1989.2838031148601
24536,1989.2838031148601
24537,1989.2838031148601
24538,1989.2838031148601
24539,1989.2838031148601
24540,1989.2838031148601
24541,1989.2838031148601
24542,1989.2838031148601
24543,1989.2838031148601
24544,1989.2838031148601
24545,1989.2838031148601
24546,1989.2838031148601
24547,1989.2838031148601
24548,1989.2838031148601
24549,1989.2838031148601
24550,1989.2838031148601
24551,1989.2838031148601
24552,1989.2838031148601
24553,1989.2838031148601
24554,1989.2838031148601
24555,1989.2838031148601
24556,1989.2838031148601
24557,1989.2838031148601
24558,1989.2838031148601
24559,1989.2838031148601
24560,1989.2838031148601
24561,1989.2838031148601
24562,1989.2838031148601
24563,1989.2838031148601
24564,1989.2838031148601
24565,1989.2838031148601
24566,1989.2838031148601
24567,1989.2838031148601
24568,1989.2838031148601
24569,1989.2838031148601
24570,1989.2838031148601
24571,1989.2838031148601
24572,1989.2838031148601
24573,1989.2838031148601
24574,1989.2838031148601
24575,1989.2838031148601
24576,1989.2838031148601
24577,1989.2838031148601
24578,1989.2838031148601
24579,1989.2838031148601
24580,1989.2838031148601
24581,1989.2838031148601
24582,1989.2838031148601
24583,1989.2838031148601
24584,1989.2838031148601
24585,1989.2838031148601
24586,1989.2838031148601
24587,1989.2838031148601
24588,1989.2838031148601
24589,1989.2838031148601
24590,1989.2838031148601
24591,1989.2838031148601
24592,1989.2838031148601
24593,1989.2838031148601
24594,1989.2838031148601
24595,1989.2838031148601
24596,1989.2838031148601
24597,1989.2838031148601
24598,1989.2838031148601
24599,1989.2838031148601
24600,1989.2838031148601
24601,1989.2838031148601
24602,1989.2838031148601
24603,1989.2838031148601
24604,1989.2838031148601
24605,1989.2838031148601
24606,1989.2838031148601
24607,1989.2838031148601
24608,1989.2838031148601
24609,1989.2838031148601
24610,1989.2838031148601
24611,1989.2838031148601
24612,1989.2838031148601
24613,1989.2838031148601
24614,1989.2838031148601
24615,1989.2838031148601
24616,1989.2838031148601
24617,1989.2838031148601
24618,1989.2838031148601
24619,1989.2838031148601
24620,1989.2838031148601
24621,1989.2838031148601
24622,1989.2838031148601
24623,1989.2838031148601
24624,1989.2838031148601
24625,1989.2838031148601
24626,1989.2838031148601
24627,1989.2838031148601
24628,1989.2838031148601
24629,1989.2838031148601
24630,1989.2838031148601
24631,1989.2838031148601
24632,1989.2838031148601
24633,1989.2838031148601
24634,1989.2838031148601
24635,1989.2838031148601
24636,1989.2838031148601
24637,1989.2838031148601
24638,1989.2838031148601
24639,1989.2838031148601
24640,1989.2838031148601
24641,1989.2838031148601
24642,1989.2838031148601
24643,1989.2838031148601
24644,1989.2838031148601
24645,1989.2838031148601
24646,1989.2838031148601
24647,1989.2838031148601
24648,1989.2838031148601
24649,1989.2838031148601
24650,1989.2838031148601
24651,1989.2838031148601
24652,1989.2838031148601
24653,1989.2838031148601
24654,1989.2838031148601
24655,1989.2838031148601
24656,1989.2838031148601
24657,1989.2838031148601
24658,1989.2838031148601
24659,1989.2838031148601
24660,1989.2838031148601
24661,1989.2838031148601
24662,1989.2838031148601
24663,1989.2838031148601
24664,1989.2838031148601
24665,1989.2838031148601
24666,1989.2838031148601
24667,1989.2838031148601
24668,1989.2838031148601
24669,1989.2838031148601
24670,1989.2838031148601
24671,1989.2838031148601
24672,1989.2838031148601
24673,1989.2838031148601
24674,1989.2838031148601
24675,1989.2838031148601
24676,1989.2838031148601
24677,1989.2838031148601
24678,1989.2838031148601
24679,1989.2838031148601
24680,1989.2838031148601
24681,1989.2838031148601
24682,1989.2838031148601
24683,1989.2838031148601
24684,1989.2838031148601
24685,1989.2838031148601
24686,1989.2838031148601
24687,1989.2838031148601
24688,1989.2838031148601
24689,1989.2838031148601
24690,1989.2838031148601
24691,1989.2838031148601
24692,1989.2838031148601
24693,1989.2838031148601
24694,1989.2838031148601
24695,1989.2838031148601
24696,1989.2838031148601
24697,1989.2838031148601
24698,1989.2838031148601
24699,1989.2838031148601
24700,1989.2838031148601
24701,1989.2838031148601
24702,1989.2838031148601
24703,1989.2838031148601
24704,1989.2838031148601
24705,1989.2838031148601
24706,1989.2838031148601
24707,1989.2838031148601
24708,1989.2838031148601
24709,1989.2838031148601
24710,1989.2838031148601
24711,1989.2838031148601
24712,1989.2838031148601
24713,1989.2838031148601
24714,1989.2838031148601
24715,1989.2838031148601
24716,1989.2838031148601
24717,1989.2838031148601
24718,1989.2838031148601
24719,1989.2838031148601
24720,1989.2838031148601
24721,1989.2838031148601
24722,1989.2838031148601
24723,1989.2838031148601
24724,1989.2838031148601
24725,1989.2838031148601
24726,1989.2838031148601
24727,1989.2838031148601
24728,1989.2838031148601
24729,1989.2838031148601
24730,1989.2838031148601
24731,1989.2838031148601
24732,1989.2838031148601
24733,1989.2838031148601
24734,1989.2838031148601
24735,1989.2838031148601
24736,1989.2838031148601
24737,1989.2838031148601
24738,1989.2838031148601
24739,1989.2838031148601
24740,1989.2838031148601
24741,1989.2838031148601
24742,1989.2838031148601
24743,1989.2838031148601
24744,1989.2838031148601
24745,1989.2838031148601
24746,1989.2838031148601
24747,1989.2838031148601
24748,1989.2838031148601
24749,1989.2838031148601
24750,1989.2838031148601
24751,1989.2838031148601
24752,1989.2838031148601
24753,1989.2838031148601
24754,1989.2838031148601
24755,1989.2838031148601
24756,1989.2838031148601
24757,1989.2838031148601
24758,1989.2838031148601
24759,1989.2838031148601
24760,1989.2838031148601
24761,1989.2838031148601
24762,1989.2838031148601
24763,1989.2838031148601
24764,1989.2838031148601
24765,1989.2838031148601
24766,1989.2838031148601
24767,1989.2838031148601
24768,1989.2838031148601
24769,1989.2838031148601
24770,1989.2838031148601
24771,1989.2838031148601
24772,1989.2838031148601
24773,1989.2838031148601
24774,1989.2838031148601
24775,1989.2838031148601
24776,1989.2838031148601
24777,1989.2838031148601
24778,1989.2838031148601
24779,1989.2838031148601
24780,1989.2838031148601
24781,1989.2838031148601
24782,1989.2838031148601
24783,1989.2838031148601
24784,1989.2838031148601
24785,1989.2838031148601
24786,1989.2838031148601
24787,1989.2838031148601
24788,1989.2838031148601
24789,1989.2838031148601
24790,1989.2838031148601
24791,1989.2838031148601
24792,1989.2838031148601
24793,1989.2838031148601
24794,1989.2838031148601
24795,1989.2838031148601
24796,1989.2838031148601
24797,1989.2838031148601
24798,1989.2838031148601
24799,1989.2838031148601
24800,1989.2838031148601
24801,1989.2838031148601
24802,1989.2838031148601
24803,1989.2838031148601
24804,1989.2838031148601
24805,1989.2838031148601
24806,1989.2838031148601
24807,1989.2838031148601
24808,1989.2838031148601
24809,1989.2838031148601
24810,1989.2838031148601
24811,1989.2838031148601
24812,1989.2838031148601
24813,1989.2838031148601
24814,1989.2838031148601
24815,1989.2838031148601
24816,1989.2838031148601
24817,1989.2838031148601
24818,1989.2838031148601
24819,1989.2838031148601
24820,1989.2838031148601
24821,1989.2838031148601
24822,1989.2838031148601
24823,1989.2838031148601
24824,1989.2838031148601
24825,1989.2838031148601
24826,1989.2838031148601
24827,1989.2838031148601
24828,1989.2838031148601
24829,1989.2838031148601
24830,1989.2838031148601
24831,1989.2838031148601
24832,1989.2838031148601
24833,1989.2838031148601
24834,1989.2838031148601
24835,1989.2838031148601
24836,1989.2838031148601
24837,1989.2838031148601
24838,1989.2838031148601
24839,1989.2838031148601
24840,1989.2838031148601
24841,1989.2838031148601
24842,1989.2838031148601
24843,1989.2838031148601
24844,1989.2838031148601
24845,1989.2838031148601
24846,1989.2838031148601
24847,1989.2838031148601
24848,1989.2838031148601
24849,1989.2838031148601
24850,1989.2838031148601
24851,1989.2838031148601
24852,1989.2838031148601
24853,1989.2838031148601
24854,1989.2838031148601
24855,1989.2838031148601
24856,1989.2838031148601
24857,1989.2838031148601
24858,1989.2838031148601
24859,1989.2838031148601
24860,1989.2838031148601
24861,1989.2838031148601
24862,1989.2838031148601
24863,1989.2838031148601
24864,1989.2838031148601
24865,1989.2838031148601
24866,1989.2838031148601
24867,1989.2838031148601
24868,1989.2838031148601
24869,1989.2838031148601
24870,1989.2838031148601
24871,1989.2838031148601
24872,1989.2838031148601
24873,1989.2838031148601
24874,1989.2838031148601
24875,1989.2838031148601
24876,1989.2838031148601
24877,1989.2838031148601
24878,1989.2838031148601
24879,1989.2838031148601
24880,1989.2838031148601
24881,1989.2838031148601
24882,1989.2838031148601
24883,1989.2838031148601
24884,1989.2838031148601
24885,1989.2838031148601
24886,1989.2838031148601
24887,1989.2838031148601
24888,1989.2838031148601
24889,1989.2838031148601
24890,1989.2838031148601
24891,1989.2838031148601
24892,1989.2838031148601
24893,1989.2838031148601
24894,1989.2838031148601
24895,1989.2838031148601
24896,1989.2838031148601
24897,1989.2838031148601
24898,1989.2838031148601
24899,1989.2838031148601
24900,1989.2838031148601
24901,1989.2838031148601
24902,1989.2838031148601
24903,1989.2838031148601
24904,1989.2838031148601
24905,1989.2838031148601
24906,1989.2838031148601
24907,1989.2838031148601
24908,1989.2838031148601
24909,1989.2838031148601
24910,1989.2838031148601
24911,1989.2838031148601
24912,1989.2838031148601
24913,1989.2838031148601
24914,1989.2838031148601
24915,1989.2838031148601
24916,1989.2838031148601
24917,1989.2838031148601
24918,1989.2838031148601
24919,1989.2838031148601
24920,1989.2838031148601
24921,1989.2838031148601
24922,1989.2838031148601
24923,1989.2838031148601
24924,1989.2838031148601
24925,1989.2838031148601
24926,1989.2838031148601
24927,1989.2838031148601
24928,1989.2838031148601
24929,1989.2838031148601
24930,1989.2838031148601
24931,1989.2838031148601
24932,1989.2838031148601
24933,1989.2838031148601
24934,1989.2838031148601
24935,1989.2838031148601
24936,1989.2838031148601
24937,1989.2838031148601
24938,1989.2838031148601
24939,1989.2838031148601
24940,1989.2838031148601
24941,1989.2838031148601
24942,1989.2838031148601
24943,1989.2838031148601
24944,1989.2838031148601
24945,1989.2838031148601
24946,1989.2838031148601
24947,1989.2838031148601
24948,1989.2838031148601
24949,1989.2838031148601
24950,1989.2838031148601
24951,1989.2838031148601
24952,1989.2838031148601
24953,1989.2838031148601
24954,1989.2838031148601
24955,1989.2838031148601
24956,1989.2838031148601
24957,1989.2838031148601
24958,1989.2838031148601
24959,1989.2838031148601
24960,1989.2838031148601
24961,1989.2838031148601
24962,1989.2838031148601
24963,1989.2838031148601
24964,1989.2838031148601
24965,1989.2838031148601
24966,1989.2838031148601
24967,1989.2838031148601
24968,1989.2838031148601
24969,1989.2838031148601
24970,1989.2838031148601
24971,1989.2838031148601
24972,1989.2838031148601
24973,1989.2838031148601
24974,1989.2838031148601
24975,1989.2838031148601
24976,1989.2838031148601
24977,1989.2838031148601
24978,1989.2838031148601
24979,1989.2838031148601
24980,1989.2838031148601
24981,1989.2838031148601
24982,1989.2838031148601
24983,1989.2838031148601
24984,1989.2838031148601
24985,1989.2838031148601
24986,1989.2838031148601
24987,1989.2838031148601
24988,1989.2838031148601
24989,1989.2838031148601
24990,1989.2838031148601
24991,1989.2838031148601
24992,1989.2838031148601
24993,1989.2838031148601
24994,1989.2838031148601
24995,1989.2838031148601
24996,1989.2838031148601
24997,1989.2838031148601
24998,1989.2838031148601
24999,1989.2838031148601
25000,1989.2838031148601
25001,1989.2838031148601
25002,1989.2838031148601
25003,1989.2838031148601
25004,1989.2838031148601
25005,1989.2838031148601
25006,1989.2838031148601
25007,1989.2838031148601
25008,1989.2838031148601
25009,1989.2838031148601
25010,1989.2838031148601
25011,1989.2838031148601
25012,1989.2838031148601
25013,1989.2838031148601
25014,1989.2838031148601
25015,1989.2838031148601
25016,1989.2838031148601
25017,1989.2838031148601
25018,1989.2838031148601
25019,1989.2838031148601
25020,1989.2838031148601
25021,1989.2838031148601
25022,1989.2838031148601
25023,1989.2838031148601
25024,1989.2838031148601
25025,1989.2838031148601
25026,1989.2838031148601
25027,1989.2838031148601
25028,1989.2838031148601
25029,1989.2838031148601
25030,1989.2838031148601
25031,1989.2838031148601
25032,1989.2838031148601
25033,1989.2838031148601
25034,1989.2838031148601
25035,1989.2838031148601
25036,1989.2838031148601
25037,1989.2838031148601
25038,1989.2838031148601
25039,1989.2838031148601
25040,1989.2838031148601
25041,1989.2838031148601
25042,1989.2838031148601
25043,1989.2838031148601
25044,1989.2838031148601
25045,1989.2838031148601
25046,1989.2838031148601
25047,1989.2838031148601
25048,1989.2838031148601
25049,1989.2838031148601
25050,1989.2838031148601
25051,1989.2838031148601
25052,1989.2838031148601
25053,1989.2838031148601
25054,1989.2838031148601
25055,1989.2838031148601
25056,1989.2838031148601
25057,1989.2838031148601
25058,1989.2838031148601
25059,1989.2838031148601
25060,1989.2838031148601
25061,1989.2838031148601
25062,1989.2838031148601
25063,1989.2838031148601
25064,1989.2838031148601
25065,1989.2838031148601
25066,1989.2838031148601
25067,1989.2838031148601
25068,1989.2838031148601
25069,1989.2838031148601
25070,1989.2838031148601
25071,1989.2838031148601
25072,1989.2838031148601
25073,1989.2838031148601
25074,1989.2838031148601
25075,1989.2838031148601
25076,1989.2838031148601
25077,1989.2838031148601
25078,1989.2838031148601
25079,1989.2838031148601
25080,1989.2838031148601
25081,1989.2838031148601
25082,1989.2838031148601
25083,1989.2838031148601
25084,1989.2838031148601
25085,1989.2838031148601
25086,1989.2838031148601
25087,1989.2838031148601
25088,1989.2838031148601
25089,1989.2838031148601
25090,1989.2838031148601
25091,1989.2838031148601
25092,1989.2838031148601
25093,1989.2838031148601
25094,1989.2838031148601
25095,1989.2838031148601
25096,1989.2838031148601
25097,1989.2838031148601
25098,1989.2838031148601
25099,1989.2838031148601
25100,1989.2838031148601
25101,1989.2838031148601
25102,1989.2838031148601
25103,1989.2838031148601
25104,1989.2838031148601
25105,1989.2838031148601
25106,1989.2838031148601
25107,1989.2838031148601
25108,1989.2838031148601
25109,1989.2838031148601
25110,1989.2838031148601
25111,1989.2838031148601
25112,1989.2838031148601
25113,1989.2838031148601
25114,1989.2838031148601
25115,1989.2838031148601
25116,1989.2838031148601
25117,1989.2838031148601
25118,1989.2838031148601
25119,1989.2838031148601
25120,1989.2838031148601
25121,1989.2838031148601
25122,1989.2838031148601
25123,1989.2838031148601
25124,1989.2838031148601
25125,1989.2838031148601
25126,1989.2838031148601
25127,1989.2838031148601
25128,1989.2838031148601
25129,1989.2838031148601
25130,1989.2838031148601
25131,1989.2838031148601
25132,1989.2838031148601
25133,1989.2838031148601
25134,1989.2838031148601
25135,1989.2838031148601
25136,1989.2838031148601
25137,1989.2838031148601
25138,1989.2838031148601
25139,1989.2838031148601
25140,1989.2838031148601
25141,1989.2838031148601
25142,1989.2838031148601
25143,1989.2838031148601
25144,1989.2838031148601
25145,1989.2838031148601
25146,1989.2838031148601
25147,1989.2838031148601
25148,1989.2838031148601
25149,1989.2838031148601
25150,1989.2838031148601
25151,1989.2838031148601
25152,1989.2838031148601
25153,1989.2838031148601
25154,1989.2838031148601
25155,1989.2838031148601
25156,1989.2838031148601
25157,1989.2838031148601
25158,1989.2838031148601
25159,1989.2838031148601
25160,1989.2838031148601
25161,1989.2838031148601
25162,1989.2838031148601
25163,1989.2838031148601
25164,1989.2838031148601
25165,1989.2838031148601
25166,1989.2838031148601
25167,1989.2838031148601
25168,1989.2838031148601
25169,1989.2838031148601
25170,1989.2838031148601
25171,1989.2838031148601
25172,1989.2838031148601
25173,1989.2838031148601
25174,1989.2838031148601
25175,1989.2838031148601
25176,1989.2838031148601
25177,1989.2838031148601
25178,1989.2838031148601
25179,1989.2838031148601
25180,1989.2838031148601
25181,1989.2838031148601
25182,1989.2838031148601
25183,1989.2838031148601
25184,1989.2838031148601
25185,1989.2838031148601
25186,1989.2838031148601
25187,1989.2838031148601
25188,1989.2838031148601
25189,1989.2838031148601
25190,1989.2838031148601
25191,1989.2838031148601
25192,1989.2838031148601
25193,1989.2838031148601
25194,1989.2838031148601
25195,1989.2838031148601
25196,1989.2838031148601
25197,1989.2838031148601
25198,1989.2838031148601
25199,1989.2838031148601
25200,1989.2838031148601
25201,1989.2838031148601
25202,1989.2838031148601
25203,1989.2838031148601
25204,1989.2838031148601
25205,1989.2838031148601
25206,1989.2838031148601
25207,1989.2838031148601
25208,1989.2838031148601
25209,1989.2838031148601
25210,1989.2838031148601
25211,1989.2838031148601
25212,1989.2838031148601
25213,1989.2838031148601
25214,1989.2838031148601
25215,1989.2838031148601
25216,1989.2838031148601
25217,1989.2838031148601
25218,1989.2838031148601
25219,1989.2838031148601
25220,1989.2838031148601
25221,1989.2838031148601
25222,1989.2838031148601
25223,1989.2838031148601
25224,1989.2838031148601
25225,1989.2838031148601
25226,1989.2838031148601
25227,1989.2838031148601
25228,1989.2838031148601
25229,1989.2838031148601
25230,1989.2838031148601
25231,1989.2838031148601
25232,1989.2838031148601
25233,1989.2838031148601
25234,1989.2838031148601
25235,1989.2838031148601
25236,1989.2838031148601
25237,1989.2838031148601
25238,1989.2838031148601
25239,1989.2838031148601
25240,1989.2838031148601
25241,1989.2838031148601
25242,1989.2838031148601
25243,1989.2838031148601
25244,1989.2838031148601
25245,1989.2838031148601
25246,1989.2838031148601
25247,1989.2838031148601
25248,1989.2838031148601
25249,1989.2838031148601
25250,1989.2838031148601
25251,1989.2838031148601
25252,1989.2838031148601
25253,1989.2838031148601
25254,1989.2838031148601
25255,1989.2838031148601
25256,1989.2838031148601
25257,1989.2838031148601
25258,1989.2838031148601
25259,1989.2838031148601
25260,1989.2838031148601
25261,1989.2838031148601
25262,1989.2838031148601
25263,1989.2838031148601
25264,1989.2838031148601
25265,1989.2838031148601
25266,1989.2838031148601
25267,1989.2838031148601
25268,1989.2838031148601
25269,1989.2838031148601
25270,1989.2838031148601
25271,1989.2838031148601
25272,1989.2838031148601
25273,1989.2838031148601
25274,1989.2838031148601
25275,1989.2838031148601
25276,1989.2838031148601
25277,1989.2838031148601
25278,1989.2838031148601
25279,1989.2838031148601
25280,1989.2838031148601
25281,1989.2838031148601
25282,1989.2838031148601
25283,1989.2838031148601
25284,1989.2838031148601
25285,1989.2838031148601
25286,1989.2838031148601
25287,1989.2838031148601
25288,1989.2838031148601
25289,1989.2838031148601
25290,1989.2838031148601
25291,1989.2838031148601
25292,1989.2838031148601
25293,1989.2838031148601
25294,1989.2838031148601
25295,1989.2838031148601
25296,1989.2838031148601
25297,1989.2838031148601
25298,1989.2838031148601
25299,1989.2838031148601
25300,1989.2838031148601
25301,1989.2838031148601
25302,1989.2838031148601
25303,1983.4427120018927
25304,1983.4427120018927
25305,1983.4427120018927
25306,1983.4427120018927
25307,1983.4427120018927
25308,1983.4427120018927
25309,1983.4427120018927
25310,1983.4427120018927
25311,1983.4427120018927
25312,1983.4427120018927
25313,1983.4427120018927
25314,1983.4427120018927
25315,1983.4427120018927
25316,1983.4427120018927
25317,1983.4427120018927
25318,1983.4427120018927
25319,1983.4427120018927
25320,1983.4427120018927
25321,1983.4427120018927
25322,1983.4427120018927
25323,1983.4427120018927
25324,1983.4427120018927
25325,1983.4427120018927
25326,1983.4427120018927
25327,1983.4427120018927
25328,1983.4427120018927
25329,1983.4427120018927
25330,1983.4427120018927
25331,1983.4427120018927
25332,1983.4427120018927
25333,1983.4427120018927
25334,1983.4427120018927
25335,1983.4427120018927
25336,1983.4427120018927
25337,1983.4427120018927
25338,1983.4427120018927
25339,1983.4427120018927
25340,1983.4427120018927
25341,1983.4427120018927
25342,1983.4427120018927
25343,1983.4427120018927
25344,1983.4427120018927
25345,1983.4427120018927
25346,1983.4427120018927
25347,1983.4427120018927
25348,1983.4427120018927
25349,1983.4427120018927
25350,1983.4427120018927
25351,1983.4427120018927
25352,1983.4427120018927
25353,1983.4427120018927
25354,1983.4427120018927
25355,1983.4427120018927
25356,1983.4427120018927
25357,1983.4427120018927
25358,1983.4427120018927
25359,1983.4427120018927
25360,1983.4427120018927
25361,1983.4427120018927
25362,1983.4427120018927
25363,1983.4427120018927
25364,1983.4427120018927
25365,1983.4427120018927
25366,1983.4427120018927
25367,1983.4427120018927
25368,1983.4427120018927
25369,1983.4427120018927
25370,1983.4427120018927
25371,1983.4427120018927
25372,1983.4427120018927
25373,1983.4427120018927
25374,1983.4427120018927
25375,1983.4427120018927
25376,1983.4427120018927
25377,1983.4427120018927
25378,1983.4427120018927
25379,1983.4427120018927
25380,1983.4427120018927
25381,1983.4427120018927
25382,1983.4427120018927
25383,1983.4427120018927
25384,1983.4427120018927
25385,1983.4427120018927
25386,1983.4427120018927
25387,1983.4427120018927
25388,1983.4427120018927
25389,1983.4427120018927
25390,1983.4427120018927
25391,1983.4427120018927
25392,1983.4427120018927
25393,1983.4427120018927
25394,1983.4427120018927
25395,1983.4427120018927
25396,1983.4427120018927
25397,1983.4427120018927
25398,1983.4427120018927
25399,1983.4427120018927
25400,1983.4427120018927
25401,1983.4427120018927
25402,1983.4427120018927
25403,1983.4427120018927
25404,1983.4427120018927
25405,1983.4427120018927
25406,1983.4427120018927
25407,1983.4427120018927
25408,1983.4427120018927
25409,1983.4427120018927
25410,1983.4427120018927
25411,1983.4427120018927
25412,1983.4427120018927
25413,1983.4427120018927
25414,1983.4427120018927
25415,1983.4427120018927
25416,1983.4427120018927
25417,1983.4427120018927
25418,1983.4427120018927
25419,1983.4427120018927
25420,1983.4427120018927
25421,1983.4427120018927
25422,1983.4427120018927
25423,1983.4427120018927
25424,1983.4427120018927
25425,1983.4427120018927
25426,1983.4427120018927
25427,1983.4427120018927
25428,1983.4427120018927
25429,1983.4427120018927
25430,1983.4427120018927
25431,1983.4427120018927
25432,1983.4427120018927
25433,1983.4427120018927
25434,1983.4427120018927
25435,1983.4427120018927
25436,1983.4427120018927
25437,1983.4427120018927
25438,1983.4427120018927
25439,1983.4427120018927
25440,1983.4427120018927
25441,1983.4427120018927
25442,1983.4427120018927
25443,1983.4427120018927
25444,1983.4427120018927
25445,1983.4427120018927
25446,1983.4427120018927
25447,1983.4427120018927
25448,1983.4427120018927
25449,1983.4427120018927
25450,1983.4427120018927
25451,1983.4427120018927
25452,1983.4427120018927
25453,1983.4427120018927
25454,1983.4427120018927
25455,1983.4427120018927
25456,1983.4427120018927
25457,1983.4427120018927
25458,1983.4427120018927
25459,1983.4427120018927
25460,1983.4427120018927
25461,1983.4427120018927
25462,1983.4427120018927
25463,1983.4427120018927
25464,1983.4427120018927
25465,1983.4427120018927
25466,1983.4427120018927
25467,1983.4427120018927
25468,1983.4427120018927
25469,1983.4427120018927
25470,1983.4427120018927
25471,1983.4427120018927
25472,1983.4427120018927
25473,1983.4427120018927
25474,1983.4427120018927
25475,1983.4427120018927
25476,1983.4427120018927
25477,1983.4427120018927
25478,1983.4427120018927
25479,1983.4427120018927
25480,1983.4427120018927
25481,1983.4427120018927
25482,1983.4427120018927
25483,1983.4427120018927
25484,1983.4427120018927
25485,1983.4427120018927
25486,1983.4427120018927
25487,1983.4427120018927
25488,1983.4427120018927
25489,1983.4427120018927
25490,1983.4427120018927
25491,1983.4427120018927
25492,1983.4427120018927
25493,1983.4427120018927
25494,1983.4427120018927
25495,1983.4427120018927
25496,1983.4427120018927
25497,1983.4427120018927
25498,1983.4427120018927
25499,1983.4427120018927
25500,1983.4427120018927
25501,1983.4427120018927
25502,1983.4427120018927
25503,1983.4427120018927
25504,1983.4427120018927
25505,1983.4427120018927
25506,1983.4427120018927
25507,1983.4427120018927
25508,1983.4427120018927
25509,1983.4427120018927
25510,1983.4427120018927
25511,1983.4427120018927
25512,1983.4427120018927
25513,1983.4427120018927
25514,1983.4427120018927
25515,1983.4427120018927
25516,1983.4427120018927
25517,1983.4427120018927
25518,1983.4427120018927
25519,1983.4427120018927
25520,1983.4427120018927
25521,1983.4427120018927
25522,1983.4427120018927
25523,1983.4427120018927
25524,1983.4427120018927
25525,1983.4427120018927
25526,1983.4427120018927
25527,1983.4427120018927
25528,1983.4427120018927
25529,1983.4427120018927
25530,1983.4427120018927
25531,1983.4427120018927
25532,1983.4427120018927
25533,1983.4427120018927
25534,1983.4427120018927
25535,1983.4427120018927
25536,1983.4427120018927
25537,1983.4427120018927
25538,1983.4427120018927
25539,1983.4427120018927
25540,1983.4427120018927
25541,1983.4427120018927
25542,1983.4427120018927
25543,1983.4427120018927
25544,1983.4427120018927
25545,1983.4427120018927
25546,1983.4427120018927
25547,1983.4427120018927
25548,1983.4427120018927
25549,1983.4427120018927
25550,1983.4427120018927
25551,1983.4427120018927
25552,1983.4427120018927
25553,1983.4427120018927
25554,1983.4427120018927
25555,1983.4427120018927
25556,1983.4427120018927
25557,1983.4427120018927
25558,1983.4427120018927
25559,1983.4427120018927
25560,1983.4427120018927
25561,1983.4427120018927
25562,1983.4427120018927
25563,1983.4427120018927
25564,1983.4427120018927
25565,1983.4427120018927
25566,1983.4427120018927
25567,1983.4427120018927
25568,1983.4427120018927
25569,1983.4427120018927
25570,1983.4427120018927
25571,1983.4427120018927
25572,1983.4427120018927
25573,1983.4427120018927
25574,1983.4427120018927
25575,1983.4427120018927
25576,1983.4427120018927
25577,1983.4427120018927
25578,1983.4427120018927
25579,1983.4427120018927
25580,1983.4427120018927
25581,1983.4427120018927
25582,1983.4427120018927
25583,1983.4427120018927
25584,1983.4427120018927
25585,1983.4427120018927
25586,1983.4427120018927
25587,1983.4427120018927
25588,1983.4427120018927
25589,1983.4427120018927
25590,1983.4427120018927
25591,1983.4427120018927
25592,1983.4427120018927
25593,1983.4427120018927
25594,1983.4427120018927
25595,1983.4427120018927
25596,1983.4427120018927
25597,1983.4427120018927
25598,1983.4427120018927
25599,1983.4427120018927
25600,1983.4427120018927
25601,1983.4427120018927
25602,1983.4427120018927
25603,1983.4427120018927
25604,1983.4427120018927
25605,1983.4427120018927
25606,1983.4427120018927
25607,1983.4427120018927
25608,1983.4427120018927
25609,1983.4427120018927
25610,1983.4427120018927
25611,1983.4427120018927
25612,1983.4427120018927
25613,1983.4427120018927
25614,1983.4427120018927
25615,1983.4427120018927
25616,1983.4427120018927
25617,1983.4427120018927
25618,1983.4427120018927
25619,1983.4427120018927
25620,1983.4427120018927
25621,1983.4427120018927
25622,1983.4427120018927
25623,1983.4427120018927
25624,1983.4427120018927
25625,1983.4427120018927
25626,1983.4427120018927
25627,1983.4427120018927
25628,1983.4427120018927
25629,1983.4427120018927
25630,1983.4427120018927
25631,1983.4427120018927
25632,1983.4427120018927
25633,1983.4427120018927
25634,1983.4427120018927
25635,1983.4427120018927
25636,1983.4427120018927
25637,1983.4427120018927
25638,1983.4427120018927
25639,1983.4427120018927
25640,1983.4427120018927
25641,1983.4427120018927
25642,1983.4427120018927
25643,1983.4427120018927
25644,1983.4427120018927
25645,1983.4427120018927
25646,1983.4427120018927
25647,1983.4427120018927
25648,1983.4427120018927
25649,1983.4427120018927
25650,1983.4427120018927
25651,1983.4427120018927
25652,1983.4427120018927
25653,1983.4427120018927
25654,1983.4427120018927
25655,1983.4427120018927
25656,1983.4427120018927
25657,1983.4427120018927
25658,1983.4427120018927
25659,1983.4427120018927
25660,1983.4427120018927
25661,1983.4427120018927
25662,1983.4427120018927
25663,1983.4427120018927
25664,1983.4427120018927
25665,1983.4427120018927
25666,1983.4427120018927
25667,1983.4427120018927
25668,1983.4427120018927
25669,1983.4427120018927
25670,1983.4427120018927
25671,1983.4427120018927
25672,1983.4427120018927
25673,1983.4427120018927
25674,1983.4427120018927
25675,1983.4427120018927
25676,1983.4427120018927
25677,1983.4427120018927
25678,1983.4427120018927
25679,1983.4427120018927
25680,1983.4427120018927
25681,1983.4427120018927
25682,1983.4427120018927
25683,1983.4427120018927
25684,1983.4427120018927
25685,1983.4427120018927
25686,1983.4427120018927
25687,1983.4427120018927
25688,1983.4427120018927
25689,1983.4427120018927
25690,1983.4427120018927
25691,1983.4427120018927
25692,1983.4427120018927
25693,1983.4427120018927
25694,1983.4427120018927
25695,1983.4427120018927
25696,1983.4427120018927
25697,1982.3813512255315
25698,1982.3813512255315
25699,1982.3813512255315
25700,1982.3813512255315
25701,1982.3813512255315
25702,1982.3813512255315
25703,1982.3813512255315
25704,1982.3813512255315
25705,1982.3813512255315
25706,1982.3813512255315
25707,1982.3813512255315
25708,1982.3813512255315
25709,1982.3813512255315
25710,1982.3813512255315
25711,1982.3813512255315
25712,1982.3813512255315
25713,1982.3813512255315
25714,1982.3813512255315
25715,1982.3813512255315
25716,1982.3813512255315
25717,1982.3813512255315
25718,1982.3813512255315
25719,1982.3813512255315
25720,1982.3813512255315
25721,1982.3813512255315
25722,1982.3813512255315
25723,1982.3813512255315
25724,1982.3813512255315
25725,1982.3813512255315
25726,1982.3813512255315
25727,1982.3813512255315
25728,1982.3813512255315
25729,1982.3813512255315
25730,1982.3813512255315
25731,1982.3813512255315
25732,1982.3813512255315
25733,1982.3813512255315
25734,1982.3813512255315
25735,1982.3813512255315
25736,1982.3813512255315
25737,1982.3813512255315
25738,1982.3813512255315
25739,1982.3813512255315
25740,1982.3813512255315
25741,1982.3813512255315
25742,1982.3813512255315
25743,1982.3813512255315
25744,1982.3813512255315
25745,1982.3813512255315
25746,1982.3813512255315
25747,1982.3813512255315
25748,1982.3813512255315
25749,1982.3813512255315
25750,1982.3813512255315
25751,1982.3813512255315
25752,1982.3813512255315
25753,1982.3813512255315
25754,1982.3813512255315
25755,1982.3813512255315
25756,1982.3813512255315
25757,1982.3813512255315
25758,1982.3813512255315
25759,1968.2854565603704
25760,1968.2854565603704
25761,1968.2854565603704
25762,1968.2854565603704
25763,1968.2854565603704
25764,1968.2854565603704
25765,1968.2854565603704
25766,1968.2854565603704
25767,1968.2854565603704
25768,1968.2854565603704
25769,1968.2854565603704
25770,1968.2854565603704
25771,1968.2854565603704
25772,1968.2854565603704
25773,1968.2854565603704
25774,1968.2854565603704
25775,1968.2854565603704
25776,1968.2854565603704
25777,1968.2854565603704
25778,1968.2854565603704
25779,1968.2854565603704
25780,1968.2854565603704
25781,1968.2854565603704
25782,1968.2854565603704
25783,1968.2854565603704
25784,1968.2854565603704
25785,1968.2854565603704
25786,1968.2854565603704
25787,1968.2854565603704
25788,1968.2854565603704
25789,1968.2854565603704
25790,1968.2854565603704
25791,1968.2854565603704
25792,1968.2854565603704
25793,1968.2854565603704
25794,1968.2854565603704
25795,1968.2854565603704
25796,1968.2854565603704
25797,1968.2854565603704
25798,1968.2854565603704
25799,1968.2854565603704
25800,1968.2854565603704
25801,1968.2854565603704
25802,1968.2854565603704
25803,1968.2854565603704
25804,1968.2854565603704
25805,1968.2854565603704
25806,1968.2854565603704
25807,1968.2854565603704
25808,1968.2854565603704
25809,1968.2854565603704
25810,1968.2854565603704
25811,1968.2854565603704
25812,1968.2854565603704
25813,1968.2854565603704
25814,1968.2854565603704
25815,1968.2854565603704
25816,1968.2854565603704
25817,1968.2854565603704
25818,1968.2854565603704
25819,1968.2854565603704
25820,1968.2854565603704
25821,1968.2854565603704
25822,1968.2854565603704
25823,1968.2854565603704
25824,1968.2854565603704
25825,1968.2854565603704
25826,1968.2854565603704
25827,1968.2854565603704
25828,1968.2854565603704
25829,1968.2854565603704
25830,1968.2854565603704
25831,1968.2854565603704
25832,1968.2854565603704
25833,1968.2854565603704
25834,1968.2854565603704
25835,1968.2854565603704
25836,1968.2854565603704
25837,1968.2854565603704
25838,1968.2854565603704
25839,1968.2854565603704
25840,1968.2854565603704
25841,1968.2854565603704
25842,1968.2854565603704
25843,1968.2854565603704
25844,1968.2854565603704
25845,1968.2854565603704
25846,1968.2854565603704
25847,1968.2854565603704
25848,1968.2854565603704
25849,1968.2854565603704
25850,1968.2854565603704
25851,1968.2854565603704
25852,1968.2854565603704
25853,1968.2854565603704
25854,1968.2854565603704
25855,1968.2854565603704
25856,1968.2854565603704
25857,1968.2854565603704
25858,1968.2854565603704
25859,1968.2854565603704
25860,1968.2854565603704
25861,1968.2854565603704
25862,1968.2854565603704
25863,1968.2854565603704
25864,1968.2854565603704
25865,1968.2854565603704
25866,1968.2854565603704
25867,1968.2854565603704
25868,1968.2854565603704
25869,1968.2854565603704
25870,1968.2854565603704
25871,1968.2854565603704
25872,1968.2854565603704
25873,1968.2854565603704
25874,1968.2854565603704
25875,1968.2854565603704
25876,1968.2854565603704
25877,1968.2854565603704
25878,1968.2854565603704
25879,1968.2854565603704
25880,1968.2854565603704
25881,1968.2854565603704
25882,1968.2854565603704
25883,1968.2854565603704
25884,1968.2854565603704
25885,1968.2854565603704
25886,1968.2854565603704
25887,1968.2854565603704
25888,1968.2854565603704
25889,1968.2854565603704
25890,1968.2854565603704
25891,1968.2854565603704
25892,1968.2854565603704
25893,1968.2854565603704
25894,1968.2854565603704
25895,1968.2854565603704
25896,1968.2854565603704
25897,1968.2854565603704
25898,1968.2854565603704
25899,1968.2854565603704
25900,1968.2854565603704
25901,1968.2854565603704
25902,1968.2854565603704
25903,1968.2854565603704
25904,1968.2854565603704
25905,1968.2854565603704
25906,1968.2854565603704
25907,1968.2854565603704
25908,1968.2854565603704
25909,1968.2854565603704
25910,1968.2854565603704
25911,1968.2854565603704
25912,1968.2854565603704
25913,1968.2854565603704
25914,1968.2854565603704
25915,1968.2854565603704
25916,1968.2854565603704
25917,1968.2854565603704
25918,1968.2854565603704
25919,1968.2854565603704
25920,1968.2854565603704
25921,1968.2854565603704
25922,1968.2854565603704
25923,1968.2854565603704
25924,1968.2854565603704
25925,1968.2854565603704
25926,1968.2854565603704
25927,1968.2854565603704
25928,1968.2854565603704
25929,1968.2854565603704
25930,1968.2854565603704
25931,1968.2854565603704
25932,1968.2854565603704
25933,1968.2854565603704
25934,1968.2854565603704
25935,1968.2854565603704
25936,1968.2854565603704
25937,1968.2854565603704
25938,1968.2854565603704
25939,1968.2854565603704
25940,1968.2854565603704
25941,1968.2854565603704
25942,1968.2854565603704
25943,1968.2854565603704
25944,1968.2854565603704
25945,1968.2854565603704
25946,1968.2854565603704
25947,1968.2854565603704
25948,1968.2854565603704
25949,1968.2854565603704
25950,1968.2854565603704
25951,1968.2854565603704
25952,1968.2854565603704
25953,1968.2854565603704
25954,1968.2854565603704
25955,1968.2854565603704
25956,1968.2854565603704
25957,1968.2854565603704
25958,1968.2854565603704
25959,1968.2854565603704
25960,1968.2854565603704
25961,1968.2854565603704
25962,1968.2854565603704
25963,1968.2854565603704
25964,1968.2854565603704
25965,1968.2854565603704
25966,1968.2854565603704
25967,1968.2854565603704
25968,1968.2854565603704
25969,1968.2854565603704
25970,1968.2854565603704
25971,1968.2854565603704
25972,1968.2854565603704
25973,1968.2854565603704
25974,1968.2854565603704
25975,1968.2854565603704
25976,1968.2854565603704
25977,1968.2854565603704
25978,1968.2854565603704
25979,1968.2854565603704
25980,1968.2854565603704
25981,1968.2854565603704
25982,1968.2854565603704
25983,1968.2854565603704
25984,1968.2854565603704
25985,1968.2854565603704
25986,1968.2854565603704
25987,1968.2854565603704
25988,1968.2854565603704
25989,1968.2854565603704
25990,1968.2854565603704
25991,1968.2854565603704
25992,1968.2854565603704
25993,1968.2854565603704
25994,1968.2854565603704
25995,1968.2854565603704
25996,1968.2854565603704
25997,1968.2854565603704
25998,1968.2854565603704
25999,1968.2854565603704
26000,1968.2854565603704
26001,1968.2854565603704
26002,1968.2854565603704
26003,1968.2854565603704
26004,1968.2854565603704
26005,1968.2854565603704
26006,1968.2854565603704
26007,1968.2854565603704
26008,1968.2854565603704
26009,1968.2854565603704
26010,1968.2854565603704
26011,1968.2854565603704
26012,1968.2854565603704
26013,1968.2854565603704
26014,1968.2854565603704
26015,1968.2854565603704
26016,1968.2854565603704
26017,1968.2854565603704
26018,1968.2854565603704
26019,1968.2854565603704
26020,1968.2854565603704
26021,1968.2854565603704
26022,1968.2854565603704
26023,1968.2854565603704
26024,1968.2854565603704
26025,1968.2854565603704
26026,1968.2854565603704
26027,1968.2854565603704
26028,1968.2854565603704
26029,1968.2854565603704
26030,1968.2854565603704
26031,1968.2854565603704
26032,1968.2854565603704
26033,1968.2854565603704
26034,1968.2854565603704
26035,1968.2854565603704
26036,1968.2854565603704
26037,1968.2854565603704
26038,1968.2854565603704
26039,1968.2854565603704
26040,1968.2854565603704
26041,1968.2854565603704
26042,1968.2854565603704
26043,1968.2854565603704
26044,1968.2854565603704
26045,1968.2854565603704
26046,1968.2854565603704
26047,1968.2854565603704
26048,1968.2854565603704
26049,1968.2854565603704
26050,1968.2854565603704
26051,1968.2854565603704
26052,1968.2854565603704
26053,1968.2854565603704
26054,1968.2854565603704
26055,1968.2854565603704
26056,1968.2854565603704
26057,1968.2854565603704
26058,1968.2854565603704
26059,1968.2854565603704
26060,1968.2854565603704
26061,1968.2854565603704
26062,1968.2854565603704
26063,1968.2854565603704
26064,1968.2854565603704
26065,1968.2854565603704
26066,1968.2854565603704
26067,1968.2854565603704
26068,1968.2854565603704
26069,1968.2854565603704
26070,1968.2854565603704
26071,1968.2854565603704
26072,1968.2854565603704
26073,1968.2854565603704
26074,1968.2854565603704
26075,1968.2854565603704
26076,1968.2854565603704
26077,1968.2854565603704
26078,1968.2854565603704
26079,1968.2854565603704
26080,1968.2854565603704
26081,1968.2854565603704
26082,1968.2854565603704
26083,1968.2854565603704
26084,1968.2854565603704
26085,1968.2854565603704
26086,1968.2854565603704
26087,1968.2854565603704
26088,1968.2854565603704
26089,1968.2854565603704
26090,1968.2854565603704
26091,1968.2854565603704
26092,1968.2854565603704
26093,1968.2854565603704
26094,1968.2854565603704
26095,1968.2854565603704
26096,1968.2854565603704
26097,1968.2854565603704
26098,1968.2854565603704
26099,1968.2854565603704
26100,1968.2854565603704
26101,1968.2854565603704
26102,1968.2854565603704
26103,1968.2854565603704
26104,1968.2854565603704
26105,1968.2854565603704
26106,1968.2854565603704
26107,1968.2854565603704
26108,1968.2854565603704
26109,1968.2854565603704
26110,1968.2854565603704
26111,1968.2854565603704
26112,1968.2854565603704
26113,1968.2854565603704
26114,1968.2854565603704
26115,1968.2854565603704
26116,1968.2854565603704
26117,1968.2854565603704
26118,1968.2854565603704
26119,1968.2854565603704
26120,1968.2854565603704
26121,1968.2854565603704
26122,1968.2854565603704
26123,1968.2854565603704
26124,1968.2854565603704
26125,1968.2854565603704
26126,1968.2854565603704
26127,1968.2854565603704
26128,1968.2854565603704
26129,1968.2854565603704
26130,1968.2854565603704
26131,1968.2854565603704
26132,1968.2854565603704
26133,1968.2854565603704
26134,1968.2854565603704
26135,1968.2854565603704
26136,1968.2854565603704
26137,1968.2854565603704
26138,1968.2854565603704
26139,1968.2854565603704
26140,1968.2854565603704
26141,1968.2854565603704
26142,1968.2854565603704
26143,1968.2854565603704
26144,1968.2854565603704
26145,1968.2854565603704
26146,1968.2854565603704
26147,1968.2854565603704
26148,1968.2854565603704
26149,1968.2854565603704
26150,1968.2854565603704
26151,1968.2854565603704
26152,1968.2854565603704
26153,1968.2854565603704
26154,1968.2854565603704
26155,1968.2854565603704
26156,1968.2854565603704
26157,1968.2854565603704
26158,1968.2854565603704
26159,1968.2854565603704
26160,1968.2854565603704
26161,1968.2854565603704
26162,1968.2854565603704
26163,1968.2854565603704
26164,1968.2854565603704
26165,1968.2854565603704
26166,1968.2854565603704
26167,1968.2854565603704
26168,1968.2854565603704
26169,1968.2854565603704
26170,1968.2854565603704
26171,1968.2854565603704
26172,1968.2854565603704
26173,1968.2854565603704
26174,1968.2854565603704
26175,1968.2854565603704
26176,1968.2854565603704
26177,1968.2854565603704
26178,1968.2854565603704
26179,1968.2854565603704
26180,1968.2854565603704
26181,1968.2854565603704
26182,1968.2854565603704
26183,1968.2854565603704
26184,1968.2854565603704
26185,1968.2854565603704
26186,1968.2854565603704
26187,1968.2854565603704
26188,1968.2854565603704
26189,1968.2854565603704
26190,1968.2854565603704
26191,1968.2854565603704
26192,1968.2854565603704
26193,1968.2854565603704
26194,1968.2854565603704
26195,1968.2854565603704
26196,1968.2854565603704
26197,1968.2854565603704
26198,1968.2854565603704
26199,1968.2854565603704
26200,1968.2854565603704
26201,1968.2854565603704
26202,1968.2854565603704
26203,1968.2854565603704
26204,1968.2854565603704
26205,1968.2854565603704
26206,1968.2854565603704
26207,1968.2854565603704
26208,1968.2854565603704
26209,1968.2854565603704
26210,1968.2854565603704
26211,1968.2854565603704
26212,1968.2854565603704
26213,1968.2854565603704
26214,1968.2854565603704
26215,1968.2854565603704
26216,1968.2854565603704
26217,1968.2854565603704
26218,1968.2854565603704
26219,1968.2854565603704
26220,1968.2854565603704
26221,1968.2854565603704
26222,1968.2854565603704
26223,1968.2854565603704
26224,1968.2854565603704
26225,1968.2854565603704
26226,1968.2854565603704
26227,1968.2854565603704
26228,1968.2854565603704
26229,1968.2854565603704
26230,1968.2854565603704
26231,1968.2854565603704
26232,1968.2854565603704
26233,1968.2854565603704
26234,1968.2854565603704
26235,1968.2854565603704
26236,1968.2854565603704
26237,1968.2854565603704
26238,1968.2854565603704
26239,1968.2854565603704
26240,1968.2854565603704
26241,1968.2854565603704
26242,1968.2854565603704
26243,1968.2854565603704
26244,1968.2854565603704
26245,1968.2854565603704
26246,1968.2854565603704
26247,1968.2854565603704
26248,1968.2854565603704
26249,1968.2854565603704
26250,1968.2854565603704
26251,1968.2854565603704
26252,1968.2854565603704
26253,1968.2854565603704
26254,1968.2854565603704
26255,1968.2854565603704
26256,1968.2854565603704
26257,1968.2854565603704
26258,1968.2854565603704
26259,1968.2854565603704
26260,1968.2854565603704
26261,1968.2854565603704
26262,1968.2854565603704
26263,1968.2854565603704
26264,1968.2854565603704
26265,1968.2854565603704
26266,1968.2854565603704
26267,1968.2854565603704
26268,1968.2854565603704
26269,1968.2854565603704
26270,1968.2854565603704
26271,1968.2854565603704
26272,1968.2854565603704
26273,1968.2854565603704
26274,1968.2854565603704
26275,1968.2854565603704
26276,1968.2854565603704
26277,1968.2854565603704
26278,1968.2854565603704
26279,1968.2854565603704
26280,1968.2854565603704
26281,1968.2854565603704
26282,1968.2854565603704
26283,1968.2854565603704
26284,1968.2854565603704
26285,1968.2854565603704
26286,1968.2854565603704
26287,1968.2854565603704
26288,1968.2854565603704
26289,1968.2854565603704
26290,1968.2854565603704
26291,1968.2854565603704
26292,1968.2854565603704
26293,1968.2854565603704
26294,1968.2854565603704
26295,1968.2854565603704
26296,1968.2854565603704
26297,1968.2854565603704
26298,1968.2854565603704
26299,1968.2854565603704
26300,1968.2854565603704
26301,1968.2854565603704
26302,1968.2854565603704
26303,1968.2854565603704
26304,1968.2854565603704
26305,1968.2854565603704
26306,1968.2854565603704
26307,1968.2854565603704
26308,1968.2854565603704
26309,1968.2854565603704
26310,1968.2854565603704
26311,1968.2854565603704
26312,1968.2854565603704
26313,1968.2854565603704
26314,1968.2854565603704
26315,1968.2854565603704
26316,1968.2854565603704
26317,1968.2854565603704
26318,1968.2854565603704
26319,1968.2854565603704
26320,1968.2854565603704
26321,1968.2854565603704
26322,1968.2854565603704
26323,1968.2854565603704
26324,1968.2854565603704
26325,1968.2854565603704
26326,1968.2854565603704
26327,1968.2854565603704
26328,1968.2854565603704
26329,1968.2854565603704
26330,1968.2854565603704
26331,1968.2854565603704
26332,1968.2854565603704
26333,1968.2854565603704
26334,1968.2854565603704
26335,1968.2854565603704
26336,1968.2854565603704
26337,1968.2854565603704
26338,1968.2854565603704
26339,1968.2854565603704
26340,1968.2854565603704
26341,1968.2854565603704
26342,1968.2854565603704
26343,1968.2854565603704
26344,1968.2854565603704
26345,1968.2854565603704
26346,1968.2854565603704
26347,1968.2854565603704
26348,1968.2854565603704
26349,1968.2854565603704
26350,1968.2854565603704
26351,1968.2854565603704
26352,1968.2854565603704
26353,1968.2854565603704
26354,1968.2854565603704
26355,1968.2854565603704
26356,1968.2854565603704
26357,1968.2854565603704
26358,1968.2854565603704
26359,1968.2854565603704
26360,1968.2854565603704
26361,1968.2854565603704
26362,1968.2854565603704
26363,1968.2854565603704
26364,1968.2854565603704
26365,1968.2854565603704
26366,1968.2854565603704
26367,1968.2854565603704
26368,1968.2854565603704
26369,1968.2854565603704
26370,1968.2854565603704
26371,1968.2854565603704
26372,1968.2854565603704
26373,1968.2854565603704
26374,1968.2854565603704
26375,1968.2854565603704
26376,1968.2854565603704
26377,1968.2854565603704
26378,1968.2854565603704
26379,1968.2854565603704
26380,1968.2854565603704
26381,1968.2854565603704
26382,1968.2854565603704
26383,1968.2854565603704
26384,1968.2854565603704
26385,1968.2854565603704
26386,1968.2854565603704
26387,1968.2854565603704
26388,1968.2854565603704
26389,1968.2854565603704
26390,1968.2854565603704
26391,1968.2854565603704
26392,1968.2854565603704
26393,1968.2854565603704
26394,1968.2854565603704
26395,1968.2854565603704
26396,1968.2854565603704
26397,1968.2854565603704
26398,1968.2854565603704
26399,1968.2854565603704
26400,1968.2854565603704
26401,1968.2854565603704
26402,1968.2854565603704
26403,1968.2854565603704
26404,1968.2854565603704
26405,1968.2854565603704
26406,1968.2854565603704
26407,1968.2854565603704
26408,1968.2854565603704
26409,1968.2854565603704
26410,1968.2854565603704
26411,1968.2854565603704
26412,1968.2854565603704
26413,1968.2854565603704
26414,1968.2854565603704
26415,1968.2854565603704
26416,1968.2854565603704
26417,1968.2854565603704
26418,1968.2854565603704
26419,1968.2854565603704
26420,1968.2854565603704
26421,1968.2854565603704
26422,1968.2854565603704
26423,1968.2854565603704
26424,1968.2854565603704
26425,1968.2854565603704
26426,1968.2854565603704
26427,1968.2854565603704
26428,1968.2854565603704
26429,1968.2854565603704
26430,1968.2854565603704
26431,1968.2854565603704
26432,1968.2854565603704
26433,1968.2854565603704
26434,1968.2854565603704
26435,1968.2854565603704
26436,1968.2854565603704
26437,1968.2854565603704
26438,1968.2854565603704
26439,1968.2854565603704
26440,1968.2854565603704
26441,1968.2854565603704
26442,1968.2854565603704
26443,1968.2854565603704
26444,1968.2854565603704
26445,1968.2854565603704
26446,1968.2854565603704
26447,1968.2854565603704
26448,1968.2854565603704
26449,1968.2854565603704
26450,1968.2854565603704
26451,1968.2854565603704
26452,1968.2854565603704
26453,1968.2854565603704
26454,1968.2854565603704
26455,1968.2854565603704
26456,1968.2854565603704
26457,1968.2854565603704
26458,1968.2854565603704
26459,1968.2854565603704
26460,1968.2854565603704
26461,1968.2854565603704
26462,1968.2854565603704
26463,1968.2854565603704
26464,1968.2854565603704
26465,1968.2854565603704
26466,1968.2854565603704
26467,1968.2854565603704
26468,1968.2854565603704
26469,1968.2854565603704
26470,1968.2854565603704
26471,1968.2854565603704
26472,1968.2854565603704
26473,1968.2854565603704
26474,1968.2854565603704
26475,1968.2854565603704
26476,1968.2854565603704
26477,1968.2854565603704
26478,1968.2854565603704
26479,1968.2854565603704
26480,1968.2854565603704
26481,1968.2854565603704
26482,1968.2854565603704
26483,1968.2854565603704
26484,1968.2854565603704
26485,1968.2854565603704
26486,1968.2854565603704
26487,1968.2854565603704
26488,1968.2854565603704
26489,1968.2854565603704
26490,1968.2854565603704
26491,1968.2854565603704
26492,1968.2854565603704
26493,1968.2854565603704
26494,1968.2854565603704
26495,1968.2854565603704
26496,1968.2854565603704
26497,1968.2854565603704
26498,1968.2854565603704
26499,1968.2854565603704
26500,1968.2854565603704
26501,1968.2854565603704
26502,1968.2854565603704
26503,1968.2854565603704
26504,1968.2854565603704
26505,1968.2854565603704
26506,1968.2854565603704
26507,1968.2854565603704
26508,1968.2854565603704
26509,1968.2854565603704
26510,1968.2854565603704
26511,1968.2854565603704
26512,1968.2854565603704
26513,1968.2854565603704
26514,1968.2854565603704
26515,1968.2854565603704
26516,1968.2854565603704
26517,1968.2854565603704
26518,1968.2854565603704
26519,1968.2854565603704
26520,1968.2854565603704
26521,1968.2854565603704
26522,1968.2854565603704
26523,1968.2854565603704
26524,1968.2854565603704
26525,1968.2854565603704
26526,1968.2854565603704
26527,1968.2854565603704
26528,1968.2854565603704
26529,1968.2854565603704
26530,1968.2854565603704
26531,1968.2854565603704
26532,1968.2854565603704
26533,1968.2854565603704
26534,1968.2854565603704
26535,1968.2854565603704
26536,1968.2854565603704
26537,1968.2854565603704
26538,1968.2854565603704
26539,1968.2854565603704
26540,1968.2854565603704
26541,1968.2854565603704
26542,1968.2854565603704
26543,1968.2854565603704
26544,1968.2854565603704
26545,1968.2854565603704
26546,1968.2854565603704
26547,1968.2854565603704
26548,1968.2854565603704
26549,1968.2854565603704
26550,1968.2854565603704
26551,1968.2854565603704
26552,1968.2854565603704
26553,1968.2854565603704
26554,1968.2854565603704
26555,1968.2854565603704
26556,1968.2854565603704
26557,1968.2854565603704
26558,1968.2854565603704
26559,1968.2854565603704
26560,1968.2854565603704
26561,1968.2854565603704
26562,1968.2854565603704
26563,1968.2854565603704
26564,1968.2854565603704
26565,1968.2854565603704
26566,1968.2854565603704
26567,1968.2854565603704
26568,1968.2854565603704
26569,1968.2854565603704
26570,1968.2854565603704
26571,1968.2854565603704
26572,1968.2854565603704
26573,1968.2854565603704
26574,1968.2854565603704
26575,1968.2854565603704
26576,1968.2854565603704
26577,1968.2854565603704
26578,1968.2854565603704
26579,1968.2854565603704
26580,1968.2854565603704
26581,1968.2854565603704
26582,1968.2854565603704
26583,1968.2854565603704
26584,1968.2854565603704
26585,1968.2854565603704
26586,1968.2854565603704
26587,1968.2854565603704
26588,1968.2854565603704
26589,1968.2854565603704
26590,1968.2854565603704
26591,1968.2854565603704
26592,1968.2854565603704
26593,1968.2854565603704
26594,1968.2854565603704
26595,1968.2854565603704
26596,1968.2854565603704
26597,1968.2854565603704
26598,1968.2854565603704
26599,1968.2854565603704
26600,1968.2854565603704
26601,1968.2854565603704
26602,1968.2854565603704
26603,1968.2854565603704
26604,1968.2854565603704
26605,1968.2854565603704
26606,1968.2854565603704
26607,1968.2854565603704
26608,1968.2854565603704
26609,1968.2854565603704
26610,1968.2854565603704
26611,1968.2854565603704
26612,1968.2854565603704
26613,1968.2854565603704
26614,1968.2854565603704
26615,1968.2854565603704
26616,1968.2854565603704
26617,1968.2854565603704
26618,1968.2854565603704
26619,1968.2854565603704
26620,1968.2854565603704
26621,1968.2854565603704
26622,1968.2854565603704
26623,1968.2854565603704
26624,1968.2854565603704
26625,1968.2854565603704
26626,1968.2854565603704
26627,1968.2854565603704
26628,1968.2854565603704
26629,1968.2854565603704
26630,1968.2854565603704
26631,1968.2854565603704
26632,1968.2854565603704
26633,1968.2854565603704
26634,1968.2854565603704
26635,1968.2854565603704
26636,1968.2854565603704
26637,1968.2854565603704
26638,1968.2854565603704
26639,1968.2854565603704
26640,1968.2854565603704
26641,1968.2854565603704
26642,1968.2854565603704
26643,1968.2854565603704
26644,1968.2854565603704
26645,1968.2854565603704
26646,1968.2854565603704
26647,1968.2854565603704
26648,1968.2854565603704
26649,1968.2854565603704
26650,1968.2854565603704
26651,1968.2854565603704
26652,1968.2854565603704
26653,1968.2854565603704
26654,1968.2854565603704
26655,1968.2854565603704
26656,1968.2854565603704
26657,1968.2854565603704
26658,1968.2854565603704
26659,1968.2854565603704
26660,1968.2854565603704
26661,1968.2854565603704
26662,1968.2854565603704
26663,1968.2854565603704
26664,1968.2854565603704
26665,1968.2854565603704
26666,1968.2854565603704
26667,1968.2854565603704
26668,1968.2854565603704
26669,1968.2854565603704
26670,1968.2854565603704
26671,1968.2854565603704
26672,1968.2854565603704
26673,1968.2854565603704
26674,1968.2854565603704
26675,1968.2854565603704
26676,1968.2854565603704
26677,1968.2854565603704
26678,1968.2854565603704
26679,1968.2854565603704
26680,1968.2854565603704
26681,1968.2854565603704
26682,1968.2854565603704
26683,1968.2854565603704
26684,1968.2854565603704
26685,1968.2854565603704
26686,1968.2854565603704
26687,1968.2854565603704
26688,1968.2854565603704
26689,1968.2854565603704
26690,1968.2854565603704
26691,1968.2854565603704
26692,1968.2854565603704
26693,1968.2854565603704
26694,1968.2854565603704
26695,1968.2854565603704
26696,1968.2854565603704
26697,1968.2854565603704
26698,1968.2854565603704
26699,1968.2854565603704
26700,1968.2854565603704
26701,1968.2854565603704
26702,1968.2854565603704
26703,1968.2854565603704
26704,1968.2854565603704
26705,1968.2854565603704
26706,1968.2854565603704
26707,1968.2854565603704
26708,1968.2854565603704
26709,1968.2854565603704
26710,1968.2854565603704
26711,1968.2854565603704
26712,1968.2854565603704
26713,1968.2854565603704
26714,1968.2854565603704
26715,1968.2854565603704
26716,1968.2854565603704
26717,1968.2854565603704
26718,1968.2854565603704
26719,1968.2854565603704
26720,1968.2854565603704
26721,1968.2854565603704
26722,1968.2854565603704
26723,1968.2854565603704
26724,1968.2854565603704
26725,1968.2854565603704
26726,1968.2854565603704
26727,1968.2854565603704
26728,1968.2854565603704
26729,1968.2854565603704
26730,1968.2854565603704
26731,1968.2854565603704
26732,1968.2854565603704
26733,1968.2854565603704
26734,1968.2854565603704
26735,1968.2854565603704
26736,1968.2854565603704
26737,1968.2854565603704
26738,1968.2854565603704
26739,1968.2854565603704
26740,1968.2854565603704
26741,1968.2854565603704
26742,1968.2854565603704
26743,1968.2854565603704
26744,1968.2854565603704
26745,1968.2854565603704
26746,1968.2854565603704
26747,1968.2854565603704
26748,1968.2854565603704
26749,1968.2854565603704
26750,1968.2854565603704
26751,1968.2854565603704
26752,1968.2854565603704
26753,1968.2854565603704
26754,1968.2854565603704
26755,1968.2854565603704
26756,1968.2854565603704
26757,1968.2854565603704
26758,1968.2854565603704
26759,1968.2854565603704
26760,1968.2854565603704
26761,1968.2854565603704
26762,1968.2854565603704
26763,1968.2854565603704
26764,1968.2854565603704
26765,1968.2854565603704
26766,1968.2854565603704
26767,1968.2854565603704
26768,1968.2854565603704
26769,1968.2854565603704
26770,1968.2854565603704
26771,1968.2854565603704
26772,1968.2854565603704
26773,1968.2854565603704
26774,1968.2854565603704
26775,1968.2854565603704
26776,1968.2854565603704
26777,1968.2854565603704
26778,1968.2854565603704
26779,1968.2854565603704
26780,1968.2854565603704
26781,1968.2854565603704
26782,1968.2854565603704
26783,1968.2854565603704
26784,1968.2854565603704
26785,1968.2854565603704
26786,1968.2854565603704
26787,1968.2854565603704
26788,1968.2854565603704
26789,1968.2854565603704
26790,1968.2854565603704
26791,1968.2854565603704
26792,1968.2854565603704
26793,1968.2854565603704
26794,1968.2854565603704
26795,1968.2854565603704
26796,1968.2854565603704
26797,1968.2854565603704
26798,1968.2854565603704
26799,1968.2854565603704
26800,1968.2854565603704
26801,1968.2854565603704
26802,1968.2854565603704
26803,1968.2854565603704
26804,1968.2854565603704
26805,1968.2854565603704
26806,1968.2854565603704
26807,1968.2854565603704
26808,1968.2854565603704
26809,1968.2854565603704
26810,1968.2854565603704
26811,1968.2854565603704
26812,1968.2854565603704
26813,1968.2854565603704
26814,1968.2854565603704
26815,1968.2854565603704
26816,1968.2854565603704
26817,1968.2854565603704
26818,1968.2854565603704
26819,1968.2854565603704
26820,1968.2854565603704
26821,1968.2854565603704
26822,1968.2854565603704
26823,1968.2854565603704
26824,1968.2854565603704
26825,1968.2854565603704
26826,1968.2854565603704
26827,1968.2854565603704
26828,1968.2854565603704
26829,1968.2854565603704
26830,1968.2854565603704
26831,1968.2854565603704
26832,1968.2854565603704
26833,1968.2854565603704
26834,1968.2854565603704
26835,1968.2854565603704
26836,1968.2854565603704
26837,1968.2854565603704
26838,1968.2854565603704
26839,1968.2854565603704
26840,1968.2854565603704
26841,1968.2854565603704
26842,1968.2854565603704
26843,1968.2854565603704
26844,1968.2854565603704
26845,1968.2854565603704
26846,1968.2854565603704
26847,1968.2854565603704
26848,1968.2854565603704
26849,1968.2854565603704
26850,1968.2854565603704
26851,1968.2854565603704
26852,1968.2854565603704
26853,1968.2854565603704
26854,1968.2854565603704
26855,1968.2854565603704
26856,1968.2854565603704
26857,1968.2854565603704
26858,1968.2854565603704
26859,1968.2854565603704
26860,1968.2854565603704
26861,1968.2854565603704
26862,1968.2854565603704
26863,1968.2854565603704
26864,1968.2854565603704
26865,1968.2854565603704
26866,1968.2854565603704
26867,1968.2854565603704
26868,1968.2854565603704
26869,1968.2854565603704
26870,1968.2854565603704
26871,1968.2854565603704
26872,1968.2854565603704
26873,1968.2854565603704
26874,1968.2854565603704
26875,1968.2854565603704
26876,1968.2854565603704
26877,1968.2854565603704
26878,1968.2854565603704
26879,1968.2854565603704
26880,1968.2854565603704
26881,1968.2854565603704
26882,1968.2854565603704
26883,1968.2854565603704
26884,1968.2854565603704
26885,1968.2854565603704
26886,1968.2854565603704
26887,1968.2854565603704
26888,1968.2854565603704
26889,1968.2854565603704
26890,1968.2854565603704
26891,1968.2854565603704
26892,1968.2854565603704
26893,1968.2854565603704
26894,1968.2854565603704
26895,1968.2854565603704
26896,1968.2854565603704
26897,1968.2854565603704
26898,1968.2854565603704
26899,1968.2854565603704
26900,1968.2854565603704
26901,1968.2854565603704
26902,1968.2854565603704
26903,1968.2854565603704
26904,1968.2854565603704
26905,1968.2854565603704
26906,1968.2854565603704
26907,1968.2854565603704
26908,1968.2854565603704
26909,1968.2854565603704
26910,1968.2854565603704
26911,1968.2854565603704
26912,1968.2854565603704
26913,1968.2854565603704
26914,1968.2854565603704
26915,1968.2854565603704
26916,1968.2854565603704
26917,1968.2854565603704
26918,1968.2854565603704
26919,1968.2854565603704
26920,1968.2854565603704
26921,1968.2854565603704
26922,1968.2854565603704
26923,1968.2854565603704
26924,1968.2854565603704
26925,1968.2854565603704
26926,1968.2854565603704
26927,1968.2854565603704
26928,1968.2854565603704
26929,1968.2854565603704
26930,1968.2854565603704
26931,1968.2854565603704
26932,1968.2854565603704
26933,1968.2854565603704
26934,1968.2854565603704
26935,1968.2854565603704
26936,1968.2854565603704
26937,1968.2854565603704
26938,1968.2854565603704
26939,1968.2854565603704
26940,1968.2854565603704
26941,1968.2854565603704
26942,1968.2854565603704
26943,1968.2854565603704
26944,1968.2854565603704
26945,1968.2854565603704
26946,1968.2854565603704
26947,1968.2854565603704
26948,1968.2854565603704
26949,1968.2854565603704
26950,1968.2854565603704
26951,1968.2854565603704
26952,1968.2854565603704
26953,1968.2854565603704
26954,1968.2854565603704
26955,1968.2854565603704
26956,1968.2854565603704
26957,1968.2854565603704
26958,1968.2854565603704
26959,1968.2854565603704
26960,1968.2854565603704
26961,1968.2854565603704
26962,1968.2854565603704
26963,1968.2854565603704
26964,1968.2854565603704
26965,1968.2854565603704
26966,1968.2854565603704
26967,1968.2854565603704
26968,1968.2854565603704
26969,1968.2854565603704
26970,1968.2854565603704
26971,1968.2854565603704
26972,1968.2854565603704
26973,1968.2854565603704
26974,1968.2854565603704
26975,1968.2854565603704
26976,1968.2854565603704
26977,1968.2854565603704
26978,1968.2854565603704
26979,1968.2854565603704
26980,1968.2854565603704
26981,1968.2854565603704
26982,1968.2854565603704
26983,1968.2854565603704
26984,1968.2854565603704
26985,1968.2854565603704
26986,1968.2854565603704
26987,1968.2854565603704
26988,1968.2854565603704
26989,1968.2854565603704
26990,1968.2854565603704
26991,1968.2854565603704
26992,1968.2854565603704
26993,1968.2854565603704
26994,1968.2854565603704
26995,1968.2854565603704
26996,1968.2854565603704
26997,1968.2854565603704
26998,1968.2854565603704
26999,1968.2854565603704
27000,1968.2854565603704
27001,1968.2854565603704
27002,1968.2854565603704
27003,1968.2854565603704
27004,1968.2854565603704
27005,1968.2854565603704
27006,1968.2854565603704
27007,1968.2854565603704
27008,1968.2854565603704
27009,1968.2854565603704
27010,1968.2854565603704
27011,1968.2854565603704
27012,1968.2854565603704
27013,1968.2854565603704
27014,1968.2854565603704
27015,1968.2854565603704
27016,1968.2854565603704
27017,1968.2854565603704
27018,1968.2854565603704
27019,1968.2854565603704
27020,1968.2854565603704
27021,1968.2854565603704
27022,1968.2854565603704
27023,1968.2854565603704
27024,1968.2854565603704
27025,1968.2854565603704
27026,1968.2854565603704
27027,1968.2854565603704
27028,1968.2854565603704
27029,1968.2854565603704
27030,1968.2854565603704
27031,1968.2854565603704
27032,1968.2854565603704
27033,1968.2854565603704
27034,1968.2854565603704
27035,1968.2854565603704
27036,1968.2854565603704
27037,1968.2854565603704
27038,1968.2854565603704
27039,1968.2854565603704
27040,1968.2854565603704
27041,1968.2854565603704
27042,1968.2854565603704
27043,1968.2854565603704
27044,1968.2854565603704
27045,1968.2854565603704
27046,1968.2854565603704
27047,1968.2854565603704
27048,1968.2854565603704
27049,1968.2854565603704
27050,1968.2854565603704
27051,1968.2854565603704
27052,1968.2854565603704
27053,1968.2854565603704
27054,1968.2854565603704
27055,1968.2854565603704
27056,1968.2854565603704
27057,1968.2854565603704
27058,1968.2854565603704
27059,1968.2854565603704
27060,1968.2854565603704
27061,1968.2854565603704
27062,1968.2854565603704
27063,1968.2854565603704
27064,1968.2854565603704
27065,1968.2854565603704
27066,1968.2854565603704
27067,1968.2854565603704
27068,1968.2854565603704
27069,1968.2854565603704
27070,1968.2854565603704
27071,1968.2854565603704
27072,1968.2854565603704
27073,1968.2854565603704
27074,1968.2854565603704
27075,1968.2854565603704
27076,1968.2854565603704
27077,1968.2854565603704
27078,1968.2854565603704
27079,1968.2854565603704
27080,1968.2854565603704
27081,1968.2854565603704
27082,1968.2854565603704
27083,1968.2854565603704
27084,1968.2854565603704
27085,1968.2854565603704
27086,1968.2854565603704
27087,1968.2854565603704
27088,1968.2854565603704
27089,1968.2854565603704
27090,1968.2854565603704
27091,1968.2854565603704
27092,1968.2854565603704
27093,1968.2854565603704
27094,1968.2854565603704
27095,1968.2854565603704
27096,1968.2854565603704
27097,1968.2854565603704
27098,1968.2854565603704
27099,1968.2854565603704
27100,1968.2854565603704
27101,1968.2854565603704
27102,1968.2854565603704
27103,1968.2854565603704
27104,1968.2854565603704
27105,1968.2854565603704
27106,1968.2854565603704
27107,1968.2854565603704
27108,1968.2854565603704
27109,1968.2854565603704
27110,1968.2854565603704
27111,1968.2854565603704
27112,1968.2854565603704
27113,1968.2854565603704
27114,1968.2854565603704
27115,1968.2854565603704
27116,1968.2854565603704
27117,1968.2854565603704
27118,1968.2854565603704
27119,1968.2854565603704
27120,1968.2854565603704
27121,1968.2854565603704
27122,1968.2854565603704
27123,1968.2854565603704
27124,1968.2854565603704
27125,1968.2854565603704
27126,1968.2854565603704
27127,1968.2854565603704
27128,1968.2854565603704
27129,1968.2854565603704
27130,1968.2854565603704
27131,1968.2854565603704
27132,1968.2854565603704
27133,1968.2854565603704
27134,1968.2854565603704
27135,1968.2854565603704
27136,1968.2854565603704
27137,1968.2854565603704
27138,1968.2854565603704
27139,1968.2854565603704
27140,1968.2854565603704
27141,1968.2854565603704
27142,1968.2854565603704
27143,1968.2854565603704
27144,1968.2854565603704
27145,1968.2854565603704
27146,1968.2854565603704
27147,1968.2854565603704
27148,1968.2854565603704
27149,1968.2854565603704
27150,1968.2854565603704
27151,1968.2854565603704
27152,1968.2854565603704
27153,1968.2854565603704
27154,1968.2854565603704
27155,1968.2854565603704
27156,1968.2854565603704
27157,1968.2854565603704
27158,1968.2854565603704
27159,1968.2854565603704
27160,1968.2854565603704
27161,1968.2854565603704
27162,1968.2854565603704
27163,1968.2854565603704
27164,1968.2854565603704
27165,1968.2854565603704
27166,1968.2854565603704
27167,1968.2854565603704
27168,1968.2854565603704
27169,1968.2854565603704
27170,1968.2854565603704
27171,1968.2854565603704
27172,1968.2854565603704
27173,1968.2854565603704
27174,1968.2854565603704
27175,1968.2854565603704
27176,1968.2854565603704
27177,1968.2854565603704
27178,1968.2854565603704
27179,1968.2854565603704
27180,1968.2854565603704
27181,1968.2854565603704
27182,1968.2854565603704
27183,1968.2854565603704
27184,1968.2854565603704
27185,1968.2854565603704
27186,1968.2854565603704
27187,1968.2854565603704
27188,1968.2854565603704
27189,1968.2854565603704
27190,1968.2854565603704
27191,1968.2854565603704
27192,1968.2854565603704
27193,1968.2854565603704
27194,1968.2854565603704
27195,1968.2854565603704
27196,1968.2854565603704
27197,1968.2854565603704
27198,1968.2854565603704
27199,1968.2854565603704
27200,1968.2854565603704
27201,1968.2854565603704
27202,1968.2854565603704
27203,1968.2854565603704
27204,1968.2854565603704
27205,1968.2854565603704
27206,1968.2854565603704
27207,1968.2854565603704
27208,1968.2854565603704
27209,1968.2854565603704
27210,1968.2854565603704
27211,1968.2854565603704
27212,1968.2854565603704
27213,1968.2854565603704
27214,1968.2854565603704
27215,1968.2854565603704
27216,1968.2854565603704
27217,1968.2854565603704
27218,1968.2854565603704
27219,1968.2854565603704
27220,1968.2854565603704
27221,1968.2854565603704
27222,1968.2854565603704
27223,1968.2854565603704
27224,1968.2854565603704
27225,1968.2854565603704
27226,1968.2854565603704
27227,1968.2854565603704
27228,1968.2854565603704
27229,1968.2854565603704
27230,1968.2854565603704
27231,1968.2854565603704
27232,1968.2854565603704
27233,1968.2854565603704
27234,1968.2854565603704
27235,1968.2854565603704
27236,1968.2854565603704
27237,1968.2854565603704
27238,1968.2854565603704
27239,1968.2854565603704
27240,1968.2854565603704
27241,1968.2854565603704
27242,1968.2854565603704
27243,1968.2854565603704
27244,1968.2854565603704
27245,1968.2854565603704
27246,1968.2854565603704
27247,1968.2854565603704
27248,1968.2854565603704
27249,1968.2854565603704
27250,1968.2854565603704
27251,1968.2854565603704
27252,1968.2854565603704
27253,1968.2854565603704
27254,1968.2854565603704
27255,1968.2854565603704
27256,1968.2854565603704
27257,1968.2854565603704
27258,1968.2854565603704
27259,1968.2854565603704
27260,1968.2854565603704
27261,1968.2854565603704
27262,1968.2854565603704
27263,1968.2854565603704
27264,1968.2854565603704
27265,1968.2854565603704
27266,1968.2854565603704
27267,1968.2854565603704
27268,1968.2854565603704
27269,1968.2854565603704
27270,1968.2854565603704
27271,1968.2854565603704
27272,1968.2854565603704
27273,1968.2854565603704
27274,1968.2854565603704
27275,1968.2854565603704
27276,1968.2854565603704
27277,1968.2854565603704
27278,1968.2854565603704
27279,1968.2854565603704
27280,1968.2854565603704
27281,1968.2854565603704
27282,1968.2854565603704
27283,1968.2854565603704
27284,1968.2854565603704
27285,1968.2854565603704
27286,1968.2854565603704
27287,1968.2854565603704
27288,1968.2854565603704
27289,1968.2854565603704
27290,1968.2854565603704
27291,1968.2854565603704
27292,1968.2854565603704
27293,1968.2854565603704
27294,1968.2854565603704
27295,1968.2854565603704
27296,1968.2854565603704
27297,1968.2854565603704
27298,1968.2854565603704
27299,1968.2854565603704
27300,1968.2854565603704
27301,1968.2854565603704
27302,1968.2854565603704
27303,1968.2854565603704
27304,1968.2854565603704
27305,1968.2854565603704
27306,1968.2854565603704
27307,1968.2854565603704
27308,1968.2854565603704
27309,1968.2854565603704
27310,1968.2854565603704
27311,1968.2854565603704
27312,1968.2854565603704
27313,1968.2854565603704
27314,1968.2854565603704
27315,1968.2854565603704
27316,1968.2854565603704
27317,1968.2854565603704
27318,1968.2854565603704
27319,1968.2854565603704
27320,1968.2854565603704
27321,1968.2854565603704
27322,1968.2854565603704
27323,1968.2854565603704
27324,1968.2854565603704
27325,1968.2854565603704
27326,1968.2854565603704
27327,1968.2854565603704
27328,1968.2854565603704
27329,1968.2854565603704
27330,1968.2854565603704
27331,1968.2854565603704
27332,1968.2854565603704
27333,1968.2854565603704
27334,1968.2854565603704
27335,1968.2854565603704
27336,1968.2854565603704
27337,1968.2854565603704
27338,1968.2854565603704
27339,1968.2854565603704
27340,1968.2854565603704
27341,1968.2854565603704
27342,1968.2854565603704
27343,1968.2854565603704
27344,1968.2854565603704
27345,1968.2854565603704
27346,1968.2854565603704
27347,1968.2854565603704
27348,1968.2854565603704
27349,1968.2854565603704
27350,1968.2854565603704
27351,1968.2854565603704
27352,1968.2854565603704
27353,1968.2854565603704
27354,1968.2854565603704
27355,1968.2854565603704
27356,1968.2854565603704
27357,1968.2854565603704
27358,1968.2854565603704
27359,1968.2854565603704
27360,1968.2854565603704
27361,1968.2854565603704
27362,1968.2854565603704
27363,1968.2854565603704
27364,1968.2854565603704
27365,1968.2854565603704
27366,1968.2854565603704
27367,1968.2854565603704
27368,1968.2854565603704
27369,1968.2854565603704
27370,1968.2854565603704
27371,1968.2854565603704
27372,1968.2854565603704
27373,1968.2854565603704
27374,1968.2854565603704
27375,1968.2854565603704
27376,1968.2854565603704
27377,1968.2854565603704
27378,1968.2854565603704
27379,1968.2854565603704
27380,1968.2854565603704
27381,1968.2854565603704
27382,1968.2854565603704
27383,1968.2854565603704
27384,1968.2854565603704
27385,1968.2854565603704
27386,1968.2854565603704
27387,1968.2854565603704
27388,1968.2854565603704
27389,1968.2854565603704
27390,1968.2854565603704
27391,1968.2854565603704
27392,1968.2854565603704
27393,1968.2854565603704
27394,1968.2854565603704
27395,1968.2854565603704
27396,1968.2854565603704
27397,1968.2854565603704
27398,1968.2854565603704
27399,1968.2854565603704
27400,1968.2854565603704
27401,1968.2854565603704
27402,1968.2854565603704
27403,1968.2854565603704
27404,1968.2854565603704
27405,1968.2854565603704
27406,1968.2854565603704
27407,1968.2854565603704
27408,1968.2854565603704
27409,1968.2854565603704
27410,1968.2854565603704
27411,1968.2854565603704
27412,1968.2854565603704
27413,1968.2854565603704
27414,1968.2854565603704
27415,1968.2854565603704
27416,1968.2854565603704
27417,1968.2854565603704
27418,1968.2854565603704
27419,1968.2854565603704
27420,1968.2854565603704
27421,1968.2854565603704
27422,1968.2854565603704
27423,1968.2854565603704
27424,1968.2854565603704
27425,1968.2854565603704
27426,1968.2854565603704
27427,1968.2854565603704
27428,1968.2854565603704
27429,1968.2854565603704
27430,1968.2854565603704
27431,1968.2854565603704
27432,1968.2854565603704
27433,1968.2854565603704
27434,1968.2854565603704
27435,1968.2854565603704
27436,1968.2854565603704
27437,1968.2854565603704
27438,1968.2854565603704
27439,1968.2854565603704
27440,1968.2854565603704
27441,1968.2854565603704
27442,1968.2854565603704
27443,1968.2854565603704
27444,1968.2854565603704
27445,1968.2854565603704
27446,1968.2854565603704
27447,1968.2854565603704
27448,1968.2854565603704
27449,1968.2854565603704
27450,1968.2854565603704
27451,1968.2854565603704
27452,1968.2854565603704
27453,1968.2854565603704
27454,1968.2854565603704
27455,1968.2854565603704
27456,1968.2854565603704
27457,1968.2854565603704
27458,1968.2854565603704
27459,1968.2854565603704
27460,1968.2854565603704
27461,1968.2854565603704
27462,1968.2854565603704
27463,1968.2854565603704
27464,1968.2854565603704
27465,1968.2854565603704
27466,1968.2854565603704
27467,1968.2854565603704
27468,1968.2854565603704
27469,1968.2854565603704
27470,1968.2854565603704
27471,1968.2854565603704
27472,1968.2854565603704
27473,1968.2854565603704
27474,1968.2854565603704
27475,1968.2854565603704
27476,1968.2854565603704
27477,1968.2854565603704
27478,1968.2854565603704
27479,1968.2854565603704
27480,1968.2854565603704
27481,1968.2854565603704
27482,1968.2854565603704
27483,1968.2854565603704
27484,1968.2854565603704
27485,1968.2854565603704
27486,1968.2854565603704
27487,1968.2854565603704
27488,1968.2854565603704
27489,1968.2854565603704
27490,1968.2854565603704
27491,1968.2854565603704
27492,1968.2854565603704
27493,1968.2854565603704
27494,1968.2854565603704
27495,1968.2854565603704
27496,1968.2854565603704
27497,1968.2854565603704
27498,1968.2854565603704
27499,1968.2854565603704
27500,1968.2854565603704
27501,1968.2854565603704
27502,1968.2854565603704
27503,1968.2854565603704
27504,1968.2854565603704
27505,1968.2854565603704
27506,1968.2854565603704
27507,1968.2854565603704
27508,1968.2854565603704
27509,1968.2854565603704
27510,1968.2854565603704
27511,1968.2854565603704
27512,1968.2854565603704
27513,1968.2854565603704
27514,1968.2854565603704
27515,1968.2854565603704
27516,1968.2854565603704
27517,1968.2854565603704
27518,1968.2854565603704
27519,1968.2854565603704
27520,1968.2854565603704
27521,1968.2854565603704
27522,1968.2854565603704
27523,1968.2854565603704
27524,1968.2854565603704
27525,1968.2854565603704
27526,1968.2854565603704
27527,1968.2854565603704
27528,1968.2854565603704
27529,1968.2854565603704
27530,1968.2854565603704
27531,1968.2854565603704
27532,1968.2854565603704
27533,1968.2854565603704
27534,1968.2854565603704
27535,1968.2854565603704
27536,1968.2854565603704
27537,1968.2854565603704
27538,1968.2854565603704
27539,1968.2854565603704
27540,1968.2854565603704
27541,1968.2854565603704
27542,1968.2854565603704
27543,1968.2854565603704
27544,1968.2854565603704
27545,1968.2854565603704
27546,1968.2854565603704
27547,1968.2854565603704
27548,1968.2854565603704
27549,1968.2854565603704
27550,1968.2854565603704
27551,1968.2854565603704
27552,1968.2854565603704
27553,1968.2854565603704
27554,1968.2854565603704
27555,1968.2854565603704
27556,1968.2854565603704
27557,1968.2854565603704
27558,1968.2854565603704
27559,1968.2854565603704
27560,1968.2854565603704
27561,1968.2854565603704
27562,1968.2854565603704
27563,1968.2854565603704
27564,1968.2854565603704
27565,1968.2854565603704
27566,1968.2854565603704
27567,1968.2854565603704
27568,1968.2854565603704
27569,1968.2854565603704
27570,1968.2854565603704
27571,1968.2854565603704
27572,1968.2854565603704
27573,1968.2854565603704
27574,1968.2854565603704
27575,1968.2854565603704
27576,1968.2854565603704
27577,1968.2854565603704
27578,1968.2854565603704
27579,1968.2854565603704
27580,1968.2854565603704
27581,1968.2854565603704
27582,1968.2854565603704
27583,1968.2854565603704
27584,1968.2854565603704
27585,1968.2854565603704
27586,1968.2854565603704
27587,1968.2854565603704
27588,1968.2854565603704
27589,1968.2854565603704
27590,1968.2854565603704
27591,1968.2854565603704
27592,1968.2854565603704
27593,1968.2854565603704
27594,1968.2854565603704
27595,1968.2854565603704
27596,1968.2854565603704
27597,1968.2854565603704
27598,1968.2854565603704
27599,1968.2854565603704
27600,1968.2854565603704
27601,1968.2854565603704
27602,1968.2854565603704
27603,1968.2854565603704
27604,1968.2854565603704
27605,1968.2854565603704
27606,1968.2854565603704
27607,1968.2854565603704
27608,1968.2854565603704
27609,1968.2854565603704
27610,1968.2854565603704
27611,1968.2854565603704
27612,1968.2854565603704
27613,1968.2854565603704
27614,1968.2854565603704
27615,1968.2854565603704
27616,1968.2854565603704
27617,1968.2854565603704
27618,1968.2854565603704
27619,1968.2854565603704
27620,1968.2854565603704
27621,1968.2854565603704
27622,1968.2854565603704
27623,1968.2854565603704
27624,1968.2854565603704
27625,1968.2854565603704
27626,1968.2854565603704
27627,1968.2854565603704
27628,1968.2854565603704
27629,1968.2854565603704
27630,1968.2854565603704
27631,1968.2854565603704
27632,1968.2854565603704
27633,1968.2854565603704
27634,1968.2854565603704
27635,1968.2854565603704
27636,1968.2854565603704
27637,1968.2854565603704
27638,1968.2854565603704
27639,1968.2854565603704
27640,1968.2854565603704
27641,1968.2854565603704
27642,1968.2854565603704
27643,1968.2854565603704
27644,1968.2854565603704
27645,1968.2854565603704
27646,1968.2854565603704
27647,1968.2854565603704
27648,1968.2854565603704
27649,1968.2854565603704
27650,1968.2854565603704
27651,1968.2854565603704
27652,1968.2854565603704
27653,1968.2854565603704
27654,1968.2854565603704
27655,1968.2854565603704
27656,1968.2854565603704
27657,1968.2854565603704
27658,1968.2854565603704
27659,1968.2854565603704
27660,1968.2854565603704
27661,1968.2854565603704
27662,1968.2854565603704
27663,1968.2854565603704
27664,1968.2854565603704
27665,1968.2854565603704
27666,1968.2854565603704
27667,1968.2854565603704
27668,1968.2854565603704
27669,1968.2854565603704
27670,1968.2854565603704
27671,1968.2854565603704
27672,1968.2854565603704
27673,1968.2854565603704
27674,1968.2854565603704
27675,1968.2854565603704
27676,1968.2854565603704
27677,1968.2854565603704
27678,1968.2854565603704
27679,1968.2854565603704
27680,1968.2854565603704
27681,1968.2854565603704
27682,1968.2854565603704
27683,1968.2854565603704
27684,1968.2854565603704
27685,1968.2854565603704
27686,1968.2854565603704
27687,1968.2854565603704
27688,1968.2854565603704
27689,1968.2854565603704
27690,1968.2854565603704
27691,1968.2854565603704
27692,1968.2854565603704
27693,1968.2854565603704
27694,1968.2854565603704
27695,1968.2854565603704
27696,1968.2854565603704
27697,1968.2854565603704
27698,1968.2854565603704
27699,1968.2854565603704
27700,1968.2854565603704
27701,1968.2854565603704
27702,1968.2854565603704
27703,1968.2854565603704
27704,1968.2854565603704
27705,1968.2854565603704
27706,1968.2854565603704
27707,1968.2854565603704
27708,1968.2854565603704
27709,1968.2854565603704
27710,1968.2854565603704
27711,1968.2854565603704
27712,1968.2854565603704
27713,1968.2854565603704
27714,1968.2854565603704
27715,1968.2854565603704
27716,1968.2854565603704
27717,1968.2854565603704
27718,1968.2854565603704
27719,1968.2854565603704
27720,1968.2854565603704
27721,1968.2854565603704
27722,1968.2854565603704
27723,1968.2854565603704
27724,1968.2854565603704
27725,1968.2854565603704
27726,1968.2854565603704
27727,1968.2854565603704
27728,1968.2854565603704
27729,1968.2854565603704
27730,1968.2854565603704
27731,1968.2854565603704
27732,1968.2854565603704
27733,1968.2854565603704
27734,1968.2854565603704
27735,1968.2854565603704
27736,1968.2854565603704
27737,1968.2854565603704
27738,1968.2854565603704
27739,1968.2854565603704
27740,1968.2854565603704
27741,1968.2854565603704
27742,1968.2854565603704
27743,1968.2854565603704
27744,1968.2854565603704
27745,1968.2854565603704
27746,1968.2854565603704
27747,1968.2854565603704
27748,1968.2854565603704
27749,1968.2854565603704
27750,1968.2854565603704
27751,1968.2854565603704
27752,1968.2854565603704
27753,1968.2854565603704
27754,1968.2854565603704
27755,1968.2854565603704
27756,1968.2854565603704
27757,1968.2854565603704
27758,1968.2854565603704
27759,1968.2854565603704
27760,1968.2854565603704
27761,1968.2854565603704
27762,1968.2854565603704
27763,1968.2854565603704
27764,1968.2854565603704
27765,1968.2854565603704
27766,1968.2854565603704
27767,1968.2854565603704
27768,1968.2854565603704
27769,1968.2854565603704
27770,1968.2854565603704
27771,1968.2854565603704
27772,1968.2854565603704
27773,1968.2854565603704
27774,1968.2854565603704
27775,1968.2854565603704
27776,1968.2854565603704
27777,1968.2854565603704
27778,1968.2854565603704
27779,1968.2854565603704
27780,1968.2854565603704
27781,1968.2854565603704
27782,1968.2854565603704
27783,1968.2854565603704
27784,1968.2854565603704
27785,1968.2854565603704
27786,1968.2854565603704
27787,1968.2854565603704
27788,1968.2854565603704
27789,1968.2854565603704
27790,1968.2854565603704
27791,1968.2854565603704
27792,1968.2854565603704
27793,1968.2854565603704
27794,1968.2854565603704
27795,1968.2854565603704
27796,1968.2854565603704
27797,1968.2854565603704
27798,1968.2854565603704
27799,1968.2854565603704
27800,1968.2854565603704
27801,1968.2854565603704
27802,1968.2854565603704
27803,1968.2854565603704
27804,1968.2854565603704
27805,1968.2854565603704
27806,1968.2854565603704
27807,1968.2854565603704
27808,1968.2854565603704
27809,1968.2854565603704
27810,1968.2854565603704
27811,1968.2854565603704
27812,1968.2854565603704
27813,1968.2854565603704
27814,1968.2854565603704
27815,1968.2854565603704
27816,1968.2854565603704
27817,1968.2854565603704
27818,1968.2854565603704
27819,1968.2854565603704
27820,1968.2854565603704
27821,1968.2854565603704
27822,1968.2854565603704
27823,1968.2854565603704
27824,1968.2854565603704
27825,1968.2854565603704
27826,1968.2854565603704
27827,1968.2854565603704
27828,1968.2854565603704
27829,1968.2854565603704
27830,1968.2854565603704
27831,1968.2854565603704
27832,1968.2854565603704
27833,1968.2854565603704
27834,1968.2854565603704
27835,1968.2854565603704
27836,1968.2854565603704
27837,1968.2854565603704
27838,1968.2854565603704
27839,1968.2854565603704
27840,1968.2854565603704
27841,1968.2854565603704
27842,1968.2854565603704
27843,1968.2854565603704
27844,1968.2854565603704
27845,1968.2854565603704
27846,1968.2854565603704
27847,1968.2854565603704
27848,1968.2854565603704
27849,1968.2854565603704
27850,1968.2854565603704
27851,1968.2854565603704
27852,1968.2854565603704
27853,1968.2854565603704
27854,1968.2854565603704
27855,1968.2854565603704
27856,1968.2854565603704
27857,1968.2854565603704
27858,1968.2854565603704
27859,1968.2854565603704
27860,1968.2854565603704
27861,1968.2854565603704
27862,1968.2854565603704
27863,1968.2854565603704
27864,1968.2854565603704
27865,1968.2854565603704
27866,1968.2854565603704
27867,1968.2854565603704
27868,1968.2854565603704
27869,1968.2854565603704
27870,1968.2854565603704
27871,1968.2854565603704
27872,1968.2854565603704
27873,1968.2854565603704
27874,1968.2854565603704
27875,1968.2854565603704
27876,1968.2854565603704
27877,1968.2854565603704
27878,1968.2854565603704
27879,1968.2854565603704
27880,1968.2854565603704
27881,1968.2854565603704
27882,1968.2854565603704
27883,1968.2854565603704
27884,1968.2854565603704
27885,1968.2854565603704
27886,1968.2854565603704
27887,1968.2854565603704
27888,1968.2854565603704
27889,1968.2854565603704
27890,1968.2854565603704
27891,1968.2854565603704
27892,1968.2854565603704
27893,1968.2854565603704
27894,1968.2854565603704
27895,1968.2854565603704
27896,1968.2854565603704
27897,1968.2854565603704
27898,1968.2854565603704
27899,1968.2854565603704
27900,1968.2854565603704
27901,1968.2854565603704
27902,1968.2854565603704
27903,1968.2854565603704
27904,1968.2854565603704
27905,1968.2854565603704
27906,1968.2854565603704
27907,1968.2854565603704
27908,1968.2854565603704
27909,1968.2854565603704
27910,1968.2854565603704
27911,1968.2854565603704
27912,1968.2854565603704
27913,1968.2854565603704
27914,1968.2854565603704
27915,1968.2854565603704
27916,1968.2854565603704
27917,1968.2854565603704
27918,1968.2854565603704
27919,1968.2854565603704
27920,1968.2854565603704
27921,1968.2854565603704
27922,1968.2854565603704
27923,1968.2854565603704
27924,1968.2854565603704
27925,1968.2854565603704
27926,1968.2854565603704
27927,1968.2854565603704
27928,1968.2854565603704
27929,1968.2854565603704
27930,1968.2854565603704
27931,1968.2854565603704
27932,1968.2854565603704
27933,1968.2854565603704
27934,1968.2854565603704
27935,1968.2854565603704
27936,1968.2854565603704
27937,1968.2854565603704
27938,1968.2854565603704
27939,1968.2854565603704
27940,1968.2854565603704
27941,1968.2854565603704
27942,1968.2854565603704
27943,1968.2854565603704
27944,1968.2854565603704
27945,1968.2854565603704
27946,1968.2854565603704
27947,1968.2854565603704
27948,1968.2854565603704
27949,1968.2854565603704
27950,1968.2854565603704
27951,1968.2854565603704
27952,1968.2854565603704
27953,1968.2854565603704
27954,1968.2854565603704
27955,1968.2854565603704
27956,1968.2854565603704
27957,1968.2854565603704
27958,1968.2854565603704
27959,1968.2854565603704
27960,1968.2854565603704
27961,1968.2854565603704
27962,1968.2854565603704
27963,1968.2854565603704
27964,1968.2854565603704
27965,1968.2854565603704
27966,1968.2854565603704
27967,1968.2854565603704
27968,1968.2854565603704
27969,1968.2854565603704
27970,1968.2854565603704
27971,1968.2854565603704
27972,1968.2854565603704
27973,1968.2854565603704
27974,1968.2854565603704
27975,1968.2854565603704
27976,1968.2854565603704
27977,1968.2854565603704
27978,1968.2854565603704
27979,1968.2854565603704
27980,1968.2854565603704
27981,1968.2854565603704
27982,1968.2854565603704
27983,1968.2854565603704
27984,1968.2854565603704
27985,1968.2854565603704
27986,1968.2854565603704
27987,1968.2854565603704
27988,1968.2854565603704
27989,1968.2854565603704
27990,1968.2854565603704
27991,1968.2854565603704
27992,1968.2854565603704
27993,1968.2854565603704
27994,1968.2854565603704
27995,1968.2854565603704
27996,1968.2854565603704
27997,1968.2854565603704
27998,1968.2854565603704
27999,1968.2854565603704
28000,1968.2854565603704
28001,1968.2854565603704
28002,1968.2854565603704
28003,1968.2854565603704
28004,1968.2854565603704
28005,1968.2854565603704
28006,1968.2854565603704
28007,1968.2854565603704
28008,1968.2854565603704
28009,1968.2854565603704
28010,1968.2854565603704
28011,1968.2854565603704
28012,1968.2854565603704
28013,1968.2854565603704
28014,1968.2854565603704
28015,1968.2854565603704
28016,1968.2854565603704
28017,1968.2854565603704
28018,1968.2854565603704
28019,1968.2854565603704
28020,1968.2854565603704
28021,1968.2854565603704
28022,1968.2854565603704
28023,1968.2854565603704
28024,1968.2854565603704
28025,1968.2854565603704
28026,1968.2854565603704
28027,1968.2854565603704
28028,1968.2854565603704
28029,1968.2854565603704
28030,1968.2854565603704
28031,1968.2854565603704
28032,1968.2854565603704
28033,1968.2854565603704
28034,1968.2854565603704
28035,1968.2854565603704
28036,1968.2854565603704
28037,1968.2854565603704
28038,1968.2854565603704
28039,1968.2854565603704
28040,1968.2854565603704
28041,1968.2854565603704
28042,1968.2854565603704
28043,1968.2854565603704
28044,1968.2854565603704
28045,1968.2854565603704
28046,1968.2854565603704
28047,1968.2854565603704
28048,1968.2854565603704
28049,1968.2854565603704
28050,1968.2854565603704
28051,1968.2854565603704
28052,1968.2854565603704
28053,1968.2854565603704
28054,1968.2854565603704
28055,1968.2854565603704
28056,1968.2854565603704
28057,1968.2854565603704
28058,1968.2854565603704
28059,1968.2854565603704
28060,1968.2854565603704
28061,1968.2854565603704
28062,1968.2854565603704
28063,1968.2854565603704
28064,1968.2854565603704
28065,1968.2854565603704
28066,1968.2854565603704
28067,1968.2854565603704
28068,1968.2854565603704
28069,1968.2854565603704
28070,1968.2854565603704
28071,1968.2854565603704
28072,1968.2854565603704
28073,1968.2854565603704
28074,1968.2854565603704
28075,1968.2854565603704
28076,1968.2854565603704
28077,1968.2854565603704
28078,1968.2854565603704
28079,1968.2854565603704
28080,1968.2854565603704
28081,1968.2854565603704
28082,1968.2854565603704
28083,1968.2854565603704
28084,1968.2854565603704
28085,1968.2854565603704
28086,1968.2854565603704
28087,1968.2854565603704
28088,1968.2854565603704
28089,1968.2854565603704
28090,1968.2854565603704
28091,1968.2854565603704
28092,1968.2854565603704
28093,1968.2854565603704
28094,1968.2854565603704
28095,1968.2854565603704
28096,1968.2854565603704
28097,1968.2854565603704
28098,1968.2854565603704
28099,1968.2854565603704
28100,1968.2854565603704
28101,1968.2854565603704
28102,1968.2854565603704
28103,1968.2854565603704
28104,1968.2854565603704
28105,1968.2854565603704
28106,1968.2854565603704
28107,1968.2854565603704
28108,1968.2854565603704
28109,1968.2854565603704
28110,1968.2854565603704
28111,1968.2854565603704
28112,1968.2854565603704
28113,1968.2854565603704
28114,1968.2854565603704
28115,1968.2854565603704
28116,1968.2854565603704
28117,1968.2854565603704
28118,1968.2854565603704
28119,1968.2854565603704
28120,1968.2854565603704
28121,1968.2854565603704
28122,1968.2854565603704
28123,1968.2854565603704
28124,1968.2854565603704
28125,1968.2854565603704
28126,1968.2854565603704
28127,1968.2854565603704
28128,1968.2854565603704
28129,1968.2854565603704
28130,1968.2854565603704
28131,1968.2854565603704
28132,1968.2854565603704
28133,1968.2854565603704
28134,1968.2854565603704
28135,1968.2854565603704
28136,1968.2854565603704
28137,1968.2854565603704
28138,1968.2854565603704
28139,1968.2854565603704
28140,1968.2854565603704
28141,1968.2854565603704
28142,1968.2854565603704
28143,1968.2854565603704
28144,1968.2854565603704
28145,1968.2854565603704
28146,1968.2854565603704
28147,1968.2854565603704
28148,1968.2854565603704
28149,1968.2854565603704
28150,1968.2854565603704
28151,1968.2854565603704
28152,1968.2854565603704
28153,1968.2854565603704
28154,1968.2854565603704
28155,1968.2854565603704
28156,1968.2854565603704
28157,1968.2854565603704
28158,1968.2854565603704
28159,1968.2854565603704
28160,1968.2854565603704
28161,1968.2854565603704
28162,1968.2854565603704
28163,1968.2854565603704
28164,1968.2854565603704
28165,1968.2854565603704
28166,1968.2854565603704
28167,1968.2854565603704
28168,1968.2854565603704
28169,1968.2854565603704
28170,1968.2854565603704
28171,1968.2854565603704
28172,1968.2854565603704
28173,1968.2854565603704
28174,1968.2854565603704
28175,1968.2854565603704
28176,1968.2854565603704
28177,1968.2854565603704
28178,1968.2854565603704
28179,1968.2854565603704
28180,1968.2854565603704
28181,1968.2854565603704
28182,1968.2854565603704
28183,1968.2854565603704
28184,1968.2854565603704
28185,1968.2854565603704
28186,1968.2854565603704
28187,1968.2854565603704
28188,1968.2854565603704
28189,1968.2854565603704
28190,1968.2854565603704
28191,1968.2854565603704
28192,1968.2854565603704
28193,1968.2854565603704
28194,1968.2854565603704
28195,1968.2854565603704
28196,1968.2854565603704
28197,1968.2854565603704
28198,1968.2854565603704
28199,1968.2854565603704
28200,1968.2854565603704
28201,1968.2854565603704
28202,1968.2854565603704
28203,1968.2854565603704
28204,1968.2854565603704
28205,1968.2854565603704
28206,1968.2854565603704
28207,1968.2854565603704
28208,1968.2854565603704
28209,1968.2854565603704
28210,1968.2854565603704
28211,1968.2854565603704
28212,1968.2854565603704
28213,1968.2854565603704
28214,1968.2854565603704
28215,1968.2854565603704
28216,1968.2854565603704
28217,1968.2854565603704
28218,1968.2854565603704
28219,1968.2854565603704
28220,1968.2854565603704
28221,1968.2854565603704
28222,1968.2854565603704
28223,1968.2854565603704
28224,1968.2854565603704
28225,1968.2854565603704
28226,1968.2854565603704
28227,1968.2854565603704
28228,1968.2854565603704
28229,1968.2854565603704
28230,1968.2854565603704
28231,1968.2854565603704
28232,1968.2854565603704
28233,1968.2854565603704
28234,1968.2854565603704
28235,1968.2854565603704
28236,1968.2854565603704
28237,1968.2854565603704
28238,1968.2854565603704
28239,1968.2854565603704
28240,1968.2854565603704
28241,1968.2854565603704
28242,1968.2854565603704
28243,1968.2854565603704
28244,1968.2854565603704
28245,1968.2854565603704
28246,1968.2854565603704
28247,1968.2854565603704
28248,1968.2854565603704
28249,1968.2854565603704
28250,1968.2854565603704
28251,1968.2854565603704
28252,1968.2854565603704
28253,1968.2854565603704
28254,1968.2854565603704
28255,1968.2854565603704
28256,1968.2854565603704
28257,1968.2854565603704
28258,1968.2854565603704
28259,1968.2854565603704
28260,1968.2854565603704
28261,1968.2854565603704
28262,1968.2854565603704
28263,1968.2854565603704
28264,1968.2854565603704
28265,1968.2854565603704
28266,1968.2854565603704
28267,1968.2854565603704
28268,1968.2854565603704
28269,1968.2854565603704
28270,1968.2854565603704
28271,1968.2854565603704
28272,1968.2854565603704
28273,1968.2854565603704
28274,1968.2854565603704
28275,1968.2854565603704
28276,1968.2854565603704
28277,1968.2854565603704
28278,1968.2854565603704
28279,1968.2854565603704
28280,1968.2854565603704
28281,1968.2854565603704
28282,1968.2854565603704
28283,1968.2854565603704
28284,1968.2854565603704
28285,1968.2854565603704
28286,1968.2854565603704
28287,1968.2854565603704
28288,1968.2854565603704
28289,1968.2854565603704
28290,1968.2854565603704
28291,1968.2854565603704
28292,1968.2854565603704
28293,1968.2854565603704
28294,1968.2854565603704
28295,1968.2854565603704
28296,1968.2854565603704
28297,1968.2854565603704
28298,1968.2854565603704
28299,1968.2854565603704
28300,1968.2854565603704
28301,1968.2854565603704
28302,1968.2854565603704
28303,1968.2854565603704
28304,1968.2854565603704
28305,1968.2854565603704
28306,1968.2854565603704
28307,1968.2854565603704
28308,1968.2854565603704
28309,1968.2854565603704
28310,1968.2854565603704
28311,1968.2854565603704
28312,1968.2854565603704
28313,1968.2854565603704
28314,1968.2854565603704
28315,1968.2854565603704
28316,1968.2854565603704
28317,1968.2854565603704
28318,1968.2854565603704
28319,1968.2854565603704
28320,1968.2854565603704
28321,1968.2854565603704
28322,1968.2854565603704
28323,1968.2854565603704
28324,1968.2854565603704
28325,1968.2854565603704
28326,1968.2854565603704
28327,1968.2854565603704
28328,1968.2854565603704
28329,1968.2854565603704
28330,1968.2854565603704
28331,1968.2854565603704
28332,1968.2854565603704
28333,1968.2854565603704
28334,1968.2854565603704
28335,1968.2854565603704
28336,1968.2854565603704
28337,1968.2854565603704
28338,1968.2854565603704
28339,1968.2854565603704
28340,1968.2854565603704
28341,1968.2854565603704
28342,1968.2854565603704
28343,1968.2854565603704
28344,1968.2854565603704
28345,1968.2854565603704
28346,1968.2854565603704
28347,1968.2854565603704
28348,1968.2854565603704
28349,1968.2854565603704
28350,1968.2854565603704
28351,1968.2854565603704
28352,1968.2854565603704
28353,1968.2854565603704
28354,1968.2854565603704
28355,1968.2854565603704
28356,1968.2854565603704
28357,1968.2854565603704
28358,1968.2854565603704
28359,1968.2854565603704
28360,1968.2854565603704
28361,1968.2854565603704
28362,1968.2854565603704
28363,1968.2854565603704
28364,1968.2854565603704
28365,1968.2854565603704
28366,1968.2854565603704
28367,1968.2854565603704
28368,1968.2854565603704
28369,1968.2854565603704
28370,1968.2854565603704
28371,1968.2854565603704
28372,1968.2854565603704
28373,1968.2854565603704
28374,1968.2854565603704
28375,1968.2854565603704
28376,1968.2854565603704
28377,1968.2854565603704
28378,1968.2854565603704
28379,1968.2854565603704
28380,1968.2854565603704
28381,1968.2854565603704
28382,1968.2854565603704
28383,1968.2854565603704
28384,1968.2854565603704
28385,1968.2854565603704
28386,1968.2854565603704
28387,1968.2854565603704
28388,1968.2854565603704
28389,1968.2854565603704
28390,1968.2854565603704
28391,1968.2854565603704
28392,1968.2854565603704
28393,1968.2854565603704
28394,1968.2854565603704
28395,1968.2854565603704
28396,1968.2854565603704
28397,1968.2854565603704
28398,1968.2854565603704
28399,1968.2854565603704
28400,1968.2854565603704
28401,1968.2854565603704
28402,1968.2854565603704
28403,1968.2854565603704
28404,1968.2854565603704
28405,1968.2854565603704
28406,1968.2854565603704
28407,1968.2854565603704
28408,1968.2854565603704
28409,1968.2854565603704
28410,1968.2854565603704
28411,1968.2854565603704
28412,1968.2854565603704
28413,1968.2854565603704
28414,1968.2854565603704
28415,1968.2854565603704
28416,1968.2854565603704
28417,1968.2854565603704
28418,1968.2854565603704
28419,1968.2854565603704
28420,1968.2854565603704
28421,1968.2854565603704
28422,1968.2854565603704
28423,1968.2854565603704
28424,1968.2854565603704
28425,1968.2854565603704
28426,1968.2854565603704
28427,1968.2854565603704
28428,1968.2854565603704
28429,1968.2854565603704
28430,1968.2854565603704
28431,1968.2854565603704
28432,1968.2854565603704
28433,1968.2854565603704
28434,1968.2854565603704
28435,1968.2854565603704
28436,1968.2854565603704
28437,1968.2854565603704
28438,1968.2854565603704
28439,1968.2854565603704
28440,1968.2854565603704
28441,1968.2854565603704
28442,1968.2854565603704
28443,1968.2854565603704
28444,1968.2854565603704
28445,1968.2854565603704
28446,1968.2854565603704
28447,1968.2854565603704
28448,1968.2854565603704
28449,1968.2854565603704
28450,1968.2854565603704
28451,1968.2854565603704
28452,1968.2854565603704
28453,1968.2854565603704
28454,1968.2854565603704
28455,1968.2854565603704
28456,1968.2854565603704
28457,1968.2854565603704
28458,1968.2854565603704
28459,1968.2854565603704
28460,1968.2854565603704
28461,1968.2854565603704
28462,1968.2854565603704
28463,1968.2854565603704
28464,1968.2854565603704
28465,1968.2854565603704
28466,1968.2854565603704
28467,1968.2854565603704
28468,1968.2854565603704
28469,1968.2854565603704
28470,1968.2854565603704
28471,1968.2854565603704
28472,1968.2854565603704
28473,1968.2854565603704
28474,1968.2854565603704
28475,1968.2854565603704
28476,1968.2854565603704
28477,1968.2854565603704
28478,1968.2854565603704
28479,1968.2854565603704
28480,1968.2854565603704
28481,1968.2854565603704
28482,1968.2854565603704
28483,1968.2854565603704
28484,1968.2854565603704
28485,1968.2854565603704
28486,1968.2854565603704
28487,1968.2854565603704
28488,1968.2854565603704
28489,1968.2854565603704
28490,1968.2854565603704
28491,1968.2854565603704
28492,1968.2854565603704
28493,1968.2854565603704
28494,1968.2854565603704
28495,1968.2854565603704
28496,1968.2854565603704
28497,1968.2854565603704
28498,1968.2854565603704
28499,1968.2854565603704
28500,1968.2854565603704
28501,1968.2854565603704
28502,1968.2854565603704
28503,1968.2854565603704
28504,1968.2854565603704
28505,1968.2854565603704
28506,1968.2854565603704
28507,1968.2854565603704
28508,1968.2854565603704
28509,1968.2854565603704
28510,1968.2854565603704
28511,1968.2854565603704
28512,1968.2854565603704
28513,1968.2854565603704
28514,1968.2854565603704
28515,1968.2854565603704
28516,1968.2854565603704
28517,1968.2854565603704
28518,1968.2854565603704
28519,1968.2854565603704
28520,1968.2854565603704
28521,1968.2854565603704
28522,1968.2854565603704
28523,1968.2854565603704
28524,1968.2854565603704
28525,1968.2854565603704
28526,1968.2854565603704
28527,1968.2854565603704
28528,1968.2854565603704
28529,1968.2854565603704
28530,1968.2854565603704
28531,1968.2854565603704
28532,1968.2854565603704
28533,1968.2854565603704
28534,1968.2854565603704
28535,1968.2854565603704
28536,1968.2854565603704
28537,1968.2854565603704
28538,1968.2854565603704
28539,1968.2854565603704
28540,1968.2854565603704
28541,1968.2854565603704
28542,1968.2854565603704
28543,1968.2854565603704
28544,1968.2854565603704
28545,1968.2854565603704
28546,1968.2854565603704
28547,1968.2854565603704
28548,1968.2854565603704
28549,1968.2854565603704
28550,1968.2854565603704
28551,1968.2854565603704
28552,1968.2854565603704
28553,1968.2854565603704
28554,1968.2854565603704
28555,1968.2854565603704
28556,1968.2854565603704
28557,1968.2854565603704
28558,1968.2854565603704
28559,1968.2854565603704
28560,1968.2854565603704
28561,1968.2854565603704
28562,1968.2854565603704
28563,1968.2854565603704
28564,1968.2854565603704
28565,1968.2854565603704
28566,1968.2854565603704
28567,1968.2854565603704
28568,1968.2854565603704
28569,1968.2854565603704
28570,1968.2854565603704
28571,1968.2854565603704
28572,1968.2854565603704
28573,1968.2854565603704
28574,1968.2854565603704
28575,1968.2854565603704
28576,1968.2854565603704
28577,1968.2854565603704
28578,1968.2854565603704
28579,1968.2854565603704
28580,1968.2854565603704
28581,1968.2854565603704
28582,1968.2854565603704
28583,1968.2854565603704
28584,1968.2854565603704
28585,1968.2854565603704
28586,1968.2854565603704
28587,1968.2854565603704
28588,1968.2854565603704
28589,1968.2854565603704
28590,1968.2854565603704
28591,1968.2854565603704
28592,1968.2854565603704
28593,1968.2854565603704
28594,1968.2854565603704
28595,1968.2854565603704
28596,1968.2854565603704
28597,1968.2854565603704
28598,1968.2854565603704
28599,1968.2854565603704
28600,1968.2854565603704
28601,1968.2854565603704
28602,1968.2854565603704
28603,1968.2854565603704
28604,1968.2854565603704
28605,1968.2854565603704
28606,1968.2854565603704
28607,1968.2854565603704
28608,1968.2854565603704
28609,1968.2854565603704
28610,1968.2854565603704
28611,1968.2854565603704
28612,1968.2854565603704
28613,1968.2854565603704
28614,1968.2854565603704
28615,1968.2854565603704
28616,1968.2854565603704
28617,1968.2854565603704
28618,1968.2854565603704
28619,1968.2854565603704
28620,1968.2854565603704
28621,1968.2854565603704
28622,1968.2854565603704
28623,1968.2854565603704
28624,1968.2854565603704
28625,1968.2854565603704
28626,1968.2854565603704
28627,1968.2854565603704
28628,1968.2854565603704
28629,1968.2854565603704
28630,1968.2854565603704
28631,1968.2854565603704
28632,1968.2854565603704
28633,1968.2854565603704
28634,1968.2854565603704
28635,1968.2854565603704
28636,1968.2854565603704
28637,1968.2854565603704
28638,1968.2854565603704
28639,1968.2854565603704
28640,1968.2854565603704
28641,1968.2854565603704
28642,1968.2854565603704
28643,1968.2854565603704
28644,1968.2854565603704
28645,1968.2854565603704
28646,1968.2854565603704
28647,1968.2854565603704
28648,1968.2854565603704
28649,1968.2854565603704
28650,1968.2854565603704
28651,1968.2854565603704
28652,1968.2854565603704
28653,1968.2854565603704
28654,1968.2854565603704
28655,1968.2854565603704
28656,1968.2854565603704
28657,1968.2854565603704
28658,1968.2854565603704
28659,1968.2854565603704
28660,1968.2854565603704
28661,1968.2854565603704
28662,1968.2854565603704
28663,1968.2854565603704
28664,1968.2854565603704
28665,1968.2854565603704
28666,1968.2854565603704
28667,1968.2854565603704
28668,1968.2854565603704
28669,1968.2854565603704
28670,1968.2854565603704
28671,1968.2854565603704
28672,1968.2854565603704
28673,1968.2854565603704
28674,1968.2854565603704
28675,1968.2854565603704
28676,1968.2854565603704
28677,1968.2854565603704
28678,1968.2854565603704
28679,1968.2854565603704
28680,1968.2854565603704
28681,1968.2854565603704
28682,1968.2854565603704
28683,1968.2854565603704
28684,1968.2854565603704
28685,1968.2854565603704
28686,1968.2854565603704
28687,1968.2854565603704
28688,1968.2854565603704
28689,1968.2854565603704
28690,1968.2854565603704
28691,1968.2854565603704
28692,1968.2854565603704
28693,1968.2854565603704
28694,1968.2854565603704
28695,1968.2854565603704
28696,1968.2854565603704
28697,1968.2854565603704
28698,1968.2854565603704
28699,1968.2854565603704
28700,1968.2854565603704
28701,1968.2854565603704
28702,1968.2854565603704
28703,1968.2854565603704
28704,1968.2854565603704
28705,1968.2854565603704
28706,1968.2854565603704
28707,1968.2854565603704
28708,1968.2854565603704
28709,1968.2854565603704
28710,1968.2854565603704
28711,1968.2854565603704
28712,1968.2854565603704
28713,1968.2854565603704
28714,1968.2854565603704
28715,1968.2854565603704
28716,1968.2854565603704
28717,1968.2854565603704
28718,1968.2854565603704
28719,1968.2854565603704
28720,1968.2854565603704
28721,1968.2854565603704
28722,1968.2854565603704
28723,1968.2854565603704
28724,1968.2854565603704
28725,1968.2854565603704
28726,1968.2854565603704
28727,1968.2854565603704
28728,1968.2854565603704
28729,1968.2854565603704
28730,1968.2854565603704
28731,1968.2854565603704
28732,1968.2854565603704
28733,1968.2854565603704
28734,1968.2854565603704
28735,1968.2854565603704
28736,1968.2854565603704
28737,1968.2854565603704
28738,1968.2854565603704
28739,1968.2854565603704
28740,1968.2854565603704
28741,1968.2854565603704
28742,1968.2854565603704
28743,1968.2854565603704
28744,1968.2854565603704
28745,1968.2854565603704
28746,1968.2854565603704
28747,1968.2854565603704
28748,1968.2854565603704
28749,1968.2854565603704
28750,1968.2854565603704
28751,1968.2854565603704
28752,1968.2854565603704
28753,1968.2854565603704
28754,1968.2854565603704
28755,1968.2854565603704
28756,1968.2854565603704
28757,1968.2854565603704
28758,1968.2854565603704
28759,1968.2854565603704
28760,1968.2854565603704
28761,1968.2854565603704
28762,1968.2854565603704
28763,1968.2854565603704
28764,1968.2854565603704
28765,1968.2854565603704
28766,1968.2854565603704
28767,1968.2854565603704
28768,1968.2854565603704
28769,1968.2854565603704
28770,1968.2854565603704
28771,1968.2854565603704
28772,1968.2854565603704
28773,1968.2854565603704
28774,1968.2854565603704
28775,1968.2854565603704
28776,1968.2854565603704
28777,1968.2854565603704
28778,1968.2854565603704
28779,1968.2854565603704
28780,1968.2854565603704
28781,1968.2854565603704
28782,1968.2854565603704
28783,1968.2854565603704
28784,1968.2854565603704
28785,1968.2854565603704
28786,1968.2854565603704
28787,1968.2854565603704
28788,1968.2854565603704
28789,1968.2854565603704
28790,1968.2854565603704
28791,1968.2854565603704
28792,1968.2854565603704
28793,1968.2854565603704
28794,1968.2854565603704
28795,1968.2854565603704
28796,1968.2854565603704
28797,1968.2854565603704
28798,1968.2854565603704
28799,1968.2854565603704
28800,1968.2854565603704
28801,1968.2854565603704
28802,1968.2854565603704
28803,1968.2854565603704
28804,1968.2854565603704
28805,1968.2854565603704
28806,1968.2854565603704
28807,1968.2854565603704
28808,1968.2854565603704
28809,1968.2854565603704
28810,1968.2854565603704
28811,1968.2854565603704
28812,1968.2854565603704
28813,1968.2854565603704
28814,1968.2854565603704
28815,1968.2854565603704
28816,1968.2854565603704
28817,1968.2854565603704
28818,1968.2854565603704
28819,1968.2854565603704
28820,1968.2854565603704
28821,1968.2854565603704
28822,1968.2854565603704
28823,1968.2854565603704
28824,1968.2854565603704
28825,1968.2854565603704
28826,1968.2854565603704
28827,1968.2854565603704
28828,1968.2854565603704
28829,1968.2854565603704
28830,1968.2854565603704
28831,1968.2854565603704
28832,1968.2854565603704
28833,1968.2854565603704
28834,1968.2854565603704
28835,1968.2854565603704
28836,1968.2854565603704
28837,1968.2854565603704
28838,1968.2854565603704
28839,1968.2854565603704
28840,1968.2854565603704
28841,1968.2854565603704
28842,1968.2854565603704
28843,1968.2854565603704
28844,1968.2854565603704
28845,1968.2854565603704
28846,1968.2854565603704
28847,1968.2854565603704
28848,1968.2854565603704
28849,1968.2854565603704
28850,1968.2854565603704
28851,1968.2854565603704
28852,1968.2854565603704
28853,1968.2854565603704
28854,1968.2854565603704
28855,1968.2854565603704
28856,1968.2854565603704
28857,1968.2854565603704
28858,1968.2854565603704
28859,1968.2854565603704
28860,1968.2854565603704
28861,1968.2854565603704
28862,1968.2854565603704
28863,1968.2854565603704
28864,1968.2854565603704
28865,1968.2854565603704
28866,1968.2854565603704
28867,1968.2854565603704
28868,1968.2854565603704
28869,1968.2854565603704
28870,1968.2854565603704
28871,1968.2854565603704
28872,1968.2854565603704
28873,1968.2854565603704
28874,1968.2854565603704
28875,1968.2854565603704
28876,1968.2854565603704
28877,1968.2854565603704
28878,1968.2854565603704
28879,1968.2854565603704
28880,1968.2854565603704
28881,1968.2854565603704
28882,1968.2854565603704
28883,1968.2854565603704
28884,1968.2854565603704
28885,1968.2854565603704
28886,1968.2854565603704
28887,1968.2854565603704
28888,1968.2854565603704
28889,1968.2854565603704
28890,1968.2854565603704
28891,1968.2854565603704
28892,1968.2854565603704
28893,1968.2854565603704
28894,1968.2854565603704
28895,1968.2854565603704
28896,1968.2854565603704
28897,1968.2854565603704
28898,1968.2854565603704
28899,1968.2854565603704
28900,1968.2854565603704
28901,1968.2854565603704
28902,1968.2854565603704
28903,1968.2854565603704
28904,1968.2854565603704
28905,1968.2854565603704
28906,1968.2854565603704
28907,1968.2854565603704
28908,1968.2854565603704
28909,1968.2854565603704
28910,1968.2854565603704
28911,1968.2854565603704
28912,1968.2854565603704
28913,1968.2854565603704
28914,1968.2854565603704
28915,1968.2854565603704
28916,1968.2854565603704
28917,1968.2854565603704
28918,1968.2854565603704
28919,1968.2854565603704
28920,1968.2854565603704
28921,1968.2854565603704
28922,1968.2854565603704
28923,1968.2854565603704
28924,1968.2854565603704
28925,1968.2854565603704
28926,1968.2854565603704
28927,1968.2854565603704
28928,1968.2854565603704
28929,1968.2854565603704
28930,1968.2854565603704
28931,1968.2854565603704
28932,1968.2854565603704
28933,1968.2854565603704
28934,1968.2854565603704
28935,1968.2854565603704
28936,1968.2854565603704
28937,1968.2854565603704
28938,1968.2854565603704
28939,1968.2854565603704
28940,1968.2854565603704
28941,1968.2854565603704
28942,1968.2854565603704
28943,1968.2854565603704
28944,1968.2854565603704
28945,1968.2854565603704
28946,1968.2854565603704
28947,1968.2854565603704
28948,1968.2854565603704
28949,1968.2854565603704
28950,1968.2854565603704
28951,1968.2854565603704
28952,1968.2854565603704
28953,1968.2854565603704
28954,1968.2854565603704
28955,1968.2854565603704
28956,1968.2854565603704
28957,1968.2854565603704
28958,1968.2854565603704
28959,1968.2854565603704
28960,1968.2854565603704
28961,1968.2854565603704
28962,1968.2854565603704
28963,1968.2854565603704
28964,1968.2854565603704
28965,1968.2854565603704
28966,1968.2854565603704
28967,1968.2854565603704
28968,1968.2854565603704
28969,1968.2854565603704
28970,1968.2854565603704
28971,1968.2854565603704
28972,1968.2854565603704
28973,1968.2854565603704
28974,1968.2854565603704
28975,1968.2854565603704
28976,1968.2854565603704
28977,1968.2854565603704
28978,1968.2854565603704
28979,1968.2854565603704
28980,1968.2854565603704
28981,1968.2854565603704
28982,1968.2854565603704
28983,1968.2854565603704
28984,1968.2854565603704
28985,1968.2854565603704
28986,1968.2854565603704
28987,1968.2854565603704
28988,1968.2854565603704
28989,1968.2854565603704
28990,1968.2854565603704
28991,1968.2854565603704
28992,1968.2854565603704
28993,1968.2854565603704
28994,1968.2854565603704
28995,1968.2854565603704
28996,1968.2854565603704
28997,1968.2854565603704
28998,1968.2854565603704
28999,1968.2854565603704
29000,1968.2854565603704
29001,1968.2854565603704
29002,1968.2854565603704
29003,1968.2854565603704
29004,1968.2854565603704
29005,1968.2854565603704
29006,1968.2854565603704
29007,1968.2854565603704
29008,1968.2854565603704
29009,1968.2854565603704
29010,1968.2854565603704
29011,1968.2854565603704
29012,1968.2854565603704
29013,1968.2854565603704
29014,1968.2854565603704
29015,1968.2854565603704
29016,1968.2854565603704
29017,1968.2854565603704
29018,1968.2854565603704
29019,1968.2854565603704
29020,1968.2854565603704
29021,1968.2854565603704
29022,1968.2854565603704
29023,1968.2854565603704
29024,1968.2854565603704
29025,1968.2854565603704
29026,1968.2854565603704
29027,1968.2854565603704
29028,1968.2854565603704
29029,1968.2854565603704
29030,1968.2854565603704
29031,1968.2854565603704
29032,1968.2854565603704
29033,1968.2854565603704
29034,1968.2854565603704
29035,1968.2854565603704
29036,1968.2854565603704
29037,1968.2854565603704
29038,1968.2854565603704
29039,1968.2854565603704
29040,1968.2854565603704
29041,1968.2854565603704
29042,1968.2854565603704
29043,1968.2854565603704
29044,1968.2854565603704
29045,1968.2854565603704
29046,1968.2854565603704
29047,1968.2854565603704
29048,1968.2854565603704
29049,1968.2854565603704
29050,1968.2854565603704
29051,1968.2854565603704
29052,1968.2854565603704
29053,1968.2854565603704
29054,1968.2854565603704
29055,1968.2854565603704
29056,1968.2854565603704
29057,1968.2854565603704
29058,1968.2854565603704
29059,1968.2854565603704
29060,1968.2854565603704
29061,1968.2854565603704
29062,1968.2854565603704
29063,1968.2854565603704
29064,1968.2854565603704
29065,1968.2854565603704
29066,1968.2854565603704
29067,1968.2854565603704
29068,1968.2854565603704
29069,1968.2854565603704
29070,1968.2854565603704
29071,1968.2854565603704
29072,1968.2854565603704
29073,1968.2854565603704
29074,1968.2854565603704
29075,1968.2854565603704
29076,1968.2854565603704
29077,1968.2854565603704
29078,1968.2854565603704
29079,1968.2854565603704
29080,1968.2854565603704
29081,1968.2854565603704
29082,1968.2854565603704
29083,1968.2854565603704
29084,1968.2854565603704
29085,1968.2854565603704
29086,1968.2854565603704
29087,1968.2854565603704
29088,1968.2854565603704
29089,1968.2854565603704
29090,1968.2854565603704
29091,1968.2854565603704
29092,1968.2854565603704
29093,1968.2854565603704
29094,1968.2854565603704
29095,1968.2854565603704
29096,1968.2854565603704
29097,1968.2854565603704
29098,1968.2854565603704
29099,1968.2854565603704
29100,1968.2854565603704
29101,1968.2854565603704
29102,1968.2854565603704
29103,1968.2854565603704
29104,1968.2854565603704
29105,1968.2854565603704
29106,1968.2854565603704
29107,1968.2854565603704
29108,1968.2854565603704
29109,1968.2854565603704
29110,1968.2854565603704
29111,1968.2854565603704
29112,1968.2854565603704
29113,1968.2854565603704
29114,1968.2854565603704
29115,1968.2854565603704
29116,1968.2854565603704
29117,1968.2854565603704
29118,1968.2854565603704
29119,1968.2854565603704
29120,1968.2854565603704
29121,1968.2854565603704
29122,1968.2854565603704
29123,1968.2854565603704
29124,1968.2854565603704
29125,1968.2854565603704
29126,1968.2854565603704
29127,1968.2854565603704
29128,1968.2854565603704
29129,1968.2854565603704
29130,1968.2854565603704
29131,1968.2854565603704
29132,1968.2854565603704
29133,1968.2854565603704
29134,1968.2854565603704
29135,1968.2854565603704
29136,1968.2854565603704
29137,1968.2854565603704
29138,1968.2854565603704
29139,1968.2854565603704
29140,1968.2854565603704
29141,1968.2854565603704
29142,1968.2854565603704
29143,1968.2854565603704
29144,1968.2854565603704
29145,1968.2854565603704
29146,1968.2854565603704
29147,1968.2854565603704
29148,1968.2854565603704
29149,1968.2854565603704
29150,1968.2854565603704
29151,1968.2854565603704
29152,1968.2854565603704
29153,1968.2854565603704
29154,1968.2854565603704
29155,1968.2854565603704
29156,1968.2854565603704
29157,1968.2854565603704
29158,1968.2854565603704
29159,1968.2854565603704
29160,1968.2854565603704
29161,1968.2854565603704
29162,1968.2854565603704
29163,1968.2854565603704
29164,1968.2854565603704
29165,1968.2854565603704
29166,1968.2854565603704
29167,1968.2854565603704
29168,1968.2854565603704
29169,1968.2854565603704
29170,1968.2854565603704
29171,1968.2854565603704
29172,1968.2854565603704
29173,1968.2854565603704
29174,1968.2854565603704
29175,1968.2854565603704
29176,1968.2854565603704
29177,1968.2854565603704
29178,1968.2854565603704
29179,1968.2854565603704
29180,1968.2854565603704
29181,1968.2854565603704
29182,1968.2854565603704
29183,1968.2854565603704
29184,1968.2854565603704
29185,1968.2854565603704
29186,1968.2854565603704
29187,1968.2854565603704
29188,1968.2854565603704
29189,1968.2854565603704
29190,1968.2854565603704
29191,1968.2854565603704
29192,1968.2854565603704
29193,1968.2854565603704
29194,1968.2854565603704
29195,1968.2854565603704
29196,1968.2854565603704
29197,1968.2854565603704
29198,1968.2854565603704
29199,1968.2854565603704
29200,1968.2854565603704
29201,1968.2854565603704
29202,1968.2854565603704
29203,1968.2854565603704
29204,1968.2854565603704
29205,1968.2854565603704
29206,1968.2854565603704
29207,1968.2854565603704
29208,1968.2854565603704
29209,1968.2854565603704
29210,1968.2854565603704
29211,1968.2854565603704
29212,1968.2854565603704
29213,1968.2854565603704
29214,1968.2854565603704
29215,1968.2854565603704
29216,1968.2854565603704
29217,1968.2854565603704
29218,1968.2854565603704
29219,1968.2854565603704
29220,1968.2854565603704
29221,1968.2854565603704
29222,1968.2854565603704
29223,1968.2854565603704
29224,1968.2854565603704
29225,1968.2854565603704
29226,1968.2854565603704
29227,1968.2854565603704
29228,1968.2854565603704
29229,1968.2854565603704
29230,1968.2854565603704
29231,1968.2854565603704
29232,1968.2854565603704
29233,1968.2854565603704
29234,1968.2854565603704
29235,1968.2854565603704
29236,1968.2854565603704
29237,1968.2854565603704
29238,1968.2854565603704
29239,1968.2854565603704
29240,1968.2854565603704
29241,1968.2854565603704
29242,1968.2854565603704
29243,1968.2854565603704
29244,1968.2854565603704
29245,1968.2854565603704
29246,1968.2854565603704
29247,1968.2854565603704
29248,1968.2854565603704
29249,1968.2854565603704
29250,1968.2854565603704
29251,1968.2854565603704
29252,1968.2854565603704
29253,1968.2854565603704
29254,1968.2854565603704
29255,1968.2854565603704
29256,1968.2854565603704
29257,1968.2854565603704
29258,1968.2854565603704
29259,1968.2854565603704
29260,1968.2854565603704
29261,1968.2854565603704
29262,1968.2854565603704
29263,1968.2854565603704
29264,1968.2854565603704
29265,1968.2854565603704
29266,1968.2854565603704
29267,1968.2854565603704
29268,1968.2854565603704
29269,1968.2854565603704
29270,1968.2854565603704
29271,1968.2854565603704
29272,1968.2854565603704
29273,1968.2854565603704
29274,1968.2854565603704
29275,1968.2854565603704
29276,1968.2854565603704
29277,1968.2854565603704
29278,1968.2854565603704
29279,1968.2854565603704
29280,1968.2854565603704
29281,1968.2854565603704
29282,1968.2854565603704
29283,1968.2854565603704
29284,1968.2854565603704
29285,1968.2854565603704
29286,1968.2854565603704
29287,1968.2854565603704
29288,1968.2854565603704
29289,1968.2854565603704
29290,1968.2854565603704
29291,1968.2854565603704
29292,1968.2854565603704
29293,1968.2854565603704
29294,1968.2854565603704
29295,1968.2854565603704
29296,1968.2854565603704
29297,1968.2854565603704
29298,1968.2854565603704
29299,1968.2854565603704
29300,1968.2854565603704
29301,1968.2854565603704
29302,1968.2854565603704
29303,1968.2854565603704
29304,1968.2854565603704
29305,1968.2854565603704
29306,1957.166697972124
29307,1957.166697972124
29308,1957.166697972124
29309,1957.166697972124
29310,1957.166697972124
29311,1957.166697972124
29312,1957.166697972124
29313,1957.166697972124
29314,1957.166697972124
29315,1957.166697972124
29316,1957.166697972124
29317,1957.166697972124
29318,1957.166697972124
29319,1957.166697972124
29320,1957.166697972124
29321,1957.166697972124
29322,1957.166697972124
29323,1957.166697972124
29324,1957.166697972124
29325,1957.166697972124
29326,1957.166697972124
29327,1957.166697972124
29328,1957.166697972124
29329,1957.166697972124
29330,1957.166697972124
29331,1957.166697972124
29332,1957.166697972124
29333,1957.166697972124
29334,1957.166697972124
29335,1957.166697972124
29336,1957.166697972124
29337,1957.166697972124
29338,1957.166697972124
29339,1957.166697972124
29340,1957.166697972124
29341,1957.166697972124
29342,1957.166697972124
29343,1957.166697972124
29344,1957.166697972124
29345,1957.166697972124
29346,1957.166697972124
29347,1957.166697972124
29348,1957.166697972124
29349,1957.166697972124
29350,1957.166697972124
29351,1957.166697972124
29352,1957.166697972124
29353,1957.166697972124
29354,1957.166697972124
29355,1957.166697972124
29356,1957.166697972124
29357,1957.166697972124
29358,1957.166697972124
29359,1957.166697972124
29360,1957.166697972124
29361,1957.166697972124
29362,1957.166697972124
29363,1957.166697972124
29364,1957.166697972124
29365,1957.166697972124
29366,1957.166697972124
29367,1957.166697972124
29368,1957.166697972124
29369,1957.166697972124
29370,1957.166697972124
29371,1957.166697972124
29372,1957.166697972124
29373,1957.166697972124
29374,1957.166697972124
29375,1957.166697972124
29376,1957.166697972124
29377,1957.166697972124
29378,1957.166697972124
29379,1957.166697972124
29380,1957.166697972124
29381,1957.166697972124
29382,1957.166697972124
29383,1957.166697972124
29384,1957.166697972124
29385,1957.166697972124
29386,1957.166697972124
29387,1957.166697972124
29388,1957.166697972124
29389,1957.166697972124
29390,1957.166697972124
29391,1957.166697972124
29392,1957.166697972124
29393,1957.166697972124
29394,1957.166697972124
29395,1957.166697972124
29396,1957.166697972124
29397,1957.166697972124
29398,1957.166697972124
29399,1957.166697972124
29400,1957.166697972124
29401,1957.166697972124
29402,1957.166697972124
29403,1957.166697972124
29404,1957.166697972124
29405,1957.166697972124
29406,1957.166697972124
29407,1957.166697972124
29408,1957.166697972124
29409,1957.166697972124
29410,1957.166697972124
29411,1957.166697972124
29412,1957.166697972124
29413,1957.166697972124
29414,1957.166697972124
29415,1957.166697972124
29416,1957.166697972124
29417,1957.166697972124
29418,1957.166697972124
29419,1957.166697972124
29420,1957.166697972124
29421,1957.166697972124
29422,1957.166697972124
29423,1957.166697972124
29424,1957.166697972124
29425,1957.166697972124
29426,1957.166697972124
29427,1957.166697972124
29428,1957.166697972124
29429,1957.166697972124
29430,1957.166697972124
29431,1957.166697972124
29432,1957.166697972124
29433,1957.166697972124
29434,1957.166697972124
29435,1957.166697972124
29436,1957.166697972124
29437,1957.166697972124
29438,1957.166697972124
29439,1957.166697972124
29440,1957.166697972124
29441,1957.166697972124
29442,1957.166697972124
29443,1957.166697972124
29444,1957.166697972124
29445,1957.166697972124
29446,1957.166697972124
29447,1957.166697972124
29448,1957.166697972124
29449,1957.166697972124
29450,1957.166697972124
29451,1957.166697972124
29452,1957.166697972124
29453,1957.166697972124
29454,1957.166697972124
29455,1957.166697972124
29456,1957.166697972124
29457,1957.166697972124
29458,1957.166697972124
29459,1957.166697972124
29460,1957.166697972124
29461,1957.166697972124
29462,1957.166697972124
29463,1957.166697972124
29464,1957.166697972124
29465,1957.166697972124
29466,1957.166697972124
29467,1957.166697972124
29468,1957.166697972124
29469,1957.166697972124
29470,1957.166697972124
29471,1957.166697972124
29472,1957.166697972124
29473,1957.166697972124
29474,1957.166697972124
29475,1957.166697972124
29476,1957.166697972124
29477,1957.166697972124
29478,1957.166697972124
29479,1957.166697972124
29480,1957.166697972124
29481,1957.166697972124
29482,1957.166697972124
29483,1957.166697972124
29484,1957.166697972124
29485,1957.166697972124
29486,1957.166697972124
29487,1957.166697972124
29488,1957.166697972124
29489,1957.166697972124
29490,1957.166697972124
29491,1957.166697972124
29492,1957.166697972124
29493,1957.166697972124
29494,1957.166697972124
29495,1957.166697972124
29496,1957.166697972124
29497,1957.166697972124
29498,1957.166697972124
29499,1957.166697972124
29500,1957.166697972124
29501,1957.166697972124
29502,1957.166697972124
29503,1957.166697972124
29504,1957.166697972124
29505,1957.166697972124
29506,1957.166697972124
29507,1957.166697972124
29508,1957.166697972124
29509,1957.166697972124
29510,1957.166697972124
29511,1957.166697972124
29512,1957.166697972124
29513,1957.166697972124
29514,1957.166697972124
29515,1957.166697972124
29516,1957.166697972124
29517,1957.166697972124
29518,1957.166697972124
29519,1957.166697972124
29520,1957.166697972124
29521,1957.166697972124
29522,1957.166697972124
29523,1957.166697972124
29524,1957.166697972124
29525,1957.166697972124
29526,1957.166697972124
29527,1957.166697972124
29528,1957.166697972124
29529,1957.166697972124
29530,1957.166697972124
29531,1957.166697972124
29532,1957.166697972124
29533,1957.166697972124
29534,1957.166697972124
29535,1957.166697972124
29536,1957.166697972124
29537,1957.166697972124
29538,1957.166697972124
29539,1957.166697972124
29540,1957.166697972124
29541,1957.166697972124
29542,1957.166697972124
29543,1957.166697972124
29544,1957.166697972124
29545,1957.166697972124
29546,1957.166697972124
29547,1957.166697972124
29548,1957.166697972124
29549,1957.166697972124
29550,1957.166697972124
29551,1957.166697972124
29552,1957.166697972124
29553,1957.166697972124
29554,1957.166697972124
29555,1957.166697972124
29556,1957.166697972124
29557,1957.166697972124
29558,1957.166697972124
29559,1957.166697972124
29560,1957.166697972124
29561,1957.166697972124
29562,1957.166697972124
29563,1957.166697972124
29564,1957.166697972124
29565,1957.166697972124
29566,1957.166697972124
29567,1957.166697972124
29568,1957.166697972124
29569,1957.166697972124
29570,1957.166697972124
29571,1957.166697972124
29572,1957.166697972124
29573,1957.166697972124
29574,1957.166697972124
29575,1957.166697972124
29576,1957.166697972124
29577,1957.166697972124
29578,1957.166697972124
29579,1957.166697972124
29580,1957.166697972124
29581,1957.166697972124
29582,1957.166697972124
29583,1957.166697972124
29584,1957.166697972124
29585,1957.166697972124
29586,1957.166697972124
29587,1957.166697972124
29588,1957.166697972124
29589,1957.166697972124
29590,1957.166697972124
29591,1957.166697972124
29592,1957.166697972124
29593,1957.166697972124
29594,1957.166697972124
29595,1957.166697972124
29596,1957.166697972124
29597,1957.166697972124
29598,1957.166697972124
29599,1957.166697972124
29600,1957.166697972124
29601,1957.166697972124
29602,1957.166697972124
29603,1957.166697972124
29604,1957.166697972124
29605,1957.166697972124
29606,1957.166697972124
29607,1957.166697972124
29608,1957.166697972124
29609,1957.166697972124
29610,1957.166697972124
29611,1957.166697972124
29612,1957.166697972124
29613,1957.166697972124
29614,1957.166697972124
29615,1957.166697972124
29616,1957.166697972124
29617,1957.166697972124
29618,1957.166697972124
29619,1957.166697972124
29620,1957.166697972124
29621,1957.166697972124
29622,1957.166697972124
29623,1957.166697972124
29624,1957.166697972124
29625,1957.166697972124
29626,1957.166697972124
29627,1957.166697972124
29628,1957.166697972124
29629,1957.166697972124
29630,1957.166697972124
29631,1957.166697972124
29632,1957.166697972124
29633,1957.166697972124
29634,1957.166697972124
29635,1957.166697972124
29636,1957.166697972124
29637,1957.166697972124
29638,1957.166697972124
29639,1957.166697972124
29640,1957.166697972124
29641,1957.166697972124
29642,1957.166697972124
29643,1957.166697972124
29644,1957.166697972124
29645,1957.166697972124
29646,1957.166697972124
29647,1957.166697972124
29648,1957.166697972124
29649,1957.166697972124
29650,1957.166697972124
29651,1957.166697972124
29652,1957.166697972124
29653,1957.166697972124
29654,1957.166697972124
29655,1957.166697972124
29656,1957.166697972124
29657,1957.166697972124
29658,1957.166697972124
29659,1957.166697972124
29660,1957.166697972124
29661,1957.166697972124
29662,1957.166697972124
29663,1957.166697972124
29664,1957.166697972124
29665,1957.166697972124
29666,1957.166697972124
29667,1957.166697972124
29668,1957.166697972124
29669,1957.166697972124
29670,1957.166697972124
29671,1957.166697972124
29672,1957.166697972124
29673,1957.166697972124
29674,1957.166697972124
29675,1957.166697972124
29676,1957.166697972124
29677,1957.166697972124
29678,1957.166697972124
29679,1957.166697972124
29680,1957.166697972124
29681,1957.166697972124
29682,1957.166697972124
29683,1957.166697972124
29684,1957.166697972124
29685,1957.166697972124
29686,1957.166697972124
29687,1957.166697972124
29688,1957.166697972124
29689,1957.166697972124
29690,1957.166697972124
29691,1957.166697972124
29692,1957.166697972124
29693,1957.166697972124
29694,1957.166697972124
29695,1957.166697972124
29696,1957.166697972124
29697,1957.166697972124
29698,1957.166697972124
29699,1957.166697972124
29700,1957.166697972124
29701,1957.166697972124
29702,1957.166697972124
29703,1957.166697972124
29704,1957.166697972124
29705,1957.166697972124
29706,1957.166697972124
29707,1957.166697972124
29708,1957.166697972124
29709,1957.166697972124
29710,1957.166697972124
29711,1957.166697972124
29712,1957.166697972124
29713,1957.166697972124
29714,1957.166697972124
29715,1957.166697972124
29716,1957.166697972124
29717,1957.166697972124
29718,1957.166697972124
29719,1957.166697972124
29720,1957.166697972124
29721,1957.166697972124
29722,1957.166697972124
29723,1957.166697972124
29724,1957.166697972124
29725,1957.166697972124
29726,1957.166697972124
29727,1957.166697972124
29728,1957.166697972124
29729,1957.166697972124
29730,1957.166697972124
29731,1957.166697972124
29732,1957.166697972124
29733,1957.166697972124
29734,1957.166697972124
29735,1957.166697972124
29736,1957.166697972124
29737,1957.166697972124
29738,1957.166697972124
29739,1957.166697972124
29740,1957.166697972124
29741,1957.166697972124
29742,1957.166697972124
29743,1957.166697972124
29744,1957.166697972124
29745,1957.166697972124
29746,1957.166697972124
29747,1957.166697972124
29748,1957.166697972124
29749,1957.166697972124
29750,1957.166697972124
29751,1957.166697972124
29752,1957.166697972124
29753,1957.166697972124
29754,1957.166697972124
29755,1957.166697972124
29756,1957.166697972124
29757,1957.166697972124
29758,1957.166697972124
29759,1957.166697972124
29760,1957.166697972124
29761,1957.166697972124
29762,1957.166697972124
29763,1957.166697972124
29764,1957.166697972124
29765,1957.166697972124
29766,1957.166697972124
29767,1957.166697972124
29768,1957.166697972124
29769,1957.166697972124
29770,1957.166697972124
29771,1957.166697972124
29772,1957.166697972124
29773,1957.166697972124
29774,1957.166697972124
29775,1957.166697972124
29776,1957.166697972124
29777,1957.166697972124
29778,1957.166697972124
29779,1957.166697972124
29780,1957.166697972124
29781,1957.166697972124
29782,1957.166697972124
29783,1957.166697972124
29784,1957.166697972124
29785,1957.166697972124
29786,1957.166697972124
29787,1957.166697972124
29788,1957.166697972124
29789,1957.166697972124
29790,1957.166697972124
29791,1957.166697972124
29792,1957.166697972124
29793,1957.166697972124
29794,1957.166697972124
29795,1957.166697972124
29796,1957.166697972124
29797,1957.166697972124
29798,1957.166697972124
29799,1957.166697972124
29800,1957.166697972124
29801,1957.166697972124
29802,1957.166697972124
29803,1957.166697972124
29804,1957.166697972124
29805,1957.166697972124
29806,1957.166697972124
29807,1957.166697972124
29808,1957.166697972124
29809,1957.166697972124
29810,1957.166697972124
29811,1957.166697972124
29812,1957.166697972124
29813,1957.166697972124
29814,1957.166697972124
29815,1957.166697972124
29816,1957.166697972124
29817,1957.166697972124
29818,1957.166697972124
29819,1957.166697972124
29820,1957.166697972124
29821,1957.166697972124
29822,1957.166697972124
29823,1957.166697972124
29824,1957.166697972124
29825,1957.166697972124
29826,1957.166697972124
29827,1957.166697972124
29828,1957.166697972124
29829,1957.166697972124
29830,1957.166697972124
29831,1957.166697972124
29832,1957.166697972124
29833,1957.166697972124
29834,1957.166697972124
29835,1957.166697972124
29836,1957.166697972124
29837,1957.166697972124
29838,1957.166697972124
29839,1957.166697972124
29840,1957.166697972124
29841,1957.166697972124
29842,1957.166697972124
29843,1957.166697972124
29844,1957.166697972124
29845,1957.166697972124
29846,1957.166697972124
29847,1957.166697972124
29848,1957.166697972124
29849,1957.166697972124
29850,1957.166697972124
29851,1957.166697972124
29852,1957.166697972124
29853,1957.166697972124
29854,1957.166697972124
29855,1957.166697972124
29856,1957.166697972124
29857,1957.166697972124
29858,1957.166697972124
29859,1957.166697972124
29860,1957.166697972124
29861,1957.166697972124
29862,1957.166697972124
29863,1957.166697972124
29864,1957.166697972124
29865,1957.166697972124
29866,1957.166697972124
29867,1957.166697972124
29868,1957.166697972124
29869,1957.166697972124
29870,1957.166697972124
29871,1957.166697972124
29872,1957.166697972124
29873,1957.166697972124
29874,1957.166697972124
29875,1957.166697972124
29876,1957.166697972124
29877,1957.166697972124
29878,1957.166697972124
29879,1957.166697972124
29880,1957.166697972124
29881,1957.166697972124
29882,1957.166697972124
29883,1957.166697972124
29884,1957.166697972124
29885,1957.166697972124
29886,1957.166697972124
29887,1957.166697972124
29888,1957.166697972124
29889,1957.166697972124
29890,1957.166697972124
29891,1957.166697972124
29892,1957.166697972124
29893,1957.166697972124
29894,1957.166697972124
29895,1957.166697972124
29896,1957.166697972124
29897,1957.166697972124
29898,1957.166697972124
29899,1957.166697972124
29900,1957.166697972124
29901,1957.166697972124
29902,1957.166697972124
29903,1957.166697972124
29904,1957.166697972124
29905,1957.166697972124
29906,1957.166697972124
29907,1957.166697972124
29908,1957.166697972124
29909,1957.166697972124
29910,1957.166697972124
29911,1957.166697972124
29912,1957.166697972124
29913,1957.166697972124
29914,1957.166697972124
29915,1957.166697972124
29916,1957.166697972124
29917,1957.166697972124
29918,1957.166697972124
29919,1957.166697972124
29920,1957.166697972124
29921,1957.166697972124
29922,1957.166697972124
29923,1957.166697972124
29924,1957.166697972124
29925,1957.166697972124
29926,1957.166697972124
29927,1957.166697972124
29928,1957.166697972124
29929,1957.166697972124
29930,1957.166697972124
29931,1957.166697972124
29932,1957.166697972124
29933,1957.166697972124
29934,1957.166697972124
29935,1957.166697972124
29936,1957.166697972124
29937,1957.166697972124
29938,1957.166697972124
29939,1957.166697972124
29940,1957.166697972124
29941,1957.166697972124
29942,1957.166697972124
29943,1957.166697972124
29944,1957.166697972124
29945,1957.166697972124
29946,1957.166697972124
29947,1957.166697972124
29948,1957.166697972124
29949,1957.166697972124
29950,1957.166697972124
29951,1957.166697972124
29952,1957.166697972124
29953,1957.166697972124
29954,1957.166697972124
29955,1957.166697972124
29956,1957.166697972124
29957,1957.166697972124
29958,1957.166697972124
29959,1957.166697972124
29960,1957.166697972124
29961,1957.166697972124
29962,1957.166697972124
29963,1957.166697972124
29964,1957.166697972124
29965,1957.166697972124
29966,1957.166697972124
29967,1957.166697972124
29968,1957.166697972124
29969,1957.166697972124
29970,1957.166697972124
29971,1957.166697972124
29972,1957.166697972124
29973,1957.166697972124
29974,1957.166697972124
29975,1957.166697972124
29976,1957.166697972124
29977,1957.166697972124
29978,1957.166697972124
29979,1957.166697972124
29980,1957.166697972124
29981,1957.166697972124
29982,1957.166697972124
29983,1957.166697972124
29984,1957.166697972124
29985,1957.166697972124
29986,1957.166697972124
29987,1957.166697972124
29988,1957.166697972124
29989,1957.166697972124
29990,1957.166697972124
29991,1957.166697972124
29992,1957.166697972124
29993,1957.166697972124
29994,1957.166697972124
29995,1957.166697972124
29996,1957.166697972124
29997,1957.166697972124
29998,1957.166697972124
29999,1957.166697972124
30000,1957.166697972124
30001,1957.166697972124
30002,1957.166697972124
30003,1957.166697972124
30004,1957.166697972124
30005,1957.166697972124
30006,1957.166697972124
30007,1957.166697972124
30008,1957.166697972124
30009,1957.166697972124
30010,1957.166697972124
30011,1957.166697972124
30012,1957.166697972124
30013,1957.166697972124
30014,1957.166697972124
30015,1957.166697972124
30016,1957.166697972124
30017,1957.166697972124
30018,1957.166697972124
30019,1957.166697972124
30020,1957.166697972124
30021,1957.166697972124
30022,1957.166697972124
30023,1957.166697972124
30024,1957.166697972124
30025,1957.166697972124
30026,1957.166697972124
30027,1957.166697972124
30028,1957.166697972124
30029,1957.166697972124
30030,1957.166697972124
30031,1957.166697972124
30032,1957.166697972124
30033,1957.166697972124
30034,1957.166697972124
30035,1957.166697972124
30036,1957.166697972124
30037,1957.166697972124
30038,1957.166697972124
30039,1957.166697972124
30040,1957.166697972124
30041,1957.166697972124
30042,1957.166697972124
30043,1957.166697972124
30044,1957.166697972124
30045,1957.166697972124
30046,1957.166697972124
30047,1957.166697972124
30048,1957.166697972124
30049,1957.166697972124
30050,1957.166697972124
30051,1957.166697972124
30052,1957.166697972124
30053,1957.166697972124
30054,1957.166697972124
30055,1957.166697972124
30056,1957.166697972124
30057,1957.166697972124
30058,1957.166697972124
30059,1957.166697972124
30060,1957.166697972124
30061,1957.166697972124
30062,1957.166697972124
30063,1957.166697972124
30064,1957.166697972124
30065,1957.166697972124
30066,1957.166697972124
30067,1957.166697972124
30068,1957.166697972124
30069,1957.166697972124
30070,1957.166697972124
30071,1957.166697972124
30072,1957.166697972124
30073,1957.166697972124
30074,1957.166697972124
30075,1957.166697972124
30076,1957.166697972124
30077,1957.166697972124
30078,1957.166697972124
30079,1957.166697972124
30080,1957.166697972124
30081,1957.166697972124
30082,1957.166697972124
30083,1957.166697972124
30084,1957.166697972124
30085,1957.166697972124
30086,1957.166697972124
30087,1957.166697972124
30088,1957.166697972124
30089,1957.166697972124
30090,1957.166697972124
30091,1957.166697972124
30092,1957.166697972124
30093,1957.166697972124
30094,1957.166697972124
30095,1957.166697972124
30096,1957.166697972124
30097,1957.166697972124
30098,1957.166697972124
30099,1957.166697972124
30100,1957.166697972124
30101,1957.166697972124
30102,1957.166697972124
30103,1957.166697972124
30104,1957.166697972124
30105,1957.166697972124
30106,1957.166697972124
30107,1957.166697972124
30108,1957.166697972124
30109,1957.166697972124
30110,1957.166697972124
30111,1957.166697972124
30112,1957.166697972124
30113,1957.166697972124
30114,1957.166697972124
30115,1957.166697972124
30116,1957.166697972124
30117,1957.166697972124
30118,1957.166697972124
30119,1957.166697972124
30120,1957.166697972124
30121,1957.166697972124
30122,1957.166697972124
30123,1957.166697972124
30124,1957.166697972124
30125,1957.166697972124
30126,1957.166697972124
30127,1957.166697972124
30128,1957.166697972124
30129,1957.166697972124
30130,1957.166697972124
30131,1957.166697972124
30132,1957.166697972124
30133,1957.166697972124
30134,1957.166697972124
30135,1957.166697972124
30136,1957.166697972124
30137,1957.166697972124
30138,1957.166697972124
30139,1957.166697972124
30140,1957.166697972124
30141,1957.166697972124
30142,1957.166697972124
30143,1957.166697972124
30144,1957.166697972124
30145,1957.166697972124
30146,1957.166697972124
30147,1957.166697972124
30148,1957.166697972124
30149,1957.166697972124
30150,1957.166697972124
30151,1957.166697972124
30152,1957.166697972124
30153,1957.166697972124
30154,1957.166697972124
30155,1957.166697972124
30156,1957.166697972124
30157,1957.166697972124
30158,1957.166697972124
30159,1957.166697972124
30160,1957.166697972124
30161,1957.166697972124
30162,1957.166697972124
30163,1957.166697972124
30164,1957.166697972124
30165,1957.166697972124
30166,1957.166697972124
30167,1957.166697972124
30168,1957.166697972124
30169,1957.166697972124
30170,1957.166697972124
30171,1957.166697972124
30172,1957.166697972124
30173,1957.166697972124
30174,1957.166697972124
30175,1957.166697972124
30176,1957.166697972124
30177,1957.166697972124
30178,1957.166697972124
30179,1957.166697972124
30180,1957.166697972124
30181,1957.166697972124
30182,1957.166697972124
30183,1957.166697972124
30184,1957.166697972124
30185,1957.166697972124
30186,1957.166697972124
30187,1957.166697972124
30188,1957.166697972124
30189,1957.166697972124
30190,1957.166697972124
30191,1957.166697972124
30192,1957.166697972124
30193,1957.166697972124
30194,1957.166697972124
30195,1957.166697972124
30196,1957.166697972124
30197,1957.166697972124
30198,1957.166697972124
30199,1957.166697972124
30200,1957.166697972124
30201,1957.166697972124
30202,1957.166697972124
30203,1957.166697972124
30204,1957.166697972124
30205,1957.166697972124
30206,1957.166697972124
30207,1957.166697972124
30208,1957.166697972124
30209,1957.166697972124
30210,1957.166697972124
30211,1957.166697972124
30212,1957.166697972124
30213,1957.166697972124
30214,1957.166697972124
30215,1957.166697972124
30216,1957.166697972124
30217,1957.166697972124
30218,1957.166697972124
30219,1957.166697972124
30220,1957.166697972124
30221,1957.166697972124
30222,1957.166697972124
30223,1957.166697972124
30224,1957.166697972124
30225,1957.166697972124
30226,1957.166697972124
30227,1957.166697972124
30228,1957.166697972124
30229,1957.166697972124
30230,1957.166697972124
30231,1957.166697972124
30232,1957.166697972124
30233,1957.166697972124
30234,1957.166697972124
30235,1957.166697972124
30236,1957.166697972124
30237,1957.166697972124
30238,1957.166697972124
30239,1957.166697972124
30240,1957.166697972124
30241,1957.166697972124
30242,1957.166697972124
30243,1957.166697972124
30244,1957.166697972124
30245,1957.166697972124
30246,1957.166697972124
30247,1957.166697972124
30248,1957.166697972124
30249,1957.166697972124
30250,1957.166697972124
30251,1957.166697972124
30252,1957.166697972124
30253,1957.166697972124
30254,1957.166697972124
30255,1957.166697972124
30256,1957.166697972124
30257,1957.166697972124
30258,1957.166697972124
30259,1957.166697972124
30260,1957.166697972124
30261,1957.166697972124
30262,1957.166697972124
30263,1957.166697972124
30264,1957.166697972124
30265,1957.166697972124
30266,1957.166697972124
30267,1957.166697972124
30268,1957.166697972124
30269,1957.166697972124
30270,1957.166697972124
30271,1957.166697972124
30272,1957.166697972124
30273,1957.166697972124
30274,1957.166697972124
30275,1957.166697972124
30276,1957.166697972124
30277,1957.166697972124
30278,1957.166697972124
30279,1957.166697972124
30280,1957.166697972124
30281,1957.166697972124
30282,1957.166697972124
30283,1957.166697972124
30284,1957.166697972124
30285,1957.166697972124
30286,1957.166697972124
30287,1957.166697972124
30288,1957.166697972124
30289,1957.166697972124
30290,1957.166697972124
30291,1957.166697972124
30292,1957.166697972124
30293,1957.166697972124
30294,1957.166697972124
30295,1957.166697972124
30296,1957.166697972124
30297,1957.166697972124
30298,1957.166697972124
30299,1957.166697972124
30300,1957.166697972124
30301,1957.166697972124
30302,1957.166697972124
30303,1957.166697972124
30304,1957.166697972124
30305,1957.166697972124
30306,1957.166697972124
30307,1957.166697972124
30308,1957.166697972124
30309,1957.166697972124
30310,1957.166697972124
30311,1957.166697972124
30312,1957.166697972124
30313,1957.166697972124
30314,1957.166697972124
30315,1957.166697972124
30316,1957.166697972124
30317,1957.166697972124
30318,1957.166697972124
30319,1957.166697972124
30320,1957.166697972124
30321,1957.166697972124
30322,1957.166697972124
30323,1957.166697972124
30324,1957.166697972124
30325,1957.166697972124
30326,1957.166697972124
30327,1957.166697972124
30328,1957.166697972124
30329,1957.166697972124
30330,1957.166697972124
30331,1957.166697972124
30332,1957.166697972124
30333,1957.166697972124
30334,1957.166697972124
30335,1957.166697972124
30336,1957.166697972124
30337,1957.166697972124
30338,1957.166697972124
30339,1957.166697972124
30340,1957.166697972124
30341,1957.166697972124
30342,1957.166697972124
30343,1957.166697972124
30344,1957.166697972124
30345,1957.166697972124
30346,1957.166697972124
30347,1957.166697972124
30348,1957.166697972124
30349,1957.166697972124
30350,1957.166697972124
30351,1957.166697972124
30352,1957.166697972124
30353,1957.166697972124
30354,1957.166697972124
30355,1957.166697972124
30356,1957.166697972124
30357,1957.166697972124
30358,1957.166697972124
30359,1957.166697972124
30360,1957.166697972124
30361,1957.166697972124
30362,1957.166697972124
30363,1957.166697972124
30364,1957.166697972124
30365,1957.166697972124
30366,1957.166697972124
30367,1957.166697972124
30368,1957.166697972124
30369,1957.166697972124
30370,1957.166697972124
30371,1957.166697972124
30372,1957.166697972124
30373,1957.166697972124
30374,1957.166697972124
30375,1957.166697972124
30376,1957.166697972124
30377,1957.166697972124
30378,1957.166697972124
30379,1957.166697972124
30380,1957.166697972124
30381,1957.166697972124
30382,1957.166697972124
30383,1957.166697972124
30384,1957.166697972124
30385,1957.166697972124
30386,1957.166697972124
30387,1957.166697972124
30388,1957.166697972124
30389,1957.166697972124
30390,1957.166697972124
30391,1957.166697972124
30392,1957.166697972124
30393,1957.166697972124
30394,1957.166697972124
30395,1957.166697972124
30396,1957.166697972124
30397,1957.166697972124
30398,1957.166697972124
30399,1957.166697972124
30400,1957.166697972124
30401,1957.166697972124
30402,1957.166697972124
30403,1957.166697972124
30404,1957.166697972124
30405,1957.166697972124
30406,1957.166697972124
30407,1957.166697972124
30408,1957.166697972124
30409,1957.166697972124
30410,1957.166697972124
30411,1957.166697972124
30412,1957.166697972124
30413,1957.166697972124
30414,1957.166697972124
30415,1957.166697972124
30416,1957.166697972124
30417,1957.166697972124
30418,1957.166697972124
30419,1957.166697972124
30420,1957.166697972124
30421,1957.166697972124
30422,1957.166697972124
30423,1957.166697972124
30424,1957.166697972124
30425,1957.166697972124
30426,1957.166697972124
30427,1957.166697972124
30428,1957.166697972124
30429,1957.166697972124
30430,1957.166697972124
30431,1957.166697972124
30432,1957.166697972124
30433,1957.166697972124
30434,1957.166697972124
30435,1957.166697972124
30436,1957.166697972124
30437,1957.166697972124
30438,1957.166697972124
30439,1957.166697972124
30440,1957.166697972124
30441,1957.166697972124
30442,1957.166697972124
30443,1957.166697972124
30444,1957.166697972124
30445,1957.166697972124
30446,1957.166697972124
30447,1957.166697972124
30448,1957.166697972124
30449,1957.166697972124
30450,1957.166697972124
30451,1957.166697972124
30452,1957.166697972124
30453,1957.166697972124
30454,1957.166697972124
30455,1957.166697972124
30456,1957.166697972124
30457,1957.166697972124
30458,1957.166697972124
30459,1957.166697972124
30460,1956.521622079742
30461,1956.521622079742
30462,1956.521622079742
30463,1956.521622079742
30464,1956.521622079742
30465,1956.521622079742
30466,1956.521622079742
30467,1956.521622079742
30468,1956.521622079742
30469,1956.521622079742
30470,1956.521622079742
30471,1956.521622079742
30472,1956.521622079742
30473,1956.521622079742
30474,1956.521622079742
30475,1956.521622079742
30476,1956.521622079742
30477,1956.521622079742
30478,1956.521622079742
30479,1956.521622079742
30480,1956.521622079742
30481,1956.521622079742
30482,1956.521622079742
30483,1956.521622079742
30484,1956.521622079742
30485,1956.521622079742
30486,1956.521622079742
30487,1956.521622079742
30488,1956.521622079742
30489,1956.521622079742
30490,1956.521622079742
30491,1956.521622079742
30492,1956.521622079742
30493,1956.521622079742
30494,1956.521622079742
30495,1956.521622079742
30496,1956.521622079742
30497,1956.521622079742
30498,1956.521622079742
30499,1956.521622079742
30500,1956.521622079742
30501,1956.521622079742
30502,1956.521622079742
30503,1956.521622079742
30504,1956.521622079742
30505,1956.521622079742
30506,1956.521622079742
30507,1956.521622079742
30508,1956.521622079742
30509,1956.521622079742
30510,1956.521622079742
30511,1956.521622079742
30512,1956.521622079742
30513,1956.521622079742
30514,1956.521622079742
30515,1956.521622079742
30516,1956.521622079742
30517,1956.521622079742
30518,1956.521622079742
30519,1956.521622079742
30520,1956.521622079742
30521,1956.521622079742
30522,1956.521622079742
30523,1956.521622079742
30524,1956.521622079742
30525,1956.521622079742
30526,1956.521622079742
30527,1956.521622079742
30528,1956.521622079742
30529,1956.521622079742
30530,1956.521622079742
30531,1956.521622079742
30532,1956.521622079742
30533,1956.521622079742
30534,1956.521622079742
30535,1956.521622079742
30536,1956.521622079742
30537,1956.521622079742
30538,1956.521622079742
30539,1956.521622079742
30540,1956.521622079742
30541,1956.521622079742
30542,1956.521622079742
30543,1956.521622079742
30544,1956.521622079742
30545,1956.521622079742
30546,1956.521622079742
30547,1956.521622079742
30548,1956.521622079742
30549,1956.521622079742
30550,1956.521622079742
30551,1956.521622079742
30552,1956.521622079742
30553,1956.521622079742
30554,1956.521622079742
30555,1956.521622079742
30556,1956.521622079742
30557,1956.521622079742
30558,1956.521622079742
30559,1956.521622079742
30560,1956.521622079742
30561,1956.521622079742
30562,1956.521622079742
30563,1956.521622079742
30564,1956.521622079742
30565,1956.521622079742
30566,1956.521622079742
30567,1956.521622079742
30568,1956.521622079742
30569,1956.521622079742
30570,1956.521622079742
30571,1956.521622079742
30572,1956.521622079742
30573,1956.521622079742
30574,1956.521622079742
30575,1956.521622079742
30576,1956.521622079742
30577,1956.521622079742
30578,1956.521622079742
30579,1956.521622079742
30580,1956.521622079742
30581,1956.521622079742
30582,1956.521622079742
30583,1956.521622079742
30584,1956.521622079742
30585,1956.521622079742
30586,1956.521622079742
30587,1956.521622079742
30588,1956.521622079742
30589,1956.521622079742
30590,1956.521622079742
30591,1956.521622079742
30592,1956.521622079742
30593,1956.521622079742
30594,1956.521622079742
30595,1956.521622079742
30596,1956.521622079742
30597,1956.521622079742
30598,1956.521622079742
30599,1956.521622079742
30600,1956.521622079742
30601,1956.521622079742
30602,1956.521622079742
30603,1956.521622079742
30604,1956.521622079742
30605,1956.521622079742
30606,1956.521622079742
30607,1956.521622079742
30608,1956.521622079742
30609,1956.521622079742
30610,1956.521622079742
30611,1956.521622079742
30612,1956.521622079742
30613,1956.521622079742
30614,1956.521622079742
30615,1956.521622079742
30616,1956.521622079742
30617,1956.521622079742
30618,1956.521622079742
30619,1956.521622079742
30620,1956.521622079742
30621,1956.521622079742
30622,1956.521622079742
30623,1956.521622079742
30624,1956.521622079742
30625,1956.521622079742
30626,1956.521622079742
30627,1956.521622079742
30628,1956.521622079742
30629,1956.521622079742
30630,1956.521622079742
30631,1956.521622079742
30632,1956.521622079742
30633,1956.521622079742
30634,1956.521622079742
30635,1956.521622079742
30636,1956.521622079742
30637,1956.521622079742
30638,1956.521622079742
30639,1956.521622079742
30640,1956.521622079742
30641,1956.521622079742
30642,1956.521622079742
30643,1956.521622079742
30644,1956.521622079742
30645,1956.521622079742
30646,1956.521622079742
30647,1956.521622079742
30648,1956.521622079742
30649,1956.521622079742
30650,1956.521622079742
30651,1956.521622079742
30652,1956.521622079742
30653,1956.521622079742
30654,1956.521622079742
30655,1956.521622079742
30656,1956.521622079742
30657,1956.521622079742
30658,1956.521622079742
30659,1956.521622079742
30660,1956.521622079742
30661,1956.521622079742
30662,1956.521622079742
30663,1956.521622079742
30664,1956.521622079742
30665,1956.521622079742
30666,1956.521622079742
30667,1956.521622079742
30668,1956.521622079742
30669,1956.521622079742
30670,1956.521622079742
30671,1956.521622079742
30672,1956.521622079742
30673,1956.521622079742
30674,1956.521622079742
30675,1956.521622079742
30676,1956.521622079742
30677,1956.521622079742
30678,1956.521622079742
30679,1956.521622079742
30680,1956.521622079742
30681,1956.521622079742
30682,1956.521622079742
30683,1956.521622079742
30684,1956.521622079742
30685,1956.521622079742
30686,1956.521622079742
30687,1956.521622079742
30688,1956.521622079742
30689,1956.521622079742
30690,1956.521622079742
30691,1956.521622079742
30692,1956.521622079742
30693,1956.521622079742
30694,1956.521622079742
30695,1956.521622079742
30696,1956.521622079742
30697,1956.521622079742
30698,1956.521622079742
30699,1956.521622079742
30700,1956.521622079742
30701,1956.521622079742
30702,1956.521622079742
30703,1956.521622079742
30704,1956.521622079742
30705,1956.521622079742
30706,1956.521622079742
30707,1956.521622079742
30708,1956.521622079742
30709,1956.521622079742
30710,1956.521622079742
30711,1956.521622079742
30712,1956.521622079742
30713,1956.521622079742
30714,1956.521622079742
30715,1956.521622079742
30716,1956.521622079742
30717,1956.521622079742
30718,1956.521622079742
30719,1956.521622079742
30720,1956.521622079742
30721,1956.521622079742
30722,1956.521622079742
30723,1956.521622079742
30724,1956.521622079742
30725,1956.521622079742
30726,1956.521622079742
30727,1956.521622079742
30728,1956.521622079742
30729,1956.521622079742
30730,1956.521622079742
30731,1956.521622079742
30732,1956.521622079742
30733,1956.521622079742
30734,1956.521622079742
30735,1956.521622079742
30736,1956.521622079742
30737,1956.521622079742
30738,1956.521622079742
30739,1956.521622079742
30740,1956.521622079742
30741,1956.521622079742
30742,1956.521622079742
30743,1956.521622079742
30744,1956.521622079742
30745,1956.521622079742
30746,1956.521622079742
30747,1956.521622079742
30748,1956.521622079742
30749,1956.521622079742
30750,1956.521622079742
30751,1956.521622079742
30752,1956.521622079742
30753,1956.521622079742
30754,1956.521622079742
30755,1956.521622079742
30756,1956.521622079742
30757,1956.521622079742
30758,1956.521622079742
30759,1956.521622079742
30760,1956.521622079742
30761,1956.521622079742
30762,1956.521622079742
30763,1956.521622079742
30764,1956.521622079742
30765,1956.521622079742
30766,1956.521622079742
30767,1956.521622079742
30768,1956.521622079742
30769,1956.521622079742
30770,1956.521622079742
30771,1956.521622079742
30772,1956.521622079742
30773,1956.521622079742
30774,1956.521622079742
30775,1956.521622079742
30776,1956.521622079742
30777,1956.521622079742
30778,1956.521622079742
30779,1956.521622079742
30780,1956.521622079742
30781,1956.521622079742
30782,1956.521622079742
30783,1956.521622079742
30784,1956.521622079742
30785,1956.521622079742
30786,1956.521622079742
30787,1956.521622079742
30788,1956.521622079742
30789,1956.521622079742
30790,1956.521622079742
30791,1956.521622079742
30792,1956.521622079742
30793,1956.521622079742
30794,1956.521622079742
30795,1956.521622079742
30796,1956.521622079742
30797,1956.521622079742
30798,1956.521622079742
30799,1956.521622079742
30800,1956.521622079742
30801,1956.521622079742
30802,1956.521622079742
30803,1956.521622079742
30804,1956.521622079742
30805,1956.521622079742
30806,1956.521622079742
30807,1956.521622079742
30808,1956.521622079742
30809,1956.521622079742
30810,1956.521622079742
30811,1956.521622079742
30812,1956.521622079742
30813,1956.521622079742
30814,1956.521622079742
30815,1956.521622079742
30816,1956.521622079742
30817,1956.521622079742
30818,1956.521622079742
30819,1956.521622079742
30820,1956.521622079742
30821,1956.521622079742
30822,1956.521622079742
30823,1956.521622079742
30824,1956.521622079742
30825,1956.521622079742
30826,1956.521622079742
30827,1956.521622079742
30828,1956.521622079742
30829,1956.521622079742
30830,1956.521622079742
30831,1956.521622079742
30832,1956.521622079742
30833,1956.521622079742
30834,1956.521622079742
30835,1956.521622079742
30836,1956.521622079742
30837,1956.521622079742
30838,1956.521622079742
30839,1956.521622079742
30840,1956.521622079742
30841,1956.521622079742
30842,1956.521622079742
30843,1956.521622079742
30844,1956.521622079742
30845,1956.521622079742
30846,1956.521622079742
30847,1956.521622079742
30848,1956.521622079742
30849,1956.521622079742
30850,1956.521622079742
30851,1956.521622079742
30852,1956.521622079742
30853,1956.521622079742
30854,1956.521622079742
30855,1956.521622079742
30856,1956.521622079742
30857,1956.521622079742
30858,1956.521622079742
30859,1956.521622079742
30860,1956.521622079742
30861,1956.521622079742
30862,1956.521622079742
30863,1956.521622079742
30864,1956.521622079742
30865,1956.521622079742
30866,1956.521622079742
30867,1956.521622079742
30868,1956.521622079742
30869,1956.521622079742
30870,1956.521622079742
30871,1956.521622079742
30872,1956.521622079742
30873,1956.521622079742
30874,1956.521622079742
30875,1956.521622079742
30876,1956.521622079742
30877,1956.521622079742
30878,1956.521622079742
30879,1956.521622079742
30880,1956.521622079742
30881,1956.521622079742
30882,1956.521622079742
30883,1956.521622079742
30884,1956.521622079742
30885,1956.521622079742
30886,1956.521622079742
30887,1956.521622079742
30888,1956.521622079742
30889,1956.521622079742
30890,1956.521622079742
30891,1956.521622079742
30892,1956.521622079742
30893,1956.521622079742
30894,1956.521622079742
30895,1956.521622079742
30896,1956.521622079742
30897,1956.521622079742
30898,1956.521622079742
30899,1956.521622079742
30900,1956.521622079742
30901,1956.521622079742
30902,1956.521622079742
30903,1956.521622079742
30904,1956.521622079742
30905,1956.521622079742
30906,1956.521622079742
30907,1956.521622079742
30908,1956.521622079742
30909,1956.521622079742
30910,1956.521622079742
30911,1956.521622079742
30912,1956.521622079742
30913,1956.521622079742
30914,1956.521622079742
30915,1956.521622079742
30916,1956.521622079742
30917,1956.521622079742
30918,1956.521622079742
30919,1956.521622079742
30920,1956.521622079742
30921,1956.521622079742
30922,1956.521622079742
30923,1956.521622079742
30924,1956.521622079742
30925,1956.521622079742
30926,1956.521622079742
30927,1956.521622079742
30928,1956.521622079742
30929,1956.521622079742
30930,1956.521622079742
30931,1956.521622079742
30932,1956.521622079742
30933,1956.521622079742
30934,1956.521622079742
30935,1956.521622079742
30936,1956.521622079742
30937,1956.521622079742
30938,1956.521622079742
30939,1956.521622079742
30940,1956.521622079742
30941,1956.521622079742
30942,1956.521622079742
30943,1956.521622079742
30944,1956.521622079742
30945,1956.521622079742
30946,1956.521622079742
30947,1956.521622079742
30948,1956.521622079742
30949,1956.521622079742
30950,1956.521622079742
30951,1956.521622079742
30952,1956.521622079742
30953,1956.521622079742
30954,1956.521622079742
30955,1956.521622079742
30956,1956.521622079742
30957,1956.521622079742
30958,1956.521622079742
30959,1956.521622079742
30960,1956.521622079742
30961,1956.521622079742
30962,1956.521622079742
30963,1956.521622079742
30964,1956.521622079742
30965,1956.521622079742
30966,1956.521622079742
30967,1956.521622079742
30968,1956.521622079742
30969,1956.521622079742
30970,1956.521622079742
30971,1956.521622079742
30972,1956.521622079742
30973,1956.521622079742
30974,1956.521622079742
30975,1956.521622079742
30976,1956.521622079742
30977,1956.521622079742
30978,1956.521622079742
30979,1956.521622079742
30980,1956.521622079742
30981,1956.521622079742
30982,1956.521622079742
30983,1956.521622079742
30984,1956.521622079742
30985,1956.521622079742
30986,1956.521622079742
30987,1956.521622079742
30988,1956.521622079742
30989,1956.521622079742
30990,1956.521622079742
30991,1956.521622079742
30992,1956.521622079742
30993,1956.521622079742
30994,1956.521622079742
30995,1956.521622079742
30996,1956.521622079742
30997,1956.521622079742
30998,1956.521622079742
30999,1956.521622079742
31000,1956.521622079742
31001,1956.521622079742
31002,1956.521622079742
31003,1956.521622079742
31004,1956.521622079742
31005,1956.521622079742
31006,1956.521622079742
31007,1956.521622079742
31008,1956.521622079742
31009,1956.521622079742
31010,1956.521622079742
31011,1956.521622079742
31012,1956.521622079742
31013,1956.521622079742
31014,1956.521622079742
31015,1956.521622079742
31016,1956.521622079742
31017,1956.521622079742
31018,1956.521622079742
31019,1956.521622079742
31020,1956.521622079742
31021,1956.521622079742
31022,1956.521622079742
31023,1956.521622079742
31024,1956.521622079742
31025,1956.521622079742
31026,1956.521622079742
31027,1956.521622079742
31028,1956.521622079742
31029,1956.521622079742
31030,1956.521622079742
31031,1956.521622079742
31032,1956.521622079742
31033,1956.521622079742
31034,1956.521622079742
31035,1956.521622079742
31036,1956.521622079742
31037,1956.521622079742
31038,1956.521622079742
31039,1956.521622079742
31040,1956.521622079742
31041,1956.521622079742
31042,1956.521622079742
31043,1956.521622079742
31044,1956.521622079742
31045,1956.521622079742
31046,1956.521622079742
31047,1956.521622079742
31048,1956.521622079742
31049,1956.521622079742
31050,1956.521622079742
31051,1956.521622079742
31052,1956.521622079742
31053,1956.521622079742
31054,1956.521622079742
31055,1956.521622079742
31056,1956.521622079742
31057,1956.521622079742
31058,1956.521622079742
31059,1956.521622079742
31060,1956.521622079742
31061,1956.521622079742
31062,1956.521622079742
31063,1956.521622079742
31064,1956.521622079742
31065,1956.521622079742
31066,1956.521622079742
31067,1956.521622079742
31068,1956.521622079742
31069,1956.521622079742
31070,1956.521622079742
31071,1956.521622079742
31072,1956.521622079742
31073,1956.521622079742
31074,1956.521622079742
31075,1956.521622079742
31076,1956.521622079742
31077,1956.521622079742
31078,1956.521622079742
31079,1956.521622079742
31080,1956.521622079742
31081,1956.521622079742
31082,1956.521622079742
31083,1956.521622079742
31084,1956.521622079742
31085,1956.521622079742
31086,1956.521622079742
31087,1956.521622079742
31088,1956.521622079742
31089,1956.521622079742
31090,1956.521622079742
31091,1956.521622079742
31092,1956.521622079742
31093,1956.521622079742
31094,1956.521622079742
31095,1956.521622079742
31096,1956.521622079742
31097,1956.521622079742
31098,1956.521622079742
31099,1956.521622079742
31100,1956.521622079742
31101,1956.521622079742
31102,1956.521622079742
31103,1956.521622079742
31104,1956.521622079742
31105,1956.521622079742
31106,1956.521622079742
31107,1956.521622079742
31108,1956.521622079742
31109,1956.521622079742
31110,1956.521622079742
31111,1956.521622079742
31112,1956.521622079742
31113,1956.521622079742
31114,1956.521622079742
31115,1956.521622079742
31116,1956.521622079742
31117,1956.521622079742
31118,1956.521622079742
31119,1956.521622079742
31120,1956.521622079742
31121,1956.521622079742
31122,1956.521622079742
31123,1956.521622079742
31124,1956.521622079742
31125,1956.521622079742
31126,1956.521622079742
31127,1956.521622079742
31128,1956.521622079742
31129,1956.521622079742
31130,1956.521622079742
31131,1956.521622079742
31132,1956.521622079742
31133,1956.521622079742
31134,1956.521622079742
31135,1956.521622079742
31136,1956.521622079742
31137,1956.521622079742
31138,1956.521622079742
31139,1956.521622079742
31140,1956.521622079742
31141,1956.521622079742
31142,1956.521622079742
31143,1956.521622079742
31144,1956.521622079742
31145,1956.521622079742
31146,1956.521622079742
31147,1956.521622079742
31148,1956.521622079742
31149,1956.521622079742
31150,1956.521622079742
31151,1956.521622079742
31152,1956.521622079742
31153,1956.521622079742
31154,1956.521622079742
31155,1956.521622079742
31156,1956.521622079742
31157,1956.521622079742
31158,1956.521622079742
31159,1956.521622079742
31160,1956.521622079742
31161,1956.521622079742
31162,1956.521622079742
31163,1956.521622079742
31164,1956.521622079742
31165,1956.521622079742
31166,1956.521622079742
31167,1956.521622079742
31168,1956.521622079742
31169,1956.521622079742
31170,1956.521622079742
31171,1956.521622079742
31172,1956.521622079742
31173,1956.521622079742
31174,1956.521622079742
31175,1956.521622079742
31176,1956.521622079742
31177,1956.521622079742
31178,1956.521622079742
31179,1956.521622079742
31180,1956.521622079742
31181,1956.521622079742
31182,1956.521622079742
31183,1956.521622079742
31184,1956.521622079742
31185,1956.521622079742
31186,1956.521622079742
31187,1956.521622079742
31188,1956.521622079742
31189,1956.521622079742
31190,1956.521622079742
31191,1956.521622079742
31192,1956.521622079742
31193,1956.521622079742
31194,1956.521622079742
31195,1956.521622079742
31196,1956.521622079742
31197,1956.521622079742
31198,1956.521622079742
31199,1956.521622079742
31200,1956.521622079742
31201,1956.521622079742
31202,1956.521622079742
31203,1956.521622079742
31204,1956.521622079742
31205,1956.521622079742
31206,1956.521622079742
31207,1956.521622079742
31208,1956.521622079742
31209,1956.521622079742
31210,1956.521622079742
31211,1956.521622079742
31212,1956.521622079742
31213,1956.521622079742
31214,1956.521622079742
31215,1956.521622079742
31216,1956.521622079742
31217,1956.521622079742
31218,1956.521622079742
31219,1956.521622079742
31220,1956.521622079742
31221,1956.521622079742
31222,1956.521622079742
31223,1956.521622079742
31224,1956.521622079742
31225,1956.521622079742
31226,1956.521622079742
31227,1956.521622079742
31228,1956.521622079742
31229,1956.521622079742
31230,1956.521622079742
31231,1956.521622079742
31232,1956.521622079742
31233,1956.521622079742
31234,1956.521622079742
31235,1956.521622079742
31236,1956.521622079742
31237,1956.521622079742
31238,1956.521622079742
31239,1956.521622079742
31240,1956.521622079742
31241,1956.521622079742
31242,1956.521622079742
31243,1956.521622079742
31244,1956.521622079742
31245,1956.521622079742
31246,1956.521622079742
31247,1956.521622079742
31248,1956.521622079742
31249,1956.521622079742
31250,1956.521622079742
31251,1956.521622079742
31252,1956.521622079742
31253,1956.521622079742
31254,1956.521622079742
31255,1956.521622079742
31256,1956.521622079742
31257,1956.521622079742
31258,1956.521622079742
31259,1956.521622079742
31260,1956.521622079742
31261,1956.521622079742
31262,1956.521622079742
31263,1956.521622079742
31264,1956.521622079742
31265,1956.521622079742
31266,1956.521622079742
31267,1956.521622079742
31268,1956.521622079742
31269,1956.521622079742
31270,1956.521622079742
31271,1956.521622079742
31272,1956.521622079742
31273,1956.521622079742
31274,1956.521622079742
31275,1956.521622079742
31276,1956.521622079742
31277,1956.521622079742
31278,1956.521622079742
31279,1956.521622079742
31280,1956.521622079742
31281,1956.521622079742
31282,1956.521622079742
31283,1956.521622079742
31284,1956.521622079742
31285,1956.521622079742
31286,1956.521622079742
31287,1956.521622079742
31288,1956.521622079742
31289,1956.521622079742
31290,1956.521622079742
31291,1956.521622079742
31292,1956.521622079742
31293,1956.521622079742
31294,1956.521622079742
31295,1956.521622079742
31296,1956.521622079742
31297,1956.521622079742
31298,1956.521622079742
31299,1956.521622079742
31300,1956.521622079742
31301,1956.521622079742
31302,1956.521622079742
31303,1956.521622079742
31304,1956.521622079742
31305,1956.521622079742
31306,1956.521622079742
31307,1956.521622079742
31308,1956.521622079742
31309,1956.521622079742
31310,1956.521622079742
31311,1956.521622079742
31312,1956.521622079742
31313,1956.521622079742
31314,1956.521622079742
31315,1956.521622079742
31316,1956.521622079742
31317,1956.521622079742
31318,1956.521622079742
31319,1956.521622079742
31320,1956.521622079742
31321,1956.521622079742
31322,1956.521622079742
31323,1956.521622079742
31324,1956.521622079742
31325,1956.521622079742
31326,1956.521622079742
31327,1956.521622079742
31328,1956.521622079742
31329,1956.521622079742
31330,1956.521622079742
31331,1956.521622079742
31332,1956.521622079742
31333,1956.521622079742
31334,1956.521622079742
31335,1956.521622079742
31336,1956.521622079742
31337,1956.521622079742
31338,1956.521622079742
31339,1956.521622079742
31340,1956.521622079742
31341,1956.521622079742
31342,1956.521622079742
31343,1956.521622079742
31344,1956.521622079742
31345,1956.521622079742
31346,1956.521622079742
31347,1956.521622079742
31348,1956.521622079742
31349,1956.521622079742
31350,1956.521622079742
31351,1956.521622079742
31352,1956.521622079742
31353,1956.521622079742
31354,1956.521622079742
31355,1956.521622079742
31356,1956.521622079742
31357,1956.521622079742
31358,1956.521622079742
31359,1956.521622079742
31360,1956.521622079742
31361,1956.521622079742
31362,1956.521622079742
31363,1956.521622079742
31364,1956.521622079742
31365,1956.521622079742
31366,1956.521622079742
31367,1956.521622079742
31368,1956.521622079742
31369,1956.521622079742
31370,1956.521622079742
31371,1956.521622079742
31372,1956.521622079742
31373,1956.521622079742
31374,1956.521622079742
31375,1956.521622079742
31376,1956.521622079742
31377,1956.521622079742
31378,1956.521622079742
31379,1956.521622079742
31380,1956.521622079742
31381,1956.521622079742
31382,1956.521622079742
31383,1956.521622079742
31384,1956.521622079742
31385,1956.521622079742
31386,1956.521622079742
31387,1956.521622079742
31388,1956.521622079742
31389,1956.521622079742
31390,1956.521622079742
31391,1956.521622079742
31392,1956.521622079742
31393,1956.521622079742
31394,1956.521622079742
31395,1956.521622079742
31396,1956.521622079742
31397,1956.521622079742
31398,1956.521622079742
31399,1956.521622079742
31400,1956.521622079742
31401,1956.521622079742
31402,1956.521622079742
31403,1956.521622079742
31404,1956.521622079742
31405,1956.521622079742
31406,1956.521622079742
31407,1956.521622079742
31408,1956.521622079742
31409,1956.521622079742
31410,1956.521622079742
31411,1956.521622079742
31412,1956.521622079742
31413,1956.521622079742
31414,1956.521622079742
31415,1956.521622079742
31416,1956.521622079742
31417,1956.521622079742
31418,1956.521622079742
31419,1956.521622079742
31420,1956.521622079742
31421,1956.521622079742
31422,1956.521622079742
31423,1956.521622079742
31424,1956.521622079742
31425,1956.521622079742
31426,1956.521622079742
31427,1956.521622079742
31428,1956.521622079742
31429,1956.521622079742
31430,1956.521622079742
31431,1956.521622079742
31432,1956.521622079742
31433,1956.521622079742
31434,1956.521622079742
31435,1956.521622079742
31436,1956.521622079742
31437,1956.521622079742
31438,1956.521622079742
31439,1956.521622079742
31440,1956.521622079742
31441,1956.521622079742
31442,1956.521622079742
31443,1956.521622079742
31444,1956.521622079742
31445,1956.521622079742
31446,1956.521622079742
31447,1956.521622079742
31448,1956.521622079742
31449,1956.521622079742
31450,1956.521622079742
31451,1956.521622079742
31452,1956.521622079742
31453,1956.521622079742
31454,1956.521622079742
31455,1956.521622079742
31456,1956.521622079742
31457,1956.521622079742
31458,1956.521622079742
31459,1956.521622079742
31460,1956.521622079742
31461,1956.521622079742
31462,1956.521622079742
31463,1956.521622079742
31464,1956.521622079742
31465,1956.521622079742
31466,1956.521622079742
31467,1956.521622079742
31468,1956.521622079742
31469,1956.521622079742
31470,1956.521622079742
31471,1956.521622079742
31472,1956.521622079742
31473,1956.521622079742
31474,1956.521622079742
31475,1956.521622079742
31476,1956.521622079742
31477,1956.521622079742
31478,1956.521622079742
31479,1956.521622079742
31480,1956.521622079742
31481,1956.521622079742
31482,1956.521622079742
31483,1956.521622079742
31484,1956.521622079742
31485,1956.521622079742
31486,1956.521622079742
31487,1956.521622079742
31488,1956.521622079742
31489,1956.521622079742
31490,1956.521622079742
31491,1956.521622079742
31492,1956.521622079742
31493,1956.521622079742
31494,1956.521622079742
31495,1956.521622079742
31496,1956.521622079742
31497,1956.521622079742
31498,1956.521622079742
31499,1956.521622079742
31500,1956.521622079742
31501,1956.521622079742
31502,1956.521622079742
31503,1956.521622079742
31504,1956.521622079742
31505,1956.521622079742
31506,1956.521622079742
31507,1956.521622079742
31508,1956.521622079742
31509,1956.521622079742
31510,1956.521622079742
31511,1956.521622079742
31512,1956.521622079742
31513,1956.521622079742
31514,1956.521622079742
31515,1956.521622079742
31516,1956.521622079742
31517,1956.521622079742
31518,1956.521622079742
31519,1956.521622079742
31520,1956.521622079742
31521,1956.521622079742
31522,1956.521622079742
31523,1956.521622079742
31524,1956.521622079742
31525,1956.521622079742
31526,1956.521622079742
31527,1956.521622079742
31528,1956.521622079742
31529,1956.521622079742
31530,1956.521622079742
31531,1956.521622079742
31532,1956.521622079742
31533,1956.521622079742
31534,1956.521622079742
31535,1956.521622079742
31536,1956.521622079742
31537,1956.521622079742
31538,1956.521622079742
31539,1956.521622079742
31540,1956.521622079742
31541,1956.521622079742
31542,1956.521622079742
31543,1956.521622079742
31544,1956.521622079742
31545,1956.521622079742
31546,1956.521622079742
31547,1956.521622079742
31548,1956.521622079742
31549,1956.521622079742
31550,1956.521622079742
31551,1956.521622079742
31552,1956.521622079742
31553,1956.521622079742
31554,1956.521622079742
31555,1956.521622079742
31556,1956.521622079742
31557,1956.521622079742
31558,1956.521622079742
31559,1956.521622079742
31560,1956.521622079742
31561,1956.521622079742
31562,1956.521622079742
31563,1956.521622079742
31564,1956.521622079742
31565,1956.521622079742
31566,1956.521622079742
31567,1956.521622079742
31568,1956.521622079742
31569,1956.521622079742
31570,1956.521622079742
31571,1956.521622079742
31572,1956.521622079742
31573,1956.521622079742
31574,1956.521622079742
31575,1956.521622079742
31576,1956.521622079742
31577,1956.521622079742
31578,1956.521622079742
31579,1956.521622079742
31580,1956.521622079742
31581,1956.521622079742
31582,1956.521622079742
31583,1956.521622079742
31584,1956.521622079742
31585,1956.521622079742
31586,1956.521622079742
31587,1956.521622079742
31588,1956.521622079742
31589,1956.521622079742
31590,1956.521622079742
31591,1956.521622079742
31592,1956.521622079742
31593,1956.521622079742
31594,1956.521622079742
31595,1956.521622079742
31596,1956.521622079742
31597,1956.521622079742
31598,1956.521622079742
31599,1956.521622079742
31600,1956.521622079742
31601,1956.521622079742
31602,1956.521622079742
31603,1956.521622079742
31604,1956.521622079742
31605,1956.521622079742
31606,1956.521622079742
31607,1956.521622079742
31608,1956.521622079742
31609,1956.521622079742
31610,1956.521622079742
31611,1956.521622079742
31612,1956.521622079742
31613,1956.521622079742
31614,1956.521622079742
31615,1956.521622079742
31616,1956.521622079742
31617,1956.521622079742
31618,1956.521622079742
31619,1956.521622079742
31620,1956.521622079742
31621,1956.521622079742
31622,1956.521622079742
31623,1956.521622079742
31624,1956.521622079742
31625,1956.521622079742
31626,1956.521622079742
31627,1956.521622079742
31628,1956.521622079742
31629,1956.521622079742
31630,1956.521622079742
31631,1956.521622079742
31632,1956.521622079742
31633,1956.521622079742
31634,1956.521622079742
31635,1956.521622079742
31636,1956.521622079742
31637,1956.521622079742
31638,1956.521622079742
31639,1956.521622079742
31640,1956.521622079742
31641,1956.521622079742
31642,1956.521622079742
31643,1956.521622079742
31644,1956.521622079742
31645,1956.521622079742
31646,1956.521622079742
31647,1956.521622079742
31648,1956.521622079742
31649,1956.521622079742
31650,1956.521622079742
31651,1956.521622079742
31652,1956.521622079742
31653,1956.521622079742
31654,1956.521622079742
31655,1956.521622079742
31656,1956.521622079742
31657,1956.521622079742
31658,1956.521622079742
31659,1956.521622079742
31660,1956.521622079742
31661,1956.521622079742
31662,1956.521622079742
31663,1956.521622079742
31664,1956.521622079742
31665,1956.521622079742
31666,1956.521622079742
31667,1956.521622079742
31668,1956.521622079742
31669,1956.521622079742
31670,1956.521622079742
31671,1956.521622079742
31672,1956.521622079742
31673,1956.521622079742
31674,1956.521622079742
31675,1956.521622079742
31676,1956.521622079742
31677,1956.521622079742
31678,1956.521622079742
31679,1956.521622079742
31680,1956.521622079742
31681,1956.521622079742
31682,1956.521622079742
31683,1956.521622079742
31684,1956.521622079742
31685,1956.521622079742
31686,1956.521622079742
31687,1956.521622079742
31688,1956.521622079742
31689,1956.521622079742
31690,1956.521622079742
31691,1956.521622079742
31692,1956.521622079742
31693,1956.521622079742
31694,1956.521622079742
31695,1956.521622079742
31696,1956.521622079742
31697,1956.521622079742
31698,1956.521622079742
31699,1956.521622079742
31700,1956.521622079742
31701,1956.521622079742
31702,1956.521622079742
31703,1956.521622079742
31704,1956.521622079742
31705,1956.521622079742
31706,1956.521622079742
31707,1956.521622079742
31708,1956.521622079742
31709,1956.521622079742
31710,1956.521622079742
31711,1956.521622079742
31712,1956.521622079742
31713,1956.521622079742
31714,1956.521622079742
31715,1956.521622079742
31716,1956.521622079742
31717,1956.521622079742
31718,1956.521622079742
31719,1956.521622079742
31720,1956.521622079742
31721,1956.521622079742
31722,1956.521622079742
31723,1956.521622079742
31724,1956.521622079742
31725,1956.521622079742
31726,1956.521622079742
31727,1956.521622079742
31728,1956.521622079742
31729,1956.521622079742
31730,1956.521622079742
31731,1956.521622079742
31732,1956.521622079742
31733,1956.521622079742
31734,1956.521622079742
31735,1956.521622079742
31736,1956.521622079742
31737,1956.521622079742
31738,1956.521622079742
31739,1956.521622079742
31740,1956.521622079742
31741,1956.521622079742
31742,1956.521622079742
31743,1956.521622079742
31744,1956.521622079742
31745,1956.521622079742
31746,1956.521622079742
31747,1956.521622079742
31748,1956.521622079742
31749,1956.521622079742
31750,1956.521622079742
31751,1956.521622079742
31752,1956.521622079742
31753,1956.521622079742
31754,1956.521622079742
31755,1956.521622079742
31756,1956.521622079742
31757,1956.521622079742
31758,1956.521622079742
31759,1956.521622079742
31760,1956.521622079742
31761,1956.521622079742
31762,1956.521622079742
31763,1956.521622079742
31764,1956.521622079742
31765,1956.521622079742
31766,1956.521622079742
31767,1956.521622079742
31768,1956.521622079742
31769,1956.521622079742
31770,1956.521622079742
31771,1956.521622079742
31772,1956.521622079742
31773,1956.521622079742
31774,1956.521622079742
31775,1956.521622079742
31776,1956.521622079742
31777,1956.521622079742
31778,1956.521622079742
31779,1956.521622079742
31780,1956.521622079742
31781,1956.521622079742
31782,1956.521622079742
31783,1956.521622079742
31784,1956.521622079742
31785,1956.521622079742
31786,1956.521622079742
31787,1956.521622079742
31788,1956.521622079742
31789,1956.521622079742
31790,1956.521622079742
31791,1956.521622079742
31792,1956.521622079742
31793,1956.521622079742
31794,1956.521622079742
31795,1956.521622079742
31796,1956.521622079742
31797,1956.521622079742
31798,1956.521622079742
31799,1956.521622079742
31800,1956.521622079742
31801,1956.521622079742
31802,1956.521622079742
31803,1956.521622079742
31804,1956.521622079742
31805,1956.521622079742
31806,1956.521622079742
31807,1956.521622079742
31808,1956.521622079742
31809,1956.521622079742
31810,1956.521622079742
31811,1956.521622079742
31812,1956.521622079742
31813,1956.521622079742
31814,1956.521622079742
31815,1956.521622079742
31816,1956.521622079742
31817,1956.521622079742
31818,1956.521622079742
31819,1956.521622079742
31820,1956.521622079742
31821,1956.521622079742
31822,1956.521622079742
31823,1956.521622079742
31824,1956.521622079742
31825,1956.521622079742
31826,1956.521622079742
31827,1956.521622079742
31828,1956.521622079742
31829,1956.521622079742
31830,1956.521622079742
31831,1956.521622079742
31832,1956.521622079742
31833,1956.521622079742
31834,1956.521622079742
31835,1956.521622079742
31836,1956.521622079742
31837,1956.521622079742
31838,1956.521622079742
31839,1956.521622079742
31840,1956.521622079742
31841,1956.521622079742
31842,1956.521622079742
31843,1956.521622079742
31844,1956.521622079742
31845,1956.521622079742
31846,1956.521622079742
31847,1956.521622079742
31848,1956.521622079742
31849,1956.521622079742
31850,1956.521622079742
31851,1956.521622079742
31852,1956.521622079742
31853,1956.521622079742
31854,1956.521622079742
31855,1956.521622079742
31856,1956.521622079742
31857,1956.521622079742
31858,1956.521622079742
31859,1956.521622079742
31860,1956.521622079742
31861,1956.521622079742
31862,1956.521622079742
31863,1956.521622079742
31864,1956.521622079742
31865,1956.521622079742
31866,1956.521622079742
31867,1956.521622079742
31868,1956.521622079742
31869,1956.521622079742
31870,1956.521622079742
31871,1956.521622079742
31872,1956.521622079742
31873,1956.521622079742
31874,1956.521622079742
31875,1956.521622079742
31876,1956.521622079742
31877,1956.521622079742
31878,1956.521622079742
31879,1956.521622079742
31880,1956.521622079742
31881,1956.521622079742
31882,1956.521622079742
31883,1956.521622079742
31884,1956.521622079742
31885,1956.521622079742
31886,1956.521622079742
31887,1956.521622079742
31888,1956.521622079742
31889,1956.521622079742
31890,1956.521622079742
31891,1956.521622079742
31892,1956.521622079742
31893,1956.521622079742
31894,1956.521622079742
31895,1956.521622079742
31896,1956.521622079742
31897,1956.521622079742
31898,1953.8235159392661
31899,1953.8235159392661
31900,1953.8235159392661
31901,1953.8235159392661
31902,1953.8235159392661
31903,1953.8235159392661
31904,1953.8235159392661
31905,1953.8235159392661
31906,1953.8235159392661
31907,1953.8235159392661
31908,1953.8235159392661
31909,1953.8235159392661
31910,1953.8235159392661
31911,1953.8235159392661
31912,1953.8235159392661
31913,1953.8235159392661
31914,1953.8235159392661
31915,1953.8235159392661
31916,1953.8235159392661
31917,1953.8235159392661
31918,1953.8235159392661
31919,1953.8235159392661
31920,1953.8235159392661
31921,1953.8235159392661
31922,1953.8235159392661
31923,1953.8235159392661
31924,1953.8235159392661
31925,1953.8235159392661
31926,1953.8235159392661
31927,1953.8235159392661
31928,1953.8235159392661
31929,1953.8235159392661
31930,1953.8235159392661
31931,1953.8235159392661
31932,1953.8235159392661
31933,1953.8235159392661
31934,1953.8235159392661
31935,1953.8235159392661
31936,1953.8235159392661
31937,1953.8235159392661
31938,1953.8235159392661
31939,1953.8235159392661
31940,1953.8235159392661
31941,1953.8235159392661
31942,1953.8235159392661
31943,1953.8235159392661
31944,1953.8235159392661
31945,1953.8235159392661
31946,1953.8235159392661
31947,1953.8235159392661
31948,1953.8235159392661
31949,1953.8235159392661
31950,1953.8235159392661
31951,1953.8235159392661
31952,1953.8235159392661
31953,1953.8235159392661
31954,1953.8235159392661
31955,1953.8235159392661
31956,1953.8235159392661
31957,1953.8235159392661
31958,1953.8235159392661
31959,1953.8235159392661
31960,1953.8235159392661
31961,1953.8235159392661
31962,1953.8235159392661
31963,1953.8235159392661
31964,1953.8235159392661
31965,1953.8235159392661
31966,1953.8235159392661
31967,1953.8235159392661
31968,1953.8235159392661
31969,1953.8235159392661
31970,1953.8235159392661
31971,1953.8235159392661
31972,1953.8235159392661
31973,1953.8235159392661
31974,1953.8235159392661
31975,1932.8151860250746
31976,1932.8151860250746
31977,1932.8151860250746
31978,1932.8151860250746
31979,1932.8151860250746
31980,1932.8151860250746
31981,1932.8151860250746
31982,1932.8151860250746
31983,1932.8151860250746
31984,1932.8151860250746
31985,1932.8151860250746
31986,1932.8151860250746
31987,1932.8151860250746
31988,1932.8151860250746
31989,1932.8151860250746
31990,1932.8151860250746
31991,1932.8151860250746
31992,1932.8151860250746
31993,1932.8151860250746
31994,1932.8151860250746
31995,1932.8151860250746
31996,1932.8151860250746
31997,1932.8151860250746
31998,1932.8151860250746
31999,1932.8151860250746
32000,1932.8151860250746
32001,1932.8151860250746
32002,1932.8151860250746
32003,1932.8151860250746
32004,1932.8151860250746
32005,1932.8151860250746
32006,1932.8151860250746
32007,1932.8151860250746
32008,1932.8151860250746
32009,1932.8151860250746
32010,1932.8151860250746
32011,1932.8151860250746
32012,1932.8151860250746
32013,1932.8151860250746
32014,1932.8151860250746
32015,1932.8151860250746
32016,1932.8151860250746
32017,1932.8151860250746
32018,1932.8151860250746
32019,1932.8151860250746
32020,1932.8151860250746
32021,1932.8151860250746
32022,1932.8151860250746
32023,1932.8151860250746
32024,1932.8151860250746
32025,1932.8151860250746
32026,1932.8151860250746
32027,1932.8151860250746
32028,1932.8151860250746
32029,1932.8151860250746
32030,1932.8151860250746
32031,1932.8151860250746
32032,1932.8151860250746
32033,1932.8151860250746
32034,1932.8151860250746
32035,1932.8151860250746
32036,1932.8151860250746
32037,1932.8151860250746
32038,1932.8151860250746
32039,1932.8151860250746
32040,1932.8151860250746
32041,1932.8151860250746
32042,1932.8151860250746
32043,1932.8151860250746
32044,1932.8151860250746
32045,1932.8151860250746
32046,1932.8151860250746
32047,1932.8151860250746
32048,1932.8151860250746
32049,1932.8151860250746
32050,1932.8151860250746
32051,1932.8151860250746
32052,1932.8151860250746
32053,1932.8151860250746
32054,1932.8151860250746
32055,1932.8151860250746
32056,1932.8151860250746
32057,1932.8151860250746
32058,1932.8151860250746
32059,1932.8151860250746
32060,1932.8151860250746
32061,1932.8151860250746
32062,1932.8151860250746
32063,1932.8151860250746
32064,1932.8151860250746
32065,1932.8151860250746
32066,1932.8151860250746
32067,1932.8151860250746
32068,1932.8151860250746
32069,1932.8151860250746
32070,1932.8151860250746
32071,1932.8151860250746
32072,1932.8151860250746
32073,1932.8151860250746
32074,1932.8151860250746
32075,1932.8151860250746
32076,1932.8151860250746
32077,1932.8151860250746
32078,1932.8151860250746
32079,1932.8151860250746
32080,1932.8151860250746
32081,1932.8151860250746
32082,1932.8151860250746
32083,1932.8151860250746
32084,1932.8151860250746
32085,1932.8151860250746
32086,1932.8151860250746
32087,1932.8151860250746
32088,1932.8151860250746
32089,1932.8151860250746
32090,1932.8151860250746
32091,1932.8151860250746
32092,1932.8151860250746
32093,1932.8151860250746
32094,1932.8151860250746
32095,1932.8151860250746
32096,1932.8151860250746
32097,1932.8151860250746
32098,1932.8151860250746
32099,1932.8151860250746
32100,1932.8151860250746
32101,1932.8151860250746
32102,1932.8151860250746
32103,1932.8151860250746
32104,1932.8151860250746
32105,1932.8151860250746
32106,1932.8151860250746
32107,1932.8151860250746
32108,1932.8151860250746
32109,1932.8151860250746
32110,1932.8151860250746
32111,1932.8151860250746
32112,1932.8151860250746
32113,1932.8151860250746
32114,1932.8151860250746
32115,1932.8151860250746
32116,1932.8151860250746
32117,1932.8151860250746
32118,1932.8151860250746
32119,1932.8151860250746
32120,1932.8151860250746
32121,1932.8151860250746
32122,1932.8151860250746
32123,1932.8151860250746
32124,1932.8151860250746
32125,1932.8151860250746
32126,1932.8151860250746
32127,1932.8151860250746
32128,1932.8151860250746
32129,1932.8151860250746
32130,1932.8151860250746
32131,1932.8151860250746
32132,1932.8151860250746
32133,1932.8151860250746
32134,1932.8151860250746
32135,1932.8151860250746
32136,1932.8151860250746
32137,1932.8151860250746
32138,1932.8151860250746
32139,1932.8151860250746
32140,1932.8151860250746
32141,1932.8151860250746
32142,1932.8151860250746
32143,1932.8151860250746
32144,1932.8151860250746
32145,1932.8151860250746
32146,1932.8151860250746
32147,1932.8151860250746
32148,1932.8151860250746
32149,1932.8151860250746
32150,1932.8151860250746
32151,1932.8151860250746
32152,1932.8151860250746
32153,1932.8151860250746
32154,1932.8151860250746
32155,1932.8151860250746
32156,1932.8151860250746
32157,1932.8151860250746
32158,1932.8151860250746
32159,1932.8151860250746
32160,1932.8151860250746
32161,1932.8151860250746
32162,1932.8151860250746
32163,1932.8151860250746
32164,1932.8151860250746
32165,1932.8151860250746
32166,1932.8151860250746
32167,1932.8151860250746
32168,1932.8151860250746
32169,1932.8151860250746
32170,1932.8151860250746
32171,1932.8151860250746
32172,1932.8151860250746
32173,1932.8151860250746
32174,1932.8151860250746
32175,1932.8151860250746
32176,1932.8151860250746
32177,1932.8151860250746
32178,1932.8151860250746
32179,1932.8151860250746
32180,1932.8151860250746
32181,1932.8151860250746
32182,1932.8151860250746
32183,1932.8151860250746
32184,1932.8151860250746
32185,1932.8151860250746
32186,1932.8151860250746
32187,1932.8151860250746
32188,1932.8151860250746
32189,1932.8151860250746
32190,1932.8151860250746
32191,1932.8151860250746
32192,1932.8151860250746
32193,1932.8151860250746
32194,1932.8151860250746
32195,1932.8151860250746
32196,1932.8151860250746
32197,1932.8151860250746
32198,1932.8151860250746
32199,1932.8151860250746
32200,1932.8151860250746
32201,1932.8151860250746
32202,1932.8151860250746
32203,1932.8151860250746
32204,1932.8151860250746
32205,1932.8151860250746
32206,1932.8151860250746
32207,1932.8151860250746
32208,1932.8151860250746
32209,1932.8151860250746
32210,1932.8151860250746
32211,1932.8151860250746
32212,1932.8151860250746
32213,1932.8151860250746
32214,1932.8151860250746
32215,1932.8151860250746
32216,1932.8151860250746
32217,1932.8151860250746
32218,1932.8151860250746
32219,1932.8151860250746
32220,1932.8151860250746
32221,1932.8151860250746
32222,1932.8151860250746
32223,1932.8151860250746
32224,1932.8151860250746
32225,1932.8151860250746
32226,1932.8151860250746
32227,1932.8151860250746
32228,1932.8151860250746
32229,1932.8151860250746
32230,1932.8151860250746
32231,1932.8151860250746
32232,1932.8151860250746
32233,1932.8151860250746
32234,1932.8151860250746
32235,1932.8151860250746
32236,1932.8151860250746
32237,1932.8151860250746
32238,1932.8151860250746
32239,1932.8151860250746
32240,1932.8151860250746
32241,1932.8151860250746
32242,1932.8151860250746
32243,1932.8151860250746
32244,1932.8151860250746
32245,1932.8151860250746
32246,1932.8151860250746
32247,1932.8151860250746
32248,1932.8151860250746
32249,1932.8151860250746
32250,1932.8151860250746
32251,1932.8151860250746
32252,1932.8151860250746
32253,1932.8151860250746
32254,1932.8151860250746
32255,1932.8151860250746
32256,1932.8151860250746
32257,1932.8151860250746
32258,1932.8151860250746
32259,1932.8151860250746
32260,1932.8151860250746
32261,1932.8151860250746
32262,1932.8151860250746
32263,1932.8151860250746
32264,1932.8151860250746
32265,1932.8151860250746
32266,1932.8151860250746
32267,1932.8151860250746
32268,1932.8151860250746
32269,1932.8151860250746
32270,1932.8151860250746
32271,1932.8151860250746
32272,1932.8151860250746
32273,1932.8151860250746
32274,1932.8151860250746
32275,1932.8151860250746
32276,1932.8151860250746
32277,1932.8151860250746
32278,1932.8151860250746
32279,1932.8151860250746
32280,1932.8151860250746
32281,1932.8151860250746
32282,1932.8151860250746
32283,1932.8151860250746
32284,1932.8151860250746
32285,1932.8151860250746
32286,1932.8151860250746
32287,1932.8151860250746
32288,1932.8151860250746
32289,1932.8151860250746
32290,1932.8151860250746
32291,1932.8151860250746
32292,1932.8151860250746
32293,1932.8151860250746
32294,1932.8151860250746
32295,1932.8151860250746
32296,1932.8151860250746
32297,1932.8151860250746
32298,1932.8151860250746
32299,1932.8151860250746
32300,1932.8151860250746
32301,1932.8151860250746
32302,1932.8151860250746
32303,1932.8151860250746
32304,1932.8151860250746
32305,1932.8151860250746
32306,1932.8151860250746
32307,1932.8151860250746
32308,1932.8151860250746
32309,1932.8151860250746
32310,1932.8151860250746
32311,1932.8151860250746
32312,1932.8151860250746
32313,1932.8151860250746
32314,1932.8151860250746
32315,1932.8151860250746
32316,1932.8151860250746
32317,1932.8151860250746
32318,1932.8151860250746
32319,1932.8151860250746
32320,1932.8151860250746
32321,1932.8151860250746
32322,1932.8151860250746
32323,1932.8151860250746
32324,1932.8151860250746
32325,1932.8151860250746
32326,1932.8151860250746
32327,1932.8151860250746
32328,1932.8151860250746
32329,1932.8151860250746
32330,1932.8151860250746
32331,1932.8151860250746
32332,1932.8151860250746
32333,1932.8151860250746
32334,1932.8151860250746
32335,1932.8151860250746
32336,1932.8151860250746
32337,1932.8151860250746
32338,1932.8151860250746
32339,1932.8151860250746
32340,1932.8151860250746
32341,1932.8151860250746
32342,1932.8151860250746
32343,1932.8151860250746
32344,1932.8151860250746
32345,1932.8151860250746
32346,1932.8151860250746
32347,1932.8151860250746
32348,1932.8151860250746
32349,1932.8151860250746
32350,1932.8151860250746
32351,1932.8151860250746
32352,1932.8151860250746
32353,1932.8151860250746
32354,1932.8151860250746
32355,1932.8151860250746
32356,1932.8151860250746
32357,1932.8151860250746
32358,1932.8151860250746
32359,1932.8151860250746
32360,1932.8151860250746
32361,1932.8151860250746
32362,1932.8151860250746
32363,1932.8151860250746
32364,1932.8151860250746
32365,1932.8151860250746
32366,1932.8151860250746
32367,1932.8151860250746
32368,1932.8151860250746
32369,1932.8151860250746
32370,1932.8151860250746
32371,1932.8151860250746
32372,1932.8151860250746
32373,1932.8151860250746
32374,1932.8151860250746
32375,1932.8151860250746
32376,1932.8151860250746
32377,1932.8151860250746
32378,1932.8151860250746
32379,1932.8151860250746
32380,1932.8151860250746
32381,1932.8151860250746
32382,1932.8151860250746
32383,1932.8151860250746
32384,1932.8151860250746
32385,1932.8151860250746
32386,1932.8151860250746
32387,1932.8151860250746
32388,1932.8151860250746
32389,1932.8151860250746
32390,1932.8151860250746
32391,1932.8151860250746
32392,1932.8151860250746
32393,1932.8151860250746
32394,1932.8151860250746
32395,1932.8151860250746
32396,1932.8151860250746
32397,1932.8151860250746
32398,1932.8151860250746
32399,1932.8151860250746
32400,1932.8151860250746
32401,1932.8151860250746
32402,1932.8151860250746
32403,1932.8151860250746
32404,1932.8151860250746
32405,1932.8151860250746
32406,1932.8151860250746
32407,1932.8151860250746
32408,1932.8151860250746
32409,1932.8151860250746
32410,1932.8151860250746
32411,1932.8151860250746
32412,1932.8151860250746
32413,1932.8151860250746
32414,1932.8151860250746
32415,1932.8151860250746
32416,1932.8151860250746
32417,1932.8151860250746
32418,1932.8151860250746
32419,1932.8151860250746
32420,1932.8151860250746
32421,1932.8151860250746
32422,1932.8151860250746
32423,1932.8151860250746
32424,1932.8151860250746
32425,1932.8151860250746
32426,1932.8151860250746
32427,1932.8151860250746
32428,1932.8151860250746
32429,1932.8151860250746
32430,1932.8151860250746
32431,1932.8151860250746
32432,1932.8151860250746
32433,1932.8151860250746
32434,1932.8151860250746
32435,1932.8151860250746
32436,1932.8151860250746
32437,1932.8151860250746
32438,1932.8151860250746
32439,1932.8151860250746
32440,1932.8151860250746
32441,1932.8151860250746
32442,1932.8151860250746
32443,1932.8151860250746
32444,1932.8151860250746
32445,1932.8151860250746
32446,1932.8151860250746
32447,1932.8151860250746
32448,1932.8151860250746
32449,1932.8151860250746
32450,1932.8151860250746
32451,1932.8151860250746
32452,1932.8151860250746
32453,1932.8151860250746
32454,1932.8151860250746
32455,1932.8151860250746
32456,1932.8151860250746
32457,1932.8151860250746
32458,1932.8151860250746
32459,1932.8151860250746
32460,1932.8151860250746
32461,1932.8151860250746
32462,1932.8151860250746
32463,1932.8151860250746
32464,1932.8151860250746
32465,1932.8151860250746
32466,1932.8151860250746
32467,1932.8151860250746
32468,1932.8151860250746
32469,1932.8151860250746
32470,1932.8151860250746
32471,1932.8151860250746
32472,1932.8151860250746
32473,1932.8151860250746
32474,1932.8151860250746
32475,1932.8151860250746
32476,1932.8151860250746
32477,1932.8151860250746
32478,1932.8151860250746
32479,1932.8151860250746
32480,1932.8151860250746
32481,1932.8151860250746
32482,1932.8151860250746
32483,1932.8151860250746
32484,1932.8151860250746
32485,1932.8151860250746
32486,1932.8151860250746
32487,1932.8151860250746
32488,1932.8151860250746
32489,1932.8151860250746
32490,1932.8151860250746
32491,1932.8151860250746
32492,1932.8151860250746
32493,1932.8151860250746
32494,1932.8151860250746
32495,1932.8151860250746
32496,1932.8151860250746
32497,1932.8151860250746
32498,1932.8151860250746
32499,1932.8151860250746
32500,1932.8151860250746
32501,1932.8151860250746
32502,1932.8151860250746
32503,1932.8151860250746
32504,1932.8151860250746
32505,1932.8151860250746
32506,1932.8151860250746
32507,1932.8151860250746
32508,1932.8151860250746
32509,1932.8151860250746
32510,1932.8151860250746
32511,1932.8151860250746
32512,1932.8151860250746
32513,1932.8151860250746
32514,1932.8151860250746
32515,1932.8151860250746
32516,1932.8151860250746
32517,1932.8151860250746
32518,1932.8151860250746
32519,1932.8151860250746
32520,1932.8151860250746
32521,1932.8151860250746
32522,1932.8151860250746
32523,1932.8151860250746
32524,1932.8151860250746
32525,1932.8151860250746
32526,1932.8151860250746
32527,1932.8151860250746
32528,1932.8151860250746
32529,1932.8151860250746
32530,1932.8151860250746
32531,1932.8151860250746
32532,1932.8151860250746
32533,1932.8151860250746
32534,1932.8151860250746
32535,1932.8151860250746
32536,1932.8151860250746
32537,1932.8151860250746
32538,1932.8151860250746
32539,1932.8151860250746
32540,1932.8151860250746
32541,1932.8151860250746
32542,1932.8151860250746
32543,1932.8151860250746
32544,1932.8151860250746
32545,1932.8151860250746
32546,1932.8151860250746
32547,1932.8151860250746
32548,1932.8151860250746
32549,1932.8151860250746
32550,1932.8151860250746
32551,1932.8151860250746
32552,1932.8151860250746
32553,1932.8151860250746
32554,1932.8151860250746
32555,1932.8151860250746
32556,1932.8151860250746
32557,1932.8151860250746
32558,1932.8151860250746
32559,1932.8151860250746
32560,1932.8151860250746
32561,1932.8151860250746
32562,1932.8151860250746
32563,1932.8151860250746
32564,1932.8151860250746
32565,1932.8151860250746
32566,1932.8151860250746
32567,1932.8151860250746
32568,1932.8151860250746
32569,1932.8151860250746
32570,1932.8151860250746
32571,1932.8151860250746
32572,1932.8151860250746
32573,1932.8151860250746
32574,1932.8151860250746
32575,1932.8151860250746
32576,1932.8151860250746
32577,1932.8151860250746
32578,1932.8151860250746
32579,1932.8151860250746
32580,1932.8151860250746
32581,1932.8151860250746
32582,1932.8151860250746
32583,1932.8151860250746
32584,1932.8151860250746
32585,1932.8151860250746
32586,1932.8151860250746
32587,1932.8151860250746
32588,1932.8151860250746
32589,1932.8151860250746
32590,1932.8151860250746
32591,1932.8151860250746
32592,1932.8151860250746
32593,1932.8151860250746
32594,1932.8151860250746
32595,1932.8151860250746
32596,1932.8151860250746
32597,1932.8151860250746
32598,1932.8151860250746
32599,1932.8151860250746
32600,1932.8151860250746
32601,1932.8151860250746
32602,1932.8151860250746
32603,1932.8151860250746
32604,1932.8151860250746
32605,1932.8151860250746
32606,1932.8151860250746
32607,1932.8151860250746
32608,1932.8151860250746
32609,1932.8151860250746
32610,1932.8151860250746
32611,1932.8151860250746
32612,1932.8151860250746
32613,1932.8151860250746
32614,1932.8151860250746
32615,1932.8151860250746
32616,1932.8151860250746
32617,1932.8151860250746
32618,1932.8151860250746
32619,1932.8151860250746
32620,1932.8151860250746
32621,1932.8151860250746
32622,1932.8151860250746
32623,1932.8151860250746
32624,1932.8151860250746
32625,1932.8151860250746
32626,1932.8151860250746
32627,1932.8151860250746
32628,1932.8151860250746
32629,1932.8151860250746
32630,1932.8151860250746
32631,1932.8151860250746
32632,1932.8151860250746
32633,1932.8151860250746
32634,1932.8151860250746
32635,1932.8151860250746
32636,1932.8151860250746
32637,1932.8151860250746
32638,1932.8151860250746
32639,1932.8151860250746
32640,1932.8151860250746
32641,1932.8151860250746
32642,1932.8151860250746
32643,1932.8151860250746
32644,1932.8151860250746
32645,1932.8151860250746
32646,1932.8151860250746
32647,1932.8151860250746
32648,1932.8151860250746
32649,1932.8151860250746
32650,1932.8151860250746
32651,1932.8151860250746
32652,1932.8151860250746
32653,1932.8151860250746
32654,1932.8151860250746
32655,1932.8151860250746
32656,1932.8151860250746
32657,1932.8151860250746
32658,1932.8151860250746
32659,1932.8151860250746
32660,1932.8151860250746
32661,1932.8151860250746
32662,1932.8151860250746
32663,1932.8151860250746
32664,1932.8151860250746
32665,1932.8151860250746
32666,1932.8151860250746
32667,1932.8151860250746
32668,1932.8151860250746
32669,1932.8151860250746
32670,1932.8151860250746
32671,1932.8151860250746
32672,1932.8151860250746
32673,1932.8151860250746
32674,1932.8151860250746
32675,1932.8151860250746
32676,1932.8151860250746
32677,1932.8151860250746
32678,1932.8151860250746
32679,1932.8151860250746
32680,1932.8151860250746
32681,1932.8151860250746
32682,1932.8151860250746
32683,1932.8151860250746
32684,1932.8151860250746
32685,1932.8151860250746
32686,1932.8151860250746
32687,1932.8151860250746
32688,1932.8151860250746
32689,1932.8151860250746
32690,1932.8151860250746
32691,1932.8151860250746
32692,1932.8151860250746
32693,1932.8151860250746
32694,1932.8151860250746
32695,1932.8151860250746
32696,1932.8151860250746
32697,1932.8151860250746
32698,1932.8151860250746
32699,1932.8151860250746
32700,1932.8151860250746
32701,1932.8151860250746
32702,1932.8151860250746
32703,1932.8151860250746
32704,1932.8151860250746
32705,1932.8151860250746
32706,1932.8151860250746
32707,1932.8151860250746
32708,1932.8151860250746
32709,1932.8151860250746
32710,1932.8151860250746
32711,1932.8151860250746
32712,1932.8151860250746
32713,1932.8151860250746
32714,1932.8151860250746
32715,1932.8151860250746
32716,1932.8151860250746
32717,1932.8151860250746
32718,1932.8151860250746
32719,1932.8151860250746
32720,1932.8151860250746
32721,1932.8151860250746
32722,1932.8151860250746
32723,1932.8151860250746
32724,1932.8151860250746
32725,1932.8151860250746
32726,1932.8151860250746
32727,1932.8151860250746
32728,1932.8151860250746
32729,1932.8151860250746
32730,1932.8151860250746
32731,1932.8151860250746
32732,1932.8151860250746
32733,1932.8151860250746
32734,1932.8151860250746
32735,1932.8151860250746
32736,1932.8151860250746
32737,1932.8151860250746
32738,1932.8151860250746
32739,1932.8151860250746
32740,1932.8151860250746
32741,1932.8151860250746
32742,1932.8151860250746
32743,1932.8151860250746
32744,1932.8151860250746
32745,1932.8151860250746
32746,1932.8151860250746
32747,1932.8151860250746
32748,1932.8151860250746
32749,1932.8151860250746
32750,1932.8151860250746
32751,1932.8151860250746
32752,1932.8151860250746
32753,1932.8151860250746
32754,1932.8151860250746
32755,1932.8151860250746
32756,1932.8151860250746
32757,1932.8151860250746
32758,1932.8151860250746
32759,1932.8151860250746
32760,1932.8151860250746
32761,1932.8151860250746
32762,1932.8151860250746
32763,1932.8151860250746
32764,1932.8151860250746
32765,1932.8151860250746
32766,1932.8151860250746
32767,1932.8151860250746
32768,1932.8151860250746
32769,1932.8151860250746
32770,1932.8151860250746
32771,1932.8151860250746
32772,1932.8151860250746
32773,1932.8151860250746
32774,1932.8151860250746
32775,1932.8151860250746
32776,1932.8151860250746
32777,1932.8151860250746
32778,1932.8151860250746
32779,1932.8151860250746
32780,1932.8151860250746
32781,1932.8151860250746
32782,1932.8151860250746
32783,1932.8151860250746
32784,1932.8151860250746
32785,1932.8151860250746
32786,1932.8151860250746
32787,1932.8151860250746
32788,1932.8151860250746
32789,1932.8151860250746
32790,1932.8151860250746
32791,1932.8151860250746
32792,1932.8151860250746
32793,1932.8151860250746
32794,1932.8151860250746
32795,1932.8151860250746
32796,1932.8151860250746
32797,1932.8151860250746
32798,1932.8151860250746
32799,1932.8151860250746
32800,1932.8151860250746
32801,1932.8151860250746
32802,1932.8151860250746
32803,1932.8151860250746
32804,1932.8151860250746
32805,1932.8151860250746
32806,1932.8151860250746
32807,1932.8151860250746
32808,1932.8151860250746
32809,1932.8151860250746
32810,1932.8151860250746
32811,1932.8151860250746
32812,1932.8151860250746
32813,1932.8151860250746
32814,1932.8151860250746
32815,1932.8151860250746
32816,1932.8151860250746
32817,1932.8151860250746
32818,1932.8151860250746
32819,1932.8151860250746
32820,1932.8151860250746
32821,1932.8151860250746
32822,1932.8151860250746
32823,1932.8151860250746
32824,1932.8151860250746
32825,1932.8151860250746
32826,1932.8151860250746
32827,1932.8151860250746
32828,1932.8151860250746
32829,1932.8151860250746
32830,1932.8151860250746
32831,1932.8151860250746
32832,1932.8151860250746
32833,1932.8151860250746
32834,1932.8151860250746
32835,1932.8151860250746
32836,1932.8151860250746
32837,1932.8151860250746
32838,1932.8151860250746
32839,1932.8151860250746
32840,1932.8151860250746
32841,1932.8151860250746
32842,1932.8151860250746
32843,1932.8151860250746
32844,1932.8151860250746
32845,1932.8151860250746
32846,1932.8151860250746
32847,1932.8151860250746
32848,1932.8151860250746
32849,1932.8151860250746
32850,1932.8151860250746
32851,1932.8151860250746
32852,1932.8151860250746
32853,1932.8151860250746
32854,1932.8151860250746
32855,1932.8151860250746
32856,1932.8151860250746
32857,1932.8151860250746
32858,1932.8151860250746
32859,1932.8151860250746
32860,1932.8151860250746
32861,1932.8151860250746
32862,1932.8151860250746
32863,1932.8151860250746
32864,1932.8151860250746
32865,1932.8151860250746
32866,1932.8151860250746
32867,1932.8151860250746
32868,1932.8151860250746
32869,1932.8151860250746
32870,1932.8151860250746
32871,1932.8151860250746
32872,1932.8151860250746
32873,1932.8151860250746
32874,1932.8151860250746
32875,1932.8151860250746
32876,1932.8151860250746
32877,1932.8151860250746
32878,1932.8151860250746
32879,1932.8151860250746
32880,1932.8151860250746
32881,1932.8151860250746
32882,1932.8151860250746
32883,1932.8151860250746
32884,1932.8151860250746
32885,1932.8151860250746
32886,1932.8151860250746
32887,1932.8151860250746
32888,1932.8151860250746
32889,1932.8151860250746
32890,1932.8151860250746
32891,1932.8151860250746
32892,1932.8151860250746
32893,1932.8151860250746
32894,1932.8151860250746
32895,1932.8151860250746
32896,1932.8151860250746
32897,1932.8151860250746
32898,1932.8151860250746
32899,1932.8151860250746
32900,1932.8151860250746
32901,1932.8151860250746
32902,1932.8151860250746
32903,1932.8151860250746
32904,1932.8151860250746
32905,1932.8151860250746
32906,1932.8151860250746
32907,1932.8151860250746
32908,1932.8151860250746
32909,1932.8151860250746
32910,1932.8151860250746
32911,1932.8151860250746
32912,1932.8151860250746
32913,1932.8151860250746
32914,1932.8151860250746
32915,1932.8151860250746
32916,1932.8151860250746
32917,1932.8151860250746
32918,1932.8151860250746
32919,1932.8151860250746
32920,1932.8151860250746
32921,1932.8151860250746
32922,1932.8151860250746
32923,1932.8151860250746
32924,1932.8151860250746
32925,1932.8151860250746
32926,1932.8151860250746
32927,1932.8151860250746
32928,1932.8151860250746
32929,1932.8151860250746
32930,1932.8151860250746
32931,1932.8151860250746
32932,1932.8151860250746
32933,1932.8151860250746
32934,1932.8151860250746
32935,1932.8151860250746
32936,1932.8151860250746
32937,1932.8151860250746
32938,1932.8151860250746
32939,1932.8151860250746
32940,1932.8151860250746
32941,1932.8151860250746
32942,1932.8151860250746
32943,1932.8151860250746
32944,1932.8151860250746
32945,1932.8151860250746
32946,1932.8151860250746
32947,1932.8151860250746
32948,1932.8151860250746
32949,1932.8151860250746
32950,1932.8151860250746
32951,1932.8151860250746
32952,1932.8151860250746
32953,1932.8151860250746
32954,1932.8151860250746
32955,1932.8151860250746
32956,1932.8151860250746
32957,1932.8151860250746
32958,1932.8151860250746
32959,1932.8151860250746
32960,1932.8151860250746
32961,1932.8151860250746
32962,1932.8151860250746
32963,1932.8151860250746
32964,1932.8151860250746
32965,1932.8151860250746
32966,1932.8151860250746
32967,1932.8151860250746
32968,1932.8151860250746
32969,1932.8151860250746
32970,1932.8151860250746
32971,1932.8151860250746
32972,1932.8151860250746
32973,1932.8151860250746
32974,1932.8151860250746
32975,1932.8151860250746
32976,1932.8151860250746
32977,1932.8151860250746
32978,1932.8151860250746
32979,1932.8151860250746
32980,1932.8151860250746
32981,1932.8151860250746
32982,1932.8151860250746
32983,1932.8151860250746
32984,1932.8151860250746
32985,1932.8151860250746
32986,1932.8151860250746
32987,1932.8151860250746
32988,1932.8151860250746
32989,1932.8151860250746
32990,1932.8151860250746
32991,1932.8151860250746
32992,1932.8151860250746
32993,1932.8151860250746
32994,1932.8151860250746
32995,1932.8151860250746
32996,1932.8151860250746
32997,1932.8151860250746
32998,1932.8151860250746
32999,1932.8151860250746
33000,1932.8151860250746
33001,1932.8151860250746
33002,1932.8151860250746
33003,1932.8151860250746
33004,1932.8151860250746
33005,1932.8151860250746
33006,1932.8151860250746
33007,1932.8151860250746
33008,1932.8151860250746
33009,1932.8151860250746
33010,1932.8151860250746
33011,1932.8151860250746
33012,1932.8151860250746
33013,1932.8151860250746
33014,1932.8151860250746
33015,1932.8151860250746
33016,1932.8151860250746
33017,1932.8151860250746
33018,1932.8151860250746
33019,1932.8151860250746
33020,1932.8151860250746
33021,1932.8151860250746
33022,1932.8151860250746
33023,1932.8151860250746
33024,1932.8151860250746
33025,1932.8151860250746
33026,1932.8151860250746
33027,1932.8151860250746
33028,1932.8151860250746
33029,1932.8151860250746
33030,1932.8151860250746
33031,1932.8151860250746
33032,1932.8151860250746
33033,1932.8151860250746
33034,1932.8151860250746
33035,1932.8151860250746
33036,1932.8151860250746
33037,1932.8151860250746
33038,1932.8151860250746
33039,1932.8151860250746
33040,1932.8151860250746
33041,1932.8151860250746
33042,1932.8151860250746
33043,1932.8151860250746
33044,1932.8151860250746
33045,1932.8151860250746
33046,1932.8151860250746
33047,1932.8151860250746
33048,1932.8151860250746
33049,1932.8151860250746
33050,1932.8151860250746
33051,1932.8151860250746
33052,1932.8151860250746
33053,1932.8151860250746
33054,1932.8151860250746
33055,1932.8151860250746
33056,1932.8151860250746
33057,1932.8151860250746
33058,1932.8151860250746
33059,1932.8151860250746
33060,1932.8151860250746
33061,1932.8151860250746
33062,1932.8151860250746
33063,1932.8151860250746
33064,1932.8151860250746
33065,1932.8151860250746
33066,1932.8151860250746
33067,1932.8151860250746
33068,1932.8151860250746
33069,1932.8151860250746
33070,1932.8151860250746
33071,1932.8151860250746
33072,1932.8151860250746
33073,1932.8151860250746
33074,1932.8151860250746
33075,1932.8151860250746
33076,1932.8151860250746
33077,1932.8151860250746
33078,1932.8151860250746
33079,1932.8151860250746
33080,1932.8151860250746
33081,1932.8151860250746
33082,1932.8151860250746
33083,1932.8151860250746
33084,1932.8151860250746
33085,1932.8151860250746
33086,1932.8151860250746
33087,1932.8151860250746
33088,1932.8151860250746
33089,1932.8151860250746
33090,1932.8151860250746
33091,1932.8151860250746
33092,1932.8151860250746
33093,1932.8151860250746
33094,1932.8151860250746
33095,1932.8151860250746
33096,1932.8151860250746
33097,1932.8151860250746
33098,1932.8151860250746
33099,1932.8151860250746
33100,1932.8151860250746
33101,1932.8151860250746
33102,1932.8151860250746
33103,1932.8151860250746
33104,1932.8151860250746
33105,1932.8151860250746
33106,1932.8151860250746
33107,1932.8151860250746
33108,1932.8151860250746
33109,1932.8151860250746
33110,1932.8151860250746
33111,1932.8151860250746
33112,1932.8151860250746
33113,1932.8151860250746
33114,1932.8151860250746
33115,1932.8151860250746
33116,1932.8151860250746
33117,1932.8151860250746
33118,1932.8151860250746
33119,1932.8151860250746
33120,1932.8151860250746
33121,1932.8151860250746
33122,1932.8151860250746
33123,1932.8151860250746
33124,1932.8151860250746
33125,1932.8151860250746
33126,1932.8151860250746
33127,1932.8151860250746
33128,1932.8151860250746
33129,1932.8151860250746
33130,1932.8151860250746
33131,1932.8151860250746
33132,1932.8151860250746
33133,1932.8151860250746
33134,1932.8151860250746
33135,1932.8151860250746
33136,1932.8151860250746
33137,1932.8151860250746
33138,1932.8151860250746
33139,1932.8151860250746
33140,1932.8151860250746
33141,1932.8151860250746
33142,1932.8151860250746
33143,1932.8151860250746
33144,1932.8151860250746
33145,1932.8151860250746
33146,1932.8151860250746
33147,1932.8151860250746
33148,1932.8151860250746
33149,1932.8151860250746
33150,1932.8151860250746
33151,1932.8151860250746
33152,1932.8151860250746
33153,1932.8151860250746
33154,1932.8151860250746
33155,1932.8151860250746
33156,1932.8151860250746
33157,1932.8151860250746
33158,1932.8151860250746
33159,1932.8151860250746
33160,1932.8151860250746
33161,1932.8151860250746
33162,1932.8151860250746
33163,1932.8151860250746
33164,1932.8151860250746
33165,1932.8151860250746
33166,1932.8151860250746
33167,1932.8151860250746
33168,1932.8151860250746
33169,1932.8151860250746
33170,1932.8151860250746
33171,1932.8151860250746
33172,1932.8151860250746
33173,1932.8151860250746
33174,1932.8151860250746
33175,1932.8151860250746
33176,1932.8151860250746
33177,1932.8151860250746
33178,1932.8151860250746
33179,1932.8151860250746
33180,1932.8151860250746
33181,1932.8151860250746
33182,1932.8151860250746
33183,1932.8151860250746
33184,1932.8151860250746
33185,1932.8151860250746
33186,1932.8151860250746
33187,1932.8151860250746
33188,1932.8151860250746
33189,1932.8151860250746
33190,1932.8151860250746
33191,1932.8151860250746
33192,1932.8151860250746
33193,1932.8151860250746
33194,1932.8151860250746
33195,1932.8151860250746
33196,1932.8151860250746
33197,1932.8151860250746
33198,1932.8151860250746
33199,1932.8151860250746
33200,1932.8151860250746
33201,1932.8151860250746
33202,1932.8151860250746
33203,1932.8151860250746
33204,1932.8151860250746
33205,1932.8151860250746
33206,1932.8151860250746
33207,1932.8151860250746
33208,1932.8151860250746
33209,1932.8151860250746
33210,1932.8151860250746
33211,1932.8151860250746
33212,1932.8151860250746
33213,1932.8151860250746
33214,1932.8151860250746
33215,1932.8151860250746
33216,1932.8151860250746
33217,1932.8151860250746
33218,1932.8151860250746
33219,1932.8151860250746
33220,1932.8151860250746
33221,1932.8151860250746
33222,1932.8151860250746
33223,1932.8151860250746
33224,1932.8151860250746
33225,1932.8151860250746
33226,1932.8151860250746
33227,1932.8151860250746
33228,1932.8151860250746
33229,1932.8151860250746
33230,1932.8151860250746
33231,1932.8151860250746
33232,1932.8151860250746
33233,1932.8151860250746
33234,1932.8151860250746
33235,1932.8151860250746
33236,1932.8151860250746
33237,1932.8151860250746
33238,1932.8151860250746
33239,1932.8151860250746
33240,1932.8151860250746
33241,1932.8151860250746
33242,1932.8151860250746
33243,1932.8151860250746
33244,1932.8151860250746
33245,1932.8151860250746
33246,1932.8151860250746
33247,1932.8151860250746
33248,1932.8151860250746
33249,1932.8151860250746
33250,1931.4122888087993
33251,1931.4122888087993
33252,1931.4122888087993
33253,1931.4122888087993
33254,1931.4122888087993
33255,1931.4122888087993
33256,1931.4122888087993
33257,1931.4122888087993
33258,1931.4122888087993
33259,1931.4122888087993
33260,1931.4122888087993
33261,1931.4122888087993
33262,1931.4122888087993
33263,1931.4122888087993
33264,1931.4122888087993
33265,1931.4122888087993
33266,1931.4122888087993
33267,1931.4122888087993
33268,1931.4122888087993
33269,1931.4122888087993
33270,1931.4122888087993
33271,1931.4122888087993
33272,1931.4122888087993
33273,1931.4122888087993
33274,1931.4122888087993
33275,1931.4122888087993
33276,1931.4122888087993
33277,1931.4122888087993
33278,1931.4122888087993
33279,1931.4122888087993
33280,1931.4122888087993
33281,1931.4122888087993
33282,1931.4122888087993
33283,1931.4122888087993
33284,1931.4122888087993
33285,1931.4122888087993
33286,1931.4122888087993
33287,1931.4122888087993
33288,1931.4122888087993
33289,1931.4122888087993
33290,1931.4122888087993
33291,1931.4122888087993
33292,1931.4122888087993
33293,1931.4122888087993
33294,1931.4122888087993
33295,1931.4122888087993
33296,1931.4122888087993
33297,1931.4122888087993
33298,1931.4122888087993
33299,1931.4122888087993
33300,1931.4122888087993
33301,1931.4122888087993
33302,1931.4122888087993
33303,1931.4122888087993
33304,1931.4122888087993
33305,1931.4122888087993
33306,1931.4122888087993
33307,1931.4122888087993
33308,1931.4122888087993
33309,1931.4122888087993
33310,1931.4122888087993
33311,1931.4122888087993
33312,1931.4122888087993
33313,1931.4122888087993
33314,1931.4122888087993
33315,1931.4122888087993
33316,1931.4122888087993
33317,1931.4122888087993
33318,1931.4122888087993
33319,1931.4122888087993
33320,1931.4122888087993
33321,1931.4122888087993
33322,1931.4122888087993
33323,1931.4122888087993
33324,1931.4122888087993
33325,1931.4122888087993
33326,1931.4122888087993
33327,1931.4122888087993
33328,1931.4122888087993
33329,1931.4122888087993
33330,1931.4122888087993
33331,1931.4122888087993
33332,1931.4122888087993
33333,1931.4122888087993
33334,1931.4122888087993
33335,1931.4122888087993
33336,1931.4122888087993
33337,1931.4122888087993
33338,1931.4122888087993
33339,1931.4122888087993
33340,1931.4122888087993
33341,1931.4122888087993
33342,1931.4122888087993
33343,1931.4122888087993
33344,1931.4122888087993
33345,1931.4122888087993
33346,1931.4122888087993
33347,1931.4122888087993
33348,1931.4122888087993
33349,1931.4122888087993
33350,1931.4122888087993
33351,1931.4122888087993
33352,1931.4122888087993
33353,1931.4122888087993
33354,1931.4122888087993
33355,1931.4122888087993
33356,1931.4122888087993
33357,1931.4122888087993
33358,1931.4122888087993
33359,1931.4122888087993
33360,1931.4122888087993
33361,1931.4122888087993
33362,1931.4122888087993
33363,1931.4122888087993
33364,1931.4122888087993
33365,1931.4122888087993
33366,1931.4122888087993
33367,1931.4122888087993
33368,1931.4122888087993
33369,1931.4122888087993
33370,1931.4122888087993
33371,1931.4122888087993
33372,1931.4122888087993
33373,1931.4122888087993
33374,1931.4122888087993
33375,1931.4122888087993
33376,1931.4122888087993
33377,1931.4122888087993
33378,1931.4122888087993
33379,1931.4122888087993
33380,1931.4122888087993
33381,1931.4122888087993
33382,1931.4122888087993
33383,1931.4122888087993
33384,1931.4122888087993
33385,1931.4122888087993
33386,1931.4122888087993
33387,1931.4122888087993
33388,1931.4122888087993
33389,1931.4122888087993
33390,1931.4122888087993
33391,1931.4122888087993
33392,1931.4122888087993
33393,1931.4122888087993
33394,1931.4122888087993
33395,1931.4122888087993
33396,1931.4122888087993
33397,1931.4122888087993
33398,1931.4122888087993
33399,1931.4122888087993
33400,1931.4122888087993
33401,1931.4122888087993
33402,1931.4122888087993
33403,1931.4122888087993
33404,1931.4122888087993
33405,1931.4122888087993
33406,1931.4122888087993
33407,1931.4122888087993
33408,1931.4122888087993
33409,1931.4122888087993
33410,1931.4122888087993
33411,1931.4122888087993
33412,1931.4122888087993
33413,1931.4122888087993
33414,1931.4122888087993
33415,1931.4122888087993
33416,1931.4122888087993
33417,1931.4122888087993
33418,1931.4122888087993
33419,1931.4122888087993
33420,1931.4122888087993
33421,1931.4122888087993
33422,1931.4122888087993
33423,1931.4122888087993
33424,1931.4122888087993
33425,1931.4122888087993
33426,1931.4122888087993
33427,1931.4122888087993
33428,1931.4122888087993
33429,1931.4122888087993
33430,1931.4122888087993
33431,1931.4122888087993
33432,1931.4122888087993
33433,1931.4122888087993
33434,1931.4122888087993
33435,1931.4122888087993
33436,1931.4122888087993
33437,1931.4122888087993
33438,1931.4122888087993
33439,1931.4122888087993
33440,1931.4122888087993
33441,1931.4122888087993
33442,1931.4122888087993
33443,1931.4122888087993
33444,1931.4122888087993
33445,1931.4122888087993
33446,1931.4122888087993
33447,1931.4122888087993
33448,1931.4122888087993
33449,1931.4122888087993
33450,1931.4122888087993
33451,1931.4122888087993
33452,1931.4122888087993
33453,1931.4122888087993
33454,1931.4122888087993
33455,1931.4122888087993
33456,1931.4122888087993
33457,1931.4122888087993
33458,1931.4122888087993
33459,1931.4122888087993
33460,1931.4122888087993
33461,1931.4122888087993
33462,1931.4122888087993
33463,1931.4122888087993
33464,1931.4122888087993
33465,1931.4122888087993
33466,1931.4122888087993
33467,1931.4122888087993
33468,1931.4122888087993
33469,1931.4122888087993
33470,1931.4122888087993
33471,1931.4122888087993
33472,1931.4122888087993
33473,1931.4122888087993
33474,1931.4122888087993
33475,1931.4122888087993
33476,1931.4122888087993
33477,1931.4122888087993
33478,1931.4122888087993
33479,1931.4122888087993
33480,1931.4122888087993
33481,1931.4122888087993
33482,1931.4122888087993
33483,1931.4122888087993
33484,1931.4122888087993
33485,1931.4122888087993
33486,1931.4122888087993
33487,1931.4122888087993
33488,1931.4122888087993
33489,1931.4122888087993
33490,1931.4122888087993
33491,1931.4122888087993
33492,1931.4122888087993
33493,1931.4122888087993
33494,1931.4122888087993
33495,1931.4122888087993
33496,1931.4122888087993
33497,1931.4122888087993
33498,1931.4122888087993
33499,1931.4122888087993
33500,1931.4122888087993
33501,1931.4122888087993
33502,1931.4122888087993
33503,1931.4122888087993
33504,1931.4122888087993
33505,1931.4122888087993
33506,1931.4122888087993
33507,1931.4122888087993
33508,1931.4122888087993
33509,1931.4122888087993
33510,1931.4122888087993
33511,1931.4122888087993
33512,1931.4122888087993
33513,1931.4122888087993
33514,1931.4122888087993
33515,1931.4122888087993
33516,1931.4122888087993
33517,1931.4122888087993
33518,1931.4122888087993
33519,1931.4122888087993
33520,1931.4122888087993
33521,1931.4122888087993
33522,1931.4122888087993
33523,1931.4122888087993
33524,1931.4122888087993
33525,1931.4122888087993
33526,1931.4122888087993
33527,1931.4122888087993
33528,1931.4122888087993
33529,1931.4122888087993
33530,1931.4122888087993
33531,1931.4122888087993
33532,1931.4122888087993
33533,1931.4122888087993
33534,1931.4122888087993
33535,1931.4122888087993
33536,1931.4122888087993
33537,1931.4122888087993
33538,1931.4122888087993
33539,1931.4122888087993
33540,1931.4122888087993
33541,1931.4122888087993
33542,1931.4122888087993
33543,1931.4122888087993
33544,1931.4122888087993
33545,1931.4122888087993
33546,1931.4122888087993
33547,1931.4122888087993
33548,1931.4122888087993
33549,1931.4122888087993
33550,1931.4122888087993
33551,1931.4122888087993
33552,1931.4122888087993
33553,1931.4122888087993
33554,1931.4122888087993
33555,1931.4122888087993
33556,1931.4122888087993
33557,1931.4122888087993
33558,1931.4122888087993
33559,1931.4122888087993
33560,1931.4122888087993
33561,1931.4122888087993
33562,1931.4122888087993
33563,1931.4122888087993
33564,1931.4122888087993
33565,1931.4122888087993
33566,1931.4122888087993
33567,1931.4122888087993
33568,1931.4122888087993
33569,1931.4122888087993
33570,1931.4122888087993
33571,1931.4122888087993
33572,1931.4122888087993
33573,1931.4122888087993
33574,1931.4122888087993
33575,1931.4122888087993
33576,1931.4122888087993
33577,1931.4122888087993
33578,1931.4122888087993
33579,1931.4122888087993
33580,1931.4122888087993
33581,1931.4122888087993
33582,1931.4122888087993
33583,1931.4122888087993
33584,1931.4122888087993
33585,1931.4122888087993
33586,1931.4122888087993
33587,1931.4122888087993
33588,1931.4122888087993
33589,1931.4122888087993
33590,1931.4122888087993
33591,1931.4122888087993
33592,1931.4122888087993
33593,1931.4122888087993
33594,1931.4122888087993
33595,1931.4122888087993
33596,1931.4122888087993
33597,1931.4122888087993
33598,1931.4122888087993
33599,1931.4122888087993
33600,1931.4122888087993
33601,1931.4122888087993
33602,1931.4122888087993
33603,1931.4122888087993
33604,1931.4122888087993
33605,1931.4122888087993
33606,1931.4122888087993
33607,1931.4122888087993
33608,1931.4122888087993
33609,1931.4122888087993
33610,1931.4122888087993
33611,1931.4122888087993
33612,1931.4122888087993
33613,1931.4122888087993
33614,1931.4122888087993
33615,1931.4122888087993
33616,1931.4122888087993
33617,1931.4122888087993
33618,1931.4122888087993
33619,1931.4122888087993
33620,1931.4122888087993
33621,1931.4122888087993
33622,1931.4122888087993
33623,1931.4122888087993
33624,1931.4122888087993
33625,1931.4122888087993
33626,1931.4122888087993
33627,1931.4122888087993
33628,1931.4122888087993
33629,1931.4122888087993
33630,1931.4122888087993
33631,1931.4122888087993
33632,1931.4122888087993
33633,1931.4122888087993
33634,1931.4122888087993
33635,1931.4122888087993
33636,1931.4122888087993
33637,1931.4122888087993
33638,1931.4122888087993
33639,1931.4122888087993
33640,1931.4122888087993
33641,1931.4122888087993
33642,1931.4122888087993
33643,1931.4122888087993
33644,1931.4122888087993
33645,1931.4122888087993
33646,1931.4122888087993
33647,1931.4122888087993
33648,1931.4122888087993
33649,1931.4122888087993
33650,1931.4122888087993
33651,1931.4122888087993
33652,1931.4122888087993
33653,1931.4122888087993
33654,1931.4122888087993
33655,1931.4122888087993
33656,1931.4122888087993
33657,1931.4122888087993
33658,1931.4122888087993
33659,1931.4122888087993
33660,1931.4122888087993
33661,1931.4122888087993
33662,1931.4122888087993
33663,1931.4122888087993
33664,1931.4122888087993
33665,1931.4122888087993
33666,1931.4122888087993
33667,1931.4122888087993
33668,1931.4122888087993
33669,1931.4122888087993
33670,1931.4122888087993
33671,1931.4122888087993
33672,1931.4122888087993
33673,1931.4122888087993
33674,1931.4122888087993
33675,1931.4122888087993
33676,1931.4122888087993
33677,1931.4122888087993
33678,1931.4122888087993
33679,1931.4122888087993
33680,1931.4122888087993
33681,1931.4122888087993
33682,1931.4122888087993
33683,1931.4122888087993
33684,1931.4122888087993
33685,1931.4122888087993
33686,1931.4122888087993
33687,1931.4122888087993
33688,1931.4122888087993
33689,1931.4122888087993
33690,1931.4122888087993
33691,1931.4122888087993
33692,1931.4122888087993
33693,1931.4122888087993
33694,1931.4122888087993
33695,1931.4122888087993
33696,1931.4122888087993
33697,1931.4122888087993
33698,1931.4122888087993
33699,1931.4122888087993
33700,1931.4122888087993
33701,1931.4122888087993
33702,1931.4122888087993
33703,1931.4122888087993
33704,1931.4122888087993
33705,1931.4122888087993
33706,1931.4122888087993
33707,1931.4122888087993
33708,1931.4122888087993
33709,1931.4122888087993
33710,1931.4122888087993
33711,1931.4122888087993
33712,1931.4122888087993
33713,1931.4122888087993
33714,1931.4122888087993
33715,1931.4122888087993
33716,1931.4122888087993
33717,1931.4122888087993
33718,1931.4122888087993
33719,1931.4122888087993
33720,1931.4122888087993
33721,1931.4122888087993
33722,1931.4122888087993
33723,1931.4122888087993
33724,1931.4122888087993
33725,1931.4122888087993
33726,1931.4122888087993
33727,1931.4122888087993
33728,1931.4122888087993
33729,1931.4122888087993
33730,1931.4122888087993
33731,1931.4122888087993
33732,1931.4122888087993
33733,1931.4122888087993
33734,1931.4122888087993
33735,1931.4122888087993
33736,1931.4122888087993
33737,1931.4122888087993
33738,1931.4122888087993
33739,1931.4122888087993
33740,1931.4122888087993
33741,1931.4122888087993
33742,1931.4122888087993
33743,1931.4122888087993
33744,1931.4122888087993
33745,1931.4122888087993
33746,1931.4122888087993
33747,1931.4122888087993
33748,1931.4122888087993
33749,1931.4122888087993
33750,1931.4122888087993
33751,1931.4122888087993
33752,1931.4122888087993
33753,1931.4122888087993
33754,1931.4122888087993
33755,1931.4122888087993
33756,1931.4122888087993
33757,1931.4122888087993
33758,1931.4122888087993
33759,1931.4122888087993
33760,1931.4122888087993
33761,1931.4122888087993
33762,1931.4122888087993
33763,1931.4122888087993
33764,1931.4122888087993
33765,1931.4122888087993
33766,1931.4122888087993
33767,1931.4122888087993
33768,1931.4122888087993
33769,1931.4122888087993
33770,1931.4122888087993
33771,1931.4122888087993
33772,1931.4122888087993
33773,1931.4122888087993
33774,1931.4122888087993
33775,1931.4122888087993
33776,1931.4122888087993
33777,1931.4122888087993
33778,1931.4122888087993
33779,1931.4122888087993
33780,1931.4122888087993
33781,1931.4122888087993
33782,1931.4122888087993
33783,1931.4122888087993
33784,1931.4122888087993
33785,1931.4122888087993
33786,1931.4122888087993
33787,1931.4122888087993
33788,1931.4122888087993
33789,1931.4122888087993
33790,1931.4122888087993
33791,1931.4122888087993
33792,1931.4122888087993
33793,1931.4122888087993
33794,1931.4122888087993
33795,1931.4122888087993
33796,1931.4122888087993
33797,1931.4122888087993
33798,1931.4122888087993
33799,1931.4122888087993
33800,1931.4122888087993
33801,1931.4122888087993
33802,1931.4122888087993
33803,1931.4122888087993
33804,1931.4122888087993
33805,1931.4122888087993
33806,1931.4122888087993
33807,1931.4122888087993
33808,1931.4122888087993
33809,1931.4122888087993
33810,1931.4122888087993
33811,1931.4122888087993
33812,1931.4122888087993
33813,1931.4122888087993
33814,1931.4122888087993
33815,1931.4122888087993
33816,1931.4122888087993
33817,1931.4122888087993
33818,1931.4122888087993
33819,1931.4122888087993
33820,1920.6727295698724
33821,1920.6727295698724
33822,1920.6727295698724
33823,1920.6727295698724
33824,1920.6727295698724
33825,1920.6727295698724
33826,1920.6727295698724
33827,1920.6727295698724
33828,1920.6727295698724
33829,1920.6727295698724
33830,1920.6727295698724
33831,1920.6727295698724
33832,1920.6727295698724
33833,1920.6727295698724
33834,1920.6727295698724
33835,1920.6727295698724
33836,1920.6727295698724
33837,1920.6727295698724
33838,1920.6727295698724
33839,1920.6727295698724
33840,1920.6727295698724
33841,1920.6727295698724
33842,1920.6727295698724
33843,1920.6727295698724
33844,1920.6727295698724
33845,1920.6727295698724
33846,1920.6727295698724
33847,1920.6727295698724
33848,1920.6727295698724
33849,1920.6727295698724
33850,1920.6727295698724
33851,1920.6727295698724
33852,1920.6727295698724
33853,1920.6727295698724
33854,1920.6727295698724
33855,1920.6727295698724
33856,1920.6727295698724
33857,1920.6727295698724
33858,1920.6727295698724
33859,1920.6727295698724
33860,1920.6727295698724
33861,1920.6727295698724
33862,1920.6727295698724
33863,1920.6727295698724
33864,1920.6727295698724
33865,1920.6727295698724
33866,1920.6727295698724
33867,1920.6727295698724
33868,1920.6727295698724
33869,1920.6727295698724
33870,1920.6727295698724
33871,1920.6727295698724
33872,1920.6727295698724
33873,1920.6727295698724
33874,1920.6727295698724
33875,1920.6727295698724
33876,1920.6727295698724
33877,1920.6727295698724
33878,1920.6727295698724
33879,1920.6727295698724
33880,1920.6727295698724
33881,1920.6727295698724
33882,1920.6727295698724
33883,1920.6727295698724
33884,1920.6727295698724
33885,1920.6727295698724
33886,1920.6727295698724
33887,1920.6727295698724
33888,1920.6727295698724
33889,1920.6727295698724
33890,1920.6727295698724
33891,1920.6727295698724
33892,1920.6727295698724
33893,1920.6727295698724
33894,1920.6727295698724
33895,1920.6727295698724
33896,1920.6727295698724
33897,1920.6727295698724
33898,1920.6727295698724
33899,1920.6727295698724
33900,1920.6727295698724
33901,1920.6727295698724
33902,1920.6727295698724
33903,1920.6727295698724
33904,1920.6727295698724
33905,1920.6727295698724
33906,1920.6727295698724
33907,1920.6727295698724
33908,1920.6727295698724
33909,1920.6727295698724
33910,1920.6727295698724
33911,1920.6727295698724
33912,1920.6727295698724
33913,1920.6727295698724
33914,1920.6727295698724
33915,1920.6727295698724
33916,1920.6727295698724
33917,1920.6727295698724
33918,1920.6727295698724
33919,1920.6727295698724
33920,1920.6727295698724
33921,1920.6727295698724
33922,1920.6727295698724
33923,1920.6727295698724
33924,1920.6727295698724
33925,1920.6727295698724
33926,1920.6727295698724
33927,1920.6727295698724
33928,1920.6727295698724
33929,1920.6727295698724
33930,1920.6727295698724
33931,1920.6727295698724
33932,1920.6727295698724
33933,1920.6727295698724
33934,1920.6727295698724
33935,1920.6727295698724
33936,1920.6727295698724
33937,1920.6727295698724
33938,1920.6727295698724
33939,1920.6727295698724
33940,1920.6727295698724
33941,1920.6727295698724
33942,1920.6727295698724
33943,1920.6727295698724
33944,1920.6727295698724
33945,1920.6727295698724
33946,1920.6727295698724
33947,1920.6727295698724
33948,1920.6727295698724
33949,1920.6727295698724
33950,1920.6727295698724
33951,1920.6727295698724
33952,1920.6727295698724
33953,1920.6727295698724
33954,1920.6727295698724
33955,1920.6727295698724
33956,1920.6727295698724
33957,1920.6727295698724
33958,1920.6727295698724
33959,1920.6727295698724
33960,1920.6727295698724
33961,1920.6727295698724
33962,1920.6727295698724
33963,1920.6727295698724
33964,1920.6727295698724
33965,1920.6727295698724
33966,1920.6727295698724
33967,1920.6727295698724
33968,1920.6727295698724
33969,1920.6727295698724
33970,1920.6727295698724
33971,1920.6727295698724
33972,1920.6727295698724
33973,1920.6727295698724
33974,1920.6727295698724
33975,1920.6727295698724
33976,1920.6727295698724
33977,1920.6727295698724
33978,1920.6727295698724
33979,1920.6727295698724
33980,1920.6727295698724
33981,1920.6727295698724
33982,1920.6727295698724
33983,1920.6727295698724
33984,1920.6727295698724
33985,1920.6727295698724
33986,1920.6727295698724
33987,1920.6727295698724
33988,1920.6727295698724
33989,1920.6727295698724
33990,1920.6727295698724
33991,1920.6727295698724
33992,1920.6727295698724
33993,1920.6727295698724
33994,1920.6727295698724
33995,1920.6727295698724
33996,1920.6727295698724
33997,1920.6727295698724
33998,1920.6727295698724
33999,1920.6727295698724
34000,1920.6727295698724
34001,1920.6727295698724
34002,1920.6727295698724
34003,1920.6727295698724
34004,1920.6727295698724
34005,1920.6727295698724
34006,1920.6727295698724
34007,1920.6727295698724
34008,1920.6727295698724
34009,1920.6727295698724
34010,1920.6727295698724
34011,1920.6727295698724
34012,1920.6727295698724
34013,1920.6727295698724
34014,1920.6727295698724
34015,1920.6727295698724
34016,1920.6727295698724
34017,1920.6727295698724
34018,1920.6727295698724
34019,1920.6727295698724
34020,1920.6727295698724
34021,1920.6727295698724
34022,1920.6727295698724
34023,1920.6727295698724
34024,1920.6727295698724
34025,1920.6727295698724
34026,1920.6727295698724
34027,1920.6727295698724
34028,1920.6727295698724
34029,1920.6727295698724
34030,1920.6727295698724
34031,1920.6727295698724
34032,1920.6727295698724
34033,1920.6727295698724
34034,1920.6727295698724
34035,1920.6727295698724
34036,1920.6727295698724
34037,1920.6727295698724
34038,1920.6727295698724
34039,1920.6727295698724
34040,1920.6727295698724
34041,1920.6727295698724
34042,1920.6727295698724
34043,1920.6727295698724
34044,1920.6727295698724
34045,1920.6727295698724
34046,1920.6727295698724
34047,1920.6727295698724
34048,1920.6727295698724
34049,1920.6727295698724
34050,1920.6727295698724
34051,1920.6727295698724
34052,1920.6727295698724
34053,1920.6727295698724
34054,1920.6727295698724
34055,1920.6727295698724
34056,1920.6727295698724
34057,1920.6727295698724
34058,1920.6727295698724
34059,1920.6727295698724
34060,1920.6727295698724
34061,1920.6727295698724
34062,1920.6727295698724
34063,1920.6727295698724
34064,1920.6727295698724
34065,1920.6727295698724
34066,1920.6727295698724
34067,1920.6727295698724
34068,1920.6727295698724
34069,1920.6727295698724
34070,1920.6727295698724
34071,1920.6727295698724
34072,1920.6727295698724
34073,1920.6727295698724
34074,1920.6727295698724
34075,1920.6727295698724
34076,1920.6727295698724
34077,1920.6727295698724
34078,1920.6727295698724
34079,1920.6727295698724
34080,1920.6727295698724
34081,1920.6727295698724
34082,1920.6727295698724
34083,1920.6727295698724
34084,1920.6727295698724
34085,1920.6727295698724
34086,1920.6727295698724
34087,1920.6727295698724
34088,1920.6727295698724
34089,1920.6727295698724
34090,1920.6727295698724
34091,1920.6727295698724
34092,1920.6727295698724
34093,1920.6727295698724
34094,1920.6727295698724
34095,1920.6727295698724
34096,1920.6727295698724
34097,1920.6727295698724
34098,1920.6727295698724
34099,1920.6727295698724
34100,1920.6727295698724
34101,1920.6727295698724
34102,1920.6727295698724
34103,1920.6727295698724
34104,1920.6727295698724
34105,1920.6727295698724
34106,1920.6727295698724
34107,1920.6727295698724
34108,1920.6727295698724
34109,1920.6727295698724
34110,1920.6727295698724
34111,1920.6727295698724
34112,1920.6727295698724
34113,1920.6727295698724
34114,1920.6727295698724
34115,1920.6727295698724
34116,1920.6727295698724
34117,1920.6727295698724
34118,1920.6727295698724
34119,1920.6727295698724
34120,1920.6727295698724
34121,1920.6727295698724
34122,1920.6727295698724
34123,1920.6727295698724
34124,1920.6727295698724
34125,1920.6727295698724
34126,1920.6727295698724
34127,1920.6727295698724
34128,1920.6727295698724
34129,1920.6727295698724
34130,1920.6727295698724
34131,1920.6727295698724
34132,1920.6727295698724
34133,1920.6727295698724
34134,1920.6727295698724
34135,1920.6727295698724
34136,1920.6727295698724
34137,1920.6727295698724
34138,1920.6727295698724
34139,1920.6727295698724
34140,1920.6727295698724
34141,1920.6727295698724
34142,1920.6727295698724
34143,1920.6727295698724
34144,1920.6727295698724
34145,1920.6727295698724
34146,1920.6727295698724
34147,1920.6727295698724
34148,1920.6727295698724
34149,1920.6727295698724
34150,1920.6727295698724
34151,1920.6727295698724
34152,1920.6727295698724
34153,1920.6727295698724
34154,1920.6727295698724
34155,1920.6727295698724
34156,1920.6727295698724
34157,1920.6727295698724
34158,1920.6727295698724
34159,1920.6727295698724
34160,1920.6727295698724
34161,1920.6727295698724
34162,1920.6727295698724
34163,1920.6727295698724
34164,1920.6727295698724
34165,1920.6727295698724
34166,1920.6727295698724
34167,1920.6727295698724
34168,1920.6727295698724
34169,1920.6727295698724
34170,1920.6727295698724
34171,1920.6727295698724
34172,1920.6727295698724
34173,1920.6727295698724
34174,1920.6727295698724
34175,1920.6727295698724
34176,1920.6727295698724
34177,1920.6727295698724
34178,1920.6727295698724
34179,1920.6727295698724
34180,1920.6727295698724
34181,1920.6727295698724
34182,1920.6727295698724
34183,1920.6727295698724
34184,1920.6727295698724
34185,1920.6727295698724
34186,1920.6727295698724
34187,1920.6727295698724
34188,1920.6727295698724
34189,1920.6727295698724
34190,1920.6727295698724
34191,1920.6727295698724
34192,1920.6727295698724
34193,1920.6727295698724
34194,1920.6727295698724
34195,1920.6727295698724
34196,1920.6727295698724
34197,1920.6727295698724
34198,1920.6727295698724
34199,1920.6727295698724
34200,1920.6727295698724
34201,1920.6727295698724
34202,1920.6727295698724
34203,1920.6727295698724
34204,1920.6727295698724
34205,1920.6727295698724
34206,1920.6727295698724
34207,1920.6727295698724
34208,1920.6727295698724
34209,1920.6727295698724
34210,1920.6727295698724
34211,1920.6727295698724
34212,1920.6727295698724
34213,1920.6727295698724
34214,1920.6727295698724
34215,1920.6727295698724
34216,1920.6727295698724
34217,1920.6727295698724
34218,1920.6727295698724
34219,1920.6727295698724
34220,1920.6727295698724
34221,1920.6727295698724
34222,1920.6727295698724
34223,1920.6727295698724
34224,1920.6727295698724
34225,1920.6727295698724
34226,1920.6727295698724
34227,1920.6727295698724
34228,1920.6727295698724
34229,1920.6727295698724
34230,1920.6727295698724
34231,1920.6727295698724
34232,1920.6727295698724
34233,1920.6727295698724
34234,1920.6727295698724
34235,1920.6727295698724
34236,1920.6727295698724
34237,1920.6727295698724
34238,1920.6727295698724
34239,1920.6727295698724
34240,1920.6727295698724
34241,1920.6727295698724
34242,1920.6727295698724
34243,1920.6727295698724
34244,1920.6727295698724
34245,1920.6727295698724
34246,1920.6727295698724
34247,1920.6727295698724
34248,1920.6727295698724
34249,1920.6727295698724
34250,1920.6727295698724
34251,1920.6727295698724
34252,1920.6727295698724
34253,1920.6727295698724
34254,1920.6727295698724
34255,1920.6727295698724
34256,1920.6727295698724
34257,1920.6727295698724
34258,1920.6727295698724
34259,1920.6727295698724
34260,1920.6727295698724
34261,1920.6727295698724
34262,1920.6727295698724
34263,1920.6727295698724
34264,1920.6727295698724
34265,1920.6727295698724
34266,1920.6727295698724
34267,1920.6727295698724
34268,1920.6727295698724
34269,1920.6727295698724
34270,1920.6727295698724
34271,1920.6727295698724
34272,1920.6727295698724
34273,1920.6727295698724
34274,1920.6727295698724
34275,1920.6727295698724
34276,1920.6727295698724
34277,1920.6727295698724
34278,1920.6727295698724
34279,1920.6727295698724
34280,1920.6727295698724
34281,1920.6727295698724
34282,1920.6727295698724
34283,1913.1620507509963
34284,1913.1620507509963
34285,1913.1620507509963
34286,1913.1620507509963
34287,1913.1620507509963
34288,1913.1620507509963
34289,1913.1620507509963
34290,1913.1620507509963
34291,1913.1620507509963
34292,1913.1620507509963
34293,1913.1620507509963
34294,1913.1620507509963
34295,1913.1620507509963
34296,1913.1620507509963
34297,1913.1620507509963
34298,1913.1620507509963
34299,1913.1620507509963
34300,1913.1620507509963
34301,1913.1620507509963
34302,1913.1620507509963
34303,1913.1620507509963
34304,1913.1620507509963
34305,1913.1620507509963
34306,1913.1620507509963
34307,1913.1620507509963
34308,1913.1620507509963
34309,1913.1620507509963
34310,1913.1620507509963
34311,1913.1620507509963
34312,1913.1620507509963
34313,1913.1620507509963
34314,1913.1620507509963
34315,1913.1620507509963
34316,1913.1620507509963
34317,1913.1620507509963
34318,1913.1620507509963
34319,1913.1620507509963
34320,1913.1620507509963
34321,1913.1620507509963
34322,1913.1620507509963
34323,1913.1620507509963
34324,1913.1620507509963
34325,1913.1620507509963
34326,1913.1620507509963
34327,1913.1620507509963
34328,1913.1620507509963
34329,1913.1620507509963
34330,1913.1620507509963
34331,1913.1620507509963
34332,1913.1620507509963
34333,1913.1620507509963
34334,1913.1620507509963
34335,1913.1620507509963
34336,1913.1620507509963
34337,1913.1620507509963
34338,1913.1620507509963
34339,1913.1620507509963
34340,1913.1620507509963
34341,1913.1620507509963
34342,1913.1620507509963
34343,1913.1620507509963
34344,1913.1620507509963
34345,1913.1620507509963
34346,1913.1620507509963
34347,1913.1620507509963
34348,1913.1620507509963
34349,1913.1620507509963
34350,1913.1620507509963
34351,1913.1620507509963
34352,1913.1620507509963
34353,1913.1620507509963
34354,1913.1620507509963
34355,1913.1620507509963
34356,1913.1620507509963
34357,1913.1620507509963
34358,1913.1620507509963
34359,1913.1620507509963
34360,1913.1620507509963
34361,1913.1620507509963
34362,1913.1620507509963
34363,1913.1620507509963
34364,1913.1620507509963
34365,1913.1620507509963
34366,1913.1620507509963
34367,1913.1620507509963
34368,1913.1620507509963
34369,1913.1620507509963
34370,1913.1620507509963
34371,1913.1620507509963
34372,1913.1620507509963
34373,1913.1620507509963
34374,1913.1620507509963
34375,1913.1620507509963
34376,1913.1620507509963
34377,1913.1620507509963
34378,1913.1620507509963
34379,1913.1620507509963
34380,1913.1620507509963
34381,1913.1620507509963
34382,1913.1620507509963
34383,1913.1620507509963
34384,1913.1620507509963
34385,1913.1620507509963
34386,1913.1620507509963
34387,1913.1620507509963
34388,1913.1620507509963
34389,1913.1620507509963
34390,1913.1620507509963
34391,1913.1620507509963
34392,1913.1620507509963
34393,1913.1620507509963
34394,1913.1620507509963
34395,1913.1620507509963
34396,1913.1620507509963
34397,1913.1620507509963
34398,1913.1620507509963
34399,1913.1620507509963
34400,1913.1620507509963
34401,1913.1620507509963
34402,1913.1620507509963
34403,1913.1620507509963
34404,1913.1620507509963
34405,1913.1620507509963
34406,1913.1620507509963
34407,1913.1620507509963
34408,1913.1620507509963
34409,1913.1620507509963
34410,1913.1620507509963
34411,1913.1620507509963
34412,1913.1620507509963
34413,1913.1620507509963
34414,1913.1620507509963
34415,1913.1620507509963
34416,1913.1620507509963
34417,1913.1620507509963
34418,1913.1620507509963
34419,1913.1620507509963
34420,1913.1620507509963
34421,1913.1620507509963
34422,1913.1620507509963
34423,1913.1620507509963
34424,1913.1620507509963
34425,1913.1620507509963
34426,1913.1620507509963
34427,1913.1620507509963
34428,1913.1620507509963
34429,1913.1620507509963
34430,1913.1620507509963
34431,1913.1620507509963
34432,1913.1620507509963
34433,1913.1620507509963
34434,1913.1620507509963
34435,1913.1620507509963
34436,1913.1620507509963
34437,1913.1620507509963
34438,1913.1620507509963
34439,1913.1620507509963
34440,1913.1620507509963
34441,1913.1620507509963
34442,1913.1620507509963
34443,1913.1620507509963
34444,1913.1620507509963
34445,1913.1620507509963
34446,1913.1620507509963
34447,1913.1620507509963
34448,1913.1620507509963
34449,1913.1620507509963
34450,1913.1620507509963
34451,1913.1620507509963
34452,1913.1620507509963
34453,1913.1620507509963
34454,1913.1620507509963
34455,1913.1620507509963
34456,1913.1620507509963
34457,1913.1620507509963
34458,1913.1620507509963
34459,1913.1620507509963
34460,1913.1620507509963
34461,1913.1620507509963
34462,1913.1620507509963
34463,1913.1620507509963
34464,1913.1620507509963
34465,1913.1620507509963
34466,1913.1620507509963
34467,1913.1620507509963
34468,1913.1620507509963
34469,1913.1620507509963
34470,1913.1620507509963
34471,1913.1620507509963
34472,1913.1620507509963
34473,1913.1620507509963
34474,1913.1620507509963
34475,1913.1620507509963
34476,1913.1620507509963
34477,1913.1620507509963
34478,1913.1620507509963
34479,1908.8750965395132
34480,1908.8750965395132
34481,1908.8750965395132
34482,1908.8750965395132
34483,1908.8750965395132
34484,1908.8750965395132
34485,1908.8750965395132
34486,1908.8750965395132
34487,1908.8750965395132
34488,1908.8750965395132
34489,1908.8750965395132
34490,1908.8750965395132
34491,1908.8750965395132
34492,1908.8750965395132
34493,1908.8750965395132
34494,1908.8750965395132
34495,1908.8750965395132
34496,1908.8750965395132
34497,1908.8750965395132
34498,1908.8750965395132
34499,1908.8750965395132
34500,1908.8750965395132
34501,1908.8750965395132
34502,1908.8750965395132
34503,1908.8750965395132
34504,1908.8750965395132
34505,1908.8750965395132
34506,1908.8750965395132
34507,1908.8750965395132
34508,1908.8750965395132
34509,1908.8750965395132
34510,1908.8750965395132
34511,1908.8750965395132
34512,1908.8750965395132
34513,1908.8750965395132
34514,1908.8750965395132
34515,1908.8750965395132
34516,1908.8750965395132
34517,1908.8750965395132
34518,1908.8750965395132
34519,1908.8750965395132
34520,1908.8750965395132
34521,1908.8750965395132
34522,1908.8750965395132
34523,1908.8750965395132
34524,1908.8750965395132
34525,1908.8750965395132
34526,1908.8750965395132
34527,1908.8750965395132
34528,1908.8750965395132
34529,1908.8750965395132
34530,1908.8750965395132
34531,1908.8750965395132
34532,1908.8750965395132
34533,1908.8750965395132
34534,1908.8750965395132
34535,1908.8750965395132
34536,1908.8750965395132
34537,1908.8750965395132
34538,1908.8750965395132
34539,1908.8750965395132
34540,1908.8750965395132
34541,1908.8750965395132
34542,1908.8750965395132
34543,1908.8750965395132
34544,1908.8750965395132
34545,1908.8750965395132
34546,1908.8750965395132
34547,1908.8750965395132
34548,1908.8750965395132
34549,1908.8750965395132
34550,1908.8750965395132
34551,1908.8750965395132
34552,1908.8750965395132
34553,1908.8750965395132
34554,1908.8750965395132
34555,1908.8750965395132
34556,1908.8750965395132
34557,1908.8750965395132
34558,1908.8750965395132
34559,1908.8750965395132
34560,1908.8750965395132
34561,1908.8750965395132
34562,1908.8750965395132
34563,1908.8750965395132
34564,1908.8750965395132
34565,1908.8750965395132
34566,1908.8750965395132
34567,1908.8750965395132
34568,1908.8750965395132
34569,1908.8750965395132
34570,1908.8750965395132
34571,1908.8750965395132
34572,1908.8750965395132
34573,1908.8750965395132
34574,1908.8750965395132
34575,1908.8750965395132
34576,1908.8750965395132
34577,1908.8750965395132
34578,1908.8750965395132
34579,1908.8750965395132
34580,1908.8750965395132
34581,1908.8750965395132
34582,1908.8750965395132
34583,1908.8750965395132
34584,1908.8750965395132
34585,1908.8750965395132
34586,1908.8750965395132
34587,1908.8750965395132
34588,1908.8750965395132
34589,1908.8750965395132
34590,1908.8750965395132
34591,1908.8750965395132
34592,1908.8750965395132
34593,1908.8750965395132
34594,1908.8750965395132
34595,1908.8750965395132
34596,1908.8750965395132
34597,1908.8750965395132
34598,1908.8750965395132
34599,1908.8750965395132
34600,1908.8750965395132
34601,1908.8750965395132
34602,1908.8750965395132
34603,1908.8750965395132
34604,1908.8750965395132
34605,1908.8750965395132
34606,1908.8750965395132
34607,1908.8750965395132
34608,1908.8750965395132
34609,1908.8750965395132
34610,1908.8750965395132
34611,1908.8750965395132
34612,1908.8750965395132
34613,1908.8750965395132
34614,1908.8750965395132
34615,1908.8750965395132
34616,1908.8750965395132
34617,1908.8750965395132
34618,1908.8750965395132
34619,1908.8750965395132
34620,1908.8750965395132
34621,1908.8750965395132
34622,1908.8750965395132
34623,1908.8750965395132
34624,1908.8750965395132
34625,1908.8750965395132
34626,1908.8750965395132
34627,1908.8750965395132
34628,1908.8750965395132
34629,1908.8750965395132
34630,1908.8750965395132
34631,1908.8750965395132
34632,1908.8750965395132
34633,1908.8750965395132
34634,1908.8750965395132
34635,1908.8750965395132
34636,1908.8750965395132
34637,1908.8750965395132
34638,1908.8750965395132
34639,1908.8750965395132
34640,1908.8750965395132
34641,1908.8750965395132
34642,1908.8750965395132
34643,1908.8750965395132
34644,1908.8750965395132
34645,1908.8750965395132
34646,1908.8750965395132
34647,1908.8750965395132
34648,1908.8750965395132
34649,1908.8750965395132
34650,1908.8750965395132
34651,1908.8750965395132
34652,1908.8750965395132
34653,1908.8750965395132
34654,1908.8750965395132
34655,1908.8750965395132
34656,1908.8750965395132
34657,1908.8750965395132
34658,1908.8750965395132
34659,1908.8750965395132
34660,1908.8750965395132
34661,1908.8750965395132
34662,1908.8750965395132
34663,1908.8750965395132
34664,1908.8750965395132
34665,1908.8750965395132
34666,1908.8750965395132
34667,1908.8750965395132
34668,1908.8750965395132
34669,1908.8750965395132
34670,1908.8750965395132
34671,1908.8750965395132
34672,1908.8750965395132
34673,1908.8750965395132
34674,1908.8750965395132
34675,1908.8750965395132
34676,1908.8750965395132
34677,1908.8750965395132
34678,1908.8750965395132
34679,1908.8750965395132
34680,1908.8750965395132
34681,1908.8750965395132
34682,1908.8750965395132
34683,1908.8750965395132
34684,1908.8750965395132
34685,1908.8750965395132
34686,1908.8750965395132
34687,1908.8750965395132
34688,1908.8750965395132
34689,1908.8750965395132
34690,1908.8750965395132
34691,1908.8750965395132
34692,1908.8750965395132
34693,1908.8750965395132
34694,1908.8750965395132
34695,1908.8750965395132
34696,1908.8750965395132
34697,1908.8750965395132
34698,1908.8750965395132
34699,1908.8750965395132
34700,1908.8750965395132
34701,1908.8750965395132
34702,1908.8750965395132
34703,1908.8750965395132
34704,1908.8750965395132
34705,1908.8750965395132
34706,1908.8750965395132
34707,1908.8750965395132
34708,1908.8750965395132
34709,1908.8750965395132
34710,1908.8750965395132
34711,1908.8750965395132
34712,1908.8750965395132
34713,1908.8750965395132
34714,1908.8750965395132
34715,1908.8750965395132
34716,1908.8750965395132
34717,1908.8750965395132
34718,1908.8750965395132
34719,1908.8750965395132
34720,1908.8750965395132
34721,1908.8750965395132
34722,1908.8750965395132
34723,1908.8750965395132
34724,1908.8750965395132
34725,1908.8750965395132
34726,1908.8750965395132
34727,1908.8750965395132
34728,1908.8750965395132
34729,1908.8750965395132
34730,1908.8750965395132
34731,1908.8750965395132
34732,1908.8750965395132
34733,1908.8750965395132
34734,1908.8750965395132
34735,1908.8750965395132
34736,1908.8750965395132
34737,1908.8750965395132
34738,1908.8750965395132
34739,1908.8750965395132
34740,1908.8750965395132
34741,1908.8750965395132
34742,1908.8750965395132
34743,1908.8750965395132
34744,1908.8750965395132
34745,1908.8750965395132
34746,1908.8750965395132
34747,1908.8750965395132
34748,1908.8750965395132
34749,1908.8750965395132
34750,1908.8750965395132
34751,1908.8750965395132
34752,1908.8750965395132
34753,1908.8750965395132
34754,1908.8750965395132
34755,1908.8750965395132
34756,1908.8750965395132
34757,1908.8750965395132
34758,1908.8750965395132
34759,1908.8750965395132
34760,1908.8750965395132
34761,1908.8750965395132
34762,1908.8750965395132
34763,1908.8750965395132
34764,1908.8750965395132
34765,1908.8750965395132
34766,1908.8750965395132
34767,1908.8750965395132
34768,1908.8750965395132
34769,1908.8750965395132
34770,1908.8750965395132
34771,1908.8750965395132
34772,1908.8750965395132
34773,1908.8750965395132
34774,1908.8750965395132
34775,1908.8750965395132
34776,1908.8750965395132
34777,1908.8750965395132
34778,1908.8750965395132
34779,1908.8750965395132
34780,1908.8750965395132
34781,1908.8750965395132
34782,1908.8750965395132
34783,1908.8750965395132
34784,1908.8750965395132
34785,1908.8750965395132
34786,1908.8750965395132
34787,1908.8750965395132
34788,1908.8750965395132
34789,1908.8750965395132
34790,1908.8750965395132
34791,1908.8750965395132
34792,1908.8750965395132
34793,1908.8750965395132
34794,1908.8750965395132
34795,1908.8750965395132
34796,1908.8750965395132
34797,1908.8750965395132
34798,1908.8750965395132
34799,1908.8750965395132
34800,1908.8750965395132
34801,1908.8750965395132
34802,1908.8750965395132
34803,1908.8750965395132
34804,1908.8750965395132
34805,1908.8750965395132
34806,1908.8750965395132
34807,1908.8750965395132
34808,1908.8750965395132
34809,1908.8750965395132
34810,1908.8750965395132
34811,1908.8750965395132
34812,1908.8750965395132
34813,1908.8750965395132
34814,1908.8750965395132
34815,1908.8750965395132
34816,1908.8750965395132
34817,1908.8750965395132
34818,1908.8750965395132
34819,1908.8750965395132
34820,1908.8750965395132
34821,1908.8750965395132
34822,1908.8750965395132
34823,1908.8750965395132
34824,1908.8750965395132
34825,1908.8750965395132
34826,1908.8750965395132
34827,1908.8750965395132
34828,1908.8750965395132
34829,1908.8750965395132
34830,1908.8750965395132
34831,1908.8750965395132
34832,1908.8750965395132
34833,1908.8750965395132
34834,1908.8750965395132
34835,1908.8750965395132
34836,1908.8750965395132
34837,1908.8750965395132
34838,1908.8750965395132
34839,1908.8750965395132
34840,1908.8750965395132
34841,1908.8750965395132
34842,1908.8750965395132
34843,1908.8750965395132
34844,1908.8750965395132
34845,1908.8750965395132
34846,1908.8750965395132
34847,1908.8750965395132
34848,1908.8750965395132
34849,1908.8750965395132
34850,1908.8750965395132
34851,1908.8750965395132
34852,1908.8750965395132
34853,1908.8750965395132
34854,1908.8750965395132
34855,1908.8750965395132
34856,1908.8750965395132
34857,1908.8750965395132
34858,1908.8750965395132
34859,1908.8750965395132
34860,1908.8750965395132
34861,1908.8750965395132
34862,1908.8750965395132
34863,1908.8750965395132
34864,1908.8750965395132
34865,1908.8750965395132
34866,1908.8750965395132
34867,1908.8750965395132
34868,1908.8750965395132
34869,1908.8750965395132
34870,1908.8750965395132
34871,1908.8750965395132
34872,1908.8750965395132
34873,1908.8750965395132
34874,1908.8750965395132
34875,1908.8750965395132
34876,1908.8750965395132
34877,1908.8750965395132
34878,1908.8750965395132
34879,1908.8750965395132
34880,1908.8750965395132
34881,1908.8750965395132
34882,1908.8750965395132
34883,1908.8750965395132
34884,1908.8750965395132
34885,1908.8750965395132
34886,1908.8750965395132
34887,1908.8750965395132
34888,1908.8750965395132
34889,1908.8750965395132
34890,1908.8750965395132
34891,1908.8750965395132
34892,1908.8750965395132
34893,1908.8750965395132
34894,1908.8750965395132
34895,1908.8750965395132
34896,1908.8750965395132
34897,1908.8750965395132
34898,1908.8750965395132
34899,1908.8750965395132
34900,1908.8750965395132
34901,1908.8750965395132
34902,1908.8750965395132
34903,1908.8750965395132
34904,1908.8750965395132
34905,1908.8750965395132
34906,1908.8750965395132
34907,1908.8750965395132
34908,1908.8750965395132
34909,1908.8750965395132
34910,1908.8750965395132
34911,1908.8750965395132
34912,1908.8750965395132
34913,1908.8750965395132
34914,1908.8750965395132
34915,1908.8750965395132
34916,1908.8750965395132
34917,1908.8750965395132
34918,1908.8750965395132
34919,1908.8750965395132
34920,1908.8750965395132
34921,1908.8750965395132
34922,1908.8750965395132
34923,1908.8750965395132
34924,1908.8750965395132
34925,1908.8750965395132
34926,1908.8750965395132
34927,1908.8750965395132
34928,1908.8750965395132
34929,1908.8750965395132
34930,1908.8750965395132
34931,1908.8750965395132
34932,1908.8750965395132
34933,1908.8750965395132
34934,1908.8750965395132
34935,1908.8750965395132
34936,1908.8750965395132
34937,1908.8750965395132
34938,1908.8750965395132
34939,1908.8750965395132
34940,1908.8750965395132
34941,1908.8750965395132
34942,1908.8750965395132
34943,1908.8750965395132
34944,1908.8750965395132
34945,1908.8750965395132
34946,1908.8750965395132
34947,1908.8750965395132
34948,1908.8750965395132
34949,1908.8750965395132
34950,1908.8750965395132
34951,1908.8750965395132
34952,1908.8750965395132
34953,1908.8750965395132
34954,1908.8750965395132
34955,1908.8750965395132
34956,1908.8750965395132
34957,1908.8750965395132
34958,1908.8750965395132
34959,1908.8750965395132
34960,1908.8750965395132
34961,1908.8750965395132
34962,1908.8750965395132
34963,1908.8750965395132
34964,1908.8750965395132
34965,1908.8750965395132
34966,1908.8750965395132
34967,1908.8750965395132
34968,1908.8750965395132
34969,1908.8750965395132
34970,1908.8750965395132
34971,1908.8750965395132
34972,1908.8750965395132
34973,1908.8750965395132
34974,1908.8750965395132
34975,1908.8750965395132
34976,1908.8750965395132
34977,1908.8750965395132
34978,1908.8750965395132
34979,1908.8750965395132
34980,1908.8750965395132
34981,1908.8750965395132
34982,1908.8750965395132
34983,1908.8750965395132
34984,1908.8750965395132
34985,1908.8750965395132
34986,1908.8750965395132
34987,1908.8750965395132
34988,1908.8750965395132
34989,1908.8750965395132
34990,1908.8750965395132
34991,1908.8750965395132
34992,1908.8750965395132
34993,1908.8750965395132
34994,1908.8750965395132
34995,1908.8750965395132
34996,1908.8750965395132
34997,1908.8750965395132
34998,1908.8750965395132
34999,1908.8750965395132
35000,1908.8750965395132
35001,1908.8750965395132
35002,1908.8750965395132
35003,1908.8750965395132
35004,1908.8750965395132
35005,1908.8750965395132
35006,1908.8750965395132
35007,1908.8750965395132
35008,1908.8750965395132
35009,1908.8750965395132
35010,1908.8750965395132
35011,1908.8750965395132
35012,1908.8750965395132
35013,1908.8750965395132
35014,1908.8750965395132
35015,1908.8750965395132
35016,1908.8750965395132
35017,1908.8750965395132
35018,1908.8750965395132
35019,1908.8750965395132
35020,1908.8750965395132
35021,1908.8750965395132
35022,1908.8750965395132
35023,1908.8750965395132
35024,1908.8750965395132
35025,1908.8750965395132
35026,1908.8750965395132
35027,1908.8750965395132
35028,1908.8750965395132
35029,1908.8750965395132
35030,1908.8750965395132
35031,1908.8750965395132
35032,1908.8750965395132
35033,1908.8750965395132
35034,1908.8750965395132
35035,1908.8750965395132
35036,1908.8750965395132
35037,1908.8750965395132
35038,1908.8750965395132
35039,1908.8750965395132
35040,1908.8750965395132
35041,1908.8750965395132
35042,1908.8750965395132
35043,1908.8750965395132
35044,1908.8750965395132
35045,1908.8750965395132
35046,1908.8750965395132
35047,1908.8750965395132
35048,1908.8750965395132
35049,1908.8750965395132
35050,1908.8750965395132
35051,1908.8750965395132
35052,1908.8750965395132
35053,1908.8750965395132
35054,1908.8750965395132
35055,1908.8750965395132
35056,1908.8750965395132
35057,1908.8750965395132
35058,1908.8750965395132
35059,1908.8750965395132
35060,1908.8750965395132
35061,1908.8750965395132
35062,1908.8750965395132
35063,1908.8750965395132
35064,1908.8750965395132
35065,1908.8750965395132
35066,1908.8750965395132
35067,1908.8750965395132
35068,1908.8750965395132
35069,1908.8750965395132
35070,1908.8750965395132
35071,1908.8750965395132
35072,1908.8750965395132
35073,1908.8750965395132
35074,1908.8750965395132
35075,1908.8750965395132
35076,1908.8750965395132
35077,1908.8750965395132
35078,1908.8750965395132
35079,1908.8750965395132
35080,1908.8750965395132
35081,1908.8750965395132
35082,1908.8750965395132
35083,1908.8750965395132
35084,1908.8750965395132
35085,1908.8750965395132
35086,1908.8750965395132
35087,1908.8750965395132
35088,1908.8750965395132
35089,1908.8750965395132
35090,1908.8750965395132
35091,1908.8750965395132
35092,1908.8750965395132
35093,1908.8750965395132
35094,1908.8750965395132
35095,1908.8750965395132
35096,1908.8750965395132
35097,1908.8750965395132
35098,1908.8750965395132
35099,1908.8750965395132
35100,1908.8750965395132
35101,1908.8750965395132
35102,1908.8750965395132
35103,1908.8750965395132
35104,1908.8750965395132
35105,1908.8750965395132
35106,1908.8750965395132
35107,1908.8750965395132
35108,1908.8750965395132
35109,1908.8750965395132
35110,1908.8750965395132
35111,1908.8750965395132
35112,1908.8750965395132
35113,1908.8750965395132
35114,1908.8750965395132
35115,1908.8750965395132
35116,1908.8750965395132
35117,1908.8750965395132
35118,1908.8750965395132
35119,1908.8750965395132
35120,1908.8750965395132
35121,1908.8750965395132
35122,1908.8750965395132
35123,1908.8750965395132
35124,1908.8750965395132
35125,1908.8750965395132
35126,1908.8750965395132
35127,1908.8750965395132
35128,1908.8750965395132
35129,1908.8750965395132
35130,1908.8750965395132
35131,1908.8750965395132
35132,1908.8750965395132
35133,1908.8750965395132
35134,1908.8750965395132
35135,1908.8750965395132
35136,1908.8750965395132
35137,1908.8750965395132
35138,1908.8750965395132
35139,1908.8750965395132
35140,1908.8750965395132
35141,1908.8750965395132
35142,1908.8750965395132
35143,1908.8750965395132
35144,1908.8750965395132
35145,1908.8750965395132
35146,1908.8750965395132
35147,1908.8750965395132
35148,1908.8750965395132
35149,1908.8750965395132
35150,1908.8750965395132
35151,1908.8750965395132
35152,1908.8750965395132
35153,1908.8750965395132
35154,1908.8750965395132
35155,1908.8750965395132
35156,1908.8750965395132
35157,1908.8750965395132
35158,1908.8750965395132
35159,1908.8750965395132
35160,1908.8750965395132
35161,1908.8750965395132
35162,1908.8750965395132
35163,1908.8750965395132
35164,1908.8750965395132
35165,1908.8750965395132
35166,1908.8750965395132
35167,1908.8750965395132
35168,1908.8750965395132
35169,1908.8750965395132
35170,1908.8750965395132
35171,1908.8750965395132
35172,1908.8750965395132
35173,1908.8750965395132
35174,1908.8750965395132
35175,1908.8750965395132
35176,1908.8750965395132
35177,1908.8750965395132
35178,1908.8750965395132
35179,1908.8750965395132
35180,1908.8750965395132
35181,1908.8750965395132
35182,1908.8750965395132
35183,1908.8750965395132
35184,1908.8750965395132
35185,1908.8750965395132
35186,1908.8750965395132
35187,1908.8750965395132
35188,1908.8750965395132
35189,1908.8750965395132
35190,1908.8750965395132
35191,1908.8750965395132
35192,1908.8750965395132
35193,1908.8750965395132
35194,1908.8750965395132
35195,1908.8750965395132
35196,1908.8750965395132
35197,1908.8750965395132
35198,1908.8750965395132
35199,1908.8750965395132
35200,1908.8750965395132
35201,1908.8750965395132
35202,1908.8750965395132
35203,1908.8750965395132
35204,1908.8750965395132
35205,1908.8750965395132
35206,1908.8750965395132
35207,1908.8750965395132
35208,1908.8750965395132
35209,1908.8750965395132
35210,1908.8750965395132
35211,1908.8750965395132
35212,1908.8750965395132
35213,1908.8750965395132
35214,1908.8750965395132
35215,1908.8750965395132
35216,1908.8750965395132
35217,1908.8750965395132
35218,1908.8750965395132
35219,1908.8750965395132
35220,1908.8750965395132
35221,1908.8750965395132
35222,1908.8750965395132
35223,1908.8750965395132
35224,1908.8750965395132
35225,1908.8750965395132
35226,1908.8750965395132
35227,1908.8750965395132
35228,1908.8750965395132
35229,1908.8750965395132
35230,1908.8750965395132
35231,1908.8750965395132
35232,1908.8750965395132
35233,1908.8750965395132
35234,1908.8750965395132
35235,1908.8750965395132
35236,1908.8750965395132
35237,1908.8750965395132
35238,1908.8750965395132
35239,1908.8750965395132
35240,1908.8750965395132
35241,1908.8750965395132
35242,1908.8750965395132
35243,1908.8750965395132
35244,1908.8750965395132
35245,1908.8750965395132
35246,1908.8750965395132
35247,1908.8750965395132
35248,1908.8750965395132
35249,1908.8750965395132
35250,1908.8750965395132
35251,1908.8750965395132
35252,1908.8750965395132
35253,1908.8750965395132
35254,1908.8750965395132
35255,1908.8750965395132
35256,1908.8750965395132
35257,1908.8750965395132
35258,1908.8750965395132
35259,1908.8750965395132
35260,1908.8750965395132
35261,1908.8750965395132
35262,1908.8750965395132
35263,1908.8750965395132
35264,1908.8750965395132
35265,1908.8750965395132
35266,1908.8750965395132
35267,1908.8750965395132
35268,1908.8750965395132
35269,1908.8750965395132
35270,1908.8750965395132
35271,1908.8750965395132
35272,1908.8750965395132
35273,1908.8750965395132
35274,1908.8750965395132
35275,1908.8750965395132
35276,1908.8750965395132
35277,1908.8750965395132
35278,1908.8750965395132
35279,1908.8750965395132
35280,1908.8750965395132
35281,1908.8750965395132
35282,1908.8750965395132
35283,1908.8750965395132
35284,1908.8750965395132
35285,1908.8750965395132
35286,1908.8750965395132
35287,1908.8750965395132
35288,1908.8750965395132
35289,1908.8750965395132
35290,1908.8750965395132
35291,1908.8750965395132
35292,1908.8750965395132
35293,1908.8750965395132
35294,1908.8750965395132
35295,1908.8750965395132
35296,1908.8750965395132
35297,1908.8750965395132
35298,1908.8750965395132
35299,1908.8750965395132
35300,1908.8750965395132
35301,1908.8750965395132
35302,1908.8750965395132
35303,1908.8750965395132
35304,1908.8750965395132
35305,1908.8750965395132
35306,1908.8750965395132
35307,1908.8750965395132
35308,1908.8750965395132
35309,1908.8750965395132
35310,1908.8750965395132
35311,1908.8750965395132
35312,1908.8750965395132
35313,1908.8750965395132
35314,1908.8750965395132
35315,1908.8750965395132
35316,1908.8750965395132
35317,1908.8750965395132
35318,1908.8750965395132
35319,1908.8750965395132
35320,1908.8750965395132
35321,1908.8750965395132
35322,1908.8750965395132
35323,1908.8750965395132
35324,1908.8750965395132
35325,1908.8750965395132
35326,1908.8750965395132
35327,1908.8750965395132
35328,1908.8750965395132
35329,1908.8750965395132
35330,1908.8750965395132
35331,1908.8750965395132
35332,1908.8750965395132
35333,1908.8750965395132
35334,1908.8750965395132
35335,1908.8750965395132
35336,1908.8750965395132
35337,1908.8750965395132
35338,1908.8750965395132
35339,1908.8750965395132
35340,1908.8750965395132
35341,1908.8750965395132
35342,1908.8750965395132
35343,1908.8750965395132
35344,1908.8750965395132
35345,1908.8750965395132
35346,1908.8750965395132
35347,1908.8750965395132
35348,1908.8750965395132
35349,1908.8750965395132
35350,1908.8750965395132
35351,1908.8750965395132
35352,1908.8750965395132
35353,1908.8750965395132
35354,1908.8750965395132
35355,1908.8750965395132
35356,1908.8750965395132
35357,1908.8750965395132
35358,1908.8750965395132
35359,1908.8750965395132
35360,1908.8750965395132
35361,1908.8750965395132
35362,1908.8750965395132
35363,1908.8750965395132
35364,1908.8750965395132
35365,1908.8750965395132
35366,1908.8750965395132
35367,1908.8750965395132
35368,1908.8750965395132
35369,1908.8750965395132
35370,1908.8750965395132
35371,1908.8750965395132
35372,1908.8750965395132
35373,1908.8750965395132
35374,1908.8750965395132
35375,1908.8750965395132
35376,1908.8750965395132
35377,1908.8750965395132
35378,1908.8750965395132
35379,1908.8750965395132
35380,1908.8750965395132
35381,1908.8750965395132
35382,1908.8750965395132
35383,1908.8750965395132
35384,1908.8750965395132
35385,1908.8750965395132
35386,1908.8750965395132
35387,1908.8750965395132
35388,1908.8750965395132
35389,1908.8750965395132
35390,1908.8750965395132
35391,1908.8750965395132
35392,1908.8750965395132
35393,1908.8750965395132
35394,1908.8750965395132
35395,1908.8750965395132
35396,1908.8750965395132
35397,1908.8750965395132
35398,1908.8750965395132
35399,1908.8750965395132
35400,1908.8750965395132
35401,1908.8750965395132
35402,1908.8750965395132
35403,1908.8750965395132
35404,1908.8750965395132
35405,1908.8750965395132
35406,1908.8750965395132
35407,1908.8750965395132
35408,1908.8750965395132
35409,1908.8750965395132
35410,1908.8750965395132
35411,1908.8750965395132
35412,1908.8750965395132
35413,1908.8750965395132
35414,1908.8750965395132
35415,1908.8750965395132
35416,1908.8750965395132
35417,1908.8750965395132
35418,1908.8750965395132
35419,1908.8750965395132
35420,1908.8750965395132
35421,1908.8750965395132
35422,1908.8750965395132
35423,1908.8750965395132
35424,1908.8750965395132
35425,1908.8750965395132
35426,1908.8750965395132
35427,1908.8750965395132
35428,1908.8750965395132
35429,1908.8750965395132
35430,1908.8750965395132
35431,1908.8750965395132
35432,1908.8750965395132
35433,1908.8750965395132
35434,1908.8750965395132
35435,1908.8750965395132
35436,1908.8750965395132
35437,1908.8750965395132
35438,1908.8750965395132
35439,1908.8750965395132
35440,1908.8750965395132
35441,1908.8750965395132
35442,1908.8750965395132
35443,1908.8750965395132
35444,1908.8750965395132
35445,1908.8750965395132
35446,1908.8750965395132
35447,1908.8750965395132
35448,1908.8750965395132
35449,1908.8750965395132
35450,1908.8750965395132
35451,1908.8750965395132
35452,1908.8750965395132
35453,1908.8750965395132
35454,1908.8750965395132
35455,1908.8750965395132
35456,1908.8750965395132
35457,1908.8750965395132
35458,1908.8750965395132
35459,1908.8750965395132
35460,1908.8750965395132
35461,1908.8750965395132
35462,1908.8750965395132
35463,1908.8750965395132
35464,1908.8750965395132
35465,1908.8750965395132
35466,1908.8750965395132
35467,1908.8750965395132
35468,1908.8750965395132
35469,1908.8750965395132
35470,1908.8750965395132
35471,1908.8750965395132
35472,1908.8750965395132
35473,1908.8750965395132
35474,1908.8750965395132
35475,1908.8750965395132
35476,1908.8750965395132
35477,1908.8750965395132
35478,1908.8750965395132
35479,1908.8750965395132
35480,1908.8750965395132
35481,1908.8750965395132
35482,1908.8750965395132
35483,1908.8750965395132
35484,1908.8750965395132
35485,1908.8750965395132
35486,1908.8750965395132
35487,1908.8750965395132
35488,1908.8750965395132
35489,1908.8750965395132
35490,1908.8750965395132
35491,1908.8750965395132
35492,1908.8750965395132
35493,1908.8750965395132
35494,1908.8750965395132
35495,1908.8750965395132
35496,1908.8750965395132
35497,1908.8750965395132
35498,1908.8750965395132
35499,1908.8750965395132
35500,1908.8750965395132
35501,1908.8750965395132
35502,1908.8750965395132
35503,1908.8750965395132
35504,1908.8750965395132
35505,1908.8750965395132
35506,1908.8750965395132
35507,1908.8750965395132
35508,1908.8750965395132
35509,1908.8750965395132
35510,1908.8750965395132
35511,1908.8750965395132
35512,1908.8750965395132
35513,1908.8750965395132
35514,1908.8750965395132
35515,1908.8750965395132
35516,1908.8750965395132
35517,1908.8750965395132
35518,1908.8750965395132
35519,1908.8750965395132
35520,1908.8750965395132
35521,1908.8750965395132
35522,1908.8750965395132
35523,1908.8750965395132
35524,1908.8750965395132
35525,1908.8750965395132
35526,1908.8750965395132
35527,1908.8750965395132
35528,1908.8750965395132
35529,1908.8750965395132
35530,1908.8750965395132
35531,1908.8750965395132
35532,1908.8750965395132
35533,1908.8750965395132
35534,1908.8750965395132
35535,1908.8750965395132
35536,1908.8750965395132
35537,1908.8750965395132
35538,1908.8750965395132
35539,1908.8750965395132
35540,1908.8750965395132
35541,1908.8750965395132
35542,1908.8750965395132
35543,1908.8750965395132
35544,1908.8750965395132
35545,1908.8750965395132
35546,1908.8750965395132
35547,1908.8750965395132
35548,1908.8750965395132
35549,1908.8750965395132
35550,1908.8750965395132
35551,1908.8750965395132
35552,1908.8750965395132
35553,1908.8750965395132
35554,1908.8750965395132
35555,1908.8750965395132
35556,1908.8750965395132
35557,1908.8750965395132
35558,1908.8750965395132
35559,1908.8750965395132
35560,1908.8750965395132
35561,1908.8750965395132
35562,1908.8750965395132
35563,1908.8750965395132
35564,1908.8750965395132
35565,1908.8750965395132
35566,1908.8750965395132
35567,1908.8750965395132
35568,1908.8750965395132
35569,1908.8750965395132
35570,1908.8750965395132
35571,1908.8750965395132
35572,1908.8750965395132
35573,1908.8750965395132
35574,1908.8750965395132
35575,1908.8750965395132
35576,1908.8750965395132
35577,1908.8750965395132
35578,1908.8750965395132
35579,1908.8750965395132
35580,1908.8750965395132
35581,1908.8750965395132
35582,1908.8750965395132
35583,1908.8750965395132
35584,1908.8750965395132
35585,1908.8750965395132
35586,1908.8750965395132
35587,1908.8750965395132
35588,1908.8750965395132
35589,1908.8750965395132
35590,1908.8750965395132
35591,1908.8750965395132
35592,1908.8750965395132
35593,1908.8750965395132
35594,1908.8750965395132
35595,1908.8750965395132
35596,1908.8750965395132
35597,1908.8750965395132
35598,1908.8750965395132
35599,1908.8750965395132
35600,1908.8750965395132
35601,1908.8750965395132
35602,1908.8750965395132
35603,1908.8750965395132
35604,1908.8750965395132
35605,1908.8750965395132
35606,1908.8750965395132
35607,1908.8750965395132
35608,1908.8750965395132
35609,1908.8750965395132
35610,1908.8750965395132
35611,1908.8750965395132
35612,1908.8750965395132
35613,1908.8750965395132
35614,1908.8750965395132
35615,1908.8750965395132
35616,1908.8750965395132
35617,1908.8750965395132
35618,1908.8750965395132
35619,1908.8750965395132
35620,1908.8750965395132
35621,1908.8750965395132
35622,1908.8750965395132
35623,1908.8750965395132
35624,1896.7075772582132
35625,1896.7075772582132
35626,1896.7075772582132
35627,1896.7075772582132
35628,1896.7075772582132
35629,1896.7075772582132
35630,1896.7075772582132
35631,1896.7075772582132
35632,1896.7075772582132
35633,1896.7075772582132
35634,1896.7075772582132
35635,1896.7075772582132
35636,1896.7075772582132
35637,1896.7075772582132
35638,1896.7075772582132
35639,1896.7075772582132
35640,1896.7075772582132
35641,1896.7075772582132
35642,1896.7075772582132
35643,1896.7075772582132
35644,1896.7075772582132
35645,1896.7075772582132
35646,1896.7075772582132
35647,1896.7075772582132
35648,1896.7075772582132
35649,1896.7075772582132
35650,1896.7075772582132
35651,1896.7075772582132
35652,1896.7075772582132
35653,1896.7075772582132
35654,1896.7075772582132
35655,1896.7075772582132
35656,1896.7075772582132
35657,1896.7075772582132
35658,1896.7075772582132
35659,1896.7075772582132
35660,1896.7075772582132
35661,1896.7075772582132
35662,1896.7075772582132
35663,1896.7075772582132
35664,1896.7075772582132
35665,1896.7075772582132
35666,1896.7075772582132
35667,1896.7075772582132
35668,1896.7075772582132
35669,1896.7075772582132
35670,1896.7075772582132
35671,1896.7075772582132
35672,1896.7075772582132
35673,1896.7075772582132
35674,1896.7075772582132
35675,1896.7075772582132
35676,1896.7075772582132
35677,1896.7075772582132
35678,1896.7075772582132
35679,1896.7075772582132
35680,1896.7075772582132
35681,1896.7075772582132
35682,1896.7075772582132
35683,1896.7075772582132
35684,1896.7075772582132
35685,1896.7075772582132
35686,1896.7075772582132
35687,1896.7075772582132
35688,1896.7075772582132
35689,1896.7075772582132
35690,1896.7075772582132
35691,1896.7075772582132
35692,1896.7075772582132
35693,1896.7075772582132
35694,1896.7075772582132
35695,1896.7075772582132
35696,1896.7075772582132
35697,1896.7075772582132
35698,1896.7075772582132
35699,1896.7075772582132
35700,1896.7075772582132
35701,1896.7075772582132
35702,1896.7075772582132
35703,1896.7075772582132
35704,1896.7075772582132
35705,1896.7075772582132
35706,1896.7075772582132
35707,1896.7075772582132
35708,1896.7075772582132
35709,1896.7075772582132
35710,1896.7075772582132
35711,1896.7075772582132
35712,1896.7075772582132
35713,1896.7075772582132
35714,1896.7075772582132
35715,1896.7075772582132
35716,1896.7075772582132
35717,1896.7075772582132
35718,1896.7075772582132
35719,1896.7075772582132
35720,1896.7075772582132
35721,1896.7075772582132
35722,1896.7075772582132
35723,1896.7075772582132
35724,1896.7075772582132
35725,1896.7075772582132
35726,1896.7075772582132
35727,1896.7075772582132
35728,1896.7075772582132
35729,1896.7075772582132
35730,1896.7075772582132
35731,1896.7075772582132
35732,1896.7075772582132
35733,1896.7075772582132
35734,1896.7075772582132
35735,1896.7075772582132
35736,1896.7075772582132
35737,1896.7075772582132
35738,1896.7075772582132
35739,1896.7075772582132
35740,1896.7075772582132
35741,1896.7075772582132
35742,1896.7075772582132
35743,1896.7075772582132
35744,1896.7075772582132
35745,1896.7075772582132
35746,1896.7075772582132
35747,1896.7075772582132
35748,1896.7075772582132
35749,1896.7075772582132
35750,1896.7075772582132
35751,1896.7075772582132
35752,1896.7075772582132
35753,1896.7075772582132
35754,1896.7075772582132
35755,1896.7075772582132
35756,1896.7075772582132
35757,1896.7075772582132
35758,1896.7075772582132
35759,1896.7075772582132
35760,1896.7075772582132
35761,1896.7075772582132
35762,1896.7075772582132
35763,1896.7075772582132
35764,1896.7075772582132
35765,1892.2584584742335
35766,1892.2584584742335
35767,1892.2584584742335
35768,1892.2584584742335
35769,1892.2584584742335
35770,1892.2584584742335
35771,1892.2584584742335
35772,1892.2584584742335
35773,1892.2584584742335
35774,1892.2584584742335
35775,1892.2584584742335
35776,1892.2584584742335
35777,1892.2584584742335
35778,1892.2584584742335
35779,1892.2584584742335
35780,1892.2584584742335
35781,1892.2584584742335
35782,1892.2584584742335
35783,1892.2584584742335
35784,1892.2584584742335
35785,1892.2584584742335
35786,1892.2584584742335
35787,1892.2584584742335
35788,1892.2584584742335
35789,1892.2584584742335
35790,1892.2584584742335
35791,1892.2584584742335
35792,1892.2584584742335
35793,1892.2584584742335
35794,1892.2584584742335
35795,1892.2584584742335
35796,1892.2584584742335
35797,1892.2584584742335
35798,1892.2584584742335
35799,1892.2584584742335
35800,1892.2584584742335
35801,1892.2584584742335
35802,1892.2584584742335
35803,1892.2584584742335
35804,1892.2584584742335
35805,1892.2584584742335
35806,1892.2584584742335
35807,1892.2584584742335
35808,1892.2584584742335
35809,1892.2584584742335
35810,1892.2584584742335
35811,1892.2584584742335
35812,1892.2584584742335
35813,1892.2584584742335
35814,1892.2584584742335
35815,1892.2584584742335
35816,1892.2584584742335
35817,1892.2584584742335
35818,1892.2584584742335
35819,1892.2584584742335
35820,1892.2584584742335
35821,1892.2584584742335
35822,1892.2584584742335
35823,1892.2584584742335
35824,1892.2584584742335
35825,1892.2584584742335
35826,1892.2584584742335
35827,1892.2584584742335
35828,1892.2584584742335
35829,1892.2584584742335
35830,1892.2584584742335
35831,1892.2584584742335
35832,1892.2584584742335
35833,1892.2584584742335
35834,1892.2584584742335
35835,1892.2584584742335
35836,1892.2584584742335
35837,1892.2584584742335
35838,1892.2584584742335
35839,1892.2584584742335
35840,1892.2584584742335
35841,1892.2584584742335
35842,1892.2584584742335
35843,1892.2584584742335
35844,1892.2584584742335
35845,1892.2584584742335
35846,1892.2584584742335
35847,1892.2584584742335
35848,1892.2584584742335
35849,1892.2584584742335
35850,1892.2584584742335
35851,1892.2584584742335
35852,1892.2584584742335
35853,1892.2584584742335
35854,1892.2584584742335
35855,1892.2584584742335
35856,1892.2584584742335
35857,1892.2584584742335
35858,1892.2584584742335
35859,1892.2584584742335
35860,1892.2584584742335
35861,1892.2584584742335
35862,1892.2584584742335
35863,1892.2584584742335
35864,1892.2584584742335
35865,1892.2584584742335
35866,1892.2584584742335
35867,1892.2584584742335
35868,1892.2584584742335
35869,1892.2584584742335
35870,1892.2584584742335
35871,1892.2584584742335
35872,1892.2584584742335
35873,1892.2584584742335
35874,1892.2584584742335
35875,1892.2584584742335
35876,1892.2584584742335
35877,1892.2584584742335
35878,1892.2584584742335
35879,1892.2584584742335
35880,1892.2584584742335
35881,1892.2584584742335
35882,1892.2584584742335
35883,1892.2584584742335
35884,1892.2584584742335
35885,1892.2584584742335
35886,1892.2584584742335
35887,1892.2584584742335
35888,1892.2584584742335
35889,1892.2584584742335
35890,1892.2584584742335
35891,1892.2584584742335
35892,1892.2584584742335
35893,1892.2584584742335
35894,1892.2584584742335
35895,1892.2584584742335
35896,1892.2584584742335
35897,1892.2584584742335
35898,1892.2584584742335
35899,1892.2584584742335
35900,1892.2584584742335
35901,1892.2584584742335
35902,1892.2584584742335
35903,1892.2584584742335
35904,1892.2584584742335
35905,1892.2584584742335
35906,1892.2584584742335
35907,1892.2584584742335
35908,1892.2584584742335
35909,1892.2584584742335
35910,1892.2584584742335
35911,1892.2584584742335
35912,1892.2584584742335
35913,1892.2584584742335
35914,1892.2584584742335
35915,1892.2584584742335
35916,1892.2584584742335
35917,1892.2584584742335
35918,1892.2584584742335
35919,1892.2584584742335
35920,1892.2584584742335
35921,1892.2584584742335
35922,1892.2584584742335
35923,1892.2584584742335
35924,1892.2584584742335
35925,1892.2584584742335
35926,1892.2584584742335
35927,1892.2584584742335
35928,1892.2584584742335
35929,1892.2584584742335
35930,1892.2584584742335
35931,1892.2584584742335
35932,1892.2584584742335
35933,1892.2584584742335
35934,1892.2584584742335
35935,1892.2584584742335
35936,1892.2584584742335
35937,1892.2584584742335
35938,1892.2584584742335
35939,1892.2584584742335
35940,1892.2584584742335
35941,1892.2584584742335
35942,1892.2584584742335
35943,1892.2584584742335
35944,1892.2584584742335
35945,1892.2584584742335
35946,1892.2584584742335
35947,1892.2584584742335
35948,1892.2584584742335
35949,1892.2584584742335
35950,1892.2584584742335
35951,1892.2584584742335
35952,1892.2584584742335
35953,1892.2584584742335
35954,1892.2584584742335
35955,1892.2584584742335
35956,1892.2584584742335
35957,1892.2584584742335
35958,1892.2584584742335
35959,1892.2584584742335
35960,1892.2584584742335
35961,1892.2584584742335
35962,1892.2584584742335
35963,1892.2584584742335
35964,1892.2584584742335
35965,1892.2584584742335
35966,1892.2584584742335
35967,1892.2584584742335
35968,1892.2584584742335
35969,1892.2584584742335
35970,1892.2584584742335
35971,1892.2584584742335
35972,1892.2584584742335
35973,1892.2584584742335
35974,1892.2584584742335
35975,1892.2584584742335
35976,1892.2584584742335
35977,1892.2584584742335
35978,1892.2584584742335
35979,1892.2584584742335
35980,1892.2584584742335
35981,1892.2584584742335
35982,1892.2584584742335
35983,1892.2584584742335
35984,1892.2584584742335
35985,1892.2584584742335
35986,1892.2584584742335
35987,1892.2584584742335
35988,1892.2584584742335
35989,1892.2584584742335
35990,1892.2584584742335
35991,1892.2584584742335
35992,1892.2584584742335
35993,1892.2584584742335
35994,1892.2584584742335
35995,1892.2584584742335
35996,1892.2584584742335
35997,1892.2584584742335
35998,1892.2584584742335
35999,1892.2584584742335
36000,1892.2584584742335
36001,1892.2584584742335
36002,1892.2584584742335
36003,1892.2584584742335
36004,1892.2584584742335
36005,1892.2584584742335
36006,1892.2584584742335
36007,1892.2584584742335
36008,1892.2584584742335
36009,1892.2584584742335
36010,1892.2584584742335
36011,1892.2584584742335
36012,1892.2584584742335
36013,1892.2584584742335
36014,1892.2584584742335
36015,1892.2584584742335
36016,1892.2584584742335
36017,1892.2584584742335
36018,1892.2584584742335
36019,1892.2584584742335
36020,1892.2584584742335
36021,1892.2584584742335
36022,1892.2584584742335
36023,1892.2584584742335
36024,1892.2584584742335
36025,1892.2584584742335
36026,1892.2584584742335
36027,1892.2584584742335
36028,1892.2584584742335
36029,1892.2584584742335
36030,1892.2584584742335
36031,1892.2584584742335
36032,1892.2584584742335
36033,1892.2584584742335
36034,1892.2584584742335
36035,1892.2584584742335
36036,1892.2584584742335
36037,1892.2584584742335
36038,1892.2584584742335
36039,1892.2584584742335
36040,1892.2584584742335
36041,1892.2584584742335
36042,1892.2584584742335
36043,1892.2584584742335
36044,1892.2584584742335
36045,1892.2584584742335
36046,1892.2584584742335
36047,1892.2584584742335
36048,1892.2584584742335
36049,1892.2584584742335
36050,1892.2584584742335
36051,1892.2584584742335
36052,1892.2584584742335
36053,1892.2584584742335
36054,1892.2584584742335
36055,1892.2584584742335
36056,1892.2584584742335
36057,1892.2584584742335
36058,1892.2584584742335
36059,1892.2584584742335
36060,1892.2584584742335
36061,1892.2584584742335
36062,1892.2584584742335
36063,1892.2584584742335
36064,1892.2584584742335
36065,1892.2584584742335
36066,1892.2584584742335
36067,1892.2584584742335
36068,1892.2584584742335
36069,1892.2584584742335
36070,1892.2584584742335
36071,1892.2584584742335
36072,1892.2584584742335
36073,1892.2584584742335
36074,1892.2584584742335
36075,1892.2584584742335
36076,1892.2584584742335
36077,1892.2584584742335
36078,1892.2584584742335
36079,1892.2584584742335
36080,1892.2584584742335
36081,1892.2584584742335
36082,1892.2584584742335
36083,1892.2584584742335
36084,1892.2584584742335
36085,1892.2584584742335
36086,1892.2584584742335
36087,1892.2584584742335
36088,1892.2584584742335
36089,1892.2584584742335
36090,1892.2584584742335
36091,1892.2584584742335
36092,1892.2584584742335
36093,1892.2584584742335
36094,1892.2584584742335
36095,1892.2584584742335
36096,1892.2584584742335
36097,1892.2584584742335
36098,1892.2584584742335
36099,1892.2584584742335
36100,1892.2584584742335
36101,1892.2584584742335
36102,1892.2584584742335
36103,1892.2584584742335
36104,1892.2584584742335
36105,1892.2584584742335
36106,1892.2584584742335
36107,1892.2584584742335
36108,1892.2584584742335
36109,1892.2584584742335
36110,1892.2584584742335
36111,1892.2584584742335
36112,1892.2584584742335
36113,1892.2584584742335
36114,1892.2584584742335
36115,1892.2584584742335
36116,1892.2584584742335
36117,1892.2584584742335
36118,1892.2584584742335
36119,1892.2584584742335
36120,1892.2584584742335
36121,1892.2584584742335
36122,1892.2584584742335
36123,1892.2584584742335
36124,1892.2584584742335
36125,1892.2584584742335
36126,1892.2584584742335
36127,1892.2584584742335
36128,1892.2584584742335
36129,1892.2584584742335
36130,1892.2584584742335
36131,1892.2584584742335
36132,1892.2584584742335
36133,1892.2584584742335
36134,1892.2584584742335
36135,1892.2584584742335
36136,1892.2584584742335
36137,1892.2584584742335
36138,1892.2584584742335
36139,1892.2584584742335
36140,1892.2584584742335
36141,1892.2584584742335
36142,1892.2584584742335
36143,1892.2584584742335
36144,1892.2584584742335
36145,1892.2584584742335
36146,1892.2584584742335
36147,1892.2584584742335
36148,1892.2584584742335
36149,1892.2584584742335
36150,1892.2584584742335
36151,1892.2584584742335
36152,1892.2584584742335
36153,1892.2584584742335
36154,1892.2584584742335
36155,1892.2584584742335
36156,1892.2584584742335
36157,1892.2584584742335
36158,1892.2584584742335
36159,1892.2584584742335
36160,1892.2584584742335
36161,1892.2584584742335
36162,1892.2584584742335
36163,1892.2584584742335
36164,1892.2584584742335
36165,1892.2584584742335
36166,1892.2584584742335
36167,1892.2584584742335
36168,1892.2584584742335
36169,1892.2584584742335
36170,1892.2584584742335
36171,1892.2584584742335
36172,1892.2584584742335
36173,1892.2584584742335
36174,1892.2584584742335
36175,1892.2584584742335
36176,1892.2584584742335
36177,1892.2584584742335
36178,1892.2584584742335
36179,1892.2584584742335
36180,1892.2584584742335
36181,1892.2584584742335
36182,1892.2584584742335
36183,1892.2584584742335
36184,1892.2584584742335
36185,1892.2584584742335
36186,1892.2584584742335
36187,1892.2584584742335
36188,1892.2584584742335
36189,1892.2584584742335
36190,1892.2584584742335
36191,1892.2584584742335
36192,1892.2584584742335
36193,1892.2584584742335
36194,1892.2584584742335
36195,1892.2584584742335
36196,1892.2584584742335
36197,1892.2584584742335
36198,1892.2584584742335
36199,1892.2584584742335
36200,1892.2584584742335
36201,1892.2584584742335
36202,1892.2584584742335
36203,1892.2584584742335
36204,1892.2584584742335
36205,1892.2584584742335
36206,1892.2584584742335
36207,1892.2584584742335
36208,1892.2584584742335
36209,1892.2584584742335
36210,1892.2584584742335
36211,1892.2584584742335
36212,1892.2584584742335
36213,1892.2584584742335
36214,1892.2584584742335
36215,1892.2584584742335
36216,1892.2584584742335
36217,1892.2584584742335
36218,1892.2584584742335
36219,1892.2584584742335
36220,1892.2584584742335
36221,1892.2584584742335
36222,1892.2584584742335
36223,1892.2584584742335
36224,1892.2584584742335
36225,1892.2584584742335
36226,1892.2584584742335
36227,1892.2584584742335
36228,1892.2584584742335
36229,1892.2584584742335
36230,1892.2584584742335
36231,1892.2584584742335
36232,1892.2584584742335
36233,1892.2584584742335
36234,1892.2584584742335
36235,1892.2584584742335
36236,1892.2584584742335
36237,1892.2584584742335
36238,1892.2584584742335
36239,1892.2584584742335
36240,1892.2584584742335
36241,1892.2584584742335
36242,1892.2584584742335
36243,1892.2584584742335
36244,1892.2584584742335
36245,1892.2584584742335
36246,1892.2584584742335
36247,1892.2584584742335
36248,1892.2584584742335
36249,1892.2584584742335
36250,1892.2584584742335
36251,1892.2584584742335
36252,1892.2584584742335
36253,1892.2584584742335
36254,1892.2584584742335
36255,1892.2584584742335
36256,1892.2584584742335
36257,1892.2584584742335
36258,1892.2584584742335
36259,1892.2584584742335
36260,1892.2584584742335
36261,1892.2584584742335
36262,1892.2584584742335
36263,1892.2584584742335
36264,1892.2584584742335
36265,1892.2584584742335
36266,1892.2584584742335
36267,1892.2584584742335
36268,1892.2584584742335
36269,1892.2584584742335
36270,1892.2584584742335
36271,1892.2584584742335
36272,1892.2584584742335
36273,1892.2584584742335
36274,1892.2584584742335
36275,1892.2584584742335
36276,1892.2584584742335
36277,1892.2584584742335
36278,1892.2584584742335
36279,1892.2584584742335
36280,1892.2584584742335
36281,1892.2584584742335
36282,1892.2584584742335
36283,1892.2584584742335
36284,1892.2584584742335
36285,1892.2584584742335
36286,1892.2584584742335
36287,1892.2584584742335
36288,1892.2584584742335
36289,1892.2584584742335
36290,1892.2584584742335
36291,1892.2584584742335
36292,1892.2584584742335
36293,1892.2584584742335
36294,1892.2584584742335
36295,1892.2584584742335
36296,1892.2584584742335
36297,1892.2584584742335
36298,1892.2584584742335
36299,1892.2584584742335
36300,1892.2584584742335
36301,1892.2584584742335
36302,1892.2584584742335
36303,1892.2584584742335
36304,1892.2584584742335
36305,1892.2584584742335
36306,1892.2584584742335
36307,1892.2584584742335
36308,1892.2584584742335
36309,1892.2584584742335
36310,1892.2584584742335
36311,1892.2584584742335
36312,1892.2584584742335
36313,1892.2584584742335
36314,1892.2584584742335
36315,1892.2584584742335
36316,1892.2584584742335
36317,1892.2584584742335
36318,1892.2584584742335
36319,1892.2584584742335
36320,1892.2584584742335
36321,1892.2584584742335
36322,1892.2584584742335
36323,1892.2584584742335
36324,1892.2584584742335
36325,1892.2584584742335
36326,1892.2584584742335
36327,1892.2584584742335
36328,1892.2584584742335
36329,1892.2584584742335
36330,1892.2584584742335
36331,1892.2584584742335
36332,1892.2584584742335
36333,1892.2584584742335
36334,1892.2584584742335
36335,1892.2584584742335
36336,1892.2584584742335
36337,1892.2584584742335
36338,1892.2584584742335
36339,1892.2584584742335
36340,1892.2584584742335
36341,1892.2584584742335
36342,1892.2584584742335
36343,1892.2584584742335
36344,1892.2584584742335
36345,1892.2584584742335
36346,1892.2584584742335
36347,1892.2584584742335
36348,1892.2584584742335
36349,1892.2584584742335
36350,1892.2584584742335
36351,1892.2584584742335
36352,1892.2584584742335
36353,1892.2584584742335
36354,1892.2584584742335
36355,1892.2584584742335
36356,1892.2584584742335
36357,1892.2584584742335
36358,1892.2584584742335
36359,1892.2584584742335
36360,1892.2584584742335
36361,1892.2584584742335
36362,1892.2584584742335
36363,1892.2584584742335
36364,1892.2584584742335
36365,1892.2584584742335
36366,1892.2584584742335
36367,1892.2584584742335
36368,1892.2584584742335
36369,1892.2584584742335
36370,1892.2584584742335
36371,1892.2584584742335
36372,1892.2584584742335
36373,1892.2584584742335
36374,1892.2584584742335
36375,1892.2584584742335
36376,1892.2584584742335
36377,1892.2584584742335
36378,1892.2584584742335
36379,1892.2584584742335
36380,1892.2584584742335
36381,1892.2584584742335
36382,1892.2584584742335
36383,1892.2584584742335
36384,1892.2584584742335
36385,1892.2584584742335
36386,1892.2584584742335
36387,1892.2584584742335
36388,1892.2584584742335
36389,1892.2584584742335
36390,1892.2584584742335
36391,1892.2584584742335
36392,1892.2584584742335
36393,1892.2584584742335
36394,1892.2584584742335
36395,1892.2584584742335
36396,1892.2584584742335
36397,1892.2584584742335
36398,1892.2584584742335
36399,1892.2584584742335
36400,1892.2584584742335
36401,1892.2584584742335
36402,1892.2584584742335
36403,1892.2584584742335
36404,1892.2584584742335
36405,1892.2584584742335
36406,1892.2584584742335
36407,1892.2584584742335
36408,1892.2584584742335
36409,1892.2584584742335
36410,1892.2584584742335
36411,1892.2584584742335
36412,1892.2584584742335
36413,1892.2584584742335
36414,1892.2584584742335
36415,1892.2584584742335
36416,1892.2584584742335
36417,1892.2584584742335
36418,1892.2584584742335
36419,1892.2584584742335
36420,1892.2584584742335
36421,1892.2584584742335
36422,1892.2584584742335
36423,1892.2584584742335
36424,1892.2584584742335
36425,1892.2584584742335
36426,1892.2584584742335
36427,1892.2584584742335
36428,1892.2584584742335
36429,1892.2584584742335
36430,1892.2584584742335
36431,1892.2584584742335
36432,1892.2584584742335
36433,1892.2584584742335
36434,1892.2584584742335
36435,1892.2584584742335
36436,1892.2584584742335
36437,1892.2584584742335
36438,1892.2584584742335
36439,1892.2584584742335
36440,1892.2584584742335
36441,1892.2584584742335
36442,1892.2584584742335
36443,1892.2584584742335
36444,1892.2584584742335
36445,1892.2584584742335
36446,1892.2584584742335
36447,1892.2584584742335
36448,1892.2584584742335
36449,1892.2584584742335
36450,1892.2584584742335
36451,1892.2584584742335
36452,1892.2584584742335
36453,1892.2584584742335
36454,1892.2584584742335
36455,1892.2584584742335
36456,1892.2584584742335
36457,1892.2584584742335
36458,1892.2584584742335
36459,1892.2584584742335
36460,1892.2584584742335
36461,1892.2584584742335
36462,1892.2584584742335
36463,1892.2584584742335
36464,1892.2584584742335
36465,1892.2584584742335
36466,1892.2584584742335
36467,1892.2584584742335
36468,1892.2584584742335
36469,1892.2584584742335
36470,1892.2584584742335
36471,1892.2584584742335
36472,1892.2584584742335
36473,1892.2584584742335
36474,1892.2584584742335
36475,1892.2584584742335
36476,1892.2584584742335
36477,1892.2584584742335
36478,1892.2584584742335
36479,1892.2584584742335
36480,1892.2584584742335
36481,1892.2584584742335
36482,1892.2584584742335
36483,1892.2584584742335
36484,1892.2584584742335
36485,1892.2584584742335
36486,1892.2584584742335
36487,1892.2584584742335
36488,1892.2584584742335
36489,1892.2584584742335
36490,1892.2584584742335
36491,1892.2584584742335
36492,1892.2584584742335
36493,1892.2584584742335
36494,1892.2584584742335
36495,1892.2584584742335
36496,1892.2584584742335
36497,1892.2584584742335
36498,1892.2584584742335
36499,1892.2584584742335
36500,1892.2584584742335
36501,1892.2584584742335
36502,1892.2584584742335
36503,1892.2584584742335
36504,1892.2584584742335
36505,1892.2584584742335
36506,1892.2584584742335
36507,1892.2584584742335
36508,1892.2584584742335
36509,1892.2584584742335
36510,1892.2584584742335
36511,1892.2584584742335
36512,1892.2584584742335
36513,1892.2584584742335
36514,1892.2584584742335
36515,1892.2584584742335
36516,1892.2584584742335
36517,1892.2584584742335
36518,1892.2584584742335
36519,1892.2584584742335
36520,1892.2584584742335
36521,1892.2584584742335
36522,1892.2584584742335
36523,1892.2584584742335
36524,1892.2584584742335
36525,1892.2584584742335
36526,1892.2584584742335
36527,1892.2584584742335
36528,1892.2584584742335
36529,1892.2584584742335
36530,1892.2584584742335
36531,1892.2584584742335
36532,1892.2584584742335
36533,1892.2584584742335
36534,1892.2584584742335
36535,1892.2584584742335
36536,1892.2584584742335
36537,1892.2584584742335
36538,1892.2584584742335
36539,1892.2584584742335
36540,1892.2584584742335
36541,1892.2584584742335
36542,1892.2584584742335
36543,1892.2584584742335
36544,1892.2584584742335
36545,1892.2584584742335
36546,1892.2584584742335
36547,1892.2584584742335
36548,1892.2584584742335
36549,1892.2584584742335
36550,1892.2584584742335
36551,1892.2584584742335
36552,1892.2584584742335
36553,1892.2584584742335
36554,1892.2584584742335
36555,1892.2584584742335
36556,1892.2584584742335
36557,1892.2584584742335
36558,1892.2584584742335
36559,1892.2584584742335
36560,1892.2584584742335
36561,1892.2584584742335
36562,1892.2584584742335
36563,1892.2584584742335
36564,1892.2584584742335
36565,1892.2584584742335
36566,1892.2584584742335
36567,1892.2584584742335
36568,1892.2584584742335
36569,1892.2584584742335
36570,1892.2584584742335
36571,1892.2584584742335
36572,1892.2584584742335
36573,1892.2584584742335
36574,1892.2584584742335
36575,1892.2584584742335
36576,1892.2584584742335
36577,1892.2584584742335
36578,1892.2584584742335
36579,1892.2584584742335
36580,1892.2584584742335
36581,1892.2584584742335
36582,1892.2584584742335
36583,1892.2584584742335
36584,1892.2584584742335
36585,1892.2584584742335
36586,1892.2584584742335
36587,1892.2584584742335
36588,1892.2584584742335
36589,1892.2584584742335
36590,1892.2584584742335
36591,1892.2584584742335
36592,1892.2584584742335
36593,1892.2584584742335
36594,1892.2584584742335
36595,1892.2584584742335
36596,1892.2584584742335
36597,1892.2584584742335
36598,1892.2584584742335
36599,1892.2584584742335
36600,1892.2584584742335
36601,1892.2584584742335
36602,1892.2584584742335
36603,1892.2584584742335
36604,1892.2584584742335
36605,1892.2584584742335
36606,1892.2584584742335
36607,1892.2584584742335
36608,1892.2584584742335
36609,1892.2584584742335
36610,1892.2584584742335
36611,1892.2584584742335
36612,1892.2584584742335
36613,1892.2584584742335
36614,1892.2584584742335
36615,1892.2584584742335
36616,1892.2584584742335
36617,1892.2584584742335
36618,1892.2584584742335
36619,1892.2584584742335
36620,1892.2584584742335
36621,1892.2584584742335
36622,1892.2584584742335
36623,1892.2584584742335
36624,1892.2584584742335
36625,1892.2584584742335
36626,1892.2584584742335
36627,1892.2584584742335
36628,1892.2584584742335
36629,1892.2584584742335
36630,1892.2584584742335
36631,1892.2584584742335
36632,1892.2584584742335
36633,1892.2584584742335
36634,1892.2584584742335
36635,1892.2584584742335
36636,1892.2584584742335
36637,1892.2584584742335
36638,1892.2584584742335
36639,1892.2584584742335
36640,1892.2584584742335
36641,1892.2584584742335
36642,1892.2584584742335
36643,1892.2584584742335
36644,1892.2584584742335
36645,1892.2584584742335
36646,1892.2584584742335
36647,1892.2584584742335
36648,1892.2584584742335
36649,1892.2584584742335
36650,1892.2584584742335
36651,1892.2584584742335
36652,1892.2584584742335
36653,1892.2584584742335
36654,1892.2584584742335
36655,1892.2584584742335
36656,1892.2584584742335
36657,1892.2584584742335
36658,1892.2584584742335
36659,1892.2584584742335
36660,1892.2584584742335
36661,1892.2584584742335
36662,1892.2584584742335
36663,1892.2584584742335
36664,1880.625252856417
36665,1880.625252856417
36666,1880.625252856417
36667,1880.625252856417
36668,1880.625252856417
36669,1880.625252856417
36670,1880.625252856417
36671,1880.625252856417
36672,1880.625252856417
36673,1880.625252856417
36674,1880.625252856417
36675,1880.625252856417
36676,1880.625252856417
36677,1880.625252856417
36678,1880.625252856417
36679,1880.625252856417
36680,1880.625252856417
36681,1880.625252856417
36682,1880.625252856417
36683,1880.625252856417
36684,1880.625252856417
36685,1880.625252856417
36686,1880.625252856417
36687,1880.625252856417
36688,1880.625252856417
36689,1880.625252856417
36690,1880.625252856417
36691,1880.625252856417
36692,1880.625252856417
36693,1880.625252856417
36694,1880.625252856417
36695,1880.625252856417
36696,1880.625252856417
36697,1880.625252856417
36698,1880.625252856417
36699,1880.625252856417
36700,1880.625252856417
36701,1880.625252856417
36702,1880.625252856417
36703,1880.625252856417
36704,1880.625252856417
36705,1880.625252856417
36706,1880.625252856417
36707,1880.625252856417
36708,1880.625252856417
36709,1880.625252856417
36710,1880.625252856417
36711,1880.625252856417
36712,1880.625252856417
36713,1880.625252856417
36714,1880.625252856417
36715,1880.625252856417
36716,1880.625252856417
36717,1880.625252856417
36718,1880.625252856417
36719,1880.625252856417
36720,1880.625252856417
36721,1880.625252856417
36722,1880.625252856417
36723,1880.625252856417
36724,1880.625252856417
36725,1880.625252856417
36726,1880.625252856417
36727,1880.625252856417
36728,1880.625252856417
36729,1880.625252856417
36730,1880.625252856417
36731,1880.625252856417
36732,1880.625252856417
36733,1880.625252856417
36734,1880.625252856417
36735,1880.625252856417
36736,1880.625252856417
36737,1880.625252856417
36738,1880.625252856417
36739,1880.625252856417
36740,1880.625252856417
36741,1880.625252856417
36742,1880.625252856417
36743,1880.625252856417
36744,1880.625252856417
36745,1880.625252856417
36746,1880.625252856417
36747,1880.625252856417
36748,1880.625252856417
36749,1880.625252856417
36750,1880.625252856417
36751,1880.625252856417
36752,1880.625252856417
36753,1880.625252856417
36754,1880.625252856417
36755,1880.625252856417
36756,1880.625252856417
36757,1880.625252856417
36758,1880.625252856417
36759,1880.625252856417
36760,1880.625252856417
36761,1880.625252856417
36762,1880.625252856417
36763,1880.625252856417
36764,1880.625252856417
36765,1880.625252856417
36766,1880.625252856417
36767,1880.625252856417
36768,1880.625252856417
36769,1880.625252856417
36770,1880.625252856417
36771,1880.625252856417
36772,1880.625252856417
36773,1880.625252856417
36774,1880.625252856417
36775,1880.625252856417
36776,1880.625252856417
36777,1880.625252856417
36778,1880.625252856417
36779,1880.625252856417
36780,1880.625252856417
36781,1880.625252856417
36782,1880.625252856417
36783,1880.625252856417
36784,1880.625252856417
36785,1880.625252856417
36786,1880.625252856417
36787,1880.625252856417
36788,1880.625252856417
36789,1880.625252856417
36790,1880.625252856417
36791,1880.625252856417
36792,1880.625252856417
36793,1880.625252856417
36794,1880.625252856417
36795,1880.625252856417
36796,1880.625252856417
36797,1880.625252856417
36798,1880.625252856417
36799,1880.625252856417
36800,1880.625252856417
36801,1880.625252856417
36802,1880.625252856417
36803,1880.625252856417
36804,1880.625252856417
36805,1880.625252856417
36806,1880.625252856417
36807,1880.625252856417
36808,1880.625252856417
36809,1880.625252856417
36810,1880.625252856417
36811,1880.625252856417
36812,1880.625252856417
36813,1880.625252856417
36814,1880.625252856417
36815,1880.625252856417
36816,1880.625252856417
36817,1880.625252856417
36818,1880.625252856417
36819,1880.625252856417
36820,1880.625252856417
36821,1880.625252856417
36822,1880.625252856417
36823,1880.625252856417
36824,1880.625252856417
36825,1880.625252856417
36826,1880.625252856417
36827,1880.625252856417
36828,1880.625252856417
36829,1880.625252856417
36830,1880.625252856417
36831,1880.625252856417
36832,1880.625252856417
36833,1880.625252856417
36834,1880.625252856417
36835,1880.625252856417
36836,1880.625252856417
36837,1880.625252856417
36838,1880.625252856417
36839,1880.625252856417
36840,1880.625252856417
36841,1880.625252856417
36842,1880.625252856417
36843,1880.625252856417
36844,1880.625252856417
36845,1880.625252856417
36846,1880.625252856417
36847,1880.625252856417
36848,1880.625252856417
36849,1880.625252856417
36850,1880.625252856417
36851,1880.625252856417
36852,1880.625252856417
36853,1880.625252856417
36854,1880.625252856417
36855,1880.625252856417
36856,1880.625252856417
36857,1880.625252856417
36858,1880.625252856417
36859,1880.625252856417
36860,1880.625252856417
36861,1880.625252856417
36862,1880.625252856417
36863,1880.625252856417
36864,1880.625252856417
36865,1880.625252856417
36866,1880.625252856417
36867,1880.625252856417
36868,1880.625252856417
36869,1880.625252856417
36870,1880.625252856417
36871,1880.625252856417
36872,1880.625252856417
36873,1880.625252856417
36874,1880.625252856417
36875,1880.625252856417
36876,1880.625252856417
36877,1880.625252856417
36878,1880.625252856417
36879,1880.625252856417
36880,1880.625252856417
36881,1880.625252856417
36882,1880.625252856417
36883,1880.625252856417
36884,1880.625252856417
36885,1880.625252856417
36886,1880.625252856417
36887,1880.625252856417
36888,1880.625252856417
36889,1880.625252856417
36890,1880.625252856417
36891,1880.625252856417
36892,1880.625252856417
36893,1880.625252856417
36894,1880.625252856417
36895,1880.625252856417
36896,1880.625252856417
36897,1880.625252856417
36898,1880.625252856417
36899,1880.625252856417
36900,1880.625252856417
36901,1880.625252856417
36902,1880.625252856417
36903,1880.625252856417
36904,1880.625252856417
36905,1880.625252856417
36906,1880.625252856417
36907,1880.625252856417
36908,1880.625252856417
36909,1880.625252856417
36910,1880.625252856417
36911,1880.625252856417
36912,1880.625252856417
36913,1880.625252856417
36914,1880.625252856417
36915,1880.625252856417
36916,1880.625252856417
36917,1880.625252856417
36918,1880.625252856417
36919,1880.625252856417
36920,1880.625252856417
36921,1880.625252856417
36922,1880.625252856417
36923,1880.625252856417
36924,1880.625252856417
36925,1880.625252856417
36926,1880.625252856417
36927,1880.625252856417
36928,1880.625252856417
36929,1880.625252856417
36930,1880.625252856417
36931,1880.625252856417
36932,1880.625252856417
36933,1880.625252856417
36934,1880.625252856417
36935,1880.625252856417
36936,1880.625252856417
36937,1880.625252856417
36938,1880.625252856417
36939,1880.625252856417
36940,1880.625252856417
36941,1880.625252856417
36942,1880.625252856417
36943,1880.625252856417
36944,1880.625252856417
36945,1880.625252856417
36946,1880.625252856417
36947,1880.625252856417
36948,1880.625252856417
36949,1880.625252856417
36950,1880.625252856417
36951,1880.625252856417
36952,1880.625252856417
36953,1880.625252856417
36954,1880.625252856417
36955,1880.625252856417
36956,1880.625252856417
36957,1880.625252856417
36958,1880.625252856417
36959,1880.625252856417
36960,1880.625252856417
36961,1880.625252856417
36962,1880.625252856417
36963,1880.625252856417
36964,1880.625252856417
36965,1880.625252856417
36966,1880.625252856417
36967,1880.625252856417
36968,1880.625252856417
36969,1880.625252856417
36970,1880.625252856417
36971,1880.625252856417
36972,1880.625252856417
36973,1880.625252856417
36974,1880.625252856417
36975,1880.625252856417
36976,1880.625252856417
36977,1880.625252856417
36978,1880.625252856417
36979,1880.625252856417
36980,1880.625252856417
36981,1880.625252856417
36982,1880.625252856417
36983,1880.625252856417
36984,1880.625252856417
36985,1880.625252856417
36986,1880.625252856417
36987,1880.625252856417
36988,1880.625252856417
36989,1880.625252856417
36990,1880.625252856417
36991,1880.625252856417
36992,1880.625252856417
36993,1880.625252856417
36994,1880.625252856417
36995,1880.625252856417
36996,1880.625252856417
36997,1880.625252856417
36998,1880.625252856417
36999,1880.625252856417
37000,1880.625252856417
37001,1880.625252856417
37002,1880.625252856417
37003,1880.625252856417
37004,1880.625252856417
37005,1880.625252856417
37006,1880.625252856417
37007,1880.625252856417
37008,1880.625252856417
37009,1880.625252856417
37010,1880.625252856417
37011,1880.625252856417
37012,1880.625252856417
37013,1880.625252856417
37014,1880.625252856417
37015,1880.625252856417
37016,1880.625252856417
37017,1880.625252856417
37018,1880.625252856417
37019,1880.625252856417
37020,1880.625252856417
37021,1880.625252856417
37022,1880.625252856417
37023,1880.625252856417
37024,1880.625252856417
37025,1880.625252856417
37026,1880.625252856417
37027,1880.625252856417
37028,1880.625252856417
37029,1880.625252856417
37030,1880.625252856417
37031,1880.625252856417
37032,1880.625252856417
37033,1880.625252856417
37034,1880.625252856417
37035,1880.625252856417
37036,1880.625252856417
37037,1880.625252856417
37038,1880.625252856417
37039,1880.625252856417
37040,1880.625252856417
37041,1880.625252856417
37042,1880.625252856417
37043,1880.625252856417
37044,1880.625252856417
37045,1880.625252856417
37046,1880.625252856417
37047,1880.625252856417
37048,1880.625252856417
37049,1880.625252856417
37050,1880.625252856417
37051,1880.625252856417
37052,1880.625252856417
37053,1880.625252856417
37054,1880.625252856417
37055,1880.625252856417
37056,1880.625252856417
37057,1880.625252856417
37058,1880.625252856417
37059,1880.625252856417
37060,1880.625252856417
37061,1880.625252856417
37062,1880.625252856417
37063,1880.625252856417
37064,1880.625252856417
37065,1880.625252856417
37066,1880.625252856417
37067,1880.625252856417
37068,1880.625252856417
37069,1880.625252856417
37070,1880.625252856417
37071,1880.625252856417
37072,1880.625252856417
37073,1880.625252856417
37074,1880.625252856417
37075,1880.625252856417
37076,1880.625252856417
37077,1880.625252856417
37078,1880.625252856417
37079,1880.625252856417
37080,1880.625252856417
37081,1880.625252856417
37082,1880.625252856417
37083,1880.625252856417
37084,1880.625252856417
37085,1880.625252856417
37086,1880.625252856417
37087,1880.625252856417
37088,1880.625252856417
37089,1880.625252856417
37090,1880.625252856417
37091,1880.625252856417
37092,1880.625252856417
37093,1880.625252856417
37094,1880.625252856417
37095,1880.625252856417
37096,1880.625252856417
37097,1880.625252856417
37098,1880.625252856417
37099,1880.625252856417
37100,1880.625252856417
37101,1880.625252856417
37102,1880.625252856417
37103,1880.625252856417
37104,1880.625252856417
37105,1880.625252856417
37106,1880.625252856417
37107,1880.625252856417
37108,1880.625252856417
37109,1880.625252856417
37110,1880.625252856417
37111,1880.625252856417
37112,1880.625252856417
37113,1880.625252856417
37114,1880.625252856417
37115,1880.625252856417
37116,1880.625252856417
37117,1880.625252856417
37118,1880.625252856417
37119,1880.625252856417
37120,1880.625252856417
37121,1880.625252856417
37122,1880.625252856417
37123,1880.625252856417
37124,1880.625252856417
37125,1880.625252856417
37126,1880.625252856417
37127,1880.625252856417
37128,1880.625252856417
37129,1880.625252856417
37130,1880.625252856417
37131,1880.625252856417
37132,1880.625252856417
37133,1880.625252856417
37134,1880.625252856417
37135,1880.625252856417
37136,1880.625252856417
37137,1880.625252856417
37138,1880.625252856417
37139,1880.625252856417
37140,1880.625252856417
37141,1880.625252856417
37142,1880.625252856417
37143,1880.625252856417
37144,1880.625252856417
37145,1880.625252856417
37146,1880.625252856417
37147,1880.625252856417
37148,1880.625252856417
37149,1880.625252856417
37150,1880.625252856417
37151,1880.625252856417
37152,1880.625252856417
37153,1880.625252856417
37154,1880.625252856417
37155,1880.625252856417
37156,1880.625252856417
37157,1880.625252856417
37158,1880.625252856417
37159,1880.625252856417
37160,1880.625252856417
37161,1880.625252856417
37162,1880.625252856417
37163,1880.625252856417
37164,1880.625252856417
37165,1880.625252856417
37166,1880.625252856417
37167,1880.625252856417
37168,1880.625252856417
37169,1880.625252856417
37170,1880.625252856417
37171,1880.625252856417
37172,1880.625252856417
37173,1880.625252856417
37174,1880.625252856417
37175,1880.625252856417
37176,1880.625252856417
37177,1880.625252856417
37178,1880.625252856417
37179,1880.625252856417
37180,1880.625252856417
37181,1880.625252856417
37182,1880.625252856417
37183,1880.625252856417
37184,1880.625252856417
37185,1880.625252856417
37186,1880.625252856417
37187,1880.625252856417
37188,1880.625252856417
37189,1880.625252856417
37190,1880.625252856417
37191,1880.625252856417
37192,1880.625252856417
37193,1880.625252856417
37194,1880.625252856417
37195,1880.625252856417
37196,1880.625252856417
37197,1880.625252856417
37198,1880.625252856417
37199,1880.625252856417
37200,1880.625252856417
37201,1880.625252856417
37202,1880.625252856417
37203,1880.625252856417
37204,1880.625252856417
37205,1880.625252856417
37206,1880.625252856417
37207,1880.625252856417
37208,1880.625252856417
37209,1880.625252856417
37210,1880.625252856417
37211,1880.625252856417
37212,1880.625252856417
37213,1880.625252856417
37214,1880.625252856417
37215,1880.625252856417
37216,1880.625252856417
37217,1880.625252856417
37218,1880.625252856417
37219,1880.625252856417
37220,1880.625252856417
37221,1880.625252856417
37222,1880.625252856417
37223,1880.625252856417
37224,1880.625252856417
37225,1880.625252856417
37226,1880.625252856417
37227,1880.625252856417
37228,1880.625252856417
37229,1880.625252856417
37230,1880.625252856417
37231,1880.625252856417
37232,1880.625252856417
37233,1880.625252856417
37234,1880.625252856417
37235,1880.625252856417
37236,1880.625252856417
37237,1880.625252856417
37238,1880.625252856417
37239,1880.625252856417
37240,1880.625252856417
37241,1880.625252856417
37242,1880.625252856417
37243,1880.625252856417
37244,1880.625252856417
37245,1880.625252856417
37246,1880.625252856417
37247,1880.625252856417
37248,1880.625252856417
37249,1880.625252856417
37250,1880.625252856417
37251,1880.625252856417
37252,1880.625252856417
37253,1880.625252856417
37254,1880.625252856417
37255,1880.625252856417
37256,1880.625252856417
37257,1880.625252856417
37258,1880.625252856417
37259,1880.625252856417
37260,1880.625252856417
37261,1880.625252856417
37262,1880.625252856417
37263,1880.625252856417
37264,1880.625252856417
37265,1880.625252856417
37266,1880.625252856417
37267,1880.625252856417
37268,1880.625252856417
37269,1880.625252856417
37270,1880.625252856417
37271,1880.625252856417
37272,1880.625252856417
37273,1880.625252856417
37274,1880.625252856417
37275,1880.625252856417
37276,1880.625252856417
37277,1880.625252856417
37278,1880.625252856417
37279,1880.625252856417
37280,1880.625252856417
37281,1880.625252856417
37282,1880.625252856417
37283,1880.625252856417
37284,1880.625252856417
37285,1880.625252856417
37286,1880.625252856417
37287,1880.625252856417
37288,1880.625252856417
37289,1880.625252856417
37290,1880.625252856417
37291,1880.625252856417
37292,1880.625252856417
37293,1880.625252856417
37294,1880.625252856417
37295,1880.625252856417
37296,1880.625252856417
37297,1880.625252856417
37298,1880.625252856417
37299,1880.625252856417
37300,1880.625252856417
37301,1880.625252856417
37302,1880.625252856417
37303,1880.625252856417
37304,1880.625252856417
37305,1880.625252856417
37306,1880.625252856417
37307,1880.625252856417
37308,1880.625252856417
37309,1880.625252856417
37310,1880.625252856417
37311,1880.625252856417
37312,1880.625252856417
37313,1880.625252856417
37314,1880.625252856417
37315,1880.625252856417
37316,1880.625252856417
37317,1880.625252856417
37318,1880.625252856417
37319,1880.625252856417
37320,1880.625252856417
37321,1880.625252856417
37322,1880.625252856417
37323,1880.625252856417
37324,1880.625252856417
37325,1880.625252856417
37326,1880.625252856417
37327,1880.625252856417
37328,1880.625252856417
37329,1880.625252856417
37330,1880.625252856417
37331,1880.625252856417
37332,1880.625252856417
37333,1880.625252856417
37334,1880.625252856417
37335,1880.625252856417
37336,1880.625252856417
37337,1880.625252856417
37338,1880.625252856417
37339,1880.625252856417
37340,1880.625252856417
37341,1880.625252856417
37342,1880.625252856417
37343,1880.625252856417
37344,1880.625252856417
37345,1880.625252856417
37346,1880.625252856417
37347,1880.625252856417
37348,1880.625252856417
37349,1880.625252856417
37350,1880.625252856417
37351,1880.625252856417
37352,1880.625252856417
37353,1880.625252856417
37354,1880.625252856417
37355,1880.625252856417
37356,1880.625252856417
37357,1880.625252856417
37358,1880.625252856417
37359,1880.625252856417
37360,1880.625252856417
37361,1880.625252856417
37362,1880.625252856417
37363,1880.625252856417
37364,1880.625252856417
37365,1880.625252856417
37366,1880.625252856417
37367,1880.625252856417
37368,1880.625252856417
37369,1880.625252856417
37370,1880.625252856417
37371,1880.625252856417
37372,1880.625252856417
37373,1880.625252856417
37374,1880.625252856417
37375,1880.625252856417
37376,1880.625252856417
37377,1880.625252856417
37378,1880.625252856417
37379,1880.625252856417
37380,1880.625252856417
37381,1880.625252856417
37382,1880.625252856417
37383,1880.625252856417
37384,1880.625252856417
37385,1880.625252856417
37386,1880.625252856417
37387,1880.625252856417
37388,1880.625252856417
37389,1880.625252856417
37390,1880.625252856417
37391,1880.625252856417
37392,1880.625252856417
37393,1880.625252856417
37394,1880.625252856417
37395,1880.625252856417
37396,1880.625252856417
37397,1880.625252856417
37398,1880.625252856417
37399,1880.625252856417
37400,1880.625252856417
37401,1880.625252856417
37402,1880.625252856417
37403,1880.625252856417
37404,1880.625252856417
37405,1880.625252856417
37406,1880.625252856417
37407,1880.625252856417
37408,1880.625252856417
37409,1880.625252856417
37410,1880.625252856417
37411,1880.625252856417
37412,1880.625252856417
37413,1880.625252856417
37414,1880.625252856417
37415,1880.625252856417
37416,1880.625252856417
37417,1880.625252856417
37418,1880.625252856417
37419,1880.625252856417
37420,1880.625252856417
37421,1880.625252856417
37422,1880.625252856417
37423,1880.625252856417
37424,1880.625252856417
37425,1880.625252856417
37426,1880.625252856417
37427,1880.625252856417
37428,1880.625252856417
37429,1880.625252856417
37430,1880.625252856417
37431,1880.625252856417
37432,1880.625252856417
37433,1880.625252856417
37434,1880.625252856417
37435,1880.625252856417
37436,1880.625252856417
37437,1880.625252856417
37438,1880.625252856417
37439,1880.625252856417
37440,1880.625252856417
37441,1880.625252856417
37442,1880.625252856417
37443,1880.625252856417
37444,1880.625252856417
37445,1880.625252856417
37446,1880.625252856417
37447,1880.625252856417
37448,1880.625252856417
37449,1880.625252856417
37450,1880.625252856417
37451,1880.625252856417
37452,1880.625252856417
37453,1880.625252856417
37454,1880.625252856417
37455,1880.625252856417
37456,1880.625252856417
37457,1880.625252856417
37458,1880.625252856417
37459,1880.625252856417
37460,1880.625252856417
37461,1880.625252856417
37462,1880.625252856417
37463,1880.625252856417
37464,1880.625252856417
37465,1880.625252856417
37466,1880.625252856417
37467,1880.625252856417
37468,1880.625252856417
37469,1880.625252856417
37470,1880.625252856417
37471,1880.625252856417
37472,1880.625252856417
37473,1880.625252856417
37474,1880.625252856417
37475,1880.625252856417
37476,1880.625252856417
37477,1880.625252856417
37478,1880.625252856417
37479,1880.625252856417
37480,1880.625252856417
37481,1880.625252856417
37482,1880.625252856417
37483,1880.625252856417
37484,1880.625252856417
37485,1880.625252856417
37486,1880.625252856417
37487,1880.625252856417
37488,1880.625252856417
37489,1880.625252856417
37490,1880.625252856417
37491,1880.625252856417
37492,1880.625252856417
37493,1880.625252856417
37494,1880.625252856417
37495,1880.625252856417
37496,1880.625252856417
37497,1880.625252856417
37498,1880.625252856417
37499,1880.625252856417
37500,1880.625252856417
37501,1880.625252856417
37502,1880.625252856417
37503,1880.625252856417
37504,1880.625252856417
37505,1880.625252856417
37506,1880.625252856417
37507,1880.625252856417
37508,1880.625252856417
37509,1880.625252856417
37510,1880.625252856417
37511,1880.625252856417
37512,1880.625252856417
37513,1880.625252856417
37514,1880.625252856417
37515,1880.625252856417
37516,1880.625252856417
37517,1880.625252856417
37518,1880.625252856417
37519,1880.625252856417
37520,1880.625252856417
37521,1880.625252856417
37522,1880.625252856417
37523,1880.625252856417
37524,1880.625252856417
37525,1880.625252856417
37526,1880.625252856417
37527,1880.625252856417
37528,1880.625252856417
37529,1880.625252856417
37530,1880.625252856417
37531,1880.625252856417
37532,1880.625252856417
37533,1880.625252856417
37534,1880.625252856417
37535,1880.625252856417
37536,1880.625252856417
37537,1880.625252856417
37538,1880.625252856417
37539,1880.625252856417
37540,1880.625252856417
37541,1880.625252856417
37542,1880.625252856417
37543,1880.625252856417
37544,1880.625252856417
37545,1880.625252856417
37546,1880.625252856417
37547,1880.625252856417
37548,1880.625252856417
37549,1880.625252856417
37550,1880.625252856417
37551,1880.625252856417
37552,1880.625252856417
37553,1880.625252856417
37554,1880.625252856417
37555,1880.625252856417
37556,1880.625252856417
37557,1880.625252856417
37558,1880.625252856417
37559,1880.625252856417
37560,1880.625252856417
37561,1880.625252856417
37562,1880.625252856417
37563,1880.625252856417
37564,1880.625252856417
37565,1880.625252856417
37566,1880.625252856417
37567,1880.625252856417
37568,1880.625252856417
37569,1880.625252856417
37570,1880.625252856417
37571,1880.625252856417
37572,1880.625252856417
37573,1880.625252856417
37574,1880.625252856417
37575,1880.625252856417
37576,1880.625252856417
37577,1880.625252856417
37578,1880.625252856417
37579,1880.625252856417
37580,1880.625252856417
37581,1880.625252856417
37582,1880.625252856417
37583,1880.625252856417
37584,1880.625252856417
37585,1880.625252856417
37586,1880.625252856417
37587,1880.625252856417
37588,1880.625252856417
37589,1880.625252856417
37590,1880.625252856417
37591,1880.625252856417
37592,1880.625252856417
37593,1880.625252856417
37594,1880.625252856417
37595,1880.625252856417
37596,1880.625252856417
37597,1880.625252856417
37598,1880.625252856417
37599,1880.625252856417
37600,1880.625252856417
37601,1880.625252856417
37602,1880.625252856417
37603,1880.625252856417
37604,1880.625252856417
37605,1880.625252856417
37606,1880.625252856417
37607,1880.625252856417
37608,1880.625252856417
37609,1880.625252856417
37610,1880.625252856417
37611,1880.625252856417
37612,1880.625252856417
37613,1880.625252856417
37614,1880.625252856417
37615,1880.625252856417
37616,1880.625252856417
37617,1880.625252856417
37618,1880.625252856417
37619,1880.625252856417
37620,1880.625252856417
37621,1880.625252856417
37622,1880.625252856417
37623,1880.625252856417
37624,1880.625252856417
37625,1880.625252856417
37626,1880.625252856417
37627,1880.625252856417
37628,1880.625252856417
37629,1880.625252856417
37630,1880.625252856417
37631,1880.625252856417
37632,1880.625252856417
37633,1880.625252856417
37634,1880.625252856417
37635,1880.625252856417
37636,1880.625252856417
37637,1880.625252856417
37638,1880.625252856417
37639,1880.625252856417
37640,1880.625252856417
37641,1880.625252856417
37642,1880.625252856417
37643,1880.625252856417
37644,1880.625252856417
37645,1880.625252856417
37646,1880.625252856417
37647,1880.625252856417
37648,1880.625252856417
37649,1880.625252856417
37650,1880.625252856417
37651,1880.625252856417
37652,1880.625252856417
37653,1880.625252856417
37654,1880.625252856417
37655,1880.625252856417
37656,1880.625252856417
37657,1880.625252856417
37658,1880.625252856417
37659,1880.625252856417
37660,1880.625252856417
37661,1880.625252856417
37662,1880.625252856417
37663,1880.625252856417
37664,1880.625252856417
37665,1880.625252856417
37666,1880.625252856417
37667,1880.625252856417
37668,1880.625252856417
37669,1880.625252856417
37670,1880.625252856417
37671,1880.625252856417
37672,1880.625252856417
37673,1880.625252856417
37674,1880.625252856417
37675,1880.625252856417
37676,1880.625252856417
37677,1880.625252856417
37678,1880.625252856417
37679,1880.625252856417
37680,1880.625252856417
37681,1880.625252856417
37682,1880.625252856417
37683,1880.625252856417
37684,1880.625252856417
37685,1880.625252856417
37686,1880.625252856417
37687,1880.625252856417
37688,1880.625252856417
37689,1880.625252856417
37690,1880.625252856417
37691,1880.625252856417
37692,1880.625252856417
37693,1880.625252856417
37694,1880.625252856417
37695,1880.625252856417
37696,1880.625252856417
37697,1880.625252856417
37698,1880.625252856417
37699,1880.625252856417
37700,1880.625252856417
37701,1880.625252856417
37702,1880.625252856417
37703,1880.625252856417
37704,1880.625252856417
37705,1880.625252856417
37706,1880.625252856417
37707,1880.625252856417
37708,1880.625252856417
37709,1880.625252856417
37710,1880.625252856417
37711,1880.625252856417
37712,1880.625252856417
37713,1880.625252856417
37714,1880.625252856417
37715,1880.625252856417
37716,1880.625252856417
37717,1880.625252856417
37718,1880.625252856417
37719,1880.625252856417
37720,1880.625252856417
37721,1880.625252856417
37722,1880.625252856417
37723,1880.625252856417
37724,1880.625252856417
37725,1880.625252856417
37726,1880.625252856417
37727,1880.625252856417
37728,1880.625252856417
37729,1880.625252856417
37730,1880.625252856417
37731,1880.625252856417
37732,1880.625252856417
37733,1880.625252856417
37734,1880.625252856417
37735,1880.625252856417
37736,1880.625252856417
37737,1880.625252856417
37738,1880.625252856417
37739,1880.625252856417
37740,1880.625252856417
37741,1880.625252856417
37742,1880.625252856417
37743,1880.625252856417
37744,1880.625252856417
37745,1880.625252856417
37746,1880.625252856417
37747,1880.625252856417
37748,1880.625252856417
37749,1880.625252856417
37750,1880.625252856417
37751,1880.625252856417
37752,1880.625252856417
37753,1880.625252856417
37754,1880.625252856417
37755,1880.625252856417
37756,1880.625252856417
37757,1880.625252856417
37758,1880.625252856417
37759,1880.625252856417
37760,1880.625252856417
37761,1880.625252856417
37762,1880.625252856417
37763,1880.625252856417
37764,1880.625252856417
37765,1880.625252856417
37766,1880.625252856417
37767,1880.625252856417
37768,1880.625252856417
37769,1880.625252856417
37770,1880.625252856417
37771,1880.625252856417
37772,1880.625252856417
37773,1880.625252856417
37774,1880.625252856417
37775,1880.625252856417
37776,1880.625252856417
37777,1880.625252856417
37778,1880.625252856417
37779,1880.625252856417
37780,1880.625252856417
37781,1880.625252856417
37782,1880.625252856417
37783,1880.625252856417
37784,1880.625252856417
37785,1880.625252856417
37786,1880.625252856417
37787,1880.625252856417
37788,1880.625252856417
37789,1880.625252856417
37790,1880.625252856417
37791,1880.625252856417
37792,1880.625252856417
37793,1880.625252856417
37794,1880.625252856417
37795,1880.625252856417
37796,1880.625252856417
37797,1880.625252856417
37798,1880.625252856417
37799,1880.625252856417
37800,1880.625252856417
37801,1880.625252856417
37802,1880.625252856417
37803,1880.625252856417
37804,1880.625252856417
37805,1880.625252856417
37806,1880.625252856417
37807,1880.625252856417
37808,1880.625252856417
37809,1880.625252856417
37810,1880.625252856417
37811,1880.625252856417
37812,1880.625252856417
37813,1880.625252856417
37814,1880.625252856417
37815,1880.625252856417
37816,1880.625252856417
37817,1880.625252856417
37818,1880.625252856417
37819,1880.625252856417
37820,1880.625252856417
37821,1880.625252856417
37822,1880.625252856417
37823,1880.625252856417
37824,1880.625252856417
37825,1880.625252856417
37826,1880.625252856417
37827,1880.625252856417
37828,1880.625252856417
37829,1880.625252856417
37830,1880.625252856417
37831,1880.625252856417
37832,1880.625252856417
37833,1880.625252856417
37834,1880.625252856417
37835,1880.625252856417
37836,1880.625252856417
37837,1880.625252856417
37838,1880.625252856417
37839,1880.625252856417
37840,1880.625252856417
37841,1880.625252856417
37842,1880.625252856417
37843,1880.625252856417
37844,1880.625252856417
37845,1880.625252856417
37846,1880.625252856417
37847,1880.625252856417
37848,1880.625252856417
37849,1880.625252856417
37850,1880.625252856417
37851,1880.625252856417
37852,1880.625252856417
37853,1880.625252856417
37854,1880.625252856417
37855,1880.625252856417
37856,1880.625252856417
37857,1880.625252856417
37858,1880.625252856417
37859,1880.625252856417
37860,1880.625252856417
37861,1880.625252856417
37862,1880.625252856417
37863,1880.625252856417
37864,1880.625252856417
37865,1880.625252856417
37866,1880.625252856417
37867,1880.625252856417
37868,1880.625252856417
37869,1880.625252856417
37870,1880.625252856417
37871,1880.625252856417
37872,1880.625252856417
37873,1880.625252856417
37874,1880.625252856417
37875,1880.625252856417
37876,1880.625252856417
37877,1880.625252856417
37878,1880.625252856417
37879,1880.625252856417
37880,1880.625252856417
37881,1880.625252856417
37882,1880.625252856417
37883,1880.625252856417
37884,1880.625252856417
37885,1880.625252856417
37886,1880.625252856417
37887,1880.625252856417
37888,1880.625252856417
37889,1880.625252856417
37890,1880.625252856417
37891,1880.625252856417
37892,1880.625252856417
37893,1880.625252856417
37894,1880.625252856417
37895,1880.625252856417
37896,1880.625252856417
37897,1880.625252856417
37898,1880.625252856417
37899,1880.625252856417
37900,1880.625252856417
37901,1880.625252856417
37902,1880.625252856417
37903,1880.625252856417
37904,1880.625252856417
37905,1880.625252856417
37906,1880.625252856417
37907,1880.625252856417
37908,1880.625252856417
37909,1880.625252856417
37910,1880.625252856417
37911,1880.625252856417
37912,1880.625252856417
37913,1880.625252856417
37914,1880.625252856417
37915,1880.625252856417
37916,1880.625252856417
37917,1880.625252856417
37918,1880.625252856417
37919,1880.625252856417
37920,1880.625252856417
37921,1880.625252856417
37922,1880.625252856417
37923,1880.625252856417
37924,1880.625252856417
37925,1880.625252856417
37926,1880.625252856417
37927,1880.625252856417
37928,1880.625252856417
37929,1880.625252856417
37930,1880.625252856417
37931,1880.625252856417
37932,1880.625252856417
37933,1880.625252856417
37934,1880.625252856417
37935,1880.625252856417
37936,1880.625252856417
37937,1880.625252856417
37938,1880.625252856417
37939,1880.625252856417
37940,1880.625252856417
37941,1880.625252856417
37942,1880.625252856417
37943,1880.625252856417
37944,1880.625252856417
37945,1880.625252856417
37946,1880.625252856417
37947,1880.625252856417
37948,1880.625252856417
37949,1880.625252856417
37950,1880.625252856417
37951,1880.625252856417
37952,1880.625252856417
37953,1880.625252856417
37954,1880.625252856417
37955,1880.625252856417
37956,1880.625252856417
37957,1880.625252856417
37958,1880.625252856417
37959,1880.625252856417
37960,1880.625252856417
37961,1880.625252856417
37962,1880.625252856417
37963,1880.625252856417
37964,1880.625252856417
37965,1880.625252856417
37966,1880.625252856417
37967,1880.625252856417
37968,1880.625252856417
37969,1880.625252856417
37970,1880.625252856417
37971,1880.625252856417
37972,1880.625252856417
37973,1880.625252856417
37974,1880.625252856417
37975,1880.625252856417
37976,1880.625252856417
37977,1880.625252856417
37978,1880.625252856417
37979,1880.625252856417
37980,1880.625252856417
37981,1880.625252856417
37982,1880.625252856417
37983,1880.625252856417
37984,1880.625252856417
37985,1880.625252856417
37986,1880.625252856417
37987,1880.625252856417
37988,1880.625252856417
37989,1880.625252856417
37990,1880.625252856417
37991,1880.625252856417
37992,1880.625252856417
37993,1880.625252856417
37994,1880.625252856417
37995,1880.625252856417
37996,1880.625252856417
37997,1880.625252856417
37998,1880.625252856417
37999,1880.625252856417
38000,1880.625252856417
38001,1880.625252856417
38002,1880.625252856417
38003,1880.625252856417
38004,1880.625252856417
38005,1880.625252856417
38006,1880.625252856417
38007,1880.625252856417
38008,1880.625252856417
38009,1880.625252856417
38010,1880.625252856417
38011,1880.625252856417
38012,1880.625252856417
38013,1880.625252856417
38014,1880.625252856417
38015,1880.625252856417
38016,1880.625252856417
38017,1880.625252856417
38018,1880.625252856417
38019,1880.625252856417
38020,1880.625252856417
38021,1880.625252856417
38022,1880.625252856417
38023,1880.625252856417
38024,1880.625252856417
38025,1880.625252856417
38026,1880.625252856417
38027,1880.625252856417
38028,1880.625252856417
38029,1880.625252856417
38030,1880.625252856417
38031,1880.625252856417
38032,1880.625252856417
38033,1880.625252856417
38034,1880.625252856417
38035,1880.625252856417
38036,1880.625252856417
38037,1880.625252856417
38038,1880.625252856417
38039,1880.625252856417
38040,1880.625252856417
38041,1880.625252856417
38042,1880.625252856417
38043,1880.625252856417
38044,1880.625252856417
38045,1880.625252856417
38046,1880.625252856417
38047,1880.625252856417
38048,1880.625252856417
38049,1880.625252856417
38050,1880.625252856417
38051,1880.625252856417
38052,1880.625252856417
38053,1880.625252856417
38054,1880.625252856417
38055,1880.625252856417
38056,1880.625252856417
38057,1880.625252856417
38058,1880.625252856417
38059,1880.625252856417
38060,1880.625252856417
38061,1880.625252856417
38062,1880.625252856417
38063,1880.625252856417
38064,1880.625252856417
38065,1880.625252856417
38066,1880.625252856417
38067,1880.625252856417
38068,1880.625252856417
38069,1880.625252856417
38070,1880.625252856417
38071,1880.625252856417
38072,1880.625252856417
38073,1880.625252856417
38074,1880.625252856417
38075,1880.625252856417
38076,1880.625252856417
38077,1880.625252856417
38078,1880.625252856417
38079,1880.625252856417
38080,1880.625252856417
38081,1880.625252856417
38082,1880.625252856417
38083,1880.625252856417
38084,1880.625252856417
38085,1880.625252856417
38086,1880.625252856417
38087,1880.625252856417
38088,1880.625252856417
38089,1880.625252856417
38090,1880.625252856417
38091,1880.625252856417
38092,1880.625252856417
38093,1880.625252856417
38094,1880.625252856417
38095,1880.625252856417
38096,1880.625252856417
38097,1880.625252856417
38098,1880.625252856417
38099,1880.625252856417
38100,1880.625252856417
38101,1880.625252856417
38102,1880.625252856417
38103,1880.625252856417
38104,1880.625252856417
38105,1880.625252856417
38106,1880.625252856417
38107,1880.625252856417
38108,1880.625252856417
38109,1880.625252856417
38110,1880.625252856417
38111,1880.625252856417
38112,1880.625252856417
38113,1880.625252856417
38114,1880.625252856417
38115,1880.625252856417
38116,1880.625252856417
38117,1880.625252856417
38118,1880.625252856417
38119,1880.625252856417
38120,1880.625252856417
38121,1880.625252856417
38122,1880.625252856417
38123,1880.625252856417
38124,1880.625252856417
38125,1880.625252856417
38126,1880.625252856417
38127,1880.625252856417
38128,1880.625252856417
38129,1880.625252856417
38130,1880.625252856417
38131,1880.625252856417
38132,1880.625252856417
38133,1880.625252856417
38134,1880.625252856417
38135,1880.625252856417
38136,1880.625252856417
38137,1880.625252856417
38138,1880.625252856417
38139,1880.625252856417
38140,1880.625252856417
38141,1880.625252856417
38142,1880.625252856417
38143,1880.625252856417
38144,1880.625252856417
38145,1880.625252856417
38146,1880.625252856417
38147,1880.625252856417
38148,1880.625252856417
38149,1880.625252856417
38150,1880.625252856417
38151,1880.625252856417
38152,1880.625252856417
38153,1880.625252856417
38154,1880.625252856417
38155,1880.625252856417
38156,1880.625252856417
38157,1880.625252856417
38158,1880.625252856417
38159,1880.625252856417
38160,1880.625252856417
38161,1880.625252856417
38162,1880.625252856417
38163,1880.625252856417
38164,1880.625252856417
38165,1880.625252856417
38166,1880.625252856417
38167,1880.625252856417
38168,1880.625252856417
38169,1880.625252856417
38170,1880.625252856417
38171,1880.625252856417
38172,1880.625252856417
38173,1880.625252856417
38174,1880.625252856417
38175,1880.625252856417
38176,1880.625252856417
38177,1880.625252856417
38178,1880.625252856417
38179,1880.625252856417
38180,1880.625252856417
38181,1880.625252856417
38182,1880.625252856417
38183,1880.625252856417
38184,1880.625252856417
38185,1880.625252856417
38186,1880.625252856417
38187,1880.625252856417
38188,1880.625252856417
38189,1880.625252856417
38190,1880.625252856417
38191,1880.625252856417
38192,1880.625252856417
38193,1880.625252856417
38194,1880.625252856417
38195,1880.625252856417
38196,1880.625252856417
38197,1880.625252856417
38198,1880.625252856417
38199,1880.625252856417
38200,1880.625252856417
38201,1880.625252856417
38202,1880.625252856417
38203,1880.625252856417
38204,1880.625252856417
38205,1880.625252856417
38206,1880.625252856417
38207,1880.625252856417
38208,1880.625252856417
38209,1880.625252856417
38210,1880.625252856417
38211,1880.625252856417
38212,1880.625252856417
38213,1880.625252856417
38214,1880.625252856417
38215,1880.625252856417
38216,1880.625252856417
38217,1880.625252856417
38218,1880.625252856417
38219,1880.625252856417
38220,1880.625252856417
38221,1880.625252856417
38222,1880.625252856417
38223,1880.625252856417
38224,1880.625252856417
38225,1880.625252856417
38226,1880.625252856417
38227,1880.625252856417
38228,1880.625252856417
38229,1880.625252856417
38230,1880.625252856417
38231,1880.625252856417
38232,1880.625252856417
38233,1880.625252856417
38234,1880.625252856417
38235,1880.625252856417
38236,1880.625252856417
38237,1880.625252856417
38238,1880.625252856417
38239,1880.625252856417
38240,1880.625252856417
38241,1880.625252856417
38242,1880.625252856417
38243,1880.625252856417
38244,1880.625252856417
38245,1880.625252856417
38246,1880.625252856417
38247,1880.625252856417
38248,1880.625252856417
38249,1880.625252856417
38250,1880.625252856417
38251,1880.625252856417
38252,1880.625252856417
38253,1880.625252856417
38254,1880.625252856417
38255,1880.625252856417
38256,1880.625252856417
38257,1880.625252856417
38258,1880.625252856417
38259,1880.625252856417
38260,1880.625252856417
38261,1880.625252856417
38262,1880.625252856417
38263,1880.625252856417
38264,1880.625252856417
38265,1880.625252856417
38266,1880.625252856417
38267,1880.625252856417
38268,1880.625252856417
38269,1880.625252856417
38270,1880.625252856417
38271,1880.625252856417
38272,1880.625252856417
38273,1880.625252856417
38274,1880.625252856417
38275,1880.625252856417
38276,1880.625252856417
38277,1880.625252856417
38278,1880.625252856417
38279,1880.625252856417
38280,1880.625252856417
38281,1880.625252856417
38282,1880.625252856417
38283,1880.625252856417
38284,1880.625252856417
38285,1880.625252856417
38286,1880.625252856417
38287,1880.625252856417
38288,1880.625252856417
38289,1880.625252856417
38290,1880.625252856417
38291,1880.625252856417
38292,1880.625252856417
38293,1880.625252856417
38294,1880.625252856417
38295,1880.625252856417
38296,1880.625252856417
38297,1880.625252856417
38298,1880.625252856417
38299,1880.625252856417
38300,1880.625252856417
38301,1880.625252856417
38302,1880.625252856417
38303,1880.625252856417
38304,1880.625252856417
38305,1880.625252856417
38306,1880.625252856417
38307,1880.625252856417
38308,1880.625252856417
38309,1880.625252856417
38310,1880.625252856417
38311,1880.625252856417
38312,1880.625252856417
38313,1880.625252856417
38314,1880.625252856417
38315,1880.625252856417
38316,1880.625252856417
38317,1880.625252856417
38318,1880.625252856417
38319,1880.625252856417
38320,1880.625252856417
38321,1880.625252856417
38322,1880.625252856417
38323,1880.625252856417
38324,1880.625252856417
38325,1880.625252856417
38326,1880.625252856417
38327,1880.625252856417
38328,1880.625252856417
38329,1880.625252856417
38330,1880.625252856417
38331,1880.625252856417
38332,1880.625252856417
38333,1880.625252856417
38334,1880.625252856417
38335,1880.625252856417
38336,1880.625252856417
38337,1880.625252856417
38338,1880.625252856417
38339,1880.625252856417
38340,1880.625252856417
38341,1880.625252856417
38342,1880.625252856417
38343,1880.625252856417
38344,1880.625252856417
38345,1880.625252856417
38346,1880.625252856417
38347,1880.625252856417
38348,1880.625252856417
38349,1880.625252856417
38350,1880.625252856417
38351,1880.625252856417
38352,1880.625252856417
38353,1880.625252856417
38354,1880.625252856417
38355,1880.625252856417
38356,1880.625252856417
38357,1880.625252856417
38358,1880.625252856417
38359,1880.625252856417
38360,1880.625252856417
38361,1880.625252856417
38362,1880.625252856417
38363,1880.625252856417
38364,1880.625252856417
38365,1880.625252856417
38366,1880.625252856417
38367,1880.625252856417
38368,1880.625252856417
38369,1880.625252856417
38370,1880.625252856417
38371,1880.625252856417
38372,1880.625252856417
38373,1880.625252856417
38374,1880.625252856417
38375,1880.625252856417
38376,1880.625252856417
38377,1880.625252856417
38378,1880.625252856417
38379,1880.625252856417
38380,1880.625252856417
38381,1880.625252856417
38382,1880.625252856417
38383,1880.625252856417
38384,1880.625252856417
38385,1880.625252856417
38386,1880.625252856417
38387,1880.625252856417
38388,1880.625252856417
38389,1880.625252856417
38390,1880.625252856417
38391,1880.625252856417
38392,1880.625252856417
38393,1880.625252856417
38394,1880.625252856417
38395,1880.625252856417
38396,1880.625252856417
38397,1880.625252856417
38398,1880.625252856417
38399,1880.625252856417
38400,1880.625252856417
38401,1880.625252856417
38402,1880.625252856417
38403,1880.625252856417
38404,1880.625252856417
38405,1880.625252856417
38406,1880.625252856417
38407,1880.625252856417
38408,1880.625252856417
38409,1880.625252856417
38410,1880.625252856417
38411,1880.625252856417
38412,1880.625252856417
38413,1880.625252856417
38414,1880.625252856417
38415,1880.625252856417
38416,1880.625252856417
38417,1880.625252856417
38418,1880.625252856417
38419,1880.625252856417
38420,1880.625252856417
38421,1880.625252856417
38422,1880.625252856417
38423,1880.625252856417
38424,1880.625252856417
38425,1880.625252856417
38426,1880.625252856417
38427,1880.625252856417
38428,1880.625252856417
38429,1880.625252856417
38430,1880.625252856417
38431,1880.625252856417
38432,1880.625252856417
38433,1880.625252856417
38434,1880.625252856417
38435,1880.625252856417
38436,1880.625252856417
38437,1880.625252856417
38438,1880.625252856417
38439,1880.625252856417
38440,1880.625252856417
38441,1880.625252856417
38442,1880.625252856417
38443,1880.625252856417
38444,1880.625252856417
38445,1880.625252856417
38446,1880.625252856417
38447,1880.625252856417
38448,1880.625252856417
38449,1880.625252856417
38450,1880.625252856417
38451,1880.625252856417
38452,1880.625252856417
38453,1880.625252856417
38454,1880.625252856417
38455,1880.625252856417
38456,1880.625252856417
38457,1880.625252856417
38458,1880.625252856417
38459,1880.625252856417
38460,1880.625252856417
38461,1880.625252856417
38462,1880.625252856417
38463,1880.625252856417
38464,1880.625252856417
38465,1880.625252856417
38466,1880.625252856417
38467,1880.625252856417
38468,1880.625252856417
38469,1880.625252856417
38470,1880.625252856417
38471,1880.625252856417
38472,1880.625252856417
38473,1880.625252856417
38474,1880.625252856417
38475,1880.625252856417
38476,1880.625252856417
38477,1880.625252856417
38478,1880.625252856417
38479,1880.625252856417
38480,1880.625252856417
38481,1880.625252856417
38482,1880.625252856417
38483,1880.625252856417
38484,1880.625252856417
38485,1880.625252856417
38486,1880.625252856417
38487,1880.625252856417
38488,1880.625252856417
38489,1880.625252856417
38490,1880.625252856417
38491,1880.625252856417
38492,1880.625252856417
38493,1880.625252856417
38494,1880.625252856417
38495,1880.625252856417
38496,1880.625252856417
38497,1880.625252856417
38498,1880.625252856417
38499,1880.625252856417
38500,1880.625252856417
38501,1880.625252856417
38502,1880.625252856417
38503,1880.625252856417
38504,1880.625252856417
38505,1880.625252856417
38506,1880.625252856417
38507,1880.625252856417
38508,1880.625252856417
38509,1880.625252856417
38510,1880.625252856417
38511,1880.625252856417
38512,1880.625252856417
38513,1880.625252856417
38514,1880.625252856417
38515,1880.625252856417
38516,1880.625252856417
38517,1880.625252856417
38518,1880.625252856417
38519,1880.625252856417
38520,1880.625252856417
38521,1880.625252856417
38522,1880.625252856417
38523,1880.625252856417
38524,1880.625252856417
38525,1880.625252856417
38526,1880.625252856417
38527,1880.625252856417
38528,1880.625252856417
38529,1880.625252856417
38530,1880.625252856417
38531,1880.625252856417
38532,1880.625252856417
38533,1880.625252856417
38534,1880.625252856417
38535,1880.625252856417
38536,1880.625252856417
38537,1880.625252856417
38538,1880.625252856417
38539,1880.625252856417
38540,1880.625252856417
38541,1880.625252856417
38542,1880.625252856417
38543,1880.625252856417
38544,1880.625252856417
38545,1880.625252856417
38546,1880.625252856417
38547,1880.625252856417
38548,1880.625252856417
38549,1880.625252856417
38550,1880.625252856417
38551,1880.625252856417
38552,1880.625252856417
38553,1880.625252856417
38554,1880.625252856417
38555,1880.625252856417
38556,1880.625252856417
38557,1880.625252856417
38558,1880.625252856417
38559,1880.625252856417
38560,1880.625252856417
38561,1880.625252856417
38562,1880.625252856417
38563,1880.625252856417
38564,1880.625252856417
38565,1880.625252856417
38566,1880.625252856417
38567,1880.625252856417
38568,1880.625252856417
38569,1880.625252856417
38570,1880.625252856417
38571,1880.625252856417
38572,1880.625252856417
38573,1880.625252856417
38574,1880.625252856417
38575,1880.625252856417
38576,1880.625252856417
38577,1880.625252856417
38578,1880.625252856417
38579,1880.625252856417
38580,1880.625252856417
38581,1880.625252856417
38582,1880.625252856417
38583,1880.625252856417
38584,1880.625252856417
38585,1880.625252856417
38586,1880.625252856417
38587,1880.625252856417
38588,1880.625252856417
38589,1880.625252856417
38590,1880.625252856417
38591,1880.625252856417
38592,1880.625252856417
38593,1880.625252856417
38594,1880.625252856417
38595,1880.625252856417
38596,1880.625252856417
38597,1880.625252856417
38598,1880.625252856417
38599,1880.625252856417
38600,1880.625252856417
38601,1880.625252856417
38602,1880.625252856417
38603,1880.625252856417
38604,1880.625252856417
38605,1880.625252856417
38606,1880.625252856417
38607,1880.625252856417
38608,1880.625252856417
38609,1880.625252856417
38610,1880.625252856417
38611,1880.625252856417
38612,1880.625252856417
38613,1880.625252856417
38614,1880.625252856417
38615,1880.625252856417
38616,1880.625252856417
38617,1880.625252856417
38618,1880.625252856417
38619,1880.625252856417
38620,1880.625252856417
38621,1880.625252856417
38622,1880.625252856417
38623,1880.625252856417
38624,1880.625252856417
38625,1880.625252856417
38626,1880.625252856417
38627,1880.625252856417
38628,1880.625252856417
38629,1880.625252856417
38630,1880.625252856417
38631,1880.625252856417
38632,1880.625252856417
38633,1880.625252856417
38634,1880.625252856417
38635,1880.625252856417
38636,1880.625252856417
38637,1880.625252856417
38638,1880.625252856417
38639,1880.625252856417
38640,1880.625252856417
38641,1880.625252856417
38642,1880.625252856417
38643,1880.625252856417
38644,1880.625252856417
38645,1880.625252856417
38646,1880.625252856417
38647,1880.625252856417
38648,1880.625252856417
38649,1880.625252856417
38650,1880.625252856417
38651,1880.625252856417
38652,1880.625252856417
38653,1880.625252856417
38654,1880.625252856417
38655,1880.625252856417
38656,1880.625252856417
38657,1880.625252856417
38658,1880.625252856417
38659,1880.625252856417
38660,1880.625252856417
38661,1880.625252856417
38662,1880.625252856417
38663,1880.625252856417
38664,1880.625252856417
38665,1880.625252856417
38666,1880.625252856417
38667,1880.625252856417
38668,1880.625252856417
38669,1880.625252856417
38670,1880.625252856417
38671,1880.625252856417
38672,1880.625252856417
38673,1880.625252856417
38674,1880.625252856417
38675,1880.625252856417
38676,1880.625252856417
38677,1880.625252856417
38678,1880.625252856417
38679,1880.625252856417
38680,1880.625252856417
38681,1880.625252856417
38682,1880.625252856417
38683,1880.625252856417
38684,1880.625252856417
38685,1880.625252856417
38686,1880.625252856417
38687,1880.625252856417
38688,1880.625252856417
38689,1880.625252856417
38690,1880.625252856417
38691,1880.625252856417
38692,1880.625252856417
38693,1880.625252856417
38694,1880.625252856417
38695,1880.625252856417
38696,1880.625252856417
38697,1880.625252856417
38698,1880.625252856417
38699,1880.625252856417
38700,1880.625252856417
38701,1880.625252856417
38702,1880.625252856417
38703,1880.625252856417
38704,1880.625252856417
38705,1880.625252856417
38706,1880.625252856417
38707,1880.625252856417
38708,1880.625252856417
38709,1880.625252856417
38710,1880.625252856417
38711,1880.625252856417
38712,1880.625252856417
38713,1880.625252856417
38714,1880.625252856417
38715,1880.625252856417
38716,1880.625252856417
38717,1880.625252856417
38718,1880.625252856417
38719,1880.625252856417
38720,1880.625252856417
38721,1880.625252856417
38722,1880.625252856417
38723,1880.625252856417
38724,1880.625252856417
38725,1880.625252856417
38726,1880.625252856417
38727,1880.625252856417
38728,1880.625252856417
38729,1880.625252856417
38730,1880.625252856417
38731,1880.625252856417
38732,1880.625252856417
38733,1880.625252856417
38734,1880.625252856417
38735,1880.625252856417
38736,1880.625252856417
38737,1880.625252856417
38738,1880.625252856417
38739,1880.625252856417
38740,1880.625252856417
38741,1880.625252856417
38742,1880.625252856417
38743,1880.625252856417
38744,1880.625252856417
38745,1880.625252856417
38746,1880.625252856417
38747,1880.625252856417
38748,1880.625252856417
38749,1880.625252856417
38750,1880.625252856417
38751,1880.625252856417
38752,1880.625252856417
38753,1880.625252856417
38754,1880.625252856417
38755,1880.625252856417
38756,1880.625252856417
38757,1880.625252856417
38758,1880.625252856417
38759,1880.625252856417
38760,1880.625252856417
38761,1880.625252856417
38762,1880.625252856417
38763,1880.625252856417
38764,1880.625252856417
38765,1880.625252856417
38766,1880.625252856417
38767,1880.625252856417
38768,1880.625252856417
38769,1880.625252856417
38770,1880.625252856417
38771,1880.625252856417
38772,1880.625252856417
38773,1880.625252856417
38774,1880.625252856417
38775,1880.625252856417
38776,1880.625252856417
38777,1880.625252856417
38778,1880.625252856417
38779,1880.625252856417
38780,1880.625252856417
38781,1880.625252856417
38782,1880.625252856417
38783,1880.625252856417
38784,1880.625252856417
38785,1880.625252856417
38786,1880.625252856417
38787,1880.625252856417
38788,1880.625252856417
38789,1880.625252856417
38790,1880.625252856417
38791,1880.625252856417
38792,1880.625252856417
38793,1880.625252856417
38794,1880.625252856417
38795,1880.625252856417
38796,1880.625252856417
38797,1880.625252856417
38798,1880.625252856417
38799,1880.625252856417
38800,1880.625252856417
38801,1880.625252856417
38802,1880.625252856417
38803,1880.625252856417
38804,1880.625252856417
38805,1880.625252856417
38806,1880.625252856417
38807,1880.625252856417
38808,1880.625252856417
38809,1880.625252856417
38810,1880.625252856417
38811,1880.625252856417
38812,1880.625252856417
38813,1880.625252856417
38814,1880.625252856417
38815,1880.625252856417
38816,1880.625252856417
38817,1880.625252856417
38818,1880.625252856417
38819,1880.625252856417
38820,1880.625252856417
38821,1880.625252856417
38822,1880.625252856417
38823,1880.625252856417
38824,1880.625252856417
38825,1880.625252856417
38826,1880.625252856417
38827,1880.625252856417
38828,1880.625252856417
38829,1880.625252856417
38830,1880.625252856417
38831,1880.625252856417
38832,1880.625252856417
38833,1880.625252856417
38834,1880.625252856417
38835,1880.625252856417
38836,1880.625252856417
38837,1880.625252856417
38838,1880.625252856417
38839,1880.625252856417
38840,1880.625252856417
38841,1880.625252856417
38842,1880.625252856417
38843,1880.625252856417
38844,1880.625252856417
38845,1880.625252856417
38846,1880.625252856417
38847,1880.625252856417
38848,1880.625252856417
38849,1880.625252856417
38850,1880.625252856417
38851,1880.625252856417
38852,1880.625252856417
38853,1880.625252856417
38854,1880.625252856417
38855,1880.625252856417
38856,1880.625252856417
38857,1880.625252856417
38858,1880.625252856417
38859,1880.625252856417
38860,1880.625252856417
38861,1880.625252856417
38862,1880.625252856417
38863,1880.625252856417
38864,1880.625252856417
38865,1880.625252856417
38866,1880.625252856417
38867,1880.625252856417
38868,1880.625252856417
38869,1880.625252856417
38870,1880.625252856417
38871,1880.625252856417
38872,1880.625252856417
38873,1880.625252856417
38874,1880.625252856417
38875,1880.625252856417
38876,1880.625252856417
38877,1880.625252856417
38878,1880.625252856417
38879,1880.625252856417
38880,1880.625252856417
38881,1880.625252856417
38882,1880.625252856417
38883,1880.625252856417
38884,1880.625252856417
38885,1880.625252856417
38886,1880.625252856417
38887,1880.625252856417
38888,1880.625252856417
38889,1880.625252856417
38890,1880.625252856417
38891,1880.625252856417
38892,1880.625252856417
38893,1880.625252856417
38894,1880.625252856417
38895,1880.625252856417
38896,1880.625252856417
38897,1880.625252856417
38898,1880.625252856417
38899,1880.625252856417
38900,1880.625252856417
38901,1880.625252856417
38902,1880.625252856417
38903,1880.625252856417
38904,1880.625252856417
38905,1880.625252856417
38906,1880.625252856417
38907,1880.625252856417
38908,1880.625252856417
38909,1880.625252856417
38910,1880.625252856417
38911,1880.625252856417
38912,1880.625252856417
38913,1880.625252856417
38914,1880.625252856417
38915,1880.625252856417
38916,1880.625252856417
38917,1880.625252856417
38918,1880.625252856417
38919,1880.625252856417
38920,1880.625252856417
38921,1880.625252856417
38922,1880.625252856417
38923,1880.625252856417
38924,1880.625252856417
38925,1880.625252856417
38926,1880.625252856417
38927,1880.625252856417
38928,1880.625252856417
38929,1880.625252856417
38930,1880.625252856417
38931,1880.625252856417
38932,1880.625252856417
38933,1880.625252856417
38934,1880.625252856417
38935,1880.625252856417
38936,1880.625252856417
38937,1880.625252856417
38938,1880.625252856417
38939,1880.625252856417
38940,1880.625252856417
38941,1880.625252856417
38942,1880.625252856417
38943,1880.625252856417
38944,1880.625252856417
38945,1880.625252856417
38946,1880.625252856417
38947,1880.625252856417
38948,1880.625252856417
38949,1880.625252856417
38950,1880.625252856417
38951,1880.625252856417
38952,1880.625252856417
38953,1880.625252856417
38954,1880.625252856417
38955,1880.625252856417
38956,1880.625252856417
38957,1880.625252856417
38958,1880.625252856417
38959,1880.625252856417
38960,1880.625252856417
38961,1880.625252856417
38962,1880.625252856417
38963,1880.625252856417
38964,1880.625252856417
38965,1880.625252856417
38966,1880.625252856417
38967,1880.625252856417
38968,1880.625252856417
38969,1880.625252856417
38970,1880.625252856417
38971,1880.625252856417
38972,1880.625252856417
38973,1880.625252856417
38974,1880.625252856417
38975,1880.625252856417
38976,1880.625252856417
38977,1880.625252856417
38978,1880.625252856417
38979,1880.625252856417
38980,1880.625252856417
38981,1880.625252856417
38982,1880.625252856417
38983,1880.625252856417
38984,1880.625252856417
38985,1880.625252856417
38986,1880.625252856417
38987,1880.625252856417
38988,1880.625252856417
38989,1880.625252856417
38990,1880.625252856417
38991,1880.625252856417
38992,1880.625252856417
38993,1880.625252856417
38994,1880.625252856417
38995,1880.625252856417
38996,1880.625252856417
38997,1880.625252856417
38998,1880.625252856417
38999,1880.625252856417
39000,1880.625252856417
39001,1880.625252856417
39002,1880.625252856417
39003,1880.625252856417
39004,1880.625252856417
39005,1880.625252856417
39006,1880.625252856417
39007,1880.625252856417
39008,1880.625252856417
39009,1880.625252856417
39010,1880.625252856417
39011,1880.625252856417
39012,1880.625252856417
39013,1880.625252856417
39014,1880.625252856417
39015,1880.625252856417
39016,1880.625252856417
39017,1880.625252856417
39018,1880.625252856417
39019,1880.625252856417
39020,1880.625252856417
39021,1880.625252856417
39022,1880.625252856417
39023,1880.625252856417
39024,1880.625252856417
39025,1880.625252856417
39026,1880.625252856417
39027,1880.625252856417
39028,1880.625252856417
39029,1880.625252856417
39030,1880.625252856417
39031,1880.625252856417
39032,1880.625252856417
39033,1880.625252856417
39034,1880.625252856417
39035,1880.625252856417
39036,1880.625252856417
39037,1880.625252856417
39038,1880.625252856417
39039,1880.625252856417
39040,1880.625252856417
39041,1880.625252856417
39042,1880.625252856417
39043,1880.625252856417
39044,1880.625252856417
39045,1880.625252856417
39046,1880.625252856417
39047,1880.625252856417
39048,1880.625252856417
39049,1880.625252856417
39050,1880.625252856417
39051,1880.625252856417
39052,1880.625252856417
39053,1880.625252856417
39054,1880.625252856417
39055,1880.625252856417
39056,1880.625252856417
39057,1880.625252856417
39058,1880.625252856417
39059,1880.625252856417
39060,1880.625252856417
39061,1880.625252856417
39062,1880.625252856417
39063,1880.625252856417
39064,1880.625252856417
39065,1880.625252856417
39066,1880.625252856417
39067,1880.625252856417
39068,1880.625252856417
39069,1880.625252856417
39070,1880.625252856417
39071,1880.625252856417
39072,1880.625252856417
39073,1880.625252856417
39074,1880.625252856417
39075,1880.625252856417
39076,1880.625252856417
39077,1880.625252856417
39078,1880.625252856417
39079,1880.625252856417
39080,1880.625252856417
39081,1880.625252856417
39082,1880.625252856417
39083,1880.625252856417
39084,1880.625252856417
39085,1880.625252856417
39086,1880.625252856417
39087,1880.625252856417
39088,1880.625252856417
39089,1880.625252856417
39090,1880.625252856417
39091,1880.625252856417
39092,1880.625252856417
39093,1880.625252856417
39094,1880.625252856417
39095,1880.625252856417
39096,1880.625252856417
39097,1880.625252856417
39098,1880.625252856417
39099,1880.625252856417
39100,1880.625252856417
39101,1880.625252856417
39102,1880.625252856417
39103,1880.625252856417
39104,1880.625252856417
39105,1880.625252856417
39106,1880.625252856417
39107,1880.625252856417
39108,1880.625252856417
39109,1880.625252856417
39110,1880.625252856417
39111,1880.625252856417
39112,1880.625252856417
39113,1880.625252856417
39114,1880.625252856417
39115,1880.625252856417
39116,1880.625252856417
39117,1880.625252856417
39118,1880.625252856417
39119,1880.625252856417
39120,1880.625252856417
39121,1880.625252856417
39122,1880.625252856417
39123,1880.625252856417
39124,1880.625252856417
39125,1880.625252856417
39126,1880.625252856417
39127,1880.625252856417
39128,1880.625252856417
39129,1880.625252856417
39130,1880.625252856417
39131,1880.625252856417
39132,1880.625252856417
39133,1880.625252856417
39134,1880.625252856417
39135,1880.625252856417
39136,1880.625252856417
39137,1880.625252856417
39138,1880.625252856417
39139,1880.625252856417
39140,1880.625252856417
39141,1880.625252856417
39142,1880.625252856417
39143,1880.625252856417
39144,1880.625252856417
39145,1880.625252856417
39146,1880.625252856417
39147,1880.625252856417
39148,1880.625252856417
39149,1880.625252856417
39150,1880.625252856417
39151,1880.625252856417
39152,1880.625252856417
39153,1880.625252856417
39154,1880.625252856417
39155,1880.625252856417
39156,1880.625252856417
39157,1880.625252856417
39158,1880.625252856417
39159,1880.625252856417
39160,1880.625252856417
39161,1880.625252856417
39162,1880.625252856417
39163,1880.625252856417
39164,1880.625252856417
39165,1880.625252856417
39166,1880.625252856417
39167,1880.625252856417
39168,1880.625252856417
39169,1880.625252856417
39170,1880.625252856417
39171,1880.625252856417
39172,1880.625252856417
39173,1880.625252856417
39174,1880.625252856417
39175,1880.625252856417
39176,1880.625252856417
39177,1880.625252856417
39178,1880.625252856417
39179,1880.625252856417
39180,1880.625252856417
39181,1880.625252856417
39182,1880.625252856417
39183,1880.625252856417
39184,1880.625252856417
39185,1880.625252856417
39186,1880.625252856417
39187,1880.625252856417
39188,1880.625252856417
39189,1880.625252856417
39190,1880.625252856417
39191,1880.625252856417
39192,1880.625252856417
39193,1880.625252856417
39194,1880.625252856417
39195,1880.625252856417
39196,1880.625252856417
39197,1880.625252856417
39198,1880.625252856417
39199,1880.625252856417
39200,1880.625252856417
39201,1880.625252856417
39202,1880.625252856417
39203,1880.625252856417
39204,1880.625252856417
39205,1880.625252856417
39206,1880.625252856417
39207,1880.625252856417
39208,1880.625252856417
39209,1880.625252856417
39210,1880.625252856417
39211,1880.625252856417
39212,1880.625252856417
39213,1880.625252856417
39214,1880.625252856417
39215,1880.625252856417
39216,1880.625252856417
39217,1880.625252856417
39218,1880.625252856417
39219,1880.625252856417
39220,1880.625252856417
39221,1880.625252856417
39222,1880.625252856417
39223,1880.625252856417
39224,1880.625252856417
39225,1880.625252856417
39226,1880.625252856417
39227,1880.625252856417
39228,1880.625252856417
39229,1880.625252856417
39230,1880.625252856417
39231,1880.625252856417
39232,1880.625252856417
39233,1880.625252856417
39234,1880.625252856417
39235,1880.625252856417
39236,1880.625252856417
39237,1880.625252856417
39238,1880.625252856417
39239,1880.625252856417
39240,1880.625252856417
39241,1880.625252856417
39242,1880.625252856417
39243,1880.625252856417
39244,1880.625252856417
39245,1880.625252856417
39246,1880.625252856417
39247,1880.625252856417
39248,1880.625252856417
39249,1880.625252856417
39250,1880.625252856417
39251,1880.625252856417
39252,1880.625252856417
39253,1880.625252856417
39254,1880.625252856417
39255,1880.625252856417
39256,1880.625252856417
39257,1880.625252856417
39258,1880.625252856417
39259,1880.625252856417
39260,1880.625252856417
39261,1880.625252856417
39262,1880.625252856417
39263,1880.625252856417
39264,1880.625252856417
39265,1880.625252856417
39266,1880.625252856417
39267,1880.625252856417
39268,1880.625252856417
39269,1880.625252856417
39270,1880.625252856417
39271,1880.625252856417
39272,1880.625252856417
39273,1880.625252856417
39274,1880.625252856417
39275,1880.625252856417
39276,1880.625252856417
39277,1880.625252856417
39278,1880.625252856417
39279,1880.625252856417
39280,1880.625252856417
39281,1880.625252856417
39282,1880.625252856417
39283,1880.625252856417
39284,1880.625252856417
39285,1880.625252856417
39286,1880.625252856417
39287,1880.625252856417
39288,1880.625252856417
39289,1880.625252856417
39290,1880.625252856417
39291,1880.625252856417
39292,1880.625252856417
39293,1880.625252856417
39294,1880.625252856417
39295,1880.625252856417
39296,1880.625252856417
39297,1880.625252856417
39298,1880.625252856417
39299,1880.625252856417
39300,1880.625252856417
39301,1880.625252856417
39302,1880.625252856417
39303,1880.625252856417
39304,1880.625252856417
39305,1880.625252856417
39306,1880.625252856417
39307,1880.625252856417
39308,1880.625252856417
39309,1880.625252856417
39310,1880.625252856417
39311,1880.625252856417
39312,1880.625252856417
39313,1880.625252856417
39314,1880.625252856417
39315,1880.625252856417
39316,1880.625252856417
39317,1880.625252856417
39318,1880.625252856417
39319,1880.625252856417
39320,1880.625252856417
39321,1880.625252856417
39322,1880.625252856417
39323,1880.625252856417
39324,1880.625252856417
39325,1880.625252856417
39326,1880.625252856417
39327,1880.625252856417
39328,1880.625252856417
39329,1880.625252856417
39330,1880.625252856417
39331,1880.625252856417
39332,1880.625252856417
39333,1880.625252856417
39334,1880.625252856417
39335,1880.625252856417
39336,1880.625252856417
39337,1880.625252856417
39338,1880.625252856417
39339,1880.625252856417
39340,1880.625252856417
39341,1880.625252856417
39342,1880.625252856417
39343,1880.625252856417
39344,1880.625252856417
39345,1880.625252856417
39346,1880.625252856417
39347,1880.625252856417
39348,1880.625252856417
39349,1880.625252856417
39350,1880.625252856417
39351,1880.625252856417
39352,1880.625252856417
39353,1880.625252856417
39354,1880.625252856417
39355,1880.625252856417
39356,1880.625252856417
39357,1880.625252856417
39358,1880.625252856417
39359,1880.625252856417
39360,1880.625252856417
39361,1880.625252856417
39362,1880.625252856417
39363,1880.625252856417
39364,1880.625252856417
39365,1880.625252856417
39366,1880.625252856417
39367,1880.625252856417
39368,1880.625252856417
39369,1880.625252856417
39370,1880.625252856417
39371,1880.625252856417
39372,1880.625252856417
39373,1880.625252856417
39374,1880.625252856417
39375,1880.625252856417
39376,1880.625252856417
39377,1880.625252856417
39378,1880.625252856417
39379,1880.625252856417
39380,1880.625252856417
39381,1880.625252856417
39382,1880.625252856417
39383,1880.625252856417
39384,1880.625252856417
39385,1880.625252856417
39386,1880.625252856417
39387,1880.625252856417
39388,1880.625252856417
39389,1880.625252856417
39390,1880.625252856417
39391,1880.625252856417
39392,1880.625252856417
39393,1880.625252856417
39394,1880.625252856417
39395,1880.625252856417
39396,1880.625252856417
39397,1880.625252856417
39398,1880.625252856417
39399,1880.625252856417
39400,1880.625252856417
39401,1880.625252856417
39402,1880.625252856417
39403,1880.625252856417
39404,1880.625252856417
39405,1880.625252856417
39406,1880.625252856417
39407,1880.625252856417
39408,1880.625252856417
39409,1880.625252856417
39410,1880.625252856417
39411,1880.625252856417
39412,1880.625252856417
39413,1880.625252856417
39414,1880.625252856417
39415,1880.625252856417
39416,1880.625252856417
39417,1880.625252856417
39418,1880.625252856417
39419,1880.625252856417
39420,1880.625252856417
39421,1880.625252856417
39422,1880.625252856417
39423,1880.625252856417
39424,1880.625252856417
39425,1880.625252856417
39426,1880.625252856417
39427,1880.625252856417
39428,1880.625252856417
39429,1880.625252856417
39430,1880.625252856417
39431,1880.625252856417
39432,1880.625252856417
39433,1880.625252856417
39434,1880.625252856417
39435,1880.625252856417
39436,1880.625252856417
39437,1880.625252856417
39438,1880.625252856417
39439,1880.625252856417
39440,1880.625252856417
39441,1880.625252856417
39442,1880.625252856417
39443,1880.625252856417
39444,1880.625252856417
39445,1880.625252856417
39446,1880.625252856417
39447,1880.625252856417
39448,1880.625252856417
39449,1880.625252856417
39450,1880.625252856417
39451,1880.625252856417
39452,1880.625252856417
39453,1880.625252856417
39454,1880.625252856417
39455,1880.625252856417
39456,1880.625252856417
39457,1880.625252856417
39458,1880.625252856417
39459,1880.625252856417
39460,1880.625252856417
39461,1880.625252856417
39462,1880.625252856417
39463,1880.625252856417
39464,1880.625252856417
39465,1880.625252856417
39466,1880.625252856417
39467,1880.625252856417
39468,1880.625252856417
39469,1880.625252856417
39470,1880.625252856417
39471,1880.625252856417
39472,1880.625252856417
39473,1880.625252856417
39474,1880.625252856417
39475,1880.625252856417
39476,1880.625252856417
39477,1880.625252856417
39478,1880.625252856417
39479,1880.625252856417
39480,1880.625252856417
39481,1880.625252856417
39482,1880.625252856417
39483,1880.625252856417
39484,1880.625252856417
39485,1880.625252856417
39486,1880.625252856417
39487,1880.625252856417
39488,1880.625252856417
39489,1880.625252856417
39490,1880.625252856417
39491,1880.625252856417
39492,1880.625252856417
39493,1880.625252856417
39494,1880.625252856417
39495,1880.625252856417
39496,1880.625252856417
39497,1880.625252856417
39498,1880.625252856417
39499,1880.625252856417
39500,1880.625252856417
39501,1880.625252856417
39502,1880.625252856417
39503,1880.625252856417
39504,1880.625252856417
39505,1880.625252856417
39506,1880.625252856417
39507,1880.625252856417
39508,1880.625252856417
39509,1880.625252856417
39510,1880.625252856417
39511,1880.625252856417
39512,1880.625252856417
39513,1880.625252856417
39514,1880.625252856417
39515,1880.625252856417
39516,1880.625252856417
39517,1880.625252856417
39518,1880.625252856417
39519,1880.625252856417
39520,1880.625252856417
39521,1880.625252856417
39522,1880.625252856417
39523,1880.625252856417
39524,1880.625252856417
39525,1880.625252856417
39526,1880.625252856417
39527,1880.625252856417
39528,1880.625252856417
39529,1880.625252856417
39530,1880.625252856417
39531,1880.625252856417
39532,1880.625252856417
39533,1880.625252856417
39534,1880.625252856417
39535,1880.625252856417
39536,1880.625252856417
39537,1880.625252856417
39538,1880.625252856417
39539,1880.625252856417
39540,1880.625252856417
39541,1880.625252856417
39542,1880.625252856417
39543,1880.625252856417
39544,1880.625252856417
39545,1880.625252856417
39546,1880.625252856417
39547,1880.625252856417
39548,1880.625252856417
39549,1880.625252856417
39550,1880.625252856417
39551,1880.625252856417
39552,1880.625252856417
39553,1880.625252856417
39554,1880.625252856417
39555,1880.625252856417
39556,1880.625252856417
39557,1880.625252856417
39558,1880.625252856417
39559,1880.625252856417
39560,1880.625252856417
39561,1880.625252856417
39562,1880.625252856417
39563,1880.625252856417
39564,1880.625252856417
39565,1880.625252856417
39566,1880.625252856417
39567,1880.625252856417
39568,1880.625252856417
39569,1880.625252856417
39570,1880.625252856417
39571,1880.625252856417
39572,1880.625252856417
39573,1880.625252856417
39574,1880.625252856417
39575,1880.625252856417
39576,1880.625252856417
39577,1880.625252856417
39578,1880.625252856417
39579,1880.625252856417
39580,1880.625252856417
39581,1880.625252856417
39582,1880.625252856417
39583,1880.625252856417
39584,1880.625252856417
39585,1880.625252856417
39586,1880.625252856417
39587,1880.625252856417
39588,1880.625252856417
39589,1880.625252856417
39590,1880.625252856417
39591,1880.625252856417
39592,1880.625252856417
39593,1880.625252856417
39594,1880.625252856417
39595,1880.625252856417
39596,1880.625252856417
39597,1880.625252856417
39598,1880.625252856417
39599,1880.625252856417
39600,1880.625252856417
39601,1880.625252856417
39602,1880.625252856417
39603,1880.625252856417
39604,1880.625252856417
39605,1880.625252856417
39606,1880.625252856417
39607,1880.625252856417
39608,1880.625252856417
39609,1880.625252856417
39610,1880.625252856417
39611,1880.625252856417
39612,1880.625252856417
39613,1880.625252856417
39614,1880.625252856417
39615,1880.625252856417
39616,1880.625252856417
39617,1880.625252856417
39618,1880.625252856417
39619,1880.625252856417
39620,1880.625252856417
39621,1880.625252856417
39622,1880.625252856417
39623,1880.625252856417
39624,1880.625252856417
39625,1880.625252856417
39626,1880.625252856417
39627,1880.625252856417
39628,1880.625252856417
39629,1880.625252856417
39630,1880.625252856417
39631,1880.625252856417
39632,1880.625252856417
39633,1880.625252856417
39634,1880.625252856417
39635,1880.625252856417
39636,1880.625252856417
39637,1880.625252856417
39638,1880.625252856417
39639,1880.625252856417
39640,1880.625252856417
39641,1880.625252856417
39642,1880.625252856417
39643,1880.625252856417
39644,1880.625252856417
39645,1880.625252856417
39646,1880.625252856417
39647,1880.625252856417
39648,1880.625252856417
39649,1880.625252856417
39650,1880.625252856417
39651,1880.625252856417
39652,1880.625252856417
39653,1880.625252856417
39654,1880.625252856417
39655,1880.625252856417
39656,1880.625252856417
39657,1880.625252856417
39658,1880.625252856417
39659,1880.625252856417
39660,1880.625252856417
39661,1880.625252856417
39662,1880.625252856417
39663,1880.625252856417
39664,1880.625252856417
39665,1880.625252856417
39666,1880.625252856417
39667,1880.625252856417
39668,1880.625252856417
39669,1880.625252856417
39670,1880.625252856417
39671,1880.625252856417
39672,1880.625252856417
39673,1880.625252856417
39674,1880.625252856417
39675,1880.625252856417
39676,1880.625252856417
39677,1880.625252856417
39678,1880.625252856417
39679,1880.625252856417
39680,1880.625252856417
39681,1880.625252856417
39682,1880.625252856417
39683,1880.625252856417
39684,1880.625252856417
39685,1880.625252856417
39686,1880.625252856417
39687,1880.625252856417
39688,1880.625252856417
39689,1880.625252856417
39690,1880.625252856417
39691,1880.625252856417
39692,1880.625252856417
39693,1880.625252856417
39694,1880.625252856417
39695,1880.625252856417
39696,1880.625252856417
39697,1880.625252856417
39698,1880.625252856417
39699,1880.625252856417
39700,1880.625252856417
39701,1880.625252856417
39702,1880.625252856417
39703,1880.625252856417
39704,1880.625252856417
39705,1880.625252856417
39706,1880.625252856417
39707,1880.625252856417
39708,1880.625252856417
39709,1880.625252856417
39710,1880.625252856417
39711,1880.625252856417
39712,1880.625252856417
39713,1880.625252856417
39714,1880.625252856417
39715,1880.625252856417
39716,1880.625252856417
39717,1880.625252856417
39718,1880.625252856417
39719,1880.625252856417
39720,1880.625252856417
39721,1880.625252856417
39722,1880.625252856417
39723,1880.625252856417
39724,1880.625252856417
39725,1880.625252856417
39726,1880.625252856417
39727,1880.625252856417
39728,1880.625252856417
39729,1880.625252856417
39730,1880.625252856417
39731,1880.625252856417
39732,1880.625252856417
39733,1880.625252856417
39734,1880.625252856417
39735,1880.625252856417
39736,1880.625252856417
39737,1880.625252856417
39738,1880.625252856417
39739,1880.625252856417
39740,1880.625252856417
39741,1880.625252856417
39742,1880.625252856417
39743,1880.625252856417
39744,1880.625252856417
39745,1880.625252856417
39746,1880.625252856417
39747,1880.625252856417
39748,1880.625252856417
39749,1880.625252856417
39750,1880.625252856417
39751,1880.625252856417
39752,1880.625252856417
39753,1880.625252856417
39754,1880.625252856417
39755,1880.625252856417
39756,1880.625252856417
39757,1880.625252856417
39758,1880.625252856417
39759,1880.625252856417
39760,1880.625252856417
39761,1880.625252856417
39762,1880.625252856417
39763,1880.625252856417
39764,1880.625252856417
39765,1880.625252856417
39766,1880.625252856417
39767,1880.625252856417
39768,1880.625252856417
39769,1880.625252856417
39770,1880.625252856417
39771,1880.625252856417
39772,1880.625252856417
39773,1880.625252856417
39774,1880.625252856417
39775,1880.625252856417
39776,1880.625252856417
39777,1880.625252856417
39778,1880.625252856417
39779,1880.625252856417
39780,1880.625252856417
39781,1880.625252856417
39782,1880.625252856417
39783,1880.625252856417
39784,1880.625252856417
39785,1880.625252856417
39786,1880.625252856417
39787,1880.625252856417
39788,1880.625252856417
39789,1880.625252856417
39790,1880.625252856417
39791,1880.625252856417
39792,1880.625252856417
39793,1880.625252856417
39794,1880.625252856417
39795,1880.625252856417
39796,1880.625252856417
39797,1880.625252856417
39798,1880.625252856417
39799,1880.625252856417
39800,1880.625252856417
39801,1880.625252856417
39802,1880.625252856417
39803,1880.625252856417
39804,1880.625252856417
39805,1880.625252856417
39806,1880.625252856417
39807,1880.625252856417
39808,1880.625252856417
39809,1880.625252856417
39810,1880.625252856417
39811,1880.625252856417
39812,1880.625252856417
39813,1880.625252856417
39814,1880.625252856417
39815,1880.625252856417
39816,1880.625252856417
39817,1880.625252856417
39818,1880.625252856417
39819,1880.625252856417
39820,1880.625252856417
39821,1880.625252856417
39822,1880.625252856417
39823,1880.625252856417
39824,1880.625252856417
39825,1880.625252856417
39826,1880.625252856417
39827,1880.625252856417
39828,1880.625252856417
39829,1880.625252856417
39830,1880.625252856417
39831,1880.625252856417
39832,1880.625252856417
39833,1880.625252856417
39834,1880.625252856417
39835,1880.625252856417
39836,1880.625252856417
39837,1880.625252856417
39838,1880.625252856417
39839,1880.625252856417
39840,1880.625252856417
39841,1880.625252856417
39842,1880.625252856417
39843,1880.625252856417
39844,1880.625252856417
39845,1880.625252856417
39846,1880.625252856417
39847,1880.625252856417
39848,1880.625252856417
39849,1880.625252856417
39850,1880.625252856417
39851,1880.625252856417
39852,1880.625252856417
39853,1880.625252856417
39854,1880.625252856417
39855,1880.625252856417
39856,1880.625252856417
39857,1880.625252856417
39858,1880.625252856417
39859,1880.625252856417
39860,1880.625252856417
39861,1880.625252856417
39862,1880.625252856417
39863,1880.625252856417
39864,1880.625252856417
39865,1880.625252856417
39866,1880.625252856417
39867,1880.625252856417
39868,1880.625252856417
39869,1880.625252856417
39870,1880.625252856417
39871,1880.625252856417
39872,1880.625252856417
39873,1880.625252856417
39874,1880.625252856417
39875,1880.625252856417
39876,1880.625252856417
39877,1880.625252856417
39878,1880.625252856417
39879,1880.625252856417
39880,1880.625252856417
39881,1880.625252856417
39882,1880.625252856417
39883,1880.625252856417
39884,1880.625252856417
39885,1880.625252856417
39886,1880.625252856417
39887,1880.625252856417
39888,1880.625252856417
39889,1880.625252856417
39890,1880.625252856417
39891,1880.625252856417
39892,1880.625252856417
39893,1880.625252856417
39894,1880.625252856417
39895,1880.625252856417
39896,1880.625252856417
39897,1880.625252856417
39898,1880.625252856417
39899,1880.625252856417
39900,1880.625252856417
39901,1880.625252856417
39902,1880.625252856417
39903,1880.625252856417
39904,1880.625252856417
39905,1880.625252856417
39906,1880.625252856417
39907,1880.625252856417
39908,1880.625252856417
39909,1880.625252856417
39910,1880.625252856417
39911,1880.625252856417
39912,1880.625252856417
39913,1880.625252856417
39914,1880.625252856417
39915,1880.625252856417
39916,1880.625252856417
39917,1880.625252856417
39918,1880.625252856417
39919,1880.625252856417
39920,1880.625252856417
39921,1880.625252856417
39922,1880.625252856417
39923,1880.625252856417
39924,1880.625252856417
39925,1880.625252856417
39926,1880.625252856417
39927,1880.625252856417
39928,1880.625252856417
39929,1880.625252856417
39930,1880.625252856417
39931,1880.625252856417
39932,1880.625252856417
39933,1880.625252856417
39934,1880.625252856417
39935,1880.625252856417
39936,1880.625252856417
39937,1880.625252856417
39938,1880.625252856417
39939,1880.625252856417
39940,1880.625252856417
39941,1880.625252856417
39942,1880.625252856417
39943,1880.625252856417
39944,1880.625252856417
39945,1880.625252856417
39946,1880.625252856417
39947,1880.625252856417
39948,1880.625252856417
39949,1880.625252856417
39950,1880.625252856417
39951,1880.625252856417
39952,1880.625252856417
39953,1880.625252856417
39954,1880.625252856417
39955,1880.625252856417
39956,1880.625252856417
39957,1880.625252856417
39958,1880.625252856417
39959,1880.625252856417
39960,1880.625252856417
39961,1880.625252856417
39962,1880.625252856417
39963,1880.625252856417
39964,1880.625252856417
39965,1880.625252856417
39966,1880.625252856417
39967,1880.625252856417
39968,1880.625252856417
39969,1880.625252856417
39970,1880.625252856417
39971,1880.625252856417
39972,1880.625252856417
39973,1880.625252856417
39974,1880.625252856417
39975,1880.625252856417
39976,1880.625252856417
39977,1880.625252856417
39978,1880.625252856417
39979,1880.625252856417
39980,1880.625252856417
39981,1880.625252856417
39982,1880.625252856417
39983,1880.625252856417
39984,1880.625252856417
39985,1880.625252856417
39986,1880.625252856417
39987,1880.625252856417
39988,1880.625252856417
39989,1880.625252856417
39990,1880.625252856417
39991,1880.625252856417
39992,1880.625252856417
39993,1880.625252856417
39994,1880.625252856417
39995,1880.625252856417
39996,1880.625252856417
39997,1880.625252856417
39998,1880.625252856417
39999,1880.625252856417
40000,1880.625252856417
40001,1880.625252856417
40002,1880.625252856417
40003,1880.625252856417
40004,1880.625252856417
40005,1880.625252856417
40006,1880.625252856417
40007,1880.625252856417
40008,1880.625252856417
40009,1880.625252856417
40010,1880.625252856417
40011,1880.625252856417
40012,1880.625252856417
40013,1880.625252856417
40014,1880.625252856417
40015,1880.625252856417
40016,1880.625252856417
40017,1880.625252856417
40018,1880.625252856417
40019,1880.625252856417
40020,1880.625252856417
40021,1880.625252856417
40022,1880.625252856417
40023,1880.625252856417
40024,1880.625252856417
40025,1880.625252856417
40026,1880.625252856417
40027,1880.625252856417
40028,1880.625252856417
40029,1880.625252856417
40030,1880.625252856417
40031,1880.625252856417
40032,1880.625252856417
40033,1880.625252856417
40034,1880.625252856417
40035,1880.625252856417
40036,1880.625252856417
40037,1880.625252856417
40038,1880.625252856417
40039,1880.625252856417
40040,1880.625252856417
40041,1880.625252856417
40042,1880.625252856417
40043,1880.625252856417
40044,1880.625252856417
40045,1880.625252856417
40046,1880.625252856417
40047,1880.625252856417
40048,1880.625252856417
40049,1880.625252856417
40050,1880.625252856417
40051,1880.625252856417
40052,1880.625252856417
40053,1880.625252856417
40054,1880.625252856417
40055,1880.625252856417
40056,1880.625252856417
40057,1880.625252856417
40058,1880.625252856417
40059,1880.625252856417
40060,1880.625252856417
40061,1880.625252856417
40062,1880.625252856417
40063,1880.625252856417
40064,1880.625252856417
40065,1880.625252856417
40066,1880.625252856417
40067,1880.625252856417
40068,1880.625252856417
40069,1880.625252856417
40070,1880.625252856417
40071,1880.625252856417
40072,1880.625252856417
40073,1880.625252856417
40074,1880.625252856417
40075,1880.625252856417
40076,1880.625252856417
40077,1880.625252856417
40078,1880.625252856417
40079,1880.625252856417
40080,1880.625252856417
40081,1880.625252856417
40082,1880.625252856417
40083,1880.625252856417
40084,1880.625252856417
40085,1880.625252856417
40086,1880.625252856417
40087,1880.625252856417
40088,1880.625252856417
40089,1880.625252856417
40090,1880.625252856417
40091,1880.625252856417
40092,1880.625252856417
40093,1880.625252856417
40094,1880.625252856417
40095,1880.625252856417
40096,1880.625252856417
40097,1880.625252856417
40098,1880.625252856417
40099,1880.625252856417
40100,1880.625252856417
40101,1880.625252856417
40102,1880.625252856417
40103,1880.625252856417
40104,1880.625252856417
40105,1880.625252856417
40106,1880.625252856417
40107,1880.625252856417
40108,1880.625252856417
40109,1880.625252856417
40110,1880.625252856417
40111,1880.625252856417
40112,1880.625252856417
40113,1880.625252856417
40114,1880.625252856417
40115,1880.625252856417
40116,1880.625252856417
40117,1880.625252856417
40118,1880.625252856417
40119,1880.625252856417
40120,1880.625252856417
40121,1880.625252856417
40122,1880.625252856417
40123,1880.625252856417
40124,1880.625252856417
40125,1880.625252856417
40126,1880.625252856417
40127,1880.625252856417
40128,1880.625252856417
40129,1880.625252856417
40130,1880.625252856417
40131,1880.625252856417
40132,1880.625252856417
40133,1880.625252856417
40134,1880.625252856417
40135,1880.625252856417
40136,1880.625252856417
40137,1880.625252856417
40138,1880.625252856417
40139,1880.625252856417
40140,1880.625252856417
40141,1880.625252856417
40142,1880.625252856417
40143,1880.625252856417
40144,1880.625252856417
40145,1880.625252856417
40146,1880.625252856417
40147,1880.625252856417
40148,1880.625252856417
40149,1880.625252856417
40150,1880.625252856417
40151,1880.625252856417
40152,1880.625252856417
40153,1880.625252856417
40154,1880.625252856417
40155,1880.625252856417
40156,1880.625252856417
40157,1880.625252856417
40158,1880.625252856417
40159,1880.625252856417
40160,1880.625252856417
40161,1880.625252856417
40162,1880.625252856417
40163,1880.625252856417
40164,1880.625252856417
40165,1880.625252856417
40166,1880.625252856417
40167,1880.625252856417
40168,1880.625252856417
40169,1880.625252856417
40170,1880.625252856417
40171,1880.625252856417
40172,1880.625252856417
40173,1880.625252856417
40174,1880.625252856417
40175,1880.625252856417
40176,1880.625252856417
40177,1880.625252856417
40178,1880.625252856417
40179,1880.625252856417
40180,1880.625252856417
40181,1880.625252856417
40182,1880.625252856417
40183,1880.625252856417
40184,1880.625252856417
40185,1880.625252856417
40186,1880.625252856417
40187,1880.625252856417
40188,1880.625252856417
40189,1880.625252856417
40190,1880.625252856417
40191,1880.625252856417
40192,1880.625252856417
40193,1880.625252856417
40194,1880.625252856417
40195,1880.625252856417
40196,1880.625252856417
40197,1880.625252856417
40198,1880.625252856417
40199,1880.625252856417
40200,1880.625252856417
40201,1880.625252856417
40202,1880.625252856417
40203,1880.625252856417
40204,1880.625252856417
40205,1880.625252856417
40206,1880.625252856417
40207,1880.625252856417
40208,1880.625252856417
40209,1880.625252856417
40210,1880.625252856417
40211,1880.625252856417
40212,1880.625252856417
40213,1880.625252856417
40214,1880.625252856417
40215,1880.625252856417
40216,1880.625252856417
40217,1880.625252856417
40218,1880.625252856417
40219,1880.625252856417
40220,1880.625252856417
40221,1880.625252856417
40222,1880.625252856417
40223,1880.625252856417
40224,1880.625252856417
40225,1880.625252856417
40226,1880.625252856417
40227,1880.625252856417
40228,1880.625252856417
40229,1880.625252856417
40230,1880.625252856417
40231,1880.625252856417
40232,1880.625252856417
40233,1880.625252856417
40234,1880.625252856417
40235,1880.625252856417
40236,1880.625252856417
40237,1880.625252856417
40238,1880.625252856417
40239,1880.625252856417
40240,1880.625252856417
40241,1880.625252856417
40242,1880.625252856417
40243,1880.625252856417
40244,1880.625252856417
40245,1880.625252856417
40246,1880.625252856417
40247,1880.625252856417
40248,1880.625252856417
40249,1880.625252856417
40250,1880.625252856417
40251,1880.625252856417
40252,1880.625252856417
40253,1880.625252856417
40254,1880.625252856417
40255,1880.625252856417
40256,1880.625252856417
40257,1880.625252856417
40258,1880.625252856417
40259,1880.625252856417
40260,1880.625252856417
40261,1880.625252856417
40262,1880.625252856417
40263,1880.625252856417
40264,1880.625252856417
40265,1880.625252856417
40266,1880.625252856417
40267,1880.625252856417
40268,1880.625252856417
40269,1880.625252856417
40270,1880.625252856417
40271,1880.625252856417
40272,1880.625252856417
40273,1880.625252856417
40274,1880.625252856417
40275,1880.625252856417
40276,1880.625252856417
40277,1880.625252856417
40278,1880.625252856417
40279,1880.625252856417
40280,1880.625252856417
40281,1880.625252856417
40282,1880.625252856417
40283,1880.625252856417
40284,1880.625252856417
40285,1880.625252856417
40286,1880.625252856417
40287,1880.625252856417
40288,1880.625252856417
40289,1880.625252856417
40290,1880.625252856417
40291,1880.625252856417
40292,1880.625252856417
40293,1880.625252856417
40294,1880.625252856417
40295,1880.625252856417
40296,1880.625252856417
40297,1880.625252856417
40298,1880.625252856417
40299,1880.625252856417
40300,1880.625252856417
40301,1880.625252856417
40302,1880.625252856417
40303,1880.625252856417
40304,1880.625252856417
40305,1880.625252856417
40306,1880.625252856417
40307,1880.625252856417
40308,1880.625252856417
40309,1880.625252856417
40310,1880.625252856417
40311,1880.625252856417
40312,1880.625252856417
40313,1880.625252856417
40314,1880.625252856417
40315,1880.625252856417
40316,1880.625252856417
40317,1880.625252856417
40318,1880.625252856417
40319,1880.625252856417
40320,1880.625252856417
40321,1880.625252856417
40322,1880.625252856417
40323,1880.625252856417
40324,1880.625252856417
40325,1880.625252856417
40326,1880.625252856417
40327,1880.625252856417
40328,1880.625252856417
40329,1880.625252856417
40330,1880.625252856417
40331,1880.625252856417
40332,1880.625252856417
40333,1880.625252856417
40334,1880.625252856417
40335,1880.625252856417
40336,1880.625252856417
40337,1880.625252856417
40338,1880.625252856417
40339,1880.625252856417
40340,1880.625252856417
40341,1880.625252856417
40342,1880.625252856417
40343,1880.625252856417
40344,1880.625252856417
40345,1880.625252856417
40346,1880.625252856417
40347,1880.625252856417
40348,1880.625252856417
40349,1880.625252856417
40350,1880.625252856417
40351,1880.625252856417
40352,1880.625252856417
40353,1880.625252856417
40354,1880.625252856417
40355,1880.625252856417
40356,1880.625252856417
40357,1880.625252856417
40358,1880.625252856417
40359,1880.625252856417
40360,1880.625252856417
40361,1880.625252856417
40362,1880.625252856417
40363,1880.625252856417
40364,1880.625252856417
40365,1880.625252856417
40366,1880.625252856417
40367,1880.625252856417
40368,1880.625252856417
40369,1880.625252856417
40370,1880.625252856417
40371,1880.625252856417
40372,1880.625252856417
40373,1880.625252856417
40374,1880.625252856417
40375,1880.625252856417
40376,1880.625252856417
40377,1880.625252856417
40378,1880.625252856417
40379,1880.625252856417
40380,1880.625252856417
40381,1880.625252856417
40382,1880.625252856417
40383,1880.625252856417
40384,1880.625252856417
40385,1880.625252856417
40386,1880.625252856417
40387,1880.625252856417
40388,1880.625252856417
40389,1880.625252856417
40390,1880.625252856417
40391,1880.625252856417
40392,1880.625252856417
40393,1880.625252856417
40394,1880.625252856417
40395,1880.625252856417
40396,1880.625252856417
40397,1880.625252856417
40398,1880.625252856417
40399,1880.625252856417
40400,1880.625252856417
40401,1880.625252856417
40402,1880.625252856417
40403,1880.625252856417
40404,1880.625252856417
40405,1880.625252856417
40406,1880.625252856417
40407,1880.625252856417
40408,1880.625252856417
40409,1880.625252856417
40410,1880.625252856417
40411,1880.625252856417
40412,1880.625252856417
40413,1880.625252856417
40414,1880.625252856417
40415,1880.625252856417
40416,1880.625252856417
40417,1880.625252856417
40418,1880.625252856417
40419,1880.625252856417
40420,1880.625252856417
40421,1880.625252856417
40422,1880.625252856417
40423,1880.625252856417
40424,1880.625252856417
40425,1880.625252856417
40426,1880.625252856417
40427,1880.625252856417
40428,1880.625252856417
40429,1880.625252856417
40430,1880.625252856417
40431,1880.625252856417
40432,1880.625252856417
40433,1880.625252856417
40434,1880.625252856417
40435,1880.625252856417
40436,1880.625252856417
40437,1880.625252856417
40438,1880.625252856417
40439,1880.625252856417
40440,1880.625252856417
40441,1880.625252856417
40442,1880.625252856417
40443,1880.625252856417
40444,1880.625252856417
40445,1880.625252856417
40446,1880.625252856417
40447,1880.625252856417
40448,1880.625252856417
40449,1880.625252856417
40450,1880.625252856417
40451,1880.625252856417
40452,1880.625252856417
40453,1880.625252856417
40454,1880.625252856417
40455,1880.625252856417
40456,1880.625252856417
40457,1880.625252856417
40458,1880.625252856417
40459,1880.625252856417
40460,1880.625252856417
40461,1880.625252856417
40462,1880.625252856417
40463,1880.625252856417
40464,1880.625252856417
40465,1880.625252856417
40466,1880.625252856417
40467,1880.625252856417
40468,1880.625252856417
40469,1880.625252856417
40470,1880.625252856417
40471,1880.625252856417
40472,1880.625252856417
40473,1880.625252856417
40474,1880.625252856417
40475,1880.625252856417
40476,1880.625252856417
40477,1880.625252856417
40478,1880.625252856417
40479,1880.625252856417
40480,1880.625252856417
40481,1880.625252856417
40482,1880.625252856417
40483,1880.625252856417
40484,1880.625252856417
40485,1880.625252856417
40486,1880.625252856417
40487,1880.625252856417
40488,1880.625252856417
40489,1880.625252856417
40490,1880.625252856417
40491,1880.625252856417
40492,1880.625252856417
40493,1880.625252856417
40494,1880.625252856417
40495,1880.625252856417
40496,1880.625252856417
40497,1880.625252856417
40498,1880.625252856417
40499,1880.625252856417
40500,1880.625252856417
40501,1880.625252856417
40502,1880.625252856417
40503,1880.625252856417
40504,1880.625252856417
40505,1880.625252856417
40506,1880.625252856417
40507,1880.625252856417
40508,1880.625252856417
40509,1880.625252856417
40510,1880.625252856417
40511,1880.625252856417
40512,1880.625252856417
40513,1880.625252856417
40514,1880.625252856417
40515,1880.625252856417
40516,1880.625252856417
40517,1880.625252856417
40518,1880.625252856417
40519,1880.625252856417
40520,1880.625252856417
40521,1880.625252856417
40522,1880.625252856417
40523,1880.625252856417
40524,1880.625252856417
40525,1880.625252856417
40526,1880.625252856417
40527,1880.625252856417
40528,1880.625252856417
40529,1880.625252856417
40530,1880.625252856417
40531,1880.625252856417
40532,1880.625252856417
40533,1880.625252856417
40534,1880.625252856417
40535,1880.625252856417
40536,1880.625252856417
40537,1880.625252856417
40538,1880.625252856417
40539,1880.625252856417
40540,1880.625252856417
40541,1880.625252856417
40542,1880.625252856417
40543,1880.625252856417
40544,1880.625252856417
40545,1880.625252856417
40546,1880.625252856417
40547,1880.625252856417
40548,1880.625252856417
40549,1880.625252856417
40550,1880.625252856417
40551,1880.625252856417
40552,1880.625252856417
40553,1880.625252856417
40554,1880.625252856417
40555,1880.625252856417
40556,1880.625252856417
40557,1880.625252856417
40558,1880.625252856417
40559,1880.625252856417
40560,1880.625252856417
40561,1880.625252856417
40562,1880.625252856417
40563,1880.625252856417
40564,1880.625252856417
40565,1880.625252856417
40566,1880.625252856417
40567,1880.625252856417
40568,1880.625252856417
40569,1880.625252856417
40570,1880.625252856417
40571,1880.625252856417
40572,1880.625252856417
40573,1880.625252856417
40574,1880.625252856417
40575,1880.625252856417
40576,1880.625252856417
40577,1880.625252856417
40578,1880.625252856417
40579,1880.625252856417
40580,1880.625252856417
40581,1880.625252856417
40582,1880.625252856417
40583,1880.625252856417
40584,1880.625252856417
40585,1880.625252856417
40586,1880.625252856417
40587,1880.625252856417
40588,1880.625252856417
40589,1880.625252856417
40590,1880.625252856417
40591,1880.625252856417
40592,1880.625252856417
40593,1880.625252856417
40594,1880.625252856417
40595,1880.625252856417
40596,1880.625252856417
40597,1880.625252856417
40598,1880.625252856417
40599,1880.625252856417
40600,1880.625252856417
40601,1880.625252856417
40602,1880.625252856417
40603,1880.625252856417
40604,1880.625252856417
40605,1880.625252856417
40606,1880.625252856417
40607,1880.625252856417
40608,1880.625252856417
40609,1880.625252856417
40610,1880.625252856417
40611,1880.625252856417
40612,1880.625252856417
40613,1880.625252856417
40614,1880.625252856417
40615,1880.625252856417
40616,1880.625252856417
40617,1880.625252856417
40618,1880.625252856417
40619,1880.625252856417
40620,1880.625252856417
40621,1880.625252856417
40622,1880.625252856417
40623,1880.625252856417
40624,1880.625252856417
40625,1880.625252856417
40626,1880.625252856417
40627,1880.625252856417
40628,1880.625252856417
40629,1880.625252856417
40630,1880.625252856417
40631,1880.625252856417
40632,1880.625252856417
40633,1880.625252856417
40634,1880.625252856417
40635,1880.625252856417
40636,1880.625252856417
40637,1880.625252856417
40638,1880.625252856417
40639,1880.625252856417
40640,1880.625252856417
40641,1880.625252856417
40642,1880.625252856417
40643,1880.625252856417
40644,1880.625252856417
40645,1880.625252856417
40646,1880.625252856417
40647,1880.625252856417
40648,1880.625252856417
40649,1880.625252856417
40650,1880.625252856417
40651,1880.625252856417
40652,1880.625252856417
40653,1880.625252856417
40654,1880.625252856417
40655,1880.625252856417
40656,1880.625252856417
40657,1880.625252856417
40658,1880.625252856417
40659,1880.625252856417
40660,1880.625252856417
40661,1880.625252856417
40662,1880.625252856417
40663,1880.625252856417
40664,1880.625252856417
40665,1880.625252856417
40666,1880.625252856417
40667,1880.625252856417
40668,1880.625252856417
40669,1880.625252856417
40670,1880.625252856417
40671,1880.625252856417
40672,1880.625252856417
40673,1880.625252856417
40674,1880.625252856417
40675,1880.625252856417
40676,1880.625252856417
40677,1880.625252856417
40678,1880.625252856417
40679,1880.625252856417
40680,1880.625252856417
40681,1880.625252856417
40682,1880.625252856417
40683,1880.625252856417
40684,1880.625252856417
40685,1880.625252856417
40686,1880.625252856417
40687,1880.625252856417
40688,1880.625252856417
40689,1880.625252856417
40690,1880.625252856417
40691,1880.625252856417
40692,1880.625252856417
40693,1880.625252856417
40694,1880.625252856417
40695,1880.625252856417
40696,1880.625252856417
40697,1880.625252856417
40698,1880.625252856417
40699,1880.625252856417
40700,1880.625252856417
40701,1880.625252856417
40702,1880.625252856417
40703,1880.625252856417
40704,1880.625252856417
40705,1880.625252856417
40706,1880.625252856417
40707,1880.625252856417
40708,1880.625252856417
40709,1880.625252856417
40710,1880.625252856417
40711,1880.625252856417
40712,1880.625252856417
40713,1880.625252856417
40714,1880.625252856417
40715,1880.625252856417
40716,1880.625252856417
40717,1880.625252856417
40718,1880.625252856417
40719,1880.625252856417
40720,1880.625252856417
40721,1880.625252856417
40722,1880.625252856417
40723,1880.625252856417
40724,1880.625252856417
40725,1880.625252856417
40726,1880.625252856417
40727,1880.625252856417
40728,1880.625252856417
40729,1880.625252856417
40730,1880.625252856417
40731,1880.625252856417
40732,1880.625252856417
40733,1880.625252856417
40734,1880.625252856417
40735,1880.625252856417
40736,1880.625252856417
40737,1880.625252856417
40738,1880.625252856417
40739,1880.625252856417
40740,1880.625252856417
40741,1880.625252856417
40742,1880.625252856417
40743,1880.625252856417
40744,1880.625252856417
40745,1880.625252856417
40746,1880.625252856417
40747,1880.625252856417
40748,1880.625252856417
40749,1880.625252856417
40750,1880.625252856417
40751,1880.625252856417
40752,1880.625252856417
40753,1880.625252856417
40754,1880.625252856417
40755,1880.625252856417
40756,1880.625252856417
40757,1880.625252856417
40758,1880.625252856417
40759,1880.625252856417
40760,1880.625252856417
40761,1880.625252856417
40762,1880.625252856417
40763,1880.625252856417
40764,1880.625252856417
40765,1880.625252856417
40766,1880.625252856417
40767,1880.625252856417
40768,1880.625252856417
40769,1880.625252856417
40770,1880.625252856417
40771,1880.625252856417
40772,1880.625252856417
40773,1880.625252856417
40774,1880.625252856417
40775,1880.625252856417
40776,1880.625252856417
40777,1880.625252856417
40778,1880.625252856417
40779,1880.625252856417
40780,1880.625252856417
40781,1880.625252856417
40782,1880.625252856417
40783,1880.625252856417
40784,1880.625252856417
40785,1880.625252856417
40786,1880.625252856417
40787,1880.625252856417
40788,1880.625252856417
40789,1880.625252856417
40790,1880.625252856417
40791,1880.625252856417
40792,1880.625252856417
40793,1880.625252856417
40794,1880.625252856417
40795,1880.625252856417
40796,1880.625252856417
40797,1880.625252856417
40798,1880.625252856417
40799,1880.625252856417
40800,1880.625252856417
40801,1880.625252856417
40802,1880.625252856417
40803,1880.625252856417
40804,1880.625252856417
40805,1880.625252856417
40806,1880.625252856417
40807,1880.625252856417
40808,1880.625252856417
40809,1880.625252856417
40810,1880.625252856417
40811,1880.625252856417
40812,1880.625252856417
40813,1880.625252856417
40814,1880.625252856417
40815,1880.625252856417
40816,1880.625252856417
40817,1880.625252856417
40818,1880.625252856417
40819,1880.625252856417
40820,1880.625252856417
40821,1880.625252856417
40822,1880.625252856417
40823,1880.625252856417
40824,1880.625252856417
40825,1880.625252856417
40826,1880.625252856417
40827,1880.625252856417
40828,1880.625252856417
40829,1880.625252856417
40830,1880.625252856417
40831,1880.625252856417
40832,1880.625252856417
40833,1880.625252856417
40834,1880.625252856417
40835,1880.625252856417
40836,1880.625252856417
40837,1880.625252856417
40838,1880.625252856417
40839,1880.625252856417
40840,1880.625252856417
40841,1880.625252856417
40842,1880.625252856417
40843,1880.625252856417
40844,1880.625252856417
40845,1880.625252856417
40846,1880.625252856417
40847,1880.625252856417
40848,1880.625252856417
40849,1880.625252856417
40850,1880.625252856417
40851,1880.625252856417
40852,1880.625252856417
40853,1880.625252856417
40854,1880.625252856417
40855,1880.625252856417
40856,1880.625252856417
40857,1880.625252856417
40858,1880.625252856417
40859,1880.625252856417
40860,1880.625252856417
40861,1880.625252856417
40862,1880.625252856417
40863,1880.625252856417
40864,1880.625252856417
40865,1880.625252856417
40866,1880.625252856417
40867,1880.625252856417
40868,1880.625252856417
40869,1880.625252856417
40870,1880.625252856417
40871,1880.625252856417
40872,1880.625252856417
40873,1880.625252856417
40874,1880.625252856417
40875,1880.625252856417
40876,1880.625252856417
40877,1880.625252856417
40878,1880.625252856417
40879,1880.625252856417
40880,1880.625252856417
40881,1880.625252856417
40882,1880.625252856417
40883,1880.625252856417
40884,1880.625252856417
40885,1880.625252856417
40886,1880.625252856417
40887,1880.625252856417
40888,1880.625252856417
40889,1880.625252856417
40890,1880.625252856417
40891,1880.625252856417
40892,1880.625252856417
40893,1880.625252856417
40894,1880.625252856417
40895,1880.625252856417
40896,1880.625252856417
40897,1880.625252856417
40898,1880.625252856417
40899,1880.625252856417
40900,1880.625252856417
40901,1880.625252856417
40902,1880.625252856417
40903,1880.625252856417
40904,1880.625252856417
40905,1880.625252856417
40906,1880.625252856417
40907,1880.625252856417
40908,1880.625252856417
40909,1880.625252856417
40910,1880.625252856417
40911,1880.625252856417
40912,1880.625252856417
40913,1880.625252856417
40914,1880.625252856417
40915,1880.625252856417
40916,1880.625252856417
40917,1880.625252856417
40918,1880.625252856417
40919,1880.625252856417
40920,1880.625252856417
40921,1880.625252856417
40922,1880.625252856417
40923,1880.625252856417
40924,1880.625252856417
40925,1880.625252856417
40926,1880.625252856417
40927,1880.625252856417
40928,1880.625252856417
40929,1880.625252856417
40930,1880.625252856417
40931,1880.625252856417
40932,1880.625252856417
40933,1880.625252856417
40934,1880.625252856417
40935,1880.625252856417
40936,1880.625252856417
40937,1880.625252856417
40938,1880.625252856417
40939,1880.625252856417
40940,1880.625252856417
40941,1880.625252856417
40942,1880.625252856417
40943,1880.625252856417
40944,1880.625252856417
40945,1880.625252856417
40946,1880.625252856417
40947,1880.625252856417
40948,1880.625252856417
40949,1880.625252856417
40950,1880.625252856417
40951,1880.625252856417
40952,1880.625252856417
40953,1880.625252856417
40954,1880.625252856417
40955,1880.625252856417
40956,1880.625252856417
40957,1880.625252856417
40958,1880.625252856417
40959,1880.625252856417
40960,1880.625252856417
40961,1880.625252856417
40962,1880.625252856417
40963,1880.625252856417
40964,1880.625252856417
40965,1880.625252856417
40966,1880.625252856417
40967,1880.625252856417
40968,1880.625252856417
40969,1880.625252856417
40970,1880.625252856417
40971,1880.625252856417
40972,1880.625252856417
40973,1880.625252856417
40974,1880.625252856417
40975,1880.625252856417
40976,1880.625252856417
40977,1880.625252856417
40978,1880.625252856417
40979,1880.625252856417
40980,1880.625252856417
40981,1880.625252856417
40982,1880.625252856417
40983,1880.625252856417
40984,1880.625252856417
40985,1880.625252856417
40986,1880.625252856417
40987,1880.625252856417
40988,1880.625252856417
40989,1880.625252856417
40990,1880.625252856417
40991,1880.625252856417
40992,1880.625252856417
40993,1880.625252856417
40994,1880.625252856417
40995,1880.625252856417
40996,1880.625252856417
40997,1880.625252856417
40998,1880.625252856417
40999,1880.625252856417
41000,1880.625252856417
41001,1880.625252856417
41002,1880.625252856417
41003,1880.625252856417
41004,1880.625252856417
41005,1880.625252856417
41006,1880.625252856417
41007,1880.625252856417
41008,1880.625252856417
41009,1880.625252856417
41010,1880.625252856417
41011,1880.625252856417
41012,1880.625252856417
41013,1880.625252856417
41014,1880.625252856417
41015,1880.625252856417
41016,1880.625252856417
41017,1880.625252856417
41018,1880.625252856417
41019,1880.625252856417
41020,1880.625252856417
41021,1880.625252856417
41022,1880.625252856417
41023,1880.625252856417
41024,1880.625252856417
41025,1880.625252856417
41026,1880.625252856417
41027,1880.625252856417
41028,1880.625252856417
41029,1880.625252856417
41030,1880.625252856417
41031,1880.625252856417
41032,1880.625252856417
41033,1880.625252856417
41034,1880.625252856417
41035,1880.625252856417
41036,1880.625252856417
41037,1880.625252856417
41038,1880.625252856417
41039,1880.625252856417
41040,1880.625252856417
41041,1880.625252856417
41042,1880.625252856417
41043,1880.625252856417
41044,1880.625252856417
41045,1880.625252856417
41046,1880.625252856417
41047,1880.625252856417
41048,1880.625252856417
41049,1880.625252856417
41050,1880.625252856417
41051,1880.625252856417
41052,1880.625252856417
41053,1880.625252856417
41054,1880.625252856417
41055,1880.625252856417
41056,1880.625252856417
41057,1880.625252856417
41058,1880.625252856417
41059,1880.625252856417
41060,1880.625252856417
41061,1880.625252856417
41062,1880.625252856417
41063,1880.625252856417
41064,1880.625252856417
41065,1880.625252856417
41066,1880.625252856417
41067,1880.625252856417
41068,1880.625252856417
41069,1880.625252856417
41070,1880.625252856417
41071,1880.625252856417
41072,1880.625252856417
41073,1880.625252856417
41074,1880.625252856417
41075,1880.625252856417
41076,1880.625252856417
41077,1880.625252856417
41078,1880.625252856417
41079,1880.625252856417
41080,1880.625252856417
41081,1880.625252856417
41082,1880.625252856417
41083,1880.625252856417
41084,1880.625252856417
41085,1880.625252856417
41086,1880.625252856417
41087,1880.625252856417
41088,1880.625252856417
41089,1880.625252856417
41090,1880.625252856417
41091,1880.625252856417
41092,1880.625252856417
41093,1880.625252856417
41094,1880.625252856417
41095,1880.625252856417
41096,1880.625252856417
41097,1880.625252856417
41098,1880.625252856417
41099,1880.625252856417
41100,1880.625252856417
41101,1880.625252856417
41102,1880.625252856417
41103,1880.625252856417
41104,1880.625252856417
41105,1880.625252856417
41106,1880.625252856417
41107,1880.625252856417
41108,1880.625252856417
41109,1880.625252856417
41110,1880.625252856417
41111,1880.625252856417
41112,1880.625252856417
41113,1880.625252856417
41114,1880.625252856417
41115,1880.625252856417
41116,1880.625252856417
41117,1880.625252856417
41118,1880.625252856417
41119,1880.625252856417
41120,1880.625252856417
41121,1880.625252856417
41122,1880.625252856417
41123,1880.625252856417
41124,1880.625252856417
41125,1880.625252856417
41126,1880.625252856417
41127,1880.625252856417
41128,1880.625252856417
41129,1880.625252856417
41130,1880.625252856417
41131,1880.625252856417
41132,1880.625252856417
41133,1880.625252856417
41134,1880.625252856417
41135,1880.625252856417
41136,1880.625252856417
41137,1880.625252856417
41138,1880.625252856417
41139,1880.625252856417
41140,1880.625252856417
41141,1880.625252856417
41142,1880.625252856417
41143,1880.625252856417
41144,1880.625252856417
41145,1880.625252856417
41146,1880.625252856417
41147,1880.625252856417
41148,1880.625252856417
41149,1880.625252856417
41150,1880.625252856417
41151,1880.625252856417
41152,1880.625252856417
41153,1880.625252856417
41154,1880.625252856417
41155,1880.625252856417
41156,1880.625252856417
41157,1880.625252856417
41158,1880.625252856417
41159,1880.625252856417
41160,1880.625252856417
41161,1880.625252856417
41162,1880.625252856417
41163,1880.625252856417
41164,1880.625252856417
41165,1880.625252856417
41166,1880.625252856417
41167,1880.625252856417
41168,1880.625252856417
41169,1880.625252856417
41170,1880.625252856417
41171,1880.625252856417
41172,1880.625252856417
41173,1880.625252856417
41174,1880.625252856417
41175,1880.625252856417
41176,1880.625252856417
41177,1880.625252856417
41178,1880.625252856417
41179,1880.625252856417
41180,1880.625252856417
41181,1880.625252856417
41182,1880.625252856417
41183,1880.625252856417
41184,1880.625252856417
41185,1880.625252856417
41186,1880.625252856417
41187,1880.625252856417
41188,1880.625252856417
41189,1880.625252856417
41190,1880.625252856417
41191,1880.625252856417
41192,1880.625252856417
41193,1880.625252856417
41194,1880.625252856417
41195,1880.625252856417
41196,1880.625252856417
41197,1880.625252856417
41198,1880.625252856417
41199,1880.625252856417
41200,1880.625252856417
41201,1880.625252856417
41202,1880.625252856417
41203,1880.625252856417
41204,1880.625252856417
41205,1880.625252856417
41206,1880.625252856417
41207,1880.625252856417
41208,1880.625252856417
41209,1880.625252856417
41210,1880.625252856417
41211,1880.625252856417
41212,1880.625252856417
41213,1880.625252856417
41214,1880.625252856417
41215,1880.625252856417
41216,1880.625252856417
41217,1880.625252856417
41218,1880.625252856417
41219,1880.625252856417
41220,1880.625252856417
41221,1880.625252856417
41222,1880.625252856417
41223,1880.625252856417
41224,1880.625252856417
41225,1880.625252856417
41226,1880.625252856417
41227,1880.625252856417
41228,1880.625252856417
41229,1880.625252856417
41230,1880.625252856417
41231,1880.625252856417
41232,1880.625252856417
41233,1880.625252856417
41234,1880.625252856417
41235,1880.625252856417
41236,1880.625252856417
41237,1880.625252856417
41238,1880.625252856417
41239,1880.625252856417
41240,1880.625252856417
41241,1880.625252856417
41242,1880.625252856417
41243,1880.625252856417
41244,1880.625252856417
41245,1880.625252856417
41246,1880.625252856417
41247,1880.625252856417
41248,1880.625252856417
41249,1880.625252856417
41250,1880.625252856417
41251,1880.625252856417
41252,1880.625252856417
41253,1880.625252856417
41254,1880.625252856417
41255,1880.625252856417
41256,1880.625252856417
41257,1880.625252856417
41258,1880.625252856417
41259,1880.625252856417
41260,1880.625252856417
41261,1880.625252856417
41262,1880.625252856417
41263,1880.625252856417
41264,1880.625252856417
41265,1880.625252856417
41266,1880.625252856417
41267,1880.625252856417
41268,1880.625252856417
41269,1880.625252856417
41270,1880.625252856417
41271,1880.625252856417
41272,1880.625252856417
41273,1880.625252856417
41274,1880.625252856417
41275,1880.625252856417
41276,1880.625252856417
41277,1880.625252856417
41278,1880.625252856417
41279,1880.625252856417
41280,1880.625252856417
41281,1880.625252856417
41282,1880.625252856417
41283,1880.625252856417
41284,1880.625252856417
41285,1880.625252856417
41286,1880.625252856417
41287,1880.625252856417
41288,1880.625252856417
41289,1880.625252856417
41290,1880.625252856417
41291,1880.625252856417
41292,1880.625252856417
41293,1880.625252856417
41294,1880.625252856417
41295,1880.625252856417
41296,1880.625252856417
41297,1880.625252856417
41298,1880.625252856417
41299,1880.625252856417
41300,1880.625252856417
41301,1880.625252856417
41302,1880.625252856417
41303,1880.625252856417
41304,1880.625252856417
41305,1880.625252856417
41306,1880.625252856417
41307,1880.625252856417
41308,1880.625252856417
41309,1880.625252856417
41310,1880.625252856417
41311,1880.625252856417
41312,1880.625252856417
41313,1880.625252856417
41314,1880.625252856417
41315,1880.625252856417
41316,1880.625252856417
41317,1880.625252856417
41318,1880.625252856417
41319,1880.625252856417
41320,1880.625252856417
41321,1880.625252856417
41322,1880.625252856417
41323,1880.625252856417
41324,1880.625252856417
41325,1880.625252856417
41326,1880.625252856417
41327,1880.625252856417
41328,1880.625252856417
41329,1880.625252856417
41330,1880.625252856417
41331,1880.625252856417
41332,1880.625252856417
41333,1880.625252856417
41334,1880.625252856417
41335,1880.625252856417
41336,1880.625252856417
41337,1880.625252856417
41338,1880.625252856417
41339,1880.625252856417
41340,1880.625252856417
41341,1880.625252856417
41342,1880.625252856417
41343,1880.625252856417
41344,1880.625252856417
41345,1880.625252856417
41346,1880.625252856417
41347,1880.625252856417
41348,1880.625252856417
41349,1880.625252856417
41350,1880.625252856417
41351,1880.625252856417
41352,1880.625252856417
41353,1880.625252856417
41354,1880.625252856417
41355,1880.625252856417
41356,1880.625252856417
41357,1880.625252856417
41358,1880.625252856417
41359,1880.625252856417
41360,1880.625252856417
41361,1880.625252856417
41362,1880.625252856417
41363,1880.625252856417
41364,1880.625252856417
41365,1880.625252856417
41366,1880.625252856417
41367,1880.625252856417
41368,1880.625252856417
41369,1880.625252856417
41370,1880.625252856417
41371,1880.625252856417
41372,1880.625252856417
41373,1880.625252856417
41374,1880.625252856417
41375,1880.625252856417
41376,1880.625252856417
41377,1880.625252856417
41378,1880.625252856417
41379,1880.625252856417
41380,1880.625252856417
41381,1880.625252856417
41382,1880.625252856417
41383,1880.625252856417
41384,1880.625252856417
41385,1880.625252856417
41386,1880.625252856417
41387,1880.625252856417
41388,1880.625252856417
41389,1880.625252856417
41390,1880.625252856417
41391,1880.625252856417
41392,1880.625252856417
41393,1880.625252856417
41394,1880.625252856417
41395,1880.625252856417
41396,1880.625252856417
41397,1880.625252856417
41398,1880.625252856417
41399,1880.625252856417
41400,1880.625252856417
41401,1880.625252856417
41402,1880.625252856417
41403,1880.625252856417
41404,1880.625252856417
41405,1880.625252856417
41406,1880.625252856417
41407,1880.625252856417
41408,1880.625252856417
41409,1880.625252856417
41410,1880.625252856417
41411,1880.625252856417
41412,1880.625252856417
41413,1880.625252856417
41414,1880.625252856417
41415,1880.625252856417
41416,1880.625252856417
41417,1880.625252856417
41418,1880.625252856417
41419,1880.625252856417
41420,1880.625252856417
41421,1880.625252856417
41422,1880.625252856417
41423,1880.625252856417
41424,1880.625252856417
41425,1880.625252856417
41426,1880.625252856417
41427,1880.625252856417
41428,1880.625252856417
41429,1880.625252856417
41430,1880.625252856417
41431,1880.625252856417
41432,1880.625252856417
41433,1880.625252856417
41434,1880.625252856417
41435,1880.625252856417
41436,1880.625252856417
41437,1880.625252856417
41438,1880.625252856417
41439,1880.625252856417
41440,1880.625252856417
41441,1880.625252856417
41442,1880.625252856417
41443,1880.625252856417
41444,1880.625252856417
41445,1880.625252856417
41446,1880.625252856417
41447,1880.625252856417
41448,1880.625252856417
41449,1880.625252856417
41450,1880.625252856417
41451,1880.625252856417
41452,1880.625252856417
41453,1880.625252856417
41454,1880.625252856417
41455,1880.625252856417
41456,1880.625252856417
41457,1880.625252856417
41458,1880.625252856417
41459,1880.625252856417
41460,1880.625252856417
41461,1880.625252856417
41462,1880.625252856417
41463,1880.625252856417
41464,1880.625252856417
41465,1880.625252856417
41466,1880.625252856417
41467,1880.625252856417
41468,1880.625252856417
41469,1880.625252856417
41470,1880.625252856417
41471,1880.625252856417
41472,1880.625252856417
41473,1880.625252856417
41474,1880.625252856417
41475,1880.625252856417
41476,1880.625252856417
41477,1880.625252856417
41478,1880.625252856417
41479,1880.625252856417
41480,1880.625252856417
41481,1880.625252856417
41482,1880.625252856417
41483,1880.625252856417
41484,1880.625252856417
41485,1880.625252856417
41486,1880.625252856417
41487,1880.625252856417
41488,1880.625252856417
41489,1880.625252856417
41490,1880.625252856417
41491,1880.625252856417
41492,1880.625252856417
41493,1880.625252856417
41494,1880.625252856417
41495,1880.625252856417
41496,1880.625252856417
41497,1880.625252856417
41498,1880.625252856417
41499,1880.625252856417
41500,1880.625252856417
41501,1880.625252856417
41502,1880.625252856417
41503,1880.625252856417
41504,1880.625252856417
41505,1880.625252856417
41506,1880.625252856417
41507,1880.625252856417
41508,1880.625252856417
41509,1880.625252856417
41510,1880.625252856417
41511,1880.625252856417
41512,1880.625252856417
41513,1880.625252856417
41514,1880.625252856417
41515,1880.625252856417
41516,1880.625252856417
41517,1880.625252856417
41518,1880.625252856417
41519,1880.625252856417
41520,1880.625252856417
41521,1880.625252856417
41522,1880.625252856417
41523,1880.625252856417
41524,1880.625252856417
41525,1880.625252856417
41526,1880.625252856417
41527,1880.625252856417
41528,1880.625252856417
41529,1880.625252856417
41530,1880.625252856417
41531,1880.625252856417
41532,1880.625252856417
41533,1880.625252856417
41534,1880.625252856417
41535,1880.625252856417
41536,1880.625252856417
41537,1880.625252856417
41538,1880.625252856417
41539,1880.625252856417
41540,1880.625252856417
41541,1880.625252856417
41542,1880.625252856417
41543,1880.625252856417
41544,1880.625252856417
41545,1880.625252856417
41546,1880.625252856417
41547,1880.625252856417
41548,1880.625252856417
41549,1880.625252856417
41550,1880.625252856417
41551,1880.625252856417
41552,1880.625252856417
41553,1880.625252856417
41554,1880.625252856417
41555,1880.625252856417
41556,1880.625252856417
41557,1880.625252856417
41558,1880.625252856417
41559,1880.625252856417
41560,1880.625252856417
41561,1880.625252856417
41562,1880.625252856417
41563,1880.625252856417
41564,1880.625252856417
41565,1880.625252856417
41566,1880.625252856417
41567,1880.625252856417
41568,1880.625252856417
41569,1880.625252856417
41570,1880.625252856417
41571,1880.625252856417
41572,1880.625252856417
41573,1880.625252856417
41574,1880.625252856417
41575,1880.625252856417
41576,1880.625252856417
41577,1880.625252856417
41578,1880.625252856417
41579,1880.625252856417
41580,1880.625252856417
41581,1880.625252856417
41582,1880.625252856417
41583,1880.625252856417
41584,1880.625252856417
41585,1880.625252856417
41586,1880.625252856417
41587,1880.625252856417
41588,1880.625252856417
41589,1880.625252856417
41590,1880.625252856417
41591,1880.625252856417
41592,1880.625252856417
41593,1880.625252856417
41594,1880.625252856417
41595,1880.625252856417
41596,1880.625252856417
41597,1880.625252856417
41598,1880.625252856417
41599,1880.625252856417
41600,1880.625252856417
41601,1880.625252856417
41602,1880.625252856417
41603,1880.625252856417
41604,1880.625252856417
41605,1880.625252856417
41606,1880.625252856417
41607,1880.625252856417
41608,1880.625252856417
41609,1880.625252856417
41610,1880.625252856417
41611,1880.625252856417
41612,1880.625252856417
41613,1880.625252856417
41614,1880.625252856417
41615,1880.625252856417
41616,1880.625252856417
41617,1880.625252856417
41618,1880.625252856417
41619,1880.625252856417
41620,1880.625252856417
41621,1880.625252856417
41622,1880.625252856417
41623,1880.625252856417
41624,1880.625252856417
41625,1880.625252856417
41626,1880.625252856417
41627,1880.625252856417
41628,1880.625252856417
41629,1880.625252856417
41630,1880.625252856417
41631,1880.625252856417
41632,1880.625252856417
41633,1880.625252856417
41634,1880.625252856417
41635,1880.625252856417
41636,1880.625252856417
41637,1880.625252856417
41638,1880.625252856417
41639,1880.625252856417
41640,1880.625252856417
41641,1880.625252856417
41642,1880.625252856417
41643,1880.625252856417
41644,1880.625252856417
41645,1880.625252856417
41646,1880.625252856417
41647,1880.625252856417
41648,1880.625252856417
41649,1880.625252856417
41650,1880.625252856417
41651,1880.625252856417
41652,1880.625252856417
41653,1880.625252856417
41654,1880.625252856417
41655,1880.625252856417
41656,1880.625252856417
41657,1880.625252856417
41658,1880.625252856417
41659,1880.625252856417
41660,1880.625252856417
41661,1880.625252856417
41662,1880.625252856417
41663,1880.625252856417
41664,1880.625252856417
41665,1880.625252856417
41666,1880.625252856417
41667,1880.625252856417
41668,1880.625252856417
41669,1880.625252856417
41670,1880.625252856417
41671,1880.625252856417
41672,1880.625252856417
41673,1880.625252856417
41674,1880.625252856417
41675,1880.625252856417
41676,1880.625252856417
41677,1880.625252856417
41678,1880.625252856417
41679,1880.625252856417
41680,1880.625252856417
41681,1880.625252856417
41682,1880.625252856417
41683,1880.625252856417
41684,1880.625252856417
41685,1880.625252856417
41686,1880.625252856417
41687,1880.625252856417
41688,1880.625252856417
41689,1880.625252856417
41690,1880.625252856417
41691,1880.625252856417
41692,1880.625252856417
41693,1880.625252856417
41694,1880.625252856417
41695,1880.625252856417
41696,1880.625252856417
41697,1880.625252856417
41698,1880.625252856417
41699,1880.625252856417
41700,1880.625252856417
41701,1880.625252856417
41702,1880.625252856417
41703,1880.625252856417
41704,1880.625252856417
41705,1880.625252856417
41706,1880.625252856417
41707,1880.625252856417
41708,1880.625252856417
41709,1880.625252856417
41710,1880.625252856417
41711,1880.625252856417
41712,1880.625252856417
41713,1880.625252856417
41714,1880.625252856417
41715,1880.625252856417
41716,1880.625252856417
41717,1880.625252856417
41718,1880.625252856417
41719,1880.625252856417
41720,1880.625252856417
41721,1880.625252856417
41722,1880.625252856417
41723,1880.625252856417
41724,1880.625252856417
41725,1880.625252856417
41726,1880.625252856417
41727,1880.625252856417
41728,1880.625252856417
41729,1880.625252856417
41730,1880.625252856417
41731,1880.625252856417
41732,1880.625252856417
41733,1880.625252856417
41734,1880.625252856417
41735,1880.625252856417
41736,1880.625252856417
41737,1880.625252856417
41738,1880.625252856417
41739,1880.625252856417
41740,1880.625252856417
41741,1880.625252856417
41742,1880.625252856417
41743,1880.625252856417
41744,1880.625252856417
41745,1880.625252856417
41746,1880.625252856417
41747,1880.625252856417
41748,1880.625252856417
41749,1880.625252856417
41750,1880.625252856417
41751,1880.625252856417
41752,1880.625252856417
41753,1880.625252856417
41754,1880.625252856417
41755,1880.625252856417
41756,1880.625252856417
41757,1880.625252856417
41758,1880.625252856417
41759,1880.625252856417
41760,1880.625252856417
41761,1880.625252856417
41762,1880.625252856417
41763,1880.625252856417
41764,1880.625252856417
41765,1880.625252856417
41766,1880.625252856417
41767,1880.625252856417
41768,1880.625252856417
41769,1880.625252856417
41770,1880.625252856417
41771,1880.625252856417
41772,1880.625252856417
41773,1880.625252856417
41774,1880.625252856417
41775,1880.625252856417
41776,1880.625252856417
41777,1880.625252856417
41778,1880.625252856417
41779,1880.625252856417
41780,1880.625252856417
41781,1880.625252856417
41782,1880.625252856417
41783,1880.625252856417
41784,1880.625252856417
41785,1880.625252856417
41786,1880.625252856417
41787,1880.625252856417
41788,1880.625252856417
41789,1880.625252856417
41790,1880.625252856417
41791,1880.625252856417
41792,1880.625252856417
41793,1880.625252856417
41794,1880.625252856417
41795,1880.625252856417
41796,1880.625252856417
41797,1880.625252856417
41798,1880.625252856417
41799,1880.625252856417
41800,1880.625252856417
41801,1880.625252856417
41802,1880.625252856417
41803,1880.625252856417
41804,1880.625252856417
41805,1880.625252856417
41806,1880.625252856417
41807,1880.625252856417
41808,1880.625252856417
41809,1880.625252856417
41810,1880.625252856417
41811,1880.625252856417
41812,1880.625252856417
41813,1880.625252856417
41814,1880.625252856417
41815,1880.625252856417
41816,1880.625252856417
41817,1880.625252856417
41818,1880.625252856417
41819,1880.625252856417
41820,1880.625252856417
41821,1880.625252856417
41822,1880.625252856417
41823,1880.625252856417
41824,1880.625252856417
41825,1880.625252856417
41826,1880.625252856417
41827,1880.625252856417
41828,1880.625252856417
41829,1880.625252856417
41830,1880.625252856417
41831,1880.625252856417
41832,1880.625252856417
41833,1880.625252856417
41834,1880.625252856417
41835,1880.625252856417
41836,1880.625252856417
41837,1880.625252856417
41838,1880.625252856417
41839,1880.625252856417
41840,1880.625252856417
41841,1880.625252856417
41842,1880.625252856417
41843,1880.625252856417
41844,1880.625252856417
41845,1880.625252856417
41846,1880.625252856417
41847,1880.625252856417
41848,1880.625252856417
41849,1880.625252856417
41850,1880.625252856417
41851,1880.625252856417
41852,1880.625252856417
41853,1880.625252856417
41854,1880.625252856417
41855,1880.625252856417
41856,1880.625252856417
41857,1880.625252856417
41858,1880.625252856417
41859,1880.625252856417
41860,1880.625252856417
41861,1880.625252856417
41862,1880.625252856417
41863,1880.625252856417
41864,1880.625252856417
41865,1880.625252856417
41866,1880.625252856417
41867,1880.625252856417
41868,1880.625252856417
41869,1880.625252856417
41870,1880.625252856417
41871,1880.625252856417
41872,1880.625252856417
41873,1880.625252856417
41874,1880.625252856417
41875,1880.625252856417
41876,1880.625252856417
41877,1880.625252856417
41878,1880.625252856417
41879,1880.625252856417
41880,1880.625252856417
41881,1880.625252856417
41882,1880.625252856417
41883,1880.625252856417
41884,1880.625252856417
41885,1880.625252856417
41886,1880.625252856417
41887,1880.625252856417
41888,1880.625252856417
41889,1880.625252856417
41890,1880.625252856417
41891,1880.625252856417
41892,1880.625252856417
41893,1880.625252856417
41894,1880.625252856417
41895,1880.625252856417
41896,1880.625252856417
41897,1880.625252856417
41898,1880.625252856417
41899,1880.625252856417
41900,1880.625252856417
41901,1880.625252856417
41902,1880.625252856417
41903,1880.625252856417
41904,1880.625252856417
41905,1880.625252856417
41906,1880.625252856417
41907,1880.625252856417
41908,1880.625252856417
41909,1880.625252856417
41910,1880.625252856417
41911,1880.625252856417
41912,1880.625252856417
41913,1880.625252856417
41914,1880.625252856417
41915,1880.625252856417
41916,1880.625252856417
41917,1880.625252856417
41918,1880.625252856417
41919,1880.625252856417
41920,1880.625252856417
41921,1880.625252856417
41922,1880.625252856417
41923,1880.625252856417
41924,1880.625252856417
41925,1880.625252856417
41926,1880.625252856417
41927,1880.625252856417
41928,1880.625252856417
41929,1880.625252856417
41930,1880.625252856417
41931,1880.625252856417
41932,1880.625252856417
41933,1880.625252856417
41934,1880.625252856417
41935,1880.625252856417
41936,1880.625252856417
41937,1880.625252856417
41938,1880.625252856417
41939,1880.625252856417
41940,1880.625252856417
41941,1880.625252856417
41942,1880.625252856417
41943,1880.625252856417
41944,1880.625252856417
41945,1880.625252856417
41946,1880.625252856417
41947,1880.625252856417
41948,1880.625252856417
41949,1880.625252856417
41950,1880.625252856417
41951,1880.625252856417
41952,1880.625252856417
41953,1880.625252856417
41954,1880.625252856417
41955,1880.625252856417
41956,1880.625252856417
41957,1880.625252856417
41958,1880.625252856417
41959,1880.625252856417
41960,1880.625252856417
41961,1880.625252856417
41962,1880.625252856417
41963,1880.625252856417
41964,1880.625252856417
41965,1880.625252856417
41966,1880.625252856417
41967,1880.625252856417
41968,1880.625252856417
41969,1880.625252856417
41970,1880.625252856417
41971,1880.625252856417
41972,1880.625252856417
41973,1880.625252856417
41974,1880.625252856417
41975,1880.625252856417
41976,1880.625252856417
41977,1880.625252856417
41978,1880.625252856417
41979,1880.625252856417
41980,1880.625252856417
41981,1880.625252856417
41982,1880.625252856417
41983,1880.625252856417
41984,1880.625252856417
41985,1880.625252856417
41986,1880.625252856417
41987,1880.625252856417
41988,1880.625252856417
41989,1880.625252856417
41990,1880.625252856417
41991,1880.625252856417
41992,1880.625252856417
41993,1880.625252856417
41994,1880.625252856417
41995,1880.625252856417
41996,1880.625252856417
41997,1880.625252856417
41998,1880.625252856417
41999,1880.625252856417
42000,1880.625252856417
42001,1880.625252856417
42002,1880.625252856417
42003,1880.625252856417
42004,1880.625252856417
42005,1880.625252856417
42006,1880.625252856417
42007,1880.625252856417
42008,1880.625252856417
42009,1880.625252856417
42010,1880.625252856417
42011,1880.625252856417
42012,1880.625252856417
42013,1880.625252856417
42014,1880.625252856417
42015,1880.625252856417
42016,1880.625252856417
42017,1880.625252856417
42018,1880.625252856417
42019,1880.625252856417
42020,1880.625252856417
42021,1880.625252856417
42022,1880.625252856417
42023,1880.625252856417
42024,1880.625252856417
42025,1880.625252856417
42026,1880.625252856417
42027,1880.625252856417
42028,1880.625252856417
42029,1880.625252856417
42030,1880.625252856417
42031,1880.625252856417
42032,1880.625252856417
42033,1880.625252856417
42034,1880.625252856417
42035,1880.625252856417
42036,1880.625252856417
42037,1880.625252856417
42038,1880.625252856417
42039,1880.625252856417
42040,1880.625252856417
42041,1880.625252856417
42042,1880.625252856417
42043,1880.625252856417
42044,1880.625252856417
42045,1880.625252856417
42046,1880.625252856417
42047,1880.625252856417
42048,1880.625252856417
42049,1880.625252856417
42050,1880.625252856417
42051,1880.625252856417
42052,1880.625252856417
42053,1880.625252856417
42054,1880.625252856417
42055,1880.625252856417
42056,1880.625252856417
42057,1880.625252856417
42058,1880.625252856417
42059,1880.625252856417
42060,1880.625252856417
42061,1880.625252856417
42062,1880.625252856417
42063,1880.625252856417
42064,1880.625252856417
42065,1880.625252856417
42066,1880.625252856417
42067,1880.625252856417
42068,1880.625252856417
42069,1880.625252856417
42070,1880.625252856417
42071,1880.625252856417
42072,1880.625252856417
42073,1880.625252856417
42074,1880.625252856417
42075,1880.625252856417
42076,1880.625252856417
42077,1880.625252856417
42078,1880.625252856417
42079,1880.625252856417
42080,1880.625252856417
42081,1880.625252856417
42082,1880.625252856417
42083,1880.625252856417
42084,1880.625252856417
42085,1880.625252856417
42086,1880.625252856417
42087,1880.625252856417
42088,1880.625252856417
42089,1880.625252856417
42090,1880.625252856417
42091,1880.625252856417
42092,1880.625252856417
42093,1880.625252856417
42094,1880.625252856417
42095,1880.625252856417
42096,1880.625252856417
42097,1880.625252856417
42098,1880.625252856417
42099,1880.625252856417
42100,1880.625252856417
42101,1880.625252856417
42102,1880.625252856417
42103,1880.625252856417
42104,1880.625252856417
42105,1880.625252856417
42106,1880.625252856417
42107,1880.625252856417
42108,1880.625252856417
42109,1880.625252856417
42110,1880.625252856417
42111,1880.625252856417
42112,1880.625252856417
42113,1880.625252856417
42114,1880.625252856417
42115,1880.625252856417
42116,1880.625252856417
42117,1880.625252856417
42118,1880.625252856417
42119,1880.625252856417
42120,1880.625252856417
42121,1880.625252856417
42122,1880.625252856417
42123,1880.625252856417
42124,1880.625252856417
42125,1880.625252856417
42126,1880.625252856417
42127,1880.625252856417
42128,1880.625252856417
42129,1880.625252856417
42130,1880.625252856417
42131,1880.625252856417
42132,1880.625252856417
42133,1880.625252856417
42134,1880.625252856417
42135,1880.625252856417
42136,1880.625252856417
42137,1880.625252856417
42138,1880.625252856417
42139,1880.625252856417
42140,1880.625252856417
42141,1880.625252856417
42142,1880.625252856417
42143,1880.625252856417
42144,1880.625252856417
42145,1880.625252856417
42146,1880.625252856417
42147,1880.625252856417
42148,1880.625252856417
42149,1880.625252856417
42150,1880.625252856417
42151,1880.625252856417
42152,1880.625252856417
42153,1880.625252856417
42154,1880.625252856417
42155,1880.625252856417
42156,1880.625252856417
42157,1880.625252856417
42158,1880.625252856417
42159,1880.625252856417
42160,1880.625252856417
42161,1880.625252856417
42162,1880.625252856417
42163,1880.625252856417
42164,1880.625252856417
42165,1880.625252856417
42166,1880.625252856417
42167,1880.625252856417
42168,1880.625252856417
42169,1880.625252856417
42170,1880.625252856417
42171,1880.625252856417
42172,1880.625252856417
42173,1880.625252856417
42174,1880.625252856417
42175,1880.625252856417
42176,1880.625252856417
42177,1880.625252856417
42178,1880.625252856417
42179,1880.625252856417
42180,1880.625252856417
42181,1880.625252856417
42182,1880.625252856417
42183,1880.625252856417
42184,1880.625252856417
42185,1880.625252856417
42186,1880.625252856417
42187,1880.625252856417
42188,1880.625252856417
42189,1880.625252856417
42190,1880.625252856417
42191,1880.625252856417
42192,1880.625252856417
42193,1880.625252856417
42194,1880.625252856417
42195,1880.625252856417
42196,1880.625252856417
42197,1880.625252856417
42198,1880.625252856417
42199,1880.625252856417
42200,1880.625252856417
42201,1880.625252856417
42202,1880.625252856417
42203,1880.625252856417
42204,1880.625252856417
42205,1880.625252856417
42206,1880.625252856417
42207,1880.625252856417
42208,1880.625252856417
42209,1880.625252856417
42210,1880.625252856417
42211,1880.625252856417
42212,1880.625252856417
42213,1880.625252856417
42214,1880.625252856417
42215,1880.625252856417
42216,1880.625252856417
42217,1880.625252856417
42218,1880.625252856417
42219,1880.625252856417
42220,1880.625252856417
42221,1880.625252856417
42222,1880.625252856417
42223,1880.625252856417
42224,1880.625252856417
42225,1880.625252856417
42226,1880.625252856417
42227,1880.625252856417
42228,1880.625252856417
42229,1880.625252856417
42230,1880.625252856417
42231,1880.625252856417
42232,1880.625252856417
42233,1880.625252856417
42234,1880.625252856417
42235,1880.625252856417
42236,1880.625252856417
42237,1880.625252856417
42238,1880.625252856417
42239,1880.625252856417
42240,1880.625252856417
42241,1880.625252856417
42242,1880.625252856417
42243,1880.625252856417
42244,1880.625252856417
42245,1880.625252856417
42246,1880.625252856417
42247,1880.625252856417
42248,1880.625252856417
42249,1880.625252856417
42250,1880.625252856417
42251,1880.625252856417
42252,1880.625252856417
42253,1880.625252856417
42254,1880.625252856417
42255,1880.625252856417
42256,1880.625252856417
42257,1880.625252856417
42258,1880.625252856417
42259,1880.625252856417
42260,1880.625252856417
42261,1880.625252856417
42262,1880.625252856417
42263,1880.625252856417
42264,1880.625252856417
42265,1880.625252856417
42266,1880.625252856417
42267,1880.625252856417
42268,1880.625252856417
42269,1880.625252856417
42270,1880.625252856417
42271,1880.625252856417
42272,1880.625252856417
42273,1880.625252856417
42274,1880.625252856417
42275,1880.625252856417
42276,1880.625252856417
42277,1880.625252856417
42278,1880.625252856417
42279,1880.625252856417
42280,1880.625252856417
42281,1880.625252856417
42282,1880.625252856417
42283,1880.625252856417
42284,1880.625252856417
42285,1880.625252856417
42286,1880.625252856417
42287,1880.625252856417
42288,1880.625252856417
42289,1880.625252856417
42290,1880.625252856417
42291,1880.625252856417
42292,1880.625252856417
42293,1880.625252856417
42294,1880.625252856417
42295,1880.625252856417
42296,1880.625252856417
42297,1880.625252856417
42298,1880.625252856417
42299,1880.625252856417
42300,1880.625252856417
42301,1880.625252856417
42302,1880.625252856417
42303,1880.625252856417
42304,1880.625252856417
42305,1880.625252856417
42306,1880.625252856417
42307,1880.625252856417
42308,1880.625252856417
42309,1880.625252856417
42310,1880.625252856417
42311,1880.625252856417
42312,1880.625252856417
42313,1880.625252856417
42314,1880.625252856417
42315,1880.625252856417
42316,1880.625252856417
42317,1880.625252856417
42318,1880.625252856417
42319,1880.625252856417
42320,1880.625252856417
42321,1880.625252856417
42322,1880.625252856417
42323,1880.625252856417
42324,1880.625252856417
42325,1880.625252856417
42326,1880.625252856417
42327,1880.625252856417
42328,1880.625252856417
42329,1880.625252856417
42330,1880.625252856417
42331,1880.625252856417
42332,1880.625252856417
42333,1880.625252856417
42334,1880.625252856417
42335,1880.625252856417
42336,1880.625252856417
42337,1880.625252856417
42338,1880.625252856417
42339,1880.625252856417
42340,1880.625252856417
42341,1880.625252856417
42342,1880.625252856417
42343,1880.625252856417
42344,1880.625252856417
42345,1880.625252856417
42346,1880.625252856417
42347,1880.625252856417
42348,1880.625252856417
42349,1880.625252856417
42350,1880.625252856417
42351,1880.625252856417
42352,1880.625252856417
42353,1880.625252856417
42354,1880.625252856417
42355,1880.625252856417
42356,1880.625252856417
42357,1880.625252856417
42358,1880.625252856417
42359,1880.625252856417
42360,1880.625252856417
42361,1880.625252856417
42362,1880.625252856417
42363,1880.625252856417
42364,1880.625252856417
42365,1880.625252856417
42366,1880.625252856417
42367,1880.625252856417
42368,1880.625252856417
42369,1880.625252856417
42370,1880.625252856417
42371,1880.625252856417
42372,1880.625252856417
42373,1880.625252856417
42374,1880.625252856417
42375,1880.625252856417
42376,1880.625252856417
42377,1880.625252856417
42378,1880.625252856417
42379,1880.625252856417
42380,1880.625252856417
42381,1880.625252856417
42382,1880.625252856417
42383,1880.625252856417
42384,1880.625252856417
42385,1880.625252856417
42386,1880.625252856417
42387,1880.625252856417
42388,1880.625252856417
42389,1880.625252856417
42390,1880.625252856417
42391,1880.625252856417
42392,1880.625252856417
42393,1880.625252856417
42394,1880.625252856417
42395,1880.625252856417
42396,1880.625252856417
42397,1880.625252856417
42398,1880.625252856417
42399,1880.625252856417
42400,1880.625252856417
42401,1880.625252856417
42402,1880.625252856417
42403,1880.625252856417
42404,1880.625252856417
42405,1880.625252856417
42406,1880.625252856417
42407,1880.625252856417
42408,1880.625252856417
42409,1880.625252856417
42410,1880.625252856417
42411,1880.625252856417
42412,1880.625252856417
42413,1880.625252856417
42414,1880.625252856417
42415,1880.625252856417
42416,1880.625252856417
42417,1880.625252856417
42418,1880.625252856417
42419,1880.625252856417
42420,1880.625252856417
42421,1880.625252856417
42422,1880.625252856417
42423,1880.625252856417
42424,1880.625252856417
42425,1880.625252856417
42426,1880.625252856417
42427,1880.625252856417
42428,1880.625252856417
42429,1880.625252856417
42430,1880.625252856417
42431,1880.625252856417
42432,1880.625252856417
42433,1880.625252856417
42434,1880.625252856417
42435,1880.625252856417
42436,1880.625252856417
42437,1880.625252856417
42438,1880.625252856417
42439,1880.625252856417
42440,1880.625252856417
42441,1880.625252856417
42442,1880.625252856417
42443,1880.625252856417
42444,1880.625252856417
42445,1880.625252856417
42446,1880.625252856417
42447,1880.625252856417
42448,1880.625252856417
42449,1880.625252856417
42450,1880.625252856417
42451,1880.625252856417
42452,1880.625252856417
42453,1880.625252856417
42454,1880.625252856417
42455,1880.625252856417
42456,1880.625252856417
42457,1880.625252856417
42458,1880.625252856417
42459,1880.625252856417
42460,1880.625252856417
42461,1880.625252856417
42462,1880.625252856417
42463,1880.625252856417
42464,1880.625252856417
42465,1880.625252856417
42466,1880.625252856417
42467,1880.625252856417
42468,1880.625252856417
42469,1880.625252856417
42470,1880.625252856417
42471,1880.625252856417
42472,1880.625252856417
42473,1880.625252856417
42474,1880.625252856417
42475,1880.625252856417
42476,1880.625252856417
42477,1880.625252856417
42478,1880.625252856417
42479,1880.625252856417
42480,1880.625252856417
42481,1880.625252856417
42482,1880.625252856417
42483,1880.625252856417
42484,1880.625252856417
42485,1880.625252856417
42486,1880.625252856417
42487,1880.625252856417
42488,1880.625252856417
42489,1880.625252856417
42490,1880.625252856417
42491,1880.625252856417
42492,1880.625252856417
42493,1880.625252856417
42494,1880.625252856417
42495,1880.625252856417
42496,1880.625252856417
42497,1880.625252856417
42498,1880.625252856417
42499,1880.625252856417
42500,1880.625252856417
42501,1880.625252856417
42502,1880.625252856417
42503,1880.625252856417
42504,1880.625252856417
42505,1880.625252856417
42506,1880.625252856417
42507,1880.625252856417
42508,1880.625252856417
42509,1880.625252856417
42510,1880.625252856417
42511,1880.625252856417
42512,1880.625252856417
42513,1880.625252856417
42514,1880.625252856417
42515,1880.625252856417
42516,1880.625252856417
42517,1880.625252856417
42518,1880.625252856417
42519,1880.625252856417
42520,1880.625252856417
42521,1880.625252856417
42522,1880.625252856417
42523,1880.625252856417
42524,1880.625252856417
42525,1880.625252856417
42526,1880.625252856417
42527,1880.625252856417
42528,1880.625252856417
42529,1880.625252856417
42530,1880.625252856417
42531,1880.625252856417
42532,1880.625252856417
42533,1880.625252856417
42534,1880.625252856417
42535,1880.625252856417
42536,1880.625252856417
42537,1880.625252856417
42538,1880.625252856417
42539,1880.625252856417
42540,1880.625252856417
42541,1880.625252856417
42542,1880.625252856417
42543,1880.625252856417
42544,1880.625252856417
42545,1880.625252856417
42546,1880.625252856417
42547,1880.625252856417
42548,1880.625252856417
42549,1880.625252856417
42550,1880.625252856417
42551,1880.625252856417
42552,1880.625252856417
42553,1880.625252856417
42554,1880.625252856417
42555,1880.625252856417
42556,1880.625252856417
42557,1880.625252856417
42558,1880.625252856417
42559,1880.625252856417
42560,1880.625252856417
42561,1880.625252856417
42562,1880.625252856417
42563,1880.625252856417
42564,1880.625252856417
42565,1880.625252856417
42566,1880.625252856417
42567,1880.625252856417
42568,1880.625252856417
42569,1880.625252856417
42570,1880.625252856417
42571,1880.625252856417
42572,1880.625252856417
42573,1880.625252856417
42574,1880.625252856417
42575,1880.625252856417
42576,1880.625252856417
42577,1880.625252856417
42578,1880.625252856417
42579,1880.625252856417
42580,1880.625252856417
42581,1880.625252856417
42582,1880.625252856417
42583,1880.625252856417
42584,1880.625252856417
42585,1880.625252856417
42586,1880.625252856417
42587,1880.625252856417
42588,1880.625252856417
42589,1880.625252856417
42590,1880.625252856417
42591,1880.625252856417
42592,1880.625252856417
42593,1880.625252856417
42594,1880.625252856417
42595,1880.625252856417
42596,1880.625252856417
42597,1880.625252856417
42598,1880.625252856417
42599,1880.625252856417
42600,1880.625252856417
42601,1880.625252856417
42602,1880.625252856417
42603,1880.625252856417
42604,1880.625252856417
42605,1880.625252856417
42606,1880.625252856417
42607,1880.625252856417
42608,1880.625252856417
42609,1880.625252856417
42610,1880.625252856417
42611,1880.625252856417
42612,1880.625252856417
42613,1880.625252856417
42614,1880.625252856417
42615,1880.625252856417
42616,1880.625252856417
42617,1880.625252856417
42618,1880.625252856417
42619,1880.625252856417
42620,1875.9495721634537
42621,1875.9495721634537
42622,1875.9495721634537
42623,1875.9495721634537
42624,1875.9495721634537
42625,1875.9495721634537
42626,1875.9495721634537
42627,1875.9495721634537
42628,1875.9495721634537
42629,1875.9495721634537
42630,1875.9495721634537
42631,1875.9495721634537
42632,1875.9495721634537
42633,1875.9495721634537
42634,1875.9495721634537
42635,1875.9495721634537
42636,1875.9495721634537
42637,1875.9495721634537
42638,1875.9495721634537
42639,1875.9495721634537
42640,1875.9495721634537
42641,1875.9495721634537
42642,1875.9495721634537
42643,1875.9495721634537
42644,1875.9495721634537
42645,1875.9495721634537
42646,1875.9495721634537
42647,1875.9495721634537
42648,1875.9495721634537
42649,1875.9495721634537
42650,1875.9495721634537
42651,1875.9495721634537
42652,1875.9495721634537
42653,1875.9495721634537
42654,1875.9495721634537
42655,1875.9495721634537
42656,1875.9495721634537
42657,1875.9495721634537
42658,1875.9495721634537
42659,1875.9495721634537
42660,1875.9495721634537
42661,1875.9495721634537
42662,1875.9495721634537
42663,1875.9495721634537
42664,1875.9495721634537
42665,1875.9495721634537
42666,1875.9495721634537
42667,1875.9495721634537
42668,1875.9495721634537
42669,1875.9495721634537
42670,1875.9495721634537
42671,1875.9495721634537
42672,1875.9495721634537
42673,1875.9495721634537
42674,1875.9495721634537
42675,1875.9495721634537
42676,1875.9495721634537
42677,1875.9495721634537
42678,1875.9495721634537
42679,1875.9495721634537
42680,1875.9495721634537
42681,1875.9495721634537
42682,1875.9495721634537
42683,1875.9495721634537
42684,1875.9495721634537
42685,1875.9495721634537
42686,1875.9495721634537
42687,1875.9495721634537
42688,1875.9495721634537
42689,1875.9495721634537
42690,1875.9495721634537
42691,1875.9495721634537
42692,1875.9495721634537
42693,1875.9495721634537
42694,1875.9495721634537
42695,1875.9495721634537
42696,1875.9495721634537
42697,1875.9495721634537
42698,1875.9495721634537
42699,1875.9495721634537
42700,1875.9495721634537
42701,1875.9495721634537
42702,1875.9495721634537
42703,1875.9495721634537
42704,1875.9495721634537
42705,1875.9495721634537
42706,1875.9495721634537
42707,1875.9495721634537
42708,1875.9495721634537
42709,1875.9495721634537
42710,1875.9495721634537
42711,1875.9495721634537
42712,1875.9495721634537
42713,1875.9495721634537
42714,1875.9495721634537
42715,1875.9495721634537
42716,1875.9495721634537
42717,1875.9495721634537
42718,1875.9495721634537
42719,1875.9495721634537
42720,1875.9495721634537
42721,1875.9495721634537
42722,1875.9495721634537
42723,1875.9495721634537
42724,1875.9495721634537
42725,1875.9495721634537
42726,1875.9495721634537
42727,1875.9495721634537
42728,1875.9495721634537
42729,1875.9495721634537
42730,1875.9495721634537
42731,1875.9495721634537
42732,1875.9495721634537
42733,1875.9495721634537
42734,1875.9495721634537
42735,1875.9495721634537
42736,1875.9495721634537
42737,1875.9495721634537
42738,1875.9495721634537
42739,1875.9495721634537
42740,1875.9495721634537
42741,1875.9495721634537
42742,1875.9495721634537
42743,1875.9495721634537
42744,1875.9495721634537
42745,1875.9495721634537
42746,1875.9495721634537
42747,1875.9495721634537
42748,1875.9495721634537
42749,1875.9495721634537
42750,1875.9495721634537
42751,1875.9495721634537
42752,1875.9495721634537
42753,1875.9495721634537
42754,1875.9495721634537
42755,1875.9495721634537
42756,1875.9495721634537
42757,1875.9495721634537
42758,1875.9495721634537
42759,1875.9495721634537
42760,1875.9495721634537
42761,1875.9495721634537
42762,1875.9495721634537
42763,1875.9495721634537
42764,1875.9495721634537
42765,1875.9495721634537
42766,1875.9495721634537
42767,1875.9495721634537
42768,1875.9495721634537
42769,1875.9495721634537
42770,1875.9495721634537
42771,1875.9495721634537
42772,1875.9495721634537
42773,1875.9495721634537
42774,1875.9495721634537
42775,1875.9495721634537
42776,1875.9495721634537
42777,1875.9495721634537
42778,1875.9495721634537
42779,1875.9495721634537
42780,1875.9495721634537
42781,1875.9495721634537
42782,1875.9495721634537
42783,1875.9495721634537
42784,1875.9495721634537
42785,1875.9495721634537
42786,1875.9495721634537
42787,1875.9495721634537
42788,1875.9495721634537
42789,1875.9495721634537
42790,1875.9495721634537
42791,1875.9495721634537
42792,1875.9495721634537
42793,1875.9495721634537
42794,1875.9495721634537
42795,1875.9495721634537
42796,1875.9495721634537
42797,1875.9495721634537
42798,1875.9495721634537
42799,1875.9495721634537
42800,1875.9495721634537
42801,1875.9495721634537
42802,1875.9495721634537
42803,1875.9495721634537
42804,1875.9495721634537
42805,1875.9495721634537
42806,1875.9495721634537
42807,1875.9495721634537
42808,1875.9495721634537
42809,1875.9495721634537
42810,1875.9495721634537
42811,1875.9495721634537
42812,1875.9495721634537
42813,1875.9495721634537
42814,1875.9495721634537
42815,1875.9495721634537
42816,1875.9495721634537
42817,1875.9495721634537
42818,1875.9495721634537
42819,1875.9495721634537
42820,1875.9495721634537
42821,1875.9495721634537
42822,1875.9495721634537
42823,1875.9495721634537
42824,1875.9495721634537
42825,1875.9495721634537
42826,1875.9495721634537
42827,1875.9495721634537
42828,1875.9495721634537
42829,1875.9495721634537
42830,1875.9495721634537
42831,1875.9495721634537
42832,1875.9495721634537
42833,1875.9495721634537
42834,1875.9495721634537
42835,1875.9495721634537
42836,1875.9495721634537
42837,1875.9495721634537
42838,1875.9495721634537
42839,1875.9495721634537
42840,1875.9495721634537
42841,1875.9495721634537
42842,1875.9495721634537
42843,1875.9495721634537
42844,1875.9495721634537
42845,1875.9495721634537
42846,1875.9495721634537
42847,1875.9495721634537
42848,1875.9495721634537
42849,1875.9495721634537
42850,1875.9495721634537
42851,1875.9495721634537
42852,1875.9495721634537
42853,1875.9495721634537
42854,1875.9495721634537
42855,1875.9495721634537
42856,1875.9495721634537
42857,1875.9495721634537
42858,1875.9495721634537
42859,1875.9495721634537
42860,1875.9495721634537
42861,1875.9495721634537
42862,1875.9495721634537
42863,1875.9495721634537
42864,1875.9495721634537
42865,1875.9495721634537
42866,1875.9495721634537
42867,1875.9495721634537
42868,1875.9495721634537
42869,1875.9495721634537
42870,1875.9495721634537
42871,1875.9495721634537
42872,1875.9495721634537
42873,1875.9495721634537
42874,1875.9495721634537
42875,1875.9495721634537
42876,1875.9495721634537
42877,1875.9495721634537
42878,1875.9495721634537
42879,1875.9495721634537
42880,1875.9495721634537
42881,1875.9495721634537
42882,1875.9495721634537
42883,1875.9495721634537
42884,1875.9495721634537
42885,1875.9495721634537
42886,1875.9495721634537
42887,1875.9495721634537
42888,1875.9495721634537
42889,1875.9495721634537
42890,1875.9495721634537
42891,1875.9495721634537
42892,1875.9495721634537
42893,1875.9495721634537
42894,1875.9495721634537
42895,1875.9495721634537
42896,1875.9495721634537
42897,1875.9495721634537
42898,1875.9495721634537
42899,1875.9495721634537
42900,1875.9495721634537
42901,1875.9495721634537
42902,1875.9495721634537
42903,1875.9495721634537
42904,1875.9495721634537
42905,1875.9495721634537
42906,1875.9495721634537
42907,1875.9495721634537
42908,1875.9495721634537
42909,1875.9495721634537
42910,1875.9495721634537
42911,1875.9495721634537
42912,1875.9495721634537
42913,1875.9495721634537
42914,1875.9495721634537
42915,1875.9495721634537
42916,1875.9495721634537
42917,1875.9495721634537
42918,1875.9495721634537
42919,1875.9495721634537
42920,1875.9495721634537
42921,1875.9495721634537
42922,1875.9495721634537
42923,1875.9495721634537
42924,1875.9495721634537
42925,1875.9495721634537
42926,1875.9495721634537
42927,1875.9495721634537
42928,1875.9495721634537
42929,1875.9495721634537
42930,1875.9495721634537
42931,1875.9495721634537
42932,1875.9495721634537
42933,1875.9495721634537
42934,1875.9495721634537
42935,1875.9495721634537
42936,1875.9495721634537
42937,1875.9495721634537
42938,1875.9495721634537
42939,1875.9495721634537
42940,1875.9495721634537
42941,1875.9495721634537
42942,1875.9495721634537
42943,1875.9495721634537
42944,1875.9495721634537
42945,1875.9495721634537
42946,1875.9495721634537
42947,1875.9495721634537
42948,1875.9495721634537
42949,1875.9495721634537
42950,1875.9495721634537
42951,1875.9495721634537
42952,1875.9495721634537
42953,1875.9495721634537
42954,1875.9495721634537
42955,1875.9495721634537
42956,1875.9495721634537
42957,1875.9495721634537
42958,1875.9495721634537
42959,1875.9495721634537
42960,1875.9495721634537
42961,1875.9495721634537
42962,1875.9495721634537
42963,1875.9495721634537
42964,1875.9495721634537
42965,1875.9495721634537
42966,1875.9495721634537
42967,1875.9495721634537
42968,1875.9495721634537
42969,1875.9495721634537
42970,1875.9495721634537
42971,1875.9495721634537
42972,1875.9495721634537
42973,1875.9495721634537
42974,1875.9495721634537
42975,1875.9495721634537
42976,1875.9495721634537
42977,1875.9495721634537
42978,1875.9495721634537
42979,1875.9495721634537
42980,1875.9495721634537
42981,1875.9495721634537
42982,1875.9495721634537
42983,1875.9495721634537
42984,1875.9495721634537
42985,1875.9495721634537
42986,1875.9495721634537
42987,1875.9495721634537
42988,1875.9495721634537
42989,1875.9495721634537
42990,1875.9495721634537
42991,1875.9495721634537
42992,1875.9495721634537
42993,1875.9495721634537
42994,1875.9495721634537
42995,1875.9495721634537
42996,1875.9495721634537
42997,1875.9495721634537
42998,1875.9495721634537
42999,1875.9495721634537
43000,1875.9495721634537
43001,1875.9495721634537
43002,1875.9495721634537
43003,1875.9495721634537
43004,1875.9495721634537
43005,1875.9495721634537
43006,1875.9495721634537
43007,1875.9495721634537
43008,1875.9495721634537
43009,1875.9495721634537
43010,1875.9495721634537
43011,1875.9495721634537
43012,1875.9495721634537
43013,1875.9495721634537
43014,1875.9495721634537
43015,1875.9495721634537
43016,1875.9495721634537
43017,1875.9495721634537
43018,1875.9495721634537
43019,1875.9495721634537
43020,1875.9495721634537
43021,1875.9495721634537
43022,1875.9495721634537
43023,1875.9495721634537
43024,1875.9495721634537
43025,1875.9495721634537
43026,1875.9495721634537
43027,1875.9495721634537
43028,1875.9495721634537
43029,1875.9495721634537
43030,1875.9495721634537
43031,1875.9495721634537
43032,1875.9495721634537
43033,1875.9495721634537
43034,1875.9495721634537
43035,1875.9495721634537
43036,1875.9495721634537
43037,1875.9495721634537
43038,1875.9495721634537
43039,1875.9495721634537
43040,1875.9495721634537
43041,1875.9495721634537
43042,1875.9495721634537
43043,1875.9495721634537
43044,1875.9495721634537
43045,1875.9495721634537
43046,1875.9495721634537
43047,1875.9495721634537
43048,1875.9495721634537
43049,1875.9495721634537
43050,1875.9495721634537
43051,1875.9495721634537
43052,1875.9495721634537
43053,1875.9495721634537
43054,1875.9495721634537
43055,1875.9495721634537
43056,1875.9495721634537
43057,1875.9495721634537
43058,1875.9495721634537
43059,1875.9495721634537
43060,1875.9495721634537
43061,1875.9495721634537
43062,1875.9495721634537
43063,1875.9495721634537
43064,1875.9495721634537
43065,1875.9495721634537
43066,1875.9495721634537
43067,1875.9495721634537
43068,1875.9495721634537
43069,1875.9495721634537
43070,1875.9495721634537
43071,1875.9495721634537
43072,1875.9495721634537
43073,1875.9495721634537
43074,1875.9495721634537
43075,1875.9495721634537
43076,1875.9495721634537
43077,1875.9495721634537
43078,1875.9495721634537
43079,1875.9495721634537
43080,1875.9495721634537
43081,1875.9495721634537
43082,1875.9495721634537
43083,1875.9495721634537
43084,1875.9495721634537
43085,1875.9495721634537
43086,1875.9495721634537
43087,1875.9495721634537
43088,1875.9495721634537
43089,1875.9495721634537
43090,1875.9495721634537
43091,1875.9495721634537
43092,1875.9495721634537
43093,1875.9495721634537
43094,1875.9495721634537
43095,1875.9495721634537
43096,1875.9495721634537
43097,1875.9495721634537
43098,1875.9495721634537
43099,1875.9495721634537
43100,1875.9495721634537
43101,1875.9495721634537
43102,1875.9495721634537
43103,1875.9495721634537
43104,1875.9495721634537
43105,1875.9495721634537
43106,1875.9495721634537
43107,1875.9495721634537
43108,1875.9495721634537
43109,1875.9495721634537
43110,1875.9495721634537
43111,1875.9495721634537
43112,1875.9495721634537
43113,1875.9495721634537
43114,1875.9495721634537
43115,1875.9495721634537
43116,1875.9495721634537
43117,1875.9495721634537
43118,1875.9495721634537
43119,1875.9495721634537
43120,1875.9495721634537
43121,1875.9495721634537
43122,1875.9495721634537
43123,1875.9495721634537
43124,1875.9495721634537
43125,1875.9495721634537
43126,1875.9495721634537
43127,1875.9495721634537
43128,1875.9495721634537
43129,1875.9495721634537
43130,1875.9495721634537
43131,1875.9495721634537
43132,1875.9495721634537
43133,1875.9495721634537
43134,1875.9495721634537
43135,1875.9495721634537
43136,1875.9495721634537
43137,1875.9495721634537
43138,1875.9495721634537
43139,1875.9495721634537
43140,1875.9495721634537
43141,1875.9495721634537
43142,1875.9495721634537
43143,1875.9495721634537
43144,1875.9495721634537
43145,1875.9495721634537
43146,1875.9495721634537
43147,1875.9495721634537
43148,1875.9495721634537
43149,1875.9495721634537
43150,1875.9495721634537
43151,1875.9495721634537
43152,1875.9495721634537
43153,1875.9495721634537
43154,1875.9495721634537
43155,1875.9495721634537
43156,1875.9495721634537
43157,1875.9495721634537
43158,1875.9495721634537
43159,1875.9495721634537
43160,1875.9495721634537
43161,1875.9495721634537
43162,1875.9495721634537
43163,1875.9495721634537
43164,1875.9495721634537
43165,1875.9495721634537
43166,1875.9495721634537
43167,1875.9495721634537
43168,1875.9495721634537
43169,1875.9495721634537
43170,1875.9495721634537
43171,1875.9495721634537
43172,1875.9495721634537
43173,1875.9495721634537
43174,1875.9495721634537
43175,1875.9495721634537
43176,1875.9495721634537
43177,1875.9495721634537
43178,1875.9495721634537
43179,1875.9495721634537
43180,1875.9495721634537
43181,1875.9495721634537
43182,1875.9495721634537
43183,1875.9495721634537
43184,1875.9495721634537
43185,1875.9495721634537
43186,1875.9495721634537
43187,1875.9495721634537
43188,1875.9495721634537
43189,1875.9495721634537
43190,1875.9495721634537
43191,1875.9495721634537
43192,1875.9495721634537
43193,1875.9495721634537
43194,1875.9495721634537
43195,1875.9495721634537
43196,1875.9495721634537
43197,1875.9495721634537
43198,1875.9495721634537
43199,1875.9495721634537
43200,1875.9495721634537
43201,1875.9495721634537
43202,1875.9495721634537
43203,1875.9495721634537
43204,1875.9495721634537
43205,1875.9495721634537
43206,1875.9495721634537
43207,1875.9495721634537
43208,1875.9495721634537
43209,1875.9495721634537
43210,1875.9495721634537
43211,1875.9495721634537
43212,1875.9495721634537
43213,1875.9495721634537
43214,1875.9495721634537
43215,1875.9495721634537
43216,1875.9495721634537
43217,1875.9495721634537
43218,1875.9495721634537
43219,1875.9495721634537
43220,1875.9495721634537
43221,1875.9495721634537
43222,1875.9495721634537
43223,1875.9495721634537
43224,1875.9495721634537
43225,1875.9495721634537
43226,1875.9495721634537
43227,1875.9495721634537
43228,1875.9495721634537
43229,1875.9495721634537
43230,1875.9495721634537
43231,1875.9495721634537
43232,1875.9495721634537
43233,1875.9495721634537
43234,1875.9495721634537
43235,1875.9495721634537
43236,1875.9495721634537
43237,1875.9495721634537
43238,1875.9495721634537
43239,1875.9495721634537
43240,1875.9495721634537
43241,1875.9495721634537
43242,1875.9495721634537
43243,1875.9495721634537
43244,1875.9495721634537
43245,1875.9495721634537
43246,1875.9495721634537
43247,1875.9495721634537
43248,1875.9495721634537
43249,1875.9495721634537
43250,1875.9495721634537
43251,1875.9495721634537
43252,1875.9495721634537
43253,1875.9495721634537
43254,1875.9495721634537
43255,1875.9495721634537
43256,1875.9495721634537
43257,1875.9495721634537
43258,1875.9495721634537
43259,1875.9495721634537
43260,1875.9495721634537
43261,1875.9495721634537
43262,1875.9495721634537
43263,1875.9495721634537
43264,1875.9495721634537
43265,1875.9495721634537
43266,1875.9495721634537
43267,1875.9495721634537
43268,1875.9495721634537
43269,1875.9495721634537
43270,1875.9495721634537
43271,1875.9495721634537
43272,1875.9495721634537
43273,1875.9495721634537
43274,1875.9495721634537
43275,1875.9495721634537
43276,1875.9495721634537
43277,1875.9495721634537
43278,1875.9495721634537
43279,1875.9495721634537
43280,1875.9495721634537
43281,1875.9495721634537
43282,1875.9495721634537
43283,1875.9495721634537
43284,1875.9495721634537
43285,1875.9495721634537
43286,1875.9495721634537
43287,1875.9495721634537
43288,1875.9495721634537
43289,1875.9495721634537
43290,1875.9495721634537
43291,1875.9495721634537
43292,1875.9495721634537
43293,1875.9495721634537
43294,1875.9495721634537
43295,1875.9495721634537
43296,1875.9495721634537
43297,1875.9495721634537
43298,1875.9495721634537
43299,1875.9495721634537
43300,1875.9495721634537
43301,1875.9495721634537
43302,1875.9495721634537
43303,1875.9495721634537
43304,1875.9495721634537
43305,1875.9495721634537
43306,1875.9495721634537
43307,1875.9495721634537
43308,1875.9495721634537
43309,1875.9495721634537
43310,1875.9495721634537
43311,1875.9495721634537
43312,1875.9495721634537
43313,1875.9495721634537
43314,1875.9495721634537
43315,1875.9495721634537
43316,1875.9495721634537
43317,1875.9495721634537
43318,1875.9495721634537
43319,1875.9495721634537
43320,1875.9495721634537
43321,1875.9495721634537
43322,1875.9495721634537
43323,1875.9495721634537
43324,1875.9495721634537
43325,1875.9495721634537
43326,1875.9495721634537
43327,1875.9495721634537
43328,1875.9495721634537
43329,1875.9495721634537
43330,1875.9495721634537
43331,1875.9495721634537
43332,1875.9495721634537
43333,1875.9495721634537
43334,1875.9495721634537
43335,1875.9495721634537
43336,1875.9495721634537
43337,1875.9495721634537
43338,1875.9495721634537
43339,1875.9495721634537
43340,1875.9495721634537
43341,1875.9495721634537
43342,1875.9495721634537
43343,1875.9495721634537
43344,1875.9495721634537
43345,1875.9495721634537
43346,1875.9495721634537
43347,1875.9495721634537
43348,1875.9495721634537
43349,1875.9495721634537
43350,1875.9495721634537
43351,1875.9495721634537
43352,1875.9495721634537
43353,1875.9495721634537
43354,1875.9495721634537
43355,1875.9495721634537
43356,1875.9495721634537
43357,1875.9495721634537
43358,1875.9495721634537
43359,1875.9495721634537
43360,1875.9495721634537
43361,1875.9495721634537
43362,1875.9495721634537
43363,1875.9495721634537
43364,1875.9495721634537
43365,1875.9495721634537
43366,1875.9495721634537
43367,1875.9495721634537
43368,1875.9495721634537
43369,1875.9495721634537
43370,1875.9495721634537
43371,1875.9495721634537
43372,1875.9495721634537
43373,1875.9495721634537
43374,1875.9495721634537
43375,1875.9495721634537
43376,1875.9495721634537
43377,1875.9495721634537
43378,1875.9495721634537
43379,1875.9495721634537
43380,1875.9495721634537
43381,1875.9495721634537
43382,1875.9495721634537
43383,1875.9495721634537
43384,1875.9495721634537
43385,1875.9495721634537
43386,1875.9495721634537
43387,1875.9495721634537
43388,1875.9495721634537
43389,1875.9495721634537
43390,1875.9495721634537
43391,1875.9495721634537
43392,1875.9495721634537
43393,1875.9495721634537
43394,1875.9495721634537
43395,1875.9495721634537
43396,1875.9495721634537
43397,1875.9495721634537
43398,1875.9495721634537
43399,1875.9495721634537
43400,1875.9495721634537
43401,1875.9495721634537
43402,1875.9495721634537
43403,1875.9495721634537
43404,1875.9495721634537
43405,1875.9495721634537
43406,1875.9495721634537
43407,1875.9495721634537
43408,1875.9495721634537
43409,1875.9495721634537
43410,1875.9495721634537
43411,1875.9495721634537
43412,1875.9495721634537
43413,1875.9495721634537
43414,1875.9495721634537
43415,1875.9495721634537
43416,1875.9495721634537
43417,1875.9495721634537
43418,1875.9495721634537
43419,1875.9495721634537
43420,1875.9495721634537
43421,1875.9495721634537
43422,1875.9495721634537
43423,1875.9495721634537
43424,1875.9495721634537
43425,1875.9495721634537
43426,1875.9495721634537
43427,1875.9495721634537
43428,1875.9495721634537
43429,1875.9495721634537
43430,1875.9495721634537
43431,1875.9495721634537
43432,1875.9495721634537
43433,1875.9495721634537
43434,1875.9495721634537
43435,1875.9495721634537
43436,1875.9495721634537
43437,1875.9495721634537
43438,1875.9495721634537
43439,1875.9495721634537
43440,1875.9495721634537
43441,1875.9495721634537
43442,1875.9495721634537
43443,1875.9495721634537
43444,1875.9495721634537
43445,1875.9495721634537
43446,1875.9495721634537
43447,1875.9495721634537
43448,1875.9495721634537
43449,1875.9495721634537
43450,1875.9495721634537
43451,1875.9495721634537
43452,1875.9495721634537
43453,1875.9495721634537
43454,1875.9495721634537
43455,1875.9495721634537
43456,1875.9495721634537
43457,1875.9495721634537
43458,1875.9495721634537
43459,1875.9495721634537
43460,1875.9495721634537
43461,1875.9495721634537
43462,1875.9495721634537
43463,1875.9495721634537
43464,1875.9495721634537
43465,1875.9495721634537
43466,1875.9495721634537
43467,1875.9495721634537
43468,1875.9495721634537
43469,1875.9495721634537
43470,1875.9495721634537
43471,1875.9495721634537
43472,1875.9495721634537
43473,1875.9495721634537
43474,1875.9495721634537
43475,1875.9495721634537
43476,1875.9495721634537
43477,1875.9495721634537
43478,1875.9495721634537
43479,1875.9495721634537
43480,1875.9495721634537
43481,1875.9495721634537
43482,1875.9495721634537
43483,1875.9495721634537
43484,1875.9495721634537
43485,1875.9495721634537
43486,1875.9495721634537
43487,1875.9495721634537
43488,1875.9495721634537
43489,1875.9495721634537
43490,1875.9495721634537
43491,1875.9495721634537
43492,1875.9495721634537
43493,1875.9495721634537
43494,1875.9495721634537
43495,1875.9495721634537
43496,1875.9495721634537
43497,1875.9495721634537
43498,1875.9495721634537
43499,1875.9495721634537
43500,1875.9495721634537
43501,1875.9495721634537
43502,1875.9495721634537
43503,1875.9495721634537
43504,1875.9495721634537
43505,1875.9495721634537
43506,1875.9495721634537
43507,1875.9495721634537
43508,1875.9495721634537
43509,1875.9495721634537
43510,1875.9495721634537
43511,1875.9495721634537
43512,1875.9495721634537
43513,1875.9495721634537
43514,1875.9495721634537
43515,1875.9495721634537
43516,1875.9495721634537
43517,1875.9495721634537
43518,1875.9495721634537
43519,1875.9495721634537
43520,1875.9495721634537
43521,1875.9495721634537
43522,1875.9495721634537
43523,1875.9495721634537
43524,1875.9495721634537
43525,1875.9495721634537
43526,1875.9495721634537
43527,1875.9495721634537
43528,1875.9495721634537
43529,1875.9495721634537
43530,1875.9495721634537
43531,1875.9495721634537
43532,1875.9495721634537
43533,1875.9495721634537
43534,1875.9495721634537
43535,1875.9495721634537
43536,1875.9495721634537
43537,1875.9495721634537
43538,1875.9495721634537
43539,1875.9495721634537
43540,1875.9495721634537
43541,1875.9495721634537
43542,1875.9495721634537
43543,1875.9495721634537
43544,1875.9495721634537
43545,1875.9495721634537
43546,1875.9495721634537
43547,1875.9495721634537
43548,1875.9495721634537
43549,1875.9495721634537
43550,1875.9495721634537
43551,1875.9495721634537
43552,1875.9495721634537
43553,1875.9495721634537
43554,1875.9495721634537
43555,1875.9495721634537
43556,1875.9495721634537
43557,1875.9495721634537
43558,1875.9495721634537
43559,1875.9495721634537
43560,1875.9495721634537
43561,1875.9495721634537
43562,1875.9495721634537
43563,1875.9495721634537
43564,1875.9495721634537
43565,1875.9495721634537
43566,1875.9495721634537
43567,1875.9495721634537
43568,1875.9495721634537
43569,1875.9495721634537
43570,1875.9495721634537
43571,1875.9495721634537
43572,1875.9495721634537
43573,1875.9495721634537
43574,1875.9495721634537
43575,1875.9495721634537
43576,1875.9495721634537
43577,1875.9495721634537
43578,1875.9495721634537
43579,1875.9495721634537
43580,1875.9495721634537
43581,1875.9495721634537
43582,1875.9495721634537
43583,1875.9495721634537
43584,1875.9495721634537
43585,1875.9495721634537
43586,1875.9495721634537
43587,1875.9495721634537
43588,1875.9495721634537
43589,1875.9495721634537
43590,1875.9495721634537
43591,1875.9495721634537
43592,1875.9495721634537
43593,1875.9495721634537
43594,1875.9495721634537
43595,1875.9495721634537
43596,1875.9495721634537
43597,1875.9495721634537
43598,1875.9495721634537
43599,1875.9495721634537
43600,1875.9495721634537
43601,1875.9495721634537
43602,1875.9495721634537
43603,1875.9495721634537
43604,1875.9495721634537
43605,1875.9495721634537
43606,1875.9495721634537
43607,1875.9495721634537
43608,1875.9495721634537
43609,1875.9495721634537
43610,1875.9495721634537
43611,1875.9495721634537
43612,1875.9495721634537
43613,1875.9495721634537
43614,1875.9495721634537
43615,1875.9495721634537
43616,1875.9495721634537
43617,1875.9495721634537
43618,1875.9495721634537
43619,1875.9495721634537
43620,1875.9495721634537
43621,1875.9495721634537
43622,1875.9495721634537
43623,1875.9495721634537
43624,1875.9495721634537
43625,1875.9495721634537
43626,1875.9495721634537
43627,1875.9495721634537
43628,1875.9495721634537
43629,1875.9495721634537
43630,1875.9495721634537
43631,1875.9495721634537
43632,1875.9495721634537
43633,1875.9495721634537
43634,1875.9495721634537
43635,1875.9495721634537
43636,1875.9495721634537
43637,1875.9495721634537
43638,1875.9495721634537
43639,1875.9495721634537
43640,1875.9495721634537
43641,1875.9495721634537
43642,1875.9495721634537
43643,1875.9495721634537
43644,1875.9495721634537
43645,1875.9495721634537
43646,1875.9495721634537
43647,1875.9495721634537
43648,1875.9495721634537
43649,1875.9495721634537
43650,1875.9495721634537
43651,1875.9495721634537
43652,1875.9495721634537
43653,1875.9495721634537
43654,1875.9495721634537
43655,1875.9495721634537
43656,1875.9495721634537
43657,1875.9495721634537
43658,1875.9495721634537
43659,1875.9495721634537
43660,1875.9495721634537
43661,1875.9495721634537
43662,1875.9495721634537
43663,1875.9495721634537
43664,1875.9495721634537
43665,1875.9495721634537
43666,1875.9495721634537
43667,1875.9495721634537
43668,1875.9495721634537
43669,1875.9495721634537
43670,1875.9495721634537
43671,1875.9495721634537
43672,1875.9495721634537
43673,1875.9495721634537
43674,1875.9495721634537
43675,1875.9495721634537
43676,1875.9495721634537
43677,1875.9495721634537
43678,1875.9495721634537
43679,1875.9495721634537
43680,1875.9495721634537
43681,1875.9495721634537
43682,1875.9495721634537
43683,1875.9495721634537
43684,1875.9495721634537
43685,1875.9495721634537
43686,1875.9495721634537
43687,1875.9495721634537
43688,1875.9495721634537
43689,1875.9495721634537
43690,1875.9495721634537
43691,1875.9495721634537
43692,1875.9495721634537
43693,1875.9495721634537
43694,1875.9495721634537
43695,1875.9495721634537
43696,1875.9495721634537
43697,1875.9495721634537
43698,1875.9495721634537
43699,1875.9495721634537
43700,1875.9495721634537
43701,1875.9495721634537
43702,1875.9495721634537
43703,1875.9495721634537
43704,1875.9495721634537
43705,1875.9495721634537
43706,1875.9495721634537
43707,1875.9495721634537
43708,1875.9495721634537
43709,1875.9495721634537
43710,1875.9495721634537
43711,1875.9495721634537
43712,1875.9495721634537
43713,1875.9495721634537
43714,1875.9495721634537
43715,1875.9495721634537
43716,1875.9495721634537
43717,1875.9495721634537
43718,1875.9495721634537
43719,1875.9495721634537
43720,1875.9495721634537
43721,1875.9495721634537
43722,1875.9495721634537
43723,1875.9495721634537
43724,1875.9495721634537
43725,1875.9495721634537
43726,1875.9495721634537
43727,1875.9495721634537
43728,1875.9495721634537
43729,1875.9495721634537
43730,1875.9495721634537
43731,1875.9495721634537
43732,1875.9495721634537
43733,1875.9495721634537
43734,1875.9495721634537
43735,1875.9495721634537
43736,1875.9495721634537
43737,1875.9495721634537
43738,1875.9495721634537
43739,1875.9495721634537
43740,1875.9495721634537
43741,1875.9495721634537
43742,1875.9495721634537
43743,1875.9495721634537
43744,1875.9495721634537
43745,1875.9495721634537
43746,1875.9495721634537
43747,1875.9495721634537
43748,1875.9495721634537
43749,1875.9495721634537
43750,1875.9495721634537
43751,1875.9495721634537
43752,1875.9495721634537
43753,1875.9495721634537
43754,1875.9495721634537
43755,1875.9495721634537
43756,1875.9495721634537
43757,1875.9495721634537
43758,1875.9495721634537
43759,1875.9495721634537
43760,1875.9495721634537
43761,1875.9495721634537
43762,1875.9495721634537
43763,1875.9495721634537
43764,1875.9495721634537
43765,1875.9495721634537
43766,1875.9495721634537
43767,1875.9495721634537
43768,1875.9495721634537
43769,1875.9495721634537
43770,1875.9495721634537
43771,1875.9495721634537
43772,1875.9495721634537
43773,1875.9495721634537
43774,1875.9495721634537
43775,1875.9495721634537
43776,1875.9495721634537
43777,1875.9495721634537
43778,1875.9495721634537
43779,1875.9495721634537
43780,1875.9495721634537
43781,1875.9495721634537
43782,1875.9495721634537
43783,1875.9495721634537
43784,1875.9495721634537
43785,1875.9495721634537
43786,1875.9495721634537
43787,1875.9495721634537
43788,1875.9495721634537
43789,1875.9495721634537
43790,1875.9495721634537
43791,1875.9495721634537
43792,1875.9495721634537
43793,1875.9495721634537
43794,1875.9495721634537
43795,1875.9495721634537
43796,1875.9495721634537
43797,1875.9495721634537
43798,1875.9495721634537
43799,1875.9495721634537
43800,1875.9495721634537
43801,1875.9495721634537
43802,1875.9495721634537
43803,1875.9495721634537
43804,1875.9495721634537
43805,1875.9495721634537
43806,1875.9495721634537
43807,1875.9495721634537
43808,1875.9495721634537
43809,1875.9495721634537
43810,1875.9495721634537
43811,1875.9495721634537
43812,1875.9495721634537
43813,1875.9495721634537
43814,1875.9495721634537
43815,1875.9495721634537
43816,1875.9495721634537
43817,1875.9495721634537
43818,1875.9495721634537
43819,1875.9495721634537
43820,1875.9495721634537
43821,1875.9495721634537
43822,1875.9495721634537
43823,1875.9495721634537
43824,1875.9495721634537
43825,1875.9495721634537
43826,1875.9495721634537
43827,1875.9495721634537
43828,1875.9495721634537
43829,1875.9495721634537
43830,1875.9495721634537
43831,1875.9495721634537
43832,1875.9495721634537
43833,1875.9495721634537
43834,1875.9495721634537
43835,1875.9495721634537
43836,1875.9495721634537
43837,1875.9495721634537
43838,1875.9495721634537
43839,1875.9495721634537
43840,1875.9495721634537
43841,1875.9495721634537
43842,1875.9495721634537
43843,1875.9495721634537
43844,1875.9495721634537
43845,1875.9495721634537
43846,1875.9495721634537
43847,1875.9495721634537
43848,1875.9495721634537
43849,1875.9495721634537
43850,1875.9495721634537
43851,1875.9495721634537
43852,1875.9495721634537
43853,1875.9495721634537
43854,1875.9495721634537
43855,1875.9495721634537
43856,1875.9495721634537
43857,1875.9495721634537
43858,1875.9495721634537
43859,1875.9495721634537
43860,1875.9495721634537
43861,1875.9495721634537
43862,1875.9495721634537
43863,1875.9495721634537
43864,1875.9495721634537
43865,1875.9495721634537
43866,1875.9495721634537
43867,1875.9495721634537
43868,1875.9495721634537
43869,1875.9495721634537
43870,1875.9495721634537
43871,1875.9495721634537
43872,1875.9495721634537
43873,1875.9495721634537
43874,1875.9495721634537
43875,1875.9495721634537
43876,1875.9495721634537
43877,1875.9495721634537
43878,1875.9495721634537
43879,1875.9495721634537
43880,1875.9495721634537
43881,1875.9495721634537
43882,1875.9495721634537
43883,1875.9495721634537
43884,1875.9495721634537
43885,1875.9495721634537
43886,1875.9495721634537
43887,1875.9495721634537
43888,1875.9495721634537
43889,1875.9495721634537
43890,1875.9495721634537
43891,1875.9495721634537
43892,1875.9495721634537
43893,1875.9495721634537
43894,1875.9495721634537
43895,1875.9495721634537
43896,1875.9495721634537
43897,1875.9495721634537
43898,1875.9495721634537
43899,1875.9495721634537
43900,1875.9495721634537
43901,1875.9495721634537
43902,1875.9495721634537
43903,1875.9495721634537
43904,1875.9495721634537
43905,1875.9495721634537
43906,1875.9495721634537
43907,1875.9495721634537
43908,1875.9495721634537
43909,1875.9495721634537
43910,1875.9495721634537
43911,1875.9495721634537
43912,1875.9495721634537
43913,1875.9495721634537
43914,1875.9495721634537
43915,1875.9495721634537
43916,1875.9495721634537
43917,1875.9495721634537
43918,1875.9495721634537
43919,1875.9495721634537
43920,1875.9495721634537
43921,1875.9495721634537
43922,1875.9495721634537
43923,1875.9495721634537
43924,1875.9495721634537
43925,1875.9495721634537
43926,1875.9495721634537
43927,1875.9495721634537
43928,1875.9495721634537
43929,1875.9495721634537
43930,1875.9495721634537
43931,1875.9495721634537
43932,1875.9495721634537
43933,1875.9495721634537
43934,1875.9495721634537
43935,1875.9495721634537
43936,1875.9495721634537
43937,1875.9495721634537
43938,1875.9495721634537
43939,1875.9495721634537
43940,1875.9495721634537
43941,1875.9495721634537
43942,1875.9495721634537
43943,1875.9495721634537
43944,1875.9495721634537
43945,1875.9495721634537
43946,1875.9495721634537
43947,1875.9495721634537
43948,1875.9495721634537
43949,1875.9495721634537
43950,1875.9495721634537
43951,1875.9495721634537
43952,1875.9495721634537
43953,1875.9495721634537
43954,1875.9495721634537
43955,1875.9495721634537
43956,1875.9495721634537
43957,1875.9495721634537
43958,1875.9495721634537
43959,1875.9495721634537
43960,1875.9495721634537
43961,1875.9495721634537
43962,1875.9495721634537
43963,1875.9495721634537
43964,1875.9495721634537
43965,1875.9495721634537
43966,1875.9495721634537
43967,1875.9495721634537
43968,1875.9495721634537
43969,1875.9495721634537
43970,1875.9495721634537
43971,1875.9495721634537
43972,1875.9495721634537
43973,1875.9495721634537
43974,1875.9495721634537
43975,1875.9495721634537
43976,1875.9495721634537
43977,1875.9495721634537
43978,1875.9495721634537
43979,1875.9495721634537
43980,1875.9495721634537
43981,1875.9495721634537
43982,1875.9495721634537
43983,1875.9495721634537
43984,1875.9495721634537
43985,1875.9495721634537
43986,1875.9495721634537
43987,1875.9495721634537
43988,1875.9495721634537
43989,1875.9495721634537
43990,1875.9495721634537
43991,1875.9495721634537
43992,1875.9495721634537
43993,1875.9495721634537
43994,1875.9495721634537
43995,1875.9495721634537
43996,1875.9495721634537
43997,1875.9495721634537
43998,1875.9495721634537
43999,1875.9495721634537
44000,1875.9495721634537
44001,1875.9495721634537
44002,1875.9495721634537
44003,1875.9495721634537
44004,1875.9495721634537
44005,1875.9495721634537
44006,1875.9495721634537
44007,1875.9495721634537
44008,1875.9495721634537
44009,1875.9495721634537
44010,1875.9495721634537
44011,1875.9495721634537
44012,1875.9495721634537
44013,1875.9495721634537
44014,1875.9495721634537
44015,1875.9495721634537
44016,1875.9495721634537
44017,1875.9495721634537
44018,1875.9495721634537
44019,1875.9495721634537
44020,1875.9495721634537
44021,1875.9495721634537
44022,1875.9495721634537
44023,1875.9495721634537
44024,1875.9495721634537
44025,1875.9495721634537
44026,1875.9495721634537
44027,1875.9495721634537
44028,1875.9495721634537
44029,1875.9495721634537
44030,1875.9495721634537
44031,1875.9495721634537
44032,1875.9495721634537
44033,1875.9495721634537
44034,1875.9495721634537
44035,1875.9495721634537
44036,1875.9495721634537
44037,1875.9495721634537
44038,1875.9495721634537
44039,1875.9495721634537
44040,1875.9495721634537
44041,1875.9495721634537
44042,1875.9495721634537
44043,1875.9495721634537
44044,1875.9495721634537
44045,1875.9495721634537
44046,1875.9495721634537
44047,1875.9495721634537
44048,1875.9495721634537
44049,1875.9495721634537
44050,1875.9495721634537
44051,1875.9495721634537
44052,1875.9495721634537
44053,1875.9495721634537
44054,1875.9495721634537
44055,1875.9495721634537
44056,1875.9495721634537
44057,1875.9495721634537
44058,1875.9495721634537
44059,1875.9495721634537
44060,1875.9495721634537
44061,1875.9495721634537
44062,1875.9495721634537
44063,1875.9495721634537
44064,1875.9495721634537
44065,1875.9495721634537
44066,1875.9495721634537
44067,1875.9495721634537
44068,1875.9495721634537
44069,1875.9495721634537
44070,1875.9495721634537
44071,1875.9495721634537
44072,1875.9495721634537
44073,1875.9495721634537
44074,1875.9495721634537
44075,1875.9495721634537
44076,1875.9495721634537
44077,1875.9495721634537
44078,1875.9495721634537
44079,1875.9495721634537
44080,1875.9495721634537
44081,1875.9495721634537
44082,1875.9495721634537
44083,1875.9495721634537
44084,1875.9495721634537
44085,1875.9495721634537
44086,1875.9495721634537
44087,1875.9495721634537
44088,1875.9495721634537
44089,1875.9495721634537
44090,1875.9495721634537
44091,1875.9495721634537
44092,1875.9495721634537
44093,1875.9495721634537
44094,1875.9495721634537
44095,1875.9495721634537
44096,1875.9495721634537
44097,1875.9495721634537
44098,1875.9495721634537
44099,1875.9495721634537
44100,1875.9495721634537
44101,1875.9495721634537
44102,1875.9495721634537
44103,1875.9495721634537
44104,1875.9495721634537
44105,1875.9495721634537
44106,1875.9495721634537
44107,1875.9495721634537
44108,1875.9495721634537
44109,1875.9495721634537
44110,1875.9495721634537
44111,1875.9495721634537
44112,1875.9495721634537
44113,1875.9495721634537
44114,1875.9495721634537
44115,1875.9495721634537
44116,1875.9495721634537
44117,1875.9495721634537
44118,1875.9495721634537
44119,1875.9495721634537
44120,1875.9495721634537
44121,1875.9495721634537
44122,1875.9495721634537
44123,1875.9495721634537
44124,1875.9495721634537
44125,1875.9495721634537
44126,1875.9495721634537
44127,1875.9495721634537
44128,1875.9495721634537
44129,1875.9495721634537
44130,1875.9495721634537
44131,1875.9495721634537
44132,1875.9495721634537
44133,1875.9495721634537
44134,1875.9495721634537
44135,1875.9495721634537
44136,1875.9495721634537
44137,1875.9495721634537
44138,1875.9495721634537
44139,1875.9495721634537
44140,1875.9495721634537
44141,1875.9495721634537
44142,1875.9495721634537
44143,1875.9495721634537
44144,1875.9495721634537
44145,1875.9495721634537
44146,1875.9495721634537
44147,1875.9495721634537
44148,1875.9495721634537
44149,1875.9495721634537
44150,1875.9495721634537
44151,1875.9495721634537
44152,1875.9495721634537
44153,1875.9495721634537
44154,1875.9495721634537
44155,1875.9495721634537
44156,1875.9495721634537
44157,1875.9495721634537
44158,1875.9495721634537
44159,1875.9495721634537
44160,1875.9495721634537
44161,1875.9495721634537
44162,1875.9495721634537
44163,1875.9495721634537
44164,1875.9495721634537
44165,1875.9495721634537
44166,1875.9495721634537
44167,1875.9495721634537
44168,1875.9495721634537
44169,1875.9495721634537
44170,1875.9495721634537
44171,1875.9495721634537
44172,1875.9495721634537
44173,1875.9495721634537
44174,1875.9495721634537
44175,1875.9495721634537
44176,1875.9495721634537
44177,1875.9495721634537
44178,1875.9495721634537
44179,1875.9495721634537
44180,1875.9495721634537
44181,1875.9495721634537
44182,1875.9495721634537
44183,1875.9495721634537
44184,1875.9495721634537
44185,1875.9495721634537
44186,1875.9495721634537
44187,1875.9495721634537
44188,1875.9495721634537
44189,1875.9495721634537
44190,1875.9495721634537
44191,1875.9495721634537
44192,1875.9495721634537
44193,1875.9495721634537
44194,1875.9495721634537
44195,1875.9495721634537
44196,1875.9495721634537
44197,1875.9495721634537
44198,1875.9495721634537
44199,1875.9495721634537
44200,1875.9495721634537
44201,1875.9495721634537
44202,1875.9495721634537
44203,1875.9495721634537
44204,1875.9495721634537
44205,1875.9495721634537
44206,1875.9495721634537
44207,1875.9495721634537
44208,1875.9495721634537
44209,1875.9495721634537
44210,1875.9495721634537
44211,1875.9495721634537
44212,1875.9495721634537
44213,1875.9495721634537
44214,1875.9495721634537
44215,1875.9495721634537
44216,1875.9495721634537
44217,1875.9495721634537
44218,1875.9495721634537
44219,1875.9495721634537
44220,1875.9495721634537
44221,1875.9495721634537
44222,1875.9495721634537
44223,1875.9495721634537
44224,1875.9495721634537
44225,1875.9495721634537
44226,1875.9495721634537
44227,1875.9495721634537
44228,1875.9495721634537
44229,1875.9495721634537
44230,1875.9495721634537
44231,1875.9495721634537
44232,1875.9495721634537
44233,1875.9495721634537
44234,1875.9495721634537
44235,1875.9495721634537
44236,1875.9495721634537
44237,1875.9495721634537
44238,1875.9495721634537
44239,1875.9495721634537
44240,1875.9495721634537
44241,1875.9495721634537
44242,1875.9495721634537
44243,1875.9495721634537
44244,1875.9495721634537
44245,1875.9495721634537
44246,1875.9495721634537
44247,1875.9495721634537
44248,1875.9495721634537
44249,1875.9495721634537
44250,1875.9495721634537
44251,1875.9495721634537
44252,1875.9495721634537
44253,1875.9495721634537
44254,1875.9495721634537
44255,1875.9495721634537
44256,1875.9495721634537
44257,1875.9495721634537
44258,1875.9495721634537
44259,1875.9495721634537
44260,1875.9495721634537
44261,1875.9495721634537
44262,1875.9495721634537
44263,1875.9495721634537
44264,1875.9495721634537
44265,1875.9495721634537
44266,1875.9495721634537
44267,1875.9495721634537
44268,1875.9495721634537
44269,1875.9495721634537
44270,1875.9495721634537
44271,1875.9495721634537
44272,1875.9495721634537
44273,1875.9495721634537
44274,1875.9495721634537
44275,1875.9495721634537
44276,1875.9495721634537
44277,1875.9495721634537
44278,1867.7872301692894
44279,1867.7872301692894
44280,1867.7872301692894
44281,1867.7872301692894
44282,1867.7872301692894
44283,1867.7872301692894
44284,1867.7872301692894
44285,1867.7872301692894
44286,1867.7872301692894
44287,1867.7872301692894
44288,1867.7872301692894
44289,1867.7872301692894
44290,1867.7872301692894
44291,1867.7872301692894
44292,1867.7872301692894
44293,1867.7872301692894
44294,1867.7872301692894
44295,1867.7872301692894
44296,1867.7872301692894
44297,1867.7872301692894
44298,1867.7872301692894
44299,1867.7872301692894
44300,1867.7872301692894
44301,1867.7872301692894
44302,1867.7872301692894
44303,1867.7872301692894
44304,1867.7872301692894
44305,1867.7872301692894
44306,1867.7872301692894
44307,1867.7872301692894
44308,1867.7872301692894
44309,1867.7872301692894
44310,1867.7872301692894
44311,1867.7872301692894
44312,1867.7872301692894
44313,1867.7872301692894
44314,1867.7872301692894
44315,1867.7872301692894
44316,1867.7872301692894
44317,1867.7872301692894
44318,1867.7872301692894
44319,1867.7872301692894
44320,1867.7872301692894
44321,1867.7872301692894
44322,1867.7872301692894
44323,1867.7872301692894
44324,1867.7872301692894
44325,1867.7872301692894
44326,1867.7872301692894
44327,1867.7872301692894
44328,1867.7872301692894
44329,1867.7872301692894
44330,1867.7872301692894
44331,1867.7872301692894
44332,1867.7872301692894
44333,1867.7872301692894
44334,1867.7872301692894
44335,1867.7872301692894
44336,1867.7872301692894
44337,1867.7872301692894
44338,1867.7872301692894
44339,1867.7872301692894
44340,1867.7872301692894
44341,1867.7872301692894
44342,1867.7872301692894
44343,1867.7872301692894
44344,1867.7872301692894
44345,1867.7872301692894
44346,1867.7872301692894
44347,1867.7872301692894
44348,1867.7872301692894
44349,1867.7872301692894
44350,1867.7872301692894
44351,1867.7872301692894
44352,1867.7872301692894
44353,1867.7872301692894
44354,1867.7872301692894
44355,1867.7872301692894
44356,1867.7872301692894
44357,1867.7872301692894
44358,1867.7872301692894
44359,1867.7872301692894
44360,1867.7872301692894
44361,1867.7872301692894
44362,1867.7872301692894
44363,1867.7872301692894
44364,1867.7872301692894
44365,1867.7872301692894
44366,1867.7872301692894
44367,1867.7872301692894
44368,1867.7872301692894
44369,1867.7872301692894
44370,1867.7872301692894
44371,1867.7872301692894
44372,1867.7872301692894
44373,1867.7872301692894
44374,1867.7872301692894
44375,1867.7872301692894
44376,1867.7872301692894
44377,1867.7872301692894
44378,1867.7872301692894
44379,1867.7872301692894
44380,1867.7872301692894
44381,1867.7872301692894
44382,1867.7872301692894
44383,1867.7872301692894
44384,1867.7872301692894
44385,1867.7872301692894
44386,1867.7872301692894
44387,1867.7872301692894
44388,1867.7872301692894
44389,1867.7872301692894
44390,1867.7872301692894
44391,1867.7872301692894
44392,1867.7872301692894
44393,1867.7872301692894
44394,1867.7872301692894
44395,1867.7872301692894
44396,1867.7872301692894
44397,1867.7872301692894
44398,1867.7872301692894
44399,1867.7872301692894
44400,1867.7872301692894
44401,1867.7872301692894
44402,1867.7872301692894
44403,1867.7872301692894
44404,1867.7872301692894
44405,1867.7872301692894
44406,1867.7872301692894
44407,1867.7872301692894
44408,1867.7872301692894
44409,1867.7872301692894
44410,1867.7872301692894
44411,1867.7872301692894
44412,1867.7872301692894
44413,1867.7872301692894
44414,1867.7872301692894
44415,1867.7872301692894
44416,1867.7872301692894
44417,1867.7872301692894
44418,1867.7872301692894
44419,1867.7872301692894
44420,1867.7872301692894
44421,1867.7872301692894
44422,1867.7872301692894
44423,1867.7872301692894
44424,1867.7872301692894
44425,1867.7872301692894
44426,1867.7872301692894
44427,1867.7872301692894
44428,1867.7872301692894
44429,1867.7872301692894
44430,1867.7872301692894
44431,1867.7872301692894
44432,1867.7872301692894
44433,1867.7872301692894
44434,1867.7872301692894
44435,1867.7872301692894
44436,1867.7872301692894
44437,1867.7872301692894
44438,1867.7872301692894
44439,1867.7872301692894
44440,1867.7872301692894
44441,1867.7872301692894
44442,1867.7872301692894
44443,1867.7872301692894
44444,1867.7872301692894
44445,1867.7872301692894
44446,1867.7872301692894
44447,1867.7872301692894
44448,1867.7872301692894
44449,1867.7872301692894
44450,1867.7872301692894
44451,1867.7872301692894
44452,1867.7872301692894
44453,1867.7872301692894
44454,1867.7872301692894
44455,1867.7872301692894
44456,1867.7872301692894
44457,1867.7872301692894
44458,1867.7872301692894
44459,1867.7872301692894
44460,1867.7872301692894
44461,1867.7872301692894
44462,1867.7872301692894
44463,1867.7872301692894
44464,1867.7872301692894
44465,1867.7872301692894
44466,1867.7872301692894
44467,1867.7872301692894
44468,1867.7872301692894
44469,1867.7872301692894
44470,1867.7872301692894
44471,1867.7872301692894
44472,1867.7872301692894
44473,1867.7872301692894
44474,1867.7872301692894
44475,1867.7872301692894
44476,1867.7872301692894
44477,1867.7872301692894
44478,1867.7872301692894
44479,1867.7872301692894
44480,1867.7872301692894
44481,1867.7872301692894
44482,1867.7872301692894
44483,1867.7872301692894
44484,1867.7872301692894
44485,1867.7872301692894
44486,1867.7872301692894
44487,1867.7872301692894
44488,1867.7872301692894
44489,1867.7872301692894
44490,1867.7872301692894
44491,1867.7872301692894
44492,1867.7872301692894
44493,1867.7872301692894
44494,1867.7872301692894
44495,1867.7872301692894
44496,1867.7872301692894
44497,1867.7872301692894
44498,1867.7872301692894
44499,1867.7872301692894
44500,1867.7872301692894
44501,1867.7872301692894
44502,1867.7872301692894
44503,1867.7872301692894
44504,1867.7872301692894
44505,1867.7872301692894
44506,1867.7872301692894
44507,1867.7872301692894
44508,1867.7872301692894
44509,1867.7872301692894
44510,1867.7872301692894
44511,1867.7872301692894
44512,1867.7872301692894
44513,1867.7872301692894
44514,1867.7872301692894
44515,1867.7872301692894
44516,1867.7872301692894
44517,1867.7872301692894
44518,1867.7872301692894
44519,1867.7872301692894
44520,1867.7872301692894
44521,1867.7872301692894
44522,1867.7872301692894
44523,1867.7872301692894
44524,1867.7872301692894
44525,1867.7872301692894
44526,1867.7872301692894
44527,1867.7872301692894
44528,1867.7872301692894
44529,1867.7872301692894
44530,1867.7872301692894
44531,1867.7872301692894
44532,1867.7872301692894
44533,1867.7872301692894
44534,1867.7872301692894
44535,1867.7872301692894
44536,1867.7872301692894
44537,1867.7872301692894
44538,1867.7872301692894
44539,1867.7872301692894
44540,1867.7872301692894
44541,1867.7872301692894
44542,1867.7872301692894
44543,1867.7872301692894
44544,1867.7872301692894
44545,1867.7872301692894
44546,1867.7872301692894
44547,1867.7872301692894
44548,1867.7872301692894
44549,1867.7872301692894
44550,1867.7872301692894
44551,1867.7872301692894
44552,1867.7872301692894
44553,1867.7872301692894
44554,1867.7872301692894
44555,1867.7872301692894
44556,1867.7872301692894
44557,1867.7872301692894
44558,1867.7872301692894
44559,1867.7872301692894
44560,1867.7872301692894
44561,1867.7872301692894
44562,1867.7872301692894
44563,1867.7872301692894
44564,1867.7872301692894
44565,1867.7872301692894
44566,1867.7872301692894
44567,1867.7872301692894
44568,1867.7872301692894
44569,1867.7872301692894
44570,1867.7872301692894
44571,1867.7872301692894
44572,1867.7872301692894
44573,1867.7872301692894
44574,1867.7872301692894
44575,1867.7872301692894
44576,1867.7872301692894
44577,1867.7872301692894
44578,1867.7872301692894
44579,1867.7872301692894
44580,1867.7872301692894
44581,1867.7872301692894
44582,1867.7872301692894
44583,1867.7872301692894
44584,1867.7872301692894
44585,1867.7872301692894
44586,1867.7872301692894
44587,1867.7872301692894
44588,1867.7872301692894
44589,1867.7872301692894
44590,1867.7872301692894
44591,1867.7872301692894
44592,1867.7872301692894
44593,1867.7872301692894
44594,1867.7872301692894
44595,1867.7872301692894
44596,1867.7872301692894
44597,1867.7872301692894
44598,1867.7872301692894
44599,1867.7872301692894
44600,1867.7872301692894
44601,1867.7872301692894
44602,1867.7872301692894
44603,1867.7872301692894
44604,1867.7872301692894
44605,1867.7872301692894
44606,1867.7872301692894
44607,1867.7872301692894
44608,1867.7872301692894
44609,1867.7872301692894
44610,1867.7872301692894
44611,1867.7872301692894
44612,1867.7872301692894
44613,1867.7872301692894
44614,1867.7872301692894
44615,1867.7872301692894
44616,1867.7872301692894
44617,1867.7872301692894
44618,1867.7872301692894
44619,1867.7872301692894
44620,1867.7872301692894
44621,1867.7872301692894
44622,1867.7872301692894
44623,1867.7872301692894
44624,1867.7872301692894
44625,1867.7872301692894
44626,1867.7872301692894
44627,1867.7872301692894
44628,1867.7872301692894
44629,1867.7872301692894
44630,1867.7872301692894
44631,1867.7872301692894
44632,1867.7872301692894
44633,1867.7872301692894
44634,1867.7872301692894
44635,1867.7872301692894
44636,1867.7872301692894
44637,1867.7872301692894
44638,1867.7872301692894
44639,1867.7872301692894
44640,1867.7872301692894
44641,1867.7872301692894
44642,1867.7872301692894
44643,1867.7872301692894
44644,1867.7872301692894
44645,1867.7872301692894
44646,1867.7872301692894
44647,1867.7872301692894
44648,1867.7872301692894
44649,1867.7872301692894
44650,1867.7872301692894
44651,1867.7872301692894
44652,1867.7872301692894
44653,1867.7872301692894
44654,1867.7872301692894
44655,1867.7872301692894
44656,1867.7872301692894
44657,1867.7872301692894
44658,1867.7872301692894
44659,1867.7872301692894
44660,1867.7872301692894
44661,1867.7872301692894
44662,1867.7872301692894
44663,1867.7872301692894
44664,1867.7872301692894
44665,1867.7872301692894
44666,1867.7872301692894
44667,1867.7872301692894
44668,1867.7872301692894
44669,1867.7872301692894
44670,1867.7872301692894
44671,1867.7872301692894
44672,1867.7872301692894
44673,1867.7872301692894
44674,1867.7872301692894
44675,1867.7872301692894
44676,1867.7872301692894
44677,1867.7872301692894
44678,1867.7872301692894
44679,1867.7872301692894
44680,1867.7872301692894
44681,1867.7872301692894
44682,1867.7872301692894
44683,1867.7872301692894
44684,1867.7872301692894
44685,1867.7872301692894
44686,1867.7872301692894
44687,1867.7872301692894
44688,1867.7872301692894
44689,1867.7872301692894
44690,1867.7872301692894
44691,1867.7872301692894
44692,1867.7872301692894
44693,1867.7872301692894
44694,1867.7872301692894
44695,1867.7872301692894
44696,1867.7872301692894
44697,1867.7872301692894
44698,1867.7872301692894
44699,1867.7872301692894
44700,1867.7872301692894
44701,1867.7872301692894
44702,1867.7872301692894
44703,1867.7872301692894
44704,1867.7872301692894
44705,1867.7872301692894
44706,1867.7872301692894
44707,1867.7872301692894
44708,1867.7872301692894
44709,1867.7872301692894
44710,1867.7872301692894
44711,1867.7872301692894
44712,1867.7872301692894
44713,1867.7872301692894
44714,1867.7872301692894
44715,1867.7872301692894
44716,1867.7872301692894
44717,1867.7872301692894
44718,1867.7872301692894
44719,1867.7872301692894
44720,1867.7872301692894
44721,1867.7872301692894
44722,1867.7872301692894
44723,1867.7872301692894
44724,1867.7872301692894
44725,1867.7872301692894
44726,1867.7872301692894
44727,1867.7872301692894
44728,1867.7872301692894
44729,1867.7872301692894
44730,1867.7872301692894
44731,1867.7872301692894
44732,1867.7872301692894
44733,1867.7872301692894
44734,1867.7872301692894
44735,1867.7872301692894
44736,1867.7872301692894
44737,1867.7872301692894
44738,1867.7872301692894
44739,1867.7872301692894
44740,1867.7872301692894
44741,1867.7872301692894
44742,1867.7872301692894
44743,1867.7872301692894
44744,1867.7872301692894
44745,1867.7872301692894
44746,1867.7872301692894
44747,1867.7872301692894
44748,1867.7872301692894
44749,1867.7872301692894
44750,1867.7872301692894
44751,1867.7872301692894
44752,1867.7872301692894
44753,1867.7872301692894
44754,1867.7872301692894
44755,1867.7872301692894
44756,1867.7872301692894
44757,1867.7872301692894
44758,1867.7872301692894
44759,1867.7872301692894
44760,1867.7872301692894
44761,1867.7872301692894
44762,1867.7872301692894
44763,1867.7872301692894
44764,1867.7872301692894
44765,1867.7872301692894
44766,1867.7872301692894
44767,1867.7872301692894
44768,1867.7872301692894
44769,1867.7872301692894
44770,1867.7872301692894
44771,1867.7872301692894
44772,1867.7872301692894
44773,1867.7872301692894
44774,1867.7872301692894
44775,1867.7872301692894
44776,1867.7872301692894
44777,1867.7872301692894
44778,1867.7872301692894
44779,1867.7872301692894
44780,1867.7872301692894
44781,1867.7872301692894
44782,1867.7872301692894
44783,1867.7872301692894
44784,1867.7872301692894
44785,1867.7872301692894
44786,1867.7872301692894
44787,1867.7872301692894
44788,1867.7872301692894
44789,1867.7872301692894
44790,1867.7872301692894
44791,1867.7872301692894
44792,1867.7872301692894
44793,1867.7872301692894
44794,1867.7872301692894
44795,1867.7872301692894
44796,1867.7872301692894
44797,1867.7872301692894
44798,1867.7872301692894
44799,1867.7872301692894
44800,1867.7872301692894
44801,1867.7872301692894
44802,1867.7872301692894
44803,1867.7872301692894
44804,1867.7872301692894
44805,1867.7872301692894
44806,1867.7872301692894
44807,1867.7872301692894
44808,1867.7872301692894
44809,1867.7872301692894
44810,1867.7872301692894
44811,1867.7872301692894
44812,1867.7872301692894
44813,1867.7872301692894
44814,1867.7872301692894
44815,1867.7872301692894
44816,1867.7872301692894
44817,1867.7872301692894
44818,1867.7872301692894
44819,1867.7872301692894
44820,1867.7872301692894
44821,1867.7872301692894
44822,1867.7872301692894
44823,1867.7872301692894
44824,1867.7872301692894
44825,1867.7872301692894
44826,1867.7872301692894
44827,1867.7872301692894
44828,1867.7872301692894
44829,1867.7872301692894
44830,1867.7872301692894
44831,1867.7872301692894
44832,1867.7872301692894
44833,1867.7872301692894
44834,1867.7872301692894
44835,1867.7872301692894
44836,1867.7872301692894
44837,1867.7872301692894
44838,1867.7872301692894
44839,1867.7872301692894
44840,1867.7872301692894
44841,1867.7872301692894
44842,1867.7872301692894
44843,1867.7872301692894
44844,1867.7872301692894
44845,1867.7872301692894
44846,1867.7872301692894
44847,1867.7872301692894
44848,1867.7872301692894
44849,1867.7872301692894
44850,1867.7872301692894
44851,1867.7872301692894
44852,1867.7872301692894
44853,1867.7872301692894
44854,1867.7872301692894
44855,1867.7872301692894
44856,1867.7872301692894
44857,1867.7872301692894
44858,1867.7872301692894
44859,1867.7872301692894
44860,1867.7872301692894
44861,1867.7872301692894
44862,1867.7872301692894
44863,1867.7872301692894
44864,1867.7872301692894
44865,1867.7872301692894
44866,1867.7872301692894
44867,1867.7872301692894
44868,1867.7872301692894
44869,1867.7872301692894
44870,1867.7872301692894
44871,1867.7872301692894
44872,1867.7872301692894
44873,1867.7872301692894
44874,1867.7872301692894
44875,1867.7872301692894
44876,1867.7872301692894
44877,1867.7872301692894
44878,1867.7872301692894
44879,1867.7872301692894
44880,1867.7872301692894
44881,1867.7872301692894
44882,1867.7872301692894
44883,1867.7872301692894
44884,1867.7872301692894
44885,1867.7872301692894
44886,1867.7872301692894
44887,1867.7872301692894
44888,1867.7872301692894
44889,1867.7872301692894
44890,1867.7872301692894
44891,1867.7872301692894
44892,1867.7872301692894
44893,1867.7872301692894
44894,1867.7872301692894
44895,1867.7872301692894
44896,1867.7872301692894
44897,1867.7872301692894
44898,1867.7872301692894
44899,1867.7872301692894
44900,1867.7872301692894
44901,1867.7872301692894
44902,1867.7872301692894
44903,1867.7872301692894
44904,1867.7872301692894
44905,1867.7872301692894
44906,1867.7872301692894
44907,1867.7872301692894
44908,1867.7872301692894
44909,1867.7872301692894
44910,1867.7872301692894
44911,1867.7872301692894
44912,1867.7872301692894
44913,1867.7872301692894
44914,1867.7872301692894
44915,1867.7872301692894
44916,1867.7872301692894
44917,1867.7872301692894
44918,1867.7872301692894
44919,1867.7872301692894
44920,1867.7872301692894
44921,1867.7872301692894
44922,1867.7872301692894
44923,1867.7872301692894
44924,1867.7872301692894
44925,1867.7872301692894
44926,1867.7872301692894
44927,1867.7872301692894
44928,1867.7872301692894
44929,1867.7872301692894
44930,1867.7872301692894
44931,1867.7872301692894
44932,1867.7872301692894
44933,1867.7872301692894
44934,1867.7872301692894
44935,1867.7872301692894
44936,1867.7872301692894
44937,1867.7872301692894
44938,1867.7872301692894
44939,1867.7872301692894
44940,1867.7872301692894
44941,1867.7872301692894
44942,1867.7872301692894
44943,1867.7872301692894
44944,1867.7872301692894
44945,1867.7872301692894
44946,1867.7872301692894
44947,1867.7872301692894
44948,1867.7872301692894
44949,1867.7872301692894
44950,1867.7872301692894
44951,1867.7872301692894
44952,1867.7872301692894
44953,1867.7872301692894
44954,1867.7872301692894
44955,1867.7872301692894
44956,1867.7872301692894
44957,1867.7872301692894
44958,1867.7872301692894
44959,1867.7872301692894
44960,1867.7872301692894
44961,1867.7872301692894
44962,1867.7872301692894
44963,1867.7872301692894
44964,1867.7872301692894
44965,1867.7872301692894
44966,1867.7872301692894
44967,1867.7872301692894
44968,1867.7872301692894
44969,1867.7872301692894
44970,1867.7872301692894
44971,1867.7872301692894
44972,1867.7872301692894
44973,1867.7872301692894
44974,1867.7872301692894
44975,1867.7872301692894
44976,1867.7872301692894
44977,1867.7872301692894
44978,1867.7872301692894
44979,1867.7872301692894
44980,1867.7872301692894
44981,1867.7872301692894
44982,1867.7872301692894
44983,1867.7872301692894
44984,1867.7872301692894
44985,1867.7872301692894
44986,1867.7872301692894
44987,1867.7872301692894
44988,1867.7872301692894
44989,1867.7872301692894
44990,1867.7872301692894
44991,1867.7872301692894
44992,1867.7872301692894
44993,1867.7872301692894
44994,1867.7872301692894
44995,1867.7872301692894
44996,1867.7872301692894
44997,1867.7872301692894
44998,1867.7872301692894
44999,1867.7872301692894
45000,1867.7872301692894
45001,1867.7872301692894
45002,1867.7872301692894
45003,1867.7872301692894
45004,1867.7872301692894
45005,1867.7872301692894
45006,1867.7872301692894
45007,1867.7872301692894
45008,1867.7872301692894
45009,1867.7872301692894
45010,1867.7872301692894
45011,1867.7872301692894
45012,1867.7872301692894
45013,1867.7872301692894
45014,1867.7872301692894
45015,1867.7872301692894
45016,1867.7872301692894
45017,1867.7872301692894
45018,1867.7872301692894
45019,1867.7872301692894
45020,1867.7872301692894
45021,1867.7872301692894
45022,1867.7872301692894
45023,1867.7872301692894
45024,1867.7872301692894
45025,1867.7872301692894
45026,1867.7872301692894
45027,1867.7872301692894
45028,1867.7872301692894
45029,1867.7872301692894
45030,1867.7872301692894
45031,1867.7872301692894
45032,1867.7872301692894
45033,1867.7872301692894
45034,1867.7872301692894
45035,1867.7872301692894
45036,1867.7872301692894
45037,1867.7872301692894
45038,1867.7872301692894
45039,1867.7872301692894
45040,1867.7872301692894
45041,1867.7872301692894
45042,1867.7872301692894
45043,1867.7872301692894
45044,1867.7872301692894
45045,1867.7872301692894
45046,1867.7872301692894
45047,1867.7872301692894
45048,1867.7872301692894
45049,1867.7872301692894
45050,1867.7872301692894
45051,1867.7872301692894
45052,1867.7872301692894
45053,1867.7872301692894
45054,1867.7872301692894
45055,1867.7872301692894
45056,1867.7872301692894
45057,1867.7872301692894
45058,1867.7872301692894
45059,1867.7872301692894
45060,1867.7872301692894
45061,1867.7872301692894
45062,1867.7872301692894
45063,1867.7872301692894
45064,1867.7872301692894
45065,1867.7872301692894
45066,1867.7872301692894
45067,1867.7872301692894
45068,1867.7872301692894
45069,1867.7872301692894
45070,1867.7872301692894
45071,1867.7872301692894
45072,1867.7872301692894
45073,1867.7872301692894
45074,1867.7872301692894
45075,1867.7872301692894
45076,1867.7872301692894
45077,1867.7872301692894
45078,1867.7872301692894
45079,1867.7872301692894
45080,1867.7872301692894
45081,1867.7872301692894
45082,1867.7872301692894
45083,1867.7872301692894
45084,1867.7872301692894
45085,1867.7872301692894
45086,1867.7872301692894
45087,1867.7872301692894
45088,1867.7872301692894
45089,1867.7872301692894
45090,1867.7872301692894
45091,1867.7872301692894
45092,1867.7872301692894
45093,1867.7872301692894
45094,1867.7872301692894
45095,1867.7872301692894
45096,1867.7872301692894
45097,1867.7872301692894
45098,1867.7872301692894
45099,1867.7872301692894
45100,1867.7872301692894
45101,1867.7872301692894
45102,1867.7872301692894
45103,1867.7872301692894
45104,1867.7872301692894
45105,1867.7872301692894
45106,1867.7872301692894
45107,1867.7872301692894
45108,1867.7872301692894
45109,1867.7872301692894
45110,1867.7872301692894
45111,1867.7872301692894
45112,1867.7872301692894
45113,1867.7872301692894
45114,1867.7872301692894
45115,1867.7872301692894
45116,1867.7872301692894
45117,1867.7872301692894
45118,1867.7872301692894
45119,1867.7872301692894
45120,1867.7872301692894
45121,1867.7872301692894
45122,1867.7872301692894
45123,1867.7872301692894
45124,1867.7872301692894
45125,1867.7872301692894
45126,1867.7872301692894
45127,1867.7872301692894
45128,1867.7872301692894
45129,1867.7872301692894
45130,1867.7872301692894
45131,1867.7872301692894
45132,1867.7872301692894
45133,1867.7872301692894
45134,1867.7872301692894
45135,1867.7872301692894
45136,1867.7872301692894
45137,1867.7872301692894
45138,1867.7872301692894
45139,1867.7872301692894
45140,1867.7872301692894
45141,1867.7872301692894
45142,1867.7872301692894
45143,1867.7872301692894
45144,1867.7872301692894
45145,1867.7872301692894
45146,1867.7872301692894
45147,1867.7872301692894
45148,1867.7872301692894
45149,1867.7872301692894
45150,1867.7872301692894
45151,1867.7872301692894
45152,1867.7872301692894
45153,1867.7872301692894
45154,1867.7872301692894
45155,1867.7872301692894
45156,1867.7872301692894
45157,1867.7872301692894
45158,1867.7872301692894
45159,1867.7872301692894
45160,1867.7872301692894
45161,1867.7872301692894
45162,1867.7872301692894
45163,1867.7872301692894
45164,1867.7872301692894
45165,1867.7872301692894
45166,1867.7872301692894
45167,1867.7872301692894
45168,1867.7872301692894
45169,1867.7872301692894
45170,1867.7872301692894
45171,1867.7872301692894
45172,1867.7872301692894
45173,1867.7872301692894
45174,1867.7872301692894
45175,1867.7872301692894
45176,1867.7872301692894
45177,1867.7872301692894
45178,1867.7872301692894
45179,1867.7872301692894
45180,1867.7872301692894
45181,1867.7872301692894
45182,1867.7872301692894
45183,1867.7872301692894
45184,1867.7872301692894
45185,1867.7872301692894
45186,1867.7872301692894
45187,1867.7872301692894
45188,1867.7872301692894
45189,1867.7872301692894
45190,1867.7872301692894
45191,1867.7872301692894
45192,1867.7872301692894
45193,1867.7872301692894
45194,1867.7872301692894
45195,1867.7872301692894
45196,1867.7872301692894
45197,1867.7872301692894
45198,1867.7872301692894
45199,1867.7872301692894
45200,1867.7872301692894
45201,1867.7872301692894
45202,1867.7872301692894
45203,1867.7872301692894
45204,1867.7872301692894
45205,1867.7872301692894
45206,1867.7872301692894
45207,1867.7872301692894
45208,1867.7872301692894
45209,1867.7872301692894
45210,1867.7872301692894
45211,1867.7872301692894
45212,1867.7872301692894
45213,1867.7872301692894
45214,1867.7872301692894
45215,1867.7872301692894
45216,1867.7872301692894
45217,1867.7872301692894
45218,1867.7872301692894
45219,1867.7872301692894
45220,1867.7872301692894
45221,1867.7872301692894
45222,1867.7872301692894
45223,1867.7872301692894
45224,1867.7872301692894
45225,1867.7872301692894
45226,1867.7872301692894
45227,1867.7872301692894
45228,1867.7872301692894
45229,1867.7872301692894
45230,1867.7872301692894
45231,1867.7872301692894
45232,1867.7872301692894
45233,1867.7872301692894
45234,1867.7872301692894
45235,1867.7872301692894
45236,1867.7872301692894
45237,1867.7872301692894
45238,1867.7872301692894
45239,1867.7872301692894
45240,1867.7872301692894
45241,1867.7872301692894
45242,1867.7872301692894
45243,1867.7872301692894
45244,1867.7872301692894
45245,1867.7872301692894
45246,1867.7872301692894
45247,1867.7872301692894
45248,1867.7872301692894
45249,1867.7872301692894
45250,1867.7872301692894
45251,1867.7872301692894
45252,1867.7872301692894
45253,1867.7872301692894
45254,1867.7872301692894
45255,1867.7872301692894
45256,1867.7872301692894
45257,1867.7872301692894
45258,1867.7872301692894
45259,1867.7872301692894
45260,1867.7872301692894
45261,1867.7872301692894
45262,1867.7872301692894
45263,1867.7872301692894
45264,1867.7872301692894
45265,1867.7872301692894
45266,1867.7872301692894
45267,1867.7872301692894
45268,1867.7872301692894
45269,1867.7872301692894
45270,1867.7872301692894
45271,1867.7872301692894
45272,1867.7872301692894
45273,1867.7872301692894
45274,1867.7872301692894
45275,1867.7872301692894
45276,1867.7872301692894
45277,1867.7872301692894
45278,1867.7872301692894
45279,1867.7872301692894
45280,1867.7872301692894
45281,1867.7872301692894
45282,1867.7872301692894
45283,1867.7872301692894
45284,1867.7872301692894
45285,1867.7872301692894
45286,1867.7872301692894
45287,1867.7872301692894
45288,1867.7872301692894
45289,1867.7872301692894
45290,1867.7872301692894
45291,1867.7872301692894
45292,1867.7872301692894
45293,1867.7872301692894
45294,1867.7872301692894
45295,1867.7872301692894
45296,1867.7872301692894
45297,1867.7872301692894
45298,1867.7872301692894
45299,1867.7872301692894
45300,1867.7872301692894
45301,1867.7872301692894
45302,1867.7872301692894
45303,1867.7872301692894
45304,1867.7872301692894
45305,1867.7872301692894
45306,1867.7872301692894
45307,1867.7872301692894
45308,1867.7872301692894
45309,1867.7872301692894
45310,1867.7872301692894
45311,1867.7872301692894
45312,1867.7872301692894
45313,1867.7872301692894
45314,1867.7872301692894
45315,1867.7872301692894
45316,1867.7872301692894
45317,1867.7872301692894
45318,1867.7872301692894
45319,1867.7872301692894
45320,1867.7872301692894
45321,1867.7872301692894
45322,1867.7872301692894
45323,1867.7872301692894
45324,1867.7872301692894
45325,1867.7872301692894
45326,1867.7872301692894
45327,1867.7872301692894
45328,1867.7872301692894
45329,1867.7872301692894
45330,1867.7872301692894
45331,1867.7872301692894
45332,1867.7872301692894
45333,1867.7872301692894
45334,1867.7872301692894
45335,1867.7872301692894
45336,1867.7872301692894
45337,1867.7872301692894
45338,1867.7872301692894
45339,1867.7872301692894
45340,1867.7872301692894
45341,1867.7872301692894
45342,1867.7872301692894
45343,1867.7872301692894
45344,1867.7872301692894
45345,1867.7872301692894
45346,1867.7872301692894
45347,1867.7872301692894
45348,1867.7872301692894
45349,1867.7872301692894
45350,1867.7872301692894
45351,1867.7872301692894
45352,1867.7872301692894
45353,1867.7872301692894
45354,1867.7872301692894
45355,1867.7872301692894
45356,1867.7872301692894
45357,1867.7872301692894
45358,1867.7872301692894
45359,1867.7872301692894
45360,1867.7872301692894
45361,1867.7872301692894
45362,1867.7872301692894
45363,1867.7872301692894
45364,1867.7872301692894
45365,1867.7872301692894
45366,1867.7872301692894
45367,1867.7872301692894
45368,1867.7872301692894
45369,1867.7872301692894
45370,1867.7872301692894
45371,1867.7872301692894
45372,1867.7872301692894
45373,1867.7872301692894
45374,1867.7872301692894
45375,1867.7872301692894
45376,1867.7872301692894
45377,1867.7872301692894
45378,1867.7872301692894
45379,1867.7872301692894
45380,1867.7872301692894
45381,1867.7872301692894
45382,1867.7872301692894
45383,1867.7872301692894
45384,1867.7872301692894
45385,1867.7872301692894
45386,1867.7872301692894
45387,1867.7872301692894
45388,1867.7872301692894
45389,1867.7872301692894
45390,1867.7872301692894
45391,1867.7872301692894
45392,1867.7872301692894
45393,1867.7872301692894
45394,1867.7872301692894
45395,1867.7872301692894
45396,1867.7872301692894
45397,1867.7872301692894
45398,1867.7872301692894
45399,1867.7872301692894
45400,1867.7872301692894
45401,1867.7872301692894
45402,1867.7872301692894
45403,1867.7872301692894
45404,1867.7872301692894
45405,1867.7872301692894
45406,1867.7872301692894
45407,1867.7872301692894
45408,1867.7872301692894
45409,1867.7872301692894
45410,1867.7872301692894
45411,1867.7872301692894
45412,1867.7872301692894
45413,1867.7872301692894
45414,1867.7872301692894
45415,1867.7872301692894
45416,1867.7872301692894
45417,1867.7872301692894
45418,1867.7872301692894
45419,1867.7872301692894
45420,1867.7872301692894
45421,1867.7872301692894
45422,1867.7872301692894
45423,1867.7872301692894
45424,1867.7872301692894
45425,1867.7872301692894
45426,1867.7872301692894
45427,1867.7872301692894
45428,1867.7872301692894
45429,1867.7872301692894
45430,1867.7872301692894
45431,1867.7872301692894
45432,1867.7872301692894
45433,1867.7872301692894
45434,1867.7872301692894
45435,1867.7872301692894
45436,1867.7872301692894
45437,1867.7872301692894
45438,1867.7872301692894
45439,1867.7872301692894
45440,1867.7872301692894
45441,1867.7872301692894
45442,1867.7872301692894
45443,1867.7872301692894
45444,1867.7872301692894
45445,1867.7872301692894
45446,1867.7872301692894
45447,1867.7872301692894
45448,1867.7872301692894
45449,1867.7872301692894
45450,1867.7872301692894
45451,1867.7872301692894
45452,1867.7872301692894
45453,1867.7872301692894
45454,1867.7872301692894
45455,1867.7872301692894
45456,1867.7872301692894
45457,1867.7872301692894
45458,1867.7872301692894
45459,1867.7872301692894
45460,1867.7872301692894
45461,1867.7872301692894
45462,1867.7872301692894
45463,1867.7872301692894
45464,1867.7872301692894
45465,1867.7872301692894
45466,1867.7872301692894
45467,1867.7872301692894
45468,1867.7872301692894
45469,1867.7872301692894
45470,1867.7872301692894
45471,1867.7872301692894
45472,1867.7872301692894
45473,1867.7872301692894
45474,1867.7872301692894
45475,1867.7872301692894
45476,1867.7872301692894
45477,1867.7872301692894
45478,1867.7872301692894
45479,1867.7872301692894
45480,1867.7872301692894
45481,1867.7872301692894
45482,1867.7872301692894
45483,1867.7872301692894
45484,1867.7872301692894
45485,1867.7872301692894
45486,1867.7872301692894
45487,1867.7872301692894
45488,1867.7872301692894
45489,1867.7872301692894
45490,1867.7872301692894
45491,1867.7872301692894
45492,1867.7872301692894
45493,1867.7872301692894
45494,1867.7872301692894
45495,1867.7872301692894
45496,1867.7872301692894
45497,1867.7872301692894
45498,1867.7872301692894
45499,1867.7872301692894
45500,1867.7872301692894
45501,1867.7872301692894
45502,1867.7872301692894
45503,1867.7872301692894
45504,1867.7872301692894
45505,1867.7872301692894
45506,1867.7872301692894
45507,1867.7872301692894
45508,1867.7872301692894
45509,1867.7872301692894
45510,1867.7872301692894
45511,1867.7872301692894
45512,1867.7872301692894
45513,1867.7872301692894
45514,1867.7872301692894
45515,1867.7872301692894
45516,1867.7872301692894
45517,1867.7872301692894
45518,1867.7872301692894
45519,1867.7872301692894
45520,1867.7872301692894
45521,1867.7872301692894
45522,1867.7872301692894
45523,1867.7872301692894
45524,1867.7872301692894
45525,1867.7872301692894
45526,1867.7872301692894
45527,1867.7872301692894
45528,1867.7872301692894
45529,1867.7872301692894
45530,1867.7872301692894
45531,1867.7872301692894
45532,1867.7872301692894
45533,1867.7872301692894
45534,1867.7872301692894
45535,1867.7872301692894
45536,1867.7872301692894
45537,1867.7872301692894
45538,1867.7872301692894
45539,1867.7872301692894
45540,1867.7872301692894
45541,1867.7872301692894
45542,1867.7872301692894
45543,1867.7872301692894
45544,1867.7872301692894
45545,1867.7872301692894
45546,1867.7872301692894
45547,1867.7872301692894
45548,1867.7872301692894
45549,1867.7872301692894
45550,1867.7872301692894
45551,1867.7872301692894
45552,1867.7872301692894
45553,1867.7872301692894
45554,1867.7872301692894
45555,1867.7872301692894
45556,1867.7872301692894
45557,1867.7872301692894
45558,1867.7872301692894
45559,1867.7872301692894
45560,1867.7872301692894
45561,1867.7872301692894
45562,1867.7872301692894
45563,1867.7872301692894
45564,1867.7872301692894
45565,1867.7872301692894
45566,1867.7872301692894
45567,1867.7872301692894
45568,1867.7872301692894
45569,1867.7872301692894
45570,1867.7872301692894
45571,1867.7872301692894
45572,1867.7872301692894
45573,1867.7872301692894
45574,1867.7872301692894
45575,1867.7872301692894
45576,1867.7872301692894
45577,1867.7872301692894
45578,1867.7872301692894
45579,1867.7872301692894
45580,1867.7872301692894
45581,1867.7872301692894
45582,1867.7872301692894
45583,1867.7872301692894
45584,1867.7872301692894
45585,1867.7872301692894
45586,1867.7872301692894
45587,1867.7872301692894
45588,1867.7872301692894
45589,1867.7872301692894
45590,1867.7872301692894
45591,1867.7872301692894
45592,1867.7872301692894
45593,1867.7872301692894
45594,1867.7872301692894
45595,1867.7872301692894
45596,1867.7872301692894
45597,1867.7872301692894
45598,1867.7872301692894
45599,1867.7872301692894
45600,1867.7872301692894
45601,1867.7872301692894
45602,1867.7872301692894
45603,1867.7872301692894
45604,1867.7872301692894
45605,1867.7872301692894
45606,1867.7872301692894
45607,1867.7872301692894
45608,1867.7872301692894
45609,1867.7872301692894
45610,1867.7872301692894
45611,1867.7872301692894
45612,1867.7872301692894
45613,1867.7872301692894
45614,1867.7872301692894
45615,1867.7872301692894
45616,1867.7872301692894
45617,1867.7872301692894
45618,1867.7872301692894
45619,1867.7872301692894
45620,1867.7872301692894
45621,1867.7872301692894
45622,1867.7872301692894
45623,1867.7872301692894
45624,1867.7872301692894
45625,1867.7872301692894
45626,1867.7872301692894
45627,1867.7872301692894
45628,1867.7872301692894
45629,1867.7872301692894
45630,1867.7872301692894
45631,1867.7872301692894
45632,1867.7872301692894
45633,1867.7872301692894
45634,1867.7872301692894
45635,1867.7872301692894
45636,1867.7872301692894
45637,1867.7872301692894
45638,1867.7872301692894
45639,1867.7872301692894
45640,1867.7872301692894
45641,1867.7872301692894
45642,1867.7872301692894
45643,1867.7872301692894
45644,1867.7872301692894
45645,1867.7872301692894
45646,1867.7872301692894
45647,1867.7872301692894
45648,1867.7872301692894
45649,1867.7872301692894
45650,1867.7872301692894
45651,1867.7872301692894
45652,1867.7872301692894
45653,1867.7872301692894
45654,1867.7872301692894
45655,1867.7872301692894
45656,1867.7872301692894
45657,1867.7872301692894
45658,1867.7872301692894
45659,1867.7872301692894
45660,1867.7872301692894
45661,1867.7872301692894
45662,1867.7872301692894
45663,1867.7872301692894
45664,1867.7872301692894
45665,1867.7872301692894
45666,1867.7872301692894
45667,1867.7872301692894
45668,1867.7872301692894
45669,1867.7872301692894
45670,1867.7872301692894
45671,1867.7872301692894
45672,1867.7872301692894
45673,1867.7872301692894
45674,1867.7872301692894
45675,1867.7872301692894
45676,1867.7872301692894
45677,1867.7872301692894
45678,1867.7872301692894
45679,1867.7872301692894
45680,1867.7872301692894
45681,1867.7872301692894
45682,1867.7872301692894
45683,1867.7872301692894
45684,1867.7872301692894
45685,1867.7872301692894
45686,1867.7872301692894
45687,1867.7872301692894
45688,1867.7872301692894
45689,1867.7872301692894
45690,1867.7872301692894
45691,1867.7872301692894
45692,1867.7872301692894
45693,1867.7872301692894
45694,1867.7872301692894
45695,1867.7872301692894
45696,1867.7872301692894
45697,1867.7872301692894
45698,1867.7872301692894
45699,1867.7872301692894
45700,1867.7872301692894
45701,1867.7872301692894
45702,1867.7872301692894
45703,1867.7872301692894
45704,1867.7872301692894
45705,1867.7872301692894
45706,1867.7872301692894
45707,1867.7872301692894
45708,1867.7872301692894
45709,1867.7872301692894
45710,1867.7872301692894
45711,1867.7872301692894
45712,1867.7872301692894
45713,1867.7872301692894
45714,1867.7872301692894
45715,1867.7872301692894
45716,1867.7872301692894
45717,1867.7872301692894
45718,1867.7872301692894
45719,1867.7872301692894
45720,1867.7872301692894
45721,1867.7872301692894
45722,1867.7872301692894
45723,1867.7872301692894
45724,1867.7872301692894
45725,1867.7872301692894
45726,1867.7872301692894
45727,1867.7872301692894
45728,1867.7872301692894
45729,1867.7872301692894
45730,1867.7872301692894
45731,1867.7872301692894
45732,1867.7872301692894
45733,1867.7872301692894
45734,1867.7872301692894
45735,1867.7872301692894
45736,1867.7872301692894
45737,1867.7872301692894
45738,1867.7872301692894
45739,1867.7872301692894
45740,1867.7872301692894
45741,1867.7872301692894
45742,1867.7872301692894
45743,1867.7872301692894
45744,1867.7872301692894
45745,1867.7872301692894
45746,1867.7872301692894
45747,1867.7872301692894
45748,1867.7872301692894
45749,1867.7872301692894
45750,1867.7872301692894
45751,1867.7872301692894
45752,1867.7872301692894
45753,1867.7872301692894
45754,1867.7872301692894
45755,1867.7872301692894
45756,1867.7872301692894
45757,1867.7872301692894
45758,1867.7872301692894
45759,1867.7872301692894
45760,1867.7872301692894
45761,1867.7872301692894
45762,1867.7872301692894
45763,1867.7872301692894
45764,1867.7872301692894
45765,1867.7872301692894
45766,1867.7872301692894
45767,1867.7872301692894
45768,1867.7872301692894
45769,1867.7872301692894
45770,1867.7872301692894
45771,1867.7872301692894
45772,1867.7872301692894
45773,1867.7872301692894
45774,1867.7872301692894
45775,1867.7872301692894
45776,1867.7872301692894
45777,1867.7872301692894
45778,1867.7872301692894
45779,1867.7872301692894
45780,1867.7872301692894
45781,1867.7872301692894
45782,1867.7872301692894
45783,1867.7872301692894
45784,1867.7872301692894
45785,1867.7872301692894
45786,1867.7872301692894
45787,1867.7872301692894
45788,1867.7872301692894
45789,1867.7872301692894
45790,1867.7872301692894
45791,1867.7872301692894
45792,1867.7872301692894
45793,1867.7872301692894
45794,1867.7872301692894
45795,1867.7872301692894
45796,1867.7872301692894
45797,1867.7872301692894
45798,1867.7872301692894
45799,1867.7872301692894
45800,1867.7872301692894
45801,1867.7872301692894
45802,1867.7872301692894
45803,1867.7872301692894
45804,1867.7872301692894
45805,1867.7872301692894
45806,1867.7872301692894
45807,1867.7872301692894
45808,1867.7872301692894
45809,1867.7872301692894
45810,1867.7872301692894
45811,1867.7872301692894
45812,1867.7872301692894
45813,1867.7872301692894
45814,1867.7872301692894
45815,1867.7872301692894
45816,1867.7872301692894
45817,1867.7872301692894
45818,1867.7872301692894
45819,1867.7872301692894
45820,1867.7872301692894
45821,1867.7872301692894
45822,1867.7872301692894
45823,1867.7872301692894
45824,1867.7872301692894
45825,1867.7872301692894
45826,1867.7872301692894
45827,1867.7872301692894
45828,1867.7872301692894
45829,1867.7872301692894
45830,1867.7872301692894
45831,1867.7872301692894
45832,1867.7872301692894
45833,1867.7872301692894
45834,1867.7872301692894
45835,1867.7872301692894
45836,1867.7872301692894
45837,1867.7872301692894
45838,1867.7872301692894
45839,1867.7872301692894
45840,1867.7872301692894
45841,1867.7872301692894
45842,1867.7872301692894
45843,1867.7872301692894
45844,1867.7872301692894
45845,1867.7872301692894
45846,1867.7872301692894
45847,1867.7872301692894
45848,1867.7872301692894
45849,1867.7872301692894
45850,1867.7872301692894
45851,1867.7872301692894
45852,1867.7872301692894
45853,1867.7872301692894
45854,1867.7872301692894
45855,1867.7872301692894
45856,1867.7872301692894
45857,1867.7872301692894
45858,1867.7872301692894
45859,1867.7872301692894
45860,1867.7872301692894
45861,1867.7872301692894
45862,1867.7872301692894
45863,1867.7872301692894
45864,1867.7872301692894
45865,1867.7872301692894
45866,1867.7872301692894
45867,1867.7872301692894
45868,1867.7872301692894
45869,1867.7872301692894
45870,1867.7872301692894
45871,1867.7872301692894
45872,1867.7872301692894
45873,1867.7872301692894
45874,1867.7872301692894
45875,1867.7872301692894
45876,1867.7872301692894
45877,1867.7872301692894
45878,1867.7872301692894
45879,1867.7872301692894
45880,1867.7872301692894
45881,1867.7872301692894
45882,1867.7872301692894
45883,1867.7872301692894
45884,1867.7872301692894
45885,1867.7872301692894
45886,1867.7872301692894
45887,1867.7872301692894
45888,1867.7872301692894
45889,1867.7872301692894
45890,1867.7872301692894
45891,1867.7872301692894
45892,1867.7872301692894
45893,1867.7872301692894
45894,1867.7872301692894
45895,1867.7872301692894
45896,1867.7872301692894
45897,1867.7872301692894
45898,1867.7872301692894
45899,1867.7872301692894
45900,1867.7872301692894
45901,1867.7872301692894
45902,1867.7872301692894
45903,1867.7872301692894
45904,1867.7872301692894
45905,1867.7872301692894
45906,1867.7872301692894
45907,1867.7872301692894
45908,1867.7872301692894
45909,1867.7872301692894
45910,1867.7872301692894
45911,1867.7872301692894
45912,1867.7872301692894
45913,1867.7872301692894
45914,1867.7872301692894
45915,1867.7872301692894
45916,1867.7872301692894
45917,1867.7872301692894
45918,1867.7872301692894
45919,1867.7872301692894
45920,1867.7872301692894
45921,1867.7872301692894
45922,1867.7872301692894
45923,1867.7872301692894
45924,1867.7872301692894
45925,1867.7872301692894
45926,1867.7872301692894
45927,1867.7872301692894
45928,1867.7872301692894
45929,1867.7872301692894
45930,1867.7872301692894
45931,1867.7872301692894
45932,1867.7872301692894
45933,1867.7872301692894
45934,1867.7872301692894
45935,1867.7872301692894
45936,1867.7872301692894
45937,1867.7872301692894
45938,1867.7872301692894
45939,1867.7872301692894
45940,1867.7872301692894
45941,1867.7872301692894
45942,1867.7872301692894
45943,1867.7872301692894
45944,1867.7872301692894
45945,1867.7872301692894
45946,1867.7872301692894
45947,1867.7872301692894
45948,1867.7872301692894
45949,1867.7872301692894
45950,1867.7872301692894
45951,1867.7872301692894
45952,1867.7872301692894
45953,1867.7872301692894
45954,1867.7872301692894
45955,1867.7872301692894
45956,1867.7872301692894
45957,1867.7872301692894
45958,1867.7872301692894
45959,1867.7872301692894
45960,1867.7872301692894
45961,1867.7872301692894
45962,1867.7872301692894
45963,1867.7872301692894
45964,1867.7872301692894
45965,1867.7872301692894
45966,1867.7872301692894
45967,1867.7872301692894
45968,1867.7872301692894
45969,1867.7872301692894
45970,1867.7872301692894
45971,1867.7872301692894
45972,1867.7872301692894
45973,1867.7872301692894
45974,1867.7872301692894
45975,1867.7872301692894
45976,1867.7872301692894
45977,1867.7872301692894
45978,1867.7872301692894
45979,1867.7872301692894
45980,1867.7872301692894
45981,1867.7872301692894
45982,1867.7872301692894
45983,1867.7872301692894
45984,1867.7872301692894
45985,1867.7872301692894
45986,1867.7872301692894
45987,1867.7872301692894
45988,1867.7872301692894
45989,1867.7872301692894
45990,1867.7872301692894
45991,1867.7872301692894
45992,1867.7872301692894
45993,1867.7872301692894
45994,1867.7872301692894
45995,1867.7872301692894
45996,1867.7872301692894
45997,1867.7872301692894
45998,1867.7872301692894
45999,1867.7872301692894
46000,1867.7872301692894
46001,1867.7872301692894
46002,1867.7872301692894
46003,1867.7872301692894
46004,1867.7872301692894
46005,1867.7872301692894
46006,1867.7872301692894
46007,1867.7872301692894
46008,1867.7872301692894
46009,1867.7872301692894
46010,1867.7872301692894
46011,1867.7872301692894
46012,1867.7872301692894
46013,1867.7872301692894
46014,1867.7872301692894
46015,1867.7872301692894
46016,1867.7872301692894
46017,1867.7872301692894
46018,1867.7872301692894
46019,1867.7872301692894
46020,1867.7872301692894
46021,1867.7872301692894
46022,1867.7872301692894
46023,1867.7872301692894
46024,1867.7872301692894
46025,1867.7872301692894
46026,1867.7872301692894
46027,1867.7872301692894
46028,1867.7872301692894
46029,1867.7872301692894
46030,1867.7872301692894
46031,1867.7872301692894
46032,1867.7872301692894
46033,1867.7872301692894
46034,1867.7872301692894
46035,1867.7872301692894
46036,1867.7872301692894
46037,1867.7872301692894
46038,1867.7872301692894
46039,1867.7872301692894
46040,1867.7872301692894
46041,1867.7872301692894
46042,1867.7872301692894
46043,1867.7872301692894
46044,1867.7872301692894
46045,1867.7872301692894
46046,1867.7872301692894
46047,1867.7872301692894
46048,1867.7872301692894
46049,1867.7872301692894
46050,1867.7872301692894
46051,1867.7872301692894
46052,1867.7872301692894
46053,1867.7872301692894
46054,1867.7872301692894
46055,1867.7872301692894
46056,1867.7872301692894
46057,1867.7872301692894
46058,1867.7872301692894
46059,1867.7872301692894
46060,1867.7872301692894
46061,1867.7872301692894
46062,1867.7872301692894
46063,1867.7872301692894
46064,1867.7872301692894
46065,1867.7872301692894
46066,1867.7872301692894
46067,1867.7872301692894
46068,1867.7872301692894
46069,1867.7872301692894
46070,1867.7872301692894
46071,1867.7872301692894
46072,1867.7872301692894
46073,1867.7872301692894
46074,1867.7872301692894
46075,1867.7872301692894
46076,1867.7872301692894
46077,1867.7872301692894
46078,1867.7872301692894
46079,1867.7872301692894
46080,1867.7872301692894
46081,1867.7872301692894
46082,1867.7872301692894
46083,1867.7872301692894
46084,1867.7872301692894
46085,1867.7872301692894
46086,1867.7872301692894
46087,1867.7872301692894
46088,1867.7872301692894
46089,1867.7872301692894
46090,1867.7872301692894
46091,1867.7872301692894
46092,1867.7872301692894
46093,1867.7872301692894
46094,1867.7872301692894
46095,1867.7872301692894
46096,1867.7872301692894
46097,1867.7872301692894
46098,1867.7872301692894
46099,1867.7872301692894
46100,1867.7872301692894
46101,1867.7872301692894
46102,1867.7872301692894
46103,1867.7872301692894
46104,1867.7872301692894
46105,1867.7872301692894
46106,1867.7872301692894
46107,1867.7872301692894
46108,1867.7872301692894
46109,1867.7872301692894
46110,1867.7872301692894
46111,1867.7872301692894
46112,1867.7872301692894
46113,1867.7872301692894
46114,1867.7872301692894
46115,1867.7872301692894
46116,1867.7872301692894
46117,1867.7872301692894
46118,1867.7872301692894
46119,1867.7872301692894
46120,1867.7872301692894
46121,1867.7872301692894
46122,1867.7872301692894
46123,1867.7872301692894
46124,1867.7872301692894
46125,1867.7872301692894
46126,1867.7872301692894
46127,1867.7872301692894
46128,1867.7872301692894
46129,1867.7872301692894
46130,1867.7872301692894
46131,1867.7872301692894
46132,1867.7872301692894
46133,1867.7872301692894
46134,1867.7872301692894
46135,1867.7872301692894
46136,1867.7872301692894
46137,1867.7872301692894
46138,1867.7872301692894
46139,1867.7872301692894
46140,1867.7872301692894
46141,1867.7872301692894
46142,1867.7872301692894
46143,1867.7872301692894
46144,1867.7872301692894
46145,1867.7872301692894
46146,1867.7872301692894
46147,1867.7872301692894
46148,1867.7872301692894
46149,1867.7872301692894
46150,1867.7872301692894
46151,1867.7872301692894
46152,1867.7872301692894
46153,1867.7872301692894
46154,1867.7872301692894
46155,1867.7872301692894
46156,1867.7872301692894
46157,1867.7872301692894
46158,1867.7872301692894
46159,1867.7872301692894
46160,1867.7872301692894
46161,1867.7872301692894
46162,1867.7872301692894
46163,1867.7872301692894
46164,1867.7872301692894
46165,1867.7872301692894
46166,1867.7872301692894
46167,1867.7872301692894
46168,1867.7872301692894
46169,1867.7872301692894
46170,1867.7872301692894
46171,1867.7872301692894
46172,1867.7872301692894
46173,1867.7872301692894
46174,1867.7872301692894
46175,1867.7872301692894
46176,1867.7872301692894
46177,1867.7872301692894
46178,1867.7872301692894
46179,1867.7872301692894
46180,1867.7872301692894
46181,1867.7872301692894
46182,1867.7872301692894
46183,1867.7872301692894
46184,1867.7872301692894
46185,1867.7872301692894
46186,1867.7872301692894
46187,1867.7872301692894
46188,1867.7872301692894
46189,1867.7872301692894
46190,1867.7872301692894
46191,1867.7872301692894
46192,1867.7872301692894
46193,1867.7872301692894
46194,1867.7872301692894
46195,1867.7872301692894
46196,1867.7872301692894
46197,1867.7872301692894
46198,1867.7872301692894
46199,1867.7872301692894
46200,1867.7872301692894
46201,1867.7872301692894
46202,1867.7872301692894
46203,1867.7872301692894
46204,1867.7872301692894
46205,1867.7872301692894
46206,1867.7872301692894
46207,1867.7872301692894
46208,1867.7872301692894
46209,1867.7872301692894
46210,1867.7872301692894
46211,1867.7872301692894
46212,1867.7872301692894
46213,1867.7872301692894
46214,1867.7872301692894
46215,1867.7872301692894
46216,1867.7872301692894
46217,1867.7872301692894
46218,1867.7872301692894
46219,1867.7872301692894
46220,1867.7872301692894
46221,1867.7872301692894
46222,1867.7872301692894
46223,1867.7872301692894
46224,1867.7872301692894
46225,1867.7872301692894
46226,1867.7872301692894
46227,1867.7872301692894
46228,1867.7872301692894
46229,1867.7872301692894
46230,1867.7872301692894
46231,1867.7872301692894
46232,1867.7872301692894
46233,1867.7872301692894
46234,1867.7872301692894
46235,1867.7872301692894
46236,1867.7872301692894
46237,1867.7872301692894
46238,1867.7872301692894
46239,1867.7872301692894
46240,1867.7872301692894
46241,1867.7872301692894
46242,1867.7872301692894
46243,1867.7872301692894
46244,1867.7872301692894
46245,1867.7872301692894
46246,1867.7872301692894
46247,1867.7872301692894
46248,1867.7872301692894
46249,1867.7872301692894
46250,1867.7872301692894
46251,1867.7872301692894
46252,1867.7872301692894
46253,1867.7872301692894
46254,1867.7872301692894
46255,1867.7872301692894
46256,1867.7872301692894
46257,1867.7872301692894
46258,1867.7872301692894
46259,1867.7872301692894
46260,1867.7872301692894
46261,1867.7872301692894
46262,1867.7872301692894
46263,1867.7872301692894
46264,1867.7872301692894
46265,1867.7872301692894
46266,1867.7872301692894
46267,1867.7872301692894
46268,1867.7872301692894
46269,1867.7872301692894
46270,1867.7872301692894
46271,1867.7872301692894
46272,1867.7872301692894
46273,1867.7872301692894
46274,1867.7872301692894
46275,1867.7872301692894
46276,1867.7872301692894
46277,1867.7872301692894
46278,1867.7872301692894
46279,1867.7872301692894
46280,1867.7872301692894
46281,1867.7872301692894
46282,1867.7872301692894
46283,1867.7872301692894
46284,1867.7872301692894
46285,1867.7872301692894
46286,1867.7872301692894
46287,1867.7872301692894
46288,1867.7872301692894
46289,1867.7872301692894
46290,1867.7872301692894
46291,1867.7872301692894
46292,1867.7872301692894
46293,1867.7872301692894
46294,1867.7872301692894
46295,1867.7872301692894
46296,1867.7872301692894
46297,1867.7872301692894
46298,1867.7872301692894
46299,1867.7872301692894
46300,1867.7872301692894
46301,1867.7872301692894
46302,1867.7872301692894
46303,1867.7872301692894
46304,1867.7872301692894
46305,1867.7872301692894
46306,1867.7872301692894
46307,1867.7872301692894
46308,1867.7872301692894
46309,1867.7872301692894
46310,1867.7872301692894
46311,1867.7872301692894
46312,1867.7872301692894
46313,1867.7872301692894
46314,1867.7872301692894
46315,1867.7872301692894
46316,1867.7872301692894
46317,1867.7872301692894
46318,1867.7872301692894
46319,1867.7872301692894
46320,1867.7872301692894
46321,1867.7872301692894
46322,1867.7872301692894
46323,1867.7872301692894
46324,1867.7872301692894
46325,1867.7872301692894
46326,1867.7872301692894
46327,1867.7872301692894
46328,1867.7872301692894
46329,1867.7872301692894
46330,1867.7872301692894
46331,1867.7872301692894
46332,1867.7872301692894
46333,1867.7872301692894
46334,1867.7872301692894
46335,1867.7872301692894
46336,1867.7872301692894
46337,1867.7872301692894
46338,1867.7872301692894
46339,1867.7872301692894
46340,1867.7872301692894
46341,1867.7872301692894
46342,1867.7872301692894
46343,1867.7872301692894
46344,1867.7872301692894
46345,1867.7872301692894
46346,1867.7872301692894
46347,1867.7872301692894
46348,1867.7872301692894
46349,1867.7872301692894
46350,1867.7872301692894
46351,1867.7872301692894
46352,1867.7872301692894
46353,1867.7872301692894
46354,1867.7872301692894
46355,1867.7872301692894
46356,1867.7872301692894
46357,1867.7872301692894
46358,1867.7872301692894
46359,1867.7872301692894
46360,1867.7872301692894
46361,1867.7872301692894
46362,1867.7872301692894
46363,1867.7872301692894
46364,1867.7872301692894
46365,1867.7872301692894
46366,1867.7872301692894
46367,1867.7872301692894
46368,1867.7872301692894
46369,1867.7872301692894
46370,1867.7872301692894
46371,1867.7872301692894
46372,1867.7872301692894
46373,1867.7872301692894
46374,1867.7872301692894
46375,1867.7872301692894
46376,1867.7872301692894
46377,1867.7872301692894
46378,1867.7872301692894
46379,1867.7872301692894
46380,1867.7872301692894
46381,1867.7872301692894
46382,1867.7872301692894
46383,1867.7872301692894
46384,1867.7872301692894
46385,1867.7872301692894
46386,1867.7872301692894
46387,1867.7872301692894
46388,1867.7872301692894
46389,1867.7872301692894
46390,1867.7872301692894
46391,1867.7872301692894
46392,1867.7872301692894
46393,1867.7872301692894
46394,1867.7872301692894
46395,1867.7872301692894
46396,1867.7872301692894
46397,1867.7872301692894
46398,1867.7872301692894
46399,1867.7872301692894
46400,1867.7872301692894
46401,1867.7872301692894
46402,1867.7872301692894
46403,1867.7872301692894
46404,1867.7872301692894
46405,1867.7872301692894
46406,1867.7872301692894
46407,1867.7872301692894
46408,1867.7872301692894
46409,1867.7872301692894
46410,1867.7872301692894
46411,1867.7872301692894
46412,1867.7872301692894
46413,1867.7872301692894
46414,1867.7872301692894
46415,1867.7872301692894
46416,1867.7872301692894
46417,1867.7872301692894
46418,1867.7872301692894
46419,1867.7872301692894
46420,1867.7872301692894
46421,1867.7872301692894
46422,1867.7872301692894
46423,1867.7872301692894
46424,1867.7872301692894
46425,1867.7872301692894
46426,1867.7872301692894
46427,1867.7872301692894
46428,1867.7872301692894
46429,1867.7872301692894
46430,1867.7872301692894
46431,1867.7872301692894
46432,1867.7872301692894
46433,1867.7872301692894
46434,1867.7872301692894
46435,1867.7872301692894
46436,1867.7872301692894
46437,1867.7872301692894
46438,1867.7872301692894
46439,1867.7872301692894
46440,1867.7872301692894
46441,1867.7872301692894
46442,1867.7872301692894
46443,1867.7872301692894
46444,1867.7872301692894
46445,1867.7872301692894
46446,1867.7872301692894
46447,1867.7872301692894
46448,1867.7872301692894
46449,1867.7872301692894
46450,1867.7872301692894
46451,1867.7872301692894
46452,1867.7872301692894
46453,1867.7872301692894
46454,1867.7872301692894
46455,1867.7872301692894
46456,1867.7872301692894
46457,1867.7872301692894
46458,1867.7872301692894
46459,1867.7872301692894
46460,1867.7872301692894
46461,1867.7872301692894
46462,1867.7872301692894
46463,1867.7872301692894
46464,1867.7872301692894
46465,1867.7872301692894
46466,1867.7872301692894
46467,1867.7872301692894
46468,1867.7872301692894
46469,1867.7872301692894
46470,1867.7872301692894
46471,1867.7872301692894
46472,1867.7872301692894
46473,1867.7872301692894
46474,1867.7872301692894
46475,1867.7872301692894
46476,1867.7872301692894
46477,1867.7872301692894
46478,1867.7872301692894
46479,1867.7872301692894
46480,1867.7872301692894
46481,1867.7872301692894
46482,1867.7872301692894
46483,1867.7872301692894
46484,1867.7872301692894
46485,1867.7872301692894
46486,1867.7872301692894
46487,1867.7872301692894
46488,1867.7872301692894
46489,1867.7872301692894
46490,1867.7872301692894
46491,1867.7872301692894
46492,1867.7872301692894
46493,1867.7872301692894
46494,1867.7872301692894
46495,1867.7872301692894
46496,1867.7872301692894
46497,1867.7872301692894
46498,1867.7872301692894
46499,1867.7872301692894
46500,1867.7872301692894
46501,1867.7872301692894
46502,1867.7872301692894
46503,1867.7872301692894
46504,1867.7872301692894
46505,1867.7872301692894
46506,1867.7872301692894
46507,1867.7872301692894
46508,1867.7872301692894
46509,1867.7872301692894
46510,1867.7872301692894
46511,1867.7872301692894
46512,1867.7872301692894
46513,1867.7872301692894
46514,1867.7872301692894
46515,1867.7872301692894
46516,1867.7872301692894
46517,1867.7872301692894
46518,1867.7872301692894
46519,1867.7872301692894
46520,1867.7872301692894
46521,1867.7872301692894
46522,1867.7872301692894
46523,1867.7872301692894
46524,1867.7872301692894
46525,1867.7872301692894
46526,1867.7872301692894
46527,1867.7872301692894
46528,1867.7872301692894
46529,1867.7872301692894
46530,1867.7872301692894
46531,1867.7872301692894
46532,1867.7872301692894
46533,1867.7872301692894
46534,1867.7872301692894
46535,1867.7872301692894
46536,1867.7872301692894
46537,1867.7872301692894
46538,1867.7872301692894
46539,1867.7872301692894
46540,1867.7872301692894
46541,1867.7872301692894
46542,1867.7872301692894
46543,1867.7872301692894
46544,1867.7872301692894
46545,1867.7872301692894
46546,1867.7872301692894
46547,1867.7872301692894
46548,1867.7872301692894
46549,1867.7872301692894
46550,1867.7872301692894
46551,1867.7872301692894
46552,1867.7872301692894
46553,1867.7872301692894
46554,1867.7872301692894
46555,1867.7872301692894
46556,1867.7872301692894
46557,1867.7872301692894
46558,1867.7872301692894
46559,1867.7872301692894
46560,1867.7872301692894
46561,1867.7872301692894
46562,1867.7872301692894
46563,1867.7872301692894
46564,1867.7872301692894
46565,1867.7872301692894
46566,1867.7872301692894
46567,1867.7872301692894
46568,1867.7872301692894
46569,1867.7872301692894
46570,1867.7872301692894
46571,1867.7872301692894
46572,1867.7872301692894
46573,1867.7872301692894
46574,1867.7872301692894
46575,1867.7872301692894
46576,1867.7872301692894
46577,1867.7872301692894
46578,1867.7872301692894
46579,1867.7872301692894
46580,1867.7872301692894
46581,1867.7872301692894
46582,1867.7872301692894
46583,1867.7872301692894
46584,1867.7872301692894
46585,1867.7872301692894
46586,1867.7872301692894
46587,1867.7872301692894
46588,1867.7872301692894
46589,1867.7872301692894
46590,1867.7872301692894
46591,1867.7872301692894
46592,1867.7872301692894
46593,1867.7872301692894
46594,1867.7872301692894
46595,1867.7872301692894
46596,1867.7872301692894
46597,1867.7872301692894
46598,1867.7872301692894
46599,1867.7872301692894
46600,1867.7872301692894
46601,1867.7872301692894
46602,1867.7872301692894
46603,1867.7872301692894
46604,1867.7872301692894
46605,1867.7872301692894
46606,1867.7872301692894
46607,1867.7872301692894
46608,1867.7872301692894
46609,1867.7872301692894
46610,1867.7872301692894
46611,1867.7872301692894
46612,1867.7872301692894
46613,1867.7872301692894
46614,1867.7872301692894
46615,1867.7872301692894
46616,1867.7872301692894
46617,1867.7872301692894
46618,1867.7872301692894
46619,1867.7872301692894
46620,1867.7872301692894
46621,1867.7872301692894
46622,1867.7872301692894
46623,1867.7872301692894
46624,1867.7872301692894
46625,1867.7872301692894
46626,1867.7872301692894
46627,1867.7872301692894
46628,1867.7872301692894
46629,1867.7872301692894
46630,1867.7872301692894
46631,1867.7872301692894
46632,1867.7872301692894
46633,1867.7872301692894
46634,1867.7872301692894
46635,1867.7872301692894
46636,1867.7872301692894
46637,1867.7872301692894
46638,1867.7872301692894
46639,1867.7872301692894
46640,1867.7872301692894
46641,1867.7872301692894
46642,1867.7872301692894
46643,1867.7872301692894
46644,1867.7872301692894
46645,1867.7872301692894
46646,1867.7872301692894
46647,1867.7872301692894
46648,1867.7872301692894
46649,1867.7872301692894
46650,1867.7872301692894
46651,1867.7872301692894
46652,1867.7872301692894
46653,1867.7872301692894
46654,1867.7872301692894
46655,1867.7872301692894
46656,1867.7872301692894
46657,1867.7872301692894
46658,1867.7872301692894
46659,1867.7872301692894
46660,1867.7872301692894
46661,1867.7872301692894
46662,1867.7872301692894
46663,1867.7872301692894
46664,1867.7872301692894
46665,1867.7872301692894
46666,1867.7872301692894
46667,1867.7872301692894
46668,1867.7872301692894
46669,1867.7872301692894
46670,1867.7872301692894
46671,1867.7872301692894
46672,1867.7872301692894
46673,1867.7872301692894
46674,1867.7872301692894
46675,1867.7872301692894
46676,1867.7872301692894
46677,1867.7872301692894
46678,1867.7872301692894
46679,1867.7872301692894
46680,1867.7872301692894
46681,1867.7872301692894
46682,1867.7872301692894
46683,1867.7872301692894
46684,1867.7872301692894
46685,1867.7872301692894
46686,1867.7872301692894
46687,1867.7872301692894
46688,1867.7872301692894
46689,1867.7872301692894
46690,1867.7872301692894
46691,1867.7872301692894
46692,1867.7872301692894
46693,1867.7872301692894
46694,1867.7872301692894
46695,1867.7872301692894
46696,1867.7872301692894
46697,1867.7872301692894
46698,1867.7872301692894
46699,1867.7872301692894
46700,1867.7872301692894
46701,1867.7872301692894
46702,1867.7872301692894
46703,1867.7872301692894
46704,1867.7872301692894
46705,1867.7872301692894
46706,1867.7872301692894
46707,1867.7872301692894
46708,1867.7872301692894
46709,1867.7872301692894
46710,1867.7872301692894
46711,1867.7872301692894
46712,1867.7872301692894
46713,1867.7872301692894
46714,1867.7872301692894
46715,1867.7872301692894
46716,1867.7872301692894
46717,1867.7872301692894
46718,1867.7872301692894
46719,1867.7872301692894
46720,1867.7872301692894
46721,1867.7872301692894
46722,1867.7872301692894
46723,1867.7872301692894
46724,1867.7872301692894
46725,1867.7872301692894
46726,1867.7872301692894
46727,1867.7872301692894
46728,1867.7872301692894
46729,1867.7872301692894
46730,1867.7872301692894
46731,1867.7872301692894
46732,1867.7872301692894
46733,1867.7872301692894
46734,1867.7872301692894
46735,1867.7872301692894
46736,1867.7872301692894
46737,1867.7872301692894
46738,1867.7872301692894
46739,1867.7872301692894
46740,1867.7872301692894
46741,1867.7872301692894
46742,1867.7872301692894
46743,1867.7872301692894
46744,1867.7872301692894
46745,1867.7872301692894
46746,1867.7872301692894
46747,1867.7872301692894
46748,1867.7872301692894
46749,1867.7872301692894
46750,1867.7872301692894
46751,1867.7872301692894
46752,1867.7872301692894
46753,1867.7872301692894
46754,1867.7872301692894
46755,1867.7872301692894
46756,1867.7872301692894
46757,1867.7872301692894
46758,1867.7872301692894
46759,1867.7872301692894
46760,1867.7872301692894
46761,1867.7872301692894
46762,1867.7872301692894
46763,1867.7872301692894
46764,1867.7872301692894
46765,1867.7872301692894
46766,1867.7872301692894
46767,1867.7872301692894
46768,1867.7872301692894
46769,1867.7872301692894
46770,1867.7872301692894
46771,1867.7872301692894
46772,1867.7872301692894
46773,1867.7872301692894
46774,1867.7872301692894
46775,1867.7872301692894
46776,1867.7872301692894
46777,1867.7872301692894
46778,1867.7872301692894
46779,1867.7872301692894
46780,1867.7872301692894
46781,1867.7872301692894
46782,1867.7872301692894
46783,1867.7872301692894
46784,1867.7872301692894
46785,1867.7872301692894
46786,1867.7872301692894
46787,1867.7872301692894
46788,1867.7872301692894
46789,1867.7872301692894
46790,1867.7872301692894
46791,1867.7872301692894
46792,1867.7872301692894
46793,1867.7872301692894
46794,1867.7872301692894
46795,1867.7872301692894
46796,1867.7872301692894
46797,1867.7872301692894
46798,1867.7872301692894
46799,1867.7872301692894
46800,1867.7872301692894
46801,1867.7872301692894
46802,1867.7872301692894
46803,1867.7872301692894
46804,1867.7872301692894
46805,1867.7872301692894
46806,1867.7872301692894
46807,1867.7872301692894
46808,1867.7872301692894
46809,1867.7872301692894
46810,1867.7872301692894
46811,1867.7872301692894
46812,1867.7872301692894
46813,1867.7872301692894
46814,1867.7872301692894
46815,1867.7872301692894
46816,1867.7872301692894
46817,1867.7872301692894
46818,1867.7872301692894
46819,1867.7872301692894
46820,1867.7872301692894
46821,1867.7872301692894
46822,1867.7872301692894
46823,1867.7872301692894
46824,1867.7872301692894
46825,1867.7872301692894
46826,1867.7872301692894
46827,1867.7872301692894
46828,1867.7872301692894
46829,1867.7872301692894
46830,1867.7872301692894
46831,1867.7872301692894
46832,1867.7872301692894
46833,1867.7872301692894
46834,1867.7872301692894
46835,1867.7872301692894
46836,1867.7872301692894
46837,1867.7872301692894
46838,1867.7872301692894
46839,1867.7872301692894
46840,1867.7872301692894
46841,1867.7872301692894
46842,1867.7872301692894
46843,1867.7872301692894
46844,1867.7872301692894
46845,1867.7872301692894
46846,1867.7872301692894
46847,1867.7872301692894
46848,1867.7872301692894
46849,1867.7872301692894
46850,1867.7872301692894
46851,1867.7872301692894
46852,1867.7872301692894
46853,1867.7872301692894
46854,1867.7872301692894
46855,1867.7872301692894
46856,1867.7872301692894
46857,1867.7872301692894
46858,1867.7872301692894
46859,1867.7872301692894
46860,1867.7872301692894
46861,1867.7872301692894
46862,1867.7872301692894
46863,1867.7872301692894
46864,1867.7872301692894
46865,1867.7872301692894
46866,1867.7872301692894
46867,1867.7872301692894
46868,1867.7872301692894
46869,1867.7872301692894
46870,1867.7872301692894
46871,1867.7872301692894
46872,1867.7872301692894
46873,1867.7872301692894
46874,1867.7872301692894
46875,1867.7872301692894
46876,1867.7872301692894
46877,1867.7872301692894
46878,1867.7872301692894
46879,1867.7872301692894
46880,1867.7872301692894
46881,1867.7872301692894
46882,1867.7872301692894
46883,1867.7872301692894
46884,1867.7872301692894
46885,1867.7872301692894
46886,1867.7872301692894
46887,1867.7872301692894
46888,1867.7872301692894
46889,1867.7872301692894
46890,1867.7872301692894
46891,1867.7872301692894
46892,1867.7872301692894
46893,1867.7872301692894
46894,1867.7872301692894
46895,1867.7872301692894
46896,1867.7872301692894
46897,1867.7872301692894
46898,1867.7872301692894
46899,1867.7872301692894
46900,1867.7872301692894
46901,1867.7872301692894
46902,1867.7872301692894
46903,1867.7872301692894
46904,1867.7872301692894
46905,1867.7872301692894
46906,1867.7872301692894
46907,1867.7872301692894
46908,1867.7872301692894
46909,1867.7872301692894
46910,1867.7872301692894
46911,1867.7872301692894
46912,1867.7872301692894
46913,1867.7872301692894
46914,1867.7872301692894
46915,1867.7872301692894
46916,1867.7872301692894
46917,1867.7872301692894
46918,1867.7872301692894
46919,1867.7872301692894
46920,1867.7872301692894
46921,1867.7872301692894
46922,1867.7872301692894
46923,1867.7872301692894
46924,1867.7872301692894
46925,1867.7872301692894
46926,1867.7872301692894
46927,1867.7872301692894
46928,1867.7872301692894
46929,1867.7872301692894
46930,1867.7872301692894
46931,1867.7872301692894
46932,1867.7872301692894
46933,1867.7872301692894
46934,1867.7872301692894
46935,1867.7872301692894
46936,1867.7872301692894
46937,1867.7872301692894
46938,1867.7872301692894
46939,1867.7872301692894
46940,1867.7872301692894
46941,1867.7872301692894
46942,1867.7872301692894
46943,1867.7872301692894
46944,1867.7872301692894
46945,1867.7872301692894
46946,1867.7872301692894
46947,1867.7872301692894
46948,1867.7872301692894
46949,1867.7872301692894
46950,1867.7872301692894
46951,1867.7872301692894
46952,1867.7872301692894
46953,1867.7872301692894
46954,1867.7872301692894
46955,1867.7872301692894
46956,1867.7872301692894
46957,1867.7872301692894
46958,1867.7872301692894
46959,1867.7872301692894
46960,1867.7872301692894
46961,1867.7872301692894
46962,1867.7872301692894
46963,1867.7872301692894
46964,1867.7872301692894
46965,1867.7872301692894
46966,1867.7872301692894
46967,1867.7872301692894
46968,1867.7872301692894
46969,1867.7872301692894
46970,1867.7872301692894
46971,1867.7872301692894
46972,1867.7872301692894
46973,1867.7872301692894
46974,1867.7872301692894
46975,1867.7872301692894
46976,1867.7872301692894
46977,1867.7872301692894
46978,1867.7872301692894
46979,1867.7872301692894
46980,1867.7872301692894
46981,1867.7872301692894
46982,1867.7872301692894
46983,1867.7872301692894
46984,1867.7872301692894
46985,1867.7872301692894
46986,1867.7872301692894
46987,1867.7872301692894
46988,1867.7872301692894
46989,1867.7872301692894
46990,1867.7872301692894
46991,1867.7872301692894
46992,1867.7872301692894
46993,1867.7872301692894
46994,1867.7872301692894
46995,1867.7872301692894
46996,1867.7872301692894
46997,1867.7872301692894
46998,1867.7872301692894
46999,1867.7872301692894
47000,1867.7872301692894
47001,1867.7872301692894
47002,1867.7872301692894
47003,1867.7872301692894
47004,1867.7872301692894
47005,1867.7872301692894
47006,1867.7872301692894
47007,1867.7872301692894
47008,1867.7872301692894
47009,1867.7872301692894
47010,1867.7872301692894
47011,1867.7872301692894
47012,1867.7872301692894
47013,1867.7872301692894
47014,1867.7872301692894
47015,1867.7872301692894
47016,1867.7872301692894
47017,1867.7872301692894
47018,1867.7872301692894
47019,1867.7872301692894
47020,1867.7872301692894
47021,1867.7872301692894
47022,1867.7872301692894
47023,1867.7872301692894
47024,1867.7872301692894
47025,1867.7872301692894
47026,1867.7872301692894
47027,1867.7872301692894
47028,1867.7872301692894
47029,1867.7872301692894
47030,1867.7872301692894
47031,1867.7872301692894
47032,1867.7872301692894
47033,1867.7872301692894
47034,1867.7872301692894
47035,1867.7872301692894
47036,1867.7872301692894
47037,1867.7872301692894
47038,1867.7872301692894
47039,1867.7872301692894
47040,1867.7872301692894
47041,1867.7872301692894
47042,1867.7872301692894
47043,1867.7872301692894
47044,1867.7872301692894
47045,1867.7872301692894
47046,1867.7872301692894
47047,1867.7872301692894
47048,1867.7872301692894
47049,1867.7872301692894
47050,1867.7872301692894
47051,1867.7872301692894
47052,1867.7872301692894
47053,1867.7872301692894
47054,1867.7872301692894
47055,1867.7872301692894
47056,1867.7872301692894
47057,1867.7872301692894
47058,1867.7872301692894
47059,1867.7872301692894
47060,1867.7872301692894
47061,1867.7872301692894
47062,1867.7872301692894
47063,1867.7872301692894
47064,1867.7872301692894
47065,1867.7872301692894
47066,1867.7872301692894
47067,1867.7872301692894
47068,1867.7872301692894
47069,1867.7872301692894
47070,1867.7872301692894
47071,1867.7872301692894
47072,1867.7872301692894
47073,1867.7872301692894
47074,1867.7872301692894
47075,1867.7872301692894
47076,1867.7872301692894
47077,1867.7872301692894
47078,1867.7872301692894
47079,1867.7872301692894
47080,1867.7872301692894
47081,1867.7872301692894
47082,1867.7872301692894
47083,1867.7872301692894
47084,1867.7872301692894
47085,1867.7872301692894
47086,1867.7872301692894
47087,1867.7872301692894
47088,1867.7872301692894
47089,1867.7872301692894
47090,1867.7872301692894
47091,1867.7872301692894
47092,1867.7872301692894
47093,1867.7872301692894
47094,1867.7872301692894
47095,1867.7872301692894
47096,1867.7872301692894
47097,1867.7872301692894
47098,1867.7872301692894
47099,1867.7872301692894
47100,1867.7872301692894
47101,1867.7872301692894
47102,1867.7872301692894
47103,1867.7872301692894
47104,1867.7872301692894
47105,1867.7872301692894
47106,1867.7872301692894
47107,1867.7872301692894
47108,1867.7872301692894
47109,1867.7872301692894
47110,1867.7872301692894
47111,1867.7872301692894
47112,1867.7872301692894
47113,1867.7872301692894
47114,1867.7872301692894
47115,1867.7872301692894
47116,1867.7872301692894
47117,1867.7872301692894
47118,1867.7872301692894
47119,1867.7872301692894
47120,1867.7872301692894
47121,1867.7872301692894
47122,1867.7872301692894
47123,1867.7872301692894
47124,1867.7872301692894
47125,1867.7872301692894
47126,1867.7872301692894
47127,1867.7872301692894
47128,1867.7872301692894
47129,1867.7872301692894
47130,1867.7872301692894
47131,1867.7872301692894
47132,1867.7872301692894
47133,1867.7872301692894
47134,1867.7872301692894
47135,1867.7872301692894
47136,1867.7872301692894
47137,1867.7872301692894
47138,1867.7872301692894
47139,1867.7872301692894
47140,1867.7872301692894
47141,1867.7872301692894
47142,1867.7872301692894
47143,1867.7872301692894
47144,1867.7872301692894
47145,1867.7872301692894
47146,1867.7872301692894
47147,1867.7872301692894
47148,1867.7872301692894
47149,1867.7872301692894
47150,1867.7872301692894
47151,1867.7872301692894
47152,1867.7872301692894
47153,1867.7872301692894
47154,1867.7872301692894
47155,1867.7872301692894
47156,1867.7872301692894
47157,1867.7872301692894
47158,1867.7872301692894
47159,1867.7872301692894
47160,1867.7872301692894
47161,1867.7872301692894
47162,1867.7872301692894
47163,1867.7872301692894
47164,1867.7872301692894
47165,1867.7872301692894
47166,1867.7872301692894
47167,1867.7872301692894
47168,1867.7872301692894
47169,1867.7872301692894
47170,1867.7872301692894
47171,1867.7872301692894
47172,1867.7872301692894
47173,1867.7872301692894
47174,1867.7872301692894
47175,1867.7872301692894
47176,1867.7872301692894
47177,1867.7872301692894
47178,1867.7872301692894
47179,1867.7872301692894
47180,1867.7872301692894
47181,1867.7872301692894
47182,1867.7872301692894
47183,1867.7872301692894
47184,1867.7872301692894
47185,1867.7872301692894
47186,1867.7872301692894
47187,1867.7872301692894
47188,1867.7872301692894
47189,1867.7872301692894
47190,1867.7872301692894
47191,1867.7872301692894
47192,1867.7872301692894
47193,1867.7872301692894
47194,1867.7872301692894
47195,1867.7872301692894
47196,1867.7872301692894
47197,1867.7872301692894
47198,1867.7872301692894
47199,1867.7872301692894
47200,1867.7872301692894
47201,1867.7872301692894
47202,1867.7872301692894
47203,1867.7872301692894
47204,1867.7872301692894
47205,1867.7872301692894
47206,1867.7872301692894
47207,1867.7872301692894
47208,1867.7872301692894
47209,1867.7872301692894
47210,1867.7872301692894
47211,1867.7872301692894
47212,1867.7872301692894
47213,1867.7872301692894
47214,1867.7872301692894
47215,1867.7872301692894
47216,1867.7872301692894
47217,1867.7872301692894
47218,1867.7872301692894
47219,1867.7872301692894
47220,1867.7872301692894
47221,1867.7872301692894
47222,1867.7872301692894
47223,1867.7872301692894
47224,1867.7872301692894
47225,1867.7872301692894
47226,1867.7872301692894
47227,1867.7872301692894
47228,1867.7872301692894
47229,1867.7872301692894
47230,1867.7872301692894
47231,1867.7872301692894
47232,1867.7872301692894
47233,1867.7872301692894
47234,1867.7872301692894
47235,1867.7872301692894
47236,1867.7872301692894
47237,1867.7872301692894
47238,1867.7872301692894
47239,1867.7872301692894
47240,1867.7872301692894
47241,1867.7872301692894
47242,1867.7872301692894
47243,1867.7872301692894
47244,1867.7872301692894
47245,1867.7872301692894
47246,1867.7872301692894
47247,1867.7872301692894
47248,1867.7872301692894
47249,1867.7872301692894
47250,1867.7872301692894
47251,1867.7872301692894
47252,1867.7872301692894
47253,1867.7872301692894
47254,1867.7872301692894
47255,1867.7872301692894
47256,1867.7872301692894
47257,1867.7872301692894
47258,1867.7872301692894
47259,1867.7872301692894
47260,1867.7872301692894
47261,1867.7872301692894
47262,1867.7872301692894
47263,1867.7872301692894
47264,1867.7872301692894
47265,1867.7872301692894
47266,1867.7872301692894
47267,1867.7872301692894
47268,1867.7872301692894
47269,1867.7872301692894
47270,1867.7872301692894
47271,1867.7872301692894
47272,1867.7872301692894
47273,1867.7872301692894
47274,1867.7872301692894
47275,1867.7872301692894
47276,1867.7872301692894
47277,1867.7872301692894
47278,1867.7872301692894
47279,1867.7872301692894
47280,1867.7872301692894
47281,1867.7872301692894
47282,1867.7872301692894
47283,1867.7872301692894
47284,1867.7872301692894
47285,1867.7872301692894
47286,1867.7872301692894
47287,1867.7872301692894
47288,1867.7872301692894
47289,1867.7872301692894
47290,1867.7872301692894
47291,1867.7872301692894
47292,1867.7872301692894
47293,1867.7872301692894
47294,1867.7872301692894
47295,1867.7872301692894
47296,1867.7872301692894
47297,1867.7872301692894
47298,1867.7872301692894
47299,1867.7872301692894
47300,1867.7872301692894
47301,1867.7872301692894
47302,1867.7872301692894
47303,1867.7872301692894
47304,1867.7872301692894
47305,1867.7872301692894
47306,1867.7872301692894
47307,1867.7872301692894
47308,1867.7872301692894
47309,1867.7872301692894
47310,1867.7872301692894
47311,1867.7872301692894
47312,1867.7872301692894
47313,1867.7872301692894
47314,1867.7872301692894
47315,1867.7872301692894
47316,1867.7872301692894
47317,1867.7872301692894
47318,1867.7872301692894
47319,1867.7872301692894
47320,1867.7872301692894
47321,1867.7872301692894
47322,1867.7872301692894
47323,1867.7872301692894
47324,1867.7872301692894
47325,1867.7872301692894
47326,1867.7872301692894
47327,1867.7872301692894
47328,1867.7872301692894
47329,1867.7872301692894
47330,1867.7872301692894
47331,1867.7872301692894
47332,1867.7872301692894
47333,1867.7872301692894
47334,1867.7872301692894
47335,1867.7872301692894
47336,1867.7872301692894
47337,1867.7872301692894
47338,1867.7872301692894
47339,1867.7872301692894
47340,1867.7872301692894
47341,1867.7872301692894
47342,1867.7872301692894
47343,1867.7872301692894
47344,1867.7872301692894
47345,1867.7872301692894
47346,1867.7872301692894
47347,1867.7872301692894
47348,1867.7872301692894
47349,1867.7872301692894
47350,1867.7872301692894
47351,1867.7872301692894
47352,1867.7872301692894
47353,1867.7872301692894
47354,1867.7872301692894
47355,1867.7872301692894
47356,1867.7872301692894
47357,1867.7872301692894
47358,1867.7872301692894
47359,1867.7872301692894
47360,1867.7872301692894
47361,1867.7872301692894
47362,1867.7872301692894
47363,1867.7872301692894
47364,1867.7872301692894
47365,1867.7872301692894
47366,1867.7872301692894
47367,1867.7872301692894
47368,1867.7872301692894
47369,1867.7872301692894
47370,1867.7872301692894
47371,1867.7872301692894
47372,1867.7872301692894
47373,1867.7872301692894
47374,1867.7872301692894
47375,1867.7872301692894
47376,1867.7872301692894
47377,1867.7872301692894
47378,1867.7872301692894
47379,1867.7872301692894
47380,1867.7872301692894
47381,1867.7872301692894
47382,1867.7872301692894
47383,1867.7872301692894
47384,1867.7872301692894
47385,1867.7872301692894
47386,1867.7872301692894
47387,1867.7872301692894
47388,1867.7872301692894
47389,1867.7872301692894
47390,1867.7872301692894
47391,1867.7872301692894
47392,1867.7872301692894
47393,1867.7872301692894
47394,1867.7872301692894
47395,1867.7872301692894
47396,1867.7872301692894
47397,1867.7872301692894
47398,1867.7872301692894
47399,1867.7872301692894
47400,1867.7872301692894
47401,1867.7872301692894
47402,1867.7872301692894
47403,1867.7872301692894
47404,1867.7872301692894
47405,1867.7872301692894
47406,1867.7872301692894
47407,1867.7872301692894
47408,1867.7872301692894
47409,1867.7872301692894
47410,1867.7872301692894
47411,1867.7872301692894
47412,1867.7872301692894
47413,1867.7872301692894
47414,1867.7872301692894
47415,1867.7872301692894
47416,1867.7872301692894
47417,1867.7872301692894
47418,1867.7872301692894
47419,1867.7872301692894
47420,1867.7872301692894
47421,1867.7872301692894
47422,1867.7872301692894
47423,1867.7872301692894
47424,1867.7872301692894
47425,1867.7872301692894
47426,1867.7872301692894
47427,1867.7872301692894
47428,1867.7872301692894
47429,1867.7872301692894
47430,1867.7872301692894
47431,1867.7872301692894
47432,1867.7872301692894
47433,1867.7872301692894
47434,1867.7872301692894
47435,1867.7872301692894
47436,1867.7872301692894
47437,1867.7872301692894
47438,1867.7872301692894
47439,1867.7872301692894
47440,1867.7872301692894
47441,1867.7872301692894
47442,1867.7872301692894
47443,1867.7872301692894
47444,1867.7872301692894
47445,1867.7872301692894
47446,1867.7872301692894
47447,1867.7872301692894
47448,1867.7872301692894
47449,1867.7872301692894
47450,1867.7872301692894
47451,1867.7872301692894
47452,1867.7872301692894
47453,1867.7872301692894
47454,1867.7872301692894
47455,1867.7872301692894
47456,1867.7872301692894
47457,1867.7872301692894
47458,1867.7872301692894
47459,1867.7872301692894
47460,1867.7872301692894
47461,1867.7872301692894
47462,1867.7872301692894
47463,1867.7872301692894
47464,1867.7872301692894
47465,1867.7872301692894
47466,1867.7872301692894
47467,1867.7872301692894
47468,1867.7872301692894
47469,1867.7872301692894
47470,1867.7872301692894
47471,1867.7872301692894
47472,1867.7872301692894
47473,1867.7872301692894
47474,1867.7872301692894
47475,1867.7872301692894
47476,1867.7872301692894
47477,1867.7872301692894
47478,1867.7872301692894
47479,1867.7872301692894
47480,1867.7872301692894
47481,1867.7872301692894
47482,1867.7872301692894
47483,1867.7872301692894
47484,1867.7872301692894
47485,1867.7872301692894
47486,1867.7872301692894
47487,1867.7872301692894
47488,1867.7872301692894
47489,1867.7872301692894
47490,1867.7872301692894
47491,1867.7872301692894
47492,1867.7872301692894
47493,1867.7872301692894
47494,1867.7872301692894
47495,1867.7872301692894
47496,1867.7872301692894
47497,1867.7872301692894
47498,1867.7872301692894
47499,1867.7872301692894
47500,1867.7872301692894
47501,1867.7872301692894
47502,1867.7872301692894
47503,1867.7872301692894
47504,1867.7872301692894
47505,1867.7872301692894
47506,1867.7872301692894
47507,1867.7872301692894
47508,1867.7872301692894
47509,1867.7872301692894
47510,1867.7872301692894
47511,1867.7872301692894
47512,1867.7872301692894
47513,1867.7872301692894
47514,1867.7872301692894
47515,1867.7872301692894
47516,1867.7872301692894
47517,1867.7872301692894
47518,1867.7872301692894
47519,1867.7872301692894
47520,1867.7872301692894
47521,1867.7872301692894
47522,1867.7872301692894
47523,1867.7872301692894
47524,1867.7872301692894
47525,1867.7872301692894
47526,1867.7872301692894
47527,1867.7872301692894
47528,1867.7872301692894
47529,1867.7872301692894
47530,1867.7872301692894
47531,1867.7872301692894
47532,1867.7872301692894
47533,1867.7872301692894
47534,1867.7872301692894
47535,1867.7872301692894
47536,1867.7872301692894
47537,1867.7872301692894
47538,1867.7872301692894
47539,1867.7872301692894
47540,1867.7872301692894
47541,1867.7872301692894
47542,1867.7872301692894
47543,1867.7872301692894
47544,1867.7872301692894
47545,1867.7872301692894
47546,1867.7872301692894
47547,1867.7872301692894
47548,1867.7872301692894
47549,1867.7872301692894
47550,1867.7872301692894
47551,1867.7872301692894
47552,1867.7872301692894
47553,1867.7872301692894
47554,1867.7872301692894
47555,1867.7872301692894
47556,1867.7872301692894
47557,1867.7872301692894
47558,1867.7872301692894
47559,1867.7872301692894
47560,1867.7872301692894
47561,1867.7872301692894
47562,1867.7872301692894
47563,1867.7872301692894
47564,1867.7872301692894
47565,1867.7872301692894
47566,1867.7872301692894
47567,1867.7872301692894
47568,1867.7872301692894
47569,1867.7872301692894
47570,1867.7872301692894
47571,1867.7872301692894
47572,1867.7872301692894
47573,1867.7872301692894
47574,1867.7872301692894
47575,1867.7872301692894
47576,1867.7872301692894
47577,1867.7872301692894
47578,1867.7872301692894
47579,1867.7872301692894
47580,1867.7872301692894
47581,1867.7872301692894
47582,1867.7872301692894
47583,1867.7872301692894
47584,1867.7872301692894
47585,1867.7872301692894
47586,1867.7872301692894
47587,1867.7872301692894
47588,1867.7872301692894
47589,1867.7872301692894
47590,1867.7872301692894
47591,1867.7872301692894
47592,1867.7872301692894
47593,1867.7872301692894
47594,1867.7872301692894
47595,1867.7872301692894
47596,1867.7872301692894
47597,1867.7872301692894
47598,1867.7872301692894
47599,1867.7872301692894
47600,1867.7872301692894
47601,1867.7872301692894
47602,1867.7872301692894
47603,1867.7872301692894
47604,1867.7872301692894
47605,1867.7872301692894
47606,1867.7872301692894
47607,1867.7872301692894
47608,1867.7872301692894
47609,1867.7872301692894
47610,1867.7872301692894
47611,1867.7872301692894
47612,1867.7872301692894
47613,1867.7872301692894
47614,1867.7872301692894
47615,1867.7872301692894
47616,1867.7872301692894
47617,1867.7872301692894
47618,1867.7872301692894
47619,1867.7872301692894
47620,1867.7872301692894
47621,1867.7872301692894
47622,1867.7872301692894
47623,1867.7872301692894
47624,1867.7872301692894
47625,1867.7872301692894
47626,1867.7872301692894
47627,1867.7872301692894
47628,1867.7872301692894
47629,1867.7872301692894
47630,1867.7872301692894
47631,1867.7872301692894
47632,1867.7872301692894
47633,1867.7872301692894
47634,1867.7872301692894
47635,1867.7872301692894
47636,1867.7872301692894
47637,1867.7872301692894
47638,1867.7872301692894
47639,1867.7872301692894
47640,1867.7872301692894
47641,1867.7872301692894
47642,1867.7872301692894
47643,1867.7872301692894
47644,1867.7872301692894
47645,1867.7872301692894
47646,1867.7872301692894
47647,1867.7872301692894
47648,1867.7872301692894
47649,1867.7872301692894
47650,1867.7872301692894
47651,1867.7872301692894
47652,1867.7872301692894
47653,1867.7872301692894
47654,1867.7872301692894
47655,1867.7872301692894
47656,1867.7872301692894
47657,1867.7872301692894
47658,1867.7872301692894
47659,1867.7872301692894
47660,1867.7872301692894
47661,1867.7872301692894
47662,1867.7872301692894
47663,1867.7872301692894
47664,1867.7872301692894
47665,1867.7872301692894
47666,1867.7872301692894
47667,1867.7872301692894
47668,1867.7872301692894
47669,1867.7872301692894
47670,1867.7872301692894
47671,1867.7872301692894
47672,1867.7872301692894
47673,1867.7872301692894
47674,1867.7872301692894
47675,1867.7872301692894
47676,1867.7872301692894
47677,1867.7872301692894
47678,1867.7872301692894
47679,1867.7872301692894
47680,1867.7872301692894
47681,1867.7872301692894
47682,1867.7872301692894
47683,1867.7872301692894
47684,1867.7872301692894
47685,1867.7872301692894
47686,1867.7872301692894
47687,1867.7872301692894
47688,1867.7872301692894
47689,1867.7872301692894
47690,1867.7872301692894
47691,1867.7872301692894
47692,1867.7872301692894
47693,1867.7872301692894
47694,1867.7872301692894
47695,1867.7872301692894
47696,1867.7872301692894
47697,1867.7872301692894
47698,1867.7872301692894
47699,1867.7872301692894
47700,1867.7872301692894
47701,1867.7872301692894
47702,1867.7872301692894
47703,1867.7872301692894
47704,1867.7872301692894
47705,1867.7872301692894
47706,1867.7872301692894
47707,1867.7872301692894
47708,1867.7872301692894
47709,1867.7872301692894
47710,1867.7872301692894
47711,1867.7872301692894
47712,1867.7872301692894
47713,1867.7872301692894
47714,1867.7872301692894
47715,1867.7872301692894
47716,1867.7872301692894
47717,1867.7872301692894
47718,1867.7872301692894
47719,1867.7872301692894
47720,1867.7872301692894
47721,1867.7872301692894
47722,1867.7872301692894
47723,1867.7872301692894
47724,1867.7872301692894
47725,1867.7872301692894
47726,1867.7872301692894
47727,1867.7872301692894
47728,1867.7872301692894
47729,1867.7872301692894
47730,1867.7872301692894
47731,1867.7872301692894
47732,1867.7872301692894
47733,1867.7872301692894
47734,1867.7872301692894
47735,1867.7872301692894
47736,1867.7872301692894
47737,1867.7872301692894
47738,1867.7872301692894
47739,1867.7872301692894
47740,1867.7872301692894
47741,1867.7872301692894
47742,1867.7872301692894
47743,1867.7872301692894
47744,1867.7872301692894
47745,1867.7872301692894
47746,1867.7872301692894
47747,1867.7872301692894
47748,1867.7872301692894
47749,1867.7872301692894
47750,1867.7872301692894
47751,1867.7872301692894
47752,1867.7872301692894
47753,1867.7872301692894
47754,1867.7872301692894
47755,1867.7872301692894
47756,1867.7872301692894
47757,1867.7872301692894
47758,1867.7872301692894
47759,1867.7872301692894
47760,1867.7872301692894
47761,1867.7872301692894
47762,1867.7872301692894
47763,1867.7872301692894
47764,1867.7872301692894
47765,1867.7872301692894
47766,1867.7872301692894
47767,1867.7872301692894
47768,1867.7872301692894
47769,1867.7872301692894
47770,1867.7872301692894
47771,1867.7872301692894
47772,1867.7872301692894
47773,1867.7872301692894
47774,1867.7872301692894
47775,1867.7872301692894
47776,1867.7872301692894
47777,1867.7872301692894
47778,1867.7872301692894
47779,1867.7872301692894
47780,1867.7872301692894
47781,1867.7872301692894
47782,1867.7872301692894
47783,1867.7872301692894
47784,1867.7872301692894
47785,1867.7872301692894
47786,1867.7872301692894
47787,1867.7872301692894
47788,1867.7872301692894
47789,1867.7872301692894
47790,1867.7872301692894
47791,1867.7872301692894
47792,1867.7872301692894
47793,1867.7872301692894
47794,1867.7872301692894
47795,1867.7872301692894
47796,1867.7872301692894
47797,1867.7872301692894
47798,1867.7872301692894
47799,1867.7872301692894
47800,1867.7872301692894
47801,1867.7872301692894
47802,1867.7872301692894
47803,1867.7872301692894
47804,1867.7872301692894
47805,1867.7872301692894
47806,1867.7872301692894
47807,1867.7872301692894
47808,1867.7872301692894
47809,1867.7872301692894
47810,1867.7872301692894
47811,1867.7872301692894
47812,1867.7872301692894
47813,1867.7872301692894
47814,1867.7872301692894
47815,1867.7872301692894
47816,1867.7872301692894
47817,1867.7872301692894
47818,1867.7872301692894
47819,1867.7872301692894
47820,1867.7872301692894
47821,1867.7872301692894
47822,1867.7872301692894
47823,1867.7872301692894
47824,1867.7872301692894
47825,1867.7872301692894
47826,1867.7872301692894
47827,1867.7872301692894
47828,1867.7872301692894
47829,1867.7872301692894
47830,1867.7872301692894
47831,1867.7872301692894
47832,1867.7872301692894
47833,1867.7872301692894
47834,1867.7872301692894
47835,1867.7872301692894
47836,1867.7872301692894
47837,1867.7872301692894
47838,1867.7872301692894
47839,1867.7872301692894
47840,1867.7872301692894
47841,1867.7872301692894
47842,1867.7872301692894
47843,1867.7872301692894
47844,1867.7872301692894
47845,1867.7872301692894
47846,1867.7872301692894
47847,1867.7872301692894
47848,1867.7872301692894
47849,1867.7872301692894
47850,1867.7872301692894
47851,1867.7872301692894
47852,1867.7872301692894
47853,1867.7872301692894
47854,1867.7872301692894
47855,1867.7872301692894
47856,1867.7872301692894
47857,1867.7872301692894
47858,1867.7872301692894
47859,1867.7872301692894
47860,1867.7872301692894
47861,1867.7872301692894
47862,1867.7872301692894
47863,1867.7872301692894
47864,1867.7872301692894
47865,1867.7872301692894
47866,1867.7872301692894
47867,1867.7872301692894
47868,1867.7872301692894
47869,1867.7872301692894
47870,1867.7872301692894
47871,1867.7872301692894
47872,1867.7872301692894
47873,1867.7872301692894
47874,1867.7872301692894
47875,1867.7872301692894
47876,1867.7872301692894
47877,1867.7872301692894
47878,1867.7872301692894
47879,1867.7872301692894
47880,1867.7872301692894
47881,1867.7872301692894
47882,1867.7872301692894
47883,1867.7872301692894
47884,1867.7872301692894
47885,1867.7872301692894
47886,1867.7872301692894
47887,1867.7872301692894
47888,1867.7872301692894
47889,1867.7872301692894
47890,1867.7872301692894
47891,1867.7872301692894
47892,1867.7872301692894
47893,1867.7872301692894
47894,1867.7872301692894
47895,1867.7872301692894
47896,1867.7872301692894
47897,1867.7872301692894
47898,1867.7872301692894
47899,1867.7872301692894
47900,1867.7872301692894
47901,1867.7872301692894
47902,1867.7872301692894
47903,1867.7872301692894
47904,1867.7872301692894
47905,1867.7872301692894
47906,1867.7872301692894
47907,1867.7872301692894
47908,1867.7872301692894
47909,1867.7872301692894
47910,1867.7872301692894
47911,1867.7872301692894
47912,1867.7872301692894
47913,1867.7872301692894
47914,1867.7872301692894
47915,1867.7872301692894
47916,1867.7872301692894
47917,1867.7872301692894
47918,1867.7872301692894
47919,1867.7872301692894
47920,1867.7872301692894
47921,1867.7872301692894
47922,1867.7872301692894
47923,1867.7872301692894
47924,1867.7872301692894
47925,1867.7872301692894
47926,1867.7872301692894
47927,1867.7872301692894
47928,1867.7872301692894
47929,1867.7872301692894
47930,1867.7872301692894
47931,1867.7872301692894
47932,1867.7872301692894
47933,1867.7872301692894
47934,1867.7872301692894
47935,1867.7872301692894
47936,1867.7872301692894
47937,1867.7872301692894
47938,1867.7872301692894
47939,1867.7872301692894
47940,1867.7872301692894
47941,1867.7872301692894
47942,1867.7872301692894
47943,1867.7872301692894
47944,1867.7872301692894
47945,1867.7872301692894
47946,1867.7872301692894
47947,1867.7872301692894
47948,1867.7872301692894
47949,1867.7872301692894
47950,1867.7872301692894
47951,1867.7872301692894
47952,1867.7872301692894
47953,1867.7872301692894
47954,1867.7872301692894
47955,1867.7872301692894
47956,1867.7872301692894
47957,1867.7872301692894
47958,1867.7872301692894
47959,1867.7872301692894
47960,1867.7872301692894
47961,1867.7872301692894
47962,1867.7872301692894
47963,1867.7872301692894
47964,1867.7872301692894
47965,1867.7872301692894
47966,1867.7872301692894
47967,1867.7872301692894
47968,1867.7872301692894
47969,1867.7872301692894
47970,1867.7872301692894
47971,1867.7872301692894
47972,1867.7872301692894
47973,1867.7872301692894
47974,1867.7872301692894
47975,1867.7872301692894
47976,1867.7872301692894
47977,1867.7872301692894
47978,1867.7872301692894
47979,1867.7872301692894
47980,1867.7872301692894
47981,1867.7872301692894
47982,1867.7872301692894
47983,1867.7872301692894
47984,1867.7872301692894
47985,1867.7872301692894
47986,1867.7872301692894
47987,1867.7872301692894
47988,1867.7872301692894
47989,1867.7872301692894
47990,1867.7872301692894
47991,1867.7872301692894
47992,1867.7872301692894
47993,1867.7872301692894
47994,1867.7872301692894
47995,1867.7872301692894
47996,1867.7872301692894
47997,1867.7872301692894
47998,1867.7872301692894
47999,1867.7872301692894
48000,1867.7872301692894
48001,1867.7872301692894
48002,1867.7872301692894
48003,1867.7872301692894
48004,1867.7872301692894
48005,1867.7872301692894
48006,1867.7872301692894
48007,1867.7872301692894
48008,1867.7872301692894
48009,1867.7872301692894
48010,1867.7872301692894
48011,1867.7872301692894
48012,1867.7872301692894
48013,1867.7872301692894
48014,1867.7872301692894
48015,1867.7872301692894
48016,1867.7872301692894
48017,1867.7872301692894
48018,1867.7872301692894
48019,1867.7872301692894
48020,1867.7872301692894
48021,1867.7872301692894
48022,1867.7872301692894
48023,1867.7872301692894
48024,1867.7872301692894
48025,1867.7872301692894
48026,1867.7872301692894
48027,1867.7872301692894
48028,1867.7872301692894
48029,1867.7872301692894
48030,1867.7872301692894
48031,1867.7872301692894
48032,1867.7872301692894
48033,1867.7872301692894
48034,1867.7872301692894
48035,1867.7872301692894
48036,1867.7872301692894
48037,1867.7872301692894
48038,1867.7872301692894
48039,1867.7872301692894
48040,1867.7872301692894
48041,1867.7872301692894
48042,1867.7872301692894
48043,1867.7872301692894
48044,1867.7872301692894
48045,1867.7872301692894
48046,1867.7872301692894
48047,1867.7872301692894
48048,1867.7872301692894
48049,1867.7872301692894
48050,1867.7872301692894
48051,1867.7872301692894
48052,1867.7872301692894
48053,1867.7872301692894
48054,1867.7872301692894
48055,1867.7872301692894
48056,1867.7872301692894
48057,1867.7872301692894
48058,1867.7872301692894
48059,1867.7872301692894
48060,1867.7872301692894
48061,1867.7872301692894
48062,1867.7872301692894
48063,1867.7872301692894
48064,1867.7872301692894
48065,1867.7872301692894
48066,1867.7872301692894
48067,1867.7872301692894
48068,1867.7872301692894
48069,1867.7872301692894
48070,1867.7872301692894
48071,1867.7872301692894
48072,1867.7872301692894
48073,1867.7872301692894
48074,1867.7872301692894
48075,1867.7872301692894
48076,1867.7872301692894
48077,1867.7872301692894
48078,1867.7872301692894
48079,1867.7872301692894
48080,1867.7872301692894
48081,1867.7872301692894
48082,1867.7872301692894
48083,1867.7872301692894
48084,1867.7872301692894
48085,1867.7872301692894
48086,1867.7872301692894
48087,1867.7872301692894
48088,1867.7872301692894
48089,1867.7872301692894
48090,1867.7872301692894
48091,1867.7872301692894
48092,1867.7872301692894
48093,1867.7872301692894
48094,1867.7872301692894
48095,1867.7872301692894
48096,1867.7872301692894
48097,1867.7872301692894
48098,1867.7872301692894
48099,1867.7872301692894
48100,1867.7872301692894
48101,1867.7872301692894
48102,1867.7872301692894
48103,1867.7872301692894
48104,1867.7872301692894
48105,1867.7872301692894
48106,1867.7872301692894
48107,1867.7872301692894
48108,1867.7872301692894
48109,1867.7872301692894
48110,1867.7872301692894
48111,1867.7872301692894
48112,1867.7872301692894
48113,1867.7872301692894
48114,1867.7872301692894
48115,1867.7872301692894
48116,1867.7872301692894
48117,1867.7872301692894
48118,1867.7872301692894
48119,1867.7872301692894
48120,1867.7872301692894
48121,1867.7872301692894
48122,1867.7872301692894
48123,1867.7872301692894
48124,1867.7872301692894
48125,1867.7872301692894
48126,1867.7872301692894
48127,1867.7872301692894
48128,1867.7872301692894
48129,1867.7872301692894
48130,1867.7872301692894
48131,1867.7872301692894
48132,1867.7872301692894
48133,1867.7872301692894
48134,1867.7872301692894
48135,1867.7872301692894
48136,1867.7872301692894
48137,1867.7872301692894
48138,1867.7872301692894
48139,1867.7872301692894
48140,1867.7872301692894
48141,1867.7872301692894
48142,1867.7872301692894
48143,1867.7872301692894
48144,1867.7872301692894
48145,1867.7872301692894
48146,1867.7872301692894
48147,1867.7872301692894
48148,1867.7872301692894
48149,1867.7872301692894
48150,1867.7872301692894
48151,1867.7872301692894
48152,1867.7872301692894
48153,1867.7872301692894
48154,1867.7872301692894
48155,1867.7872301692894
48156,1867.7872301692894
48157,1867.7872301692894
48158,1867.7872301692894
48159,1867.7872301692894
48160,1867.7872301692894
48161,1867.7872301692894
48162,1867.7872301692894
48163,1867.7872301692894
48164,1867.7872301692894
48165,1867.7872301692894
48166,1867.7872301692894
48167,1867.7872301692894
48168,1867.7872301692894
48169,1867.7872301692894
48170,1867.7872301692894
48171,1867.7872301692894
48172,1867.7872301692894
48173,1867.7872301692894
48174,1867.7872301692894
48175,1867.7872301692894
48176,1867.7872301692894
48177,1867.7872301692894
48178,1867.7872301692894
48179,1867.7872301692894
48180,1867.7872301692894
48181,1867.7872301692894
48182,1867.7872301692894
48183,1867.7872301692894
48184,1867.7872301692894
48185,1867.7872301692894
48186,1867.7872301692894
48187,1867.7872301692894
48188,1867.7872301692894
48189,1867.7872301692894
48190,1867.7872301692894
48191,1867.7872301692894
48192,1867.7872301692894
48193,1867.7872301692894
48194,1867.7872301692894
48195,1867.7872301692894
48196,1867.7872301692894
48197,1867.7872301692894
48198,1867.7872301692894
48199,1867.7872301692894
48200,1867.7872301692894
48201,1867.7872301692894
48202,1867.7872301692894
48203,1867.7872301692894
48204,1867.7872301692894
48205,1867.7872301692894
48206,1867.7872301692894
48207,1867.7872301692894
48208,1867.7872301692894
48209,1867.7872301692894
48210,1867.7872301692894
48211,1867.7872301692894
48212,1867.7872301692894
48213,1867.7872301692894
48214,1867.7872301692894
48215,1867.7872301692894
48216,1867.7872301692894
48217,1867.7872301692894
48218,1867.7872301692894
48219,1867.7872301692894
48220,1867.7872301692894
48221,1867.7872301692894
48222,1867.7872301692894
48223,1867.7872301692894
48224,1867.7872301692894
48225,1867.7872301692894
48226,1867.7872301692894
48227,1867.7872301692894
48228,1867.7872301692894
48229,1867.7872301692894
48230,1867.7872301692894
48231,1867.7872301692894
48232,1867.7872301692894
48233,1867.7872301692894
48234,1867.7872301692894
48235,1867.7872301692894
48236,1867.7872301692894
48237,1867.7872301692894
48238,1867.7872301692894
48239,1867.7872301692894
48240,1867.7872301692894
48241,1867.7872301692894
48242,1867.7872301692894
48243,1867.7872301692894
48244,1867.7872301692894
48245,1867.7872301692894
48246,1867.7872301692894
48247,1867.7872301692894
48248,1867.7872301692894
48249,1867.7872301692894
48250,1867.7872301692894
48251,1867.7872301692894
48252,1867.7872301692894
48253,1867.7872301692894
48254,1867.7872301692894
48255,1867.7872301692894
48256,1867.7872301692894
48257,1867.7872301692894
48258,1867.7872301692894
48259,1867.7872301692894
48260,1867.7872301692894
48261,1867.7872301692894
48262,1867.7872301692894
48263,1867.7872301692894
48264,1867.7872301692894
48265,1867.7872301692894
48266,1867.7872301692894
48267,1867.7872301692894
48268,1867.7872301692894
48269,1867.7872301692894
48270,1867.7872301692894
48271,1867.7872301692894
48272,1867.7872301692894
48273,1867.7872301692894
48274,1867.7872301692894
48275,1867.7872301692894
48276,1867.7872301692894
48277,1867.7872301692894
48278,1867.7872301692894
48279,1867.7872301692894
48280,1867.7872301692894
48281,1867.7872301692894
48282,1867.7872301692894
48283,1867.7872301692894
48284,1867.7872301692894
48285,1867.7872301692894
48286,1867.7872301692894
48287,1867.7872301692894
48288,1867.7872301692894
48289,1867.7872301692894
48290,1867.7872301692894
48291,1867.7872301692894
48292,1867.7872301692894
48293,1867.7872301692894
48294,1867.7872301692894
48295,1867.7872301692894
48296,1867.7872301692894
48297,1867.7872301692894
48298,1867.7872301692894
48299,1867.7872301692894
48300,1867.7872301692894
48301,1867.7872301692894
48302,1867.7872301692894
48303,1867.7872301692894
48304,1867.7872301692894
48305,1867.7872301692894
48306,1867.7872301692894
48307,1867.7872301692894
48308,1867.7872301692894
48309,1867.7872301692894
48310,1867.7872301692894
48311,1867.7872301692894
48312,1867.7872301692894
48313,1867.7872301692894
48314,1867.7872301692894
48315,1867.7872301692894
48316,1867.7872301692894
48317,1867.7872301692894
48318,1867.7872301692894
48319,1867.7872301692894
48320,1867.7872301692894
48321,1867.7872301692894
48322,1867.7872301692894
48323,1867.7872301692894
48324,1867.7872301692894
48325,1867.7872301692894
48326,1867.7872301692894
48327,1867.7872301692894
48328,1867.7872301692894
48329,1867.7872301692894
48330,1867.7872301692894
48331,1867.7872301692894
48332,1867.7872301692894
48333,1867.7872301692894
48334,1867.7872301692894
48335,1867.7872301692894
48336,1867.7872301692894
48337,1867.7872301692894
48338,1867.7872301692894
48339,1867.7872301692894
48340,1867.7872301692894
48341,1867.7872301692894
48342,1867.7872301692894
48343,1867.7872301692894
48344,1867.7872301692894
48345,1867.7872301692894
48346,1867.7872301692894
48347,1867.7872301692894
48348,1867.7872301692894
48349,1867.7872301692894
48350,1867.7872301692894
48351,1867.7872301692894
48352,1867.7872301692894
48353,1867.7872301692894
48354,1867.7872301692894
48355,1867.7872301692894
48356,1867.7872301692894
48357,1867.7872301692894
48358,1867.7872301692894
48359,1867.7872301692894
48360,1867.7872301692894
48361,1867.7872301692894
48362,1867.7872301692894
48363,1867.7872301692894
48364,1867.7872301692894
48365,1867.7872301692894
48366,1867.7872301692894
48367,1867.7872301692894
48368,1867.7872301692894
48369,1867.7872301692894
48370,1867.7872301692894
48371,1867.7872301692894
48372,1867.7872301692894
48373,1867.7872301692894
48374,1867.7872301692894
48375,1867.7872301692894
48376,1867.7872301692894
48377,1867.7872301692894
48378,1867.7872301692894
48379,1867.7872301692894
48380,1867.7872301692894
48381,1867.7872301692894
48382,1867.7872301692894
48383,1867.7872301692894
48384,1867.7872301692894
48385,1867.7872301692894
48386,1867.7872301692894
48387,1867.7872301692894
48388,1867.7872301692894
48389,1867.7872301692894
48390,1867.7872301692894
48391,1867.7872301692894
48392,1867.7872301692894
48393,1867.7872301692894
48394,1867.7872301692894
48395,1867.7872301692894
48396,1867.7872301692894
48397,1867.7872301692894
48398,1867.7872301692894
48399,1867.7872301692894
48400,1867.7872301692894
48401,1867.7872301692894
48402,1867.7872301692894
48403,1867.7872301692894
48404,1867.7872301692894
48405,1867.7872301692894
48406,1867.7872301692894
48407,1867.7872301692894
48408,1867.7872301692894
48409,1867.7872301692894
48410,1867.7872301692894
48411,1867.7872301692894
48412,1867.7872301692894
48413,1867.7872301692894
48414,1867.7872301692894
48415,1867.7872301692894
48416,1867.7872301692894
48417,1867.7872301692894
48418,1867.7872301692894
48419,1867.7872301692894
48420,1867.7872301692894
48421,1867.7872301692894
48422,1867.7872301692894
48423,1867.7872301692894
48424,1867.7872301692894
48425,1867.7872301692894
48426,1867.7872301692894
48427,1867.7872301692894
48428,1867.7872301692894
48429,1867.7872301692894
48430,1867.7872301692894
48431,1867.7872301692894
48432,1867.7872301692894
48433,1867.7872301692894
48434,1867.7872301692894
48435,1867.7872301692894
48436,1867.7872301692894
48437,1867.7872301692894
48438,1867.7872301692894
48439,1867.7872301692894
48440,1867.7872301692894
48441,1867.7872301692894
48442,1867.7872301692894
48443,1867.7872301692894
48444,1867.7872301692894
48445,1867.7872301692894
48446,1867.7872301692894
48447,1867.7872301692894
48448,1867.7872301692894
48449,1867.7872301692894
48450,1867.7872301692894
48451,1867.7872301692894
48452,1867.7872301692894
48453,1867.7872301692894
48454,1867.7872301692894
48455,1867.7872301692894
48456,1867.7872301692894
48457,1867.7872301692894
48458,1867.7872301692894
48459,1867.7872301692894
48460,1867.7872301692894
48461,1867.7872301692894
48462,1867.7872301692894
48463,1867.7872301692894
48464,1867.7872301692894
48465,1867.7872301692894
48466,1867.7872301692894
48467,1867.7872301692894
48468,1867.7872301692894
48469,1867.7872301692894
48470,1867.7872301692894
48471,1867.7872301692894
48472,1867.7872301692894
48473,1867.7872301692894
48474,1867.7872301692894
48475,1867.7872301692894
48476,1867.7872301692894
48477,1867.7872301692894
48478,1867.7872301692894
48479,1867.7872301692894
48480,1867.7872301692894
48481,1867.7872301692894
48482,1867.7872301692894
48483,1867.7872301692894
48484,1867.7872301692894
48485,1867.7872301692894
48486,1867.7872301692894
48487,1867.7872301692894
48488,1867.7872301692894
48489,1867.7872301692894
48490,1867.7872301692894
48491,1867.7872301692894
48492,1867.7872301692894
48493,1867.7872301692894
48494,1867.7872301692894
48495,1867.7872301692894
48496,1867.7872301692894
48497,1867.7872301692894
48498,1867.7872301692894
48499,1867.7872301692894
48500,1867.7872301692894
48501,1867.7872301692894
48502,1867.7872301692894
48503,1867.7872301692894
48504,1867.7872301692894
48505,1867.7872301692894
48506,1867.7872301692894
48507,1867.7872301692894
48508,1867.7872301692894
48509,1867.7872301692894
48510,1867.7872301692894
48511,1867.7872301692894
48512,1867.7872301692894
48513,1867.7872301692894
48514,1867.7872301692894
48515,1867.7872301692894
48516,1867.7872301692894
48517,1867.7872301692894
48518,1867.7872301692894
48519,1867.7872301692894
48520,1867.7872301692894
48521,1867.7872301692894
48522,1867.7872301692894
48523,1867.7872301692894
48524,1867.7872301692894
48525,1867.7872301692894
48526,1867.7872301692894
48527,1867.7872301692894
48528,1867.7872301692894
48529,1867.7872301692894
48530,1867.7872301692894
48531,1867.7872301692894
48532,1867.7872301692894
48533,1867.7872301692894
48534,1867.7872301692894
48535,1867.7872301692894
48536,1867.7872301692894
48537,1867.7872301692894
48538,1867.7872301692894
48539,1867.7872301692894
48540,1867.7872301692894
48541,1867.7872301692894
48542,1867.7872301692894
48543,1867.7872301692894
48544,1867.7872301692894
48545,1867.7872301692894
48546,1867.7872301692894
48547,1867.7872301692894
48548,1867.7872301692894
48549,1867.7872301692894
48550,1867.7872301692894
48551,1867.7872301692894
48552,1867.7872301692894
48553,1867.7872301692894
48554,1867.7872301692894
48555,1867.7872301692894
48556,1867.7872301692894
48557,1867.7872301692894
48558,1867.7872301692894
48559,1867.7872301692894
48560,1867.7872301692894
48561,1867.7872301692894
48562,1867.7872301692894
48563,1867.7872301692894
48564,1867.7872301692894
48565,1867.7872301692894
48566,1867.7872301692894
48567,1867.7872301692894
48568,1867.7872301692894
48569,1867.7872301692894
48570,1867.7872301692894
48571,1867.7872301692894
48572,1867.7872301692894
48573,1867.7872301692894
48574,1867.7872301692894
48575,1867.7872301692894
48576,1867.7872301692894
48577,1867.7872301692894
48578,1867.7872301692894
48579,1867.7872301692894
48580,1867.7872301692894
48581,1867.7872301692894
48582,1867.7872301692894
48583,1867.7872301692894
48584,1867.7872301692894
48585,1867.7872301692894
48586,1867.7872301692894
48587,1867.7872301692894
48588,1867.7872301692894
48589,1867.7872301692894
48590,1867.7872301692894
48591,1867.7872301692894
48592,1867.7872301692894
48593,1867.7872301692894
48594,1867.7872301692894
48595,1867.7872301692894
48596,1867.7872301692894
48597,1867.7872301692894
48598,1867.7872301692894
48599,1867.7872301692894
48600,1867.7872301692894
48601,1867.7872301692894
48602,1867.7872301692894
48603,1867.7872301692894
48604,1867.7872301692894
48605,1867.7872301692894
48606,1867.7872301692894
48607,1867.7872301692894
48608,1867.7872301692894
48609,1867.7872301692894
48610,1867.7872301692894
48611,1867.7872301692894
48612,1867.7872301692894
48613,1867.7872301692894
48614,1867.7872301692894
48615,1867.7872301692894
48616,1867.7872301692894
48617,1867.7872301692894
48618,1867.7872301692894
48619,1867.7872301692894
48620,1867.7872301692894
48621,1867.7872301692894
48622,1867.7872301692894
48623,1867.7872301692894
48624,1867.7872301692894
48625,1867.7872301692894
48626,1867.7872301692894
48627,1867.7872301692894
48628,1867.7872301692894
48629,1867.7872301692894
48630,1867.7872301692894
48631,1867.7872301692894
48632,1867.7872301692894
48633,1867.7872301692894
48634,1867.7872301692894
48635,1867.7872301692894
48636,1867.7872301692894
48637,1867.7872301692894
48638,1867.7872301692894
48639,1867.7872301692894
48640,1867.7872301692894
48641,1867.7872301692894
48642,1867.7872301692894
48643,1867.7872301692894
48644,1867.7872301692894
48645,1867.7872301692894
48646,1867.7872301692894
48647,1867.7872301692894
48648,1867.7872301692894
48649,1867.7872301692894
48650,1867.7872301692894
48651,1867.7872301692894
48652,1867.7872301692894
48653,1867.7872301692894
48654,1867.7872301692894
48655,1867.7872301692894
48656,1867.7872301692894
48657,1867.7872301692894
48658,1867.7872301692894
48659,1867.7872301692894
48660,1867.7872301692894
48661,1867.7872301692894
48662,1867.7872301692894
48663,1867.7872301692894
48664,1867.7872301692894
48665,1867.7872301692894
48666,1867.7872301692894
48667,1867.7872301692894
48668,1867.7872301692894
48669,1867.7872301692894
48670,1867.7872301692894
48671,1867.7872301692894
48672,1867.7872301692894
48673,1867.7872301692894
48674,1867.7872301692894
48675,1867.7872301692894
48676,1867.7872301692894
48677,1867.7872301692894
48678,1867.7872301692894
48679,1867.7872301692894
48680,1867.7872301692894
48681,1867.7872301692894
48682,1867.7872301692894
48683,1867.7872301692894
48684,1867.7872301692894
48685,1867.7872301692894
48686,1867.7872301692894
48687,1867.7872301692894
48688,1867.7872301692894
48689,1867.7872301692894
48690,1867.7872301692894
48691,1867.7872301692894
48692,1867.7872301692894
48693,1867.7872301692894
48694,1867.7872301692894
48695,1867.7872301692894
48696,1867.7872301692894
48697,1867.7872301692894
48698,1867.7872301692894
48699,1867.7872301692894
48700,1867.7872301692894
48701,1867.7872301692894
48702,1867.7872301692894
48703,1867.7872301692894
48704,1867.7872301692894
48705,1867.7872301692894
48706,1867.7872301692894
48707,1867.7872301692894
48708,1867.7872301692894
48709,1867.7872301692894
48710,1867.7872301692894
48711,1867.7872301692894
48712,1867.7872301692894
48713,1867.7872301692894
48714,1867.7872301692894
48715,1867.7872301692894
48716,1867.7872301692894
48717,1867.7872301692894
48718,1867.7872301692894
48719,1867.7872301692894
48720,1867.7872301692894
48721,1867.7872301692894
48722,1867.7872301692894
48723,1867.7872301692894
48724,1867.7872301692894
48725,1867.7872301692894
48726,1867.7872301692894
48727,1867.7872301692894
48728,1867.7872301692894
48729,1867.7872301692894
48730,1867.7872301692894
48731,1867.7872301692894
48732,1867.7872301692894
48733,1867.7872301692894
48734,1867.7872301692894
48735,1867.7872301692894
48736,1867.7872301692894
48737,1867.7872301692894
48738,1867.7872301692894
48739,1867.7872301692894
48740,1867.7872301692894
48741,1867.7872301692894
48742,1867.7872301692894
48743,1867.7872301692894
48744,1867.7872301692894
48745,1867.7872301692894
48746,1867.7872301692894
48747,1867.7872301692894
48748,1867.7872301692894
48749,1867.7872301692894
48750,1867.7872301692894
48751,1867.7872301692894
48752,1867.7872301692894
48753,1867.7872301692894
48754,1867.7872301692894
48755,1867.7872301692894
48756,1867.7872301692894
48757,1867.7872301692894
48758,1867.7872301692894
48759,1867.7872301692894
48760,1867.7872301692894
48761,1867.7872301692894
48762,1867.7872301692894
48763,1867.7872301692894
48764,1867.7872301692894
48765,1867.7872301692894
48766,1867.7872301692894
48767,1867.7872301692894
48768,1867.7872301692894
48769,1867.7872301692894
48770,1867.7872301692894
48771,1867.7872301692894
48772,1867.7872301692894
48773,1867.7872301692894
48774,1867.7872301692894
48775,1867.7872301692894
48776,1867.7872301692894
48777,1867.7872301692894
48778,1867.7872301692894
48779,1867.7872301692894
48780,1867.7872301692894
48781,1867.7872301692894
48782,1867.7872301692894
48783,1867.7872301692894
48784,1867.7872301692894
48785,1867.7872301692894
48786,1867.7872301692894
48787,1867.7872301692894
48788,1867.7872301692894
48789,1867.7872301692894
48790,1867.7872301692894
48791,1867.7872301692894
48792,1867.7872301692894
48793,1867.7872301692894
48794,1867.7872301692894
48795,1867.7872301692894
48796,1867.7872301692894
48797,1867.7872301692894
48798,1867.7872301692894
48799,1867.7872301692894
48800,1867.7872301692894
48801,1867.7872301692894
48802,1867.7872301692894
48803,1867.7872301692894
48804,1867.7872301692894
48805,1867.7872301692894
48806,1867.7872301692894
48807,1867.7872301692894
48808,1867.7872301692894
48809,1867.7872301692894
48810,1867.7872301692894
48811,1867.7872301692894
48812,1867.7872301692894
48813,1867.7872301692894
48814,1867.7872301692894
48815,1867.7872301692894
48816,1867.7872301692894
48817,1867.7872301692894
48818,1867.7872301692894
48819,1867.7872301692894
48820,1867.7872301692894
48821,1867.7872301692894
48822,1867.7872301692894
48823,1867.7872301692894
48824,1867.7872301692894
48825,1867.7872301692894
48826,1867.7872301692894
48827,1867.7872301692894
48828,1867.7872301692894
48829,1867.7872301692894
48830,1867.7872301692894
48831,1867.7872301692894
48832,1867.7872301692894
48833,1867.7872301692894
48834,1867.7872301692894
48835,1867.7872301692894
48836,1867.7872301692894
48837,1867.7872301692894
48838,1867.7872301692894
48839,1867.7872301692894
48840,1867.7872301692894
48841,1867.7872301692894
48842,1867.7872301692894
48843,1867.7872301692894
48844,1867.7872301692894
48845,1867.7872301692894
48846,1867.7872301692894
48847,1867.7872301692894
48848,1867.7872301692894
48849,1867.7872301692894
48850,1867.7872301692894
48851,1867.7872301692894
48852,1867.7872301692894
48853,1867.7872301692894
48854,1867.7872301692894
48855,1867.7872301692894
48856,1867.7872301692894
48857,1867.7872301692894
48858,1867.7872301692894
48859,1867.7872301692894
48860,1867.7872301692894
48861,1867.7872301692894
48862,1867.7872301692894
48863,1867.7872301692894
48864,1867.7872301692894
48865,1867.7872301692894
48866,1867.7872301692894
48867,1867.7872301692894
48868,1867.7872301692894
48869,1867.7872301692894
48870,1867.7872301692894
48871,1867.7872301692894
48872,1867.7872301692894
48873,1867.7872301692894
48874,1867.7872301692894
48875,1867.7872301692894
48876,1867.7872301692894
48877,1867.7872301692894
48878,1867.7872301692894
48879,1867.7872301692894
48880,1867.7872301692894
48881,1867.7872301692894
48882,1867.7872301692894
48883,1867.7872301692894
48884,1867.7872301692894
48885,1867.7872301692894
48886,1867.7872301692894
48887,1867.7872301692894
48888,1867.7872301692894
48889,1867.7872301692894
48890,1867.7872301692894
48891,1867.7872301692894
48892,1867.7872301692894
48893,1867.7872301692894
48894,1867.7872301692894
48895,1867.7872301692894
48896,1867.7872301692894
48897,1867.7872301692894
48898,1867.7872301692894
48899,1867.7872301692894
48900,1867.7872301692894
48901,1867.7872301692894
48902,1867.7872301692894
48903,1867.7872301692894
48904,1867.7872301692894
48905,1867.7872301692894
48906,1867.7872301692894
48907,1867.7872301692894
48908,1867.7872301692894
48909,1867.7872301692894
48910,1867.7872301692894
48911,1867.7872301692894
48912,1867.7872301692894
48913,1867.7872301692894
48914,1867.7872301692894
48915,1867.7872301692894
48916,1867.7872301692894
48917,1867.7872301692894
48918,1867.7872301692894
48919,1867.7872301692894
48920,1867.7872301692894
48921,1867.7872301692894
48922,1867.7872301692894
48923,1867.7872301692894
48924,1867.7872301692894
48925,1867.7872301692894
48926,1867.7872301692894
48927,1867.7872301692894
48928,1867.7872301692894
48929,1867.7872301692894
48930,1867.7872301692894
48931,1867.7872301692894
48932,1867.7872301692894
48933,1867.7872301692894
48934,1867.7872301692894
48935,1867.7872301692894
48936,1867.7872301692894
48937,1867.7872301692894
48938,1867.7872301692894
48939,1867.7872301692894
48940,1867.7872301692894
48941,1867.7872301692894
48942,1867.7872301692894
48943,1867.7872301692894
48944,1867.7872301692894
48945,1867.7872301692894
48946,1867.7872301692894
48947,1867.7872301692894
48948,1867.7872301692894
48949,1867.7872301692894
48950,1867.7872301692894
48951,1867.7872301692894
48952,1867.7872301692894
48953,1867.7872301692894
48954,1867.7872301692894
48955,1867.7872301692894
48956,1867.7872301692894
48957,1867.7872301692894
48958,1867.7872301692894
48959,1867.7872301692894
48960,1867.7872301692894
48961,1867.7872301692894
48962,1867.7872301692894
48963,1867.7872301692894
48964,1867.7872301692894
48965,1867.7872301692894
48966,1867.7872301692894
48967,1867.7872301692894
48968,1867.7872301692894
48969,1867.7872301692894
48970,1867.7872301692894
48971,1867.7872301692894
48972,1867.7872301692894
48973,1867.7872301692894
48974,1867.7872301692894
48975,1867.7872301692894
48976,1867.7872301692894
48977,1867.7872301692894
48978,1867.7872301692894
48979,1867.7872301692894
48980,1867.7872301692894
48981,1867.7872301692894
48982,1867.7872301692894
48983,1867.7872301692894
48984,1867.7872301692894
48985,1867.7872301692894
48986,1867.7872301692894
48987,1867.7872301692894
48988,1867.7872301692894
48989,1867.7872301692894
48990,1867.7872301692894
48991,1867.7872301692894
48992,1867.7872301692894
48993,1867.7872301692894
48994,1867.7872301692894
48995,1867.7872301692894
48996,1867.7872301692894
48997,1867.7872301692894
48998,1867.7872301692894
48999,1867.7872301692894
49000,1867.7872301692894
49001,1867.7872301692894
49002,1867.7872301692894
49003,1867.7872301692894
49004,1867.7872301692894
49005,1867.7872301692894
49006,1867.7872301692894
49007,1867.7872301692894
49008,1867.7872301692894
49009,1867.7872301692894
49010,1867.7872301692894
49011,1867.7872301692894
49012,1867.7872301692894
49013,1867.7872301692894
49014,1867.7872301692894
49015,1867.7872301692894
49016,1867.7872301692894
49017,1867.7872301692894
49018,1867.7872301692894
49019,1867.7872301692894
49020,1867.7872301692894
49021,1867.7872301692894
49022,1867.7872301692894
49023,1867.7872301692894
49024,1867.7872301692894
49025,1867.7872301692894
49026,1867.7872301692894
49027,1867.7872301692894
49028,1867.7872301692894
49029,1867.7872301692894
49030,1867.7872301692894
49031,1867.7872301692894
49032,1867.7872301692894
49033,1867.7872301692894
49034,1867.7872301692894
49035,1867.7872301692894
49036,1867.7872301692894
49037,1867.7872301692894
49038,1867.7872301692894
49039,1867.7872301692894
49040,1867.7872301692894
49041,1867.7872301692894
49042,1867.7872301692894
49043,1867.7872301692894
49044,1867.7872301692894
49045,1867.7872301692894
49046,1867.7872301692894
49047,1867.7872301692894
49048,1867.7872301692894
49049,1867.7872301692894
49050,1867.7872301692894
49051,1867.7872301692894
49052,1867.7872301692894
49053,1867.7872301692894
49054,1867.7872301692894
49055,1867.7872301692894
49056,1867.7872301692894
49057,1867.7872301692894
49058,1867.7872301692894
49059,1867.7872301692894
49060,1867.7872301692894
49061,1867.7872301692894
49062,1867.7872301692894
49063,1867.7872301692894
49064,1867.7872301692894
49065,1867.7872301692894
49066,1867.7872301692894
49067,1867.7872301692894
49068,1867.7872301692894
49069,1867.7872301692894
49070,1867.7872301692894
49071,1867.7872301692894
49072,1867.7872301692894
49073,1867.7872301692894
49074,1867.7872301692894
49075,1867.7872301692894
49076,1867.7872301692894
49077,1867.7872301692894
49078,1867.7872301692894
49079,1867.7872301692894
49080,1867.7872301692894
49081,1867.7872301692894
49082,1867.7872301692894
49083,1867.7872301692894
49084,1867.7872301692894
49085,1867.7872301692894
49086,1867.7872301692894
49087,1867.7872301692894
49088,1867.7872301692894
49089,1867.7872301692894
49090,1867.7872301692894
49091,1867.7872301692894
49092,1867.7872301692894
49093,1867.7872301692894
49094,1867.7872301692894
49095,1867.7872301692894
49096,1867.7872301692894
49097,1867.7872301692894
49098,1867.7872301692894
49099,1867.7872301692894
49100,1867.7872301692894
49101,1867.7872301692894
49102,1867.7872301692894
49103,1867.7872301692894
49104,1867.7872301692894
49105,1867.7872301692894
49106,1867.7872301692894
49107,1867.7872301692894
49108,1867.7872301692894
49109,1867.7872301692894
49110,1867.7872301692894
49111,1867.7872301692894
49112,1867.7872301692894
49113,1867.7872301692894
49114,1867.7872301692894
49115,1867.7872301692894
49116,1867.7872301692894
49117,1867.7872301692894
49118,1867.7872301692894
49119,1867.7872301692894
49120,1867.7872301692894
49121,1867.7872301692894
49122,1867.7872301692894
49123,1867.7872301692894
49124,1867.7872301692894
49125,1867.7872301692894
49126,1867.7872301692894
49127,1867.7872301692894
49128,1867.7872301692894
49129,1867.7872301692894
49130,1867.7872301692894
49131,1867.7872301692894
49132,1867.7872301692894
49133,1867.7872301692894
49134,1867.7872301692894
49135,1867.7872301692894
49136,1867.7872301692894
49137,1867.7872301692894
49138,1867.7872301692894
49139,1867.7872301692894
49140,1867.7872301692894
49141,1867.7872301692894
49142,1867.7872301692894
49143,1867.7872301692894
49144,1867.7872301692894
49145,1867.7872301692894
49146,1867.7872301692894
49147,1867.7872301692894
49148,1867.7872301692894
49149,1867.7872301692894
49150,1867.7872301692894
49151,1867.7872301692894
49152,1867.7872301692894
49153,1867.7872301692894
49154,1867.7872301692894
49155,1867.7872301692894
49156,1867.7872301692894
49157,1867.7872301692894
49158,1867.7872301692894
49159,1867.7872301692894
49160,1867.7872301692894
49161,1867.7872301692894
49162,1867.7872301692894
49163,1867.7872301692894
49164,1867.7872301692894
49165,1867.7872301692894
49166,1867.7872301692894
49167,1867.7872301692894
49168,1867.7872301692894
49169,1867.7872301692894
49170,1867.7872301692894
49171,1867.7872301692894
49172,1867.7872301692894
49173,1867.7872301692894
49174,1867.7872301692894
49175,1867.7872301692894
49176,1867.7872301692894
49177,1867.7872301692894
49178,1867.7872301692894
49179,1867.7872301692894
49180,1867.7872301692894
49181,1867.7872301692894
49182,1867.7872301692894
49183,1867.7872301692894
49184,1867.7872301692894
49185,1867.7872301692894
49186,1867.7872301692894
49187,1867.7872301692894
49188,1867.7872301692894
49189,1867.7872301692894
49190,1867.7872301692894
49191,1867.7872301692894
49192,1867.7872301692894
49193,1867.7872301692894
49194,1867.7872301692894
49195,1867.7872301692894
49196,1867.7872301692894
49197,1867.7872301692894
49198,1867.7872301692894
49199,1867.7872301692894
49200,1867.7872301692894
49201,1867.7872301692894
49202,1867.7872301692894
49203,1867.7872301692894
49204,1867.7872301692894
49205,1867.7872301692894
49206,1867.7872301692894
49207,1867.7872301692894
49208,1867.7872301692894
49209,1867.7872301692894
49210,1867.7872301692894
49211,1867.7872301692894
49212,1867.7872301692894
49213,1867.7872301692894
49214,1867.7872301692894
49215,1867.7872301692894
49216,1867.7872301692894
49217,1867.7872301692894
49218,1867.7872301692894
49219,1867.7872301692894
49220,1867.7872301692894
49221,1867.7872301692894
49222,1867.7872301692894
49223,1867.7872301692894
49224,1867.7872301692894
49225,1867.7872301692894
49226,1867.7872301692894
49227,1867.7872301692894
49228,1867.7872301692894
49229,1867.7872301692894
49230,1867.7872301692894
49231,1867.7872301692894
49232,1867.7872301692894
49233,1867.7872301692894
49234,1867.7872301692894
49235,1867.7872301692894
49236,1867.7872301692894
49237,1867.7872301692894
49238,1867.7872301692894
49239,1867.7872301692894
49240,1867.7872301692894
49241,1867.7872301692894
49242,1867.7872301692894
49243,1867.7872301692894
49244,1867.7872301692894
49245,1867.7872301692894
49246,1867.7872301692894
49247,1867.7872301692894
49248,1867.7872301692894
49249,1867.7872301692894
49250,1867.7872301692894
49251,1867.7872301692894
49252,1867.7872301692894
49253,1867.7872301692894
49254,1867.7872301692894
49255,1867.7872301692894
49256,1867.7872301692894
49257,1867.7872301692894
49258,1867.7872301692894
49259,1867.7872301692894
49260,1867.7872301692894
49261,1867.7872301692894
49262,1867.7872301692894
49263,1867.7872301692894
49264,1867.7872301692894
49265,1867.7872301692894
49266,1867.7872301692894
49267,1867.7872301692894
49268,1867.7872301692894
49269,1867.7872301692894
49270,1867.7872301692894
49271,1867.7872301692894
49272,1867.7872301692894
49273,1867.7872301692894
49274,1867.7872301692894
49275,1867.7872301692894
49276,1867.7872301692894
49277,1867.7872301692894
49278,1867.7872301692894
49279,1867.7872301692894
49280,1867.7872301692894
49281,1867.7872301692894
49282,1867.7872301692894
49283,1867.7872301692894
49284,1867.7872301692894
49285,1867.7872301692894
49286,1867.7872301692894
49287,1867.7872301692894
49288,1867.7872301692894
49289,1867.7872301692894
49290,1867.7872301692894
49291,1867.7872301692894
49292,1867.7872301692894
49293,1867.7872301692894
49294,1867.7872301692894
49295,1867.7872301692894
49296,1867.7872301692894
49297,1867.7872301692894
49298,1867.7872301692894
49299,1867.7872301692894
49300,1867.7872301692894
49301,1867.7872301692894
49302,1867.7872301692894
49303,1867.7872301692894
49304,1867.7872301692894
49305,1867.7872301692894
49306,1867.7872301692894
49307,1867.7872301692894
49308,1867.7872301692894
49309,1867.7872301692894
49310,1867.7872301692894
49311,1867.7872301692894
49312,1867.7872301692894
49313,1867.7872301692894
49314,1867.7872301692894
49315,1867.7872301692894
49316,1867.7872301692894
49317,1867.7872301692894
49318,1867.7872301692894
49319,1867.7872301692894
49320,1867.7872301692894
49321,1867.7872301692894
49322,1867.7872301692894
49323,1867.7872301692894
49324,1867.7872301692894
49325,1867.7872301692894
49326,1867.7872301692894
49327,1867.7872301692894
49328,1867.7872301692894
49329,1867.7872301692894
49330,1867.7872301692894
49331,1867.7872301692894
49332,1867.7872301692894
49333,1867.7872301692894
49334,1867.7872301692894
49335,1867.7872301692894
49336,1867.7872301692894
49337,1867.7872301692894
49338,1867.7872301692894
49339,1867.7872301692894
49340,1867.7872301692894
49341,1867.7872301692894
49342,1867.7872301692894
49343,1867.7872301692894
49344,1867.7872301692894
49345,1867.7872301692894
49346,1867.7872301692894
49347,1867.7872301692894
49348,1867.7872301692894
49349,1867.7872301692894
49350,1867.7872301692894
49351,1867.7872301692894
49352,1867.7872301692894
49353,1867.7872301692894
49354,1867.7872301692894
49355,1867.7872301692894
49356,1867.7872301692894
49357,1867.7872301692894
49358,1867.7872301692894
49359,1867.7872301692894
49360,1867.7872301692894
49361,1867.7872301692894
49362,1867.7872301692894
49363,1867.7872301692894
49364,1867.7872301692894
49365,1867.7872301692894
49366,1867.7872301692894
49367,1867.7872301692894
49368,1867.7872301692894
49369,1867.7872301692894
49370,1867.7872301692894
49371,1867.7872301692894
49372,1867.7872301692894
49373,1867.7872301692894
49374,1867.7872301692894
49375,1867.7872301692894
49376,1867.7872301692894
49377,1867.7872301692894
49378,1867.7872301692894
49379,1867.7872301692894
49380,1867.7872301692894
49381,1867.7872301692894
49382,1867.7872301692894
49383,1867.7872301692894
49384,1867.7872301692894
49385,1867.7872301692894
49386,1867.7872301692894
49387,1867.7872301692894
49388,1867.7872301692894
49389,1867.7872301692894
49390,1867.7872301692894
49391,1867.7872301692894
49392,1867.7872301692894
49393,1867.7872301692894
49394,1867.7872301692894
49395,1867.7872301692894
49396,1867.7872301692894
49397,1867.7872301692894
49398,1867.7872301692894
49399,1867.7872301692894
49400,1867.7872301692894
49401,1867.7872301692894
49402,1867.7872301692894
49403,1867.7872301692894
49404,1867.7872301692894
49405,1867.7872301692894
49406,1867.7872301692894
49407,1867.7872301692894
49408,1867.7872301692894
49409,1867.7872301692894
49410,1867.7872301692894
49411,1867.7872301692894
49412,1867.7872301692894
49413,1867.7872301692894
49414,1867.7872301692894
49415,1867.7872301692894
49416,1867.7872301692894
49417,1867.7872301692894
49418,1867.7872301692894
49419,1867.7872301692894
49420,1867.7872301692894
49421,1867.7872301692894
49422,1867.7872301692894
49423,1867.7872301692894
49424,1867.7872301692894
49425,1867.7872301692894
49426,1867.7872301692894
49427,1867.7872301692894
49428,1867.7872301692894
49429,1867.7872301692894
49430,1867.7872301692894
49431,1867.7872301692894
49432,1867.7872301692894
49433,1867.7872301692894
49434,1867.7872301692894
49435,1867.7872301692894
49436,1867.7872301692894
49437,1867.7872301692894
49438,1867.7872301692894
49439,1867.7872301692894
49440,1867.7872301692894
49441,1867.7872301692894
49442,1867.7872301692894
49443,1867.7872301692894
49444,1867.7872301692894
49445,1867.7872301692894
49446,1867.7872301692894
49447,1867.7872301692894
49448,1867.7872301692894
49449,1867.7872301692894
49450,1867.7872301692894
49451,1867.7872301692894
49452,1867.7872301692894
49453,1867.7872301692894
49454,1867.7872301692894
49455,1867.7872301692894
49456,1867.7872301692894
49457,1867.7872301692894
49458,1867.7872301692894
49459,1867.7872301692894
49460,1867.7872301692894
49461,1867.7872301692894
49462,1867.7872301692894
49463,1867.7872301692894
49464,1867.7872301692894
49465,1867.7872301692894
49466,1867.7872301692894
49467,1867.7872301692894
49468,1867.7872301692894
49469,1867.7872301692894
49470,1867.7872301692894
49471,1867.7872301692894
49472,1867.7872301692894
49473,1867.7872301692894
49474,1867.7872301692894
49475,1867.7872301692894
49476,1867.7872301692894
49477,1867.7872301692894
49478,1867.7872301692894
49479,1867.7872301692894
49480,1867.7872301692894
49481,1867.7872301692894
49482,1867.7872301692894
49483,1867.7872301692894
49484,1867.7872301692894
49485,1867.7872301692894
49486,1867.7872301692894
49487,1867.7872301692894
49488,1867.7872301692894
49489,1867.7872301692894
49490,1867.7872301692894
49491,1867.7872301692894
49492,1867.7872301692894
49493,1867.7872301692894
49494,1867.7872301692894
49495,1867.7872301692894
49496,1867.7872301692894
49497,1867.7872301692894
49498,1867.7872301692894
49499,1867.7872301692894
49500,1867.7872301692894
49501,1867.7872301692894
49502,1867.7872301692894
49503,1867.7872301692894
49504,1867.7872301692894
49505,1867.7872301692894
49506,1867.7872301692894
49507,1867.7872301692894
49508,1867.7872301692894
49509,1867.7872301692894
49510,1867.7872301692894
49511,1867.7872301692894
49512,1867.7872301692894
49513,1867.7872301692894
49514,1867.7872301692894
49515,1867.7872301692894
49516,1867.7872301692894
49517,1867.7872301692894
49518,1867.7872301692894
49519,1867.7872301692894
49520,1867.7872301692894
49521,1867.7872301692894
49522,1867.7872301692894
49523,1867.7872301692894
49524,1867.7872301692894
49525,1867.7872301692894
49526,1867.7872301692894
49527,1867.7872301692894
49528,1867.7872301692894
49529,1867.7872301692894
49530,1867.7872301692894
49531,1867.7872301692894
49532,1867.7872301692894
49533,1867.7872301692894
49534,1867.7872301692894
49535,1867.7872301692894
49536,1867.7872301692894
49537,1867.7872301692894
49538,1867.7872301692894
49539,1867.7872301692894
49540,1867.7872301692894
49541,1867.7872301692894
49542,1867.7872301692894
49543,1867.7872301692894
49544,1867.7872301692894
49545,1867.7872301692894
49546,1867.7872301692894
49547,1867.7872301692894
49548,1867.7872301692894
49549,1867.7872301692894
49550,1867.7872301692894
49551,1867.7872301692894
49552,1867.7872301692894
49553,1867.7872301692894
49554,1867.7872301692894
49555,1867.7872301692894
49556,1867.7872301692894
49557,1867.7872301692894
49558,1867.7872301692894
49559,1867.7872301692894
49560,1867.7872301692894
49561,1867.7872301692894
49562,1867.7872301692894
49563,1867.7872301692894
49564,1867.7872301692894
49565,1867.7872301692894
49566,1867.7872301692894
49567,1867.7872301692894
49568,1867.7872301692894
49569,1867.7872301692894
49570,1867.7872301692894
49571,1867.7872301692894
49572,1867.7872301692894
49573,1867.7872301692894
49574,1867.7872301692894
49575,1867.7872301692894
49576,1867.7872301692894
49577,1867.7872301692894
49578,1867.7872301692894
49579,1867.7872301692894
49580,1867.7872301692894
49581,1867.7872301692894
49582,1867.7872301692894
49583,1867.7872301692894
49584,1867.7872301692894
49585,1867.7872301692894
49586,1867.7872301692894
49587,1867.7872301692894
49588,1867.7872301692894
49589,1867.7872301692894
49590,1867.7872301692894
49591,1867.7872301692894
49592,1867.7872301692894
49593,1867.7872301692894
49594,1867.7872301692894
49595,1867.7872301692894
49596,1867.7872301692894
49597,1867.7872301692894
49598,1867.7872301692894
49599,1867.7872301692894
49600,1867.7872301692894
49601,1867.7872301692894
49602,1867.7872301692894
49603,1867.7872301692894
49604,1867.7872301692894
49605,1867.7872301692894
49606,1867.7872301692894
49607,1867.7872301692894
49608,1867.7872301692894
49609,1867.7872301692894
49610,1867.7872301692894
49611,1867.7872301692894
49612,1867.7872301692894
49613,1867.7872301692894
49614,1867.7872301692894
49615,1867.7872301692894
49616,1867.7872301692894
49617,1867.7872301692894
49618,1867.7872301692894
49619,1867.7872301692894
49620,1867.7872301692894
49621,1867.7872301692894
49622,1867.7872301692894
49623,1867.7872301692894
49624,1867.7872301692894
49625,1867.7872301692894
49626,1867.7872301692894
49627,1867.7872301692894
49628,1867.7872301692894
49629,1867.7872301692894
49630,1867.7872301692894
49631,1867.7872301692894
49632,1867.7872301692894
49633,1867.7872301692894
49634,1867.7872301692894
49635,1867.7872301692894
49636,1867.7872301692894
49637,1867.7872301692894
49638,1867.7872301692894
49639,1867.7872301692894
49640,1867.7872301692894
49641,1867.7872301692894
49642,1867.7872301692894
49643,1867.7872301692894
49644,1867.7872301692894
49645,1867.7872301692894
49646,1867.7872301692894
49647,1867.7872301692894
49648,1867.7872301692894
49649,1867.7872301692894
49650,1867.7872301692894
49651,1867.7872301692894
49652,1867.7872301692894
49653,1867.7872301692894
49654,1867.7872301692894
49655,1867.7872301692894
49656,1867.7872301692894
49657,1867.7872301692894
49658,1867.7872301692894
49659,1867.7872301692894
49660,1867.7872301692894
49661,1867.7872301692894
49662,1867.7872301692894
49663,1867.7872301692894
49664,1867.7872301692894
49665,1867.7872301692894
49666,1867.7872301692894
49667,1867.7872301692894
49668,1867.7872301692894
49669,1867.7872301692894
49670,1867.7872301692894
49671,1867.7872301692894
49672,1867.7872301692894
49673,1867.7872301692894
49674,1867.7872301692894
49675,1867.7872301692894
49676,1867.7872301692894
49677,1867.7872301692894
49678,1867.7872301692894
49679,1867.7872301692894
49680,1867.7872301692894
49681,1867.7872301692894
49682,1867.7872301692894
49683,1867.7872301692894
49684,1867.7872301692894
49685,1867.7872301692894
49686,1867.7872301692894
49687,1867.7872301692894
49688,1867.7872301692894
49689,1867.7872301692894
49690,1867.7872301692894
49691,1867.7872301692894
49692,1867.7872301692894
49693,1867.7872301692894
49694,1867.7872301692894
49695,1867.7872301692894
49696,1867.7872301692894
49697,1867.7872301692894
49698,1867.7872301692894
49699,1867.7872301692894
49700,1867.7872301692894
49701,1867.7872301692894
49702,1867.7872301692894
49703,1867.7872301692894
49704,1867.7872301692894
49705,1867.7872301692894
49706,1867.7872301692894
49707,1867.7872301692894
49708,1867.7872301692894
49709,1867.7872301692894
49710,1867.7872301692894
49711,1867.7872301692894
49712,1867.7872301692894
49713,1867.7872301692894
49714,1867.7872301692894
49715,1867.7872301692894
49716,1867.7872301692894
49717,1867.7872301692894
49718,1867.7872301692894
49719,1867.7872301692894
49720,1867.7872301692894
49721,1867.7872301692894
49722,1867.7872301692894
49723,1867.7872301692894
49724,1867.7872301692894
49725,1867.7872301692894
49726,1867.7872301692894
49727,1867.7872301692894
49728,1867.7872301692894
49729,1867.7872301692894
49730,1867.7872301692894
49731,1867.7872301692894
49732,1867.7872301692894
49733,1867.7872301692894
49734,1867.7872301692894
49735,1867.7872301692894
49736,1867.7872301692894
49737,1867.7872301692894
49738,1867.7872301692894
49739,1867.7872301692894
49740,1867.7872301692894
49741,1867.7872301692894
49742,1867.7872301692894
49743,1867.7872301692894
49744,1867.7872301692894
49745,1867.7872301692894
49746,1867.7872301692894
49747,1867.7872301692894
49748,1867.7872301692894
49749,1867.7872301692894
49750,1867.7872301692894
49751,1867.7872301692894
49752,1867.7872301692894
49753,1867.7872301692894
49754,1867.7872301692894
49755,1867.7872301692894
49756,1867.7872301692894
49757,1867.7872301692894
49758,1867.7872301692894
49759,1867.7872301692894
49760,1867.7872301692894
49761,1867.7872301692894
49762,1867.7872301692894
49763,1867.7872301692894
49764,1867.7872301692894
49765,1867.7872301692894
49766,1867.7872301692894
49767,1867.7872301692894
49768,1867.7872301692894
49769,1867.7872301692894
49770,1867.7872301692894
49771,1867.7872301692894
49772,1867.7872301692894
49773,1867.7872301692894
49774,1867.7872301692894
49775,1867.7872301692894
49776,1867.7872301692894
49777,1867.7872301692894
49778,1867.7872301692894
49779,1867.7872301692894
49780,1867.7872301692894
49781,1867.7872301692894
49782,1867.7872301692894
49783,1867.7872301692894
49784,1867.7872301692894
49785,1867.7872301692894
49786,1867.7872301692894
49787,1867.7872301692894
49788,1867.7872301692894
49789,1867.7872301692894
49790,1867.7872301692894
49791,1867.7872301692894
49792,1867.7872301692894
49793,1867.7872301692894
49794,1867.7872301692894
49795,1867.7872301692894
49796,1867.7872301692894
49797,1867.7872301692894
49798,1867.7872301692894
49799,1867.7872301692894
49800,1867.7872301692894
49801,1867.7872301692894
49802,1867.7872301692894
49803,1867.7872301692894
49804,1867.7872301692894
49805,1867.7872301692894
49806,1867.7872301692894
49807,1867.7872301692894
49808,1867.7872301692894
49809,1867.7872301692894
49810,1867.7872301692894
49811,1867.7872301692894
49812,1867.7872301692894
49813,1867.7872301692894
49814,1867.7872301692894
49815,1867.7872301692894
49816,1867.7872301692894
49817,1867.7872301692894
49818,1867.7872301692894
49819,1867.7872301692894
49820,1867.7872301692894
49821,1867.7872301692894
49822,1867.7872301692894
49823,1867.7872301692894
49824,1867.7872301692894
49825,1867.7872301692894
49826,1867.7872301692894
49827,1867.7872301692894
49828,1867.7872301692894
49829,1867.7872301692894
49830,1867.7872301692894
49831,1867.7872301692894
49832,1867.7872301692894
49833,1867.7872301692894
49834,1867.7872301692894
49835,1867.7872301692894
49836,1867.7872301692894
49837,1867.7872301692894
49838,1867.7872301692894
49839,1867.7872301692894
49840,1867.7872301692894
49841,1867.7872301692894
49842,1867.7872301692894
49843,1867.7872301692894
49844,1867.7872301692894
49845,1867.7872301692894
49846,1867.7872301692894
49847,1867.7872301692894
49848,1867.7872301692894
49849,1867.7872301692894
49850,1867.7872301692894
49851,1867.7872301692894
49852,1867.7872301692894
49853,1867.7872301692894
49854,1867.7872301692894
49855,1867.7872301692894
49856,1867.7872301692894
49857,1867.7872301692894
49858,1867.7872301692894
49859,1867.7872301692894
49860,1867.7872301692894
49861,1867.7872301692894
49862,1867.7872301692894
49863,1867.7872301692894
49864,1867.7872301692894
49865,1867.7872301692894
49866,1867.7872301692894
49867,1867.7872301692894
49868,1867.7872301692894
49869,1867.7872301692894
49870,1867.7872301692894
49871,1867.7872301692894
49872,1867.7872301692894
49873,1867.7872301692894
49874,1867.7872301692894
49875,1867.7872301692894
49876,1867.7872301692894
49877,1867.7872301692894
49878,1867.7872301692894
49879,1867.7872301692894
49880,1867.7872301692894
49881,1867.7872301692894
49882,1867.7872301692894
49883,1867.7872301692894
49884,1867.7872301692894
49885,1867.7872301692894
49886,1867.7872301692894
49887,1867.7872301692894
49888,1867.7872301692894
49889,1867.7872301692894
49890,1867.7872301692894
49891,1867.7872301692894
49892,1867.7872301692894
49893,1867.7872301692894
49894,1867.7872301692894
49895,1867.7872301692894
49896,1867.7872301692894
49897,1867.7872301692894
49898,1867.7872301692894
49899,1867.7872301692894
49900,1867.7872301692894
49901,1867.7872301692894
49902,1867.7872301692894
49903,1867.7872301692894
49904,1867.7872301692894
49905,1867.7872301692894
49906,1867.7872301692894
49907,1867.7872301692894
49908,1867.7872301692894
49909,1867.7872301692894
49910,1867.7872301692894
49911,1867.7872301692894
49912,1867.7872301692894
49913,1867.7872301692894
49914,1867.7872301692894
49915,1867.7872301692894
49916,1867.7872301692894
49917,1867.7872301692894
49918,1867.7872301692894
49919,1867.7872301692894
49920,1867.7872301692894
49921,1867.7872301692894
49922,1867.7872301692894
49923,1867.7872301692894
49924,1867.7872301692894
49925,1867.7872301692894
49926,1867.7872301692894
49927,1867.7872301692894
49928,1867.7872301692894
49929,1867.7872301692894
49930,1867.7872301692894
49931,1867.7872301692894
49932,1867.7872301692894
49933,1867.7872301692894
49934,1867.7872301692894
49935,1867.7872301692894
49936,1867.7872301692894
49937,1867.7872301692894
49938,1867.7872301692894
49939,1867.7872301692894
49940,1867.7872301692894
49941,1867.7872301692894
49942,1867.7872301692894
49943,1867.7872301692894
49944,1867.7872301692894
49945,1867.7872301692894
49946,1867.7872301692894
49947,1867.7872301692894
49948,1867.7872301692894
49949,1867.7872301692894
49950,1867.7872301692894
49951,1867.7872301692894
49952,1867.7872301692894
49953,1867.7872301692894
49954,1867.7872301692894
49955,1867.7872301692894
49956,1867.7872301692894
49957,1867.7872301692894
49958,1867.7872301692894
49959,1867.7872301692894
49960,1867.7872301692894
49961,1867.7872301692894
49962,1867.7872301692894
49963,1867.7872301692894
49964,1867.7872301692894
49965,1867.7872301692894
49966,1867.7872301692894
49967,1867.7872301692894
49968,1867.7872301692894
49969,1867.7872301692894
49970,1867.7872301692894
49971,1867.7872301692894
49972,1867.7872301692894
49973,1867.7872301692894
49974,1867.7872301692894
49975,1867.7872301692894
49976,1867.7872301692894
49977,1867.7872301692894
49978,1867.7872301692894
49979,1867.7872301692894
49980,1867.7872301692894
49981,1867.7872301692894
49982,1867.7872301692894
49983,1867.7872301692894
49984,1867.7872301692894
49985,1867.7872301692894
49986,1867.7872301692894
49987,1867.7872301692894
49988,1867.7872301692894
49989,1867.7872301692894
49990,1867.7872301692894
49991,1867.7872301692894
49992,1867.7872301692894
49993,1867.7872301692894
49994,1867.7872301692894
49995,1867.7872301692894
49996,1867.7872301692894
49997,1867.7872301692894
49998,1867.7872301692894
49999,1867.7872301692894
50000,1867.7872301692894
