iter,best_objective
1,4471.260017610289
2,4471.260017610289
3,4462.189507351787
4,4462.189507351787
5,4462.189507351787
6,4461.383323065368
7,4406.530876077953
8,4406.530876077953
9,4406.530876077953
10,4406.530876077953
11,4400.07271207877
12,4400.07271207877
13,4400.07271207877
14,4400.07271207877
15,4400.07271207877
16,4400.07271207877
17,4400.07271207877
18,4400.07271207877
19,4400.07271207877
20,4400.07271207877
21,4400.07271207877
22,4400.07271207877
23,4400.07271207877
24,4400.07271207877
25,4400.07271207877
26,4400.07271207877
27,4400.07271207877
28,4400.07271207877
29,4400.07271207877
30,4400.07271207877
31,4400.07271207877
32,4400.07271207877
33,4400.07271207877
34,4400.07271207877
35,4400.07271207877
36,4400.07271207877
37,4400.07271207877
38,4400.07271207877
39,4400.07271207877
40,4400.07271207877
41,4400.07271207877
42,4400.07271207877
43,4400.07271207877
44,4400.07271207877
45,4400.07271207877
46,4400.07271207877
47,4400.07271207877
48,4400.07271207877
49,4400.07271207877
50,4400.07271207877
51,4400.07271207877
52,4400.07271207877
53,4400.07271207877
54,4400.07271207877
55,4400.07271207877
56,4400.07271207877
57,4400.07271207877
58,4400.07271207877
59,4400.07271207877
60,4400.07271207877
61,4400.07271207877
62,4400.07271207877
63,4400.07271207877
64,4400.07271207877
65,4400.07271207877
66,4400.07271207877
67,4400.07271207877
68,4400.07271207877
69,4400.07271207877
70,4400.07271207877
71,4400.07271207877
72,4400.07271207877
73,4400.07271207877
74,4400.07271207877
75,4400.07271207877
76,4400.07271207877
77,4400.07271207877
78,4400.07271207877
79,4400.07271207877
80,4400.07271207877
81,4400.07271207877
82,4400.07271207877
83,4400.07271207877
84,4400.07271207877
85,4400.07271207877
86,4400.07271207877
87,4400.07271207877
88,4400.07271207877
89,4400.07271207877
90,4375.756933267652
91,4375.756933267652
92,4375.756933267652
93,4375.756933267652
94,4334.228684881329
95,4334.228684881329
96,4334.228684881329
97,4334.228684881329
98,4334.228684881329
99,4334.228684881329
100,4334.228684881329
101,4334.228684881329
102,4334.228684881329
103,4320.773628969
104,4320.773628969
105,4320.773628969
106,4320.773628969
107,4320.773628969
108,4318.743826790736
109,4318.743826790736
110,4318.743826790736
111,4318.743826790736
112,4318.743826790736
113,4318.743826790736
114,4318.743826790736
115,4318.743826790736
116,4316.699800797031
117,4316.699800797031
118,4316.699800797031
119,4316.699800797031
120,4316.699800797031
121,4287.661871452237
122,4269.888846485344
123,4269.888846485344
124,4269.888846485344
125,4269.888846485344
126,4250.091135863768
127,4250.091135863768
128,4250.091135863768
129,4250.091135863768
130,4250.091135863768
131,4236.750262048525
132,4236.750262048525
133,4236.750262048525
134,4236.750262048525
135,4236.750262048525
136,4236.750262048525
137,4236.750262048525
138,4236.750262048525
139,4236.750262048525
140,4236.750262048525
141,4236.750262048525
142,4236.750262048525
143,4236.750262048525
144,4236.750262048525
145,4236.750262048525
146,4236.750262048525
147,4236.750262048525
148,4236.750262048525
149,4236.750262048525
150,4205.508894830328
151,4205.508894830328
152,4205.508894830328
153,4205.508894830328
154,4205.508894830328
155,4205.508894830328
156,4205.508894830328
157,4205.508894830328
158,4170.167284077044
159,4167.690037961324
160,4167.690037961324
161,4167.690037961324
162,4167.690037961324
163,4167.690037961324
164,4167.690037961324
165,4167.690037961324
166,4167.690037961324
167,4167.690037961324
168,4167.690037961324
169,4167.690037961324
170,4167.690037961324
171,4167.690037961324
172,4167.690037961324
173,4160.1550467655625
174,4160.1550467655625
175,4160.1550467655625
176,4156.993216417948
177,4156.993216417948
178,4156.993216417948
179,4156.993216417948
180,4156.993216417948
181,4156.993216417948
182,4156.993216417948
183,4156.993216417948
184,4156.993216417948
185,4156.993216417948
186,4156.993216417948
187,4156.993216417948
188,4156.993216417948
189,4156.993216417948
190,4156.993216417948
191,4156.993216417948
192,4156.993216417948
193,4156.993216417948
194,4156.993216417948
195,4156.993216417948
196,4156.993216417948
197,4156.993216417948
198,4156.993216417948
199,4156.993216417948
200,4156.993216417948
201,4156.993216417948
202,4156.993216417948
203,4156.993216417948
204,4156.993216417948
205,4156.993216417948
206,4156.993216417948
207,4156.993216417948
208,4156.993216417948
209,4156.993216417948
210,4156.993216417948
211,4156.993216417948
212,4156.993216417948
213,4156.993216417948
214,4156.993216417948
215,4156.993216417948
216,4156.993216417948
217,4156.993216417948
218,4156.993216417948
219,4156.993216417948
220,4156.993216417948
221,4156.993216417948
222,4156.993216417948
223,4153.674877813497
224,4153.674877813497
225,4153.674877813497
226,4153.674877813497
227,4153.674877813497
228,4153.674877813497
229,4153.674877813497
230,4153.674877813497
231,4153.674877813497
232,4153.674877813497
233,4153.674877813497
234,4153.674877813497
235,4153.674877813497
236,4153.674877813497
237,4153.674877813497
238,4153.674877813497
239,4153.674877813497
240,4153.674877813497
241,4153.674877813497
242,4153.674877813497
243,4153.674877813497
244,4153.674877813497
245,4153.674877813497
246,4153.674877813497
247,4153.674877813497
248,4153.674877813497
249,4153.674877813497
250,4153.674877813497
251,4153.674877813497
252,4153.674877813497
253,4153.674877813497
254,4153.674877813497
255,4153.674877813497
256,4153.674877813497
257,4109.754349550576
258,4109.754349550576
259,4109.754349550576
260,4109.754349550576
261,4109.754349550576
262,4092.4091770720174
263,4092.4091770720174
264,4092.4091770720174
265,4092.4091770720174
266,4092.4091770720174
267,4092.4091770720174
268,4092.4091770720174
269,4092.4091770720174
270,4092.4091770720174
271,4092.4091770720174
272,4092.4091770720174
273,4092.4091770720174
274,4092.4091770720174
275,4089.456398392442
276,4089.456398392442
277,4089.456398392442
278,4058.967960022999
279,4058.967960022999
280,4058.967960022999
281,4058.967960022999
282,4058.967960022999
283,4058.967960022999
284,4058.967960022999
285,4058.967960022999
286,4058.967960022999
287,4058.967960022999
288,4058.967960022999
289,4058.967960022999
290,4058.967960022999
291,4058.967960022999
292,4014.980630661472
293,4014.980630661472
294,4014.980630661472
295,4014.980630661472
296,4014.980630661472
297,4014.980630661472
298,4014.980630661472
299,4014.980630661472
300,4014.980630661472
301,4014.980630661472
302,4014.980630661472
303,4014.980630661472
304,4014.980630661472
305,4014.980630661472
306,4014.980630661472
307,4014.980630661472
308,4014.980630661472
309,4014.980630661472
310,4014.980630661472
311,4014.980630661472
312,4014.980630661472
313,3975.418988341695
314,3975.418988341695
315,3975.418988341695
316,3975.418988341695
317,3975.418988341695
318,3975.418988341695
319,3975.418988341695
320,3975.418988341695
321,3975.418988341695
322,3975.418988341695
323,3975.418988341695
324,3975.418988341695
325,3975.418988341695
326,3975.418988341695
327,3975.418988341695
328,3975.418988341695
329,3975.418988341695
330,3975.418988341695
331,3945.142874871403
332,3945.142874871403
333,3945.142874871403
334,3945.142874871403
335,3945.142874871403
336,3945.142874871403
337,3945.142874871403
338,3945.142874871403
339,3945.142874871403
340,3945.142874871403
341,3945.142874871403
342,3945.142874871403
343,3945.142874871403
344,3945.142874871403
345,3945.142874871403
346,3945.142874871403
347,3945.142874871403
348,3945.142874871403
349,3945.142874871403
350,3945.142874871403
351,3945.142874871403
352,3945.142874871403
353,3945.142874871403
354,3945.142874871403
355,3945.142874871403
356,3945.142874871403
357,3945.142874871403
358,3945.142874871403
359,3945.142874871403
360,3945.142874871403
361,3945.142874871403
362,3945.142874871403
363,3945.142874871403
364,3945.142874871403
365,3945.142874871403
366,3945.142874871403
367,3945.142874871403
368,3945.142874871403
369,3945.142874871403
370,3945.142874871403
371,3945.142874871403
372,3945.142874871403
373,3945.142874871403
374,3945.142874871403
375,3945.142874871403
376,3945.142874871403
377,3945.142874871403
378,3945.142874871403
379,3945.142874871403
380,3945.142874871403
381,3945.142874871403
382,3945.142874871403
383,3902.443474887805
384,3902.443474887805
385,3902.443474887805
386,3902.443474887805
387,3902.443474887805
388,3902.443474887805
389,3902.443474887805
390,3902.443474887805
391,3902.443474887805
392,3902.443474887805
393,3902.443474887805
394,3902.443474887805
395,3902.443474887805
396,3902.443474887805
397,3902.443474887805
398,3902.443474887805
399,3902.443474887805
400,3902.443474887805
401,3902.443474887805
402,3902.443474887805
403,3902.443474887805
404,3902.443474887805
405,3902.443474887805
406,3902.443474887805
407,3902.443474887805
408,3902.443474887805
409,3902.443474887805
410,3902.443474887805
411,3902.443474887805
412,3902.443474887805
413,3902.443474887805
414,3902.443474887805
415,3902.443474887805
416,3902.443474887805
417,3902.443474887805
418,3902.4087216505827
419,3902.4087216505827
420,3902.4087216505827
421,3902.4087216505827
422,3902.4087216505827
423,3902.4087216505827
424,3902.4087216505827
425,3902.4087216505827
426,3902.4087216505827
427,3902.4087216505827
428,3902.4087216505827
429,3902.4087216505827
430,3902.4087216505827
431,3902.4087216505827
432,3902.4087216505827
433,3902.4087216505827
434,3902.4087216505827
435,3902.4087216505827
436,3872.6373673768235
437,3872.6373673768235
438,3872.6373673768235
439,3872.6373673768235
440,3872.6373673768235
441,3872.6373673768235
442,3872.6373673768235
443,3872.6373673768235
444,3872.6373673768235
445,3872.6373673768235
446,3872.6373673768235
447,3872.6373673768235
448,3872.6373673768235
449,3872.6373673768235
450,3872.6373673768235
451,3872.6373673768235
452,3872.6373673768235
453,3872.6373673768235
454,3872.6373673768235
455,3872.6373673768235
456,3872.6373673768235
457,3870.12328914684
458,3844.1320354145746
459,3844.1320354145746
460,3844.1320354145746
461,3844.1320354145746
462,3844.1320354145746
463,3844.1320354145746
464,3844.1320354145746
465,3844.1320354145746
466,3844.1320354145746
467,3844.1320354145746
468,3844.1320354145746
469,3844.1320354145746
470,3844.1320354145746
471,3844.1320354145746
472,3844.1320354145746
473,3844.1320354145746
474,3841.8896395748625
475,3841.8896395748625
476,3841.8896395748625
477,3841.8896395748625
478,3841.8896395748625
479,3841.8896395748625
480,3841.8896395748625
481,3841.8896395748625
482,3841.8896395748625
483,3841.8896395748625
484,3841.8896395748625
485,3841.8896395748625
486,3841.8896395748625
487,3841.8896395748625
488,3841.8896395748625
489,3841.8896395748625
490,3841.8896395748625
491,3841.8896395748625
492,3841.8896395748625
493,3841.8896395748625
494,3841.8896395748625
495,3841.8896395748625
496,3841.8896395748625
497,3841.8896395748625
498,3841.8896395748625
499,3841.8896395748625
500,3841.8896395748625
501,3841.8896395748625
502,3841.8896395748625
503,3841.8896395748625
504,3841.8896395748625
505,3841.8896395748625
506,3841.8896395748625
507,3841.8896395748625
508,3841.8896395748625
509,3841.8896395748625
510,3841.8896395748625
511,3841.8896395748625
512,3841.8896395748625
513,3841.8896395748625
514,3841.8896395748625
515,3841.8896395748625
516,3841.8896395748625
517,3841.8896395748625
518,3841.8896395748625
519,3841.8896395748625
520,3841.8896395748625
521,3841.8896395748625
522,3841.8896395748625
523,3841.8896395748625
524,3841.8896395748625
525,3841.8896395748625
526,3841.8896395748625
527,3841.8896395748625
528,3841.8896395748625
529,3841.8896395748625
530,3841.8896395748625
531,3841.8896395748625
532,3841.8896395748625
533,3841.8896395748625
534,3841.8896395748625
535,3841.8896395748625
536,3841.8896395748625
537,3841.8896395748625
538,3841.8896395748625
539,3841.8896395748625
540,3841.8896395748625
541,3841.8896395748625
542,3841.8896395748625
543,3841.8896395748625
544,3841.8896395748625
545,3841.8896395748625
546,3841.8896395748625
547,3841.8896395748625
548,3841.8896395748625
549,3824.003108648036
550,3824.003108648036
551,3824.003108648036
552,3824.003108648036
553,3824.003108648036
554,3824.003108648036
555,3824.003108648036
556,3824.003108648036
557,3824.003108648036
558,3819.236374053204
559,3819.236374053204
560,3819.236374053204
561,3819.236374053204
562,3819.236374053204
563,3819.236374053204
564,3819.236374053204
565,3769.908683855307
566,3769.908683855307
567,3769.908683855307
568,3769.908683855307
569,3769.908683855307
570,3769.908683855307
571,3769.908683855307
572,3769.908683855307
573,3769.908683855307
574,3769.908683855307
575,3769.908683855307
576,3769.908683855307
577,3769.908683855307
578,3769.908683855307
579,3769.908683855307
580,3769.908683855307
581,3769.908683855307
582,3769.908683855307
583,3769.908683855307
584,3769.908683855307
585,3769.908683855307
586,3769.908683855307
587,3769.908683855307
588,3769.908683855307
589,3769.908683855307
590,3769.908683855307
591,3769.908683855307
592,3769.908683855307
593,3769.908683855307
594,3769.908683855307
595,3769.908683855307
596,3769.908683855307
597,3769.908683855307
598,3769.908683855307
599,3769.908683855307
600,3769.908683855307
601,3769.908683855307
602,3769.908683855307
603,3769.908683855307
604,3769.908683855307
605,3769.908683855307
606,3762.3892527686216
607,3762.3892527686216
608,3762.3892527686216
609,3762.3892527686216
610,3762.3892527686216
611,3762.3892527686216
612,3762.3892527686216
613,3762.3892527686216
614,3762.3892527686216
615,3762.3892527686216
616,3762.3892527686216
617,3762.3892527686216
618,3762.3892527686216
619,3762.3892527686216
620,3762.3892527686216
621,3762.3892527686216
622,3762.3892527686216
623,3762.3892527686216
624,3762.3892527686216
625,3762.3892527686216
626,3762.3892527686216
627,3762.3892527686216
628,3762.3892527686216
629,3762.3892527686216
630,3762.3892527686216
631,3762.3892527686216
632,3762.3892527686216
633,3762.3892527686216
634,3762.3892527686216
635,3762.3892527686216
636,3762.3892527686216
637,3762.3892527686216
638,3762.3892527686216
639,3762.3892527686216
640,3762.3892527686216
641,3762.3892527686216
642,3762.3892527686216
643,3762.3892527686216
644,3762.3892527686216
645,3762.3892527686216
646,3762.3892527686216
647,3762.3892527686216
648,3762.3892527686216
649,3762.3892527686216
650,3762.3892527686216
651,3762.3892527686216
652,3762.3892527686216
653,3762.3892527686216
654,3762.3892527686216
655,3762.3892527686216
656,3762.3892527686216
657,3762.3892527686216
658,3762.3892527686216
659,3762.3892527686216
660,3762.3892527686216
661,3762.3892527686216
662,3762.3892527686216
663,3762.3892527686216
664,3762.3892527686216
665,3762.3892527686216
666,3762.3892527686216
667,3762.3892527686216
668,3762.3892527686216
669,3762.3892527686216
670,3762.3892527686216
671,3762.3892527686216
672,3762.3892527686216
673,3762.3892527686216
674,3762.3892527686216
675,3762.3892527686216
676,3762.3892527686216
677,3762.3892527686216
678,3762.3892527686216
679,3762.3892527686216
680,3762.3892527686216
681,3762.3892527686216
682,3762.3892527686216
683,3762.3892527686216
684,3762.3892527686216
685,3762.3892527686216
686,3762.3892527686216
687,3762.3892527686216
688,3762.3892527686216
689,3762.3892527686216
690,3762.3892527686216
691,3762.3892527686216
692,3762.3892527686216
693,3762.3892527686216
694,3762.3892527686216
695,3762.3892527686216
696,3762.3892527686216
697,3762.3892527686216
698,3762.3892527686216
699,3762.3892527686216
700,3762.3892527686216
701,3762.3892527686216
702,3762.3892527686216
703,3762.3892527686216
704,3762.3892527686216
705,3762.3892527686216
706,3762.3892527686216
707,3762.3892527686216
708,3762.3892527686216
709,3762.3892527686216
710,3762.3892527686216
711,3762.3892527686216
712,3762.3892527686216
713,3762.3892527686216
714,3762.3892527686216
715,3762.3892527686216
716,3762.3892527686216
717,3762.3892527686216
718,3762.3892527686216
719,3762.3892527686216
720,3762.3892527686216
721,3762.3892527686216
722,3762.3892527686216
723,3762.3892527686216
724,3762.3892527686216
725,3762.3892527686216
726,3762.3892527686216
727,3762.3892527686216
728,3762.3892527686216
729,3762.3892527686216
730,3762.3892527686216
731,3762.3892527686216
732,3762.3892527686216
733,3762.3892527686216
734,3762.3892527686216
735,3762.3892527686216
736,3762.3892527686216
737,3762.3892527686216
738,3762.3892527686216
739,3762.3892527686216
740,3762.3892527686216
741,3762.3892527686216
742,3762.3892527686216
743,3762.3892527686216
744,3762.3892527686216
745,3762.3892527686216
746,3762.3892527686216
747,3762.3892527686216
748,3762.3892527686216
749,3762.3892527686216
750,3762.3892527686216
751,3762.3892527686216
752,3762.3892527686216
753,3762.3892527686216
754,3762.3892527686216
755,3762.3892527686216
756,3762.3892527686216
757,3762.3892527686216
758,3762.3892527686216
759,3762.3892527686216
760,3762.3892527686216
761,3762.3892527686216
762,3762.3892527686216
763,3762.3892527686216
764,3762.3892527686216
765,3762.3892527686216
766,3762.3892527686216
767,3762.3892527686216
768,3762.3892527686216
769,3762.3892527686216
770,3762.3892527686216
771,3762.3892527686216
772,3762.3892527686216
773,3762.3892527686216
774,3762.3892527686216
775,3762.3892527686216
776,3762.3892527686216
777,3762.3892527686216
778,3762.3892527686216
779,3762.3892527686216
780,3762.3892527686216
781,3762.3892527686216
782,3762.3892527686216
783,3762.3892527686216
784,3762.3892527686216
785,3762.3892527686216
786,3762.3892527686216
787,3762.3892527686216
788,3762.3892527686216
789,3762.3892527686216
790,3762.3892527686216
791,3762.3892527686216
792,3762.3892527686216
793,3762.3892527686216
794,3762.3892527686216
795,3762.3892527686216
796,3762.3892527686216
797,3762.3892527686216
798,3762.3892527686216
799,3762.3892527686216
800,3762.3892527686216
801,3762.3892527686216
802,3762.3892527686216
803,3762.3892527686216
804,3762.3892527686216
805,3762.3892527686216
806,3762.3892527686216
807,3762.3892527686216
808,3762.3892527686216
809,3762.3892527686216
810,3762.3892527686216
811,3762.3892527686216
812,3762.3892527686216
813,3762.3892527686216
814,3762.3892527686216
815,3762.3892527686216
816,3762.3892527686216
817,3762.3892527686216
818,3762.3892527686216
819,3762.3892527686216
820,3762.3892527686216
821,3762.3892527686216
822,3762.3892527686216
823,3762.3892527686216
824,3762.3892527686216
825,3762.3892527686216
826,3762.3892527686216
827,3762.3892527686216
828,3762.3892527686216
829,3762.3892527686216
830,3762.3892527686216
831,3762.3892527686216
832,3762.3892527686216
833,3762.3892527686216
834,3762.3892527686216
835,3762.3892527686216
836,3762.3892527686216
837,3762.3892527686216
838,3762.3892527686216
839,3762.3892527686216
840,3762.3892527686216
841,3762.3892527686216
842,3762.3892527686216
843,3762.3892527686216
844,3762.3892527686216
845,3762.3892527686216
846,3762.3892527686216
847,3762.3892527686216
848,3762.3892527686216
849,3762.3892527686216
850,3762.3892527686216
851,3762.3892527686216
852,3762.3892527686216
853,3762.3892527686216
854,3762.3892527686216
855,3762.3892527686216
856,3762.3892527686216
857,3762.3892527686216
858,3762.3892527686216
859,3762.3892527686216
860,3762.3892527686216
861,3762.3892527686216
862,3762.3892527686216
863,3762.3892527686216
864,3762.3892527686216
865,3762.3892527686216
866,3762.3892527686216
867,3762.3892527686216
868,3762.3892527686216
869,3762.3892527686216
870,3762.3892527686216
871,3762.3892527686216
872,3762.3892527686216
873,3762.3892527686216
874,3762.3892527686216
875,3762.3892527686216
876,3762.3892527686216
877,3762.3892527686216
878,3762.3892527686216
879,3762.3892527686216
880,3762.3892527686216
881,3762.3892527686216
882,3762.3892527686216
883,3762.3892527686216
884,3762.3892527686216
885,3762.3892527686216
886,3762.3892527686216
887,3762.3892527686216
888,3762.3892527686216
889,3762.3892527686216
890,3762.3892527686216
891,3762.3892527686216
892,3762.3892527686216
893,3762.3892527686216
894,3762.3892527686216
895,3762.3892527686216
896,3762.3892527686216
897,3762.3892527686216
898,3762.3892527686216
899,3762.3892527686216
900,3762.3892527686216
901,3762.3892527686216
902,3762.3892527686216
903,3762.3892527686216
904,3762.3892527686216
905,3762.3892527686216
906,3762.3892527686216
907,3762.3892527686216
908,3762.3892527686216
909,3762.3892527686216
910,3762.3892527686216
911,3762.3892527686216
912,3762.3892527686216
913,3762.3892527686216
914,3762.3892527686216
915,3762.3892527686216
916,3762.3892527686216
917,3762.3892527686216
918,3762.3892527686216
919,3762.3892527686216
920,3762.3892527686216
921,3762.3892527686216
922,3762.3892527686216
923,3762.3892527686216
924,3762.3892527686216
925,3762.3892527686216
926,3762.3892527686216
927,3762.3892527686216
928,3762.3892527686216
929,3762.3892527686216
930,3762.3892527686216
931,3762.3892527686216
932,3762.3892527686216
933,3762.3892527686216
934,3762.3892527686216
935,3762.3892527686216
936,3762.3892527686216
937,3762.3892527686216
938,3762.3892527686216
939,3762.3892527686216
940,3762.3892527686216
941,3762.3892527686216
942,3762.3892527686216
943,3762.3892527686216
944,3762.3892527686216
945,3762.3892527686216
946,3762.3892527686216
947,3762.3892527686216
948,3762.3892527686216
949,3762.3892527686216
950,3762.3892527686216
951,3762.3892527686216
952,3762.3892527686216
953,3762.3892527686216
954,3762.3892527686216
955,3762.3892527686216
956,3762.3892527686216
957,3762.3892527686216
958,3762.3892527686216
959,3762.3892527686216
960,3762.3892527686216
961,3762.3892527686216
962,3762.3892527686216
963,3762.3892527686216
964,3762.3892527686216
965,3762.3892527686216
966,3762.3892527686216
967,3762.3892527686216
968,3762.3892527686216
969,3762.3892527686216
970,3762.3892527686216
971,3762.3892527686216
972,3762.3892527686216
973,3762.3892527686216
974,3762.3892527686216
975,3762.3892527686216
976,3762.3892527686216
977,3762.3892527686216
978,3762.3892527686216
979,3762.3892527686216
980,3762.3892527686216
981,3762.3892527686216
982,3762.3892527686216
983,3762.3892527686216
984,3762.3892527686216
985,3762.3892527686216
986,3762.3892527686216
987,3762.3892527686216
988,3762.3892527686216
989,3762.3892527686216
990,3762.3892527686216
991,3762.3892527686216
992,3762.3892527686216
993,3762.3892527686216
994,3762.3892527686216
995,3762.3892527686216
996,3762.3892527686216
997,3762.3892527686216
998,3762.3892527686216
999,3762.3892527686216
1000,3762.3892527686216
1001,3762.3892527686216
1002,3762.3892527686216
1003,3762.3892527686216
1004,3762.3892527686216
1005,3762.3892527686216
1006,3762.3892527686216
1007,3762.3892527686216
1008,3762.3892527686216
1009,3762.3892527686216
1010,3762.3892527686216
1011,3762.3892527686216
1012,3762.3892527686216
1013,3762.3892527686216
1014,3762.3892527686216
1015,3762.3892527686216
1016,3762.3892527686216
1017,3762.3892527686216
1018,3762.3892527686216
1019,3762.3892527686216
1020,3762.3892527686216
1021,3762.3892527686216
1022,3762.3892527686216
1023,3762.3892527686216
1024,3762.3892527686216
1025,3762.3892527686216
1026,3762.3892527686216
1027,3762.3892527686216
1028,3762.3892527686216
1029,3762.3892527686216
1030,3762.3892527686216
1031,3762.3892527686216
1032,3762.3892527686216
1033,3762.3892527686216
1034,3762.3892527686216
1035,3762.3892527686216
1036,3762.3892527686216
1037,3762.3892527686216
1038,3762.3892527686216
1039,3762.3892527686216
1040,3762.3892527686216
1041,3762.3892527686216
1042,3762.3892527686216
1043,3762.3892527686216
1044,3762.3892527686216
1045,3762.3892527686216
1046,3762.3892527686216
1047,3762.3892527686216
1048,3762.3892527686216
1049,3762.3892527686216
1050,3762.3892527686216
1051,3762.3892527686216
1052,3762.3892527686216
1053,3762.3892527686216
1054,3762.3892527686216
1055,3762.3892527686216
1056,3762.3892527686216
1057,3762.3892527686216
1058,3762.3892527686216
1059,3762.3892527686216
1060,3762.3892527686216
1061,3762.3892527686216
1062,3762.3892527686216
1063,3762.3892527686216
1064,3762.3892527686216
1065,3762.3892527686216
1066,3762.3892527686216
1067,3762.3892527686216
1068,3762.3892527686216
1069,3762.3892527686216
1070,3762.3892527686216
1071,3762.3892527686216
1072,3762.3892527686216
1073,3762.3892527686216
1074,3762.3892527686216
1075,3762.3892527686216
1076,3762.3892527686216
1077,3762.3892527686216
1078,3762.3892527686216
1079,3762.3892527686216
1080,3762.3892527686216
1081,3762.3892527686216
1082,3762.3892527686216
1083,3762.3892527686216
1084,3762.3892527686216
1085,3762.3892527686216
1086,3762.3892527686216
1087,3762.3892527686216
1088,3762.3892527686216
1089,3762.3892527686216
1090,3762.3892527686216
1091,3762.3892527686216
1092,3762.3892527686216
1093,3762.3892527686216
1094,3762.3892527686216
1095,3762.3892527686216
1096,3762.3892527686216
1097,3762.3892527686216
1098,3762.3892527686216
1099,3762.3892527686216
1100,3762.3892527686216
1101,3762.3892527686216
1102,3762.3892527686216
1103,3762.3892527686216
1104,3762.3892527686216
1105,3762.3892527686216
1106,3762.3892527686216
1107,3762.3892527686216
1108,3762.3892527686216
1109,3762.3892527686216
1110,3762.3892527686216
1111,3762.3892527686216
1112,3762.3892527686216
1113,3762.3892527686216
1114,3762.3892527686216
1115,3762.3892527686216
1116,3762.3892527686216
1117,3762.3892527686216
1118,3762.3892527686216
1119,3762.3892527686216
1120,3762.3892527686216
1121,3762.3892527686216
1122,3762.3892527686216
1123,3762.3892527686216
1124,3762.3892527686216
1125,3762.3892527686216
1126,3762.3892527686216
1127,3762.3892527686216
1128,3762.3892527686216
1129,3762.3892527686216
1130,3762.3892527686216
1131,3762.3892527686216
1132,3762.3892527686216
1133,3762.3892527686216
1134,3762.3892527686216
1135,3762.3892527686216
1136,3762.3892527686216
1137,3762.3892527686216
1138,3762.3892527686216
1139,3762.3892527686216
1140,3762.3892527686216
1141,3762.3892527686216
1142,3762.3892527686216
1143,3762.3892527686216
1144,3762.3892527686216
1145,3762.3892527686216
1146,3762.3892527686216
1147,3762.3892527686216
1148,3762.3892527686216
1149,3762.3892527686216
1150,3762.3892527686216
1151,3762.3892527686216
1152,3762.3892527686216
1153,3762.3892527686216
1154,3762.3892527686216
1155,3762.3892527686216
1156,3762.3892527686216
1157,3762.3892527686216
1158,3762.3892527686216
1159,3762.3892527686216
1160,3762.3892527686216
1161,3762.3892527686216
1162,3762.3892527686216
1163,3762.3892527686216
1164,3762.3892527686216
1165,3762.3892527686216
1166,3762.3892527686216
1167,3762.3892527686216
1168,3762.3892527686216
1169,3762.3892527686216
1170,3762.3892527686216
1171,3762.3892527686216
1172,3762.3892527686216
1173,3762.3892527686216
1174,3762.3892527686216
1175,3762.3892527686216
1176,3762.3892527686216
1177,3762.3892527686216
1178,3762.3892527686216
1179,3762.3892527686216
1180,3762.3892527686216
1181,3762.3892527686216
1182,3762.3892527686216
1183,3762.3892527686216
1184,3762.3892527686216
1185,3762.3892527686216
1186,3762.3892527686216
1187,3762.3892527686216
1188,3762.3892527686216
1189,3762.3892527686216
1190,3762.3892527686216
1191,3762.3892527686216
1192,3762.3892527686216
1193,3762.3892527686216
1194,3762.3892527686216
1195,3762.3892527686216
1196,3762.3892527686216
1197,3762.3892527686216
1198,3762.3892527686216
1199,3762.3892527686216
1200,3762.3892527686216
1201,3762.3892527686216
1202,3762.3892527686216
1203,3762.3892527686216
1204,3762.3892527686216
1205,3762.3892527686216
1206,3762.3892527686216
1207,3762.3892527686216
1208,3762.3892527686216
1209,3762.3892527686216
1210,3762.3892527686216
1211,3762.3892527686216
1212,3762.3892527686216
1213,3762.3892527686216
1214,3762.3892527686216
1215,3762.3892527686216
1216,3762.3892527686216
1217,3762.3892527686216
1218,3762.3892527686216
1219,3762.3892527686216
1220,3762.3892527686216
1221,3762.3892527686216
1222,3762.3892527686216
1223,3762.3892527686216
1224,3762.3892527686216
1225,3762.3892527686216
1226,3762.3892527686216
1227,3762.3892527686216
1228,3762.3892527686216
1229,3762.3892527686216
1230,3762.3892527686216
1231,3762.3892527686216
1232,3762.3892527686216
1233,3762.3892527686216
1234,3762.3892527686216
1235,3762.3892527686216
1236,3762.3892527686216
1237,3762.3892527686216
1238,3762.3892527686216
1239,3762.3892527686216
1240,3762.3892527686216
1241,3762.3892527686216
1242,3762.3892527686216
1243,3762.3892527686216
1244,3762.3892527686216
1245,3762.3892527686216
1246,3762.3892527686216
1247,3762.3892527686216
1248,3762.3892527686216
1249,3762.3892527686216
1250,3762.3892527686216
1251,3762.3892527686216
1252,3762.3892527686216
1253,3762.3892527686216
1254,3762.3892527686216
1255,3762.3892527686216
1256,3762.3892527686216
1257,3762.3892527686216
1258,3762.3892527686216
1259,3762.3892527686216
1260,3762.3892527686216
1261,3762.3892527686216
1262,3762.3892527686216
1263,3762.3892527686216
1264,3762.3892527686216
1265,3762.3892527686216
1266,3762.3892527686216
1267,3762.3892527686216
1268,3762.3892527686216
1269,3762.3892527686216
1270,3762.3892527686216
1271,3762.3892527686216
1272,3762.3892527686216
1273,3762.3892527686216
1274,3762.3892527686216
1275,3762.3892527686216
1276,3762.3892527686216
1277,3762.3892527686216
1278,3762.3892527686216
1279,3762.3892527686216
1280,3762.3892527686216
1281,3762.3892527686216
1282,3762.3892527686216
1283,3762.3892527686216
1284,3762.3892527686216
1285,3762.3892527686216
1286,3762.3892527686216
1287,3762.3892527686216
1288,3762.3892527686216
1289,3762.3892527686216
1290,3762.3892527686216
1291,3762.3892527686216
1292,3762.3892527686216
1293,3762.3892527686216
1294,3762.3892527686216
1295,3762.3892527686216
1296,3762.3892527686216
1297,3762.3892527686216
1298,3762.3892527686216
1299,3762.3892527686216
1300,3762.3892527686216
1301,3762.3892527686216
1302,3762.3892527686216
1303,3762.3892527686216
1304,3762.3892527686216
1305,3762.3892527686216
1306,3762.3892527686216
1307,3762.3892527686216
1308,3762.3892527686216
1309,3762.3892527686216
1310,3762.3892527686216
1311,3762.3892527686216
1312,3762.3892527686216
1313,3762.3892527686216
1314,3762.3892527686216
1315,3762.3892527686216
1316,3762.3892527686216
1317,3762.3892527686216
1318,3762.3892527686216
1319,3762.3892527686216
1320,3762.3892527686216
1321,3762.3892527686216
1322,3762.3892527686216
1323,3762.3892527686216
1324,3762.3892527686216
1325,3762.3892527686216
1326,3762.3892527686216
1327,3762.3892527686216
1328,3762.3892527686216
1329,3762.3892527686216
1330,3762.3892527686216
1331,3762.3892527686216
1332,3762.3892527686216
1333,3762.3892527686216
1334,3762.3892527686216
1335,3762.3892527686216
1336,3762.3892527686216
1337,3762.3892527686216
1338,3762.3892527686216
1339,3762.3892527686216
1340,3762.3892527686216
1341,3762.3892527686216
1342,3762.3892527686216
1343,3762.3892527686216
1344,3762.3892527686216
1345,3762.3892527686216
1346,3762.3892527686216
1347,3762.3892527686216
1348,3762.3892527686216
1349,3762.3892527686216
1350,3762.3892527686216
1351,3762.3892527686216
1352,3762.3892527686216
1353,3762.3892527686216
1354,3762.3892527686216
1355,3762.3892527686216
1356,3762.3892527686216
1357,3762.3892527686216
1358,3762.3892527686216
1359,3762.3892527686216
1360,3762.3892527686216
1361,3762.3892527686216
1362,3762.3892527686216
1363,3762.3892527686216
1364,3762.3892527686216
1365,3762.3892527686216
1366,3762.3892527686216
1367,3762.3892527686216
1368,3762.3892527686216
1369,3762.3892527686216
1370,3762.3892527686216
1371,3762.3892527686216
1372,3762.3892527686216
1373,3762.3892527686216
1374,3762.3892527686216
1375,3762.3892527686216
1376,3762.3892527686216
1377,3762.3892527686216
1378,3762.3892527686216
1379,3762.3892527686216
1380,3762.3892527686216
1381,3762.3892527686216
1382,3762.3892527686216
1383,3762.3892527686216
1384,3762.3892527686216
1385,3762.3892527686216
1386,3762.3892527686216
1387,3762.3892527686216
1388,3762.3892527686216
1389,3762.3892527686216
1390,3762.3892527686216
1391,3762.3892527686216
1392,3762.3892527686216
1393,3762.3892527686216
1394,3762.3892527686216
1395,3762.3892527686216
1396,3762.3892527686216
1397,3762.3892527686216
1398,3762.3892527686216
1399,3762.3892527686216
1400,3762.3892527686216
1401,3762.3892527686216
1402,3762.3892527686216
1403,3762.3892527686216
1404,3762.3892527686216
1405,3762.3892527686216
1406,3762.3892527686216
1407,3762.3892527686216
1408,3762.3892527686216
1409,3762.3892527686216
1410,3762.3892527686216
1411,3762.3892527686216
1412,3762.3892527686216
1413,3762.3892527686216
1414,3762.3892527686216
1415,3762.3892527686216
1416,3762.3892527686216
1417,3762.3892527686216
1418,3762.3892527686216
1419,3762.3892527686216
1420,3762.3892527686216
1421,3762.3892527686216
1422,3762.3892527686216
1423,3762.3892527686216
1424,3762.3892527686216
1425,3762.3892527686216
1426,3762.3892527686216
1427,3762.3892527686216
1428,3762.3892527686216
1429,3762.3892527686216
1430,3762.3892527686216
1431,3762.3892527686216
1432,3762.3892527686216
1433,3762.3892527686216
1434,3762.3892527686216
1435,3762.3892527686216
1436,3762.3892527686216
1437,3762.3892527686216
1438,3762.3892527686216
1439,3762.3892527686216
1440,3762.3892527686216
1441,3762.3892527686216
1442,3762.3892527686216
1443,3762.3892527686216
1444,3762.3892527686216
1445,3762.3892527686216
1446,3762.3892527686216
1447,3762.3892527686216
1448,3762.3892527686216
1449,3762.3892527686216
1450,3762.3892527686216
1451,3762.3892527686216
1452,3762.3892527686216
1453,3762.3892527686216
1454,3762.3892527686216
1455,3762.3892527686216
1456,3762.3892527686216
1457,3762.3892527686216
1458,3762.3892527686216
1459,3762.3892527686216
1460,3762.3892527686216
1461,3762.3892527686216
1462,3762.3892527686216
1463,3762.3892527686216
1464,3762.3892527686216
1465,3762.3892527686216
1466,3762.3892527686216
1467,3762.3892527686216
1468,3762.3892527686216
1469,3762.3892527686216
1470,3762.3892527686216
1471,3762.3892527686216
1472,3762.3892527686216
1473,3762.3892527686216
1474,3762.3892527686216
1475,3762.3892527686216
1476,3762.3892527686216
1477,3762.3892527686216
1478,3762.3892527686216
1479,3762.3892527686216
1480,3762.3892527686216
1481,3762.3892527686216
1482,3762.3892527686216
1483,3762.3892527686216
1484,3762.3892527686216
1485,3762.3892527686216
1486,3762.3892527686216
1487,3762.3892527686216
1488,3762.3892527686216
1489,3762.3892527686216
1490,3762.3892527686216
1491,3762.3892527686216
1492,3762.3892527686216
1493,3762.3892527686216
1494,3762.3892527686216
1495,3762.3892527686216
1496,3762.3892527686216
1497,3762.3892527686216
1498,3762.3892527686216
1499,3762.3892527686216
1500,3762.3892527686216
1501,3762.3892527686216
1502,3762.3892527686216
1503,3762.3892527686216
1504,3762.3892527686216
1505,3762.3892527686216
1506,3762.3892527686216
1507,3762.3892527686216
1508,3762.3892527686216
1509,3762.3892527686216
1510,3762.3892527686216
1511,3762.3892527686216
1512,3762.3892527686216
1513,3762.3892527686216
1514,3762.3892527686216
1515,3762.3892527686216
1516,3762.3892527686216
1517,3762.3892527686216
1518,3762.3892527686216
1519,3762.3892527686216
1520,3762.3892527686216
1521,3762.3892527686216
1522,3762.3892527686216
1523,3762.3892527686216
1524,3762.3892527686216
1525,3762.3892527686216
1526,3762.3892527686216
1527,3762.3892527686216
1528,3762.3892527686216
1529,3762.3892527686216
1530,3762.3892527686216
1531,3762.3892527686216
1532,3762.3892527686216
1533,3747.147687360329
1534,3747.147687360329
1535,3747.147687360329
1536,3747.147687360329
1537,3747.147687360329
1538,3747.147687360329
1539,3747.147687360329
1540,3747.147687360329
1541,3747.147687360329
1542,3747.147687360329
1543,3747.147687360329
1544,3747.147687360329
1545,3747.147687360329
1546,3747.147687360329
1547,3747.147687360329
1548,3747.147687360329
1549,3747.147687360329
1550,3747.147687360329
1551,3747.147687360329
1552,3747.147687360329
1553,3747.147687360329
1554,3747.147687360329
1555,3747.147687360329
1556,3747.147687360329
1557,3747.147687360329
1558,3747.147687360329
1559,3747.147687360329
1560,3747.147687360329
1561,3747.147687360329
1562,3747.147687360329
1563,3747.147687360329
1564,3747.147687360329
1565,3747.147687360329
1566,3747.147687360329
1567,3747.147687360329
1568,3747.147687360329
1569,3747.147687360329
1570,3747.147687360329
1571,3747.147687360329
1572,3747.147687360329
1573,3747.147687360329
1574,3747.147687360329
1575,3747.147687360329
1576,3747.147687360329
1577,3747.147687360329
1578,3747.147687360329
1579,3747.147687360329
1580,3747.147687360329
1581,3747.147687360329
1582,3747.147687360329
1583,3747.147687360329
1584,3747.147687360329
1585,3747.147687360329
1586,3747.147687360329
1587,3747.147687360329
1588,3747.147687360329
1589,3747.147687360329
1590,3747.147687360329
1591,3747.147687360329
1592,3747.147687360329
1593,3747.147687360329
1594,3747.147687360329
1595,3747.147687360329
1596,3747.147687360329
1597,3747.147687360329
1598,3747.147687360329
1599,3747.147687360329
1600,3747.147687360329
1601,3747.147687360329
1602,3747.147687360329
1603,3747.147687360329
1604,3724.6255634666854
1605,3724.6255634666854
1606,3724.6255634666854
1607,3724.6255634666854
1608,3724.6255634666854
1609,3724.6255634666854
1610,3724.6255634666854
1611,3724.6255634666854
1612,3724.6255634666854
1613,3724.6255634666854
1614,3724.6255634666854
1615,3724.6255634666854
1616,3724.6255634666854
1617,3724.6255634666854
1618,3724.6255634666854
1619,3724.6255634666854
1620,3724.6255634666854
1621,3724.6255634666854
1622,3724.6255634666854
1623,3724.6255634666854
1624,3724.6255634666854
1625,3724.6255634666854
1626,3724.6255634666854
1627,3724.6255634666854
1628,3724.6255634666854
1629,3724.6255634666854
1630,3724.6255634666854
1631,3724.6255634666854
1632,3724.6255634666854
1633,3724.6255634666854
1634,3724.6255634666854
1635,3724.6255634666854
1636,3724.6255634666854
1637,3724.6255634666854
1638,3724.6255634666854
1639,3724.6255634666854
1640,3724.6255634666854
1641,3724.6255634666854
1642,3724.6255634666854
1643,3724.6255634666854
1644,3724.6255634666854
1645,3724.6255634666854
1646,3724.6255634666854
1647,3724.6255634666854
1648,3724.6255634666854
1649,3724.6255634666854
1650,3724.6255634666854
1651,3724.6255634666854
1652,3724.6255634666854
1653,3724.6255634666854
1654,3715.086061770448
1655,3715.086061770448
1656,3715.086061770448
1657,3715.086061770448
1658,3715.086061770448
1659,3715.086061770448
1660,3715.086061770448
1661,3715.086061770448
1662,3715.086061770448
1663,3715.086061770448
1664,3715.086061770448
1665,3715.086061770448
1666,3715.086061770448
1667,3715.086061770448
1668,3715.086061770448
1669,3715.086061770448
1670,3715.086061770448
1671,3715.086061770448
1672,3715.086061770448
1673,3715.086061770448
1674,3715.086061770448
1675,3715.086061770448
1676,3715.086061770448
1677,3715.086061770448
1678,3715.086061770448
1679,3715.086061770448
1680,3715.086061770448
1681,3715.086061770448
1682,3715.086061770448
1683,3715.086061770448
1684,3715.086061770448
1685,3715.086061770448
1686,3715.086061770448
1687,3715.086061770448
1688,3715.086061770448
1689,3715.086061770448
1690,3715.086061770448
1691,3715.086061770448
1692,3715.086061770448
1693,3715.086061770448
1694,3715.086061770448
1695,3715.086061770448
1696,3715.086061770448
1697,3715.086061770448
1698,3715.086061770448
1699,3715.086061770448
1700,3715.086061770448
1701,3715.086061770448
1702,3715.086061770448
1703,3715.086061770448
1704,3715.086061770448
1705,3715.086061770448
1706,3715.086061770448
1707,3715.086061770448
1708,3715.086061770448
1709,3715.086061770448
1710,3715.086061770448
1711,3715.086061770448
1712,3715.086061770448
1713,3715.086061770448
1714,3715.086061770448
1715,3715.086061770448
1716,3715.086061770448
1717,3715.086061770448
1718,3707.0411837436714
1719,3707.0411837436714
1720,3707.0411837436714
1721,3707.0411837436714
1722,3707.0411837436714
1723,3707.0411837436714
1724,3707.0411837436714
1725,3707.0411837436714
1726,3707.0411837436714
1727,3707.0411837436714
1728,3707.0411837436714
1729,3707.0411837436714
1730,3707.0411837436714
1731,3707.0411837436714
1732,3707.0411837436714
1733,3704.144656473565
1734,3704.144656473565
1735,3704.144656473565
1736,3704.144656473565
1737,3704.144656473565
1738,3704.144656473565
1739,3704.144656473565
1740,3704.144656473565
1741,3704.144656473565
1742,3704.144656473565
1743,3704.144656473565
1744,3704.144656473565
1745,3704.144656473565
1746,3704.144656473565
1747,3704.144656473565
1748,3704.144656473565
1749,3704.144656473565
1750,3704.144656473565
1751,3704.144656473565
1752,3704.144656473565
1753,3704.144656473565
1754,3704.144656473565
1755,3704.144656473565
1756,3704.144656473565
1757,3704.144656473565
1758,3704.144656473565
1759,3704.144656473565
1760,3704.144656473565
1761,3704.144656473565
1762,3704.144656473565
1763,3704.144656473565
1764,3704.144656473565
1765,3704.144656473565
1766,3704.144656473565
1767,3704.144656473565
1768,3704.144656473565
1769,3704.144656473565
1770,3704.144656473565
1771,3704.144656473565
1772,3704.144656473565
1773,3704.144656473565
1774,3704.144656473565
1775,3704.144656473565
1776,3704.144656473565
1777,3704.144656473565
1778,3704.144656473565
1779,3704.144656473565
1780,3704.144656473565
1781,3704.144656473565
1782,3704.144656473565
1783,3704.144656473565
1784,3704.144656473565
1785,3704.144656473565
1786,3704.144656473565
1787,3704.144656473565
1788,3704.144656473565
1789,3704.144656473565
1790,3704.144656473565
1791,3704.144656473565
1792,3704.144656473565
1793,3704.144656473565
1794,3704.144656473565
1795,3704.144656473565
1796,3704.144656473565
1797,3704.144656473565
1798,3704.144656473565
1799,3704.144656473565
1800,3704.144656473565
1801,3704.144656473565
1802,3704.144656473565
1803,3704.144656473565
1804,3704.144656473565
1805,3704.144656473565
1806,3704.144656473565
1807,3704.144656473565
1808,3704.144656473565
1809,3704.144656473565
1810,3704.144656473565
1811,3704.144656473565
1812,3704.144656473565
1813,3704.144656473565
1814,3704.144656473565
1815,3704.144656473565
1816,3704.144656473565
1817,3704.144656473565
1818,3704.144656473565
1819,3704.144656473565
1820,3704.144656473565
1821,3704.144656473565
1822,3704.144656473565
1823,3704.144656473565
1824,3704.144656473565
1825,3704.144656473565
1826,3704.144656473565
1827,3704.144656473565
1828,3704.144656473565
1829,3704.144656473565
1830,3704.144656473565
1831,3704.144656473565
1832,3704.144656473565
1833,3704.144656473565
1834,3704.144656473565
1835,3704.144656473565
1836,3704.144656473565
1837,3704.144656473565
1838,3704.144656473565
1839,3704.144656473565
1840,3704.144656473565
1841,3704.144656473565
1842,3704.144656473565
1843,3704.144656473565
1844,3704.144656473565
1845,3704.144656473565
1846,3704.144656473565
1847,3704.144656473565
1848,3704.144656473565
1849,3704.144656473565
1850,3704.144656473565
1851,3704.144656473565
1852,3704.144656473565
1853,3704.144656473565
1854,3704.144656473565
1855,3704.144656473565
1856,3704.144656473565
1857,3704.144656473565
1858,3704.144656473565
1859,3704.144656473565
1860,3704.144656473565
1861,3704.144656473565
1862,3704.144656473565
1863,3704.144656473565
1864,3704.144656473565
1865,3704.144656473565
1866,3704.144656473565
1867,3704.144656473565
1868,3704.144656473565
1869,3704.144656473565
1870,3704.144656473565
1871,3704.144656473565
1872,3704.144656473565
1873,3704.144656473565
1874,3704.144656473565
1875,3704.144656473565
1876,3704.144656473565
1877,3704.144656473565
1878,3704.144656473565
1879,3704.144656473565
1880,3704.144656473565
1881,3704.144656473565
1882,3704.144656473565
1883,3704.144656473565
1884,3704.144656473565
1885,3704.144656473565
1886,3704.144656473565
1887,3704.144656473565
1888,3704.144656473565
1889,3704.144656473565
1890,3704.144656473565
1891,3704.144656473565
1892,3704.144656473565
1893,3704.144656473565
1894,3704.144656473565
1895,3704.144656473565
1896,3704.144656473565
1897,3704.144656473565
1898,3704.144656473565
1899,3704.144656473565
1900,3704.144656473565
1901,3704.144656473565
1902,3704.144656473565
1903,3704.144656473565
1904,3704.144656473565
1905,3704.144656473565
1906,3704.144656473565
1907,3704.144656473565
1908,3704.144656473565
1909,3704.144656473565
1910,3704.144656473565
1911,3704.144656473565
1912,3704.144656473565
1913,3704.144656473565
1914,3704.144656473565
1915,3704.144656473565
1916,3704.144656473565
1917,3704.144656473565
1918,3704.144656473565
1919,3704.144656473565
1920,3704.144656473565
1921,3704.144656473565
1922,3704.144656473565
1923,3704.144656473565
1924,3704.144656473565
1925,3704.144656473565
1926,3704.144656473565
1927,3704.144656473565
1928,3704.144656473565
1929,3704.144656473565
1930,3704.144656473565
1931,3704.144656473565
1932,3704.144656473565
1933,3704.144656473565
1934,3704.144656473565
1935,3704.144656473565
1936,3704.144656473565
1937,3704.144656473565
1938,3704.144656473565
1939,3704.144656473565
1940,3704.144656473565
1941,3704.144656473565
1942,3704.144656473565
1943,3704.144656473565
1944,3704.144656473565
1945,3704.144656473565
1946,3704.144656473565
1947,3704.144656473565
1948,3704.144656473565
1949,3704.144656473565
1950,3704.144656473565
1951,3704.144656473565
1952,3704.144656473565
1953,3704.144656473565
1954,3704.144656473565
1955,3704.144656473565
1956,3704.144656473565
1957,3704.144656473565
1958,3704.144656473565
1959,3704.144656473565
1960,3704.144656473565
1961,3704.144656473565
1962,3704.144656473565
1963,3704.144656473565
1964,3704.144656473565
1965,3704.144656473565
1966,3704.144656473565
1967,3704.144656473565
1968,3704.144656473565
1969,3704.144656473565
1970,3704.144656473565
1971,3704.144656473565
1972,3704.144656473565
1973,3704.144656473565
1974,3704.144656473565
1975,3704.144656473565
1976,3704.144656473565
1977,3704.144656473565
1978,3704.144656473565
1979,3704.144656473565
1980,3704.144656473565
1981,3704.144656473565
1982,3704.144656473565
1983,3704.144656473565
1984,3704.144656473565
1985,3704.144656473565
1986,3704.144656473565
1987,3704.144656473565
1988,3704.144656473565
1989,3704.144656473565
1990,3704.144656473565
1991,3704.144656473565
1992,3704.144656473565
1993,3704.144656473565
1994,3704.144656473565
1995,3704.144656473565
1996,3704.144656473565
1997,3704.144656473565
1998,3704.144656473565
1999,3704.144656473565
2000,3704.144656473565
2001,3704.144656473565
2002,3704.144656473565
2003,3704.144656473565
2004,3704.144656473565
2005,3704.144656473565
2006,3704.144656473565
2007,3704.144656473565
2008,3704.144656473565
2009,3704.144656473565
2010,3704.144656473565
2011,3704.144656473565
2012,3704.144656473565
2013,3704.144656473565
2014,3704.144656473565
2015,3704.144656473565
2016,3704.144656473565
2017,3704.144656473565
2018,3704.144656473565
2019,3704.144656473565
2020,3704.144656473565
2021,3704.144656473565
2022,3704.144656473565
2023,3704.144656473565
2024,3704.144656473565
2025,3704.144656473565
2026,3704.144656473565
2027,3704.144656473565
2028,3704.144656473565
2029,3704.144656473565
2030,3704.144656473565
2031,3704.144656473565
2032,3704.144656473565
2033,3704.144656473565
2034,3704.144656473565
2035,3704.144656473565
2036,3704.144656473565
2037,3704.144656473565
2038,3704.144656473565
2039,3704.144656473565
2040,3704.144656473565
2041,3704.144656473565
2042,3704.144656473565
2043,3704.144656473565
2044,3704.144656473565
2045,3704.144656473565
2046,3704.144656473565
2047,3704.144656473565
2048,3704.144656473565
2049,3704.144656473565
2050,3704.144656473565
2051,3704.144656473565
2052,3704.144656473565
2053,3704.144656473565
2054,3704.144656473565
2055,3704.144656473565
2056,3704.144656473565
2057,3704.144656473565
2058,3704.144656473565
2059,3704.144656473565
2060,3704.144656473565
2061,3704.144656473565
2062,3704.144656473565
2063,3704.144656473565
2064,3704.144656473565
2065,3704.144656473565
2066,3704.144656473565
2067,3704.144656473565
2068,3704.144656473565
2069,3704.144656473565
2070,3704.144656473565
2071,3704.144656473565
2072,3704.144656473565
2073,3704.144656473565
2074,3704.144656473565
2075,3704.144656473565
2076,3704.144656473565
2077,3704.144656473565
2078,3704.144656473565
2079,3704.144656473565
2080,3704.144656473565
2081,3704.144656473565
2082,3704.144656473565
2083,3704.144656473565
2084,3704.144656473565
2085,3704.144656473565
2086,3704.144656473565
2087,3704.144656473565
2088,3704.144656473565
2089,3704.144656473565
2090,3704.144656473565
2091,3704.144656473565
2092,3704.144656473565
2093,3704.144656473565
2094,3704.144656473565
2095,3704.144656473565
2096,3704.144656473565
2097,3704.144656473565
2098,3704.144656473565
2099,3704.144656473565
2100,3704.144656473565
2101,3704.144656473565
2102,3704.144656473565
2103,3704.144656473565
2104,3704.144656473565
2105,3704.144656473565
2106,3704.144656473565
2107,3704.144656473565
2108,3704.144656473565
2109,3704.144656473565
2110,3704.144656473565
2111,3704.144656473565
2112,3704.144656473565
2113,3704.144656473565
2114,3704.144656473565
2115,3704.144656473565
2116,3704.144656473565
2117,3704.144656473565
2118,3704.144656473565
2119,3704.144656473565
2120,3704.144656473565
2121,3704.144656473565
2122,3704.144656473565
2123,3704.144656473565
2124,3704.144656473565
2125,3704.144656473565
2126,3704.144656473565
2127,3704.144656473565
2128,3704.144656473565
2129,3704.144656473565
2130,3704.144656473565
2131,3704.144656473565
2132,3704.144656473565
2133,3704.144656473565
2134,3704.144656473565
2135,3704.144656473565
2136,3704.144656473565
2137,3704.144656473565
2138,3704.144656473565
2139,3704.144656473565
2140,3704.144656473565
2141,3704.144656473565
2142,3704.144656473565
2143,3704.144656473565
2144,3704.144656473565
2145,3704.144656473565
2146,3704.144656473565
2147,3704.144656473565
2148,3704.144656473565
2149,3704.144656473565
2150,3704.144656473565
2151,3704.144656473565
2152,3704.144656473565
2153,3704.144656473565
2154,3704.144656473565
2155,3704.144656473565
2156,3704.144656473565
2157,3704.144656473565
2158,3704.144656473565
2159,3704.144656473565
2160,3704.144656473565
2161,3704.144656473565
2162,3704.144656473565
2163,3704.144656473565
2164,3704.144656473565
2165,3704.144656473565
2166,3704.144656473565
2167,3704.144656473565
2168,3704.144656473565
2169,3704.144656473565
2170,3704.144656473565
2171,3704.144656473565
2172,3704.144656473565
2173,3704.144656473565
2174,3704.144656473565
2175,3704.144656473565
2176,3704.144656473565
2177,3704.144656473565
2178,3704.144656473565
2179,3704.144656473565
2180,3704.144656473565
2181,3704.144656473565
2182,3704.144656473565
2183,3704.144656473565
2184,3704.144656473565
2185,3704.144656473565
2186,3704.144656473565
2187,3704.144656473565
2188,3704.144656473565
2189,3704.144656473565
2190,3704.144656473565
2191,3704.144656473565
2192,3704.144656473565
2193,3704.144656473565
2194,3704.144656473565
2195,3704.144656473565
2196,3704.144656473565
2197,3704.144656473565
2198,3704.144656473565
2199,3704.144656473565
2200,3704.144656473565
2201,3704.144656473565
2202,3704.144656473565
2203,3704.144656473565
2204,3704.144656473565
2205,3704.144656473565
2206,3704.144656473565
2207,3704.144656473565
2208,3704.144656473565
2209,3704.144656473565
2210,3704.144656473565
2211,3704.144656473565
2212,3704.144656473565
2213,3704.144656473565
2214,3704.144656473565
2215,3704.144656473565
2216,3704.144656473565
2217,3704.144656473565
2218,3704.144656473565
2219,3704.144656473565
2220,3704.144656473565
2221,3704.144656473565
2222,3704.144656473565
2223,3704.144656473565
2224,3704.144656473565
2225,3704.144656473565
2226,3704.144656473565
2227,3704.144656473565
2228,3704.144656473565
2229,3704.144656473565
2230,3704.144656473565
2231,3704.144656473565
2232,3704.144656473565
2233,3704.144656473565
2234,3704.144656473565
2235,3704.144656473565
2236,3704.144656473565
2237,3704.144656473565
2238,3704.144656473565
2239,3704.144656473565
2240,3704.144656473565
2241,3704.144656473565
2242,3704.144656473565
2243,3704.144656473565
2244,3704.144656473565
2245,3704.144656473565
2246,3704.144656473565
2247,3704.144656473565
2248,3704.144656473565
2249,3704.144656473565
2250,3704.144656473565
2251,3704.144656473565
2252,3704.144656473565
2253,3704.144656473565
2254,3704.144656473565
2255,3704.144656473565
2256,3704.144656473565
2257,3704.144656473565
2258,3704.144656473565
2259,3704.144656473565
2260,3704.144656473565
2261,3704.144656473565
2262,3704.144656473565
2263,3704.144656473565
2264,3704.144656473565
2265,3704.144656473565
2266,3704.144656473565
2267,3704.144656473565
2268,3704.144656473565
2269,3704.144656473565
2270,3704.144656473565
2271,3704.144656473565
2272,3704.144656473565
2273,3704.144656473565
2274,3704.144656473565
2275,3704.144656473565
2276,3704.144656473565
2277,3704.144656473565
2278,3704.144656473565
2279,3704.144656473565
2280,3704.144656473565
2281,3704.144656473565
2282,3704.144656473565
2283,3704.144656473565
2284,3704.144656473565
2285,3704.144656473565
2286,3704.144656473565
2287,3704.144656473565
2288,3704.144656473565
2289,3704.144656473565
2290,3704.144656473565
2291,3704.144656473565
2292,3704.144656473565
2293,3704.144656473565
2294,3704.144656473565
2295,3704.144656473565
2296,3704.144656473565
2297,3704.144656473565
2298,3704.144656473565
2299,3704.144656473565
2300,3704.144656473565
2301,3704.144656473565
2302,3704.144656473565
2303,3704.144656473565
2304,3704.144656473565
2305,3704.144656473565
2306,3704.144656473565
2307,3704.144656473565
2308,3704.144656473565
2309,3704.144656473565
2310,3704.144656473565
2311,3704.144656473565
2312,3704.144656473565
2313,3704.144656473565
2314,3704.144656473565
2315,3704.144656473565
2316,3704.144656473565
2317,3704.144656473565
2318,3704.144656473565
2319,3704.144656473565
2320,3704.144656473565
2321,3704.144656473565
2322,3704.144656473565
2323,3704.144656473565
2324,3704.144656473565
2325,3704.144656473565
2326,3704.144656473565
2327,3704.144656473565
2328,3704.144656473565
2329,3704.144656473565
2330,3704.144656473565
2331,3704.144656473565
2332,3704.144656473565
2333,3704.144656473565
2334,3704.144656473565
2335,3704.144656473565
2336,3704.144656473565
2337,3704.144656473565
2338,3704.144656473565
2339,3704.144656473565
2340,3704.144656473565
2341,3704.144656473565
2342,3704.144656473565
2343,3704.144656473565
2344,3704.144656473565
2345,3704.144656473565
2346,3704.144656473565
2347,3704.144656473565
2348,3704.144656473565
2349,3704.144656473565
2350,3704.144656473565
2351,3704.144656473565
2352,3704.144656473565
2353,3704.144656473565
2354,3704.144656473565
2355,3704.144656473565
2356,3704.144656473565
2357,3704.144656473565
2358,3704.144656473565
2359,3704.144656473565
2360,3704.144656473565
2361,3704.144656473565
2362,3704.144656473565
2363,3704.144656473565
2364,3704.144656473565
2365,3704.144656473565
2366,3704.144656473565
2367,3704.144656473565
2368,3704.144656473565
2369,3704.144656473565
2370,3704.144656473565
2371,3704.144656473565
2372,3704.144656473565
2373,3704.144656473565
2374,3704.144656473565
2375,3704.144656473565
2376,3704.144656473565
2377,3704.144656473565
2378,3704.144656473565
2379,3704.144656473565
2380,3704.144656473565
2381,3704.144656473565
2382,3704.144656473565
2383,3704.144656473565
2384,3704.144656473565
2385,3704.144656473565
2386,3704.144656473565
2387,3704.144656473565
2388,3704.144656473565
2389,3704.144656473565
2390,3704.144656473565
2391,3704.144656473565
2392,3704.144656473565
2393,3704.144656473565
2394,3704.144656473565
2395,3704.144656473565
2396,3704.144656473565
2397,3704.144656473565
2398,3704.144656473565
2399,3704.144656473565
2400,3704.144656473565
2401,3704.144656473565
2402,3704.144656473565
2403,3704.144656473565
2404,3704.144656473565
2405,3704.144656473565
2406,3704.144656473565
2407,3704.144656473565
2408,3704.144656473565
2409,3704.144656473565
2410,3704.144656473565
2411,3704.144656473565
2412,3704.144656473565
2413,3704.144656473565
2414,3704.144656473565
2415,3704.144656473565
2416,3704.144656473565
2417,3704.144656473565
2418,3704.144656473565
2419,3704.144656473565
2420,3704.144656473565
2421,3704.144656473565
2422,3704.144656473565
2423,3704.144656473565
2424,3704.144656473565
2425,3704.144656473565
2426,3704.144656473565
2427,3704.144656473565
2428,3704.144656473565
2429,3704.144656473565
2430,3704.144656473565
2431,3704.144656473565
2432,3704.144656473565
2433,3704.144656473565
2434,3704.144656473565
2435,3704.144656473565
2436,3704.144656473565
2437,3704.144656473565
2438,3704.144656473565
2439,3704.144656473565
2440,3704.144656473565
2441,3704.144656473565
2442,3704.144656473565
2443,3704.144656473565
2444,3704.144656473565
2445,3704.144656473565
2446,3704.144656473565
2447,3704.144656473565
2448,3704.144656473565
2449,3704.144656473565
2450,3704.144656473565
2451,3704.144656473565
2452,3704.144656473565
2453,3704.144656473565
2454,3704.144656473565
2455,3704.144656473565
2456,3704.144656473565
2457,3704.144656473565
2458,3704.144656473565
2459,3704.144656473565
2460,3704.144656473565
2461,3704.144656473565
2462,3704.144656473565
2463,3704.144656473565
2464,3704.144656473565
2465,3704.144656473565
2466,3704.144656473565
2467,3704.144656473565
2468,3704.144656473565
2469,3704.144656473565
2470,3704.144656473565
2471,3704.144656473565
2472,3704.144656473565
2473,3704.144656473565
2474,3704.144656473565
2475,3704.144656473565
2476,3704.144656473565
2477,3704.144656473565
2478,3704.144656473565
2479,3704.144656473565
2480,3704.144656473565
2481,3704.144656473565
2482,3704.144656473565
2483,3704.144656473565
2484,3704.144656473565
2485,3704.144656473565
2486,3704.144656473565
2487,3704.144656473565
2488,3704.144656473565
2489,3704.144656473565
2490,3704.144656473565
2491,3704.144656473565
2492,3704.144656473565
2493,3704.144656473565
2494,3704.144656473565
2495,3704.144656473565
2496,3704.144656473565
2497,3704.144656473565
2498,3704.144656473565
2499,3704.144656473565
2500,3704.144656473565
2501,3704.144656473565
2502,3704.144656473565
2503,3704.144656473565
2504,3704.144656473565
2505,3704.144656473565
2506,3704.144656473565
2507,3704.144656473565
2508,3704.144656473565
2509,3704.144656473565
2510,3704.144656473565
2511,3704.144656473565
2512,3704.144656473565
2513,3704.144656473565
2514,3704.144656473565
2515,3704.144656473565
2516,3704.144656473565
2517,3704.144656473565
2518,3704.144656473565
2519,3704.144656473565
2520,3704.144656473565
2521,3704.144656473565
2522,3704.144656473565
2523,3704.144656473565
2524,3704.144656473565
2525,3704.144656473565
2526,3704.144656473565
2527,3704.144656473565
2528,3704.144656473565
2529,3704.144656473565
2530,3704.144656473565
2531,3704.144656473565
2532,3704.144656473565
2533,3704.144656473565
2534,3704.144656473565
2535,3704.144656473565
2536,3704.144656473565
2537,3704.144656473565
2538,3704.144656473565
2539,3704.144656473565
2540,3704.144656473565
2541,3704.144656473565
2542,3704.144656473565
2543,3704.144656473565
2544,3704.144656473565
2545,3704.144656473565
2546,3704.144656473565
2547,3704.144656473565
2548,3704.144656473565
2549,3704.144656473565
2550,3704.144656473565
2551,3704.144656473565
2552,3704.144656473565
2553,3704.144656473565
2554,3704.144656473565
2555,3704.144656473565
2556,3704.144656473565
2557,3704.144656473565
2558,3704.144656473565
2559,3704.144656473565
2560,3704.144656473565
2561,3704.144656473565
2562,3704.144656473565
2563,3704.144656473565
2564,3704.144656473565
2565,3704.144656473565
2566,3704.144656473565
2567,3704.144656473565
2568,3704.144656473565
2569,3704.144656473565
2570,3704.144656473565
2571,3704.144656473565
2572,3704.144656473565
2573,3704.144656473565
2574,3704.144656473565
2575,3704.144656473565
2576,3704.144656473565
2577,3704.144656473565
2578,3704.144656473565
2579,3704.144656473565
2580,3704.144656473565
2581,3704.144656473565
2582,3704.144656473565
2583,3704.144656473565
2584,3704.144656473565
2585,3704.144656473565
2586,3704.144656473565
2587,3704.144656473565
2588,3704.144656473565
2589,3704.144656473565
2590,3704.144656473565
2591,3704.144656473565
2592,3704.144656473565
2593,3704.144656473565
2594,3704.144656473565
2595,3704.144656473565
2596,3704.144656473565
2597,3704.144656473565
2598,3704.144656473565
2599,3704.144656473565
2600,3704.144656473565
2601,3704.144656473565
2602,3704.144656473565
2603,3704.144656473565
2604,3704.144656473565
2605,3704.144656473565
2606,3704.144656473565
2607,3704.144656473565
2608,3704.144656473565
2609,3704.144656473565
2610,3704.144656473565
2611,3704.144656473565
2612,3704.144656473565
2613,3704.144656473565
2614,3704.144656473565
2615,3704.144656473565
2616,3704.144656473565
2617,3704.144656473565
2618,3704.144656473565
2619,3704.144656473565
2620,3704.144656473565
2621,3704.144656473565
2622,3704.144656473565
2623,3704.144656473565
2624,3704.144656473565
2625,3704.144656473565
2626,3704.144656473565
2627,3704.144656473565
2628,3704.144656473565
2629,3704.144656473565
2630,3704.144656473565
2631,3704.144656473565
2632,3704.144656473565
2633,3704.144656473565
2634,3704.144656473565
2635,3704.144656473565
2636,3704.144656473565
2637,3704.144656473565
2638,3704.144656473565
2639,3704.144656473565
2640,3704.144656473565
2641,3704.144656473565
2642,3704.144656473565
2643,3704.144656473565
2644,3704.144656473565
2645,3704.144656473565
2646,3704.144656473565
2647,3704.144656473565
2648,3704.144656473565
2649,3704.144656473565
2650,3704.144656473565
2651,3704.144656473565
2652,3704.144656473565
2653,3704.144656473565
2654,3704.144656473565
2655,3704.144656473565
2656,3704.144656473565
2657,3704.144656473565
2658,3704.144656473565
2659,3704.144656473565
2660,3704.144656473565
2661,3704.144656473565
2662,3704.144656473565
2663,3704.144656473565
2664,3704.144656473565
2665,3704.144656473565
2666,3704.144656473565
2667,3704.144656473565
2668,3704.144656473565
2669,3704.144656473565
2670,3704.144656473565
2671,3704.144656473565
2672,3704.144656473565
2673,3704.144656473565
2674,3704.144656473565
2675,3704.144656473565
2676,3704.144656473565
2677,3704.144656473565
2678,3704.144656473565
2679,3704.144656473565
2680,3704.144656473565
2681,3704.144656473565
2682,3704.144656473565
2683,3704.144656473565
2684,3704.144656473565
2685,3704.144656473565
2686,3704.144656473565
2687,3704.144656473565
2688,3704.144656473565
2689,3704.144656473565
2690,3704.144656473565
2691,3704.144656473565
2692,3704.144656473565
2693,3704.144656473565
2694,3704.144656473565
2695,3704.144656473565
2696,3704.144656473565
2697,3704.144656473565
2698,3704.144656473565
2699,3704.144656473565
2700,3704.144656473565
2701,3704.144656473565
2702,3704.144656473565
2703,3704.144656473565
2704,3704.144656473565
2705,3704.144656473565
2706,3704.144656473565
2707,3704.144656473565
2708,3704.144656473565
2709,3704.144656473565
2710,3704.144656473565
2711,3704.144656473565
2712,3704.144656473565
2713,3704.144656473565
2714,3704.144656473565
2715,3704.144656473565
2716,3704.144656473565
2717,3704.144656473565
2718,3704.144656473565
2719,3704.144656473565
2720,3704.144656473565
2721,3704.144656473565
2722,3704.144656473565
2723,3704.144656473565
2724,3704.144656473565
2725,3704.144656473565
2726,3704.144656473565
2727,3704.144656473565
2728,3704.144656473565
2729,3704.144656473565
2730,3704.144656473565
2731,3704.144656473565
2732,3704.144656473565
2733,3704.144656473565
2734,3704.144656473565
2735,3704.144656473565
2736,3704.144656473565
2737,3704.144656473565
2738,3704.144656473565
2739,3704.144656473565
2740,3704.144656473565
2741,3704.144656473565
2742,3704.144656473565
2743,3704.144656473565
2744,3704.144656473565
2745,3704.144656473565
2746,3704.144656473565
2747,3704.144656473565
2748,3704.144656473565
2749,3704.144656473565
2750,3704.144656473565
2751,3704.144656473565
2752,3704.144656473565
2753,3704.144656473565
2754,3704.144656473565
2755,3704.144656473565
2756,3704.144656473565
2757,3704.144656473565
2758,3704.144656473565
2759,3704.144656473565
2760,3704.144656473565
2761,3704.144656473565
2762,3704.144656473565
2763,3704.144656473565
2764,3704.144656473565
2765,3704.144656473565
2766,3704.144656473565
2767,3704.144656473565
2768,3704.144656473565
2769,3704.144656473565
2770,3704.144656473565
2771,3704.144656473565
2772,3704.144656473565
2773,3704.144656473565
2774,3704.144656473565
2775,3704.144656473565
2776,3704.144656473565
2777,3704.144656473565
2778,3704.144656473565
2779,3704.144656473565
2780,3704.144656473565
2781,3704.144656473565
2782,3704.144656473565
2783,3704.144656473565
2784,3704.144656473565
2785,3704.144656473565
2786,3704.144656473565
2787,3704.144656473565
2788,3704.144656473565
2789,3704.144656473565
2790,3704.144656473565
2791,3704.144656473565
2792,3704.144656473565
2793,3704.144656473565
2794,3704.144656473565
2795,3704.144656473565
2796,3704.144656473565
2797,3704.144656473565
2798,3704.144656473565
2799,3704.144656473565
2800,3704.144656473565
2801,3704.144656473565
2802,3704.144656473565
2803,3704.144656473565
2804,3704.144656473565
2805,3704.144656473565
2806,3704.144656473565
2807,3704.144656473565
2808,3704.144656473565
2809,3704.144656473565
2810,3704.144656473565
2811,3704.144656473565
2812,3704.144656473565
2813,3704.144656473565
2814,3704.144656473565
2815,3704.144656473565
2816,3704.144656473565
2817,3704.144656473565
2818,3704.144656473565
2819,3704.144656473565
2820,3704.144656473565
2821,3704.144656473565
2822,3704.144656473565
2823,3704.144656473565
2824,3704.144656473565
2825,3704.144656473565
2826,3704.144656473565
2827,3704.144656473565
2828,3704.144656473565
2829,3704.144656473565
2830,3704.144656473565
2831,3704.144656473565
2832,3704.144656473565
2833,3704.144656473565
2834,3704.144656473565
2835,3704.144656473565
2836,3704.144656473565
2837,3704.144656473565
2838,3704.144656473565
2839,3704.144656473565
2840,3704.144656473565
2841,3704.144656473565
2842,3704.144656473565
2843,3704.144656473565
2844,3704.144656473565
2845,3704.144656473565
2846,3704.144656473565
2847,3704.144656473565
2848,3704.144656473565
2849,3704.144656473565
2850,3704.144656473565
2851,3704.144656473565
2852,3704.144656473565
2853,3704.144656473565
2854,3704.144656473565
2855,3704.144656473565
2856,3704.144656473565
2857,3704.144656473565
2858,3704.144656473565
2859,3704.144656473565
2860,3704.144656473565
2861,3704.144656473565
2862,3704.144656473565
2863,3704.144656473565
2864,3704.144656473565
2865,3704.144656473565
2866,3704.144656473565
2867,3704.144656473565
2868,3704.144656473565
2869,3704.144656473565
2870,3704.144656473565
2871,3704.144656473565
2872,3704.144656473565
2873,3704.144656473565
2874,3704.144656473565
2875,3704.144656473565
2876,3704.144656473565
2877,3704.144656473565
2878,3704.144656473565
2879,3704.144656473565
2880,3704.144656473565
2881,3704.144656473565
2882,3704.144656473565
2883,3704.144656473565
2884,3704.144656473565
2885,3704.144656473565
2886,3704.144656473565
2887,3704.144656473565
2888,3704.144656473565
2889,3704.144656473565
2890,3704.144656473565
2891,3704.144656473565
2892,3704.144656473565
2893,3704.144656473565
2894,3704.144656473565
2895,3704.144656473565
2896,3704.144656473565
2897,3704.144656473565
2898,3704.144656473565
2899,3704.144656473565
2900,3704.144656473565
2901,3704.144656473565
2902,3704.144656473565
2903,3704.144656473565
2904,3704.144656473565
2905,3704.144656473565
2906,3704.144656473565
2907,3704.144656473565
2908,3704.144656473565
2909,3704.144656473565
2910,3704.144656473565
2911,3704.144656473565
2912,3704.144656473565
2913,3704.144656473565
2914,3704.144656473565
2915,3704.144656473565
2916,3704.144656473565
2917,3704.144656473565
2918,3704.144656473565
2919,3704.144656473565
2920,3704.144656473565
2921,3704.144656473565
2922,3704.144656473565
2923,3704.144656473565
2924,3704.144656473565
2925,3704.144656473565
2926,3704.144656473565
2927,3704.144656473565
2928,3704.144656473565
2929,3704.144656473565
2930,3704.144656473565
2931,3704.144656473565
2932,3704.144656473565
2933,3704.144656473565
2934,3704.144656473565
2935,3704.144656473565
2936,3704.144656473565
2937,3704.144656473565
2938,3704.144656473565
2939,3704.144656473565
2940,3704.144656473565
2941,3704.144656473565
2942,3704.144656473565
2943,3704.144656473565
2944,3704.144656473565
2945,3704.144656473565
2946,3704.144656473565
2947,3704.144656473565
2948,3704.144656473565
2949,3704.144656473565
2950,3704.144656473565
2951,3704.144656473565
2952,3704.144656473565
2953,3704.144656473565
2954,3704.144656473565
2955,3704.144656473565
2956,3704.144656473565
2957,3704.144656473565
2958,3704.144656473565
2959,3704.144656473565
2960,3704.144656473565
2961,3704.144656473565
2962,3704.144656473565
2963,3704.144656473565
2964,3704.144656473565
2965,3704.144656473565
2966,3704.144656473565
2967,3704.144656473565
2968,3704.144656473565
2969,3704.144656473565
2970,3704.144656473565
2971,3704.144656473565
2972,3704.144656473565
2973,3704.144656473565
2974,3704.144656473565
2975,3704.144656473565
2976,3704.144656473565
2977,3704.144656473565
2978,3704.144656473565
2979,3704.144656473565
2980,3704.144656473565
2981,3704.144656473565
2982,3704.144656473565
2983,3704.144656473565
2984,3704.144656473565
2985,3704.144656473565
2986,3704.144656473565
2987,3704.144656473565
2988,3704.144656473565
2989,3704.144656473565
2990,3704.144656473565
2991,3704.144656473565
2992,3704.144656473565
2993,3704.144656473565
2994,3704.144656473565
2995,3704.144656473565
2996,3704.144656473565
2997,3704.144656473565
2998,3704.144656473565
2999,3704.144656473565
3000,3704.144656473565
3001,3704.144656473565
3002,3704.144656473565
3003,3704.144656473565
3004,3704.144656473565
3005,3704.144656473565
3006,3704.144656473565
3007,3704.144656473565
3008,3704.144656473565
3009,3704.144656473565
3010,3704.144656473565
3011,3704.144656473565
3012,3704.144656473565
3013,3704.144656473565
3014,3704.144656473565
3015,3704.144656473565
3016,3704.144656473565
3017,3704.144656473565
3018,3704.144656473565
3019,3704.144656473565
3020,3704.144656473565
3021,3704.144656473565
3022,3704.144656473565
3023,3704.144656473565
3024,3704.144656473565
3025,3704.144656473565
3026,3704.144656473565
3027,3704.144656473565
3028,3704.144656473565
3029,3704.144656473565
3030,3704.144656473565
3031,3704.144656473565
3032,3704.144656473565
3033,3704.144656473565
3034,3704.144656473565
3035,3704.144656473565
3036,3704.144656473565
3037,3704.144656473565
3038,3704.144656473565
3039,3704.144656473565
3040,3704.144656473565
3041,3704.144656473565
3042,3704.144656473565
3043,3704.144656473565
3044,3704.144656473565
3045,3704.144656473565
3046,3704.144656473565
3047,3704.144656473565
3048,3704.144656473565
3049,3704.144656473565
3050,3704.144656473565
3051,3704.144656473565
3052,3704.144656473565
3053,3704.144656473565
3054,3704.144656473565
3055,3704.144656473565
3056,3704.144656473565
3057,3704.144656473565
3058,3704.144656473565
3059,3704.144656473565
3060,3704.144656473565
3061,3704.144656473565
3062,3704.144656473565
3063,3704.144656473565
3064,3704.144656473565
3065,3704.144656473565
3066,3704.144656473565
3067,3704.144656473565
3068,3704.144656473565
3069,3704.144656473565
3070,3704.144656473565
3071,3704.144656473565
3072,3704.144656473565
3073,3704.144656473565
3074,3704.144656473565
3075,3704.144656473565
3076,3704.144656473565
3077,3704.144656473565
3078,3704.144656473565
3079,3704.144656473565
3080,3704.144656473565
3081,3704.144656473565
3082,3704.144656473565
3083,3704.144656473565
3084,3704.144656473565
3085,3704.144656473565
3086,3704.144656473565
3087,3704.144656473565
3088,3704.144656473565
3089,3704.144656473565
3090,3704.144656473565
3091,3704.144656473565
3092,3704.144656473565
3093,3704.144656473565
3094,3704.144656473565
3095,3704.144656473565
3096,3704.144656473565
3097,3704.144656473565
3098,3704.144656473565
3099,3704.144656473565
3100,3704.144656473565
3101,3704.144656473565
3102,3704.144656473565
3103,3704.144656473565
3104,3704.144656473565
3105,3704.144656473565
3106,3704.144656473565
3107,3704.144656473565
3108,3704.144656473565
3109,3704.144656473565
3110,3704.144656473565
3111,3704.144656473565
3112,3704.144656473565
3113,3704.144656473565
3114,3704.144656473565
3115,3704.144656473565
3116,3704.144656473565
3117,3704.144656473565
3118,3704.144656473565
3119,3704.144656473565
3120,3704.144656473565
3121,3704.144656473565
3122,3704.144656473565
3123,3704.144656473565
3124,3704.144656473565
3125,3704.144656473565
3126,3704.144656473565
3127,3704.144656473565
3128,3704.144656473565
3129,3704.144656473565
3130,3704.144656473565
3131,3704.144656473565
3132,3704.144656473565
3133,3704.144656473565
3134,3704.144656473565
3135,3704.144656473565
3136,3704.144656473565
3137,3704.144656473565
3138,3704.144656473565
3139,3704.144656473565
3140,3704.144656473565
3141,3704.144656473565
3142,3704.144656473565
3143,3704.144656473565
3144,3704.144656473565
3145,3704.144656473565
3146,3704.144656473565
3147,3704.144656473565
3148,3704.144656473565
3149,3704.144656473565
3150,3704.144656473565
3151,3704.144656473565
3152,3704.144656473565
3153,3704.144656473565
3154,3704.144656473565
3155,3704.144656473565
3156,3704.144656473565
3157,3704.144656473565
3158,3704.144656473565
3159,3704.144656473565
3160,3704.144656473565
3161,3704.144656473565
3162,3704.144656473565
3163,3704.144656473565
3164,3704.144656473565
3165,3704.144656473565
3166,3704.144656473565
3167,3704.144656473565
3168,3704.144656473565
3169,3704.144656473565
3170,3704.144656473565
3171,3704.144656473565
3172,3704.144656473565
3173,3704.144656473565
3174,3704.144656473565
3175,3704.144656473565
3176,3704.144656473565
3177,3704.144656473565
3178,3704.144656473565
3179,3704.144656473565
3180,3704.144656473565
3181,3704.144656473565
3182,3704.144656473565
3183,3704.144656473565
3184,3704.144656473565
3185,3704.144656473565
3186,3704.144656473565
3187,3704.144656473565
3188,3704.144656473565
3189,3704.144656473565
3190,3704.144656473565
3191,3704.144656473565
3192,3704.144656473565
3193,3704.144656473565
3194,3704.144656473565
3195,3704.144656473565
3196,3704.144656473565
3197,3704.144656473565
3198,3704.144656473565
3199,3704.144656473565
3200,3704.144656473565
3201,3704.144656473565
3202,3704.144656473565
3203,3704.144656473565
3204,3704.144656473565
3205,3704.144656473565
3206,3704.144656473565
3207,3704.144656473565
3208,3704.144656473565
3209,3704.144656473565
3210,3704.144656473565
3211,3704.144656473565
3212,3704.144656473565
3213,3704.144656473565
3214,3704.144656473565
3215,3704.144656473565
3216,3704.144656473565
3217,3704.144656473565
3218,3704.144656473565
3219,3704.144656473565
3220,3704.144656473565
3221,3704.144656473565
3222,3704.144656473565
3223,3704.144656473565
3224,3704.144656473565
3225,3704.144656473565
3226,3704.144656473565
3227,3704.144656473565
3228,3704.144656473565
3229,3704.144656473565
3230,3704.144656473565
3231,3704.144656473565
3232,3704.144656473565
3233,3704.144656473565
3234,3704.144656473565
3235,3704.144656473565
3236,3704.144656473565
3237,3704.144656473565
3238,3704.144656473565
3239,3704.144656473565
3240,3704.144656473565
3241,3704.144656473565
3242,3704.144656473565
3243,3704.144656473565
3244,3704.144656473565
3245,3704.144656473565
3246,3704.144656473565
3247,3704.144656473565
3248,3704.144656473565
3249,3704.144656473565
3250,3704.144656473565
3251,3704.144656473565
3252,3704.144656473565
3253,3704.144656473565
3254,3704.144656473565
3255,3704.144656473565
3256,3704.144656473565
3257,3704.144656473565
3258,3704.144656473565
3259,3704.144656473565
3260,3704.144656473565
3261,3704.144656473565
3262,3704.144656473565
3263,3704.144656473565
3264,3704.144656473565
3265,3704.144656473565
3266,3704.144656473565
3267,3704.144656473565
3268,3704.144656473565
3269,3704.144656473565
3270,3704.144656473565
3271,3704.144656473565
3272,3704.144656473565
3273,3704.144656473565
3274,3704.144656473565
3275,3704.144656473565
3276,3704.144656473565
3277,3704.144656473565
3278,3704.144656473565
3279,3704.144656473565
3280,3704.144656473565
3281,3704.144656473565
3282,3704.144656473565
3283,3704.144656473565
3284,3704.144656473565
3285,3704.144656473565
3286,3704.144656473565
3287,3704.144656473565
3288,3704.144656473565
3289,3704.144656473565
3290,3704.144656473565
3291,3704.144656473565
3292,3704.144656473565
3293,3704.144656473565
3294,3704.144656473565
3295,3704.144656473565
3296,3704.144656473565
3297,3704.144656473565
3298,3704.144656473565
3299,3704.144656473565
3300,3704.144656473565
3301,3704.144656473565
3302,3704.144656473565
3303,3704.144656473565
3304,3704.144656473565
3305,3704.144656473565
3306,3704.144656473565
3307,3704.144656473565
3308,3704.144656473565
3309,3704.144656473565
3310,3704.144656473565
3311,3704.144656473565
3312,3704.144656473565
3313,3704.144656473565
3314,3704.144656473565
3315,3704.144656473565
3316,3704.144656473565
3317,3704.144656473565
3318,3704.144656473565
3319,3704.144656473565
3320,3704.144656473565
3321,3704.144656473565
3322,3704.144656473565
3323,3704.144656473565
3324,3704.144656473565
3325,3704.144656473565
3326,3704.144656473565
3327,3704.144656473565
3328,3704.144656473565
3329,3704.144656473565
3330,3704.144656473565
3331,3704.144656473565
3332,3704.144656473565
3333,3704.144656473565
3334,3704.144656473565
3335,3704.144656473565
3336,3704.144656473565
3337,3704.144656473565
3338,3704.144656473565
3339,3704.144656473565
3340,3704.144656473565
3341,3704.144656473565
3342,3704.144656473565
3343,3704.144656473565
3344,3704.144656473565
3345,3704.144656473565
3346,3704.144656473565
3347,3704.144656473565
3348,3704.144656473565
3349,3704.144656473565
3350,3704.144656473565
3351,3704.144656473565
3352,3704.144656473565
3353,3704.144656473565
3354,3704.144656473565
3355,3704.144656473565
3356,3704.144656473565
3357,3704.144656473565
3358,3704.144656473565
3359,3704.144656473565
3360,3704.144656473565
3361,3704.144656473565
3362,3704.144656473565
3363,3704.144656473565
3364,3704.144656473565
3365,3704.144656473565
3366,3704.144656473565
3367,3704.144656473565
3368,3704.144656473565
3369,3704.144656473565
3370,3704.144656473565
3371,3704.144656473565
3372,3704.144656473565
3373,3704.144656473565
3374,3704.144656473565
3375,3704.144656473565
3376,3704.144656473565
3377,3704.144656473565
3378,3704.144656473565
3379,3704.144656473565
3380,3704.144656473565
3381,3704.144656473565
3382,3704.144656473565
3383,3704.144656473565
3384,3704.144656473565
3385,3704.144656473565
3386,3704.144656473565
3387,3704.144656473565
3388,3704.144656473565
3389,3704.144656473565
3390,3704.144656473565
3391,3704.144656473565
3392,3704.144656473565
3393,3704.144656473565
3394,3704.144656473565
3395,3704.144656473565
3396,3704.144656473565
3397,3704.144656473565
3398,3704.144656473565
3399,3704.144656473565
3400,3704.144656473565
3401,3704.144656473565
3402,3704.144656473565
3403,3704.144656473565
3404,3704.144656473565
3405,3704.144656473565
3406,3704.144656473565
3407,3704.144656473565
3408,3704.144656473565
3409,3704.144656473565
3410,3704.144656473565
3411,3704.144656473565
3412,3704.144656473565
3413,3704.144656473565
3414,3704.144656473565
3415,3704.144656473565
3416,3704.144656473565
3417,3704.144656473565
3418,3704.144656473565
3419,3704.144656473565
3420,3704.144656473565
3421,3704.144656473565
3422,3704.144656473565
3423,3704.144656473565
3424,3704.144656473565
3425,3704.144656473565
3426,3704.144656473565
3427,3704.144656473565
3428,3704.144656473565
3429,3704.144656473565
3430,3704.144656473565
3431,3704.144656473565
3432,3704.144656473565
3433,3704.144656473565
3434,3704.144656473565
3435,3704.144656473565
3436,3704.144656473565
3437,3704.144656473565
3438,3704.144656473565
3439,3704.144656473565
3440,3704.144656473565
3441,3704.144656473565
3442,3704.144656473565
3443,3704.144656473565
3444,3704.144656473565
3445,3704.144656473565
3446,3704.144656473565
3447,3704.144656473565
3448,3704.144656473565
3449,3704.144656473565
3450,3704.144656473565
3451,3704.144656473565
3452,3704.144656473565
3453,3704.144656473565
3454,3704.144656473565
3455,3704.144656473565
3456,3704.144656473565
3457,3704.144656473565
3458,3704.144656473565
3459,3704.144656473565
3460,3704.144656473565
3461,3704.144656473565
3462,3704.144656473565
3463,3704.144656473565
3464,3704.144656473565
3465,3704.144656473565
3466,3704.144656473565
3467,3704.144656473565
3468,3704.144656473565
3469,3704.144656473565
3470,3704.144656473565
3471,3704.144656473565
3472,3704.144656473565
3473,3704.144656473565
3474,3704.144656473565
3475,3704.144656473565
3476,3704.144656473565
3477,3704.144656473565
3478,3704.144656473565
3479,3704.144656473565
3480,3704.144656473565
3481,3704.144656473565
3482,3704.144656473565
3483,3704.144656473565
3484,3704.144656473565
3485,3704.144656473565
3486,3704.144656473565
3487,3704.144656473565
3488,3704.144656473565
3489,3704.144656473565
3490,3704.144656473565
3491,3704.144656473565
3492,3704.144656473565
3493,3704.144656473565
3494,3704.144656473565
3495,3704.144656473565
3496,3704.144656473565
3497,3704.144656473565
3498,3704.144656473565
3499,3704.144656473565
3500,3704.144656473565
3501,3704.144656473565
3502,3704.144656473565
3503,3704.144656473565
3504,3704.144656473565
3505,3704.144656473565
3506,3704.144656473565
3507,3704.144656473565
3508,3704.144656473565
3509,3704.144656473565
3510,3704.144656473565
3511,3704.144656473565
3512,3704.144656473565
3513,3704.144656473565
3514,3704.144656473565
3515,3704.144656473565
3516,3704.144656473565
3517,3704.144656473565
3518,3704.144656473565
3519,3704.144656473565
3520,3704.144656473565
3521,3704.144656473565
3522,3704.144656473565
3523,3704.144656473565
3524,3704.144656473565
3525,3704.144656473565
3526,3704.144656473565
3527,3704.144656473565
3528,3704.144656473565
3529,3704.144656473565
3530,3704.144656473565
3531,3704.144656473565
3532,3704.144656473565
3533,3704.144656473565
3534,3704.144656473565
3535,3704.144656473565
3536,3704.144656473565
3537,3704.144656473565
3538,3704.144656473565
3539,3704.144656473565
3540,3704.144656473565
3541,3704.144656473565
3542,3704.144656473565
3543,3704.144656473565
3544,3704.144656473565
3545,3704.144656473565
3546,3704.144656473565
3547,3704.144656473565
3548,3704.144656473565
3549,3704.144656473565
3550,3704.144656473565
3551,3704.144656473565
3552,3704.144656473565
3553,3704.144656473565
3554,3704.144656473565
3555,3704.144656473565
3556,3704.144656473565
3557,3704.144656473565
3558,3704.144656473565
3559,3704.144656473565
3560,3704.144656473565
3561,3704.144656473565
3562,3704.144656473565
3563,3704.144656473565
3564,3704.144656473565
3565,3704.144656473565
3566,3704.144656473565
3567,3704.144656473565
3568,3704.144656473565
3569,3704.144656473565
3570,3704.144656473565
3571,3704.144656473565
3572,3704.144656473565
3573,3704.144656473565
3574,3704.144656473565
3575,3704.144656473565
3576,3704.144656473565
3577,3704.144656473565
3578,3704.144656473565
3579,3704.144656473565
3580,3704.144656473565
3581,3704.144656473565
3582,3704.144656473565
3583,3704.144656473565
3584,3704.144656473565
3585,3704.144656473565
3586,3704.144656473565
3587,3704.144656473565
3588,3704.144656473565
3589,3704.144656473565
3590,3704.144656473565
3591,3704.144656473565
3592,3704.144656473565
3593,3704.144656473565
3594,3704.144656473565
3595,3704.144656473565
3596,3704.144656473565
3597,3704.144656473565
3598,3704.144656473565
3599,3704.144656473565
3600,3704.144656473565
3601,3704.144656473565
3602,3704.144656473565
3603,3704.144656473565
3604,3704.144656473565
3605,3704.144656473565
3606,3704.144656473565
3607,3704.144656473565
3608,3704.144656473565
3609,3704.144656473565
3610,3704.144656473565
3611,3704.144656473565
3612,3704.144656473565
3613,3704.144656473565
3614,3704.144656473565
3615,3704.144656473565
3616,3704.144656473565
3617,3704.144656473565
3618,3704.144656473565
3619,3704.144656473565
3620,3704.144656473565
3621,3704.144656473565
3622,3704.144656473565
3623,3704.144656473565
3624,3704.144656473565
3625,3704.144656473565
3626,3704.144656473565
3627,3704.144656473565
3628,3704.144656473565
3629,3704.144656473565
3630,3704.144656473565
3631,3704.144656473565
3632,3704.144656473565
3633,3704.144656473565
3634,3704.144656473565
3635,3704.144656473565
3636,3704.144656473565
3637,3704.144656473565
3638,3704.144656473565
3639,3704.144656473565
3640,3704.144656473565
3641,3704.144656473565
3642,3704.144656473565
3643,3704.144656473565
3644,3704.144656473565
3645,3704.144656473565
3646,3704.144656473565
3647,3704.144656473565
3648,3704.144656473565
3649,3704.144656473565
3650,3704.144656473565
3651,3704.144656473565
3652,3704.144656473565
3653,3704.144656473565
3654,3704.144656473565
3655,3704.144656473565
3656,3704.144656473565
3657,3704.144656473565
3658,3704.144656473565
3659,3704.144656473565
3660,3704.144656473565
3661,3704.144656473565
3662,3704.144656473565
3663,3704.144656473565
3664,3704.144656473565
3665,3704.144656473565
3666,3704.144656473565
3667,3704.144656473565
3668,3704.144656473565
3669,3704.144656473565
3670,3704.144656473565
3671,3704.144656473565
3672,3704.144656473565
3673,3704.144656473565
3674,3704.144656473565
3675,3704.144656473565
3676,3704.144656473565
3677,3704.144656473565
3678,3704.144656473565
3679,3704.144656473565
3680,3704.144656473565
3681,3704.144656473565
3682,3704.144656473565
3683,3704.144656473565
3684,3704.144656473565
3685,3704.144656473565
3686,3704.144656473565
3687,3704.144656473565
3688,3704.144656473565
3689,3704.144656473565
3690,3704.144656473565
3691,3704.144656473565
3692,3704.144656473565
3693,3704.144656473565
3694,3704.144656473565
3695,3704.144656473565
3696,3704.144656473565
3697,3704.144656473565
3698,3704.144656473565
3699,3704.144656473565
3700,3704.144656473565
3701,3704.144656473565
3702,3704.144656473565
3703,3704.144656473565
3704,3704.144656473565
3705,3704.144656473565
3706,3704.144656473565
3707,3704.144656473565
3708,3704.144656473565
3709,3704.144656473565
3710,3704.144656473565
3711,3704.144656473565
3712,3704.144656473565
3713,3704.144656473565
3714,3704.144656473565
3715,3704.144656473565
3716,3704.144656473565
3717,3704.144656473565
3718,3704.144656473565
3719,3704.144656473565
3720,3704.144656473565
3721,3704.144656473565
3722,3704.144656473565
3723,3704.144656473565
3724,3704.144656473565
3725,3704.144656473565
3726,3704.144656473565
3727,3704.144656473565
3728,3704.144656473565
3729,3704.144656473565
3730,3704.144656473565
3731,3704.144656473565
3732,3704.144656473565
3733,3704.144656473565
3734,3704.144656473565
3735,3704.144656473565
3736,3704.144656473565
3737,3704.144656473565
3738,3704.144656473565
3739,3704.144656473565
3740,3704.144656473565
3741,3704.144656473565
3742,3704.144656473565
3743,3704.144656473565
3744,3704.144656473565
3745,3704.144656473565
3746,3704.144656473565
3747,3704.144656473565
3748,3704.144656473565
3749,3704.144656473565
3750,3704.144656473565
3751,3704.144656473565
3752,3704.144656473565
3753,3704.144656473565
3754,3704.144656473565
3755,3704.144656473565
3756,3704.144656473565
3757,3704.144656473565
3758,3704.144656473565
3759,3704.144656473565
3760,3704.144656473565
3761,3704.144656473565
3762,3704.144656473565
3763,3704.144656473565
3764,3704.144656473565
3765,3704.144656473565
3766,3704.144656473565
3767,3704.144656473565
3768,3704.144656473565
3769,3704.144656473565
3770,3704.144656473565
3771,3704.144656473565
3772,3704.144656473565
3773,3704.144656473565
3774,3704.144656473565
3775,3704.144656473565
3776,3704.144656473565
3777,3704.144656473565
3778,3704.144656473565
3779,3704.144656473565
3780,3704.144656473565
3781,3704.144656473565
3782,3704.144656473565
3783,3704.144656473565
3784,3704.144656473565
3785,3704.144656473565
3786,3704.144656473565
3787,3690.120569653971
3788,3690.120569653971
3789,3690.120569653971
3790,3690.120569653971
3791,3690.120569653971
3792,3690.120569653971
3793,3690.120569653971
3794,3690.120569653971
3795,3690.120569653971
3796,3690.120569653971
3797,3690.120569653971
3798,3690.120569653971
3799,3690.120569653971
3800,3690.120569653971
3801,3690.120569653971
3802,3690.120569653971
3803,3690.120569653971
3804,3690.120569653971
3805,3690.120569653971
3806,3690.120569653971
3807,3690.120569653971
3808,3690.120569653971
3809,3690.120569653971
3810,3690.120569653971
3811,3690.120569653971
3812,3690.120569653971
3813,3690.120569653971
3814,3690.120569653971
3815,3690.120569653971
3816,3690.120569653971
3817,3690.120569653971
3818,3690.120569653971
3819,3690.120569653971
3820,3690.120569653971
3821,3690.120569653971
3822,3690.120569653971
3823,3690.120569653971
3824,3690.120569653971
3825,3690.120569653971
3826,3690.120569653971
3827,3690.120569653971
3828,3690.120569653971
3829,3690.120569653971
3830,3690.120569653971
3831,3690.120569653971
3832,3690.120569653971
3833,3690.120569653971
3834,3690.120569653971
3835,3690.120569653971
3836,3690.120569653971
3837,3690.120569653971
3838,3690.120569653971
3839,3690.120569653971
3840,3690.120569653971
3841,3690.120569653971
3842,3690.120569653971
3843,3690.120569653971
3844,3690.120569653971
3845,3690.120569653971
3846,3690.120569653971
3847,3690.120569653971
3848,3690.120569653971
3849,3690.120569653971
3850,3690.120569653971
3851,3690.120569653971
3852,3690.120569653971
3853,3690.120569653971
3854,3690.120569653971
3855,3690.120569653971
3856,3690.120569653971
3857,3690.120569653971
3858,3690.120569653971
3859,3690.120569653971
3860,3690.120569653971
3861,3690.120569653971
3862,3690.120569653971
3863,3690.120569653971
3864,3690.120569653971
3865,3690.120569653971
3866,3690.120569653971
3867,3690.120569653971
3868,3690.120569653971
3869,3690.120569653971
3870,3690.120569653971
3871,3690.120569653971
3872,3687.341566118679
3873,3687.341566118679
3874,3687.341566118679
3875,3687.341566118679
3876,3687.341566118679
3877,3687.341566118679
3878,3687.341566118679
3879,3687.341566118679
3880,3687.341566118679
3881,3687.341566118679
3882,3687.341566118679
3883,3687.341566118679
3884,3687.341566118679
3885,3687.341566118679
3886,3687.341566118679
3887,3687.341566118679
3888,3687.341566118679
3889,3687.341566118679
3890,3687.341566118679
3891,3687.341566118679
3892,3687.341566118679
3893,3687.341566118679
3894,3660.7665960151753
3895,3646.413307944651
3896,3646.413307944651
3897,3646.413307944651
3898,3646.413307944651
3899,3646.413307944651
3900,3646.413307944651
3901,3646.413307944651
3902,3646.413307944651
3903,3646.413307944651
3904,3646.413307944651
3905,3646.413307944651
3906,3646.413307944651
3907,3646.413307944651
3908,3646.413307944651
3909,3646.413307944651
3910,3646.413307944651
3911,3646.413307944651
3912,3646.413307944651
3913,3646.413307944651
3914,3646.413307944651
3915,3646.413307944651
3916,3646.413307944651
3917,3646.413307944651
3918,3646.413307944651
3919,3646.413307944651
3920,3646.413307944651
3921,3646.413307944651
3922,3646.413307944651
3923,3646.413307944651
3924,3646.413307944651
3925,3646.413307944651
3926,3646.413307944651
3927,3646.413307944651
3928,3646.413307944651
3929,3646.413307944651
3930,3646.413307944651
3931,3646.413307944651
3932,3646.413307944651
3933,3646.413307944651
3934,3646.413307944651
3935,3646.413307944651
3936,3646.413307944651
3937,3646.413307944651
3938,3646.413307944651
3939,3646.413307944651
3940,3646.413307944651
3941,3646.413307944651
3942,3646.413307944651
3943,3646.413307944651
3944,3646.413307944651
3945,3646.413307944651
3946,3646.413307944651
3947,3646.413307944651
3948,3646.413307944651
3949,3646.413307944651
3950,3646.413307944651
3951,3646.413307944651
3952,3646.413307944651
3953,3646.413307944651
3954,3646.413307944651
3955,3646.413307944651
3956,3646.413307944651
3957,3646.413307944651
3958,3646.413307944651
3959,3646.413307944651
3960,3646.413307944651
3961,3646.413307944651
3962,3646.413307944651
3963,3646.413307944651
3964,3646.413307944651
3965,3646.413307944651
3966,3646.413307944651
3967,3646.413307944651
3968,3646.413307944651
3969,3646.413307944651
3970,3646.413307944651
3971,3646.413307944651
3972,3646.413307944651
3973,3646.413307944651
3974,3646.413307944651
3975,3646.413307944651
3976,3646.413307944651
3977,3646.413307944651
3978,3646.413307944651
3979,3646.413307944651
3980,3646.413307944651
3981,3646.413307944651
3982,3646.413307944651
3983,3646.413307944651
3984,3646.413307944651
3985,3646.413307944651
3986,3646.413307944651
3987,3646.413307944651
3988,3646.413307944651
3989,3646.413307944651
3990,3646.413307944651
3991,3646.413307944651
3992,3646.413307944651
3993,3646.413307944651
3994,3646.413307944651
3995,3646.413307944651
3996,3646.413307944651
3997,3646.413307944651
3998,3646.413307944651
3999,3646.413307944651
4000,3646.413307944651
4001,3646.413307944651
4002,3646.413307944651
4003,3646.413307944651
4004,3646.413307944651
4005,3646.413307944651
4006,3646.413307944651
4007,3646.413307944651
4008,3646.413307944651
4009,3646.413307944651
4010,3646.413307944651
4011,3646.413307944651
4012,3646.413307944651
4013,3646.413307944651
4014,3646.413307944651
4015,3646.413307944651
4016,3646.413307944651
4017,3646.413307944651
4018,3646.413307944651
4019,3646.413307944651
4020,3646.413307944651
4021,3646.413307944651
4022,3646.413307944651
4023,3646.413307944651
4024,3646.413307944651
4025,3646.413307944651
4026,3646.413307944651
4027,3646.413307944651
4028,3646.413307944651
4029,3646.413307944651
4030,3646.413307944651
4031,3646.413307944651
4032,3646.413307944651
4033,3646.413307944651
4034,3646.413307944651
4035,3646.413307944651
4036,3646.413307944651
4037,3646.413307944651
4038,3646.413307944651
4039,3646.413307944651
4040,3646.413307944651
4041,3646.413307944651
4042,3646.413307944651
4043,3646.413307944651
4044,3646.413307944651
4045,3646.413307944651
4046,3646.413307944651
4047,3646.413307944651
4048,3646.413307944651
4049,3646.413307944651
4050,3646.413307944651
4051,3646.413307944651
4052,3646.413307944651
4053,3646.413307944651
4054,3646.413307944651
4055,3646.413307944651
4056,3646.413307944651
4057,3646.413307944651
4058,3646.413307944651
4059,3646.413307944651
4060,3646.413307944651
4061,3646.413307944651
4062,3646.413307944651
4063,3646.413307944651
4064,3646.413307944651
4065,3646.413307944651
4066,3646.413307944651
4067,3646.413307944651
4068,3646.413307944651
4069,3646.413307944651
4070,3646.413307944651
4071,3646.413307944651
4072,3646.413307944651
4073,3646.413307944651
4074,3646.413307944651
4075,3646.413307944651
4076,3646.413307944651
4077,3646.413307944651
4078,3646.413307944651
4079,3646.413307944651
4080,3646.413307944651
4081,3646.413307944651
4082,3646.413307944651
4083,3646.413307944651
4084,3646.413307944651
4085,3646.413307944651
4086,3646.413307944651
4087,3646.413307944651
4088,3646.413307944651
4089,3646.413307944651
4090,3646.413307944651
4091,3646.413307944651
4092,3646.413307944651
4093,3646.413307944651
4094,3646.413307944651
4095,3646.413307944651
4096,3646.413307944651
4097,3646.413307944651
4098,3646.413307944651
4099,3646.413307944651
4100,3646.413307944651
4101,3646.413307944651
4102,3646.413307944651
4103,3646.413307944651
4104,3646.413307944651
4105,3646.413307944651
4106,3646.413307944651
4107,3646.413307944651
4108,3646.413307944651
4109,3646.413307944651
4110,3646.413307944651
4111,3646.413307944651
4112,3646.413307944651
4113,3646.413307944651
4114,3646.413307944651
4115,3646.413307944651
4116,3646.413307944651
4117,3646.413307944651
4118,3646.413307944651
4119,3646.413307944651
4120,3646.413307944651
4121,3646.413307944651
4122,3646.413307944651
4123,3646.413307944651
4124,3646.413307944651
4125,3646.413307944651
4126,3646.413307944651
4127,3646.413307944651
4128,3646.413307944651
4129,3646.413307944651
4130,3646.413307944651
4131,3646.413307944651
4132,3646.413307944651
4133,3646.413307944651
4134,3646.413307944651
4135,3646.413307944651
4136,3646.413307944651
4137,3646.413307944651
4138,3646.413307944651
4139,3646.413307944651
4140,3646.413307944651
4141,3646.413307944651
4142,3646.413307944651
4143,3646.413307944651
4144,3646.413307944651
4145,3646.413307944651
4146,3646.413307944651
4147,3646.413307944651
4148,3646.413307944651
4149,3646.413307944651
4150,3646.413307944651
4151,3646.413307944651
4152,3646.413307944651
4153,3646.413307944651
4154,3646.413307944651
4155,3646.413307944651
4156,3646.413307944651
4157,3646.413307944651
4158,3646.413307944651
4159,3646.413307944651
4160,3646.413307944651
4161,3646.413307944651
4162,3646.413307944651
4163,3646.413307944651
4164,3646.413307944651
4165,3646.413307944651
4166,3646.413307944651
4167,3646.413307944651
4168,3646.413307944651
4169,3646.413307944651
4170,3646.413307944651
4171,3646.413307944651
4172,3646.413307944651
4173,3646.413307944651
4174,3646.413307944651
4175,3646.413307944651
4176,3646.413307944651
4177,3646.413307944651
4178,3646.413307944651
4179,3646.413307944651
4180,3646.413307944651
4181,3646.413307944651
4182,3646.413307944651
4183,3646.413307944651
4184,3646.413307944651
4185,3646.413307944651
4186,3646.413307944651
4187,3646.413307944651
4188,3646.413307944651
4189,3646.413307944651
4190,3646.413307944651
4191,3646.413307944651
4192,3646.413307944651
4193,3646.413307944651
4194,3646.413307944651
4195,3646.413307944651
4196,3646.413307944651
4197,3646.413307944651
4198,3646.413307944651
4199,3646.413307944651
4200,3646.413307944651
4201,3646.413307944651
4202,3646.413307944651
4203,3646.413307944651
4204,3646.413307944651
4205,3646.413307944651
4206,3646.413307944651
4207,3646.413307944651
4208,3646.413307944651
4209,3646.413307944651
4210,3646.413307944651
4211,3646.413307944651
4212,3646.413307944651
4213,3646.413307944651
4214,3646.413307944651
4215,3646.413307944651
4216,3646.413307944651
4217,3646.413307944651
4218,3646.413307944651
4219,3646.413307944651
4220,3646.413307944651
4221,3646.413307944651
4222,3646.413307944651
4223,3646.413307944651
4224,3646.413307944651
4225,3646.413307944651
4226,3646.413307944651
4227,3646.413307944651
4228,3646.413307944651
4229,3646.413307944651
4230,3646.413307944651
4231,3646.413307944651
4232,3646.413307944651
4233,3646.413307944651
4234,3646.413307944651
4235,3646.413307944651
4236,3646.413307944651
4237,3646.413307944651
4238,3646.413307944651
4239,3646.413307944651
4240,3646.413307944651
4241,3646.413307944651
4242,3646.413307944651
4243,3646.413307944651
4244,3646.413307944651
4245,3646.413307944651
4246,3646.413307944651
4247,3646.413307944651
4248,3646.413307944651
4249,3646.413307944651
4250,3646.413307944651
4251,3646.049303723782
4252,3646.049303723782
4253,3646.049303723782
4254,3646.049303723782
4255,3646.049303723782
4256,3646.049303723782
4257,3646.049303723782
4258,3646.049303723782
4259,3646.049303723782
4260,3646.049303723782
4261,3646.049303723782
4262,3646.049303723782
4263,3646.049303723782
4264,3646.049303723782
4265,3646.049303723782
4266,3646.049303723782
4267,3646.049303723782
4268,3646.049303723782
4269,3646.049303723782
4270,3646.049303723782
4271,3646.049303723782
4272,3646.049303723782
4273,3646.049303723782
4274,3646.049303723782
4275,3646.049303723782
4276,3646.049303723782
4277,3646.049303723782
4278,3646.049303723782
4279,3646.049303723782
4280,3646.049303723782
4281,3646.049303723782
4282,3646.049303723782
4283,3646.049303723782
4284,3646.049303723782
4285,3646.049303723782
4286,3646.049303723782
4287,3618.1166456560522
4288,3618.1166456560522
4289,3618.1166456560522
4290,3618.1166456560522
4291,3618.1166456560522
4292,3618.1166456560522
4293,3618.1166456560522
4294,3618.1166456560522
4295,3618.1166456560522
4296,3618.1166456560522
4297,3618.1166456560522
4298,3618.1166456560522
4299,3618.1166456560522
4300,3618.1166456560522
4301,3618.1166456560522
4302,3618.1166456560522
4303,3618.1166456560522
4304,3618.1166456560522
4305,3599.4203469703207
4306,3599.4203469703207
4307,3599.4203469703207
4308,3599.4203469703207
4309,3599.4203469703207
4310,3599.4203469703207
4311,3599.4203469703207
4312,3577.163454334047
4313,3577.163454334047
4314,3577.163454334047
4315,3577.163454334047
4316,3577.163454334047
4317,3577.163454334047
4318,3577.163454334047
4319,3577.163454334047
4320,3577.163454334047
4321,3563.2775871165904
4322,3563.2775871165904
4323,3563.2775871165904
4324,3563.2775871165904
4325,3563.2775871165904
4326,3563.2775871165904
4327,3563.2775871165904
4328,3563.2775871165904
4329,3563.2775871165904
4330,3563.2775871165904
4331,3563.2775871165904
4332,3563.2775871165904
4333,3563.2775871165904
4334,3563.2775871165904
4335,3563.2775871165904
4336,3563.2775871165904
4337,3563.2775871165904
4338,3563.2775871165904
4339,3563.2775871165904
4340,3563.2775871165904
4341,3563.2775871165904
4342,3563.2775871165904
4343,3563.2775871165904
4344,3563.2775871165904
4345,3563.2775871165904
4346,3563.2775871165904
4347,3563.2775871165904
4348,3563.2775871165904
4349,3563.2775871165904
4350,3563.2775871165904
4351,3563.2775871165904
4352,3563.2775871165904
4353,3563.2775871165904
4354,3563.2775871165904
4355,3563.2775871165904
4356,3563.2775871165904
4357,3563.2775871165904
4358,3563.2775871165904
4359,3563.2775871165904
4360,3563.2775871165904
4361,3563.2775871165904
4362,3563.2775871165904
4363,3563.2775871165904
4364,3563.2775871165904
4365,3563.2775871165904
4366,3563.2775871165904
4367,3563.2775871165904
4368,3563.2775871165904
4369,3563.2775871165904
4370,3563.2775871165904
4371,3563.2775871165904
4372,3563.2775871165904
4373,3563.2775871165904
4374,3563.2775871165904
4375,3563.2775871165904
4376,3563.2775871165904
4377,3563.2775871165904
4378,3563.2775871165904
4379,3563.2775871165904
4380,3563.2775871165904
4381,3563.2775871165904
4382,3563.2775871165904
4383,3563.2775871165904
4384,3563.2775871165904
4385,3563.2775871165904
4386,3563.2775871165904
4387,3563.2775871165904
4388,3563.2775871165904
4389,3563.2775871165904
4390,3563.2775871165904
4391,3563.2775871165904
4392,3563.2775871165904
4393,3563.2775871165904
4394,3563.2775871165904
4395,3563.2775871165904
4396,3563.2775871165904
4397,3563.2775871165904
4398,3563.2775871165904
4399,3563.2775871165904
4400,3563.2775871165904
4401,3562.2940066764904
4402,3562.2940066764904
4403,3562.2940066764904
4404,3562.2940066764904
4405,3562.2940066764904
4406,3562.2940066764904
4407,3562.2940066764904
4408,3562.2940066764904
4409,3562.2940066764904
4410,3562.2940066764904
4411,3562.2940066764904
4412,3562.2940066764904
4413,3562.2940066764904
4414,3562.2940066764904
4415,3562.2940066764904
4416,3562.2940066764904
4417,3562.2940066764904
4418,3562.2940066764904
4419,3562.2940066764904
4420,3562.2940066764904
4421,3562.2940066764904
4422,3562.2940066764904
4423,3562.2940066764904
4424,3562.2940066764904
4425,3562.2940066764904
4426,3562.2940066764904
4427,3562.2940066764904
4428,3562.2940066764904
4429,3518.5343619038003
4430,3518.5343619038003
4431,3518.5343619038003
4432,3518.5343619038003
4433,3518.5343619038003
4434,3518.5343619038003
4435,3518.5343619038003
4436,3518.5343619038003
4437,3518.5343619038003
4438,3518.5343619038003
4439,3518.5343619038003
4440,3518.5343619038003
4441,3518.5343619038003
4442,3518.5343619038003
4443,3518.5343619038003
4444,3518.5343619038003
4445,3518.5343619038003
4446,3518.5343619038003
4447,3518.5343619038003
4448,3518.5343619038003
4449,3518.5343619038003
4450,3518.5343619038003
4451,3518.5343619038003
4452,3510.339891172782
4453,3510.339891172782
4454,3510.339891172782
4455,3510.339891172782
4456,3510.339891172782
4457,3510.339891172782
4458,3510.339891172782
4459,3510.339891172782
4460,3510.339891172782
4461,3510.339891172782
4462,3510.339891172782
4463,3510.339891172782
4464,3510.339891172782
4465,3510.339891172782
4466,3510.339891172782
4467,3510.339891172782
4468,3510.339891172782
4469,3510.339891172782
4470,3510.339891172782
4471,3510.339891172782
4472,3510.339891172782
4473,3510.339891172782
4474,3510.339891172782
4475,3510.339891172782
4476,3483.8793161872063
4477,3483.8793161872063
4478,3483.8793161872063
4479,3483.8793161872063
4480,3483.8793161872063
4481,3483.8793161872063
4482,3483.8793161872063
4483,3483.8793161872063
4484,3483.8793161872063
4485,3483.8793161872063
4486,3483.8793161872063
4487,3483.8793161872063
4488,3483.8793161872063
4489,3483.8793161872063
4490,3483.8793161872063
4491,3483.8793161872063
4492,3483.8793161872063
4493,3483.8793161872063
4494,3483.8793161872063
4495,3483.8793161872063
4496,3483.8793161872063
4497,3483.8793161872063
4498,3483.8793161872063
4499,3483.8793161872063
4500,3483.8793161872063
4501,3483.8793161872063
4502,3483.8793161872063
4503,3483.8793161872063
4504,3483.8793161872063
4505,3483.8793161872063
4506,3483.8793161872063
4507,3483.8793161872063
4508,3483.8793161872063
4509,3483.8793161872063
4510,3483.8793161872063
4511,3483.8793161872063
4512,3483.8793161872063
4513,3483.8793161872063
4514,3483.8793161872063
4515,3483.8793161872063
4516,3483.8793161872063
4517,3483.8793161872063
4518,3483.8793161872063
4519,3483.8793161872063
4520,3483.8793161872063
4521,3483.8793161872063
4522,3483.8793161872063
4523,3483.8793161872063
4524,3483.8793161872063
4525,3483.8793161872063
4526,3483.8793161872063
4527,3483.8793161872063
4528,3483.8793161872063
4529,3483.8793161872063
4530,3483.8793161872063
4531,3483.8793161872063
4532,3483.8793161872063
4533,3483.8793161872063
4534,3483.8793161872063
4535,3483.8793161872063
4536,3483.8793161872063
4537,3483.8793161872063
4538,3483.8793161872063
4539,3483.8793161872063
4540,3483.8793161872063
4541,3483.8793161872063
4542,3483.8793161872063
4543,3483.8793161872063
4544,3483.8793161872063
4545,3483.8793161872063
4546,3483.8793161872063
4547,3483.8793161872063
4548,3483.8793161872063
4549,3483.8793161872063
4550,3483.8793161872063
4551,3483.8793161872063
4552,3483.8793161872063
4553,3483.8793161872063
4554,3483.8793161872063
4555,3483.8793161872063
4556,3483.8793161872063
4557,3483.8793161872063
4558,3483.8793161872063
4559,3483.8793161872063
4560,3483.8793161872063
4561,3483.8793161872063
4562,3483.8793161872063
4563,3483.8793161872063
4564,3483.8793161872063
4565,3483.8793161872063
4566,3483.8793161872063
4567,3483.8793161872063
4568,3483.8793161872063
4569,3483.8793161872063
4570,3483.8793161872063
4571,3483.8793161872063
4572,3483.8793161872063
4573,3483.8793161872063
4574,3483.8793161872063
4575,3483.8793161872063
4576,3483.8793161872063
4577,3483.8793161872063
4578,3483.8793161872063
4579,3483.8793161872063
4580,3483.8793161872063
4581,3483.8793161872063
4582,3483.8793161872063
4583,3483.8793161872063
4584,3483.8793161872063
4585,3483.8793161872063
4586,3483.8793161872063
4587,3483.8793161872063
4588,3483.8793161872063
4589,3483.8793161872063
4590,3483.8793161872063
4591,3483.8793161872063
4592,3483.8793161872063
4593,3483.8793161872063
4594,3483.8793161872063
4595,3483.8793161872063
4596,3483.8793161872063
4597,3483.8793161872063
4598,3483.8793161872063
4599,3483.8793161872063
4600,3483.8793161872063
4601,3483.8793161872063
4602,3483.8793161872063
4603,3483.8793161872063
4604,3483.8793161872063
4605,3483.8793161872063
4606,3483.8793161872063
4607,3483.8793161872063
4608,3483.8793161872063
4609,3483.8793161872063
4610,3483.8793161872063
4611,3483.8793161872063
4612,3483.8793161872063
4613,3483.8793161872063
4614,3483.8793161872063
4615,3483.8793161872063
4616,3483.8793161872063
4617,3483.8793161872063
4618,3483.8793161872063
4619,3483.8793161872063
4620,3483.8793161872063
4621,3483.8793161872063
4622,3483.8793161872063
4623,3483.8793161872063
4624,3483.8793161872063
4625,3483.8793161872063
4626,3483.8793161872063
4627,3483.8793161872063
4628,3483.8793161872063
4629,3483.8793161872063
4630,3483.8793161872063
4631,3483.8793161872063
4632,3483.8793161872063
4633,3483.8793161872063
4634,3483.8793161872063
4635,3483.8793161872063
4636,3483.8793161872063
4637,3483.8793161872063
4638,3483.8793161872063
4639,3483.8793161872063
4640,3483.8793161872063
4641,3483.8793161872063
4642,3483.8793161872063
4643,3483.8793161872063
4644,3483.8793161872063
4645,3483.8793161872063
4646,3483.8793161872063
4647,3483.8793161872063
4648,3483.8793161872063
4649,3483.8793161872063
4650,3483.8793161872063
4651,3483.8793161872063
4652,3483.8793161872063
4653,3483.8793161872063
4654,3483.8793161872063
4655,3483.8793161872063
4656,3483.8793161872063
4657,3483.8793161872063
4658,3483.8793161872063
4659,3483.8793161872063
4660,3483.8793161872063
4661,3483.8793161872063
4662,3483.8793161872063
4663,3483.8793161872063
4664,3483.8793161872063
4665,3483.8793161872063
4666,3483.8793161872063
4667,3483.8793161872063
4668,3483.8793161872063
4669,3483.8793161872063
4670,3483.8793161872063
4671,3483.8793161872063
4672,3483.8793161872063
4673,3483.8793161872063
4674,3483.8793161872063
4675,3483.8793161872063
4676,3483.8793161872063
4677,3483.8793161872063
4678,3483.8793161872063
4679,3483.8793161872063
4680,3483.8793161872063
4681,3483.8793161872063
4682,3483.8793161872063
4683,3483.8793161872063
4684,3483.8793161872063
4685,3483.8793161872063
4686,3483.8793161872063
4687,3483.8793161872063
4688,3483.8793161872063
4689,3482.274068685304
4690,3482.274068685304
4691,3482.274068685304
4692,3482.274068685304
4693,3482.274068685304
4694,3482.274068685304
4695,3482.274068685304
4696,3482.274068685304
4697,3482.274068685304
4698,3482.274068685304
4699,3482.274068685304
4700,3482.274068685304
4701,3482.274068685304
4702,3482.274068685304
4703,3482.274068685304
4704,3482.274068685304
4705,3482.274068685304
4706,3482.274068685304
4707,3482.274068685304
4708,3482.274068685304
4709,3482.274068685304
4710,3482.274068685304
4711,3482.274068685304
4712,3482.274068685304
4713,3482.274068685304
4714,3482.274068685304
4715,3482.274068685304
4716,3482.274068685304
4717,3482.274068685304
4718,3482.274068685304
4719,3482.274068685304
4720,3482.274068685304
4721,3482.274068685304
4722,3482.274068685304
4723,3482.274068685304
4724,3482.274068685304
4725,3482.274068685304
4726,3482.274068685304
4727,3482.274068685304
4728,3482.274068685304
4729,3482.274068685304
4730,3482.274068685304
4731,3482.274068685304
4732,3482.274068685304
4733,3482.274068685304
4734,3482.274068685304
4735,3482.274068685304
4736,3482.274068685304
4737,3482.274068685304
4738,3482.274068685304
4739,3458.661113278812
4740,3458.661113278812
4741,3458.661113278812
4742,3458.661113278812
4743,3458.661113278812
4744,3458.661113278812
4745,3458.661113278812
4746,3458.661113278812
4747,3458.661113278812
4748,3458.661113278812
4749,3458.661113278812
4750,3458.661113278812
4751,3458.661113278812
4752,3458.661113278812
4753,3458.661113278812
4754,3458.661113278812
4755,3458.661113278812
4756,3458.661113278812
4757,3458.661113278812
4758,3458.661113278812
4759,3458.661113278812
4760,3458.661113278812
4761,3458.661113278812
4762,3458.661113278812
4763,3458.661113278812
4764,3458.661113278812
4765,3458.661113278812
4766,3458.661113278812
4767,3458.661113278812
4768,3458.661113278812
4769,3458.661113278812
4770,3458.661113278812
4771,3458.661113278812
4772,3458.661113278812
4773,3458.661113278812
4774,3458.661113278812
4775,3458.661113278812
4776,3458.661113278812
4777,3458.661113278812
4778,3458.661113278812
4779,3458.661113278812
4780,3458.661113278812
4781,3458.661113278812
4782,3458.661113278812
4783,3458.661113278812
4784,3458.661113278812
4785,3458.661113278812
4786,3458.661113278812
4787,3458.661113278812
4788,3458.661113278812
4789,3458.661113278812
4790,3458.661113278812
4791,3458.661113278812
4792,3458.661113278812
4793,3458.661113278812
4794,3458.661113278812
4795,3458.661113278812
4796,3458.661113278812
4797,3458.661113278812
4798,3458.661113278812
4799,3458.661113278812
4800,3458.661113278812
4801,3458.661113278812
4802,3458.661113278812
4803,3458.661113278812
4804,3458.661113278812
4805,3458.661113278812
4806,3458.661113278812
4807,3451.627917400251
4808,3451.627917400251
4809,3451.627917400251
4810,3451.627917400251
4811,3451.627917400251
4812,3451.627917400251
4813,3451.627917400251
4814,3451.627917400251
4815,3451.627917400251
4816,3451.627917400251
4817,3451.627917400251
4818,3451.627917400251
4819,3451.627917400251
4820,3451.627917400251
4821,3451.627917400251
4822,3451.627917400251
4823,3451.627917400251
4824,3451.627917400251
4825,3451.627917400251
4826,3451.627917400251
4827,3451.627917400251
4828,3451.627917400251
4829,3451.627917400251
4830,3451.627917400251
4831,3451.627917400251
4832,3451.627917400251
4833,3451.627917400251
4834,3451.627917400251
4835,3451.627917400251
4836,3451.627917400251
4837,3451.627917400251
4838,3451.627917400251
4839,3451.627917400251
4840,3451.627917400251
4841,3451.627917400251
4842,3449.241090636335
4843,3449.241090636335
4844,3449.241090636335
4845,3449.241090636335
4846,3449.241090636335
4847,3449.241090636335
4848,3449.241090636335
4849,3449.241090636335
4850,3449.241090636335
4851,3449.241090636335
4852,3449.241090636335
4853,3449.241090636335
4854,3449.241090636335
4855,3449.241090636335
4856,3449.241090636335
4857,3449.241090636335
4858,3449.241090636335
4859,3449.241090636335
4860,3449.241090636335
4861,3449.241090636335
4862,3449.241090636335
4863,3449.241090636335
4864,3449.241090636335
4865,3449.241090636335
4866,3449.241090636335
4867,3449.241090636335
4868,3449.241090636335
4869,3449.241090636335
4870,3449.241090636335
4871,3449.241090636335
4872,3449.241090636335
4873,3449.241090636335
4874,3449.241090636335
4875,3449.241090636335
4876,3449.241090636335
4877,3449.241090636335
4878,3449.241090636335
4879,3449.241090636335
4880,3449.241090636335
4881,3449.241090636335
4882,3449.241090636335
4883,3449.241090636335
4884,3449.241090636335
4885,3449.241090636335
4886,3449.241090636335
4887,3449.241090636335
4888,3449.241090636335
4889,3449.241090636335
4890,3449.241090636335
4891,3449.241090636335
4892,3449.241090636335
4893,3449.241090636335
4894,3449.241090636335
4895,3449.241090636335
4896,3449.241090636335
4897,3449.241090636335
4898,3449.241090636335
4899,3449.241090636335
4900,3449.241090636335
4901,3449.241090636335
4902,3449.241090636335
4903,3449.241090636335
4904,3449.241090636335
4905,3449.241090636335
4906,3449.241090636335
4907,3449.241090636335
4908,3449.241090636335
4909,3449.241090636335
4910,3449.241090636335
4911,3449.241090636335
4912,3449.241090636335
4913,3449.241090636335
4914,3449.241090636335
4915,3449.241090636335
4916,3449.241090636335
4917,3449.241090636335
4918,3449.241090636335
4919,3449.241090636335
4920,3449.241090636335
4921,3449.241090636335
4922,3449.241090636335
4923,3449.241090636335
4924,3449.241090636335
4925,3449.241090636335
4926,3449.241090636335
4927,3449.241090636335
4928,3449.241090636335
4929,3449.241090636335
4930,3449.241090636335
4931,3449.241090636335
4932,3449.241090636335
4933,3449.241090636335
4934,3449.241090636335
4935,3449.241090636335
4936,3449.241090636335
4937,3449.241090636335
4938,3449.241090636335
4939,3449.241090636335
4940,3449.241090636335
4941,3449.241090636335
4942,3449.241090636335
4943,3449.241090636335
4944,3449.241090636335
4945,3449.241090636335
4946,3449.241090636335
4947,3449.241090636335
4948,3449.241090636335
4949,3449.241090636335
4950,3449.241090636335
4951,3449.241090636335
4952,3449.241090636335
4953,3449.241090636335
4954,3449.241090636335
4955,3449.241090636335
4956,3449.241090636335
4957,3449.241090636335
4958,3449.241090636335
4959,3449.241090636335
4960,3449.241090636335
4961,3449.241090636335
4962,3449.241090636335
4963,3449.241090636335
4964,3449.241090636335
4965,3449.241090636335
4966,3449.241090636335
4967,3449.241090636335
4968,3449.241090636335
4969,3443.343908734322
4970,3443.343908734322
4971,3443.343908734322
4972,3443.343908734322
4973,3443.343908734322
4974,3443.343908734322
4975,3443.343908734322
4976,3443.343908734322
4977,3443.343908734322
4978,3443.343908734322
4979,3443.343908734322
4980,3443.343908734322
4981,3443.343908734322
4982,3443.343908734322
4983,3443.343908734322
4984,3443.343908734322
4985,3443.343908734322
4986,3443.343908734322
4987,3443.343908734322
4988,3443.343908734322
4989,3443.343908734322
4990,3443.343908734322
4991,3443.343908734322
4992,3443.343908734322
4993,3441.7405602098797
4994,3441.7405602098797
4995,3441.7405602098797
4996,3441.7405602098797
4997,3441.7405602098797
4998,3441.7405602098797
4999,3441.7405602098797
5000,3441.7405602098797
5001,3441.7405602098797
5002,3441.7405602098797
5003,3441.7405602098797
5004,3441.7405602098797
5005,3441.7405602098797
5006,3441.7405602098797
5007,3441.7405602098797
5008,3441.7405602098797
5009,3441.7405602098797
5010,3441.7405602098797
5011,3441.7405602098797
5012,3441.7405602098797
5013,3441.7405602098797
5014,3441.7405602098797
5015,3441.7405602098797
5016,3441.7405602098797
5017,3441.7405602098797
5018,3441.7405602098797
5019,3441.7405602098797
5020,3441.7405602098797
5021,3441.7405602098797
5022,3441.7405602098797
5023,3441.7405602098797
5024,3441.7405602098797
5025,3441.7405602098797
5026,3441.7405602098797
5027,3441.7405602098797
5028,3441.7405602098797
5029,3441.7405602098797
5030,3441.7405602098797
5031,3441.7405602098797
5032,3441.7405602098797
5033,3441.7405602098797
5034,3441.7405602098797
5035,3441.7405602098797
5036,3441.7405602098797
5037,3441.7405602098797
5038,3441.7405602098797
5039,3441.7405602098797
5040,3441.7405602098797
5041,3441.7405602098797
5042,3441.7405602098797
5043,3441.7405602098797
5044,3441.7405602098797
5045,3441.7405602098797
5046,3441.7405602098797
5047,3441.7405602098797
5048,3441.7405602098797
5049,3441.7405602098797
5050,3441.7405602098797
5051,3441.7405602098797
5052,3441.7405602098797
5053,3441.7405602098797
5054,3441.7405602098797
5055,3441.7405602098797
5056,3441.7405602098797
5057,3441.7405602098797
5058,3441.7405602098797
5059,3441.7405602098797
5060,3441.7405602098797
5061,3441.7405602098797
5062,3441.7405602098797
5063,3441.7405602098797
5064,3441.7405602098797
5065,3441.7405602098797
5066,3441.7405602098797
5067,3441.7405602098797
5068,3441.7405602098797
5069,3441.7405602098797
5070,3441.7405602098797
5071,3441.7405602098797
5072,3441.7405602098797
5073,3441.7405602098797
5074,3441.7405602098797
5075,3441.7405602098797
5076,3441.7405602098797
5077,3441.7405602098797
5078,3441.7405602098797
5079,3441.7405602098797
5080,3441.7405602098797
5081,3441.7405602098797
5082,3441.7405602098797
5083,3441.7405602098797
5084,3441.7405602098797
5085,3441.7405602098797
5086,3441.7405602098797
5087,3441.7405602098797
5088,3441.7405602098797
5089,3441.7405602098797
5090,3441.7405602098797
5091,3441.7405602098797
5092,3441.7405602098797
5093,3441.7405602098797
5094,3441.7405602098797
5095,3441.7405602098797
5096,3441.7405602098797
5097,3441.7405602098797
5098,3441.7405602098797
5099,3441.7405602098797
5100,3441.7405602098797
5101,3441.7405602098797
5102,3441.7405602098797
5103,3441.7405602098797
5104,3441.7405602098797
5105,3441.7405602098797
5106,3441.7405602098797
5107,3441.7405602098797
5108,3441.7405602098797
5109,3441.7405602098797
5110,3441.7405602098797
5111,3441.7405602098797
5112,3441.7405602098797
5113,3441.7405602098797
5114,3441.7405602098797
5115,3441.7405602098797
5116,3441.7405602098797
5117,3441.7405602098797
5118,3441.7405602098797
5119,3441.7405602098797
5120,3441.7405602098797
5121,3441.7405602098797
5122,3441.7405602098797
5123,3441.7405602098797
5124,3441.7405602098797
5125,3441.7405602098797
5126,3441.7405602098797
5127,3441.7405602098797
5128,3441.7405602098797
5129,3441.7405602098797
5130,3441.7405602098797
5131,3441.7405602098797
5132,3441.7405602098797
5133,3441.7405602098797
5134,3441.7405602098797
5135,3441.7405602098797
5136,3441.7405602098797
5137,3441.7405602098797
5138,3441.7405602098797
5139,3441.7405602098797
5140,3441.7405602098797
5141,3441.7405602098797
5142,3441.7405602098797
5143,3441.7405602098797
5144,3441.7405602098797
5145,3441.7405602098797
5146,3441.7405602098797
5147,3441.7405602098797
5148,3441.7405602098797
5149,3441.7405602098797
5150,3441.7405602098797
5151,3441.7405602098797
5152,3441.7405602098797
5153,3441.7405602098797
5154,3441.7405602098797
5155,3441.7405602098797
5156,3441.7405602098797
5157,3441.7405602098797
5158,3441.7405602098797
5159,3441.7405602098797
5160,3441.7405602098797
5161,3441.7405602098797
5162,3441.7405602098797
5163,3441.7405602098797
5164,3441.7405602098797
5165,3441.7405602098797
5166,3441.7405602098797
5167,3441.7405602098797
5168,3441.7405602098797
5169,3441.7405602098797
5170,3441.7405602098797
5171,3441.7405602098797
5172,3441.7405602098797
5173,3441.7405602098797
5174,3441.7405602098797
5175,3441.7405602098797
5176,3441.7405602098797
5177,3441.7405602098797
5178,3441.7405602098797
5179,3441.7405602098797
5180,3441.7405602098797
5181,3441.7405602098797
5182,3441.7405602098797
5183,3441.7405602098797
5184,3441.7405602098797
5185,3441.7405602098797
5186,3441.7405602098797
5187,3441.7405602098797
5188,3441.7405602098797
5189,3441.7405602098797
5190,3441.7405602098797
5191,3441.7405602098797
5192,3441.7405602098797
5193,3441.7405602098797
5194,3441.7405602098797
5195,3441.7405602098797
5196,3441.7405602098797
5197,3441.7405602098797
5198,3441.7405602098797
5199,3441.7405602098797
5200,3441.7405602098797
5201,3441.7405602098797
5202,3441.7405602098797
5203,3441.7405602098797
5204,3441.7405602098797
5205,3441.7405602098797
5206,3441.7405602098797
5207,3441.7405602098797
5208,3441.7405602098797
5209,3441.7405602098797
5210,3441.7405602098797
5211,3441.7405602098797
5212,3441.7405602098797
5213,3441.7405602098797
5214,3441.7405602098797
5215,3441.7405602098797
5216,3441.7405602098797
5217,3441.7405602098797
5218,3441.7405602098797
5219,3441.7405602098797
5220,3441.7405602098797
5221,3441.7405602098797
5222,3441.7405602098797
5223,3441.7405602098797
5224,3441.7405602098797
5225,3441.7405602098797
5226,3441.7405602098797
5227,3441.7405602098797
5228,3441.7405602098797
5229,3441.7405602098797
5230,3441.7405602098797
5231,3441.7405602098797
5232,3441.7405602098797
5233,3441.7405602098797
5234,3441.7405602098797
5235,3441.7405602098797
5236,3441.7405602098797
5237,3441.7405602098797
5238,3441.7405602098797
5239,3441.7405602098797
5240,3441.7405602098797
5241,3441.7405602098797
5242,3441.7405602098797
5243,3441.7405602098797
5244,3441.7405602098797
5245,3441.7405602098797
5246,3441.7405602098797
5247,3441.7405602098797
5248,3441.7405602098797
5249,3441.7405602098797
5250,3441.7405602098797
5251,3441.7405602098797
5252,3441.7405602098797
5253,3441.7405602098797
5254,3441.7405602098797
5255,3441.7405602098797
5256,3441.7405602098797
5257,3441.7405602098797
5258,3441.7405602098797
5259,3441.7405602098797
5260,3441.7405602098797
5261,3441.7405602098797
5262,3441.7405602098797
5263,3441.7405602098797
5264,3441.7405602098797
5265,3441.7405602098797
5266,3441.7405602098797
5267,3441.7405602098797
5268,3441.7405602098797
5269,3441.7405602098797
5270,3441.7405602098797
5271,3441.7405602098797
5272,3441.7405602098797
5273,3441.7405602098797
5274,3441.7405602098797
5275,3441.7405602098797
5276,3441.7405602098797
5277,3441.7405602098797
5278,3441.7405602098797
5279,3441.7405602098797
5280,3441.7405602098797
5281,3441.7405602098797
5282,3441.7405602098797
5283,3441.7405602098797
5284,3441.7405602098797
5285,3441.7405602098797
5286,3441.7405602098797
5287,3441.7405602098797
5288,3441.7405602098797
5289,3441.7405602098797
5290,3441.7405602098797
5291,3441.7405602098797
5292,3441.7405602098797
5293,3441.7405602098797
5294,3441.7405602098797
5295,3441.7405602098797
5296,3441.7405602098797
5297,3441.7405602098797
5298,3441.7405602098797
5299,3441.7405602098797
5300,3441.7405602098797
5301,3441.7405602098797
5302,3441.7405602098797
5303,3441.7405602098797
5304,3441.7405602098797
5305,3441.7405602098797
5306,3441.7405602098797
5307,3441.7405602098797
5308,3441.7405602098797
5309,3441.7405602098797
5310,3441.7405602098797
5311,3441.7405602098797
5312,3441.7405602098797
5313,3441.7405602098797
5314,3441.7405602098797
5315,3441.7405602098797
5316,3441.7405602098797
5317,3441.7405602098797
5318,3441.7405602098797
5319,3441.7405602098797
5320,3441.7405602098797
5321,3441.7405602098797
5322,3441.7405602098797
5323,3441.7405602098797
5324,3441.7405602098797
5325,3441.7405602098797
5326,3441.7405602098797
5327,3441.7405602098797
5328,3441.7405602098797
5329,3441.7405602098797
5330,3441.7405602098797
5331,3441.7405602098797
5332,3441.7405602098797
5333,3441.7405602098797
5334,3441.7405602098797
5335,3441.7405602098797
5336,3441.7405602098797
5337,3441.7405602098797
5338,3441.7405602098797
5339,3441.7405602098797
5340,3441.7405602098797
5341,3441.7405602098797
5342,3441.7405602098797
5343,3441.7405602098797
5344,3441.7405602098797
5345,3441.7405602098797
5346,3441.7405602098797
5347,3441.7405602098797
5348,3441.7405602098797
5349,3441.7405602098797
5350,3441.7405602098797
5351,3441.7405602098797
5352,3441.7405602098797
5353,3441.7405602098797
5354,3441.7405602098797
5355,3441.7405602098797
5356,3441.7405602098797
5357,3441.7405602098797
5358,3441.7405602098797
5359,3441.7405602098797
5360,3441.7405602098797
5361,3441.7405602098797
5362,3441.7405602098797
5363,3441.7405602098797
5364,3441.7405602098797
5365,3441.7405602098797
5366,3441.7405602098797
5367,3441.7405602098797
5368,3441.7405602098797
5369,3441.7405602098797
5370,3441.7405602098797
5371,3441.7405602098797
5372,3441.7405602098797
5373,3441.7405602098797
5374,3441.7405602098797
5375,3441.7405602098797
5376,3441.7405602098797
5377,3441.7405602098797
5378,3441.7405602098797
5379,3441.7405602098797
5380,3441.7405602098797
5381,3441.7405602098797
5382,3441.7405602098797
5383,3441.7405602098797
5384,3441.7405602098797
5385,3441.7405602098797
5386,3441.7405602098797
5387,3441.7405602098797
5388,3441.7405602098797
5389,3441.7405602098797
5390,3441.7405602098797
5391,3441.7405602098797
5392,3441.7405602098797
5393,3441.7405602098797
5394,3441.7405602098797
5395,3441.7405602098797
5396,3441.7405602098797
5397,3441.7405602098797
5398,3441.7405602098797
5399,3441.7405602098797
5400,3441.7405602098797
5401,3441.7405602098797
5402,3441.7405602098797
5403,3441.7405602098797
5404,3441.7405602098797
5405,3441.7405602098797
5406,3441.7405602098797
5407,3441.7405602098797
5408,3441.7405602098797
5409,3441.7405602098797
5410,3441.7405602098797
5411,3441.7405602098797
5412,3441.7405602098797
5413,3441.7405602098797
5414,3441.7405602098797
5415,3441.7405602098797
5416,3441.7405602098797
5417,3441.7405602098797
5418,3441.7405602098797
5419,3441.7405602098797
5420,3441.7405602098797
5421,3441.7405602098797
5422,3441.7405602098797
5423,3441.7405602098797
5424,3441.7405602098797
5425,3441.7405602098797
5426,3441.7405602098797
5427,3441.7405602098797
5428,3441.7405602098797
5429,3441.7405602098797
5430,3441.7405602098797
5431,3441.7405602098797
5432,3441.7405602098797
5433,3441.7405602098797
5434,3441.7405602098797
5435,3441.7405602098797
5436,3441.7405602098797
5437,3441.7405602098797
5438,3441.7405602098797
5439,3441.7405602098797
5440,3441.7405602098797
5441,3441.7405602098797
5442,3441.7405602098797
5443,3441.7405602098797
5444,3441.7405602098797
5445,3441.7405602098797
5446,3441.7405602098797
5447,3441.7405602098797
5448,3441.7405602098797
5449,3441.7405602098797
5450,3441.7405602098797
5451,3441.7405602098797
5452,3441.7405602098797
5453,3441.7405602098797
5454,3441.7405602098797
5455,3441.7405602098797
5456,3441.7405602098797
5457,3441.7405602098797
5458,3441.7405602098797
5459,3441.7405602098797
5460,3441.7405602098797
5461,3441.7405602098797
5462,3441.7405602098797
5463,3441.7405602098797
5464,3441.7405602098797
5465,3441.7405602098797
5466,3441.7405602098797
5467,3441.7405602098797
5468,3441.7405602098797
5469,3441.7405602098797
5470,3441.7405602098797
5471,3441.7405602098797
5472,3441.7405602098797
5473,3441.7405602098797
5474,3441.7405602098797
5475,3441.7405602098797
5476,3441.7405602098797
5477,3441.7405602098797
5478,3441.7405602098797
5479,3441.7405602098797
5480,3441.7405602098797
5481,3441.7405602098797
5482,3441.7405602098797
5483,3441.7405602098797
5484,3441.7405602098797
5485,3441.7405602098797
5486,3441.7405602098797
5487,3441.7405602098797
5488,3441.7405602098797
5489,3441.7405602098797
5490,3441.7405602098797
5491,3441.7405602098797
5492,3441.7405602098797
5493,3441.7405602098797
5494,3441.7405602098797
5495,3441.7405602098797
5496,3441.7405602098797
5497,3441.7405602098797
5498,3441.7405602098797
5499,3441.7405602098797
5500,3441.7405602098797
5501,3441.7405602098797
5502,3441.7405602098797
5503,3441.7405602098797
5504,3441.7405602098797
5505,3441.7405602098797
5506,3441.7405602098797
5507,3441.7405602098797
5508,3441.7405602098797
5509,3441.7405602098797
5510,3441.7405602098797
5511,3441.7405602098797
5512,3441.7405602098797
5513,3441.7405602098797
5514,3441.7405602098797
5515,3441.7405602098797
5516,3441.7405602098797
5517,3441.7405602098797
5518,3441.7405602098797
5519,3441.7405602098797
5520,3441.7405602098797
5521,3441.7405602098797
5522,3441.7405602098797
5523,3441.7405602098797
5524,3441.7405602098797
5525,3441.7405602098797
5526,3441.7405602098797
5527,3441.7405602098797
5528,3441.7405602098797
5529,3441.7405602098797
5530,3441.7405602098797
5531,3441.7405602098797
5532,3441.7405602098797
5533,3441.7405602098797
5534,3441.7405602098797
5535,3441.7405602098797
5536,3441.7405602098797
5537,3441.7405602098797
5538,3441.7405602098797
5539,3441.7405602098797
5540,3441.7405602098797
5541,3441.7405602098797
5542,3441.7405602098797
5543,3441.7405602098797
5544,3441.7405602098797
5545,3441.7405602098797
5546,3441.7405602098797
5547,3441.7405602098797
5548,3441.7405602098797
5549,3441.7405602098797
5550,3441.7405602098797
5551,3441.7405602098797
5552,3441.7405602098797
5553,3441.7405602098797
5554,3441.7405602098797
5555,3441.7405602098797
5556,3441.7405602098797
5557,3441.7405602098797
5558,3441.7405602098797
5559,3441.7405602098797
5560,3441.7405602098797
5561,3441.7405602098797
5562,3441.7405602098797
5563,3441.7405602098797
5564,3441.7405602098797
5565,3441.7405602098797
5566,3441.7405602098797
5567,3441.7405602098797
5568,3441.7405602098797
5569,3441.7405602098797
5570,3441.7405602098797
5571,3441.7405602098797
5572,3441.7405602098797
5573,3441.7405602098797
5574,3441.7405602098797
5575,3441.7405602098797
5576,3441.7405602098797
5577,3441.7405602098797
5578,3441.7405602098797
5579,3441.7405602098797
5580,3441.7405602098797
5581,3441.7405602098797
5582,3441.7405602098797
5583,3441.7405602098797
5584,3441.7405602098797
5585,3441.7405602098797
5586,3441.7405602098797
5587,3441.7405602098797
5588,3441.7405602098797
5589,3441.7405602098797
5590,3441.7405602098797
5591,3441.7405602098797
5592,3441.7405602098797
5593,3441.7405602098797
5594,3441.7405602098797
5595,3441.7405602098797
5596,3441.7405602098797
5597,3441.7405602098797
5598,3441.7405602098797
5599,3441.7405602098797
5600,3441.7405602098797
5601,3441.7405602098797
5602,3441.7405602098797
5603,3441.7405602098797
5604,3441.7405602098797
5605,3441.7405602098797
5606,3441.7405602098797
5607,3441.7405602098797
5608,3441.7405602098797
5609,3441.7405602098797
5610,3441.7405602098797
5611,3441.7405602098797
5612,3441.7405602098797
5613,3441.7405602098797
5614,3441.7405602098797
5615,3441.7405602098797
5616,3441.7405602098797
5617,3441.7405602098797
5618,3441.7405602098797
5619,3441.7405602098797
5620,3441.7405602098797
5621,3441.7405602098797
5622,3441.7405602098797
5623,3441.7405602098797
5624,3441.7405602098797
5625,3441.7405602098797
5626,3441.7405602098797
5627,3441.7405602098797
5628,3441.7405602098797
5629,3441.7405602098797
5630,3441.7405602098797
5631,3441.7405602098797
5632,3441.7405602098797
5633,3441.7405602098797
5634,3441.7405602098797
5635,3441.7405602098797
5636,3441.7405602098797
5637,3441.7405602098797
5638,3441.7405602098797
5639,3441.7405602098797
5640,3441.7405602098797
5641,3441.7405602098797
5642,3441.7405602098797
5643,3441.7405602098797
5644,3441.7405602098797
5645,3441.7405602098797
5646,3441.7405602098797
5647,3441.7405602098797
5648,3441.7405602098797
5649,3441.7405602098797
5650,3441.7405602098797
5651,3441.7405602098797
5652,3441.7405602098797
5653,3441.7405602098797
5654,3441.7405602098797
5655,3441.7405602098797
5656,3441.7405602098797
5657,3441.7405602098797
5658,3441.7405602098797
5659,3441.7405602098797
5660,3441.7405602098797
5661,3441.7405602098797
5662,3441.7405602098797
5663,3441.7405602098797
5664,3441.7405602098797
5665,3441.7405602098797
5666,3441.7405602098797
5667,3441.7405602098797
5668,3441.7405602098797
5669,3441.7405602098797
5670,3441.7405602098797
5671,3441.7405602098797
5672,3441.7405602098797
5673,3441.7405602098797
5674,3441.7405602098797
5675,3441.7405602098797
5676,3441.7405602098797
5677,3441.7405602098797
5678,3441.7405602098797
5679,3441.7405602098797
5680,3441.7405602098797
5681,3441.7405602098797
5682,3441.7405602098797
5683,3441.7405602098797
5684,3441.7405602098797
5685,3441.7405602098797
5686,3441.7405602098797
5687,3441.7405602098797
5688,3441.7405602098797
5689,3441.7405602098797
5690,3441.7405602098797
5691,3441.7405602098797
5692,3441.7405602098797
5693,3441.7405602098797
5694,3441.7405602098797
5695,3441.7405602098797
5696,3441.7405602098797
5697,3441.7405602098797
5698,3441.7405602098797
5699,3441.7405602098797
5700,3441.7405602098797
5701,3441.7405602098797
5702,3441.7405602098797
5703,3441.7405602098797
5704,3441.7405602098797
5705,3441.7405602098797
5706,3441.7405602098797
5707,3441.7405602098797
5708,3441.7405602098797
5709,3441.7405602098797
5710,3441.7405602098797
5711,3441.7405602098797
5712,3441.7405602098797
5713,3441.7405602098797
5714,3441.7405602098797
5715,3441.7405602098797
5716,3441.7405602098797
5717,3441.7405602098797
5718,3441.7405602098797
5719,3441.7405602098797
5720,3441.7405602098797
5721,3441.7405602098797
5722,3441.7405602098797
5723,3441.7405602098797
5724,3441.7405602098797
5725,3441.7405602098797
5726,3441.7405602098797
5727,3441.7405602098797
5728,3441.7405602098797
5729,3441.7405602098797
5730,3441.7405602098797
5731,3441.7405602098797
5732,3441.7405602098797
5733,3441.7405602098797
5734,3441.7405602098797
5735,3441.7405602098797
5736,3441.7405602098797
5737,3441.7405602098797
5738,3441.7405602098797
5739,3441.7405602098797
5740,3441.7405602098797
5741,3441.7405602098797
5742,3441.7405602098797
5743,3441.7405602098797
5744,3441.7405602098797
5745,3441.7405602098797
5746,3441.7405602098797
5747,3441.7405602098797
5748,3441.7405602098797
5749,3441.7405602098797
5750,3441.7405602098797
5751,3441.7405602098797
5752,3441.7405602098797
5753,3441.7405602098797
5754,3441.7405602098797
5755,3441.7405602098797
5756,3441.7405602098797
5757,3441.7405602098797
5758,3441.7405602098797
5759,3441.7405602098797
5760,3441.7405602098797
5761,3441.7405602098797
5762,3441.7405602098797
5763,3441.7405602098797
5764,3441.7405602098797
5765,3441.7405602098797
5766,3441.7405602098797
5767,3441.7405602098797
5768,3441.7405602098797
5769,3441.7405602098797
5770,3441.7405602098797
5771,3441.7405602098797
5772,3441.7405602098797
5773,3441.7405602098797
5774,3441.7405602098797
5775,3441.7405602098797
5776,3441.7405602098797
5777,3441.7405602098797
5778,3441.7405602098797
5779,3441.7405602098797
5780,3441.7405602098797
5781,3441.7405602098797
5782,3441.7405602098797
5783,3441.7405602098797
5784,3441.7405602098797
5785,3441.7405602098797
5786,3441.7405602098797
5787,3441.7405602098797
5788,3441.7405602098797
5789,3441.7405602098797
5790,3441.7405602098797
5791,3441.7405602098797
5792,3441.7405602098797
5793,3441.7405602098797
5794,3441.7405602098797
5795,3441.7405602098797
5796,3441.7405602098797
5797,3441.7405602098797
5798,3441.7405602098797
5799,3441.7405602098797
5800,3441.7405602098797
5801,3441.7405602098797
5802,3441.7405602098797
5803,3441.7405602098797
5804,3441.7405602098797
5805,3441.7405602098797
5806,3441.7405602098797
5807,3441.7405602098797
5808,3441.7405602098797
5809,3441.7405602098797
5810,3441.7405602098797
5811,3441.7405602098797
5812,3441.7405602098797
5813,3441.7405602098797
5814,3441.7405602098797
5815,3441.7405602098797
5816,3441.7405602098797
5817,3441.7405602098797
5818,3441.7405602098797
5819,3441.7405602098797
5820,3441.7405602098797
5821,3441.7405602098797
5822,3441.7405602098797
5823,3441.7405602098797
5824,3441.7405602098797
5825,3441.7405602098797
5826,3441.7405602098797
5827,3441.7405602098797
5828,3441.7405602098797
5829,3441.7405602098797
5830,3441.7405602098797
5831,3441.7405602098797
5832,3441.7405602098797
5833,3441.7405602098797
5834,3441.7405602098797
5835,3441.7405602098797
5836,3441.7405602098797
5837,3441.7405602098797
5838,3441.7405602098797
5839,3441.7405602098797
5840,3441.7405602098797
5841,3441.7405602098797
5842,3441.7405602098797
5843,3441.7405602098797
5844,3441.7405602098797
5845,3441.7405602098797
5846,3441.7405602098797
5847,3441.7405602098797
5848,3441.7405602098797
5849,3441.7405602098797
5850,3441.7405602098797
5851,3441.7405602098797
5852,3441.7405602098797
5853,3441.7405602098797
5854,3441.7405602098797
5855,3441.7405602098797
5856,3441.7405602098797
5857,3441.7405602098797
5858,3441.7405602098797
5859,3441.7405602098797
5860,3441.7405602098797
5861,3441.7405602098797
5862,3441.7405602098797
5863,3441.7405602098797
5864,3441.7405602098797
5865,3441.7405602098797
5866,3441.7405602098797
5867,3441.7405602098797
5868,3441.7405602098797
5869,3441.7405602098797
5870,3441.7405602098797
5871,3441.7405602098797
5872,3441.7405602098797
5873,3441.7405602098797
5874,3441.7405602098797
5875,3441.7405602098797
5876,3441.7405602098797
5877,3441.7405602098797
5878,3441.7405602098797
5879,3441.7405602098797
5880,3441.7405602098797
5881,3441.7405602098797
5882,3441.7405602098797
5883,3441.7405602098797
5884,3441.7405602098797
5885,3441.7405602098797
5886,3441.7405602098797
5887,3441.7405602098797
5888,3441.7405602098797
5889,3441.7405602098797
5890,3441.7405602098797
5891,3441.7405602098797
5892,3441.7405602098797
5893,3441.7405602098797
5894,3441.7405602098797
5895,3441.7405602098797
5896,3441.7405602098797
5897,3441.7405602098797
5898,3441.7405602098797
5899,3441.7405602098797
5900,3441.7405602098797
5901,3441.7405602098797
5902,3441.7405602098797
5903,3441.7405602098797
5904,3441.7405602098797
5905,3441.7405602098797
5906,3441.7405602098797
5907,3441.7405602098797
5908,3441.7405602098797
5909,3441.7405602098797
5910,3441.7405602098797
5911,3441.7405602098797
5912,3441.7405602098797
5913,3441.7405602098797
5914,3441.7405602098797
5915,3441.7405602098797
5916,3441.7405602098797
5917,3441.7405602098797
5918,3441.7405602098797
5919,3441.7405602098797
5920,3441.7405602098797
5921,3441.7405602098797
5922,3441.7405602098797
5923,3441.7405602098797
5924,3441.7405602098797
5925,3441.7405602098797
5926,3441.7405602098797
5927,3441.7405602098797
5928,3441.7405602098797
5929,3441.7405602098797
5930,3441.7405602098797
5931,3441.7405602098797
5932,3441.7405602098797
5933,3441.7405602098797
5934,3441.7405602098797
5935,3441.7405602098797
5936,3441.7405602098797
5937,3441.7405602098797
5938,3441.7405602098797
5939,3441.7405602098797
5940,3441.7405602098797
5941,3441.7405602098797
5942,3441.7405602098797
5943,3441.7405602098797
5944,3441.7405602098797
5945,3441.7405602098797
5946,3441.7405602098797
5947,3441.7405602098797
5948,3441.7405602098797
5949,3441.7405602098797
5950,3441.7405602098797
5951,3441.7405602098797
5952,3441.7405602098797
5953,3441.7405602098797
5954,3441.7405602098797
5955,3441.7405602098797
5956,3441.7405602098797
5957,3441.7405602098797
5958,3441.7405602098797
5959,3441.7405602098797
5960,3441.7405602098797
5961,3441.7405602098797
5962,3441.7405602098797
5963,3441.7405602098797
5964,3441.7405602098797
5965,3441.7405602098797
5966,3441.7405602098797
5967,3441.7405602098797
5968,3441.7405602098797
5969,3441.7405602098797
5970,3441.7405602098797
5971,3441.7405602098797
5972,3441.7405602098797
5973,3441.7405602098797
5974,3441.7405602098797
5975,3441.7405602098797
5976,3441.7405602098797
5977,3441.7405602098797
5978,3441.7405602098797
5979,3441.7405602098797
5980,3441.7405602098797
5981,3441.7405602098797
5982,3441.7405602098797
5983,3441.7405602098797
5984,3441.7405602098797
5985,3441.7405602098797
5986,3441.7405602098797
5987,3441.7405602098797
5988,3441.7405602098797
5989,3441.7405602098797
5990,3441.7405602098797
5991,3441.7405602098797
5992,3441.7405602098797
5993,3441.7405602098797
5994,3441.7405602098797
5995,3441.7405602098797
5996,3441.7405602098797
5997,3441.7405602098797
5998,3441.7405602098797
5999,3441.7405602098797
6000,3441.7405602098797
6001,3441.7405602098797
6002,3441.7405602098797
6003,3441.7405602098797
6004,3441.7405602098797
6005,3441.7405602098797
6006,3441.7405602098797
6007,3441.7405602098797
6008,3441.7405602098797
6009,3441.7405602098797
6010,3441.7405602098797
6011,3441.7405602098797
6012,3441.7405602098797
6013,3441.7405602098797
6014,3441.7405602098797
6015,3441.7405602098797
6016,3441.7405602098797
6017,3441.7405602098797
6018,3441.7405602098797
6019,3441.7405602098797
6020,3441.7405602098797
6021,3441.7405602098797
6022,3441.7405602098797
6023,3441.7405602098797
6024,3441.7405602098797
6025,3441.7405602098797
6026,3441.7405602098797
6027,3441.7405602098797
6028,3441.7405602098797
6029,3441.7405602098797
6030,3441.7405602098797
6031,3441.7405602098797
6032,3441.7405602098797
6033,3441.7405602098797
6034,3441.7405602098797
6035,3441.7405602098797
6036,3441.7405602098797
6037,3441.7405602098797
6038,3441.7405602098797
6039,3441.7405602098797
6040,3441.7405602098797
6041,3441.7405602098797
6042,3441.7405602098797
6043,3441.7405602098797
6044,3441.7405602098797
6045,3441.7405602098797
6046,3441.7405602098797
6047,3441.7405602098797
6048,3441.7405602098797
6049,3441.7405602098797
6050,3441.7405602098797
6051,3441.7405602098797
6052,3441.7405602098797
6053,3441.7405602098797
6054,3441.7405602098797
6055,3441.7405602098797
6056,3441.7405602098797
6057,3441.7405602098797
6058,3441.7405602098797
6059,3441.7405602098797
6060,3441.7405602098797
6061,3441.7405602098797
6062,3441.7405602098797
6063,3441.7405602098797
6064,3441.7405602098797
6065,3441.7405602098797
6066,3441.7405602098797
6067,3441.7405602098797
6068,3441.7405602098797
6069,3441.7405602098797
6070,3441.7405602098797
6071,3441.7405602098797
6072,3441.7405602098797
6073,3441.7405602098797
6074,3441.7405602098797
6075,3441.7405602098797
6076,3441.7405602098797
6077,3441.7405602098797
6078,3441.7405602098797
6079,3441.7405602098797
6080,3441.7405602098797
6081,3441.7405602098797
6082,3441.7405602098797
6083,3441.7405602098797
6084,3441.7405602098797
6085,3441.7405602098797
6086,3441.7405602098797
6087,3441.7405602098797
6088,3441.7405602098797
6089,3441.7405602098797
6090,3441.7405602098797
6091,3441.7405602098797
6092,3441.7405602098797
6093,3441.7405602098797
6094,3441.7405602098797
6095,3441.7405602098797
6096,3441.7405602098797
6097,3441.7405602098797
6098,3441.7405602098797
6099,3441.7405602098797
6100,3441.7405602098797
6101,3441.7405602098797
6102,3441.7405602098797
6103,3441.7405602098797
6104,3441.7405602098797
6105,3441.7405602098797
6106,3441.7405602098797
6107,3441.7405602098797
6108,3441.7405602098797
6109,3441.7405602098797
6110,3441.7405602098797
6111,3441.7405602098797
6112,3441.7405602098797
6113,3441.7405602098797
6114,3441.7405602098797
6115,3441.7405602098797
6116,3441.7405602098797
6117,3441.7405602098797
6118,3441.7405602098797
6119,3441.7405602098797
6120,3441.7405602098797
6121,3441.7405602098797
6122,3441.7405602098797
6123,3441.7405602098797
6124,3441.7405602098797
6125,3441.7405602098797
6126,3441.7405602098797
6127,3441.7405602098797
6128,3441.7405602098797
6129,3441.7405602098797
6130,3441.7405602098797
6131,3441.7405602098797
6132,3441.7405602098797
6133,3441.7405602098797
6134,3441.7405602098797
6135,3441.7405602098797
6136,3435.576900940091
6137,3435.576900940091
6138,3435.576900940091
6139,3435.576900940091
6140,3435.576900940091
6141,3435.576900940091
6142,3435.576900940091
6143,3435.576900940091
6144,3435.576900940091
6145,3435.576900940091
6146,3435.576900940091
6147,3435.576900940091
6148,3435.576900940091
6149,3435.576900940091
6150,3435.576900940091
6151,3435.576900940091
6152,3435.576900940091
6153,3435.576900940091
6154,3435.576900940091
6155,3435.576900940091
6156,3435.576900940091
6157,3435.576900940091
6158,3435.576900940091
6159,3435.576900940091
6160,3435.576900940091
6161,3435.576900940091
6162,3435.576900940091
6163,3435.576900940091
6164,3435.576900940091
6165,3435.576900940091
6166,3435.576900940091
6167,3435.576900940091
6168,3435.576900940091
6169,3435.576900940091
6170,3435.576900940091
6171,3435.576900940091
6172,3435.576900940091
6173,3435.576900940091
6174,3435.576900940091
6175,3435.576900940091
6176,3435.576900940091
6177,3435.576900940091
6178,3435.576900940091
6179,3435.576900940091
6180,3435.576900940091
6181,3435.576900940091
6182,3435.576900940091
6183,3435.576900940091
6184,3435.576900940091
6185,3435.576900940091
6186,3435.576900940091
6187,3435.576900940091
6188,3435.576900940091
6189,3435.576900940091
6190,3435.576900940091
6191,3435.576900940091
6192,3435.576900940091
6193,3435.576900940091
6194,3435.576900940091
6195,3435.576900940091
6196,3435.576900940091
6197,3435.576900940091
6198,3435.576900940091
6199,3435.576900940091
6200,3435.576900940091
6201,3435.576900940091
6202,3435.576900940091
6203,3435.576900940091
6204,3435.576900940091
6205,3435.576900940091
6206,3435.576900940091
6207,3435.576900940091
6208,3435.576900940091
6209,3435.576900940091
6210,3435.576900940091
6211,3435.576900940091
6212,3435.576900940091
6213,3435.576900940091
6214,3435.576900940091
6215,3435.576900940091
6216,3435.576900940091
6217,3435.576900940091
6218,3435.576900940091
6219,3435.576900940091
6220,3435.576900940091
6221,3435.576900940091
6222,3435.576900940091
6223,3435.576900940091
6224,3435.576900940091
6225,3435.576900940091
6226,3435.576900940091
6227,3435.576900940091
6228,3435.576900940091
6229,3435.576900940091
6230,3435.576900940091
6231,3435.576900940091
6232,3435.576900940091
6233,3435.576900940091
6234,3435.576900940091
6235,3435.576900940091
6236,3435.576900940091
6237,3435.576900940091
6238,3435.576900940091
6239,3435.576900940091
6240,3435.576900940091
6241,3435.576900940091
6242,3435.576900940091
6243,3435.576900940091
6244,3435.576900940091
6245,3435.576900940091
6246,3435.576900940091
6247,3435.576900940091
6248,3435.576900940091
6249,3435.576900940091
6250,3435.576900940091
6251,3435.576900940091
6252,3435.576900940091
6253,3435.576900940091
6254,3435.576900940091
6255,3435.576900940091
6256,3435.576900940091
6257,3435.576900940091
6258,3435.576900940091
6259,3435.576900940091
6260,3435.576900940091
6261,3435.576900940091
6262,3435.576900940091
6263,3435.576900940091
6264,3435.576900940091
6265,3435.576900940091
6266,3435.576900940091
6267,3435.576900940091
6268,3435.576900940091
6269,3435.576900940091
6270,3435.576900940091
6271,3435.576900940091
6272,3435.576900940091
6273,3435.576900940091
6274,3435.576900940091
6275,3435.576900940091
6276,3435.576900940091
6277,3435.576900940091
6278,3435.576900940091
6279,3435.576900940091
6280,3435.576900940091
6281,3435.576900940091
6282,3435.576900940091
6283,3435.576900940091
6284,3435.576900940091
6285,3435.576900940091
6286,3435.576900940091
6287,3435.576900940091
6288,3435.576900940091
6289,3435.576900940091
6290,3435.576900940091
6291,3435.576900940091
6292,3435.576900940091
6293,3435.576900940091
6294,3435.576900940091
6295,3435.576900940091
6296,3435.576900940091
6297,3435.576900940091
6298,3435.576900940091
6299,3435.576900940091
6300,3435.576900940091
6301,3435.576900940091
6302,3435.576900940091
6303,3435.576900940091
6304,3435.576900940091
6305,3435.576900940091
6306,3435.576900940091
6307,3435.576900940091
6308,3435.576900940091
6309,3435.576900940091
6310,3435.576900940091
6311,3435.576900940091
6312,3435.576900940091
6313,3435.576900940091
6314,3435.576900940091
6315,3435.576900940091
6316,3435.576900940091
6317,3435.576900940091
6318,3435.576900940091
6319,3435.576900940091
6320,3435.576900940091
6321,3435.576900940091
6322,3435.576900940091
6323,3435.576900940091
6324,3435.576900940091
6325,3435.576900940091
6326,3435.576900940091
6327,3435.576900940091
6328,3435.576900940091
6329,3435.576900940091
6330,3435.576900940091
6331,3435.576900940091
6332,3435.576900940091
6333,3435.576900940091
6334,3435.576900940091
6335,3435.576900940091
6336,3435.576900940091
6337,3435.576900940091
6338,3435.576900940091
6339,3435.576900940091
6340,3435.576900940091
6341,3435.576900940091
6342,3435.576900940091
6343,3435.576900940091
6344,3435.576900940091
6345,3435.576900940091
6346,3435.576900940091
6347,3435.576900940091
6348,3435.576900940091
6349,3435.576900940091
6350,3435.576900940091
6351,3435.576900940091
6352,3435.576900940091
6353,3435.576900940091
6354,3435.576900940091
6355,3435.576900940091
6356,3435.576900940091
6357,3435.576900940091
6358,3435.576900940091
6359,3435.576900940091
6360,3435.576900940091
6361,3435.576900940091
6362,3435.576900940091
6363,3435.576900940091
6364,3435.576900940091
6365,3435.576900940091
6366,3435.576900940091
6367,3435.576900940091
6368,3435.576900940091
6369,3435.576900940091
6370,3435.576900940091
6371,3435.576900940091
6372,3435.576900940091
6373,3435.576900940091
6374,3435.576900940091
6375,3435.576900940091
6376,3435.576900940091
6377,3435.576900940091
6378,3435.576900940091
6379,3435.576900940091
6380,3435.576900940091
6381,3435.576900940091
6382,3435.576900940091
6383,3435.576900940091
6384,3435.576900940091
6385,3435.576900940091
6386,3435.576900940091
6387,3435.576900940091
6388,3435.576900940091
6389,3435.576900940091
6390,3435.576900940091
6391,3435.576900940091
6392,3435.576900940091
6393,3435.576900940091
6394,3435.576900940091
6395,3435.576900940091
6396,3435.576900940091
6397,3435.576900940091
6398,3435.576900940091
6399,3435.576900940091
6400,3435.576900940091
6401,3435.576900940091
6402,3435.576900940091
6403,3435.576900940091
6404,3435.576900940091
6405,3435.576900940091
6406,3435.576900940091
6407,3435.576900940091
6408,3435.576900940091
6409,3435.576900940091
6410,3435.576900940091
6411,3435.576900940091
6412,3435.576900940091
6413,3435.576900940091
6414,3435.576900940091
6415,3435.576900940091
6416,3435.576900940091
6417,3435.576900940091
6418,3435.576900940091
6419,3435.576900940091
6420,3435.576900940091
6421,3435.576900940091
6422,3435.576900940091
6423,3435.576900940091
6424,3435.576900940091
6425,3435.576900940091
6426,3435.576900940091
6427,3435.576900940091
6428,3435.576900940091
6429,3435.576900940091
6430,3435.576900940091
6431,3435.576900940091
6432,3435.576900940091
6433,3435.576900940091
6434,3435.576900940091
6435,3435.576900940091
6436,3435.576900940091
6437,3435.576900940091
6438,3435.576900940091
6439,3435.576900940091
6440,3435.576900940091
6441,3435.576900940091
6442,3435.576900940091
6443,3435.576900940091
6444,3435.576900940091
6445,3435.576900940091
6446,3435.576900940091
6447,3435.576900940091
6448,3435.576900940091
6449,3435.576900940091
6450,3435.576900940091
6451,3435.576900940091
6452,3435.576900940091
6453,3435.576900940091
6454,3435.576900940091
6455,3435.576900940091
6456,3435.576900940091
6457,3435.576900940091
6458,3435.576900940091
6459,3435.576900940091
6460,3435.576900940091
6461,3435.576900940091
6462,3435.576900940091
6463,3435.576900940091
6464,3435.576900940091
6465,3435.576900940091
6466,3435.576900940091
6467,3435.576900940091
6468,3435.576900940091
6469,3435.576900940091
6470,3435.576900940091
6471,3435.576900940091
6472,3435.576900940091
6473,3435.576900940091
6474,3435.576900940091
6475,3435.576900940091
6476,3435.576900940091
6477,3435.576900940091
6478,3435.576900940091
6479,3435.576900940091
6480,3435.576900940091
6481,3435.576900940091
6482,3435.576900940091
6483,3435.576900940091
6484,3435.576900940091
6485,3435.576900940091
6486,3435.576900940091
6487,3435.576900940091
6488,3435.576900940091
6489,3435.576900940091
6490,3435.576900940091
6491,3435.576900940091
6492,3435.576900940091
6493,3435.576900940091
6494,3435.576900940091
6495,3435.576900940091
6496,3435.576900940091
6497,3435.576900940091
6498,3435.576900940091
6499,3435.576900940091
6500,3435.576900940091
6501,3435.576900940091
6502,3435.576900940091
6503,3435.576900940091
6504,3435.576900940091
6505,3435.576900940091
6506,3435.576900940091
6507,3435.576900940091
6508,3435.576900940091
6509,3435.576900940091
6510,3435.576900940091
6511,3435.576900940091
6512,3435.576900940091
6513,3435.576900940091
6514,3435.576900940091
6515,3435.576900940091
6516,3435.576900940091
6517,3435.576900940091
6518,3435.576900940091
6519,3435.576900940091
6520,3435.576900940091
6521,3435.576900940091
6522,3435.576900940091
6523,3435.576900940091
6524,3435.576900940091
6525,3435.576900940091
6526,3435.576900940091
6527,3435.576900940091
6528,3435.576900940091
6529,3435.576900940091
6530,3435.576900940091
6531,3435.576900940091
6532,3435.576900940091
6533,3435.576900940091
6534,3435.576900940091
6535,3435.576900940091
6536,3435.576900940091
6537,3435.576900940091
6538,3435.576900940091
6539,3435.576900940091
6540,3435.576900940091
6541,3435.576900940091
6542,3435.576900940091
6543,3435.576900940091
6544,3435.576900940091
6545,3435.576900940091
6546,3435.576900940091
6547,3435.576900940091
6548,3435.576900940091
6549,3435.576900940091
6550,3415.6277817089012
6551,3413.762113812284
6552,3413.762113812284
6553,3413.762113812284
6554,3385.6462938398818
6555,3385.6462938398818
6556,3385.6462938398818
6557,3385.6462938398818
6558,3385.6462938398818
6559,3385.6462938398818
6560,3385.6462938398818
6561,3385.6462938398818
6562,3385.6462938398818
6563,3385.6462938398818
6564,3385.6462938398818
6565,3385.6462938398818
6566,3385.6462938398818
6567,3385.6462938398818
6568,3385.6462938398818
6569,3385.6462938398818
6570,3385.6462938398818
6571,3385.6462938398818
6572,3385.6462938398818
6573,3385.6462938398818
6574,3385.6462938398818
6575,3385.6462938398818
6576,3385.6462938398818
6577,3385.6462938398818
6578,3385.6462938398818
6579,3385.6462938398818
6580,3385.6462938398818
6581,3385.6462938398818
6582,3385.6462938398818
6583,3385.6462938398818
6584,3385.6462938398818
6585,3385.6462938398818
6586,3385.6462938398818
6587,3385.6462938398818
6588,3385.6462938398818
6589,3385.6462938398818
6590,3385.6462938398818
6591,3385.6462938398818
6592,3385.6462938398818
6593,3385.6462938398818
6594,3385.6462938398818
6595,3385.6462938398818
6596,3385.6462938398818
6597,3385.6462938398818
6598,3385.6462938398818
6599,3385.6462938398818
6600,3385.6462938398818
6601,3385.6462938398818
6602,3385.6462938398818
6603,3385.6462938398818
6604,3385.6462938398818
6605,3385.6462938398818
6606,3385.6462938398818
6607,3385.6462938398818
6608,3385.6462938398818
6609,3385.6462938398818
6610,3385.6462938398818
6611,3385.6462938398818
6612,3385.6462938398818
6613,3385.6462938398818
6614,3385.6462938398818
6615,3385.6462938398818
6616,3385.6462938398818
6617,3385.6462938398818
6618,3385.6462938398818
6619,3385.6462938398818
6620,3385.6462938398818
6621,3385.6462938398818
6622,3385.6462938398818
6623,3385.6462938398818
6624,3385.6462938398818
6625,3368.3033337479756
6626,3368.3033337479756
6627,3368.3033337479756
6628,3368.3033337479756
6629,3368.3033337479756
6630,3368.3033337479756
6631,3368.3033337479756
6632,3368.3033337479756
6633,3368.3033337479756
6634,3368.3033337479756
6635,3368.3033337479756
6636,3368.3033337479756
6637,3368.3033337479756
6638,3368.3033337479756
6639,3368.3033337479756
6640,3368.3033337479756
6641,3368.3033337479756
6642,3368.3033337479756
6643,3368.3033337479756
6644,3368.3033337479756
6645,3368.3033337479756
6646,3368.3033337479756
6647,3368.3033337479756
6648,3368.3033337479756
6649,3368.3033337479756
6650,3368.3033337479756
6651,3368.3033337479756
6652,3368.3033337479756
6653,3368.3033337479756
6654,3368.3033337479756
6655,3368.3033337479756
6656,3368.3033337479756
6657,3368.3033337479756
6658,3368.3033337479756
6659,3368.3033337479756
6660,3368.3033337479756
6661,3368.3033337479756
6662,3368.3033337479756
6663,3368.3033337479756
6664,3368.3033337479756
6665,3368.3033337479756
6666,3368.3033337479756
6667,3368.3033337479756
6668,3368.3033337479756
6669,3368.3033337479756
6670,3368.3033337479756
6671,3368.3033337479756
6672,3368.3033337479756
6673,3368.3033337479756
6674,3368.3033337479756
6675,3368.3033337479756
6676,3368.3033337479756
6677,3368.3033337479756
6678,3368.3033337479756
6679,3368.3033337479756
6680,3368.3033337479756
6681,3368.3033337479756
6682,3368.3033337479756
6683,3368.3033337479756
6684,3368.3033337479756
6685,3368.3033337479756
6686,3368.3033337479756
6687,3368.3033337479756
6688,3368.3033337479756
6689,3368.3033337479756
6690,3368.3033337479756
6691,3368.3033337479756
6692,3368.3033337479756
6693,3344.951215935408
6694,3344.951215935408
6695,3344.951215935408
6696,3344.951215935408
6697,3344.951215935408
6698,3344.951215935408
6699,3344.951215935408
6700,3344.951215935408
6701,3344.951215935408
6702,3344.951215935408
6703,3344.951215935408
6704,3344.951215935408
6705,3344.951215935408
6706,3344.951215935408
6707,3344.951215935408
6708,3344.951215935408
6709,3344.951215935408
6710,3344.951215935408
6711,3344.951215935408
6712,3344.951215935408
6713,3344.951215935408
6714,3344.951215935408
6715,3344.951215935408
6716,3344.951215935408
6717,3344.951215935408
6718,3344.951215935408
6719,3344.951215935408
6720,3344.4481594283025
6721,3344.4481594283025
6722,3344.4481594283025
6723,3344.4481594283025
6724,3344.4481594283025
6725,3344.4481594283025
6726,3344.4481594283025
6727,3344.4481594283025
6728,3344.4481594283025
6729,3344.4481594283025
6730,3344.4481594283025
6731,3344.4481594283025
6732,3344.4481594283025
6733,3344.4481594283025
6734,3344.4481594283025
6735,3344.4481594283025
6736,3319.7396557115244
6737,3319.7396557115244
6738,3319.7396557115244
6739,3319.7396557115244
6740,3319.7396557115244
6741,3319.7396557115244
6742,3319.7396557115244
6743,3319.7396557115244
6744,3319.7396557115244
6745,3319.7396557115244
6746,3319.7396557115244
6747,3319.7396557115244
6748,3319.7396557115244
6749,3319.7396557115244
6750,3319.7396557115244
6751,3319.7396557115244
6752,3319.7396557115244
6753,3319.7396557115244
6754,3319.7396557115244
6755,3319.7396557115244
6756,3319.7396557115244
6757,3319.7396557115244
6758,3319.7396557115244
6759,3319.7396557115244
6760,3319.7396557115244
6761,3319.7396557115244
6762,3319.7396557115244
6763,3319.7396557115244
6764,3319.7396557115244
6765,3319.7396557115244
6766,3319.7396557115244
6767,3319.7396557115244
6768,3319.7396557115244
6769,3319.7396557115244
6770,3319.7396557115244
6771,3319.7396557115244
6772,3319.7396557115244
6773,3319.7396557115244
6774,3319.7396557115244
6775,3319.7396557115244
6776,3319.7396557115244
6777,3319.7396557115244
6778,3319.7396557115244
6779,3319.7396557115244
6780,3319.7396557115244
6781,3319.7396557115244
6782,3319.7396557115244
6783,3319.7396557115244
6784,3319.7396557115244
6785,3319.7396557115244
6786,3319.7396557115244
6787,3319.7396557115244
6788,3319.7396557115244
6789,3319.7396557115244
6790,3319.7396557115244
6791,3319.7396557115244
6792,3319.7396557115244
6793,3319.7396557115244
6794,3319.7396557115244
6795,3309.498353760566
6796,3309.498353760566
6797,3309.498353760566
6798,3309.498353760566
6799,3309.498353760566
6800,3309.498353760566
6801,3309.498353760566
6802,3309.498353760566
6803,3309.498353760566
6804,3309.498353760566
6805,3309.498353760566
6806,3309.498353760566
6807,3309.498353760566
6808,3309.498353760566
6809,3309.498353760566
6810,3309.498353760566
6811,3309.498353760566
6812,3309.498353760566
6813,3309.498353760566
6814,3309.498353760566
6815,3309.498353760566
6816,3309.498353760566
6817,3309.498353760566
6818,3309.498353760566
6819,3309.498353760566
6820,3309.498353760566
6821,3309.498353760566
6822,3309.498353760566
6823,3309.498353760566
6824,3309.498353760566
6825,3309.498353760566
6826,3309.498353760566
6827,3309.498353760566
6828,3309.498353760566
6829,3309.498353760566
6830,3286.702653247926
6831,3286.702653247926
6832,3286.702653247926
6833,3286.702653247926
6834,3286.702653247926
6835,3286.702653247926
6836,3286.702653247926
6837,3286.702653247926
6838,3286.702653247926
6839,3286.702653247926
6840,3286.702653247926
6841,3286.702653247926
6842,3286.702653247926
6843,3286.702653247926
6844,3286.702653247926
6845,3286.702653247926
6846,3286.702653247926
6847,3286.702653247926
6848,3286.702653247926
6849,3286.702653247926
6850,3286.702653247926
6851,3286.702653247926
6852,3286.702653247926
6853,3286.702653247926
6854,3286.702653247926
6855,3286.702653247926
6856,3286.702653247926
6857,3286.702653247926
6858,3286.702653247926
6859,3286.702653247926
6860,3286.702653247926
6861,3286.702653247926
6862,3286.702653247926
6863,3286.702653247926
6864,3286.702653247926
6865,3286.702653247926
6866,3286.702653247926
6867,3286.702653247926
6868,3286.702653247926
6869,3286.702653247926
6870,3286.702653247926
6871,3286.702653247926
6872,3286.702653247926
6873,3286.702653247926
6874,3286.702653247926
6875,3286.702653247926
6876,3286.702653247926
6877,3286.702653247926
6878,3286.702653247926
6879,3286.702653247926
6880,3286.702653247926
6881,3286.702653247926
6882,3286.702653247926
6883,3286.702653247926
6884,3286.702653247926
6885,3286.702653247926
6886,3286.702653247926
6887,3286.702653247926
6888,3286.702653247926
6889,3286.702653247926
6890,3286.702653247926
6891,3286.702653247926
6892,3286.702653247926
6893,3286.702653247926
6894,3286.702653247926
6895,3286.702653247926
6896,3286.702653247926
6897,3286.702653247926
6898,3286.702653247926
6899,3286.702653247926
6900,3286.702653247926
6901,3286.702653247926
6902,3286.702653247926
6903,3286.702653247926
6904,3286.702653247926
6905,3286.702653247926
6906,3286.702653247926
6907,3286.702653247926
6908,3286.702653247926
6909,3286.702653247926
6910,3286.702653247926
6911,3286.702653247926
6912,3286.702653247926
6913,3286.702653247926
6914,3286.702653247926
6915,3286.702653247926
6916,3286.702653247926
6917,3286.702653247926
6918,3286.702653247926
6919,3286.702653247926
6920,3286.702653247926
6921,3286.702653247926
6922,3286.702653247926
6923,3286.702653247926
6924,3286.702653247926
6925,3286.702653247926
6926,3286.702653247926
6927,3286.702653247926
6928,3286.702653247926
6929,3286.702653247926
6930,3286.702653247926
6931,3286.702653247926
6932,3286.702653247926
6933,3286.702653247926
6934,3286.702653247926
6935,3286.702653247926
6936,3286.702653247926
6937,3286.702653247926
6938,3286.702653247926
6939,3286.702653247926
6940,3286.702653247926
6941,3286.702653247926
6942,3286.702653247926
6943,3286.702653247926
6944,3286.702653247926
6945,3286.702653247926
6946,3286.702653247926
6947,3286.702653247926
6948,3286.702653247926
6949,3286.702653247926
6950,3286.702653247926
6951,3286.702653247926
6952,3286.702653247926
6953,3286.702653247926
6954,3286.702653247926
6955,3286.702653247926
6956,3286.702653247926
6957,3286.702653247926
6958,3286.702653247926
6959,3286.702653247926
6960,3286.702653247926
6961,3286.702653247926
6962,3286.702653247926
6963,3286.702653247926
6964,3286.702653247926
6965,3286.702653247926
6966,3286.702653247926
6967,3286.702653247926
6968,3286.702653247926
6969,3286.702653247926
6970,3286.702653247926
6971,3286.702653247926
6972,3286.702653247926
6973,3286.702653247926
6974,3286.702653247926
6975,3286.702653247926
6976,3286.702653247926
6977,3286.702653247926
6978,3286.702653247926
6979,3286.702653247926
6980,3286.702653247926
6981,3286.702653247926
6982,3286.702653247926
6983,3286.702653247926
6984,3286.702653247926
6985,3286.702653247926
6986,3286.702653247926
6987,3286.702653247926
6988,3286.702653247926
6989,3286.702653247926
6990,3286.702653247926
6991,3286.702653247926
6992,3286.702653247926
6993,3286.702653247926
6994,3286.702653247926
6995,3286.702653247926
6996,3286.702653247926
6997,3286.702653247926
6998,3286.702653247926
6999,3286.702653247926
7000,3286.702653247926
7001,3286.702653247926
7002,3286.702653247926
7003,3286.702653247926
7004,3286.702653247926
7005,3286.702653247926
7006,3286.702653247926
7007,3286.702653247926
7008,3286.702653247926
7009,3286.702653247926
7010,3286.702653247926
7011,3286.702653247926
7012,3286.702653247926
7013,3286.702653247926
7014,3286.702653247926
7015,3286.702653247926
7016,3286.702653247926
7017,3286.702653247926
7018,3286.702653247926
7019,3286.702653247926
7020,3286.702653247926
7021,3286.702653247926
7022,3286.702653247926
7023,3286.702653247926
7024,3286.702653247926
7025,3286.702653247926
7026,3286.702653247926
7027,3286.702653247926
7028,3286.702653247926
7029,3286.702653247926
7030,3286.702653247926
7031,3286.702653247926
7032,3286.702653247926
7033,3286.702653247926
7034,3286.702653247926
7035,3286.702653247926
7036,3286.702653247926
7037,3286.702653247926
7038,3286.702653247926
7039,3286.702653247926
7040,3286.702653247926
7041,3286.702653247926
7042,3286.702653247926
7043,3286.702653247926
7044,3286.702653247926
7045,3286.702653247926
7046,3286.702653247926
7047,3286.702653247926
7048,3286.702653247926
7049,3286.702653247926
7050,3286.702653247926
7051,3286.702653247926
7052,3286.702653247926
7053,3286.702653247926
7054,3286.702653247926
7055,3286.702653247926
7056,3286.702653247926
7057,3286.702653247926
7058,3286.702653247926
7059,3286.702653247926
7060,3286.702653247926
7061,3286.702653247926
7062,3286.702653247926
7063,3286.702653247926
7064,3286.702653247926
7065,3286.702653247926
7066,3286.702653247926
7067,3286.702653247926
7068,3286.702653247926
7069,3286.702653247926
7070,3286.702653247926
7071,3286.702653247926
7072,3286.702653247926
7073,3286.702653247926
7074,3286.702653247926
7075,3286.702653247926
7076,3286.702653247926
7077,3286.702653247926
7078,3286.702653247926
7079,3286.702653247926
7080,3286.702653247926
7081,3286.702653247926
7082,3286.702653247926
7083,3286.702653247926
7084,3286.702653247926
7085,3286.702653247926
7086,3286.702653247926
7087,3286.702653247926
7088,3286.702653247926
7089,3286.702653247926
7090,3286.702653247926
7091,3286.702653247926
7092,3286.702653247926
7093,3286.702653247926
7094,3286.702653247926
7095,3276.2380331711356
7096,3276.2380331711356
7097,3276.2380331711356
7098,3276.2380331711356
7099,3276.2380331711356
7100,3276.2380331711356
7101,3276.2380331711356
7102,3276.2380331711356
7103,3276.2380331711356
7104,3276.2380331711356
7105,3276.2380331711356
7106,3276.2380331711356
7107,3276.2380331711356
7108,3276.2380331711356
7109,3276.2380331711356
7110,3276.2380331711356
7111,3276.2380331711356
7112,3276.2380331711356
7113,3276.2380331711356
7114,3276.2380331711356
7115,3276.2380331711356
7116,3276.2380331711356
7117,3276.2380331711356
7118,3276.2380331711356
7119,3276.2380331711356
7120,3276.2380331711356
7121,3249.7059571956597
7122,3249.7059571956597
7123,3249.7059571956597
7124,3249.7059571956597
7125,3249.7059571956597
7126,3249.7059571956597
7127,3249.7059571956597
7128,3249.7059571956597
7129,3249.7059571956597
7130,3249.7059571956597
7131,3249.7059571956597
7132,3249.7059571956597
7133,3249.7059571956597
7134,3249.7059571956597
7135,3249.7059571956597
7136,3249.7059571956597
7137,3249.7059571956597
7138,3249.7059571956597
7139,3249.7059571956597
7140,3249.7059571956597
7141,3249.7059571956597
7142,3249.7059571956597
7143,3249.7059571956597
7144,3249.7059571956597
7145,3249.7059571956597
7146,3249.7059571956597
7147,3249.7059571956597
7148,3249.7059571956597
7149,3249.7059571956597
7150,3249.7059571956597
7151,3249.7059571956597
7152,3249.7059571956597
7153,3249.7059571956597
7154,3249.7059571956597
7155,3249.7059571956597
7156,3249.7059571956597
7157,3249.7059571956597
7158,3249.7059571956597
7159,3249.7059571956597
7160,3249.7059571956597
7161,3249.7059571956597
7162,3249.7059571956597
7163,3249.7059571956597
7164,3249.7059571956597
7165,3249.7059571956597
7166,3249.7059571956597
7167,3249.7059571956597
7168,3249.7059571956597
7169,3249.7059571956597
7170,3249.7059571956597
7171,3249.7059571956597
7172,3249.7059571956597
7173,3249.7059571956597
7174,3249.7059571956597
7175,3249.7059571956597
7176,3249.7059571956597
7177,3249.7059571956597
7178,3249.7059571956597
7179,3249.7059571956597
7180,3249.7059571956597
7181,3249.7059571956597
7182,3249.7059571956597
7183,3249.7059571956597
7184,3249.7059571956597
7185,3249.7059571956597
7186,3249.7059571956597
7187,3249.7059571956597
7188,3249.7059571956597
7189,3249.7059571956597
7190,3249.7059571956597
7191,3249.7059571956597
7192,3249.7059571956597
7193,3249.7059571956597
7194,3249.7059571956597
7195,3249.7059571956597
7196,3249.7059571956597
7197,3249.7059571956597
7198,3249.7059571956597
7199,3249.7059571956597
7200,3249.7059571956597
7201,3249.7059571956597
7202,3249.7059571956597
7203,3249.7059571956597
7204,3249.7059571956597
7205,3249.7059571956597
7206,3249.7059571956597
7207,3249.7059571956597
7208,3249.7059571956597
7209,3249.7059571956597
7210,3249.7059571956597
7211,3249.7059571956597
7212,3249.7059571956597
7213,3249.7059571956597
7214,3249.7059571956597
7215,3249.7059571956597
7216,3249.7059571956597
7217,3249.7059571956597
7218,3249.7059571956597
7219,3249.7059571956597
7220,3249.7059571956597
7221,3249.7059571956597
7222,3249.7059571956597
7223,3249.7059571956597
7224,3249.7059571956597
7225,3249.7059571956597
7226,3249.7059571956597
7227,3249.7059571956597
7228,3249.7059571956597
7229,3249.7059571956597
7230,3249.7059571956597
7231,3249.7059571956597
7232,3249.7059571956597
7233,3249.7059571956597
7234,3249.7059571956597
7235,3249.7059571956597
7236,3249.7059571956597
7237,3249.7059571956597
7238,3249.7059571956597
7239,3249.7059571956597
7240,3249.7059571956597
7241,3249.7059571956597
7242,3249.7059571956597
7243,3249.7059571956597
7244,3249.7059571956597
7245,3249.7059571956597
7246,3249.7059571956597
7247,3249.7059571956597
7248,3249.7059571956597
7249,3249.7059571956597
7250,3249.7059571956597
7251,3249.7059571956597
7252,3249.7059571956597
7253,3249.7059571956597
7254,3249.7059571956597
7255,3249.7059571956597
7256,3249.7059571956597
7257,3249.7059571956597
7258,3249.7059571956597
7259,3249.7059571956597
7260,3249.7059571956597
7261,3249.7059571956597
7262,3249.7059571956597
7263,3249.7059571956597
7264,3249.7059571956597
7265,3249.7059571956597
7266,3249.7059571956597
7267,3249.7059571956597
7268,3249.7059571956597
7269,3249.7059571956597
7270,3249.7059571956597
7271,3249.7059571956597
7272,3249.7059571956597
7273,3249.7059571956597
7274,3249.7059571956597
7275,3249.7059571956597
7276,3249.7059571956597
7277,3249.7059571956597
7278,3249.7059571956597
7279,3249.7059571956597
7280,3249.7059571956597
7281,3249.7059571956597
7282,3249.7059571956597
7283,3249.7059571956597
7284,3249.7059571956597
7285,3249.7059571956597
7286,3249.7059571956597
7287,3249.7059571956597
7288,3249.7059571956597
7289,3249.7059571956597
7290,3249.7059571956597
7291,3249.7059571956597
7292,3249.7059571956597
7293,3249.7059571956597
7294,3249.7059571956597
7295,3249.7059571956597
7296,3249.7059571956597
7297,3249.7059571956597
7298,3249.7059571956597
7299,3249.7059571956597
7300,3247.4590651399058
7301,3247.4590651399058
7302,3247.4590651399058
7303,3247.4590651399058
7304,3247.4590651399058
7305,3247.4590651399058
7306,3247.4590651399058
7307,3247.4590651399058
7308,3247.4590651399058
7309,3247.4590651399058
7310,3247.4590651399058
7311,3247.4590651399058
7312,3247.4590651399058
7313,3247.4590651399058
7314,3247.4590651399058
7315,3247.4590651399058
7316,3247.4590651399058
7317,3247.4590651399058
7318,3247.4590651399058
7319,3247.4590651399058
7320,3247.4590651399058
7321,3247.4590651399058
7322,3247.4590651399058
7323,3247.4590651399058
7324,3247.4590651399058
7325,3247.4590651399058
7326,3247.4590651399058
7327,3247.4590651399058
7328,3247.4590651399058
7329,3247.4590651399058
7330,3247.4590651399058
7331,3247.4590651399058
7332,3247.4590651399058
7333,3247.4590651399058
7334,3247.4590651399058
7335,3247.4590651399058
7336,3247.4590651399058
7337,3247.4590651399058
7338,3247.4590651399058
7339,3247.4590651399058
7340,3247.4590651399058
7341,3247.4590651399058
7342,3247.4590651399058
7343,3247.4590651399058
7344,3247.4590651399058
7345,3247.4590651399058
7346,3247.4590651399058
7347,3247.4590651399058
7348,3247.4590651399058
7349,3247.4590651399058
7350,3247.4590651399058
7351,3247.4590651399058
7352,3247.4590651399058
7353,3247.4590651399058
7354,3247.4590651399058
7355,3247.4590651399058
7356,3247.4590651399058
7357,3247.4590651399058
7358,3247.4590651399058
7359,3247.4590651399058
7360,3247.4590651399058
7361,3247.4590651399058
7362,3247.4590651399058
7363,3247.4590651399058
7364,3247.4590651399058
7365,3245.3224603999033
7366,3245.3224603999033
7367,3245.3224603999033
7368,3245.3224603999033
7369,3245.3224603999033
7370,3245.3224603999033
7371,3245.3224603999033
7372,3245.3224603999033
7373,3245.3224603999033
7374,3245.3224603999033
7375,3245.3224603999033
7376,3245.3224603999033
7377,3245.3224603999033
7378,3245.3224603999033
7379,3245.3224603999033
7380,3245.3224603999033
7381,3245.3224603999033
7382,3245.3224603999033
7383,3245.3224603999033
7384,3245.3224603999033
7385,3245.3224603999033
7386,3245.3224603999033
7387,3245.3224603999033
7388,3245.3224603999033
7389,3245.3224603999033
7390,3245.3224603999033
7391,3245.3224603999033
7392,3245.3224603999033
7393,3245.3224603999033
7394,3245.3224603999033
7395,3245.3224603999033
7396,3245.3224603999033
7397,3245.3224603999033
7398,3245.3224603999033
7399,3245.3224603999033
7400,3245.3224603999033
7401,3245.3224603999033
7402,3245.3224603999033
7403,3245.3224603999033
7404,3245.3224603999033
7405,3245.3224603999033
7406,3245.3224603999033
7407,3245.3224603999033
7408,3245.3224603999033
7409,3245.3224603999033
7410,3245.3224603999033
7411,3245.3224603999033
7412,3245.3224603999033
7413,3245.3224603999033
7414,3245.3224603999033
7415,3245.3224603999033
7416,3245.3224603999033
7417,3245.3224603999033
7418,3245.3224603999033
7419,3245.3224603999033
7420,3245.3224603999033
7421,3245.3224603999033
7422,3245.3224603999033
7423,3245.3224603999033
7424,3245.3224603999033
7425,3245.3224603999033
7426,3245.3224603999033
7427,3245.3224603999033
7428,3245.3224603999033
7429,3245.3224603999033
7430,3245.3224603999033
7431,3245.3224603999033
7432,3245.3224603999033
7433,3245.3224603999033
7434,3245.3224603999033
7435,3245.3224603999033
7436,3245.3224603999033
7437,3245.3224603999033
7438,3245.3224603999033
7439,3245.3224603999033
7440,3245.3224603999033
7441,3245.3224603999033
7442,3245.3224603999033
7443,3245.3224603999033
7444,3245.3224603999033
7445,3245.3224603999033
7446,3245.3224603999033
7447,3245.3224603999033
7448,3245.3224603999033
7449,3245.3224603999033
7450,3245.3224603999033
7451,3245.3224603999033
7452,3245.3224603999033
7453,3239.53840033861
7454,3239.53840033861
7455,3239.53840033861
7456,3239.53840033861
7457,3239.53840033861
7458,3239.53840033861
7459,3239.53840033861
7460,3239.53840033861
7461,3239.53840033861
7462,3239.53840033861
7463,3239.53840033861
7464,3239.53840033861
7465,3239.53840033861
7466,3239.53840033861
7467,3239.53840033861
7468,3239.53840033861
7469,3239.53840033861
7470,3239.53840033861
7471,3239.53840033861
7472,3239.53840033861
7473,3239.53840033861
7474,3239.53840033861
7475,3239.53840033861
7476,3239.53840033861
7477,3239.53840033861
7478,3239.53840033861
7479,3239.53840033861
7480,3239.53840033861
7481,3239.53840033861
7482,3239.53840033861
7483,3239.53840033861
7484,3239.53840033861
7485,3239.53840033861
7486,3239.53840033861
7487,3239.53840033861
7488,3239.53840033861
7489,3239.53840033861
7490,3239.53840033861
7491,3239.53840033861
7492,3239.53840033861
7493,3239.53840033861
7494,3239.53840033861
7495,3239.53840033861
7496,3239.53840033861
7497,3239.53840033861
7498,3239.53840033861
7499,3239.53840033861
7500,3239.53840033861
7501,3239.53840033861
7502,3239.53840033861
7503,3239.53840033861
7504,3239.53840033861
7505,3239.53840033861
7506,3239.53840033861
7507,3239.53840033861
7508,3239.53840033861
7509,3239.53840033861
7510,3239.53840033861
7511,3239.53840033861
7512,3239.53840033861
7513,3239.53840033861
7514,3239.53840033861
7515,3239.53840033861
7516,3239.53840033861
7517,3239.53840033861
7518,3230.9966039671945
7519,3230.9966039671945
7520,3230.9966039671945
7521,3230.9966039671945
7522,3230.9966039671945
7523,3230.9966039671945
7524,3230.9966039671945
7525,3230.9966039671945
7526,3230.9966039671945
7527,3230.9966039671945
7528,3230.9966039671945
7529,3230.9966039671945
7530,3230.9966039671945
7531,3230.9966039671945
7532,3230.9966039671945
7533,3230.9966039671945
7534,3230.9966039671945
7535,3230.9966039671945
7536,3230.9966039671945
7537,3230.9966039671945
7538,3230.9966039671945
7539,3230.9966039671945
7540,3230.9966039671945
7541,3230.9966039671945
7542,3230.9966039671945
7543,3230.9966039671945
7544,3230.9966039671945
7545,3230.9966039671945
7546,3230.9966039671945
7547,3230.9966039671945
7548,3230.9966039671945
7549,3230.9966039671945
7550,3230.9966039671945
7551,3230.9966039671945
7552,3230.9966039671945
7553,3230.9966039671945
7554,3230.9966039671945
7555,3230.9966039671945
7556,3230.9966039671945
7557,3230.9966039671945
7558,3230.9966039671945
7559,3230.9966039671945
7560,3230.9966039671945
7561,3230.9966039671945
7562,3230.9966039671945
7563,3230.9966039671945
7564,3230.9966039671945
7565,3230.9966039671945
7566,3230.9966039671945
7567,3230.9966039671945
7568,3230.9966039671945
7569,3230.9966039671945
7570,3230.9966039671945
7571,3230.9966039671945
7572,3230.9966039671945
7573,3230.9966039671945
7574,3230.9966039671945
7575,3230.9966039671945
7576,3230.9966039671945
7577,3230.9966039671945
7578,3230.9966039671945
7579,3230.9966039671945
7580,3230.9966039671945
7581,3230.9966039671945
7582,3230.9966039671945
7583,3230.9966039671945
7584,3230.9966039671945
7585,3230.9966039671945
7586,3230.9966039671945
7587,3230.9966039671945
7588,3230.9966039671945
7589,3230.9966039671945
7590,3230.9966039671945
7591,3230.9966039671945
7592,3230.9966039671945
7593,3230.9966039671945
7594,3230.9966039671945
7595,3230.9966039671945
7596,3230.9966039671945
7597,3230.9966039671945
7598,3230.9966039671945
7599,3230.9966039671945
7600,3230.9966039671945
7601,3230.9966039671945
7602,3230.9966039671945
7603,3230.9966039671945
7604,3230.9966039671945
7605,3230.9966039671945
7606,3230.9966039671945
7607,3230.9966039671945
7608,3230.9966039671945
7609,3230.9966039671945
7610,3230.9966039671945
7611,3230.9966039671945
7612,3230.9966039671945
7613,3230.9966039671945
7614,3230.9966039671945
7615,3230.9966039671945
7616,3230.9966039671945
7617,3230.9966039671945
7618,3230.9966039671945
7619,3230.9966039671945
7620,3230.9966039671945
7621,3230.9966039671945
7622,3230.9966039671945
7623,3230.9966039671945
7624,3230.9966039671945
7625,3230.9966039671945
7626,3230.9966039671945
7627,3230.9966039671945
7628,3230.9966039671945
7629,3230.9966039671945
7630,3230.9966039671945
7631,3230.9966039671945
7632,3230.9966039671945
7633,3230.9966039671945
7634,3230.9966039671945
7635,3230.9966039671945
7636,3230.9966039671945
7637,3230.9966039671945
7638,3230.9966039671945
7639,3230.9966039671945
7640,3230.9966039671945
7641,3230.9966039671945
7642,3230.9966039671945
7643,3230.9966039671945
7644,3230.9966039671945
7645,3230.9966039671945
7646,3230.9966039671945
7647,3230.9966039671945
7648,3230.9966039671945
7649,3230.9966039671945
7650,3230.9966039671945
7651,3230.9966039671945
7652,3230.9966039671945
7653,3230.9966039671945
7654,3230.9966039671945
7655,3230.9966039671945
7656,3230.9966039671945
7657,3230.9966039671945
7658,3230.9966039671945
7659,3230.9966039671945
7660,3230.9966039671945
7661,3230.9966039671945
7662,3230.9966039671945
7663,3230.9966039671945
7664,3230.9966039671945
7665,3230.9966039671945
7666,3230.9966039671945
7667,3230.9966039671945
7668,3230.9966039671945
7669,3230.9966039671945
7670,3230.9966039671945
7671,3230.9966039671945
7672,3230.9966039671945
7673,3230.9966039671945
7674,3230.9966039671945
7675,3230.9966039671945
7676,3230.9966039671945
7677,3230.9966039671945
7678,3230.9966039671945
7679,3230.9966039671945
7680,3230.9966039671945
7681,3230.9966039671945
7682,3230.9966039671945
7683,3230.9966039671945
7684,3230.9966039671945
7685,3230.9966039671945
7686,3230.9966039671945
7687,3230.9966039671945
7688,3230.9966039671945
7689,3230.9966039671945
7690,3230.9966039671945
7691,3230.9966039671945
7692,3230.9966039671945
7693,3230.9966039671945
7694,3230.9966039671945
7695,3230.9966039671945
7696,3230.9966039671945
7697,3230.9966039671945
7698,3230.9966039671945
7699,3230.9966039671945
7700,3230.9966039671945
7701,3230.9966039671945
7702,3230.9966039671945
7703,3230.9966039671945
7704,3230.9966039671945
7705,3230.9966039671945
7706,3230.9966039671945
7707,3230.9966039671945
7708,3230.9966039671945
7709,3230.9966039671945
7710,3230.9966039671945
7711,3230.9966039671945
7712,3230.9966039671945
7713,3230.9966039671945
7714,3230.9966039671945
7715,3230.9966039671945
7716,3230.9966039671945
7717,3230.9966039671945
7718,3230.9966039671945
7719,3230.9966039671945
7720,3230.9966039671945
7721,3230.9966039671945
7722,3230.9966039671945
7723,3230.9966039671945
7724,3230.9966039671945
7725,3230.9966039671945
7726,3230.9966039671945
7727,3230.9966039671945
7728,3230.9966039671945
7729,3230.9966039671945
7730,3230.9966039671945
7731,3230.9966039671945
7732,3230.9966039671945
7733,3230.9966039671945
7734,3230.9966039671945
7735,3230.9966039671945
7736,3230.9966039671945
7737,3230.9966039671945
7738,3230.9966039671945
7739,3230.9966039671945
7740,3230.9966039671945
7741,3230.9966039671945
7742,3230.9966039671945
7743,3230.9966039671945
7744,3230.9966039671945
7745,3230.9966039671945
7746,3230.9966039671945
7747,3230.9966039671945
7748,3230.9966039671945
7749,3230.9966039671945
7750,3230.9966039671945
7751,3230.9966039671945
7752,3230.9966039671945
7753,3230.9966039671945
7754,3230.9966039671945
7755,3230.9966039671945
7756,3230.9966039671945
7757,3230.9966039671945
7758,3230.9966039671945
7759,3230.9966039671945
7760,3230.9966039671945
7761,3230.9966039671945
7762,3230.9966039671945
7763,3230.9966039671945
7764,3230.9966039671945
7765,3230.9966039671945
7766,3230.9966039671945
7767,3230.9966039671945
7768,3230.9966039671945
7769,3230.9966039671945
7770,3230.9966039671945
7771,3230.9966039671945
7772,3230.9966039671945
7773,3230.9966039671945
7774,3230.9966039671945
7775,3230.9966039671945
7776,3230.9966039671945
7777,3230.9966039671945
7778,3230.9966039671945
7779,3230.9966039671945
7780,3230.9966039671945
7781,3230.9966039671945
7782,3230.9966039671945
7783,3230.9966039671945
7784,3230.9966039671945
7785,3230.9966039671945
7786,3230.9966039671945
7787,3230.9966039671945
7788,3230.9966039671945
7789,3230.9966039671945
7790,3230.9966039671945
7791,3230.9966039671945
7792,3230.9966039671945
7793,3230.9966039671945
7794,3230.9966039671945
7795,3230.9966039671945
7796,3230.9966039671945
7797,3230.9966039671945
7798,3230.9966039671945
7799,3230.9966039671945
7800,3230.9966039671945
7801,3230.9966039671945
7802,3230.9966039671945
7803,3230.9966039671945
7804,3230.9966039671945
7805,3230.9966039671945
7806,3230.9966039671945
7807,3230.9966039671945
7808,3230.9966039671945
7809,3230.9966039671945
7810,3230.9966039671945
7811,3230.9966039671945
7812,3230.9966039671945
7813,3230.9966039671945
7814,3230.9966039671945
7815,3230.9966039671945
7816,3230.9966039671945
7817,3230.9966039671945
7818,3230.9966039671945
7819,3230.9966039671945
7820,3230.9966039671945
7821,3230.9966039671945
7822,3230.9966039671945
7823,3230.9966039671945
7824,3230.9966039671945
7825,3230.9966039671945
7826,3230.9966039671945
7827,3230.9966039671945
7828,3230.9966039671945
7829,3230.9966039671945
7830,3230.9966039671945
7831,3230.9966039671945
7832,3230.9966039671945
7833,3230.9966039671945
7834,3230.9966039671945
7835,3230.9966039671945
7836,3230.9966039671945
7837,3230.9966039671945
7838,3230.9966039671945
7839,3230.9966039671945
7840,3230.9966039671945
7841,3230.9966039671945
7842,3230.9966039671945
7843,3230.9966039671945
7844,3230.9966039671945
7845,3230.9966039671945
7846,3230.9966039671945
7847,3230.9966039671945
7848,3230.9966039671945
7849,3230.9966039671945
7850,3230.9966039671945
7851,3230.9966039671945
7852,3230.9966039671945
7853,3230.9966039671945
7854,3230.9966039671945
7855,3230.9966039671945
7856,3230.9966039671945
7857,3230.9966039671945
7858,3230.9966039671945
7859,3230.9966039671945
7860,3230.9966039671945
7861,3230.9966039671945
7862,3230.9966039671945
7863,3230.9966039671945
7864,3230.9966039671945
7865,3230.9966039671945
7866,3230.9966039671945
7867,3230.9966039671945
7868,3230.9966039671945
7869,3230.9966039671945
7870,3230.9966039671945
7871,3230.9966039671945
7872,3230.9966039671945
7873,3230.9966039671945
7874,3230.9966039671945
7875,3230.9966039671945
7876,3230.9966039671945
7877,3230.9966039671945
7878,3230.9966039671945
7879,3230.9966039671945
7880,3230.9966039671945
7881,3230.9966039671945
7882,3230.9966039671945
7883,3230.9966039671945
7884,3230.9966039671945
7885,3230.9966039671945
7886,3230.9966039671945
7887,3230.9966039671945
7888,3230.9966039671945
7889,3230.9966039671945
7890,3230.9966039671945
7891,3230.9966039671945
7892,3230.9966039671945
7893,3230.9966039671945
7894,3230.9966039671945
7895,3230.9966039671945
7896,3230.9966039671945
7897,3230.9966039671945
7898,3230.9966039671945
7899,3230.9966039671945
7900,3230.9966039671945
7901,3230.9966039671945
7902,3230.9966039671945
7903,3230.9966039671945
7904,3230.9966039671945
7905,3230.9966039671945
7906,3230.9966039671945
7907,3230.9966039671945
7908,3230.9966039671945
7909,3230.9966039671945
7910,3230.9966039671945
7911,3230.9966039671945
7912,3230.9966039671945
7913,3230.9966039671945
7914,3230.9966039671945
7915,3230.9966039671945
7916,3230.9966039671945
7917,3230.9966039671945
7918,3230.9966039671945
7919,3230.9966039671945
7920,3230.9966039671945
7921,3230.9966039671945
7922,3230.9966039671945
7923,3230.9966039671945
7924,3230.9966039671945
7925,3230.9966039671945
7926,3230.9966039671945
7927,3230.9966039671945
7928,3230.9966039671945
7929,3230.9966039671945
7930,3230.9966039671945
7931,3230.9966039671945
7932,3230.9966039671945
7933,3230.9966039671945
7934,3230.9966039671945
7935,3230.9966039671945
7936,3230.9966039671945
7937,3230.9966039671945
7938,3230.9966039671945
7939,3230.9966039671945
7940,3230.9966039671945
7941,3230.9966039671945
7942,3230.9966039671945
7943,3230.9966039671945
7944,3230.9966039671945
7945,3230.9966039671945
7946,3230.9966039671945
7947,3230.9966039671945
7948,3230.9966039671945
7949,3230.9966039671945
7950,3230.9966039671945
7951,3230.9966039671945
7952,3230.9966039671945
7953,3230.9966039671945
7954,3230.9966039671945
7955,3230.9966039671945
7956,3230.9966039671945
7957,3230.9966039671945
7958,3230.9966039671945
7959,3230.9966039671945
7960,3230.9966039671945
7961,3230.9966039671945
7962,3230.9966039671945
7963,3230.9966039671945
7964,3230.9966039671945
7965,3230.9966039671945
7966,3230.9966039671945
7967,3230.9966039671945
7968,3230.9966039671945
7969,3230.9966039671945
7970,3230.9966039671945
7971,3230.9966039671945
7972,3230.9966039671945
7973,3230.9966039671945
7974,3230.9966039671945
7975,3230.9966039671945
7976,3230.9966039671945
7977,3230.9966039671945
7978,3230.9966039671945
7979,3230.9966039671945
7980,3230.9966039671945
7981,3230.9966039671945
7982,3230.9966039671945
7983,3230.9966039671945
7984,3230.9966039671945
7985,3230.9966039671945
7986,3230.9966039671945
7987,3230.9966039671945
7988,3230.9966039671945
7989,3230.9966039671945
7990,3230.9966039671945
7991,3230.9966039671945
7992,3230.9966039671945
7993,3230.9966039671945
7994,3230.9966039671945
7995,3230.9966039671945
7996,3230.9966039671945
7997,3230.9966039671945
7998,3230.9966039671945
7999,3230.9966039671945
8000,3230.9966039671945
8001,3230.9966039671945
8002,3230.9966039671945
8003,3230.9966039671945
8004,3230.9966039671945
8005,3230.9966039671945
8006,3230.9966039671945
8007,3230.9966039671945
8008,3230.9966039671945
8009,3230.9966039671945
8010,3230.9966039671945
8011,3230.9966039671945
8012,3230.9966039671945
8013,3230.9966039671945
8014,3230.9966039671945
8015,3230.9966039671945
8016,3230.9966039671945
8017,3230.9966039671945
8018,3230.9966039671945
8019,3230.9966039671945
8020,3230.9966039671945
8021,3230.9966039671945
8022,3230.9966039671945
8023,3230.9966039671945
8024,3230.9966039671945
8025,3230.9966039671945
8026,3230.9966039671945
8027,3230.9966039671945
8028,3230.9966039671945
8029,3230.9966039671945
8030,3230.9966039671945
8031,3230.9966039671945
8032,3230.9966039671945
8033,3230.9966039671945
8034,3230.9966039671945
8035,3230.9966039671945
8036,3230.9966039671945
8037,3230.9966039671945
8038,3230.9966039671945
8039,3230.9966039671945
8040,3230.9966039671945
8041,3230.9966039671945
8042,3230.9966039671945
8043,3230.9966039671945
8044,3230.9966039671945
8045,3230.9966039671945
8046,3230.9966039671945
8047,3230.9966039671945
8048,3230.9966039671945
8049,3230.9966039671945
8050,3230.9966039671945
8051,3230.9966039671945
8052,3230.9966039671945
8053,3230.9966039671945
8054,3230.9966039671945
8055,3230.9966039671945
8056,3230.9966039671945
8057,3230.9966039671945
8058,3230.9966039671945
8059,3230.9966039671945
8060,3230.9966039671945
8061,3230.9966039671945
8062,3230.9966039671945
8063,3230.9966039671945
8064,3230.9966039671945
8065,3230.9966039671945
8066,3230.9966039671945
8067,3230.9966039671945
8068,3230.9966039671945
8069,3230.9966039671945
8070,3230.9966039671945
8071,3230.9966039671945
8072,3230.9966039671945
8073,3230.9966039671945
8074,3230.9966039671945
8075,3230.9966039671945
8076,3230.9966039671945
8077,3230.9966039671945
8078,3230.9966039671945
8079,3230.9966039671945
8080,3230.9966039671945
8081,3230.9966039671945
8082,3230.9966039671945
8083,3230.9966039671945
8084,3230.9966039671945
8085,3230.9966039671945
8086,3230.9966039671945
8087,3230.9966039671945
8088,3230.9966039671945
8089,3230.9966039671945
8090,3230.9966039671945
8091,3230.9966039671945
8092,3230.9966039671945
8093,3230.9966039671945
8094,3230.9966039671945
8095,3230.9966039671945
8096,3230.9966039671945
8097,3230.9966039671945
8098,3230.9966039671945
8099,3230.9966039671945
8100,3230.9966039671945
8101,3230.9966039671945
8102,3230.9966039671945
8103,3230.9966039671945
8104,3230.9966039671945
8105,3230.9966039671945
8106,3230.9966039671945
8107,3230.9966039671945
8108,3230.9966039671945
8109,3230.9966039671945
8110,3230.9966039671945
8111,3230.9966039671945
8112,3230.9966039671945
8113,3230.9966039671945
8114,3230.9966039671945
8115,3230.9966039671945
8116,3230.9966039671945
8117,3230.9966039671945
8118,3230.9966039671945
8119,3230.9966039671945
8120,3230.9966039671945
8121,3230.9966039671945
8122,3230.9966039671945
8123,3230.9966039671945
8124,3230.9966039671945
8125,3230.9966039671945
8126,3230.9966039671945
8127,3230.9966039671945
8128,3230.9966039671945
8129,3230.9966039671945
8130,3230.9966039671945
8131,3230.9966039671945
8132,3230.9966039671945
8133,3230.9966039671945
8134,3230.9966039671945
8135,3230.9966039671945
8136,3230.9966039671945
8137,3230.9966039671945
8138,3230.9966039671945
8139,3230.9966039671945
8140,3230.9966039671945
8141,3230.9966039671945
8142,3230.9966039671945
8143,3230.9966039671945
8144,3230.9966039671945
8145,3230.9966039671945
8146,3230.9966039671945
8147,3230.9966039671945
8148,3230.9966039671945
8149,3230.9966039671945
8150,3230.9966039671945
8151,3230.9966039671945
8152,3230.9966039671945
8153,3230.9966039671945
8154,3230.9966039671945
8155,3230.9966039671945
8156,3230.9966039671945
8157,3230.9966039671945
8158,3230.9966039671945
8159,3230.9966039671945
8160,3230.9966039671945
8161,3230.9966039671945
8162,3230.9966039671945
8163,3230.9966039671945
8164,3230.9966039671945
8165,3230.9966039671945
8166,3230.9966039671945
8167,3230.9966039671945
8168,3230.9966039671945
8169,3230.9966039671945
8170,3230.9966039671945
8171,3230.9966039671945
8172,3230.9966039671945
8173,3230.9966039671945
8174,3230.9966039671945
8175,3230.9966039671945
8176,3230.9966039671945
8177,3230.9966039671945
8178,3230.9966039671945
8179,3230.9966039671945
8180,3230.9966039671945
8181,3230.9966039671945
8182,3230.9966039671945
8183,3230.9966039671945
8184,3230.9966039671945
8185,3230.9966039671945
8186,3230.9966039671945
8187,3230.9966039671945
8188,3230.9966039671945
8189,3230.9966039671945
8190,3230.9966039671945
8191,3230.9966039671945
8192,3230.9966039671945
8193,3230.9966039671945
8194,3230.9966039671945
8195,3230.9966039671945
8196,3230.9966039671945
8197,3230.9966039671945
8198,3230.9966039671945
8199,3230.9966039671945
8200,3230.9966039671945
8201,3230.9966039671945
8202,3230.9966039671945
8203,3230.9966039671945
8204,3230.9966039671945
8205,3230.9966039671945
8206,3230.9966039671945
8207,3230.9966039671945
8208,3230.9966039671945
8209,3230.9966039671945
8210,3230.9966039671945
8211,3230.9966039671945
8212,3230.9966039671945
8213,3230.9966039671945
8214,3230.9966039671945
8215,3230.9966039671945
8216,3230.9966039671945
8217,3230.9966039671945
8218,3230.9966039671945
8219,3230.9966039671945
8220,3230.9966039671945
8221,3230.9966039671945
8222,3230.9966039671945
8223,3230.9966039671945
8224,3230.9966039671945
8225,3230.9966039671945
8226,3230.9966039671945
8227,3230.9966039671945
8228,3230.9966039671945
8229,3230.9966039671945
8230,3230.9966039671945
8231,3230.9966039671945
8232,3230.9966039671945
8233,3230.9966039671945
8234,3230.9966039671945
8235,3230.9966039671945
8236,3230.9966039671945
8237,3230.9966039671945
8238,3230.9966039671945
8239,3230.9966039671945
8240,3230.9966039671945
8241,3230.9966039671945
8242,3230.9966039671945
8243,3230.9966039671945
8244,3230.9966039671945
8245,3230.9966039671945
8246,3230.9966039671945
8247,3230.9966039671945
8248,3230.9966039671945
8249,3230.9966039671945
8250,3230.9966039671945
8251,3230.9966039671945
8252,3230.9966039671945
8253,3230.9966039671945
8254,3230.9966039671945
8255,3230.9966039671945
8256,3230.9966039671945
8257,3230.9966039671945
8258,3230.9966039671945
8259,3230.9966039671945
8260,3230.9966039671945
8261,3230.9966039671945
8262,3230.9966039671945
8263,3230.9966039671945
8264,3230.9966039671945
8265,3230.9966039671945
8266,3230.9966039671945
8267,3230.9966039671945
8268,3230.9966039671945
8269,3230.9966039671945
8270,3230.9966039671945
8271,3230.9966039671945
8272,3230.9966039671945
8273,3230.9966039671945
8274,3230.9966039671945
8275,3230.9966039671945
8276,3230.9966039671945
8277,3230.9966039671945
8278,3230.9966039671945
8279,3230.9966039671945
8280,3230.9966039671945
8281,3230.9966039671945
8282,3230.9966039671945
8283,3230.9966039671945
8284,3230.9966039671945
8285,3230.9966039671945
8286,3230.9966039671945
8287,3230.9966039671945
8288,3230.9966039671945
8289,3230.9966039671945
8290,3230.9966039671945
8291,3230.9966039671945
8292,3230.9966039671945
8293,3230.9966039671945
8294,3230.9966039671945
8295,3230.9966039671945
8296,3230.9966039671945
8297,3230.9966039671945
8298,3230.9966039671945
8299,3230.9966039671945
8300,3230.9966039671945
8301,3230.9966039671945
8302,3230.9966039671945
8303,3230.9966039671945
8304,3230.9966039671945
8305,3230.9966039671945
8306,3230.9966039671945
8307,3230.9966039671945
8308,3230.9966039671945
8309,3230.9966039671945
8310,3205.1047810537866
8311,3205.1047810537866
8312,3205.1047810537866
8313,3205.1047810537866
8314,3205.1047810537866
8315,3205.1047810537866
8316,3205.1047810537866
8317,3205.1047810537866
8318,3205.1047810537866
8319,3205.1047810537866
8320,3205.1047810537866
8321,3205.1047810537866
8322,3205.1047810537866
8323,3205.1047810537866
8324,3205.1047810537866
8325,3205.1047810537866
8326,3205.1047810537866
8327,3205.1047810537866
8328,3205.1047810537866
8329,3205.1047810537866
8330,3205.1047810537866
8331,3205.1047810537866
8332,3205.1047810537866
8333,3205.1047810537866
8334,3205.1047810537866
8335,3205.1047810537866
8336,3205.1047810537866
8337,3205.1047810537866
8338,3205.1047810537866
8339,3205.1047810537866
8340,3205.1047810537866
8341,3205.1047810537866
8342,3205.1047810537866
8343,3205.1047810537866
8344,3205.1047810537866
8345,3205.1047810537866
8346,3205.1047810537866
8347,3205.1047810537866
8348,3205.1047810537866
8349,3205.1047810537866
8350,3205.1047810537866
8351,3205.1047810537866
8352,3205.1047810537866
8353,3205.1047810537866
8354,3205.1047810537866
8355,3205.1047810537866
8356,3205.1047810537866
8357,3205.1047810537866
8358,3205.1047810537866
8359,3205.1047810537866
8360,3205.1047810537866
8361,3205.1047810537866
8362,3205.1047810537866
8363,3205.1047810537866
8364,3205.1047810537866
8365,3205.1047810537866
8366,3205.1047810537866
8367,3205.1047810537866
8368,3205.1047810537866
8369,3205.1047810537866
8370,3205.1047810537866
8371,3205.1047810537866
8372,3205.1047810537866
8373,3205.1047810537866
8374,3205.1047810537866
8375,3205.1047810537866
8376,3205.1047810537866
8377,3205.1047810537866
8378,3205.1047810537866
8379,3205.1047810537866
8380,3205.1047810537866
8381,3205.1047810537866
8382,3205.1047810537866
8383,3205.1047810537866
8384,3205.1047810537866
8385,3205.1047810537866
8386,3205.1047810537866
8387,3205.1047810537866
8388,3205.1047810537866
8389,3205.1047810537866
8390,3205.1047810537866
8391,3205.1047810537866
8392,3205.1047810537866
8393,3205.1047810537866
8394,3205.1047810537866
8395,3205.1047810537866
8396,3205.1047810537866
8397,3205.1047810537866
8398,3205.1047810537866
8399,3205.1047810537866
8400,3205.1047810537866
8401,3205.1047810537866
8402,3205.1047810537866
8403,3205.1047810537866
8404,3205.1047810537866
8405,3205.1047810537866
8406,3205.1047810537866
8407,3205.1047810537866
8408,3205.1047810537866
8409,3205.1047810537866
8410,3205.1047810537866
8411,3205.1047810537866
8412,3205.1047810537866
8413,3205.1047810537866
8414,3205.1047810537866
8415,3205.1047810537866
8416,3205.1047810537866
8417,3205.1047810537866
8418,3205.1047810537866
8419,3205.1047810537866
8420,3205.1047810537866
8421,3205.1047810537866
8422,3205.1047810537866
8423,3205.1047810537866
8424,3205.1047810537866
8425,3205.1047810537866
8426,3205.1047810537866
8427,3205.1047810537866
8428,3205.1047810537866
8429,3205.1047810537866
8430,3205.1047810537866
8431,3205.1047810537866
8432,3205.1047810537866
8433,3205.1047810537866
8434,3205.1047810537866
8435,3205.1047810537866
8436,3205.1047810537866
8437,3205.1047810537866
8438,3205.1047810537866
8439,3205.1047810537866
8440,3205.1047810537866
8441,3205.1047810537866
8442,3205.1047810537866
8443,3205.1047810537866
8444,3205.1047810537866
8445,3205.1047810537866
8446,3205.1047810537866
8447,3205.1047810537866
8448,3205.1047810537866
8449,3205.1047810537866
8450,3205.1047810537866
8451,3205.1047810537866
8452,3205.1047810537866
8453,3205.1047810537866
8454,3205.1047810537866
8455,3205.1047810537866
8456,3205.1047810537866
8457,3205.1047810537866
8458,3205.1047810537866
8459,3205.1047810537866
8460,3205.1047810537866
8461,3205.1047810537866
8462,3205.1047810537866
8463,3205.1047810537866
8464,3205.1047810537866
8465,3205.1047810537866
8466,3205.1047810537866
8467,3205.1047810537866
8468,3205.1047810537866
8469,3205.1047810537866
8470,3205.1047810537866
8471,3205.1047810537866
8472,3205.1047810537866
8473,3205.1047810537866
8474,3205.1047810537866
8475,3205.1047810537866
8476,3205.1047810537866
8477,3205.1047810537866
8478,3205.1047810537866
8479,3205.1047810537866
8480,3205.1047810537866
8481,3205.1047810537866
8482,3205.1047810537866
8483,3205.1047810537866
8484,3205.1047810537866
8485,3205.1047810537866
8486,3205.1047810537866
8487,3205.1047810537866
8488,3205.1047810537866
8489,3205.1047810537866
8490,3205.1047810537866
8491,3205.1047810537866
8492,3205.1047810537866
8493,3205.1047810537866
8494,3205.1047810537866
8495,3205.1047810537866
8496,3205.1047810537866
8497,3205.1047810537866
8498,3205.1047810537866
8499,3205.1047810537866
8500,3205.1047810537866
8501,3205.1047810537866
8502,3205.1047810537866
8503,3205.1047810537866
8504,3205.1047810537866
8505,3205.1047810537866
8506,3205.1047810537866
8507,3205.1047810537866
8508,3205.1047810537866
8509,3205.1047810537866
8510,3205.1047810537866
8511,3205.1047810537866
8512,3205.1047810537866
8513,3205.1047810537866
8514,3205.1047810537866
8515,3205.1047810537866
8516,3205.1047810537866
8517,3205.1047810537866
8518,3205.1047810537866
8519,3205.1047810537866
8520,3205.1047810537866
8521,3205.1047810537866
8522,3205.1047810537866
8523,3205.1047810537866
8524,3205.1047810537866
8525,3172.024163331519
8526,3172.024163331519
8527,3172.024163331519
8528,3172.024163331519
8529,3172.024163331519
8530,3172.024163331519
8531,3172.024163331519
8532,3172.024163331519
8533,3172.024163331519
8534,3172.024163331519
8535,3172.024163331519
8536,3172.024163331519
8537,3172.024163331519
8538,3172.024163331519
8539,3172.024163331519
8540,3172.024163331519
8541,3172.024163331519
8542,3172.024163331519
8543,3172.024163331519
8544,3172.024163331519
8545,3172.024163331519
8546,3172.024163331519
8547,3172.024163331519
8548,3172.024163331519
8549,3169.5225800104436
8550,3169.5225800104436
8551,3169.5225800104436
8552,3169.5225800104436
8553,3169.5225800104436
8554,3169.5225800104436
8555,3169.5225800104436
8556,3169.5225800104436
8557,3169.5225800104436
8558,3169.5225800104436
8559,3169.5225800104436
8560,3169.5225800104436
8561,3169.5225800104436
8562,3169.5225800104436
8563,3169.5225800104436
8564,3169.5225800104436
8565,3169.5225800104436
8566,3169.5225800104436
8567,3169.5225800104436
8568,3169.5225800104436
8569,3169.5225800104436
8570,3169.5225800104436
8571,3169.5225800104436
8572,3169.5225800104436
8573,3169.5225800104436
8574,3169.5225800104436
8575,3169.5225800104436
8576,3169.5225800104436
8577,3169.5225800104436
8578,3169.5225800104436
8579,3169.5225800104436
8580,3169.5225800104436
8581,3169.5225800104436
8582,3169.5225800104436
8583,3169.5225800104436
8584,3169.5225800104436
8585,3169.5225800104436
8586,3169.5225800104436
8587,3169.5225800104436
8588,3169.5225800104436
8589,3169.5225800104436
8590,3169.5225800104436
8591,3169.5225800104436
8592,3169.5225800104436
8593,3169.5225800104436
8594,3169.5225800104436
8595,3169.5225800104436
8596,3169.5225800104436
8597,3169.5225800104436
8598,3169.5225800104436
8599,3169.5225800104436
8600,3169.5225800104436
8601,3169.5225800104436
8602,3169.5225800104436
8603,3169.5225800104436
8604,3169.5225800104436
8605,3169.5225800104436
8606,3169.5225800104436
8607,3169.5225800104436
8608,3169.5225800104436
8609,3169.5225800104436
8610,3169.5225800104436
8611,3169.5225800104436
8612,3169.5225800104436
8613,3169.5225800104436
8614,3169.5225800104436
8615,3169.5225800104436
8616,3169.5225800104436
8617,3169.5225800104436
8618,3169.5225800104436
8619,3169.5225800104436
8620,3169.5225800104436
8621,3169.5225800104436
8622,3169.5225800104436
8623,3169.5225800104436
8624,3169.5225800104436
8625,3169.5225800104436
8626,3169.5225800104436
8627,3169.5225800104436
8628,3169.5225800104436
8629,3169.5225800104436
8630,3169.5225800104436
8631,3169.5225800104436
8632,3169.5225800104436
8633,3169.5225800104436
8634,3169.5225800104436
8635,3169.5225800104436
8636,3169.5225800104436
8637,3169.5225800104436
8638,3169.5225800104436
8639,3169.5225800104436
8640,3169.5225800104436
8641,3169.5225800104436
8642,3169.5225800104436
8643,3169.5225800104436
8644,3169.5225800104436
8645,3169.5225800104436
8646,3169.5225800104436
8647,3169.5225800104436
8648,3169.5225800104436
8649,3169.5225800104436
8650,3169.5225800104436
8651,3169.5225800104436
8652,3169.5225800104436
8653,3169.5225800104436
8654,3169.5225800104436
8655,3169.5225800104436
8656,3169.5225800104436
8657,3169.5225800104436
8658,3169.5225800104436
8659,3169.5225800104436
8660,3169.5225800104436
8661,3169.5225800104436
8662,3169.5225800104436
8663,3169.5225800104436
8664,3169.5225800104436
8665,3169.5225800104436
8666,3169.5225800104436
8667,3169.5225800104436
8668,3169.5225800104436
8669,3169.5225800104436
8670,3169.5225800104436
8671,3169.5225800104436
8672,3169.5225800104436
8673,3169.5225800104436
8674,3169.5225800104436
8675,3169.5225800104436
8676,3169.5225800104436
8677,3169.5225800104436
8678,3169.5225800104436
8679,3169.5225800104436
8680,3169.5225800104436
8681,3169.5225800104436
8682,3169.5225800104436
8683,3169.5225800104436
8684,3169.5225800104436
8685,3169.5225800104436
8686,3169.5225800104436
8687,3169.5225800104436
8688,3169.5225800104436
8689,3169.5225800104436
8690,3169.5225800104436
8691,3169.5225800104436
8692,3169.5225800104436
8693,3169.5225800104436
8694,3169.5225800104436
8695,3169.5225800104436
8696,3169.5225800104436
8697,3169.5225800104436
8698,3169.5225800104436
8699,3169.5225800104436
8700,3169.5225800104436
8701,3169.5225800104436
8702,3169.5225800104436
8703,3169.5225800104436
8704,3169.5225800104436
8705,3169.5225800104436
8706,3169.5225800104436
8707,3169.5225800104436
8708,3169.5225800104436
8709,3169.5225800104436
8710,3169.5225800104436
8711,3169.5225800104436
8712,3169.5225800104436
8713,3169.5225800104436
8714,3169.5225800104436
8715,3169.5225800104436
8716,3169.5225800104436
8717,3169.5225800104436
8718,3169.5225800104436
8719,3169.5225800104436
8720,3169.5225800104436
8721,3169.5225800104436
8722,3169.5225800104436
8723,3169.5225800104436
8724,3169.5225800104436
8725,3169.5225800104436
8726,3169.5225800104436
8727,3169.5225800104436
8728,3169.5225800104436
8729,3169.5225800104436
8730,3169.5225800104436
8731,3169.5225800104436
8732,3169.5225800104436
8733,3169.5225800104436
8734,3169.5225800104436
8735,3169.5225800104436
8736,3169.5225800104436
8737,3169.5225800104436
8738,3169.5225800104436
8739,3169.5225800104436
8740,3169.5225800104436
8741,3169.5225800104436
8742,3169.5225800104436
8743,3169.5225800104436
8744,3169.5225800104436
8745,3169.5225800104436
8746,3169.5225800104436
8747,3169.5225800104436
8748,3169.5225800104436
8749,3169.5225800104436
8750,3169.5225800104436
8751,3169.5225800104436
8752,3169.5225800104436
8753,3169.5225800104436
8754,3169.5225800104436
8755,3169.5225800104436
8756,3169.5225800104436
8757,3169.5225800104436
8758,3169.5225800104436
8759,3169.5225800104436
8760,3169.5225800104436
8761,3169.5225800104436
8762,3169.5225800104436
8763,3169.5225800104436
8764,3169.5225800104436
8765,3169.5225800104436
8766,3169.5225800104436
8767,3169.5225800104436
8768,3169.5225800104436
8769,3169.5225800104436
8770,3169.5225800104436
8771,3169.5225800104436
8772,3169.5225800104436
8773,3169.5225800104436
8774,3169.5225800104436
8775,3166.910058536254
8776,3166.910058536254
8777,3166.910058536254
8778,3166.910058536254
8779,3166.910058536254
8780,3166.910058536254
8781,3166.910058536254
8782,3166.910058536254
8783,3166.910058536254
8784,3166.910058536254
8785,3166.910058536254
8786,3166.910058536254
8787,3166.910058536254
8788,3166.910058536254
8789,3166.910058536254
8790,3166.910058536254
8791,3166.910058536254
8792,3166.910058536254
8793,3166.910058536254
8794,3166.910058536254
8795,3165.9508227387287
8796,3165.9508227387287
8797,3165.9508227387287
8798,3165.9508227387287
8799,3165.9508227387287
8800,3165.9508227387287
8801,3165.9508227387287
8802,3165.9508227387287
8803,3165.9508227387287
8804,3165.9508227387287
8805,3165.9508227387287
8806,3165.9508227387287
8807,3165.9508227387287
8808,3165.9508227387287
8809,3165.9508227387287
8810,3165.9508227387287
8811,3165.9508227387287
8812,3165.9508227387287
8813,3165.9508227387287
8814,3165.9508227387287
8815,3165.9508227387287
8816,3165.9508227387287
8817,3165.9508227387287
8818,3165.9508227387287
8819,3165.9508227387287
8820,3165.9508227387287
8821,3165.9508227387287
8822,3165.9508227387287
8823,3165.9508227387287
8824,3165.9508227387287
8825,3165.9508227387287
8826,3165.9508227387287
8827,3165.9508227387287
8828,3165.9508227387287
8829,3165.9508227387287
8830,3165.9508227387287
8831,3165.9508227387287
8832,3165.9508227387287
8833,3165.9508227387287
8834,3165.9508227387287
8835,3165.9508227387287
8836,3165.9508227387287
8837,3165.9508227387287
8838,3165.9508227387287
8839,3165.9508227387287
8840,3165.9508227387287
8841,3165.9508227387287
8842,3165.9508227387287
8843,3165.9508227387287
8844,3165.9508227387287
8845,3165.9508227387287
8846,3165.9508227387287
8847,3165.9508227387287
8848,3165.9508227387287
8849,3165.9508227387287
8850,3165.9508227387287
8851,3165.9508227387287
8852,3165.9508227387287
8853,3165.9508227387287
8854,3165.9508227387287
8855,3165.9508227387287
8856,3165.9508227387287
8857,3165.9508227387287
8858,3165.9508227387287
8859,3138.306896765427
8860,3138.306896765427
8861,3138.306896765427
8862,3138.306896765427
8863,3138.306896765427
8864,3138.306896765427
8865,3138.306896765427
8866,3138.306896765427
8867,3138.072499491346
8868,3138.072499491346
8869,3138.072499491346
8870,3138.072499491346
8871,3138.072499491346
8872,3138.072499491346
8873,3138.072499491346
8874,3138.072499491346
8875,3138.072499491346
8876,3138.072499491346
8877,3138.072499491346
8878,3135.687185074473
8879,3135.687185074473
8880,3135.687185074473
8881,3135.687185074473
8882,3135.687185074473
8883,3135.687185074473
8884,3135.687185074473
8885,3135.687185074473
8886,3135.687185074473
8887,3135.687185074473
8888,3135.687185074473
8889,3135.687185074473
8890,3135.687185074473
8891,3135.687185074473
8892,3135.687185074473
8893,3135.687185074473
8894,3135.687185074473
8895,3135.687185074473
8896,3135.687185074473
8897,3135.687185074473
8898,3135.687185074473
8899,3135.687185074473
8900,3135.687185074473
8901,3135.687185074473
8902,3135.687185074473
8903,3128.168814618519
8904,3128.168814618519
8905,3128.168814618519
8906,3128.168814618519
8907,3128.168814618519
8908,3128.168814618519
8909,3128.168814618519
8910,3128.168814618519
8911,3128.168814618519
8912,3128.168814618519
8913,3128.168814618519
8914,3128.168814618519
8915,3128.168814618519
8916,3128.168814618519
8917,3128.168814618519
8918,3128.168814618519
8919,3128.168814618519
8920,3128.168814618519
8921,3128.168814618519
8922,3128.168814618519
8923,3128.168814618519
8924,3128.168814618519
8925,3128.168814618519
8926,3128.168814618519
8927,3128.168814618519
8928,3128.168814618519
8929,3128.168814618519
8930,3128.168814618519
8931,3128.168814618519
8932,3128.168814618519
8933,3128.168814618519
8934,3128.168814618519
8935,3128.168814618519
8936,3128.168814618519
8937,3128.168814618519
8938,3128.168814618519
8939,3128.168814618519
8940,3128.168814618519
8941,3128.168814618519
8942,3128.168814618519
8943,3128.168814618519
8944,3128.168814618519
8945,3128.168814618519
8946,3128.168814618519
8947,3128.168814618519
8948,3128.168814618519
8949,3128.168814618519
8950,3128.168814618519
8951,3128.168814618519
8952,3128.168814618519
8953,3128.168814618519
8954,3128.168814618519
8955,3128.168814618519
8956,3128.168814618519
8957,3128.168814618519
8958,3128.168814618519
8959,3128.168814618519
8960,3128.168814618519
8961,3128.168814618519
8962,3128.168814618519
8963,3128.168814618519
8964,3128.168814618519
8965,3128.168814618519
8966,3128.168814618519
8967,3128.168814618519
8968,3128.168814618519
8969,3128.168814618519
8970,3128.168814618519
8971,3128.168814618519
8972,3128.168814618519
8973,3128.168814618519
8974,3128.168814618519
8975,3128.168814618519
8976,3128.168814618519
8977,3128.168814618519
8978,3128.168814618519
8979,3128.168814618519
8980,3128.168814618519
8981,3128.168814618519
8982,3128.168814618519
8983,3128.168814618519
8984,3128.168814618519
8985,3128.168814618519
8986,3128.168814618519
8987,3128.168814618519
8988,3128.168814618519
8989,3128.168814618519
8990,3128.168814618519
8991,3128.168814618519
8992,3128.168814618519
8993,3128.168814618519
8994,3128.168814618519
8995,3128.168814618519
8996,3128.168814618519
8997,3128.168814618519
8998,3128.168814618519
8999,3128.168814618519
9000,3128.168814618519
9001,3128.168814618519
9002,3128.168814618519
9003,3128.168814618519
9004,3128.168814618519
9005,3128.168814618519
9006,3128.168814618519
9007,3128.168814618519
9008,3128.168814618519
9009,3128.168814618519
9010,3128.168814618519
9011,3128.168814618519
9012,3128.168814618519
9013,3128.168814618519
9014,3128.168814618519
9015,3128.168814618519
9016,3128.168814618519
9017,3128.168814618519
9018,3128.168814618519
9019,3128.168814618519
9020,3128.168814618519
9021,3128.168814618519
9022,3128.168814618519
9023,3128.168814618519
9024,3128.168814618519
9025,3128.168814618519
9026,3128.168814618519
9027,3128.168814618519
9028,3128.168814618519
9029,3128.168814618519
9030,3128.168814618519
9031,3128.168814618519
9032,3128.168814618519
9033,3128.168814618519
9034,3128.168814618519
9035,3128.168814618519
9036,3128.168814618519
9037,3128.168814618519
9038,3128.168814618519
9039,3128.168814618519
9040,3128.168814618519
9041,3128.168814618519
9042,3128.168814618519
9043,3128.168814618519
9044,3128.168814618519
9045,3128.168814618519
9046,3128.168814618519
9047,3128.168814618519
9048,3128.168814618519
9049,3128.168814618519
9050,3128.168814618519
9051,3128.168814618519
9052,3128.168814618519
9053,3128.168814618519
9054,3128.168814618519
9055,3128.168814618519
9056,3128.168814618519
9057,3128.168814618519
9058,3128.168814618519
9059,3128.168814618519
9060,3128.168814618519
9061,3128.168814618519
9062,3128.168814618519
9063,3128.168814618519
9064,3128.168814618519
9065,3128.168814618519
9066,3128.168814618519
9067,3128.168814618519
9068,3128.168814618519
9069,3128.168814618519
9070,3128.168814618519
9071,3128.168814618519
9072,3128.168814618519
9073,3128.168814618519
9074,3128.168814618519
9075,3128.168814618519
9076,3128.168814618519
9077,3099.8909130869233
9078,3099.8909130869233
9079,3099.8909130869233
9080,3099.8909130869233
9081,3099.8909130869233
9082,3099.8909130869233
9083,3099.8909130869233
9084,3099.8909130869233
9085,3099.8909130869233
9086,3099.8909130869233
9087,3099.8909130869233
9088,3086.4173979913458
9089,3086.4173979913458
9090,3086.4173979913458
9091,3086.4173979913458
9092,3086.4173979913458
9093,3086.4173979913458
9094,3086.4173979913458
9095,3086.4173979913458
9096,3086.4173979913458
9097,3086.4173979913458
9098,3086.4173979913458
9099,3086.4173979913458
9100,3086.4173979913458
9101,3086.4173979913458
9102,3086.4173979913458
9103,3086.4173979913458
9104,3086.4173979913458
9105,3086.4173979913458
9106,3086.4173979913458
9107,3086.4173979913458
9108,3086.4173979913458
9109,3086.4173979913458
9110,3086.4173979913458
9111,3086.4173979913458
9112,3086.4173979913458
9113,3086.4173979913458
9114,3086.4173979913458
9115,3086.4173979913458
9116,3086.4173979913458
9117,3086.4173979913458
9118,3086.4173979913458
9119,3086.4173979913458
9120,3086.4173979913458
9121,3086.4173979913458
9122,3086.4173979913458
9123,3086.4173979913458
9124,3086.4173979913458
9125,3086.4173979913458
9126,3086.4173979913458
9127,3086.4173979913458
9128,3086.4173979913458
9129,3086.4173979913458
9130,3086.4173979913458
9131,3086.4173979913458
9132,3053.248454856169
9133,3053.248454856169
9134,3053.248454856169
9135,3053.248454856169
9136,3053.248454856169
9137,3053.248454856169
9138,3053.248454856169
9139,3053.248454856169
9140,3053.248454856169
9141,3053.248454856169
9142,3053.248454856169
9143,3053.248454856169
9144,3053.248454856169
9145,3053.248454856169
9146,3053.248454856169
9147,3053.248454856169
9148,3053.248454856169
9149,3053.248454856169
9150,3053.248454856169
9151,3053.248454856169
9152,3053.248454856169
9153,3053.248454856169
9154,3053.248454856169
9155,3053.248454856169
9156,3053.248454856169
9157,3053.248454856169
9158,3053.248454856169
9159,3053.248454856169
9160,3053.248454856169
9161,3053.248454856169
9162,3053.248454856169
9163,3053.248454856169
9164,3053.248454856169
9165,3053.248454856169
9166,3053.248454856169
9167,3053.248454856169
9168,3053.248454856169
9169,3053.248454856169
9170,3053.248454856169
9171,3053.248454856169
9172,3053.248454856169
9173,3053.248454856169
9174,3053.248454856169
9175,3053.248454856169
9176,3053.248454856169
9177,3053.248454856169
9178,3053.248454856169
9179,3053.248454856169
9180,3053.248454856169
9181,3053.248454856169
9182,3053.248454856169
9183,3053.248454856169
9184,3053.248454856169
9185,3053.248454856169
9186,3053.248454856169
9187,3053.248454856169
9188,3053.248454856169
9189,3053.248454856169
9190,3053.248454856169
9191,3053.248454856169
9192,3053.248454856169
9193,3053.248454856169
9194,3053.248454856169
9195,3053.248454856169
9196,3053.248454856169
9197,3053.248454856169
9198,3053.248454856169
9199,3053.248454856169
9200,3053.248454856169
9201,3053.248454856169
9202,3053.248454856169
9203,3053.248454856169
9204,3053.248454856169
9205,3053.248454856169
9206,3053.248454856169
9207,3053.248454856169
9208,3053.248454856169
9209,3053.248454856169
9210,3053.248454856169
9211,3053.248454856169
9212,3053.248454856169
9213,3053.248454856169
9214,3053.248454856169
9215,3053.248454856169
9216,3053.248454856169
9217,3053.248454856169
9218,3053.248454856169
9219,3053.248454856169
9220,3053.248454856169
9221,3053.248454856169
9222,3053.248454856169
9223,3053.248454856169
9224,3053.248454856169
9225,3053.248454856169
9226,3053.248454856169
9227,3053.248454856169
9228,3053.248454856169
9229,3053.248454856169
9230,3053.248454856169
9231,3053.248454856169
9232,3053.248454856169
9233,3053.248454856169
9234,3053.248454856169
9235,3053.248454856169
9236,3053.248454856169
9237,3053.248454856169
9238,3053.248454856169
9239,3053.248454856169
9240,3053.248454856169
9241,3053.248454856169
9242,3053.248454856169
9243,3053.248454856169
9244,3053.248454856169
9245,3053.248454856169
9246,3053.248454856169
9247,3053.248454856169
9248,3053.248454856169
9249,3053.248454856169
9250,3053.248454856169
9251,3053.248454856169
9252,3053.248454856169
9253,3053.248454856169
9254,3053.248454856169
9255,3053.248454856169
9256,3053.248454856169
9257,3053.248454856169
9258,3053.248454856169
9259,3053.248454856169
9260,3053.248454856169
9261,3053.248454856169
9262,3053.248454856169
9263,3053.248454856169
9264,3053.248454856169
9265,3053.248454856169
9266,3053.248454856169
9267,3053.248454856169
9268,3053.248454856169
9269,3053.248454856169
9270,3053.248454856169
9271,3053.248454856169
9272,3053.248454856169
9273,3053.248454856169
9274,3053.248454856169
9275,3053.248454856169
9276,3053.248454856169
9277,3053.248454856169
9278,3053.248454856169
9279,3053.248454856169
9280,3053.248454856169
9281,3053.248454856169
9282,3053.248454856169
9283,3053.248454856169
9284,3053.248454856169
9285,3053.248454856169
9286,3053.248454856169
9287,3053.248454856169
9288,3053.248454856169
9289,3053.248454856169
9290,3053.248454856169
9291,3053.248454856169
9292,3053.248454856169
9293,3053.248454856169
9294,3053.248454856169
9295,3053.248454856169
9296,3053.248454856169
9297,3053.248454856169
9298,3053.248454856169
9299,3053.248454856169
9300,3053.248454856169
9301,3053.248454856169
9302,3053.248454856169
9303,3053.248454856169
9304,3053.248454856169
9305,3053.248454856169
9306,3053.248454856169
9307,3053.248454856169
9308,3053.248454856169
9309,3053.248454856169
9310,3053.248454856169
9311,3053.248454856169
9312,3053.248454856169
9313,3053.248454856169
9314,3053.248454856169
9315,3053.248454856169
9316,3053.248454856169
9317,3053.248454856169
9318,3053.248454856169
9319,3053.248454856169
9320,3053.248454856169
9321,3053.248454856169
9322,3053.248454856169
9323,3053.248454856169
9324,3053.248454856169
9325,3053.248454856169
9326,3053.248454856169
9327,3053.248454856169
9328,3053.248454856169
9329,3053.248454856169
9330,3053.248454856169
9331,3053.248454856169
9332,3053.248454856169
9333,3053.248454856169
9334,3053.248454856169
9335,3053.248454856169
9336,3053.248454856169
9337,3053.248454856169
9338,3053.248454856169
9339,3053.248454856169
9340,3053.248454856169
9341,3053.248454856169
9342,3053.248454856169
9343,3053.248454856169
9344,3053.248454856169
9345,3053.248454856169
9346,3053.248454856169
9347,3053.248454856169
9348,3053.248454856169
9349,3053.248454856169
9350,3053.248454856169
9351,3053.248454856169
9352,3053.248454856169
9353,3053.248454856169
9354,3053.248454856169
9355,3053.248454856169
9356,3053.248454856169
9357,3053.248454856169
9358,3053.248454856169
9359,3053.248454856169
9360,3053.248454856169
9361,3053.248454856169
9362,3053.248454856169
9363,3053.248454856169
9364,3053.248454856169
9365,3053.248454856169
9366,3053.248454856169
9367,3053.248454856169
9368,3053.248454856169
9369,3053.248454856169
9370,3053.248454856169
9371,3053.248454856169
9372,3053.248454856169
9373,3053.248454856169
9374,3053.248454856169
9375,3053.248454856169
9376,3053.248454856169
9377,3053.248454856169
9378,3053.248454856169
9379,3053.248454856169
9380,3053.248454856169
9381,3053.248454856169
9382,3053.248454856169
9383,3053.248454856169
9384,3053.248454856169
9385,3053.248454856169
9386,3053.248454856169
9387,3053.248454856169
9388,3053.248454856169
9389,3053.248454856169
9390,3053.248454856169
9391,3053.248454856169
9392,3053.248454856169
9393,3053.248454856169
9394,3053.248454856169
9395,3053.248454856169
9396,3053.248454856169
9397,3053.248454856169
9398,3053.248454856169
9399,3053.248454856169
9400,3053.248454856169
9401,3053.248454856169
9402,3053.248454856169
9403,3053.248454856169
9404,3053.248454856169
9405,3053.248454856169
9406,3053.248454856169
9407,3053.248454856169
9408,3053.248454856169
9409,3053.248454856169
9410,3053.248454856169
9411,3053.248454856169
9412,3053.248454856169
9413,3053.248454856169
9414,3053.248454856169
9415,3053.248454856169
9416,3053.248454856169
9417,3053.248454856169
9418,3053.248454856169
9419,3053.248454856169
9420,3053.248454856169
9421,3053.248454856169
9422,3053.248454856169
9423,3053.248454856169
9424,3053.248454856169
9425,3053.248454856169
9426,3053.248454856169
9427,3053.248454856169
9428,3053.248454856169
9429,3053.248454856169
9430,3053.248454856169
9431,3053.248454856169
9432,3053.248454856169
9433,3053.248454856169
9434,3053.248454856169
9435,3053.248454856169
9436,3053.248454856169
9437,3053.248454856169
9438,3053.248454856169
9439,3053.248454856169
9440,3053.248454856169
9441,3053.248454856169
9442,3053.248454856169
9443,3053.248454856169
9444,3053.248454856169
9445,3053.248454856169
9446,3053.248454856169
9447,3053.248454856169
9448,3053.248454856169
9449,3053.248454856169
9450,3053.248454856169
9451,3053.248454856169
9452,3053.248454856169
9453,3053.248454856169
9454,3053.248454856169
9455,3053.248454856169
9456,3053.248454856169
9457,3053.248454856169
9458,3053.248454856169
9459,3053.248454856169
9460,3053.248454856169
9461,3053.248454856169
9462,3053.248454856169
9463,3053.248454856169
9464,3053.248454856169
9465,3053.248454856169
9466,3053.248454856169
9467,3053.248454856169
9468,3053.248454856169
9469,3053.248454856169
9470,3053.248454856169
9471,3053.248454856169
9472,3053.248454856169
9473,3053.248454856169
9474,3053.248454856169
9475,3053.248454856169
9476,3053.248454856169
9477,3053.248454856169
9478,3053.248454856169
9479,3053.248454856169
9480,3053.248454856169
9481,3053.248454856169
9482,3053.248454856169
9483,3053.248454856169
9484,3053.248454856169
9485,3053.248454856169
9486,3053.248454856169
9487,3053.248454856169
9488,3053.248454856169
9489,3053.248454856169
9490,3053.248454856169
9491,3053.248454856169
9492,3053.248454856169
9493,3053.248454856169
9494,3053.248454856169
9495,3053.248454856169
9496,3053.248454856169
9497,3053.248454856169
9498,3053.248454856169
9499,3053.248454856169
9500,3053.248454856169
9501,3053.248454856169
9502,3053.248454856169
9503,3053.248454856169
9504,3053.248454856169
9505,3053.248454856169
9506,3053.248454856169
9507,3053.248454856169
9508,3053.248454856169
9509,3053.248454856169
9510,3053.248454856169
9511,3053.248454856169
9512,3053.248454856169
9513,3053.248454856169
9514,3053.248454856169
9515,3053.248454856169
9516,3053.248454856169
9517,3053.248454856169
9518,3053.248454856169
9519,3053.248454856169
9520,3053.248454856169
9521,3053.248454856169
9522,3053.248454856169
9523,3053.248454856169
9524,3053.248454856169
9525,3053.248454856169
9526,3053.248454856169
9527,3053.248454856169
9528,3053.248454856169
9529,3053.248454856169
9530,3053.248454856169
9531,3053.248454856169
9532,3053.248454856169
9533,3053.248454856169
9534,3053.248454856169
9535,3053.248454856169
9536,3053.248454856169
9537,3053.248454856169
9538,3053.248454856169
9539,3053.248454856169
9540,3053.248454856169
9541,3053.248454856169
9542,3053.248454856169
9543,3053.248454856169
9544,3053.248454856169
9545,3053.248454856169
9546,3053.248454856169
9547,3053.248454856169
9548,3053.248454856169
9549,3053.248454856169
9550,3053.248454856169
9551,3053.248454856169
9552,3053.248454856169
9553,3053.248454856169
9554,3053.248454856169
9555,3053.248454856169
9556,3053.248454856169
9557,3053.248454856169
9558,3053.248454856169
9559,3053.248454856169
9560,3053.248454856169
9561,3053.248454856169
9562,3053.248454856169
9563,3053.248454856169
9564,3053.248454856169
9565,3053.248454856169
9566,3053.248454856169
9567,3053.248454856169
9568,3053.248454856169
9569,3053.248454856169
9570,3053.248454856169
9571,3053.248454856169
9572,3053.248454856169
9573,3053.248454856169
9574,3053.248454856169
9575,3053.248454856169
9576,3053.248454856169
9577,3053.248454856169
9578,3053.248454856169
9579,3053.248454856169
9580,3053.248454856169
9581,3053.248454856169
9582,3053.248454856169
9583,3053.248454856169
9584,3053.248454856169
9585,3053.248454856169
9586,3053.248454856169
9587,3053.248454856169
9588,3053.248454856169
9589,3053.248454856169
9590,3053.248454856169
9591,3053.248454856169
9592,3053.248454856169
9593,3053.248454856169
9594,3053.248454856169
9595,3053.248454856169
9596,3053.248454856169
9597,3053.248454856169
9598,3053.248454856169
9599,3053.248454856169
9600,3053.248454856169
9601,3053.248454856169
9602,3053.248454856169
9603,3053.248454856169
9604,3053.248454856169
9605,3053.248454856169
9606,3053.248454856169
9607,3053.248454856169
9608,3053.248454856169
9609,3053.248454856169
9610,3053.248454856169
9611,3053.248454856169
9612,3053.248454856169
9613,3053.248454856169
9614,3053.248454856169
9615,3053.248454856169
9616,3053.248454856169
9617,3053.248454856169
9618,3053.248454856169
9619,3053.248454856169
9620,3053.248454856169
9621,3053.248454856169
9622,3053.248454856169
9623,3053.248454856169
9624,3053.248454856169
9625,3053.248454856169
9626,3053.248454856169
9627,3053.248454856169
9628,3053.248454856169
9629,3053.248454856169
9630,3053.248454856169
9631,3053.248454856169
9632,3053.248454856169
9633,3053.248454856169
9634,3053.248454856169
9635,3053.248454856169
9636,3053.248454856169
9637,3053.248454856169
9638,3053.248454856169
9639,3053.248454856169
9640,3053.248454856169
9641,3053.248454856169
9642,3053.248454856169
9643,3053.248454856169
9644,3053.248454856169
9645,3053.248454856169
9646,3053.248454856169
9647,3053.248454856169
9648,3053.248454856169
9649,3053.248454856169
9650,3053.248454856169
9651,3053.248454856169
9652,3053.248454856169
9653,3053.248454856169
9654,3053.248454856169
9655,3053.248454856169
9656,3053.248454856169
9657,3053.248454856169
9658,3053.248454856169
9659,3053.248454856169
9660,3053.248454856169
9661,3053.248454856169
9662,3053.248454856169
9663,3053.248454856169
9664,3053.248454856169
9665,3053.248454856169
9666,3053.248454856169
9667,3053.248454856169
9668,3053.248454856169
9669,3053.248454856169
9670,3053.248454856169
9671,3053.248454856169
9672,3053.248454856169
9673,3053.248454856169
9674,3053.248454856169
9675,3053.248454856169
9676,3053.248454856169
9677,3053.248454856169
9678,3053.248454856169
9679,3053.248454856169
9680,3053.248454856169
9681,3053.248454856169
9682,3053.248454856169
9683,3053.248454856169
9684,3053.248454856169
9685,3053.248454856169
9686,3053.248454856169
9687,3053.248454856169
9688,3053.248454856169
9689,3053.248454856169
9690,3053.248454856169
9691,3053.248454856169
9692,3053.248454856169
9693,3053.248454856169
9694,3053.248454856169
9695,3053.248454856169
9696,3053.248454856169
9697,3053.248454856169
9698,3053.248454856169
9699,3053.248454856169
9700,3053.248454856169
9701,3053.248454856169
9702,3053.248454856169
9703,3053.248454856169
9704,3053.248454856169
9705,3053.248454856169
9706,3053.248454856169
9707,3053.248454856169
9708,3053.248454856169
9709,3053.248454856169
9710,3053.248454856169
9711,3053.248454856169
9712,3053.248454856169
9713,3053.248454856169
9714,3053.248454856169
9715,3053.248454856169
9716,3053.248454856169
9717,3053.248454856169
9718,3053.248454856169
9719,3053.248454856169
9720,3053.248454856169
9721,3053.248454856169
9722,3053.248454856169
9723,3053.248454856169
9724,3053.248454856169
9725,3053.248454856169
9726,3053.248454856169
9727,3053.248454856169
9728,3053.248454856169
9729,3053.248454856169
9730,3053.248454856169
9731,3053.248454856169
9732,3053.248454856169
9733,3053.248454856169
9734,3053.248454856169
9735,3053.248454856169
9736,3053.248454856169
9737,3053.248454856169
9738,3053.248454856169
9739,3053.248454856169
9740,3053.248454856169
9741,3053.248454856169
9742,3053.248454856169
9743,3053.248454856169
9744,3053.248454856169
9745,3053.248454856169
9746,3053.248454856169
9747,3053.248454856169
9748,3053.248454856169
9749,3053.248454856169
9750,3053.248454856169
9751,3053.248454856169
9752,3053.248454856169
9753,3053.248454856169
9754,3053.248454856169
9755,3053.248454856169
9756,3053.248454856169
9757,3053.248454856169
9758,3053.248454856169
9759,3053.248454856169
9760,3053.248454856169
9761,3053.248454856169
9762,3053.248454856169
9763,3053.248454856169
9764,3053.248454856169
9765,3053.248454856169
9766,3053.248454856169
9767,3053.248454856169
9768,3053.248454856169
9769,3053.248454856169
9770,3053.248454856169
9771,3053.248454856169
9772,3053.248454856169
9773,3053.248454856169
9774,3053.248454856169
9775,3053.248454856169
9776,3053.248454856169
9777,3053.248454856169
9778,3053.248454856169
9779,3053.248454856169
9780,3053.248454856169
9781,3053.248454856169
9782,3053.248454856169
9783,3053.248454856169
9784,3053.248454856169
9785,3053.248454856169
9786,3053.248454856169
9787,3053.248454856169
9788,3053.248454856169
9789,3053.248454856169
9790,3053.248454856169
9791,3053.248454856169
9792,3053.248454856169
9793,3053.248454856169
9794,3053.248454856169
9795,3053.248454856169
9796,3053.248454856169
9797,3053.248454856169
9798,3053.248454856169
9799,3053.248454856169
9800,3053.248454856169
9801,3053.248454856169
9802,3053.248454856169
9803,3053.248454856169
9804,3053.248454856169
9805,3053.248454856169
9806,3053.248454856169
9807,3053.248454856169
9808,3053.248454856169
9809,3053.248454856169
9810,3053.248454856169
9811,3053.248454856169
9812,3053.248454856169
9813,3053.248454856169
9814,3053.248454856169
9815,3053.248454856169
9816,3053.248454856169
9817,3053.248454856169
9818,3053.248454856169
9819,3053.248454856169
9820,3053.248454856169
9821,3053.248454856169
9822,3053.248454856169
9823,3053.248454856169
9824,3053.248454856169
9825,3053.248454856169
9826,3053.248454856169
9827,3053.248454856169
9828,3053.248454856169
9829,3053.248454856169
9830,3053.248454856169
9831,3053.248454856169
9832,3053.248454856169
9833,3053.248454856169
9834,3053.248454856169
9835,3053.248454856169
9836,3053.248454856169
9837,3053.248454856169
9838,3053.248454856169
9839,3053.248454856169
9840,3053.248454856169
9841,3053.248454856169
9842,3053.248454856169
9843,3053.248454856169
9844,3053.248454856169
9845,3053.248454856169
9846,3053.248454856169
9847,3053.248454856169
9848,3053.248454856169
9849,3053.248454856169
9850,3053.248454856169
9851,3053.248454856169
9852,3053.248454856169
9853,3053.248454856169
9854,3053.248454856169
9855,3053.248454856169
9856,3053.248454856169
9857,3053.248454856169
9858,3053.248454856169
9859,3053.248454856169
9860,3053.248454856169
9861,3053.248454856169
9862,3053.248454856169
9863,3053.248454856169
9864,3053.248454856169
9865,3053.248454856169
9866,3053.248454856169
9867,3053.248454856169
9868,3053.248454856169
9869,3053.248454856169
9870,3053.248454856169
9871,3053.248454856169
9872,3053.248454856169
9873,3053.248454856169
9874,3053.248454856169
9875,3053.248454856169
9876,3053.248454856169
9877,3053.248454856169
9878,3053.248454856169
9879,3053.248454856169
9880,3053.248454856169
9881,3053.248454856169
9882,3053.248454856169
9883,3053.248454856169
9884,3053.248454856169
9885,3053.248454856169
9886,3053.248454856169
9887,3053.248454856169
9888,3053.248454856169
9889,3053.248454856169
9890,3053.248454856169
9891,3053.248454856169
9892,3053.248454856169
9893,3053.248454856169
9894,3053.248454856169
9895,3053.248454856169
9896,3053.248454856169
9897,3053.248454856169
9898,3053.248454856169
9899,3053.248454856169
9900,3053.248454856169
9901,3053.248454856169
9902,3053.248454856169
9903,3053.248454856169
9904,3053.248454856169
9905,3053.248454856169
9906,3053.248454856169
9907,3053.248454856169
9908,3053.248454856169
9909,3053.248454856169
9910,3053.248454856169
9911,3053.248454856169
9912,3053.248454856169
9913,3053.248454856169
9914,3053.248454856169
9915,3053.248454856169
9916,3053.248454856169
9917,3053.248454856169
9918,3053.248454856169
9919,3053.248454856169
9920,3053.248454856169
9921,3053.248454856169
9922,3053.248454856169
9923,3053.248454856169
9924,3053.248454856169
9925,3053.248454856169
9926,3053.248454856169
9927,3053.248454856169
9928,3053.248454856169
9929,3053.248454856169
9930,3053.248454856169
9931,3053.248454856169
9932,3053.248454856169
9933,3053.248454856169
9934,3053.248454856169
9935,3053.248454856169
9936,3053.248454856169
9937,3053.248454856169
9938,3053.248454856169
9939,3053.248454856169
9940,3053.248454856169
9941,3053.248454856169
9942,3053.248454856169
9943,3053.248454856169
9944,3053.248454856169
9945,3053.248454856169
9946,3053.248454856169
9947,3053.248454856169
9948,3053.248454856169
9949,3053.248454856169
9950,3053.248454856169
9951,3053.248454856169
9952,3053.248454856169
9953,3053.248454856169
9954,3053.248454856169
9955,3053.248454856169
9956,3053.248454856169
9957,3053.248454856169
9958,3053.248454856169
9959,3053.248454856169
9960,3053.248454856169
9961,3053.248454856169
9962,3053.248454856169
9963,3053.248454856169
9964,3053.248454856169
9965,3053.248454856169
9966,3053.248454856169
9967,3053.248454856169
9968,3053.248454856169
9969,3053.248454856169
9970,3053.248454856169
9971,3053.248454856169
9972,3053.248454856169
9973,3053.248454856169
9974,3053.248454856169
9975,3053.248454856169
9976,3053.248454856169
9977,3053.248454856169
9978,3053.248454856169
9979,3053.248454856169
9980,3053.248454856169
9981,3053.248454856169
9982,3053.248454856169
9983,3053.248454856169
9984,3053.248454856169
9985,3053.248454856169
9986,3053.248454856169
9987,3053.248454856169
9988,3053.248454856169
9989,3053.248454856169
9990,3053.248454856169
9991,3053.248454856169
9992,3053.248454856169
9993,3053.248454856169
9994,3053.248454856169
9995,3053.248454856169
9996,3053.248454856169
9997,3053.248454856169
9998,3053.248454856169
9999,3053.248454856169
10000,3053.248454856169
10001,3053.248454856169
10002,3053.248454856169
10003,3053.248454856169
10004,3053.248454856169
10005,3053.248454856169
10006,3053.248454856169
10007,3053.248454856169
10008,3053.248454856169
10009,3053.248454856169
10010,3053.248454856169
10011,3053.248454856169
10012,3053.248454856169
10013,3053.248454856169
10014,3053.248454856169
10015,3053.248454856169
10016,3053.248454856169
10017,3053.248454856169
10018,3053.248454856169
10019,3053.248454856169
10020,3053.248454856169
10021,3053.248454856169
10022,3053.248454856169
10023,3053.248454856169
10024,3053.248454856169
10025,3053.248454856169
10026,3053.248454856169
10027,3053.248454856169
10028,3053.248454856169
10029,3053.248454856169
10030,3053.248454856169
10031,3053.248454856169
10032,3053.248454856169
10033,3053.248454856169
10034,3053.248454856169
10035,3053.248454856169
10036,3053.248454856169
10037,3053.248454856169
10038,3053.248454856169
10039,3053.248454856169
10040,3053.248454856169
10041,3053.248454856169
10042,3053.248454856169
10043,3053.248454856169
10044,3053.248454856169
10045,3053.248454856169
10046,3053.248454856169
10047,3053.248454856169
10048,3053.248454856169
10049,3053.248454856169
10050,3053.248454856169
10051,3053.248454856169
10052,3053.248454856169
10053,3053.248454856169
10054,3053.248454856169
10055,3053.248454856169
10056,3053.248454856169
10057,3053.248454856169
10058,3053.248454856169
10059,3053.248454856169
10060,3053.248454856169
10061,3053.248454856169
10062,3053.248454856169
10063,3053.248454856169
10064,3053.248454856169
10065,3053.248454856169
10066,3053.248454856169
10067,3053.248454856169
10068,3053.248454856169
10069,3053.248454856169
10070,3053.248454856169
10071,3053.248454856169
10072,3053.248454856169
10073,3053.248454856169
10074,3053.248454856169
10075,3053.248454856169
10076,3053.248454856169
10077,3053.248454856169
10078,3053.248454856169
10079,3053.248454856169
10080,3053.248454856169
10081,3053.248454856169
10082,3053.248454856169
10083,3053.248454856169
10084,3053.248454856169
10085,3053.248454856169
10086,3053.248454856169
10087,3053.248454856169
10088,3053.248454856169
10089,3053.248454856169
10090,3053.248454856169
10091,3053.248454856169
10092,3053.248454856169
10093,3053.248454856169
10094,3053.248454856169
10095,3053.248454856169
10096,3053.248454856169
10097,3053.248454856169
10098,3053.248454856169
10099,3053.248454856169
10100,3053.248454856169
10101,3053.248454856169
10102,3053.248454856169
10103,3053.248454856169
10104,3053.248454856169
10105,3053.248454856169
10106,3053.248454856169
10107,3053.248454856169
10108,3053.248454856169
10109,3053.248454856169
10110,3053.248454856169
10111,3053.248454856169
10112,3053.248454856169
10113,3053.248454856169
10114,3053.248454856169
10115,3053.248454856169
10116,3053.248454856169
10117,3053.248454856169
10118,3053.248454856169
10119,3053.248454856169
10120,3053.248454856169
10121,3053.248454856169
10122,3053.248454856169
10123,3053.248454856169
10124,3053.248454856169
10125,3053.248454856169
10126,3053.248454856169
10127,3053.248454856169
10128,3053.248454856169
10129,3053.248454856169
10130,3053.248454856169
10131,3053.248454856169
10132,3053.248454856169
10133,3053.248454856169
10134,3053.248454856169
10135,3053.248454856169
10136,3053.248454856169
10137,3053.248454856169
10138,3053.248454856169
10139,3053.248454856169
10140,3053.248454856169
10141,3053.248454856169
10142,3053.248454856169
10143,3053.248454856169
10144,3053.248454856169
10145,3053.248454856169
10146,3053.248454856169
10147,3053.248454856169
10148,3053.248454856169
10149,3053.248454856169
10150,3053.248454856169
10151,3053.248454856169
10152,3053.248454856169
10153,3053.248454856169
10154,3053.248454856169
10155,3053.248454856169
10156,3053.248454856169
10157,3053.248454856169
10158,3053.248454856169
10159,3053.248454856169
10160,3053.248454856169
10161,3053.248454856169
10162,3053.248454856169
10163,3053.248454856169
10164,3053.248454856169
10165,3053.248454856169
10166,3053.248454856169
10167,3053.248454856169
10168,3053.248454856169
10169,3053.248454856169
10170,3053.248454856169
10171,3053.248454856169
10172,3053.248454856169
10173,3053.248454856169
10174,3053.248454856169
10175,3053.248454856169
10176,3053.248454856169
10177,3053.248454856169
10178,3053.248454856169
10179,3053.248454856169
10180,3053.248454856169
10181,3053.248454856169
10182,3053.248454856169
10183,3053.248454856169
10184,3053.248454856169
10185,3053.248454856169
10186,3053.248454856169
10187,3053.248454856169
10188,3053.248454856169
10189,3053.248454856169
10190,3053.248454856169
10191,3053.248454856169
10192,3053.248454856169
10193,3053.248454856169
10194,3053.248454856169
10195,3053.248454856169
10196,3053.248454856169
10197,3053.248454856169
10198,3053.248454856169
10199,3053.248454856169
10200,3053.248454856169
10201,3053.248454856169
10202,3053.248454856169
10203,3053.248454856169
10204,3053.248454856169
10205,3053.248454856169
10206,3053.248454856169
10207,3053.248454856169
10208,3053.248454856169
10209,3053.248454856169
10210,3053.248454856169
10211,3053.248454856169
10212,3053.248454856169
10213,3053.248454856169
10214,3053.248454856169
10215,3053.248454856169
10216,3053.248454856169
10217,3053.248454856169
10218,3053.248454856169
10219,3053.248454856169
10220,3053.248454856169
10221,3053.248454856169
10222,3053.248454856169
10223,3053.248454856169
10224,3053.248454856169
10225,3053.248454856169
10226,3053.248454856169
10227,3053.248454856169
10228,3053.248454856169
10229,3053.248454856169
10230,3053.248454856169
10231,3053.248454856169
10232,3053.248454856169
10233,3053.248454856169
10234,3053.248454856169
10235,3053.248454856169
10236,3053.248454856169
10237,3053.248454856169
10238,3053.248454856169
10239,3053.248454856169
10240,3053.248454856169
10241,3053.248454856169
10242,3053.248454856169
10243,3053.248454856169
10244,3053.248454856169
10245,3053.248454856169
10246,3053.248454856169
10247,3053.248454856169
10248,3053.248454856169
10249,3053.248454856169
10250,3053.248454856169
10251,3053.248454856169
10252,3053.248454856169
10253,3053.248454856169
10254,3053.248454856169
10255,3053.248454856169
10256,3053.248454856169
10257,3053.248454856169
10258,3053.248454856169
10259,3053.248454856169
10260,3053.248454856169
10261,3053.248454856169
10262,3053.248454856169
10263,3053.248454856169
10264,3053.248454856169
10265,3053.248454856169
10266,3053.248454856169
10267,3053.248454856169
10268,3053.248454856169
10269,3053.248454856169
10270,3053.248454856169
10271,3053.248454856169
10272,3053.248454856169
10273,3053.248454856169
10274,3053.248454856169
10275,3053.248454856169
10276,3053.248454856169
10277,3053.248454856169
10278,3053.248454856169
10279,3053.248454856169
10280,3053.248454856169
10281,3053.248454856169
10282,3053.248454856169
10283,3053.248454856169
10284,3053.248454856169
10285,3053.248454856169
10286,3053.248454856169
10287,3053.248454856169
10288,3053.248454856169
10289,3053.248454856169
10290,3053.248454856169
10291,3053.248454856169
10292,3053.248454856169
10293,3053.248454856169
10294,3053.248454856169
10295,3053.248454856169
10296,3053.248454856169
10297,3053.248454856169
10298,3053.248454856169
10299,3053.248454856169
10300,3053.248454856169
10301,3053.248454856169
10302,3053.248454856169
10303,3053.248454856169
10304,3053.248454856169
10305,3053.248454856169
10306,3053.248454856169
10307,3053.248454856169
10308,3053.248454856169
10309,3053.248454856169
10310,3053.248454856169
10311,3053.248454856169
10312,3053.248454856169
10313,3053.248454856169
10314,3053.248454856169
10315,3053.248454856169
10316,3053.248454856169
10317,3053.248454856169
10318,3053.248454856169
10319,3053.248454856169
10320,3053.248454856169
10321,3053.248454856169
10322,3053.248454856169
10323,3053.248454856169
10324,3053.248454856169
10325,3053.248454856169
10326,3053.248454856169
10327,3053.248454856169
10328,3053.248454856169
10329,3053.248454856169
10330,3053.248454856169
10331,3053.248454856169
10332,3053.248454856169
10333,3053.248454856169
10334,3053.248454856169
10335,3053.248454856169
10336,3053.248454856169
10337,3053.248454856169
10338,3053.248454856169
10339,3053.248454856169
10340,3053.248454856169
10341,3053.248454856169
10342,3053.248454856169
10343,3053.248454856169
10344,3053.248454856169
10345,3053.248454856169
10346,3053.248454856169
10347,3053.248454856169
10348,3053.248454856169
10349,3053.248454856169
10350,3053.248454856169
10351,3053.248454856169
10352,3053.248454856169
10353,3053.248454856169
10354,3053.248454856169
10355,3053.248454856169
10356,3053.248454856169
10357,3053.248454856169
10358,3053.248454856169
10359,3053.248454856169
10360,3053.248454856169
10361,3053.248454856169
10362,3053.248454856169
10363,3053.248454856169
10364,3053.248454856169
10365,3053.248454856169
10366,3053.248454856169
10367,3053.248454856169
10368,3053.248454856169
10369,3053.248454856169
10370,3053.248454856169
10371,3053.248454856169
10372,3053.248454856169
10373,3053.248454856169
10374,3053.248454856169
10375,3053.248454856169
10376,3053.248454856169
10377,3053.248454856169
10378,3053.248454856169
10379,3053.248454856169
10380,3053.248454856169
10381,3053.248454856169
10382,3053.248454856169
10383,3053.248454856169
10384,3053.248454856169
10385,3053.248454856169
10386,3053.248454856169
10387,3053.248454856169
10388,3053.248454856169
10389,3053.248454856169
10390,3053.248454856169
10391,3053.248454856169
10392,3053.248454856169
10393,3053.248454856169
10394,3053.248454856169
10395,3053.248454856169
10396,3053.248454856169
10397,3053.248454856169
10398,3053.248454856169
10399,3053.248454856169
10400,3053.248454856169
10401,3053.248454856169
10402,3053.248454856169
10403,3053.248454856169
10404,3053.248454856169
10405,3053.248454856169
10406,3053.248454856169
10407,3053.248454856169
10408,3053.248454856169
10409,3053.248454856169
10410,3053.248454856169
10411,3053.248454856169
10412,3053.248454856169
10413,3053.248454856169
10414,3053.248454856169
10415,3053.248454856169
10416,3053.248454856169
10417,3053.248454856169
10418,3053.248454856169
10419,3053.248454856169
10420,3053.248454856169
10421,3053.248454856169
10422,3053.248454856169
10423,3053.248454856169
10424,3053.248454856169
10425,3053.248454856169
10426,3053.248454856169
10427,3053.248454856169
10428,3053.248454856169
10429,3053.248454856169
10430,3053.248454856169
10431,3053.248454856169
10432,3053.248454856169
10433,3053.248454856169
10434,3053.248454856169
10435,3053.248454856169
10436,3053.248454856169
10437,3053.248454856169
10438,3053.248454856169
10439,3053.248454856169
10440,3053.248454856169
10441,3053.248454856169
10442,3053.248454856169
10443,3053.248454856169
10444,3053.248454856169
10445,3053.248454856169
10446,3053.248454856169
10447,3053.248454856169
10448,3053.248454856169
10449,3053.248454856169
10450,3053.248454856169
10451,3053.248454856169
10452,3053.248454856169
10453,3053.248454856169
10454,3053.248454856169
10455,3053.248454856169
10456,3053.248454856169
10457,3053.248454856169
10458,3053.248454856169
10459,3053.248454856169
10460,3053.248454856169
10461,3053.248454856169
10462,3053.248454856169
10463,3053.248454856169
10464,3053.248454856169
10465,3053.248454856169
10466,3053.248454856169
10467,3053.248454856169
10468,3053.248454856169
10469,3053.248454856169
10470,3053.248454856169
10471,3053.248454856169
10472,3053.248454856169
10473,3053.248454856169
10474,3053.248454856169
10475,3053.248454856169
10476,3053.248454856169
10477,3053.248454856169
10478,3053.248454856169
10479,3053.248454856169
10480,3053.248454856169
10481,3053.248454856169
10482,3053.248454856169
10483,3053.248454856169
10484,3053.248454856169
10485,3053.248454856169
10486,3053.248454856169
10487,3053.248454856169
10488,3053.248454856169
10489,3053.248454856169
10490,3053.248454856169
10491,3053.248454856169
10492,3053.248454856169
10493,3053.248454856169
10494,3053.248454856169
10495,3053.248454856169
10496,3053.248454856169
10497,3053.248454856169
10498,3053.248454856169
10499,3053.248454856169
10500,3053.248454856169
10501,3053.248454856169
10502,3053.248454856169
10503,3053.248454856169
10504,3053.248454856169
10505,3053.248454856169
10506,3053.248454856169
10507,3053.248454856169
10508,3053.248454856169
10509,3053.248454856169
10510,3053.248454856169
10511,3053.248454856169
10512,3053.248454856169
10513,3053.248454856169
10514,3053.248454856169
10515,3053.248454856169
10516,3053.248454856169
10517,3053.248454856169
10518,3053.248454856169
10519,3053.248454856169
10520,3053.248454856169
10521,3053.248454856169
10522,3053.248454856169
10523,3053.248454856169
10524,3053.248454856169
10525,3053.248454856169
10526,3053.248454856169
10527,3053.248454856169
10528,3053.248454856169
10529,3053.248454856169
10530,3053.248454856169
10531,3053.248454856169
10532,3053.248454856169
10533,3053.248454856169
10534,3053.248454856169
10535,3053.248454856169
10536,3053.248454856169
10537,3053.248454856169
10538,3053.248454856169
10539,3053.248454856169
10540,3053.248454856169
10541,3053.248454856169
10542,3053.248454856169
10543,3053.248454856169
10544,3053.248454856169
10545,3053.248454856169
10546,3053.248454856169
10547,3053.248454856169
10548,3053.248454856169
10549,3053.248454856169
10550,3053.248454856169
10551,3053.248454856169
10552,3053.248454856169
10553,3053.248454856169
10554,3053.248454856169
10555,3053.248454856169
10556,3053.248454856169
10557,3053.248454856169
10558,3053.248454856169
10559,3053.248454856169
10560,3053.248454856169
10561,3053.248454856169
10562,3053.248454856169
10563,3053.248454856169
10564,3053.248454856169
10565,3053.248454856169
10566,3053.248454856169
10567,3053.248454856169
10568,3053.248454856169
10569,3053.248454856169
10570,3053.248454856169
10571,3053.248454856169
10572,3053.248454856169
10573,3053.248454856169
10574,3053.248454856169
10575,3053.248454856169
10576,3053.248454856169
10577,3053.248454856169
10578,3053.248454856169
10579,3053.248454856169
10580,3053.248454856169
10581,3053.248454856169
10582,3053.248454856169
10583,3053.248454856169
10584,3053.248454856169
10585,3053.248454856169
10586,3053.248454856169
10587,3053.248454856169
10588,3053.248454856169
10589,3053.248454856169
10590,3053.248454856169
10591,3053.248454856169
10592,3053.248454856169
10593,3053.248454856169
10594,3053.248454856169
10595,3053.248454856169
10596,3053.248454856169
10597,3053.248454856169
10598,3053.248454856169
10599,3053.248454856169
10600,3053.248454856169
10601,3053.248454856169
10602,3053.248454856169
10603,3053.248454856169
10604,3053.248454856169
10605,3053.248454856169
10606,3053.248454856169
10607,3053.248454856169
10608,3053.248454856169
10609,3053.248454856169
10610,3053.248454856169
10611,3053.248454856169
10612,3053.248454856169
10613,3053.248454856169
10614,3053.248454856169
10615,3053.248454856169
10616,3053.248454856169
10617,3053.248454856169
10618,3053.248454856169
10619,3053.248454856169
10620,3053.248454856169
10621,3053.248454856169
10622,3053.248454856169
10623,3053.248454856169
10624,3053.248454856169
10625,3053.248454856169
10626,3053.248454856169
10627,3053.248454856169
10628,3053.248454856169
10629,3053.248454856169
10630,3053.248454856169
10631,3053.248454856169
10632,3053.248454856169
10633,3053.248454856169
10634,3053.248454856169
10635,3053.248454856169
10636,3053.248454856169
10637,3053.248454856169
10638,3053.248454856169
10639,3053.248454856169
10640,3053.248454856169
10641,3053.248454856169
10642,3053.248454856169
10643,3053.248454856169
10644,3053.248454856169
10645,3053.248454856169
10646,3053.248454856169
10647,3053.248454856169
10648,3053.248454856169
10649,3053.248454856169
10650,3053.248454856169
10651,3053.248454856169
10652,3053.248454856169
10653,3053.248454856169
10654,3053.248454856169
10655,3053.248454856169
10656,3053.248454856169
10657,3053.248454856169
10658,3053.248454856169
10659,3053.248454856169
10660,3053.248454856169
10661,3053.248454856169
10662,3053.248454856169
10663,3053.248454856169
10664,3053.248454856169
10665,3053.248454856169
10666,3053.248454856169
10667,3053.248454856169
10668,3053.248454856169
10669,3053.248454856169
10670,3053.248454856169
10671,3053.248454856169
10672,3053.248454856169
10673,3053.248454856169
10674,3053.248454856169
10675,3053.248454856169
10676,3053.248454856169
10677,3053.248454856169
10678,3053.248454856169
10679,3053.248454856169
10680,3053.248454856169
10681,3053.248454856169
10682,3053.248454856169
10683,3053.248454856169
10684,3053.248454856169
10685,3053.248454856169
10686,3053.248454856169
10687,3053.248454856169
10688,3053.248454856169
10689,3053.248454856169
10690,3053.248454856169
10691,3053.248454856169
10692,3053.248454856169
10693,3053.248454856169
10694,3053.248454856169
10695,3053.248454856169
10696,3053.248454856169
10697,3053.248454856169
10698,3053.248454856169
10699,3053.248454856169
10700,3053.248454856169
10701,3053.248454856169
10702,3053.248454856169
10703,3053.248454856169
10704,3053.248454856169
10705,3053.248454856169
10706,3053.248454856169
10707,3053.248454856169
10708,3053.248454856169
10709,3053.248454856169
10710,3053.248454856169
10711,3053.248454856169
10712,3053.248454856169
10713,3053.248454856169
10714,3053.248454856169
10715,3053.248454856169
10716,3053.248454856169
10717,3053.248454856169
10718,3053.248454856169
10719,3053.248454856169
10720,3053.248454856169
10721,3053.248454856169
10722,3053.248454856169
10723,3053.248454856169
10724,3053.248454856169
10725,3053.248454856169
10726,3053.248454856169
10727,3053.248454856169
10728,3053.248454856169
10729,3053.248454856169
10730,3053.248454856169
10731,3053.248454856169
10732,3053.248454856169
10733,3053.248454856169
10734,3053.248454856169
10735,3053.248454856169
10736,3053.248454856169
10737,3053.248454856169
10738,3053.248454856169
10739,3053.248454856169
10740,3053.248454856169
10741,3053.248454856169
10742,3053.248454856169
10743,3053.248454856169
10744,3053.248454856169
10745,3053.248454856169
10746,3053.248454856169
10747,3053.248454856169
10748,3053.248454856169
10749,3053.248454856169
10750,3053.248454856169
10751,3053.248454856169
10752,3053.248454856169
10753,3053.248454856169
10754,3053.248454856169
10755,3053.248454856169
10756,3053.248454856169
10757,3053.248454856169
10758,3053.248454856169
10759,3053.248454856169
10760,3053.248454856169
10761,3053.248454856169
10762,3053.248454856169
10763,3053.248454856169
10764,3053.248454856169
10765,3053.248454856169
10766,3053.248454856169
10767,3053.248454856169
10768,3053.248454856169
10769,3053.248454856169
10770,3053.248454856169
10771,3053.248454856169
10772,3053.248454856169
10773,3053.248454856169
10774,3053.248454856169
10775,3053.248454856169
10776,3053.248454856169
10777,3053.248454856169
10778,3053.248454856169
10779,3053.248454856169
10780,3053.248454856169
10781,3053.248454856169
10782,3053.248454856169
10783,3053.248454856169
10784,3053.248454856169
10785,3053.248454856169
10786,3053.248454856169
10787,3053.248454856169
10788,3053.248454856169
10789,3053.248454856169
10790,3053.248454856169
10791,3053.248454856169
10792,3053.248454856169
10793,3053.248454856169
10794,3053.248454856169
10795,3053.248454856169
10796,3053.248454856169
10797,3053.248454856169
10798,3053.248454856169
10799,3053.248454856169
10800,3053.248454856169
10801,3053.248454856169
10802,3053.248454856169
10803,3053.248454856169
10804,3053.248454856169
10805,3053.248454856169
10806,3053.248454856169
10807,3053.248454856169
10808,3053.248454856169
10809,3053.248454856169
10810,3053.248454856169
10811,3053.248454856169
10812,3053.248454856169
10813,3053.248454856169
10814,3053.248454856169
10815,3053.248454856169
10816,2668.0832594971234
10817,2668.0832594971234
10818,2668.0832594971234
10819,2668.0832594971234
10820,2668.0832594971234
10821,2668.0832594971234
10822,2668.0832594971234
10823,2666.556835464833
10824,2666.556835464833
10825,2666.556835464833
10826,2666.556835464833
10827,2666.556835464833
10828,2666.556835464833
10829,2666.556835464833
10830,2666.556835464833
10831,2666.556835464833
10832,2666.556835464833
10833,2666.556835464833
10834,2666.556835464833
10835,2666.556835464833
10836,2666.556835464833
10837,2666.556835464833
10838,2666.556835464833
10839,2666.556835464833
10840,2666.556835464833
10841,2666.556835464833
10842,2666.556835464833
10843,2666.556835464833
10844,2666.556835464833
10845,2666.556835464833
10846,2666.556835464833
10847,2666.556835464833
10848,2666.556835464833
10849,2666.556835464833
10850,2666.556835464833
10851,2666.556835464833
10852,2666.556835464833
10853,2666.556835464833
10854,2666.556835464833
10855,2666.556835464833
10856,2666.556835464833
10857,2666.556835464833
10858,2666.556835464833
10859,2666.556835464833
10860,2666.556835464833
10861,2666.556835464833
10862,2666.556835464833
10863,2666.556835464833
10864,2666.556835464833
10865,2666.556835464833
10866,2666.556835464833
10867,2666.556835464833
10868,2666.556835464833
10869,2666.556835464833
10870,2666.556835464833
10871,2666.556835464833
10872,2666.556835464833
10873,2666.556835464833
10874,2666.556835464833
10875,2666.556835464833
10876,2666.556835464833
10877,2666.556835464833
10878,2666.556835464833
10879,2666.556835464833
10880,2666.556835464833
10881,2666.556835464833
10882,2666.556835464833
10883,2666.556835464833
10884,2666.556835464833
10885,2666.556835464833
10886,2666.556835464833
10887,2666.556835464833
10888,2666.556835464833
10889,2666.556835464833
10890,2666.556835464833
10891,2666.556835464833
10892,2666.556835464833
10893,2666.556835464833
10894,2666.556835464833
10895,2666.556835464833
10896,2666.556835464833
10897,2666.556835464833
10898,2666.556835464833
10899,2666.556835464833
10900,2666.556835464833
10901,2666.556835464833
10902,2666.556835464833
10903,2666.556835464833
10904,2666.556835464833
10905,2666.556835464833
10906,2666.556835464833
10907,2666.556835464833
10908,2666.556835464833
10909,2666.556835464833
10910,2666.556835464833
10911,2666.556835464833
10912,2666.556835464833
10913,2666.556835464833
10914,2666.556835464833
10915,2666.556835464833
10916,2666.556835464833
10917,2666.556835464833
10918,2666.556835464833
10919,2666.556835464833
10920,2666.556835464833
10921,2666.556835464833
10922,2666.556835464833
10923,2666.556835464833
10924,2666.556835464833
10925,2666.556835464833
10926,2666.556835464833
10927,2666.556835464833
10928,2666.556835464833
10929,2666.556835464833
10930,2666.556835464833
10931,2666.556835464833
10932,2666.556835464833
10933,2666.556835464833
10934,2666.556835464833
10935,2666.556835464833
10936,2666.556835464833
10937,2666.556835464833
10938,2666.556835464833
10939,2666.556835464833
10940,2666.556835464833
10941,2666.556835464833
10942,2666.556835464833
10943,2666.556835464833
10944,2666.556835464833
10945,2666.556835464833
10946,2666.556835464833
10947,2666.556835464833
10948,2666.556835464833
10949,2666.556835464833
10950,2666.556835464833
10951,2666.556835464833
10952,2666.556835464833
10953,2666.556835464833
10954,2666.556835464833
10955,2666.556835464833
10956,2666.556835464833
10957,2666.556835464833
10958,2666.556835464833
10959,2666.556835464833
10960,2666.556835464833
10961,2666.556835464833
10962,2666.556835464833
10963,2666.556835464833
10964,2666.556835464833
10965,2666.556835464833
10966,2666.556835464833
10967,2666.556835464833
10968,2666.556835464833
10969,2666.556835464833
10970,2666.556835464833
10971,2666.556835464833
10972,2666.556835464833
10973,2666.556835464833
10974,2652.4221103918258
10975,2652.4221103918258
10976,2652.4221103918258
10977,2652.4221103918258
10978,2652.4221103918258
10979,2634.472953534982
10980,2634.472953534982
10981,2634.472953534982
10982,2634.472953534982
10983,2634.472953534982
10984,2634.472953534982
10985,2634.472953534982
10986,2634.472953534982
10987,2634.472953534982
10988,2634.472953534982
10989,2634.472953534982
10990,2634.472953534982
10991,2634.472953534982
10992,2634.472953534982
10993,2634.472953534982
10994,2634.472953534982
10995,2634.472953534982
10996,2634.472953534982
10997,2634.472953534982
10998,2634.472953534982
10999,2634.472953534982
11000,2634.472953534982
11001,2634.472953534982
11002,2634.472953534982
11003,2634.472953534982
11004,2634.472953534982
11005,2634.472953534982
11006,2634.472953534982
11007,2634.472953534982
11008,2634.472953534982
11009,2634.472953534982
11010,2634.472953534982
11011,2634.472953534982
11012,2634.472953534982
11013,2634.472953534982
11014,2634.472953534982
11015,2634.472953534982
11016,2634.472953534982
11017,2634.472953534982
11018,2634.472953534982
11019,2634.472953534982
11020,2634.472953534982
11021,2634.472953534982
11022,2634.472953534982
11023,2634.472953534982
11024,2634.472953534982
11025,2634.472953534982
11026,2634.472953534982
11027,2634.472953534982
11028,2634.472953534982
11029,2634.472953534982
11030,2634.472953534982
11031,2634.472953534982
11032,2634.472953534982
11033,2634.472953534982
11034,2634.472953534982
11035,2634.472953534982
11036,2634.472953534982
11037,2634.472953534982
11038,2634.472953534982
11039,2634.472953534982
11040,2634.472953534982
11041,2634.472953534982
11042,2634.472953534982
11043,2634.472953534982
11044,2634.472953534982
11045,2634.472953534982
11046,2634.472953534982
11047,2634.472953534982
11048,2634.472953534982
11049,2634.472953534982
11050,2634.472953534982
11051,2634.472953534982
11052,2634.472953534982
11053,2634.472953534982
11054,2634.472953534982
11055,2634.472953534982
11056,2634.472953534982
11057,2634.472953534982
11058,2634.472953534982
11059,2634.472953534982
11060,2634.472953534982
11061,2634.472953534982
11062,2634.472953534982
11063,2634.472953534982
11064,2634.472953534982
11065,2634.472953534982
11066,2634.472953534982
11067,2634.472953534982
11068,2634.472953534982
11069,2634.472953534982
11070,2634.472953534982
11071,2634.472953534982
11072,2634.472953534982
11073,2634.472953534982
11074,2634.472953534982
11075,2634.472953534982
11076,2634.472953534982
11077,2634.472953534982
11078,2634.472953534982
11079,2634.472953534982
11080,2618.5604635112004
11081,2618.5604635112004
11082,2618.5604635112004
11083,2618.5604635112004
11084,2618.5604635112004
11085,2618.5604635112004
11086,2618.5604635112004
11087,2618.5604635112004
11088,2618.5604635112004
11089,2618.5604635112004
11090,2618.5604635112004
11091,2618.5604635112004
11092,2618.5604635112004
11093,2618.5604635112004
11094,2618.5604635112004
11095,2618.5604635112004
11096,2618.5604635112004
11097,2618.5604635112004
11098,2618.5604635112004
11099,2618.5604635112004
11100,2618.5604635112004
11101,2618.5604635112004
11102,2618.5604635112004
11103,2618.5604635112004
11104,2618.5604635112004
11105,2618.5604635112004
11106,2618.5604635112004
11107,2618.5604635112004
11108,2618.5604635112004
11109,2618.5604635112004
11110,2618.5604635112004
11111,2618.5604635112004
11112,2618.5604635112004
11113,2618.5604635112004
11114,2618.5604635112004
11115,2618.5604635112004
11116,2618.5604635112004
11117,2618.5604635112004
11118,2618.5604635112004
11119,2618.5604635112004
11120,2618.5604635112004
11121,2618.5604635112004
11122,2618.5604635112004
11123,2618.5604635112004
11124,2618.5604635112004
11125,2618.5604635112004
11126,2618.5604635112004
11127,2618.5604635112004
11128,2618.5604635112004
11129,2618.5604635112004
11130,2618.5604635112004
11131,2618.5604635112004
11132,2618.5604635112004
11133,2618.5604635112004
11134,2618.5604635112004
11135,2618.5604635112004
11136,2618.5604635112004
11137,2618.5604635112004
11138,2618.5604635112004
11139,2618.5604635112004
11140,2618.5604635112004
11141,2618.5604635112004
11142,2618.5604635112004
11143,2618.5604635112004
11144,2618.5604635112004
11145,2618.5604635112004
11146,2618.5604635112004
11147,2618.5604635112004
11148,2618.5604635112004
11149,2618.5604635112004
11150,2592.48322745775
11151,2592.48322745775
11152,2592.48322745775
11153,2592.48322745775
11154,2592.48322745775
11155,2592.48322745775
11156,2592.48322745775
11157,2592.48322745775
11158,2592.48322745775
11159,2592.48322745775
11160,2592.48322745775
11161,2592.48322745775
11162,2592.48322745775
11163,2592.48322745775
11164,2592.48322745775
11165,2592.48322745775
11166,2592.48322745775
11167,2592.48322745775
11168,2592.48322745775
11169,2592.48322745775
11170,2592.48322745775
11171,2592.48322745775
11172,2592.48322745775
11173,2592.48322745775
11174,2592.48322745775
11175,2592.48322745775
11176,2592.48322745775
11177,2592.48322745775
11178,2592.48322745775
11179,2592.48322745775
11180,2592.48322745775
11181,2592.48322745775
11182,2592.48322745775
11183,2592.48322745775
11184,2592.48322745775
11185,2592.48322745775
11186,2592.48322745775
11187,2592.48322745775
11188,2592.48322745775
11189,2592.48322745775
11190,2592.48322745775
11191,2592.48322745775
11192,2592.48322745775
11193,2592.48322745775
11194,2592.48322745775
11195,2592.48322745775
11196,2592.48322745775
11197,2592.48322745775
11198,2592.48322745775
11199,2592.48322745775
11200,2592.48322745775
11201,2592.48322745775
11202,2592.48322745775
11203,2592.48322745775
11204,2592.48322745775
11205,2592.48322745775
11206,2592.48322745775
11207,2592.48322745775
11208,2592.48322745775
11209,2592.48322745775
11210,2592.48322745775
11211,2592.48322745775
11212,2592.48322745775
11213,2592.48322745775
11214,2592.48322745775
11215,2592.48322745775
11216,2592.48322745775
11217,2592.48322745775
11218,2592.48322745775
11219,2592.48322745775
11220,2592.48322745775
11221,2592.48322745775
11222,2592.48322745775
11223,2592.48322745775
11224,2592.48322745775
11225,2592.48322745775
11226,2592.48322745775
11227,2592.48322745775
11228,2592.48322745775
11229,2592.48322745775
11230,2592.48322745775
11231,2592.48322745775
11232,2592.48322745775
11233,2592.48322745775
11234,2592.48322745775
11235,2592.48322745775
11236,2592.48322745775
11237,2592.48322745775
11238,2592.48322745775
11239,2592.48322745775
11240,2592.48322745775
11241,2592.48322745775
11242,2592.48322745775
11243,2592.48322745775
11244,2592.48322745775
11245,2592.48322745775
11246,2592.48322745775
11247,2592.48322745775
11248,2592.48322745775
11249,2592.48322745775
11250,2592.48322745775
11251,2592.48322745775
11252,2592.48322745775
11253,2592.48322745775
11254,2592.48322745775
11255,2592.48322745775
11256,2592.48322745775
11257,2592.48322745775
11258,2592.48322745775
11259,2592.48322745775
11260,2592.48322745775
11261,2592.48322745775
11262,2592.48322745775
11263,2592.48322745775
11264,2592.48322745775
11265,2592.48322745775
11266,2592.48322745775
11267,2592.48322745775
11268,2592.48322745775
11269,2592.48322745775
11270,2592.48322745775
11271,2592.48322745775
11272,2592.48322745775
11273,2592.48322745775
11274,2592.48322745775
11275,2592.48322745775
11276,2592.48322745775
11277,2592.48322745775
11278,2592.48322745775
11279,2592.48322745775
11280,2592.48322745775
11281,2592.48322745775
11282,2592.48322745775
11283,2592.48322745775
11284,2592.48322745775
11285,2592.48322745775
11286,2592.48322745775
11287,2592.48322745775
11288,2592.48322745775
11289,2592.48322745775
11290,2592.48322745775
11291,2592.48322745775
11292,2592.48322745775
11293,2592.48322745775
11294,2592.48322745775
11295,2592.48322745775
11296,2592.48322745775
11297,2592.48322745775
11298,2592.48322745775
11299,2592.48322745775
11300,2592.48322745775
11301,2592.48322745775
11302,2592.48322745775
11303,2592.48322745775
11304,2592.48322745775
11305,2592.48322745775
11306,2592.48322745775
11307,2592.48322745775
11308,2592.48322745775
11309,2592.48322745775
11310,2592.48322745775
11311,2592.48322745775
11312,2592.48322745775
11313,2592.48322745775
11314,2592.48322745775
11315,2592.48322745775
11316,2592.48322745775
11317,2592.48322745775
11318,2592.48322745775
11319,2592.48322745775
11320,2592.48322745775
11321,2592.48322745775
11322,2592.48322745775
11323,2592.48322745775
11324,2592.48322745775
11325,2592.48322745775
11326,2592.48322745775
11327,2592.48322745775
11328,2592.48322745775
11329,2592.48322745775
11330,2592.48322745775
11331,2592.48322745775
11332,2592.48322745775
11333,2592.48322745775
11334,2592.48322745775
11335,2592.48322745775
11336,2592.48322745775
11337,2592.48322745775
11338,2592.48322745775
11339,2592.48322745775
11340,2592.48322745775
11341,2592.48322745775
11342,2592.48322745775
11343,2592.48322745775
11344,2592.48322745775
11345,2592.48322745775
11346,2592.48322745775
11347,2592.48322745775
11348,2592.48322745775
11349,2592.48322745775
11350,2592.48322745775
11351,2592.48322745775
11352,2592.48322745775
11353,2592.48322745775
11354,2592.48322745775
11355,2592.48322745775
11356,2592.48322745775
11357,2592.48322745775
11358,2592.48322745775
11359,2592.48322745775
11360,2592.48322745775
11361,2592.48322745775
11362,2592.48322745775
11363,2592.48322745775
11364,2592.48322745775
11365,2592.48322745775
11366,2592.48322745775
11367,2592.48322745775
11368,2592.48322745775
11369,2592.48322745775
11370,2592.48322745775
11371,2592.48322745775
11372,2592.48322745775
11373,2592.48322745775
11374,2592.48322745775
11375,2592.48322745775
11376,2592.48322745775
11377,2592.48322745775
11378,2592.48322745775
11379,2592.48322745775
11380,2592.48322745775
11381,2592.48322745775
11382,2592.48322745775
11383,2592.48322745775
11384,2592.48322745775
11385,2592.48322745775
11386,2592.48322745775
11387,2592.48322745775
11388,2592.48322745775
11389,2592.48322745775
11390,2592.48322745775
11391,2592.48322745775
11392,2592.48322745775
11393,2592.48322745775
11394,2592.48322745775
11395,2592.48322745775
11396,2592.48322745775
11397,2592.48322745775
11398,2592.48322745775
11399,2592.48322745775
11400,2592.48322745775
11401,2592.48322745775
11402,2592.48322745775
11403,2592.48322745775
11404,2592.48322745775
11405,2592.48322745775
11406,2592.48322745775
11407,2592.48322745775
11408,2592.48322745775
11409,2592.48322745775
11410,2592.48322745775
11411,2592.48322745775
11412,2592.48322745775
11413,2592.48322745775
11414,2592.48322745775
11415,2592.48322745775
11416,2592.48322745775
11417,2592.48322745775
11418,2592.48322745775
11419,2592.48322745775
11420,2592.48322745775
11421,2592.48322745775
11422,2592.48322745775
11423,2592.48322745775
11424,2592.48322745775
11425,2592.48322745775
11426,2592.48322745775
11427,2587.1841599695003
11428,2587.1841599695003
11429,2587.1841599695003
11430,2587.1841599695003
11431,2587.1841599695003
11432,2587.1841599695003
11433,2587.1841599695003
11434,2587.1841599695003
11435,2587.1841599695003
11436,2587.1841599695003
11437,2587.1841599695003
11438,2587.1841599695003
11439,2587.1841599695003
11440,2587.1841599695003
11441,2587.1841599695003
11442,2587.1841599695003
11443,2587.1841599695003
11444,2587.1841599695003
11445,2587.1841599695003
11446,2587.1841599695003
11447,2587.1841599695003
11448,2587.1841599695003
11449,2587.1841599695003
11450,2587.1841599695003
11451,2587.1841599695003
11452,2587.1841599695003
11453,2587.1841599695003
11454,2587.1841599695003
11455,2587.1841599695003
11456,2587.1841599695003
11457,2587.1841599695003
11458,2587.1841599695003
11459,2587.1841599695003
11460,2587.1841599695003
11461,2587.1841599695003
11462,2587.1841599695003
11463,2587.1841599695003
11464,2577.5255717700816
11465,2577.5255717700816
11466,2577.5255717700816
11467,2577.5255717700816
11468,2577.5255717700816
11469,2577.5255717700816
11470,2577.5255717700816
11471,2577.5255717700816
11472,2577.5255717700816
11473,2577.5255717700816
11474,2577.5255717700816
11475,2577.5255717700816
11476,2577.5255717700816
11477,2577.5255717700816
11478,2577.5255717700816
11479,2577.5255717700816
11480,2577.5255717700816
11481,2577.5255717700816
11482,2577.5255717700816
11483,2577.5255717700816
11484,2577.5255717700816
11485,2577.5255717700816
11486,2577.5255717700816
11487,2577.5255717700816
11488,2577.5255717700816
11489,2577.5255717700816
11490,2577.5255717700816
11491,2577.5255717700816
11492,2577.5255717700816
11493,2577.5255717700816
11494,2577.5255717700816
11495,2577.5255717700816
11496,2577.5255717700816
11497,2577.5255717700816
11498,2577.5255717700816
11499,2577.5255717700816
11500,2577.5255717700816
11501,2577.5255717700816
11502,2577.5255717700816
11503,2577.5255717700816
11504,2577.5255717700816
11505,2577.5255717700816
11506,2577.5255717700816
11507,2577.5255717700816
11508,2577.5255717700816
11509,2577.5255717700816
11510,2577.5255717700816
11511,2577.5255717700816
11512,2577.5255717700816
11513,2577.5255717700816
11514,2577.5255717700816
11515,2577.5255717700816
11516,2577.5255717700816
11517,2577.5255717700816
11518,2577.5255717700816
11519,2577.5255717700816
11520,2577.5255717700816
11521,2577.5255717700816
11522,2577.5255717700816
11523,2577.5255717700816
11524,2577.5255717700816
11525,2577.5255717700816
11526,2577.5255717700816
11527,2577.5255717700816
11528,2577.5255717700816
11529,2577.5255717700816
11530,2577.5255717700816
11531,2577.5255717700816
11532,2577.5255717700816
11533,2577.5255717700816
11534,2577.5255717700816
11535,2577.5255717700816
11536,2577.5255717700816
11537,2577.5255717700816
11538,2577.5255717700816
11539,2577.5255717700816
11540,2577.5255717700816
11541,2577.5255717700816
11542,2577.5255717700816
11543,2577.5255717700816
11544,2577.5255717700816
11545,2577.5255717700816
11546,2577.5255717700816
11547,2577.5255717700816
11548,2577.5255717700816
11549,2577.5255717700816
11550,2577.5255717700816
11551,2577.5255717700816
11552,2577.5255717700816
11553,2577.5255717700816
11554,2577.5255717700816
11555,2577.5255717700816
11556,2577.5255717700816
11557,2577.5255717700816
11558,2577.5255717700816
11559,2577.5255717700816
11560,2577.5255717700816
11561,2577.5255717700816
11562,2577.5255717700816
11563,2577.5255717700816
11564,2577.5255717700816
11565,2577.5255717700816
11566,2577.5255717700816
11567,2577.5255717700816
11568,2577.5255717700816
11569,2577.5255717700816
11570,2577.5255717700816
11571,2577.5255717700816
11572,2577.5255717700816
11573,2577.5255717700816
11574,2577.5255717700816
11575,2577.5255717700816
11576,2577.5255717700816
11577,2577.5255717700816
11578,2577.5255717700816
11579,2577.5255717700816
11580,2577.5255717700816
11581,2577.5255717700816
11582,2577.5255717700816
11583,2577.5255717700816
11584,2577.5255717700816
11585,2577.5255717700816
11586,2577.5255717700816
11587,2577.5255717700816
11588,2577.5255717700816
11589,2577.5255717700816
11590,2577.5255717700816
11591,2577.5255717700816
11592,2577.5255717700816
11593,2577.5255717700816
11594,2577.5255717700816
11595,2577.5255717700816
11596,2577.5255717700816
11597,2577.5255717700816
11598,2577.5255717700816
11599,2577.5255717700816
11600,2577.5255717700816
11601,2577.5255717700816
11602,2572.6717326588414
11603,2572.6717326588414
11604,2572.6717326588414
11605,2572.6717326588414
11606,2572.6717326588414
11607,2572.6717326588414
11608,2572.6717326588414
11609,2572.6717326588414
11610,2572.6717326588414
11611,2572.6717326588414
11612,2572.6717326588414
11613,2572.6717326588414
11614,2572.6717326588414
11615,2572.6717326588414
11616,2572.6717326588414
11617,2572.6717326588414
11618,2572.6717326588414
11619,2572.6717326588414
11620,2572.6717326588414
11621,2572.6717326588414
11622,2572.6717326588414
11623,2572.6717326588414
11624,2572.6717326588414
11625,2572.6717326588414
11626,2545.3479959556876
11627,2545.3479959556876
11628,2545.3479959556876
11629,2545.3479959556876
11630,2545.3479959556876
11631,2545.3479959556876
11632,2545.3479959556876
11633,2545.3479959556876
11634,2545.3479959556876
11635,2545.3479959556876
11636,2545.3479959556876
11637,2545.3479959556876
11638,2545.3479959556876
11639,2545.3479959556876
11640,2545.3479959556876
11641,2545.3479959556876
11642,2545.3479959556876
11643,2531.9320905621234
11644,2531.9320905621234
11645,2531.9320905621234
11646,2531.9320905621234
11647,2531.9320905621234
11648,2531.9320905621234
11649,2531.9320905621234
11650,2531.9320905621234
11651,2531.9320905621234
11652,2531.9320905621234
11653,2531.9320905621234
11654,2531.9320905621234
11655,2531.9320905621234
11656,2531.9320905621234
11657,2531.9320905621234
11658,2531.9320905621234
11659,2531.9320905621234
11660,2531.9320905621234
11661,2531.9320905621234
11662,2531.9320905621234
11663,2531.9320905621234
11664,2531.9320905621234
11665,2531.9320905621234
11666,2531.9320905621234
11667,2531.9320905621234
11668,2531.9320905621234
11669,2531.9320905621234
11670,2531.9320905621234
11671,2531.9320905621234
11672,2531.9320905621234
11673,2531.9320905621234
11674,2531.9320905621234
11675,2531.9320905621234
11676,2531.9320905621234
11677,2531.9320905621234
11678,2531.9320905621234
11679,2531.9320905621234
11680,2531.9320905621234
11681,2531.9320905621234
11682,2531.9320905621234
11683,2531.9320905621234
11684,2531.9320905621234
11685,2531.9320905621234
11686,2531.9320905621234
11687,2531.9320905621234
11688,2531.9320905621234
11689,2531.9320905621234
11690,2531.9320905621234
11691,2531.9320905621234
11692,2531.9320905621234
11693,2531.9320905621234
11694,2531.9320905621234
11695,2531.9320905621234
11696,2531.9320905621234
11697,2531.9320905621234
11698,2531.9320905621234
11699,2531.9320905621234
11700,2531.9320905621234
11701,2531.9320905621234
11702,2531.9320905621234
11703,2531.9320905621234
11704,2531.9320905621234
11705,2531.9320905621234
11706,2531.9320905621234
11707,2531.9320905621234
11708,2531.9320905621234
11709,2531.9320905621234
11710,2531.9320905621234
11711,2531.9320905621234
11712,2510.325965486475
11713,2510.325965486475
11714,2510.325965486475
11715,2510.325965486475
11716,2510.325965486475
11717,2510.325965486475
11718,2510.325965486475
11719,2510.325965486475
11720,2510.325965486475
11721,2510.325965486475
11722,2510.325965486475
11723,2510.325965486475
11724,2510.325965486475
11725,2510.325965486475
11726,2506.6056177354144
11727,2506.6056177354144
11728,2506.6056177354144
11729,2506.6056177354144
11730,2506.6056177354144
11731,2506.6056177354144
11732,2506.6056177354144
11733,2506.6056177354144
11734,2506.6056177354144
11735,2506.6056177354144
11736,2483.1539300023846
11737,2483.1539300023846
11738,2483.1539300023846
11739,2483.1539300023846
11740,2483.1539300023846
11741,2483.1539300023846
11742,2483.1539300023846
11743,2483.1539300023846
11744,2483.1539300023846
11745,2483.1539300023846
11746,2483.1539300023846
11747,2483.1539300023846
11748,2483.1539300023846
11749,2483.1539300023846
11750,2483.1539300023846
11751,2483.1539300023846
11752,2483.1539300023846
11753,2483.1539300023846
11754,2483.1539300023846
11755,2483.1539300023846
11756,2483.1539300023846
11757,2483.1539300023846
11758,2483.1539300023846
11759,2483.1539300023846
11760,2483.1539300023846
11761,2483.1539300023846
11762,2483.1539300023846
11763,2483.1539300023846
11764,2483.1539300023846
11765,2483.1539300023846
11766,2483.1539300023846
11767,2483.1539300023846
11768,2483.1539300023846
11769,2483.1539300023846
11770,2483.1539300023846
11771,2483.1539300023846
11772,2483.1539300023846
11773,2483.1539300023846
11774,2483.1539300023846
11775,2483.1539300023846
11776,2483.1539300023846
11777,2483.1539300023846
11778,2483.1539300023846
11779,2483.1539300023846
11780,2483.1539300023846
11781,2483.1539300023846
11782,2483.1539300023846
11783,2483.1539300023846
11784,2483.1539300023846
11785,2483.1539300023846
11786,2483.1539300023846
11787,2483.1539300023846
11788,2483.1539300023846
11789,2483.1539300023846
11790,2483.1539300023846
11791,2483.1539300023846
11792,2483.1539300023846
11793,2483.1539300023846
11794,2483.1539300023846
11795,2483.1539300023846
11796,2483.1539300023846
11797,2483.1539300023846
11798,2483.1539300023846
11799,2483.1539300023846
11800,2483.1539300023846
11801,2483.1539300023846
11802,2483.1539300023846
11803,2483.1539300023846
11804,2483.1539300023846
11805,2483.1539300023846
11806,2483.1539300023846
11807,2483.1539300023846
11808,2483.1539300023846
11809,2483.1539300023846
11810,2483.1539300023846
11811,2483.1539300023846
11812,2483.1539300023846
11813,2483.1539300023846
11814,2483.1539300023846
11815,2481.5280593727625
11816,2481.5280593727625
11817,2481.5280593727625
11818,2481.5280593727625
11819,2481.5280593727625
11820,2481.5280593727625
11821,2481.5280593727625
11822,2481.5280593727625
11823,2481.5280593727625
11824,2481.5280593727625
11825,2481.5280593727625
11826,2481.5280593727625
11827,2481.5280593727625
11828,2481.5280593727625
11829,2481.5280593727625
11830,2481.5280593727625
11831,2481.5280593727625
11832,2481.5280593727625
11833,2481.5280593727625
11834,2481.5280593727625
11835,2481.5280593727625
11836,2481.5280593727625
11837,2481.5280593727625
11838,2481.5280593727625
11839,2481.5280593727625
11840,2481.5280593727625
11841,2481.5280593727625
11842,2481.5280593727625
11843,2481.5280593727625
11844,2481.5280593727625
11845,2481.5280593727625
11846,2481.5280593727625
11847,2481.5280593727625
11848,2481.5280593727625
11849,2481.5280593727625
11850,2481.5280593727625
11851,2481.5280593727625
11852,2481.5280593727625
11853,2481.5280593727625
11854,2481.5280593727625
11855,2481.5280593727625
11856,2481.5280593727625
11857,2481.5280593727625
11858,2481.5280593727625
11859,2481.5280593727625
11860,2481.5280593727625
11861,2481.5280593727625
11862,2481.5280593727625
11863,2481.5280593727625
11864,2481.5280593727625
11865,2481.5280593727625
11866,2481.5280593727625
11867,2481.5280593727625
11868,2481.5280593727625
11869,2481.5280593727625
11870,2481.5280593727625
11871,2481.5280593727625
11872,2481.5280593727625
11873,2481.5280593727625
11874,2481.5280593727625
11875,2481.5280593727625
11876,2481.5280593727625
11877,2481.5280593727625
11878,2481.5280593727625
11879,2481.5280593727625
11880,2481.5280593727625
11881,2481.5280593727625
11882,2481.5280593727625
11883,2481.5280593727625
11884,2481.5280593727625
11885,2481.5280593727625
11886,2481.5280593727625
11887,2481.5280593727625
11888,2481.5280593727625
11889,2481.5280593727625
11890,2481.5280593727625
11891,2481.5280593727625
11892,2481.5280593727625
11893,2481.5280593727625
11894,2481.5280593727625
11895,2481.5280593727625
11896,2481.5280593727625
11897,2481.5280593727625
11898,2481.5280593727625
11899,2481.5280593727625
11900,2481.5280593727625
11901,2481.5280593727625
11902,2481.5280593727625
11903,2481.5280593727625
11904,2481.5280593727625
11905,2469.178541919005
11906,2469.178541919005
11907,2469.178541919005
11908,2469.178541919005
11909,2469.178541919005
11910,2469.178541919005
11911,2469.178541919005
11912,2469.178541919005
11913,2469.178541919005
11914,2458.791771635338
11915,2458.791771635338
11916,2458.791771635338
11917,2458.791771635338
11918,2458.791771635338
11919,2458.791771635338
11920,2458.791771635338
11921,2458.791771635338
11922,2458.791771635338
11923,2458.791771635338
11924,2458.791771635338
11925,2458.791771635338
11926,2458.791771635338
11927,2458.791771635338
11928,2458.791771635338
11929,2458.791771635338
11930,2458.791771635338
11931,2458.791771635338
11932,2458.791771635338
11933,2458.791771635338
11934,2458.791771635338
11935,2458.791771635338
11936,2458.791771635338
11937,2458.791771635338
11938,2458.791771635338
11939,2458.791771635338
11940,2458.791771635338
11941,2458.791771635338
11942,2458.791771635338
11943,2458.791771635338
11944,2458.791771635338
11945,2458.791771635338
11946,2458.791771635338
11947,2457.529890244817
11948,2457.529890244817
11949,2457.529890244817
11950,2457.529890244817
11951,2457.529890244817
11952,2457.529890244817
11953,2457.529890244817
11954,2457.529890244817
11955,2457.529890244817
11956,2457.529890244817
11957,2457.529890244817
11958,2457.529890244817
11959,2457.529890244817
11960,2457.529890244817
11961,2457.529890244817
11962,2457.529890244817
11963,2457.529890244817
11964,2457.529890244817
11965,2457.529890244817
11966,2457.529890244817
11967,2457.529890244817
11968,2457.529890244817
11969,2457.529890244817
11970,2457.529890244817
11971,2457.529890244817
11972,2457.529890244817
11973,2457.529890244817
11974,2457.529890244817
11975,2457.529890244817
11976,2457.529890244817
11977,2457.529890244817
11978,2457.529890244817
11979,2457.529890244817
11980,2457.529890244817
11981,2457.529890244817
11982,2457.529890244817
11983,2457.529890244817
11984,2457.529890244817
11985,2457.529890244817
11986,2457.529890244817
11987,2457.529890244817
11988,2457.529890244817
11989,2457.529890244817
11990,2457.529890244817
11991,2457.529890244817
11992,2457.529890244817
11993,2457.529890244817
11994,2457.529890244817
11995,2457.529890244817
11996,2457.529890244817
11997,2457.529890244817
11998,2457.529890244817
11999,2457.529890244817
12000,2457.529890244817
12001,2457.529890244817
12002,2457.529890244817
12003,2457.529890244817
12004,2457.529890244817
12005,2457.529890244817
12006,2457.529890244817
12007,2457.529890244817
12008,2457.529890244817
12009,2457.529890244817
12010,2457.529890244817
12011,2457.529890244817
12012,2457.529890244817
12013,2457.529890244817
12014,2457.529890244817
12015,2457.529890244817
12016,2457.529890244817
12017,2457.529890244817
12018,2457.529890244817
12019,2457.529890244817
12020,2457.529890244817
12021,2457.529890244817
12022,2457.529890244817
12023,2457.529890244817
12024,2457.529890244817
12025,2457.529890244817
12026,2457.529890244817
12027,2457.529890244817
12028,2457.529890244817
12029,2457.529890244817
12030,2457.529890244817
12031,2457.529890244817
12032,2457.529890244817
12033,2457.529890244817
12034,2457.529890244817
12035,2457.529890244817
12036,2457.529890244817
12037,2457.529890244817
12038,2457.529890244817
12039,2457.529890244817
12040,2457.529890244817
12041,2457.529890244817
12042,2457.529890244817
12043,2457.529890244817
12044,2457.529890244817
12045,2457.529890244817
12046,2457.529890244817
12047,2457.529890244817
12048,2457.529890244817
12049,2457.529890244817
12050,2457.529890244817
12051,2457.529890244817
12052,2457.529890244817
12053,2457.529890244817
12054,2457.529890244817
12055,2457.529890244817
12056,2457.529890244817
12057,2457.529890244817
12058,2457.529890244817
12059,2457.529890244817
12060,2457.529890244817
12061,2457.529890244817
12062,2457.529890244817
12063,2457.529890244817
12064,2457.529890244817
12065,2457.529890244817
12066,2457.529890244817
12067,2457.529890244817
12068,2457.529890244817
12069,2457.529890244817
12070,2457.529890244817
12071,2457.529890244817
12072,2457.529890244817
12073,2457.529890244817
12074,2457.529890244817
12075,2457.529890244817
12076,2457.529890244817
12077,2457.529890244817
12078,2457.529890244817
12079,2457.529890244817
12080,2457.529890244817
12081,2457.529890244817
12082,2457.529890244817
12083,2457.529890244817
12084,2457.529890244817
12085,2457.529890244817
12086,2457.529890244817
12087,2457.529890244817
12088,2457.529890244817
12089,2457.529890244817
12090,2457.529890244817
12091,2457.529890244817
12092,2457.529890244817
12093,2457.529890244817
12094,2457.529890244817
12095,2457.529890244817
12096,2457.529890244817
12097,2457.529890244817
12098,2457.529890244817
12099,2457.529890244817
12100,2457.529890244817
12101,2457.529890244817
12102,2457.529890244817
12103,2457.529890244817
12104,2457.529890244817
12105,2457.529890244817
12106,2457.529890244817
12107,2457.529890244817
12108,2457.529890244817
12109,2457.529890244817
12110,2457.529890244817
12111,2457.529890244817
12112,2457.529890244817
12113,2457.529890244817
12114,2457.529890244817
12115,2457.529890244817
12116,2457.529890244817
12117,2457.529890244817
12118,2457.529890244817
12119,2457.529890244817
12120,2457.529890244817
12121,2457.529890244817
12122,2457.529890244817
12123,2457.529890244817
12124,2457.529890244817
12125,2457.529890244817
12126,2457.529890244817
12127,2457.529890244817
12128,2457.529890244817
12129,2457.529890244817
12130,2457.529890244817
12131,2457.529890244817
12132,2457.529890244817
12133,2457.529890244817
12134,2457.529890244817
12135,2457.529890244817
12136,2457.529890244817
12137,2457.529890244817
12138,2457.529890244817
12139,2457.529890244817
12140,2457.529890244817
12141,2457.529890244817
12142,2457.529890244817
12143,2457.529890244817
12144,2457.529890244817
12145,2457.529890244817
12146,2457.529890244817
12147,2457.529890244817
12148,2457.529890244817
12149,2457.529890244817
12150,2457.529890244817
12151,2457.529890244817
12152,2457.529890244817
12153,2457.529890244817
12154,2457.529890244817
12155,2457.529890244817
12156,2457.529890244817
12157,2457.529890244817
12158,2457.529890244817
12159,2457.529890244817
12160,2457.529890244817
12161,2457.529890244817
12162,2457.529890244817
12163,2457.529890244817
12164,2457.529890244817
12165,2457.529890244817
12166,2457.529890244817
12167,2457.529890244817
12168,2457.529890244817
12169,2457.529890244817
12170,2457.529890244817
12171,2457.529890244817
12172,2457.529890244817
12173,2457.529890244817
12174,2457.529890244817
12175,2457.529890244817
12176,2457.529890244817
12177,2457.529890244817
12178,2457.529890244817
12179,2457.529890244817
12180,2457.529890244817
12181,2457.529890244817
12182,2457.529890244817
12183,2457.529890244817
12184,2457.529890244817
12185,2457.529890244817
12186,2457.529890244817
12187,2457.529890244817
12188,2457.529890244817
12189,2457.529890244817
12190,2457.529890244817
12191,2457.529890244817
12192,2457.529890244817
12193,2457.529890244817
12194,2457.529890244817
12195,2457.529890244817
12196,2457.529890244817
12197,2451.4816309386247
12198,2451.4816309386247
12199,2451.4816309386247
12200,2451.4816309386247
12201,2451.4816309386247
12202,2451.4816309386247
12203,2451.4816309386247
12204,2451.4816309386247
12205,2451.4816309386247
12206,2451.4816309386247
12207,2451.4816309386247
12208,2451.4816309386247
12209,2451.4816309386247
12210,2451.4816309386247
12211,2451.4816309386247
12212,2451.4816309386247
12213,2451.4816309386247
12214,2451.4816309386247
12215,2451.4816309386247
12216,2451.4816309386247
12217,2451.4816309386247
12218,2451.4816309386247
12219,2451.4816309386247
12220,2451.4816309386247
12221,2451.4816309386247
12222,2451.4816309386247
12223,2451.4816309386247
12224,2451.4816309386247
12225,2451.4816309386247
12226,2451.4816309386247
12227,2451.4816309386247
12228,2451.4816309386247
12229,2451.4816309386247
12230,2451.4816309386247
12231,2451.4816309386247
12232,2451.4816309386247
12233,2451.4816309386247
12234,2451.4816309386247
12235,2451.4816309386247
12236,2451.4816309386247
12237,2451.4816309386247
12238,2451.4816309386247
12239,2451.4816309386247
12240,2451.4816309386247
12241,2451.4816309386247
12242,2451.4816309386247
12243,2451.4816309386247
12244,2451.4816309386247
12245,2451.4816309386247
12246,2451.4816309386247
12247,2451.4816309386247
12248,2451.4816309386247
12249,2451.4816309386247
12250,2451.4816309386247
12251,2451.4816309386247
12252,2451.4816309386247
12253,2451.4816309386247
12254,2451.4816309386247
12255,2451.4816309386247
12256,2451.4816309386247
12257,2451.4816309386247
12258,2451.4816309386247
12259,2451.4816309386247
12260,2451.4816309386247
12261,2451.4816309386247
12262,2451.4816309386247
12263,2451.4816309386247
12264,2451.4816309386247
12265,2451.4816309386247
12266,2451.4816309386247
12267,2451.4816309386247
12268,2451.4816309386247
12269,2451.4816309386247
12270,2451.4816309386247
12271,2451.4816309386247
12272,2451.4816309386247
12273,2451.4816309386247
12274,2451.4816309386247
12275,2451.4816309386247
12276,2451.4816309386247
12277,2451.4816309386247
12278,2451.4816309386247
12279,2451.4816309386247
12280,2451.4816309386247
12281,2451.4816309386247
12282,2451.4816309386247
12283,2451.4816309386247
12284,2451.4816309386247
12285,2451.4816309386247
12286,2451.4816309386247
12287,2451.4816309386247
12288,2451.4816309386247
12289,2451.4816309386247
12290,2451.4816309386247
12291,2451.4816309386247
12292,2451.4816309386247
12293,2451.4816309386247
12294,2451.4816309386247
12295,2451.4816309386247
12296,2451.4816309386247
12297,2451.4816309386247
12298,2451.4816309386247
12299,2451.4816309386247
12300,2451.4816309386247
12301,2451.4816309386247
12302,2451.4816309386247
12303,2451.4816309386247
12304,2451.4816309386247
12305,2451.4816309386247
12306,2451.4816309386247
12307,2451.4816309386247
12308,2451.4816309386247
12309,2451.4816309386247
12310,2451.4816309386247
12311,2451.4816309386247
12312,2451.4816309386247
12313,2451.4816309386247
12314,2451.4816309386247
12315,2451.4816309386247
12316,2451.4816309386247
12317,2451.4816309386247
12318,2451.4816309386247
12319,2451.4816309386247
12320,2451.4816309386247
12321,2451.4816309386247
12322,2451.4816309386247
12323,2451.4816309386247
12324,2451.4816309386247
12325,2451.4816309386247
12326,2451.4816309386247
12327,2451.4816309386247
12328,2451.4816309386247
12329,2451.4816309386247
12330,2451.4816309386247
12331,2451.4816309386247
12332,2451.4816309386247
12333,2451.4816309386247
12334,2451.4816309386247
12335,2451.4816309386247
12336,2451.4816309386247
12337,2451.4816309386247
12338,2451.4816309386247
12339,2451.4816309386247
12340,2451.4816309386247
12341,2451.4816309386247
12342,2451.4816309386247
12343,2451.4816309386247
12344,2451.4816309386247
12345,2451.4816309386247
12346,2451.4816309386247
12347,2451.4816309386247
12348,2451.4816309386247
12349,2451.4816309386247
12350,2451.4816309386247
12351,2451.4816309386247
12352,2451.4816309386247
12353,2451.4816309386247
12354,2451.4816309386247
12355,2451.4816309386247
12356,2451.4816309386247
12357,2451.4816309386247
12358,2451.4816309386247
12359,2451.4816309386247
12360,2451.4816309386247
12361,2451.4816309386247
12362,2451.4816309386247
12363,2451.4816309386247
12364,2451.4816309386247
12365,2451.4816309386247
12366,2451.4816309386247
12367,2451.4816309386247
12368,2451.4816309386247
12369,2451.4816309386247
12370,2451.4816309386247
12371,2451.4816309386247
12372,2451.4816309386247
12373,2451.4816309386247
12374,2451.4816309386247
12375,2451.4816309386247
12376,2451.4816309386247
12377,2451.4816309386247
12378,2451.4816309386247
12379,2451.4816309386247
12380,2451.4816309386247
12381,2451.4816309386247
12382,2451.4816309386247
12383,2451.4816309386247
12384,2451.4816309386247
12385,2451.4816309386247
12386,2451.4816309386247
12387,2451.4816309386247
12388,2451.4816309386247
12389,2451.4816309386247
12390,2451.4816309386247
12391,2451.4816309386247
12392,2451.4816309386247
12393,2451.4816309386247
12394,2451.4816309386247
12395,2451.4816309386247
12396,2451.4816309386247
12397,2451.4816309386247
12398,2451.4816309386247
12399,2451.4816309386247
12400,2451.4816309386247
12401,2451.4816309386247
12402,2451.4816309386247
12403,2451.4816309386247
12404,2451.4816309386247
12405,2451.4816309386247
12406,2451.4816309386247
12407,2451.4816309386247
12408,2451.4816309386247
12409,2451.4816309386247
12410,2451.4816309386247
12411,2451.4816309386247
12412,2451.4816309386247
12413,2451.4816309386247
12414,2451.4816309386247
12415,2451.4816309386247
12416,2451.4816309386247
12417,2451.4816309386247
12418,2451.4816309386247
12419,2451.4816309386247
12420,2451.4816309386247
12421,2451.4816309386247
12422,2451.4816309386247
12423,2451.4816309386247
12424,2451.4816309386247
12425,2451.4816309386247
12426,2451.4816309386247
12427,2451.4816309386247
12428,2451.4816309386247
12429,2451.4816309386247
12430,2451.4816309386247
12431,2451.4816309386247
12432,2451.4816309386247
12433,2451.4816309386247
12434,2451.4816309386247
12435,2451.4816309386247
12436,2451.4816309386247
12437,2451.4816309386247
12438,2451.4816309386247
12439,2451.4816309386247
12440,2451.4816309386247
12441,2451.4816309386247
12442,2451.4816309386247
12443,2451.4816309386247
12444,2451.4816309386247
12445,2451.4816309386247
12446,2451.4816309386247
12447,2451.4816309386247
12448,2451.4816309386247
12449,2451.4816309386247
12450,2451.4816309386247
12451,2451.4816309386247
12452,2451.4816309386247
12453,2451.4816309386247
12454,2451.4816309386247
12455,2451.4816309386247
12456,2451.4816309386247
12457,2451.4816309386247
12458,2451.4816309386247
12459,2451.4816309386247
12460,2451.4816309386247
12461,2451.4816309386247
12462,2451.4816309386247
12463,2451.4816309386247
12464,2451.4816309386247
12465,2451.4816309386247
12466,2451.4816309386247
12467,2451.4816309386247
12468,2451.4816309386247
12469,2451.4816309386247
12470,2451.4816309386247
12471,2451.4816309386247
12472,2451.4816309386247
12473,2451.4816309386247
12474,2451.4816309386247
12475,2451.4816309386247
12476,2451.4816309386247
12477,2451.4816309386247
12478,2451.4816309386247
12479,2451.4816309386247
12480,2451.4816309386247
12481,2451.4816309386247
12482,2451.4816309386247
12483,2451.4816309386247
12484,2451.4816309386247
12485,2451.4816309386247
12486,2451.4816309386247
12487,2451.4816309386247
12488,2451.4816309386247
12489,2451.4816309386247
12490,2451.4816309386247
12491,2451.4816309386247
12492,2451.4816309386247
12493,2451.4816309386247
12494,2451.4816309386247
12495,2451.4816309386247
12496,2451.4816309386247
12497,2451.4816309386247
12498,2451.4816309386247
12499,2451.4816309386247
12500,2451.4816309386247
12501,2451.4816309386247
12502,2451.4816309386247
12503,2451.4816309386247
12504,2451.4816309386247
12505,2451.4816309386247
12506,2451.4816309386247
12507,2451.4816309386247
12508,2451.4816309386247
12509,2451.4816309386247
12510,2451.4816309386247
12511,2451.4816309386247
12512,2451.4816309386247
12513,2451.4816309386247
12514,2451.4816309386247
12515,2451.4816309386247
12516,2451.4816309386247
12517,2451.4816309386247
12518,2451.4816309386247
12519,2451.4816309386247
12520,2451.4816309386247
12521,2451.4816309386247
12522,2451.4816309386247
12523,2451.4816309386247
12524,2451.4816309386247
12525,2451.4816309386247
12526,2451.4816309386247
12527,2451.4816309386247
12528,2451.4816309386247
12529,2451.4816309386247
12530,2451.4816309386247
12531,2451.4816309386247
12532,2451.4816309386247
12533,2451.4816309386247
12534,2451.4816309386247
12535,2451.4816309386247
12536,2451.4816309386247
12537,2451.4816309386247
12538,2451.4816309386247
12539,2451.4816309386247
12540,2451.4816309386247
12541,2451.4816309386247
12542,2451.4816309386247
12543,2451.4816309386247
12544,2451.4816309386247
12545,2451.4816309386247
12546,2451.4816309386247
12547,2451.4816309386247
12548,2451.4816309386247
12549,2451.4816309386247
12550,2451.4816309386247
12551,2451.4816309386247
12552,2451.4816309386247
12553,2451.4816309386247
12554,2451.4816309386247
12555,2451.4816309386247
12556,2451.4816309386247
12557,2451.4816309386247
12558,2451.4816309386247
12559,2451.4816309386247
12560,2451.4816309386247
12561,2451.4816309386247
12562,2451.4816309386247
12563,2451.4816309386247
12564,2451.4816309386247
12565,2451.4816309386247
12566,2451.4816309386247
12567,2451.4816309386247
12568,2451.4816309386247
12569,2451.4816309386247
12570,2451.4816309386247
12571,2451.4816309386247
12572,2451.4816309386247
12573,2451.4816309386247
12574,2451.4816309386247
12575,2451.4816309386247
12576,2451.4816309386247
12577,2451.4816309386247
12578,2451.4816309386247
12579,2451.4816309386247
12580,2451.4816309386247
12581,2451.4816309386247
12582,2451.4816309386247
12583,2451.4816309386247
12584,2451.4816309386247
12585,2451.4816309386247
12586,2447.301428865223
12587,2447.301428865223
12588,2447.301428865223
12589,2447.301428865223
12590,2447.301428865223
12591,2447.301428865223
12592,2447.301428865223
12593,2447.301428865223
12594,2447.301428865223
12595,2447.301428865223
12596,2447.301428865223
12597,2447.301428865223
12598,2447.301428865223
12599,2447.301428865223
12600,2447.301428865223
12601,2447.301428865223
12602,2447.301428865223
12603,2447.301428865223
12604,2447.301428865223
12605,2447.301428865223
12606,2447.301428865223
12607,2447.301428865223
12608,2447.301428865223
12609,2447.301428865223
12610,2447.301428865223
12611,2447.301428865223
12612,2447.301428865223
12613,2447.301428865223
12614,2447.301428865223
12615,2447.301428865223
12616,2447.301428865223
12617,2447.301428865223
12618,2447.301428865223
12619,2447.301428865223
12620,2447.301428865223
12621,2447.301428865223
12622,2447.301428865223
12623,2447.301428865223
12624,2447.301428865223
12625,2447.301428865223
12626,2447.301428865223
12627,2447.301428865223
12628,2447.301428865223
12629,2447.301428865223
12630,2447.301428865223
12631,2447.301428865223
12632,2447.301428865223
12633,2447.301428865223
12634,2447.301428865223
12635,2447.301428865223
12636,2447.301428865223
12637,2447.301428865223
12638,2447.301428865223
12639,2447.301428865223
12640,2447.301428865223
12641,2447.301428865223
12642,2447.301428865223
12643,2447.301428865223
12644,2447.301428865223
12645,2447.301428865223
12646,2447.301428865223
12647,2447.301428865223
12648,2447.301428865223
12649,2447.301428865223
12650,2447.301428865223
12651,2447.301428865223
12652,2447.301428865223
12653,2447.301428865223
12654,2447.301428865223
12655,2447.301428865223
12656,2447.301428865223
12657,2447.301428865223
12658,2447.301428865223
12659,2447.301428865223
12660,2447.301428865223
12661,2447.301428865223
12662,2447.301428865223
12663,2447.301428865223
12664,2447.301428865223
12665,2447.301428865223
12666,2447.301428865223
12667,2447.301428865223
12668,2447.301428865223
12669,2447.301428865223
12670,2447.301428865223
12671,2447.301428865223
12672,2447.301428865223
12673,2447.301428865223
12674,2447.301428865223
12675,2447.301428865223
12676,2447.301428865223
12677,2447.301428865223
12678,2447.301428865223
12679,2447.301428865223
12680,2447.301428865223
12681,2447.301428865223
12682,2447.301428865223
12683,2447.301428865223
12684,2447.301428865223
12685,2447.301428865223
12686,2447.301428865223
12687,2447.301428865223
12688,2447.301428865223
12689,2447.301428865223
12690,2447.301428865223
12691,2447.301428865223
12692,2447.301428865223
12693,2447.301428865223
12694,2447.301428865223
12695,2447.301428865223
12696,2447.301428865223
12697,2447.301428865223
12698,2447.301428865223
12699,2447.301428865223
12700,2447.301428865223
12701,2447.301428865223
12702,2447.301428865223
12703,2447.301428865223
12704,2447.301428865223
12705,2447.301428865223
12706,2447.301428865223
12707,2447.301428865223
12708,2447.301428865223
12709,2447.301428865223
12710,2447.301428865223
12711,2447.301428865223
12712,2447.301428865223
12713,2447.301428865223
12714,2447.301428865223
12715,2447.301428865223
12716,2447.301428865223
12717,2447.301428865223
12718,2447.301428865223
12719,2447.301428865223
12720,2447.301428865223
12721,2447.301428865223
12722,2447.301428865223
12723,2447.301428865223
12724,2447.301428865223
12725,2447.301428865223
12726,2447.301428865223
12727,2447.301428865223
12728,2447.301428865223
12729,2447.301428865223
12730,2447.301428865223
12731,2447.301428865223
12732,2447.301428865223
12733,2447.301428865223
12734,2447.301428865223
12735,2447.301428865223
12736,2447.301428865223
12737,2447.301428865223
12738,2447.301428865223
12739,2447.301428865223
12740,2447.301428865223
12741,2447.301428865223
12742,2447.301428865223
12743,2447.301428865223
12744,2447.301428865223
12745,2447.301428865223
12746,2447.301428865223
12747,2447.301428865223
12748,2447.301428865223
12749,2447.301428865223
12750,2447.301428865223
12751,2447.301428865223
12752,2447.301428865223
12753,2447.301428865223
12754,2447.301428865223
12755,2447.301428865223
12756,2447.301428865223
12757,2447.301428865223
12758,2447.301428865223
12759,2447.301428865223
12760,2447.301428865223
12761,2447.301428865223
12762,2447.301428865223
12763,2447.301428865223
12764,2447.301428865223
12765,2447.301428865223
12766,2447.301428865223
12767,2447.301428865223
12768,2447.301428865223
12769,2447.301428865223
12770,2447.301428865223
12771,2447.301428865223
12772,2447.301428865223
12773,2447.301428865223
12774,2447.301428865223
12775,2447.301428865223
12776,2447.301428865223
12777,2447.301428865223
12778,2447.301428865223
12779,2447.301428865223
12780,2447.301428865223
12781,2447.301428865223
12782,2447.301428865223
12783,2447.301428865223
12784,2447.301428865223
12785,2447.301428865223
12786,2447.301428865223
12787,2447.301428865223
12788,2447.301428865223
12789,2447.301428865223
12790,2447.301428865223
12791,2447.301428865223
12792,2447.301428865223
12793,2447.301428865223
12794,2447.301428865223
12795,2447.301428865223
12796,2447.301428865223
12797,2447.301428865223
12798,2447.301428865223
12799,2447.301428865223
12800,2447.301428865223
12801,2447.301428865223
12802,2447.301428865223
12803,2447.301428865223
12804,2447.301428865223
12805,2447.301428865223
12806,2447.301428865223
12807,2447.301428865223
12808,2447.301428865223
12809,2447.301428865223
12810,2447.301428865223
12811,2447.301428865223
12812,2447.301428865223
12813,2447.301428865223
12814,2447.301428865223
12815,2447.301428865223
12816,2447.301428865223
12817,2447.301428865223
12818,2447.301428865223
12819,2447.301428865223
12820,2447.301428865223
12821,2447.301428865223
12822,2447.301428865223
12823,2447.301428865223
12824,2447.301428865223
12825,2447.301428865223
12826,2447.301428865223
12827,2447.301428865223
12828,2447.301428865223
12829,2447.301428865223
12830,2447.301428865223
12831,2447.301428865223
12832,2447.301428865223
12833,2447.301428865223
12834,2447.301428865223
12835,2447.301428865223
12836,2447.301428865223
12837,2447.301428865223
12838,2447.301428865223
12839,2447.301428865223
12840,2447.301428865223
12841,2447.301428865223
12842,2447.301428865223
12843,2447.301428865223
12844,2447.301428865223
12845,2447.301428865223
12846,2447.301428865223
12847,2447.301428865223
12848,2447.301428865223
12849,2447.301428865223
12850,2447.301428865223
12851,2447.301428865223
12852,2447.301428865223
12853,2447.301428865223
12854,2447.301428865223
12855,2447.301428865223
12856,2447.301428865223
12857,2447.301428865223
12858,2447.301428865223
12859,2447.301428865223
12860,2447.301428865223
12861,2447.301428865223
12862,2447.301428865223
12863,2447.301428865223
12864,2447.301428865223
12865,2447.301428865223
12866,2447.301428865223
12867,2447.301428865223
12868,2447.301428865223
12869,2447.301428865223
12870,2447.301428865223
12871,2447.301428865223
12872,2447.301428865223
12873,2447.301428865223
12874,2447.301428865223
12875,2447.301428865223
12876,2447.301428865223
12877,2447.301428865223
12878,2447.301428865223
12879,2447.301428865223
12880,2447.301428865223
12881,2447.301428865223
12882,2447.301428865223
12883,2447.301428865223
12884,2447.301428865223
12885,2447.301428865223
12886,2447.301428865223
12887,2447.301428865223
12888,2447.301428865223
12889,2447.301428865223
12890,2447.301428865223
12891,2447.301428865223
12892,2447.301428865223
12893,2447.301428865223
12894,2447.301428865223
12895,2447.301428865223
12896,2447.301428865223
12897,2447.301428865223
12898,2447.301428865223
12899,2447.301428865223
12900,2447.301428865223
12901,2447.301428865223
12902,2447.301428865223
12903,2447.301428865223
12904,2447.301428865223
12905,2447.301428865223
12906,2447.301428865223
12907,2447.301428865223
12908,2447.301428865223
12909,2447.301428865223
12910,2447.301428865223
12911,2447.301428865223
12912,2447.301428865223
12913,2447.301428865223
12914,2447.301428865223
12915,2447.301428865223
12916,2447.301428865223
12917,2447.301428865223
12918,2447.301428865223
12919,2447.301428865223
12920,2447.301428865223
12921,2447.301428865223
12922,2447.301428865223
12923,2447.301428865223
12924,2447.301428865223
12925,2447.301428865223
12926,2447.301428865223
12927,2447.301428865223
12928,2447.301428865223
12929,2447.301428865223
12930,2447.301428865223
12931,2447.301428865223
12932,2447.301428865223
12933,2447.301428865223
12934,2447.301428865223
12935,2447.301428865223
12936,2447.301428865223
12937,2447.301428865223
12938,2447.301428865223
12939,2447.301428865223
12940,2447.301428865223
12941,2447.301428865223
12942,2447.301428865223
12943,2447.301428865223
12944,2447.301428865223
12945,2447.301428865223
12946,2447.301428865223
12947,2447.301428865223
12948,2447.301428865223
12949,2447.301428865223
12950,2447.301428865223
12951,2447.301428865223
12952,2447.301428865223
12953,2447.301428865223
12954,2447.301428865223
12955,2447.301428865223
12956,2447.301428865223
12957,2447.301428865223
12958,2447.301428865223
12959,2447.301428865223
12960,2447.301428865223
12961,2447.301428865223
12962,2447.301428865223
12963,2447.301428865223
12964,2447.301428865223
12965,2447.301428865223
12966,2447.301428865223
12967,2447.301428865223
12968,2447.301428865223
12969,2447.301428865223
12970,2447.301428865223
12971,2447.301428865223
12972,2447.301428865223
12973,2447.301428865223
12974,2447.301428865223
12975,2447.301428865223
12976,2447.301428865223
12977,2447.301428865223
12978,2447.301428865223
12979,2447.301428865223
12980,2447.301428865223
12981,2447.301428865223
12982,2447.301428865223
12983,2447.301428865223
12984,2447.301428865223
12985,2447.301428865223
12986,2447.301428865223
12987,2447.301428865223
12988,2447.301428865223
12989,2447.301428865223
12990,2447.301428865223
12991,2447.301428865223
12992,2447.301428865223
12993,2447.301428865223
12994,2447.301428865223
12995,2447.301428865223
12996,2447.301428865223
12997,2447.301428865223
12998,2447.301428865223
12999,2447.301428865223
13000,2447.301428865223
13001,2447.301428865223
13002,2447.301428865223
13003,2447.301428865223
13004,2444.760102310551
13005,2444.760102310551
13006,2444.760102310551
13007,2444.760102310551
13008,2444.760102310551
13009,2444.760102310551
13010,2444.760102310551
13011,2444.760102310551
13012,2444.760102310551
13013,2444.760102310551
13014,2444.760102310551
13015,2444.760102310551
13016,2444.760102310551
13017,2393.1166867340557
13018,2393.1166867340557
13019,2393.1166867340557
13020,2393.1166867340557
13021,2393.1166867340557
13022,2393.1166867340557
13023,2393.1166867340557
13024,2393.1166867340557
13025,2393.1166867340557
13026,2393.1166867340557
13027,2393.1166867340557
13028,2393.1166867340557
13029,2393.1166867340557
13030,2393.1166867340557
13031,2393.1166867340557
13032,2393.1166867340557
13033,2393.1166867340557
13034,2393.1166867340557
13035,2393.1166867340557
13036,2393.1166867340557
13037,2393.1166867340557
13038,2393.1166867340557
13039,2393.1166867340557
13040,2393.1166867340557
13041,2393.1166867340557
13042,2393.1166867340557
13043,2393.1166867340557
13044,2393.1166867340557
13045,2393.1166867340557
13046,2393.1166867340557
13047,2393.1166867340557
13048,2393.1166867340557
13049,2393.1166867340557
13050,2393.1166867340557
13051,2393.1166867340557
13052,2393.1166867340557
13053,2393.1166867340557
13054,2393.1166867340557
13055,2393.1166867340557
13056,2393.1166867340557
13057,2393.1166867340557
13058,2364.049411413329
13059,2364.049411413329
13060,2364.049411413329
13061,2364.049411413329
13062,2364.049411413329
13063,2364.049411413329
13064,2364.049411413329
13065,2364.049411413329
13066,2364.049411413329
13067,2364.049411413329
13068,2364.049411413329
13069,2364.049411413329
13070,2364.049411413329
13071,2364.049411413329
13072,2364.049411413329
13073,2364.049411413329
13074,2364.049411413329
13075,2364.049411413329
13076,2364.049411413329
13077,2364.049411413329
13078,2364.049411413329
13079,2364.049411413329
13080,2364.049411413329
13081,2364.049411413329
13082,2364.049411413329
13083,2364.049411413329
13084,2364.049411413329
13085,2364.049411413329
13086,2364.049411413329
13087,2364.049411413329
13088,2364.049411413329
13089,2364.049411413329
13090,2364.049411413329
13091,2364.049411413329
13092,2364.049411413329
13093,2364.049411413329
13094,2364.049411413329
13095,2364.049411413329
13096,2364.049411413329
13097,2364.049411413329
13098,2364.049411413329
13099,2364.049411413329
13100,2364.049411413329
13101,2364.049411413329
13102,2364.049411413329
13103,2364.049411413329
13104,2364.049411413329
13105,2364.049411413329
13106,2364.049411413329
13107,2364.049411413329
13108,2364.049411413329
13109,2364.049411413329
13110,2364.049411413329
13111,2364.049411413329
13112,2364.049411413329
13113,2364.049411413329
13114,2364.049411413329
13115,2364.049411413329
13116,2364.049411413329
13117,2364.049411413329
13118,2364.049411413329
13119,2364.049411413329
13120,2364.049411413329
13121,2364.049411413329
13122,2364.049411413329
13123,2364.049411413329
13124,2364.049411413329
13125,2364.049411413329
13126,2364.049411413329
13127,2364.049411413329
13128,2358.2199155904977
13129,2358.2199155904977
13130,2358.2199155904977
13131,2358.2199155904977
13132,2358.2199155904977
13133,2358.2199155904977
13134,2358.2199155904977
13135,2358.2199155904977
13136,2358.2199155904977
13137,2358.2199155904977
13138,2358.2199155904977
13139,2358.2199155904977
13140,2358.2199155904977
13141,2358.2199155904977
13142,2358.2199155904977
13143,2358.2199155904977
13144,2358.2199155904977
13145,2358.2199155904977
13146,2358.2199155904977
13147,2358.2199155904977
13148,2358.2199155904977
13149,2358.2199155904977
13150,2358.2199155904977
13151,2351.3376825233436
13152,2351.3376825233436
13153,2351.3376825233436
13154,2351.3376825233436
13155,2351.3376825233436
13156,2351.3376825233436
13157,2351.3376825233436
13158,2351.3376825233436
13159,2351.3376825233436
13160,2351.3376825233436
13161,2351.3376825233436
13162,2351.3376825233436
13163,2351.3376825233436
13164,2351.3376825233436
13165,2351.3376825233436
13166,2351.3376825233436
13167,2351.3376825233436
13168,2351.3376825233436
13169,2351.3376825233436
13170,2351.3376825233436
13171,2351.3376825233436
13172,2351.3376825233436
13173,2351.3376825233436
13174,2344.659080238443
13175,2344.659080238443
13176,2344.659080238443
13177,2344.659080238443
13178,2344.659080238443
13179,2344.659080238443
13180,2344.659080238443
13181,2344.659080238443
13182,2344.659080238443
13183,2344.659080238443
13184,2344.659080238443
13185,2344.659080238443
13186,2344.659080238443
13187,2344.659080238443
13188,2344.659080238443
13189,2344.659080238443
13190,2344.659080238443
13191,2344.659080238443
13192,2344.659080238443
13193,2344.659080238443
13194,2344.659080238443
13195,2344.659080238443
13196,2344.659080238443
13197,2344.659080238443
13198,2344.659080238443
13199,2344.659080238443
13200,2344.659080238443
13201,2344.659080238443
13202,2344.659080238443
13203,2344.659080238443
13204,2344.659080238443
13205,2344.659080238443
13206,2344.659080238443
13207,2344.659080238443
13208,2344.659080238443
13209,2344.659080238443
13210,2344.659080238443
13211,2344.659080238443
13212,2344.659080238443
13213,2344.659080238443
13214,2344.659080238443
13215,2344.659080238443
13216,2344.659080238443
13217,2344.659080238443
13218,2344.659080238443
13219,2344.659080238443
13220,2344.659080238443
13221,2344.659080238443
13222,2344.659080238443
13223,2344.659080238443
13224,2344.659080238443
13225,2344.659080238443
13226,2344.659080238443
13227,2344.659080238443
13228,2344.659080238443
13229,2344.659080238443
13230,2344.659080238443
13231,2344.659080238443
13232,2344.659080238443
13233,2344.659080238443
13234,2344.659080238443
13235,2344.659080238443
13236,2344.659080238443
13237,2344.659080238443
13238,2344.659080238443
13239,2344.659080238443
13240,2344.659080238443
13241,2344.659080238443
13242,2344.659080238443
13243,2344.659080238443
13244,2344.659080238443
13245,2344.659080238443
13246,2344.659080238443
13247,2344.659080238443
13248,2344.659080238443
13249,2344.659080238443
13250,2344.659080238443
13251,2344.659080238443
13252,2344.659080238443
13253,2344.659080238443
13254,2344.659080238443
13255,2344.659080238443
13256,2344.659080238443
13257,2344.659080238443
13258,2344.659080238443
13259,2344.659080238443
13260,2344.659080238443
13261,2344.659080238443
13262,2344.659080238443
13263,2344.659080238443
13264,2344.659080238443
13265,2344.659080238443
13266,2344.659080238443
13267,2344.659080238443
13268,2344.659080238443
13269,2338.834127219473
13270,2338.834127219473
13271,2338.834127219473
13272,2338.834127219473
13273,2338.834127219473
13274,2338.834127219473
13275,2338.834127219473
13276,2338.834127219473
13277,2338.834127219473
13278,2338.834127219473
13279,2338.834127219473
13280,2338.834127219473
13281,2338.834127219473
13282,2338.834127219473
13283,2338.834127219473
13284,2338.834127219473
13285,2338.834127219473
13286,2338.834127219473
13287,2338.834127219473
13288,2338.834127219473
13289,2338.834127219473
13290,2338.834127219473
13291,2338.834127219473
13292,2338.834127219473
13293,2338.834127219473
13294,2338.834127219473
13295,2338.834127219473
13296,2338.834127219473
13297,2338.834127219473
13298,2338.834127219473
13299,2338.834127219473
13300,2338.834127219473
13301,2338.834127219473
13302,2338.834127219473
13303,2338.834127219473
13304,2338.834127219473
13305,2338.834127219473
13306,2338.834127219473
13307,2338.834127219473
13308,2338.834127219473
13309,2338.834127219473
13310,2338.834127219473
13311,2338.834127219473
13312,2338.834127219473
13313,2338.834127219473
13314,2338.834127219473
13315,2338.834127219473
13316,2338.834127219473
13317,2338.834127219473
13318,2338.834127219473
13319,2338.834127219473
13320,2338.834127219473
13321,2338.834127219473
13322,2338.834127219473
13323,2338.834127219473
13324,2338.834127219473
13325,2338.834127219473
13326,2338.834127219473
13327,2338.834127219473
13328,2338.834127219473
13329,2338.834127219473
13330,2338.834127219473
13331,2338.834127219473
13332,2338.834127219473
13333,2338.834127219473
13334,2338.834127219473
13335,2338.834127219473
13336,2338.834127219473
13337,2338.834127219473
13338,2338.834127219473
13339,2338.834127219473
13340,2338.834127219473
13341,2338.834127219473
13342,2338.834127219473
13343,2338.834127219473
13344,2338.834127219473
13345,2338.834127219473
13346,2338.834127219473
13347,2338.834127219473
13348,2338.834127219473
13349,2338.834127219473
13350,2338.834127219473
13351,2338.834127219473
13352,2338.834127219473
13353,2338.834127219473
13354,2338.834127219473
13355,2338.834127219473
13356,2338.834127219473
13357,2338.834127219473
13358,2338.834127219473
13359,2338.834127219473
13360,2338.834127219473
13361,2338.834127219473
13362,2338.834127219473
13363,2338.834127219473
13364,2338.834127219473
13365,2338.834127219473
13366,2338.834127219473
13367,2338.834127219473
13368,2338.834127219473
13369,2338.834127219473
13370,2338.834127219473
13371,2338.834127219473
13372,2338.834127219473
13373,2338.834127219473
13374,2338.834127219473
13375,2338.834127219473
13376,2338.834127219473
13377,2338.834127219473
13378,2338.834127219473
13379,2338.834127219473
13380,2338.834127219473
13381,2338.834127219473
13382,2338.834127219473
13383,2338.834127219473
13384,2338.834127219473
13385,2338.834127219473
13386,2338.834127219473
13387,2338.834127219473
13388,2338.834127219473
13389,2338.834127219473
13390,2338.834127219473
13391,2338.834127219473
13392,2338.834127219473
13393,2338.834127219473
13394,2338.834127219473
13395,2338.834127219473
13396,2338.834127219473
13397,2338.834127219473
13398,2338.834127219473
13399,2338.834127219473
13400,2338.834127219473
13401,2338.834127219473
13402,2338.834127219473
13403,2338.834127219473
13404,2338.834127219473
13405,2338.834127219473
13406,2338.834127219473
13407,2338.834127219473
13408,2338.834127219473
13409,2338.834127219473
13410,2338.834127219473
13411,2338.834127219473
13412,2338.834127219473
13413,2338.834127219473
13414,2338.834127219473
13415,2338.834127219473
13416,2338.834127219473
13417,2338.834127219473
13418,2338.834127219473
13419,2338.834127219473
13420,2338.834127219473
13421,2338.834127219473
13422,2338.834127219473
13423,2338.834127219473
13424,2338.834127219473
13425,2338.834127219473
13426,2338.834127219473
13427,2338.834127219473
13428,2338.834127219473
13429,2338.834127219473
13430,2338.834127219473
13431,2338.834127219473
13432,2338.834127219473
13433,2338.834127219473
13434,2328.162436376511
13435,2328.162436376511
13436,2328.162436376511
13437,2328.162436376511
13438,2328.162436376511
13439,2328.162436376511
13440,2328.162436376511
13441,2328.162436376511
13442,2328.162436376511
13443,2328.162436376511
13444,2328.162436376511
13445,2328.162436376511
13446,2328.162436376511
13447,2328.162436376511
13448,2328.162436376511
13449,2328.162436376511
13450,2328.162436376511
13451,2328.162436376511
13452,2328.162436376511
13453,2328.162436376511
13454,2328.162436376511
13455,2328.162436376511
13456,2328.162436376511
13457,2328.162436376511
13458,2328.162436376511
13459,2328.162436376511
13460,2328.162436376511
13461,2328.162436376511
13462,2328.162436376511
13463,2328.162436376511
13464,2328.162436376511
13465,2328.162436376511
13466,2328.162436376511
13467,2328.162436376511
13468,2328.162436376511
13469,2328.162436376511
13470,2328.162436376511
13471,2328.162436376511
13472,2328.162436376511
13473,2328.162436376511
13474,2318.234349650421
13475,2318.234349650421
13476,2318.234349650421
13477,2318.234349650421
13478,2318.234349650421
13479,2318.234349650421
13480,2318.234349650421
13481,2318.234349650421
13482,2318.234349650421
13483,2318.234349650421
13484,2318.234349650421
13485,2318.234349650421
13486,2318.234349650421
13487,2318.234349650421
13488,2318.234349650421
13489,2318.234349650421
13490,2308.932806257517
13491,2308.932806257517
13492,2308.932806257517
13493,2308.932806257517
13494,2308.932806257517
13495,2308.932806257517
13496,2308.932806257517
13497,2308.932806257517
13498,2308.932806257517
13499,2308.932806257517
13500,2308.932806257517
13501,2308.932806257517
13502,2308.932806257517
13503,2308.932806257517
13504,2307.022944736743
13505,2307.022944736743
13506,2307.022944736743
13507,2307.022944736743
13508,2307.022944736743
13509,2307.022944736743
13510,2307.022944736743
13511,2307.022944736743
13512,2307.022944736743
13513,2307.022944736743
13514,2307.022944736743
13515,2307.022944736743
13516,2307.022944736743
13517,2307.022944736743
13518,2307.022944736743
13519,2307.022944736743
13520,2307.022944736743
13521,2307.022944736743
13522,2307.022944736743
13523,2307.022944736743
13524,2307.022944736743
13525,2307.022944736743
13526,2307.022944736743
13527,2307.022944736743
13528,2307.022944736743
13529,2307.022944736743
13530,2307.022944736743
13531,2307.022944736743
13532,2307.022944736743
13533,2307.022944736743
13534,2307.022944736743
13535,2307.022944736743
13536,2307.022944736743
13537,2307.022944736743
13538,2307.022944736743
13539,2307.022944736743
13540,2307.022944736743
13541,2307.022944736743
13542,2307.022944736743
13543,2307.022944736743
13544,2307.022944736743
13545,2307.022944736743
13546,2307.022944736743
13547,2307.022944736743
13548,2307.022944736743
13549,2307.022944736743
13550,2307.022944736743
13551,2307.022944736743
13552,2307.022944736743
13553,2307.022944736743
13554,2307.022944736743
13555,2307.022944736743
13556,2307.022944736743
13557,2307.022944736743
13558,2307.022944736743
13559,2307.022944736743
13560,2307.022944736743
13561,2307.022944736743
13562,2307.022944736743
13563,2307.022944736743
13564,2307.022944736743
13565,2307.022944736743
13566,2307.022944736743
13567,2307.022944736743
13568,2307.022944736743
13569,2307.022944736743
13570,2307.022944736743
13571,2307.022944736743
13572,2307.022944736743
13573,2307.022944736743
13574,2307.022944736743
13575,2307.022944736743
13576,2307.022944736743
13577,2307.022944736743
13578,2307.022944736743
13579,2307.022944736743
13580,2307.022944736743
13581,2307.022944736743
13582,2307.022944736743
13583,2307.022944736743
13584,2307.022944736743
13585,2307.022944736743
13586,2307.022944736743
13587,2307.022944736743
13588,2307.022944736743
13589,2307.022944736743
13590,2307.022944736743
13591,2307.022944736743
13592,2307.022944736743
13593,2307.022944736743
13594,2307.022944736743
13595,2307.022944736743
13596,2307.022944736743
13597,2307.022944736743
13598,2307.022944736743
13599,2307.022944736743
13600,2307.022944736743
13601,2307.022944736743
13602,2307.022944736743
13603,2307.022944736743
13604,2307.022944736743
13605,2307.022944736743
13606,2307.022944736743
13607,2307.022944736743
13608,2307.022944736743
13609,2307.022944736743
13610,2307.022944736743
13611,2307.022944736743
13612,2307.022944736743
13613,2307.022944736743
13614,2307.022944736743
13615,2307.022944736743
13616,2307.022944736743
13617,2307.022944736743
13618,2307.022944736743
13619,2307.022944736743
13620,2307.022944736743
13621,2307.022944736743
13622,2307.022944736743
13623,2307.022944736743
13624,2307.022944736743
13625,2307.022944736743
13626,2307.022944736743
13627,2307.022944736743
13628,2307.022944736743
13629,2307.022944736743
13630,2307.022944736743
13631,2307.022944736743
13632,2307.022944736743
13633,2307.022944736743
13634,2307.022944736743
13635,2307.022944736743
13636,2307.022944736743
13637,2307.022944736743
13638,2307.022944736743
13639,2307.022944736743
13640,2307.022944736743
13641,2307.022944736743
13642,2307.022944736743
13643,2307.022944736743
13644,2307.022944736743
13645,2307.022944736743
13646,2307.022944736743
13647,2307.022944736743
13648,2307.022944736743
13649,2307.022944736743
13650,2307.022944736743
13651,2307.022944736743
13652,2307.022944736743
13653,2307.022944736743
13654,2307.022944736743
13655,2307.022944736743
13656,2307.022944736743
13657,2307.022944736743
13658,2307.022944736743
13659,2307.022944736743
13660,2307.022944736743
13661,2307.022944736743
13662,2307.022944736743
13663,2307.022944736743
13664,2307.022944736743
13665,2307.022944736743
13666,2307.022944736743
13667,2307.022944736743
13668,2307.022944736743
13669,2307.022944736743
13670,2307.022944736743
13671,2307.022944736743
13672,2307.022944736743
13673,2307.022944736743
13674,2307.022944736743
13675,2307.022944736743
13676,2307.022944736743
13677,2307.022944736743
13678,2307.022944736743
13679,2307.022944736743
13680,2307.022944736743
13681,2307.022944736743
13682,2307.022944736743
13683,2307.022944736743
13684,2307.022944736743
13685,2307.022944736743
13686,2307.022944736743
13687,2307.022944736743
13688,2307.022944736743
13689,2307.022944736743
13690,2307.022944736743
13691,2307.022944736743
13692,2307.022944736743
13693,2307.022944736743
13694,2307.022944736743
13695,2307.022944736743
13696,2307.022944736743
13697,2307.022944736743
13698,2307.022944736743
13699,2307.022944736743
13700,2307.022944736743
13701,2307.022944736743
13702,2307.022944736743
13703,2307.022944736743
13704,2307.022944736743
13705,2307.022944736743
13706,2307.022944736743
13707,2307.022944736743
13708,2307.022944736743
13709,2307.022944736743
13710,2307.022944736743
13711,2307.022944736743
13712,2307.022944736743
13713,2307.022944736743
13714,2307.022944736743
13715,2307.022944736743
13716,2307.022944736743
13717,2307.022944736743
13718,2307.022944736743
13719,2307.022944736743
13720,2307.022944736743
13721,2307.022944736743
13722,2307.022944736743
13723,2307.022944736743
13724,2307.022944736743
13725,2307.022944736743
13726,2307.022944736743
13727,2307.022944736743
13728,2307.022944736743
13729,2307.022944736743
13730,2307.022944736743
13731,2307.022944736743
13732,2303.482023266677
13733,2303.482023266677
13734,2303.482023266677
13735,2303.482023266677
13736,2303.482023266677
13737,2303.482023266677
13738,2303.482023266677
13739,2303.482023266677
13740,2303.482023266677
13741,2303.482023266677
13742,2303.482023266677
13743,2303.482023266677
13744,2303.482023266677
13745,2303.482023266677
13746,2303.482023266677
13747,2303.482023266677
13748,2303.482023266677
13749,2303.482023266677
13750,2303.482023266677
13751,2303.482023266677
13752,2303.482023266677
13753,2303.482023266677
13754,2303.482023266677
13755,2303.482023266677
13756,2303.482023266677
13757,2303.482023266677
13758,2303.482023266677
13759,2303.482023266677
13760,2303.482023266677
13761,2303.482023266677
13762,2303.482023266677
13763,2303.482023266677
13764,2303.482023266677
13765,2303.482023266677
13766,2303.482023266677
13767,2303.482023266677
13768,2303.482023266677
13769,2303.482023266677
13770,2303.482023266677
13771,2303.482023266677
13772,2303.482023266677
13773,2303.482023266677
13774,2303.482023266677
13775,2303.482023266677
13776,2303.482023266677
13777,2303.482023266677
13778,2303.482023266677
13779,2303.482023266677
13780,2303.482023266677
13781,2303.482023266677
13782,2303.482023266677
13783,2303.482023266677
13784,2303.482023266677
13785,2303.482023266677
13786,2303.482023266677
13787,2303.482023266677
13788,2303.482023266677
13789,2303.482023266677
13790,2303.482023266677
13791,2303.482023266677
13792,2303.482023266677
13793,2303.482023266677
13794,2303.482023266677
13795,2303.482023266677
13796,2303.482023266677
13797,2303.482023266677
13798,2303.482023266677
13799,2303.482023266677
13800,2303.482023266677
13801,2303.482023266677
13802,2303.482023266677
13803,2303.482023266677
13804,2303.482023266677
13805,2303.482023266677
13806,2303.482023266677
13807,2303.482023266677
13808,2303.482023266677
13809,2303.482023266677
13810,2303.482023266677
13811,2303.482023266677
13812,2303.482023266677
13813,2303.482023266677
13814,2303.482023266677
13815,2303.482023266677
13816,2303.482023266677
13817,2303.482023266677
13818,2303.482023266677
13819,2303.482023266677
13820,2303.482023266677
13821,2303.482023266677
13822,2303.482023266677
13823,2303.482023266677
13824,2303.482023266677
13825,2303.482023266677
13826,2303.482023266677
13827,2303.482023266677
13828,2303.482023266677
13829,2303.482023266677
13830,2303.482023266677
13831,2303.482023266677
13832,2303.482023266677
13833,2303.482023266677
13834,2303.482023266677
13835,2303.482023266677
13836,2303.482023266677
13837,2303.482023266677
13838,2303.482023266677
13839,2303.482023266677
13840,2303.482023266677
13841,2303.482023266677
13842,2303.482023266677
13843,2303.482023266677
13844,2303.482023266677
13845,2303.482023266677
13846,2302.4780515259013
13847,2302.4780515259013
13848,2302.4780515259013
13849,2302.4780515259013
13850,2302.4780515259013
13851,2302.4780515259013
13852,2302.4780515259013
13853,2302.4780515259013
13854,2302.4780515259013
13855,2302.4780515259013
13856,2302.4780515259013
13857,2302.4780515259013
13858,2302.4780515259013
13859,2302.4780515259013
13860,2302.4780515259013
13861,2302.4780515259013
13862,2302.4780515259013
13863,2302.4780515259013
13864,2302.4780515259013
13865,2302.4780515259013
13866,2302.4780515259013
13867,2302.4780515259013
13868,2302.4780515259013
13869,2302.4780515259013
13870,2302.4780515259013
13871,2302.4780515259013
13872,2302.4780515259013
13873,2302.4780515259013
13874,2302.4780515259013
13875,2302.4780515259013
13876,2302.4780515259013
13877,2302.4780515259013
13878,2302.4780515259013
13879,2302.4780515259013
13880,2302.4780515259013
13881,2302.4780515259013
13882,2302.4780515259013
13883,2302.4780515259013
13884,2302.4780515259013
13885,2302.4780515259013
13886,2302.4780515259013
13887,2302.4780515259013
13888,2302.4780515259013
13889,2302.4780515259013
13890,2302.4780515259013
13891,2302.4780515259013
13892,2302.4780515259013
13893,2302.4780515259013
13894,2302.4780515259013
13895,2302.4780515259013
13896,2302.4780515259013
13897,2302.4780515259013
13898,2302.4780515259013
13899,2302.4780515259013
13900,2302.4780515259013
13901,2302.4780515259013
13902,2302.4780515259013
13903,2302.4780515259013
13904,2302.4780515259013
13905,2302.4780515259013
13906,2302.4780515259013
13907,2302.4780515259013
13908,2302.4780515259013
13909,2302.4780515259013
13910,2302.4780515259013
13911,2302.4780515259013
13912,2302.4780515259013
13913,2302.4780515259013
13914,2302.4780515259013
13915,2302.4780515259013
13916,2302.4780515259013
13917,2302.4780515259013
13918,2302.4780515259013
13919,2302.4780515259013
13920,2302.4780515259013
13921,2302.4780515259013
13922,2302.4780515259013
13923,2302.4780515259013
13924,2302.4780515259013
13925,2302.4780515259013
13926,2302.4780515259013
13927,2302.4780515259013
13928,2302.4780515259013
13929,2302.4780515259013
13930,2302.4780515259013
13931,2302.4780515259013
13932,2302.4780515259013
13933,2302.4780515259013
13934,2302.4780515259013
13935,2302.4780515259013
13936,2302.4780515259013
13937,2302.4780515259013
13938,2302.4780515259013
13939,2302.4780515259013
13940,2302.4780515259013
13941,2302.4780515259013
13942,2302.4780515259013
13943,2302.4780515259013
13944,2302.4780515259013
13945,2302.4780515259013
13946,2302.4780515259013
13947,2302.4780515259013
13948,2302.4780515259013
13949,2302.4780515259013
13950,2302.4780515259013
13951,2302.4780515259013
13952,2302.4780515259013
13953,2302.4780515259013
13954,2302.4780515259013
13955,2302.4780515259013
13956,2302.4780515259013
13957,2302.4780515259013
13958,2302.4780515259013
13959,2302.4780515259013
13960,2302.4780515259013
13961,2302.4780515259013
13962,2302.4780515259013
13963,2302.4780515259013
13964,2302.4780515259013
13965,2302.4780515259013
13966,2302.4780515259013
13967,2302.4780515259013
13968,2302.4780515259013
13969,2302.4780515259013
13970,2302.4780515259013
13971,2302.4780515259013
13972,2302.4780515259013
13973,2302.4780515259013
13974,2302.4780515259013
13975,2302.4780515259013
13976,2291.240748152727
13977,2291.240748152727
13978,2291.240748152727
13979,2291.240748152727
13980,2291.240748152727
13981,2291.240748152727
13982,2291.240748152727
13983,2291.240748152727
13984,2291.240748152727
13985,2291.240748152727
13986,2291.240748152727
13987,2291.240748152727
13988,2291.240748152727
13989,2291.240748152727
13990,2291.240748152727
13991,2291.240748152727
13992,2291.240748152727
13993,2291.240748152727
13994,2291.240748152727
13995,2291.240748152727
13996,2291.240748152727
13997,2291.240748152727
13998,2291.240748152727
13999,2291.240748152727
14000,2291.240748152727
14001,2291.240748152727
14002,2291.240748152727
14003,2291.240748152727
14004,2291.240748152727
14005,2291.240748152727
14006,2291.240748152727
14007,2291.240748152727
14008,2291.240748152727
14009,2291.240748152727
14010,2291.240748152727
14011,2291.240748152727
14012,2291.240748152727
14013,2291.240748152727
14014,2291.240748152727
14015,2291.240748152727
14016,2291.240748152727
14017,2291.240748152727
14018,2291.240748152727
14019,2291.240748152727
14020,2291.240748152727
14021,2291.240748152727
14022,2291.240748152727
14023,2291.240748152727
14024,2291.240748152727
14025,2291.240748152727
14026,2291.240748152727
14027,2291.240748152727
14028,2291.240748152727
14029,2291.240748152727
14030,2291.240748152727
14031,2291.240748152727
14032,2291.240748152727
14033,2291.240748152727
14034,2291.240748152727
14035,2291.240748152727
14036,2291.240748152727
14037,2291.240748152727
14038,2291.240748152727
14039,2291.240748152727
14040,2291.240748152727
14041,2291.240748152727
14042,2291.240748152727
14043,2291.240748152727
14044,2291.240748152727
14045,2291.240748152727
14046,2291.240748152727
14047,2291.240748152727
14048,2291.240748152727
14049,2291.240748152727
14050,2291.240748152727
14051,2291.240748152727
14052,2291.240748152727
14053,2291.240748152727
14054,2291.240748152727
14055,2291.240748152727
14056,2291.240748152727
14057,2291.240748152727
14058,2291.240748152727
14059,2291.240748152727
14060,2291.240748152727
14061,2291.240748152727
14062,2291.240748152727
14063,2291.240748152727
14064,2291.240748152727
14065,2291.240748152727
14066,2291.240748152727
14067,2291.240748152727
14068,2291.240748152727
14069,2291.240748152727
14070,2291.240748152727
14071,2291.240748152727
14072,2291.240748152727
14073,2291.240748152727
14074,2291.240748152727
14075,2291.240748152727
14076,2291.240748152727
14077,2291.240748152727
14078,2291.240748152727
14079,2291.240748152727
14080,2291.240748152727
14081,2291.240748152727
14082,2291.240748152727
14083,2291.240748152727
14084,2291.240748152727
14085,2291.240748152727
14086,2291.240748152727
14087,2291.240748152727
14088,2291.240748152727
14089,2291.240748152727
14090,2291.240748152727
14091,2291.240748152727
14092,2291.240748152727
14093,2291.240748152727
14094,2291.240748152727
14095,2291.240748152727
14096,2291.240748152727
14097,2291.240748152727
14098,2291.240748152727
14099,2291.240748152727
14100,2291.240748152727
14101,2291.240748152727
14102,2291.240748152727
14103,2291.240748152727
14104,2291.240748152727
14105,2291.240748152727
14106,2291.240748152727
14107,2288.630075363816
14108,2288.630075363816
14109,2288.630075363816
14110,2288.630075363816
14111,2288.630075363816
14112,2288.630075363816
14113,2288.630075363816
14114,2288.630075363816
14115,2288.630075363816
14116,2288.630075363816
14117,2288.630075363816
14118,2288.630075363816
14119,2288.630075363816
14120,2288.630075363816
14121,2288.630075363816
14122,2288.630075363816
14123,2288.630075363816
14124,2288.630075363816
14125,2288.630075363816
14126,2288.630075363816
14127,2288.630075363816
14128,2288.630075363816
14129,2288.630075363816
14130,2288.630075363816
14131,2288.630075363816
14132,2288.630075363816
14133,2288.630075363816
14134,2288.630075363816
14135,2288.630075363816
14136,2288.630075363816
14137,2288.630075363816
14138,2288.630075363816
14139,2288.630075363816
14140,2288.630075363816
14141,2288.630075363816
14142,2288.630075363816
14143,2288.630075363816
14144,2288.630075363816
14145,2288.630075363816
14146,2288.630075363816
14147,2288.630075363816
14148,2288.630075363816
14149,2288.630075363816
14150,2288.630075363816
14151,2288.630075363816
14152,2288.630075363816
14153,2288.630075363816
14154,2288.630075363816
14155,2288.630075363816
14156,2287.9757453123807
14157,2287.9757453123807
14158,2287.9757453123807
14159,2287.9757453123807
14160,2287.9757453123807
14161,2274.0513079974667
14162,2274.0513079974667
14163,2274.0513079974667
14164,2274.0513079974667
14165,2274.0513079974667
14166,2274.0513079974667
14167,2274.0513079974667
14168,2274.0513079974667
14169,2274.0513079974667
14170,2274.0513079974667
14171,2274.0513079974667
14172,2274.0513079974667
14173,2274.0513079974667
14174,2274.0513079974667
14175,2274.0513079974667
14176,2274.0513079974667
14177,2274.0513079974667
14178,2274.0513079974667
14179,2274.0513079974667
14180,2274.0513079974667
14181,2274.0513079974667
14182,2274.0513079974667
14183,2274.0513079974667
14184,2274.0513079974667
14185,2274.0513079974667
14186,2274.0513079974667
14187,2274.0513079974667
14188,2274.0513079974667
14189,2274.0513079974667
14190,2274.0513079974667
14191,2274.0513079974667
14192,2274.0513079974667
14193,2274.0513079974667
14194,2274.0513079974667
14195,2274.0513079974667
14196,2274.0513079974667
14197,2274.0513079974667
14198,2274.0513079974667
14199,2274.0513079974667
14200,2274.0513079974667
14201,2274.0513079974667
14202,2274.0513079974667
14203,2274.0513079974667
14204,2274.0513079974667
14205,2274.0513079974667
14206,2274.0513079974667
14207,2274.0513079974667
14208,2274.0513079974667
14209,2274.0513079974667
14210,2274.0513079974667
14211,2274.0513079974667
14212,2274.0513079974667
14213,2274.0513079974667
14214,2274.0513079974667
14215,2274.0513079974667
14216,2265.488947031514
14217,2265.488947031514
14218,2265.488947031514
14219,2265.488947031514
14220,2265.488947031514
14221,2265.488947031514
14222,2265.488947031514
14223,2265.488947031514
14224,2265.488947031514
14225,2265.488947031514
14226,2265.488947031514
14227,2265.488947031514
14228,2265.488947031514
14229,2265.488947031514
14230,2265.488947031514
14231,2265.488947031514
14232,2265.488947031514
14233,2265.488947031514
14234,2265.488947031514
14235,2265.488947031514
14236,2265.488947031514
14237,2265.488947031514
14238,2265.488947031514
14239,2265.488947031514
14240,2265.488947031514
14241,2265.488947031514
14242,2265.488947031514
14243,2265.488947031514
14244,2265.488947031514
14245,2265.488947031514
14246,2265.488947031514
14247,2265.488947031514
14248,2265.488947031514
14249,2265.488947031514
14250,2265.488947031514
14251,2265.488947031514
14252,2265.488947031514
14253,2265.488947031514
14254,2265.488947031514
14255,2265.488947031514
14256,2265.488947031514
14257,2265.488947031514
14258,2265.488947031514
14259,2265.488947031514
14260,2265.488947031514
14261,2265.488947031514
14262,2265.488947031514
14263,2265.488947031514
14264,2265.488947031514
14265,2265.488947031514
14266,2265.488947031514
14267,2265.488947031514
14268,2265.488947031514
14269,2265.488947031514
14270,2265.488947031514
14271,2265.488947031514
14272,2265.488947031514
14273,2265.488947031514
14274,2265.488947031514
14275,2265.488947031514
14276,2265.488947031514
14277,2265.488947031514
14278,2265.488947031514
14279,2265.488947031514
14280,2265.488947031514
14281,2265.488947031514
14282,2265.488947031514
14283,2265.488947031514
14284,2265.488947031514
14285,2265.488947031514
14286,2265.488947031514
14287,2265.488947031514
14288,2265.488947031514
14289,2265.488947031514
14290,2265.488947031514
14291,2265.488947031514
14292,2265.488947031514
14293,2265.488947031514
14294,2265.488947031514
14295,2265.488947031514
14296,2265.488947031514
14297,2265.488947031514
14298,2265.488947031514
14299,2265.488947031514
14300,2265.488947031514
14301,2265.488947031514
14302,2265.488947031514
14303,2265.488947031514
14304,2265.488947031514
14305,2265.488947031514
14306,2265.488947031514
14307,2265.488947031514
14308,2265.488947031514
14309,2265.488947031514
14310,2265.488947031514
14311,2265.488947031514
14312,2265.488947031514
14313,2265.488947031514
14314,2265.488947031514
14315,2265.488947031514
14316,2265.488947031514
14317,2265.488947031514
14318,2265.488947031514
14319,2265.488947031514
14320,2265.488947031514
14321,2265.488947031514
14322,2265.488947031514
14323,2265.488947031514
14324,2265.488947031514
14325,2265.488947031514
14326,2265.488947031514
14327,2265.488947031514
14328,2265.488947031514
14329,2265.488947031514
14330,2265.488947031514
14331,2265.488947031514
14332,2265.488947031514
14333,2265.488947031514
14334,2265.488947031514
14335,2265.488947031514
14336,2265.488947031514
14337,2265.488947031514
14338,2265.488947031514
14339,2265.488947031514
14340,2265.488947031514
14341,2265.488947031514
14342,2265.488947031514
14343,2265.488947031514
14344,2265.488947031514
14345,2265.488947031514
14346,2265.488947031514
14347,2265.488947031514
14348,2265.488947031514
14349,2265.488947031514
14350,2265.488947031514
14351,2265.488947031514
14352,2265.488947031514
14353,2265.488947031514
14354,2265.488947031514
14355,2265.488947031514
14356,2265.488947031514
14357,2265.488947031514
14358,2265.488947031514
14359,2265.488947031514
14360,2265.488947031514
14361,2265.488947031514
14362,2265.488947031514
14363,2265.488947031514
14364,2265.488947031514
14365,2265.488947031514
14366,2265.488947031514
14367,2265.488947031514
14368,2265.488947031514
14369,2265.488947031514
14370,2265.488947031514
14371,2265.488947031514
14372,2265.488947031514
14373,2265.488947031514
14374,2265.488947031514
14375,2265.488947031514
14376,2265.488947031514
14377,2265.488947031514
14378,2265.488947031514
14379,2265.488947031514
14380,2263.139884166278
14381,2263.139884166278
14382,2263.139884166278
14383,2263.139884166278
14384,2263.139884166278
14385,2263.139884166278
14386,2263.139884166278
14387,2263.139884166278
14388,2263.139884166278
14389,2263.139884166278
14390,2263.139884166278
14391,2263.139884166278
14392,2263.139884166278
14393,2263.139884166278
14394,2263.139884166278
14395,2263.139884166278
14396,2263.139884166278
14397,2263.139884166278
14398,2263.139884166278
14399,2263.139884166278
14400,2263.139884166278
14401,2263.139884166278
14402,2263.139884166278
14403,2263.139884166278
14404,2263.139884166278
14405,2263.139884166278
14406,2263.139884166278
14407,2263.139884166278
14408,2263.139884166278
14409,2263.139884166278
14410,2263.139884166278
14411,2263.139884166278
14412,2263.139884166278
14413,2263.139884166278
14414,2263.139884166278
14415,2263.139884166278
14416,2263.139884166278
14417,2263.139884166278
14418,2263.139884166278
14419,2263.139884166278
14420,2263.139884166278
14421,2263.139884166278
14422,2263.139884166278
14423,2263.139884166278
14424,2263.139884166278
14425,2263.139884166278
14426,2263.139884166278
14427,2263.139884166278
14428,2263.139884166278
14429,2263.139884166278
14430,2263.139884166278
14431,2263.139884166278
14432,2263.139884166278
14433,2263.139884166278
14434,2263.139884166278
14435,2263.139884166278
14436,2263.139884166278
14437,2263.139884166278
14438,2263.139884166278
14439,2263.139884166278
14440,2263.139884166278
14441,2263.139884166278
14442,2263.139884166278
14443,2263.139884166278
14444,2263.139884166278
14445,2263.139884166278
14446,2263.139884166278
14447,2263.139884166278
14448,2263.139884166278
14449,2263.139884166278
14450,2263.139884166278
14451,2263.139884166278
14452,2263.139884166278
14453,2263.139884166278
14454,2263.139884166278
14455,2263.139884166278
14456,2263.139884166278
14457,2263.139884166278
14458,2263.139884166278
14459,2263.139884166278
14460,2263.139884166278
14461,2263.139884166278
14462,2263.139884166278
14463,2263.139884166278
14464,2263.139884166278
14465,2263.139884166278
14466,2263.139884166278
14467,2263.139884166278
14468,2263.139884166278
14469,2263.139884166278
14470,2263.139884166278
14471,2263.139884166278
14472,2263.139884166278
14473,2263.139884166278
14474,2263.139884166278
14475,2263.139884166278
14476,2263.139884166278
14477,2263.139884166278
14478,2263.139884166278
14479,2263.139884166278
14480,2263.139884166278
14481,2263.139884166278
14482,2263.139884166278
14483,2263.139884166278
14484,2263.139884166278
14485,2263.139884166278
14486,2263.139884166278
14487,2263.139884166278
14488,2263.139884166278
14489,2263.139884166278
14490,2263.139884166278
14491,2263.139884166278
14492,2263.139884166278
14493,2263.139884166278
14494,2263.139884166278
14495,2263.139884166278
14496,2263.139884166278
14497,2263.139884166278
14498,2263.139884166278
14499,2263.139884166278
14500,2263.139884166278
14501,2263.139884166278
14502,2263.139884166278
14503,2263.139884166278
14504,2263.139884166278
14505,2263.139884166278
14506,2263.139884166278
14507,2263.139884166278
14508,2263.139884166278
14509,2263.139884166278
14510,2263.139884166278
14511,2263.139884166278
14512,2263.139884166278
14513,2263.139884166278
14514,2263.139884166278
14515,2263.139884166278
14516,2263.139884166278
14517,2263.139884166278
14518,2263.139884166278
14519,2263.139884166278
14520,2263.139884166278
14521,2263.139884166278
14522,2263.139884166278
14523,2263.139884166278
14524,2263.139884166278
14525,2263.139884166278
14526,2263.139884166278
14527,2263.139884166278
14528,2263.139884166278
14529,2263.139884166278
14530,2263.139884166278
14531,2263.139884166278
14532,2263.139884166278
14533,2263.139884166278
14534,2263.139884166278
14535,2263.139884166278
14536,2263.139884166278
14537,2263.139884166278
14538,2263.139884166278
14539,2263.139884166278
14540,2263.139884166278
14541,2263.139884166278
14542,2263.139884166278
14543,2263.139884166278
14544,2263.139884166278
14545,2263.139884166278
14546,2263.139884166278
14547,2263.139884166278
14548,2263.139884166278
14549,2263.139884166278
14550,2263.139884166278
14551,2263.139884166278
14552,2263.139884166278
14553,2263.139884166278
14554,2263.139884166278
14555,2263.139884166278
14556,2263.139884166278
14557,2263.139884166278
14558,2263.139884166278
14559,2263.139884166278
14560,2263.139884166278
14561,2263.139884166278
14562,2263.139884166278
14563,2263.139884166278
14564,2263.139884166278
14565,2263.139884166278
14566,2263.139884166278
14567,2263.139884166278
14568,2263.139884166278
14569,2263.139884166278
14570,2263.139884166278
14571,2263.139884166278
14572,2263.139884166278
14573,2263.139884166278
14574,2263.139884166278
14575,2263.139884166278
14576,2263.139884166278
14577,2263.139884166278
14578,2263.139884166278
14579,2263.139884166278
14580,2263.139884166278
14581,2263.139884166278
14582,2263.139884166278
14583,2263.139884166278
14584,2263.139884166278
14585,2263.139884166278
14586,2263.139884166278
14587,2263.139884166278
14588,2263.139884166278
14589,2263.139884166278
14590,2263.139884166278
14591,2263.139884166278
14592,2263.139884166278
14593,2263.139884166278
14594,2263.139884166278
14595,2263.139884166278
14596,2263.139884166278
14597,2258.085122240647
14598,2258.085122240647
14599,2258.085122240647
14600,2258.085122240647
14601,2258.085122240647
14602,2258.085122240647
14603,2258.085122240647
14604,2258.085122240647
14605,2258.085122240647
14606,2258.085122240647
14607,2258.085122240647
14608,2258.085122240647
14609,2258.085122240647
14610,2258.085122240647
14611,2258.085122240647
14612,2258.085122240647
14613,2258.085122240647
14614,2258.085122240647
14615,2258.085122240647
14616,2258.085122240647
14617,2258.085122240647
14618,2258.085122240647
14619,2258.085122240647
14620,2258.085122240647
14621,2258.085122240647
14622,2258.085122240647
14623,2258.085122240647
14624,2258.085122240647
14625,2258.085122240647
14626,2258.085122240647
14627,2258.085122240647
14628,2258.085122240647
14629,2258.085122240647
14630,2258.085122240647
14631,2258.085122240647
14632,2258.085122240647
14633,2258.085122240647
14634,2258.085122240647
14635,2258.085122240647
14636,2258.085122240647
14637,2258.085122240647
14638,2258.085122240647
14639,2258.085122240647
14640,2258.085122240647
14641,2258.085122240647
14642,2258.085122240647
14643,2258.085122240647
14644,2258.085122240647
14645,2258.085122240647
14646,2258.085122240647
14647,2258.085122240647
14648,2258.085122240647
14649,2258.085122240647
14650,2258.085122240647
14651,2258.085122240647
14652,2258.085122240647
14653,2258.085122240647
14654,2258.085122240647
14655,2258.085122240647
14656,2258.085122240647
14657,2258.085122240647
14658,2258.085122240647
14659,2258.085122240647
14660,2258.085122240647
14661,2258.085122240647
14662,2258.085122240647
14663,2258.085122240647
14664,2258.085122240647
14665,2258.085122240647
14666,2258.085122240647
14667,2258.085122240647
14668,2258.085122240647
14669,2258.085122240647
14670,2258.085122240647
14671,2258.085122240647
14672,2258.085122240647
14673,2258.085122240647
14674,2258.085122240647
14675,2258.085122240647
14676,2258.085122240647
14677,2258.085122240647
14678,2258.085122240647
14679,2258.085122240647
14680,2258.085122240647
14681,2258.085122240647
14682,2258.085122240647
14683,2258.085122240647
14684,2258.085122240647
14685,2258.085122240647
14686,2258.085122240647
14687,2258.085122240647
14688,2258.085122240647
14689,2258.085122240647
14690,2258.085122240647
14691,2258.085122240647
14692,2258.085122240647
14693,2258.085122240647
14694,2258.085122240647
14695,2258.085122240647
14696,2258.085122240647
14697,2258.085122240647
14698,2258.085122240647
14699,2258.085122240647
14700,2258.085122240647
14701,2258.085122240647
14702,2258.085122240647
14703,2258.085122240647
14704,2258.085122240647
14705,2258.085122240647
14706,2258.085122240647
14707,2258.085122240647
14708,2258.085122240647
14709,2258.085122240647
14710,2258.085122240647
14711,2258.085122240647
14712,2258.085122240647
14713,2258.085122240647
14714,2258.085122240647
14715,2258.085122240647
14716,2258.085122240647
14717,2258.085122240647
14718,2258.085122240647
14719,2258.085122240647
14720,2258.085122240647
14721,2258.085122240647
14722,2258.085122240647
14723,2258.085122240647
14724,2258.085122240647
14725,2258.085122240647
14726,2258.085122240647
14727,2258.085122240647
14728,2258.085122240647
14729,2258.085122240647
14730,2258.085122240647
14731,2258.085122240647
14732,2258.085122240647
14733,2258.085122240647
14734,2258.085122240647
14735,2258.085122240647
14736,2258.085122240647
14737,2258.085122240647
14738,2258.085122240647
14739,2258.085122240647
14740,2258.085122240647
14741,2258.085122240647
14742,2258.085122240647
14743,2258.085122240647
14744,2258.085122240647
14745,2258.085122240647
14746,2258.085122240647
14747,2258.085122240647
14748,2258.085122240647
14749,2258.085122240647
14750,2258.085122240647
14751,2258.085122240647
14752,2258.085122240647
14753,2258.085122240647
14754,2258.085122240647
14755,2258.085122240647
14756,2258.085122240647
14757,2258.085122240647
14758,2258.085122240647
14759,2258.085122240647
14760,2258.085122240647
14761,2258.085122240647
14762,2258.085122240647
14763,2258.085122240647
14764,2258.085122240647
14765,2258.085122240647
14766,2258.085122240647
14767,2258.085122240647
14768,2258.085122240647
14769,2258.085122240647
14770,2258.085122240647
14771,2258.085122240647
14772,2258.085122240647
14773,2258.085122240647
14774,2258.085122240647
14775,2258.085122240647
14776,2258.085122240647
14777,2258.085122240647
14778,2258.085122240647
14779,2258.085122240647
14780,2258.085122240647
14781,2258.085122240647
14782,2258.085122240647
14783,2258.085122240647
14784,2258.085122240647
14785,2258.085122240647
14786,2258.085122240647
14787,2258.085122240647
14788,2258.085122240647
14789,2258.085122240647
14790,2258.085122240647
14791,2258.085122240647
14792,2258.085122240647
14793,2258.085122240647
14794,2258.085122240647
14795,2258.085122240647
14796,2258.085122240647
14797,2258.085122240647
14798,2258.085122240647
14799,2258.085122240647
14800,2258.085122240647
14801,2258.085122240647
14802,2258.085122240647
14803,2258.085122240647
14804,2258.085122240647
14805,2258.085122240647
14806,2258.085122240647
14807,2258.085122240647
14808,2258.085122240647
14809,2258.085122240647
14810,2258.085122240647
14811,2258.085122240647
14812,2258.085122240647
14813,2258.085122240647
14814,2258.085122240647
14815,2258.085122240647
14816,2258.085122240647
14817,2258.085122240647
14818,2258.085122240647
14819,2258.085122240647
14820,2258.085122240647
14821,2258.085122240647
14822,2258.085122240647
14823,2258.085122240647
14824,2258.085122240647
14825,2258.085122240647
14826,2258.085122240647
14827,2258.085122240647
14828,2258.085122240647
14829,2258.085122240647
14830,2258.085122240647
14831,2258.085122240647
14832,2258.085122240647
14833,2258.085122240647
14834,2258.085122240647
14835,2258.085122240647
14836,2258.085122240647
14837,2258.085122240647
14838,2258.085122240647
14839,2258.085122240647
14840,2258.085122240647
14841,2258.085122240647
14842,2258.085122240647
14843,2258.085122240647
14844,2258.085122240647
14845,2258.085122240647
14846,2258.085122240647
14847,2258.085122240647
14848,2258.085122240647
14849,2258.085122240647
14850,2258.085122240647
14851,2258.085122240647
14852,2258.085122240647
14853,2258.085122240647
14854,2258.085122240647
14855,2258.085122240647
14856,2258.085122240647
14857,2258.085122240647
14858,2258.085122240647
14859,2258.085122240647
14860,2258.085122240647
14861,2258.085122240647
14862,2258.085122240647
14863,2258.085122240647
14864,2258.085122240647
14865,2258.085122240647
14866,2258.085122240647
14867,2258.085122240647
14868,2258.085122240647
14869,2258.085122240647
14870,2258.085122240647
14871,2258.085122240647
14872,2258.085122240647
14873,2258.085122240647
14874,2258.085122240647
14875,2258.085122240647
14876,2258.085122240647
14877,2258.085122240647
14878,2258.085122240647
14879,2258.085122240647
14880,2258.085122240647
14881,2258.085122240647
14882,2258.085122240647
14883,2258.085122240647
14884,2258.085122240647
14885,2258.085122240647
14886,2258.085122240647
14887,2258.085122240647
14888,2258.085122240647
14889,2258.085122240647
14890,2258.085122240647
14891,2258.085122240647
14892,2258.085122240647
14893,2258.085122240647
14894,2258.085122240647
14895,2258.085122240647
14896,2258.085122240647
14897,2258.085122240647
14898,2258.085122240647
14899,2258.085122240647
14900,2258.085122240647
14901,2258.085122240647
14902,2258.085122240647
14903,2258.085122240647
14904,2258.085122240647
14905,2258.085122240647
14906,2258.085122240647
14907,2258.085122240647
14908,2258.085122240647
14909,2258.085122240647
14910,2258.085122240647
14911,2258.085122240647
14912,2258.085122240647
14913,2258.085122240647
14914,2258.085122240647
14915,2258.085122240647
14916,2258.085122240647
14917,2258.085122240647
14918,2258.085122240647
14919,2258.085122240647
14920,2258.085122240647
14921,2258.085122240647
14922,2258.085122240647
14923,2258.085122240647
14924,2258.085122240647
14925,2258.085122240647
14926,2258.085122240647
14927,2258.085122240647
14928,2258.085122240647
14929,2258.085122240647
14930,2258.085122240647
14931,2258.085122240647
14932,2258.085122240647
14933,2258.085122240647
14934,2258.085122240647
14935,2258.085122240647
14936,2258.085122240647
14937,2258.085122240647
14938,2258.085122240647
14939,2258.085122240647
14940,2258.085122240647
14941,2258.085122240647
14942,2258.085122240647
14943,2258.085122240647
14944,2258.085122240647
14945,2258.085122240647
14946,2258.085122240647
14947,2258.085122240647
14948,2258.085122240647
14949,2258.085122240647
14950,2258.085122240647
14951,2258.085122240647
14952,2258.085122240647
14953,2258.085122240647
14954,2258.085122240647
14955,2258.085122240647
14956,2258.085122240647
14957,2258.085122240647
14958,2258.085122240647
14959,2258.085122240647
14960,2258.085122240647
14961,2258.085122240647
14962,2258.085122240647
14963,2258.085122240647
14964,2258.085122240647
14965,2258.085122240647
14966,2258.085122240647
14967,2258.085122240647
14968,2258.085122240647
14969,2258.085122240647
14970,2258.085122240647
14971,2258.085122240647
14972,2258.085122240647
14973,2258.085122240647
14974,2258.085122240647
14975,2258.085122240647
14976,2258.085122240647
14977,2258.085122240647
14978,2258.085122240647
14979,2258.085122240647
14980,2258.085122240647
14981,2258.085122240647
14982,2258.085122240647
14983,2258.085122240647
14984,2258.085122240647
14985,2258.085122240647
14986,2258.085122240647
14987,2258.085122240647
14988,2258.085122240647
14989,2258.085122240647
14990,2258.085122240647
14991,2258.085122240647
14992,2258.085122240647
14993,2258.085122240647
14994,2258.085122240647
14995,2258.085122240647
14996,2258.085122240647
14997,2258.085122240647
14998,2258.085122240647
14999,2258.085122240647
15000,2258.085122240647
15001,2258.085122240647
15002,2258.085122240647
15003,2258.085122240647
15004,2258.085122240647
15005,2258.085122240647
15006,2258.085122240647
15007,2258.085122240647
15008,2258.085122240647
15009,2258.085122240647
15010,2258.085122240647
15011,2258.085122240647
15012,2258.085122240647
15013,2258.085122240647
15014,2258.085122240647
15015,2258.085122240647
15016,2258.085122240647
15017,2258.085122240647
15018,2258.085122240647
15019,2258.085122240647
15020,2258.085122240647
15021,2258.085122240647
15022,2258.085122240647
15023,2258.085122240647
15024,2258.085122240647
15025,2258.085122240647
15026,2258.085122240647
15027,2258.085122240647
15028,2258.085122240647
15029,2258.085122240647
15030,2258.085122240647
15031,2258.085122240647
15032,2258.085122240647
15033,2258.085122240647
15034,2258.085122240647
15035,2258.085122240647
15036,2258.085122240647
15037,2258.085122240647
15038,2258.085122240647
15039,2258.085122240647
15040,2258.085122240647
15041,2258.085122240647
15042,2258.085122240647
15043,2258.085122240647
15044,2258.085122240647
15045,2258.085122240647
15046,2258.085122240647
15047,2258.085122240647
15048,2258.085122240647
15049,2258.085122240647
15050,2258.085122240647
15051,2258.085122240647
15052,2258.085122240647
15053,2258.085122240647
15054,2258.085122240647
15055,2258.085122240647
15056,2258.085122240647
15057,2258.085122240647
15058,2258.085122240647
15059,2258.085122240647
15060,2258.085122240647
15061,2258.085122240647
15062,2258.085122240647
15063,2258.085122240647
15064,2258.085122240647
15065,2258.085122240647
15066,2258.085122240647
15067,2258.085122240647
15068,2258.085122240647
15069,2258.085122240647
15070,2258.085122240647
15071,2258.085122240647
15072,2258.085122240647
15073,2258.085122240647
15074,2258.085122240647
15075,2258.085122240647
15076,2258.085122240647
15077,2258.085122240647
15078,2258.085122240647
15079,2258.085122240647
15080,2258.085122240647
15081,2258.085122240647
15082,2258.085122240647
15083,2258.085122240647
15084,2258.085122240647
15085,2258.085122240647
15086,2258.085122240647
15087,2258.085122240647
15088,2258.085122240647
15089,2258.085122240647
15090,2258.085122240647
15091,2258.085122240647
15092,2258.085122240647
15093,2258.085122240647
15094,2258.085122240647
15095,2258.085122240647
15096,2258.085122240647
15097,2258.085122240647
15098,2258.085122240647
15099,2258.085122240647
15100,2258.085122240647
15101,2258.085122240647
15102,2258.085122240647
15103,2258.085122240647
15104,2258.085122240647
15105,2258.085122240647
15106,2258.085122240647
15107,2258.085122240647
15108,2258.085122240647
15109,2258.085122240647
15110,2258.085122240647
15111,2258.085122240647
15112,2258.085122240647
15113,2258.085122240647
15114,2258.085122240647
15115,2258.085122240647
15116,2258.085122240647
15117,2258.085122240647
15118,2258.085122240647
15119,2258.085122240647
15120,2258.085122240647
15121,2258.085122240647
15122,2258.085122240647
15123,2258.085122240647
15124,2258.085122240647
15125,2258.085122240647
15126,2258.085122240647
15127,2258.085122240647
15128,2258.085122240647
15129,2258.085122240647
15130,2258.085122240647
15131,2258.085122240647
15132,2258.085122240647
15133,2258.085122240647
15134,2258.085122240647
15135,2258.085122240647
15136,2258.085122240647
15137,2258.085122240647
15138,2258.085122240647
15139,2258.085122240647
15140,2258.085122240647
15141,2258.085122240647
15142,2258.085122240647
15143,2258.085122240647
15144,2258.085122240647
15145,2258.085122240647
15146,2258.085122240647
15147,2258.085122240647
15148,2258.085122240647
15149,2258.085122240647
15150,2258.085122240647
15151,2258.085122240647
15152,2258.085122240647
15153,2258.085122240647
15154,2258.085122240647
15155,2258.085122240647
15156,2258.085122240647
15157,2258.085122240647
15158,2258.085122240647
15159,2258.085122240647
15160,2258.085122240647
15161,2258.085122240647
15162,2249.8832797460477
15163,2249.8832797460477
15164,2249.8832797460477
15165,2249.8832797460477
15166,2249.8832797460477
15167,2249.8832797460477
15168,2249.8832797460477
15169,2249.8832797460477
15170,2249.8832797460477
15171,2249.8832797460477
15172,2249.8832797460477
15173,2249.8832797460477
15174,2249.8832797460477
15175,2249.8832797460477
15176,2249.8832797460477
15177,2249.8832797460477
15178,2249.8832797460477
15179,2249.8832797460477
15180,2249.8832797460477
15181,2249.8832797460477
15182,2249.8832797460477
15183,2249.8832797460477
15184,2249.8832797460477
15185,2249.8832797460477
15186,2249.8832797460477
15187,2249.8832797460477
15188,2249.8832797460477
15189,2249.8832797460477
15190,2249.8832797460477
15191,2249.8832797460477
15192,2249.8832797460477
15193,2249.8832797460477
15194,2249.8832797460477
15195,2249.8832797460477
15196,2249.8832797460477
15197,2249.8832797460477
15198,2249.8832797460477
15199,2249.8832797460477
15200,2249.8832797460477
15201,2249.8832797460477
15202,2249.8832797460477
15203,2249.8832797460477
15204,2249.8832797460477
15205,2249.8832797460477
15206,2249.8832797460477
15207,2249.8832797460477
15208,2249.8832797460477
15209,2249.8832797460477
15210,2249.8832797460477
15211,2249.8832797460477
15212,2249.8832797460477
15213,2249.8832797460477
15214,2249.8832797460477
15215,2249.8832797460477
15216,2249.8832797460477
15217,2249.8832797460477
15218,2249.8832797460477
15219,2249.8832797460477
15220,2249.8832797460477
15221,2249.8832797460477
15222,2249.8832797460477
15223,2243.1910255250286
15224,2243.1910255250286
15225,2243.1910255250286
15226,2243.1910255250286
15227,2243.1910255250286
15228,2243.1910255250286
15229,2243.1910255250286
15230,2243.1910255250286
15231,2243.1910255250286
15232,2243.1910255250286
15233,2243.1910255250286
15234,2243.1910255250286
15235,2243.1910255250286
15236,2243.1910255250286
15237,2243.1910255250286
15238,2243.1910255250286
15239,2243.1910255250286
15240,2243.1910255250286
15241,2243.1910255250286
15242,2243.1910255250286
15243,2243.1910255250286
15244,2243.1910255250286
15245,2243.1910255250286
15246,2243.1910255250286
15247,2243.1910255250286
15248,2243.1910255250286
15249,2243.1910255250286
15250,2243.1910255250286
15251,2243.1910255250286
15252,2243.1910255250286
15253,2243.1910255250286
15254,2243.1910255250286
15255,2243.1910255250286
15256,2243.1910255250286
15257,2243.1910255250286
15258,2243.1910255250286
15259,2243.1910255250286
15260,2215.892825526878
15261,2215.892825526878
15262,2215.892825526878
15263,2215.892825526878
15264,2215.892825526878
15265,2215.892825526878
15266,2215.892825526878
15267,2215.892825526878
15268,2215.892825526878
15269,2215.892825526878
15270,2215.892825526878
15271,2215.892825526878
15272,2215.892825526878
15273,2215.892825526878
15274,2215.892825526878
15275,2215.892825526878
15276,2215.892825526878
15277,2215.892825526878
15278,2215.892825526878
15279,2215.892825526878
15280,2215.892825526878
15281,2215.892825526878
15282,2215.892825526878
15283,2215.892825526878
15284,2215.892825526878
15285,2215.892825526878
15286,2215.892825526878
15287,2215.892825526878
15288,2215.892825526878
15289,2215.892825526878
15290,2215.892825526878
15291,2215.892825526878
15292,2215.892825526878
15293,2215.892825526878
15294,2215.892825526878
15295,2215.892825526878
15296,2215.892825526878
15297,2215.892825526878
15298,2204.6324588664847
15299,2204.6324588664847
15300,2204.6324588664847
15301,2204.6324588664847
15302,2204.6324588664847
15303,2204.6324588664847
15304,2204.6324588664847
15305,2204.6324588664847
15306,2204.6324588664847
15307,2204.6324588664847
15308,2204.6324588664847
15309,2204.6324588664847
15310,2204.6324588664847
15311,2204.6324588664847
15312,2204.6324588664847
15313,2204.6324588664847
15314,2204.6324588664847
15315,2204.6324588664847
15316,2204.6324588664847
15317,2204.6324588664847
15318,2204.6324588664847
15319,2204.6324588664847
15320,2204.6324588664847
15321,2204.6324588664847
15322,2204.6324588664847
15323,2204.6324588664847
15324,2204.6324588664847
15325,2204.6324588664847
15326,2204.6324588664847
15327,2204.6324588664847
15328,2204.6324588664847
15329,2204.6324588664847
15330,2204.6324588664847
15331,2204.6324588664847
15332,2204.6324588664847
15333,2204.6324588664847
15334,2204.6324588664847
15335,2204.6324588664847
15336,2204.6324588664847
15337,2204.6324588664847
15338,2204.6324588664847
15339,2204.6324588664847
15340,2204.6324588664847
15341,2204.6324588664847
15342,2204.6324588664847
15343,2204.6324588664847
15344,2204.6324588664847
15345,2204.6324588664847
15346,2204.6324588664847
15347,2204.6324588664847
15348,2204.6324588664847
15349,2204.6324588664847
15350,2204.6324588664847
15351,2204.6324588664847
15352,2204.6324588664847
15353,2204.6324588664847
15354,2204.6324588664847
15355,2204.6324588664847
15356,2204.6324588664847
15357,2204.6324588664847
15358,2204.6324588664847
15359,2204.6324588664847
15360,2204.6324588664847
15361,2204.6324588664847
15362,2204.6324588664847
15363,2204.6324588664847
15364,2204.6324588664847
15365,2204.6324588664847
15366,2204.6324588664847
15367,2204.6324588664847
15368,2195.69901952677
15369,2195.69901952677
15370,2195.69901952677
15371,2195.69901952677
15372,2195.69901952677
15373,2195.69901952677
15374,2195.69901952677
15375,2195.69901952677
15376,2195.69901952677
15377,2195.69901952677
15378,2195.69901952677
15379,2195.69901952677
15380,2195.69901952677
15381,2195.69901952677
15382,2195.69901952677
15383,2195.69901952677
15384,2195.69901952677
15385,2195.69901952677
15386,2195.69901952677
15387,2195.69901952677
15388,2195.69901952677
15389,2195.69901952677
15390,2195.69901952677
15391,2195.69901952677
15392,2195.69901952677
15393,2195.69901952677
15394,2195.69901952677
15395,2195.69901952677
15396,2195.69901952677
15397,2195.69901952677
15398,2195.69901952677
15399,2195.69901952677
15400,2195.69901952677
15401,2195.69901952677
15402,2195.69901952677
15403,2195.69901952677
15404,2195.69901952677
15405,2195.69901952677
15406,2195.69901952677
15407,2195.69901952677
15408,2195.69901952677
15409,2195.69901952677
15410,2195.69901952677
15411,2195.69901952677
15412,2195.69901952677
15413,2195.69901952677
15414,2195.69901952677
15415,2195.69901952677
15416,2195.69901952677
15417,2195.69901952677
15418,2195.69901952677
15419,2195.69901952677
15420,2195.69901952677
15421,2195.69901952677
15422,2195.69901952677
15423,2195.69901952677
15424,2195.69901952677
15425,2195.69901952677
15426,2195.69901952677
15427,2195.69901952677
15428,2195.69901952677
15429,2195.69901952677
15430,2195.69901952677
15431,2195.69901952677
15432,2195.69901952677
15433,2195.69901952677
15434,2195.69901952677
15435,2195.69901952677
15436,2195.69901952677
15437,2195.69901952677
15438,2195.69901952677
15439,2195.69901952677
15440,2195.69901952677
15441,2195.69901952677
15442,2195.69901952677
15443,2195.69901952677
15444,2195.69901952677
15445,2195.69901952677
15446,2195.69901952677
15447,2195.69901952677
15448,2195.69901952677
15449,2195.69901952677
15450,2195.69901952677
15451,2195.69901952677
15452,2195.69901952677
15453,2195.69901952677
15454,2195.69901952677
15455,2195.69901952677
15456,2195.69901952677
15457,2195.69901952677
15458,2195.69901952677
15459,2195.69901952677
15460,2195.69901952677
15461,2195.69901952677
15462,2195.69901952677
15463,2195.69901952677
15464,2195.69901952677
15465,2195.69901952677
15466,2195.69901952677
15467,2195.69901952677
15468,2195.69901952677
15469,2195.69901952677
15470,2195.69901952677
15471,2195.69901952677
15472,2195.69901952677
15473,2195.69901952677
15474,2195.69901952677
15475,2195.69901952677
15476,2195.69901952677
15477,2195.69901952677
15478,2195.69901952677
15479,2195.69901952677
15480,2195.69901952677
15481,2195.69901952677
15482,2195.69901952677
15483,2195.69901952677
15484,2195.69901952677
15485,2195.69901952677
15486,2195.69901952677
15487,2195.69901952677
15488,2195.69901952677
15489,2195.69901952677
15490,2195.69901952677
15491,2195.69901952677
15492,2195.69901952677
15493,2195.69901952677
15494,2195.69901952677
15495,2195.69901952677
15496,2195.69901952677
15497,2195.69901952677
15498,2195.69901952677
15499,2195.69901952677
15500,2195.69901952677
15501,2195.69901952677
15502,2195.69901952677
15503,2195.69901952677
15504,2195.69901952677
15505,2195.69901952677
15506,2195.69901952677
15507,2195.69901952677
15508,2195.69901952677
15509,2195.69901952677
15510,2195.69901952677
15511,2195.69901952677
15512,2195.69901952677
15513,2195.69901952677
15514,2195.69901952677
15515,2195.69901952677
15516,2195.69901952677
15517,2195.69901952677
15518,2195.69901952677
15519,2195.69901952677
15520,2195.69901952677
15521,2195.69901952677
15522,2195.69901952677
15523,2195.69901952677
15524,2195.69901952677
15525,2195.69901952677
15526,2195.69901952677
15527,2195.69901952677
15528,2195.69901952677
15529,2195.69901952677
15530,2195.69901952677
15531,2195.69901952677
15532,2195.69901952677
15533,2195.69901952677
15534,2195.69901952677
15535,2195.69901952677
15536,2195.69901952677
15537,2195.69901952677
15538,2195.69901952677
15539,2195.69901952677
15540,2195.69901952677
15541,2195.69901952677
15542,2195.69901952677
15543,2195.69901952677
15544,2171.5729522218558
15545,2171.5729522218558
15546,2171.5729522218558
15547,2171.5729522218558
15548,2171.5729522218558
15549,2171.5729522218558
15550,2171.5729522218558
15551,2171.5729522218558
15552,2171.5729522218558
15553,2171.5729522218558
15554,2171.5729522218558
15555,2171.5729522218558
15556,2171.5729522218558
15557,2171.5729522218558
15558,2171.5729522218558
15559,2171.5729522218558
15560,2171.5729522218558
15561,2171.5729522218558
15562,2171.5729522218558
15563,2171.5729522218558
15564,2171.5729522218558
15565,2171.5729522218558
15566,2171.5729522218558
15567,2171.5729522218558
15568,2171.5729522218558
15569,2171.5729522218558
15570,2171.5729522218558
15571,2171.5729522218558
15572,2171.5729522218558
15573,2171.5729522218558
15574,2171.5729522218558
15575,2171.5729522218558
15576,2171.5729522218558
15577,2171.5729522218558
15578,2171.5729522218558
15579,2171.5729522218558
15580,2171.5729522218558
15581,2171.5729522218558
15582,2171.5729522218558
15583,2171.5729522218558
15584,2171.5729522218558
15585,2171.5729522218558
15586,2171.5729522218558
15587,2171.5729522218558
15588,2171.5729522218558
15589,2171.5729522218558
15590,2171.5729522218558
15591,2171.5729522218558
15592,2171.5729522218558
15593,2171.5729522218558
15594,2171.5729522218558
15595,2171.5729522218558
15596,2171.5729522218558
15597,2171.5729522218558
15598,2171.5729522218558
15599,2171.5729522218558
15600,2171.5729522218558
15601,2171.5729522218558
15602,2171.5729522218558
15603,2171.5729522218558
15604,2171.5729522218558
15605,2171.5729522218558
15606,2171.5729522218558
15607,2171.5729522218558
15608,2171.5729522218558
15609,2171.5729522218558
15610,2171.5729522218558
15611,2171.5729522218558
15612,2171.5729522218558
15613,2171.5729522218558
15614,2171.5729522218558
15615,2171.5729522218558
15616,2171.5729522218558
15617,2171.5729522218558
15618,2171.5729522218558
15619,2171.5729522218558
15620,2171.5729522218558
15621,2171.5729522218558
15622,2171.5729522218558
15623,2171.5729522218558
15624,2171.5729522218558
15625,2171.5729522218558
15626,2171.5729522218558
15627,2171.5729522218558
15628,2171.5729522218558
15629,2171.5729522218558
15630,2171.5729522218558
15631,2171.5729522218558
15632,2171.5729522218558
15633,2171.5729522218558
15634,2171.5729522218558
15635,2171.5729522218558
15636,2171.5729522218558
15637,2171.5729522218558
15638,2171.5729522218558
15639,2171.5729522218558
15640,2171.5729522218558
15641,2171.5729522218558
15642,2171.5729522218558
15643,2171.5729522218558
15644,2171.5729522218558
15645,2171.5729522218558
15646,2171.5729522218558
15647,2171.5729522218558
15648,2171.5729522218558
15649,2171.5729522218558
15650,2171.5729522218558
15651,2171.5729522218558
15652,2171.5729522218558
15653,2171.5729522218558
15654,2171.5729522218558
15655,2171.5729522218558
15656,2171.5729522218558
15657,2171.5729522218558
15658,2171.5729522218558
15659,2171.5729522218558
15660,2171.5729522218558
15661,2171.5729522218558
15662,2171.5729522218558
15663,2171.5729522218558
15664,2171.5729522218558
15665,2171.5729522218558
15666,2171.5729522218558
15667,2171.5729522218558
15668,2171.5729522218558
15669,2171.5729522218558
15670,2171.5729522218558
15671,2171.5729522218558
15672,2171.5729522218558
15673,2171.5729522218558
15674,2171.5729522218558
15675,2171.5729522218558
15676,2171.5729522218558
15677,2171.5729522218558
15678,2171.5729522218558
15679,2171.5729522218558
15680,2171.5729522218558
15681,2171.5729522218558
15682,2171.5729522218558
15683,2171.5729522218558
15684,2171.5729522218558
15685,2171.5729522218558
15686,2171.5729522218558
15687,2171.5729522218558
15688,2171.5729522218558
15689,2171.5729522218558
15690,2171.5729522218558
15691,2171.5729522218558
15692,2171.5729522218558
15693,2171.5729522218558
15694,2171.5729522218558
15695,2171.5729522218558
15696,2171.5729522218558
15697,2171.5729522218558
15698,2171.5729522218558
15699,2171.5729522218558
15700,2171.5729522218558
15701,2171.5729522218558
15702,2171.5729522218558
15703,2171.5729522218558
15704,2171.5729522218558
15705,2171.5729522218558
15706,2171.5729522218558
15707,2171.5729522218558
15708,2171.5729522218558
15709,2171.5729522218558
15710,2171.5729522218558
15711,2171.5729522218558
15712,2171.5729522218558
15713,2171.5729522218558
15714,2171.5729522218558
15715,2171.5729522218558
15716,2171.5729522218558
15717,2171.5729522218558
15718,2171.5729522218558
15719,2171.5729522218558
15720,2171.5729522218558
15721,2171.5729522218558
15722,2171.5729522218558
15723,2171.5729522218558
15724,2171.5729522218558
15725,2171.5729522218558
15726,2171.5729522218558
15727,2171.5729522218558
15728,2171.5729522218558
15729,2171.5729522218558
15730,2171.5729522218558
15731,2171.5729522218558
15732,2171.5729522218558
15733,2171.5729522218558
15734,2171.5729522218558
15735,2171.5729522218558
15736,2171.5729522218558
15737,2171.5729522218558
15738,2171.5729522218558
15739,2171.5729522218558
15740,2171.5729522218558
15741,2171.5729522218558
15742,2171.5729522218558
15743,2171.5729522218558
15744,2171.5729522218558
15745,2171.5729522218558
15746,2171.5729522218558
15747,2171.5729522218558
15748,2171.5729522218558
15749,2171.5729522218558
15750,2171.5729522218558
15751,2171.5729522218558
15752,2171.5729522218558
15753,2171.5729522218558
15754,2171.5729522218558
15755,2171.5729522218558
15756,2171.5729522218558
15757,2171.5729522218558
15758,2171.5729522218558
15759,2171.5729522218558
15760,2171.5729522218558
15761,2171.5729522218558
15762,2171.5729522218558
15763,2171.5729522218558
15764,2171.5729522218558
15765,2171.5729522218558
15766,2171.5729522218558
15767,2171.5729522218558
15768,2171.5729522218558
15769,2171.5729522218558
15770,2171.5729522218558
15771,2171.5729522218558
15772,2171.5729522218558
15773,2171.5729522218558
15774,2171.5729522218558
15775,2171.5729522218558
15776,2171.5729522218558
15777,2171.5729522218558
15778,2171.5729522218558
15779,2171.5729522218558
15780,2171.5729522218558
15781,2171.5729522218558
15782,2171.5729522218558
15783,2171.5729522218558
15784,2171.5729522218558
15785,2171.5729522218558
15786,2171.5729522218558
15787,2171.5729522218558
15788,2171.5729522218558
15789,2171.5729522218558
15790,2171.5729522218558
15791,2171.5729522218558
15792,2171.5729522218558
15793,2171.5729522218558
15794,2171.5729522218558
15795,2171.5729522218558
15796,2171.5729522218558
15797,2171.5729522218558
15798,2171.5729522218558
15799,2171.5729522218558
15800,2171.5729522218558
15801,2171.5729522218558
15802,2171.5729522218558
15803,2171.5729522218558
15804,2171.5729522218558
15805,2171.5729522218558
15806,2171.5729522218558
15807,2171.5729522218558
15808,2171.5729522218558
15809,2171.5729522218558
15810,2171.5729522218558
15811,2171.5729522218558
15812,2171.5729522218558
15813,2171.5729522218558
15814,2171.5729522218558
15815,2171.5729522218558
15816,2171.5729522218558
15817,2171.5729522218558
15818,2171.5729522218558
15819,2171.5729522218558
15820,2171.5729522218558
15821,2171.5729522218558
15822,2171.5729522218558
15823,2171.5729522218558
15824,2171.5729522218558
15825,2171.5729522218558
15826,2171.5729522218558
15827,2171.5729522218558
15828,2171.5729522218558
15829,2171.5729522218558
15830,2171.5729522218558
15831,2171.5729522218558
15832,2171.5729522218558
15833,2171.5729522218558
15834,2171.5729522218558
15835,2171.5729522218558
15836,2171.5729522218558
15837,2171.5729522218558
15838,2171.5729522218558
15839,2171.5729522218558
15840,2171.5729522218558
15841,2171.5729522218558
15842,2171.5729522218558
15843,2171.5729522218558
15844,2171.5729522218558
15845,2171.5729522218558
15846,2171.5729522218558
15847,2171.5729522218558
15848,2171.5729522218558
15849,2171.5729522218558
15850,2171.5729522218558
15851,2171.5729522218558
15852,2171.5729522218558
15853,2171.5729522218558
15854,2171.5729522218558
15855,2171.5729522218558
15856,2171.5729522218558
15857,2171.5729522218558
15858,2171.5729522218558
15859,2171.5729522218558
15860,2171.5729522218558
15861,2171.5729522218558
15862,2171.5729522218558
15863,2171.5729522218558
15864,2171.5729522218558
15865,2171.5729522218558
15866,2171.5729522218558
15867,2171.5729522218558
15868,2171.5729522218558
15869,2171.5729522218558
15870,2171.5729522218558
15871,2171.5729522218558
15872,2171.5729522218558
15873,2171.5729522218558
15874,2171.5729522218558
15875,2171.5729522218558
15876,2171.5729522218558
15877,2171.5729522218558
15878,2171.5729522218558
15879,2171.5729522218558
15880,2171.5729522218558
15881,2171.5729522218558
15882,2171.5729522218558
15883,2171.5729522218558
15884,2171.5729522218558
15885,2171.5729522218558
15886,2171.5729522218558
15887,2171.5729522218558
15888,2171.5729522218558
15889,2171.5729522218558
15890,2171.5729522218558
15891,2171.5729522218558
15892,2171.5729522218558
15893,2171.5729522218558
15894,2171.5729522218558
15895,2171.5729522218558
15896,2171.5729522218558
15897,2171.5729522218558
15898,2171.5729522218558
15899,2171.5729522218558
15900,2171.5729522218558
15901,2171.5729522218558
15902,2171.5729522218558
15903,2171.5729522218558
15904,2171.5729522218558
15905,2171.5729522218558
15906,2171.5729522218558
15907,2171.5729522218558
15908,2171.5729522218558
15909,2171.5729522218558
15910,2171.5729522218558
15911,2171.5729522218558
15912,2171.5729522218558
15913,2171.5729522218558
15914,2171.5729522218558
15915,2171.5729522218558
15916,2171.5729522218558
15917,2171.5729522218558
15918,2171.5729522218558
15919,2171.5729522218558
15920,2171.5729522218558
15921,2171.5729522218558
15922,2171.5729522218558
15923,2171.5729522218558
15924,2171.5729522218558
15925,2171.5729522218558
15926,2171.5729522218558
15927,2171.5729522218558
15928,2171.5729522218558
15929,2171.5729522218558
15930,2171.5729522218558
15931,2171.5729522218558
15932,2171.5729522218558
15933,2171.5729522218558
15934,2171.5729522218558
15935,2171.5729522218558
15936,2171.5729522218558
15937,2171.5729522218558
15938,2171.5729522218558
15939,2171.5729522218558
15940,2171.5729522218558
15941,2171.5729522218558
15942,2171.5729522218558
15943,2171.5729522218558
15944,2171.5729522218558
15945,2171.5729522218558
15946,2171.5729522218558
15947,2171.5729522218558
15948,2171.5729522218558
15949,2171.5729522218558
15950,2171.5729522218558
15951,2171.5729522218558
15952,2171.5729522218558
15953,2171.5729522218558
15954,2171.5729522218558
15955,2171.5729522218558
15956,2171.5729522218558
15957,2171.5729522218558
15958,2171.5729522218558
15959,2171.5729522218558
15960,2171.5729522218558
15961,2171.5729522218558
15962,2171.5729522218558
15963,2171.5729522218558
15964,2171.5729522218558
15965,2171.5729522218558
15966,2171.5729522218558
15967,2171.5729522218558
15968,2171.5729522218558
15969,2171.5729522218558
15970,2171.5729522218558
15971,2171.5729522218558
15972,2171.5729522218558
15973,2171.5729522218558
15974,2171.5729522218558
15975,2171.5729522218558
15976,2171.5729522218558
15977,2171.5729522218558
15978,2171.5729522218558
15979,2171.5729522218558
15980,2171.5729522218558
15981,2171.5729522218558
15982,2171.5729522218558
15983,2171.5729522218558
15984,2171.5729522218558
15985,2171.5729522218558
15986,2171.5729522218558
15987,2171.5729522218558
15988,2171.5729522218558
15989,2171.5729522218558
15990,2171.5729522218558
15991,2171.5729522218558
15992,2171.5729522218558
15993,2171.5729522218558
15994,2171.5729522218558
15995,2171.5729522218558
15996,2171.5729522218558
15997,2171.5729522218558
15998,2171.5729522218558
15999,2171.5729522218558
16000,2171.5729522218558
16001,2171.5729522218558
16002,2171.5729522218558
16003,2171.5729522218558
16004,2171.5729522218558
16005,2171.5729522218558
16006,2171.5729522218558
16007,2171.5729522218558
16008,2171.5729522218558
16009,2171.5729522218558
16010,2171.5729522218558
16011,2171.5729522218558
16012,2171.5729522218558
16013,2171.5729522218558
16014,2171.5729522218558
16015,2171.5729522218558
16016,2171.5729522218558
16017,2171.5729522218558
16018,2171.5729522218558
16019,2171.5729522218558
16020,2171.5729522218558
16021,2171.5729522218558
16022,2171.5729522218558
16023,2171.5729522218558
16024,2171.5729522218558
16025,2171.5729522218558
16026,2171.5729522218558
16027,2171.5729522218558
16028,2171.5729522218558
16029,2171.5729522218558
16030,2171.5729522218558
16031,2171.5729522218558
16032,2171.5729522218558
16033,2171.5729522218558
16034,2171.5729522218558
16035,2171.5729522218558
16036,2171.5729522218558
16037,2171.5729522218558
16038,2171.5729522218558
16039,2171.5729522218558
16040,2171.5729522218558
16041,2171.5729522218558
16042,2171.5729522218558
16043,2171.5729522218558
16044,2171.5729522218558
16045,2171.5729522218558
16046,2171.5729522218558
16047,2171.5729522218558
16048,2171.5729522218558
16049,2171.5729522218558
16050,2171.5729522218558
16051,2171.5729522218558
16052,2171.5729522218558
16053,2171.5729522218558
16054,2171.5729522218558
16055,2171.5729522218558
16056,2171.5729522218558
16057,2171.5729522218558
16058,2171.5729522218558
16059,2171.5729522218558
16060,2171.5729522218558
16061,2171.5729522218558
16062,2171.5729522218558
16063,2171.5729522218558
16064,2171.5729522218558
16065,2171.5729522218558
16066,2171.5729522218558
16067,2171.5729522218558
16068,2171.5729522218558
16069,2171.5729522218558
16070,2171.5729522218558
16071,2171.5729522218558
16072,2171.5729522218558
16073,2171.5729522218558
16074,2171.5729522218558
16075,2171.5729522218558
16076,2171.5729522218558
16077,2171.5729522218558
16078,2171.5729522218558
16079,2171.5729522218558
16080,2171.5729522218558
16081,2171.5729522218558
16082,2171.5729522218558
16083,2171.5729522218558
16084,2171.5729522218558
16085,2171.5729522218558
16086,2171.5729522218558
16087,2171.5729522218558
16088,2171.5729522218558
16089,2171.5729522218558
16090,2171.5729522218558
16091,2171.5729522218558
16092,2171.5729522218558
16093,2171.5729522218558
16094,2171.5729522218558
16095,2171.5729522218558
16096,2171.5729522218558
16097,2171.5729522218558
16098,2171.5729522218558
16099,2171.5729522218558
16100,2171.5729522218558
16101,2171.5729522218558
16102,2171.5729522218558
16103,2171.5729522218558
16104,2171.5729522218558
16105,2171.5729522218558
16106,2171.5729522218558
16107,2171.5729522218558
16108,2171.5729522218558
16109,2171.5729522218558
16110,2171.5729522218558
16111,2171.5729522218558
16112,2171.5729522218558
16113,2171.5729522218558
16114,2171.5729522218558
16115,2171.5729522218558
16116,2171.5729522218558
16117,2171.5729522218558
16118,2171.5729522218558
16119,2171.5729522218558
16120,2171.5729522218558
16121,2171.5729522218558
16122,2171.5729522218558
16123,2171.5729522218558
16124,2171.5729522218558
16125,2171.5729522218558
16126,2171.5729522218558
16127,2171.5729522218558
16128,2171.5729522218558
16129,2171.5729522218558
16130,2171.5729522218558
16131,2171.5729522218558
16132,2171.5729522218558
16133,2171.5729522218558
16134,2171.5729522218558
16135,2171.5729522218558
16136,2171.5729522218558
16137,2171.5729522218558
16138,2171.5729522218558
16139,2171.5729522218558
16140,2171.5729522218558
16141,2171.5729522218558
16142,2171.5729522218558
16143,2171.5729522218558
16144,2171.5729522218558
16145,2171.5729522218558
16146,2171.5729522218558
16147,2171.5729522218558
16148,2171.5729522218558
16149,2171.5729522218558
16150,2171.5729522218558
16151,2171.5729522218558
16152,2171.5729522218558
16153,2171.5729522218558
16154,2171.5729522218558
16155,2171.5729522218558
16156,2171.5729522218558
16157,2171.5729522218558
16158,2171.5729522218558
16159,2171.5729522218558
16160,2171.5729522218558
16161,2171.5729522218558
16162,2171.5729522218558
16163,2171.5729522218558
16164,2171.5729522218558
16165,2171.5729522218558
16166,2171.5729522218558
16167,2171.5729522218558
16168,2171.5729522218558
16169,2171.5729522218558
16170,2171.5729522218558
16171,2171.5729522218558
16172,2171.5729522218558
16173,2171.5729522218558
16174,2171.5729522218558
16175,2171.5729522218558
16176,2171.5729522218558
16177,2171.5729522218558
16178,2171.5729522218558
16179,2171.5729522218558
16180,2171.5729522218558
16181,2171.5729522218558
16182,2171.5729522218558
16183,2171.5729522218558
16184,2171.5729522218558
16185,2171.5729522218558
16186,2171.5729522218558
16187,2171.5729522218558
16188,2171.5729522218558
16189,2171.5729522218558
16190,2171.5729522218558
16191,2171.5729522218558
16192,2171.5729522218558
16193,2171.5729522218558
16194,2171.5729522218558
16195,2171.5729522218558
16196,2171.5729522218558
16197,2171.5729522218558
16198,2171.5729522218558
16199,2171.5729522218558
16200,2171.5729522218558
16201,2171.5729522218558
16202,2171.5729522218558
16203,2171.5729522218558
16204,2171.5729522218558
16205,2171.5729522218558
16206,2171.5729522218558
16207,2171.5729522218558
16208,2171.5729522218558
16209,2171.5729522218558
16210,2171.5729522218558
16211,2171.5729522218558
16212,2171.5729522218558
16213,2171.5729522218558
16214,2171.5729522218558
16215,2171.5729522218558
16216,2171.5729522218558
16217,2171.5729522218558
16218,2171.5729522218558
16219,2171.5729522218558
16220,2171.5729522218558
16221,2171.5729522218558
16222,2171.5729522218558
16223,2171.5729522218558
16224,2171.5729522218558
16225,2171.5729522218558
16226,2171.5729522218558
16227,2171.5729522218558
16228,2171.5729522218558
16229,2171.5729522218558
16230,2171.5729522218558
16231,2171.5729522218558
16232,2171.5729522218558
16233,2171.5729522218558
16234,2171.5729522218558
16235,2171.5729522218558
16236,2171.5729522218558
16237,2171.5729522218558
16238,2171.5729522218558
16239,2171.5729522218558
16240,2171.5729522218558
16241,2171.5729522218558
16242,2171.5729522218558
16243,2171.5729522218558
16244,2171.5729522218558
16245,2171.5729522218558
16246,2171.5729522218558
16247,2171.5729522218558
16248,2171.5729522218558
16249,2171.5729522218558
16250,2171.5729522218558
16251,2171.5729522218558
16252,2171.5729522218558
16253,2171.5729522218558
16254,2171.5729522218558
16255,2171.5729522218558
16256,2171.5729522218558
16257,2171.5729522218558
16258,2171.5729522218558
16259,2171.5729522218558
16260,2171.5729522218558
16261,2171.5729522218558
16262,2171.5729522218558
16263,2171.5729522218558
16264,2171.5729522218558
16265,2171.5729522218558
16266,2171.5729522218558
16267,2171.5729522218558
16268,2171.5729522218558
16269,2171.5729522218558
16270,2171.5729522218558
16271,2171.5729522218558
16272,2171.5729522218558
16273,2171.5729522218558
16274,2171.5729522218558
16275,2171.5729522218558
16276,2171.5729522218558
16277,2171.5729522218558
16278,2171.5729522218558
16279,2171.5729522218558
16280,2171.5729522218558
16281,2171.5729522218558
16282,2171.5729522218558
16283,2171.5729522218558
16284,2171.5729522218558
16285,2171.5729522218558
16286,2171.5729522218558
16287,2171.5729522218558
16288,2171.5729522218558
16289,2171.5729522218558
16290,2171.5729522218558
16291,2171.5729522218558
16292,2171.5729522218558
16293,2171.5729522218558
16294,2171.5729522218558
16295,2171.5729522218558
16296,2171.5729522218558
16297,2171.5729522218558
16298,2171.5729522218558
16299,2171.5729522218558
16300,2171.5729522218558
16301,2171.5729522218558
16302,2171.5729522218558
16303,2171.5729522218558
16304,2171.5729522218558
16305,2171.5729522218558
16306,2171.5729522218558
16307,2171.5729522218558
16308,2171.5729522218558
16309,2171.5729522218558
16310,2171.5729522218558
16311,2171.5729522218558
16312,2171.5729522218558
16313,2171.5729522218558
16314,2171.5729522218558
16315,2171.5729522218558
16316,2171.5729522218558
16317,2171.5729522218558
16318,2171.5729522218558
16319,2171.5729522218558
16320,2171.5729522218558
16321,2171.5729522218558
16322,2171.5729522218558
16323,2171.5729522218558
16324,2171.5729522218558
16325,2171.5729522218558
16326,2171.5729522218558
16327,2171.5729522218558
16328,2171.5729522218558
16329,2171.5729522218558
16330,2171.5729522218558
16331,2171.5729522218558
16332,2171.5729522218558
16333,2171.5729522218558
16334,2171.5729522218558
16335,2171.5729522218558
16336,2171.5729522218558
16337,2171.5729522218558
16338,2171.5729522218558
16339,2171.5729522218558
16340,2171.5729522218558
16341,2171.5729522218558
16342,2171.5729522218558
16343,2171.5729522218558
16344,2171.5729522218558
16345,2171.5729522218558
16346,2171.5729522218558
16347,2171.5729522218558
16348,2171.5729522218558
16349,2171.5729522218558
16350,2171.5729522218558
16351,2171.5729522218558
16352,2171.5729522218558
16353,2171.5729522218558
16354,2171.5729522218558
16355,2171.5729522218558
16356,2171.5729522218558
16357,2171.5729522218558
16358,2171.5729522218558
16359,2171.5729522218558
16360,2171.5729522218558
16361,2171.5729522218558
16362,2171.5729522218558
16363,2171.5729522218558
16364,2171.5729522218558
16365,2171.5729522218558
16366,2171.5729522218558
16367,2171.5729522218558
16368,2171.5729522218558
16369,2171.5729522218558
16370,2171.5729522218558
16371,2171.5729522218558
16372,2171.5729522218558
16373,2171.5729522218558
16374,2171.5729522218558
16375,2171.5729522218558
16376,2171.5729522218558
16377,2171.5729522218558
16378,2171.5729522218558
16379,2171.5729522218558
16380,2171.5729522218558
16381,2171.5729522218558
16382,2171.5729522218558
16383,2171.5729522218558
16384,2171.5729522218558
16385,2171.5729522218558
16386,2171.5729522218558
16387,2171.5729522218558
16388,2171.5729522218558
16389,2171.5729522218558
16390,2171.5729522218558
16391,2171.5729522218558
16392,2171.5729522218558
16393,2171.5729522218558
16394,2171.5729522218558
16395,2171.5729522218558
16396,2171.5729522218558
16397,2171.5729522218558
16398,2171.5729522218558
16399,2171.5729522218558
16400,2171.5729522218558
16401,2171.5729522218558
16402,2171.5729522218558
16403,2171.5729522218558
16404,2171.5729522218558
16405,2171.5729522218558
16406,2171.5729522218558
16407,2171.5729522218558
16408,2171.5729522218558
16409,2171.5729522218558
16410,2171.5729522218558
16411,2171.5729522218558
16412,2171.5729522218558
16413,2171.5729522218558
16414,2171.5729522218558
16415,2171.5729522218558
16416,2171.5729522218558
16417,2171.5729522218558
16418,2171.5729522218558
16419,2144.5946857221684
16420,2144.5946857221684
16421,2144.5946857221684
16422,2144.5946857221684
16423,2144.5946857221684
16424,2144.5946857221684
16425,2144.5946857221684
16426,2144.5946857221684
16427,2144.5946857221684
16428,2144.5946857221684
16429,2144.5946857221684
16430,2144.5946857221684
16431,2144.5946857221684
16432,2144.5946857221684
16433,2144.5946857221684
16434,2144.5946857221684
16435,2144.5946857221684
16436,2144.5946857221684
16437,2144.5946857221684
16438,2144.5946857221684
16439,2144.5946857221684
16440,2144.5946857221684
16441,2144.5946857221684
16442,2144.5946857221684
16443,2144.5946857221684
16444,2144.5946857221684
16445,2144.5946857221684
16446,2144.5946857221684
16447,2144.5946857221684
16448,2144.5946857221684
16449,2144.5946857221684
16450,2144.5946857221684
16451,2144.5946857221684
16452,2144.5946857221684
16453,2144.5946857221684
16454,2144.5946857221684
16455,2144.5946857221684
16456,2144.5946857221684
16457,2144.5946857221684
16458,2144.5946857221684
16459,2144.5946857221684
16460,2144.5946857221684
16461,2144.5946857221684
16462,2144.5946857221684
16463,2144.5946857221684
16464,2144.5946857221684
16465,2144.5946857221684
16466,2144.5946857221684
16467,2144.5946857221684
16468,2144.5946857221684
16469,2144.5946857221684
16470,2144.5946857221684
16471,2144.5946857221684
16472,2144.5946857221684
16473,2144.5946857221684
16474,2144.5946857221684
16475,2144.5946857221684
16476,2144.5946857221684
16477,2144.5946857221684
16478,2144.5946857221684
16479,2144.5946857221684
16480,2144.5946857221684
16481,2144.5946857221684
16482,2144.5946857221684
16483,2144.5946857221684
16484,2144.5946857221684
16485,2144.5946857221684
16486,2144.5946857221684
16487,2144.5946857221684
16488,2144.5946857221684
16489,2144.5946857221684
16490,2144.5946857221684
16491,2142.049508613861
16492,2142.049508613861
16493,2142.049508613861
16494,2142.049508613861
16495,2142.049508613861
16496,2142.049508613861
16497,2142.049508613861
16498,2142.049508613861
16499,2142.049508613861
16500,2142.049508613861
16501,2142.049508613861
16502,2142.049508613861
16503,2142.049508613861
16504,2142.049508613861
16505,2142.049508613861
16506,2142.049508613861
16507,2142.049508613861
16508,2142.049508613861
16509,2142.049508613861
16510,2142.049508613861
16511,2142.049508613861
16512,2142.049508613861
16513,2142.049508613861
16514,2142.049508613861
16515,2142.049508613861
16516,2142.049508613861
16517,2142.049508613861
16518,2142.049508613861
16519,2142.049508613861
16520,2142.049508613861
16521,2142.049508613861
16522,2142.049508613861
16523,2142.049508613861
16524,2142.049508613861
16525,2142.049508613861
16526,2142.049508613861
16527,2142.049508613861
16528,2142.049508613861
16529,2142.049508613861
16530,2142.049508613861
16531,2142.049508613861
16532,2142.049508613861
16533,2142.049508613861
16534,2142.049508613861
16535,2142.049508613861
16536,2142.049508613861
16537,2142.049508613861
16538,2142.049508613861
16539,2142.049508613861
16540,2142.049508613861
16541,2142.049508613861
16542,2142.049508613861
16543,2142.049508613861
16544,2142.049508613861
16545,2142.049508613861
16546,2142.049508613861
16547,2142.049508613861
16548,2142.049508613861
16549,2142.049508613861
16550,2142.049508613861
16551,2142.049508613861
16552,2142.049508613861
16553,2142.049508613861
16554,2142.049508613861
16555,2142.049508613861
16556,2142.049508613861
16557,2142.049508613861
16558,2142.049508613861
16559,2142.049508613861
16560,2142.049508613861
16561,2142.049508613861
16562,2142.049508613861
16563,2142.049508613861
16564,2142.049508613861
16565,2142.049508613861
16566,2142.049508613861
16567,2142.049508613861
16568,2142.049508613861
16569,2136.6854520325473
16570,2136.6854520325473
16571,2136.6854520325473
16572,2136.6854520325473
16573,2136.6854520325473
16574,2136.6854520325473
16575,2136.6854520325473
16576,2136.6854520325473
16577,2136.6854520325473
16578,2136.6854520325473
16579,2136.6854520325473
16580,2136.6854520325473
16581,2136.6854520325473
16582,2136.6854520325473
16583,2136.6854520325473
16584,2136.6854520325473
16585,2136.6854520325473
16586,2136.6854520325473
16587,2136.6854520325473
16588,2136.6854520325473
16589,2136.6854520325473
16590,2136.6854520325473
16591,2136.6854520325473
16592,2136.6854520325473
16593,2136.6854520325473
16594,2136.6854520325473
16595,2136.6854520325473
16596,2136.6854520325473
16597,2136.6854520325473
16598,2136.6854520325473
16599,2136.6854520325473
16600,2136.6854520325473
16601,2136.6854520325473
16602,2136.6854520325473
16603,2136.6854520325473
16604,2136.6854520325473
16605,2136.6854520325473
16606,2136.6854520325473
16607,2136.6854520325473
16608,2136.6854520325473
16609,2136.6854520325473
16610,2136.6854520325473
16611,2136.6854520325473
16612,2136.6854520325473
16613,2136.6854520325473
16614,2136.6854520325473
16615,2136.6854520325473
16616,2136.6854520325473
16617,2136.6854520325473
16618,2136.6854520325473
16619,2136.6854520325473
16620,2136.6854520325473
16621,2136.6854520325473
16622,2136.6854520325473
16623,2136.6854520325473
16624,2136.6854520325473
16625,2136.6854520325473
16626,2136.6854520325473
16627,2136.6854520325473
16628,2136.6854520325473
16629,2136.6854520325473
16630,2136.6854520325473
16631,2136.6854520325473
16632,2136.6854520325473
16633,2136.6854520325473
16634,2136.6854520325473
16635,2136.6854520325473
16636,2136.6854520325473
16637,2136.6854520325473
16638,2136.6854520325473
16639,2136.6854520325473
16640,2136.6854520325473
16641,2136.6854520325473
16642,2136.6854520325473
16643,2136.6854520325473
16644,2136.6854520325473
16645,2136.6854520325473
16646,2136.6854520325473
16647,2136.6854520325473
16648,2136.6854520325473
16649,2136.6854520325473
16650,2136.6854520325473
16651,2136.6854520325473
16652,2136.6854520325473
16653,2136.6854520325473
16654,2136.6854520325473
16655,2136.6854520325473
16656,2136.6854520325473
16657,2136.6854520325473
16658,2136.6854520325473
16659,2136.6854520325473
16660,2136.6854520325473
16661,2136.6854520325473
16662,2136.6854520325473
16663,2136.6854520325473
16664,2136.6854520325473
16665,2136.6854520325473
16666,2136.6854520325473
16667,2136.6854520325473
16668,2136.6854520325473
16669,2136.6854520325473
16670,2136.6854520325473
16671,2136.6854520325473
16672,2136.6854520325473
16673,2136.6854520325473
16674,2136.6854520325473
16675,2136.6854520325473
16676,2136.6854520325473
16677,2136.6854520325473
16678,2136.6854520325473
16679,2136.6854520325473
16680,2136.6854520325473
16681,2136.6854520325473
16682,2136.6854520325473
16683,2136.6854520325473
16684,2136.6854520325473
16685,2136.6854520325473
16686,2136.6854520325473
16687,2136.6854520325473
16688,2136.6854520325473
16689,2136.6854520325473
16690,2136.6854520325473
16691,2136.6854520325473
16692,2136.6854520325473
16693,2136.6854520325473
16694,2136.6854520325473
16695,2136.6854520325473
16696,2136.6854520325473
16697,2136.6854520325473
16698,2136.6854520325473
16699,2136.6854520325473
16700,2136.6854520325473
16701,2136.6854520325473
16702,2136.6854520325473
16703,2136.6854520325473
16704,2136.6854520325473
16705,2136.6854520325473
16706,2136.6854520325473
16707,2136.6854520325473
16708,2136.6854520325473
16709,2136.6854520325473
16710,2136.6854520325473
16711,2136.6854520325473
16712,2136.6854520325473
16713,2136.6854520325473
16714,2136.6854520325473
16715,2136.6854520325473
16716,2136.6854520325473
16717,2136.6854520325473
16718,2136.6854520325473
16719,2136.6854520325473
16720,2136.6854520325473
16721,2136.6854520325473
16722,2136.6854520325473
16723,2136.6854520325473
16724,2136.6854520325473
16725,2136.6854520325473
16726,2136.6854520325473
16727,2136.6854520325473
16728,2136.6854520325473
16729,2136.6854520325473
16730,2136.6854520325473
16731,2136.6854520325473
16732,2136.6854520325473
16733,2136.6854520325473
16734,2136.6854520325473
16735,2136.6854520325473
16736,2136.6854520325473
16737,2136.6854520325473
16738,2136.6854520325473
16739,2136.6854520325473
16740,2136.6854520325473
16741,2136.6854520325473
16742,2136.6854520325473
16743,2136.6854520325473
16744,2136.6854520325473
16745,2136.6854520325473
16746,2136.6854520325473
16747,2136.6854520325473
16748,2136.6854520325473
16749,2136.6854520325473
16750,2136.6854520325473
16751,2136.6854520325473
16752,2136.6854520325473
16753,2136.6854520325473
16754,2136.6854520325473
16755,2136.6854520325473
16756,2136.6854520325473
16757,2136.6854520325473
16758,2136.6854520325473
16759,2136.6854520325473
16760,2136.6854520325473
16761,2136.6854520325473
16762,2136.6854520325473
16763,2136.6854520325473
16764,2136.6854520325473
16765,2136.6854520325473
16766,2136.6854520325473
16767,2136.6854520325473
16768,2136.6854520325473
16769,2136.6854520325473
16770,2136.6854520325473
16771,2136.6854520325473
16772,2136.6854520325473
16773,2136.6854520325473
16774,2136.6854520325473
16775,2136.6854520325473
16776,2136.6854520325473
16777,2136.6854520325473
16778,2136.6854520325473
16779,2136.6854520325473
16780,2136.6854520325473
16781,2136.6854520325473
16782,2136.6854520325473
16783,2136.6854520325473
16784,2136.6854520325473
16785,2136.6854520325473
16786,2136.6854520325473
16787,2136.6854520325473
16788,2136.6854520325473
16789,2136.6854520325473
16790,2136.6854520325473
16791,2136.6854520325473
16792,2136.6854520325473
16793,2136.6854520325473
16794,2136.683788768228
16795,2136.683788768228
16796,2136.683788768228
16797,2136.683788768228
16798,2136.683788768228
16799,2136.683788768228
16800,2136.683788768228
16801,2136.683788768228
16802,2136.683788768228
16803,2136.683788768228
16804,2136.683788768228
16805,2136.683788768228
16806,2136.683788768228
16807,2136.683788768228
16808,2136.683788768228
16809,2136.683788768228
16810,2136.683788768228
16811,2136.683788768228
16812,2136.683788768228
16813,2136.683788768228
16814,2136.683788768228
16815,2136.683788768228
16816,2136.683788768228
16817,2136.683788768228
16818,2136.683788768228
16819,2136.683788768228
16820,2136.683788768228
16821,2136.683788768228
16822,2136.683788768228
16823,2136.683788768228
16824,2136.683788768228
16825,2136.683788768228
16826,2136.683788768228
16827,2136.683788768228
16828,2136.683788768228
16829,2136.683788768228
16830,2136.683788768228
16831,2136.683788768228
16832,2136.683788768228
16833,2136.683788768228
16834,2136.683788768228
16835,2136.683788768228
16836,2136.683788768228
16837,2136.683788768228
16838,2136.683788768228
16839,2136.683788768228
16840,2136.683788768228
16841,2136.683788768228
16842,2136.683788768228
16843,2136.683788768228
16844,2136.683788768228
16845,2136.683788768228
16846,2136.683788768228
16847,2136.683788768228
16848,2136.683788768228
16849,2136.683788768228
16850,2136.683788768228
16851,2136.683788768228
16852,2136.683788768228
16853,2136.683788768228
16854,2136.683788768228
16855,2136.683788768228
16856,2136.683788768228
16857,2136.683788768228
16858,2136.683788768228
16859,2136.683788768228
16860,2136.683788768228
16861,2136.683788768228
16862,2136.683788768228
16863,2136.683788768228
16864,2136.683788768228
16865,2136.683788768228
16866,2136.683788768228
16867,2136.683788768228
16868,2136.683788768228
16869,2136.683788768228
16870,2136.683788768228
16871,2136.683788768228
16872,2136.683788768228
16873,2136.683788768228
16874,2136.683788768228
16875,2136.683788768228
16876,2136.683788768228
16877,2136.683788768228
16878,2136.683788768228
16879,2136.683788768228
16880,2136.683788768228
16881,2136.683788768228
16882,2136.683788768228
16883,2136.683788768228
16884,2136.683788768228
16885,2136.683788768228
16886,2136.683788768228
16887,2136.683788768228
16888,2136.683788768228
16889,2136.683788768228
16890,2136.683788768228
16891,2136.683788768228
16892,2136.683788768228
16893,2136.683788768228
16894,2136.683788768228
16895,2136.683788768228
16896,2136.683788768228
16897,2136.683788768228
16898,2136.683788768228
16899,2136.683788768228
16900,2136.683788768228
16901,2136.683788768228
16902,2136.683788768228
16903,2136.683788768228
16904,2136.683788768228
16905,2136.683788768228
16906,2136.683788768228
16907,2136.683788768228
16908,2136.683788768228
16909,2136.683788768228
16910,2136.683788768228
16911,2136.683788768228
16912,2136.683788768228
16913,2136.683788768228
16914,2136.683788768228
16915,2136.683788768228
16916,2136.683788768228
16917,2136.683788768228
16918,2136.683788768228
16919,2136.683788768228
16920,2136.683788768228
16921,2136.683788768228
16922,2136.683788768228
16923,2136.683788768228
16924,2136.683788768228
16925,2136.683788768228
16926,2136.683788768228
16927,2136.683788768228
16928,2136.683788768228
16929,2136.683788768228
16930,2136.683788768228
16931,2136.683788768228
16932,2136.683788768228
16933,2136.683788768228
16934,2136.683788768228
16935,2136.683788768228
16936,2136.683788768228
16937,2136.683788768228
16938,2136.683788768228
16939,2136.683788768228
16940,2136.683788768228
16941,2136.683788768228
16942,2136.683788768228
16943,2136.683788768228
16944,2136.683788768228
16945,2136.683788768228
16946,2136.683788768228
16947,2136.683788768228
16948,2136.683788768228
16949,2136.683788768228
16950,2136.683788768228
16951,2136.683788768228
16952,2136.683788768228
16953,2136.683788768228
16954,2136.683788768228
16955,2136.683788768228
16956,2136.683788768228
16957,2136.683788768228
16958,2136.683788768228
16959,2136.683788768228
16960,2136.683788768228
16961,2136.683788768228
16962,2136.683788768228
16963,2136.683788768228
16964,2136.683788768228
16965,2136.683788768228
16966,2136.683788768228
16967,2136.683788768228
16968,2136.683788768228
16969,2136.683788768228
16970,2136.683788768228
16971,2136.683788768228
16972,2136.683788768228
16973,2136.683788768228
16974,2136.683788768228
16975,2136.683788768228
16976,2136.683788768228
16977,2136.683788768228
16978,2136.683788768228
16979,2136.683788768228
16980,2136.683788768228
16981,2136.683788768228
16982,2136.683788768228
16983,2136.683788768228
16984,2136.683788768228
16985,2136.683788768228
16986,2136.683788768228
16987,2136.683788768228
16988,2136.683788768228
16989,2136.683788768228
16990,2136.683788768228
16991,2136.683788768228
16992,2136.683788768228
16993,2136.683788768228
16994,2136.683788768228
16995,2136.683788768228
16996,2136.683788768228
16997,2136.683788768228
16998,2136.683788768228
16999,2136.683788768228
17000,2136.683788768228
17001,2136.683788768228
17002,2136.683788768228
17003,2136.683788768228
17004,2136.683788768228
17005,2136.683788768228
17006,2136.683788768228
17007,2136.683788768228
17008,2136.683788768228
17009,2136.683788768228
17010,2136.683788768228
17011,2136.683788768228
17012,2136.683788768228
17013,2136.683788768228
17014,2136.683788768228
17015,2136.683788768228
17016,2136.683788768228
17017,2136.683788768228
17018,2136.683788768228
17019,2136.683788768228
17020,2136.683788768228
17021,2136.683788768228
17022,2136.683788768228
17023,2136.683788768228
17024,2136.683788768228
17025,2136.683788768228
17026,2136.683788768228
17027,2136.683788768228
17028,2136.683788768228
17029,2136.683788768228
17030,2136.683788768228
17031,2136.683788768228
17032,2136.683788768228
17033,2136.683788768228
17034,2136.683788768228
17035,2136.683788768228
17036,2136.683788768228
17037,2136.683788768228
17038,2136.683788768228
17039,2136.683788768228
17040,2136.683788768228
17041,2136.683788768228
17042,2136.683788768228
17043,2136.683788768228
17044,2136.683788768228
17045,2136.683788768228
17046,2136.683788768228
17047,2136.683788768228
17048,2136.683788768228
17049,2136.683788768228
17050,2136.683788768228
17051,2136.683788768228
17052,2136.683788768228
17053,2136.683788768228
17054,2136.683788768228
17055,2136.683788768228
17056,2136.683788768228
17057,2136.683788768228
17058,2136.683788768228
17059,2136.683788768228
17060,2136.683788768228
17061,2136.683788768228
17062,2136.683788768228
17063,2136.683788768228
17064,2136.683788768228
17065,2136.683788768228
17066,2136.683788768228
17067,2136.683788768228
17068,2136.683788768228
17069,2136.683788768228
17070,2136.683788768228
17071,2136.683788768228
17072,2136.683788768228
17073,2136.683788768228
17074,2136.683788768228
17075,2136.683788768228
17076,2136.683788768228
17077,2136.683788768228
17078,2136.683788768228
17079,2136.683788768228
17080,2136.683788768228
17081,2136.683788768228
17082,2136.683788768228
17083,2136.683788768228
17084,2136.683788768228
17085,2136.683788768228
17086,2136.683788768228
17087,2136.683788768228
17088,2136.683788768228
17089,2136.683788768228
17090,2136.683788768228
17091,2136.683788768228
17092,2136.683788768228
17093,2136.683788768228
17094,2136.683788768228
17095,2136.683788768228
17096,2136.683788768228
17097,2136.683788768228
17098,2136.683788768228
17099,2136.683788768228
17100,2136.683788768228
17101,2136.683788768228
17102,2136.683788768228
17103,2136.683788768228
17104,2136.683788768228
17105,2136.683788768228
17106,2136.683788768228
17107,2136.683788768228
17108,2136.683788768228
17109,2136.683788768228
17110,2136.683788768228
17111,2136.683788768228
17112,2136.683788768228
17113,2136.683788768228
17114,2136.683788768228
17115,2136.683788768228
17116,2136.683788768228
17117,2136.683788768228
17118,2136.683788768228
17119,2136.683788768228
17120,2136.683788768228
17121,2136.683788768228
17122,2136.683788768228
17123,2136.683788768228
17124,2136.683788768228
17125,2136.683788768228
17126,2136.683788768228
17127,2136.683788768228
17128,2136.683788768228
17129,2136.683788768228
17130,2136.683788768228
17131,2136.683788768228
17132,2136.683788768228
17133,2136.683788768228
17134,2136.683788768228
17135,2136.683788768228
17136,2136.683788768228
17137,2136.683788768228
17138,2136.683788768228
17139,2136.683788768228
17140,2136.683788768228
17141,2136.683788768228
17142,2136.683788768228
17143,2136.683788768228
17144,2136.683788768228
17145,2136.683788768228
17146,2136.683788768228
17147,2136.683788768228
17148,2136.683788768228
17149,2136.683788768228
17150,2136.683788768228
17151,2136.683788768228
17152,2136.683788768228
17153,2136.683788768228
17154,2136.683788768228
17155,2136.683788768228
17156,2136.683788768228
17157,2136.683788768228
17158,2136.683788768228
17159,2136.683788768228
17160,2136.683788768228
17161,2136.683788768228
17162,2136.683788768228
17163,2136.683788768228
17164,2136.683788768228
17165,2136.683788768228
17166,2136.683788768228
17167,2136.683788768228
17168,2136.683788768228
17169,2136.683788768228
17170,2136.683788768228
17171,2136.683788768228
17172,2136.683788768228
17173,2136.683788768228
17174,2136.683788768228
17175,2136.683788768228
17176,2136.683788768228
17177,2136.683788768228
17178,2136.683788768228
17179,2136.683788768228
17180,2136.683788768228
17181,2136.683788768228
17182,2136.683788768228
17183,2136.683788768228
17184,2136.683788768228
17185,2136.683788768228
17186,2136.683788768228
17187,2136.683788768228
17188,2136.683788768228
17189,2136.683788768228
17190,2136.683788768228
17191,2136.683788768228
17192,2136.683788768228
17193,2136.683788768228
17194,2136.683788768228
17195,2136.683788768228
17196,2136.683788768228
17197,2136.683788768228
17198,2136.683788768228
17199,2136.683788768228
17200,2136.683788768228
17201,2136.683788768228
17202,2136.683788768228
17203,2136.683788768228
17204,2136.683788768228
17205,2136.683788768228
17206,2136.683788768228
17207,2136.683788768228
17208,2136.683788768228
17209,2136.683788768228
17210,2136.683788768228
17211,2136.683788768228
17212,2136.683788768228
17213,2136.683788768228
17214,2136.683788768228
17215,2136.683788768228
17216,2136.683788768228
17217,2136.683788768228
17218,2136.683788768228
17219,2136.683788768228
17220,2136.683788768228
17221,2136.683788768228
17222,2136.683788768228
17223,2136.683788768228
17224,2136.683788768228
17225,2136.683788768228
17226,2136.683788768228
17227,2136.683788768228
17228,2136.683788768228
17229,2136.683788768228
17230,2136.683788768228
17231,2136.683788768228
17232,2136.683788768228
17233,2136.683788768228
17234,2136.683788768228
17235,2136.683788768228
17236,2136.683788768228
17237,2136.683788768228
17238,2136.683788768228
17239,2136.683788768228
17240,2136.683788768228
17241,2136.683788768228
17242,2136.683788768228
17243,2136.683788768228
17244,2136.683788768228
17245,2136.683788768228
17246,2136.683788768228
17247,2136.683788768228
17248,2136.683788768228
17249,2136.683788768228
17250,2136.683788768228
17251,2136.683788768228
17252,2136.683788768228
17253,2136.683788768228
17254,2136.683788768228
17255,2136.683788768228
17256,2136.683788768228
17257,2136.683788768228
17258,2136.683788768228
17259,2136.683788768228
17260,2136.683788768228
17261,2136.683788768228
17262,2136.683788768228
17263,2136.683788768228
17264,2136.683788768228
17265,2136.683788768228
17266,2136.683788768228
17267,2136.683788768228
17268,2136.683788768228
17269,2136.683788768228
17270,2136.683788768228
17271,2136.683788768228
17272,2136.683788768228
17273,2136.683788768228
17274,2136.683788768228
17275,2136.683788768228
17276,2136.683788768228
17277,2136.683788768228
17278,2136.683788768228
17279,2136.683788768228
17280,2136.683788768228
17281,2136.683788768228
17282,2136.683788768228
17283,2136.683788768228
17284,2136.683788768228
17285,2136.683788768228
17286,2136.683788768228
17287,2136.683788768228
17288,2136.683788768228
17289,2136.683788768228
17290,2136.683788768228
17291,2136.683788768228
17292,2136.683788768228
17293,2136.683788768228
17294,2136.683788768228
17295,2136.683788768228
17296,2136.683788768228
17297,2136.683788768228
17298,2136.683788768228
17299,2136.683788768228
17300,2136.683788768228
17301,2136.683788768228
17302,2136.683788768228
17303,2136.683788768228
17304,2136.683788768228
17305,2136.683788768228
17306,2136.683788768228
17307,2136.683788768228
17308,2136.683788768228
17309,2136.683788768228
17310,2136.683788768228
17311,2136.683788768228
17312,2136.683788768228
17313,2136.683788768228
17314,2136.683788768228
17315,2136.683788768228
17316,2136.683788768228
17317,2136.683788768228
17318,2136.683788768228
17319,2136.683788768228
17320,2136.683788768228
17321,2136.683788768228
17322,2136.683788768228
17323,2136.683788768228
17324,2136.683788768228
17325,2136.683788768228
17326,2136.683788768228
17327,2136.683788768228
17328,2136.683788768228
17329,2136.683788768228
17330,2136.683788768228
17331,2136.683788768228
17332,2136.683788768228
17333,2136.683788768228
17334,2136.683788768228
17335,2136.683788768228
17336,2136.683788768228
17337,2136.683788768228
17338,2136.683788768228
17339,2136.683788768228
17340,2136.683788768228
17341,2136.683788768228
17342,2136.683788768228
17343,2136.683788768228
17344,2136.683788768228
17345,2136.683788768228
17346,2136.683788768228
17347,2136.683788768228
17348,2136.683788768228
17349,2136.683788768228
17350,2136.683788768228
17351,2136.683788768228
17352,2136.683788768228
17353,2136.683788768228
17354,2136.683788768228
17355,2136.683788768228
17356,2136.683788768228
17357,2136.683788768228
17358,2136.683788768228
17359,2136.683788768228
17360,2136.683788768228
17361,2136.683788768228
17362,2136.683788768228
17363,2136.683788768228
17364,2136.683788768228
17365,2136.683788768228
17366,2136.683788768228
17367,2136.683788768228
17368,2136.683788768228
17369,2136.683788768228
17370,2136.683788768228
17371,2136.683788768228
17372,2136.683788768228
17373,2136.683788768228
17374,2136.683788768228
17375,2136.683788768228
17376,2136.683788768228
17377,2136.683788768228
17378,2136.683788768228
17379,2136.683788768228
17380,2136.683788768228
17381,2136.683788768228
17382,2136.683788768228
17383,2136.683788768228
17384,2136.683788768228
17385,2136.683788768228
17386,2136.683788768228
17387,2136.683788768228
17388,2136.683788768228
17389,2136.683788768228
17390,2136.683788768228
17391,2136.683788768228
17392,2136.683788768228
17393,2136.683788768228
17394,2136.683788768228
17395,2136.683788768228
17396,2136.683788768228
17397,2136.683788768228
17398,2136.683788768228
17399,2136.683788768228
17400,2136.683788768228
17401,2136.683788768228
17402,2136.683788768228
17403,2136.683788768228
17404,2136.683788768228
17405,2136.683788768228
17406,2136.683788768228
17407,2136.683788768228
17408,2136.683788768228
17409,2136.683788768228
17410,2136.683788768228
17411,2136.683788768228
17412,2136.683788768228
17413,2136.683788768228
17414,2136.683788768228
17415,2136.683788768228
17416,2136.683788768228
17417,2136.683788768228
17418,2136.683788768228
17419,2136.683788768228
17420,2136.683788768228
17421,2136.683788768228
17422,2136.683788768228
17423,2136.683788768228
17424,2136.683788768228
17425,2136.683788768228
17426,2136.683788768228
17427,2136.683788768228
17428,2136.683788768228
17429,2136.683788768228
17430,2136.683788768228
17431,2136.683788768228
17432,2136.683788768228
17433,2136.683788768228
17434,2136.683788768228
17435,2136.683788768228
17436,2136.683788768228
17437,2136.683788768228
17438,2136.683788768228
17439,2136.683788768228
17440,2136.683788768228
17441,2136.683788768228
17442,2136.683788768228
17443,2136.683788768228
17444,2136.683788768228
17445,2136.683788768228
17446,2136.683788768228
17447,2136.683788768228
17448,2136.683788768228
17449,2136.683788768228
17450,2136.683788768228
17451,2136.683788768228
17452,2136.683788768228
17453,2136.683788768228
17454,2136.683788768228
17455,2136.683788768228
17456,2136.683788768228
17457,2136.683788768228
17458,2136.683788768228
17459,2136.683788768228
17460,2136.683788768228
17461,2136.683788768228
17462,2136.683788768228
17463,2136.683788768228
17464,2136.683788768228
17465,2136.683788768228
17466,2136.683788768228
17467,2136.683788768228
17468,2136.683788768228
17469,2136.683788768228
17470,2136.683788768228
17471,2136.683788768228
17472,2136.683788768228
17473,2136.683788768228
17474,2136.683788768228
17475,2136.683788768228
17476,2136.683788768228
17477,2136.683788768228
17478,2136.683788768228
17479,2136.683788768228
17480,2136.683788768228
17481,2136.683788768228
17482,2136.683788768228
17483,2136.683788768228
17484,2136.683788768228
17485,2136.683788768228
17486,2136.683788768228
17487,2136.683788768228
17488,2136.683788768228
17489,2136.683788768228
17490,2136.683788768228
17491,2136.683788768228
17492,2136.683788768228
17493,2136.683788768228
17494,2136.683788768228
17495,2136.683788768228
17496,2136.683788768228
17497,2136.683788768228
17498,2136.683788768228
17499,2136.683788768228
17500,2136.683788768228
17501,2136.683788768228
17502,2136.683788768228
17503,2136.683788768228
17504,2136.683788768228
17505,2136.683788768228
17506,2136.683788768228
17507,2136.683788768228
17508,2136.683788768228
17509,2136.683788768228
17510,2136.683788768228
17511,2136.683788768228
17512,2136.683788768228
17513,2136.683788768228
17514,2136.683788768228
17515,2136.683788768228
17516,2136.683788768228
17517,2136.683788768228
17518,2136.683788768228
17519,2136.683788768228
17520,2136.683788768228
17521,2136.683788768228
17522,2136.683788768228
17523,2136.683788768228
17524,2136.683788768228
17525,2136.683788768228
17526,2136.683788768228
17527,2136.683788768228
17528,2136.683788768228
17529,2136.683788768228
17530,2136.683788768228
17531,2136.683788768228
17532,2136.683788768228
17533,2136.683788768228
17534,2136.683788768228
17535,2136.683788768228
17536,2136.683788768228
17537,2136.683788768228
17538,2136.683788768228
17539,2136.683788768228
17540,2136.683788768228
17541,2136.683788768228
17542,2136.683788768228
17543,2136.683788768228
17544,2136.683788768228
17545,2136.683788768228
17546,2136.683788768228
17547,2136.683788768228
17548,2136.683788768228
17549,2136.683788768228
17550,2136.683788768228
17551,2136.683788768228
17552,2136.683788768228
17553,2136.683788768228
17554,2136.683788768228
17555,2136.683788768228
17556,2136.683788768228
17557,2136.683788768228
17558,2136.683788768228
17559,2136.683788768228
17560,2136.683788768228
17561,2136.683788768228
17562,2136.683788768228
17563,2136.683788768228
17564,2136.683788768228
17565,2136.683788768228
17566,2136.683788768228
17567,2136.683788768228
17568,2136.683788768228
17569,2136.683788768228
17570,2136.683788768228
17571,2136.683788768228
17572,2136.683788768228
17573,2136.683788768228
17574,2136.683788768228
17575,2136.683788768228
17576,2136.683788768228
17577,2136.683788768228
17578,2136.683788768228
17579,2136.683788768228
17580,2136.683788768228
17581,2136.683788768228
17582,2136.683788768228
17583,2136.683788768228
17584,2136.683788768228
17585,2136.683788768228
17586,2136.683788768228
17587,2136.683788768228
17588,2136.683788768228
17589,2136.683788768228
17590,2136.683788768228
17591,2136.683788768228
17592,2136.683788768228
17593,2136.683788768228
17594,2136.683788768228
17595,2136.683788768228
17596,2136.683788768228
17597,2136.683788768228
17598,2136.683788768228
17599,2136.683788768228
17600,2136.683788768228
17601,2136.683788768228
17602,2136.683788768228
17603,2136.683788768228
17604,2136.683788768228
17605,2136.683788768228
17606,2136.683788768228
17607,2136.683788768228
17608,2136.683788768228
17609,2136.683788768228
17610,2136.683788768228
17611,2136.683788768228
17612,2136.683788768228
17613,2136.683788768228
17614,2136.683788768228
17615,2136.683788768228
17616,2136.683788768228
17617,2136.683788768228
17618,2136.683788768228
17619,2136.683788768228
17620,2136.683788768228
17621,2136.683788768228
17622,2136.683788768228
17623,2136.683788768228
17624,2136.683788768228
17625,2136.683788768228
17626,2136.683788768228
17627,2136.683788768228
17628,2136.683788768228
17629,2136.683788768228
17630,2136.683788768228
17631,2136.683788768228
17632,2136.683788768228
17633,2136.683788768228
17634,2136.683788768228
17635,2136.683788768228
17636,2136.683788768228
17637,2136.683788768228
17638,2136.683788768228
17639,2136.683788768228
17640,2136.683788768228
17641,2136.683788768228
17642,2136.683788768228
17643,2136.683788768228
17644,2136.683788768228
17645,2136.683788768228
17646,2136.683788768228
17647,2136.683788768228
17648,2136.683788768228
17649,2136.683788768228
17650,2136.683788768228
17651,2136.683788768228
17652,2136.683788768228
17653,2136.683788768228
17654,2136.683788768228
17655,2136.683788768228
17656,2136.683788768228
17657,2136.683788768228
17658,2136.683788768228
17659,2136.683788768228
17660,2136.683788768228
17661,2136.683788768228
17662,2136.683788768228
17663,2136.683788768228
17664,2136.683788768228
17665,2136.683788768228
17666,2136.683788768228
17667,2136.683788768228
17668,2136.683788768228
17669,2136.683788768228
17670,2136.683788768228
17671,2136.683788768228
17672,2136.683788768228
17673,2136.683788768228
17674,2136.683788768228
17675,2136.683788768228
17676,2136.683788768228
17677,2136.683788768228
17678,2136.683788768228
17679,2136.683788768228
17680,2136.683788768228
17681,2136.683788768228
17682,2136.683788768228
17683,2136.683788768228
17684,2136.683788768228
17685,2136.683788768228
17686,2136.683788768228
17687,2136.683788768228
17688,2136.683788768228
17689,2136.683788768228
17690,2136.683788768228
17691,2136.683788768228
17692,2136.683788768228
17693,2136.683788768228
17694,2136.683788768228
17695,2136.683788768228
17696,2136.683788768228
17697,2136.683788768228
17698,2136.683788768228
17699,2136.683788768228
17700,2136.683788768228
17701,2136.683788768228
17702,2136.683788768228
17703,2136.683788768228
17704,2136.683788768228
17705,2136.683788768228
17706,2136.683788768228
17707,2136.683788768228
17708,2136.683788768228
17709,2136.683788768228
17710,2136.683788768228
17711,2136.683788768228
17712,2136.683788768228
17713,2136.683788768228
17714,2136.683788768228
17715,2136.683788768228
17716,2136.683788768228
17717,2136.683788768228
17718,2136.683788768228
17719,2136.683788768228
17720,2136.683788768228
17721,2136.683788768228
17722,2136.683788768228
17723,2136.683788768228
17724,2136.683788768228
17725,2136.683788768228
17726,2136.683788768228
17727,2136.683788768228
17728,2136.683788768228
17729,2136.683788768228
17730,2136.683788768228
17731,2136.683788768228
17732,2136.683788768228
17733,2136.683788768228
17734,2136.683788768228
17735,2136.683788768228
17736,2136.683788768228
17737,2136.683788768228
17738,2136.683788768228
17739,2136.683788768228
17740,2136.683788768228
17741,2136.683788768228
17742,2136.683788768228
17743,2136.683788768228
17744,2136.683788768228
17745,2136.683788768228
17746,2136.683788768228
17747,2136.683788768228
17748,2136.683788768228
17749,2136.683788768228
17750,2136.683788768228
17751,2136.683788768228
17752,2136.683788768228
17753,2136.683788768228
17754,2136.683788768228
17755,2136.683788768228
17756,2136.683788768228
17757,2136.683788768228
17758,2136.683788768228
17759,2136.683788768228
17760,2136.683788768228
17761,2136.683788768228
17762,2136.683788768228
17763,2136.683788768228
17764,2136.683788768228
17765,2136.683788768228
17766,2136.683788768228
17767,2136.683788768228
17768,2136.683788768228
17769,2136.683788768228
17770,2136.683788768228
17771,2136.683788768228
17772,2136.683788768228
17773,2136.683788768228
17774,2136.683788768228
17775,2136.683788768228
17776,2136.683788768228
17777,2136.683788768228
17778,2136.683788768228
17779,2136.683788768228
17780,2136.683788768228
17781,2136.683788768228
17782,2136.683788768228
17783,2136.683788768228
17784,2136.683788768228
17785,2136.683788768228
17786,2136.683788768228
17787,2136.683788768228
17788,2136.683788768228
17789,2136.683788768228
17790,2136.683788768228
17791,2136.683788768228
17792,2136.683788768228
17793,2136.683788768228
17794,2136.683788768228
17795,2136.683788768228
17796,2136.683788768228
17797,2136.683788768228
17798,2136.683788768228
17799,2136.683788768228
17800,2136.683788768228
17801,2136.683788768228
17802,2136.683788768228
17803,2136.683788768228
17804,2136.683788768228
17805,2136.683788768228
17806,2136.683788768228
17807,2136.683788768228
17808,2136.683788768228
17809,2136.683788768228
17810,2136.683788768228
17811,2136.683788768228
17812,2136.683788768228
17813,2136.683788768228
17814,2136.683788768228
17815,2136.683788768228
17816,2136.683788768228
17817,2136.683788768228
17818,2136.683788768228
17819,2136.683788768228
17820,2136.683788768228
17821,2136.683788768228
17822,2136.683788768228
17823,2136.683788768228
17824,2136.683788768228
17825,2136.683788768228
17826,2136.683788768228
17827,2136.683788768228
17828,2136.683788768228
17829,2136.683788768228
17830,2136.683788768228
17831,2136.683788768228
17832,2136.683788768228
17833,2136.683788768228
17834,2136.683788768228
17835,2136.683788768228
17836,2136.683788768228
17837,2136.683788768228
17838,2136.683788768228
17839,2136.683788768228
17840,2136.683788768228
17841,2136.683788768228
17842,2136.683788768228
17843,2136.683788768228
17844,2136.683788768228
17845,2136.683788768228
17846,2136.683788768228
17847,2136.683788768228
17848,2136.683788768228
17849,2136.683788768228
17850,2136.683788768228
17851,2136.683788768228
17852,2136.683788768228
17853,2136.683788768228
17854,2136.683788768228
17855,2136.683788768228
17856,2136.683788768228
17857,2136.683788768228
17858,2136.683788768228
17859,2136.683788768228
17860,2136.683788768228
17861,2136.683788768228
17862,2136.683788768228
17863,2136.683788768228
17864,2136.683788768228
17865,2136.683788768228
17866,2136.683788768228
17867,2136.683788768228
17868,2136.683788768228
17869,2136.683788768228
17870,2136.683788768228
17871,2136.683788768228
17872,2136.683788768228
17873,2136.683788768228
17874,2136.683788768228
17875,2136.683788768228
17876,2136.683788768228
17877,2136.683788768228
17878,2136.683788768228
17879,2136.683788768228
17880,2136.683788768228
17881,2136.683788768228
17882,2136.683788768228
17883,2136.683788768228
17884,2136.683788768228
17885,2136.683788768228
17886,2136.683788768228
17887,2136.683788768228
17888,2136.683788768228
17889,2136.683788768228
17890,2136.683788768228
17891,2136.683788768228
17892,2136.683788768228
17893,2136.683788768228
17894,2136.683788768228
17895,2136.683788768228
17896,2136.683788768228
17897,2136.683788768228
17898,2136.683788768228
17899,2136.683788768228
17900,2136.683788768228
17901,2136.683788768228
17902,2136.683788768228
17903,2136.683788768228
17904,2136.683788768228
17905,2136.683788768228
17906,2136.683788768228
17907,2136.683788768228
17908,2136.683788768228
17909,2136.683788768228
17910,2136.683788768228
17911,2136.683788768228
17912,2136.683788768228
17913,2136.683788768228
17914,2136.683788768228
17915,2136.683788768228
17916,2136.683788768228
17917,2136.683788768228
17918,2136.683788768228
17919,2136.683788768228
17920,2136.683788768228
17921,2136.683788768228
17922,2136.683788768228
17923,2136.683788768228
17924,2136.683788768228
17925,2136.683788768228
17926,2136.683788768228
17927,2136.683788768228
17928,2136.683788768228
17929,2136.683788768228
17930,2136.683788768228
17931,2136.683788768228
17932,2136.683788768228
17933,2136.683788768228
17934,2136.683788768228
17935,2136.683788768228
17936,2136.683788768228
17937,2136.683788768228
17938,2136.683788768228
17939,2136.683788768228
17940,2136.683788768228
17941,2136.683788768228
17942,2136.683788768228
17943,2136.683788768228
17944,2136.683788768228
17945,2136.683788768228
17946,2136.683788768228
17947,2135.785778667719
17948,2135.785778667719
17949,2135.785778667719
17950,2135.785778667719
17951,2135.785778667719
17952,2135.785778667719
17953,2135.785778667719
17954,2135.785778667719
17955,2135.785778667719
17956,2135.785778667719
17957,2135.785778667719
17958,2135.785778667719
17959,2135.785778667719
17960,2135.785778667719
17961,2135.785778667719
17962,2135.785778667719
17963,2135.785778667719
17964,2135.785778667719
17965,2135.785778667719
17966,2135.785778667719
17967,2135.785778667719
17968,2135.785778667719
17969,2135.785778667719
17970,2135.785778667719
17971,2135.785778667719
17972,2135.785778667719
17973,2135.785778667719
17974,2135.785778667719
17975,2135.785778667719
17976,2135.785778667719
17977,2135.785778667719
17978,2135.785778667719
17979,2135.785778667719
17980,2135.785778667719
17981,2135.785778667719
17982,2135.785778667719
17983,2135.785778667719
17984,2135.785778667719
17985,2135.785778667719
17986,2135.785778667719
17987,2135.785778667719
17988,2135.785778667719
17989,2135.785778667719
17990,2135.785778667719
17991,2135.785778667719
17992,2135.785778667719
17993,2135.785778667719
17994,2135.785778667719
17995,2135.785778667719
17996,2135.785778667719
17997,2135.785778667719
17998,2135.785778667719
17999,2135.785778667719
18000,2135.785778667719
18001,2129.430974527862
18002,2129.430974527862
18003,2129.430974527862
18004,2129.430974527862
18005,2129.430974527862
18006,2129.430974527862
18007,2129.430974527862
18008,2129.430974527862
18009,2129.430974527862
18010,2129.430974527862
18011,2129.430974527862
18012,2129.430974527862
18013,2129.430974527862
18014,2129.430974527862
18015,2129.430974527862
18016,2129.430974527862
18017,2129.430974527862
18018,2129.430974527862
18019,2129.430974527862
18020,2129.430974527862
18021,2129.430974527862
18022,2129.430974527862
18023,2128.76389792554
18024,2128.76389792554
18025,2128.76389792554
18026,2128.76389792554
18027,2128.76389792554
18028,2128.76389792554
18029,2128.76389792554
18030,2128.76389792554
18031,2128.76389792554
18032,2128.76389792554
18033,2128.76389792554
18034,2128.76389792554
18035,2128.76389792554
18036,2128.76389792554
18037,2128.76389792554
18038,2128.76389792554
18039,2128.76389792554
18040,2128.76389792554
18041,2128.76389792554
18042,2128.76389792554
18043,2128.76389792554
18044,2128.76389792554
18045,2128.76389792554
18046,2128.76389792554
18047,2128.76389792554
18048,2128.76389792554
18049,2128.76389792554
18050,2128.76389792554
18051,2128.76389792554
18052,2128.76389792554
18053,2128.76389792554
18054,2128.76389792554
18055,2128.76389792554
18056,2128.76389792554
18057,2128.76389792554
18058,2128.76389792554
18059,2128.76389792554
18060,2128.76389792554
18061,2128.76389792554
18062,2128.76389792554
18063,2128.76389792554
18064,2128.76389792554
18065,2128.76389792554
18066,2128.76389792554
18067,2128.76389792554
18068,2128.76389792554
18069,2128.76389792554
18070,2128.76389792554
18071,2128.76389792554
18072,2128.76389792554
18073,2128.76389792554
18074,2128.76389792554
18075,2128.76389792554
18076,2128.76389792554
18077,2128.76389792554
18078,2128.76389792554
18079,2128.76389792554
18080,2128.76389792554
18081,2128.76389792554
18082,2128.76389792554
18083,2128.76389792554
18084,2128.76389792554
18085,2128.76389792554
18086,2128.76389792554
18087,2128.76389792554
18088,2128.76389792554
18089,2128.76389792554
18090,2128.76389792554
18091,2128.76389792554
18092,2128.76389792554
18093,2128.76389792554
18094,2128.76389792554
18095,2128.76389792554
18096,2128.76389792554
18097,2128.76389792554
18098,2128.76389792554
18099,2128.76389792554
18100,2128.76389792554
18101,2128.76389792554
18102,2128.76389792554
18103,2128.76389792554
18104,2128.76389792554
18105,2128.76389792554
18106,2128.76389792554
18107,2128.76389792554
18108,2128.76389792554
18109,2128.76389792554
18110,2128.76389792554
18111,2128.76389792554
18112,2128.76389792554
18113,2128.76389792554
18114,2128.76389792554
18115,2128.76389792554
18116,2128.76389792554
18117,2128.76389792554
18118,2128.76389792554
18119,2128.76389792554
18120,2128.76389792554
18121,2128.76389792554
18122,2128.76389792554
18123,2128.76389792554
18124,2128.76389792554
18125,2128.76389792554
18126,2128.76389792554
18127,2128.76389792554
18128,2128.76389792554
18129,2128.76389792554
18130,2128.76389792554
18131,2128.76389792554
18132,2128.76389792554
18133,2128.76389792554
18134,2128.76389792554
18135,2128.76389792554
18136,2128.76389792554
18137,2128.76389792554
18138,2128.76389792554
18139,2128.76389792554
18140,2128.76389792554
18141,2128.76389792554
18142,2128.76389792554
18143,2128.76389792554
18144,2128.76389792554
18145,2128.76389792554
18146,2128.76389792554
18147,2128.76389792554
18148,2128.76389792554
18149,2128.76389792554
18150,2128.76389792554
18151,2128.76389792554
18152,2128.76389792554
18153,2128.76389792554
18154,2128.76389792554
18155,2128.76389792554
18156,2128.76389792554
18157,2128.76389792554
18158,2128.76389792554
18159,2128.76389792554
18160,2128.76389792554
18161,2128.76389792554
18162,2128.76389792554
18163,2128.76389792554
18164,2128.76389792554
18165,2128.76389792554
18166,2128.76389792554
18167,2128.76389792554
18168,2128.76389792554
18169,2128.76389792554
18170,2128.76389792554
18171,2128.76389792554
18172,2128.76389792554
18173,2128.76389792554
18174,2128.76389792554
18175,2128.76389792554
18176,2128.76389792554
18177,2128.76389792554
18178,2128.76389792554
18179,2128.76389792554
18180,2128.76389792554
18181,2128.76389792554
18182,2128.76389792554
18183,2128.76389792554
18184,2128.76389792554
18185,2128.76389792554
18186,2128.76389792554
18187,2128.76389792554
18188,2128.76389792554
18189,2128.76389792554
18190,2128.76389792554
18191,2128.76389792554
18192,2128.76389792554
18193,2128.76389792554
18194,2128.76389792554
18195,2128.76389792554
18196,2128.76389792554
18197,2128.76389792554
18198,2128.76389792554
18199,2128.76389792554
18200,2128.76389792554
18201,2128.76389792554
18202,2128.76389792554
18203,2128.76389792554
18204,2128.76389792554
18205,2128.76389792554
18206,2128.76389792554
18207,2128.76389792554
18208,2128.76389792554
18209,2128.76389792554
18210,2128.76389792554
18211,2128.76389792554
18212,2128.76389792554
18213,2128.76389792554
18214,2128.76389792554
18215,2128.76389792554
18216,2128.76389792554
18217,2128.76389792554
18218,2128.76389792554
18219,2128.76389792554
18220,2128.76389792554
18221,2128.76389792554
18222,2128.76389792554
18223,2128.76389792554
18224,2128.76389792554
18225,2128.76389792554
18226,2128.76389792554
18227,2128.76389792554
18228,2128.76389792554
18229,2128.76389792554
18230,2128.76389792554
18231,2128.76389792554
18232,2128.76389792554
18233,2128.76389792554
18234,2128.76389792554
18235,2128.76389792554
18236,2128.76389792554
18237,2128.76389792554
18238,2128.76389792554
18239,2128.76389792554
18240,2128.76389792554
18241,2128.76389792554
18242,2128.76389792554
18243,2128.76389792554
18244,2128.76389792554
18245,2128.76389792554
18246,2128.76389792554
18247,2128.76389792554
18248,2128.76389792554
18249,2128.76389792554
18250,2128.76389792554
18251,2128.76389792554
18252,2128.76389792554
18253,2128.76389792554
18254,2128.76389792554
18255,2128.76389792554
18256,2128.76389792554
18257,2128.76389792554
18258,2128.76389792554
18259,2128.76389792554
18260,2128.76389792554
18261,2128.76389792554
18262,2128.76389792554
18263,2128.76389792554
18264,2128.76389792554
18265,2128.76389792554
18266,2128.76389792554
18267,2128.76389792554
18268,2128.76389792554
18269,2128.76389792554
18270,2128.76389792554
18271,2128.76389792554
18272,2128.76389792554
18273,2128.76389792554
18274,2128.76389792554
18275,2128.76389792554
18276,2128.76389792554
18277,2128.76389792554
18278,2128.76389792554
18279,2128.76389792554
18280,2128.76389792554
18281,2128.76389792554
18282,2128.76389792554
18283,2128.76389792554
18284,2128.76389792554
18285,2128.76389792554
18286,2128.76389792554
18287,2128.76389792554
18288,2128.76389792554
18289,2128.76389792554
18290,2128.76389792554
18291,2128.76389792554
18292,2128.76389792554
18293,2128.76389792554
18294,2128.76389792554
18295,2128.76389792554
18296,2128.76389792554
18297,2128.76389792554
18298,2128.76389792554
18299,2128.76389792554
18300,2128.76389792554
18301,2128.76389792554
18302,2128.76389792554
18303,2128.76389792554
18304,2128.76389792554
18305,2128.76389792554
18306,2128.76389792554
18307,2128.76389792554
18308,2128.76389792554
18309,2128.76389792554
18310,2128.76389792554
18311,2128.76389792554
18312,2128.76389792554
18313,2128.76389792554
18314,2128.76389792554
18315,2128.76389792554
18316,2128.76389792554
18317,2128.76389792554
18318,2128.76389792554
18319,2128.76389792554
18320,2128.76389792554
18321,2128.76389792554
18322,2128.76389792554
18323,2128.76389792554
18324,2128.76389792554
18325,2128.76389792554
18326,2128.76389792554
18327,2128.76389792554
18328,2128.76389792554
18329,2128.76389792554
18330,2128.76389792554
18331,2128.76389792554
18332,2128.76389792554
18333,2128.76389792554
18334,2128.76389792554
18335,2128.76389792554
18336,2128.76389792554
18337,2128.76389792554
18338,2128.76389792554
18339,2128.76389792554
18340,2128.76389792554
18341,2128.76389792554
18342,2128.76389792554
18343,2128.76389792554
18344,2128.76389792554
18345,2128.76389792554
18346,2128.76389792554
18347,2128.76389792554
18348,2128.76389792554
18349,2128.76389792554
18350,2128.76389792554
18351,2128.76389792554
18352,2128.76389792554
18353,2128.76389792554
18354,2128.76389792554
18355,2128.76389792554
18356,2128.76389792554
18357,2128.76389792554
18358,2128.76389792554
18359,2128.76389792554
18360,2128.76389792554
18361,2128.76389792554
18362,2128.76389792554
18363,2128.76389792554
18364,2128.76389792554
18365,2128.76389792554
18366,2128.76389792554
18367,2128.76389792554
18368,2128.76389792554
18369,2128.76389792554
18370,2128.76389792554
18371,2108.675230492608
18372,2108.675230492608
18373,2108.675230492608
18374,2108.675230492608
18375,2108.675230492608
18376,2108.675230492608
18377,2108.675230492608
18378,2108.675230492608
18379,2108.675230492608
18380,2108.675230492608
18381,2108.675230492608
18382,2108.675230492608
18383,2108.675230492608
18384,2108.675230492608
18385,2108.675230492608
18386,2108.675230492608
18387,2108.675230492608
18388,2108.675230492608
18389,2108.675230492608
18390,2108.675230492608
18391,2108.675230492608
18392,2108.675230492608
18393,2108.675230492608
18394,2108.675230492608
18395,2108.675230492608
18396,2108.675230492608
18397,2108.675230492608
18398,2108.675230492608
18399,2108.675230492608
18400,2108.675230492608
18401,2108.675230492608
18402,2108.675230492608
18403,2106.6744735271027
18404,2106.6744735271027
18405,2106.6744735271027
18406,2106.6744735271027
18407,2106.6744735271027
18408,2106.6744735271027
18409,2106.6744735271027
18410,2106.6744735271027
18411,2106.6744735271027
18412,2106.6744735271027
18413,2106.6744735271027
18414,2106.6744735271027
18415,2106.6744735271027
18416,2106.6744735271027
18417,2106.6744735271027
18418,2106.6744735271027
18419,2106.6744735271027
18420,2106.6744735271027
18421,2106.6744735271027
18422,2106.6744735271027
18423,2106.6744735271027
18424,2106.6744735271027
18425,2106.6744735271027
18426,2106.6744735271027
18427,2106.6744735271027
18428,2106.6744735271027
18429,2106.6744735271027
18430,2106.6744735271027
18431,2106.6744735271027
18432,2106.6744735271027
18433,2106.6744735271027
18434,2106.6744735271027
18435,2106.6744735271027
18436,2106.6744735271027
18437,2106.6744735271027
18438,2106.6744735271027
18439,2106.6744735271027
18440,2106.6744735271027
18441,2106.6744735271027
18442,2106.6744735271027
18443,2106.6744735271027
18444,2106.6744735271027
18445,2106.6744735271027
18446,2106.6744735271027
18447,2106.6744735271027
18448,2106.6744735271027
18449,2106.6744735271027
18450,2106.6744735271027
18451,2106.6744735271027
18452,2106.6744735271027
18453,2106.6744735271027
18454,2106.6744735271027
18455,2106.6744735271027
18456,2106.6744735271027
18457,2106.6744735271027
18458,2106.6744735271027
18459,2106.6744735271027
18460,2106.6744735271027
18461,2106.6744735271027
18462,2106.6744735271027
18463,2106.6744735271027
18464,2106.6744735271027
18465,2106.6744735271027
18466,2106.6744735271027
18467,2106.6744735271027
18468,2106.6744735271027
18469,2106.6744735271027
18470,2106.6744735271027
18471,2106.6744735271027
18472,2106.6744735271027
18473,2106.6744735271027
18474,2106.6744735271027
18475,2106.6744735271027
18476,2106.6744735271027
18477,2106.6744735271027
18478,2106.6744735271027
18479,2106.6744735271027
18480,2106.6744735271027
18481,2106.6744735271027
18482,2106.6744735271027
18483,2106.6744735271027
18484,2106.6744735271027
18485,2106.6744735271027
18486,2106.6744735271027
18487,2106.6744735271027
18488,2106.6744735271027
18489,2106.6744735271027
18490,2106.6744735271027
18491,2106.6744735271027
18492,2106.6744735271027
18493,2106.6744735271027
18494,2106.6744735271027
18495,2106.6744735271027
18496,2106.6744735271027
18497,2106.6744735271027
18498,2106.6744735271027
18499,2106.6744735271027
18500,2106.6744735271027
18501,2106.6744735271027
18502,2106.6744735271027
18503,2106.6744735271027
18504,2106.6744735271027
18505,2106.6744735271027
18506,2106.6744735271027
18507,2106.6744735271027
18508,2106.6744735271027
18509,2106.6744735271027
18510,2106.6744735271027
18511,2106.6744735271027
18512,2106.6744735271027
18513,2106.6744735271027
18514,2106.6744735271027
18515,2106.6744735271027
18516,2106.6744735271027
18517,2106.6744735271027
18518,2106.6744735271027
18519,2106.6744735271027
18520,2106.6744735271027
18521,2106.6744735271027
18522,2106.6744735271027
18523,2106.6744735271027
18524,2106.6744735271027
18525,2106.6744735271027
18526,2106.6744735271027
18527,2106.6744735271027
18528,2106.6744735271027
18529,2106.6744735271027
18530,2106.6744735271027
18531,2106.6744735271027
18532,2106.6744735271027
18533,2106.6744735271027
18534,2106.6744735271027
18535,2106.6744735271027
18536,2106.6744735271027
18537,2106.6744735271027
18538,2106.6744735271027
18539,2106.6744735271027
18540,2106.6744735271027
18541,2106.6744735271027
18542,2106.6744735271027
18543,2106.6744735271027
18544,2106.6744735271027
18545,2106.6744735271027
18546,2106.6744735271027
18547,2106.6744735271027
18548,2106.6744735271027
18549,2106.6744735271027
18550,2106.6744735271027
18551,2106.6744735271027
18552,2106.6744735271027
18553,2106.6744735271027
18554,2106.6744735271027
18555,2106.6744735271027
18556,2106.6744735271027
18557,2106.6744735271027
18558,2106.6744735271027
18559,2106.6744735271027
18560,2106.6744735271027
18561,2106.6744735271027
18562,2106.6744735271027
18563,2106.6744735271027
18564,2106.6744735271027
18565,2106.6744735271027
18566,2106.6744735271027
18567,2106.6744735271027
18568,2106.6744735271027
18569,2106.6744735271027
18570,2106.6744735271027
18571,2106.6744735271027
18572,2106.6744735271027
18573,2106.6744735271027
18574,2106.6744735271027
18575,2106.6744735271027
18576,2106.6744735271027
18577,2106.6744735271027
18578,2106.6744735271027
18579,2106.6744735271027
18580,2106.6744735271027
18581,2106.6744735271027
18582,2106.6744735271027
18583,2106.6744735271027
18584,2106.6744735271027
18585,2106.6744735271027
18586,2106.6744735271027
18587,2106.6744735271027
18588,2106.6744735271027
18589,2106.6744735271027
18590,2106.6744735271027
18591,2106.6744735271027
18592,2106.6744735271027
18593,2106.6744735271027
18594,2106.6744735271027
18595,2106.6744735271027
18596,2106.6744735271027
18597,2106.6744735271027
18598,2106.6744735271027
18599,2106.6744735271027
18600,2106.6744735271027
18601,2106.6744735271027
18602,2106.6744735271027
18603,2106.6744735271027
18604,2106.6744735271027
18605,2106.6744735271027
18606,2106.6744735271027
18607,2106.6744735271027
18608,2106.6744735271027
18609,2106.6744735271027
18610,2106.6744735271027
18611,2106.6744735271027
18612,2106.6744735271027
18613,2106.6744735271027
18614,2106.6744735271027
18615,2106.6744735271027
18616,2106.6744735271027
18617,2106.6744735271027
18618,2106.6744735271027
18619,2106.6744735271027
18620,2106.6744735271027
18621,2106.6744735271027
18622,2106.6744735271027
18623,2106.6744735271027
18624,2106.6744735271027
18625,2106.6744735271027
18626,2106.6744735271027
18627,2106.6744735271027
18628,2106.6744735271027
18629,2106.6744735271027
18630,2106.6744735271027
18631,2106.6744735271027
18632,2106.6744735271027
18633,2106.6744735271027
18634,2106.6744735271027
18635,2106.6744735271027
18636,2106.6744735271027
18637,2106.6744735271027
18638,2106.6744735271027
18639,2106.6744735271027
18640,2106.6744735271027
18641,2106.6744735271027
18642,2106.6744735271027
18643,2106.6744735271027
18644,2106.6744735271027
18645,2106.6744735271027
18646,2106.6744735271027
18647,2106.6744735271027
18648,2106.6744735271027
18649,2106.6744735271027
18650,2106.6744735271027
18651,2106.6744735271027
18652,2106.6744735271027
18653,2106.6744735271027
18654,2106.6744735271027
18655,2106.6744735271027
18656,2106.6744735271027
18657,2106.6744735271027
18658,2106.6744735271027
18659,2106.6744735271027
18660,2106.6744735271027
18661,2106.6744735271027
18662,2106.6744735271027
18663,2106.6744735271027
18664,2106.6744735271027
18665,2106.6744735271027
18666,2106.6744735271027
18667,2106.6744735271027
18668,2106.6744735271027
18669,2106.6744735271027
18670,2106.6744735271027
18671,2106.6744735271027
18672,2106.6744735271027
18673,2106.6744735271027
18674,2106.6744735271027
18675,2106.6744735271027
18676,2106.6744735271027
18677,2106.6744735271027
18678,2106.6744735271027
18679,2106.6744735271027
18680,2106.6744735271027
18681,2106.6744735271027
18682,2106.6744735271027
18683,2106.6744735271027
18684,2106.6744735271027
18685,2106.6744735271027
18686,2106.6744735271027
18687,2106.6744735271027
18688,2106.6744735271027
18689,2106.6744735271027
18690,2106.6744735271027
18691,2106.6744735271027
18692,2106.6744735271027
18693,2106.6744735271027
18694,2106.6744735271027
18695,2106.6744735271027
18696,2106.6744735271027
18697,2106.6744735271027
18698,2106.6744735271027
18699,2106.6744735271027
18700,2106.6744735271027
18701,2106.6744735271027
18702,2106.6744735271027
18703,2106.6744735271027
18704,2106.6744735271027
18705,2106.6744735271027
18706,2106.6744735271027
18707,2106.6744735271027
18708,2106.6744735271027
18709,2106.6744735271027
18710,2106.6744735271027
18711,2106.6744735271027
18712,2106.6744735271027
18713,2106.6744735271027
18714,2106.6744735271027
18715,2106.6744735271027
18716,2106.6744735271027
18717,2106.6744735271027
18718,2106.6744735271027
18719,2106.6744735271027
18720,2106.6744735271027
18721,2106.6744735271027
18722,2106.6744735271027
18723,2106.6744735271027
18724,2106.6744735271027
18725,2106.6744735271027
18726,2106.6744735271027
18727,2106.6744735271027
18728,2106.6744735271027
18729,2106.6744735271027
18730,2106.6744735271027
18731,2106.6744735271027
18732,2106.6744735271027
18733,2106.6744735271027
18734,2106.6744735271027
18735,2106.6744735271027
18736,2106.6744735271027
18737,2106.6744735271027
18738,2106.6744735271027
18739,2106.6744735271027
18740,2106.6744735271027
18741,2106.6744735271027
18742,2106.6744735271027
18743,2106.6744735271027
18744,2106.6744735271027
18745,2106.6744735271027
18746,2106.6744735271027
18747,2106.6744735271027
18748,2106.6744735271027
18749,2106.6744735271027
18750,2106.6744735271027
18751,2106.6744735271027
18752,2106.6744735271027
18753,2106.6744735271027
18754,2106.6744735271027
18755,2106.6744735271027
18756,2106.6744735271027
18757,2106.6744735271027
18758,2106.6744735271027
18759,2106.6744735271027
18760,2106.6744735271027
18761,2106.6744735271027
18762,2106.6744735271027
18763,2106.6744735271027
18764,2106.6744735271027
18765,2106.6744735271027
18766,2106.6744735271027
18767,2106.6744735271027
18768,2106.6744735271027
18769,2106.6744735271027
18770,2106.6744735271027
18771,2106.6744735271027
18772,2106.6744735271027
18773,2106.6744735271027
18774,2106.6744735271027
18775,2106.6744735271027
18776,2106.6744735271027
18777,2106.6744735271027
18778,2106.6744735271027
18779,2106.6744735271027
18780,2106.6744735271027
18781,2106.6744735271027
18782,2106.6744735271027
18783,2106.6744735271027
18784,2106.6744735271027
18785,2096.4160726579107
18786,2096.4160726579107
18787,2096.4160726579107
18788,2096.4160726579107
18789,2096.4160726579107
18790,2096.4160726579107
18791,2096.4160726579107
18792,2096.4160726579107
18793,2096.4160726579107
18794,2096.4160726579107
18795,2096.4160726579107
18796,2096.4160726579107
18797,2096.4160726579107
18798,2096.4160726579107
18799,2096.4160726579107
18800,2096.4160726579107
18801,2096.4160726579107
18802,2096.4160726579107
18803,2096.4160726579107
18804,2096.4160726579107
18805,2096.4160726579107
18806,2096.4160726579107
18807,2096.4160726579107
18808,2096.4160726579107
18809,2096.4160726579107
18810,2096.4160726579107
18811,2096.4160726579107
18812,2096.4160726579107
18813,2096.4160726579107
18814,2096.4160726579107
18815,2096.4160726579107
18816,2096.4160726579107
18817,2096.4160726579107
18818,2096.4160726579107
18819,2096.4160726579107
18820,2096.4160726579107
18821,2096.4160726579107
18822,2096.4160726579107
18823,2096.4160726579107
18824,2096.4160726579107
18825,2096.4160726579107
18826,2096.4160726579107
18827,2096.4160726579107
18828,2096.4160726579107
18829,2096.4160726579107
18830,2096.4160726579107
18831,2096.4160726579107
18832,2096.4160726579107
18833,2096.4160726579107
18834,2096.4160726579107
18835,2096.4160726579107
18836,2096.4160726579107
18837,2096.4160726579107
18838,2096.4160726579107
18839,2096.4160726579107
18840,2096.4160726579107
18841,2096.4160726579107
18842,2096.4160726579107
18843,2096.4160726579107
18844,2096.4160726579107
18845,2096.4160726579107
18846,2096.4160726579107
18847,2096.4160726579107
18848,2096.4160726579107
18849,2096.4160726579107
18850,2096.4160726579107
18851,2096.4160726579107
18852,2096.4160726579107
18853,2096.4160726579107
18854,2096.4160726579107
18855,2096.4160726579107
18856,2096.4160726579107
18857,2096.4160726579107
18858,2096.4160726579107
18859,2096.4160726579107
18860,2096.4160726579107
18861,2096.4160726579107
18862,2096.4160726579107
18863,2096.4160726579107
18864,2096.4160726579107
18865,2096.4160726579107
18866,2096.4160726579107
18867,2096.4160726579107
18868,2096.4160726579107
18869,2096.4160726579107
18870,2096.4160726579107
18871,2096.4160726579107
18872,2096.4160726579107
18873,2096.4160726579107
18874,2096.4160726579107
18875,2096.4160726579107
18876,2096.4160726579107
18877,2096.4160726579107
18878,2096.4160726579107
18879,2096.4160726579107
18880,2096.4160726579107
18881,2096.4160726579107
18882,2096.4160726579107
18883,2096.4160726579107
18884,2096.4160726579107
18885,2096.4160726579107
18886,2096.4160726579107
18887,2096.4160726579107
18888,2096.4160726579107
18889,2096.4160726579107
18890,2096.4160726579107
18891,2096.4160726579107
18892,2096.4160726579107
18893,2096.4160726579107
18894,2096.4160726579107
18895,2096.4160726579107
18896,2096.4160726579107
18897,2096.4160726579107
18898,2096.4160726579107
18899,2096.4160726579107
18900,2096.4160726579107
18901,2096.4160726579107
18902,2096.4160726579107
18903,2096.4160726579107
18904,2096.4160726579107
18905,2096.4160726579107
18906,2096.4160726579107
18907,2096.4160726579107
18908,2096.4160726579107
18909,2096.4160726579107
18910,2096.4160726579107
18911,2096.4160726579107
18912,2096.4160726579107
18913,2096.4160726579107
18914,2096.4160726579107
18915,2096.4160726579107
18916,2096.4160726579107
18917,2096.4160726579107
18918,2096.4160726579107
18919,2096.4160726579107
18920,2096.4160726579107
18921,2096.4160726579107
18922,2096.4160726579107
18923,2096.4160726579107
18924,2096.4160726579107
18925,2096.4160726579107
18926,2096.4160726579107
18927,2096.4160726579107
18928,2096.4160726579107
18929,2096.4160726579107
18930,2096.4160726579107
18931,2096.4160726579107
18932,2096.4160726579107
18933,2096.4160726579107
18934,2096.4160726579107
18935,2096.4160726579107
18936,2096.4160726579107
18937,2096.4160726579107
18938,2096.4160726579107
18939,2096.4160726579107
18940,2096.4160726579107
18941,2096.4160726579107
18942,2096.4160726579107
18943,2096.4160726579107
18944,2096.4160726579107
18945,2096.4160726579107
18946,2096.4160726579107
18947,2096.4160726579107
18948,2096.4160726579107
18949,2096.4160726579107
18950,2096.4160726579107
18951,2096.4160726579107
18952,2096.4160726579107
18953,2096.4160726579107
18954,2096.4160726579107
18955,2096.4160726579107
18956,2096.4160726579107
18957,2096.4160726579107
18958,2096.4160726579107
18959,2096.4160726579107
18960,2096.4160726579107
18961,2096.4160726579107
18962,2096.4160726579107
18963,2096.4160726579107
18964,2096.4160726579107
18965,2096.4160726579107
18966,2096.4160726579107
18967,2096.4160726579107
18968,2096.4160726579107
18969,2096.4160726579107
18970,2096.4160726579107
18971,2096.4160726579107
18972,2096.4160726579107
18973,2096.4160726579107
18974,2096.4160726579107
18975,2096.4160726579107
18976,2096.4160726579107
18977,2096.4160726579107
18978,2096.4160726579107
18979,2096.4160726579107
18980,2096.4160726579107
18981,2096.4160726579107
18982,2096.4160726579107
18983,2096.4160726579107
18984,2096.4160726579107
18985,2096.4160726579107
18986,2096.4160726579107
18987,2096.4160726579107
18988,2096.4160726579107
18989,2096.4160726579107
18990,2096.4160726579107
18991,2096.4160726579107
18992,2096.4160726579107
18993,2096.4160726579107
18994,2096.4160726579107
18995,2096.4160726579107
18996,2096.4160726579107
18997,2096.4160726579107
18998,2096.4160726579107
18999,2096.4160726579107
19000,2096.4160726579107
19001,2096.4160726579107
19002,2096.4160726579107
19003,2096.4160726579107
19004,2096.4160726579107
19005,2096.4160726579107
19006,2096.4160726579107
19007,2096.4160726579107
19008,2096.4160726579107
19009,2096.4160726579107
19010,2096.4160726579107
19011,2096.4160726579107
19012,2096.4160726579107
19013,2096.4160726579107
19014,2096.4160726579107
19015,2096.4160726579107
19016,2096.4160726579107
19017,2096.4160726579107
19018,2096.4160726579107
19019,2096.4160726579107
19020,2096.4160726579107
19021,2096.4160726579107
19022,2096.4160726579107
19023,2096.4160726579107
19024,2096.4160726579107
19025,2096.4160726579107
19026,2096.4160726579107
19027,2096.4160726579107
19028,2096.4160726579107
19029,2096.4160726579107
19030,2096.4160726579107
19031,2096.4160726579107
19032,2096.4160726579107
19033,2096.4160726579107
19034,2096.4160726579107
19035,2096.4160726579107
19036,2096.4160726579107
19037,2096.4160726579107
19038,2096.4160726579107
19039,2096.4160726579107
19040,2096.4160726579107
19041,2096.4160726579107
19042,2096.4160726579107
19043,2096.4160726579107
19044,2096.4160726579107
19045,2096.4160726579107
19046,2096.4160726579107
19047,2096.4160726579107
19048,2096.4160726579107
19049,2096.4160726579107
19050,2096.4160726579107
19051,2096.4160726579107
19052,2096.4160726579107
19053,2096.4160726579107
19054,2096.4160726579107
19055,2096.4160726579107
19056,2096.4160726579107
19057,2096.4160726579107
19058,2096.4160726579107
19059,2096.4160726579107
19060,2096.4160726579107
19061,2096.4160726579107
19062,2096.4160726579107
19063,2096.4160726579107
19064,2096.4160726579107
19065,2096.4160726579107
19066,2096.4160726579107
19067,2096.4160726579107
19068,2096.4160726579107
19069,2096.4160726579107
19070,2096.4160726579107
19071,2096.4160726579107
19072,2096.4160726579107
19073,2096.4160726579107
19074,2096.4160726579107
19075,2096.4160726579107
19076,2096.4160726579107
19077,2096.4160726579107
19078,2096.4160726579107
19079,2096.4160726579107
19080,2096.4160726579107
19081,2096.4160726579107
19082,2096.4160726579107
19083,2096.4160726579107
19084,2096.4160726579107
19085,2096.4160726579107
19086,2096.4160726579107
19087,2096.4160726579107
19088,2096.4160726579107
19089,2096.4160726579107
19090,2096.4160726579107
19091,2096.4160726579107
19092,2096.4160726579107
19093,2096.4160726579107
19094,2096.4160726579107
19095,2096.4160726579107
19096,2096.4160726579107
19097,2096.4160726579107
19098,2096.4160726579107
19099,2096.4160726579107
19100,2096.4160726579107
19101,2096.4160726579107
19102,2096.4160726579107
19103,2096.4160726579107
19104,2096.4160726579107
19105,2096.4160726579107
19106,2096.4160726579107
19107,2096.4160726579107
19108,2096.4160726579107
19109,2096.4160726579107
19110,2096.4160726579107
19111,2096.4160726579107
19112,2096.4160726579107
19113,2096.4160726579107
19114,2096.4160726579107
19115,2096.4160726579107
19116,2096.4160726579107
19117,2096.4160726579107
19118,2096.4160726579107
19119,2096.4160726579107
19120,2096.4160726579107
19121,2096.4160726579107
19122,2096.4160726579107
19123,2096.4160726579107
19124,2096.4160726579107
19125,2096.4160726579107
19126,2096.4160726579107
19127,2096.4160726579107
19128,2096.4160726579107
19129,2096.4160726579107
19130,2096.4160726579107
19131,2096.4160726579107
19132,2096.4160726579107
19133,2096.4160726579107
19134,2096.4160726579107
19135,2096.4160726579107
19136,2096.4160726579107
19137,2096.4160726579107
19138,2096.4160726579107
19139,2096.4160726579107
19140,2096.4160726579107
19141,2096.4160726579107
19142,2096.4160726579107
19143,2096.4160726579107
19144,2096.4160726579107
19145,2096.4160726579107
19146,2096.4160726579107
19147,2096.4160726579107
19148,2096.4160726579107
19149,2096.4160726579107
19150,2094.539791295284
19151,2094.539791295284
19152,2094.539791295284
19153,2094.539791295284
19154,2094.539791295284
19155,2094.539791295284
19156,2094.539791295284
19157,2094.539791295284
19158,2094.539791295284
19159,2094.539791295284
19160,2094.539791295284
19161,2094.539791295284
19162,2094.539791295284
19163,2094.539791295284
19164,2094.539791295284
19165,2094.539791295284
19166,2094.539791295284
19167,2094.539791295284
19168,2094.539791295284
19169,2094.539791295284
19170,2094.539791295284
19171,2094.539791295284
19172,2094.539791295284
19173,2094.539791295284
19174,2094.539791295284
19175,2094.539791295284
19176,2094.539791295284
19177,2094.539791295284
19178,2094.539791295284
19179,2094.539791295284
19180,2094.539791295284
19181,2094.539791295284
19182,2094.539791295284
19183,2094.539791295284
19184,2094.539791295284
19185,2094.539791295284
19186,2094.539791295284
19187,2094.539791295284
19188,2094.539791295284
19189,2094.539791295284
19190,2094.539791295284
19191,2094.539791295284
19192,2094.539791295284
19193,2094.539791295284
19194,2094.539791295284
19195,2094.539791295284
19196,2094.539791295284
19197,2094.539791295284
19198,2094.539791295284
19199,2094.539791295284
19200,2094.539791295284
19201,2094.539791295284
19202,2094.539791295284
19203,2094.539791295284
19204,2094.539791295284
19205,2094.539791295284
19206,2094.539791295284
19207,2094.539791295284
19208,2094.539791295284
19209,2094.539791295284
19210,2094.539791295284
19211,2094.539791295284
19212,2094.539791295284
19213,2094.539791295284
19214,2094.539791295284
19215,2094.539791295284
19216,2094.539791295284
19217,2094.539791295284
19218,2094.539791295284
19219,2094.539791295284
19220,2094.539791295284
19221,2094.539791295284
19222,2094.539791295284
19223,2094.539791295284
19224,2094.539791295284
19225,2094.539791295284
19226,2094.539791295284
19227,2094.539791295284
19228,2094.539791295284
19229,2094.539791295284
19230,2094.539791295284
19231,2094.539791295284
19232,2094.539791295284
19233,2094.539791295284
19234,2094.539791295284
19235,2094.539791295284
19236,2094.539791295284
19237,2094.539791295284
19238,2094.539791295284
19239,2094.539791295284
19240,2094.539791295284
19241,2094.539791295284
19242,2094.539791295284
19243,2094.539791295284
19244,2094.539791295284
19245,2094.539791295284
19246,2094.539791295284
19247,2094.539791295284
19248,2094.539791295284
19249,2094.539791295284
19250,2094.539791295284
19251,2094.539791295284
19252,2094.539791295284
19253,2094.539791295284
19254,2094.539791295284
19255,2094.539791295284
19256,2094.539791295284
19257,2094.539791295284
19258,2094.539791295284
19259,2094.539791295284
19260,2094.539791295284
19261,2094.539791295284
19262,2094.539791295284
19263,2094.539791295284
19264,2094.539791295284
19265,2094.539791295284
19266,2094.539791295284
19267,2094.539791295284
19268,2094.539791295284
19269,2094.539791295284
19270,2094.539791295284
19271,2094.539791295284
19272,2094.539791295284
19273,2094.539791295284
19274,2094.539791295284
19275,2094.539791295284
19276,2094.539791295284
19277,2094.539791295284
19278,2094.539791295284
19279,2094.539791295284
19280,2094.539791295284
19281,2094.539791295284
19282,2094.539791295284
19283,2094.539791295284
19284,2094.539791295284
19285,2094.539791295284
19286,2094.539791295284
19287,2094.539791295284
19288,2094.539791295284
19289,2094.539791295284
19290,2094.539791295284
19291,2094.539791295284
19292,2094.539791295284
19293,2094.539791295284
19294,2094.539791295284
19295,2094.539791295284
19296,2094.539791295284
19297,2094.539791295284
19298,2094.539791295284
19299,2094.539791295284
19300,2094.539791295284
19301,2094.539791295284
19302,2094.539791295284
19303,2094.539791295284
19304,2094.539791295284
19305,2094.539791295284
19306,2094.539791295284
19307,2094.539791295284
19308,2094.539791295284
19309,2094.539791295284
19310,2094.539791295284
19311,2094.539791295284
19312,2094.539791295284
19313,2094.539791295284
19314,2094.539791295284
19315,2094.539791295284
19316,2094.539791295284
19317,2094.539791295284
19318,2094.539791295284
19319,2094.539791295284
19320,2094.539791295284
19321,2094.539791295284
19322,2094.539791295284
19323,2094.539791295284
19324,2094.539791295284
19325,2094.539791295284
19326,2094.539791295284
19327,2094.539791295284
19328,2094.539791295284
19329,2094.539791295284
19330,2094.539791295284
19331,2094.539791295284
19332,2094.539791295284
19333,2094.539791295284
19334,2094.539791295284
19335,2094.539791295284
19336,2094.539791295284
19337,2094.539791295284
19338,2094.539791295284
19339,2094.539791295284
19340,2094.539791295284
19341,2094.539791295284
19342,2094.539791295284
19343,2094.539791295284
19344,2094.539791295284
19345,2094.539791295284
19346,2094.539791295284
19347,2094.539791295284
19348,2094.539791295284
19349,2094.539791295284
19350,2094.539791295284
19351,2094.539791295284
19352,2094.539791295284
19353,2094.539791295284
19354,2094.539791295284
19355,2094.539791295284
19356,2094.539791295284
19357,2094.539791295284
19358,2094.539791295284
19359,2094.539791295284
19360,2094.539791295284
19361,2094.539791295284
19362,2094.539791295284
19363,2094.539791295284
19364,2094.539791295284
19365,2094.539791295284
19366,2094.539791295284
19367,2094.539791295284
19368,2094.539791295284
19369,2094.539791295284
19370,2094.539791295284
19371,2094.539791295284
19372,2094.539791295284
19373,2094.539791295284
19374,2094.539791295284
19375,2094.539791295284
19376,2094.539791295284
19377,2094.539791295284
19378,2094.539791295284
19379,2094.539791295284
19380,2094.539791295284
19381,2094.539791295284
19382,2094.539791295284
19383,2094.539791295284
19384,2094.539791295284
19385,2094.539791295284
19386,2094.539791295284
19387,2094.539791295284
19388,2094.539791295284
19389,2094.539791295284
19390,2094.539791295284
19391,2094.539791295284
19392,2094.539791295284
19393,2094.539791295284
19394,2094.539791295284
19395,2094.539791295284
19396,2094.539791295284
19397,2094.539791295284
19398,2094.539791295284
19399,2094.539791295284
19400,2094.539791295284
19401,2094.539791295284
19402,2094.539791295284
19403,2094.539791295284
19404,2094.539791295284
19405,2094.539791295284
19406,2094.539791295284
19407,2094.539791295284
19408,2094.539791295284
19409,2094.539791295284
19410,2094.539791295284
19411,2094.539791295284
19412,2094.539791295284
19413,2094.539791295284
19414,2094.539791295284
19415,2094.539791295284
19416,2094.539791295284
19417,2094.539791295284
19418,2094.539791295284
19419,2094.539791295284
19420,2094.539791295284
19421,2094.539791295284
19422,2094.539791295284
19423,2094.539791295284
19424,2094.539791295284
19425,2094.539791295284
19426,2094.539791295284
19427,2094.539791295284
19428,2094.539791295284
19429,2094.539791295284
19430,2094.539791295284
19431,2094.539791295284
19432,2094.539791295284
19433,2094.539791295284
19434,2094.539791295284
19435,2094.539791295284
19436,2094.539791295284
19437,2094.539791295284
19438,2094.539791295284
19439,2094.539791295284
19440,2094.539791295284
19441,2094.539791295284
19442,2094.539791295284
19443,2094.539791295284
19444,2094.539791295284
19445,2094.539791295284
19446,2094.539791295284
19447,2094.539791295284
19448,2094.539791295284
19449,2094.539791295284
19450,2094.539791295284
19451,2094.539791295284
19452,2094.539791295284
19453,2094.539791295284
19454,2094.539791295284
19455,2094.539791295284
19456,2094.539791295284
19457,2094.539791295284
19458,2094.539791295284
19459,2094.539791295284
19460,2094.539791295284
19461,2094.539791295284
19462,2094.539791295284
19463,2094.539791295284
19464,2094.539791295284
19465,2094.539791295284
19466,2094.539791295284
19467,2094.539791295284
19468,2094.539791295284
19469,2094.539791295284
19470,2094.539791295284
19471,2094.539791295284
19472,2094.539791295284
19473,2094.539791295284
19474,2094.539791295284
19475,2094.539791295284
19476,2094.539791295284
19477,2094.539791295284
19478,2094.539791295284
19479,2094.539791295284
19480,2094.539791295284
19481,2094.539791295284
19482,2094.539791295284
19483,2094.539791295284
19484,2094.539791295284
19485,2094.539791295284
19486,2094.539791295284
19487,2094.539791295284
19488,2094.539791295284
19489,2094.539791295284
19490,2094.539791295284
19491,2094.539791295284
19492,2094.539791295284
19493,2094.539791295284
19494,2094.539791295284
19495,2094.539791295284
19496,2094.539791295284
19497,2094.539791295284
19498,2094.539791295284
19499,2094.539791295284
19500,2094.539791295284
19501,2094.539791295284
19502,2094.539791295284
19503,2094.539791295284
19504,2094.539791295284
19505,2094.539791295284
19506,2094.539791295284
19507,2094.539791295284
19508,2094.539791295284
19509,2094.539791295284
19510,2094.539791295284
19511,2094.539791295284
19512,2094.539791295284
19513,2094.539791295284
19514,2094.539791295284
19515,2094.539791295284
19516,2094.539791295284
19517,2094.539791295284
19518,2094.539791295284
19519,2094.539791295284
19520,2094.539791295284
19521,2094.539791295284
19522,2094.539791295284
19523,2094.539791295284
19524,2094.539791295284
19525,2094.539791295284
19526,2094.539791295284
19527,2094.539791295284
19528,2094.539791295284
19529,2094.539791295284
19530,2094.539791295284
19531,2094.539791295284
19532,2094.539791295284
19533,2094.539791295284
19534,2094.539791295284
19535,2094.539791295284
19536,2094.539791295284
19537,2094.539791295284
19538,2094.539791295284
19539,2094.539791295284
19540,2094.539791295284
19541,2094.539791295284
19542,2094.539791295284
19543,2094.539791295284
19544,2094.539791295284
19545,2094.539791295284
19546,2094.539791295284
19547,2094.539791295284
19548,2094.539791295284
19549,2094.539791295284
19550,2094.539791295284
19551,2094.539791295284
19552,2094.539791295284
19553,2094.539791295284
19554,2094.539791295284
19555,2094.539791295284
19556,2094.539791295284
19557,2094.539791295284
19558,2094.539791295284
19559,2094.539791295284
19560,2094.539791295284
19561,2094.539791295284
19562,2094.539791295284
19563,2094.539791295284
19564,2094.539791295284
19565,2094.539791295284
19566,2094.539791295284
19567,2094.539791295284
19568,2094.539791295284
19569,2094.539791295284
19570,2094.539791295284
19571,2094.539791295284
19572,2094.539791295284
19573,2094.539791295284
19574,2094.539791295284
19575,2094.539791295284
19576,2094.539791295284
19577,2094.539791295284
19578,2094.539791295284
19579,2094.539791295284
19580,2094.539791295284
19581,2094.539791295284
19582,2094.539791295284
19583,2094.539791295284
19584,2094.539791295284
19585,2094.539791295284
19586,2094.539791295284
19587,2094.539791295284
19588,2094.539791295284
19589,2094.539791295284
19590,2094.539791295284
19591,2094.539791295284
19592,2094.539791295284
19593,2094.539791295284
19594,2094.539791295284
19595,2094.539791295284
19596,2094.539791295284
19597,2094.539791295284
19598,2094.539791295284
19599,2094.539791295284
19600,2094.539791295284
19601,2094.539791295284
19602,2094.539791295284
19603,2094.539791295284
19604,2094.539791295284
19605,2094.539791295284
19606,2094.539791295284
19607,2094.539791295284
19608,2094.539791295284
19609,2094.539791295284
19610,2094.539791295284
19611,2094.539791295284
19612,2094.539791295284
19613,2094.539791295284
19614,2094.539791295284
19615,2094.539791295284
19616,2094.539791295284
19617,2094.539791295284
19618,2094.539791295284
19619,2094.539791295284
19620,2094.539791295284
19621,2094.539791295284
19622,2094.539791295284
19623,2094.539791295284
19624,2094.539791295284
19625,2094.539791295284
19626,2094.539791295284
19627,2094.539791295284
19628,2094.539791295284
19629,2094.539791295284
19630,2094.539791295284
19631,2094.539791295284
19632,2094.539791295284
19633,2094.539791295284
19634,2094.539791295284
19635,2094.539791295284
19636,2094.539791295284
19637,2094.539791295284
19638,2094.539791295284
19639,2094.539791295284
19640,2094.539791295284
19641,2094.539791295284
19642,2094.539791295284
19643,2094.539791295284
19644,2094.539791295284
19645,2094.539791295284
19646,2094.539791295284
19647,2094.539791295284
19648,2094.539791295284
19649,2094.539791295284
19650,2094.539791295284
19651,2094.539791295284
19652,2094.539791295284
19653,2094.539791295284
19654,2094.539791295284
19655,2094.539791295284
19656,2094.539791295284
19657,2094.539791295284
19658,2094.539791295284
19659,2094.539791295284
19660,2094.539791295284
19661,2094.539791295284
19662,2094.539791295284
19663,2094.539791295284
19664,2094.539791295284
19665,2094.539791295284
19666,2094.539791295284
19667,2094.539791295284
19668,2094.539791295284
19669,2094.539791295284
19670,2094.539791295284
19671,2094.539791295284
19672,2094.539791295284
19673,2094.539791295284
19674,2094.539791295284
19675,2094.539791295284
19676,2094.539791295284
19677,2094.539791295284
19678,2094.539791295284
19679,2094.539791295284
19680,2094.539791295284
19681,2094.539791295284
19682,2094.539791295284
19683,2094.539791295284
19684,2094.539791295284
19685,2094.539791295284
19686,2094.539791295284
19687,2094.539791295284
19688,2094.539791295284
19689,2094.539791295284
19690,2094.539791295284
19691,2094.539791295284
19692,2094.539791295284
19693,2094.539791295284
19694,2094.539791295284
19695,2094.539791295284
19696,2094.539791295284
19697,2094.539791295284
19698,2094.539791295284
19699,2094.539791295284
19700,2094.539791295284
19701,2094.539791295284
19702,2094.539791295284
19703,2094.539791295284
19704,2094.539791295284
19705,2094.539791295284
19706,2094.539791295284
19707,2094.539791295284
19708,2094.539791295284
19709,2094.539791295284
19710,2094.539791295284
19711,2094.539791295284
19712,2094.539791295284
19713,2094.539791295284
19714,2094.539791295284
19715,2094.539791295284
19716,2094.539791295284
19717,2094.539791295284
19718,2094.539791295284
19719,2094.539791295284
19720,2094.539791295284
19721,2094.539791295284
19722,2094.539791295284
19723,2094.539791295284
19724,2094.539791295284
19725,2094.539791295284
19726,2094.539791295284
19727,2094.539791295284
19728,2094.539791295284
19729,2094.539791295284
19730,2094.539791295284
19731,2094.539791295284
19732,2094.539791295284
19733,2094.539791295284
19734,2094.539791295284
19735,2094.539791295284
19736,2094.539791295284
19737,2094.539791295284
19738,2094.539791295284
19739,2094.539791295284
19740,2094.539791295284
19741,2094.539791295284
19742,2094.539791295284
19743,2094.539791295284
19744,2094.539791295284
19745,2094.539791295284
19746,2094.539791295284
19747,2094.539791295284
19748,2094.539791295284
19749,2094.539791295284
19750,2094.539791295284
19751,2094.539791295284
19752,2094.539791295284
19753,2094.539791295284
19754,2094.539791295284
19755,2094.539791295284
19756,2094.539791295284
19757,2094.539791295284
19758,2094.539791295284
19759,2094.539791295284
19760,2094.539791295284
19761,2094.539791295284
19762,2094.539791295284
19763,2094.539791295284
19764,2094.539791295284
19765,2094.539791295284
19766,2094.539791295284
19767,2094.539791295284
19768,2094.539791295284
19769,2094.539791295284
19770,2094.539791295284
19771,2094.539791295284
19772,2094.539791295284
19773,2094.539791295284
19774,2094.539791295284
19775,2094.539791295284
19776,2094.539791295284
19777,2094.539791295284
19778,2094.539791295284
19779,2094.539791295284
19780,2094.539791295284
19781,2094.539791295284
19782,2094.539791295284
19783,2094.539791295284
19784,2094.539791295284
19785,2094.539791295284
19786,2094.539791295284
19787,2094.539791295284
19788,2094.539791295284
19789,2094.539791295284
19790,2094.539791295284
19791,2094.539791295284
19792,2094.539791295284
19793,2094.539791295284
19794,2094.539791295284
19795,2094.539791295284
19796,2094.539791295284
19797,2094.539791295284
19798,2094.539791295284
19799,2094.539791295284
19800,2094.539791295284
19801,2094.539791295284
19802,2094.539791295284
19803,2094.539791295284
19804,2094.539791295284
19805,2094.539791295284
19806,2094.539791295284
19807,2094.539791295284
19808,2094.539791295284
19809,2094.539791295284
19810,2094.539791295284
19811,2094.539791295284
19812,2094.539791295284
19813,2094.539791295284
19814,2094.539791295284
19815,2094.539791295284
19816,2094.539791295284
19817,2094.539791295284
19818,2094.539791295284
19819,2094.539791295284
19820,2094.539791295284
19821,2094.539791295284
19822,2094.539791295284
19823,2094.539791295284
19824,2094.539791295284
19825,2094.539791295284
19826,2094.539791295284
19827,2094.539791295284
19828,2094.539791295284
19829,2094.539791295284
19830,2094.539791295284
19831,2094.539791295284
19832,2094.539791295284
19833,2094.539791295284
19834,2094.539791295284
19835,2094.539791295284
19836,2094.539791295284
19837,2094.539791295284
19838,2094.539791295284
19839,2094.539791295284
19840,2094.539791295284
19841,2094.539791295284
19842,2094.539791295284
19843,2094.539791295284
19844,2094.539791295284
19845,2094.539791295284
19846,2094.539791295284
19847,2094.539791295284
19848,2094.539791295284
19849,2094.539791295284
19850,2094.539791295284
19851,2094.539791295284
19852,2094.539791295284
19853,2094.539791295284
19854,2094.539791295284
19855,2094.539791295284
19856,2094.539791295284
19857,2094.539791295284
19858,2094.539791295284
19859,2094.539791295284
19860,2094.539791295284
19861,2094.539791295284
19862,2094.539791295284
19863,2094.539791295284
19864,2094.539791295284
19865,2094.539791295284
19866,2094.539791295284
19867,2094.539791295284
19868,2094.539791295284
19869,2094.539791295284
19870,2094.539791295284
19871,2094.539791295284
19872,2094.539791295284
19873,2094.539791295284
19874,2094.539791295284
19875,2094.539791295284
19876,2094.539791295284
19877,2094.539791295284
19878,2094.539791295284
19879,2094.539791295284
19880,2094.539791295284
19881,2094.539791295284
19882,2094.539791295284
19883,2094.539791295284
19884,2094.539791295284
19885,2094.539791295284
19886,2094.539791295284
19887,2094.539791295284
19888,2094.539791295284
19889,2094.539791295284
19890,2094.539791295284
19891,2094.539791295284
19892,2094.539791295284
19893,2094.539791295284
19894,2094.539791295284
19895,2094.539791295284
19896,2094.539791295284
19897,2094.539791295284
19898,2094.539791295284
19899,2094.539791295284
19900,2094.539791295284
19901,2094.539791295284
19902,2094.539791295284
19903,2094.539791295284
19904,2094.539791295284
19905,2094.539791295284
19906,2094.539791295284
19907,2094.539791295284
19908,2094.539791295284
19909,2094.539791295284
19910,2094.539791295284
19911,2094.539791295284
19912,2094.539791295284
19913,2094.539791295284
19914,2094.539791295284
19915,2094.539791295284
19916,2094.539791295284
19917,2094.539791295284
19918,2094.539791295284
19919,2094.539791295284
19920,2094.539791295284
19921,2094.539791295284
19922,2094.539791295284
19923,2094.539791295284
19924,2089.583001451205
19925,2089.583001451205
19926,2089.583001451205
19927,2089.583001451205
19928,2089.583001451205
19929,2089.583001451205
19930,2089.583001451205
19931,2089.583001451205
19932,2089.583001451205
19933,2089.583001451205
19934,2089.583001451205
19935,2089.583001451205
19936,2089.583001451205
19937,2089.583001451205
19938,2089.583001451205
19939,2089.583001451205
19940,2089.583001451205
19941,2089.583001451205
19942,2089.583001451205
19943,2089.583001451205
19944,2089.583001451205
19945,2089.583001451205
19946,2089.583001451205
19947,2089.583001451205
19948,2089.583001451205
19949,2089.583001451205
19950,2089.583001451205
19951,2089.583001451205
19952,2089.583001451205
19953,2089.583001451205
19954,2089.583001451205
19955,2089.583001451205
19956,2089.583001451205
19957,2089.583001451205
19958,2089.583001451205
19959,2089.583001451205
19960,2089.583001451205
19961,2089.583001451205
19962,2089.583001451205
19963,2089.583001451205
19964,2089.583001451205
19965,2089.583001451205
19966,2089.583001451205
19967,2089.583001451205
19968,2089.583001451205
19969,2089.583001451205
19970,2089.583001451205
19971,2089.583001451205
19972,2089.583001451205
19973,2089.583001451205
19974,2089.583001451205
19975,2089.583001451205
19976,2089.583001451205
19977,2089.583001451205
19978,2089.583001451205
19979,2089.583001451205
19980,2089.583001451205
19981,2089.583001451205
19982,2089.583001451205
19983,2089.583001451205
19984,2089.583001451205
19985,2089.583001451205
19986,2089.583001451205
19987,2089.583001451205
19988,2089.583001451205
19989,2089.583001451205
19990,2089.583001451205
19991,2089.583001451205
19992,2089.583001451205
19993,2089.583001451205
19994,2089.583001451205
19995,2089.583001451205
19996,2089.583001451205
19997,2089.583001451205
19998,2089.583001451205
19999,2089.583001451205
20000,2089.583001451205
20001,2089.583001451205
20002,2089.583001451205
20003,2089.583001451205
20004,2089.583001451205
20005,2089.583001451205
20006,2089.583001451205
20007,2089.583001451205
20008,2089.583001451205
20009,2089.583001451205
20010,2089.583001451205
20011,2089.583001451205
20012,2089.583001451205
20013,2089.583001451205
20014,2089.583001451205
20015,2089.583001451205
20016,2089.583001451205
20017,2089.583001451205
20018,2089.583001451205
20019,2089.583001451205
20020,2089.583001451205
20021,2089.583001451205
20022,2089.583001451205
20023,2089.583001451205
20024,2089.583001451205
20025,2089.583001451205
20026,2089.583001451205
20027,2089.583001451205
20028,2089.583001451205
20029,2089.583001451205
20030,2089.583001451205
20031,2089.583001451205
20032,2089.583001451205
20033,2089.583001451205
20034,2089.583001451205
20035,2089.583001451205
20036,2089.583001451205
20037,2089.583001451205
20038,2089.583001451205
20039,2089.583001451205
20040,2089.583001451205
20041,2089.583001451205
20042,2089.583001451205
20043,2089.583001451205
20044,2089.583001451205
20045,2089.583001451205
20046,2089.583001451205
20047,2089.583001451205
20048,2089.583001451205
20049,2089.583001451205
20050,2089.583001451205
20051,2089.583001451205
20052,2089.583001451205
20053,2089.583001451205
20054,2089.583001451205
20055,2089.583001451205
20056,2089.583001451205
20057,2089.583001451205
20058,2089.583001451205
20059,2089.583001451205
20060,2089.583001451205
20061,2089.583001451205
20062,2089.583001451205
20063,2089.583001451205
20064,2089.583001451205
20065,2089.583001451205
20066,2089.583001451205
20067,2089.583001451205
20068,2089.583001451205
20069,2089.583001451205
20070,2089.583001451205
20071,2089.583001451205
20072,2089.583001451205
20073,2089.583001451205
20074,2089.583001451205
20075,2089.583001451205
20076,2089.583001451205
20077,2089.583001451205
20078,2089.583001451205
20079,2089.583001451205
20080,2089.583001451205
20081,2089.583001451205
20082,2089.583001451205
20083,2089.583001451205
20084,2089.583001451205
20085,2089.583001451205
20086,2089.583001451205
20087,2089.583001451205
20088,2089.583001451205
20089,2089.583001451205
20090,2089.583001451205
20091,2089.583001451205
20092,2089.583001451205
20093,2089.583001451205
20094,2089.583001451205
20095,2089.583001451205
20096,2089.583001451205
20097,2089.583001451205
20098,2089.583001451205
20099,2089.583001451205
20100,2089.583001451205
20101,2089.583001451205
20102,2089.583001451205
20103,2089.583001451205
20104,2089.583001451205
20105,2089.583001451205
20106,2089.583001451205
20107,2089.583001451205
20108,2089.583001451205
20109,2089.583001451205
20110,2089.583001451205
20111,2089.583001451205
20112,2089.583001451205
20113,2089.583001451205
20114,2089.583001451205
20115,2089.583001451205
20116,2089.583001451205
20117,2089.583001451205
20118,2089.583001451205
20119,2089.583001451205
20120,2089.583001451205
20121,2089.583001451205
20122,2089.583001451205
20123,2089.583001451205
20124,2089.583001451205
20125,2089.583001451205
20126,2089.583001451205
20127,2089.583001451205
20128,2089.583001451205
20129,2089.583001451205
20130,2089.583001451205
20131,2089.583001451205
20132,2089.583001451205
20133,2089.583001451205
20134,2089.583001451205
20135,2089.583001451205
20136,2089.583001451205
20137,2089.583001451205
20138,2089.583001451205
20139,2089.583001451205
20140,2089.583001451205
20141,2089.583001451205
20142,2089.583001451205
20143,2089.583001451205
20144,2089.583001451205
20145,2089.583001451205
20146,2089.583001451205
20147,2089.583001451205
20148,2089.583001451205
20149,2089.583001451205
20150,2089.583001451205
20151,2089.583001451205
20152,2089.583001451205
20153,2089.583001451205
20154,2089.583001451205
20155,2089.583001451205
20156,2089.583001451205
20157,2089.583001451205
20158,2089.583001451205
20159,2089.583001451205
20160,2089.583001451205
20161,2089.583001451205
20162,2089.583001451205
20163,2089.583001451205
20164,2089.583001451205
20165,2089.583001451205
20166,2089.583001451205
20167,2089.583001451205
20168,2089.583001451205
20169,2089.583001451205
20170,2089.583001451205
20171,2089.583001451205
20172,2089.583001451205
20173,2089.583001451205
20174,2089.583001451205
20175,2089.583001451205
20176,2089.583001451205
20177,2089.583001451205
20178,2089.583001451205
20179,2089.583001451205
20180,2089.583001451205
20181,2089.583001451205
20182,2089.583001451205
20183,2089.583001451205
20184,2089.583001451205
20185,2089.583001451205
20186,2089.583001451205
20187,2089.583001451205
20188,2089.583001451205
20189,2089.583001451205
20190,2089.583001451205
20191,2089.583001451205
20192,2089.583001451205
20193,2089.583001451205
20194,2089.583001451205
20195,2089.583001451205
20196,2089.583001451205
20197,2089.583001451205
20198,2089.583001451205
20199,2089.583001451205
20200,2089.583001451205
20201,2089.583001451205
20202,2089.583001451205
20203,2089.583001451205
20204,2089.583001451205
20205,2089.583001451205
20206,2089.583001451205
20207,2089.583001451205
20208,2089.583001451205
20209,2089.583001451205
20210,2089.583001451205
20211,2089.583001451205
20212,2089.583001451205
20213,2089.583001451205
20214,2089.583001451205
20215,2089.583001451205
20216,2089.583001451205
20217,2089.583001451205
20218,2089.583001451205
20219,2089.583001451205
20220,2089.583001451205
20221,2089.583001451205
20222,2089.583001451205
20223,2089.583001451205
20224,2089.583001451205
20225,2089.583001451205
20226,2089.583001451205
20227,2089.583001451205
20228,2089.583001451205
20229,2089.583001451205
20230,2089.583001451205
20231,2089.583001451205
20232,2089.583001451205
20233,2089.583001451205
20234,2089.583001451205
20235,2089.583001451205
20236,2089.583001451205
20237,2089.583001451205
20238,2089.583001451205
20239,2089.583001451205
20240,2089.583001451205
20241,2089.583001451205
20242,2089.583001451205
20243,2089.583001451205
20244,2089.583001451205
20245,2089.583001451205
20246,2089.583001451205
20247,2089.583001451205
20248,2089.583001451205
20249,2089.583001451205
20250,2089.583001451205
20251,2089.583001451205
20252,2089.583001451205
20253,2089.583001451205
20254,2089.583001451205
20255,2089.583001451205
20256,2089.583001451205
20257,2089.583001451205
20258,2089.583001451205
20259,2089.583001451205
20260,2089.583001451205
20261,2089.583001451205
20262,2089.583001451205
20263,2089.583001451205
20264,2089.583001451205
20265,2089.583001451205
20266,2089.583001451205
20267,2089.583001451205
20268,2089.583001451205
20269,2089.583001451205
20270,2089.583001451205
20271,2089.583001451205
20272,2089.583001451205
20273,2089.583001451205
20274,2089.583001451205
20275,2089.583001451205
20276,2089.583001451205
20277,2089.583001451205
20278,2089.583001451205
20279,2089.583001451205
20280,2089.583001451205
20281,2089.583001451205
20282,2089.583001451205
20283,2089.583001451205
20284,2089.583001451205
20285,2089.583001451205
20286,2089.583001451205
20287,2089.583001451205
20288,2089.583001451205
20289,2089.583001451205
20290,2089.583001451205
20291,2089.583001451205
20292,2089.583001451205
20293,2089.583001451205
20294,2089.583001451205
20295,2089.583001451205
20296,2089.583001451205
20297,2089.583001451205
20298,2089.583001451205
20299,2089.583001451205
20300,2089.583001451205
20301,2089.583001451205
20302,2089.583001451205
20303,2089.583001451205
20304,2089.583001451205
20305,2089.583001451205
20306,2089.583001451205
20307,2089.583001451205
20308,2089.583001451205
20309,2089.583001451205
20310,2089.583001451205
20311,2089.583001451205
20312,2089.583001451205
20313,2089.583001451205
20314,2089.583001451205
20315,2089.583001451205
20316,2089.583001451205
20317,2089.583001451205
20318,2089.583001451205
20319,2089.583001451205
20320,2089.583001451205
20321,2089.583001451205
20322,2089.583001451205
20323,2089.583001451205
20324,2089.583001451205
20325,2089.583001451205
20326,2089.583001451205
20327,2089.583001451205
20328,2089.583001451205
20329,2089.583001451205
20330,2089.583001451205
20331,2089.583001451205
20332,2089.583001451205
20333,2089.583001451205
20334,2089.583001451205
20335,2089.583001451205
20336,2089.583001451205
20337,2089.583001451205
20338,2089.583001451205
20339,2089.583001451205
20340,2089.583001451205
20341,2089.583001451205
20342,2089.583001451205
20343,2089.583001451205
20344,2089.583001451205
20345,2089.583001451205
20346,2089.583001451205
20347,2089.583001451205
20348,2089.583001451205
20349,2089.583001451205
20350,2089.583001451205
20351,2089.583001451205
20352,2089.583001451205
20353,2089.583001451205
20354,2089.583001451205
20355,2089.583001451205
20356,2089.583001451205
20357,2089.583001451205
20358,2089.583001451205
20359,2089.583001451205
20360,2089.583001451205
20361,2089.583001451205
20362,2089.583001451205
20363,2089.583001451205
20364,2089.583001451205
20365,2089.583001451205
20366,2089.583001451205
20367,2089.583001451205
20368,2089.583001451205
20369,2089.583001451205
20370,2089.583001451205
20371,2089.583001451205
20372,2089.583001451205
20373,2089.583001451205
20374,2089.583001451205
20375,2089.583001451205
20376,2089.583001451205
20377,2089.583001451205
20378,2089.583001451205
20379,2089.583001451205
20380,2089.583001451205
20381,2089.583001451205
20382,2089.583001451205
20383,2089.583001451205
20384,2089.583001451205
20385,2089.583001451205
20386,2089.583001451205
20387,2089.583001451205
20388,2089.583001451205
20389,2089.583001451205
20390,2089.583001451205
20391,2089.583001451205
20392,2089.583001451205
20393,2089.583001451205
20394,2089.583001451205
20395,2089.583001451205
20396,2089.583001451205
20397,2089.583001451205
20398,2089.583001451205
20399,2089.583001451205
20400,2089.583001451205
20401,2089.583001451205
20402,2089.583001451205
20403,2089.583001451205
20404,2089.583001451205
20405,2089.583001451205
20406,2089.583001451205
20407,2089.583001451205
20408,2089.583001451205
20409,2089.583001451205
20410,2089.583001451205
20411,2089.583001451205
20412,2089.583001451205
20413,2089.583001451205
20414,2089.583001451205
20415,2089.583001451205
20416,2089.583001451205
20417,2089.583001451205
20418,2089.583001451205
20419,2089.583001451205
20420,2089.583001451205
20421,2089.583001451205
20422,2089.583001451205
20423,2089.583001451205
20424,2089.583001451205
20425,2089.583001451205
20426,2089.583001451205
20427,2089.583001451205
20428,2089.583001451205
20429,2089.583001451205
20430,2089.583001451205
20431,2089.583001451205
20432,2089.583001451205
20433,2089.583001451205
20434,2089.583001451205
20435,2089.583001451205
20436,2089.583001451205
20437,2089.583001451205
20438,2089.583001451205
20439,2089.583001451205
20440,2089.583001451205
20441,2089.583001451205
20442,2089.583001451205
20443,2089.583001451205
20444,2089.583001451205
20445,2089.583001451205
20446,2089.583001451205
20447,2089.583001451205
20448,2089.583001451205
20449,2089.583001451205
20450,2089.583001451205
20451,2089.583001451205
20452,2089.583001451205
20453,2089.583001451205
20454,2089.583001451205
20455,2089.583001451205
20456,2089.583001451205
20457,2089.583001451205
20458,2089.583001451205
20459,2089.583001451205
20460,2089.583001451205
20461,2089.583001451205
20462,2089.583001451205
20463,2089.583001451205
20464,2089.583001451205
20465,2089.583001451205
20466,2089.583001451205
20467,2089.583001451205
20468,2089.583001451205
20469,2089.583001451205
20470,2089.583001451205
20471,2082.48037329986
20472,2082.48037329986
20473,2082.48037329986
20474,2082.48037329986
20475,2082.48037329986
20476,2082.48037329986
20477,2082.48037329986
20478,2082.48037329986
20479,2082.48037329986
20480,2082.48037329986
20481,2082.48037329986
20482,2082.48037329986
20483,2082.48037329986
20484,2082.48037329986
20485,2082.48037329986
20486,2082.48037329986
20487,2082.48037329986
20488,2082.48037329986
20489,2082.48037329986
20490,2082.48037329986
20491,2082.48037329986
20492,2082.48037329986
20493,2082.48037329986
20494,2082.48037329986
20495,2082.48037329986
20496,2082.48037329986
20497,2082.48037329986
20498,2082.48037329986
20499,2082.48037329986
20500,2082.48037329986
20501,2082.48037329986
20502,2082.48037329986
20503,2082.48037329986
20504,2082.48037329986
20505,2082.48037329986
20506,2082.48037329986
20507,2082.48037329986
20508,2082.48037329986
20509,2082.48037329986
20510,2082.48037329986
20511,2082.48037329986
20512,2082.48037329986
20513,2082.48037329986
20514,2082.48037329986
20515,2082.48037329986
20516,2082.48037329986
20517,2082.48037329986
20518,2082.48037329986
20519,2082.48037329986
20520,2082.48037329986
20521,2082.48037329986
20522,2082.48037329986
20523,2082.48037329986
20524,2082.48037329986
20525,2082.48037329986
20526,2082.48037329986
20527,2082.48037329986
20528,2082.48037329986
20529,2082.48037329986
20530,2082.48037329986
20531,2082.48037329986
20532,2082.48037329986
20533,2082.48037329986
20534,2082.48037329986
20535,2082.48037329986
20536,2082.48037329986
20537,2082.48037329986
20538,2082.48037329986
20539,2082.48037329986
20540,2082.48037329986
20541,2082.48037329986
20542,2082.48037329986
20543,2082.48037329986
20544,2082.48037329986
20545,2082.48037329986
20546,2082.48037329986
20547,2082.48037329986
20548,2082.48037329986
20549,2082.48037329986
20550,2082.48037329986
20551,2082.48037329986
20552,2082.48037329986
20553,2082.48037329986
20554,2082.48037329986
20555,2082.48037329986
20556,2082.48037329986
20557,2082.48037329986
20558,2082.48037329986
20559,2082.48037329986
20560,2082.48037329986
20561,2082.48037329986
20562,2082.48037329986
20563,2082.48037329986
20564,2082.48037329986
20565,2082.48037329986
20566,2082.48037329986
20567,2082.48037329986
20568,2082.48037329986
20569,2082.48037329986
20570,2082.48037329986
20571,2082.48037329986
20572,2082.48037329986
20573,2082.48037329986
20574,2082.48037329986
20575,2082.48037329986
20576,2082.48037329986
20577,2082.48037329986
20578,2082.48037329986
20579,2082.48037329986
20580,2082.48037329986
20581,2082.48037329986
20582,2082.48037329986
20583,2082.48037329986
20584,2082.48037329986
20585,2082.48037329986
20586,2082.48037329986
20587,2082.48037329986
20588,2082.48037329986
20589,2082.48037329986
20590,2082.48037329986
20591,2082.48037329986
20592,2082.48037329986
20593,2082.48037329986
20594,2082.48037329986
20595,2082.48037329986
20596,2082.48037329986
20597,2082.48037329986
20598,2082.48037329986
20599,2082.48037329986
20600,2082.48037329986
20601,2082.48037329986
20602,2082.48037329986
20603,2082.48037329986
20604,2082.48037329986
20605,2082.48037329986
20606,2082.48037329986
20607,2082.48037329986
20608,2082.48037329986
20609,2082.48037329986
20610,2082.48037329986
20611,2082.48037329986
20612,2082.48037329986
20613,2082.48037329986
20614,2082.48037329986
20615,2082.48037329986
20616,2082.48037329986
20617,2082.48037329986
20618,2082.48037329986
20619,2082.48037329986
20620,2082.48037329986
20621,2082.48037329986
20622,2082.48037329986
20623,2082.48037329986
20624,2082.48037329986
20625,2082.48037329986
20626,2082.48037329986
20627,2082.48037329986
20628,2082.48037329986
20629,2082.48037329986
20630,2082.48037329986
20631,2082.48037329986
20632,2082.48037329986
20633,2082.48037329986
20634,2082.48037329986
20635,2082.48037329986
20636,2082.48037329986
20637,2082.48037329986
20638,2082.48037329986
20639,2082.48037329986
20640,2082.48037329986
20641,2082.48037329986
20642,2082.48037329986
20643,2082.48037329986
20644,2082.48037329986
20645,2082.48037329986
20646,2082.48037329986
20647,2082.48037329986
20648,2082.48037329986
20649,2082.48037329986
20650,2082.48037329986
20651,2082.48037329986
20652,2082.48037329986
20653,2082.48037329986
20654,2082.48037329986
20655,2082.48037329986
20656,2082.48037329986
20657,2082.48037329986
20658,2082.48037329986
20659,2082.48037329986
20660,2082.48037329986
20661,2082.48037329986
20662,2082.48037329986
20663,2082.48037329986
20664,2082.48037329986
20665,2082.48037329986
20666,2082.48037329986
20667,2082.48037329986
20668,2082.48037329986
20669,2082.48037329986
20670,2082.48037329986
20671,2082.48037329986
20672,2082.48037329986
20673,2082.48037329986
20674,2082.48037329986
20675,2082.48037329986
20676,2082.48037329986
20677,2082.48037329986
20678,2082.48037329986
20679,2082.48037329986
20680,2082.48037329986
20681,2082.48037329986
20682,2082.48037329986
20683,2082.48037329986
20684,2082.48037329986
20685,2082.48037329986
20686,2082.48037329986
20687,2082.48037329986
20688,2082.48037329986
20689,2082.48037329986
20690,2082.48037329986
20691,2082.48037329986
20692,2082.48037329986
20693,2082.48037329986
20694,2082.48037329986
20695,2082.48037329986
20696,2082.48037329986
20697,2082.48037329986
20698,2082.48037329986
20699,2082.48037329986
20700,2082.48037329986
20701,2082.48037329986
20702,2082.48037329986
20703,2082.48037329986
20704,2082.48037329986
20705,2082.48037329986
20706,2082.48037329986
20707,2082.48037329986
20708,2082.48037329986
20709,2082.48037329986
20710,2082.48037329986
20711,2082.48037329986
20712,2082.48037329986
20713,2082.48037329986
20714,2082.48037329986
20715,2082.48037329986
20716,2082.48037329986
20717,2082.48037329986
20718,2082.48037329986
20719,2082.48037329986
20720,2082.48037329986
20721,2082.48037329986
20722,2082.48037329986
20723,2082.48037329986
20724,2082.48037329986
20725,2082.48037329986
20726,2082.48037329986
20727,2082.48037329986
20728,2082.48037329986
20729,2082.48037329986
20730,2082.48037329986
20731,2082.48037329986
20732,2082.48037329986
20733,2082.48037329986
20734,2082.48037329986
20735,2082.48037329986
20736,2082.48037329986
20737,2082.48037329986
20738,2075.061993402643
20739,2075.061993402643
20740,2075.061993402643
20741,2075.061993402643
20742,2075.061993402643
20743,2075.061993402643
20744,2075.061993402643
20745,2075.061993402643
20746,2075.061993402643
20747,2075.061993402643
20748,2075.061993402643
20749,2075.061993402643
20750,2075.061993402643
20751,2075.061993402643
20752,2075.061993402643
20753,2075.061993402643
20754,2075.061993402643
20755,2075.061993402643
20756,2075.061993402643
20757,2075.061993402643
20758,2075.061993402643
20759,2075.061993402643
20760,2075.061993402643
20761,2075.061993402643
20762,2075.061993402643
20763,2075.061993402643
20764,2075.061993402643
20765,2075.061993402643
20766,2075.061993402643
20767,2075.061993402643
20768,2075.061993402643
20769,2075.061993402643
20770,2075.061993402643
20771,2075.061993402643
20772,2075.061993402643
20773,2075.061993402643
20774,2075.061993402643
20775,2075.061993402643
20776,2075.061993402643
20777,2075.061993402643
20778,2075.061993402643
20779,2075.061993402643
20780,2075.061993402643
20781,2075.061993402643
20782,2075.061993402643
20783,2075.061993402643
20784,2075.061993402643
20785,2075.061993402643
20786,2075.061993402643
20787,2075.061993402643
20788,2075.061993402643
20789,2075.061993402643
20790,2075.061993402643
20791,2075.061993402643
20792,2075.061993402643
20793,2075.061993402643
20794,2075.061993402643
20795,2075.061993402643
20796,2075.061993402643
20797,2075.061993402643
20798,2075.061993402643
20799,2075.061993402643
20800,2075.061993402643
20801,2075.061993402643
20802,2075.061993402643
20803,2075.061993402643
20804,2075.061993402643
20805,2075.061993402643
20806,2075.061993402643
20807,2075.061993402643
20808,2075.061993402643
20809,2075.061993402643
20810,2075.061993402643
20811,2075.061993402643
20812,2075.061993402643
20813,2075.061993402643
20814,2075.061993402643
20815,2075.061993402643
20816,2075.061993402643
20817,2075.061993402643
20818,2075.061993402643
20819,2075.061993402643
20820,2075.061993402643
20821,2075.061993402643
20822,2075.061993402643
20823,2075.061993402643
20824,2075.061993402643
20825,2075.061993402643
20826,2075.061993402643
20827,2075.061993402643
20828,2075.061993402643
20829,2075.061993402643
20830,2075.061993402643
20831,2075.061993402643
20832,2075.061993402643
20833,2075.061993402643
20834,2075.061993402643
20835,2075.061993402643
20836,2075.061993402643
20837,2075.061993402643
20838,2075.061993402643
20839,2075.061993402643
20840,2075.061993402643
20841,2075.061993402643
20842,2075.061993402643
20843,2075.061993402643
20844,2075.061993402643
20845,2075.061993402643
20846,2075.061993402643
20847,2075.061993402643
20848,2075.061993402643
20849,2075.061993402643
20850,2075.061993402643
20851,2075.061993402643
20852,2075.061993402643
20853,2075.061993402643
20854,2075.061993402643
20855,2075.061993402643
20856,2075.061993402643
20857,2075.061993402643
20858,2075.061993402643
20859,2075.061993402643
20860,2075.061993402643
20861,2075.061993402643
20862,2075.061993402643
20863,2075.061993402643
20864,2075.061993402643
20865,2075.061993402643
20866,2075.061993402643
20867,2075.061993402643
20868,2075.061993402643
20869,2075.061993402643
20870,2075.061993402643
20871,2075.061993402643
20872,2075.061993402643
20873,2075.061993402643
20874,2075.061993402643
20875,2075.061993402643
20876,2075.061993402643
20877,2075.061993402643
20878,2075.061993402643
20879,2075.061993402643
20880,2075.061993402643
20881,2075.061993402643
20882,2075.061993402643
20883,2075.061993402643
20884,2075.061993402643
20885,2075.061993402643
20886,2075.061993402643
20887,2075.061993402643
20888,2075.061993402643
20889,2075.061993402643
20890,2075.061993402643
20891,2075.061993402643
20892,2075.061993402643
20893,2075.061993402643
20894,2075.061993402643
20895,2075.061993402643
20896,2075.061993402643
20897,2075.061993402643
20898,2075.061993402643
20899,2075.061993402643
20900,2075.061993402643
20901,2075.061993402643
20902,2075.061993402643
20903,2075.061993402643
20904,2075.061993402643
20905,2075.061993402643
20906,2075.061993402643
20907,2075.061993402643
20908,2075.061993402643
20909,2075.061993402643
20910,2075.061993402643
20911,2075.061993402643
20912,2075.061993402643
20913,2075.061993402643
20914,2075.061993402643
20915,2075.061993402643
20916,2075.061993402643
20917,2075.061993402643
20918,2075.061993402643
20919,2075.061993402643
20920,2075.061993402643
20921,2075.061993402643
20922,2075.061993402643
20923,2075.061993402643
20924,2075.061993402643
20925,2075.061993402643
20926,2075.061993402643
20927,2075.061993402643
20928,2075.061993402643
20929,2075.061993402643
20930,2075.061993402643
20931,2075.061993402643
20932,2075.061993402643
20933,2075.061993402643
20934,2075.061993402643
20935,2075.061993402643
20936,2075.061993402643
20937,2075.061993402643
20938,2075.061993402643
20939,2075.061993402643
20940,2075.061993402643
20941,2075.061993402643
20942,2075.061993402643
20943,2075.061993402643
20944,2075.061993402643
20945,2075.061993402643
20946,2075.061993402643
20947,2075.061993402643
20948,2075.061993402643
20949,2075.061993402643
20950,2075.061993402643
20951,2075.061993402643
20952,2075.061993402643
20953,2075.061993402643
20954,2075.061993402643
20955,2075.061993402643
20956,2075.061993402643
20957,2075.061993402643
20958,2075.061993402643
20959,2075.061993402643
20960,2075.061993402643
20961,2075.061993402643
20962,2075.061993402643
20963,2075.061993402643
20964,2075.061993402643
20965,2075.061993402643
20966,2075.061993402643
20967,2075.061993402643
20968,2075.061993402643
20969,2075.061993402643
20970,2075.061993402643
20971,2075.061993402643
20972,2075.061993402643
20973,2075.061993402643
20974,2075.061993402643
20975,2075.061993402643
20976,2075.061993402643
20977,2075.061993402643
20978,2075.061993402643
20979,2075.061993402643
20980,2075.061993402643
20981,2075.061993402643
20982,2075.061993402643
20983,2075.061993402643
20984,2075.061993402643
20985,2075.061993402643
20986,2075.061993402643
20987,2075.061993402643
20988,2075.061993402643
20989,2075.061993402643
20990,2075.061993402643
20991,2075.061993402643
20992,2075.061993402643
20993,2075.061993402643
20994,2075.061993402643
20995,2075.061993402643
20996,2075.061993402643
20997,2075.061993402643
20998,2075.061993402643
20999,2075.061993402643
21000,2075.061993402643
21001,2075.061993402643
21002,2075.061993402643
21003,2075.061993402643
21004,2075.061993402643
21005,2075.061993402643
21006,2075.061993402643
21007,2075.061993402643
21008,2075.061993402643
21009,2075.061993402643
21010,2075.061993402643
21011,2075.061993402643
21012,2075.061993402643
21013,2075.061993402643
21014,2075.061993402643
21015,2075.061993402643
21016,2075.061993402643
21017,2075.061993402643
21018,2075.061993402643
21019,2075.061993402643
21020,2075.061993402643
21021,2075.061993402643
21022,2075.061993402643
21023,2075.061993402643
21024,2075.061993402643
21025,2075.061993402643
21026,2075.061993402643
21027,2075.061993402643
21028,2075.061993402643
21029,2075.061993402643
21030,2075.061993402643
21031,2075.061993402643
21032,2075.061993402643
21033,2075.061993402643
21034,2075.061993402643
21035,2075.061993402643
21036,2075.061993402643
21037,2075.061993402643
21038,2075.061993402643
21039,2075.061993402643
21040,2075.061993402643
21041,2075.061993402643
21042,2075.061993402643
21043,2075.061993402643
21044,2075.061993402643
21045,2075.061993402643
21046,2075.061993402643
21047,2075.061993402643
21048,2075.061993402643
21049,2075.061993402643
21050,2075.061993402643
21051,2075.061993402643
21052,2075.061993402643
21053,2075.061993402643
21054,2075.061993402643
21055,2075.061993402643
21056,2075.061993402643
21057,2075.061993402643
21058,2075.061993402643
21059,2075.061993402643
21060,2075.061993402643
21061,2075.061993402643
21062,2075.061993402643
21063,2075.061993402643
21064,2075.061993402643
21065,2075.061993402643
21066,2075.061993402643
21067,2075.061993402643
21068,2075.061993402643
21069,2073.645533116694
21070,2073.645533116694
21071,2073.645533116694
21072,2073.645533116694
21073,2073.645533116694
21074,2073.645533116694
21075,2073.645533116694
21076,2073.645533116694
21077,2073.645533116694
21078,2073.645533116694
21079,2073.645533116694
21080,2073.645533116694
21081,2073.645533116694
21082,2073.645533116694
21083,2073.645533116694
21084,2073.645533116694
21085,2073.645533116694
21086,2073.645533116694
21087,2073.645533116694
21088,2073.645533116694
21089,2073.645533116694
21090,2073.645533116694
21091,2073.645533116694
21092,2073.645533116694
21093,2073.645533116694
21094,2073.645533116694
21095,2073.645533116694
21096,2073.645533116694
21097,2073.645533116694
21098,2073.645533116694
21099,2073.645533116694
21100,2073.645533116694
21101,2073.645533116694
21102,2073.645533116694
21103,2073.645533116694
21104,2073.645533116694
21105,2073.645533116694
21106,2073.645533116694
21107,2073.645533116694
21108,2073.645533116694
21109,2073.645533116694
21110,2073.645533116694
21111,2073.645533116694
21112,2073.645533116694
21113,2073.645533116694
21114,2073.645533116694
21115,2073.645533116694
21116,2073.645533116694
21117,2073.645533116694
21118,2073.645533116694
21119,2073.645533116694
21120,2073.645533116694
21121,2073.645533116694
21122,2073.645533116694
21123,2073.645533116694
21124,2073.645533116694
21125,2073.645533116694
21126,2073.645533116694
21127,2073.645533116694
21128,2073.645533116694
21129,2073.645533116694
21130,2073.645533116694
21131,2073.645533116694
21132,2073.645533116694
21133,2073.645533116694
21134,2073.645533116694
21135,2073.645533116694
21136,2073.645533116694
21137,2073.645533116694
21138,2073.645533116694
21139,2073.645533116694
21140,2073.645533116694
21141,2073.645533116694
21142,2073.645533116694
21143,2073.645533116694
21144,2073.645533116694
21145,2073.645533116694
21146,2073.645533116694
21147,2073.645533116694
21148,2073.645533116694
21149,2073.645533116694
21150,2073.645533116694
21151,2073.645533116694
21152,2073.645533116694
21153,2073.645533116694
21154,2073.645533116694
21155,2073.645533116694
21156,2073.645533116694
21157,2073.645533116694
21158,2073.645533116694
21159,2073.645533116694
21160,2073.645533116694
21161,2073.645533116694
21162,2073.645533116694
21163,2073.645533116694
21164,2073.645533116694
21165,2073.645533116694
21166,2073.645533116694
21167,2073.645533116694
21168,2073.645533116694
21169,2073.645533116694
21170,2073.645533116694
21171,2073.645533116694
21172,2073.645533116694
21173,2073.645533116694
21174,2073.645533116694
21175,2073.645533116694
21176,2073.645533116694
21177,2073.645533116694
21178,2073.645533116694
21179,2073.645533116694
21180,2073.645533116694
21181,2073.645533116694
21182,2073.645533116694
21183,2073.645533116694
21184,2073.645533116694
21185,2073.645533116694
21186,2073.645533116694
21187,2073.645533116694
21188,2073.645533116694
21189,2073.645533116694
21190,2073.645533116694
21191,2073.645533116694
21192,2073.645533116694
21193,2073.645533116694
21194,2073.645533116694
21195,2073.645533116694
21196,2073.645533116694
21197,2073.645533116694
21198,2073.645533116694
21199,2073.645533116694
21200,2073.645533116694
21201,2073.645533116694
21202,2073.645533116694
21203,2073.645533116694
21204,2073.645533116694
21205,2073.645533116694
21206,2073.645533116694
21207,2073.645533116694
21208,2073.645533116694
21209,2073.645533116694
21210,2073.645533116694
21211,2073.645533116694
21212,2073.645533116694
21213,2073.645533116694
21214,2073.645533116694
21215,2073.645533116694
21216,2073.645533116694
21217,2073.645533116694
21218,2073.645533116694
21219,2073.645533116694
21220,2073.645533116694
21221,2073.645533116694
21222,2073.645533116694
21223,2073.645533116694
21224,2073.645533116694
21225,2073.645533116694
21226,2073.645533116694
21227,2073.645533116694
21228,2073.645533116694
21229,2073.645533116694
21230,2073.645533116694
21231,2073.645533116694
21232,2073.645533116694
21233,2073.645533116694
21234,2073.645533116694
21235,2073.645533116694
21236,2073.645533116694
21237,2073.645533116694
21238,2073.645533116694
21239,2073.645533116694
21240,2073.645533116694
21241,2073.645533116694
21242,2073.645533116694
21243,2073.645533116694
21244,2073.645533116694
21245,2073.645533116694
21246,2073.645533116694
21247,2073.645533116694
21248,2073.645533116694
21249,2073.645533116694
21250,2073.645533116694
21251,2073.645533116694
21252,2073.645533116694
21253,2073.645533116694
21254,2073.645533116694
21255,2073.645533116694
21256,2073.645533116694
21257,2073.645533116694
21258,2073.645533116694
21259,2073.645533116694
21260,2073.645533116694
21261,2073.645533116694
21262,2073.645533116694
21263,2073.645533116694
21264,2073.645533116694
21265,2073.645533116694
21266,2073.645533116694
21267,2073.645533116694
21268,2073.645533116694
21269,2073.645533116694
21270,2073.645533116694
21271,2073.645533116694
21272,2073.645533116694
21273,2073.645533116694
21274,2073.645533116694
21275,2073.645533116694
21276,2073.645533116694
21277,2073.645533116694
21278,2073.645533116694
21279,2073.645533116694
21280,2073.645533116694
21281,2073.645533116694
21282,2073.645533116694
21283,2073.645533116694
21284,2073.645533116694
21285,2073.645533116694
21286,2073.645533116694
21287,2073.645533116694
21288,2073.645533116694
21289,2073.645533116694
21290,2073.645533116694
21291,2073.645533116694
21292,2073.645533116694
21293,2073.645533116694
21294,2073.645533116694
21295,2073.645533116694
21296,2073.645533116694
21297,2073.645533116694
21298,2073.645533116694
21299,2073.645533116694
21300,2073.645533116694
21301,2073.645533116694
21302,2073.645533116694
21303,2073.645533116694
21304,2073.645533116694
21305,2073.645533116694
21306,2073.645533116694
21307,2073.645533116694
21308,2073.645533116694
21309,2073.645533116694
21310,2073.645533116694
21311,2073.645533116694
21312,2073.645533116694
21313,2073.645533116694
21314,2073.645533116694
21315,2073.645533116694
21316,2073.645533116694
21317,2073.645533116694
21318,2073.645533116694
21319,2073.645533116694
21320,2073.645533116694
21321,2073.645533116694
21322,2073.645533116694
21323,2073.645533116694
21324,2073.645533116694
21325,2073.645533116694
21326,2073.645533116694
21327,2073.645533116694
21328,2073.645533116694
21329,2073.645533116694
21330,2073.645533116694
21331,2073.645533116694
21332,2073.645533116694
21333,2073.645533116694
21334,2073.645533116694
21335,2073.645533116694
21336,2073.645533116694
21337,2073.645533116694
21338,2073.645533116694
21339,2073.645533116694
21340,2073.645533116694
21341,2073.645533116694
21342,2073.645533116694
21343,2073.645533116694
21344,2073.645533116694
21345,2073.645533116694
21346,2073.645533116694
21347,2073.645533116694
21348,2073.645533116694
21349,2073.645533116694
21350,2073.645533116694
21351,2073.645533116694
21352,2073.645533116694
21353,2073.645533116694
21354,2073.645533116694
21355,2073.645533116694
21356,2073.645533116694
21357,2073.645533116694
21358,2073.645533116694
21359,2073.645533116694
21360,2073.645533116694
21361,2073.645533116694
21362,2073.645533116694
21363,2073.645533116694
21364,2073.645533116694
21365,2073.645533116694
21366,2073.645533116694
21367,2073.645533116694
21368,2073.645533116694
21369,2073.645533116694
21370,2073.645533116694
21371,2073.645533116694
21372,2073.645533116694
21373,2073.645533116694
21374,2073.645533116694
21375,2073.645533116694
21376,2073.645533116694
21377,2073.645533116694
21378,2073.645533116694
21379,2073.645533116694
21380,2073.645533116694
21381,2073.645533116694
21382,2073.645533116694
21383,2073.645533116694
21384,2073.645533116694
21385,2073.645533116694
21386,2073.645533116694
21387,2073.645533116694
21388,2073.645533116694
21389,2073.645533116694
21390,2073.645533116694
21391,2073.645533116694
21392,2073.645533116694
21393,2073.645533116694
21394,2073.645533116694
21395,2073.645533116694
21396,2073.645533116694
21397,2073.645533116694
21398,2073.645533116694
21399,2073.645533116694
21400,2073.645533116694
21401,2073.645533116694
21402,2073.645533116694
21403,2073.645533116694
21404,2073.645533116694
21405,2073.645533116694
21406,2073.645533116694
21407,2073.645533116694
21408,2073.645533116694
21409,2073.645533116694
21410,2073.645533116694
21411,2073.645533116694
21412,2073.645533116694
21413,2073.645533116694
21414,2073.645533116694
21415,2073.645533116694
21416,2073.645533116694
21417,2073.645533116694
21418,2073.645533116694
21419,2073.645533116694
21420,2073.645533116694
21421,2073.645533116694
21422,2073.645533116694
21423,2073.645533116694
21424,2073.645533116694
21425,2073.645533116694
21426,2073.645533116694
21427,2073.645533116694
21428,2073.645533116694
21429,2073.645533116694
21430,2073.645533116694
21431,2073.645533116694
21432,2073.645533116694
21433,2073.645533116694
21434,2073.645533116694
21435,2073.645533116694
21436,2073.645533116694
21437,2073.645533116694
21438,2073.645533116694
21439,2073.645533116694
21440,2073.645533116694
21441,2073.645533116694
21442,2073.645533116694
21443,2073.645533116694
21444,2073.645533116694
21445,2073.645533116694
21446,2073.645533116694
21447,2073.645533116694
21448,2073.645533116694
21449,2073.645533116694
21450,2073.645533116694
21451,2073.645533116694
21452,2073.645533116694
21453,2073.645533116694
21454,2073.645533116694
21455,2073.645533116694
21456,2073.645533116694
21457,2073.645533116694
21458,2073.645533116694
21459,2073.645533116694
21460,2073.645533116694
21461,2073.645533116694
21462,2073.645533116694
21463,2073.645533116694
21464,2073.645533116694
21465,2073.645533116694
21466,2073.645533116694
21467,2073.645533116694
21468,2073.645533116694
21469,2073.645533116694
21470,2073.645533116694
21471,2073.645533116694
21472,2073.645533116694
21473,2073.645533116694
21474,2073.645533116694
21475,2073.645533116694
21476,2073.645533116694
21477,2073.645533116694
21478,2073.645533116694
21479,2073.645533116694
21480,2073.645533116694
21481,2073.645533116694
21482,2073.645533116694
21483,2073.645533116694
21484,2073.645533116694
21485,2073.645533116694
21486,2073.645533116694
21487,2073.645533116694
21488,2073.645533116694
21489,2073.645533116694
21490,2073.645533116694
21491,2073.645533116694
21492,2073.645533116694
21493,2073.645533116694
21494,2073.645533116694
21495,2073.645533116694
21496,2073.645533116694
21497,2073.645533116694
21498,2073.645533116694
21499,2073.645533116694
21500,2073.645533116694
21501,2073.645533116694
21502,2073.645533116694
21503,2073.645533116694
21504,2073.645533116694
21505,2073.645533116694
21506,2073.645533116694
21507,2073.645533116694
21508,2073.645533116694
21509,2073.645533116694
21510,2073.645533116694
21511,2073.645533116694
21512,2073.645533116694
21513,2073.645533116694
21514,2073.645533116694
21515,2073.645533116694
21516,2073.645533116694
21517,2073.645533116694
21518,2073.645533116694
21519,2073.645533116694
21520,2073.645533116694
21521,2073.645533116694
21522,2073.645533116694
21523,2073.645533116694
21524,2073.645533116694
21525,2073.645533116694
21526,2073.645533116694
21527,2073.645533116694
21528,2073.645533116694
21529,2073.645533116694
21530,2073.645533116694
21531,2073.645533116694
21532,2073.645533116694
21533,2073.645533116694
21534,2073.645533116694
21535,2073.645533116694
21536,2073.645533116694
21537,2073.645533116694
21538,2073.645533116694
21539,2073.645533116694
21540,2073.645533116694
21541,2073.645533116694
21542,2073.645533116694
21543,2073.645533116694
21544,2073.645533116694
21545,2073.645533116694
21546,2073.645533116694
21547,2073.645533116694
21548,2073.645533116694
21549,2073.645533116694
21550,2073.645533116694
21551,2073.645533116694
21552,2073.645533116694
21553,2073.645533116694
21554,2073.645533116694
21555,2073.645533116694
21556,2073.645533116694
21557,2073.645533116694
21558,2073.645533116694
21559,2073.645533116694
21560,2073.645533116694
21561,2073.645533116694
21562,2073.645533116694
21563,2073.645533116694
21564,2073.645533116694
21565,2073.645533116694
21566,2073.645533116694
21567,2073.645533116694
21568,2073.645533116694
21569,2073.645533116694
21570,2073.645533116694
21571,2073.645533116694
21572,2073.645533116694
21573,2073.645533116694
21574,2073.645533116694
21575,2073.645533116694
21576,2073.645533116694
21577,2073.645533116694
21578,2073.645533116694
21579,2073.645533116694
21580,2073.645533116694
21581,2073.645533116694
21582,2073.645533116694
21583,2073.645533116694
21584,2073.645533116694
21585,2073.645533116694
21586,2073.645533116694
21587,2073.645533116694
21588,2073.645533116694
21589,2073.645533116694
21590,2073.645533116694
21591,2073.645533116694
21592,2073.645533116694
21593,2073.645533116694
21594,2073.645533116694
21595,2073.645533116694
21596,2073.645533116694
21597,2073.645533116694
21598,2073.645533116694
21599,2073.645533116694
21600,2073.645533116694
21601,2073.645533116694
21602,2073.645533116694
21603,2073.645533116694
21604,2073.645533116694
21605,2073.645533116694
21606,2073.645533116694
21607,2073.645533116694
21608,2073.645533116694
21609,2073.645533116694
21610,2073.645533116694
21611,2073.645533116694
21612,2073.645533116694
21613,2073.645533116694
21614,2073.645533116694
21615,2073.645533116694
21616,2073.645533116694
21617,2073.645533116694
21618,2073.645533116694
21619,2073.645533116694
21620,2073.645533116694
21621,2073.645533116694
21622,2073.645533116694
21623,2073.645533116694
21624,2073.645533116694
21625,2073.645533116694
21626,2073.645533116694
21627,2073.645533116694
21628,2073.645533116694
21629,2073.645533116694
21630,2073.645533116694
21631,2073.645533116694
21632,2073.645533116694
21633,2073.645533116694
21634,2073.645533116694
21635,2073.645533116694
21636,2073.645533116694
21637,2073.645533116694
21638,2073.645533116694
21639,2073.645533116694
21640,2073.645533116694
21641,2073.645533116694
21642,2073.645533116694
21643,2073.645533116694
21644,2073.645533116694
21645,2073.645533116694
21646,2073.645533116694
21647,2073.645533116694
21648,2073.645533116694
21649,2073.645533116694
21650,2073.645533116694
21651,2073.645533116694
21652,2073.645533116694
21653,2073.645533116694
21654,2073.645533116694
21655,2073.645533116694
21656,2073.645533116694
21657,2073.645533116694
21658,2073.645533116694
21659,2073.645533116694
21660,2073.645533116694
21661,2073.645533116694
21662,2073.645533116694
21663,2073.645533116694
21664,2073.645533116694
21665,2073.645533116694
21666,2073.645533116694
21667,2073.645533116694
21668,2073.645533116694
21669,2073.645533116694
21670,2073.645533116694
21671,2073.645533116694
21672,2073.645533116694
21673,2073.645533116694
21674,2073.645533116694
21675,2073.645533116694
21676,2073.645533116694
21677,2073.645533116694
21678,2073.645533116694
21679,2073.645533116694
21680,2073.645533116694
21681,2073.645533116694
21682,2073.645533116694
21683,2073.645533116694
21684,2073.645533116694
21685,2073.645533116694
21686,2073.645533116694
21687,2073.645533116694
21688,2073.645533116694
21689,2073.645533116694
21690,2073.645533116694
21691,2073.645533116694
21692,2073.645533116694
21693,2073.645533116694
21694,2073.645533116694
21695,2073.645533116694
21696,2073.645533116694
21697,2073.645533116694
21698,2073.645533116694
21699,2073.645533116694
21700,2073.645533116694
21701,2073.645533116694
21702,2073.645533116694
21703,2073.645533116694
21704,2073.645533116694
21705,2073.645533116694
21706,2073.645533116694
21707,2073.645533116694
21708,2073.645533116694
21709,2073.645533116694
21710,2073.645533116694
21711,2073.645533116694
21712,2073.645533116694
21713,2073.645533116694
21714,2073.645533116694
21715,2073.645533116694
21716,2073.645533116694
21717,2073.645533116694
21718,2073.645533116694
21719,2073.645533116694
21720,2073.645533116694
21721,2073.645533116694
21722,2073.645533116694
21723,2073.645533116694
21724,2073.645533116694
21725,2073.645533116694
21726,2073.645533116694
21727,2073.645533116694
21728,2073.645533116694
21729,2073.645533116694
21730,2073.645533116694
21731,2073.645533116694
21732,2073.645533116694
21733,2073.645533116694
21734,2073.645533116694
21735,2073.645533116694
21736,2073.645533116694
21737,2073.645533116694
21738,2073.645533116694
21739,2073.645533116694
21740,2073.645533116694
21741,2073.645533116694
21742,2073.645533116694
21743,2073.645533116694
21744,2073.645533116694
21745,2073.645533116694
21746,2073.645533116694
21747,2073.645533116694
21748,2073.645533116694
21749,2073.645533116694
21750,2073.645533116694
21751,2073.645533116694
21752,2073.645533116694
21753,2073.645533116694
21754,2073.645533116694
21755,2073.645533116694
21756,2073.645533116694
21757,2073.645533116694
21758,2073.645533116694
21759,2073.645533116694
21760,2073.645533116694
21761,2073.645533116694
21762,2073.645533116694
21763,2073.645533116694
21764,2073.645533116694
21765,2073.645533116694
21766,2073.645533116694
21767,2073.645533116694
21768,2073.645533116694
21769,2073.645533116694
21770,2073.645533116694
21771,2073.645533116694
21772,2073.645533116694
21773,2073.645533116694
21774,2073.645533116694
21775,2073.645533116694
21776,2073.645533116694
21777,2073.645533116694
21778,2073.645533116694
21779,2073.645533116694
21780,2073.645533116694
21781,2073.645533116694
21782,2073.645533116694
21783,2073.645533116694
21784,2073.645533116694
21785,2073.645533116694
21786,2073.645533116694
21787,2073.645533116694
21788,2073.645533116694
21789,2073.645533116694
21790,2073.645533116694
21791,2073.645533116694
21792,2073.645533116694
21793,2073.645533116694
21794,2073.645533116694
21795,2073.645533116694
21796,2073.645533116694
21797,2073.645533116694
21798,2073.645533116694
21799,2073.645533116694
21800,2073.645533116694
21801,2073.645533116694
21802,2073.645533116694
21803,2073.645533116694
21804,2073.645533116694
21805,2073.645533116694
21806,2073.645533116694
21807,2073.645533116694
21808,2073.645533116694
21809,2073.645533116694
21810,2073.645533116694
21811,2073.645533116694
21812,2073.645533116694
21813,2073.645533116694
21814,2073.645533116694
21815,2073.645533116694
21816,2073.645533116694
21817,2073.645533116694
21818,2073.645533116694
21819,2073.645533116694
21820,2073.645533116694
21821,2073.645533116694
21822,2073.645533116694
21823,2073.645533116694
21824,2073.645533116694
21825,2073.645533116694
21826,2073.645533116694
21827,2073.645533116694
21828,2073.645533116694
21829,2073.645533116694
21830,2073.645533116694
21831,2073.645533116694
21832,2073.645533116694
21833,2073.645533116694
21834,2073.645533116694
21835,2073.645533116694
21836,2073.645533116694
21837,2073.645533116694
21838,2073.645533116694
21839,2073.645533116694
21840,2073.645533116694
21841,2073.645533116694
21842,2073.645533116694
21843,2073.645533116694
21844,2073.645533116694
21845,2073.645533116694
21846,2073.645533116694
21847,2073.645533116694
21848,2073.645533116694
21849,2073.645533116694
21850,2073.645533116694
21851,2073.645533116694
21852,2073.645533116694
21853,2073.645533116694
21854,2073.645533116694
21855,2073.645533116694
21856,2073.645533116694
21857,2073.645533116694
21858,2073.645533116694
21859,2073.645533116694
21860,2073.645533116694
21861,2073.645533116694
21862,2073.645533116694
21863,2073.645533116694
21864,2073.645533116694
21865,2073.645533116694
21866,2073.645533116694
21867,2073.645533116694
21868,2073.645533116694
21869,2073.645533116694
21870,2073.645533116694
21871,2073.645533116694
21872,2073.645533116694
21873,2073.645533116694
21874,2073.645533116694
21875,2073.645533116694
21876,2073.645533116694
21877,2073.645533116694
21878,2073.645533116694
21879,2073.645533116694
21880,2073.645533116694
21881,2073.645533116694
21882,2073.645533116694
21883,2073.645533116694
21884,2073.645533116694
21885,2073.645533116694
21886,2073.645533116694
21887,2073.645533116694
21888,2073.645533116694
21889,2073.645533116694
21890,2073.645533116694
21891,2073.645533116694
21892,2073.645533116694
21893,2073.645533116694
21894,2073.645533116694
21895,2073.645533116694
21896,2073.645533116694
21897,2073.645533116694
21898,2073.645533116694
21899,2073.645533116694
21900,2073.645533116694
21901,2073.645533116694
21902,2073.645533116694
21903,2073.645533116694
21904,2073.645533116694
21905,2073.645533116694
21906,2073.645533116694
21907,2073.645533116694
21908,2073.645533116694
21909,2073.645533116694
21910,2073.645533116694
21911,2073.645533116694
21912,2073.645533116694
21913,2073.645533116694
21914,2073.645533116694
21915,2073.645533116694
21916,2073.645533116694
21917,2073.645533116694
21918,2073.645533116694
21919,2073.645533116694
21920,2073.645533116694
21921,2073.645533116694
21922,2073.645533116694
21923,2073.645533116694
21924,2073.645533116694
21925,2073.645533116694
21926,2073.645533116694
21927,2073.645533116694
21928,2073.645533116694
21929,2073.645533116694
21930,2073.645533116694
21931,2073.645533116694
21932,2073.645533116694
21933,2073.645533116694
21934,2073.645533116694
21935,2073.645533116694
21936,2073.645533116694
21937,2073.645533116694
21938,2073.645533116694
21939,2073.645533116694
21940,2073.645533116694
21941,2073.645533116694
21942,2073.645533116694
21943,2073.645533116694
21944,2073.645533116694
21945,2073.645533116694
21946,2073.645533116694
21947,2073.645533116694
21948,2073.645533116694
21949,2073.645533116694
21950,2073.645533116694
21951,2073.645533116694
21952,2073.645533116694
21953,2073.645533116694
21954,2073.645533116694
21955,2073.645533116694
21956,2073.645533116694
21957,2073.645533116694
21958,2073.645533116694
21959,2073.645533116694
21960,2073.645533116694
21961,2073.645533116694
21962,2073.645533116694
21963,2073.645533116694
21964,2073.645533116694
21965,2073.645533116694
21966,2073.645533116694
21967,2073.645533116694
21968,2073.645533116694
21969,2073.645533116694
21970,2073.645533116694
21971,2073.645533116694
21972,2073.645533116694
21973,2073.645533116694
21974,2073.645533116694
21975,2073.645533116694
21976,2073.645533116694
21977,2073.645533116694
21978,2073.645533116694
21979,2073.645533116694
21980,2073.645533116694
21981,2073.645533116694
21982,2073.645533116694
21983,2073.645533116694
21984,2073.645533116694
21985,2073.645533116694
21986,2073.645533116694
21987,2073.645533116694
21988,2073.645533116694
21989,2073.645533116694
21990,2073.645533116694
21991,2073.645533116694
21992,2073.645533116694
21993,2073.645533116694
21994,2073.645533116694
21995,2073.645533116694
21996,2073.645533116694
21997,2073.645533116694
21998,2073.645533116694
21999,2073.645533116694
22000,2073.645533116694
22001,2073.645533116694
22002,2073.645533116694
22003,2073.645533116694
22004,2073.645533116694
22005,2073.645533116694
22006,2073.645533116694
22007,2073.645533116694
22008,2073.645533116694
22009,2073.645533116694
22010,2073.645533116694
22011,2071.5298226990453
22012,2071.5298226990453
22013,2071.5298226990453
22014,2071.5298226990453
22015,2071.5298226990453
22016,2071.5298226990453
22017,2071.5298226990453
22018,2071.5298226990453
22019,2071.5298226990453
22020,2071.5298226990453
22021,2071.5298226990453
22022,2071.5298226990453
22023,2071.5298226990453
22024,2071.5298226990453
22025,2071.5298226990453
22026,2071.5298226990453
22027,2071.5298226990453
22028,2071.5298226990453
22029,2071.5298226990453
22030,2071.5298226990453
22031,2071.5298226990453
22032,2071.5298226990453
22033,2071.5298226990453
22034,2071.5298226990453
22035,2071.5298226990453
22036,2071.5298226990453
22037,2071.5298226990453
22038,2071.5298226990453
22039,2071.5298226990453
22040,2071.5298226990453
22041,2071.5298226990453
22042,2071.5298226990453
22043,2071.5298226990453
22044,2071.5298226990453
22045,2071.5298226990453
22046,2071.5298226990453
22047,2071.5298226990453
22048,2071.5298226990453
22049,2071.5298226990453
22050,2071.5298226990453
22051,2071.5298226990453
22052,2071.5298226990453
22053,2071.5298226990453
22054,2071.5298226990453
22055,2071.5298226990453
22056,2071.5298226990453
22057,2071.5298226990453
22058,2071.5298226990453
22059,2071.5298226990453
22060,2071.5298226990453
22061,2071.5298226990453
22062,2071.5298226990453
22063,2071.5298226990453
22064,2071.5298226990453
22065,2071.5298226990453
22066,2071.5298226990453
22067,2071.5298226990453
22068,2071.5298226990453
22069,2071.5298226990453
22070,2071.5298226990453
22071,2071.5298226990453
22072,2071.5298226990453
22073,2071.5298226990453
22074,2071.5298226990453
22075,2071.5298226990453
22076,2071.5298226990453
22077,2071.5298226990453
22078,2071.5298226990453
22079,2071.5298226990453
22080,2071.5298226990453
22081,2071.5298226990453
22082,2071.5298226990453
22083,2071.5298226990453
22084,2071.5298226990453
22085,2071.5298226990453
22086,2071.5298226990453
22087,2071.5298226990453
22088,2071.5298226990453
22089,2071.5298226990453
22090,2071.5298226990453
22091,2071.5298226990453
22092,2071.5298226990453
22093,2071.5298226990453
22094,2071.5298226990453
22095,2071.5298226990453
22096,2071.5298226990453
22097,2071.5298226990453
22098,2071.5298226990453
22099,2071.5298226990453
22100,2071.5298226990453
22101,2071.5298226990453
22102,2071.5298226990453
22103,2071.5298226990453
22104,2071.5298226990453
22105,2071.5298226990453
22106,2071.5298226990453
22107,2071.5298226990453
22108,2071.5298226990453
22109,2071.5298226990453
22110,2071.5298226990453
22111,2071.5298226990453
22112,2071.5298226990453
22113,2071.5298226990453
22114,2071.5298226990453
22115,2071.5298226990453
22116,2071.5298226990453
22117,2071.5298226990453
22118,2071.5298226990453
22119,2071.5298226990453
22120,2071.5298226990453
22121,2071.5298226990453
22122,2071.5298226990453
22123,2071.5298226990453
22124,2071.5298226990453
22125,2071.5298226990453
22126,2071.5298226990453
22127,2071.5298226990453
22128,2071.5298226990453
22129,2071.5298226990453
22130,2071.5298226990453
22131,2071.5298226990453
22132,2071.5298226990453
22133,2071.5298226990453
22134,2071.5298226990453
22135,2071.5298226990453
22136,2071.5298226990453
22137,2071.5298226990453
22138,2071.5298226990453
22139,2071.5298226990453
22140,2071.5298226990453
22141,2071.5298226990453
22142,2071.5298226990453
22143,2071.5298226990453
22144,2071.5298226990453
22145,2071.5298226990453
22146,2071.5298226990453
22147,2071.5298226990453
22148,2071.5298226990453
22149,2071.5298226990453
22150,2071.5298226990453
22151,2071.5298226990453
22152,2071.5298226990453
22153,2071.5298226990453
22154,2071.5298226990453
22155,2071.5298226990453
22156,2071.5298226990453
22157,2071.5298226990453
22158,2071.5298226990453
22159,2071.5298226990453
22160,2071.5298226990453
22161,2071.5298226990453
22162,2071.5298226990453
22163,2071.5298226990453
22164,2071.5298226990453
22165,2071.5298226990453
22166,2071.5298226990453
22167,2071.5298226990453
22168,2071.5298226990453
22169,2071.5298226990453
22170,2071.5298226990453
22171,2071.5298226990453
22172,2071.5298226990453
22173,2071.5298226990453
22174,2071.5298226990453
22175,2071.5298226990453
22176,2071.5298226990453
22177,2071.5298226990453
22178,2071.5298226990453
22179,2071.5298226990453
22180,2071.5298226990453
22181,2071.5298226990453
22182,2071.5298226990453
22183,2071.5298226990453
22184,2071.5298226990453
22185,2071.5298226990453
22186,2071.5298226990453
22187,2071.5298226990453
22188,2071.5298226990453
22189,2071.5298226990453
22190,2071.5298226990453
22191,2071.5298226990453
22192,2071.5298226990453
22193,2071.5298226990453
22194,2071.5298226990453
22195,2071.5298226990453
22196,2071.5298226990453
22197,2071.5298226990453
22198,2071.5298226990453
22199,2071.5298226990453
22200,2071.5298226990453
22201,2071.5298226990453
22202,2071.5298226990453
22203,2071.5298226990453
22204,2071.5298226990453
22205,2071.5298226990453
22206,2071.5298226990453
22207,2071.5298226990453
22208,2071.5298226990453
22209,2071.5298226990453
22210,2071.5298226990453
22211,2071.5298226990453
22212,2071.5298226990453
22213,2071.5298226990453
22214,2071.5298226990453
22215,2071.5298226990453
22216,2071.5298226990453
22217,2071.5298226990453
22218,2071.5298226990453
22219,2071.5298226990453
22220,2071.5298226990453
22221,2071.5298226990453
22222,2071.5298226990453
22223,2071.5298226990453
22224,2071.5298226990453
22225,2071.5298226990453
22226,2071.5298226990453
22227,2071.5298226990453
22228,2071.5298226990453
22229,2071.5298226990453
22230,2071.5298226990453
22231,2071.5298226990453
22232,2071.5298226990453
22233,2071.5298226990453
22234,2071.5298226990453
22235,2071.5298226990453
22236,2071.5298226990453
22237,2071.5298226990453
22238,2071.5298226990453
22239,2071.5298226990453
22240,2071.5298226990453
22241,2071.5298226990453
22242,2071.5298226990453
22243,2071.5298226990453
22244,2071.5298226990453
22245,2071.5298226990453
22246,2071.5298226990453
22247,2071.5298226990453
22248,2071.5298226990453
22249,2071.5298226990453
22250,2071.5298226990453
22251,2071.5298226990453
22252,2071.5298226990453
22253,2071.5298226990453
22254,2071.5298226990453
22255,2071.5298226990453
22256,2071.5298226990453
22257,2071.5298226990453
22258,2071.5298226990453
22259,2071.5298226990453
22260,2071.5298226990453
22261,2071.5298226990453
22262,2071.5298226990453
22263,2071.5298226990453
22264,2071.5298226990453
22265,2071.5298226990453
22266,2071.5298226990453
22267,2071.5298226990453
22268,2071.5298226990453
22269,2071.5298226990453
22270,2071.5298226990453
22271,2071.5298226990453
22272,2071.5298226990453
22273,2071.5298226990453
22274,2071.5298226990453
22275,2071.5298226990453
22276,2071.5298226990453
22277,2071.5298226990453
22278,2071.5298226990453
22279,2071.5298226990453
22280,2071.5298226990453
22281,2071.5298226990453
22282,2071.5298226990453
22283,2071.5298226990453
22284,2071.5298226990453
22285,2071.5298226990453
22286,2071.5298226990453
22287,2071.5298226990453
22288,2071.5298226990453
22289,2071.5298226990453
22290,2071.5298226990453
22291,2071.5298226990453
22292,2071.5298226990453
22293,2071.5298226990453
22294,2071.5298226990453
22295,2071.5298226990453
22296,2071.5298226990453
22297,2071.5298226990453
22298,2071.5298226990453
22299,2071.5298226990453
22300,2071.5298226990453
22301,2071.5298226990453
22302,2071.5298226990453
22303,2071.5298226990453
22304,2071.5298226990453
22305,2071.5298226990453
22306,2071.5298226990453
22307,2071.5298226990453
22308,2071.5298226990453
22309,2071.5298226990453
22310,2071.5298226990453
22311,2071.5298226990453
22312,2071.5298226990453
22313,2071.5298226990453
22314,2071.5298226990453
22315,2071.5298226990453
22316,2071.5298226990453
22317,2071.5298226990453
22318,2071.5298226990453
22319,2071.5298226990453
22320,2071.5298226990453
22321,2071.5298226990453
22322,2071.5298226990453
22323,2071.5298226990453
22324,2071.5298226990453
22325,2071.5298226990453
22326,2071.5298226990453
22327,2071.5298226990453
22328,2071.5298226990453
22329,2071.5298226990453
22330,2071.5298226990453
22331,2071.5298226990453
22332,2071.5298226990453
22333,2071.5298226990453
22334,2071.5298226990453
22335,2071.5298226990453
22336,2071.5298226990453
22337,2071.5298226990453
22338,2071.5298226990453
22339,2071.5298226990453
22340,2071.5298226990453
22341,2071.5298226990453
22342,2071.5298226990453
22343,2071.5298226990453
22344,2071.5298226990453
22345,2071.5298226990453
22346,2071.5298226990453
22347,2071.5298226990453
22348,2071.5298226990453
22349,2071.5298226990453
22350,2071.5298226990453
22351,2071.5298226990453
22352,2071.5298226990453
22353,2071.5298226990453
22354,2071.5298226990453
22355,2071.5298226990453
22356,2071.5298226990453
22357,2071.5298226990453
22358,2071.5298226990453
22359,2071.5298226990453
22360,2071.5298226990453
22361,2071.5298226990453
22362,2071.5298226990453
22363,2071.5298226990453
22364,2071.5298226990453
22365,2071.5298226990453
22366,2071.5298226990453
22367,2071.5298226990453
22368,2071.5298226990453
22369,2071.5298226990453
22370,2071.5298226990453
22371,2071.5298226990453
22372,2071.5298226990453
22373,2071.5298226990453
22374,2071.5298226990453
22375,2071.5298226990453
22376,2071.5298226990453
22377,2071.5298226990453
22378,2071.5298226990453
22379,2071.5298226990453
22380,2071.5298226990453
22381,2071.5298226990453
22382,2071.5298226990453
22383,2071.5298226990453
22384,2071.5298226990453
22385,2071.5298226990453
22386,2071.5298226990453
22387,2071.5298226990453
22388,2071.5298226990453
22389,2071.5298226990453
22390,2071.5298226990453
22391,2071.5298226990453
22392,2071.5298226990453
22393,2071.5298226990453
22394,2071.5298226990453
22395,2071.5298226990453
22396,2071.5298226990453
22397,2071.5298226990453
22398,2071.5298226990453
22399,2071.5298226990453
22400,2071.5298226990453
22401,2071.5298226990453
22402,2071.5298226990453
22403,2071.5298226990453
22404,2071.5298226990453
22405,2071.5298226990453
22406,2071.5298226990453
22407,2071.5298226990453
22408,2071.5298226990453
22409,2071.5298226990453
22410,2071.5298226990453
22411,2071.5298226990453
22412,2071.5298226990453
22413,2071.5298226990453
22414,2071.5298226990453
22415,2071.5298226990453
22416,2071.5298226990453
22417,2071.5298226990453
22418,2071.5298226990453
22419,2071.5298226990453
22420,2071.5298226990453
22421,2071.5298226990453
22422,2071.5298226990453
22423,2071.5298226990453
22424,2071.5298226990453
22425,2071.5298226990453
22426,2071.5298226990453
22427,2071.5298226990453
22428,2071.5298226990453
22429,2071.5298226990453
22430,2071.5298226990453
22431,2071.5298226990453
22432,2071.5298226990453
22433,2071.5298226990453
22434,2071.5298226990453
22435,2071.5298226990453
22436,2071.5298226990453
22437,2071.5298226990453
22438,2071.5298226990453
22439,2071.5298226990453
22440,2071.5298226990453
22441,2071.5298226990453
22442,2071.5298226990453
22443,2071.5298226990453
22444,2071.5298226990453
22445,2071.5298226990453
22446,2071.5298226990453
22447,2071.5298226990453
22448,2071.5298226990453
22449,2071.5298226990453
22450,2071.5298226990453
22451,2071.5298226990453
22452,2071.5298226990453
22453,2071.5298226990453
22454,2071.5298226990453
22455,2071.5298226990453
22456,2071.5298226990453
22457,2071.5298226990453
22458,2071.5298226990453
22459,2071.5298226990453
22460,2071.5298226990453
22461,2071.5298226990453
22462,2071.5298226990453
22463,2071.5298226990453
22464,2071.5298226990453
22465,2071.5298226990453
22466,2071.5298226990453
22467,2071.5298226990453
22468,2071.5298226990453
22469,2071.5298226990453
22470,2071.5298226990453
22471,2071.5298226990453
22472,2071.5298226990453
22473,2071.5298226990453
22474,2071.5298226990453
22475,2071.5298226990453
22476,2071.5298226990453
22477,2071.5298226990453
22478,2071.5298226990453
22479,2071.5298226990453
22480,2071.5298226990453
22481,2071.5298226990453
22482,2071.5298226990453
22483,2071.5298226990453
22484,2071.5298226990453
22485,2071.5298226990453
22486,2071.5298226990453
22487,2071.5298226990453
22488,2071.5298226990453
22489,2071.5298226990453
22490,2071.5298226990453
22491,2071.5298226990453
22492,2071.5298226990453
22493,2071.5298226990453
22494,2071.5298226990453
22495,2071.5298226990453
22496,2071.5298226990453
22497,2071.5298226990453
22498,2071.5298226990453
22499,2071.5298226990453
22500,2071.5298226990453
22501,2071.5298226990453
22502,2071.5298226990453
22503,2071.5298226990453
22504,2071.5298226990453
22505,2071.5298226990453
22506,2071.5298226990453
22507,2071.5298226990453
22508,2071.5298226990453
22509,2071.5298226990453
22510,2071.5298226990453
22511,2071.5298226990453
22512,2071.5298226990453
22513,2071.5298226990453
22514,2071.5298226990453
22515,2071.5298226990453
22516,2071.5298226990453
22517,2071.5298226990453
22518,2071.5298226990453
22519,2071.5298226990453
22520,2071.5298226990453
22521,2071.5298226990453
22522,2071.5298226990453
22523,2071.5298226990453
22524,2071.5298226990453
22525,2071.5298226990453
22526,2071.5298226990453
22527,2071.5298226990453
22528,2071.5298226990453
22529,2071.5298226990453
22530,2071.5298226990453
22531,2071.5298226990453
22532,2071.5298226990453
22533,2071.5298226990453
22534,2071.5298226990453
22535,2071.5298226990453
22536,2071.5298226990453
22537,2071.5298226990453
22538,2071.5298226990453
22539,2071.5298226990453
22540,2071.5298226990453
22541,2071.5298226990453
22542,2071.5298226990453
22543,2071.5298226990453
22544,2071.5298226990453
22545,2071.5298226990453
22546,2071.5298226990453
22547,2071.5298226990453
22548,2071.5298226990453
22549,2071.5298226990453
22550,2071.5298226990453
22551,2071.5298226990453
22552,2071.5298226990453
22553,2071.5298226990453
22554,2071.5298226990453
22555,2071.5298226990453
22556,2071.5298226990453
22557,2071.5298226990453
22558,2071.5298226990453
22559,2071.5298226990453
22560,2071.5298226990453
22561,2071.5298226990453
22562,2071.5298226990453
22563,2071.5298226990453
22564,2071.5298226990453
22565,2071.5298226990453
22566,2071.5298226990453
22567,2071.5298226990453
22568,2071.5298226990453
22569,2071.5298226990453
22570,2071.5298226990453
22571,2071.5298226990453
22572,2071.5298226990453
22573,2071.5298226990453
22574,2071.5298226990453
22575,2071.5298226990453
22576,2071.5298226990453
22577,2071.5298226990453
22578,2071.5298226990453
22579,2071.5298226990453
22580,2071.5298226990453
22581,2071.5298226990453
22582,2071.5298226990453
22583,2071.5298226990453
22584,2071.5298226990453
22585,2071.5298226990453
22586,2071.5298226990453
22587,2071.5298226990453
22588,2071.5298226990453
22589,2071.5298226990453
22590,2071.5298226990453
22591,2071.5298226990453
22592,2071.5298226990453
22593,2071.5298226990453
22594,2071.5298226990453
22595,2071.5298226990453
22596,2071.5298226990453
22597,2071.5298226990453
22598,2071.5298226990453
22599,2071.5298226990453
22600,2071.5298226990453
22601,2071.5298226990453
22602,2071.5298226990453
22603,2071.5298226990453
22604,2071.5298226990453
22605,2071.5298226990453
22606,2071.5298226990453
22607,2071.5298226990453
22608,2071.5298226990453
22609,2071.5298226990453
22610,2071.5298226990453
22611,2071.5298226990453
22612,2071.5298226990453
22613,2071.5298226990453
22614,2071.5298226990453
22615,2071.5298226990453
22616,2071.5298226990453
22617,2071.5298226990453
22618,2071.5298226990453
22619,2071.5298226990453
22620,2071.5298226990453
22621,2071.5298226990453
22622,2071.5298226990453
22623,2071.5298226990453
22624,2071.5298226990453
22625,2071.5298226990453
22626,2071.5298226990453
22627,2071.5298226990453
22628,2071.5298226990453
22629,2071.5298226990453
22630,2071.5298226990453
22631,2071.5298226990453
22632,2071.5298226990453
22633,2071.5298226990453
22634,2071.5298226990453
22635,2071.5298226990453
22636,2071.5298226990453
22637,2071.5298226990453
22638,2071.5298226990453
22639,2071.5298226990453
22640,2071.5298226990453
22641,2071.5298226990453
22642,2071.5298226990453
22643,2071.5298226990453
22644,2071.5298226990453
22645,2071.5298226990453
22646,2071.5298226990453
22647,2071.5298226990453
22648,2071.5298226990453
22649,2071.5298226990453
22650,2071.5298226990453
22651,2071.5298226990453
22652,2071.5298226990453
22653,2071.5298226990453
22654,2071.5298226990453
22655,2071.5298226990453
22656,2071.5298226990453
22657,2071.5298226990453
22658,2071.5298226990453
22659,2071.5298226990453
22660,2071.5298226990453
22661,2071.5298226990453
22662,2071.5298226990453
22663,2071.5298226990453
22664,2071.5298226990453
22665,2071.5298226990453
22666,2071.5298226990453
22667,2071.5298226990453
22668,2071.5298226990453
22669,2071.5298226990453
22670,2071.5298226990453
22671,2071.5298226990453
22672,2071.5298226990453
22673,2071.5298226990453
22674,2071.5298226990453
22675,2071.5298226990453
22676,2071.5298226990453
22677,2071.5298226990453
22678,2071.5298226990453
22679,2071.5298226990453
22680,2071.5298226990453
22681,2071.5298226990453
22682,2071.5298226990453
22683,2071.5298226990453
22684,2071.5298226990453
22685,2071.5298226990453
22686,2071.5298226990453
22687,2071.5298226990453
22688,2071.5298226990453
22689,2071.5298226990453
22690,2071.5298226990453
22691,2071.5298226990453
22692,2071.5298226990453
22693,2071.5298226990453
22694,2071.5298226990453
22695,2071.5298226990453
22696,2071.5298226990453
22697,2071.5298226990453
22698,2071.5298226990453
22699,2071.5298226990453
22700,2071.5298226990453
22701,2071.5298226990453
22702,2071.5298226990453
22703,2071.5298226990453
22704,2071.5298226990453
22705,2071.5298226990453
22706,2071.5298226990453
22707,2071.5298226990453
22708,2071.5298226990453
22709,2071.5298226990453
22710,2071.5298226990453
22711,2071.5298226990453
22712,2071.5298226990453
22713,2071.5298226990453
22714,2071.5298226990453
22715,2071.5298226990453
22716,2071.5298226990453
22717,2071.5298226990453
22718,2071.5298226990453
22719,2071.5298226990453
22720,2071.5298226990453
22721,2071.5298226990453
22722,2071.5298226990453
22723,2071.5298226990453
22724,2071.5298226990453
22725,2071.5298226990453
22726,2071.5298226990453
22727,2071.5298226990453
22728,2071.5298226990453
22729,2071.5298226990453
22730,2071.5298226990453
22731,2071.5298226990453
22732,2071.5298226990453
22733,2071.5298226990453
22734,2071.5298226990453
22735,2071.5298226990453
22736,2071.5298226990453
22737,2071.5298226990453
22738,2071.5298226990453
22739,2071.5298226990453
22740,2071.5298226990453
22741,2071.5298226990453
22742,2071.5298226990453
22743,2071.5298226990453
22744,2071.5298226990453
22745,2071.5298226990453
22746,2071.5298226990453
22747,2071.5298226990453
22748,2071.5298226990453
22749,2071.5298226990453
22750,2071.5298226990453
22751,2071.5298226990453
22752,2071.5298226990453
22753,2071.5298226990453
22754,2071.5298226990453
22755,2071.5298226990453
22756,2071.5298226990453
22757,2071.5298226990453
22758,2071.5298226990453
22759,2071.5298226990453
22760,2071.5298226990453
22761,2071.5298226990453
22762,2071.5298226990453
22763,2071.5298226990453
22764,2071.5298226990453
22765,2071.5298226990453
22766,2071.5298226990453
22767,2071.5298226990453
22768,2071.5298226990453
22769,2071.5298226990453
22770,2071.5298226990453
22771,2071.5298226990453
22772,2071.5298226990453
22773,2071.5298226990453
22774,2071.5298226990453
22775,2071.5298226990453
22776,2071.5298226990453
22777,2071.5298226990453
22778,2071.5298226990453
22779,2071.5298226990453
22780,2071.5298226990453
22781,2071.5298226990453
22782,2071.5298226990453
22783,2071.5298226990453
22784,2071.5298226990453
22785,2071.5298226990453
22786,2071.5298226990453
22787,2071.5298226990453
22788,2071.5298226990453
22789,2071.5298226990453
22790,2071.5298226990453
22791,2071.5298226990453
22792,2071.5298226990453
22793,2071.5298226990453
22794,2071.5298226990453
22795,2071.5298226990453
22796,2071.5298226990453
22797,2071.5298226990453
22798,2071.5298226990453
22799,2071.5298226990453
22800,2071.5298226990453
22801,2071.5298226990453
22802,2071.5298226990453
22803,2071.5298226990453
22804,2071.5298226990453
22805,2071.5298226990453
22806,2071.5298226990453
22807,2071.5298226990453
22808,2071.5298226990453
22809,2071.5298226990453
22810,2071.5298226990453
22811,2071.5298226990453
22812,2071.5298226990453
22813,2071.5298226990453
22814,2071.5298226990453
22815,2071.5298226990453
22816,2071.5298226990453
22817,2071.5298226990453
22818,2071.5298226990453
22819,2071.5298226990453
22820,2071.5298226990453
22821,2071.5298226990453
22822,2071.5298226990453
22823,2071.5298226990453
22824,2071.5298226990453
22825,2071.5298226990453
22826,2071.5298226990453
22827,2071.5298226990453
22828,2071.5298226990453
22829,2071.5298226990453
22830,2071.5298226990453
22831,2071.5298226990453
22832,2071.5298226990453
22833,2071.5298226990453
22834,2071.5298226990453
22835,2071.5298226990453
22836,2071.5298226990453
22837,2071.5298226990453
22838,2071.5298226990453
22839,2071.5298226990453
22840,2071.5298226990453
22841,2071.5298226990453
22842,2071.5298226990453
22843,2071.5298226990453
22844,2071.5298226990453
22845,2071.5298226990453
22846,2071.5298226990453
22847,2071.5298226990453
22848,2071.5298226990453
22849,2071.5298226990453
22850,2071.5298226990453
22851,2071.5298226990453
22852,2071.5298226990453
22853,2071.5298226990453
22854,2071.5298226990453
22855,2071.5298226990453
22856,2071.5298226990453
22857,2071.5298226990453
22858,2071.5298226990453
22859,2071.5298226990453
22860,2071.5298226990453
22861,2071.5298226990453
22862,2071.5298226990453
22863,2071.5298226990453
22864,2071.5298226990453
22865,2071.5298226990453
22866,2071.5298226990453
22867,2071.5298226990453
22868,2071.5298226990453
22869,2071.5298226990453
22870,2071.5298226990453
22871,2071.5298226990453
22872,2071.5298226990453
22873,2071.5298226990453
22874,2071.5298226990453
22875,2071.5298226990453
22876,2071.5298226990453
22877,2071.5298226990453
22878,2071.5298226990453
22879,2071.5298226990453
22880,2071.5298226990453
22881,2071.5298226990453
22882,2071.5298226990453
22883,2071.5298226990453
22884,2071.5298226990453
22885,2071.5298226990453
22886,2071.5298226990453
22887,2071.5298226990453
22888,2071.5298226990453
22889,2071.5298226990453
22890,2071.5298226990453
22891,2071.5298226990453
22892,2071.5298226990453
22893,2071.5298226990453
22894,2071.5298226990453
22895,2071.5298226990453
22896,2071.5298226990453
22897,2071.5298226990453
22898,2071.5298226990453
22899,2071.5298226990453
22900,2071.5298226990453
22901,2071.5298226990453
22902,2071.5298226990453
22903,2071.5298226990453
22904,2071.5298226990453
22905,2071.5298226990453
22906,2071.5298226990453
22907,2071.5298226990453
22908,2071.5298226990453
22909,2071.5298226990453
22910,2071.5298226990453
22911,2071.5298226990453
22912,2071.5298226990453
22913,2071.5298226990453
22914,2071.5298226990453
22915,2071.5298226990453
22916,2071.5298226990453
22917,2071.5298226990453
22918,2071.5298226990453
22919,2071.5298226990453
22920,2071.5298226990453
22921,2071.5298226990453
22922,2071.5298226990453
22923,2071.5298226990453
22924,2071.5298226990453
22925,2071.5298226990453
22926,2071.5298226990453
22927,2071.5298226990453
22928,2071.5298226990453
22929,2071.5298226990453
22930,2071.5298226990453
22931,2071.5298226990453
22932,2071.5298226990453
22933,2071.5298226990453
22934,2071.5298226990453
22935,2071.5298226990453
22936,2071.5298226990453
22937,2071.5298226990453
22938,2071.5298226990453
22939,2071.5298226990453
22940,2071.5298226990453
22941,2071.5298226990453
22942,2071.5298226990453
22943,2071.5298226990453
22944,2071.5298226990453
22945,2071.5298226990453
22946,2071.5298226990453
22947,2071.5298226990453
22948,2071.5298226990453
22949,2071.5298226990453
22950,2071.5298226990453
22951,2071.5298226990453
22952,2071.5298226990453
22953,2071.5298226990453
22954,2071.5298226990453
22955,2071.5298226990453
22956,2071.5298226990453
22957,2071.5298226990453
22958,2071.5298226990453
22959,2071.5298226990453
22960,2071.5298226990453
22961,2071.5298226990453
22962,2071.5298226990453
22963,2071.5298226990453
22964,2071.5298226990453
22965,2071.5298226990453
22966,2071.5298226990453
22967,2071.5298226990453
22968,2071.5298226990453
22969,2071.5298226990453
22970,2071.5298226990453
22971,2071.5298226990453
22972,2071.5298226990453
22973,2071.5298226990453
22974,2071.5298226990453
22975,2071.5298226990453
22976,2071.5298226990453
22977,2071.5298226990453
22978,2071.5298226990453
22979,2071.5298226990453
22980,2071.5298226990453
22981,2071.5298226990453
22982,2071.5298226990453
22983,2071.5298226990453
22984,2071.5298226990453
22985,2071.5298226990453
22986,2071.5298226990453
22987,2071.5298226990453
22988,2071.5298226990453
22989,2071.5298226990453
22990,2071.5298226990453
22991,2071.5298226990453
22992,2071.5298226990453
22993,2071.5298226990453
22994,2071.5298226990453
22995,2071.5298226990453
22996,2071.5298226990453
22997,2071.5298226990453
22998,2071.5298226990453
22999,2071.5298226990453
23000,2071.5298226990453
23001,2071.5298226990453
23002,2071.5298226990453
23003,2071.5298226990453
23004,2071.5298226990453
23005,2071.5298226990453
23006,2071.5298226990453
23007,2071.5298226990453
23008,2071.5298226990453
23009,2071.5298226990453
23010,2071.5298226990453
23011,2071.5298226990453
23012,2071.5298226990453
23013,2071.5298226990453
23014,2071.5298226990453
23015,2071.5298226990453
23016,2071.5298226990453
23017,2071.5298226990453
23018,2071.5298226990453
23019,2071.5298226990453
23020,2071.5298226990453
23021,2071.5298226990453
23022,2071.5298226990453
23023,2071.5298226990453
23024,2071.5298226990453
23025,2071.5298226990453
23026,2071.5298226990453
23027,2071.5298226990453
23028,2071.5298226990453
23029,2071.5298226990453
23030,2071.5298226990453
23031,2071.5298226990453
23032,2071.5298226990453
23033,2071.5298226990453
23034,2071.5298226990453
23035,2071.5298226990453
23036,2071.5298226990453
23037,2071.5298226990453
23038,2071.5298226990453
23039,2071.5298226990453
23040,2071.5298226990453
23041,2071.5298226990453
23042,2071.5298226990453
23043,2071.5298226990453
23044,2071.5298226990453
23045,2071.5298226990453
23046,2071.5298226990453
23047,2071.5298226990453
23048,2071.5298226990453
23049,2071.5298226990453
23050,2071.5298226990453
23051,2071.5298226990453
23052,2071.5298226990453
23053,2071.5298226990453
23054,2071.5298226990453
23055,2071.5298226990453
23056,2071.5298226990453
23057,2071.5298226990453
23058,2071.5298226990453
23059,2071.5298226990453
23060,2071.5298226990453
23061,2071.5298226990453
23062,2071.5298226990453
23063,2071.5298226990453
23064,2071.5298226990453
23065,2071.5298226990453
23066,2071.5298226990453
23067,2071.5298226990453
23068,2071.5298226990453
23069,2071.5298226990453
23070,2071.5298226990453
23071,2071.5298226990453
23072,2071.5298226990453
23073,2071.5298226990453
23074,2071.5298226990453
23075,2071.5298226990453
23076,2071.5298226990453
23077,2071.5298226990453
23078,2071.5298226990453
23079,2071.5298226990453
23080,2071.5298226990453
23081,2071.5298226990453
23082,2071.5298226990453
23083,2071.5298226990453
23084,2071.5298226990453
23085,2071.5298226990453
23086,2071.5298226990453
23087,2071.5298226990453
23088,2071.5298226990453
23089,2071.5298226990453
23090,2071.5298226990453
23091,2071.5298226990453
23092,2071.5298226990453
23093,2071.5298226990453
23094,2071.5298226990453
23095,2071.5298226990453
23096,2071.5298226990453
23097,2071.5298226990453
23098,2071.5298226990453
23099,2071.5298226990453
23100,2071.5298226990453
23101,2071.5298226990453
23102,2071.5298226990453
23103,2071.5298226990453
23104,2071.5298226990453
23105,2071.5298226990453
23106,2071.5298226990453
23107,2071.5298226990453
23108,2071.5298226990453
23109,2071.5298226990453
23110,2071.5298226990453
23111,2071.5298226990453
23112,2071.5298226990453
23113,2071.5298226990453
23114,2071.5298226990453
23115,2071.5298226990453
23116,2071.5298226990453
23117,2071.5298226990453
23118,2071.5298226990453
23119,2071.5298226990453
23120,2071.5298226990453
23121,2071.5298226990453
23122,2071.5298226990453
23123,2071.5298226990453
23124,2071.5298226990453
23125,2071.5298226990453
23126,2071.5298226990453
23127,2071.5298226990453
23128,2071.5298226990453
23129,2071.5298226990453
23130,2071.5298226990453
23131,2071.5298226990453
23132,2071.5298226990453
23133,2071.5298226990453
23134,2071.5298226990453
23135,2071.5298226990453
23136,2071.5298226990453
23137,2071.5298226990453
23138,2071.5298226990453
23139,2071.5298226990453
23140,2071.5298226990453
23141,2071.5298226990453
23142,2071.5298226990453
23143,2071.5298226990453
23144,2071.5298226990453
23145,2071.5298226990453
23146,2071.5298226990453
23147,2071.5298226990453
23148,2071.5298226990453
23149,2071.5298226990453
23150,2071.5298226990453
23151,2071.5298226990453
23152,2071.5298226990453
23153,2071.5298226990453
23154,2071.5298226990453
23155,2071.5298226990453
23156,2071.5298226990453
23157,2071.5298226990453
23158,2071.5298226990453
23159,2071.5298226990453
23160,2071.5298226990453
23161,2071.5298226990453
23162,2071.5298226990453
23163,2071.5298226990453
23164,2071.5298226990453
23165,2071.5298226990453
23166,2071.5298226990453
23167,2071.5298226990453
23168,2071.5298226990453
23169,2071.5298226990453
23170,2071.5298226990453
23171,2071.5298226990453
23172,2071.5298226990453
23173,2071.5298226990453
23174,2071.5298226990453
23175,2071.5298226990453
23176,2071.5298226990453
23177,2071.5298226990453
23178,2071.5298226990453
23179,2071.5298226990453
23180,2071.5298226990453
23181,2071.5298226990453
23182,2071.5298226990453
23183,2071.5298226990453
23184,2071.5298226990453
23185,2071.5298226990453
23186,2071.5298226990453
23187,2071.5298226990453
23188,2071.5298226990453
23189,2071.5298226990453
23190,2071.5298226990453
23191,2071.5298226990453
23192,2071.5298226990453
23193,2071.5298226990453
23194,2071.5298226990453
23195,2071.5298226990453
23196,2071.5298226990453
23197,2071.5298226990453
23198,2071.5298226990453
23199,2071.5298226990453
23200,2071.5298226990453
23201,2071.5298226990453
23202,2071.5298226990453
23203,2071.5298226990453
23204,2071.5298226990453
23205,2071.5298226990453
23206,2071.5298226990453
23207,2071.5298226990453
23208,2071.5298226990453
23209,2071.5298226990453
23210,2071.5298226990453
23211,2071.5298226990453
23212,2071.5298226990453
23213,2071.5298226990453
23214,2071.5298226990453
23215,2071.5298226990453
23216,2071.5298226990453
23217,2071.5298226990453
23218,2071.5298226990453
23219,2071.5298226990453
23220,2071.5298226990453
23221,2071.5298226990453
23222,2071.5298226990453
23223,2071.5298226990453
23224,2071.5298226990453
23225,2071.5298226990453
23226,2071.5298226990453
23227,2071.5298226990453
23228,2071.5298226990453
23229,2071.5298226990453
23230,2071.5298226990453
23231,2071.5298226990453
23232,2071.5298226990453
23233,2071.5298226990453
23234,2071.5298226990453
23235,2071.5298226990453
23236,2071.5298226990453
23237,2071.5298226990453
23238,2071.5298226990453
23239,2071.5298226990453
23240,2071.5298226990453
23241,2071.5298226990453
23242,2071.5298226990453
23243,2071.5298226990453
23244,2071.5298226990453
23245,2071.5298226990453
23246,2071.5298226990453
23247,2071.5298226990453
23248,2071.5298226990453
23249,2071.5298226990453
23250,2071.5298226990453
23251,2071.5298226990453
23252,2071.5298226990453
23253,2071.5298226990453
23254,2071.5298226990453
23255,2071.5298226990453
23256,2071.5298226990453
23257,2071.5298226990453
23258,2071.5298226990453
23259,2071.5298226990453
23260,2071.5298226990453
23261,2071.5298226990453
23262,2071.5298226990453
23263,2071.5298226990453
23264,2071.5298226990453
23265,2071.5298226990453
23266,2071.5298226990453
23267,2071.5298226990453
23268,2071.5298226990453
23269,2071.5298226990453
23270,2071.5298226990453
23271,2071.5298226990453
23272,2071.5298226990453
23273,2071.5298226990453
23274,2071.5298226990453
23275,2071.5298226990453
23276,2071.5298226990453
23277,2071.5298226990453
23278,2071.5298226990453
23279,2071.5298226990453
23280,2071.5298226990453
23281,2071.5298226990453
23282,2071.5298226990453
23283,2071.5298226990453
23284,2071.5298226990453
23285,2071.5298226990453
23286,2071.5298226990453
23287,2071.5298226990453
23288,2071.5298226990453
23289,2071.5298226990453
23290,2071.5298226990453
23291,2071.5298226990453
23292,2071.5298226990453
23293,2071.5298226990453
23294,2071.5298226990453
23295,2071.5298226990453
23296,2071.5298226990453
23297,2071.5298226990453
23298,2071.5298226990453
23299,2071.5298226990453
23300,2071.5298226990453
23301,2071.5298226990453
23302,2071.5298226990453
23303,2071.5298226990453
23304,2071.5298226990453
23305,2071.5298226990453
23306,2071.5298226990453
23307,2071.5298226990453
23308,2071.5298226990453
23309,2071.5298226990453
23310,2071.5298226990453
23311,2071.5298226990453
23312,2071.5298226990453
23313,2071.5298226990453
23314,2071.5298226990453
23315,2071.5298226990453
23316,2071.5298226990453
23317,2071.5298226990453
23318,2071.5298226990453
23319,2071.5298226990453
23320,2071.5298226990453
23321,2071.5298226990453
23322,2071.5298226990453
23323,2071.5298226990453
23324,2071.5298226990453
23325,2071.5298226990453
23326,2071.5298226990453
23327,2071.5298226990453
23328,2071.5298226990453
23329,2071.5298226990453
23330,2071.5298226990453
23331,2071.5298226990453
23332,2071.5298226990453
23333,2071.5298226990453
23334,2071.5298226990453
23335,2071.5298226990453
23336,2071.5298226990453
23337,2071.5298226990453
23338,2071.5298226990453
23339,2071.5298226990453
23340,2071.5298226990453
23341,2071.5298226990453
23342,2071.5298226990453
23343,2071.5298226990453
23344,2071.5298226990453
23345,2071.5298226990453
23346,2071.5298226990453
23347,2071.5298226990453
23348,2071.5298226990453
23349,2071.5298226990453
23350,2071.5298226990453
23351,2071.5298226990453
23352,2071.5298226990453
23353,2071.5298226990453
23354,2071.5298226990453
23355,2071.5298226990453
23356,2071.5298226990453
23357,2071.5298226990453
23358,2071.5298226990453
23359,2071.5298226990453
23360,2071.5298226990453
23361,2071.5298226990453
23362,2071.5298226990453
23363,2071.5298226990453
23364,2071.5298226990453
23365,2071.5298226990453
23366,2071.5298226990453
23367,2071.5298226990453
23368,2071.5298226990453
23369,2071.5298226990453
23370,2071.5298226990453
23371,2071.5298226990453
23372,2071.5298226990453
23373,2071.5298226990453
23374,2071.5298226990453
23375,2071.5298226990453
23376,2071.5298226990453
23377,2071.5298226990453
23378,2071.5298226990453
23379,2071.5298226990453
23380,2071.5298226990453
23381,2071.5298226990453
23382,2071.5298226990453
23383,2071.5298226990453
23384,2071.5298226990453
23385,2071.5298226990453
23386,2071.5298226990453
23387,2071.5298226990453
23388,2071.5298226990453
23389,2071.5298226990453
23390,2071.5298226990453
23391,2071.5298226990453
23392,2071.5298226990453
23393,2071.5298226990453
23394,2071.5298226990453
23395,2071.5298226990453
23396,2071.5298226990453
23397,2071.5298226990453
23398,2071.5298226990453
23399,2071.5298226990453
23400,2071.5298226990453
23401,2071.5298226990453
23402,2071.5298226990453
23403,2071.5298226990453
23404,2071.5298226990453
23405,2071.5298226990453
23406,2071.5298226990453
23407,2071.5298226990453
23408,2071.5298226990453
23409,2071.5298226990453
23410,2071.5298226990453
23411,2071.5298226990453
23412,2071.5298226990453
23413,2071.5298226990453
23414,2071.5298226990453
23415,2071.5298226990453
23416,2071.5298226990453
23417,2071.5298226990453
23418,2071.5298226990453
23419,2071.5298226990453
23420,2071.5298226990453
23421,2071.5298226990453
23422,2071.5298226990453
23423,2071.5298226990453
23424,2071.5298226990453
23425,2071.5298226990453
23426,2071.5298226990453
23427,2071.5298226990453
23428,2071.5298226990453
23429,2071.5298226990453
23430,2071.5298226990453
23431,2071.5298226990453
23432,2071.5298226990453
23433,2071.5298226990453
23434,2071.5298226990453
23435,2071.5298226990453
23436,2071.5298226990453
23437,2071.5298226990453
23438,2071.5298226990453
23439,2071.5298226990453
23440,2071.5298226990453
23441,2071.5298226990453
23442,2071.5298226990453
23443,2071.5298226990453
23444,2071.5298226990453
23445,2071.5298226990453
23446,2071.5298226990453
23447,2071.5298226990453
23448,2071.5298226990453
23449,2071.5298226990453
23450,2071.5298226990453
23451,2071.5298226990453
23452,2071.5298226990453
23453,2071.5298226990453
23454,2071.5298226990453
23455,2071.5298226990453
23456,2071.5298226990453
23457,2071.5298226990453
23458,2071.5298226990453
23459,2071.5298226990453
23460,2071.5298226990453
23461,2071.5298226990453
23462,2071.5298226990453
23463,2071.5298226990453
23464,2071.5298226990453
23465,2071.5298226990453
23466,2071.5298226990453
23467,2071.5298226990453
23468,2071.5298226990453
23469,2071.5298226990453
23470,2071.5298226990453
23471,2071.5298226990453
23472,2071.5298226990453
23473,2071.5298226990453
23474,2071.5298226990453
23475,2071.5298226990453
23476,2071.5298226990453
23477,2071.5298226990453
23478,2071.5298226990453
23479,2071.5298226990453
23480,2071.5298226990453
23481,2071.5298226990453
23482,2071.5298226990453
23483,2071.5298226990453
23484,2071.5298226990453
23485,2071.5298226990453
23486,2071.5298226990453
23487,2071.5298226990453
23488,2071.5298226990453
23489,2071.5298226990453
23490,2071.5298226990453
23491,2071.5298226990453
23492,2071.5298226990453
23493,2071.5298226990453
23494,2071.5298226990453
23495,2071.5298226990453
23496,2071.5298226990453
23497,2071.5298226990453
23498,2071.5298226990453
23499,2071.5298226990453
23500,2071.5298226990453
23501,2071.5298226990453
23502,2071.5298226990453
23503,2071.5298226990453
23504,2071.5298226990453
23505,2071.5298226990453
23506,2071.5298226990453
23507,2071.5298226990453
23508,2071.5298226990453
23509,2071.5298226990453
23510,2071.5298226990453
23511,2071.5298226990453
23512,2071.5298226990453
23513,2071.5298226990453
23514,2071.5298226990453
23515,2071.5298226990453
23516,2071.5298226990453
23517,2071.5298226990453
23518,2071.5298226990453
23519,2071.5298226990453
23520,2071.5298226990453
23521,2071.5298226990453
23522,2071.5298226990453
23523,2071.5298226990453
23524,2071.5298226990453
23525,2071.5298226990453
23526,2071.5298226990453
23527,2071.5298226990453
23528,2071.5298226990453
23529,2071.5298226990453
23530,2071.5298226990453
23531,2071.5298226990453
23532,2071.5298226990453
23533,2071.5298226990453
23534,2071.5298226990453
23535,2071.5298226990453
23536,2071.5298226990453
23537,2071.5298226990453
23538,2071.5298226990453
23539,2071.5298226990453
23540,2071.5298226990453
23541,2071.5298226990453
23542,2071.5298226990453
23543,2071.5298226990453
23544,2071.5298226990453
23545,2071.5298226990453
23546,2071.5298226990453
23547,2071.5298226990453
23548,2071.5298226990453
23549,2071.5298226990453
23550,2071.5298226990453
23551,2071.5298226990453
23552,2071.5298226990453
23553,2071.5298226990453
23554,2071.5298226990453
23555,2071.5298226990453
23556,2071.5298226990453
23557,2071.5298226990453
23558,2071.5298226990453
23559,2071.5298226990453
23560,2071.5298226990453
23561,2071.5298226990453
23562,2071.5298226990453
23563,2071.5298226990453
23564,2071.5298226990453
23565,2071.5298226990453
23566,2071.5298226990453
23567,2071.5298226990453
23568,2071.5298226990453
23569,2071.5298226990453
23570,2071.5298226990453
23571,2071.5298226990453
23572,2071.5298226990453
23573,2071.5298226990453
23574,2071.5298226990453
23575,2071.5298226990453
23576,2071.5298226990453
23577,2071.5298226990453
23578,2071.5298226990453
23579,2071.5298226990453
23580,2071.5298226990453
23581,2071.5298226990453
23582,2071.5298226990453
23583,2071.5298226990453
23584,2071.5298226990453
23585,2071.5298226990453
23586,2071.5298226990453
23587,2071.5298226990453
23588,2071.5298226990453
23589,2071.5298226990453
23590,2071.5298226990453
23591,2071.5298226990453
23592,2071.5298226990453
23593,2071.5298226990453
23594,2071.5298226990453
23595,2071.5298226990453
23596,2071.5298226990453
23597,2071.5298226990453
23598,2071.5298226990453
23599,2071.5298226990453
23600,2071.5298226990453
23601,2071.5298226990453
23602,2071.5298226990453
23603,2071.5298226990453
23604,2071.5298226990453
23605,2071.5298226990453
23606,2071.5298226990453
23607,2071.5298226990453
23608,2071.5298226990453
23609,2071.5298226990453
23610,2071.5298226990453
23611,2071.5298226990453
23612,2071.5298226990453
23613,2071.5298226990453
23614,2071.5298226990453
23615,2071.5298226990453
23616,2071.5298226990453
23617,2071.5298226990453
23618,2071.5298226990453
23619,2071.5298226990453
23620,2071.5298226990453
23621,2071.5298226990453
23622,2071.5298226990453
23623,2071.5298226990453
23624,2071.5298226990453
23625,2071.5298226990453
23626,2071.5298226990453
23627,2071.5298226990453
23628,2071.5298226990453
23629,2071.5298226990453
23630,2071.5298226990453
23631,2071.5298226990453
23632,2071.5298226990453
23633,2071.5298226990453
23634,2071.5298226990453
23635,2071.5298226990453
23636,2071.5298226990453
23637,2071.5298226990453
23638,2071.5298226990453
23639,2071.5298226990453
23640,2071.5298226990453
23641,2071.5298226990453
23642,2071.5298226990453
23643,2071.5298226990453
23644,2071.5298226990453
23645,2071.5298226990453
23646,2071.5298226990453
23647,2071.5298226990453
23648,2071.5298226990453
23649,2071.5298226990453
23650,2071.5298226990453
23651,2071.5298226990453
23652,2071.5298226990453
23653,2071.5298226990453
23654,2071.5298226990453
23655,2071.5298226990453
23656,2071.5298226990453
23657,2071.5298226990453
23658,2071.5298226990453
23659,2071.5298226990453
23660,2071.5298226990453
23661,2071.5298226990453
23662,2071.5298226990453
23663,2071.5298226990453
23664,2071.5298226990453
23665,2071.5298226990453
23666,2071.5298226990453
23667,2071.5298226990453
23668,2071.5298226990453
23669,2071.5298226990453
23670,2071.5298226990453
23671,2071.5298226990453
23672,2071.5298226990453
23673,2071.5298226990453
23674,2071.5298226990453
23675,2071.5298226990453
23676,2071.5298226990453
23677,2071.5298226990453
23678,2071.5298226990453
23679,2071.5298226990453
23680,2071.5298226990453
23681,2071.5298226990453
23682,2071.5298226990453
23683,2071.5298226990453
23684,2071.5298226990453
23685,2071.5298226990453
23686,2071.5298226990453
23687,2071.5298226990453
23688,2071.5298226990453
23689,2071.5298226990453
23690,2071.5298226990453
23691,2071.5298226990453
23692,2071.5298226990453
23693,2071.5298226990453
23694,2071.5298226990453
23695,2071.5298226990453
23696,2071.5298226990453
23697,2071.5298226990453
23698,2071.5298226990453
23699,2071.5298226990453
23700,2071.5298226990453
23701,2071.5298226990453
23702,2071.5298226990453
23703,2071.5298226990453
23704,2071.5298226990453
23705,2071.5298226990453
23706,2071.5298226990453
23707,2071.5298226990453
23708,2071.5298226990453
23709,2071.5298226990453
23710,2071.5298226990453
23711,2071.5298226990453
23712,2071.5298226990453
23713,2071.5298226990453
23714,2071.5298226990453
23715,2071.5298226990453
23716,2071.5298226990453
23717,2071.5298226990453
23718,2071.5298226990453
23719,2071.5298226990453
23720,2071.5298226990453
23721,2071.5298226990453
23722,2071.5298226990453
23723,2071.5298226990453
23724,2071.5298226990453
23725,2071.5298226990453
23726,2071.5298226990453
23727,2071.5298226990453
23728,2071.5298226990453
23729,2071.5298226990453
23730,2071.5298226990453
23731,2071.5298226990453
23732,2071.5298226990453
23733,2071.5298226990453
23734,2071.5298226990453
23735,2071.5298226990453
23736,2071.5298226990453
23737,2071.5298226990453
23738,2071.5298226990453
23739,2071.5298226990453
23740,2071.5298226990453
23741,2071.5298226990453
23742,2071.5298226990453
23743,2071.5298226990453
23744,2071.5298226990453
23745,2071.5298226990453
23746,2071.5298226990453
23747,2071.5298226990453
23748,2071.5298226990453
23749,2071.5298226990453
23750,2071.5298226990453
23751,2071.5298226990453
23752,2071.5298226990453
23753,2071.5298226990453
23754,2071.5298226990453
23755,2071.5298226990453
23756,2071.5298226990453
23757,2071.5298226990453
23758,2071.5298226990453
23759,2071.5298226990453
23760,2071.5298226990453
23761,2071.5298226990453
23762,2071.5298226990453
23763,2071.5298226990453
23764,2071.5298226990453
23765,2071.5298226990453
23766,2071.5298226990453
23767,2071.5298226990453
23768,2071.5298226990453
23769,2071.5298226990453
23770,2071.5298226990453
23771,2071.5298226990453
23772,2071.5298226990453
23773,2071.5298226990453
23774,2071.5298226990453
23775,2071.5298226990453
23776,2071.5298226990453
23777,2071.5298226990453
23778,2071.5298226990453
23779,2071.5298226990453
23780,2071.5298226990453
23781,2071.5298226990453
23782,2071.5298226990453
23783,2071.5298226990453
23784,2071.5298226990453
23785,2071.5298226990453
23786,2071.5298226990453
23787,2071.5298226990453
23788,2071.5298226990453
23789,2071.5298226990453
23790,2071.5298226990453
23791,2071.5298226990453
23792,2071.5298226990453
23793,2071.5298226990453
23794,2071.5298226990453
23795,2071.5298226990453
23796,2071.5298226990453
23797,2071.5298226990453
23798,2071.5298226990453
23799,2071.5298226990453
23800,2071.5298226990453
23801,2071.5298226990453
23802,2071.5298226990453
23803,2071.5298226990453
23804,2071.5298226990453
23805,2071.5298226990453
23806,2071.5298226990453
23807,2071.5298226990453
23808,2071.5298226990453
23809,2071.5298226990453
23810,2071.5298226990453
23811,2071.5298226990453
23812,2071.5298226990453
23813,2071.5298226990453
23814,2071.5298226990453
23815,2071.5298226990453
23816,2071.5298226990453
23817,2071.5298226990453
23818,2071.5298226990453
23819,2071.5298226990453
23820,2071.5298226990453
23821,2071.5298226990453
23822,2071.5298226990453
23823,2071.5298226990453
23824,2071.5298226990453
23825,2071.5298226990453
23826,2071.5298226990453
23827,2071.5298226990453
23828,2071.5298226990453
23829,2071.5298226990453
23830,2071.5298226990453
23831,2071.5298226990453
23832,2071.5298226990453
23833,2071.5298226990453
23834,2071.5298226990453
23835,2071.5298226990453
23836,2071.5298226990453
23837,2071.5298226990453
23838,2071.5298226990453
23839,2071.5298226990453
23840,2071.5298226990453
23841,2071.5298226990453
23842,2071.5298226990453
23843,2071.5298226990453
23844,2071.5298226990453
23845,2071.5298226990453
23846,2071.5298226990453
23847,2071.5298226990453
23848,2071.5298226990453
23849,2071.5298226990453
23850,2071.5298226990453
23851,2071.5298226990453
23852,2071.5298226990453
23853,2071.5298226990453
23854,2071.5298226990453
23855,2071.5298226990453
23856,2071.5298226990453
23857,2071.5298226990453
23858,2071.5298226990453
23859,2071.5298226990453
23860,2071.5298226990453
23861,2071.5298226990453
23862,2071.5298226990453
23863,2071.5298226990453
23864,2071.5298226990453
23865,2071.5298226990453
23866,2071.5298226990453
23867,2071.5298226990453
23868,2071.5298226990453
23869,2071.5298226990453
23870,2071.5298226990453
23871,2071.5298226990453
23872,2071.5298226990453
23873,2071.5298226990453
23874,2071.5298226990453
23875,2071.5298226990453
23876,2071.5298226990453
23877,2071.5298226990453
23878,2071.5298226990453
23879,2071.5298226990453
23880,2071.5298226990453
23881,2071.5298226990453
23882,2071.5298226990453
23883,2071.5298226990453
23884,2071.5298226990453
23885,2071.5298226990453
23886,2071.5298226990453
23887,2071.5298226990453
23888,2071.5298226990453
23889,2071.5298226990453
23890,2071.5298226990453
23891,2071.5298226990453
23892,2071.5298226990453
23893,2071.5298226990453
23894,2071.5298226990453
23895,2071.5298226990453
23896,2071.5298226990453
23897,2071.5298226990453
23898,2071.5298226990453
23899,2071.5298226990453
23900,2071.5298226990453
23901,2071.5298226990453
23902,2071.5298226990453
23903,2071.5298226990453
23904,2071.5298226990453
23905,2071.5298226990453
23906,2071.5298226990453
23907,2071.5298226990453
23908,2071.5298226990453
23909,2071.5298226990453
23910,2071.5298226990453
23911,2071.5298226990453
23912,2071.5298226990453
23913,2071.5298226990453
23914,2071.5298226990453
23915,2071.5298226990453
23916,2071.5298226990453
23917,2071.5298226990453
23918,2071.5298226990453
23919,2071.5298226990453
23920,2071.5298226990453
23921,2071.5298226990453
23922,2071.5298226990453
23923,2071.5298226990453
23924,2071.5298226990453
23925,2071.5298226990453
23926,2071.5298226990453
23927,2071.5298226990453
23928,2071.5298226990453
23929,2071.5298226990453
23930,2071.5298226990453
23931,2071.5298226990453
23932,2071.5298226990453
23933,2071.5298226990453
23934,2071.5298226990453
23935,2071.5298226990453
23936,2071.5298226990453
23937,2071.5298226990453
23938,2071.5298226990453
23939,2071.5298226990453
23940,2071.5298226990453
23941,2071.5298226990453
23942,2071.5298226990453
23943,2071.5298226990453
23944,2071.5298226990453
23945,2071.5298226990453
23946,2071.5298226990453
23947,2071.5298226990453
23948,2071.5298226990453
23949,2071.5298226990453
23950,2071.5298226990453
23951,2071.5298226990453
23952,2071.5298226990453
23953,2071.5298226990453
23954,2071.5298226990453
23955,2071.5298226990453
23956,2071.5298226990453
23957,2071.5298226990453
23958,2071.5298226990453
23959,2071.5298226990453
23960,2071.5298226990453
23961,2071.5298226990453
23962,2071.5298226990453
23963,2071.5298226990453
23964,2071.5298226990453
23965,2071.5298226990453
23966,2071.5298226990453
23967,2071.5298226990453
23968,2071.5298226990453
23969,2071.5298226990453
23970,2071.5298226990453
23971,2071.5298226990453
23972,2071.5298226990453
23973,2071.5298226990453
23974,2071.5298226990453
23975,2071.5298226990453
23976,2071.5298226990453
23977,2071.5298226990453
23978,2071.5298226990453
23979,2071.5298226990453
23980,2071.5298226990453
23981,2071.5298226990453
23982,2071.5298226990453
23983,2071.5298226990453
23984,2071.5298226990453
23985,2071.5298226990453
23986,2071.5298226990453
23987,2071.5298226990453
23988,2071.5298226990453
23989,2071.5298226990453
23990,2071.5298226990453
23991,2071.5298226990453
23992,2071.5298226990453
23993,2071.5298226990453
23994,2071.5298226990453
23995,2071.5298226990453
23996,2071.5298226990453
23997,2071.5298226990453
23998,2071.5298226990453
23999,2071.5298226990453
24000,2071.5298226990453
24001,2071.5298226990453
24002,2071.5298226990453
24003,2071.5298226990453
24004,2071.5298226990453
24005,2071.5298226990453
24006,2071.5298226990453
24007,2071.5298226990453
24008,2071.5298226990453
24009,2071.5298226990453
24010,2071.5298226990453
24011,2071.5298226990453
24012,2071.5298226990453
24013,2071.5298226990453
24014,2071.5298226990453
24015,2071.5298226990453
24016,2071.5298226990453
24017,2071.5298226990453
24018,2071.5298226990453
24019,2071.5298226990453
24020,2071.5298226990453
24021,2071.5298226990453
24022,2071.5298226990453
24023,2071.5298226990453
24024,2071.5298226990453
24025,2071.5298226990453
24026,2071.5298226990453
24027,2071.5298226990453
24028,2071.5298226990453
24029,2071.5298226990453
24030,2071.5298226990453
24031,2071.5298226990453
24032,2071.5298226990453
24033,2071.5298226990453
24034,2071.5298226990453
24035,2071.5298226990453
24036,2071.5298226990453
24037,2071.5298226990453
24038,2071.5298226990453
24039,2071.5298226990453
24040,2071.5298226990453
24041,2071.5298226990453
24042,2071.5298226990453
24043,2071.5298226990453
24044,2071.5298226990453
24045,2071.5298226990453
24046,2071.5298226990453
24047,2071.5298226990453
24048,2071.5298226990453
24049,2071.5298226990453
24050,2071.5298226990453
24051,2071.5298226990453
24052,2071.5298226990453
24053,2071.5298226990453
24054,2071.5298226990453
24055,2071.5298226990453
24056,2071.5298226990453
24057,2071.5298226990453
24058,2071.5298226990453
24059,2071.5298226990453
24060,2071.5298226990453
24061,2071.5298226990453
24062,2071.5298226990453
24063,2071.5298226990453
24064,2071.5298226990453
24065,2071.5298226990453
24066,2071.5298226990453
24067,2071.5298226990453
24068,2071.5298226990453
24069,2071.5298226990453
24070,2071.5298226990453
24071,2071.5298226990453
24072,2071.5298226990453
24073,2071.5298226990453
24074,2071.5298226990453
24075,2071.5298226990453
24076,2071.5298226990453
24077,2071.5298226990453
24078,2071.5298226990453
24079,2071.5298226990453
24080,2071.5298226990453
24081,2071.5298226990453
24082,2071.5298226990453
24083,2071.5298226990453
24084,2071.5298226990453
24085,2071.5298226990453
24086,2071.5298226990453
24087,2071.5298226990453
24088,2071.5298226990453
24089,2071.5298226990453
24090,2071.5298226990453
24091,2071.5298226990453
24092,2071.5298226990453
24093,2071.5298226990453
24094,2071.5298226990453
24095,2071.5298226990453
24096,2071.5298226990453
24097,2071.5298226990453
24098,2071.5298226990453
24099,2071.5298226990453
24100,2071.5298226990453
24101,2071.5298226990453
24102,2071.5298226990453
24103,2071.5298226990453
24104,2071.5298226990453
24105,2071.5298226990453
24106,2071.5298226990453
24107,2071.5298226990453
24108,2071.5298226990453
24109,2071.5298226990453
24110,2071.5298226990453
24111,2071.5298226990453
24112,2071.5298226990453
24113,2071.5298226990453
24114,2071.5298226990453
24115,2071.5298226990453
24116,2071.5298226990453
24117,2071.5298226990453
24118,2071.5298226990453
24119,2071.5298226990453
24120,2071.5298226990453
24121,2071.5298226990453
24122,2071.5298226990453
24123,2071.5298226990453
24124,2071.5298226990453
24125,2071.5298226990453
24126,2071.5298226990453
24127,2071.5298226990453
24128,2071.5298226990453
24129,2071.5298226990453
24130,2071.5298226990453
24131,2071.5298226990453
24132,2071.5298226990453
24133,2071.5298226990453
24134,2071.5298226990453
24135,2071.5298226990453
24136,2071.5298226990453
24137,2071.5298226990453
24138,2071.5298226990453
24139,2071.5298226990453
24140,2071.5298226990453
24141,2071.5298226990453
24142,2071.5298226990453
24143,2071.5298226990453
24144,2071.5298226990453
24145,2071.5298226990453
24146,2071.5298226990453
24147,2071.5298226990453
24148,2071.5298226990453
24149,2071.5298226990453
24150,2071.5298226990453
24151,2071.5298226990453
24152,2071.5298226990453
24153,2071.5298226990453
24154,2071.5298226990453
24155,2071.5298226990453
24156,2071.5298226990453
24157,2071.5298226990453
24158,2071.5298226990453
24159,2071.5298226990453
24160,2071.5298226990453
24161,2071.5298226990453
24162,2071.5298226990453
24163,2071.5298226990453
24164,2071.5298226990453
24165,2071.5298226990453
24166,2071.5298226990453
24167,2071.5298226990453
24168,2071.5298226990453
24169,2071.5298226990453
24170,2071.5298226990453
24171,2071.5298226990453
24172,2071.5298226990453
24173,2071.5298226990453
24174,2071.5298226990453
24175,2071.5298226990453
24176,2071.5298226990453
24177,2071.5298226990453
24178,2071.5298226990453
24179,2071.5298226990453
24180,2071.5298226990453
24181,2071.5298226990453
24182,2071.5298226990453
24183,2071.5298226990453
24184,2071.5298226990453
24185,2071.5298226990453
24186,2071.5298226990453
24187,2071.5298226990453
24188,2071.5298226990453
24189,2071.5298226990453
24190,2071.5298226990453
24191,2071.5298226990453
24192,2071.5298226990453
24193,2071.5298226990453
24194,2071.5298226990453
24195,2071.5298226990453
24196,2071.5298226990453
24197,2071.5298226990453
24198,2071.5298226990453
24199,2071.5298226990453
24200,2071.5298226990453
24201,2071.5298226990453
24202,2071.5298226990453
24203,2071.5298226990453
24204,2071.5298226990453
24205,2071.5298226990453
24206,2071.5298226990453
24207,2071.5298226990453
24208,2071.5298226990453
24209,2071.5298226990453
24210,2071.5298226990453
24211,2071.5298226990453
24212,2071.5298226990453
24213,2071.5298226990453
24214,2071.5298226990453
24215,2071.5298226990453
24216,2071.5298226990453
24217,2071.5298226990453
24218,2071.5298226990453
24219,2071.5298226990453
24220,2071.5298226990453
24221,2071.5298226990453
24222,2071.5298226990453
24223,2071.5298226990453
24224,2071.5298226990453
24225,2071.5298226990453
24226,2071.5298226990453
24227,2071.5298226990453
24228,2071.5298226990453
24229,2071.5298226990453
24230,2071.5298226990453
24231,2071.5298226990453
24232,2071.5298226990453
24233,2071.5298226990453
24234,2071.5298226990453
24235,2071.5298226990453
24236,2071.5298226990453
24237,2071.5298226990453
24238,2071.5298226990453
24239,2071.5298226990453
24240,2071.5298226990453
24241,2071.5298226990453
24242,2071.5298226990453
24243,2071.5298226990453
24244,2071.5298226990453
24245,2071.5298226990453
24246,2071.5298226990453
24247,2071.5298226990453
24248,2071.5298226990453
24249,2071.5298226990453
24250,2071.5298226990453
24251,2071.5298226990453
24252,2071.5298226990453
24253,2071.5298226990453
24254,2071.5298226990453
24255,2071.5298226990453
24256,2071.5298226990453
24257,2071.5298226990453
24258,2071.5298226990453
24259,2071.5298226990453
24260,2071.5298226990453
24261,2071.5298226990453
24262,2071.5298226990453
24263,2071.5298226990453
24264,2071.5298226990453
24265,2071.5298226990453
24266,2071.5298226990453
24267,2071.5298226990453
24268,2071.5298226990453
24269,2071.5298226990453
24270,2071.5298226990453
24271,2071.5298226990453
24272,2071.5298226990453
24273,2071.5298226990453
24274,2071.5298226990453
24275,2071.5298226990453
24276,2071.5298226990453
24277,2071.5298226990453
24278,2071.5298226990453
24279,2071.5298226990453
24280,2071.5298226990453
24281,2071.5298226990453
24282,2071.5298226990453
24283,2071.5298226990453
24284,2071.5298226990453
24285,2071.5298226990453
24286,2071.5298226990453
24287,2071.5298226990453
24288,2071.5298226990453
24289,2071.5298226990453
24290,2071.5298226990453
24291,2071.5298226990453
24292,2071.5298226990453
24293,2071.5298226990453
24294,2071.5298226990453
24295,2071.5298226990453
24296,2071.5298226990453
24297,2071.5298226990453
24298,2071.5298226990453
24299,2071.5298226990453
24300,2071.5298226990453
24301,2071.5298226990453
24302,2071.5298226990453
24303,2071.5298226990453
24304,2071.5298226990453
24305,2071.5298226990453
24306,2071.5298226990453
24307,2071.5298226990453
24308,2071.5298226990453
24309,2071.5298226990453
24310,2071.5298226990453
24311,2071.5298226990453
24312,2071.5298226990453
24313,2071.5298226990453
24314,2071.5298226990453
24315,2071.5298226990453
24316,2071.5298226990453
24317,2071.5298226990453
24318,2071.5298226990453
24319,2071.5298226990453
24320,2071.5298226990453
24321,2071.5298226990453
24322,2071.5298226990453
24323,2071.5298226990453
24324,2071.5298226990453
24325,2071.5298226990453
24326,2071.5298226990453
24327,2071.5298226990453
24328,2071.5298226990453
24329,2071.5298226990453
24330,2071.5298226990453
24331,2071.5298226990453
24332,2071.5298226990453
24333,2071.5298226990453
24334,2071.5298226990453
24335,2071.5298226990453
24336,2071.5298226990453
24337,2071.5298226990453
24338,2071.5298226990453
24339,2071.5298226990453
24340,2071.5298226990453
24341,2071.5298226990453
24342,2071.5298226990453
24343,2071.5298226990453
24344,2071.5298226990453
24345,2071.5298226990453
24346,2071.5298226990453
24347,2071.5298226990453
24348,2071.5298226990453
24349,2071.5298226990453
24350,2071.5298226990453
24351,2071.5298226990453
24352,2071.5298226990453
24353,2071.5298226990453
24354,2071.5298226990453
24355,2071.5298226990453
24356,2071.5298226990453
24357,2071.5298226990453
24358,2071.5298226990453
24359,2071.5298226990453
24360,2071.5298226990453
24361,2071.5298226990453
24362,2071.5298226990453
24363,2071.5298226990453
24364,2071.5298226990453
24365,2071.5298226990453
24366,2071.5298226990453
24367,2071.5298226990453
24368,2071.5298226990453
24369,2071.5298226990453
24370,2071.5298226990453
24371,2071.5298226990453
24372,2071.5298226990453
24373,2071.5298226990453
24374,2071.5298226990453
24375,2071.5298226990453
24376,2071.5298226990453
24377,2071.5298226990453
24378,2071.5298226990453
24379,2071.5298226990453
24380,2071.5298226990453
24381,2071.5298226990453
24382,2071.5298226990453
24383,2071.5298226990453
24384,2071.5298226990453
24385,2071.5298226990453
24386,2071.5298226990453
24387,2071.5298226990453
24388,2071.5298226990453
24389,2071.5298226990453
24390,2071.5298226990453
24391,2071.5298226990453
24392,2071.5298226990453
24393,2071.5298226990453
24394,2071.5298226990453
24395,2071.5298226990453
24396,2071.5298226990453
24397,2071.5298226990453
24398,2071.5298226990453
24399,2071.5298226990453
24400,2071.5298226990453
24401,2071.5298226990453
24402,2071.5298226990453
24403,2071.5298226990453
24404,2071.5298226990453
24405,2071.5298226990453
24406,2071.5298226990453
24407,2071.5298226990453
24408,2071.5298226990453
24409,2071.5298226990453
24410,2071.5298226990453
24411,2071.5298226990453
24412,2071.5298226990453
24413,2071.5298226990453
24414,2071.5298226990453
24415,2071.5298226990453
24416,2071.5298226990453
24417,2071.5298226990453
24418,2071.5298226990453
24419,2071.5298226990453
24420,2071.5298226990453
24421,2071.5298226990453
24422,2071.5298226990453
24423,2071.5298226990453
24424,2071.5298226990453
24425,2071.5298226990453
24426,2071.5298226990453
24427,2071.5298226990453
24428,2071.5298226990453
24429,2071.5298226990453
24430,2071.5298226990453
24431,2071.5298226990453
24432,2071.5298226990453
24433,2071.5298226990453
24434,2071.5298226990453
24435,2071.5298226990453
24436,2071.5298226990453
24437,2071.5298226990453
24438,2071.5298226990453
24439,2071.5298226990453
24440,2071.5298226990453
24441,2071.5298226990453
24442,2071.5298226990453
24443,2071.5298226990453
24444,2071.5298226990453
24445,2071.5298226990453
24446,2071.5298226990453
24447,2071.5298226990453
24448,2071.5298226990453
24449,2071.5298226990453
24450,2071.5298226990453
24451,2071.5298226990453
24452,2071.5298226990453
24453,2071.5298226990453
24454,2071.5298226990453
24455,2071.5298226990453
24456,2071.5298226990453
24457,2071.5298226990453
24458,2071.5298226990453
24459,2071.5298226990453
24460,2071.5298226990453
24461,2071.5298226990453
24462,2071.5298226990453
24463,2071.5298226990453
24464,2071.5298226990453
24465,2071.5298226990453
24466,2071.5298226990453
24467,2071.5298226990453
24468,2071.5298226990453
24469,2071.5298226990453
24470,2071.5298226990453
24471,2071.5298226990453
24472,2071.5298226990453
24473,2071.5298226990453
24474,2071.5298226990453
24475,2071.5298226990453
24476,2071.5298226990453
24477,2071.5298226990453
24478,2071.5298226990453
24479,2071.5298226990453
24480,2071.5298226990453
24481,2071.5298226990453
24482,2071.5298226990453
24483,2071.5298226990453
24484,2071.5298226990453
24485,2071.5298226990453
24486,2071.5298226990453
24487,2071.5298226990453
24488,2071.5298226990453
24489,2071.5298226990453
24490,2071.5298226990453
24491,2071.5298226990453
24492,2071.5298226990453
24493,2071.5298226990453
24494,2071.5298226990453
24495,2071.5298226990453
24496,2071.5298226990453
24497,2071.5298226990453
24498,2071.5298226990453
24499,2071.5298226990453
24500,2071.5298226990453
24501,2071.5298226990453
24502,2071.5298226990453
24503,2071.5298226990453
24504,2071.5298226990453
24505,2071.5298226990453
24506,2071.5298226990453
24507,2071.5298226990453
24508,2071.5298226990453
24509,2071.5298226990453
24510,2071.5298226990453
24511,2071.5298226990453
24512,2071.5298226990453
24513,2071.5298226990453
24514,2071.5298226990453
24515,2071.5298226990453
24516,2071.5298226990453
24517,2071.5298226990453
24518,2071.5298226990453
24519,2071.5298226990453
24520,2071.5298226990453
24521,2071.5298226990453
24522,2071.5298226990453
24523,2071.5298226990453
24524,2071.5298226990453
24525,2071.5298226990453
24526,2071.5298226990453
24527,2071.5298226990453
24528,2071.5298226990453
24529,2071.5298226990453
24530,2071.5298226990453
24531,2071.5298226990453
24532,2071.5298226990453
24533,2071.5298226990453
24534,2071.5298226990453
24535,2071.5298226990453
24536,2071.5298226990453
24537,2071.5298226990453
24538,2071.5298226990453
24539,2071.5298226990453
24540,2071.5298226990453
24541,2071.5298226990453
24542,2071.5298226990453
24543,2071.5298226990453
24544,2071.5298226990453
24545,2071.5298226990453
24546,2071.5298226990453
24547,2071.5298226990453
24548,2071.5298226990453
24549,2071.5298226990453
24550,2071.5298226990453
24551,2071.5298226990453
24552,2071.5298226990453
24553,2071.5298226990453
24554,2071.5298226990453
24555,2071.5298226990453
24556,2071.5298226990453
24557,2071.5298226990453
24558,2071.5298226990453
24559,2071.5298226990453
24560,2071.5298226990453
24561,2071.5298226990453
24562,2071.5298226990453
24563,2071.5298226990453
24564,2071.5298226990453
24565,2071.5298226990453
24566,2071.5298226990453
24567,2071.5298226990453
24568,2071.5298226990453
24569,2071.5298226990453
24570,2071.5298226990453
24571,2071.5298226990453
24572,2071.5298226990453
24573,2071.5298226990453
24574,2071.5298226990453
24575,2071.5298226990453
24576,2071.5298226990453
24577,2071.5298226990453
24578,2071.5298226990453
24579,2071.5298226990453
24580,2071.5298226990453
24581,2071.5298226990453
24582,2071.5298226990453
24583,2071.5298226990453
24584,2071.5298226990453
24585,2071.5298226990453
24586,2071.5298226990453
24587,2071.5298226990453
24588,2071.5298226990453
24589,2071.5298226990453
24590,2071.5298226990453
24591,2071.5298226990453
24592,2071.5298226990453
24593,2071.5298226990453
24594,2071.5298226990453
24595,2071.5298226990453
24596,2071.5298226990453
24597,2071.5298226990453
24598,2071.5298226990453
24599,2071.5298226990453
24600,2071.5298226990453
24601,2071.5298226990453
24602,2071.5298226990453
24603,2071.5298226990453
24604,2071.5298226990453
24605,2071.5298226990453
24606,2071.5298226990453
24607,2071.5298226990453
24608,2071.5298226990453
24609,2071.5298226990453
24610,2071.5298226990453
24611,2071.5298226990453
24612,2071.5298226990453
24613,2071.5298226990453
24614,2071.5298226990453
24615,2071.5298226990453
24616,2071.5298226990453
24617,2071.5298226990453
24618,2071.5298226990453
24619,2071.5298226990453
24620,2071.5298226990453
24621,2071.5298226990453
24622,2071.5298226990453
24623,2071.5298226990453
24624,2071.5298226990453
24625,2071.5298226990453
24626,2071.5298226990453
24627,2071.5298226990453
24628,2071.5298226990453
24629,2071.5298226990453
24630,2071.5298226990453
24631,2071.5298226990453
24632,2071.5298226990453
24633,2071.5298226990453
24634,2071.5298226990453
24635,2071.5298226990453
24636,2071.5298226990453
24637,2071.5298226990453
24638,2071.5298226990453
24639,2071.5298226990453
24640,2071.5298226990453
24641,2071.5298226990453
24642,2071.5298226990453
24643,2071.5298226990453
24644,2071.5298226990453
24645,2071.5298226990453
24646,2071.5298226990453
24647,2071.5298226990453
24648,2071.5298226990453
24649,2071.5298226990453
24650,2071.5298226990453
24651,2071.5298226990453
24652,2071.5298226990453
24653,2071.5298226990453
24654,2071.5298226990453
24655,2071.5298226990453
24656,2071.5298226990453
24657,2071.5298226990453
24658,2071.5298226990453
24659,2071.5298226990453
24660,2071.5298226990453
24661,2071.5298226990453
24662,2071.5298226990453
24663,2071.5298226990453
24664,2071.5298226990453
24665,2071.5298226990453
24666,2071.5298226990453
24667,2071.5298226990453
24668,2071.5298226990453
24669,2071.5298226990453
24670,2071.5298226990453
24671,2071.5298226990453
24672,2071.5298226990453
24673,2071.5298226990453
24674,2071.5298226990453
24675,2071.5298226990453
24676,2071.5298226990453
24677,2071.5298226990453
24678,2071.5298226990453
24679,2071.5298226990453
24680,2071.5298226990453
24681,2071.5298226990453
24682,2071.5298226990453
24683,2071.5298226990453
24684,2071.5298226990453
24685,2071.5298226990453
24686,2071.5298226990453
24687,2071.5298226990453
24688,2071.5298226990453
24689,2071.5298226990453
24690,2071.5298226990453
24691,2071.5298226990453
24692,2071.5298226990453
24693,2071.5298226990453
24694,2071.5298226990453
24695,2071.5298226990453
24696,2071.5298226990453
24697,2071.5298226990453
24698,2071.5298226990453
24699,2071.5298226990453
24700,2071.5298226990453
24701,2071.5298226990453
24702,2071.5298226990453
24703,2071.5298226990453
24704,2071.5298226990453
24705,2071.5298226990453
24706,2071.5298226990453
24707,2071.5298226990453
24708,2071.5298226990453
24709,2071.5298226990453
24710,2071.5298226990453
24711,2071.5298226990453
24712,2071.5298226990453
24713,2071.5298226990453
24714,2071.5298226990453
24715,2071.5298226990453
24716,2071.5298226990453
24717,2071.5298226990453
24718,2071.5298226990453
24719,2071.5298226990453
24720,2071.5298226990453
24721,2071.5298226990453
24722,2071.5298226990453
24723,2071.5298226990453
24724,2071.5298226990453
24725,2071.5298226990453
24726,2071.5298226990453
24727,2071.5298226990453
24728,2071.5298226990453
24729,2071.5298226990453
24730,2071.5298226990453
24731,2071.5298226990453
24732,2071.5298226990453
24733,2071.5298226990453
24734,2071.5298226990453
24735,2071.5298226990453
24736,2071.5298226990453
24737,2071.5298226990453
24738,2071.5298226990453
24739,2071.5298226990453
24740,2071.5298226990453
24741,2071.5298226990453
24742,2071.5298226990453
24743,2071.5298226990453
24744,2071.5298226990453
24745,2071.5298226990453
24746,2071.5298226990453
24747,2071.5298226990453
24748,2071.5298226990453
24749,2071.5298226990453
24750,2071.5298226990453
24751,2071.5298226990453
24752,2071.5298226990453
24753,2071.5298226990453
24754,2071.5298226990453
24755,2071.5298226990453
24756,2071.5298226990453
24757,2071.5298226990453
24758,2071.5298226990453
24759,2071.5298226990453
24760,2071.5298226990453
24761,2071.5298226990453
24762,2071.5298226990453
24763,2071.5298226990453
24764,2071.5298226990453
24765,2071.5298226990453
24766,2071.5298226990453
24767,2071.5298226990453
24768,2071.5298226990453
24769,2071.5298226990453
24770,2071.5298226990453
24771,2071.5298226990453
24772,2071.5298226990453
24773,2071.5298226990453
24774,2071.5298226990453
24775,2071.5298226990453
24776,2071.5298226990453
24777,2071.5298226990453
24778,2071.5298226990453
24779,2071.5298226990453
24780,2071.5298226990453
24781,2071.5298226990453
24782,2071.5298226990453
24783,2071.5298226990453
24784,2071.5298226990453
24785,2071.5298226990453
24786,2071.5298226990453
24787,2071.5298226990453
24788,2071.5298226990453
24789,2071.5298226990453
24790,2071.5298226990453
24791,2071.5298226990453
24792,2071.5298226990453
24793,2071.5298226990453
24794,2071.5298226990453
24795,2071.5298226990453
24796,2071.5298226990453
24797,2071.5298226990453
24798,2071.5298226990453
24799,2071.5298226990453
24800,2071.5298226990453
24801,2071.5298226990453
24802,2071.5298226990453
24803,2071.5298226990453
24804,2071.5298226990453
24805,2071.5298226990453
24806,2071.5298226990453
24807,2071.5298226990453
24808,2071.5298226990453
24809,2071.5298226990453
24810,2071.5298226990453
24811,2071.5298226990453
24812,2071.5298226990453
24813,2071.5298226990453
24814,2071.5298226990453
24815,2071.5298226990453
24816,2071.5298226990453
24817,2071.5298226990453
24818,2071.5298226990453
24819,2071.5298226990453
24820,2071.5298226990453
24821,2071.5298226990453
24822,2071.5298226990453
24823,2071.5298226990453
24824,2071.5298226990453
24825,2071.5298226990453
24826,2071.5298226990453
24827,2071.5298226990453
24828,2071.5298226990453
24829,2071.5298226990453
24830,2071.5298226990453
24831,2071.5298226990453
24832,2071.5298226990453
24833,2071.5298226990453
24834,2071.5298226990453
24835,2071.5298226990453
24836,2071.5298226990453
24837,2071.5298226990453
24838,2071.5298226990453
24839,2071.5298226990453
24840,2071.5298226990453
24841,2071.5298226990453
24842,2071.5298226990453
24843,2071.5298226990453
24844,2071.5298226990453
24845,2071.5298226990453
24846,2071.5298226990453
24847,2071.5298226990453
24848,2071.5298226990453
24849,2071.5298226990453
24850,2071.5298226990453
24851,2071.5298226990453
24852,2071.5298226990453
24853,2071.5298226990453
24854,2071.5298226990453
24855,2071.5298226990453
24856,2071.5298226990453
24857,2071.5298226990453
24858,2071.5298226990453
24859,2071.5298226990453
24860,2071.5298226990453
24861,2071.5298226990453
24862,2071.5298226990453
24863,2071.5298226990453
24864,2071.5298226990453
24865,2071.5298226990453
24866,2071.5298226990453
24867,2071.5298226990453
24868,2071.5298226990453
24869,2071.5298226990453
24870,2071.5298226990453
24871,2071.5298226990453
24872,2071.5298226990453
24873,2071.5298226990453
24874,2071.5298226990453
24875,2071.5298226990453
24876,2071.5298226990453
24877,2071.5298226990453
24878,2071.5298226990453
24879,2071.5298226990453
24880,2071.5298226990453
24881,2071.5298226990453
24882,2071.5298226990453
24883,2071.5298226990453
24884,2071.5298226990453
24885,2071.5298226990453
24886,2071.5298226990453
24887,2071.5298226990453
24888,2071.5298226990453
24889,2071.5298226990453
24890,2071.5298226990453
24891,2071.5298226990453
24892,2071.5298226990453
24893,2071.5298226990453
24894,2071.5298226990453
24895,2071.5298226990453
24896,2071.5298226990453
24897,2071.5298226990453
24898,2071.5298226990453
24899,2071.5298226990453
24900,2071.5298226990453
24901,2071.5298226990453
24902,2071.5298226990453
24903,2071.5298226990453
24904,2071.5298226990453
24905,2071.5298226990453
24906,2071.5298226990453
24907,2071.5298226990453
24908,2071.5298226990453
24909,2071.5298226990453
24910,2071.5298226990453
24911,2071.5298226990453
24912,2071.5298226990453
24913,2071.5298226990453
24914,2071.5298226990453
24915,2071.5298226990453
24916,2071.5298226990453
24917,2071.5298226990453
24918,2071.5298226990453
24919,2071.5298226990453
24920,2071.5298226990453
24921,2071.5298226990453
24922,2071.5298226990453
24923,2071.5298226990453
24924,2071.5298226990453
24925,2071.5298226990453
24926,2071.5298226990453
24927,2071.5298226990453
24928,2071.5298226990453
24929,2071.5298226990453
24930,2071.5298226990453
24931,2071.5298226990453
24932,2071.5298226990453
24933,2071.5298226990453
24934,2071.5298226990453
24935,2071.5298226990453
24936,2071.5298226990453
24937,2071.5298226990453
24938,2071.5298226990453
24939,2071.5298226990453
24940,2071.5298226990453
24941,2071.5298226990453
24942,2071.5298226990453
24943,2071.5298226990453
24944,2071.5298226990453
24945,2071.5298226990453
24946,2071.5298226990453
24947,2071.5298226990453
24948,2071.5298226990453
24949,2071.5298226990453
24950,2071.5298226990453
24951,2071.5298226990453
24952,2071.5298226990453
24953,2071.5298226990453
24954,2071.5298226990453
24955,2071.5298226990453
24956,2071.5298226990453
24957,2071.5298226990453
24958,2071.5298226990453
24959,2071.5298226990453
24960,2071.5298226990453
24961,2071.5298226990453
24962,2071.5298226990453
24963,2071.5298226990453
24964,2071.5298226990453
24965,2071.5298226990453
24966,2071.5298226990453
24967,2071.5298226990453
24968,2071.5298226990453
24969,2071.5298226990453
24970,2071.5298226990453
24971,2071.5298226990453
24972,2071.5298226990453
24973,2071.5298226990453
24974,2071.5298226990453
24975,2071.5298226990453
24976,2071.5298226990453
24977,2071.5298226990453
24978,2071.5298226990453
24979,2071.5298226990453
24980,2071.5298226990453
24981,2071.5298226990453
24982,2071.5298226990453
24983,2071.5298226990453
24984,2071.5298226990453
24985,2071.5298226990453
24986,2071.5298226990453
24987,2071.5298226990453
24988,2071.5298226990453
24989,2071.5298226990453
24990,2071.5298226990453
24991,2071.5298226990453
24992,2071.5298226990453
24993,2071.5298226990453
24994,2071.5298226990453
24995,2071.5298226990453
24996,2071.5298226990453
24997,2071.5298226990453
24998,2071.5298226990453
24999,2071.5298226990453
25000,2071.5298226990453
25001,2071.5298226990453
25002,2071.5298226990453
25003,2071.5298226990453
25004,2071.5298226990453
25005,2071.5298226990453
25006,2071.5298226990453
25007,2071.5298226990453
25008,2071.5298226990453
25009,2071.5298226990453
25010,2071.5298226990453
25011,2071.5298226990453
25012,2071.5298226990453
25013,2071.5298226990453
25014,2071.5298226990453
25015,2071.5298226990453
25016,2071.5298226990453
25017,2071.5298226990453
25018,2071.5298226990453
25019,2071.5298226990453
25020,2071.5298226990453
25021,2071.5298226990453
25022,2071.5298226990453
25023,2071.5298226990453
25024,2071.5298226990453
25025,2071.5298226990453
25026,2071.5298226990453
25027,2071.5298226990453
25028,2071.5298226990453
25029,2071.5298226990453
25030,2071.5298226990453
25031,2071.5298226990453
25032,2071.5298226990453
25033,2071.5298226990453
25034,2071.5298226990453
25035,2071.5298226990453
25036,2071.5298226990453
25037,2071.5298226990453
25038,2071.5298226990453
25039,2071.5298226990453
25040,2071.5298226990453
25041,2071.5298226990453
25042,2071.5298226990453
25043,2071.5298226990453
25044,2071.5298226990453
25045,2071.5298226990453
25046,2071.5298226990453
25047,2071.5298226990453
25048,2071.5298226990453
25049,2071.5298226990453
25050,2071.5298226990453
25051,2071.5298226990453
25052,2071.5298226990453
25053,2071.5298226990453
25054,2071.5298226990453
25055,2071.5298226990453
25056,2071.5298226990453
25057,2071.5298226990453
25058,2071.5298226990453
25059,2071.5298226990453
25060,2071.5298226990453
25061,2071.5298226990453
25062,2071.5298226990453
25063,2071.5298226990453
25064,2071.5298226990453
25065,2071.5298226990453
25066,2071.5298226990453
25067,2071.5298226990453
25068,2071.5298226990453
25069,2071.5298226990453
25070,2071.5298226990453
25071,2071.5298226990453
25072,2071.5298226990453
25073,2071.5298226990453
25074,2071.5298226990453
25075,2071.5298226990453
25076,2071.5298226990453
25077,2071.5298226990453
25078,2071.5298226990453
25079,2071.5298226990453
25080,2071.5298226990453
25081,2071.5298226990453
25082,2071.5298226990453
25083,2071.5298226990453
25084,2071.5298226990453
25085,2071.5298226990453
25086,2071.5298226990453
25087,2071.5298226990453
25088,2071.5298226990453
25089,2071.5298226990453
25090,2071.5298226990453
25091,2071.5298226990453
25092,2071.5298226990453
25093,2071.5298226990453
25094,2071.5298226990453
25095,2071.5298226990453
25096,2071.5298226990453
25097,2071.5298226990453
25098,2071.5298226990453
25099,2071.5298226990453
25100,2071.5298226990453
25101,2071.5298226990453
25102,2071.5298226990453
25103,2071.5298226990453
25104,2071.5298226990453
25105,2071.5298226990453
25106,2071.5298226990453
25107,2071.5298226990453
25108,2071.5298226990453
25109,2071.5298226990453
25110,2071.5298226990453
25111,2071.5298226990453
25112,2071.5298226990453
25113,2071.5298226990453
25114,2071.5298226990453
25115,2071.5298226990453
25116,2071.5298226990453
25117,2071.5298226990453
25118,2071.5298226990453
25119,2071.5298226990453
25120,2071.5298226990453
25121,2071.5298226990453
25122,2071.5298226990453
25123,2071.5298226990453
25124,2071.5298226990453
25125,2071.5298226990453
25126,2071.5298226990453
25127,2071.5298226990453
25128,2071.5298226990453
25129,2071.5298226990453
25130,2071.5298226990453
25131,2071.5298226990453
25132,2071.5298226990453
25133,2071.5298226990453
25134,2071.5298226990453
25135,2071.5298226990453
25136,2071.5298226990453
25137,2071.5298226990453
25138,2071.5298226990453
25139,2071.5298226990453
25140,2071.5298226990453
25141,2071.5298226990453
25142,2071.5298226990453
25143,2071.5298226990453
25144,2071.5298226990453
25145,2071.5298226990453
25146,2071.5298226990453
25147,2071.5298226990453
25148,2071.5298226990453
25149,2071.5298226990453
25150,2071.5298226990453
25151,2071.5298226990453
25152,2071.5298226990453
25153,2071.5298226990453
25154,2071.5298226990453
25155,2071.5298226990453
25156,2071.5298226990453
25157,2071.5298226990453
25158,2071.5298226990453
25159,2071.5298226990453
25160,2071.5298226990453
25161,2071.5298226990453
25162,2071.5298226990453
25163,2071.5298226990453
25164,2071.5298226990453
25165,2071.5298226990453
25166,2071.5298226990453
25167,2071.5298226990453
25168,2071.5298226990453
25169,2071.5298226990453
25170,2071.5298226990453
25171,2071.5298226990453
25172,2071.5298226990453
25173,2071.5298226990453
25174,2071.5298226990453
25175,2071.5298226990453
25176,2071.5298226990453
25177,2071.5298226990453
25178,2071.5298226990453
25179,2071.5298226990453
25180,2071.5298226990453
25181,2071.5298226990453
25182,2071.5298226990453
25183,2071.5298226990453
25184,2071.5298226990453
25185,2071.5298226990453
25186,2071.5298226990453
25187,2071.5298226990453
25188,2071.5298226990453
25189,2071.5298226990453
25190,2071.5298226990453
25191,2071.5298226990453
25192,2071.5298226990453
25193,2071.5298226990453
25194,2071.5298226990453
25195,2071.5298226990453
25196,2071.5298226990453
25197,2071.5298226990453
25198,2071.5298226990453
25199,2071.5298226990453
25200,2071.5298226990453
25201,2071.5298226990453
25202,2071.5298226990453
25203,2071.5298226990453
25204,2071.5298226990453
25205,2071.5298226990453
25206,2071.5298226990453
25207,2071.5298226990453
25208,2071.5298226990453
25209,2071.5298226990453
25210,2071.5298226990453
25211,2071.5298226990453
25212,2071.5298226990453
25213,2071.5298226990453
25214,2071.5298226990453
25215,2071.5298226990453
25216,2071.5298226990453
25217,2071.5298226990453
25218,2071.5298226990453
25219,2071.5298226990453
25220,2071.5298226990453
25221,2071.5298226990453
25222,2071.5298226990453
25223,2071.5298226990453
25224,2071.5298226990453
25225,2071.5298226990453
25226,2071.5298226990453
25227,2071.5298226990453
25228,2071.5298226990453
25229,2071.5298226990453
25230,2071.5298226990453
25231,2071.5298226990453
25232,2071.5298226990453
25233,2071.5298226990453
25234,2071.5298226990453
25235,2071.5298226990453
25236,2071.5298226990453
25237,2071.5298226990453
25238,2071.5298226990453
25239,2071.5298226990453
25240,2071.5298226990453
25241,2071.5298226990453
25242,2071.5298226990453
25243,2071.5298226990453
25244,2071.5298226990453
25245,2071.5298226990453
25246,2071.5298226990453
25247,2071.5298226990453
25248,2071.5298226990453
25249,2071.5298226990453
25250,2071.5298226990453
25251,2071.5298226990453
25252,2071.5298226990453
25253,2071.5298226990453
25254,2071.5298226990453
25255,2071.5298226990453
25256,2071.5298226990453
25257,2071.5298226990453
25258,2071.5298226990453
25259,2071.5298226990453
25260,2071.5298226990453
25261,2071.5298226990453
25262,2071.5298226990453
25263,2071.5298226990453
25264,2071.5298226990453
25265,2071.5298226990453
25266,2071.5298226990453
25267,2071.5298226990453
25268,2071.5298226990453
25269,2071.5298226990453
25270,2071.5298226990453
25271,2071.5298226990453
25272,2071.5298226990453
25273,2071.5298226990453
25274,2071.5298226990453
25275,2071.5298226990453
25276,2071.5298226990453
25277,2071.5298226990453
25278,2071.5298226990453
25279,2071.5298226990453
25280,2071.5298226990453
25281,2071.5298226990453
25282,2071.5298226990453
25283,2071.5298226990453
25284,2071.5298226990453
25285,2071.5298226990453
25286,2071.5298226990453
25287,2071.5298226990453
25288,2071.5298226990453
25289,2071.5298226990453
25290,2071.5298226990453
25291,2071.5298226990453
25292,2071.5298226990453
25293,2071.5298226990453
25294,2071.5298226990453
25295,2071.5298226990453
25296,2071.5298226990453
25297,2071.5298226990453
25298,2071.5298226990453
25299,2071.5298226990453
25300,2071.5298226990453
25301,2071.5298226990453
25302,2071.5298226990453
25303,2071.5298226990453
25304,2071.5298226990453
25305,2071.5298226990453
25306,2071.5298226990453
25307,2071.5298226990453
25308,2071.5298226990453
25309,2071.5298226990453
25310,2071.5298226990453
25311,2071.5298226990453
25312,2071.5298226990453
25313,2071.5298226990453
25314,2071.5298226990453
25315,2071.5298226990453
25316,2071.5298226990453
25317,2071.5298226990453
25318,2071.5298226990453
25319,2071.5298226990453
25320,2071.5298226990453
25321,2071.5298226990453
25322,2071.5298226990453
25323,2071.5298226990453
25324,2071.5298226990453
25325,2071.5298226990453
25326,2071.5298226990453
25327,2071.5298226990453
25328,2071.5298226990453
25329,2071.5298226990453
25330,2071.5298226990453
25331,2071.5298226990453
25332,2071.5298226990453
25333,2071.5298226990453
25334,2071.5298226990453
25335,2071.5298226990453
25336,2071.5298226990453
25337,2071.5298226990453
25338,2071.5298226990453
25339,2071.5298226990453
25340,2071.5298226990453
25341,2071.5298226990453
25342,2071.5298226990453
25343,2071.5298226990453
25344,2071.5298226990453
25345,2071.5298226990453
25346,2071.5298226990453
25347,2071.5298226990453
25348,2071.5298226990453
25349,2071.5298226990453
25350,2071.5298226990453
25351,2071.5298226990453
25352,2071.5298226990453
25353,2071.5298226990453
25354,2071.5298226990453
25355,2071.5298226990453
25356,2071.5298226990453
25357,2071.5298226990453
25358,2071.5298226990453
25359,2071.5298226990453
25360,2071.5298226990453
25361,2071.5298226990453
25362,2071.5298226990453
25363,2071.5298226990453
25364,2071.5298226990453
25365,2071.5298226990453
25366,2071.5298226990453
25367,2071.5298226990453
25368,2071.5298226990453
25369,2071.5298226990453
25370,2071.5298226990453
25371,2071.5298226990453
25372,2071.5298226990453
25373,2071.5298226990453
25374,2071.5298226990453
25375,2071.5298226990453
25376,2071.5298226990453
25377,2071.5298226990453
25378,2071.5298226990453
25379,2071.5298226990453
25380,2071.5298226990453
25381,2071.5298226990453
25382,2071.5298226990453
25383,2071.5298226990453
25384,2071.5298226990453
25385,2071.5298226990453
25386,2071.5298226990453
25387,2071.5298226990453
25388,2071.5298226990453
25389,2071.5298226990453
25390,2071.5298226990453
25391,2071.5298226990453
25392,2071.5298226990453
25393,2071.5298226990453
25394,2071.5298226990453
25395,2071.5298226990453
25396,2071.5298226990453
25397,2071.5298226990453
25398,2071.5298226990453
25399,2071.5298226990453
25400,2071.5298226990453
25401,2071.5298226990453
25402,2071.5298226990453
25403,2071.5298226990453
25404,2071.5298226990453
25405,2071.5298226990453
25406,2071.5298226990453
25407,2071.5298226990453
25408,2071.5298226990453
25409,2071.5298226990453
25410,2071.5298226990453
25411,2071.5298226990453
25412,2071.5298226990453
25413,2071.5298226990453
25414,2071.5298226990453
25415,2071.5298226990453
25416,2071.5298226990453
25417,2071.5298226990453
25418,2071.5298226990453
25419,2071.5298226990453
25420,2071.5298226990453
25421,2071.5298226990453
25422,2071.5298226990453
25423,2071.5298226990453
25424,2071.5298226990453
25425,2071.5298226990453
25426,2071.5298226990453
25427,2071.5298226990453
25428,2071.5298226990453
25429,2071.5298226990453
25430,2071.5298226990453
25431,2071.5298226990453
25432,2071.5298226990453
25433,2071.5298226990453
25434,2071.5298226990453
25435,2071.5298226990453
25436,2071.5298226990453
25437,2071.5298226990453
25438,2071.5298226990453
25439,2071.5298226990453
25440,2071.5298226990453
25441,2071.5298226990453
25442,2071.5298226990453
25443,2071.5298226990453
25444,2071.5298226990453
25445,2071.5298226990453
25446,2071.5298226990453
25447,2071.5298226990453
25448,2071.5298226990453
25449,2071.5298226990453
25450,2071.5298226990453
25451,2071.5298226990453
25452,2071.5298226990453
25453,2071.5298226990453
25454,2071.5298226990453
25455,2071.5298226990453
25456,2071.5298226990453
25457,2071.5298226990453
25458,2071.5298226990453
25459,2071.5298226990453
25460,2071.5298226990453
25461,2071.5298226990453
25462,2071.5298226990453
25463,2071.5298226990453
25464,2071.5298226990453
25465,2071.5298226990453
25466,2071.5298226990453
25467,2071.5298226990453
25468,2071.5298226990453
25469,2071.5298226990453
25470,2071.5298226990453
25471,2071.5298226990453
25472,2071.5298226990453
25473,2071.5298226990453
25474,2071.5298226990453
25475,2071.5298226990453
25476,2071.5298226990453
25477,2071.5298226990453
25478,2071.5298226990453
25479,2071.5298226990453
25480,2071.5298226990453
25481,2071.5298226990453
25482,2071.5298226990453
25483,2071.5298226990453
25484,2071.5298226990453
25485,2071.5298226990453
25486,2071.5298226990453
25487,2071.5298226990453
25488,2071.5298226990453
25489,2071.5298226990453
25490,2071.5298226990453
25491,2071.5298226990453
25492,2071.5298226990453
25493,2071.5298226990453
25494,2071.5298226990453
25495,2071.5298226990453
25496,2071.5298226990453
25497,2071.5298226990453
25498,2071.5298226990453
25499,2071.5298226990453
25500,2071.5298226990453
25501,2071.5298226990453
25502,2071.5298226990453
25503,2071.5298226990453
25504,2071.5298226990453
25505,2071.5298226990453
25506,2071.5298226990453
25507,2071.5298226990453
25508,2071.5298226990453
25509,2071.5298226990453
25510,2071.5298226990453
25511,2071.5298226990453
25512,2071.5298226990453
25513,2071.5298226990453
25514,2071.5298226990453
25515,2071.5298226990453
25516,2071.5298226990453
25517,2071.5298226990453
25518,2071.5298226990453
25519,2071.5298226990453
25520,2071.5298226990453
25521,2071.5298226990453
25522,2071.5298226990453
25523,2071.5298226990453
25524,2071.5298226990453
25525,2071.5298226990453
25526,2071.5298226990453
25527,2071.5298226990453
25528,2071.5298226990453
25529,2071.5298226990453
25530,2071.5298226990453
25531,2071.5298226990453
25532,2071.5298226990453
25533,2071.5298226990453
25534,2071.5298226990453
25535,2071.5298226990453
25536,2071.5298226990453
25537,2071.5298226990453
25538,2071.5298226990453
25539,2071.5298226990453
25540,2071.5298226990453
25541,2071.5298226990453
25542,2071.5298226990453
25543,2071.5298226990453
25544,2071.5298226990453
25545,2071.5298226990453
25546,2071.5298226990453
25547,2071.5298226990453
25548,2071.5298226990453
25549,2071.5298226990453
25550,2071.5298226990453
25551,2071.5298226990453
25552,2071.5298226990453
25553,2071.5298226990453
25554,2071.5298226990453
25555,2071.5298226990453
25556,2071.5298226990453
25557,2071.5298226990453
25558,2071.5298226990453
25559,2071.5298226990453
25560,2071.5298226990453
25561,2071.5298226990453
25562,2071.5298226990453
25563,2071.5298226990453
25564,2071.5298226990453
25565,2071.5298226990453
25566,2071.5298226990453
25567,2071.5298226990453
25568,2071.5298226990453
25569,2071.5298226990453
25570,2071.5298226990453
25571,2071.5298226990453
25572,2071.5298226990453
25573,2071.5298226990453
25574,2071.5298226990453
25575,2071.5298226990453
25576,2071.5298226990453
25577,2071.5298226990453
25578,2071.5298226990453
25579,2071.5298226990453
25580,2071.5298226990453
25581,2071.5298226990453
25582,2071.5298226990453
25583,2071.5298226990453
25584,2071.5298226990453
25585,2071.5298226990453
25586,2071.5298226990453
25587,2071.5298226990453
25588,2071.5298226990453
25589,2071.5298226990453
25590,2071.5298226990453
25591,2071.5298226990453
25592,2071.5298226990453
25593,2071.5298226990453
25594,2071.5298226990453
25595,2071.5298226990453
25596,2071.5298226990453
25597,2071.5298226990453
25598,2071.5298226990453
25599,2071.5298226990453
25600,2071.5298226990453
25601,2071.5298226990453
25602,2071.5298226990453
25603,2071.5298226990453
25604,2071.5298226990453
25605,2071.5298226990453
25606,2071.5298226990453
25607,2071.5298226990453
25608,2071.5298226990453
25609,2071.5298226990453
25610,2071.5298226990453
25611,2071.5298226990453
25612,2071.5298226990453
25613,2071.5298226990453
25614,2071.5298226990453
25615,2071.5298226990453
25616,2071.5298226990453
25617,2071.5298226990453
25618,2071.5298226990453
25619,2071.5298226990453
25620,2071.5298226990453
25621,2071.5298226990453
25622,2071.5298226990453
25623,2071.5298226990453
25624,2071.5298226990453
25625,2071.5298226990453
25626,2071.5298226990453
25627,2071.5298226990453
25628,2071.5298226990453
25629,2071.5298226990453
25630,2071.5298226990453
25631,2071.5298226990453
25632,2071.5298226990453
25633,2071.5298226990453
25634,2071.5298226990453
25635,2071.5298226990453
25636,2071.5298226990453
25637,2071.5298226990453
25638,2071.5298226990453
25639,2071.5298226990453
25640,2071.5298226990453
25641,2071.5298226990453
25642,2071.5298226990453
25643,2071.5298226990453
25644,2071.5298226990453
25645,2071.5298226990453
25646,2071.5298226990453
25647,2071.5298226990453
25648,2071.5298226990453
25649,2071.5298226990453
25650,2071.5298226990453
25651,2071.5298226990453
25652,2071.5298226990453
25653,2071.5298226990453
25654,2071.5298226990453
25655,2071.5298226990453
25656,2071.5298226990453
25657,2071.5298226990453
25658,2071.5298226990453
25659,2071.5298226990453
25660,2071.5298226990453
25661,2071.5298226990453
25662,2071.5298226990453
25663,2071.5298226990453
25664,2071.5298226990453
25665,2071.5298226990453
25666,2071.5298226990453
25667,2071.5298226990453
25668,2071.5298226990453
25669,2071.5298226990453
25670,2071.5298226990453
25671,2071.5298226990453
25672,2071.5298226990453
25673,2071.5298226990453
25674,2071.5298226990453
25675,2071.5298226990453
25676,2071.5298226990453
25677,2071.5298226990453
25678,2071.5298226990453
25679,2071.5298226990453
25680,2071.5298226990453
25681,2071.5298226990453
25682,2071.5298226990453
25683,2071.5298226990453
25684,2071.5298226990453
25685,2071.5298226990453
25686,2071.5298226990453
25687,2071.5298226990453
25688,2071.5298226990453
25689,2071.5298226990453
25690,2071.5298226990453
25691,2071.5298226990453
25692,2071.5298226990453
25693,2071.5298226990453
25694,2071.5298226990453
25695,2071.5298226990453
25696,2071.5298226990453
25697,2071.5298226990453
25698,2071.5298226990453
25699,2071.5298226990453
25700,2071.5298226990453
25701,2071.5298226990453
25702,2071.5298226990453
25703,2071.5298226990453
25704,2071.5298226990453
25705,2071.5298226990453
25706,2071.5298226990453
25707,2071.5298226990453
25708,2071.5298226990453
25709,2071.5298226990453
25710,2071.5298226990453
25711,2071.5298226990453
25712,2071.5298226990453
25713,2071.5298226990453
25714,2071.5298226990453
25715,2071.5298226990453
25716,2071.5298226990453
25717,2071.5298226990453
25718,2071.5298226990453
25719,2071.5298226990453
25720,2071.5298226990453
25721,2071.5298226990453
25722,2071.5298226990453
25723,2071.5298226990453
25724,2071.5298226990453
25725,2071.5298226990453
25726,2071.5298226990453
25727,2071.5298226990453
25728,2071.5298226990453
25729,2071.5298226990453
25730,2071.5298226990453
25731,2071.5298226990453
25732,2071.5298226990453
25733,2071.5298226990453
25734,2071.5298226990453
25735,2071.5298226990453
25736,2071.5298226990453
25737,2071.5298226990453
25738,2071.5298226990453
25739,2071.5298226990453
25740,2071.5298226990453
25741,2071.5298226990453
25742,2071.5298226990453
25743,2071.5298226990453
25744,2071.5298226990453
25745,2071.5298226990453
25746,2071.5298226990453
25747,2071.5298226990453
25748,2071.5298226990453
25749,2071.5298226990453
25750,2071.5298226990453
25751,2071.5298226990453
25752,2071.5298226990453
25753,2071.5298226990453
25754,2071.5298226990453
25755,2071.5298226990453
25756,2071.5298226990453
25757,2071.5298226990453
25758,2071.5298226990453
25759,2071.5298226990453
25760,2071.5298226990453
25761,2071.5298226990453
25762,2071.5298226990453
25763,2071.5298226990453
25764,2071.5298226990453
25765,2071.5298226990453
25766,2071.5298226990453
25767,2071.5298226990453
25768,2071.5298226990453
25769,2071.5298226990453
25770,2071.5298226990453
25771,2071.5298226990453
25772,2071.5298226990453
25773,2071.5298226990453
25774,2071.5298226990453
25775,2071.5298226990453
25776,2071.5298226990453
25777,2071.5298226990453
25778,2071.5298226990453
25779,2071.5298226990453
25780,2071.5298226990453
25781,2071.5298226990453
25782,2071.5298226990453
25783,2071.5298226990453
25784,2071.5298226990453
25785,2071.5298226990453
25786,2071.5298226990453
25787,2071.5298226990453
25788,2071.5298226990453
25789,2071.5298226990453
25790,2071.5298226990453
25791,2071.5298226990453
25792,2071.5298226990453
25793,2071.5298226990453
25794,2071.5298226990453
25795,2071.5298226990453
25796,2071.5298226990453
25797,2071.5298226990453
25798,2071.5298226990453
25799,2071.5298226990453
25800,2071.5298226990453
25801,2071.5298226990453
25802,2071.5298226990453
25803,2071.5298226990453
25804,2071.5298226990453
25805,2071.5298226990453
25806,2071.5298226990453
25807,2071.5298226990453
25808,2071.5298226990453
25809,2071.5298226990453
25810,2071.5298226990453
25811,2071.5298226990453
25812,2071.5298226990453
25813,2071.5298226990453
25814,2071.5298226990453
25815,2071.5298226990453
25816,2071.5298226990453
25817,2071.5298226990453
25818,2071.5298226990453
25819,2071.5298226990453
25820,2071.5298226990453
25821,2071.5298226990453
25822,2071.5298226990453
25823,2071.5298226990453
25824,2071.5298226990453
25825,2071.5298226990453
25826,2071.5298226990453
25827,2071.5298226990453
25828,2071.5298226990453
25829,2071.5298226990453
25830,2071.5298226990453
25831,2071.5298226990453
25832,2071.5298226990453
25833,2071.5298226990453
25834,2071.5298226990453
25835,2071.5298226990453
25836,2071.5298226990453
25837,2071.5298226990453
25838,2071.5298226990453
25839,2071.5298226990453
25840,2071.5298226990453
25841,2071.5298226990453
25842,2071.5298226990453
25843,2071.5298226990453
25844,2071.5298226990453
25845,2071.5298226990453
25846,2071.5298226990453
25847,2071.5298226990453
25848,2071.5298226990453
25849,2071.5298226990453
25850,2071.5298226990453
25851,2071.5298226990453
25852,2071.5298226990453
25853,2071.5298226990453
25854,2071.5298226990453
25855,2071.5298226990453
25856,2071.5298226990453
25857,2071.5298226990453
25858,2071.5298226990453
25859,2071.5298226990453
25860,2071.5298226990453
25861,2071.5298226990453
25862,2071.5298226990453
25863,2071.5298226990453
25864,2071.5298226990453
25865,2071.5298226990453
25866,2071.5298226990453
25867,2071.5298226990453
25868,2071.5298226990453
25869,2071.5298226990453
25870,2071.5298226990453
25871,2071.5298226990453
25872,2071.5298226990453
25873,2071.5298226990453
25874,2071.5298226990453
25875,2071.5298226990453
25876,2071.5298226990453
25877,2071.5298226990453
25878,2071.5298226990453
25879,2071.5298226990453
25880,2071.5298226990453
25881,2071.5298226990453
25882,2071.5298226990453
25883,2071.5298226990453
25884,2071.5298226990453
25885,2071.5298226990453
25886,2071.5298226990453
25887,2071.5298226990453
25888,2071.5298226990453
25889,2071.5298226990453
25890,2071.5298226990453
25891,2071.5298226990453
25892,2071.5298226990453
25893,2071.5298226990453
25894,2071.5298226990453
25895,2071.5298226990453
25896,2071.5298226990453
25897,2071.5298226990453
25898,2071.5298226990453
25899,2071.5298226990453
25900,2071.5298226990453
25901,2071.5298226990453
25902,2071.5298226990453
25903,2071.5298226990453
25904,2071.5298226990453
25905,2071.5298226990453
25906,2071.5298226990453
25907,2071.5298226990453
25908,2071.5298226990453
25909,2071.5298226990453
25910,2071.5298226990453
25911,2071.5298226990453
25912,2071.5298226990453
25913,2071.5298226990453
25914,2071.5298226990453
25915,2071.5298226990453
25916,2071.5298226990453
25917,2071.5298226990453
25918,2071.5298226990453
25919,2071.5298226990453
25920,2071.5298226990453
25921,2071.5298226990453
25922,2071.5298226990453
25923,2071.5298226990453
25924,2071.5298226990453
25925,2071.5298226990453
25926,2071.5298226990453
25927,2071.5298226990453
25928,2071.5298226990453
25929,2071.5298226990453
25930,2071.5298226990453
25931,2071.5298226990453
25932,2071.5298226990453
25933,2071.5298226990453
25934,2071.5298226990453
25935,2071.5298226990453
25936,2071.5298226990453
25937,2071.5298226990453
25938,2071.5298226990453
25939,2071.5298226990453
25940,2071.5298226990453
25941,2071.5298226990453
25942,2071.5298226990453
25943,2071.5298226990453
25944,2071.5298226990453
25945,2071.5298226990453
25946,2071.5298226990453
25947,2071.5298226990453
25948,2071.5298226990453
25949,2071.5298226990453
25950,2071.5298226990453
25951,2071.5298226990453
25952,2071.5298226990453
25953,2071.5298226990453
25954,2071.5298226990453
25955,2071.5298226990453
25956,2071.5298226990453
25957,2071.5298226990453
25958,2071.5298226990453
25959,2071.5298226990453
25960,2071.5298226990453
25961,2071.5298226990453
25962,2071.5298226990453
25963,2071.5298226990453
25964,2071.5298226990453
25965,2071.5298226990453
25966,2071.5298226990453
25967,2071.5298226990453
25968,2071.5298226990453
25969,2071.5298226990453
25970,2071.5298226990453
25971,2071.5298226990453
25972,2071.5298226990453
25973,2071.5298226990453
25974,2071.5298226990453
25975,2071.5298226990453
25976,2071.5298226990453
25977,2071.5298226990453
25978,2071.5298226990453
25979,2071.5298226990453
25980,2071.5298226990453
25981,2071.5298226990453
25982,2071.5298226990453
25983,2071.5298226990453
25984,2071.5298226990453
25985,2071.5298226990453
25986,2071.5298226990453
25987,2071.5298226990453
25988,2071.5298226990453
25989,2071.5298226990453
25990,2071.5298226990453
25991,2071.5298226990453
25992,2071.5298226990453
25993,2071.5298226990453
25994,2071.5298226990453
25995,2071.5298226990453
25996,2071.5298226990453
25997,2071.5298226990453
25998,2071.5298226990453
25999,2071.5298226990453
26000,2071.5298226990453
26001,2071.5298226990453
26002,2071.5298226990453
26003,2071.5298226990453
26004,2071.5298226990453
26005,2071.5298226990453
26006,2071.5298226990453
26007,2071.5298226990453
26008,2071.5298226990453
26009,2071.5298226990453
26010,2071.5298226990453
26011,2071.5298226990453
26012,2071.5298226990453
26013,2071.5298226990453
26014,2071.5298226990453
26015,2071.5298226990453
26016,2071.5298226990453
26017,2071.5298226990453
26018,2071.5298226990453
26019,2071.5298226990453
26020,2071.5298226990453
26021,2071.5298226990453
26022,2071.5298226990453
26023,2071.5298226990453
26024,2071.5298226990453
26025,2071.5298226990453
26026,2071.5298226990453
26027,2071.5298226990453
26028,2071.5298226990453
26029,2071.5298226990453
26030,2071.5298226990453
26031,2071.5298226990453
26032,2071.5298226990453
26033,2071.5298226990453
26034,2071.5298226990453
26035,2071.5298226990453
26036,2071.5298226990453
26037,2071.5298226990453
26038,2071.5298226990453
26039,2071.5298226990453
26040,2071.5298226990453
26041,2071.5298226990453
26042,2071.5298226990453
26043,2071.5298226990453
26044,2071.5298226990453
26045,2071.5298226990453
26046,2071.5298226990453
26047,2071.5298226990453
26048,2071.5298226990453
26049,2071.5298226990453
26050,2071.5298226990453
26051,2071.5298226990453
26052,2071.5298226990453
26053,2071.5298226990453
26054,2071.5298226990453
26055,2071.5298226990453
26056,2071.5298226990453
26057,2071.5298226990453
26058,2071.5298226990453
26059,2071.5298226990453
26060,2071.5298226990453
26061,2071.5298226990453
26062,2071.5298226990453
26063,2071.5298226990453
26064,2071.5298226990453
26065,2071.5298226990453
26066,2071.5298226990453
26067,2071.5298226990453
26068,2071.5298226990453
26069,2071.5298226990453
26070,2071.5298226990453
26071,2071.5298226990453
26072,2071.5298226990453
26073,2071.5298226990453
26074,2071.5298226990453
26075,2071.5298226990453
26076,2071.5298226990453
26077,2071.5298226990453
26078,2071.5298226990453
26079,2071.5298226990453
26080,2071.5298226990453
26081,2071.5298226990453
26082,2071.5298226990453
26083,2071.5298226990453
26084,2071.5298226990453
26085,2071.5298226990453
26086,2071.5298226990453
26087,2071.5298226990453
26088,2071.5298226990453
26089,2071.5298226990453
26090,2071.5298226990453
26091,2071.5298226990453
26092,2071.5298226990453
26093,2071.5298226990453
26094,2071.5298226990453
26095,2071.5298226990453
26096,2071.5298226990453
26097,2071.5298226990453
26098,2071.5298226990453
26099,2071.5298226990453
26100,2071.5298226990453
26101,2071.5298226990453
26102,2071.5298226990453
26103,2071.5298226990453
26104,2071.5298226990453
26105,2071.5298226990453
26106,2071.5298226990453
26107,2071.5298226990453
26108,2071.5298226990453
26109,2071.5298226990453
26110,2071.5298226990453
26111,2071.5298226990453
26112,2071.5298226990453
26113,2071.5298226990453
26114,2071.5298226990453
26115,2071.5298226990453
26116,2071.5298226990453
26117,2071.5298226990453
26118,2071.5298226990453
26119,2071.5298226990453
26120,2071.5298226990453
26121,2071.5298226990453
26122,2071.5298226990453
26123,2071.5298226990453
26124,2071.5298226990453
26125,2071.5298226990453
26126,2071.5298226990453
26127,2071.5298226990453
26128,2071.5298226990453
26129,2071.5298226990453
26130,2071.5298226990453
26131,2071.5298226990453
26132,2071.5298226990453
26133,2071.5298226990453
26134,2071.5298226990453
26135,2071.5298226990453
26136,2071.5298226990453
26137,2071.5298226990453
26138,2071.5298226990453
26139,2071.5298226990453
26140,2071.5298226990453
26141,2071.5298226990453
26142,2071.5298226990453
26143,2071.5298226990453
26144,2071.5298226990453
26145,2071.5298226990453
26146,2071.5298226990453
26147,2071.5298226990453
26148,2071.5298226990453
26149,2071.5298226990453
26150,2071.5298226990453
26151,2071.5298226990453
26152,2071.5298226990453
26153,2071.5298226990453
26154,2071.5298226990453
26155,2071.5298226990453
26156,2071.5298226990453
26157,2071.5298226990453
26158,2071.5298226990453
26159,2071.5298226990453
26160,2071.5298226990453
26161,2071.5298226990453
26162,2071.5298226990453
26163,2071.5298226990453
26164,2071.5298226990453
26165,2071.5298226990453
26166,2071.5298226990453
26167,2071.5298226990453
26168,2071.5298226990453
26169,2071.5298226990453
26170,2071.5298226990453
26171,2071.5298226990453
26172,2071.5298226990453
26173,2071.5298226990453
26174,2071.5298226990453
26175,2071.5298226990453
26176,2071.5298226990453
26177,2071.5298226990453
26178,2071.5298226990453
26179,2071.5298226990453
26180,2071.5298226990453
26181,2071.5298226990453
26182,2071.5298226990453
26183,2071.5298226990453
26184,2071.5298226990453
26185,2071.5298226990453
26186,2071.5298226990453
26187,2071.5298226990453
26188,2071.5298226990453
26189,2071.5298226990453
26190,2071.5298226990453
26191,2071.5298226990453
26192,2071.5298226990453
26193,2071.5298226990453
26194,2071.5298226990453
26195,2071.5298226990453
26196,2071.5298226990453
26197,2071.5298226990453
26198,2071.5298226990453
26199,2071.5298226990453
26200,2071.5298226990453
26201,2071.5298226990453
26202,2071.5298226990453
26203,2071.5298226990453
26204,2071.5298226990453
26205,2071.5298226990453
26206,2071.5298226990453
26207,2071.5298226990453
26208,2071.5298226990453
26209,2071.5298226990453
26210,2071.5298226990453
26211,2071.5298226990453
26212,2071.5298226990453
26213,2071.5298226990453
26214,2071.5298226990453
26215,2071.5298226990453
26216,2071.5298226990453
26217,2071.5298226990453
26218,2071.5298226990453
26219,2071.5298226990453
26220,2071.5298226990453
26221,2071.5298226990453
26222,2071.5298226990453
26223,2071.5298226990453
26224,2071.5298226990453
26225,2071.5298226990453
26226,2071.5298226990453
26227,2071.5298226990453
26228,2071.5298226990453
26229,2071.5298226990453
26230,2071.5298226990453
26231,2071.5298226990453
26232,2071.5298226990453
26233,2071.5298226990453
26234,2071.5298226990453
26235,2071.5298226990453
26236,2071.5298226990453
26237,2071.5298226990453
26238,2071.5298226990453
26239,2071.5298226990453
26240,2071.5298226990453
26241,2071.5298226990453
26242,2071.5298226990453
26243,2071.5298226990453
26244,2071.5298226990453
26245,2071.5298226990453
26246,2071.5298226990453
26247,2071.5298226990453
26248,2071.5298226990453
26249,2071.5298226990453
26250,2071.5298226990453
26251,2071.5298226990453
26252,2071.5298226990453
26253,2071.5298226990453
26254,2071.5298226990453
26255,2071.5298226990453
26256,2071.5298226990453
26257,2071.5298226990453
26258,2071.5298226990453
26259,2071.5298226990453
26260,2071.5298226990453
26261,2071.5298226990453
26262,2071.5298226990453
26263,2071.5298226990453
26264,2071.5298226990453
26265,2071.5298226990453
26266,2071.5298226990453
26267,2071.5298226990453
26268,2071.5298226990453
26269,2071.5298226990453
26270,2071.5298226990453
26271,2071.5298226990453
26272,2071.5298226990453
26273,2071.5298226990453
26274,2071.5298226990453
26275,2071.5298226990453
26276,2071.5298226990453
26277,2071.5298226990453
26278,2071.5298226990453
26279,2071.5298226990453
26280,2071.5298226990453
26281,2071.5298226990453
26282,2071.5298226990453
26283,2071.5298226990453
26284,2071.5298226990453
26285,2071.5298226990453
26286,2071.5298226990453
26287,2071.5298226990453
26288,2071.5298226990453
26289,2071.5298226990453
26290,2071.5298226990453
26291,2071.5298226990453
26292,2071.5298226990453
26293,2071.5298226990453
26294,2071.5298226990453
26295,2071.5298226990453
26296,2071.5298226990453
26297,2071.5298226990453
26298,2071.5298226990453
26299,2071.5298226990453
26300,2071.5298226990453
26301,2071.5298226990453
26302,2071.5298226990453
26303,2071.5298226990453
26304,2071.5298226990453
26305,2071.5298226990453
26306,2071.5298226990453
26307,2071.5298226990453
26308,2071.5298226990453
26309,2071.5298226990453
26310,2071.5298226990453
26311,2071.5298226990453
26312,2071.5298226990453
26313,2071.5298226990453
26314,2071.5298226990453
26315,2071.5298226990453
26316,2071.5298226990453
26317,2071.5298226990453
26318,2071.5298226990453
26319,2071.5298226990453
26320,2071.5298226990453
26321,2071.5298226990453
26322,2071.5298226990453
26323,2071.5298226990453
26324,2071.5298226990453
26325,2071.5298226990453
26326,2071.5298226990453
26327,2071.5298226990453
26328,2071.5298226990453
26329,2071.5298226990453
26330,2071.5298226990453
26331,2071.5298226990453
26332,2071.5298226990453
26333,2071.5298226990453
26334,2071.5298226990453
26335,2071.5298226990453
26336,2071.5298226990453
26337,2071.5298226990453
26338,2071.5298226990453
26339,2071.5298226990453
26340,2071.5298226990453
26341,2071.5298226990453
26342,2071.5298226990453
26343,2071.5298226990453
26344,2071.5298226990453
26345,2071.5298226990453
26346,2071.5298226990453
26347,2071.5298226990453
26348,2071.5298226990453
26349,2071.5298226990453
26350,2071.5298226990453
26351,2071.5298226990453
26352,2071.5298226990453
26353,2071.5298226990453
26354,2071.5298226990453
26355,2071.5298226990453
26356,2071.5298226990453
26357,2071.5298226990453
26358,2071.5298226990453
26359,2071.5298226990453
26360,2071.5298226990453
26361,2071.5298226990453
26362,2071.5298226990453
26363,2071.5298226990453
26364,2071.5298226990453
26365,2071.5298226990453
26366,2071.5298226990453
26367,2071.5298226990453
26368,2071.5298226990453
26369,2071.5298226990453
26370,2071.5298226990453
26371,2071.5298226990453
26372,2071.5298226990453
26373,2071.5298226990453
26374,2071.5298226990453
26375,2071.5298226990453
26376,2071.5298226990453
26377,2071.5298226990453
26378,2071.5298226990453
26379,2071.5298226990453
26380,2071.5298226990453
26381,2071.5298226990453
26382,2071.5298226990453
26383,2071.5298226990453
26384,2071.5298226990453
26385,2071.5298226990453
26386,2071.5298226990453
26387,2071.5298226990453
26388,2071.5298226990453
26389,2071.5298226990453
26390,2071.5298226990453
26391,2071.5298226990453
26392,2071.5298226990453
26393,2071.5298226990453
26394,2071.5298226990453
26395,2071.5298226990453
26396,2071.5298226990453
26397,2071.5298226990453
26398,2071.5298226990453
26399,2071.5298226990453
26400,2071.5298226990453
26401,2071.5298226990453
26402,2071.5298226990453
26403,2071.5298226990453
26404,2071.5298226990453
26405,2071.5298226990453
26406,2071.5298226990453
26407,2071.5298226990453
26408,2071.5298226990453
26409,2071.5298226990453
26410,2071.5298226990453
26411,2071.5298226990453
26412,2071.5298226990453
26413,2071.5298226990453
26414,2071.5298226990453
26415,2071.5298226990453
26416,2071.5298226990453
26417,2071.5298226990453
26418,2071.5298226990453
26419,2071.5298226990453
26420,2071.5298226990453
26421,2071.5298226990453
26422,2071.5298226990453
26423,2071.5298226990453
26424,2071.5298226990453
26425,2071.5298226990453
26426,2071.5298226990453
26427,2071.5298226990453
26428,2071.5298226990453
26429,2071.5298226990453
26430,2071.5298226990453
26431,2071.5298226990453
26432,2046.9411128984796
26433,2046.9411128984796
26434,2046.9411128984796
26435,2046.9411128984796
26436,2046.9411128984796
26437,2046.9411128984796
26438,2046.9411128984796
26439,2046.9411128984796
26440,2046.9411128984796
26441,2046.9411128984796
26442,2046.9411128984796
26443,2046.9411128984796
26444,2046.9411128984796
26445,2046.9411128984796
26446,2046.9411128984796
26447,2046.9411128984796
26448,2046.9411128984796
26449,2046.9411128984796
26450,2046.9411128984796
26451,2046.9411128984796
26452,2046.9411128984796
26453,2046.9411128984796
26454,2046.9411128984796
26455,2046.9411128984796
26456,2046.9411128984796
26457,2046.9411128984796
26458,2046.9411128984796
26459,2046.9411128984796
26460,2046.9411128984796
26461,2028.937847918856
26462,2028.937847918856
26463,2028.937847918856
26464,2028.937847918856
26465,2028.937847918856
26466,2028.937847918856
26467,2028.937847918856
26468,2028.937847918856
26469,2028.937847918856
26470,2028.937847918856
26471,2028.937847918856
26472,2028.937847918856
26473,2028.937847918856
26474,2028.937847918856
26475,2028.937847918856
26476,2028.937847918856
26477,2028.937847918856
26478,2028.937847918856
26479,2028.937847918856
26480,2028.937847918856
26481,2028.937847918856
26482,2028.937847918856
26483,2028.937847918856
26484,2028.937847918856
26485,2028.937847918856
26486,2028.937847918856
26487,2028.937847918856
26488,2028.937847918856
26489,2028.937847918856
26490,2028.937847918856
26491,2028.937847918856
26492,2028.937847918856
26493,2028.937847918856
26494,2028.937847918856
26495,2028.937847918856
26496,2028.937847918856
26497,2028.937847918856
26498,2028.937847918856
26499,2028.937847918856
26500,2028.937847918856
26501,2028.937847918856
26502,2028.937847918856
26503,2028.937847918856
26504,2028.937847918856
26505,2028.937847918856
26506,2028.937847918856
26507,2028.937847918856
26508,2028.937847918856
26509,2028.937847918856
26510,2028.937847918856
26511,2028.937847918856
26512,2028.937847918856
26513,2028.937847918856
26514,2028.937847918856
26515,2028.937847918856
26516,2028.937847918856
26517,2028.937847918856
26518,2028.937847918856
26519,2028.937847918856
26520,2028.937847918856
26521,2028.937847918856
26522,2028.937847918856
26523,2028.937847918856
26524,2028.937847918856
26525,2028.937847918856
26526,2028.937847918856
26527,2028.937847918856
26528,2028.937847918856
26529,2028.937847918856
26530,2028.937847918856
26531,2028.937847918856
26532,2028.937847918856
26533,2028.937847918856
26534,2028.937847918856
26535,2028.937847918856
26536,2028.937847918856
26537,2028.937847918856
26538,2028.937847918856
26539,2028.937847918856
26540,2028.937847918856
26541,2028.937847918856
26542,2028.937847918856
26543,2028.937847918856
26544,2028.937847918856
26545,2028.937847918856
26546,2028.937847918856
26547,2028.937847918856
26548,2028.937847918856
26549,2028.937847918856
26550,2028.937847918856
26551,2028.937847918856
26552,2028.937847918856
26553,2028.937847918856
26554,2028.937847918856
26555,2028.937847918856
26556,2028.937847918856
26557,2028.937847918856
26558,2028.937847918856
26559,2028.937847918856
26560,2028.937847918856
26561,2028.937847918856
26562,2028.937847918856
26563,2028.937847918856
26564,2028.937847918856
26565,2028.937847918856
26566,2028.937847918856
26567,2028.937847918856
26568,2028.937847918856
26569,2028.937847918856
26570,2028.937847918856
26571,2028.937847918856
26572,2028.937847918856
26573,2028.937847918856
26574,2028.937847918856
26575,2028.937847918856
26576,2028.937847918856
26577,2028.937847918856
26578,2028.937847918856
26579,2028.937847918856
26580,2028.937847918856
26581,2028.937847918856
26582,2028.937847918856
26583,2028.937847918856
26584,2028.937847918856
26585,2028.937847918856
26586,2028.937847918856
26587,2028.937847918856
26588,2028.937847918856
26589,2028.937847918856
26590,2028.937847918856
26591,2028.937847918856
26592,2028.937847918856
26593,2028.937847918856
26594,2028.937847918856
26595,2028.937847918856
26596,2028.937847918856
26597,2028.937847918856
26598,2028.937847918856
26599,2028.937847918856
26600,2028.937847918856
26601,2028.937847918856
26602,2028.937847918856
26603,2028.937847918856
26604,2028.937847918856
26605,2028.937847918856
26606,2028.937847918856
26607,2028.937847918856
26608,2028.937847918856
26609,2028.937847918856
26610,2028.937847918856
26611,2028.937847918856
26612,2028.937847918856
26613,2028.937847918856
26614,2028.937847918856
26615,2028.937847918856
26616,2028.937847918856
26617,2028.937847918856
26618,2028.937847918856
26619,2028.937847918856
26620,2028.937847918856
26621,2028.937847918856
26622,2028.937847918856
26623,2028.937847918856
26624,2028.937847918856
26625,2028.937847918856
26626,2028.937847918856
26627,2028.937847918856
26628,2028.937847918856
26629,2028.937847918856
26630,2028.937847918856
26631,2028.937847918856
26632,2028.937847918856
26633,2028.937847918856
26634,2028.937847918856
26635,2028.937847918856
26636,2028.937847918856
26637,2028.937847918856
26638,2028.937847918856
26639,2028.937847918856
26640,2028.937847918856
26641,2028.937847918856
26642,2028.937847918856
26643,2028.937847918856
26644,2028.937847918856
26645,2028.937847918856
26646,2028.937847918856
26647,2028.937847918856
26648,2028.937847918856
26649,2028.937847918856
26650,2028.937847918856
26651,2028.937847918856
26652,2028.937847918856
26653,2028.937847918856
26654,2028.937847918856
26655,2028.937847918856
26656,2028.937847918856
26657,2028.937847918856
26658,2028.937847918856
26659,2028.937847918856
26660,2028.937847918856
26661,2028.937847918856
26662,2028.937847918856
26663,2028.937847918856
26664,2025.4308381669882
26665,2025.4308381669882
26666,2025.4308381669882
26667,2025.4308381669882
26668,2025.4308381669882
26669,2025.4308381669882
26670,2025.4308381669882
26671,2025.4308381669882
26672,2025.4308381669882
26673,2025.4308381669882
26674,2025.4308381669882
26675,2025.4308381669882
26676,2025.4308381669882
26677,2025.4308381669882
26678,2025.4308381669882
26679,2025.4308381669882
26680,2025.4308381669882
26681,2025.4308381669882
26682,2025.4308381669882
26683,2025.4308381669882
26684,2025.4308381669882
26685,2025.4308381669882
26686,2025.4308381669882
26687,2025.4308381669882
26688,2025.4308381669882
26689,2025.4308381669882
26690,2025.4308381669882
26691,2025.4308381669882
26692,2025.4308381669882
26693,2025.4308381669882
26694,2025.4308381669882
26695,2025.4308381669882
26696,2025.4308381669882
26697,2025.4308381669882
26698,2025.4308381669882
26699,2025.4308381669882
26700,2025.4308381669882
26701,2025.4308381669882
26702,2025.4308381669882
26703,2025.4308381669882
26704,2025.4308381669882
26705,2025.4308381669882
26706,2025.4308381669882
26707,2025.4308381669882
26708,2025.4308381669882
26709,2025.4308381669882
26710,2025.4308381669882
26711,2025.4308381669882
26712,2025.4308381669882
26713,2025.4308381669882
26714,2025.4308381669882
26715,2025.4308381669882
26716,2025.4308381669882
26717,2025.4308381669882
26718,2025.4308381669882
26719,2025.4308381669882
26720,2025.4308381669882
26721,2025.4308381669882
26722,2025.4308381669882
26723,2025.4308381669882
26724,2025.4308381669882
26725,2025.4308381669882
26726,2025.4308381669882
26727,2025.4308381669882
26728,2025.4308381669882
26729,2025.4308381669882
26730,2025.4308381669882
26731,2025.4308381669882
26732,2025.4308381669882
26733,2025.4308381669882
26734,2025.4308381669882
26735,2025.4308381669882
26736,2025.4308381669882
26737,2025.4308381669882
26738,2025.4308381669882
26739,2025.4308381669882
26740,2025.4308381669882
26741,2025.4308381669882
26742,2025.4308381669882
26743,2025.4308381669882
26744,2025.4308381669882
26745,2025.4308381669882
26746,2025.4308381669882
26747,2025.4308381669882
26748,2025.4308381669882
26749,2025.4308381669882
26750,2025.4308381669882
26751,2025.4308381669882
26752,2025.4308381669882
26753,2025.4308381669882
26754,2025.4308381669882
26755,2025.4308381669882
26756,2025.4308381669882
26757,2025.4308381669882
26758,2025.4308381669882
26759,2025.4308381669882
26760,2025.4308381669882
26761,2025.4308381669882
26762,2025.4308381669882
26763,2025.4308381669882
26764,2025.4308381669882
26765,2025.4308381669882
26766,2025.4308381669882
26767,2025.4308381669882
26768,2025.4308381669882
26769,2025.4308381669882
26770,2025.4308381669882
26771,2025.4308381669882
26772,2025.4308381669882
26773,2025.4308381669882
26774,2025.4308381669882
26775,2025.4308381669882
26776,2025.4308381669882
26777,2025.4308381669882
26778,2025.4308381669882
26779,2025.4308381669882
26780,2025.4308381669882
26781,2025.4308381669882
26782,2025.4308381669882
26783,2025.4308381669882
26784,2025.4308381669882
26785,2025.4308381669882
26786,2025.4308381669882
26787,2025.4308381669882
26788,2025.4308381669882
26789,2025.4308381669882
26790,2025.4308381669882
26791,2025.4308381669882
26792,2025.4308381669882
26793,2025.4308381669882
26794,2025.4308381669882
26795,2025.4308381669882
26796,2025.4308381669882
26797,2025.4308381669882
26798,2025.4308381669882
26799,2025.4308381669882
26800,2025.4308381669882
26801,2025.4308381669882
26802,2025.4308381669882
26803,2025.4308381669882
26804,2025.4308381669882
26805,2025.4308381669882
26806,2025.4308381669882
26807,2025.4308381669882
26808,2025.4308381669882
26809,2025.4308381669882
26810,2025.4308381669882
26811,2025.4308381669882
26812,2025.4308381669882
26813,2025.4308381669882
26814,2025.4308381669882
26815,2025.4308381669882
26816,2025.4308381669882
26817,2025.4308381669882
26818,2025.4308381669882
26819,2025.4308381669882
26820,2025.4308381669882
26821,2025.4308381669882
26822,2025.4308381669882
26823,2025.4308381669882
26824,2025.4308381669882
26825,2025.4308381669882
26826,2025.4308381669882
26827,2025.4308381669882
26828,2025.4308381669882
26829,2025.4308381669882
26830,2025.4308381669882
26831,2025.4308381669882
26832,2025.4308381669882
26833,2025.4308381669882
26834,2025.4308381669882
26835,2025.4308381669882
26836,2025.4308381669882
26837,2025.4308381669882
26838,2025.4308381669882
26839,2025.4308381669882
26840,2025.4308381669882
26841,2025.4308381669882
26842,2025.4308381669882
26843,2025.4308381669882
26844,2025.4308381669882
26845,2025.4308381669882
26846,2025.4308381669882
26847,2025.4308381669882
26848,2025.4308381669882
26849,2025.4308381669882
26850,2025.4308381669882
26851,2025.4308381669882
26852,2025.4308381669882
26853,2025.4308381669882
26854,2025.4308381669882
26855,2025.4308381669882
26856,2025.4308381669882
26857,2025.4308381669882
26858,2025.4308381669882
26859,2025.4308381669882
26860,2025.4308381669882
26861,2025.4308381669882
26862,2025.4308381669882
26863,2025.4308381669882
26864,2025.4308381669882
26865,2025.4308381669882
26866,2025.4308381669882
26867,2025.4308381669882
26868,2025.4308381669882
26869,2025.4308381669882
26870,2025.4308381669882
26871,2025.4308381669882
26872,2025.4308381669882
26873,2025.4308381669882
26874,2025.4308381669882
26875,2025.4308381669882
26876,2025.4308381669882
26877,2025.4308381669882
26878,2025.4308381669882
26879,2025.4308381669882
26880,2025.4308381669882
26881,2025.4308381669882
26882,2025.4308381669882
26883,2025.4308381669882
26884,2025.4308381669882
26885,2025.4308381669882
26886,2025.4308381669882
26887,2025.4308381669882
26888,2025.4308381669882
26889,2025.4308381669882
26890,2025.4308381669882
26891,2025.4308381669882
26892,2025.4308381669882
26893,2025.4308381669882
26894,2025.4308381669882
26895,2025.4308381669882
26896,2025.4308381669882
26897,2025.4308381669882
26898,2025.4308381669882
26899,2025.4308381669882
26900,2025.4308381669882
26901,2025.4308381669882
26902,2025.4308381669882
26903,2025.4308381669882
26904,2025.4308381669882
26905,2025.4308381669882
26906,2025.4308381669882
26907,2025.4308381669882
26908,2025.4308381669882
26909,2025.4308381669882
26910,2025.4308381669882
26911,2025.4308381669882
26912,2025.4308381669882
26913,2025.4308381669882
26914,2025.4308381669882
26915,2025.4308381669882
26916,2025.4308381669882
26917,2025.4308381669882
26918,2025.4308381669882
26919,2025.4308381669882
26920,2025.4308381669882
26921,2025.4308381669882
26922,2025.4308381669882
26923,2025.4308381669882
26924,2025.4308381669882
26925,2025.4308381669882
26926,2025.4308381669882
26927,2025.4308381669882
26928,2025.4308381669882
26929,2025.4308381669882
26930,2025.4308381669882
26931,2025.4308381669882
26932,2025.4308381669882
26933,2025.4308381669882
26934,2025.4308381669882
26935,2025.4308381669882
26936,2025.4308381669882
26937,2025.4308381669882
26938,2025.4308381669882
26939,2025.4308381669882
26940,2025.4308381669882
26941,2025.4308381669882
26942,2025.4308381669882
26943,2025.4308381669882
26944,2025.4308381669882
26945,2025.4308381669882
26946,2025.4308381669882
26947,2025.4308381669882
26948,2025.4308381669882
26949,2025.4308381669882
26950,2025.4308381669882
26951,2025.4308381669882
26952,2025.4308381669882
26953,2025.4308381669882
26954,2025.4308381669882
26955,2025.4308381669882
26956,2025.4308381669882
26957,2025.4308381669882
26958,2025.4308381669882
26959,2025.4308381669882
26960,2025.4308381669882
26961,2025.4308381669882
26962,2025.4308381669882
26963,2025.4308381669882
26964,2025.4308381669882
26965,2025.4308381669882
26966,2025.4308381669882
26967,2025.4308381669882
26968,2025.4308381669882
26969,2025.4308381669882
26970,2025.4308381669882
26971,2025.4308381669882
26972,2025.4308381669882
26973,2025.4308381669882
26974,2025.4308381669882
26975,2025.4308381669882
26976,2025.4308381669882
26977,2025.4308381669882
26978,2025.4308381669882
26979,2025.4308381669882
26980,2025.4308381669882
26981,2025.4308381669882
26982,2025.4308381669882
26983,2025.4308381669882
26984,2025.4308381669882
26985,2025.4308381669882
26986,2025.4308381669882
26987,2025.4308381669882
26988,2025.4308381669882
26989,2025.4308381669882
26990,2025.4308381669882
26991,2025.4308381669882
26992,2025.4308381669882
26993,2025.4308381669882
26994,2025.4308381669882
26995,2025.4308381669882
26996,2025.4308381669882
26997,2025.4308381669882
26998,2025.4308381669882
26999,2025.4308381669882
27000,2025.4308381669882
27001,2025.4308381669882
27002,2025.4308381669882
27003,2025.4308381669882
27004,2025.4308381669882
27005,2025.4308381669882
27006,2025.4308381669882
27007,2025.4308381669882
27008,2025.4308381669882
27009,2025.4308381669882
27010,2025.4308381669882
27011,2025.4308381669882
27012,2025.4308381669882
27013,2025.4308381669882
27014,2025.4308381669882
27015,2025.4308381669882
27016,2025.4308381669882
27017,2025.4308381669882
27018,2025.4308381669882
27019,2025.4308381669882
27020,2025.4308381669882
27021,2025.4308381669882
27022,2025.4308381669882
27023,2025.4308381669882
27024,2025.4308381669882
27025,2025.4308381669882
27026,2025.4308381669882
27027,2025.4308381669882
27028,2025.4308381669882
27029,2025.4308381669882
27030,2025.4308381669882
27031,2025.4308381669882
27032,2025.4308381669882
27033,2025.4308381669882
27034,2025.4308381669882
27035,2025.4308381669882
27036,2025.4308381669882
27037,2025.4308381669882
27038,2025.4308381669882
27039,2025.4308381669882
27040,2025.4308381669882
27041,2025.4308381669882
27042,2025.4308381669882
27043,2025.4308381669882
27044,2025.4308381669882
27045,2025.4308381669882
27046,2025.4308381669882
27047,2025.4308381669882
27048,2025.4308381669882
27049,2025.4308381669882
27050,2025.4308381669882
27051,2025.4308381669882
27052,2025.4308381669882
27053,2025.4308381669882
27054,2025.4308381669882
27055,2025.4308381669882
27056,2025.4308381669882
27057,2025.4308381669882
27058,2025.4308381669882
27059,2025.4308381669882
27060,2025.4308381669882
27061,2025.4308381669882
27062,2025.4308381669882
27063,2025.4308381669882
27064,2025.4308381669882
27065,2025.4308381669882
27066,2025.4308381669882
27067,2025.4308381669882
27068,2025.4308381669882
27069,2025.4308381669882
27070,2025.4308381669882
27071,2025.4308381669882
27072,2025.4308381669882
27073,2025.4308381669882
27074,2025.4308381669882
27075,2025.4308381669882
27076,2025.4308381669882
27077,2025.4308381669882
27078,2025.4308381669882
27079,2025.4308381669882
27080,2025.4308381669882
27081,2025.4308381669882
27082,2025.4308381669882
27083,2025.4308381669882
27084,2025.4308381669882
27085,2025.4308381669882
27086,2025.4308381669882
27087,2025.4308381669882
27088,2025.4308381669882
27089,2025.4308381669882
27090,2025.4308381669882
27091,2025.4308381669882
27092,2025.4308381669882
27093,2025.4308381669882
27094,2025.4308381669882
27095,2025.4308381669882
27096,2025.4308381669882
27097,2025.4308381669882
27098,2025.4308381669882
27099,2025.4308381669882
27100,2025.4308381669882
27101,2025.4308381669882
27102,2025.4308381669882
27103,2025.4308381669882
27104,2025.4308381669882
27105,2025.4308381669882
27106,2025.4308381669882
27107,2025.4308381669882
27108,2025.4308381669882
27109,2025.4308381669882
27110,2025.4308381669882
27111,2025.4308381669882
27112,2025.4308381669882
27113,2025.4308381669882
27114,2025.4308381669882
27115,2025.4308381669882
27116,2025.4308381669882
27117,2025.4308381669882
27118,2025.4308381669882
27119,2025.4308381669882
27120,2025.4308381669882
27121,2025.4308381669882
27122,2025.4308381669882
27123,2025.4308381669882
27124,2025.4308381669882
27125,2025.4308381669882
27126,2025.4308381669882
27127,2025.4308381669882
27128,2025.4308381669882
27129,2025.4308381669882
27130,2025.4308381669882
27131,2025.4308381669882
27132,2025.4308381669882
27133,2025.4308381669882
27134,2025.4308381669882
27135,2025.4308381669882
27136,2025.4308381669882
27137,2025.4308381669882
27138,2025.4308381669882
27139,2025.4308381669882
27140,2025.4308381669882
27141,2025.4308381669882
27142,2025.4308381669882
27143,2025.4308381669882
27144,2025.4308381669882
27145,2025.4308381669882
27146,2025.4308381669882
27147,2025.4308381669882
27148,2025.4308381669882
27149,2025.4308381669882
27150,2025.4308381669882
27151,2025.4308381669882
27152,2025.4308381669882
27153,2025.4308381669882
27154,2025.4308381669882
27155,2025.4308381669882
27156,2025.4308381669882
27157,2025.4308381669882
27158,2025.4308381669882
27159,2025.4308381669882
27160,2025.4308381669882
27161,2025.4308381669882
27162,2025.4308381669882
27163,2025.4308381669882
27164,2025.4308381669882
27165,2025.4308381669882
27166,2025.4308381669882
27167,2025.4308381669882
27168,2025.4308381669882
27169,2025.4308381669882
27170,2025.4308381669882
27171,2018.678690994928
27172,2018.678690994928
27173,2018.678690994928
27174,2018.678690994928
27175,2018.678690994928
27176,2018.678690994928
27177,2018.678690994928
27178,2018.678690994928
27179,2018.678690994928
27180,2018.678690994928
27181,2018.678690994928
27182,2018.678690994928
27183,2018.678690994928
27184,2018.678690994928
27185,2018.678690994928
27186,2018.678690994928
27187,2018.678690994928
27188,2018.678690994928
27189,2018.678690994928
27190,2018.678690994928
27191,2018.678690994928
27192,2018.678690994928
27193,2018.678690994928
27194,2018.678690994928
27195,2018.678690994928
27196,2018.678690994928
27197,2018.678690994928
27198,2018.678690994928
27199,2018.678690994928
27200,2018.678690994928
27201,2018.678690994928
27202,2018.678690994928
27203,2018.678690994928
27204,2018.678690994928
27205,2018.678690994928
27206,2018.678690994928
27207,2018.678690994928
27208,2018.678690994928
27209,2018.678690994928
27210,2018.678690994928
27211,2018.678690994928
27212,2018.678690994928
27213,2018.678690994928
27214,2018.678690994928
27215,2018.678690994928
27216,2018.678690994928
27217,2018.678690994928
27218,2018.678690994928
27219,2018.678690994928
27220,2018.678690994928
27221,2018.678690994928
27222,2018.678690994928
27223,2018.678690994928
27224,2018.678690994928
27225,2018.678690994928
27226,2018.678690994928
27227,2018.678690994928
27228,2018.678690994928
27229,2018.678690994928
27230,2018.678690994928
27231,2018.678690994928
27232,2018.678690994928
27233,2018.678690994928
27234,2018.678690994928
27235,2018.678690994928
27236,2018.678690994928
27237,2018.678690994928
27238,2018.678690994928
27239,2018.678690994928
27240,2018.678690994928
27241,2018.678690994928
27242,2018.678690994928
27243,2018.678690994928
27244,2018.678690994928
27245,2018.678690994928
27246,2018.678690994928
27247,2018.678690994928
27248,2018.678690994928
27249,2018.678690994928
27250,2018.678690994928
27251,2018.678690994928
27252,2018.678690994928
27253,2018.678690994928
27254,2018.678690994928
27255,2018.678690994928
27256,2018.678690994928
27257,2018.678690994928
27258,2018.678690994928
27259,2018.678690994928
27260,2018.678690994928
27261,2018.678690994928
27262,2018.678690994928
27263,2018.678690994928
27264,2018.678690994928
27265,2018.678690994928
27266,2018.678690994928
27267,2018.678690994928
27268,2018.678690994928
27269,2018.678690994928
27270,2018.678690994928
27271,2018.678690994928
27272,2018.678690994928
27273,2018.678690994928
27274,2018.678690994928
27275,2018.678690994928
27276,2018.678690994928
27277,2018.678690994928
27278,2018.678690994928
27279,2018.678690994928
27280,2018.678690994928
27281,2018.678690994928
27282,2018.678690994928
27283,2018.678690994928
27284,2018.678690994928
27285,2018.678690994928
27286,2018.678690994928
27287,2018.678690994928
27288,2018.678690994928
27289,2018.678690994928
27290,2018.678690994928
27291,2018.678690994928
27292,2018.678690994928
27293,2018.678690994928
27294,2018.678690994928
27295,2018.678690994928
27296,2018.678690994928
27297,2018.678690994928
27298,2018.678690994928
27299,2018.678690994928
27300,2018.678690994928
27301,2018.678690994928
27302,2018.678690994928
27303,2018.678690994928
27304,2018.678690994928
27305,2018.678690994928
27306,2018.678690994928
27307,2018.678690994928
27308,2018.678690994928
27309,2018.678690994928
27310,2018.678690994928
27311,2018.678690994928
27312,2018.678690994928
27313,2018.678690994928
27314,2018.678690994928
27315,2018.678690994928
27316,2018.678690994928
27317,2018.678690994928
27318,2018.678690994928
27319,2018.678690994928
27320,2018.678690994928
27321,2018.678690994928
27322,2018.678690994928
27323,2018.678690994928
27324,2018.678690994928
27325,2018.678690994928
27326,2018.678690994928
27327,2018.678690994928
27328,2018.678690994928
27329,2018.678690994928
27330,2018.678690994928
27331,2018.678690994928
27332,2018.678690994928
27333,2018.678690994928
27334,2018.678690994928
27335,2018.678690994928
27336,2018.678690994928
27337,2018.678690994928
27338,2018.678690994928
27339,2018.678690994928
27340,2018.678690994928
27341,2018.678690994928
27342,2018.678690994928
27343,2018.678690994928
27344,2018.678690994928
27345,2018.678690994928
27346,2018.678690994928
27347,2018.678690994928
27348,2018.678690994928
27349,2018.678690994928
27350,2018.678690994928
27351,2018.678690994928
27352,2018.678690994928
27353,2018.678690994928
27354,2018.678690994928
27355,2018.678690994928
27356,2018.678690994928
27357,2018.678690994928
27358,2018.678690994928
27359,2018.678690994928
27360,2018.678690994928
27361,2018.678690994928
27362,2018.678690994928
27363,2018.678690994928
27364,2018.678690994928
27365,2018.678690994928
27366,2018.678690994928
27367,2018.678690994928
27368,2018.678690994928
27369,2018.678690994928
27370,2018.678690994928
27371,2018.678690994928
27372,2018.678690994928
27373,2018.678690994928
27374,2018.678690994928
27375,2018.678690994928
27376,2018.678690994928
27377,2018.678690994928
27378,2018.678690994928
27379,2018.678690994928
27380,2018.678690994928
27381,2018.678690994928
27382,2018.678690994928
27383,2018.678690994928
27384,2018.678690994928
27385,2018.678690994928
27386,2018.678690994928
27387,2018.678690994928
27388,2018.678690994928
27389,2018.678690994928
27390,2018.678690994928
27391,2018.678690994928
27392,2018.678690994928
27393,2018.678690994928
27394,2018.678690994928
27395,2018.678690994928
27396,2018.678690994928
27397,2018.678690994928
27398,2018.678690994928
27399,2018.678690994928
27400,2018.678690994928
27401,2018.678690994928
27402,2018.678690994928
27403,2018.678690994928
27404,2018.678690994928
27405,2018.678690994928
27406,2018.678690994928
27407,2018.678690994928
27408,2018.678690994928
27409,2018.678690994928
27410,2018.678690994928
27411,2018.678690994928
27412,2018.678690994928
27413,2018.678690994928
27414,2018.678690994928
27415,2018.678690994928
27416,2018.678690994928
27417,2018.678690994928
27418,2018.678690994928
27419,2018.678690994928
27420,2018.678690994928
27421,2018.678690994928
27422,2018.678690994928
27423,2018.678690994928
27424,2018.678690994928
27425,2018.678690994928
27426,2018.678690994928
27427,2018.678690994928
27428,2018.678690994928
27429,2018.678690994928
27430,2018.678690994928
27431,2018.678690994928
27432,2018.678690994928
27433,2018.678690994928
27434,2018.678690994928
27435,2018.678690994928
27436,2018.678690994928
27437,2018.678690994928
27438,2018.678690994928
27439,2018.678690994928
27440,2018.678690994928
27441,2018.678690994928
27442,2018.678690994928
27443,2018.678690994928
27444,2018.678690994928
27445,2018.678690994928
27446,2018.678690994928
27447,2018.678690994928
27448,2018.678690994928
27449,2018.678690994928
27450,2018.678690994928
27451,2018.678690994928
27452,2018.678690994928
27453,2018.678690994928
27454,2018.678690994928
27455,2018.678690994928
27456,2018.678690994928
27457,2018.678690994928
27458,2018.678690994928
27459,2018.678690994928
27460,2018.678690994928
27461,2018.678690994928
27462,2018.678690994928
27463,2018.678690994928
27464,2018.678690994928
27465,2018.678690994928
27466,2018.678690994928
27467,2018.678690994928
27468,2018.678690994928
27469,2018.678690994928
27470,2018.678690994928
27471,2018.678690994928
27472,2018.678690994928
27473,2018.678690994928
27474,2018.678690994928
27475,2018.678690994928
27476,2018.678690994928
27477,2018.678690994928
27478,2018.678690994928
27479,2018.678690994928
27480,2018.678690994928
27481,2018.678690994928
27482,2018.678690994928
27483,2018.678690994928
27484,2018.678690994928
27485,2018.678690994928
27486,2018.678690994928
27487,2018.678690994928
27488,2018.678690994928
27489,2018.678690994928
27490,2018.678690994928
27491,2018.678690994928
27492,2018.678690994928
27493,2018.678690994928
27494,2018.678690994928
27495,2018.678690994928
27496,2018.678690994928
27497,2018.678690994928
27498,2018.678690994928
27499,2018.678690994928
27500,2018.678690994928
27501,2018.678690994928
27502,2018.678690994928
27503,2018.678690994928
27504,2018.678690994928
27505,2018.678690994928
27506,2018.678690994928
27507,2018.678690994928
27508,2018.678690994928
27509,2018.678690994928
27510,2018.678690994928
27511,2018.678690994928
27512,2018.678690994928
27513,2018.678690994928
27514,2018.678690994928
27515,2018.678690994928
27516,2018.678690994928
27517,2018.678690994928
27518,2018.678690994928
27519,2018.678690994928
27520,2018.678690994928
27521,2018.678690994928
27522,2018.678690994928
27523,2018.678690994928
27524,2018.678690994928
27525,2018.678690994928
27526,2018.678690994928
27527,2018.678690994928
27528,2018.678690994928
27529,2018.678690994928
27530,2018.678690994928
27531,2018.678690994928
27532,2018.678690994928
27533,2018.678690994928
27534,2018.678690994928
27535,2018.678690994928
27536,2018.678690994928
27537,2018.678690994928
27538,2018.678690994928
27539,2018.678690994928
27540,2018.678690994928
27541,2018.678690994928
27542,2018.678690994928
27543,2018.678690994928
27544,2018.678690994928
27545,2018.678690994928
27546,2018.678690994928
27547,2018.678690994928
27548,2018.678690994928
27549,2018.678690994928
27550,2018.678690994928
27551,2018.678690994928
27552,2018.678690994928
27553,2018.678690994928
27554,2018.678690994928
27555,2018.678690994928
27556,2018.678690994928
27557,2018.678690994928
27558,2018.678690994928
27559,2018.678690994928
27560,2018.678690994928
27561,2018.678690994928
27562,2018.678690994928
27563,2018.678690994928
27564,2018.678690994928
27565,2018.678690994928
27566,2018.678690994928
27567,2018.678690994928
27568,2018.678690994928
27569,2018.678690994928
27570,2018.678690994928
27571,2018.678690994928
27572,2018.678690994928
27573,2018.678690994928
27574,2018.678690994928
27575,2018.678690994928
27576,2018.678690994928
27577,2018.678690994928
27578,2018.678690994928
27579,2018.678690994928
27580,2018.678690994928
27581,2018.678690994928
27582,2018.678690994928
27583,2018.678690994928
27584,2018.678690994928
27585,2018.678690994928
27586,2018.678690994928
27587,2018.678690994928
27588,2018.678690994928
27589,2018.678690994928
27590,2018.678690994928
27591,2018.678690994928
27592,2018.678690994928
27593,2018.678690994928
27594,2018.678690994928
27595,2018.678690994928
27596,2018.678690994928
27597,2018.678690994928
27598,2018.678690994928
27599,2018.678690994928
27600,2018.678690994928
27601,2018.678690994928
27602,2018.678690994928
27603,2018.678690994928
27604,2018.678690994928
27605,2018.678690994928
27606,2018.678690994928
27607,2018.678690994928
27608,2018.678690994928
27609,2018.678690994928
27610,2018.678690994928
27611,2018.678690994928
27612,2018.678690994928
27613,2018.678690994928
27614,2018.678690994928
27615,2018.678690994928
27616,2018.678690994928
27617,2018.678690994928
27618,2018.678690994928
27619,2018.678690994928
27620,2018.678690994928
27621,2018.678690994928
27622,2018.678690994928
27623,2018.678690994928
27624,2018.678690994928
27625,2018.678690994928
27626,2018.678690994928
27627,2018.678690994928
27628,2018.678690994928
27629,2018.678690994928
27630,2018.678690994928
27631,2018.678690994928
27632,2018.678690994928
27633,2018.678690994928
27634,2018.678690994928
27635,2018.678690994928
27636,2018.678690994928
27637,2018.678690994928
27638,2018.678690994928
27639,2018.678690994928
27640,2018.678690994928
27641,2018.678690994928
27642,2018.678690994928
27643,2018.678690994928
27644,2018.678690994928
27645,2018.678690994928
27646,2018.678690994928
27647,2018.678690994928
27648,2018.678690994928
27649,2018.678690994928
27650,2018.678690994928
27651,2018.678690994928
27652,2018.678690994928
27653,2018.678690994928
27654,2018.678690994928
27655,2018.678690994928
27656,2018.678690994928
27657,2018.678690994928
27658,2018.678690994928
27659,2018.678690994928
27660,2018.678690994928
27661,2018.678690994928
27662,2018.678690994928
27663,2018.678690994928
27664,2018.678690994928
27665,2018.678690994928
27666,2018.678690994928
27667,2018.678690994928
27668,2018.678690994928
27669,2018.678690994928
27670,2018.678690994928
27671,2018.678690994928
27672,2018.678690994928
27673,2018.678690994928
27674,2018.678690994928
27675,2018.678690994928
27676,2018.678690994928
27677,2018.678690994928
27678,2018.678690994928
27679,2018.678690994928
27680,2018.678690994928
27681,2018.678690994928
27682,2018.678690994928
27683,2018.678690994928
27684,2018.678690994928
27685,2018.678690994928
27686,2018.678690994928
27687,2018.678690994928
27688,2018.678690994928
27689,2018.678690994928
27690,2018.678690994928
27691,2018.678690994928
27692,2018.678690994928
27693,2018.678690994928
27694,2018.678690994928
27695,2018.678690994928
27696,2018.678690994928
27697,2018.678690994928
27698,2018.678690994928
27699,2018.678690994928
27700,2018.678690994928
27701,2018.678690994928
27702,2018.678690994928
27703,2018.678690994928
27704,2018.678690994928
27705,2018.678690994928
27706,2018.678690994928
27707,2018.678690994928
27708,2018.678690994928
27709,2018.678690994928
27710,2018.678690994928
27711,2018.678690994928
27712,2018.678690994928
27713,2018.678690994928
27714,2018.678690994928
27715,2018.678690994928
27716,2018.678690994928
27717,2018.678690994928
27718,2018.678690994928
27719,2018.678690994928
27720,2018.678690994928
27721,2018.678690994928
27722,2018.678690994928
27723,2018.678690994928
27724,2018.678690994928
27725,2018.678690994928
27726,2018.678690994928
27727,2018.678690994928
27728,2018.678690994928
27729,2018.678690994928
27730,2018.678690994928
27731,2018.678690994928
27732,2018.678690994928
27733,2018.678690994928
27734,2018.678690994928
27735,2018.678690994928
27736,2018.678690994928
27737,2018.678690994928
27738,2018.678690994928
27739,2018.678690994928
27740,2018.678690994928
27741,2018.678690994928
27742,2018.678690994928
27743,2018.678690994928
27744,2018.678690994928
27745,2018.678690994928
27746,2018.678690994928
27747,2018.678690994928
27748,2018.678690994928
27749,2018.678690994928
27750,2018.678690994928
27751,2018.678690994928
27752,2018.678690994928
27753,2018.678690994928
27754,2018.678690994928
27755,2018.678690994928
27756,2018.678690994928
27757,2018.678690994928
27758,2018.678690994928
27759,2018.678690994928
27760,2018.678690994928
27761,2018.678690994928
27762,2018.678690994928
27763,2018.678690994928
27764,2018.678690994928
27765,2018.678690994928
27766,2018.678690994928
27767,2018.678690994928
27768,2017.4528796536572
27769,2017.4528796536572
27770,2017.4528796536572
27771,2017.4528796536572
27772,2017.4528796536572
27773,2017.4528796536572
27774,2017.4528796536572
27775,2017.4528796536572
27776,2017.4528796536572
27777,2017.4528796536572
27778,2017.4528796536572
27779,2017.4528796536572
27780,2017.4528796536572
27781,2017.4528796536572
27782,2017.4528796536572
27783,2017.4528796536572
27784,2017.4528796536572
27785,2017.4528796536572
27786,2017.4528796536572
27787,2017.4528796536572
27788,2017.4528796536572
27789,2017.4528796536572
27790,2017.4528796536572
27791,2017.4528796536572
27792,2017.4528796536572
27793,2017.4528796536572
27794,2017.4528796536572
27795,2017.4528796536572
27796,2017.4528796536572
27797,2017.4528796536572
27798,2017.4528796536572
27799,2017.4528796536572
27800,2017.4528796536572
27801,2017.4528796536572
27802,2017.4528796536572
27803,2017.4528796536572
27804,2017.4528796536572
27805,2017.4528796536572
27806,2017.4528796536572
27807,2017.4528796536572
27808,2017.4528796536572
27809,2017.4528796536572
27810,2017.4528796536572
27811,2017.4528796536572
27812,2017.4528796536572
27813,2017.4528796536572
27814,2017.4528796536572
27815,2017.4528796536572
27816,2017.4528796536572
27817,2017.4528796536572
27818,2017.4528796536572
27819,2017.4528796536572
27820,2017.4528796536572
27821,2017.4528796536572
27822,2017.4528796536572
27823,2017.4528796536572
27824,2017.4528796536572
27825,2017.4528796536572
27826,2017.4528796536572
27827,2017.4528796536572
27828,2017.4528796536572
27829,2017.4528796536572
27830,2017.4528796536572
27831,2017.4528796536572
27832,2017.4528796536572
27833,2017.4528796536572
27834,2017.4528796536572
27835,2017.4528796536572
27836,2017.4528796536572
27837,2017.4528796536572
27838,2017.4528796536572
27839,2017.4528796536572
27840,2017.4528796536572
27841,2017.4528796536572
27842,2017.4528796536572
27843,2017.4528796536572
27844,2017.4528796536572
27845,2017.4528796536572
27846,2017.4528796536572
27847,2017.4528796536572
27848,2017.4528796536572
27849,2017.4528796536572
27850,2017.4528796536572
27851,2017.4528796536572
27852,2017.4528796536572
27853,2017.4528796536572
27854,2017.4528796536572
27855,2017.4528796536572
27856,2017.4528796536572
27857,2017.4528796536572
27858,2017.4528796536572
27859,2017.4528796536572
27860,2017.4528796536572
27861,2017.4528796536572
27862,2017.4528796536572
27863,2017.4528796536572
27864,2017.4528796536572
27865,2017.4528796536572
27866,2017.4528796536572
27867,2017.4528796536572
27868,2017.4528796536572
27869,2017.4528796536572
27870,2017.4528796536572
27871,2017.4528796536572
27872,2017.4528796536572
27873,2017.4528796536572
27874,2017.4528796536572
27875,2017.4528796536572
27876,2017.4528796536572
27877,2017.4528796536572
27878,2017.4528796536572
27879,2017.4528796536572
27880,2017.4528796536572
27881,2017.4528796536572
27882,2017.4528796536572
27883,2017.4528796536572
27884,2017.4528796536572
27885,2017.4528796536572
27886,2017.4528796536572
27887,2017.4528796536572
27888,2017.4528796536572
27889,2017.4528796536572
27890,2017.4528796536572
27891,2017.4528796536572
27892,2017.4528796536572
27893,2017.4528796536572
27894,2017.4528796536572
27895,2017.4528796536572
27896,2017.4528796536572
27897,2017.4528796536572
27898,2017.4528796536572
27899,2017.4528796536572
27900,2017.4528796536572
27901,2017.4528796536572
27902,2017.4528796536572
27903,2017.4528796536572
27904,2017.4528796536572
27905,2017.4528796536572
27906,2017.4528796536572
27907,2017.4528796536572
27908,2017.4528796536572
27909,2017.4528796536572
27910,2017.4528796536572
27911,2017.4528796536572
27912,2017.4528796536572
27913,2017.4528796536572
27914,2017.4528796536572
27915,2017.4528796536572
27916,2017.4528796536572
27917,2017.4528796536572
27918,2017.4528796536572
27919,2017.4528796536572
27920,2017.4528796536572
27921,2017.4528796536572
27922,2017.4528796536572
27923,2017.4528796536572
27924,2017.4528796536572
27925,2017.4528796536572
27926,2017.4528796536572
27927,2017.4528796536572
27928,2017.4528796536572
27929,2017.4528796536572
27930,2017.4528796536572
27931,2017.4528796536572
27932,2017.4528796536572
27933,2017.4528796536572
27934,2017.4528796536572
27935,2017.4528796536572
27936,2017.4528796536572
27937,2017.4528796536572
27938,2017.4528796536572
27939,2017.4528796536572
27940,2017.4528796536572
27941,2017.4528796536572
27942,2017.4528796536572
27943,2017.4528796536572
27944,2017.4528796536572
27945,2017.4528796536572
27946,2017.4528796536572
27947,2017.4528796536572
27948,2017.4528796536572
27949,2017.4528796536572
27950,2017.4528796536572
27951,2017.4528796536572
27952,2017.4528796536572
27953,2017.4528796536572
27954,2017.4528796536572
27955,2017.4528796536572
27956,2017.4528796536572
27957,2017.4528796536572
27958,2017.4528796536572
27959,2017.4528796536572
27960,2017.4528796536572
27961,2017.4528796536572
27962,2017.4528796536572
27963,2017.4528796536572
27964,2017.4528796536572
27965,2017.4528796536572
27966,2017.4528796536572
27967,2017.4528796536572
27968,2017.4528796536572
27969,2017.4528796536572
27970,2017.4528796536572
27971,2017.4528796536572
27972,2017.4528796536572
27973,2017.4528796536572
27974,2017.4528796536572
27975,2017.4528796536572
27976,2017.4528796536572
27977,2017.4528796536572
27978,2017.4528796536572
27979,2017.4528796536572
27980,2017.4528796536572
27981,2017.4528796536572
27982,2017.4528796536572
27983,2017.4528796536572
27984,2017.4528796536572
27985,2017.4528796536572
27986,2017.4528796536572
27987,2017.4528796536572
27988,2017.4528796536572
27989,2017.4528796536572
27990,2017.4528796536572
27991,2017.4528796536572
27992,2017.4528796536572
27993,2017.4528796536572
27994,2017.4528796536572
27995,2017.4528796536572
27996,2017.4528796536572
27997,2017.4528796536572
27998,2017.4528796536572
27999,2017.4528796536572
28000,2017.4528796536572
28001,2017.4528796536572
28002,2017.4528796536572
28003,2017.4528796536572
28004,2017.4528796536572
28005,2017.4528796536572
28006,2013.6305851667055
28007,2013.6305851667055
28008,2013.6305851667055
28009,2013.6305851667055
28010,2013.6305851667055
28011,2013.6305851667055
28012,2013.6305851667055
28013,2013.6305851667055
28014,2013.6305851667055
28015,2013.6305851667055
28016,2013.6305851667055
28017,2013.6305851667055
28018,2013.6305851667055
28019,2013.6305851667055
28020,2013.6305851667055
28021,2013.6305851667055
28022,2013.6305851667055
28023,2013.6305851667055
28024,2013.6305851667055
28025,2013.6305851667055
28026,2013.6305851667055
28027,2013.6305851667055
28028,2013.6305851667055
28029,2013.6305851667055
28030,2013.6305851667055
28031,2013.6305851667055
28032,2013.6305851667055
28033,2013.6305851667055
28034,2013.6305851667055
28035,2013.6305851667055
28036,2013.6305851667055
28037,2013.6305851667055
28038,2013.6305851667055
28039,2013.6305851667055
28040,2013.6305851667055
28041,2013.6305851667055
28042,2013.6305851667055
28043,2013.6305851667055
28044,2013.6305851667055
28045,2013.6305851667055
28046,2013.6305851667055
28047,2013.6305851667055
28048,2013.6305851667055
28049,2013.6305851667055
28050,2013.6305851667055
28051,2013.6305851667055
28052,2013.6305851667055
28053,2013.6305851667055
28054,2013.6305851667055
28055,2013.6305851667055
28056,2013.6305851667055
28057,2013.6305851667055
28058,2013.6305851667055
28059,2013.6305851667055
28060,2013.6305851667055
28061,2013.6305851667055
28062,2013.6305851667055
28063,2013.6305851667055
28064,2013.6305851667055
28065,2013.6305851667055
28066,2013.6305851667055
28067,2013.6305851667055
28068,2013.6305851667055
28069,2013.6305851667055
28070,2013.6305851667055
28071,2013.6305851667055
28072,2013.6305851667055
28073,2013.6305851667055
28074,2013.6305851667055
28075,2013.6305851667055
28076,2013.6305851667055
28077,2013.6305851667055
28078,2013.6305851667055
28079,2013.6305851667055
28080,2013.6305851667055
28081,2013.6305851667055
28082,2013.6305851667055
28083,2013.6305851667055
28084,2013.6305851667055
28085,2013.6305851667055
28086,2013.6305851667055
28087,2013.6305851667055
28088,2013.6305851667055
28089,2013.6305851667055
28090,2013.6305851667055
28091,2013.6305851667055
28092,2013.6305851667055
28093,2013.6305851667055
28094,2013.6305851667055
28095,2013.6305851667055
28096,2013.6305851667055
28097,2013.6305851667055
28098,2013.6305851667055
28099,2013.6305851667055
28100,2013.6305851667055
28101,2013.6305851667055
28102,2013.6305851667055
28103,2013.6305851667055
28104,2013.6305851667055
28105,2013.6305851667055
28106,2013.6305851667055
28107,2013.6305851667055
28108,2013.6305851667055
28109,2013.6305851667055
28110,2013.6305851667055
28111,2013.6305851667055
28112,2013.6305851667055
28113,2013.6305851667055
28114,2013.6305851667055
28115,2013.6305851667055
28116,2013.6305851667055
28117,2013.6305851667055
28118,2013.6305851667055
28119,2013.6305851667055
28120,2013.6305851667055
28121,2013.6305851667055
28122,2013.6305851667055
28123,2013.6305851667055
28124,2013.6305851667055
28125,2013.6305851667055
28126,2013.6305851667055
28127,2013.6305851667055
28128,2013.6305851667055
28129,2013.6305851667055
28130,2013.6305851667055
28131,2013.6305851667055
28132,2013.6305851667055
28133,2013.6305851667055
28134,2013.6305851667055
28135,2013.6305851667055
28136,2013.6305851667055
28137,2013.6305851667055
28138,2013.6305851667055
28139,2013.6305851667055
28140,2013.6305851667055
28141,2013.6305851667055
28142,2013.6305851667055
28143,2013.6305851667055
28144,2013.6305851667055
28145,2013.6305851667055
28146,2013.6305851667055
28147,2013.6305851667055
28148,2013.6305851667055
28149,2013.6305851667055
28150,2013.6305851667055
28151,2013.6305851667055
28152,2013.6305851667055
28153,2013.6305851667055
28154,2013.6305851667055
28155,2013.6305851667055
28156,2013.6305851667055
28157,2013.6305851667055
28158,2013.6305851667055
28159,2013.6305851667055
28160,2013.6305851667055
28161,2013.6305851667055
28162,2013.6305851667055
28163,2013.6305851667055
28164,2013.6305851667055
28165,2013.6305851667055
28166,2013.6305851667055
28167,2013.6305851667055
28168,2013.6305851667055
28169,2013.6305851667055
28170,2013.6305851667055
28171,2013.6305851667055
28172,2013.6305851667055
28173,2013.6305851667055
28174,2013.6305851667055
28175,2013.6305851667055
28176,2013.6305851667055
28177,2013.6305851667055
28178,2013.6305851667055
28179,2013.6305851667055
28180,2013.6305851667055
28181,2013.6305851667055
28182,2013.6305851667055
28183,2013.6305851667055
28184,2013.6305851667055
28185,2013.6305851667055
28186,2013.6305851667055
28187,2013.6305851667055
28188,2013.6305851667055
28189,2013.6305851667055
28190,2013.6305851667055
28191,2013.6305851667055
28192,2013.6305851667055
28193,2013.6305851667055
28194,2013.6305851667055
28195,2013.6305851667055
28196,2013.6305851667055
28197,2013.6305851667055
28198,2013.6305851667055
28199,2013.6305851667055
28200,2013.6305851667055
28201,2013.6305851667055
28202,2013.6305851667055
28203,2013.6305851667055
28204,2013.6305851667055
28205,2013.6305851667055
28206,2013.6305851667055
28207,2013.6305851667055
28208,2013.6305851667055
28209,2013.6305851667055
28210,2013.6305851667055
28211,2013.6305851667055
28212,2013.6305851667055
28213,2013.6305851667055
28214,2013.6305851667055
28215,2013.6305851667055
28216,2013.6305851667055
28217,2013.6305851667055
28218,2013.6305851667055
28219,2013.6305851667055
28220,2013.6305851667055
28221,2013.6305851667055
28222,2013.6305851667055
28223,2013.6305851667055
28224,2013.6305851667055
28225,2013.6305851667055
28226,2013.6305851667055
28227,2013.6305851667055
28228,2013.6305851667055
28229,2013.6305851667055
28230,2013.6305851667055
28231,2013.6305851667055
28232,2013.6305851667055
28233,2013.6305851667055
28234,2013.6305851667055
28235,2013.6305851667055
28236,2013.6305851667055
28237,2013.6305851667055
28238,2013.6305851667055
28239,2013.6305851667055
28240,2013.6305851667055
28241,2013.6305851667055
28242,2013.6305851667055
28243,2013.6305851667055
28244,2013.6305851667055
28245,2013.6305851667055
28246,2013.6305851667055
28247,2013.6305851667055
28248,2013.6305851667055
28249,2013.6305851667055
28250,2013.6305851667055
28251,2013.6305851667055
28252,2013.6305851667055
28253,2013.6305851667055
28254,2013.6305851667055
28255,2013.6305851667055
28256,2013.6305851667055
28257,2013.6305851667055
28258,2013.6305851667055
28259,2013.6305851667055
28260,2013.6305851667055
28261,2013.6305851667055
28262,2013.6305851667055
28263,2013.6305851667055
28264,2013.6305851667055
28265,2013.6305851667055
28266,2013.6305851667055
28267,2013.6305851667055
28268,2013.6305851667055
28269,2013.6305851667055
28270,2013.6305851667055
28271,2013.6305851667055
28272,2013.6305851667055
28273,2013.6305851667055
28274,2013.6305851667055
28275,2013.6305851667055
28276,2013.6305851667055
28277,2013.6305851667055
28278,2013.6305851667055
28279,2013.6305851667055
28280,2013.6305851667055
28281,2013.6305851667055
28282,2013.6305851667055
28283,2013.6305851667055
28284,2013.6305851667055
28285,2013.6305851667055
28286,2013.6305851667055
28287,2013.6305851667055
28288,2013.6305851667055
28289,2013.6305851667055
28290,2013.6305851667055
28291,2013.6305851667055
28292,2013.6305851667055
28293,2013.6305851667055
28294,2013.6305851667055
28295,2013.6305851667055
28296,2013.6305851667055
28297,2013.6305851667055
28298,2013.6305851667055
28299,2013.6305851667055
28300,2013.6305851667055
28301,2013.6305851667055
28302,2013.6305851667055
28303,2013.6305851667055
28304,2013.6305851667055
28305,2013.6305851667055
28306,2013.6305851667055
28307,2013.6305851667055
28308,2013.6305851667055
28309,2013.6305851667055
28310,2013.6305851667055
28311,2013.6305851667055
28312,2013.6305851667055
28313,2013.6305851667055
28314,2013.6305851667055
28315,2013.6305851667055
28316,2013.6305851667055
28317,2013.6305851667055
28318,2013.6305851667055
28319,2013.6305851667055
28320,2013.6305851667055
28321,2013.6305851667055
28322,2013.6305851667055
28323,2013.6305851667055
28324,2013.6305851667055
28325,2013.6305851667055
28326,2013.6305851667055
28327,2013.6305851667055
28328,2013.6305851667055
28329,2013.6305851667055
28330,2013.6305851667055
28331,2013.6305851667055
28332,2013.6305851667055
28333,2013.6305851667055
28334,2013.6305851667055
28335,2013.6305851667055
28336,2013.6305851667055
28337,2013.6305851667055
28338,2013.6305851667055
28339,2013.6305851667055
28340,2013.6305851667055
28341,2013.6305851667055
28342,2013.6305851667055
28343,2013.6305851667055
28344,2013.6305851667055
28345,2013.6305851667055
28346,2013.6305851667055
28347,2013.6305851667055
28348,2013.6305851667055
28349,2013.6305851667055
28350,2013.6305851667055
28351,2013.6305851667055
28352,2013.6305851667055
28353,2013.6305851667055
28354,2013.6305851667055
28355,2013.6305851667055
28356,2013.6305851667055
28357,2013.6305851667055
28358,2013.6305851667055
28359,2013.6305851667055
28360,2013.6305851667055
28361,2013.6305851667055
28362,2013.6305851667055
28363,2013.6305851667055
28364,2013.6305851667055
28365,2013.6305851667055
28366,2013.6305851667055
28367,2013.6305851667055
28368,2013.6305851667055
28369,2013.6305851667055
28370,2013.6305851667055
28371,2013.6305851667055
28372,2013.6305851667055
28373,2013.6305851667055
28374,2013.6305851667055
28375,2013.6305851667055
28376,2013.6305851667055
28377,2013.6305851667055
28378,2013.6305851667055
28379,2013.6305851667055
28380,2013.6305851667055
28381,2013.6305851667055
28382,2013.6305851667055
28383,2013.6305851667055
28384,2013.6305851667055
28385,2013.6305851667055
28386,2013.6305851667055
28387,2013.6305851667055
28388,2013.6305851667055
28389,2013.6305851667055
28390,2013.6305851667055
28391,2013.6305851667055
28392,2013.6305851667055
28393,2013.6305851667055
28394,2013.6305851667055
28395,2013.6305851667055
28396,2013.6305851667055
28397,2013.6305851667055
28398,2013.6305851667055
28399,2013.6305851667055
28400,2013.6305851667055
28401,2013.6305851667055
28402,2013.6305851667055
28403,2013.6305851667055
28404,2013.6305851667055
28405,2013.6305851667055
28406,2013.6305851667055
28407,2013.6305851667055
28408,2013.6305851667055
28409,2013.6305851667055
28410,2013.6305851667055
28411,2013.6305851667055
28412,2013.6305851667055
28413,2013.6305851667055
28414,2013.6305851667055
28415,2013.6305851667055
28416,2013.6305851667055
28417,2013.6305851667055
28418,2013.6305851667055
28419,2013.6305851667055
28420,2013.6305851667055
28421,2013.6305851667055
28422,2013.6305851667055
28423,2013.6305851667055
28424,2013.6305851667055
28425,2013.6305851667055
28426,2013.6305851667055
28427,2013.6305851667055
28428,2013.6305851667055
28429,2013.6305851667055
28430,2013.6305851667055
28431,2013.6305851667055
28432,2013.6305851667055
28433,2013.6305851667055
28434,2013.6305851667055
28435,2013.6305851667055
28436,2013.6305851667055
28437,2013.6305851667055
28438,2013.6305851667055
28439,2013.6305851667055
28440,2013.6305851667055
28441,2013.6305851667055
28442,2013.6305851667055
28443,2013.6305851667055
28444,2013.6305851667055
28445,2013.6305851667055
28446,2013.6305851667055
28447,2013.6305851667055
28448,2013.6305851667055
28449,2013.6305851667055
28450,2013.6305851667055
28451,2013.6305851667055
28452,2013.6305851667055
28453,2013.6305851667055
28454,2013.6305851667055
28455,2013.6305851667055
28456,2013.6305851667055
28457,2013.6305851667055
28458,2013.6305851667055
28459,2013.6305851667055
28460,2013.6305851667055
28461,2013.6305851667055
28462,2013.6305851667055
28463,2013.6305851667055
28464,2013.6305851667055
28465,2013.6305851667055
28466,2013.6305851667055
28467,2013.6305851667055
28468,2013.6305851667055
28469,2013.6305851667055
28470,2013.6305851667055
28471,2013.6305851667055
28472,2013.6305851667055
28473,2013.6305851667055
28474,2013.6305851667055
28475,2013.6305851667055
28476,2013.6305851667055
28477,2013.6305851667055
28478,2013.6305851667055
28479,2013.6305851667055
28480,2013.6305851667055
28481,2013.6305851667055
28482,2013.6305851667055
28483,2013.6305851667055
28484,2013.6305851667055
28485,2013.6305851667055
28486,2013.6305851667055
28487,2013.6305851667055
28488,2013.6305851667055
28489,2013.6305851667055
28490,2013.6305851667055
28491,2013.6305851667055
28492,2013.6305851667055
28493,2013.6305851667055
28494,2013.6305851667055
28495,2013.6305851667055
28496,2013.6305851667055
28497,2013.6305851667055
28498,2013.6305851667055
28499,2013.6305851667055
28500,2013.6305851667055
28501,2013.6305851667055
28502,2013.6305851667055
28503,2013.6305851667055
28504,2013.6305851667055
28505,2013.6305851667055
28506,2013.6305851667055
28507,2013.6305851667055
28508,2013.6305851667055
28509,2013.6305851667055
28510,2013.6305851667055
28511,2013.6305851667055
28512,2013.6305851667055
28513,2013.6305851667055
28514,2013.6305851667055
28515,2013.6305851667055
28516,2013.6305851667055
28517,2013.6305851667055
28518,2013.6305851667055
28519,2013.6305851667055
28520,2013.6305851667055
28521,2013.6305851667055
28522,2013.6305851667055
28523,2013.6305851667055
28524,2013.6305851667055
28525,2013.6305851667055
28526,2013.6305851667055
28527,2013.6305851667055
28528,2013.6305851667055
28529,2013.6305851667055
28530,2013.6305851667055
28531,2013.6305851667055
28532,2013.6305851667055
28533,2013.6305851667055
28534,2013.6305851667055
28535,2013.6305851667055
28536,2013.6305851667055
28537,2013.6305851667055
28538,2013.6305851667055
28539,2013.6305851667055
28540,2013.6305851667055
28541,2013.6305851667055
28542,2013.6305851667055
28543,2013.6305851667055
28544,2013.6305851667055
28545,2013.6305851667055
28546,2013.6305851667055
28547,2013.6305851667055
28548,2013.6305851667055
28549,2013.6305851667055
28550,2013.6305851667055
28551,2013.6305851667055
28552,2013.6305851667055
28553,2013.6305851667055
28554,2013.6305851667055
28555,2013.6305851667055
28556,2013.6305851667055
28557,2013.6305851667055
28558,2013.6305851667055
28559,2013.6305851667055
28560,2013.6305851667055
28561,2013.6305851667055
28562,2013.6305851667055
28563,2013.6305851667055
28564,2013.6305851667055
28565,2013.6305851667055
28566,2013.6305851667055
28567,2013.6305851667055
28568,2013.6305851667055
28569,2013.6305851667055
28570,2013.6305851667055
28571,2013.6305851667055
28572,2013.6305851667055
28573,2013.6305851667055
28574,2013.6305851667055
28575,2013.6305851667055
28576,2013.6305851667055
28577,2013.6305851667055
28578,2013.6305851667055
28579,2013.6305851667055
28580,2013.6305851667055
28581,2013.6305851667055
28582,2013.6305851667055
28583,2013.6305851667055
28584,2013.6305851667055
28585,2013.6305851667055
28586,2013.6305851667055
28587,2013.6305851667055
28588,2013.6305851667055
28589,2013.6305851667055
28590,2013.6305851667055
28591,2013.6305851667055
28592,2013.6305851667055
28593,2013.6305851667055
28594,2013.6305851667055
28595,2013.6305851667055
28596,2013.6305851667055
28597,2013.6305851667055
28598,2013.6305851667055
28599,2013.6305851667055
28600,2013.6305851667055
28601,2013.6305851667055
28602,2013.6305851667055
28603,2013.6305851667055
28604,2013.6305851667055
28605,2013.6305851667055
28606,2013.6305851667055
28607,2013.6305851667055
28608,2013.6305851667055
28609,2013.6305851667055
28610,2013.6305851667055
28611,2013.6305851667055
28612,2013.6305851667055
28613,2013.6305851667055
28614,2013.6305851667055
28615,2013.6305851667055
28616,2013.6305851667055
28617,2013.6305851667055
28618,2013.6305851667055
28619,2013.6305851667055
28620,2013.6305851667055
28621,2013.6305851667055
28622,2013.6305851667055
28623,2013.6305851667055
28624,2013.6305851667055
28625,2013.6305851667055
28626,2013.6305851667055
28627,2013.6305851667055
28628,2013.6305851667055
28629,2013.6305851667055
28630,2013.6305851667055
28631,2013.6305851667055
28632,2013.6305851667055
28633,2013.6305851667055
28634,2013.6305851667055
28635,2013.6305851667055
28636,2013.6305851667055
28637,2013.6305851667055
28638,2013.6305851667055
28639,2013.6305851667055
28640,2013.6305851667055
28641,2013.6305851667055
28642,2013.6305851667055
28643,2013.6305851667055
28644,2013.6305851667055
28645,2013.6305851667055
28646,2013.6305851667055
28647,2013.6305851667055
28648,2013.6305851667055
28649,2013.6305851667055
28650,2013.6305851667055
28651,2013.6305851667055
28652,2013.6305851667055
28653,2013.6305851667055
28654,2013.6305851667055
28655,2013.6305851667055
28656,2013.6305851667055
28657,2013.6305851667055
28658,2013.6305851667055
28659,2013.6305851667055
28660,2013.6305851667055
28661,2013.6305851667055
28662,2013.6305851667055
28663,2013.6305851667055
28664,2013.6305851667055
28665,2013.6305851667055
28666,2013.6305851667055
28667,2013.6305851667055
28668,2013.6305851667055
28669,2013.6305851667055
28670,2013.6305851667055
28671,2013.6305851667055
28672,2013.6305851667055
28673,2013.6305851667055
28674,2013.6305851667055
28675,2013.6305851667055
28676,2013.6305851667055
28677,2013.6305851667055
28678,2013.6305851667055
28679,2013.6305851667055
28680,2013.6305851667055
28681,2013.6305851667055
28682,2013.6305851667055
28683,2013.6305851667055
28684,2013.6305851667055
28685,2013.6305851667055
28686,2013.6305851667055
28687,2013.6305851667055
28688,2013.6305851667055
28689,2013.6305851667055
28690,2013.6305851667055
28691,2013.6305851667055
28692,2013.6305851667055
28693,2013.6305851667055
28694,2013.6305851667055
28695,2013.6305851667055
28696,2013.6305851667055
28697,2013.6305851667055
28698,2013.6305851667055
28699,2013.6305851667055
28700,2013.6305851667055
28701,2013.6305851667055
28702,2013.6305851667055
28703,2013.6305851667055
28704,2013.6305851667055
28705,2013.6305851667055
28706,2013.6305851667055
28707,2013.6305851667055
28708,2013.6305851667055
28709,2013.6305851667055
28710,2013.6305851667055
28711,2013.6305851667055
28712,2013.6305851667055
28713,2013.6305851667055
28714,2013.6305851667055
28715,2013.6305851667055
28716,2013.6305851667055
28717,2013.6305851667055
28718,2013.6305851667055
28719,2013.6305851667055
28720,2013.6305851667055
28721,2013.6305851667055
28722,2013.6305851667055
28723,2013.6305851667055
28724,2013.6305851667055
28725,2013.6305851667055
28726,2013.6305851667055
28727,2013.6305851667055
28728,2013.6305851667055
28729,2013.6305851667055
28730,2013.6305851667055
28731,2013.6305851667055
28732,2013.6305851667055
28733,2013.6305851667055
28734,2013.6305851667055
28735,2013.6305851667055
28736,2013.6305851667055
28737,2013.6305851667055
28738,2013.6305851667055
28739,2013.6305851667055
28740,2013.6305851667055
28741,2013.6305851667055
28742,2013.6305851667055
28743,2013.6305851667055
28744,2013.6305851667055
28745,2013.6305851667055
28746,2013.6305851667055
28747,2013.6305851667055
28748,2013.6305851667055
28749,2013.6305851667055
28750,2013.6305851667055
28751,2013.6305851667055
28752,2013.6305851667055
28753,2013.6305851667055
28754,2013.6305851667055
28755,2013.6305851667055
28756,2013.6305851667055
28757,2013.6305851667055
28758,2013.6305851667055
28759,2013.6305851667055
28760,2013.6305851667055
28761,2013.6305851667055
28762,2013.6305851667055
28763,2013.6305851667055
28764,2013.6305851667055
28765,2013.6305851667055
28766,2013.6305851667055
28767,2013.6305851667055
28768,2013.6305851667055
28769,2013.6305851667055
28770,2013.6305851667055
28771,2013.6305851667055
28772,2013.6305851667055
28773,2013.6305851667055
28774,2013.6305851667055
28775,2013.6305851667055
28776,2013.6305851667055
28777,2013.6305851667055
28778,2013.6305851667055
28779,2013.6305851667055
28780,2013.6305851667055
28781,2013.6305851667055
28782,2013.6305851667055
28783,2013.6305851667055
28784,2013.6305851667055
28785,2013.6305851667055
28786,2013.6305851667055
28787,2013.6305851667055
28788,2013.6305851667055
28789,2013.6305851667055
28790,2013.6305851667055
28791,2013.6305851667055
28792,2013.6305851667055
28793,2013.6305851667055
28794,2013.6305851667055
28795,2013.6305851667055
28796,2013.6305851667055
28797,2013.6305851667055
28798,2013.6305851667055
28799,2013.6305851667055
28800,2013.6305851667055
28801,2013.6305851667055
28802,2013.6305851667055
28803,2013.6305851667055
28804,2013.6305851667055
28805,2013.6305851667055
28806,2013.6305851667055
28807,2013.6305851667055
28808,2013.6305851667055
28809,2013.6305851667055
28810,2013.6305851667055
28811,2013.6305851667055
28812,2013.6305851667055
28813,2013.6305851667055
28814,2013.6305851667055
28815,2013.6305851667055
28816,2013.6305851667055
28817,2013.6305851667055
28818,2013.6305851667055
28819,2013.6305851667055
28820,2013.6305851667055
28821,2013.6305851667055
28822,2013.6305851667055
28823,2013.6305851667055
28824,2013.6305851667055
28825,2013.6305851667055
28826,2013.6305851667055
28827,2013.6305851667055
28828,2013.6305851667055
28829,2013.6305851667055
28830,2013.6305851667055
28831,2013.6305851667055
28832,2013.6305851667055
28833,2013.6305851667055
28834,2013.6305851667055
28835,2013.6305851667055
28836,2013.6305851667055
28837,2013.6305851667055
28838,2013.6305851667055
28839,2013.6305851667055
28840,2013.6305851667055
28841,2013.6305851667055
28842,2013.6305851667055
28843,2013.6305851667055
28844,2013.6305851667055
28845,2013.6305851667055
28846,2013.6305851667055
28847,2013.6305851667055
28848,2013.6305851667055
28849,2013.6305851667055
28850,2013.6305851667055
28851,2013.6305851667055
28852,2013.6305851667055
28853,2013.6305851667055
28854,2013.6305851667055
28855,2013.6305851667055
28856,2013.6305851667055
28857,2013.6305851667055
28858,2013.6305851667055
28859,2013.6305851667055
28860,2013.6305851667055
28861,2013.6305851667055
28862,2013.6305851667055
28863,2013.6305851667055
28864,2013.6305851667055
28865,2013.6305851667055
28866,2013.6305851667055
28867,2013.6305851667055
28868,2013.6305851667055
28869,2013.6305851667055
28870,2013.6305851667055
28871,2013.6305851667055
28872,2013.6305851667055
28873,2013.6305851667055
28874,2013.6305851667055
28875,2013.6305851667055
28876,2013.6305851667055
28877,2013.6305851667055
28878,2013.6305851667055
28879,2013.6305851667055
28880,2013.6305851667055
28881,2013.6305851667055
28882,2013.6305851667055
28883,2013.6305851667055
28884,2013.6305851667055
28885,2013.6305851667055
28886,2013.6305851667055
28887,2013.6305851667055
28888,2013.6305851667055
28889,2013.6305851667055
28890,2013.6305851667055
28891,2013.6305851667055
28892,2013.6305851667055
28893,2013.6305851667055
28894,2013.6305851667055
28895,2013.6305851667055
28896,2013.6305851667055
28897,2013.6305851667055
28898,2013.6305851667055
28899,2013.6305851667055
28900,2013.6305851667055
28901,2013.6305851667055
28902,2013.6305851667055
28903,2013.6305851667055
28904,2013.6305851667055
28905,2013.6305851667055
28906,2013.6305851667055
28907,2013.6305851667055
28908,2013.6305851667055
28909,2013.6305851667055
28910,2013.6305851667055
28911,2013.6305851667055
28912,2013.6305851667055
28913,2013.6305851667055
28914,2013.6305851667055
28915,2013.6305851667055
28916,2013.6305851667055
28917,2013.6305851667055
28918,2013.6305851667055
28919,2013.6305851667055
28920,2013.6305851667055
28921,2013.6305851667055
28922,2013.6305851667055
28923,2013.6305851667055
28924,2013.6305851667055
28925,2013.6305851667055
28926,2013.6305851667055
28927,2013.6305851667055
28928,2013.6305851667055
28929,2013.6305851667055
28930,2013.6305851667055
28931,2013.6305851667055
28932,2013.6305851667055
28933,2013.6305851667055
28934,2013.6305851667055
28935,2013.6305851667055
28936,2013.6305851667055
28937,2013.6305851667055
28938,2013.6305851667055
28939,2013.6305851667055
28940,2013.6305851667055
28941,2013.6305851667055
28942,2013.6305851667055
28943,2013.6305851667055
28944,2013.6305851667055
28945,2013.6305851667055
28946,2013.6305851667055
28947,2013.6305851667055
28948,2013.6305851667055
28949,2013.6305851667055
28950,2013.6305851667055
28951,2013.6305851667055
28952,2013.6305851667055
28953,2013.6305851667055
28954,2013.6305851667055
28955,2013.6305851667055
28956,2013.6305851667055
28957,2013.6305851667055
28958,2013.6305851667055
28959,2013.6305851667055
28960,2013.6305851667055
28961,2013.6305851667055
28962,2013.6305851667055
28963,2013.6305851667055
28964,2013.6305851667055
28965,2013.6305851667055
28966,2013.6305851667055
28967,2013.6305851667055
28968,2013.6305851667055
28969,2013.6305851667055
28970,2013.6305851667055
28971,2013.6305851667055
28972,2013.6305851667055
28973,2013.6305851667055
28974,2013.6305851667055
28975,2013.6305851667055
28976,2013.6305851667055
28977,2013.6305851667055
28978,2013.6305851667055
28979,2013.6305851667055
28980,2013.6305851667055
28981,2013.6305851667055
28982,2013.6305851667055
28983,2013.6305851667055
28984,2013.6305851667055
28985,2013.6305851667055
28986,2013.6305851667055
28987,2013.6305851667055
28988,2013.6305851667055
28989,2013.6305851667055
28990,2013.6305851667055
28991,2013.6305851667055
28992,2013.6305851667055
28993,2013.6305851667055
28994,2013.6305851667055
28995,2013.6305851667055
28996,2013.6305851667055
28997,2013.6305851667055
28998,2013.6305851667055
28999,2013.6305851667055
29000,2013.6305851667055
29001,2013.6305851667055
29002,2013.6305851667055
29003,2013.6305851667055
29004,2013.6305851667055
29005,2013.6305851667055
29006,2013.6305851667055
29007,2013.6305851667055
29008,2013.6305851667055
29009,2013.6305851667055
29010,2013.6305851667055
29011,2013.6305851667055
29012,2013.6305851667055
29013,2013.6305851667055
29014,2013.6305851667055
29015,2013.6305851667055
29016,2013.6305851667055
29017,2013.6305851667055
29018,2013.6305851667055
29019,2013.6305851667055
29020,2013.6305851667055
29021,2013.6305851667055
29022,2013.6305851667055
29023,2013.6305851667055
29024,2013.6305851667055
29025,2013.6305851667055
29026,2013.6305851667055
29027,2013.6305851667055
29028,2013.6305851667055
29029,2013.6305851667055
29030,2013.6305851667055
29031,2013.6305851667055
29032,2013.6305851667055
29033,2013.6305851667055
29034,2013.6305851667055
29035,2013.6305851667055
29036,2013.6305851667055
29037,2013.6305851667055
29038,2013.6305851667055
29039,2013.6305851667055
29040,2013.6305851667055
29041,2013.6305851667055
29042,2013.6305851667055
29043,2013.6305851667055
29044,2013.6305851667055
29045,2013.6305851667055
29046,2013.6305851667055
29047,2013.6305851667055
29048,2013.6305851667055
29049,2013.6305851667055
29050,2013.6305851667055
29051,2013.6305851667055
29052,2013.6305851667055
29053,2013.6305851667055
29054,2013.6305851667055
29055,2013.6305851667055
29056,2013.6305851667055
29057,2013.6305851667055
29058,2013.6305851667055
29059,2013.6305851667055
29060,2013.6305851667055
29061,2013.6305851667055
29062,2013.6305851667055
29063,2013.6305851667055
29064,2013.6305851667055
29065,2013.6305851667055
29066,2013.6305851667055
29067,2013.6305851667055
29068,2013.6305851667055
29069,2013.6305851667055
29070,2013.6305851667055
29071,2013.6305851667055
29072,2013.6305851667055
29073,2013.6305851667055
29074,2013.6305851667055
29075,2013.6305851667055
29076,2013.6305851667055
29077,2013.6305851667055
29078,2013.6305851667055
29079,2013.6305851667055
29080,2013.6305851667055
29081,2013.6305851667055
29082,2013.6305851667055
29083,2013.6305851667055
29084,2013.6305851667055
29085,2013.6305851667055
29086,2013.6305851667055
29087,2013.6305851667055
29088,2013.6305851667055
29089,2013.6305851667055
29090,2013.6305851667055
29091,2013.6305851667055
29092,2013.6305851667055
29093,2013.6305851667055
29094,2013.6305851667055
29095,2013.6305851667055
29096,2013.6305851667055
29097,2013.6305851667055
29098,2013.6305851667055
29099,2013.6305851667055
29100,2013.6305851667055
29101,2013.6305851667055
29102,2013.6305851667055
29103,2013.6305851667055
29104,2013.6305851667055
29105,2013.6305851667055
29106,2013.6305851667055
29107,2013.6305851667055
29108,2013.6305851667055
29109,2013.6305851667055
29110,2013.6305851667055
29111,2013.6305851667055
29112,2013.6305851667055
29113,2013.6305851667055
29114,2013.6305851667055
29115,2013.6305851667055
29116,2013.6305851667055
29117,2013.6305851667055
29118,2013.6305851667055
29119,2013.6305851667055
29120,2013.6305851667055
29121,2013.6305851667055
29122,2013.6305851667055
29123,2013.6305851667055
29124,2013.6305851667055
29125,2013.6305851667055
29126,2013.6305851667055
29127,2013.6305851667055
29128,2013.6305851667055
29129,2013.6305851667055
29130,2013.6305851667055
29131,2013.6305851667055
29132,2013.6305851667055
29133,2013.6305851667055
29134,2013.6305851667055
29135,2013.6305851667055
29136,2013.6305851667055
29137,2013.6305851667055
29138,2013.6305851667055
29139,2013.6305851667055
29140,2013.6305851667055
29141,2013.6305851667055
29142,2013.6305851667055
29143,2013.6305851667055
29144,2013.6305851667055
29145,2013.6305851667055
29146,2013.6305851667055
29147,2013.6305851667055
29148,2013.6305851667055
29149,2013.6305851667055
29150,2013.6305851667055
29151,2013.6305851667055
29152,2013.6305851667055
29153,2013.6305851667055
29154,2013.6305851667055
29155,2013.6305851667055
29156,2013.6305851667055
29157,2013.6305851667055
29158,2013.6305851667055
29159,2013.6305851667055
29160,2013.6305851667055
29161,2013.6305851667055
29162,2013.6305851667055
29163,2013.6305851667055
29164,2013.6305851667055
29165,2013.6305851667055
29166,2013.6305851667055
29167,2013.6305851667055
29168,2013.6305851667055
29169,2013.6305851667055
29170,2013.6305851667055
29171,2013.6305851667055
29172,2013.6305851667055
29173,2013.6305851667055
29174,2013.6305851667055
29175,2013.6305851667055
29176,2013.6305851667055
29177,2013.6305851667055
29178,2013.6305851667055
29179,2013.6305851667055
29180,2013.6305851667055
29181,2013.6305851667055
29182,2013.6305851667055
29183,2013.6305851667055
29184,2013.6305851667055
29185,2013.6305851667055
29186,2013.6305851667055
29187,2013.6305851667055
29188,2013.6305851667055
29189,2013.6305851667055
29190,2013.6305851667055
29191,2013.6305851667055
29192,2013.6305851667055
29193,2013.6305851667055
29194,2013.6305851667055
29195,2013.6305851667055
29196,2013.6305851667055
29197,2013.6305851667055
29198,2013.6305851667055
29199,2013.6305851667055
29200,2013.6305851667055
29201,2013.6305851667055
29202,2013.6305851667055
29203,2013.6305851667055
29204,2013.6305851667055
29205,2013.6305851667055
29206,2013.6305851667055
29207,2013.6305851667055
29208,2013.6305851667055
29209,2013.6305851667055
29210,2013.6305851667055
29211,2013.6305851667055
29212,2013.6305851667055
29213,2013.6305851667055
29214,2013.6305851667055
29215,2013.6305851667055
29216,2013.6305851667055
29217,2013.6305851667055
29218,2013.6305851667055
29219,2013.6305851667055
29220,2013.6305851667055
29221,2013.6305851667055
29222,2013.6305851667055
29223,2013.6305851667055
29224,2013.6305851667055
29225,2013.6305851667055
29226,2013.6305851667055
29227,2013.6305851667055
29228,2013.6305851667055
29229,2013.6305851667055
29230,2013.6305851667055
29231,2013.6305851667055
29232,2013.6305851667055
29233,2013.6305851667055
29234,2013.6305851667055
29235,2013.6305851667055
29236,2013.6305851667055
29237,2013.6305851667055
29238,2013.6305851667055
29239,2013.6305851667055
29240,2013.6305851667055
29241,2013.6305851667055
29242,2013.6305851667055
29243,2013.6305851667055
29244,2013.6305851667055
29245,2013.6305851667055
29246,2013.6305851667055
29247,2013.6305851667055
29248,2013.6305851667055
29249,2013.6305851667055
29250,2013.6305851667055
29251,2013.6305851667055
29252,2013.6305851667055
29253,2013.6305851667055
29254,2013.6305851667055
29255,2013.6305851667055
29256,2013.6305851667055
29257,2013.6305851667055
29258,2013.6305851667055
29259,2013.6305851667055
29260,2013.6305851667055
29261,2013.6305851667055
29262,2013.6305851667055
29263,2013.6305851667055
29264,2013.6305851667055
29265,2013.6305851667055
29266,2013.6305851667055
29267,2013.6305851667055
29268,2013.6305851667055
29269,2013.6305851667055
29270,2013.6305851667055
29271,2013.6305851667055
29272,2013.6305851667055
29273,2013.6305851667055
29274,2013.6305851667055
29275,2013.6305851667055
29276,2013.6305851667055
29277,2013.6305851667055
29278,2013.6305851667055
29279,2013.6305851667055
29280,2013.6305851667055
29281,2013.6305851667055
29282,2013.6305851667055
29283,2013.6305851667055
29284,2013.6305851667055
29285,2013.6305851667055
29286,2013.6305851667055
29287,2013.6305851667055
29288,2013.6305851667055
29289,2013.6305851667055
29290,2013.6305851667055
29291,2013.6305851667055
29292,2013.6305851667055
29293,2013.6305851667055
29294,2013.6305851667055
29295,2013.6305851667055
29296,2013.6305851667055
29297,2013.6305851667055
29298,2013.6305851667055
29299,2013.6305851667055
29300,2013.6305851667055
29301,2013.6305851667055
29302,2013.6305851667055
29303,2013.6305851667055
29304,2013.6305851667055
29305,2013.6305851667055
29306,2013.6305851667055
29307,2013.6305851667055
29308,2013.6305851667055
29309,2013.6305851667055
29310,2013.6305851667055
29311,2013.6305851667055
29312,2013.6305851667055
29313,2013.6305851667055
29314,2013.6305851667055
29315,2013.6305851667055
29316,2013.6305851667055
29317,2013.6305851667055
29318,2013.6305851667055
29319,2013.6305851667055
29320,2013.6305851667055
29321,2013.6305851667055
29322,2013.6305851667055
29323,2013.6305851667055
29324,2013.6305851667055
29325,2013.6305851667055
29326,2013.6305851667055
29327,2013.6305851667055
29328,2013.6305851667055
29329,2013.6305851667055
29330,2013.6305851667055
29331,2013.6305851667055
29332,2013.6305851667055
29333,2013.6305851667055
29334,2013.6305851667055
29335,2013.6305851667055
29336,2013.6305851667055
29337,2013.6305851667055
29338,2013.6305851667055
29339,2013.6305851667055
29340,2013.6305851667055
29341,2013.6305851667055
29342,2013.6305851667055
29343,2013.6305851667055
29344,2013.6305851667055
29345,2013.6305851667055
29346,2013.6305851667055
29347,2013.6305851667055
29348,2013.6305851667055
29349,2013.6305851667055
29350,2013.6305851667055
29351,2013.6305851667055
29352,2013.6305851667055
29353,2013.6305851667055
29354,2013.6305851667055
29355,2013.6305851667055
29356,2013.6305851667055
29357,2013.6305851667055
29358,2013.6305851667055
29359,2013.6305851667055
29360,2013.6305851667055
29361,2013.6305851667055
29362,2013.6305851667055
29363,2013.6305851667055
29364,2013.6305851667055
29365,2013.6305851667055
29366,2013.6305851667055
29367,2013.6305851667055
29368,2013.6305851667055
29369,2013.6305851667055
29370,2013.6305851667055
29371,2013.6305851667055
29372,2013.6305851667055
29373,2013.6305851667055
29374,2013.6305851667055
29375,2013.6305851667055
29376,2013.6305851667055
29377,2013.6305851667055
29378,2013.6305851667055
29379,2013.6305851667055
29380,2013.6305851667055
29381,2013.6305851667055
29382,2013.6305851667055
29383,2013.6305851667055
29384,2013.6305851667055
29385,2013.6305851667055
29386,2013.6305851667055
29387,2013.6305851667055
29388,2013.6305851667055
29389,2013.6305851667055
29390,2013.6305851667055
29391,2013.6305851667055
29392,2013.6305851667055
29393,2013.6305851667055
29394,2013.6305851667055
29395,2013.6305851667055
29396,2013.6305851667055
29397,2013.6305851667055
29398,2013.6305851667055
29399,2013.6305851667055
29400,2013.6305851667055
29401,2013.6305851667055
29402,2013.6305851667055
29403,2013.6305851667055
29404,2013.6305851667055
29405,2013.6305851667055
29406,2013.6305851667055
29407,2013.6305851667055
29408,2013.6305851667055
29409,2013.6305851667055
29410,2013.6305851667055
29411,2013.6305851667055
29412,2013.6305851667055
29413,2013.6305851667055
29414,2013.6305851667055
29415,2013.6305851667055
29416,2013.6305851667055
29417,2013.6305851667055
29418,2013.6305851667055
29419,2013.6305851667055
29420,2013.6305851667055
29421,2013.6305851667055
29422,2013.6305851667055
29423,2013.6305851667055
29424,2013.6305851667055
29425,2013.6305851667055
29426,2013.6305851667055
29427,2013.6305851667055
29428,2013.6305851667055
29429,2013.6305851667055
29430,2013.6305851667055
29431,2013.6305851667055
29432,2013.6305851667055
29433,2013.6305851667055
29434,2013.6305851667055
29435,2013.6305851667055
29436,2013.6305851667055
29437,2013.6305851667055
29438,2013.6305851667055
29439,2013.6305851667055
29440,2013.6305851667055
29441,2013.6305851667055
29442,2013.6305851667055
29443,2013.6305851667055
29444,2013.6305851667055
29445,2013.6305851667055
29446,2013.6305851667055
29447,2013.6305851667055
29448,2013.6305851667055
29449,2013.6305851667055
29450,2013.6305851667055
29451,2013.6305851667055
29452,2013.6305851667055
29453,2013.6305851667055
29454,2013.6305851667055
29455,2013.6305851667055
29456,2013.6305851667055
29457,2013.6305851667055
29458,2013.6305851667055
29459,2013.6305851667055
29460,2013.6305851667055
29461,2013.6305851667055
29462,2013.6305851667055
29463,2013.6305851667055
29464,2013.6305851667055
29465,2013.6305851667055
29466,2013.6305851667055
29467,2013.6305851667055
29468,2013.6305851667055
29469,2013.6305851667055
29470,2013.6305851667055
29471,2013.6305851667055
29472,2013.6305851667055
29473,2013.6305851667055
29474,2013.6305851667055
29475,2013.6305851667055
29476,2013.6305851667055
29477,2013.6305851667055
29478,2013.6305851667055
29479,2013.6305851667055
29480,2013.6305851667055
29481,2013.6305851667055
29482,2013.6305851667055
29483,2013.6305851667055
29484,2013.6305851667055
29485,2013.6305851667055
29486,2013.6305851667055
29487,2013.6305851667055
29488,2013.6305851667055
29489,2013.6305851667055
29490,2013.6305851667055
29491,2013.6305851667055
29492,2013.6305851667055
29493,2013.6305851667055
29494,2013.6305851667055
29495,2013.6305851667055
29496,2013.6305851667055
29497,2013.6305851667055
29498,2013.6305851667055
29499,2013.6305851667055
29500,2013.6305851667055
29501,2013.6305851667055
29502,2013.6305851667055
29503,2013.6305851667055
29504,2013.6305851667055
29505,2013.6305851667055
29506,2013.6305851667055
29507,2013.6305851667055
29508,2013.6305851667055
29509,2013.6305851667055
29510,2013.6305851667055
29511,2013.6305851667055
29512,2013.6305851667055
29513,2013.6305851667055
29514,2013.6305851667055
29515,2013.6305851667055
29516,2013.6305851667055
29517,2013.6305851667055
29518,2013.6305851667055
29519,2013.6305851667055
29520,2013.6305851667055
29521,2013.6305851667055
29522,2013.6305851667055
29523,2013.6305851667055
29524,2013.6305851667055
29525,2013.6305851667055
29526,2013.6305851667055
29527,2013.6305851667055
29528,2013.6305851667055
29529,2013.6305851667055
29530,2013.6305851667055
29531,2013.6305851667055
29532,2013.6305851667055
29533,2013.6305851667055
29534,2013.6305851667055
29535,2013.6305851667055
29536,2013.6305851667055
29537,2013.6305851667055
29538,2013.6305851667055
29539,2013.6305851667055
29540,2013.6305851667055
29541,2013.6305851667055
29542,2013.6305851667055
29543,2013.6305851667055
29544,2013.6305851667055
29545,2013.6305851667055
29546,2013.6305851667055
29547,2013.6305851667055
29548,2013.6305851667055
29549,2013.6305851667055
29550,2013.6305851667055
29551,2013.6305851667055
29552,2013.6305851667055
29553,2013.6305851667055
29554,2013.6305851667055
29555,2013.6305851667055
29556,2013.6305851667055
29557,2013.6305851667055
29558,2013.6305851667055
29559,2013.6305851667055
29560,2013.6305851667055
29561,2013.6305851667055
29562,2013.6305851667055
29563,2013.6305851667055
29564,2013.6305851667055
29565,2013.6305851667055
29566,2013.6305851667055
29567,2013.6305851667055
29568,2013.6305851667055
29569,2013.6305851667055
29570,2013.6305851667055
29571,2013.6305851667055
29572,2013.6305851667055
29573,2013.6305851667055
29574,2013.6305851667055
29575,2013.6305851667055
29576,2013.6305851667055
29577,2013.6305851667055
29578,2013.6305851667055
29579,2013.6305851667055
29580,2013.6305851667055
29581,2013.6305851667055
29582,2013.6305851667055
29583,2013.6305851667055
29584,2013.6305851667055
29585,2013.6305851667055
29586,2013.6305851667055
29587,2013.6305851667055
29588,2013.6305851667055
29589,2013.6305851667055
29590,2013.6305851667055
29591,2013.6305851667055
29592,2013.6305851667055
29593,2013.6305851667055
29594,2013.6305851667055
29595,2013.6305851667055
29596,2013.6305851667055
29597,2013.6305851667055
29598,2013.6305851667055
29599,2013.6305851667055
29600,2013.6305851667055
29601,2013.6305851667055
29602,2013.6305851667055
29603,2013.6305851667055
29604,2013.6305851667055
29605,2013.6305851667055
29606,2013.6305851667055
29607,2013.6305851667055
29608,2013.6305851667055
29609,2013.6305851667055
29610,2013.6305851667055
29611,2013.6305851667055
29612,2013.6305851667055
29613,2013.6305851667055
29614,2013.6305851667055
29615,2013.6305851667055
29616,2013.6305851667055
29617,2013.6305851667055
29618,2013.6305851667055
29619,2013.6305851667055
29620,2013.6305851667055
29621,2013.6305851667055
29622,2013.6305851667055
29623,2013.6305851667055
29624,2013.6305851667055
29625,2013.6305851667055
29626,2013.6305851667055
29627,2013.6305851667055
29628,2013.6305851667055
29629,2013.6305851667055
29630,2013.6305851667055
29631,2013.6305851667055
29632,2013.6305851667055
29633,2013.6305851667055
29634,2013.6305851667055
29635,2013.6305851667055
29636,2013.6305851667055
29637,2013.6305851667055
29638,2013.6305851667055
29639,2013.6305851667055
29640,2013.6305851667055
29641,2013.6305851667055
29642,2013.6305851667055
29643,2013.6305851667055
29644,2013.6305851667055
29645,2013.6305851667055
29646,2013.6305851667055
29647,2013.6305851667055
29648,2013.6305851667055
29649,2013.6305851667055
29650,2013.6305851667055
29651,2013.6305851667055
29652,2013.6305851667055
29653,2013.6305851667055
29654,2013.6305851667055
29655,2013.6305851667055
29656,2013.6305851667055
29657,2013.6305851667055
29658,2013.6305851667055
29659,2013.6305851667055
29660,2013.6305851667055
29661,2013.6305851667055
29662,2013.6305851667055
29663,2013.6305851667055
29664,2013.6305851667055
29665,2013.6305851667055
29666,2013.6305851667055
29667,2013.6305851667055
29668,2013.6305851667055
29669,2013.6305851667055
29670,2013.6305851667055
29671,2013.6305851667055
29672,2013.6305851667055
29673,2013.6305851667055
29674,2013.6305851667055
29675,2013.6305851667055
29676,2013.6305851667055
29677,2013.6305851667055
29678,2013.6305851667055
29679,2013.6305851667055
29680,2013.6305851667055
29681,2013.6305851667055
29682,2013.6305851667055
29683,2013.6305851667055
29684,2013.6305851667055
29685,2013.6305851667055
29686,2013.6305851667055
29687,2013.6305851667055
29688,2013.6305851667055
29689,2013.6305851667055
29690,2013.6305851667055
29691,2013.6305851667055
29692,2013.6305851667055
29693,2013.6305851667055
29694,2013.6305851667055
29695,2013.6305851667055
29696,2013.6305851667055
29697,2013.6305851667055
29698,2013.6305851667055
29699,2013.6305851667055
29700,2013.6305851667055
29701,2013.6305851667055
29702,2013.6305851667055
29703,2013.6305851667055
29704,2013.6305851667055
29705,2013.6305851667055
29706,2013.6305851667055
29707,2013.6305851667055
29708,2013.6305851667055
29709,2013.6305851667055
29710,2013.6305851667055
29711,2013.6305851667055
29712,2013.6305851667055
29713,2013.6305851667055
29714,2013.6305851667055
29715,2013.6305851667055
29716,2013.6305851667055
29717,2013.6305851667055
29718,2013.6305851667055
29719,2013.6305851667055
29720,2013.6305851667055
29721,2013.6305851667055
29722,2013.6305851667055
29723,2013.6305851667055
29724,2013.6305851667055
29725,2013.6305851667055
29726,2013.6305851667055
29727,2013.6305851667055
29728,2013.6305851667055
29729,2013.6305851667055
29730,2013.6305851667055
29731,2013.6305851667055
29732,2013.6305851667055
29733,2013.6305851667055
29734,2013.6305851667055
29735,2013.6305851667055
29736,2013.6305851667055
29737,2013.6305851667055
29738,2013.6305851667055
29739,2013.6305851667055
29740,2013.6305851667055
29741,2013.6305851667055
29742,2013.6305851667055
29743,2013.6305851667055
29744,2013.6305851667055
29745,2013.6305851667055
29746,2013.6305851667055
29747,2013.6305851667055
29748,2013.6305851667055
29749,2013.6305851667055
29750,2013.6305851667055
29751,2013.6305851667055
29752,2013.6305851667055
29753,2013.6305851667055
29754,2013.6305851667055
29755,2013.6305851667055
29756,2013.6305851667055
29757,2013.6305851667055
29758,2013.6305851667055
29759,2013.6305851667055
29760,2013.6305851667055
29761,2013.6305851667055
29762,2013.6305851667055
29763,2013.6305851667055
29764,2013.6305851667055
29765,2013.6305851667055
29766,2013.6305851667055
29767,2013.6305851667055
29768,2013.6305851667055
29769,2013.6305851667055
29770,2013.6305851667055
29771,2013.6305851667055
29772,2013.6305851667055
29773,2013.6305851667055
29774,2013.6305851667055
29775,2013.6305851667055
29776,2013.6305851667055
29777,2013.6305851667055
29778,2013.6305851667055
29779,2013.6305851667055
29780,2013.6305851667055
29781,2013.6305851667055
29782,2013.6305851667055
29783,2013.6305851667055
29784,2013.6305851667055
29785,2013.6305851667055
29786,2013.6305851667055
29787,2013.6305851667055
29788,2013.6305851667055
29789,2013.6305851667055
29790,2013.6305851667055
29791,2013.6305851667055
29792,2013.6305851667055
29793,2013.6305851667055
29794,2013.6305851667055
29795,2013.6305851667055
29796,2013.6305851667055
29797,2013.6305851667055
29798,2013.6305851667055
29799,2013.6305851667055
29800,2013.6305851667055
29801,2013.6305851667055
29802,2013.6305851667055
29803,2013.6305851667055
29804,2013.6305851667055
29805,2013.6305851667055
29806,2013.6305851667055
29807,2013.6305851667055
29808,2013.6305851667055
29809,2013.6305851667055
29810,2013.6305851667055
29811,2013.6305851667055
29812,2013.6305851667055
29813,2013.6305851667055
29814,2013.6305851667055
29815,2013.6305851667055
29816,2013.6305851667055
29817,2013.6305851667055
29818,2013.6305851667055
29819,2013.6305851667055
29820,2013.6305851667055
29821,2013.6305851667055
29822,2013.6305851667055
29823,2013.6305851667055
29824,2013.6305851667055
29825,2013.6305851667055
29826,2013.6305851667055
29827,2013.6305851667055
29828,2013.6305851667055
29829,2013.6305851667055
29830,2013.6305851667055
29831,2013.6305851667055
29832,2013.6305851667055
29833,2013.6305851667055
29834,2013.6305851667055
29835,2013.6305851667055
29836,2013.6305851667055
29837,2013.6305851667055
29838,2013.6305851667055
29839,2013.6305851667055
29840,2013.6305851667055
29841,2013.6305851667055
29842,2013.6305851667055
29843,2013.6305851667055
29844,2013.6305851667055
29845,2013.6305851667055
29846,2013.6305851667055
29847,2013.6305851667055
29848,2013.6305851667055
29849,2013.6305851667055
29850,2013.6305851667055
29851,2013.6305851667055
29852,2013.6305851667055
29853,2013.6305851667055
29854,2013.6305851667055
29855,2013.6305851667055
29856,2013.6305851667055
29857,2013.6305851667055
29858,2013.6305851667055
29859,2013.6305851667055
29860,2013.6305851667055
29861,2013.6305851667055
29862,2013.6305851667055
29863,2013.6305851667055
29864,2013.6305851667055
29865,2013.6305851667055
29866,2013.6305851667055
29867,2013.6305851667055
29868,2013.6305851667055
29869,2013.6305851667055
29870,2013.6305851667055
29871,2013.6305851667055
29872,2013.6305851667055
29873,2013.6305851667055
29874,2013.6305851667055
29875,2013.6305851667055
29876,2013.6305851667055
29877,2013.6305851667055
29878,2013.6305851667055
29879,2013.6305851667055
29880,2013.6305851667055
29881,2013.6305851667055
29882,2013.6305851667055
29883,2013.6305851667055
29884,2013.6305851667055
29885,2013.6305851667055
29886,2013.6305851667055
29887,2013.6305851667055
29888,2013.6305851667055
29889,2013.6305851667055
29890,2013.6305851667055
29891,2013.6305851667055
29892,2013.6305851667055
29893,2013.6305851667055
29894,2013.6305851667055
29895,2013.6305851667055
29896,2013.6305851667055
29897,2013.6305851667055
29898,2013.6305851667055
29899,2013.6305851667055
29900,2013.6305851667055
29901,2013.6305851667055
29902,2013.6305851667055
29903,2013.6305851667055
29904,2013.6305851667055
29905,2013.6305851667055
29906,2013.6305851667055
29907,2013.6305851667055
29908,2013.6305851667055
29909,2013.6305851667055
29910,2013.6305851667055
29911,2013.6305851667055
29912,2013.6305851667055
29913,2013.6305851667055
29914,2013.6305851667055
29915,2013.6305851667055
29916,2013.6305851667055
29917,2013.6305851667055
29918,2013.6305851667055
29919,2013.6305851667055
29920,2013.6305851667055
29921,2013.6305851667055
29922,2013.6305851667055
29923,2013.6305851667055
29924,2013.6305851667055
29925,2013.6305851667055
29926,2013.6305851667055
29927,2013.6305851667055
29928,2013.6305851667055
29929,2013.6305851667055
29930,2013.6305851667055
29931,2013.6305851667055
29932,2013.6305851667055
29933,2013.6305851667055
29934,2013.6305851667055
29935,2013.6305851667055
29936,2013.6305851667055
29937,2013.6305851667055
29938,2013.6305851667055
29939,2013.6305851667055
29940,2013.6305851667055
29941,2013.6305851667055
29942,2013.6305851667055
29943,2013.6305851667055
29944,2013.6305851667055
29945,2013.6305851667055
29946,2013.6305851667055
29947,2013.6305851667055
29948,2013.6305851667055
29949,2013.6305851667055
29950,2013.6305851667055
29951,2013.6305851667055
29952,2013.6305851667055
29953,2013.6305851667055
29954,2013.6305851667055
29955,2013.6305851667055
29956,2013.6305851667055
29957,2013.6305851667055
29958,2013.6305851667055
29959,2013.6305851667055
29960,2013.6305851667055
29961,2013.6305851667055
29962,2013.6305851667055
29963,2013.6305851667055
29964,2013.6305851667055
29965,2013.6305851667055
29966,2013.6305851667055
29967,2013.6305851667055
29968,2013.6305851667055
29969,2013.6305851667055
29970,2013.6305851667055
29971,2013.6305851667055
29972,2013.6305851667055
29973,2013.6305851667055
29974,2013.6305851667055
29975,2013.6305851667055
29976,2013.6305851667055
29977,2013.6305851667055
29978,2013.6305851667055
29979,2013.6305851667055
29980,2013.6305851667055
29981,2013.6305851667055
29982,2013.6305851667055
29983,2013.6305851667055
29984,2013.6305851667055
29985,2013.6305851667055
29986,2013.6305851667055
29987,2013.6305851667055
29988,2013.6305851667055
29989,2013.6305851667055
29990,2013.6305851667055
29991,2013.6305851667055
29992,2013.6305851667055
29993,2013.6305851667055
29994,2013.6305851667055
29995,2013.6305851667055
29996,2013.6305851667055
29997,2013.6305851667055
29998,2013.6305851667055
29999,2013.6305851667055
30000,2013.6305851667055
30001,2013.6305851667055
30002,2013.6305851667055
30003,2013.6305851667055
30004,2013.6305851667055
30005,2013.6305851667055
30006,2013.6305851667055
30007,2013.6305851667055
30008,2013.6305851667055
30009,2013.6305851667055
30010,2013.6305851667055
30011,2013.6305851667055
30012,2013.6305851667055
30013,2013.6305851667055
30014,2013.6305851667055
30015,2013.6305851667055
30016,2013.6305851667055
30017,2013.6305851667055
30018,2013.6305851667055
30019,2013.6305851667055
30020,2013.6305851667055
30021,2013.6305851667055
30022,2013.6305851667055
30023,2013.6305851667055
30024,2013.6305851667055
30025,2013.6305851667055
30026,2013.6305851667055
30027,2013.6305851667055
30028,2013.6305851667055
30029,2013.6305851667055
30030,2013.6305851667055
30031,2013.6305851667055
30032,2013.6305851667055
30033,2013.6305851667055
30034,2013.6305851667055
30035,2013.6305851667055
30036,2013.6305851667055
30037,2013.6305851667055
30038,2013.6305851667055
30039,2013.6305851667055
30040,2013.6305851667055
30041,2013.6305851667055
30042,2013.6305851667055
30043,2013.6305851667055
30044,2013.6305851667055
30045,2013.6305851667055
30046,2013.6305851667055
30047,2013.6305851667055
30048,2013.6305851667055
30049,2013.6305851667055
30050,2013.6305851667055
30051,2013.6305851667055
30052,2013.6305851667055
30053,2013.6305851667055
30054,2013.6305851667055
30055,2013.6305851667055
30056,2013.6305851667055
30057,2013.6305851667055
30058,2013.6305851667055
30059,2013.6305851667055
30060,2013.6305851667055
30061,2013.6305851667055
30062,2013.6305851667055
30063,2013.6305851667055
30064,2013.6305851667055
30065,2013.6305851667055
30066,2013.6305851667055
30067,2013.6305851667055
30068,2013.6305851667055
30069,2013.6305851667055
30070,2013.6305851667055
30071,2013.6305851667055
30072,2013.6305851667055
30073,2013.6305851667055
30074,2013.6305851667055
30075,2013.6305851667055
30076,2013.6305851667055
30077,2013.6305851667055
30078,2013.6305851667055
30079,2013.6305851667055
30080,2013.6305851667055
30081,2013.6305851667055
30082,2013.6305851667055
30083,2013.6305851667055
30084,2013.6305851667055
30085,2013.6305851667055
30086,2013.6305851667055
30087,2013.6305851667055
30088,2013.6305851667055
30089,2013.6305851667055
30090,2013.6305851667055
30091,2013.6305851667055
30092,2013.6305851667055
30093,2013.6305851667055
30094,2013.6305851667055
30095,2013.6305851667055
30096,2013.6305851667055
30097,2013.6305851667055
30098,2013.6305851667055
30099,2013.6305851667055
30100,2013.6305851667055
30101,2013.6305851667055
30102,2013.6305851667055
30103,2013.6305851667055
30104,2013.6305851667055
30105,2013.6305851667055
30106,2013.6305851667055
30107,2013.6305851667055
30108,2013.6305851667055
30109,2013.6305851667055
30110,2013.6305851667055
30111,2013.6305851667055
30112,2013.6305851667055
30113,2013.6305851667055
30114,2013.6305851667055
30115,2013.6305851667055
30116,2013.6305851667055
30117,2013.6305851667055
30118,2013.6305851667055
30119,2013.6305851667055
30120,2013.6305851667055
30121,2013.6305851667055
30122,2013.6305851667055
30123,2013.6305851667055
30124,2013.6305851667055
30125,2013.6305851667055
30126,2013.6305851667055
30127,2013.6305851667055
30128,2013.6305851667055
30129,2013.6305851667055
30130,2013.6305851667055
30131,2013.6305851667055
30132,2013.6305851667055
30133,2013.6305851667055
30134,2013.6305851667055
30135,2013.6305851667055
30136,2013.6305851667055
30137,2013.6305851667055
30138,2013.6305851667055
30139,2013.6305851667055
30140,2013.6305851667055
30141,2013.6305851667055
30142,2013.6305851667055
30143,2013.6305851667055
30144,2013.6305851667055
30145,2013.6305851667055
30146,2013.6305851667055
30147,2013.6305851667055
30148,2013.6305851667055
30149,2013.6305851667055
30150,2013.6305851667055
30151,2013.6305851667055
30152,2013.6305851667055
30153,2013.6305851667055
30154,2013.6305851667055
30155,2013.6305851667055
30156,2013.6305851667055
30157,2013.6305851667055
30158,2013.6305851667055
30159,2013.6305851667055
30160,2013.6305851667055
30161,2013.6305851667055
30162,2013.6305851667055
30163,2013.6305851667055
30164,2013.6305851667055
30165,2013.6305851667055
30166,2013.6305851667055
30167,2013.6305851667055
30168,2013.6305851667055
30169,2013.6305851667055
30170,2013.6305851667055
30171,2013.6305851667055
30172,2013.6305851667055
30173,2013.6305851667055
30174,2013.6305851667055
30175,2013.6305851667055
30176,2013.6305851667055
30177,2013.6305851667055
30178,2013.6305851667055
30179,2013.6305851667055
30180,2013.6305851667055
30181,2013.6305851667055
30182,2013.6305851667055
30183,2013.6305851667055
30184,2013.6305851667055
30185,2013.6305851667055
30186,2013.6305851667055
30187,2013.6305851667055
30188,2013.6305851667055
30189,2013.6305851667055
30190,2013.6305851667055
30191,2013.6305851667055
30192,2013.6305851667055
30193,2013.6305851667055
30194,2013.6305851667055
30195,2013.6305851667055
30196,2013.6305851667055
30197,2013.6305851667055
30198,2013.6305851667055
30199,2013.6305851667055
30200,2013.6305851667055
30201,2013.6305851667055
30202,2013.6305851667055
30203,2013.6305851667055
30204,2013.6305851667055
30205,2013.6305851667055
30206,2013.6305851667055
30207,2013.6305851667055
30208,2013.6305851667055
30209,2013.6305851667055
30210,2013.6305851667055
30211,2013.6305851667055
30212,2013.6305851667055
30213,2013.6305851667055
30214,2013.6305851667055
30215,2013.6305851667055
30216,2013.6305851667055
30217,2013.6305851667055
30218,2013.6305851667055
30219,2013.6305851667055
30220,2013.6305851667055
30221,2013.6305851667055
30222,2013.6305851667055
30223,2013.6305851667055
30224,2013.6305851667055
30225,2013.6305851667055
30226,2013.6305851667055
30227,2013.6305851667055
30228,2013.6305851667055
30229,2013.6305851667055
30230,2013.6305851667055
30231,2013.6305851667055
30232,2013.6305851667055
30233,2013.6305851667055
30234,2013.6305851667055
30235,2013.6305851667055
30236,2013.6305851667055
30237,2013.6305851667055
30238,2013.6305851667055
30239,2013.6305851667055
30240,2013.6305851667055
30241,2013.6305851667055
30242,2013.6305851667055
30243,2013.6305851667055
30244,2013.6305851667055
30245,2013.6305851667055
30246,2013.6305851667055
30247,2013.6305851667055
30248,2013.6305851667055
30249,2013.6305851667055
30250,2013.6305851667055
30251,2013.6305851667055
30252,2013.6305851667055
30253,2013.6305851667055
30254,2013.6305851667055
30255,2013.6305851667055
30256,2013.6305851667055
30257,2013.6305851667055
30258,2013.6305851667055
30259,2013.6305851667055
30260,2013.6305851667055
30261,2013.6305851667055
30262,2013.6305851667055
30263,2013.6305851667055
30264,2013.6305851667055
30265,2013.6305851667055
30266,2013.6305851667055
30267,2013.6305851667055
30268,2013.6305851667055
30269,2013.6305851667055
30270,2013.6305851667055
30271,2013.6305851667055
30272,2013.6305851667055
30273,2013.6305851667055
30274,2013.6305851667055
30275,2013.6305851667055
30276,2013.6305851667055
30277,2013.6305851667055
30278,2013.6305851667055
30279,2013.6305851667055
30280,2013.6305851667055
30281,2013.6305851667055
30282,2013.6305851667055
30283,2013.6305851667055
30284,2013.6305851667055
30285,2013.6305851667055
30286,2013.6305851667055
30287,2013.6305851667055
30288,2013.6305851667055
30289,2013.6305851667055
30290,2013.6305851667055
30291,2013.6305851667055
30292,2013.6305851667055
30293,2013.6305851667055
30294,2013.6305851667055
30295,2013.6305851667055
30296,2013.6305851667055
30297,2013.6305851667055
30298,2013.6305851667055
30299,2013.6305851667055
30300,2013.6305851667055
30301,2013.6305851667055
30302,2013.6305851667055
30303,2013.6305851667055
30304,2013.6305851667055
30305,2013.6305851667055
30306,2013.6305851667055
30307,2013.6305851667055
30308,2013.6305851667055
30309,2013.6305851667055
30310,2013.6305851667055
30311,2013.6305851667055
30312,2013.6305851667055
30313,2013.6305851667055
30314,2013.6305851667055
30315,2013.6305851667055
30316,2013.6305851667055
30317,2013.6305851667055
30318,2013.6305851667055
30319,2013.6305851667055
30320,2013.6305851667055
30321,2013.6305851667055
30322,2013.6305851667055
30323,2013.6305851667055
30324,2013.6305851667055
30325,2013.6305851667055
30326,2013.6305851667055
30327,2013.6305851667055
30328,2013.6305851667055
30329,2013.6305851667055
30330,2013.6305851667055
30331,2013.6305851667055
30332,2013.6305851667055
30333,2013.6305851667055
30334,2013.6305851667055
30335,2013.6305851667055
30336,2013.6305851667055
30337,2013.6305851667055
30338,2013.6305851667055
30339,2013.6305851667055
30340,2013.6305851667055
30341,2013.6305851667055
30342,2013.6305851667055
30343,2013.6305851667055
30344,2013.6305851667055
30345,2013.6305851667055
30346,2013.6305851667055
30347,2013.6305851667055
30348,2013.6305851667055
30349,2013.6305851667055
30350,2013.6305851667055
30351,2013.6305851667055
30352,2013.6305851667055
30353,2013.6305851667055
30354,2013.6305851667055
30355,2013.6305851667055
30356,2013.6305851667055
30357,2013.6305851667055
30358,2013.6305851667055
30359,2013.6305851667055
30360,2013.6305851667055
30361,2013.6305851667055
30362,2013.6305851667055
30363,2013.6305851667055
30364,2013.6305851667055
30365,2013.6305851667055
30366,2013.6305851667055
30367,2013.6305851667055
30368,2013.6305851667055
30369,2013.6305851667055
30370,2013.6305851667055
30371,2013.6305851667055
30372,2013.6305851667055
30373,2013.6305851667055
30374,2013.6305851667055
30375,2013.6305851667055
30376,2013.6305851667055
30377,2013.6305851667055
30378,2013.6305851667055
30379,2013.6305851667055
30380,2013.6305851667055
30381,2013.6305851667055
30382,2013.6305851667055
30383,2013.6305851667055
30384,2013.6305851667055
30385,2013.6305851667055
30386,2013.6305851667055
30387,2013.6305851667055
30388,2013.6305851667055
30389,2013.6305851667055
30390,2013.6305851667055
30391,2013.6305851667055
30392,2013.6305851667055
30393,2013.6305851667055
30394,2013.6305851667055
30395,2013.6305851667055
30396,2013.6305851667055
30397,2013.6305851667055
30398,2013.6305851667055
30399,2013.6305851667055
30400,2013.6305851667055
30401,2013.6305851667055
30402,2013.6305851667055
30403,2013.6305851667055
30404,2013.6305851667055
30405,2013.6305851667055
30406,2013.6305851667055
30407,2013.6305851667055
30408,2013.6305851667055
30409,2013.6305851667055
30410,2013.6305851667055
30411,2013.6305851667055
30412,2013.6305851667055
30413,2013.6305851667055
30414,2013.6305851667055
30415,2013.6305851667055
30416,2013.6305851667055
30417,2013.6305851667055
30418,2013.6305851667055
30419,2013.6305851667055
30420,2013.6305851667055
30421,2013.6305851667055
30422,2013.6305851667055
30423,2013.6305851667055
30424,2013.6305851667055
30425,2013.6305851667055
30426,2013.6305851667055
30427,2013.6305851667055
30428,2013.6305851667055
30429,2013.6305851667055
30430,2013.6305851667055
30431,2013.6305851667055
30432,2013.6305851667055
30433,2013.6305851667055
30434,2013.6305851667055
30435,2013.6305851667055
30436,2013.6305851667055
30437,2013.6305851667055
30438,2013.6305851667055
30439,2013.6305851667055
30440,2013.6305851667055
30441,2013.6305851667055
30442,2013.6305851667055
30443,2013.6305851667055
30444,2013.6305851667055
30445,2013.6305851667055
30446,2013.6305851667055
30447,2013.6305851667055
30448,2013.6305851667055
30449,2013.6305851667055
30450,2013.6305851667055
30451,2013.6305851667055
30452,2013.6305851667055
30453,2013.6305851667055
30454,2013.6305851667055
30455,2013.6305851667055
30456,2013.6305851667055
30457,2013.6305851667055
30458,2013.6305851667055
30459,2013.6305851667055
30460,2013.6305851667055
30461,2013.6305851667055
30462,2013.6305851667055
30463,2013.6305851667055
30464,2013.6305851667055
30465,2013.6305851667055
30466,2013.6305851667055
30467,2013.6305851667055
30468,2013.6305851667055
30469,2013.6305851667055
30470,2013.6305851667055
30471,2013.6305851667055
30472,2013.6305851667055
30473,2013.6305851667055
30474,2013.6305851667055
30475,2013.6305851667055
30476,2013.6305851667055
30477,2013.6305851667055
30478,2013.6305851667055
30479,2013.6305851667055
30480,2013.6305851667055
30481,2013.6305851667055
30482,2013.6305851667055
30483,2013.6305851667055
30484,2013.6305851667055
30485,2013.6305851667055
30486,2013.6305851667055
30487,2013.6305851667055
30488,2013.6305851667055
30489,2013.6305851667055
30490,2013.6305851667055
30491,2013.6305851667055
30492,2013.6305851667055
30493,2013.6305851667055
30494,2013.6305851667055
30495,2013.6305851667055
30496,2013.6305851667055
30497,2013.6305851667055
30498,2013.6305851667055
30499,2013.6305851667055
30500,2013.6305851667055
30501,2013.6305851667055
30502,2013.6305851667055
30503,2013.6305851667055
30504,2013.6305851667055
30505,2013.6305851667055
30506,2013.6305851667055
30507,2013.6305851667055
30508,2013.6305851667055
30509,2013.6305851667055
30510,2013.6305851667055
30511,2013.6305851667055
30512,2013.6305851667055
30513,2013.6305851667055
30514,2013.6305851667055
30515,2013.6305851667055
30516,2013.6305851667055
30517,2013.6305851667055
30518,2013.6305851667055
30519,2013.6305851667055
30520,2013.6305851667055
30521,2013.6305851667055
30522,2013.6305851667055
30523,2013.6305851667055
30524,2013.6305851667055
30525,2013.6305851667055
30526,2013.6305851667055
30527,2013.6305851667055
30528,2013.6305851667055
30529,2013.6305851667055
30530,2013.6305851667055
30531,2013.6305851667055
30532,2013.6305851667055
30533,2013.6305851667055
30534,2013.6305851667055
30535,2013.6305851667055
30536,2013.6305851667055
30537,2013.6305851667055
30538,2013.6305851667055
30539,2013.6305851667055
30540,2013.6305851667055
30541,2013.6305851667055
30542,2013.6305851667055
30543,2013.6305851667055
30544,2013.6305851667055
30545,2013.6305851667055
30546,2013.6305851667055
30547,2013.6305851667055
30548,2013.6305851667055
30549,2013.6305851667055
30550,2013.6305851667055
30551,2013.6305851667055
30552,2013.6305851667055
30553,2013.6305851667055
30554,2013.6305851667055
30555,2013.6305851667055
30556,2013.6305851667055
30557,2013.6305851667055
30558,2013.6305851667055
30559,2013.6305851667055
30560,2013.6305851667055
30561,2013.6305851667055
30562,2013.6305851667055
30563,2013.6305851667055
30564,2013.6305851667055
30565,2013.6305851667055
30566,2013.6305851667055
30567,2013.6305851667055
30568,2013.6305851667055
30569,2013.6305851667055
30570,2013.6305851667055
30571,2013.6305851667055
30572,2013.6305851667055
30573,2013.6305851667055
30574,2013.6305851667055
30575,2013.6305851667055
30576,2013.6305851667055
30577,2013.6305851667055
30578,2013.6305851667055
30579,2013.6305851667055
30580,2013.6305851667055
30581,2013.6305851667055
30582,2013.6305851667055
30583,2013.6305851667055
30584,2013.6305851667055
30585,2013.6305851667055
30586,2013.6305851667055
30587,2013.6305851667055
30588,2013.6305851667055
30589,2013.6305851667055
30590,2013.6305851667055
30591,2013.6305851667055
30592,2013.6305851667055
30593,2013.6305851667055
30594,2013.6305851667055
30595,2013.6305851667055
30596,2013.6305851667055
30597,2013.6305851667055
30598,2013.6305851667055
30599,2013.6305851667055
30600,2013.6305851667055
30601,2013.6305851667055
30602,2013.6305851667055
30603,2013.6305851667055
30604,2013.6305851667055
30605,2013.6305851667055
30606,2013.6305851667055
30607,2013.6305851667055
30608,2013.6305851667055
30609,2013.6305851667055
30610,2013.6305851667055
30611,2013.6305851667055
30612,2013.6305851667055
30613,2013.6305851667055
30614,2013.6305851667055
30615,2013.6305851667055
30616,2013.6305851667055
30617,2013.6305851667055
30618,2013.6305851667055
30619,2013.6305851667055
30620,2013.6305851667055
30621,2013.6305851667055
30622,2013.6305851667055
30623,2013.6305851667055
30624,2013.6305851667055
30625,2013.6305851667055
30626,2013.6305851667055
30627,2013.6305851667055
30628,2013.6305851667055
30629,2013.6305851667055
30630,2013.6305851667055
30631,2013.6305851667055
30632,2013.6305851667055
30633,2013.6305851667055
30634,2013.6305851667055
30635,2013.6305851667055
30636,2013.6305851667055
30637,2013.6305851667055
30638,2013.6305851667055
30639,2013.6305851667055
30640,2013.6305851667055
30641,2013.6305851667055
30642,2013.6305851667055
30643,2013.6305851667055
30644,2013.6305851667055
30645,2013.6305851667055
30646,2013.6305851667055
30647,2013.6305851667055
30648,2013.6305851667055
30649,2013.6305851667055
30650,2013.6305851667055
30651,2013.6305851667055
30652,2013.6305851667055
30653,2013.6305851667055
30654,2013.6305851667055
30655,2013.6305851667055
30656,2013.6305851667055
30657,2013.6305851667055
30658,2013.6305851667055
30659,2013.6305851667055
30660,2013.6305851667055
30661,2013.6305851667055
30662,2013.6305851667055
30663,2013.6305851667055
30664,2013.6305851667055
30665,2013.6305851667055
30666,2013.6305851667055
30667,2013.6305851667055
30668,2013.6305851667055
30669,2013.6305851667055
30670,2013.6305851667055
30671,2013.6305851667055
30672,2013.6305851667055
30673,2013.6305851667055
30674,2013.6305851667055
30675,2013.6305851667055
30676,2013.6305851667055
30677,2013.6305851667055
30678,2013.6305851667055
30679,2013.6305851667055
30680,2013.6305851667055
30681,2013.6305851667055
30682,2013.6305851667055
30683,2013.6305851667055
30684,2013.6305851667055
30685,2013.6305851667055
30686,2013.6305851667055
30687,2013.6305851667055
30688,2013.6305851667055
30689,2013.6305851667055
30690,2013.6305851667055
30691,2013.6305851667055
30692,2013.6305851667055
30693,2013.6305851667055
30694,2013.6305851667055
30695,2013.6305851667055
30696,2013.6305851667055
30697,2013.6305851667055
30698,2013.6305851667055
30699,2013.6305851667055
30700,2013.6305851667055
30701,2013.6305851667055
30702,2013.6305851667055
30703,2013.6305851667055
30704,2013.6305851667055
30705,2013.6305851667055
30706,2013.6305851667055
30707,2013.6305851667055
30708,2013.6305851667055
30709,2013.6305851667055
30710,2013.6305851667055
30711,2013.6305851667055
30712,2013.6305851667055
30713,2013.6305851667055
30714,2013.6305851667055
30715,2013.6305851667055
30716,2013.6305851667055
30717,2013.6305851667055
30718,2013.6305851667055
30719,2013.6305851667055
30720,2013.6305851667055
30721,2013.6305851667055
30722,2013.6305851667055
30723,2013.6305851667055
30724,2013.6305851667055
30725,2013.6305851667055
30726,2013.6305851667055
30727,2013.6305851667055
30728,2013.6305851667055
30729,2013.6305851667055
30730,2013.6305851667055
30731,2013.6305851667055
30732,2013.6305851667055
30733,2013.6305851667055
30734,2013.6305851667055
30735,2013.6305851667055
30736,2013.6305851667055
30737,2013.6305851667055
30738,2013.6305851667055
30739,2013.6305851667055
30740,2013.6305851667055
30741,2013.6305851667055
30742,2013.6305851667055
30743,2013.6305851667055
30744,2013.6305851667055
30745,2013.6305851667055
30746,2013.6305851667055
30747,2013.6305851667055
30748,2013.6305851667055
30749,2013.6305851667055
30750,2013.6305851667055
30751,2013.6305851667055
30752,2013.6305851667055
30753,2013.6305851667055
30754,2013.6305851667055
30755,2013.6305851667055
30756,2013.6305851667055
30757,2013.6305851667055
30758,2013.6305851667055
30759,2013.6305851667055
30760,2013.6305851667055
30761,2013.6305851667055
30762,2013.6305851667055
30763,2013.6305851667055
30764,2013.6305851667055
30765,2013.6305851667055
30766,2013.6305851667055
30767,2013.6305851667055
30768,2013.6305851667055
30769,2013.6305851667055
30770,2013.6305851667055
30771,2013.6305851667055
30772,2013.6305851667055
30773,2013.6305851667055
30774,2013.6305851667055
30775,2013.6305851667055
30776,2013.6305851667055
30777,2013.6305851667055
30778,2013.6305851667055
30779,2013.6305851667055
30780,2013.6305851667055
30781,2013.6305851667055
30782,2013.6305851667055
30783,2013.6305851667055
30784,2013.6305851667055
30785,2013.6305851667055
30786,2013.6305851667055
30787,2013.6305851667055
30788,2013.6305851667055
30789,2013.6305851667055
30790,2013.6305851667055
30791,2013.6305851667055
30792,2013.6305851667055
30793,2013.6305851667055
30794,2013.6305851667055
30795,2013.6305851667055
30796,2013.6305851667055
30797,2013.6305851667055
30798,2013.6305851667055
30799,2013.6305851667055
30800,2013.6305851667055
30801,2013.6305851667055
30802,2013.6305851667055
30803,2013.6305851667055
30804,2013.6305851667055
30805,2013.6305851667055
30806,2013.6305851667055
30807,2013.6305851667055
30808,2013.6305851667055
30809,2013.6305851667055
30810,2013.6305851667055
30811,2013.6305851667055
30812,2013.6305851667055
30813,2013.6305851667055
30814,2013.6305851667055
30815,2013.6305851667055
30816,2013.6305851667055
30817,2013.6305851667055
30818,2013.6305851667055
30819,2013.6305851667055
30820,2013.6305851667055
30821,2013.6305851667055
30822,2013.6305851667055
30823,2013.6305851667055
30824,2013.6305851667055
30825,2013.6305851667055
30826,2013.6305851667055
30827,2013.6305851667055
30828,2013.6305851667055
30829,2013.6305851667055
30830,2013.6305851667055
30831,2013.6305851667055
30832,2013.6305851667055
30833,2013.6305851667055
30834,2013.6305851667055
30835,2013.6305851667055
30836,2013.6305851667055
30837,2013.6305851667055
30838,2013.6305851667055
30839,2013.6305851667055
30840,2013.6305851667055
30841,2013.6305851667055
30842,2013.6305851667055
30843,2013.6305851667055
30844,2013.6305851667055
30845,2013.6305851667055
30846,2013.6305851667055
30847,2013.6305851667055
30848,2013.6305851667055
30849,2013.6305851667055
30850,2013.6305851667055
30851,2013.6305851667055
30852,2013.6305851667055
30853,2013.6305851667055
30854,2013.6305851667055
30855,2013.6305851667055
30856,2013.6305851667055
30857,2013.6305851667055
30858,2013.6305851667055
30859,2013.6305851667055
30860,2013.6305851667055
30861,2013.6305851667055
30862,2013.6305851667055
30863,2013.6305851667055
30864,2013.6305851667055
30865,2013.6305851667055
30866,2013.6305851667055
30867,2013.6305851667055
30868,2013.6305851667055
30869,2013.6305851667055
30870,2013.6305851667055
30871,2013.6305851667055
30872,2013.6305851667055
30873,2013.6305851667055
30874,2013.6305851667055
30875,2013.6305851667055
30876,2013.6305851667055
30877,2013.6305851667055
30878,2013.6305851667055
30879,2013.6305851667055
30880,2013.6305851667055
30881,2013.6305851667055
30882,2013.6305851667055
30883,2013.6305851667055
30884,2013.6305851667055
30885,2013.6305851667055
30886,2013.6305851667055
30887,2013.6305851667055
30888,2013.6305851667055
30889,2013.6305851667055
30890,2013.6305851667055
30891,2013.6305851667055
30892,2013.6305851667055
30893,2013.6305851667055
30894,2013.6305851667055
30895,2013.6305851667055
30896,2013.6305851667055
30897,2013.6305851667055
30898,2013.6305851667055
30899,2013.6305851667055
30900,2013.6305851667055
30901,2013.6305851667055
30902,2013.6305851667055
30903,2013.6305851667055
30904,2013.6305851667055
30905,2013.6305851667055
30906,2013.6305851667055
30907,2013.6305851667055
30908,2013.6305851667055
30909,2013.6305851667055
30910,2013.6305851667055
30911,2013.6305851667055
30912,2013.6305851667055
30913,2013.6305851667055
30914,2013.6305851667055
30915,2013.6305851667055
30916,2013.6305851667055
30917,2013.6305851667055
30918,2013.6305851667055
30919,2013.6305851667055
30920,2013.6305851667055
30921,2013.6305851667055
30922,2013.6305851667055
30923,2013.6305851667055
30924,2013.6305851667055
30925,2013.6305851667055
30926,2013.6305851667055
30927,2013.6305851667055
30928,2013.6305851667055
30929,2013.6305851667055
30930,2013.6305851667055
30931,2013.6305851667055
30932,2013.6305851667055
30933,2013.6305851667055
30934,2013.6305851667055
30935,2013.6305851667055
30936,2013.6305851667055
30937,2013.6305851667055
30938,2013.6305851667055
30939,2013.6305851667055
30940,2013.6305851667055
30941,2013.6305851667055
30942,2013.6305851667055
30943,2013.6305851667055
30944,2013.6305851667055
30945,2013.6305851667055
30946,2013.6305851667055
30947,2013.6305851667055
30948,2013.6305851667055
30949,2013.6305851667055
30950,2013.6305851667055
30951,2013.6305851667055
30952,2013.6305851667055
30953,2013.6305851667055
30954,2013.6305851667055
30955,2013.6305851667055
30956,2013.6305851667055
30957,2013.6305851667055
30958,2013.6305851667055
30959,2013.6305851667055
30960,2013.6305851667055
30961,2013.6305851667055
30962,2013.6305851667055
30963,2013.6305851667055
30964,2013.6305851667055
30965,2013.6305851667055
30966,2013.6305851667055
30967,2013.6305851667055
30968,2013.6305851667055
30969,2013.6305851667055
30970,2013.6305851667055
30971,2013.6305851667055
30972,2013.6305851667055
30973,2013.6305851667055
30974,2013.6305851667055
30975,2013.6305851667055
30976,2013.6305851667055
30977,2013.6305851667055
30978,2013.6305851667055
30979,2013.6305851667055
30980,2013.6305851667055
30981,2013.6305851667055
30982,2013.6305851667055
30983,2013.6305851667055
30984,2013.6305851667055
30985,2013.6305851667055
30986,2013.6305851667055
30987,2013.6305851667055
30988,2013.6305851667055
30989,2013.6305851667055
30990,2013.6305851667055
30991,2013.6305851667055
30992,2013.6305851667055
30993,2013.6305851667055
30994,2013.6305851667055
30995,2013.6305851667055
30996,2013.6305851667055
30997,2013.6305851667055
30998,2013.6305851667055
30999,2013.6305851667055
31000,2013.6305851667055
31001,2013.6305851667055
31002,2013.6305851667055
31003,2013.6305851667055
31004,2013.6305851667055
31005,2013.6305851667055
31006,2013.6305851667055
31007,2013.6305851667055
31008,2013.6305851667055
31009,2013.6305851667055
31010,2013.6305851667055
31011,2013.6305851667055
31012,2013.6305851667055
31013,2013.6305851667055
31014,2013.6305851667055
31015,2013.6305851667055
31016,2013.6305851667055
31017,2013.6305851667055
31018,2013.6305851667055
31019,2013.6305851667055
31020,2013.6305851667055
31021,2013.6305851667055
31022,2013.6305851667055
31023,2013.6305851667055
31024,2013.6305851667055
31025,2013.6305851667055
31026,2013.6305851667055
31027,2013.6305851667055
31028,2013.6305851667055
31029,2013.6305851667055
31030,2013.6305851667055
31031,2013.6305851667055
31032,2013.6305851667055
31033,2013.6305851667055
31034,2013.6305851667055
31035,2013.6305851667055
31036,2013.6305851667055
31037,2013.6305851667055
31038,2013.6305851667055
31039,2013.6305851667055
31040,2013.6305851667055
31041,2013.6305851667055
31042,2013.6305851667055
31043,2013.6305851667055
31044,2013.6305851667055
31045,2013.6305851667055
31046,2013.6305851667055
31047,2013.6305851667055
31048,2013.6305851667055
31049,2013.6305851667055
31050,2013.6305851667055
31051,2013.6305851667055
31052,2013.6305851667055
31053,2013.6305851667055
31054,2013.6305851667055
31055,2013.6305851667055
31056,2013.6305851667055
31057,2013.6305851667055
31058,2013.6305851667055
31059,2013.6305851667055
31060,2013.6305851667055
31061,2013.6305851667055
31062,2013.6305851667055
31063,2013.6305851667055
31064,2013.6305851667055
31065,2013.6305851667055
31066,2013.6305851667055
31067,2013.6305851667055
31068,2013.6305851667055
31069,2013.6305851667055
31070,2013.6305851667055
31071,2013.6305851667055
31072,2013.6305851667055
31073,2013.6305851667055
31074,2013.6305851667055
31075,2013.6305851667055
31076,2013.6305851667055
31077,2013.6305851667055
31078,2013.6305851667055
31079,2013.6305851667055
31080,2013.6305851667055
31081,2013.6305851667055
31082,2013.6305851667055
31083,2013.6305851667055
31084,2013.6305851667055
31085,2013.6305851667055
31086,2013.6305851667055
31087,2013.6305851667055
31088,2013.6305851667055
31089,2013.6305851667055
31090,2013.6305851667055
31091,2013.6305851667055
31092,2013.6305851667055
31093,2013.6305851667055
31094,2013.6305851667055
31095,2013.6305851667055
31096,2013.6305851667055
31097,2013.6305851667055
31098,2013.6305851667055
31099,2013.6305851667055
31100,2013.6305851667055
31101,2013.6305851667055
31102,2013.6305851667055
31103,2013.6305851667055
31104,2013.6305851667055
31105,2013.6305851667055
31106,2013.6305851667055
31107,2013.6305851667055
31108,2013.6305851667055
31109,2013.6305851667055
31110,2013.6305851667055
31111,2013.6305851667055
31112,2013.6305851667055
31113,2013.6305851667055
31114,2013.6305851667055
31115,2013.6305851667055
31116,2013.6305851667055
31117,2013.6305851667055
31118,2013.6305851667055
31119,2013.6305851667055
31120,2013.6305851667055
31121,2013.6305851667055
31122,2013.6305851667055
31123,2013.6305851667055
31124,2013.6305851667055
31125,2013.6305851667055
31126,2013.6305851667055
31127,2013.6305851667055
31128,2013.6305851667055
31129,2013.6305851667055
31130,2013.6305851667055
31131,2013.6305851667055
31132,2013.6305851667055
31133,2013.6305851667055
31134,2013.6305851667055
31135,2013.6305851667055
31136,2013.6305851667055
31137,2013.6305851667055
31138,2013.6305851667055
31139,2013.6305851667055
31140,2013.6305851667055
31141,2013.6305851667055
31142,2013.6305851667055
31143,2013.6305851667055
31144,2013.6305851667055
31145,2013.6305851667055
31146,2013.6305851667055
31147,2013.6305851667055
31148,2013.6305851667055
31149,2013.6305851667055
31150,2013.6305851667055
31151,2013.6305851667055
31152,2013.6305851667055
31153,2013.6305851667055
31154,2013.6305851667055
31155,2013.6305851667055
31156,2013.6305851667055
31157,2013.6305851667055
31158,2013.6305851667055
31159,2013.6305851667055
31160,2013.6305851667055
31161,2013.6305851667055
31162,2013.6305851667055
31163,2013.6305851667055
31164,2013.6305851667055
31165,2013.6305851667055
31166,2013.6305851667055
31167,2013.6305851667055
31168,2013.6305851667055
31169,2013.6305851667055
31170,2013.6305851667055
31171,2013.6305851667055
31172,2013.6305851667055
31173,2013.6305851667055
31174,2013.6305851667055
31175,2013.6305851667055
31176,2013.6305851667055
31177,2013.6305851667055
31178,2013.6305851667055
31179,2013.6305851667055
31180,2013.6305851667055
31181,2013.6305851667055
31182,2013.6305851667055
31183,2013.6305851667055
31184,2013.6305851667055
31185,2013.6305851667055
31186,2013.6305851667055
31187,2013.6305851667055
31188,2013.6305851667055
31189,2013.6305851667055
31190,2013.6305851667055
31191,2013.6305851667055
31192,2013.6305851667055
31193,2013.6305851667055
31194,2013.6305851667055
31195,2013.6305851667055
31196,2013.6305851667055
31197,2013.6305851667055
31198,2013.6305851667055
31199,2013.6305851667055
31200,2013.6305851667055
31201,2013.6305851667055
31202,2013.6305851667055
31203,2013.6305851667055
31204,2013.6305851667055
31205,2013.6305851667055
31206,2013.6305851667055
31207,2013.6305851667055
31208,2013.6305851667055
31209,2013.6305851667055
31210,2013.6305851667055
31211,2013.6305851667055
31212,2013.6305851667055
31213,2013.6305851667055
31214,2013.6305851667055
31215,2013.6305851667055
31216,2013.6305851667055
31217,2013.6305851667055
31218,2013.6305851667055
31219,2013.6305851667055
31220,2013.6305851667055
31221,2013.6305851667055
31222,2013.6305851667055
31223,2013.6305851667055
31224,2013.6305851667055
31225,2013.6305851667055
31226,2013.6305851667055
31227,2013.6305851667055
31228,2013.6305851667055
31229,2013.6305851667055
31230,2013.6305851667055
31231,2013.6305851667055
31232,2013.6305851667055
31233,2013.6305851667055
31234,2013.6305851667055
31235,2013.6305851667055
31236,2013.6305851667055
31237,2013.6305851667055
31238,2013.6305851667055
31239,2013.6305851667055
31240,2013.6305851667055
31241,2013.6305851667055
31242,2013.6305851667055
31243,2013.6305851667055
31244,2013.6305851667055
31245,2013.6305851667055
31246,2013.6305851667055
31247,2013.6305851667055
31248,2013.6305851667055
31249,2013.6305851667055
31250,2013.6305851667055
31251,2013.6305851667055
31252,2013.6305851667055
31253,2013.6305851667055
31254,2013.6305851667055
31255,2013.6305851667055
31256,2013.6305851667055
31257,2013.6305851667055
31258,2013.6305851667055
31259,2013.6305851667055
31260,2013.6305851667055
31261,2013.6305851667055
31262,2013.6305851667055
31263,2013.6305851667055
31264,2013.6305851667055
31265,2013.6305851667055
31266,2013.6305851667055
31267,2013.6305851667055
31268,2013.6305851667055
31269,2013.6305851667055
31270,2013.6305851667055
31271,2013.6305851667055
31272,2013.6305851667055
31273,2013.6305851667055
31274,2013.6305851667055
31275,2013.6305851667055
31276,2013.6305851667055
31277,2013.6305851667055
31278,2013.6305851667055
31279,2013.6305851667055
31280,2013.6305851667055
31281,2013.6305851667055
31282,2013.6305851667055
31283,2013.6305851667055
31284,2013.6305851667055
31285,2013.6305851667055
31286,2013.6305851667055
31287,2013.6305851667055
31288,2013.6305851667055
31289,2013.6305851667055
31290,2013.6305851667055
31291,2013.6305851667055
31292,2013.6305851667055
31293,2013.6305851667055
31294,2013.6305851667055
31295,2013.6305851667055
31296,2013.6305851667055
31297,2013.6305851667055
31298,2013.6305851667055
31299,2013.6305851667055
31300,2013.6305851667055
31301,2013.6305851667055
31302,2013.6305851667055
31303,2013.6305851667055
31304,2013.6305851667055
31305,2013.6305851667055
31306,2013.6305851667055
31307,2013.6305851667055
31308,2013.6305851667055
31309,2013.6305851667055
31310,2013.6305851667055
31311,2013.6305851667055
31312,2013.6305851667055
31313,2013.6305851667055
31314,2013.6305851667055
31315,2013.6305851667055
31316,2013.6305851667055
31317,2013.6305851667055
31318,2013.6305851667055
31319,2013.6305851667055
31320,2013.6305851667055
31321,2013.6305851667055
31322,2013.6305851667055
31323,2013.6305851667055
31324,2013.6305851667055
31325,2013.6305851667055
31326,2013.6305851667055
31327,2013.6305851667055
31328,2013.6305851667055
31329,2013.6305851667055
31330,2013.6305851667055
31331,2013.6305851667055
31332,2013.6305851667055
31333,2013.6305851667055
31334,2013.6305851667055
31335,2013.6305851667055
31336,2013.6305851667055
31337,2013.6305851667055
31338,2013.6305851667055
31339,2013.6305851667055
31340,2013.6305851667055
31341,2013.6305851667055
31342,2013.6305851667055
31343,2013.6305851667055
31344,2013.6305851667055
31345,2013.6305851667055
31346,2013.6305851667055
31347,2013.6305851667055
31348,2013.6305851667055
31349,2013.6305851667055
31350,2013.6305851667055
31351,2013.6305851667055
31352,2013.6305851667055
31353,2013.6305851667055
31354,2013.6305851667055
31355,2013.6305851667055
31356,2013.6305851667055
31357,2013.6305851667055
31358,2013.6305851667055
31359,2013.6305851667055
31360,2013.6305851667055
31361,2013.6305851667055
31362,2013.6305851667055
31363,2013.6305851667055
31364,2013.6305851667055
31365,2013.6305851667055
31366,2013.6305851667055
31367,2013.6305851667055
31368,2013.6305851667055
31369,2013.6305851667055
31370,2013.6305851667055
31371,2013.6305851667055
31372,2013.6305851667055
31373,2013.6305851667055
31374,2013.6305851667055
31375,2013.6305851667055
31376,2013.6305851667055
31377,2013.6305851667055
31378,2013.6305851667055
31379,2013.6305851667055
31380,2013.6305851667055
31381,2013.6305851667055
31382,2013.6305851667055
31383,2013.6305851667055
31384,2013.6305851667055
31385,2013.6305851667055
31386,2013.6305851667055
31387,2013.6305851667055
31388,2013.6305851667055
31389,2013.6305851667055
31390,2013.6305851667055
31391,2013.6305851667055
31392,2013.6305851667055
31393,2013.6305851667055
31394,2013.6305851667055
31395,2013.6305851667055
31396,2013.6305851667055
31397,2013.6305851667055
31398,2013.6305851667055
31399,2013.6305851667055
31400,2013.6305851667055
31401,2013.6305851667055
31402,2013.6305851667055
31403,2013.6305851667055
31404,2013.6305851667055
31405,2013.6305851667055
31406,2013.6305851667055
31407,2013.6305851667055
31408,2013.6305851667055
31409,2013.6305851667055
31410,2013.6305851667055
31411,2013.6305851667055
31412,2013.6305851667055
31413,2013.6305851667055
31414,2013.6305851667055
31415,2013.6305851667055
31416,2013.6305851667055
31417,2013.6305851667055
31418,2013.6305851667055
31419,2013.6305851667055
31420,2013.6305851667055
31421,2013.6305851667055
31422,2013.6305851667055
31423,2013.6305851667055
31424,2013.6305851667055
31425,2013.6305851667055
31426,2013.6305851667055
31427,2013.6305851667055
31428,2013.6305851667055
31429,2013.6305851667055
31430,2013.6305851667055
31431,2013.6305851667055
31432,2013.6305851667055
31433,2013.6305851667055
31434,2013.6305851667055
31435,2013.6305851667055
31436,2013.6305851667055
31437,2013.6305851667055
31438,2013.6305851667055
31439,2013.6305851667055
31440,2013.6305851667055
31441,2013.6305851667055
31442,2013.6305851667055
31443,2013.6305851667055
31444,2013.6305851667055
31445,2013.6305851667055
31446,2013.6305851667055
31447,2013.6305851667055
31448,2013.6305851667055
31449,2013.6305851667055
31450,2013.6305851667055
31451,2013.6305851667055
31452,2013.6305851667055
31453,2013.6305851667055
31454,2013.6305851667055
31455,2013.6305851667055
31456,2013.6305851667055
31457,2013.6305851667055
31458,2013.6305851667055
31459,2013.6305851667055
31460,2013.6305851667055
31461,2013.6305851667055
31462,2013.6305851667055
31463,2013.6305851667055
31464,2013.6305851667055
31465,2013.6305851667055
31466,2013.6305851667055
31467,2013.6305851667055
31468,2013.6305851667055
31469,2013.6305851667055
31470,2013.6305851667055
31471,2013.6305851667055
31472,2013.6305851667055
31473,2013.6305851667055
31474,2013.6305851667055
31475,2013.6305851667055
31476,2013.6305851667055
31477,2013.6305851667055
31478,2013.6305851667055
31479,2013.6305851667055
31480,2013.6305851667055
31481,2013.6305851667055
31482,2013.6305851667055
31483,2013.6305851667055
31484,2013.6305851667055
31485,2013.6305851667055
31486,2013.6305851667055
31487,2013.6305851667055
31488,2013.6305851667055
31489,2013.6305851667055
31490,2013.6305851667055
31491,2013.6305851667055
31492,2013.6305851667055
31493,2013.6305851667055
31494,2013.6305851667055
31495,2013.6305851667055
31496,2013.6305851667055
31497,2013.6305851667055
31498,2013.6305851667055
31499,2013.6305851667055
31500,2013.6305851667055
31501,2013.6305851667055
31502,2013.6305851667055
31503,2013.6305851667055
31504,2013.6305851667055
31505,2013.6305851667055
31506,2013.6305851667055
31507,2013.6305851667055
31508,2013.6305851667055
31509,2013.6305851667055
31510,2013.6305851667055
31511,2013.6305851667055
31512,2013.6305851667055
31513,2013.6305851667055
31514,2013.6305851667055
31515,2013.6305851667055
31516,2013.6305851667055
31517,2013.6305851667055
31518,2013.6305851667055
31519,2013.6305851667055
31520,2013.6305851667055
31521,2013.6305851667055
31522,2013.6305851667055
31523,2013.6305851667055
31524,2013.6305851667055
31525,2013.6305851667055
31526,2013.6305851667055
31527,2013.6305851667055
31528,2013.6305851667055
31529,2013.6305851667055
31530,2013.6305851667055
31531,2013.6305851667055
31532,2013.6305851667055
31533,2013.6305851667055
31534,2013.6305851667055
31535,2013.6305851667055
31536,2013.6305851667055
31537,2013.6305851667055
31538,2013.6305851667055
31539,2013.6305851667055
31540,2013.6305851667055
31541,2013.6305851667055
31542,2013.6305851667055
31543,2013.6305851667055
31544,2013.6305851667055
31545,2013.6305851667055
31546,2013.6305851667055
31547,2013.6305851667055
31548,2013.6305851667055
31549,2013.6305851667055
31550,2013.6305851667055
31551,2013.6305851667055
31552,2013.6305851667055
31553,2013.6305851667055
31554,2013.6305851667055
31555,2013.6305851667055
31556,2013.6305851667055
31557,2013.6305851667055
31558,2013.6305851667055
31559,2013.6305851667055
31560,2013.6305851667055
31561,2013.6305851667055
31562,2013.6305851667055
31563,2013.6305851667055
31564,2013.6305851667055
31565,2013.6305851667055
31566,2013.6305851667055
31567,2013.6305851667055
31568,2013.6305851667055
31569,2013.6305851667055
31570,2013.6305851667055
31571,2013.6305851667055
31572,2013.6305851667055
31573,2013.6305851667055
31574,2013.6305851667055
31575,2013.6305851667055
31576,2013.6305851667055
31577,2013.6305851667055
31578,2013.6305851667055
31579,2013.6305851667055
31580,2013.6305851667055
31581,2013.6305851667055
31582,2013.6305851667055
31583,2013.6305851667055
31584,2013.6305851667055
31585,2013.6305851667055
31586,2013.6305851667055
31587,2013.6305851667055
31588,2013.6305851667055
31589,2013.6305851667055
31590,2013.6305851667055
31591,2013.6305851667055
31592,2013.6305851667055
31593,2013.6305851667055
31594,2013.6305851667055
31595,2013.6305851667055
31596,2013.6305851667055
31597,2013.6305851667055
31598,2013.6305851667055
31599,2013.6305851667055
31600,2013.6305851667055
31601,2013.6305851667055
31602,2013.6305851667055
31603,2013.6305851667055
31604,2013.6305851667055
31605,2013.6305851667055
31606,2013.6305851667055
31607,2013.6305851667055
31608,2013.6305851667055
31609,2013.6305851667055
31610,2013.6305851667055
31611,2013.6305851667055
31612,2013.6305851667055
31613,2013.6305851667055
31614,2013.6305851667055
31615,2013.6305851667055
31616,2013.6305851667055
31617,2013.6305851667055
31618,2013.6305851667055
31619,2013.6305851667055
31620,2013.6305851667055
31621,2013.6305851667055
31622,2013.6305851667055
31623,2013.6305851667055
31624,2013.6305851667055
31625,2013.6305851667055
31626,2013.6305851667055
31627,2013.6305851667055
31628,2013.6305851667055
31629,2013.6305851667055
31630,2013.6305851667055
31631,2013.6305851667055
31632,2013.6305851667055
31633,2013.6305851667055
31634,2013.6305851667055
31635,2013.6305851667055
31636,2013.6305851667055
31637,2013.6305851667055
31638,2013.6305851667055
31639,2013.6305851667055
31640,2013.6305851667055
31641,2013.6305851667055
31642,2013.6305851667055
31643,2013.6305851667055
31644,2013.6305851667055
31645,2013.6305851667055
31646,2013.6305851667055
31647,2013.6305851667055
31648,2013.6305851667055
31649,2013.6305851667055
31650,2013.6305851667055
31651,2013.6305851667055
31652,2013.6305851667055
31653,2013.6305851667055
31654,2013.6305851667055
31655,2013.6305851667055
31656,2013.6305851667055
31657,2013.6305851667055
31658,2013.6305851667055
31659,2013.6305851667055
31660,2013.6305851667055
31661,2013.6305851667055
31662,2013.6305851667055
31663,2013.6305851667055
31664,2013.6305851667055
31665,2013.6305851667055
31666,2013.6305851667055
31667,2013.6305851667055
31668,2013.6305851667055
31669,2013.6305851667055
31670,2013.6305851667055
31671,2013.6305851667055
31672,2013.6305851667055
31673,2013.6305851667055
31674,2013.6305851667055
31675,2013.6305851667055
31676,2013.6305851667055
31677,2013.6305851667055
31678,2013.6305851667055
31679,2013.6305851667055
31680,2013.6305851667055
31681,2013.6305851667055
31682,2013.6305851667055
31683,2013.6305851667055
31684,2013.6305851667055
31685,2013.6305851667055
31686,2013.6305851667055
31687,2013.6305851667055
31688,2013.6305851667055
31689,2013.6305851667055
31690,2013.6305851667055
31691,2013.6305851667055
31692,2013.6305851667055
31693,2013.6305851667055
31694,2013.6305851667055
31695,2013.6305851667055
31696,2013.6305851667055
31697,2013.6305851667055
31698,2013.6305851667055
31699,2013.6305851667055
31700,2013.6305851667055
31701,2013.6305851667055
31702,2013.6305851667055
31703,2013.6305851667055
31704,2013.6305851667055
31705,2013.6305851667055
31706,2013.6305851667055
31707,2013.6305851667055
31708,2013.6305851667055
31709,2013.6305851667055
31710,2013.6305851667055
31711,2013.6305851667055
31712,2013.6305851667055
31713,2013.6305851667055
31714,2013.6305851667055
31715,2013.6305851667055
31716,2013.6305851667055
31717,2013.6305851667055
31718,2013.6305851667055
31719,2013.6305851667055
31720,2013.6305851667055
31721,2013.6305851667055
31722,2013.6305851667055
31723,2013.6305851667055
31724,2013.6305851667055
31725,2013.6305851667055
31726,2013.6305851667055
31727,2013.6305851667055
31728,2013.6305851667055
31729,2013.6305851667055
31730,2013.6305851667055
31731,2013.6305851667055
31732,2013.6305851667055
31733,2013.6305851667055
31734,2013.6305851667055
31735,2013.6305851667055
31736,2013.6305851667055
31737,2013.6305851667055
31738,2013.6305851667055
31739,2013.6305851667055
31740,2013.6305851667055
31741,2013.6305851667055
31742,2013.6305851667055
31743,2013.6305851667055
31744,2013.6305851667055
31745,2013.6305851667055
31746,2013.6305851667055
31747,2013.6305851667055
31748,2013.6305851667055
31749,2013.6305851667055
31750,2013.6305851667055
31751,2013.6305851667055
31752,2013.6305851667055
31753,2013.6305851667055
31754,2013.6305851667055
31755,2013.6305851667055
31756,2013.6305851667055
31757,2013.6305851667055
31758,2013.6305851667055
31759,2013.6305851667055
31760,2013.6305851667055
31761,2013.6305851667055
31762,2013.6305851667055
31763,2013.6305851667055
31764,2013.6305851667055
31765,2013.6305851667055
31766,2013.6305851667055
31767,2013.6305851667055
31768,2013.6305851667055
31769,2013.6305851667055
31770,2013.6305851667055
31771,2013.6305851667055
31772,2013.6305851667055
31773,2013.6305851667055
31774,2013.6305851667055
31775,2013.6305851667055
31776,2013.6305851667055
31777,2013.6305851667055
31778,2013.6305851667055
31779,2013.6305851667055
31780,2013.6305851667055
31781,2013.6305851667055
31782,2013.6305851667055
31783,2013.6305851667055
31784,2013.6305851667055
31785,2013.6305851667055
31786,2013.6305851667055
31787,2013.6305851667055
31788,2013.6305851667055
31789,2013.6305851667055
31790,2013.6305851667055
31791,2013.6305851667055
31792,2013.6305851667055
31793,2013.6305851667055
31794,2013.6305851667055
31795,2013.6305851667055
31796,2013.6305851667055
31797,2013.6305851667055
31798,2013.6305851667055
31799,2013.6305851667055
31800,2013.6305851667055
31801,2013.6305851667055
31802,2013.6305851667055
31803,2013.6305851667055
31804,2013.6305851667055
31805,2013.6305851667055
31806,2013.6305851667055
31807,2013.6305851667055
31808,2013.6305851667055
31809,2013.6305851667055
31810,2013.6305851667055
31811,2013.6305851667055
31812,2013.6305851667055
31813,2013.6305851667055
31814,2013.6305851667055
31815,2013.6305851667055
31816,2013.6305851667055
31817,2013.6305851667055
31818,2013.6305851667055
31819,2013.6305851667055
31820,2013.6305851667055
31821,2013.6305851667055
31822,2013.6305851667055
31823,2013.6305851667055
31824,2013.6305851667055
31825,2013.6305851667055
31826,2013.6305851667055
31827,2013.6305851667055
31828,2013.6305851667055
31829,2013.6305851667055
31830,2013.6305851667055
31831,2013.6305851667055
31832,2013.6305851667055
31833,2013.6305851667055
31834,2013.6305851667055
31835,2013.6305851667055
31836,2013.6305851667055
31837,2013.6305851667055
31838,2013.6305851667055
31839,2013.6305851667055
31840,2013.6305851667055
31841,2013.6305851667055
31842,2013.6305851667055
31843,2013.6305851667055
31844,2013.6305851667055
31845,2013.6305851667055
31846,2013.6305851667055
31847,2013.6305851667055
31848,2013.6305851667055
31849,2013.6305851667055
31850,2013.6305851667055
31851,2013.6305851667055
31852,2013.6305851667055
31853,2013.6305851667055
31854,2013.6305851667055
31855,2013.6305851667055
31856,2013.6305851667055
31857,2013.6305851667055
31858,2013.6305851667055
31859,2013.6305851667055
31860,2013.6305851667055
31861,2013.6305851667055
31862,2013.6305851667055
31863,2013.6305851667055
31864,2013.6305851667055
31865,2013.6305851667055
31866,2013.6305851667055
31867,2013.6305851667055
31868,2013.6305851667055
31869,2013.6305851667055
31870,2013.6305851667055
31871,2013.6305851667055
31872,2013.6305851667055
31873,2013.6305851667055
31874,2013.6305851667055
31875,2013.6305851667055
31876,2013.6305851667055
31877,2013.6305851667055
31878,2013.6305851667055
31879,2013.6305851667055
31880,2013.6305851667055
31881,2013.6305851667055
31882,2013.6305851667055
31883,2013.6305851667055
31884,2013.6305851667055
31885,2013.6305851667055
31886,2013.6305851667055
31887,2013.6305851667055
31888,2013.6305851667055
31889,2013.6305851667055
31890,2013.6305851667055
31891,2013.6305851667055
31892,2013.6305851667055
31893,2013.6305851667055
31894,2013.6305851667055
31895,2013.6305851667055
31896,2013.6305851667055
31897,2013.6305851667055
31898,2013.6305851667055
31899,2013.6305851667055
31900,2013.6305851667055
31901,2013.6305851667055
31902,2013.6305851667055
31903,2013.6305851667055
31904,2013.6305851667055
31905,2013.6305851667055
31906,2013.6305851667055
31907,2013.6305851667055
31908,2013.6305851667055
31909,2013.6305851667055
31910,2013.6305851667055
31911,2013.6305851667055
31912,2013.6305851667055
31913,2013.6305851667055
31914,2013.6305851667055
31915,2013.6305851667055
31916,2013.6305851667055
31917,2013.6305851667055
31918,2013.6305851667055
31919,2013.6305851667055
31920,2013.6305851667055
31921,2013.6305851667055
31922,2013.6305851667055
31923,2013.6305851667055
31924,2013.6305851667055
31925,2013.6305851667055
31926,2013.6305851667055
31927,2013.6305851667055
31928,2013.6305851667055
31929,2013.6305851667055
31930,2013.6305851667055
31931,2013.6305851667055
31932,2013.6305851667055
31933,2013.6305851667055
31934,2013.6305851667055
31935,2013.6305851667055
31936,2013.6305851667055
31937,2013.6305851667055
31938,2013.6305851667055
31939,2013.6305851667055
31940,2013.6305851667055
31941,2013.6305851667055
31942,2013.6305851667055
31943,2013.6305851667055
31944,2013.6305851667055
31945,2013.6305851667055
31946,2013.6305851667055
31947,2013.6305851667055
31948,2013.6305851667055
31949,2013.6305851667055
31950,2013.6305851667055
31951,2013.6305851667055
31952,2013.6305851667055
31953,2013.6305851667055
31954,2013.6305851667055
31955,2013.6305851667055
31956,2013.6305851667055
31957,2013.6305851667055
31958,2013.6305851667055
31959,2013.6305851667055
31960,2013.6305851667055
31961,2013.6305851667055
31962,2013.6305851667055
31963,2013.6305851667055
31964,2013.6305851667055
31965,2013.6305851667055
31966,2013.6305851667055
31967,2013.6305851667055
31968,2013.6305851667055
31969,2013.6305851667055
31970,2013.6305851667055
31971,2013.6305851667055
31972,2013.6305851667055
31973,2013.6305851667055
31974,2013.6305851667055
31975,2013.6305851667055
31976,2013.6305851667055
31977,2013.6305851667055
31978,2013.6305851667055
31979,2013.6305851667055
31980,2013.6305851667055
31981,2013.6305851667055
31982,2013.6305851667055
31983,2013.6305851667055
31984,2013.6305851667055
31985,2013.6305851667055
31986,2013.6305851667055
31987,2013.6305851667055
31988,2013.6305851667055
31989,2013.6305851667055
31990,2013.6305851667055
31991,2013.6305851667055
31992,2013.6305851667055
31993,2013.6305851667055
31994,2013.6305851667055
31995,2013.6305851667055
31996,2013.6305851667055
31997,2013.6305851667055
31998,2013.6305851667055
31999,2013.6305851667055
32000,2013.6305851667055
32001,2013.6305851667055
32002,2013.6305851667055
32003,2013.6305851667055
32004,2013.6305851667055
32005,2013.6305851667055
32006,2013.6305851667055
32007,2013.6305851667055
32008,2013.6305851667055
32009,2013.6305851667055
32010,2013.6305851667055
32011,2013.6305851667055
32012,2013.6305851667055
32013,2013.6305851667055
32014,2013.6305851667055
32015,2013.6305851667055
32016,2013.6305851667055
32017,2013.6305851667055
32018,2013.6305851667055
32019,2013.6305851667055
32020,2013.6305851667055
32021,2013.6305851667055
32022,2013.6305851667055
32023,2013.6305851667055
32024,2013.6305851667055
32025,2013.6305851667055
32026,2013.6305851667055
32027,2013.6305851667055
32028,2013.6305851667055
32029,2013.6305851667055
32030,2013.6305851667055
32031,2013.6305851667055
32032,2013.6305851667055
32033,2013.6305851667055
32034,2013.6305851667055
32035,2013.6305851667055
32036,2013.6305851667055
32037,2013.6305851667055
32038,2013.6305851667055
32039,2013.6305851667055
32040,2013.6305851667055
32041,2013.6305851667055
32042,2013.6305851667055
32043,2013.6305851667055
32044,2013.6305851667055
32045,2013.6305851667055
32046,2013.6305851667055
32047,2013.6305851667055
32048,2013.6305851667055
32049,2013.6305851667055
32050,2013.6305851667055
32051,2013.6305851667055
32052,2013.6305851667055
32053,2013.6305851667055
32054,2013.6305851667055
32055,2013.6305851667055
32056,2013.6305851667055
32057,2013.6305851667055
32058,2013.6305851667055
32059,2013.6305851667055
32060,2013.6305851667055
32061,2013.6305851667055
32062,2013.6305851667055
32063,2013.6305851667055
32064,2013.6305851667055
32065,2013.6305851667055
32066,2013.6305851667055
32067,2013.6305851667055
32068,2013.6305851667055
32069,2013.6305851667055
32070,2013.6305851667055
32071,2013.6305851667055
32072,2013.6305851667055
32073,2013.6305851667055
32074,2013.6305851667055
32075,2013.6305851667055
32076,2013.6305851667055
32077,2013.6305851667055
32078,2013.6305851667055
32079,2013.6305851667055
32080,2013.6305851667055
32081,2013.6305851667055
32082,2013.6305851667055
32083,2013.6305851667055
32084,2013.6305851667055
32085,2013.6305851667055
32086,2013.6305851667055
32087,2013.6305851667055
32088,2013.6305851667055
32089,2013.6305851667055
32090,2013.6305851667055
32091,2013.6305851667055
32092,2013.6305851667055
32093,2013.6305851667055
32094,2013.6305851667055
32095,2013.6305851667055
32096,2013.6305851667055
32097,2013.6305851667055
32098,2013.6305851667055
32099,2013.6305851667055
32100,2013.6305851667055
32101,2013.6305851667055
32102,2013.6305851667055
32103,2013.6305851667055
32104,2013.6305851667055
32105,2013.6305851667055
32106,2013.6305851667055
32107,2013.6305851667055
32108,2013.6305851667055
32109,2013.6305851667055
32110,2013.6305851667055
32111,2013.6305851667055
32112,2013.6305851667055
32113,2013.6305851667055
32114,2013.6305851667055
32115,2013.6305851667055
32116,2013.6305851667055
32117,2013.6305851667055
32118,2013.6305851667055
32119,2013.6305851667055
32120,2013.6305851667055
32121,2013.6305851667055
32122,2013.6305851667055
32123,2013.6305851667055
32124,2013.6305851667055
32125,2013.6305851667055
32126,2013.6305851667055
32127,2013.6305851667055
32128,2013.6305851667055
32129,2013.6305851667055
32130,2013.6305851667055
32131,2013.6305851667055
32132,2013.6305851667055
32133,2013.6305851667055
32134,2013.6305851667055
32135,2013.6305851667055
32136,2013.6305851667055
32137,2013.6305851667055
32138,2013.6305851667055
32139,2013.6305851667055
32140,2013.6305851667055
32141,2013.6305851667055
32142,2013.6305851667055
32143,2013.6305851667055
32144,2013.6305851667055
32145,2013.6305851667055
32146,2013.6305851667055
32147,2013.6305851667055
32148,2013.6305851667055
32149,2013.6305851667055
32150,2013.6305851667055
32151,2013.6305851667055
32152,2013.6305851667055
32153,2013.6305851667055
32154,2013.6305851667055
32155,2013.6305851667055
32156,2013.6305851667055
32157,2013.6305851667055
32158,2013.6305851667055
32159,2013.6305851667055
32160,2013.6305851667055
32161,2013.6305851667055
32162,2013.6305851667055
32163,2013.6305851667055
32164,2013.6305851667055
32165,2013.6305851667055
32166,2013.6305851667055
32167,2013.6305851667055
32168,2013.6305851667055
32169,2013.6305851667055
32170,2013.6305851667055
32171,2013.6305851667055
32172,2013.6305851667055
32173,2013.6305851667055
32174,2013.6305851667055
32175,2013.6305851667055
32176,2013.6305851667055
32177,2013.6305851667055
32178,2013.6305851667055
32179,2013.6305851667055
32180,2013.6305851667055
32181,2013.6305851667055
32182,2013.6305851667055
32183,2013.6305851667055
32184,2013.6305851667055
32185,2013.6305851667055
32186,2013.6305851667055
32187,2013.6305851667055
32188,2013.6305851667055
32189,2013.6305851667055
32190,2013.6305851667055
32191,2013.6305851667055
32192,2013.6305851667055
32193,2013.6305851667055
32194,2013.6305851667055
32195,2013.6305851667055
32196,2013.6305851667055
32197,2013.6305851667055
32198,2013.6305851667055
32199,2013.6305851667055
32200,2013.6305851667055
32201,2013.6305851667055
32202,2013.6305851667055
32203,2013.6305851667055
32204,2013.6305851667055
32205,2013.6305851667055
32206,2013.6305851667055
32207,2013.6305851667055
32208,2013.6305851667055
32209,2013.6305851667055
32210,2013.6305851667055
32211,2013.6305851667055
32212,2013.6305851667055
32213,2013.6305851667055
32214,2013.6305851667055
32215,2013.6305851667055
32216,2013.6305851667055
32217,2013.6305851667055
32218,2013.6305851667055
32219,2013.6305851667055
32220,2013.6305851667055
32221,2013.6305851667055
32222,2013.6305851667055
32223,2013.6305851667055
32224,2013.6305851667055
32225,2013.6305851667055
32226,2013.6305851667055
32227,2013.6305851667055
32228,2013.6305851667055
32229,2013.6305851667055
32230,2013.6305851667055
32231,2013.6305851667055
32232,2013.6305851667055
32233,2013.6305851667055
32234,2013.6305851667055
32235,2013.6305851667055
32236,2013.6305851667055
32237,2013.6305851667055
32238,2013.6305851667055
32239,2013.6305851667055
32240,2013.6305851667055
32241,2013.6305851667055
32242,2013.6305851667055
32243,2013.6305851667055
32244,2013.6305851667055
32245,2013.6305851667055
32246,2013.6305851667055
32247,2013.6305851667055
32248,2013.6305851667055
32249,2013.6305851667055
32250,2013.6305851667055
32251,2013.6305851667055
32252,2013.6305851667055
32253,2013.6305851667055
32254,2013.6305851667055
32255,2013.6305851667055
32256,2013.6305851667055
32257,2013.6305851667055
32258,2013.6305851667055
32259,2013.6305851667055
32260,2013.6305851667055
32261,2013.6305851667055
32262,2013.6305851667055
32263,2013.6305851667055
32264,2013.6305851667055
32265,2013.6305851667055
32266,2013.6305851667055
32267,2013.6305851667055
32268,2013.6305851667055
32269,2013.6305851667055
32270,2013.6305851667055
32271,2013.6305851667055
32272,2013.6305851667055
32273,2013.6305851667055
32274,2013.6305851667055
32275,2013.6305851667055
32276,2013.6305851667055
32277,2013.6305851667055
32278,2013.6305851667055
32279,2013.6305851667055
32280,2013.6305851667055
32281,2013.6305851667055
32282,2013.6305851667055
32283,2013.6305851667055
32284,2013.6305851667055
32285,2013.6305851667055
32286,2013.6305851667055
32287,2013.6305851667055
32288,2013.6305851667055
32289,2013.6305851667055
32290,2013.6305851667055
32291,2013.6305851667055
32292,2013.6305851667055
32293,2013.6305851667055
32294,2013.6305851667055
32295,2013.6305851667055
32296,2013.6305851667055
32297,2013.6305851667055
32298,2013.6305851667055
32299,2013.6305851667055
32300,2013.6305851667055
32301,2013.6305851667055
32302,2013.6305851667055
32303,2013.6305851667055
32304,2013.6305851667055
32305,2013.6305851667055
32306,2013.6305851667055
32307,2013.6305851667055
32308,2013.6305851667055
32309,2013.6305851667055
32310,2013.6305851667055
32311,2013.6305851667055
32312,2013.6305851667055
32313,2013.6305851667055
32314,2013.6305851667055
32315,2013.6305851667055
32316,2013.6305851667055
32317,2013.6305851667055
32318,2013.6305851667055
32319,2013.6305851667055
32320,2013.6305851667055
32321,2013.6305851667055
32322,2013.6305851667055
32323,2013.6305851667055
32324,2013.6305851667055
32325,2013.6305851667055
32326,2013.6305851667055
32327,2013.6305851667055
32328,2013.6305851667055
32329,2013.6305851667055
32330,2013.6305851667055
32331,2013.6305851667055
32332,2013.6305851667055
32333,2013.6305851667055
32334,2013.6305851667055
32335,2013.6305851667055
32336,2013.6305851667055
32337,2008.5532909309406
32338,2008.5532909309406
32339,2008.5532909309406
32340,2008.5532909309406
32341,2008.5532909309406
32342,2008.5532909309406
32343,2008.5532909309406
32344,2008.5532909309406
32345,2008.5532909309406
32346,2008.5532909309406
32347,2008.5532909309406
32348,2008.5532909309406
32349,2008.5532909309406
32350,2008.5532909309406
32351,2008.5532909309406
32352,2008.5532909309406
32353,2008.5532909309406
32354,2008.5532909309406
32355,2008.5532909309406
32356,2008.5532909309406
32357,2008.5532909309406
32358,2008.5532909309406
32359,2008.5532909309406
32360,2008.5532909309406
32361,2008.5532909309406
32362,2008.5532909309406
32363,2008.5532909309406
32364,2008.5532909309406
32365,2008.5532909309406
32366,2008.5532909309406
32367,2008.5532909309406
32368,2008.5532909309406
32369,2008.5532909309406
32370,2008.5532909309406
32371,2008.5532909309406
32372,2008.5532909309406
32373,2008.5532909309406
32374,2008.5532909309406
32375,2008.5532909309406
32376,2008.5532909309406
32377,2008.5532909309406
32378,2008.5532909309406
32379,2008.5532909309406
32380,2008.5532909309406
32381,2008.5532909309406
32382,2008.5532909309406
32383,2008.5532909309406
32384,2008.5532909309406
32385,2008.5532909309406
32386,2008.5532909309406
32387,2008.5532909309406
32388,2008.5532909309406
32389,2008.5532909309406
32390,2008.5532909309406
32391,2008.5532909309406
32392,2008.5532909309406
32393,2008.5532909309406
32394,2008.5532909309406
32395,2008.5532909309406
32396,2008.5532909309406
32397,2008.5532909309406
32398,2008.5532909309406
32399,2008.5532909309406
32400,2008.5532909309406
32401,2008.5532909309406
32402,2008.5532909309406
32403,2008.5532909309406
32404,2008.5532909309406
32405,2008.5532909309406
32406,2008.5532909309406
32407,2008.5532909309406
32408,2008.5532909309406
32409,2008.5532909309406
32410,2008.5532909309406
32411,2008.5532909309406
32412,2008.5532909309406
32413,2008.5532909309406
32414,2008.5532909309406
32415,2008.5532909309406
32416,2008.5532909309406
32417,2008.5532909309406
32418,2008.5532909309406
32419,2008.5532909309406
32420,2008.5532909309406
32421,2008.5532909309406
32422,2008.5532909309406
32423,2008.5532909309406
32424,2008.5532909309406
32425,2008.5532909309406
32426,2008.5532909309406
32427,2008.5532909309406
32428,2008.5532909309406
32429,2008.5532909309406
32430,2008.5532909309406
32431,2008.5532909309406
32432,2008.5532909309406
32433,2008.5532909309406
32434,2008.5532909309406
32435,2008.5532909309406
32436,2008.5532909309406
32437,2008.5532909309406
32438,2008.5532909309406
32439,2008.5532909309406
32440,2008.5532909309406
32441,2008.5532909309406
32442,2008.5532909309406
32443,2008.5532909309406
32444,2008.5532909309406
32445,2008.5532909309406
32446,2008.5532909309406
32447,2008.5532909309406
32448,2008.5532909309406
32449,2008.5532909309406
32450,2008.5532909309406
32451,2008.5532909309406
32452,2008.5532909309406
32453,2008.5532909309406
32454,2008.5532909309406
32455,2008.5532909309406
32456,2008.5532909309406
32457,2008.5532909309406
32458,2008.5532909309406
32459,2008.5532909309406
32460,2008.5532909309406
32461,2008.5532909309406
32462,2008.5532909309406
32463,2008.5532909309406
32464,2008.5532909309406
32465,2008.5532909309406
32466,2008.5532909309406
32467,2008.5532909309406
32468,2008.5532909309406
32469,2008.5532909309406
32470,2008.5532909309406
32471,2008.5532909309406
32472,2008.5532909309406
32473,2008.5532909309406
32474,2008.5532909309406
32475,2008.5532909309406
32476,2008.5532909309406
32477,2008.5532909309406
32478,2008.5532909309406
32479,2008.5532909309406
32480,2008.5532909309406
32481,2008.5532909309406
32482,2008.5532909309406
32483,2008.5532909309406
32484,2008.5532909309406
32485,2008.5532909309406
32486,2008.5532909309406
32487,2008.5532909309406
32488,2008.5532909309406
32489,2008.5532909309406
32490,2008.5532909309406
32491,2008.5532909309406
32492,2008.5532909309406
32493,2008.5532909309406
32494,2008.5532909309406
32495,2008.5532909309406
32496,2008.5532909309406
32497,2008.5532909309406
32498,2008.5532909309406
32499,2008.5532909309406
32500,2008.5532909309406
32501,2008.5532909309406
32502,2008.5532909309406
32503,2008.5532909309406
32504,2008.5532909309406
32505,2008.5532909309406
32506,2008.5532909309406
32507,2008.5532909309406
32508,2008.5532909309406
32509,2008.5532909309406
32510,2008.5532909309406
32511,2008.5532909309406
32512,2008.5532909309406
32513,2008.5532909309406
32514,2008.5532909309406
32515,2008.5532909309406
32516,2008.5532909309406
32517,2008.5532909309406
32518,2008.5532909309406
32519,2008.5532909309406
32520,2008.5532909309406
32521,2008.5532909309406
32522,2008.5532909309406
32523,2008.5532909309406
32524,2008.5532909309406
32525,2008.5532909309406
32526,2008.5532909309406
32527,2008.5532909309406
32528,2008.5532909309406
32529,2008.5532909309406
32530,2008.5532909309406
32531,2008.5532909309406
32532,2008.5532909309406
32533,2008.5532909309406
32534,2008.5532909309406
32535,2008.5532909309406
32536,2008.5532909309406
32537,2008.5532909309406
32538,2008.5532909309406
32539,2008.5532909309406
32540,2008.5532909309406
32541,2008.5532909309406
32542,2008.5532909309406
32543,2008.5532909309406
32544,2008.5532909309406
32545,2008.5532909309406
32546,2008.5532909309406
32547,2008.5532909309406
32548,2008.5532909309406
32549,2008.5532909309406
32550,2008.5532909309406
32551,2008.5532909309406
32552,2008.5532909309406
32553,2008.5532909309406
32554,2008.5532909309406
32555,2008.5532909309406
32556,2008.5532909309406
32557,2008.5532909309406
32558,2008.5532909309406
32559,2008.5532909309406
32560,2008.5532909309406
32561,2008.5532909309406
32562,2008.5532909309406
32563,2008.5532909309406
32564,2008.5532909309406
32565,2008.5532909309406
32566,2008.5532909309406
32567,2008.5532909309406
32568,2008.5532909309406
32569,2008.5532909309406
32570,2008.5532909309406
32571,2008.5532909309406
32572,2008.5532909309406
32573,2008.5532909309406
32574,2008.5532909309406
32575,2008.5532909309406
32576,2008.5532909309406
32577,2008.5532909309406
32578,2008.5532909309406
32579,2008.5532909309406
32580,2008.5532909309406
32581,2008.5532909309406
32582,2008.5532909309406
32583,2008.5532909309406
32584,2008.5532909309406
32585,2008.5532909309406
32586,2008.5532909309406
32587,2008.5532909309406
32588,2008.5532909309406
32589,2008.5532909309406
32590,2008.5532909309406
32591,2008.5532909309406
32592,2008.5532909309406
32593,2008.5532909309406
32594,2008.5532909309406
32595,2008.5532909309406
32596,2008.5532909309406
32597,2008.5532909309406
32598,2008.5532909309406
32599,2008.5532909309406
32600,2008.5532909309406
32601,2008.5532909309406
32602,2008.5532909309406
32603,2008.5532909309406
32604,2008.5532909309406
32605,2008.5532909309406
32606,2008.5532909309406
32607,2008.5532909309406
32608,2008.5532909309406
32609,2008.5532909309406
32610,2008.5532909309406
32611,2008.5532909309406
32612,2008.5532909309406
32613,2008.5532909309406
32614,2008.5532909309406
32615,2008.5532909309406
32616,2008.5532909309406
32617,2008.5532909309406
32618,2008.5532909309406
32619,2008.5532909309406
32620,2008.5532909309406
32621,2008.5532909309406
32622,2008.5532909309406
32623,2008.5532909309406
32624,2008.5532909309406
32625,2008.5532909309406
32626,2008.5532909309406
32627,2008.5532909309406
32628,2008.5532909309406
32629,2008.5532909309406
32630,2008.5532909309406
32631,2008.5532909309406
32632,2008.5532909309406
32633,2008.5532909309406
32634,2008.5532909309406
32635,2008.5532909309406
32636,2008.5532909309406
32637,2008.5532909309406
32638,2008.5532909309406
32639,2008.5532909309406
32640,2008.5532909309406
32641,2008.5532909309406
32642,2008.5532909309406
32643,2008.5532909309406
32644,2008.5532909309406
32645,2008.5532909309406
32646,2008.5532909309406
32647,2008.5532909309406
32648,2008.5532909309406
32649,2008.5532909309406
32650,2008.5532909309406
32651,2008.5532909309406
32652,2008.5532909309406
32653,2008.5532909309406
32654,2008.5532909309406
32655,2008.5532909309406
32656,2008.5532909309406
32657,2008.5532909309406
32658,2008.5532909309406
32659,2008.5532909309406
32660,2008.5532909309406
32661,2008.5532909309406
32662,2008.5532909309406
32663,2008.5532909309406
32664,2008.5532909309406
32665,2008.5532909309406
32666,2008.5532909309406
32667,2008.5532909309406
32668,2008.5532909309406
32669,2008.5532909309406
32670,2008.5532909309406
32671,2008.5532909309406
32672,2008.5532909309406
32673,2008.5532909309406
32674,2008.5532909309406
32675,2008.5532909309406
32676,2008.5532909309406
32677,2008.5532909309406
32678,2008.5532909309406
32679,2008.5532909309406
32680,2008.5532909309406
32681,2008.5532909309406
32682,2008.5532909309406
32683,2008.5532909309406
32684,2008.5532909309406
32685,2008.5532909309406
32686,2008.5532909309406
32687,2008.5532909309406
32688,2008.5532909309406
32689,2008.5532909309406
32690,2008.5532909309406
32691,2008.5532909309406
32692,2008.5532909309406
32693,2008.5532909309406
32694,2008.5532909309406
32695,2008.5532909309406
32696,2008.5532909309406
32697,2008.5532909309406
32698,2008.5532909309406
32699,2008.5532909309406
32700,2008.5532909309406
32701,2008.5532909309406
32702,2008.5532909309406
32703,2008.5532909309406
32704,2008.5532909309406
32705,2008.5532909309406
32706,2008.5532909309406
32707,2008.5532909309406
32708,2008.5532909309406
32709,2008.5532909309406
32710,2008.5532909309406
32711,2008.5532909309406
32712,2008.5532909309406
32713,2008.5532909309406
32714,2008.5532909309406
32715,2008.5532909309406
32716,2008.5532909309406
32717,2006.4222839150152
32718,2006.4222839150152
32719,2006.4222839150152
32720,2006.4222839150152
32721,2006.4222839150152
32722,2006.4222839150152
32723,2006.4222839150152
32724,2006.4222839150152
32725,2006.4222839150152
32726,2006.4222839150152
32727,2006.4222839150152
32728,2006.4222839150152
32729,2006.4222839150152
32730,2006.4222839150152
32731,2006.4222839150152
32732,2006.4222839150152
32733,2006.4222839150152
32734,2006.4222839150152
32735,2006.4222839150152
32736,2006.4222839150152
32737,2006.4222839150152
32738,2006.4222839150152
32739,2006.4222839150152
32740,2006.4222839150152
32741,2006.4222839150152
32742,2006.4222839150152
32743,2006.4222839150152
32744,2006.4222839150152
32745,2006.4222839150152
32746,2006.4222839150152
32747,2006.4222839150152
32748,2006.4222839150152
32749,2006.4222839150152
32750,2006.4222839150152
32751,2006.4222839150152
32752,2006.4222839150152
32753,2006.4222839150152
32754,2006.4222839150152
32755,2006.4222839150152
32756,2006.4222839150152
32757,2006.4222839150152
32758,2006.4222839150152
32759,2006.4222839150152
32760,2006.4222839150152
32761,2006.4222839150152
32762,2006.4222839150152
32763,2006.4222839150152
32764,2006.4222839150152
32765,2006.4222839150152
32766,2006.4222839150152
32767,2006.4222839150152
32768,2006.4222839150152
32769,2006.4222839150152
32770,2006.4222839150152
32771,2006.4222839150152
32772,2006.4222839150152
32773,2006.4222839150152
32774,2006.4222839150152
32775,2006.4222839150152
32776,2006.4222839150152
32777,2006.4222839150152
32778,2006.4222839150152
32779,2006.4222839150152
32780,2006.4222839150152
32781,2006.4222839150152
32782,2006.4222839150152
32783,2006.4222839150152
32784,2006.4222839150152
32785,2006.4222839150152
32786,2006.4222839150152
32787,2006.4222839150152
32788,2006.4222839150152
32789,2006.4222839150152
32790,2006.4222839150152
32791,2006.4222839150152
32792,2006.4222839150152
32793,2006.4222839150152
32794,2006.4222839150152
32795,2006.4222839150152
32796,2006.4222839150152
32797,2006.4222839150152
32798,2006.4222839150152
32799,2006.4222839150152
32800,2006.4222839150152
32801,2006.4222839150152
32802,2006.4222839150152
32803,2006.4222839150152
32804,2006.4222839150152
32805,2006.4222839150152
32806,2006.4222839150152
32807,2006.4222839150152
32808,2006.4222839150152
32809,2006.4222839150152
32810,2006.4222839150152
32811,2006.4222839150152
32812,2006.4222839150152
32813,2006.4222839150152
32814,2006.4222839150152
32815,2006.4222839150152
32816,2006.4222839150152
32817,2006.4222839150152
32818,2006.4222839150152
32819,2006.4222839150152
32820,2006.4222839150152
32821,2006.4222839150152
32822,2006.4222839150152
32823,2006.4222839150152
32824,2006.4222839150152
32825,2006.4222839150152
32826,2006.4222839150152
32827,2006.4222839150152
32828,2006.4222839150152
32829,2006.4222839150152
32830,2006.4222839150152
32831,2006.4222839150152
32832,2006.4222839150152
32833,2006.4222839150152
32834,2006.4222839150152
32835,2006.4222839150152
32836,2006.4222839150152
32837,2006.4222839150152
32838,2006.4222839150152
32839,2006.4222839150152
32840,2006.4222839150152
32841,2006.4222839150152
32842,2006.4222839150152
32843,2006.4222839150152
32844,2006.4222839150152
32845,2006.4222839150152
32846,2006.4222839150152
32847,2006.4222839150152
32848,2006.4222839150152
32849,2006.4222839150152
32850,2006.4222839150152
32851,2006.4222839150152
32852,2006.4222839150152
32853,2006.4222839150152
32854,2006.4222839150152
32855,2006.4222839150152
32856,2006.4222839150152
32857,2006.4222839150152
32858,2006.4222839150152
32859,2006.4222839150152
32860,2006.4222839150152
32861,2006.4222839150152
32862,2006.4222839150152
32863,2006.4222839150152
32864,2006.4222839150152
32865,2006.4222839150152
32866,2006.4222839150152
32867,2006.4222839150152
32868,2006.4222839150152
32869,2006.4222839150152
32870,2006.4222839150152
32871,2006.4222839150152
32872,2006.4222839150152
32873,2006.4222839150152
32874,2006.4222839150152
32875,2006.4222839150152
32876,2006.4222839150152
32877,2006.4222839150152
32878,2006.4222839150152
32879,2006.4222839150152
32880,2006.4222839150152
32881,2006.4222839150152
32882,2006.4222839150152
32883,2006.4222839150152
32884,2006.4222839150152
32885,2006.4222839150152
32886,2006.4222839150152
32887,2006.4222839150152
32888,2006.4222839150152
32889,2006.4222839150152
32890,2006.4222839150152
32891,2006.4222839150152
32892,2006.4222839150152
32893,2006.4222839150152
32894,2006.4222839150152
32895,2006.4222839150152
32896,2006.4222839150152
32897,2006.4222839150152
32898,2006.4222839150152
32899,2006.4222839150152
32900,2006.4222839150152
32901,2006.4222839150152
32902,2006.4222839150152
32903,2006.4222839150152
32904,2006.4222839150152
32905,2006.4222839150152
32906,2006.4222839150152
32907,2006.4222839150152
32908,2006.4222839150152
32909,2006.4222839150152
32910,2006.4222839150152
32911,2006.4222839150152
32912,2006.4222839150152
32913,2006.4222839150152
32914,2006.4222839150152
32915,2006.4222839150152
32916,2006.4222839150152
32917,2006.4222839150152
32918,2006.4222839150152
32919,2006.4222839150152
32920,2006.4222839150152
32921,2006.4222839150152
32922,2006.4222839150152
32923,2006.4222839150152
32924,2006.4222839150152
32925,2006.4222839150152
32926,2006.4222839150152
32927,2006.4222839150152
32928,2006.4222839150152
32929,2006.4222839150152
32930,2006.4222839150152
32931,2006.4222839150152
32932,2006.4222839150152
32933,2006.4222839150152
32934,2006.4222839150152
32935,2006.4222839150152
32936,2006.4222839150152
32937,2006.4222839150152
32938,2006.4222839150152
32939,2006.4222839150152
32940,2006.4222839150152
32941,2006.4222839150152
32942,2006.4222839150152
32943,2006.4222839150152
32944,2006.4222839150152
32945,2006.4222839150152
32946,2006.4222839150152
32947,2006.4222839150152
32948,2006.4222839150152
32949,2006.4222839150152
32950,2006.4222839150152
32951,2006.4222839150152
32952,2006.4222839150152
32953,2006.4222839150152
32954,2006.4222839150152
32955,2006.4222839150152
32956,2006.4222839150152
32957,2006.4222839150152
32958,2006.4222839150152
32959,2006.4222839150152
32960,2006.4222839150152
32961,2006.4222839150152
32962,2006.4222839150152
32963,2006.4222839150152
32964,2006.4222839150152
32965,2006.4222839150152
32966,2006.4222839150152
32967,2006.4222839150152
32968,2006.4222839150152
32969,2006.4222839150152
32970,2006.4222839150152
32971,2006.4222839150152
32972,2006.4222839150152
32973,2006.4222839150152
32974,2006.4222839150152
32975,2006.4222839150152
32976,2006.4222839150152
32977,2006.4222839150152
32978,2006.4222839150152
32979,2006.4222839150152
32980,2006.4222839150152
32981,2006.4222839150152
32982,2006.4222839150152
32983,2006.4222839150152
32984,2006.4222839150152
32985,2006.4222839150152
32986,2006.4222839150152
32987,2006.4222839150152
32988,2006.4222839150152
32989,2006.4222839150152
32990,2006.4222839150152
32991,2006.4222839150152
32992,2006.4222839150152
32993,2006.4222839150152
32994,2006.4222839150152
32995,2006.4222839150152
32996,2006.4222839150152
32997,2006.4222839150152
32998,2006.4222839150152
32999,2006.4222839150152
33000,2006.4222839150152
33001,2006.4222839150152
33002,2006.4222839150152
33003,2006.4222839150152
33004,2006.4222839150152
33005,2006.4222839150152
33006,2006.4222839150152
33007,2006.4222839150152
33008,2006.4222839150152
33009,2006.4222839150152
33010,2006.4222839150152
33011,2006.4222839150152
33012,2006.4222839150152
33013,2006.4222839150152
33014,2006.4222839150152
33015,2006.4222839150152
33016,2006.4222839150152
33017,2006.4222839150152
33018,2006.4222839150152
33019,2006.4222839150152
33020,2006.4222839150152
33021,2006.4222839150152
33022,2006.4222839150152
33023,2006.4222839150152
33024,2006.4222839150152
33025,2006.4222839150152
33026,2006.4222839150152
33027,2006.4222839150152
33028,2006.4222839150152
33029,2006.4222839150152
33030,2006.4222839150152
33031,2006.4222839150152
33032,2006.4222839150152
33033,2006.4222839150152
33034,2006.4222839150152
33035,2006.4222839150152
33036,2006.4222839150152
33037,2006.4222839150152
33038,2006.4222839150152
33039,2006.4222839150152
33040,2006.4222839150152
33041,2006.4222839150152
33042,2006.4222839150152
33043,2006.4222839150152
33044,2006.4222839150152
33045,2006.4222839150152
33046,2006.4222839150152
33047,2006.4222839150152
33048,2006.4222839150152
33049,2006.4222839150152
33050,2006.4222839150152
33051,2006.4222839150152
33052,2006.4222839150152
33053,2006.4222839150152
33054,2006.4222839150152
33055,2006.4222839150152
33056,2006.4222839150152
33057,2006.4222839150152
33058,2006.4222839150152
33059,2006.4222839150152
33060,2006.4222839150152
33061,2006.4222839150152
33062,2006.4222839150152
33063,2006.4222839150152
33064,2006.4222839150152
33065,2006.4222839150152
33066,2006.4222839150152
33067,2006.4222839150152
33068,2006.4222839150152
33069,2006.4222839150152
33070,2006.4222839150152
33071,2006.4222839150152
33072,2006.4222839150152
33073,2006.4222839150152
33074,2006.4222839150152
33075,2006.4222839150152
33076,2006.4222839150152
33077,2006.4222839150152
33078,2006.4222839150152
33079,2006.4222839150152
33080,2006.4222839150152
33081,2006.4222839150152
33082,2006.4222839150152
33083,2006.4222839150152
33084,2006.4222839150152
33085,2006.4222839150152
33086,2006.4222839150152
33087,2006.4222839150152
33088,2006.4222839150152
33089,2006.4222839150152
33090,2006.4222839150152
33091,2006.4222839150152
33092,2006.4222839150152
33093,2006.4222839150152
33094,2006.4222839150152
33095,2006.4222839150152
33096,2006.4222839150152
33097,2006.4222839150152
33098,2006.4222839150152
33099,2006.4222839150152
33100,2006.4222839150152
33101,2006.4222839150152
33102,2006.4222839150152
33103,2006.4222839150152
33104,2006.4222839150152
33105,2006.4222839150152
33106,2006.4222839150152
33107,2006.4222839150152
33108,2006.4222839150152
33109,2006.4222839150152
33110,2006.4222839150152
33111,2006.4222839150152
33112,2006.4222839150152
33113,2006.4222839150152
33114,2006.4222839150152
33115,2006.4222839150152
33116,2006.4222839150152
33117,2006.4222839150152
33118,2006.4222839150152
33119,2006.4222839150152
33120,2006.4222839150152
33121,2006.4222839150152
33122,2006.4222839150152
33123,2006.4222839150152
33124,2006.4222839150152
33125,2006.4222839150152
33126,2006.4222839150152
33127,2006.4222839150152
33128,2006.4222839150152
33129,2006.4222839150152
33130,2006.4222839150152
33131,2006.4222839150152
33132,2006.4222839150152
33133,2006.4222839150152
33134,2006.4222839150152
33135,2006.4222839150152
33136,2006.4222839150152
33137,2006.4222839150152
33138,2006.4222839150152
33139,2006.4222839150152
33140,2006.4222839150152
33141,2006.4222839150152
33142,2006.4222839150152
33143,2006.4222839150152
33144,2006.4222839150152
33145,2006.4222839150152
33146,2006.4222839150152
33147,2006.4222839150152
33148,2006.4222839150152
33149,2006.4222839150152
33150,2006.4222839150152
33151,2006.4222839150152
33152,2006.4222839150152
33153,2006.4222839150152
33154,2006.4222839150152
33155,2006.4222839150152
33156,2006.4222839150152
33157,2006.4222839150152
33158,2006.4222839150152
33159,2006.4222839150152
33160,2006.4222839150152
33161,2006.4222839150152
33162,2006.4222839150152
33163,2006.4222839150152
33164,2006.4222839150152
33165,2006.4222839150152
33166,2006.4222839150152
33167,2006.4222839150152
33168,2006.4222839150152
33169,2006.4222839150152
33170,2006.4222839150152
33171,2006.4222839150152
33172,2006.4222839150152
33173,2006.4222839150152
33174,2006.4222839150152
33175,2006.4222839150152
33176,2006.4222839150152
33177,2006.4222839150152
33178,2006.4222839150152
33179,2006.4222839150152
33180,2006.4222839150152
33181,2006.4222839150152
33182,2006.4222839150152
33183,2006.4222839150152
33184,2006.4222839150152
33185,2006.4222839150152
33186,2006.4222839150152
33187,2006.4222839150152
33188,2006.4222839150152
33189,2006.4222839150152
33190,2006.4222839150152
33191,2006.4222839150152
33192,2006.4222839150152
33193,2006.4222839150152
33194,2006.4222839150152
33195,2006.4222839150152
33196,2006.4222839150152
33197,2006.4222839150152
33198,2006.4222839150152
33199,2006.4222839150152
33200,2006.4222839150152
33201,2006.4222839150152
33202,2006.4222839150152
33203,2006.4222839150152
33204,2006.4222839150152
33205,2006.4222839150152
33206,2006.4222839150152
33207,2006.4222839150152
33208,2006.4222839150152
33209,2006.4222839150152
33210,2006.4222839150152
33211,2006.4222839150152
33212,2006.4222839150152
33213,2006.4222839150152
33214,2006.4222839150152
33215,2006.4222839150152
33216,2006.4222839150152
33217,2006.4222839150152
33218,2006.4222839150152
33219,2006.4222839150152
33220,2006.4222839150152
33221,2006.4222839150152
33222,2006.4222839150152
33223,2006.4222839150152
33224,2006.4222839150152
33225,2006.4222839150152
33226,2006.4222839150152
33227,2006.4222839150152
33228,2006.4222839150152
33229,2006.4222839150152
33230,2006.4222839150152
33231,2006.4222839150152
33232,2006.4222839150152
33233,2006.4222839150152
33234,2006.4222839150152
33235,2006.4222839150152
33236,2006.4222839150152
33237,2006.4222839150152
33238,2006.4222839150152
33239,2006.4222839150152
33240,2006.4222839150152
33241,2006.4222839150152
33242,2006.4222839150152
33243,2006.4222839150152
33244,2006.4222839150152
33245,2006.4222839150152
33246,2006.4222839150152
33247,2006.4222839150152
33248,2006.4222839150152
33249,2006.4222839150152
33250,2006.4222839150152
33251,2006.4222839150152
33252,2006.4222839150152
33253,2006.4222839150152
33254,2006.4222839150152
33255,2006.4222839150152
33256,2006.4222839150152
33257,2006.4222839150152
33258,2006.4222839150152
33259,2006.4222839150152
33260,2006.4222839150152
33261,2006.4222839150152
33262,2006.4222839150152
33263,2006.4222839150152
33264,2006.4222839150152
33265,2006.4222839150152
33266,2006.4222839150152
33267,2006.4222839150152
33268,2006.4222839150152
33269,2006.4222839150152
33270,2006.4222839150152
33271,2006.4222839150152
33272,2006.4222839150152
33273,2006.4222839150152
33274,2006.4222839150152
33275,2006.4222839150152
33276,2006.4222839150152
33277,2006.4222839150152
33278,2006.4222839150152
33279,2006.4222839150152
33280,2006.4222839150152
33281,2006.4222839150152
33282,2006.4222839150152
33283,2006.4222839150152
33284,2006.4222839150152
33285,2006.4222839150152
33286,2006.4222839150152
33287,2006.4222839150152
33288,2006.4222839150152
33289,2006.4222839150152
33290,2006.4222839150152
33291,2006.4222839150152
33292,2006.4222839150152
33293,2006.4222839150152
33294,2006.4222839150152
33295,2006.4222839150152
33296,2006.4222839150152
33297,2006.4222839150152
33298,2006.4222839150152
33299,2006.4222839150152
33300,2006.4222839150152
33301,2006.4222839150152
33302,2006.4222839150152
33303,2006.4222839150152
33304,2006.4222839150152
33305,2006.4222839150152
33306,2006.4222839150152
33307,2006.4222839150152
33308,2006.4222839150152
33309,2006.4222839150152
33310,2006.4222839150152
33311,2006.4222839150152
33312,2006.4222839150152
33313,2006.4222839150152
33314,2006.4222839150152
33315,2006.4222839150152
33316,2006.4222839150152
33317,2006.4222839150152
33318,2006.4222839150152
33319,2006.4222839150152
33320,2006.4222839150152
33321,2006.4222839150152
33322,2006.4222839150152
33323,2006.4222839150152
33324,2006.4222839150152
33325,2006.4222839150152
33326,2006.4222839150152
33327,2006.4222839150152
33328,2006.4222839150152
33329,2006.4222839150152
33330,2006.4222839150152
33331,2006.4222839150152
33332,2006.4222839150152
33333,2006.4222839150152
33334,2006.4222839150152
33335,2006.4222839150152
33336,2006.4222839150152
33337,2006.4222839150152
33338,2006.4222839150152
33339,2006.4222839150152
33340,2006.4222839150152
33341,2006.4222839150152
33342,2006.4222839150152
33343,2006.4222839150152
33344,2006.4222839150152
33345,2006.4222839150152
33346,2006.4222839150152
33347,2006.4222839150152
33348,2006.4222839150152
33349,2006.4222839150152
33350,2006.4222839150152
33351,2006.4222839150152
33352,2006.4222839150152
33353,2006.4222839150152
33354,2006.4222839150152
33355,2006.4222839150152
33356,2006.4222839150152
33357,2006.4222839150152
33358,2006.4222839150152
33359,2006.4222839150152
33360,2006.4222839150152
33361,2006.4222839150152
33362,2006.4222839150152
33363,2006.4222839150152
33364,2006.4222839150152
33365,2006.4222839150152
33366,2006.4222839150152
33367,2006.4222839150152
33368,2006.4222839150152
33369,2006.4222839150152
33370,2006.4222839150152
33371,2006.4222839150152
33372,2006.4222839150152
33373,2006.4222839150152
33374,2006.4222839150152
33375,2006.4222839150152
33376,2006.4222839150152
33377,2006.4222839150152
33378,2006.4222839150152
33379,2006.4222839150152
33380,2006.4222839150152
33381,2006.4222839150152
33382,2006.4222839150152
33383,2006.4222839150152
33384,2006.4222839150152
33385,2006.4222839150152
33386,2006.4222839150152
33387,2006.4222839150152
33388,2006.4222839150152
33389,2006.4222839150152
33390,2006.4222839150152
33391,2006.4222839150152
33392,2006.4222839150152
33393,2006.4222839150152
33394,2006.4222839150152
33395,2006.4222839150152
33396,2006.4222839150152
33397,2006.4222839150152
33398,2006.4222839150152
33399,2006.4222839150152
33400,2006.4222839150152
33401,2006.4222839150152
33402,2006.4222839150152
33403,2006.4222839150152
33404,2006.4222839150152
33405,2006.4222839150152
33406,2006.4222839150152
33407,2006.4222839150152
33408,2006.4222839150152
33409,2006.4222839150152
33410,2006.4222839150152
33411,2006.4222839150152
33412,2006.4222839150152
33413,2006.4222839150152
33414,2006.4222839150152
33415,2006.4222839150152
33416,2006.4222839150152
33417,2006.4222839150152
33418,2006.4222839150152
33419,2006.4222839150152
33420,2006.4222839150152
33421,2006.4222839150152
33422,2006.4222839150152
33423,2006.4222839150152
33424,2006.4222839150152
33425,2006.4222839150152
33426,2006.4222839150152
33427,2006.4222839150152
33428,2006.4222839150152
33429,2006.4222839150152
33430,2006.4222839150152
33431,2006.4222839150152
33432,2006.4222839150152
33433,2006.4222839150152
33434,2006.4222839150152
33435,2006.4222839150152
33436,2006.4222839150152
33437,2006.4222839150152
33438,2006.4222839150152
33439,2006.4222839150152
33440,2006.4222839150152
33441,2006.4222839150152
33442,2006.4222839150152
33443,2006.4222839150152
33444,2006.4222839150152
33445,2006.4222839150152
33446,2006.4222839150152
33447,2006.4222839150152
33448,2006.4222839150152
33449,2006.4222839150152
33450,2006.4222839150152
33451,2006.4222839150152
33452,2006.4222839150152
33453,2006.4222839150152
33454,2006.4222839150152
33455,2006.4222839150152
33456,2006.4222839150152
33457,2006.4222839150152
33458,2006.4222839150152
33459,2006.4222839150152
33460,2006.4222839150152
33461,2006.4222839150152
33462,2006.4222839150152
33463,2006.4222839150152
33464,2006.4222839150152
33465,2006.4222839150152
33466,2006.4222839150152
33467,2006.4222839150152
33468,2006.4222839150152
33469,2006.4222839150152
33470,2006.4222839150152
33471,2006.4222839150152
33472,2006.4222839150152
33473,2006.4222839150152
33474,2006.4222839150152
33475,2006.4222839150152
33476,2006.4222839150152
33477,2006.4222839150152
33478,2006.4222839150152
33479,2006.4222839150152
33480,2006.4222839150152
33481,2006.4222839150152
33482,2006.4222839150152
33483,2006.4222839150152
33484,2006.4222839150152
33485,2006.4222839150152
33486,2006.4222839150152
33487,2006.4222839150152
33488,2006.4222839150152
33489,2006.4222839150152
33490,2006.4222839150152
33491,2006.4222839150152
33492,2006.4222839150152
33493,2006.4222839150152
33494,2006.4222839150152
33495,2006.4222839150152
33496,2006.4222839150152
33497,2006.4222839150152
33498,2006.4222839150152
33499,2006.4222839150152
33500,2006.4222839150152
33501,2006.4222839150152
33502,2006.4222839150152
33503,2006.4222839150152
33504,2006.4222839150152
33505,2006.4222839150152
33506,2006.4222839150152
33507,2006.4222839150152
33508,2006.4222839150152
33509,2006.4222839150152
33510,2006.4222839150152
33511,2006.4222839150152
33512,2006.4222839150152
33513,2006.4222839150152
33514,2006.4222839150152
33515,2006.4222839150152
33516,2006.4222839150152
33517,2006.4222839150152
33518,2006.4222839150152
33519,2006.4222839150152
33520,2006.4222839150152
33521,2006.4222839150152
33522,2006.4222839150152
33523,2006.4222839150152
33524,2006.4222839150152
33525,2006.4222839150152
33526,2006.4222839150152
33527,2006.4222839150152
33528,2006.4222839150152
33529,2006.4222839150152
33530,2006.4222839150152
33531,2006.4222839150152
33532,2006.4222839150152
33533,2006.4222839150152
33534,2006.4222839150152
33535,2006.4222839150152
33536,2006.4222839150152
33537,2006.4222839150152
33538,2006.4222839150152
33539,2006.4222839150152
33540,2006.4222839150152
33541,2006.4222839150152
33542,2006.4222839150152
33543,2006.4222839150152
33544,2006.4222839150152
33545,2006.4222839150152
33546,2006.4222839150152
33547,2006.4222839150152
33548,2006.4222839150152
33549,2006.4222839150152
33550,2006.4222839150152
33551,2006.4222839150152
33552,2006.4222839150152
33553,2006.4222839150152
33554,2006.4222839150152
33555,2006.4222839150152
33556,2006.4222839150152
33557,2006.4222839150152
33558,2006.4222839150152
33559,2006.4222839150152
33560,2006.4222839150152
33561,2006.4222839150152
33562,2006.4222839150152
33563,2006.4222839150152
33564,2006.4222839150152
33565,2006.4222839150152
33566,2006.4222839150152
33567,2006.4222839150152
33568,2006.4222839150152
33569,2006.4222839150152
33570,2006.4222839150152
33571,2006.4222839150152
33572,2006.4222839150152
33573,2006.4222839150152
33574,2006.4222839150152
33575,2006.4222839150152
33576,2006.4222839150152
33577,2006.4222839150152
33578,2006.4222839150152
33579,2006.4222839150152
33580,2006.4222839150152
33581,2006.4222839150152
33582,2006.4222839150152
33583,2006.4222839150152
33584,2006.4222839150152
33585,2006.4222839150152
33586,2006.4222839150152
33587,2006.4222839150152
33588,2006.4222839150152
33589,2006.4222839150152
33590,2006.4222839150152
33591,2006.4222839150152
33592,2006.4222839150152
33593,2006.4222839150152
33594,2006.4222839150152
33595,2006.4222839150152
33596,2006.4222839150152
33597,2006.4222839150152
33598,2006.4222839150152
33599,2006.4222839150152
33600,2006.4222839150152
33601,2006.4222839150152
33602,2006.4222839150152
33603,2006.4222839150152
33604,2006.4222839150152
33605,2006.4222839150152
33606,2006.4222839150152
33607,2006.4222839150152
33608,2006.4222839150152
33609,2006.4222839150152
33610,2006.4222839150152
33611,2006.4222839150152
33612,2006.4222839150152
33613,2006.4222839150152
33614,2006.4222839150152
33615,2006.4222839150152
33616,2006.4222839150152
33617,2006.4222839150152
33618,2006.4222839150152
33619,2006.4222839150152
33620,2006.4222839150152
33621,2006.4222839150152
33622,2006.4222839150152
33623,2006.4222839150152
33624,2006.4222839150152
33625,2006.4222839150152
33626,2006.4222839150152
33627,2006.4222839150152
33628,2006.4222839150152
33629,2006.4222839150152
33630,2006.4222839150152
33631,2006.4222839150152
33632,2006.4222839150152
33633,2006.4222839150152
33634,2006.4222839150152
33635,2006.4222839150152
33636,2006.4222839150152
33637,2006.4222839150152
33638,2006.4222839150152
33639,2006.4222839150152
33640,2006.4222839150152
33641,2006.4222839150152
33642,2006.4222839150152
33643,2006.4222839150152
33644,2006.4222839150152
33645,2006.4222839150152
33646,2006.4222839150152
33647,2006.4222839150152
33648,2006.4222839150152
33649,2006.4222839150152
33650,2006.4222839150152
33651,2006.4222839150152
33652,2006.4222839150152
33653,2006.4222839150152
33654,2006.4222839150152
33655,2006.4222839150152
33656,2006.4222839150152
33657,2006.4222839150152
33658,2006.4222839150152
33659,2006.4222839150152
33660,2006.4222839150152
33661,2006.4222839150152
33662,2006.4222839150152
33663,2006.4222839150152
33664,2006.4222839150152
33665,2006.4222839150152
33666,2006.4222839150152
33667,2006.4222839150152
33668,2006.4222839150152
33669,2006.4222839150152
33670,2006.4222839150152
33671,2006.4222839150152
33672,2006.4222839150152
33673,2006.4222839150152
33674,2006.4222839150152
33675,2006.4222839150152
33676,2006.4222839150152
33677,2006.4222839150152
33678,2006.4222839150152
33679,2006.4222839150152
33680,2006.4222839150152
33681,2006.4222839150152
33682,2006.4222839150152
33683,2006.4222839150152
33684,2006.4222839150152
33685,2006.4222839150152
33686,2006.4222839150152
33687,2006.4222839150152
33688,2006.4222839150152
33689,2006.4222839150152
33690,2006.4222839150152
33691,2006.4222839150152
33692,2006.4222839150152
33693,2006.4222839150152
33694,2006.4222839150152
33695,2006.4222839150152
33696,2006.4222839150152
33697,2006.4222839150152
33698,2006.4222839150152
33699,2006.4222839150152
33700,2006.4222839150152
33701,2006.4222839150152
33702,2006.4222839150152
33703,2006.4222839150152
33704,2006.4222839150152
33705,2006.4222839150152
33706,2006.4222839150152
33707,2006.4222839150152
33708,2006.4222839150152
33709,2006.4222839150152
33710,2006.4222839150152
33711,2006.4222839150152
33712,2006.4222839150152
33713,2006.4222839150152
33714,2006.4222839150152
33715,2006.4222839150152
33716,2006.4222839150152
33717,2006.4222839150152
33718,2006.4222839150152
33719,2006.4222839150152
33720,2006.4222839150152
33721,2006.4222839150152
33722,2006.4222839150152
33723,2006.4222839150152
33724,2006.4222839150152
33725,2006.4222839150152
33726,2006.4222839150152
33727,2006.4222839150152
33728,2006.4222839150152
33729,2006.4222839150152
33730,2006.4222839150152
33731,2006.4222839150152
33732,2006.4222839150152
33733,2006.4222839150152
33734,2006.4222839150152
33735,2006.4222839150152
33736,2006.4222839150152
33737,2006.4222839150152
33738,2006.4222839150152
33739,2006.4222839150152
33740,2006.4222839150152
33741,2006.4222839150152
33742,2006.4222839150152
33743,2006.4222839150152
33744,2006.4222839150152
33745,2006.4222839150152
33746,2006.4222839150152
33747,2006.4222839150152
33748,2006.4222839150152
33749,2006.4222839150152
33750,2006.4222839150152
33751,2006.4222839150152
33752,2006.4222839150152
33753,2006.4222839150152
33754,2006.4222839150152
33755,2006.4222839150152
33756,2006.4222839150152
33757,2006.4222839150152
33758,2006.4222839150152
33759,2006.4222839150152
33760,2006.4222839150152
33761,2006.4222839150152
33762,2006.4222839150152
33763,2006.4222839150152
33764,2006.4222839150152
33765,2006.4222839150152
33766,2006.4222839150152
33767,2006.4222839150152
33768,2006.4222839150152
33769,2006.4222839150152
33770,2006.4222839150152
33771,2006.4222839150152
33772,2006.4222839150152
33773,2006.4222839150152
33774,2006.4222839150152
33775,2006.4222839150152
33776,2006.4222839150152
33777,2006.4222839150152
33778,2006.4222839150152
33779,2006.4222839150152
33780,2006.4222839150152
33781,2006.4222839150152
33782,2006.4222839150152
33783,2006.4222839150152
33784,2006.4222839150152
33785,2006.4222839150152
33786,2006.4222839150152
33787,2006.4222839150152
33788,2006.4222839150152
33789,2006.4222839150152
33790,2006.4222839150152
33791,2006.4222839150152
33792,2006.4222839150152
33793,2006.4222839150152
33794,2006.4222839150152
33795,2006.4222839150152
33796,2006.4222839150152
33797,2006.4222839150152
33798,2006.4222839150152
33799,2006.4222839150152
33800,2006.4222839150152
33801,2006.4222839150152
33802,2006.4222839150152
33803,2006.4222839150152
33804,2006.4222839150152
33805,2006.4222839150152
33806,2006.4222839150152
33807,2006.4222839150152
33808,2006.4222839150152
33809,2006.4222839150152
33810,2006.4222839150152
33811,2006.4222839150152
33812,2006.4222839150152
33813,2006.4222839150152
33814,2006.4222839150152
33815,2006.4222839150152
33816,2006.4222839150152
33817,2006.4222839150152
33818,2006.4222839150152
33819,2006.4222839150152
33820,2006.4222839150152
33821,2006.4222839150152
33822,2006.4222839150152
33823,2006.4222839150152
33824,2006.4222839150152
33825,2006.4222839150152
33826,2006.4222839150152
33827,2006.4222839150152
33828,2006.4222839150152
33829,2006.4222839150152
33830,2006.4222839150152
33831,2006.4222839150152
33832,2006.4222839150152
33833,2006.4222839150152
33834,2006.4222839150152
33835,2006.4222839150152
33836,2006.4222839150152
33837,2006.4222839150152
33838,2006.4222839150152
33839,2006.4222839150152
33840,2006.4222839150152
33841,2006.4222839150152
33842,2006.4222839150152
33843,2006.4222839150152
33844,2006.4222839150152
33845,2006.4222839150152
33846,2006.4222839150152
33847,2006.4222839150152
33848,2006.4222839150152
33849,2006.4222839150152
33850,2006.4222839150152
33851,2006.4222839150152
33852,2006.4222839150152
33853,2006.4222839150152
33854,2006.4222839150152
33855,2006.4222839150152
33856,2006.4222839150152
33857,2006.4222839150152
33858,2006.4222839150152
33859,2006.4222839150152
33860,2006.4222839150152
33861,2006.4222839150152
33862,2006.4222839150152
33863,2006.4222839150152
33864,2006.4222839150152
33865,2006.4222839150152
33866,2006.4222839150152
33867,2006.4222839150152
33868,2006.4222839150152
33869,2006.4222839150152
33870,2006.4222839150152
33871,2006.4222839150152
33872,2006.4222839150152
33873,2006.4222839150152
33874,2006.4222839150152
33875,2006.4222839150152
33876,2006.4222839150152
33877,2006.4222839150152
33878,2006.4222839150152
33879,2006.4222839150152
33880,2006.4222839150152
33881,2006.4222839150152
33882,2006.4222839150152
33883,2006.4222839150152
33884,2006.4222839150152
33885,2006.4222839150152
33886,2006.4222839150152
33887,2006.4222839150152
33888,2006.4222839150152
33889,2006.4222839150152
33890,2006.4222839150152
33891,2006.4222839150152
33892,2006.4222839150152
33893,2006.4222839150152
33894,2006.4222839150152
33895,2006.4222839150152
33896,2006.4222839150152
33897,2006.4222839150152
33898,2006.4222839150152
33899,2006.4222839150152
33900,2006.4222839150152
33901,2006.4222839150152
33902,2006.4222839150152
33903,2006.4222839150152
33904,2006.4222839150152
33905,2006.4222839150152
33906,2006.4222839150152
33907,2006.4222839150152
33908,2006.4222839150152
33909,2006.4222839150152
33910,2006.4222839150152
33911,2006.4222839150152
33912,2006.4222839150152
33913,2006.4222839150152
33914,2006.4222839150152
33915,2006.4222839150152
33916,2006.4222839150152
33917,2006.4222839150152
33918,2006.4222839150152
33919,2006.4222839150152
33920,2006.4222839150152
33921,2006.4222839150152
33922,2006.4222839150152
33923,2006.4222839150152
33924,2006.4222839150152
33925,2006.4222839150152
33926,2006.4222839150152
33927,2006.4222839150152
33928,2006.4222839150152
33929,2006.4222839150152
33930,2006.4222839150152
33931,2006.4222839150152
33932,2006.4222839150152
33933,2006.4222839150152
33934,2006.4222839150152
33935,2006.4222839150152
33936,2006.4222839150152
33937,2006.4222839150152
33938,2006.4222839150152
33939,2006.4222839150152
33940,2006.4222839150152
33941,2006.4222839150152
33942,2006.4222839150152
33943,2006.4222839150152
33944,2006.4222839150152
33945,2006.4222839150152
33946,2006.4222839150152
33947,2006.4222839150152
33948,2006.4222839150152
33949,2006.4222839150152
33950,2006.4222839150152
33951,2006.4222839150152
33952,2006.4222839150152
33953,2006.4222839150152
33954,2006.4222839150152
33955,2006.4222839150152
33956,2006.4222839150152
33957,2006.4222839150152
33958,2006.4222839150152
33959,2006.4222839150152
33960,2006.4222839150152
33961,2006.4222839150152
33962,2006.4222839150152
33963,2006.4222839150152
33964,2006.4222839150152
33965,2006.4222839150152
33966,2006.4222839150152
33967,2006.4222839150152
33968,2006.4222839150152
33969,2006.4222839150152
33970,2006.4222839150152
33971,2006.4222839150152
33972,2006.4222839150152
33973,2006.4222839150152
33974,2006.4222839150152
33975,2006.4222839150152
33976,2006.4222839150152
33977,2006.4222839150152
33978,2006.4222839150152
33979,2006.4222839150152
33980,2006.4222839150152
33981,2006.4222839150152
33982,2006.4222839150152
33983,2006.4222839150152
33984,2006.4222839150152
33985,2006.4222839150152
33986,2006.4222839150152
33987,2006.4222839150152
33988,2006.4222839150152
33989,2006.4222839150152
33990,2006.4222839150152
33991,2006.4222839150152
33992,2006.4222839150152
33993,2006.4222839150152
33994,2006.4222839150152
33995,2006.4222839150152
33996,2006.4222839150152
33997,2006.4222839150152
33998,2006.4222839150152
33999,2006.4222839150152
34000,2006.4222839150152
34001,2006.4222839150152
34002,2006.4222839150152
34003,2006.4222839150152
34004,2006.4222839150152
34005,2006.4222839150152
34006,2006.4222839150152
34007,2006.4222839150152
34008,2006.4222839150152
34009,2006.4222839150152
34010,2006.4222839150152
34011,2006.4222839150152
34012,2006.4222839150152
34013,2006.4222839150152
34014,2006.4222839150152
34015,2006.4222839150152
34016,2006.4222839150152
34017,2006.4222839150152
34018,2006.4222839150152
34019,2006.4222839150152
34020,2006.4222839150152
34021,2006.4222839150152
34022,2006.4222839150152
34023,2006.4222839150152
34024,2006.4222839150152
34025,2006.4222839150152
34026,2006.4222839150152
34027,2006.4222839150152
34028,2006.4222839150152
34029,2006.4222839150152
34030,2006.4222839150152
34031,2006.4222839150152
34032,2006.4222839150152
34033,2006.4222839150152
34034,2006.4222839150152
34035,2006.4222839150152
34036,2006.4222839150152
34037,2006.4222839150152
34038,2006.4222839150152
34039,2006.4222839150152
34040,2006.4222839150152
34041,2006.4222839150152
34042,2006.4222839150152
34043,2006.4222839150152
34044,2006.4222839150152
34045,2006.4222839150152
34046,2006.4222839150152
34047,2006.4222839150152
34048,2006.4222839150152
34049,2006.4222839150152
34050,2006.4222839150152
34051,2006.4222839150152
34052,2006.4222839150152
34053,2006.4222839150152
34054,2006.4222839150152
34055,2006.4222839150152
34056,2006.4222839150152
34057,2006.4222839150152
34058,2006.4222839150152
34059,2006.4222839150152
34060,2006.4222839150152
34061,2006.4222839150152
34062,2006.4222839150152
34063,2006.4222839150152
34064,2006.4222839150152
34065,2006.4222839150152
34066,2006.4222839150152
34067,2006.4222839150152
34068,2006.4222839150152
34069,2006.4222839150152
34070,2006.4222839150152
34071,2006.4222839150152
34072,2006.4222839150152
34073,2006.4222839150152
34074,2006.4222839150152
34075,2006.4222839150152
34076,2006.4222839150152
34077,2006.4222839150152
34078,2006.4222839150152
34079,2006.4222839150152
34080,2006.4222839150152
34081,2006.4222839150152
34082,2006.4222839150152
34083,2006.4222839150152
34084,2006.4222839150152
34085,2006.4222839150152
34086,2006.4222839150152
34087,2006.4222839150152
34088,2006.4222839150152
34089,2006.4222839150152
34090,2006.4222839150152
34091,2006.4222839150152
34092,2006.4222839150152
34093,2006.4222839150152
34094,2006.4222839150152
34095,2006.4222839150152
34096,2006.4222839150152
34097,2006.4222839150152
34098,2006.4222839150152
34099,2006.4222839150152
34100,2006.4222839150152
34101,2006.4222839150152
34102,2006.4222839150152
34103,2006.4222839150152
34104,2006.4222839150152
34105,2006.4222839150152
34106,2006.4222839150152
34107,2006.4222839150152
34108,2006.4222839150152
34109,2006.4222839150152
34110,2006.4222839150152
34111,2006.4222839150152
34112,2006.4222839150152
34113,2006.4222839150152
34114,2006.4222839150152
34115,2006.4222839150152
34116,2006.4222839150152
34117,2006.4222839150152
34118,2006.4222839150152
34119,2006.4222839150152
34120,2006.4222839150152
34121,2006.4222839150152
34122,2006.4222839150152
34123,2006.4222839150152
34124,2006.4222839150152
34125,2006.4222839150152
34126,2006.4222839150152
34127,2006.4222839150152
34128,2006.4222839150152
34129,2006.4222839150152
34130,2006.4222839150152
34131,2006.4222839150152
34132,2006.4222839150152
34133,2006.4222839150152
34134,2006.4222839150152
34135,2006.4222839150152
34136,2006.4222839150152
34137,2006.4222839150152
34138,2006.4222839150152
34139,2006.4222839150152
34140,2006.4222839150152
34141,2006.4222839150152
34142,2006.4222839150152
34143,2006.4222839150152
34144,2006.4222839150152
34145,2006.4222839150152
34146,2006.4222839150152
34147,2006.4222839150152
34148,2006.4222839150152
34149,2006.4222839150152
34150,2006.4222839150152
34151,2006.4222839150152
34152,2006.4222839150152
34153,2006.4222839150152
34154,2006.4222839150152
34155,2006.4222839150152
34156,2006.4222839150152
34157,2006.4222839150152
34158,2006.4222839150152
34159,2006.4222839150152
34160,2006.4222839150152
34161,2006.4222839150152
34162,2006.4222839150152
34163,2006.4222839150152
34164,2006.4222839150152
34165,2006.4222839150152
34166,2006.4222839150152
34167,2006.4222839150152
34168,2006.4222839150152
34169,2006.4222839150152
34170,2006.4222839150152
34171,2006.4222839150152
34172,2006.4222839150152
34173,2006.4222839150152
34174,2006.4222839150152
34175,2006.4222839150152
34176,2006.4222839150152
34177,2006.4222839150152
34178,2006.4222839150152
34179,2006.4222839150152
34180,2006.4222839150152
34181,2006.4222839150152
34182,2006.4222839150152
34183,2006.4222839150152
34184,2006.4222839150152
34185,2006.4222839150152
34186,2006.4222839150152
34187,2006.4222839150152
34188,2006.4222839150152
34189,2006.4222839150152
34190,2006.4222839150152
34191,2006.4222839150152
34192,2006.4222839150152
34193,2006.4222839150152
34194,2006.4222839150152
34195,2006.4222839150152
34196,2006.4222839150152
34197,2006.4222839150152
34198,2006.4222839150152
34199,2006.4222839150152
34200,2006.4222839150152
34201,2006.4222839150152
34202,2006.4222839150152
34203,2006.4222839150152
34204,2006.4222839150152
34205,2006.4222839150152
34206,2006.4222839150152
34207,2006.4222839150152
34208,2006.4222839150152
34209,2006.4222839150152
34210,2006.4222839150152
34211,2006.4222839150152
34212,2006.4222839150152
34213,2006.4222839150152
34214,2006.4222839150152
34215,2006.4222839150152
34216,2006.4222839150152
34217,2006.4222839150152
34218,2006.4222839150152
34219,2006.4222839150152
34220,2006.4222839150152
34221,2006.4222839150152
34222,2006.4222839150152
34223,2006.4222839150152
34224,2006.4222839150152
34225,2006.4222839150152
34226,2006.4222839150152
34227,2006.4222839150152
34228,2006.4222839150152
34229,2006.4222839150152
34230,2006.4222839150152
34231,2006.4222839150152
34232,2006.4222839150152
34233,2006.4222839150152
34234,2006.4222839150152
34235,2006.4222839150152
34236,2006.4222839150152
34237,2006.4222839150152
34238,2006.4222839150152
34239,2006.4222839150152
34240,2006.4222839150152
34241,2006.4222839150152
34242,2006.4222839150152
34243,2006.4222839150152
34244,2006.4222839150152
34245,2006.4222839150152
34246,2006.4222839150152
34247,2006.4222839150152
34248,2006.4222839150152
34249,2006.4222839150152
34250,2006.4222839150152
34251,2006.4222839150152
34252,2006.4222839150152
34253,2006.4222839150152
34254,2006.4222839150152
34255,2006.4222839150152
34256,2006.4222839150152
34257,2006.4222839150152
34258,2006.4222839150152
34259,2006.4222839150152
34260,2006.4222839150152
34261,2006.4222839150152
34262,2006.4222839150152
34263,2006.4222839150152
34264,2006.4222839150152
34265,2006.4222839150152
34266,2006.4222839150152
34267,2006.4222839150152
34268,2006.4222839150152
34269,2006.4222839150152
34270,2006.4222839150152
34271,2006.4222839150152
34272,2006.4222839150152
34273,2006.4222839150152
34274,2006.4222839150152
34275,2006.4222839150152
34276,2006.4222839150152
34277,2006.4222839150152
34278,2006.4222839150152
34279,2006.4222839150152
34280,2006.4222839150152
34281,2006.4222839150152
34282,2006.4222839150152
34283,2006.4222839150152
34284,2006.4222839150152
34285,2006.4222839150152
34286,2006.4222839150152
34287,2006.4222839150152
34288,2006.4222839150152
34289,2006.4222839150152
34290,2006.4222839150152
34291,2006.4222839150152
34292,2006.4222839150152
34293,2006.4222839150152
34294,2006.4222839150152
34295,2006.4222839150152
34296,2006.4222839150152
34297,2006.4222839150152
34298,2006.4222839150152
34299,2006.4222839150152
34300,2006.4222839150152
34301,2006.4222839150152
34302,2006.4222839150152
34303,2006.4222839150152
34304,2006.4222839150152
34305,2006.4222839150152
34306,2006.4222839150152
34307,2006.4222839150152
34308,2006.4222839150152
34309,2006.4222839150152
34310,2006.4222839150152
34311,2006.4222839150152
34312,2006.4222839150152
34313,2006.4222839150152
34314,2006.4222839150152
34315,2006.4222839150152
34316,2006.4222839150152
34317,2006.4222839150152
34318,2006.4222839150152
34319,2006.4222839150152
34320,2006.4222839150152
34321,2006.4222839150152
34322,2006.4222839150152
34323,2006.4222839150152
34324,2006.4222839150152
34325,2006.4222839150152
34326,2006.4222839150152
34327,2006.4222839150152
34328,2006.4222839150152
34329,2006.4222839150152
34330,2006.4222839150152
34331,2006.4222839150152
34332,2006.4222839150152
34333,2006.4222839150152
34334,2006.4222839150152
34335,2006.4222839150152
34336,2006.4222839150152
34337,2006.4222839150152
34338,2006.4222839150152
34339,2006.4222839150152
34340,2006.4222839150152
34341,2006.4222839150152
34342,2006.4222839150152
34343,2006.4222839150152
34344,2006.4222839150152
34345,2006.4222839150152
34346,2006.4222839150152
34347,2006.4222839150152
34348,2006.4222839150152
34349,2006.4222839150152
34350,2006.4222839150152
34351,2006.4222839150152
34352,2006.4222839150152
34353,2006.4222839150152
34354,2006.4222839150152
34355,2006.4222839150152
34356,2006.4222839150152
34357,2006.4222839150152
34358,2006.4222839150152
34359,2006.4222839150152
34360,2006.4222839150152
34361,2006.4222839150152
34362,2006.4222839150152
34363,2006.4222839150152
34364,2006.4222839150152
34365,2006.4222839150152
34366,2006.4222839150152
34367,2006.4222839150152
34368,2006.4222839150152
34369,2006.4222839150152
34370,2006.4222839150152
34371,2006.4222839150152
34372,2006.4222839150152
34373,2006.4222839150152
34374,2006.4222839150152
34375,2006.4222839150152
34376,2006.4222839150152
34377,2006.4222839150152
34378,2006.4222839150152
34379,2006.4222839150152
34380,2006.4222839150152
34381,2006.4222839150152
34382,2006.4222839150152
34383,2006.4222839150152
34384,2006.4222839150152
34385,2006.4222839150152
34386,2006.4222839150152
34387,2006.4222839150152
34388,2006.4222839150152
34389,2006.4222839150152
34390,2006.4222839150152
34391,2006.4222839150152
34392,2006.4222839150152
34393,2006.4222839150152
34394,2006.4222839150152
34395,2006.4222839150152
34396,2006.4222839150152
34397,2006.4222839150152
34398,2006.4222839150152
34399,2006.4222839150152
34400,2006.4222839150152
34401,2006.4222839150152
34402,2006.4222839150152
34403,2006.4222839150152
34404,2006.4222839150152
34405,2006.4222839150152
34406,2006.4222839150152
34407,2006.4222839150152
34408,2006.4222839150152
34409,2006.4222839150152
34410,2006.4222839150152
34411,2006.4222839150152
34412,2006.4222839150152
34413,2006.4222839150152
34414,2006.4222839150152
34415,2006.4222839150152
34416,2006.4222839150152
34417,2006.4222839150152
34418,2006.4222839150152
34419,2006.4222839150152
34420,2006.4222839150152
34421,2006.4222839150152
34422,2006.4222839150152
34423,2006.4222839150152
34424,2006.4222839150152
34425,2006.4222839150152
34426,2006.4222839150152
34427,2006.4222839150152
34428,2006.4222839150152
34429,2006.4222839150152
34430,2006.4222839150152
34431,2006.4222839150152
34432,2006.4222839150152
34433,2006.4222839150152
34434,2006.4222839150152
34435,2006.4222839150152
34436,2006.4222839150152
34437,2006.4222839150152
34438,2006.4222839150152
34439,2006.4222839150152
34440,2006.4222839150152
34441,2006.4222839150152
34442,2006.4222839150152
34443,2006.4222839150152
34444,2006.4222839150152
34445,2006.4222839150152
34446,2006.4222839150152
34447,2006.4222839150152
34448,2006.4222839150152
34449,2006.4222839150152
34450,2006.4222839150152
34451,2006.4222839150152
34452,2006.4222839150152
34453,2006.4222839150152
34454,2006.4222839150152
34455,2006.4222839150152
34456,2006.4222839150152
34457,2006.4222839150152
34458,2006.4222839150152
34459,2006.4222839150152
34460,2006.4222839150152
34461,2006.4222839150152
34462,2006.4222839150152
34463,2006.4222839150152
34464,2006.4222839150152
34465,2006.4222839150152
34466,2006.4222839150152
34467,2006.4222839150152
34468,2006.4222839150152
34469,2006.4222839150152
34470,2006.4222839150152
34471,2006.4222839150152
34472,2006.4222839150152
34473,2006.4222839150152
34474,2006.4222839150152
34475,2006.4222839150152
34476,2006.4222839150152
34477,2006.4222839150152
34478,2006.4222839150152
34479,2006.4222839150152
34480,2006.4222839150152
34481,2006.4222839150152
34482,2006.4222839150152
34483,2006.4222839150152
34484,2006.4222839150152
34485,2006.4222839150152
34486,2006.4222839150152
34487,2006.4222839150152
34488,2006.4222839150152
34489,2006.4222839150152
34490,2006.4222839150152
34491,2006.4222839150152
34492,2006.4222839150152
34493,2006.4222839150152
34494,2006.4222839150152
34495,2006.4222839150152
34496,2006.4222839150152
34497,2006.4222839150152
34498,2006.4222839150152
34499,2006.4222839150152
34500,2006.4222839150152
34501,2006.4222839150152
34502,2006.4222839150152
34503,2006.4222839150152
34504,2006.4222839150152
34505,2006.4222839150152
34506,2006.4222839150152
34507,2006.4222839150152
34508,2006.4222839150152
34509,2006.4222839150152
34510,2006.4222839150152
34511,2006.4222839150152
34512,2006.4222839150152
34513,2006.4222839150152
34514,2006.4222839150152
34515,2006.4222839150152
34516,2006.4222839150152
34517,2006.4222839150152
34518,2006.4222839150152
34519,2006.4222839150152
34520,2006.4222839150152
34521,2006.4222839150152
34522,2006.4222839150152
34523,2006.4222839150152
34524,2006.4222839150152
34525,2006.4222839150152
34526,2006.4222839150152
34527,2006.4222839150152
34528,2006.4222839150152
34529,2006.4222839150152
34530,2006.4222839150152
34531,2006.4222839150152
34532,2006.4222839150152
34533,2006.4222839150152
34534,2006.4222839150152
34535,2006.4222839150152
34536,2006.4222839150152
34537,2006.4222839150152
34538,2006.4222839150152
34539,2006.4222839150152
34540,2006.4222839150152
34541,2006.4222839150152
34542,2006.4222839150152
34543,2006.4222839150152
34544,2006.4222839150152
34545,2006.4222839150152
34546,2006.4222839150152
34547,2006.4222839150152
34548,2006.4222839150152
34549,2006.4222839150152
34550,2006.4222839150152
34551,2006.4222839150152
34552,2006.4222839150152
34553,2006.4222839150152
34554,2006.4222839150152
34555,2006.4222839150152
34556,2006.4222839150152
34557,2006.4222839150152
34558,2006.4222839150152
34559,2006.4222839150152
34560,2006.4222839150152
34561,2006.4222839150152
34562,2006.4222839150152
34563,2006.4222839150152
34564,2006.4222839150152
34565,2006.4222839150152
34566,2006.4222839150152
34567,2006.4222839150152
34568,2006.4222839150152
34569,2006.4222839150152
34570,2006.4222839150152
34571,2006.4222839150152
34572,2006.4222839150152
34573,2006.4222839150152
34574,2006.4222839150152
34575,2006.4222839150152
34576,2006.4222839150152
34577,2006.4222839150152
34578,2006.4222839150152
34579,2006.4222839150152
34580,2006.4222839150152
34581,2006.4222839150152
34582,2006.4222839150152
34583,2006.4222839150152
34584,2006.4222839150152
34585,2006.4222839150152
34586,2006.4222839150152
34587,2006.4222839150152
34588,2006.4222839150152
34589,2006.4222839150152
34590,2006.4222839150152
34591,2006.4222839150152
34592,2006.4222839150152
34593,2006.4222839150152
34594,2006.4222839150152
34595,2006.4222839150152
34596,2006.4222839150152
34597,2006.4222839150152
34598,2006.4222839150152
34599,2006.4222839150152
34600,2006.4222839150152
34601,2006.4222839150152
34602,2006.4222839150152
34603,2006.4222839150152
34604,2006.4222839150152
34605,2006.4222839150152
34606,2006.4222839150152
34607,2006.4222839150152
34608,2006.4222839150152
34609,2006.4222839150152
34610,2006.4222839150152
34611,2006.4222839150152
34612,2006.4222839150152
34613,2006.4222839150152
34614,2006.4222839150152
34615,2006.4222839150152
34616,2006.4222839150152
34617,2006.4222839150152
34618,2006.4222839150152
34619,2006.4222839150152
34620,2006.4222839150152
34621,2006.4222839150152
34622,2006.4222839150152
34623,2006.4222839150152
34624,2006.4222839150152
34625,2006.4222839150152
34626,2006.4222839150152
34627,2006.4222839150152
34628,2006.4222839150152
34629,2006.4222839150152
34630,2006.4222839150152
34631,2006.4222839150152
34632,2006.4222839150152
34633,2006.4222839150152
34634,2006.4222839150152
34635,2006.4222839150152
34636,2006.4222839150152
34637,2006.4222839150152
34638,2006.4222839150152
34639,2006.4222839150152
34640,2006.4222839150152
34641,2006.4222839150152
34642,2006.4222839150152
34643,2006.4222839150152
34644,2006.4222839150152
34645,2006.4222839150152
34646,2006.4222839150152
34647,2006.4222839150152
34648,2006.4222839150152
34649,2006.4222839150152
34650,2006.4222839150152
34651,2006.4222839150152
34652,2006.4222839150152
34653,2006.4222839150152
34654,2006.4222839150152
34655,2006.4222839150152
34656,2006.4222839150152
34657,2006.4222839150152
34658,2006.4222839150152
34659,2006.4222839150152
34660,2006.4222839150152
34661,2006.4222839150152
34662,2006.4222839150152
34663,2006.4222839150152
34664,2006.4222839150152
34665,2006.4222839150152
34666,2006.4222839150152
34667,2006.4222839150152
34668,2006.4222839150152
34669,2006.4222839150152
34670,2006.4222839150152
34671,2006.4222839150152
34672,2006.4222839150152
34673,2006.4222839150152
34674,2006.4222839150152
34675,2006.4222839150152
34676,2006.4222839150152
34677,2006.4222839150152
34678,2006.4222839150152
34679,2006.4222839150152
34680,2006.4222839150152
34681,2006.4222839150152
34682,2006.4222839150152
34683,2006.4222839150152
34684,2006.4222839150152
34685,2006.4222839150152
34686,2006.4222839150152
34687,2006.4222839150152
34688,2006.4222839150152
34689,2006.4222839150152
34690,2006.4222839150152
34691,2006.4222839150152
34692,2006.4222839150152
34693,2006.4222839150152
34694,2006.4222839150152
34695,2006.4222839150152
34696,2006.4222839150152
34697,2006.4222839150152
34698,2006.4222839150152
34699,2006.4222839150152
34700,2006.4222839150152
34701,2006.4222839150152
34702,2006.4222839150152
34703,2006.4222839150152
34704,2006.4222839150152
34705,2006.4222839150152
34706,2006.4222839150152
34707,2006.4222839150152
34708,2006.4222839150152
34709,2006.4222839150152
34710,2006.4222839150152
34711,2006.4222839150152
34712,2006.4222839150152
34713,2006.4222839150152
34714,2006.4222839150152
34715,2006.4222839150152
34716,2006.4222839150152
34717,2006.4222839150152
34718,2006.4222839150152
34719,2006.4222839150152
34720,2006.4222839150152
34721,2006.4222839150152
34722,2006.4222839150152
34723,2006.4222839150152
34724,2006.4222839150152
34725,2006.4222839150152
34726,2006.4222839150152
34727,2006.4222839150152
34728,2006.4222839150152
34729,2006.4222839150152
34730,2006.4222839150152
34731,2006.4222839150152
34732,2006.4222839150152
34733,2006.4222839150152
34734,2006.4222839150152
34735,2006.4222839150152
34736,2006.4222839150152
34737,2006.4222839150152
34738,2006.4222839150152
34739,2006.4222839150152
34740,2006.4222839150152
34741,2006.4222839150152
34742,2006.4222839150152
34743,2006.4222839150152
34744,2006.4222839150152
34745,2006.4222839150152
34746,2006.4222839150152
34747,2006.4222839150152
34748,2006.4222839150152
34749,2006.4222839150152
34750,2006.4222839150152
34751,2006.4222839150152
34752,2006.4222839150152
34753,2006.4222839150152
34754,2006.4222839150152
34755,2006.4222839150152
34756,2006.4222839150152
34757,2006.4222839150152
34758,2006.4222839150152
34759,2006.4222839150152
34760,2006.4222839150152
34761,2006.4222839150152
34762,2006.4222839150152
34763,2006.4222839150152
34764,2006.4222839150152
34765,2006.4222839150152
34766,2006.4222839150152
34767,2006.4222839150152
34768,2006.4222839150152
34769,2006.4222839150152
34770,2006.4222839150152
34771,2006.4222839150152
34772,2006.4222839150152
34773,2006.4222839150152
34774,2006.4222839150152
34775,2006.4222839150152
34776,2006.4222839150152
34777,2006.4222839150152
34778,2006.4222839150152
34779,2006.4222839150152
34780,2006.4222839150152
34781,2006.4222839150152
34782,2006.4222839150152
34783,2006.4222839150152
34784,2006.4222839150152
34785,2006.4222839150152
34786,2006.4222839150152
34787,2006.4222839150152
34788,2006.4222839150152
34789,2006.4222839150152
34790,2006.4222839150152
34791,2006.4222839150152
34792,2006.4222839150152
34793,2006.4222839150152
34794,2006.4222839150152
34795,2006.4222839150152
34796,2006.4222839150152
34797,2006.4222839150152
34798,2006.4222839150152
34799,2006.4222839150152
34800,2006.4222839150152
34801,2006.4222839150152
34802,2006.4222839150152
34803,2006.4222839150152
34804,2006.4222839150152
34805,2006.4222839150152
34806,2006.4222839150152
34807,2006.4222839150152
34808,2006.4222839150152
34809,2006.4222839150152
34810,2006.4222839150152
34811,2006.4222839150152
34812,2006.4222839150152
34813,2006.4222839150152
34814,2006.4222839150152
34815,2006.4222839150152
34816,2006.4222839150152
34817,2006.4222839150152
34818,2006.4222839150152
34819,2006.4222839150152
34820,2006.4222839150152
34821,2006.4222839150152
34822,2006.4222839150152
34823,2006.4222839150152
34824,2006.4222839150152
34825,2006.4222839150152
34826,2006.4222839150152
34827,2006.4222839150152
34828,2006.4222839150152
34829,2006.4222839150152
34830,2006.4222839150152
34831,2006.4222839150152
34832,2006.4222839150152
34833,2006.4222839150152
34834,2006.4222839150152
34835,2006.4222839150152
34836,2006.4222839150152
34837,2006.4222839150152
34838,2006.4222839150152
34839,2006.4222839150152
34840,2006.4222839150152
34841,2006.4222839150152
34842,2006.4222839150152
34843,2006.4222839150152
34844,2006.4222839150152
34845,2006.4222839150152
34846,2006.4222839150152
34847,2006.4222839150152
34848,2006.4222839150152
34849,2006.4222839150152
34850,2006.4222839150152
34851,2006.4222839150152
34852,2006.4222839150152
34853,2006.4222839150152
34854,2006.4222839150152
34855,2006.4222839150152
34856,2006.4222839150152
34857,2006.4222839150152
34858,2006.4222839150152
34859,2006.4222839150152
34860,2006.4222839150152
34861,2006.4222839150152
34862,2006.4222839150152
34863,2006.4222839150152
34864,2006.4222839150152
34865,2006.4222839150152
34866,2006.4222839150152
34867,2006.4222839150152
34868,2006.4222839150152
34869,2006.4222839150152
34870,2006.4222839150152
34871,2006.4222839150152
34872,2006.4222839150152
34873,2006.4222839150152
34874,2006.4222839150152
34875,2006.4222839150152
34876,2006.4222839150152
34877,2006.4222839150152
34878,2006.4222839150152
34879,2006.4222839150152
34880,2006.4222839150152
34881,2006.4222839150152
34882,2006.4222839150152
34883,2006.4222839150152
34884,2006.4222839150152
34885,2006.4222839150152
34886,2006.4222839150152
34887,2006.4222839150152
34888,2006.4222839150152
34889,2006.4222839150152
34890,2006.4222839150152
34891,2006.4222839150152
34892,2006.4222839150152
34893,2006.4222839150152
34894,2006.4222839150152
34895,2006.4222839150152
34896,2006.4222839150152
34897,2006.4222839150152
34898,2006.4222839150152
34899,2006.4222839150152
34900,2006.4222839150152
34901,2006.4222839150152
34902,2006.4222839150152
34903,2006.4222839150152
34904,2006.4222839150152
34905,2006.4222839150152
34906,2006.4222839150152
34907,2006.4222839150152
34908,2006.4222839150152
34909,2006.4222839150152
34910,2006.4222839150152
34911,2006.4222839150152
34912,2006.4222839150152
34913,2006.4222839150152
34914,2006.4222839150152
34915,2006.4222839150152
34916,2006.4222839150152
34917,2006.4222839150152
34918,2006.4222839150152
34919,2006.4222839150152
34920,2006.4222839150152
34921,2006.4222839150152
34922,2006.4222839150152
34923,2006.4222839150152
34924,2006.4222839150152
34925,2006.4222839150152
34926,2006.4222839150152
34927,2006.4222839150152
34928,2006.4222839150152
34929,2006.4222839150152
34930,2006.4222839150152
34931,2006.4222839150152
34932,2006.4222839150152
34933,2006.4222839150152
34934,2006.4222839150152
34935,2006.4222839150152
34936,2006.4222839150152
34937,2006.4222839150152
34938,2006.4222839150152
34939,2006.4222839150152
34940,2006.4222839150152
34941,2006.4222839150152
34942,2006.4222839150152
34943,2006.4222839150152
34944,2006.4222839150152
34945,2006.4222839150152
34946,2006.4222839150152
34947,2006.4222839150152
34948,2006.4222839150152
34949,2003.31517533913
34950,2003.31517533913
34951,2003.31517533913
34952,2003.31517533913
34953,2003.31517533913
34954,2003.31517533913
34955,2003.31517533913
34956,2003.31517533913
34957,2003.31517533913
34958,2003.31517533913
34959,2003.31517533913
34960,2003.31517533913
34961,2003.31517533913
34962,2003.31517533913
34963,2003.31517533913
34964,2003.31517533913
34965,2003.31517533913
34966,2003.31517533913
34967,2003.31517533913
34968,2003.31517533913
34969,2003.31517533913
34970,2003.31517533913
34971,2003.31517533913
34972,2003.31517533913
34973,2003.31517533913
34974,2003.31517533913
34975,2003.31517533913
34976,2003.31517533913
34977,2003.31517533913
34978,2003.31517533913
34979,2003.31517533913
34980,2003.31517533913
34981,2003.31517533913
34982,2003.31517533913
34983,2003.31517533913
34984,2003.31517533913
34985,2003.31517533913
34986,2003.31517533913
34987,2003.31517533913
34988,2003.31517533913
34989,2003.31517533913
34990,2003.31517533913
34991,2003.31517533913
34992,2003.31517533913
34993,2003.31517533913
34994,2003.31517533913
34995,2003.31517533913
34996,2003.31517533913
34997,2003.31517533913
34998,2003.31517533913
34999,2003.31517533913
35000,2003.31517533913
35001,2003.31517533913
35002,2003.31517533913
35003,2003.31517533913
35004,2003.31517533913
35005,2003.31517533913
35006,2003.31517533913
35007,2003.31517533913
35008,2003.31517533913
35009,2003.31517533913
35010,2003.31517533913
35011,2003.31517533913
35012,2003.31517533913
35013,2003.31517533913
35014,2003.31517533913
35015,2003.31517533913
35016,2003.31517533913
35017,2003.31517533913
35018,2003.31517533913
35019,2003.31517533913
35020,2003.31517533913
35021,2003.31517533913
35022,2003.31517533913
35023,2003.31517533913
35024,2003.31517533913
35025,2003.31517533913
35026,2003.31517533913
35027,2003.31517533913
35028,2003.31517533913
35029,2003.31517533913
35030,2003.31517533913
35031,2003.31517533913
35032,2003.31517533913
35033,2003.31517533913
35034,2003.31517533913
35035,2003.31517533913
35036,2003.31517533913
35037,2003.31517533913
35038,2003.31517533913
35039,2003.31517533913
35040,2003.31517533913
35041,2003.31517533913
35042,2003.31517533913
35043,2003.31517533913
35044,2003.31517533913
35045,2003.31517533913
35046,2003.31517533913
35047,2003.31517533913
35048,2003.31517533913
35049,2003.31517533913
35050,2003.31517533913
35051,2003.31517533913
35052,2003.31517533913
35053,2003.31517533913
35054,2003.31517533913
35055,2003.31517533913
35056,2003.31517533913
35057,2003.31517533913
35058,2003.31517533913
35059,2003.31517533913
35060,2003.31517533913
35061,2003.31517533913
35062,2003.31517533913
35063,2003.31517533913
35064,2003.31517533913
35065,2003.31517533913
35066,2003.31517533913
35067,2003.31517533913
35068,2003.31517533913
35069,2003.31517533913
35070,2003.31517533913
35071,2003.31517533913
35072,2003.31517533913
35073,2003.31517533913
35074,2003.31517533913
35075,2003.31517533913
35076,2003.31517533913
35077,2003.31517533913
35078,2003.31517533913
35079,2003.31517533913
35080,2003.31517533913
35081,2003.31517533913
35082,2003.31517533913
35083,2003.31517533913
35084,2003.31517533913
35085,2003.31517533913
35086,2003.31517533913
35087,2003.31517533913
35088,2003.31517533913
35089,2003.31517533913
35090,2003.31517533913
35091,2003.31517533913
35092,2003.31517533913
35093,2003.31517533913
35094,2003.31517533913
35095,2003.31517533913
35096,2003.31517533913
35097,2003.31517533913
35098,2003.31517533913
35099,2003.31517533913
35100,2003.31517533913
35101,2003.31517533913
35102,2003.31517533913
35103,2003.31517533913
35104,2003.31517533913
35105,2003.31517533913
35106,2003.31517533913
35107,2003.31517533913
35108,2003.31517533913
35109,2003.31517533913
35110,2003.31517533913
35111,2003.31517533913
35112,2003.31517533913
35113,2003.31517533913
35114,2003.31517533913
35115,2003.31517533913
35116,2003.31517533913
35117,2003.31517533913
35118,2003.31517533913
35119,2003.31517533913
35120,2003.31517533913
35121,2003.31517533913
35122,2003.31517533913
35123,2003.31517533913
35124,2003.31517533913
35125,2003.31517533913
35126,2003.31517533913
35127,2003.31517533913
35128,2003.31517533913
35129,2003.31517533913
35130,2003.31517533913
35131,2003.31517533913
35132,2003.31517533913
35133,2003.31517533913
35134,2003.31517533913
35135,2003.31517533913
35136,2003.31517533913
35137,2003.31517533913
35138,2003.31517533913
35139,2003.31517533913
35140,2003.31517533913
35141,2003.31517533913
35142,2003.31517533913
35143,2003.31517533913
35144,2003.31517533913
35145,2003.31517533913
35146,2003.31517533913
35147,2003.31517533913
35148,2003.31517533913
35149,2003.31517533913
35150,2003.31517533913
35151,2003.31517533913
35152,2003.31517533913
35153,2003.31517533913
35154,2003.31517533913
35155,2003.31517533913
35156,2003.31517533913
35157,2003.31517533913
35158,2003.31517533913
35159,2003.31517533913
35160,2003.31517533913
35161,2003.31517533913
35162,2003.31517533913
35163,2003.31517533913
35164,2003.31517533913
35165,2003.31517533913
35166,2003.31517533913
35167,2003.31517533913
35168,2003.31517533913
35169,2003.31517533913
35170,2003.31517533913
35171,2003.31517533913
35172,2003.31517533913
35173,2003.31517533913
35174,2003.31517533913
35175,2003.31517533913
35176,2003.31517533913
35177,2003.31517533913
35178,2003.31517533913
35179,2003.31517533913
35180,2003.31517533913
35181,2003.31517533913
35182,2003.31517533913
35183,2003.31517533913
35184,2003.31517533913
35185,2003.31517533913
35186,2003.31517533913
35187,2003.31517533913
35188,2003.31517533913
35189,2003.31517533913
35190,2003.31517533913
35191,2003.31517533913
35192,2003.31517533913
35193,2003.31517533913
35194,2003.31517533913
35195,2003.31517533913
35196,2003.31517533913
35197,2003.31517533913
35198,2003.31517533913
35199,2003.31517533913
35200,2003.31517533913
35201,2003.31517533913
35202,2003.31517533913
35203,2003.31517533913
35204,2003.31517533913
35205,2003.31517533913
35206,2003.31517533913
35207,2003.31517533913
35208,2003.31517533913
35209,2003.31517533913
35210,2003.31517533913
35211,2003.31517533913
35212,2003.31517533913
35213,2003.31517533913
35214,2003.31517533913
35215,2003.31517533913
35216,2003.31517533913
35217,2003.31517533913
35218,2003.31517533913
35219,2003.31517533913
35220,2003.31517533913
35221,2003.31517533913
35222,2003.31517533913
35223,2003.31517533913
35224,2003.31517533913
35225,2003.31517533913
35226,2003.31517533913
35227,2003.31517533913
35228,2003.31517533913
35229,2003.31517533913
35230,2003.31517533913
35231,2003.31517533913
35232,2003.31517533913
35233,2003.31517533913
35234,2003.31517533913
35235,2003.31517533913
35236,2003.31517533913
35237,2003.31517533913
35238,2003.31517533913
35239,2003.31517533913
35240,2003.31517533913
35241,2003.31517533913
35242,2003.31517533913
35243,2003.31517533913
35244,2003.31517533913
35245,2003.31517533913
35246,2003.31517533913
35247,2003.31517533913
35248,2003.31517533913
35249,2003.31517533913
35250,2003.31517533913
35251,2003.31517533913
35252,2003.31517533913
35253,2003.31517533913
35254,2003.31517533913
35255,2003.31517533913
35256,2003.31517533913
35257,2003.31517533913
35258,2003.31517533913
35259,2003.31517533913
35260,2003.31517533913
35261,2003.31517533913
35262,2003.31517533913
35263,2003.31517533913
35264,2003.31517533913
35265,2003.31517533913
35266,2003.31517533913
35267,2003.31517533913
35268,2003.31517533913
35269,2003.31517533913
35270,2003.31517533913
35271,2003.31517533913
35272,2003.31517533913
35273,2003.31517533913
35274,2003.31517533913
35275,2003.31517533913
35276,2003.31517533913
35277,2003.31517533913
35278,2003.31517533913
35279,2003.31517533913
35280,2003.31517533913
35281,2003.31517533913
35282,2003.31517533913
35283,2003.31517533913
35284,2003.31517533913
35285,2003.31517533913
35286,2003.31517533913
35287,2003.31517533913
35288,2003.31517533913
35289,2003.31517533913
35290,2003.31517533913
35291,2003.31517533913
35292,2003.31517533913
35293,2003.31517533913
35294,2003.31517533913
35295,2003.31517533913
35296,2003.31517533913
35297,2003.31517533913
35298,2003.31517533913
35299,2003.31517533913
35300,2003.31517533913
35301,2003.31517533913
35302,2003.31517533913
35303,2003.31517533913
35304,2003.31517533913
35305,2003.31517533913
35306,2003.31517533913
35307,2003.31517533913
35308,2003.31517533913
35309,2003.31517533913
35310,2003.31517533913
35311,2003.31517533913
35312,2003.31517533913
35313,2003.31517533913
35314,2003.31517533913
35315,2003.31517533913
35316,2003.31517533913
35317,2003.31517533913
35318,2003.31517533913
35319,2003.31517533913
35320,2003.31517533913
35321,2003.31517533913
35322,2003.31517533913
35323,2003.31517533913
35324,2003.31517533913
35325,2003.31517533913
35326,2003.31517533913
35327,2003.31517533913
35328,2003.31517533913
35329,2003.31517533913
35330,2003.31517533913
35331,2003.31517533913
35332,2003.31517533913
35333,2003.31517533913
35334,2003.31517533913
35335,2003.31517533913
35336,2003.31517533913
35337,2003.31517533913
35338,2003.31517533913
35339,2003.31517533913
35340,2003.31517533913
35341,2003.31517533913
35342,2003.31517533913
35343,2003.31517533913
35344,2003.31517533913
35345,2003.31517533913
35346,2003.31517533913
35347,2003.31517533913
35348,2003.31517533913
35349,2003.31517533913
35350,2003.31517533913
35351,2003.31517533913
35352,2003.31517533913
35353,2003.31517533913
35354,2003.31517533913
35355,2003.31517533913
35356,2003.31517533913
35357,2003.31517533913
35358,2003.31517533913
35359,2003.31517533913
35360,2003.31517533913
35361,2003.31517533913
35362,2003.31517533913
35363,2003.31517533913
35364,2003.31517533913
35365,2003.31517533913
35366,2003.31517533913
35367,2003.31517533913
35368,2003.31517533913
35369,2003.31517533913
35370,2003.31517533913
35371,2003.31517533913
35372,2003.31517533913
35373,2003.31517533913
35374,2003.31517533913
35375,2003.31517533913
35376,2003.31517533913
35377,2003.31517533913
35378,2003.31517533913
35379,2003.31517533913
35380,2003.31517533913
35381,2003.31517533913
35382,2003.31517533913
35383,2003.31517533913
35384,2003.31517533913
35385,2003.31517533913
35386,2003.31517533913
35387,2003.31517533913
35388,2003.31517533913
35389,2003.31517533913
35390,2003.31517533913
35391,2003.31517533913
35392,2003.31517533913
35393,2003.31517533913
35394,2003.31517533913
35395,2003.31517533913
35396,2003.31517533913
35397,2003.31517533913
35398,2003.31517533913
35399,2003.31517533913
35400,2003.31517533913
35401,2003.31517533913
35402,2003.31517533913
35403,2003.31517533913
35404,2003.31517533913
35405,2003.31517533913
35406,2003.31517533913
35407,2003.31517533913
35408,2003.31517533913
35409,2003.31517533913
35410,2003.31517533913
35411,2003.31517533913
35412,2003.31517533913
35413,2003.31517533913
35414,2003.31517533913
35415,2003.31517533913
35416,2003.31517533913
35417,2003.31517533913
35418,2003.31517533913
35419,2003.31517533913
35420,2003.31517533913
35421,2003.31517533913
35422,2003.31517533913
35423,2003.31517533913
35424,2003.31517533913
35425,2003.31517533913
35426,2003.31517533913
35427,2003.31517533913
35428,2003.31517533913
35429,2003.31517533913
35430,2003.31517533913
35431,2003.31517533913
35432,2003.31517533913
35433,2003.31517533913
35434,2003.31517533913
35435,2003.31517533913
35436,2003.31517533913
35437,2003.31517533913
35438,2003.31517533913
35439,2003.31517533913
35440,2003.31517533913
35441,2003.31517533913
35442,2003.31517533913
35443,2003.31517533913
35444,2003.31517533913
35445,2003.31517533913
35446,2003.31517533913
35447,2003.31517533913
35448,2003.31517533913
35449,2003.31517533913
35450,2003.31517533913
35451,2003.31517533913
35452,2003.31517533913
35453,2003.31517533913
35454,2003.31517533913
35455,2003.31517533913
35456,2003.31517533913
35457,2003.31517533913
35458,2003.31517533913
35459,2003.31517533913
35460,2003.31517533913
35461,2003.31517533913
35462,2003.31517533913
35463,2003.31517533913
35464,2003.31517533913
35465,2003.31517533913
35466,2003.31517533913
35467,2003.31517533913
35468,2003.31517533913
35469,2003.31517533913
35470,2003.31517533913
35471,2003.31517533913
35472,2003.31517533913
35473,2003.31517533913
35474,2003.31517533913
35475,2003.31517533913
35476,2003.31517533913
35477,2003.31517533913
35478,2003.31517533913
35479,2003.31517533913
35480,2003.31517533913
35481,2003.31517533913
35482,2003.31517533913
35483,2003.31517533913
35484,2003.31517533913
35485,2003.31517533913
35486,2003.31517533913
35487,2003.31517533913
35488,2003.31517533913
35489,2003.31517533913
35490,2003.31517533913
35491,2003.31517533913
35492,2003.31517533913
35493,2003.31517533913
35494,2003.31517533913
35495,2003.31517533913
35496,2003.31517533913
35497,2003.31517533913
35498,2003.31517533913
35499,2003.31517533913
35500,2003.31517533913
35501,2003.31517533913
35502,2003.31517533913
35503,2003.31517533913
35504,2003.31517533913
35505,2003.31517533913
35506,2003.31517533913
35507,2003.31517533913
35508,2003.31517533913
35509,2003.31517533913
35510,2003.31517533913
35511,2003.31517533913
35512,2003.31517533913
35513,2003.31517533913
35514,2003.31517533913
35515,2003.31517533913
35516,2003.31517533913
35517,2003.31517533913
35518,2003.31517533913
35519,2003.31517533913
35520,2003.31517533913
35521,2003.31517533913
35522,2003.31517533913
35523,2003.31517533913
35524,2003.31517533913
35525,2003.31517533913
35526,2003.31517533913
35527,2003.31517533913
35528,2003.31517533913
35529,2003.31517533913
35530,2003.31517533913
35531,2003.31517533913
35532,2003.31517533913
35533,2003.31517533913
35534,2003.31517533913
35535,2003.31517533913
35536,2003.31517533913
35537,2003.31517533913
35538,2003.31517533913
35539,2003.31517533913
35540,2003.31517533913
35541,2003.31517533913
35542,2003.31517533913
35543,2003.31517533913
35544,2003.31517533913
35545,2003.31517533913
35546,2003.31517533913
35547,2003.31517533913
35548,2003.31517533913
35549,2003.31517533913
35550,2003.31517533913
35551,2003.31517533913
35552,2003.31517533913
35553,2003.31517533913
35554,2003.31517533913
35555,2003.31517533913
35556,2003.31517533913
35557,2003.31517533913
35558,2003.31517533913
35559,2003.31517533913
35560,2003.31517533913
35561,2001.5160674294984
35562,2001.5160674294984
35563,2001.5160674294984
35564,2001.5160674294984
35565,2001.5160674294984
35566,2001.5160674294984
35567,2001.5160674294984
35568,2001.5160674294984
35569,2001.5160674294984
35570,2001.5160674294984
35571,2001.5160674294984
35572,2001.5160674294984
35573,2001.5160674294984
35574,2001.5160674294984
35575,2001.5160674294984
35576,2001.5160674294984
35577,2001.5160674294984
35578,2001.5160674294984
35579,2001.5160674294984
35580,2001.5160674294984
35581,2001.5160674294984
35582,2001.5160674294984
35583,2001.5160674294984
35584,2001.5160674294984
35585,2001.5160674294984
35586,2001.5160674294984
35587,2001.5160674294984
35588,2001.5160674294984
35589,2001.5160674294984
35590,2001.5160674294984
35591,2001.5160674294984
35592,2001.5160674294984
35593,2001.5160674294984
35594,2001.5160674294984
35595,2001.5160674294984
35596,2001.5160674294984
35597,2001.5160674294984
35598,2001.5160674294984
35599,2001.5160674294984
35600,2001.5160674294984
35601,2001.5160674294984
35602,2001.5160674294984
35603,2001.5160674294984
35604,2001.5160674294984
35605,2001.5160674294984
35606,2001.5160674294984
35607,2001.5160674294984
35608,2001.5160674294984
35609,2001.5160674294984
35610,2001.5160674294984
35611,2001.5160674294984
35612,2001.5160674294984
35613,2001.5160674294984
35614,2001.5160674294984
35615,2001.5160674294984
35616,2001.5160674294984
35617,2001.5160674294984
35618,2001.5160674294984
35619,2001.5160674294984
35620,2001.5160674294984
35621,2001.5160674294984
35622,2001.5160674294984
35623,2001.5160674294984
35624,2001.5160674294984
35625,2001.5160674294984
35626,2001.5160674294984
35627,2001.5160674294984
35628,2001.5160674294984
35629,2001.5160674294984
35630,2001.5160674294984
35631,2001.5160674294984
35632,2001.5160674294984
35633,2001.5160674294984
35634,2001.5160674294984
35635,2001.5160674294984
35636,2001.5160674294984
35637,2001.5160674294984
35638,2001.5160674294984
35639,2001.5160674294984
35640,2001.5160674294984
35641,2001.5160674294984
35642,2001.5160674294984
35643,2001.5160674294984
35644,2001.5160674294984
35645,2001.5160674294984
35646,2001.5160674294984
35647,2001.5160674294984
35648,2001.5160674294984
35649,2001.5160674294984
35650,2001.5160674294984
35651,2001.5160674294984
35652,2001.5160674294984
35653,2001.5160674294984
35654,2001.5160674294984
35655,2001.5160674294984
35656,2001.5160674294984
35657,2001.5160674294984
35658,2001.5160674294984
35659,2001.5160674294984
35660,2001.5160674294984
35661,2001.5160674294984
35662,2001.5160674294984
35663,2001.5160674294984
35664,2001.5160674294984
35665,2001.5160674294984
35666,2001.5160674294984
35667,2001.5160674294984
35668,2001.5160674294984
35669,2001.5160674294984
35670,2001.5160674294984
35671,2001.5160674294984
35672,2001.5160674294984
35673,2001.5160674294984
35674,2001.5160674294984
35675,2001.5160674294984
35676,2001.5160674294984
35677,2001.5160674294984
35678,2001.5160674294984
35679,2001.5160674294984
35680,2001.5160674294984
35681,2001.5160674294984
35682,2001.5160674294984
35683,2001.5160674294984
35684,2001.5160674294984
35685,2001.5160674294984
35686,2001.5160674294984
35687,2001.5160674294984
35688,2001.5160674294984
35689,2001.5160674294984
35690,2001.5160674294984
35691,2001.5160674294984
35692,2001.5160674294984
35693,2001.5160674294984
35694,2001.5160674294984
35695,2001.5160674294984
35696,2001.5160674294984
35697,2001.5160674294984
35698,2001.5160674294984
35699,2001.5160674294984
35700,2001.5160674294984
35701,2001.5160674294984
35702,2001.5160674294984
35703,2001.5160674294984
35704,2001.5160674294984
35705,2001.5160674294984
35706,2001.5160674294984
35707,2001.5160674294984
35708,2001.5160674294984
35709,2001.5160674294984
35710,2001.5160674294984
35711,2001.5160674294984
35712,2001.5160674294984
35713,2001.5160674294984
35714,2001.5160674294984
35715,2001.5160674294984
35716,2001.5160674294984
35717,2001.5160674294984
35718,2001.5160674294984
35719,2001.5160674294984
35720,2001.5160674294984
35721,2001.5160674294984
35722,2001.5160674294984
35723,2001.5160674294984
35724,2001.5160674294984
35725,2001.5160674294984
35726,2001.5160674294984
35727,2001.5160674294984
35728,2001.5160674294984
35729,2001.5160674294984
35730,2001.5160674294984
35731,2001.5160674294984
35732,2001.5160674294984
35733,2001.5160674294984
35734,2001.5160674294984
35735,2001.5160674294984
35736,2001.5160674294984
35737,2001.5160674294984
35738,2001.5160674294984
35739,2001.5160674294984
35740,2001.5160674294984
35741,2001.5160674294984
35742,2001.5160674294984
35743,2001.5160674294984
35744,2001.5160674294984
35745,2001.5160674294984
35746,2001.5160674294984
35747,2001.5160674294984
35748,2001.5160674294984
35749,2001.5160674294984
35750,2001.5160674294984
35751,2001.5160674294984
35752,2001.5160674294984
35753,2001.5160674294984
35754,2001.5160674294984
35755,2001.5160674294984
35756,2001.5160674294984
35757,2001.5160674294984
35758,2001.5160674294984
35759,2001.5160674294984
35760,2001.5160674294984
35761,2001.5160674294984
35762,2001.5160674294984
35763,2001.5160674294984
35764,2001.5160674294984
35765,2001.5160674294984
35766,2001.5160674294984
35767,2001.5160674294984
35768,2001.5160674294984
35769,2001.5160674294984
35770,2001.5160674294984
35771,2001.5160674294984
35772,2001.5160674294984
35773,2001.5160674294984
35774,2001.5160674294984
35775,2001.5160674294984
35776,2001.5160674294984
35777,2001.5160674294984
35778,2001.5160674294984
35779,2001.5160674294984
35780,2001.5160674294984
35781,2001.5160674294984
35782,2001.5160674294984
35783,2001.5160674294984
35784,2001.5160674294984
35785,2001.5160674294984
35786,2001.5160674294984
35787,2001.5160674294984
35788,2001.5160674294984
35789,2001.5160674294984
35790,2001.5160674294984
35791,2001.5160674294984
35792,2001.5160674294984
35793,2001.5160674294984
35794,2001.5160674294984
35795,2001.5160674294984
35796,2001.5160674294984
35797,2001.5160674294984
35798,2001.5160674294984
35799,2001.5160674294984
35800,2001.5160674294984
35801,2001.5160674294984
35802,2001.5160674294984
35803,2001.5160674294984
35804,2001.5160674294984
35805,2001.5160674294984
35806,2001.5160674294984
35807,2001.5160674294984
35808,2001.5160674294984
35809,2001.5160674294984
35810,2001.5160674294984
35811,2001.5160674294984
35812,2001.5160674294984
35813,2001.5160674294984
35814,2001.5160674294984
35815,2001.5160674294984
35816,2001.5160674294984
35817,2001.5160674294984
35818,2001.5160674294984
35819,2001.5160674294984
35820,2001.5160674294984
35821,2001.5160674294984
35822,2001.5160674294984
35823,2001.5160674294984
35824,2001.5160674294984
35825,2001.5160674294984
35826,2001.5160674294984
35827,2001.5160674294984
35828,2001.5160674294984
35829,2001.5160674294984
35830,2001.5160674294984
35831,2001.5160674294984
35832,2001.5160674294984
35833,2001.5160674294984
35834,2001.5160674294984
35835,2001.5160674294984
35836,2001.5160674294984
35837,2001.5160674294984
35838,2001.5160674294984
35839,2001.5160674294984
35840,2001.5160674294984
35841,2001.5160674294984
35842,2001.5160674294984
35843,2001.5160674294984
35844,2001.5160674294984
35845,2001.5160674294984
35846,2001.5160674294984
35847,2001.5160674294984
35848,2001.5160674294984
35849,2001.5160674294984
35850,2001.5160674294984
35851,2001.5160674294984
35852,2001.5160674294984
35853,2001.5160674294984
35854,2001.5160674294984
35855,2001.5160674294984
35856,2001.5160674294984
35857,2001.5160674294984
35858,2001.5160674294984
35859,2001.5160674294984
35860,2001.5160674294984
35861,2001.5160674294984
35862,2001.5160674294984
35863,2001.5160674294984
35864,2001.5160674294984
35865,2001.5160674294984
35866,2001.5160674294984
35867,2001.5160674294984
35868,2001.5160674294984
35869,2001.5160674294984
35870,2001.5160674294984
35871,2001.5160674294984
35872,2001.5160674294984
35873,2001.5160674294984
35874,2001.5160674294984
35875,2001.5160674294984
35876,2001.5160674294984
35877,2001.5160674294984
35878,2001.5160674294984
35879,2001.5160674294984
35880,2001.5160674294984
35881,2001.5160674294984
35882,2001.5160674294984
35883,2001.5160674294984
35884,2001.5160674294984
35885,2001.5160674294984
35886,2001.5160674294984
35887,2001.5160674294984
35888,2001.5160674294984
35889,2001.5160674294984
35890,2001.5160674294984
35891,2001.5160674294984
35892,2001.5160674294984
35893,2001.5160674294984
35894,2001.5160674294984
35895,2001.5160674294984
35896,2001.5160674294984
35897,2001.5160674294984
35898,2001.5160674294984
35899,2001.5160674294984
35900,2001.5160674294984
35901,2001.5160674294984
35902,2001.5160674294984
35903,2001.5160674294984
35904,2001.5160674294984
35905,2001.5160674294984
35906,2001.5160674294984
35907,2001.5160674294984
35908,2001.5160674294984
35909,2001.5160674294984
35910,2001.5160674294984
35911,2001.5160674294984
35912,2001.5160674294984
35913,2001.5160674294984
35914,2001.5160674294984
35915,2001.5160674294984
35916,2001.5160674294984
35917,2001.5160674294984
35918,2001.5160674294984
35919,2001.5160674294984
35920,2001.5160674294984
35921,2001.5160674294984
35922,2001.5160674294984
35923,2001.5160674294984
35924,2001.5160674294984
35925,2001.5160674294984
35926,2001.5160674294984
35927,2001.5160674294984
35928,2001.5160674294984
35929,2001.5160674294984
35930,2001.5160674294984
35931,2001.5160674294984
35932,2001.5160674294984
35933,2001.5160674294984
35934,2001.5160674294984
35935,2001.5160674294984
35936,2001.5160674294984
35937,2001.5160674294984
35938,2001.5160674294984
35939,2001.5160674294984
35940,2001.5160674294984
35941,2001.5160674294984
35942,2001.5160674294984
35943,2001.5160674294984
35944,2001.5160674294984
35945,2001.5160674294984
35946,2001.5160674294984
35947,2001.5160674294984
35948,2001.5160674294984
35949,2001.5160674294984
35950,2001.5160674294984
35951,2001.5160674294984
35952,2001.5160674294984
35953,2001.5160674294984
35954,2001.5160674294984
35955,2001.5160674294984
35956,2001.5160674294984
35957,2001.5160674294984
35958,2001.5160674294984
35959,2001.5160674294984
35960,2001.5160674294984
35961,2001.5160674294984
35962,2001.5160674294984
35963,2001.5160674294984
35964,2001.5160674294984
35965,2001.5160674294984
35966,2001.5160674294984
35967,2001.5160674294984
35968,2001.5160674294984
35969,2001.5160674294984
35970,2001.5160674294984
35971,2001.5160674294984
35972,2001.5160674294984
35973,2001.5160674294984
35974,2001.5160674294984
35975,2001.5160674294984
35976,2001.5160674294984
35977,2001.5160674294984
35978,2001.5160674294984
35979,2001.5160674294984
35980,2001.5160674294984
35981,2001.5160674294984
35982,2001.5160674294984
35983,2001.5160674294984
35984,2001.5160674294984
35985,2001.5160674294984
35986,2001.5160674294984
35987,2001.5160674294984
35988,2001.5160674294984
35989,2001.5160674294984
35990,2001.5160674294984
35991,2001.5160674294984
35992,2001.5160674294984
35993,2001.5160674294984
35994,2001.5160674294984
35995,2001.5160674294984
35996,2001.5160674294984
35997,2001.5160674294984
35998,2001.5160674294984
35999,2001.5160674294984
36000,2001.5160674294984
36001,2001.5160674294984
36002,2001.5160674294984
36003,2001.5160674294984
36004,2001.5160674294984
36005,2001.5160674294984
36006,2001.5160674294984
36007,2001.5160674294984
36008,2001.5160674294984
36009,2001.5160674294984
36010,2001.5160674294984
36011,2001.5160674294984
36012,2001.5160674294984
36013,2001.5160674294984
36014,2001.5160674294984
36015,2001.5160674294984
36016,2001.5160674294984
36017,2001.5160674294984
36018,2001.5160674294984
36019,2001.5160674294984
36020,2001.5160674294984
36021,2001.5160674294984
36022,2001.5160674294984
36023,2001.5160674294984
36024,2001.5160674294984
36025,2001.5160674294984
36026,2001.5160674294984
36027,2001.5160674294984
36028,2001.5160674294984
36029,2001.5160674294984
36030,2001.5160674294984
36031,2001.5160674294984
36032,2001.5160674294984
36033,2001.5160674294984
36034,2001.5160674294984
36035,2001.5160674294984
36036,2001.5160674294984
36037,2001.5160674294984
36038,2001.5160674294984
36039,2001.5160674294984
36040,2001.5160674294984
36041,2001.5160674294984
36042,2001.5160674294984
36043,2001.5160674294984
36044,2001.5160674294984
36045,2001.5160674294984
36046,2001.5160674294984
36047,2001.5160674294984
36048,2001.5160674294984
36049,2001.5160674294984
36050,2001.5160674294984
36051,2001.5160674294984
36052,2001.5160674294984
36053,2001.5160674294984
36054,2001.5160674294984
36055,2001.5160674294984
36056,2001.5160674294984
36057,2001.5160674294984
36058,2001.5160674294984
36059,2001.5160674294984
36060,2001.5160674294984
36061,2001.5160674294984
36062,2001.5160674294984
36063,2001.5160674294984
36064,2001.5160674294984
36065,2001.5160674294984
36066,2001.5160674294984
36067,2001.5160674294984
36068,2001.5160674294984
36069,2001.5160674294984
36070,2001.5160674294984
36071,2001.5160674294984
36072,2001.5160674294984
36073,2001.5160674294984
36074,2001.5160674294984
36075,2001.5160674294984
36076,2001.5160674294984
36077,2001.5160674294984
36078,2001.5160674294984
36079,2001.5160674294984
36080,2001.5160674294984
36081,2001.5160674294984
36082,2001.5160674294984
36083,2001.5160674294984
36084,2001.5160674294984
36085,2001.5160674294984
36086,2001.5160674294984
36087,2001.5160674294984
36088,2001.5160674294984
36089,2001.5160674294984
36090,2001.5160674294984
36091,2001.5160674294984
36092,2001.5160674294984
36093,2001.5160674294984
36094,2001.5160674294984
36095,2001.5160674294984
36096,2001.5160674294984
36097,2001.5160674294984
36098,2001.5160674294984
36099,2001.5160674294984
36100,2001.5160674294984
36101,2001.5160674294984
36102,2001.5160674294984
36103,2001.5160674294984
36104,2001.5160674294984
36105,2001.5160674294984
36106,2001.5160674294984
36107,2001.5160674294984
36108,2001.5160674294984
36109,2001.5160674294984
36110,2001.5160674294984
36111,2001.5160674294984
36112,2001.5160674294984
36113,2001.5160674294984
36114,2001.5160674294984
36115,2001.5160674294984
36116,2001.5160674294984
36117,2001.5160674294984
36118,2001.5160674294984
36119,2001.5160674294984
36120,2001.5160674294984
36121,2001.5160674294984
36122,2001.5160674294984
36123,2001.5160674294984
36124,2001.5160674294984
36125,2001.5160674294984
36126,2001.5160674294984
36127,2001.5160674294984
36128,2001.5160674294984
36129,2001.5160674294984
36130,2001.5160674294984
36131,2001.5160674294984
36132,2001.5160674294984
36133,2001.5160674294984
36134,2001.5160674294984
36135,2001.5160674294984
36136,2001.5160674294984
36137,2001.5160674294984
36138,2001.5160674294984
36139,2001.5160674294984
36140,2001.5160674294984
36141,2001.5160674294984
36142,2001.5160674294984
36143,2001.5160674294984
36144,2001.5160674294984
36145,2001.5160674294984
36146,2001.5160674294984
36147,2001.5160674294984
36148,2001.5160674294984
36149,2001.5160674294984
36150,2001.5160674294984
36151,2001.5160674294984
36152,2001.5160674294984
36153,2001.5160674294984
36154,2001.5160674294984
36155,2001.5160674294984
36156,2001.5160674294984
36157,2001.5160674294984
36158,2001.5160674294984
36159,2001.5160674294984
36160,2001.5160674294984
36161,2001.5160674294984
36162,2001.5160674294984
36163,2001.5160674294984
36164,2001.5160674294984
36165,2001.5160674294984
36166,2001.5160674294984
36167,2001.5160674294984
36168,2001.5160674294984
36169,2001.5160674294984
36170,2001.5160674294984
36171,2001.5160674294984
36172,2001.5160674294984
36173,2001.5160674294984
36174,2001.5160674294984
36175,2001.5160674294984
36176,2001.5160674294984
36177,2001.5160674294984
36178,2001.5160674294984
36179,2001.5160674294984
36180,2001.5160674294984
36181,2001.5160674294984
36182,2001.5160674294984
36183,2001.5160674294984
36184,2001.5160674294984
36185,2001.5160674294984
36186,2001.5160674294984
36187,2001.5160674294984
36188,2001.5160674294984
36189,2001.5160674294984
36190,2001.5160674294984
36191,2001.5160674294984
36192,2001.5160674294984
36193,2001.5160674294984
36194,2001.5160674294984
36195,2001.5160674294984
36196,2001.5160674294984
36197,2001.5160674294984
36198,2001.5160674294984
36199,2001.5160674294984
36200,2001.5160674294984
36201,2001.5160674294984
36202,2001.5160674294984
36203,2001.5160674294984
36204,2001.5160674294984
36205,2001.5160674294984
36206,2001.5160674294984
36207,2001.5160674294984
36208,2001.5160674294984
36209,2001.5160674294984
36210,2001.5160674294984
36211,2001.5160674294984
36212,2001.5160674294984
36213,2001.5160674294984
36214,2001.5160674294984
36215,2001.5160674294984
36216,2001.5160674294984
36217,2001.5160674294984
36218,2001.5160674294984
36219,2001.5160674294984
36220,2001.5160674294984
36221,2001.5160674294984
36222,2001.5160674294984
36223,2001.5160674294984
36224,2001.5160674294984
36225,2001.5160674294984
36226,2001.5160674294984
36227,2001.5160674294984
36228,2001.5160674294984
36229,2001.5160674294984
36230,2001.5160674294984
36231,2001.5160674294984
36232,2001.5160674294984
36233,2001.5160674294984
36234,2001.5160674294984
36235,2001.5160674294984
36236,2001.5160674294984
36237,2001.5160674294984
36238,2001.5160674294984
36239,2001.5160674294984
36240,2001.5160674294984
36241,2001.5160674294984
36242,2001.5160674294984
36243,2001.5160674294984
36244,2001.5160674294984
36245,2001.5160674294984
36246,2001.5160674294984
36247,2001.5160674294984
36248,2001.5160674294984
36249,2001.5160674294984
36250,2001.5160674294984
36251,2001.5160674294984
36252,2001.5160674294984
36253,2001.5160674294984
36254,2001.5160674294984
36255,2001.5160674294984
36256,2001.5160674294984
36257,2001.5160674294984
36258,2001.5160674294984
36259,2001.5160674294984
36260,2001.5160674294984
36261,2001.5160674294984
36262,2001.5160674294984
36263,2001.5160674294984
36264,2001.5160674294984
36265,2001.5160674294984
36266,2001.5160674294984
36267,2001.5160674294984
36268,2001.5160674294984
36269,2001.5160674294984
36270,2001.5160674294984
36271,2001.5160674294984
36272,2001.5160674294984
36273,2001.5160674294984
36274,2001.5160674294984
36275,2001.5160674294984
36276,2001.5160674294984
36277,2001.5160674294984
36278,2001.5160674294984
36279,2001.5160674294984
36280,2001.5160674294984
36281,2001.5160674294984
36282,2001.5160674294984
36283,2001.5160674294984
36284,2001.5160674294984
36285,2001.5160674294984
36286,2001.5160674294984
36287,2001.5160674294984
36288,2001.5160674294984
36289,2001.5160674294984
36290,2001.5160674294984
36291,2001.5160674294984
36292,2001.5160674294984
36293,2001.5160674294984
36294,2001.5160674294984
36295,2001.5160674294984
36296,2001.5160674294984
36297,2001.5160674294984
36298,2001.5160674294984
36299,2001.5160674294984
36300,2001.5160674294984
36301,2001.5160674294984
36302,2001.5160674294984
36303,2001.5160674294984
36304,2001.5160674294984
36305,2001.5160674294984
36306,2001.5160674294984
36307,2001.5160674294984
36308,2001.5160674294984
36309,2001.5160674294984
36310,2001.5160674294984
36311,2001.5160674294984
36312,2001.5160674294984
36313,2001.5160674294984
36314,2001.5160674294984
36315,2001.5160674294984
36316,2001.5160674294984
36317,2001.5160674294984
36318,2001.5160674294984
36319,2001.5160674294984
36320,2001.5160674294984
36321,2001.5160674294984
36322,2001.5160674294984
36323,2001.5160674294984
36324,2001.5160674294984
36325,2001.5160674294984
36326,2001.5160674294984
36327,2001.5160674294984
36328,2001.5160674294984
36329,2001.5160674294984
36330,2001.5160674294984
36331,2001.5160674294984
36332,2001.5160674294984
36333,2001.5160674294984
36334,2001.5160674294984
36335,2001.5160674294984
36336,2001.5160674294984
36337,2001.5160674294984
36338,2001.5160674294984
36339,2001.5160674294984
36340,2001.5160674294984
36341,2001.5160674294984
36342,2001.5160674294984
36343,2001.5160674294984
36344,2001.5160674294984
36345,2001.5160674294984
36346,2001.5160674294984
36347,2001.5160674294984
36348,2001.5160674294984
36349,2001.5160674294984
36350,2001.5160674294984
36351,2001.5160674294984
36352,2001.5160674294984
36353,2001.5160674294984
36354,2001.5160674294984
36355,2001.5160674294984
36356,2001.5160674294984
36357,2001.5160674294984
36358,2001.5160674294984
36359,2001.5160674294984
36360,2001.5160674294984
36361,2001.5160674294984
36362,2001.5160674294984
36363,2001.5160674294984
36364,2001.5160674294984
36365,2001.5160674294984
36366,2001.5160674294984
36367,2001.5160674294984
36368,2001.5160674294984
36369,2001.5160674294984
36370,2001.5160674294984
36371,2001.5160674294984
36372,2001.5160674294984
36373,2001.5160674294984
36374,2001.5160674294984
36375,2001.5160674294984
36376,2001.5160674294984
36377,2001.5160674294984
36378,2001.5160674294984
36379,2001.5160674294984
36380,2001.5160674294984
36381,2001.5160674294984
36382,2001.5160674294984
36383,2001.5160674294984
36384,2001.5160674294984
36385,2001.5160674294984
36386,2001.5160674294984
36387,2001.5160674294984
36388,2001.5160674294984
36389,2001.5160674294984
36390,2001.5160674294984
36391,2001.5160674294984
36392,2001.5160674294984
36393,2001.5160674294984
36394,2001.5160674294984
36395,2001.5160674294984
36396,2001.5160674294984
36397,2001.5160674294984
36398,2001.5160674294984
36399,2001.5160674294984
36400,2001.5160674294984
36401,2001.5160674294984
36402,2001.5160674294984
36403,2001.5160674294984
36404,2001.5160674294984
36405,2001.5160674294984
36406,2001.5160674294984
36407,2001.5160674294984
36408,2001.5160674294984
36409,2001.5160674294984
36410,2001.5160674294984
36411,2001.5160674294984
36412,2001.5160674294984
36413,2001.5160674294984
36414,2001.5160674294984
36415,2001.5160674294984
36416,2001.5160674294984
36417,2001.5160674294984
36418,2001.5160674294984
36419,2001.5160674294984
36420,2001.5160674294984
36421,2001.5160674294984
36422,2001.5160674294984
36423,2001.5160674294984
36424,2001.5160674294984
36425,2001.5160674294984
36426,2001.5160674294984
36427,2001.5160674294984
36428,2001.5160674294984
36429,2001.5160674294984
36430,2001.5160674294984
36431,2001.5160674294984
36432,2001.5160674294984
36433,2001.5160674294984
36434,2001.5160674294984
36435,2001.5160674294984
36436,2001.5160674294984
36437,2001.5160674294984
36438,2001.5160674294984
36439,2001.5160674294984
36440,2001.5160674294984
36441,2001.5160674294984
36442,2001.5160674294984
36443,2001.5160674294984
36444,2001.5160674294984
36445,2001.5160674294984
36446,2001.5160674294984
36447,2001.5160674294984
36448,2001.5160674294984
36449,2001.5160674294984
36450,2001.5160674294984
36451,2001.5160674294984
36452,2001.5160674294984
36453,2001.5160674294984
36454,2001.5160674294984
36455,2001.5160674294984
36456,2001.5160674294984
36457,2001.5160674294984
36458,2001.5160674294984
36459,2001.5160674294984
36460,2001.5160674294984
36461,2001.5160674294984
36462,2001.5160674294984
36463,2001.5160674294984
36464,2001.5160674294984
36465,2001.5160674294984
36466,2001.5160674294984
36467,2001.5160674294984
36468,2001.5160674294984
36469,2001.5160674294984
36470,2001.5160674294984
36471,2001.5160674294984
36472,2001.5160674294984
36473,2001.5160674294984
36474,2001.5160674294984
36475,2001.5160674294984
36476,2001.5160674294984
36477,2001.5160674294984
36478,2001.5160674294984
36479,2001.5160674294984
36480,2001.5160674294984
36481,2001.5160674294984
36482,2001.5160674294984
36483,2001.5160674294984
36484,2001.5160674294984
36485,2001.5160674294984
36486,2001.5160674294984
36487,2001.5160674294984
36488,2001.5160674294984
36489,2001.5160674294984
36490,2001.5160674294984
36491,2001.5160674294984
36492,2001.5160674294984
36493,2001.5160674294984
36494,2001.5160674294984
36495,2001.5160674294984
36496,2001.5160674294984
36497,2001.5160674294984
36498,2001.5160674294984
36499,2001.5160674294984
36500,2001.5160674294984
36501,2001.5160674294984
36502,2001.5160674294984
36503,2001.5160674294984
36504,2001.5160674294984
36505,2001.5160674294984
36506,2001.5160674294984
36507,2001.5160674294984
36508,2001.5160674294984
36509,2001.5160674294984
36510,2001.5160674294984
36511,2001.5160674294984
36512,2001.5160674294984
36513,2001.5160674294984
36514,2001.5160674294984
36515,2001.5160674294984
36516,2001.5160674294984
36517,2001.5160674294984
36518,2001.5160674294984
36519,2001.5160674294984
36520,2001.5160674294984
36521,2001.5160674294984
36522,2001.5160674294984
36523,2001.5160674294984
36524,2001.5160674294984
36525,2001.5160674294984
36526,2001.5160674294984
36527,2001.5160674294984
36528,2001.5160674294984
36529,2001.5160674294984
36530,2001.5160674294984
36531,2001.5160674294984
36532,2001.5160674294984
36533,2001.5160674294984
36534,2001.5160674294984
36535,2001.5160674294984
36536,2001.5160674294984
36537,2001.5160674294984
36538,2001.5160674294984
36539,2001.5160674294984
36540,2001.5160674294984
36541,2001.5160674294984
36542,2001.5160674294984
36543,2001.5160674294984
36544,2001.5160674294984
36545,2001.5160674294984
36546,2001.5160674294984
36547,2001.5160674294984
36548,2001.5160674294984
36549,2001.5160674294984
36550,2001.5160674294984
36551,2001.5160674294984
36552,2001.5160674294984
36553,2001.5160674294984
36554,2001.5160674294984
36555,2001.5160674294984
36556,2001.5160674294984
36557,2001.5160674294984
36558,2001.5160674294984
36559,2001.5160674294984
36560,2001.5160674294984
36561,2001.5160674294984
36562,2001.5160674294984
36563,2001.5160674294984
36564,2001.5160674294984
36565,2001.5160674294984
36566,2001.5160674294984
36567,2001.5160674294984
36568,2001.5160674294984
36569,2001.5160674294984
36570,2001.5160674294984
36571,2001.5160674294984
36572,2001.5160674294984
36573,2001.5160674294984
36574,2001.5160674294984
36575,2001.5160674294984
36576,2001.5160674294984
36577,2001.5160674294984
36578,2001.5160674294984
36579,2001.5160674294984
36580,2001.5160674294984
36581,2001.5160674294984
36582,2001.5160674294984
36583,2001.5160674294984
36584,2001.5160674294984
36585,2001.5160674294984
36586,2001.5160674294984
36587,2001.5160674294984
36588,2001.5160674294984
36589,2001.5160674294984
36590,2001.5160674294984
36591,2001.5160674294984
36592,2001.5160674294984
36593,2001.5160674294984
36594,2001.5160674294984
36595,2001.5160674294984
36596,2001.5160674294984
36597,2001.5160674294984
36598,2001.5160674294984
36599,2001.5160674294984
36600,2001.5160674294984
36601,2001.5160674294984
36602,2001.5160674294984
36603,2001.5160674294984
36604,2001.5160674294984
36605,2001.5160674294984
36606,2001.5160674294984
36607,2001.5160674294984
36608,2001.5160674294984
36609,2001.5160674294984
36610,2001.5160674294984
36611,2001.5160674294984
36612,2001.5160674294984
36613,2001.5160674294984
36614,2001.5160674294984
36615,2001.5160674294984
36616,2001.5160674294984
36617,2001.5160674294984
36618,2001.5160674294984
36619,2001.5160674294984
36620,2001.5160674294984
36621,2001.5160674294984
36622,2001.5160674294984
36623,2001.5160674294984
36624,2001.5160674294984
36625,2001.5160674294984
36626,2001.5160674294984
36627,2001.5160674294984
36628,2001.5160674294984
36629,2001.5160674294984
36630,2001.5160674294984
36631,2001.5160674294984
36632,2001.5160674294984
36633,2001.5160674294984
36634,2001.5160674294984
36635,2001.5160674294984
36636,2001.5160674294984
36637,2001.5160674294984
36638,2001.5160674294984
36639,2001.5160674294984
36640,2001.5160674294984
36641,2001.5160674294984
36642,2001.5160674294984
36643,2001.5160674294984
36644,2001.5160674294984
36645,2001.5160674294984
36646,2001.5160674294984
36647,2001.5160674294984
36648,2001.5160674294984
36649,2001.5160674294984
36650,2001.5160674294984
36651,2001.5160674294984
36652,2001.5160674294984
36653,2001.5160674294984
36654,2001.5160674294984
36655,2001.5160674294984
36656,2001.5160674294984
36657,2001.5160674294984
36658,2001.5160674294984
36659,2001.5160674294984
36660,2001.5160674294984
36661,2001.5160674294984
36662,2001.5160674294984
36663,2001.5160674294984
36664,2001.5160674294984
36665,2001.5160674294984
36666,2001.5160674294984
36667,2001.5160674294984
36668,2001.5160674294984
36669,2001.5160674294984
36670,2001.5160674294984
36671,2001.5160674294984
36672,2001.5160674294984
36673,2001.5160674294984
36674,2001.5160674294984
36675,2001.5160674294984
36676,2001.5160674294984
36677,2001.5160674294984
36678,2001.5160674294984
36679,2001.5160674294984
36680,2001.5160674294984
36681,2001.5160674294984
36682,2001.5160674294984
36683,2001.5160674294984
36684,2001.5160674294984
36685,2001.5160674294984
36686,2001.5160674294984
36687,2001.5160674294984
36688,2001.5160674294984
36689,2001.5160674294984
36690,2001.5160674294984
36691,2001.5160674294984
36692,2001.5160674294984
36693,2001.5160674294984
36694,2001.5160674294984
36695,2001.5160674294984
36696,2001.5160674294984
36697,2001.5160674294984
36698,2001.5160674294984
36699,2001.5160674294984
36700,2001.5160674294984
36701,2001.5160674294984
36702,2001.5160674294984
36703,2001.5160674294984
36704,2001.5160674294984
36705,2001.5160674294984
36706,2001.5160674294984
36707,2001.5160674294984
36708,2001.5160674294984
36709,2001.5160674294984
36710,2001.5160674294984
36711,2001.5160674294984
36712,2001.5160674294984
36713,2001.5160674294984
36714,2001.5160674294984
36715,2001.5160674294984
36716,2001.5160674294984
36717,2001.5160674294984
36718,2001.5160674294984
36719,2001.5160674294984
36720,2001.5160674294984
36721,2001.5160674294984
36722,2001.5160674294984
36723,2001.5160674294984
36724,2001.5160674294984
36725,2001.5160674294984
36726,2001.5160674294984
36727,2001.5160674294984
36728,2001.5160674294984
36729,2001.5160674294984
36730,2001.5160674294984
36731,2001.5160674294984
36732,2001.5160674294984
36733,2001.5160674294984
36734,2001.5160674294984
36735,2001.5160674294984
36736,2001.5160674294984
36737,2001.5160674294984
36738,2001.5160674294984
36739,2001.5160674294984
36740,2001.5160674294984
36741,2001.5160674294984
36742,2001.5160674294984
36743,2001.5160674294984
36744,2001.5160674294984
36745,2001.5160674294984
36746,2001.5160674294984
36747,2001.5160674294984
36748,2001.5160674294984
36749,2001.5160674294984
36750,2001.5160674294984
36751,2001.5160674294984
36752,2001.5160674294984
36753,2001.5160674294984
36754,2001.5160674294984
36755,2001.5160674294984
36756,2001.5160674294984
36757,2001.5160674294984
36758,2001.5160674294984
36759,2001.5160674294984
36760,2001.5160674294984
36761,2001.5160674294984
36762,2001.5160674294984
36763,2001.5160674294984
36764,2001.5160674294984
36765,2001.5160674294984
36766,2001.5160674294984
36767,2001.5160674294984
36768,2001.5160674294984
36769,2001.5160674294984
36770,2001.5160674294984
36771,2001.5160674294984
36772,2001.5160674294984
36773,2001.5160674294984
36774,2001.5160674294984
36775,2001.5160674294984
36776,2001.5160674294984
36777,2001.5160674294984
36778,2001.5160674294984
36779,2001.5160674294984
36780,2001.5160674294984
36781,2001.5160674294984
36782,2001.5160674294984
36783,2001.5160674294984
36784,2001.5160674294984
36785,2001.5160674294984
36786,2001.5160674294984
36787,2001.5160674294984
36788,2001.5160674294984
36789,2001.5160674294984
36790,2001.5160674294984
36791,2001.5160674294984
36792,2001.5160674294984
36793,2001.5160674294984
36794,2001.5160674294984
36795,2001.5160674294984
36796,2001.5160674294984
36797,2001.5160674294984
36798,2001.5160674294984
36799,2001.5160674294984
36800,2001.5160674294984
36801,2001.5160674294984
36802,2001.5160674294984
36803,2001.5160674294984
36804,2001.5160674294984
36805,2001.5160674294984
36806,2001.5160674294984
36807,2001.5160674294984
36808,2001.5160674294984
36809,2001.5160674294984
36810,2001.5160674294984
36811,2001.5160674294984
36812,2001.5160674294984
36813,2001.5160674294984
36814,2001.5160674294984
36815,2001.5160674294984
36816,2001.5160674294984
36817,2001.5160674294984
36818,2001.5160674294984
36819,2001.5160674294984
36820,2001.5160674294984
36821,2001.5160674294984
36822,2001.5160674294984
36823,2001.5160674294984
36824,2001.5160674294984
36825,2001.5160674294984
36826,2001.5160674294984
36827,2001.5160674294984
36828,2001.5160674294984
36829,2001.5160674294984
36830,2001.5160674294984
36831,2001.5160674294984
36832,2001.5160674294984
36833,2001.5160674294984
36834,2001.5160674294984
36835,2001.5160674294984
36836,2001.5160674294984
36837,2001.5160674294984
36838,2001.5160674294984
36839,2001.5160674294984
36840,2001.5160674294984
36841,2001.5160674294984
36842,2001.5160674294984
36843,2001.5160674294984
36844,2001.5160674294984
36845,2001.5160674294984
36846,2001.5160674294984
36847,2001.5160674294984
36848,2001.5160674294984
36849,2001.5160674294984
36850,2001.5160674294984
36851,2001.5160674294984
36852,2001.5160674294984
36853,2001.5160674294984
36854,2001.5160674294984
36855,2001.5160674294984
36856,2001.5160674294984
36857,2001.5160674294984
36858,2001.5160674294984
36859,2001.5160674294984
36860,2001.5160674294984
36861,2001.5160674294984
36862,2001.5160674294984
36863,2001.5160674294984
36864,2001.5160674294984
36865,2001.5160674294984
36866,2001.5160674294984
36867,2001.5160674294984
36868,2001.5160674294984
36869,2001.5160674294984
36870,2001.5160674294984
36871,2001.5160674294984
36872,2001.5160674294984
36873,2001.5160674294984
36874,2001.5160674294984
36875,2001.5160674294984
36876,2001.5160674294984
36877,2001.5160674294984
36878,2001.5160674294984
36879,2001.5160674294984
36880,2001.5160674294984
36881,2001.5160674294984
36882,2001.5160674294984
36883,2001.5160674294984
36884,2001.5160674294984
36885,2001.5160674294984
36886,2001.5160674294984
36887,2001.5160674294984
36888,2001.5160674294984
36889,2001.5160674294984
36890,2001.5160674294984
36891,2001.5160674294984
36892,2001.5160674294984
36893,2001.5160674294984
36894,2001.5160674294984
36895,2001.5160674294984
36896,2001.5160674294984
36897,2001.5160674294984
36898,2001.5160674294984
36899,2001.5160674294984
36900,2001.5160674294984
36901,2001.5160674294984
36902,2001.5160674294984
36903,2001.5160674294984
36904,2001.5160674294984
36905,2001.5160674294984
36906,2001.5160674294984
36907,2001.5160674294984
36908,2001.5160674294984
36909,2001.5160674294984
36910,2001.5160674294984
36911,2001.5160674294984
36912,2001.5160674294984
36913,2001.5160674294984
36914,2001.5160674294984
36915,2001.5160674294984
36916,2001.5160674294984
36917,2001.5160674294984
36918,2001.5160674294984
36919,2001.5160674294984
36920,2001.5160674294984
36921,2001.5160674294984
36922,2001.5160674294984
36923,2001.5160674294984
36924,2001.5160674294984
36925,2001.5160674294984
36926,2001.5160674294984
36927,2001.5160674294984
36928,2001.5160674294984
36929,2001.5160674294984
36930,2001.5160674294984
36931,2001.5160674294984
36932,2001.5160674294984
36933,2001.5160674294984
36934,2001.5160674294984
36935,2001.5160674294984
36936,2001.5160674294984
36937,2001.5160674294984
36938,2001.5160674294984
36939,2001.5160674294984
36940,2001.5160674294984
36941,2001.5160674294984
36942,2001.5160674294984
36943,2001.5160674294984
36944,2001.5160674294984
36945,2001.5160674294984
36946,2001.5160674294984
36947,2001.5160674294984
36948,2001.5160674294984
36949,2001.5160674294984
36950,2001.5160674294984
36951,2001.5160674294984
36952,2001.5160674294984
36953,2001.5160674294984
36954,2001.5160674294984
36955,2001.5160674294984
36956,2001.5160674294984
36957,2001.5160674294984
36958,2001.5160674294984
36959,2001.5160674294984
36960,2001.5160674294984
36961,2001.5160674294984
36962,2001.5160674294984
36963,2001.5160674294984
36964,2001.5160674294984
36965,2001.5160674294984
36966,2001.5160674294984
36967,2001.5160674294984
36968,2001.5160674294984
36969,2001.5160674294984
36970,2001.5160674294984
36971,2001.5160674294984
36972,2001.5160674294984
36973,2001.5160674294984
36974,2001.5160674294984
36975,2001.5160674294984
36976,2001.5160674294984
36977,2001.5160674294984
36978,2001.5160674294984
36979,2001.5160674294984
36980,2001.5160674294984
36981,2001.5160674294984
36982,2001.5160674294984
36983,2001.5160674294984
36984,2001.5160674294984
36985,2001.5160674294984
36986,2001.5160674294984
36987,2001.5160674294984
36988,2001.5160674294984
36989,2001.5160674294984
36990,2001.5160674294984
36991,2001.5160674294984
36992,2001.5160674294984
36993,2001.5160674294984
36994,2001.5160674294984
36995,2001.5160674294984
36996,2001.5160674294984
36997,2001.5160674294984
36998,2001.5160674294984
36999,2001.5160674294984
37000,2001.5160674294984
37001,2001.5160674294984
37002,2001.5160674294984
37003,2001.5160674294984
37004,2001.5160674294984
37005,2001.5160674294984
37006,2001.5160674294984
37007,2001.5160674294984
37008,2001.5160674294984
37009,2001.5160674294984
37010,2001.5160674294984
37011,2001.5160674294984
37012,2001.5160674294984
37013,2001.5160674294984
37014,2001.5160674294984
37015,2001.5160674294984
37016,2001.5160674294984
37017,2001.5160674294984
37018,2001.5160674294984
37019,2001.5160674294984
37020,2001.5160674294984
37021,2001.5160674294984
37022,2001.5160674294984
37023,2001.5160674294984
37024,2001.5160674294984
37025,2001.5160674294984
37026,2001.5160674294984
37027,2001.5160674294984
37028,2001.5160674294984
37029,2001.5160674294984
37030,2001.5160674294984
37031,2001.5160674294984
37032,2001.5160674294984
37033,2001.5160674294984
37034,2001.5160674294984
37035,2001.5160674294984
37036,2001.5160674294984
37037,2001.5160674294984
37038,2001.5160674294984
37039,2001.5160674294984
37040,2001.5160674294984
37041,2001.5160674294984
37042,2001.5160674294984
37043,2001.5160674294984
37044,2001.5160674294984
37045,2001.5160674294984
37046,2001.5160674294984
37047,2001.5160674294984
37048,2001.5160674294984
37049,2001.5160674294984
37050,2001.5160674294984
37051,2001.5160674294984
37052,2001.5160674294984
37053,2001.5160674294984
37054,2001.5160674294984
37055,2001.5160674294984
37056,2001.5160674294984
37057,2001.5160674294984
37058,2001.5160674294984
37059,2001.5160674294984
37060,2001.5160674294984
37061,2001.5160674294984
37062,2001.5160674294984
37063,2001.5160674294984
37064,2001.5160674294984
37065,2001.5160674294984
37066,2001.5160674294984
37067,2001.5160674294984
37068,2001.5160674294984
37069,2001.5160674294984
37070,2001.5160674294984
37071,2001.5160674294984
37072,2001.5160674294984
37073,2001.5160674294984
37074,2001.5160674294984
37075,2001.5160674294984
37076,2001.5160674294984
37077,2001.5160674294984
37078,2001.5160674294984
37079,2001.5160674294984
37080,2001.5160674294984
37081,2001.5160674294984
37082,2001.5160674294984
37083,2001.5160674294984
37084,2001.5160674294984
37085,2001.5160674294984
37086,2001.5160674294984
37087,2001.5160674294984
37088,2001.5160674294984
37089,2001.5160674294984
37090,2001.5160674294984
37091,2001.5160674294984
37092,2001.5160674294984
37093,2001.5160674294984
37094,2001.5160674294984
37095,2001.5160674294984
37096,2001.5160674294984
37097,2001.5160674294984
37098,2001.5160674294984
37099,2001.5160674294984
37100,2001.5160674294984
37101,2001.5160674294984
37102,2001.5160674294984
37103,2001.5160674294984
37104,2001.5160674294984
37105,2001.5160674294984
37106,2001.5160674294984
37107,2001.5160674294984
37108,2001.5160674294984
37109,2001.5160674294984
37110,2001.5160674294984
37111,2001.5160674294984
37112,2001.5160674294984
37113,2001.5160674294984
37114,2001.5160674294984
37115,2001.5160674294984
37116,2001.5160674294984
37117,2001.5160674294984
37118,2001.5160674294984
37119,2001.5160674294984
37120,2001.5160674294984
37121,2001.5160674294984
37122,2001.5160674294984
37123,2001.5160674294984
37124,2001.5160674294984
37125,2001.5160674294984
37126,2001.5160674294984
37127,2001.5160674294984
37128,2001.5160674294984
37129,2001.5160674294984
37130,2001.5160674294984
37131,2001.5160674294984
37132,2001.5160674294984
37133,2001.5160674294984
37134,2001.5160674294984
37135,2001.5160674294984
37136,2001.5160674294984
37137,2001.5160674294984
37138,2001.5160674294984
37139,2001.5160674294984
37140,2001.5160674294984
37141,2001.5160674294984
37142,2001.5160674294984
37143,2001.5160674294984
37144,2001.5160674294984
37145,2001.5160674294984
37146,2001.5160674294984
37147,2001.5160674294984
37148,2001.5160674294984
37149,2001.5160674294984
37150,2001.5160674294984
37151,2001.5160674294984
37152,2001.5160674294984
37153,2001.5160674294984
37154,2001.5160674294984
37155,2001.5160674294984
37156,2001.5160674294984
37157,2001.5160674294984
37158,2001.5160674294984
37159,2001.5160674294984
37160,2001.5160674294984
37161,2001.5160674294984
37162,2001.5160674294984
37163,2001.5160674294984
37164,2001.5160674294984
37165,2001.5160674294984
37166,2001.5160674294984
37167,2001.5160674294984
37168,2001.5160674294984
37169,2001.5160674294984
37170,2001.5160674294984
37171,2001.5160674294984
37172,2001.5160674294984
37173,2001.5160674294984
37174,2001.5160674294984
37175,2001.5160674294984
37176,2001.5160674294984
37177,2001.5160674294984
37178,2001.5160674294984
37179,2001.5160674294984
37180,2001.5160674294984
37181,2001.5160674294984
37182,2001.5160674294984
37183,2001.5160674294984
37184,2001.5160674294984
37185,2001.5160674294984
37186,2001.5160674294984
37187,2001.5160674294984
37188,2001.5160674294984
37189,2001.5160674294984
37190,2001.5160674294984
37191,2001.5160674294984
37192,2001.5160674294984
37193,2001.5160674294984
37194,2001.5160674294984
37195,2001.5160674294984
37196,2001.5160674294984
37197,2001.5160674294984
37198,2001.5160674294984
37199,2001.5160674294984
37200,2001.5160674294984
37201,2001.5160674294984
37202,2001.5160674294984
37203,2001.5160674294984
37204,2001.5160674294984
37205,2001.5160674294984
37206,2001.5160674294984
37207,2001.5160674294984
37208,2001.5160674294984
37209,2001.5160674294984
37210,2001.5160674294984
37211,2001.5160674294984
37212,2001.5160674294984
37213,2001.5160674294984
37214,2001.5160674294984
37215,2001.5160674294984
37216,2001.5160674294984
37217,2001.5160674294984
37218,2001.5160674294984
37219,2001.5160674294984
37220,2001.5160674294984
37221,2001.5160674294984
37222,2001.5160674294984
37223,2001.5160674294984
37224,2001.5160674294984
37225,2001.5160674294984
37226,2001.5160674294984
37227,2001.5160674294984
37228,2001.5160674294984
37229,2001.5160674294984
37230,2001.5160674294984
37231,2001.5160674294984
37232,2001.5160674294984
37233,2001.5160674294984
37234,2001.5160674294984
37235,2001.5160674294984
37236,2001.5160674294984
37237,2001.5160674294984
37238,2001.5160674294984
37239,2001.5160674294984
37240,2001.5160674294984
37241,2001.5160674294984
37242,2001.5160674294984
37243,2001.5160674294984
37244,2001.5160674294984
37245,2001.5160674294984
37246,2001.5160674294984
37247,2001.5160674294984
37248,2001.5160674294984
37249,2001.5160674294984
37250,2001.5160674294984
37251,2001.5160674294984
37252,2001.5160674294984
37253,2001.5160674294984
37254,2001.5160674294984
37255,2001.5160674294984
37256,2001.5160674294984
37257,2001.5160674294984
37258,2001.5160674294984
37259,2001.5160674294984
37260,2001.5160674294984
37261,2001.5160674294984
37262,2001.5160674294984
37263,2001.5160674294984
37264,2001.5160674294984
37265,2001.5160674294984
37266,2001.5160674294984
37267,2001.5160674294984
37268,2001.5160674294984
37269,2001.5160674294984
37270,2001.5160674294984
37271,2001.5160674294984
37272,2001.5160674294984
37273,2001.5160674294984
37274,2001.5160674294984
37275,2001.5160674294984
37276,2001.5160674294984
37277,2001.5160674294984
37278,2001.5160674294984
37279,2001.5160674294984
37280,2001.5160674294984
37281,2001.5160674294984
37282,2001.5160674294984
37283,2001.5160674294984
37284,2001.5160674294984
37285,2001.5160674294984
37286,2001.5160674294984
37287,2001.5160674294984
37288,2001.5160674294984
37289,2001.5160674294984
37290,2001.5160674294984
37291,2001.5160674294984
37292,2001.5160674294984
37293,2001.5160674294984
37294,2001.5160674294984
37295,2001.5160674294984
37296,2001.5160674294984
37297,2001.5160674294984
37298,2001.5160674294984
37299,2001.5160674294984
37300,2001.5160674294984
37301,2001.5160674294984
37302,2001.5160674294984
37303,2001.5160674294984
37304,2001.5160674294984
37305,2001.5160674294984
37306,2001.5160674294984
37307,2001.5160674294984
37308,2001.5160674294984
37309,2001.5160674294984
37310,2001.5160674294984
37311,2001.5160674294984
37312,2001.5160674294984
37313,2001.5160674294984
37314,2001.5160674294984
37315,2001.5160674294984
37316,2001.5160674294984
37317,2001.5160674294984
37318,2001.5160674294984
37319,2001.5160674294984
37320,2001.5160674294984
37321,2001.5160674294984
37322,2001.5160674294984
37323,2001.5160674294984
37324,2001.5160674294984
37325,2001.5160674294984
37326,2001.5160674294984
37327,2001.5160674294984
37328,2001.5160674294984
37329,2001.5160674294984
37330,2001.5160674294984
37331,2001.5160674294984
37332,2001.5160674294984
37333,2001.5160674294984
37334,2001.5160674294984
37335,2001.5160674294984
37336,2001.5160674294984
37337,2001.5160674294984
37338,2001.5160674294984
37339,2001.5160674294984
37340,2001.5160674294984
37341,2001.5160674294984
37342,2001.5160674294984
37343,2001.5160674294984
37344,2001.5160674294984
37345,2001.5160674294984
37346,2001.5160674294984
37347,2001.5160674294984
37348,2001.5160674294984
37349,2001.5160674294984
37350,2001.5160674294984
37351,2001.5160674294984
37352,2001.5160674294984
37353,2001.5160674294984
37354,2001.5160674294984
37355,2001.5160674294984
37356,2001.5160674294984
37357,2001.5160674294984
37358,2001.5160674294984
37359,2001.5160674294984
37360,2001.5160674294984
37361,2001.5160674294984
37362,2001.5160674294984
37363,2001.5160674294984
37364,2001.5160674294984
37365,2001.5160674294984
37366,2001.5160674294984
37367,2001.5160674294984
37368,2001.5160674294984
37369,2001.5160674294984
37370,2001.5160674294984
37371,2001.5160674294984
37372,2001.5160674294984
37373,2001.5160674294984
37374,2001.5160674294984
37375,2001.5160674294984
37376,2001.5160674294984
37377,2001.5160674294984
37378,2001.5160674294984
37379,2001.5160674294984
37380,2001.5160674294984
37381,2001.5160674294984
37382,2001.5160674294984
37383,2001.5160674294984
37384,2001.5160674294984
37385,2001.5160674294984
37386,2001.5160674294984
37387,2001.5160674294984
37388,2001.5160674294984
37389,2001.5160674294984
37390,2001.5160674294984
37391,2001.5160674294984
37392,2001.5160674294984
37393,2001.5160674294984
37394,2001.5160674294984
37395,2001.5160674294984
37396,2001.5160674294984
37397,2001.5160674294984
37398,2001.5160674294984
37399,2001.5160674294984
37400,2001.5160674294984
37401,2001.5160674294984
37402,2001.5160674294984
37403,2001.5160674294984
37404,2001.5160674294984
37405,2001.5160674294984
37406,2001.5160674294984
37407,2001.5160674294984
37408,2001.5160674294984
37409,2001.5160674294984
37410,2001.5160674294984
37411,2001.5160674294984
37412,2001.5160674294984
37413,2001.5160674294984
37414,2001.5160674294984
37415,2001.5160674294984
37416,2001.5160674294984
37417,2001.5160674294984
37418,2001.5160674294984
37419,2001.5160674294984
37420,2001.5160674294984
37421,2001.5160674294984
37422,2001.5160674294984
37423,2001.5160674294984
37424,2001.5160674294984
37425,2001.5160674294984
37426,2001.5160674294984
37427,2001.5160674294984
37428,2001.5160674294984
37429,2001.5160674294984
37430,2001.5160674294984
37431,2001.5160674294984
37432,2001.5160674294984
37433,2001.5160674294984
37434,2001.5160674294984
37435,2001.5160674294984
37436,2001.5160674294984
37437,2001.5160674294984
37438,2001.5160674294984
37439,2001.5160674294984
37440,2001.5160674294984
37441,2001.5160674294984
37442,2001.5160674294984
37443,2001.5160674294984
37444,2001.5160674294984
37445,2001.5160674294984
37446,2001.5160674294984
37447,2001.5160674294984
37448,2001.5160674294984
37449,2001.5160674294984
37450,2001.5160674294984
37451,2001.5160674294984
37452,2001.5160674294984
37453,2001.5160674294984
37454,2001.5160674294984
37455,2001.5160674294984
37456,2001.5160674294984
37457,2001.5160674294984
37458,2001.5160674294984
37459,2001.5160674294984
37460,2001.5160674294984
37461,2001.5160674294984
37462,2001.5160674294984
37463,2001.5160674294984
37464,2001.5160674294984
37465,2001.5160674294984
37466,2001.5160674294984
37467,2001.5160674294984
37468,2001.5160674294984
37469,2001.5160674294984
37470,2001.5160674294984
37471,2001.5160674294984
37472,2001.5160674294984
37473,2001.5160674294984
37474,2001.5160674294984
37475,2001.5160674294984
37476,2001.5160674294984
37477,2001.5160674294984
37478,2001.5160674294984
37479,2001.5160674294984
37480,2001.5160674294984
37481,2001.5160674294984
37482,2001.5160674294984
37483,2001.5160674294984
37484,2001.5160674294984
37485,2001.5160674294984
37486,2001.5160674294984
37487,2001.5160674294984
37488,2001.5160674294984
37489,2001.5160674294984
37490,2001.5160674294984
37491,2001.5160674294984
37492,2001.5160674294984
37493,2001.5160674294984
37494,2001.5160674294984
37495,2001.5160674294984
37496,2001.5160674294984
37497,2001.5160674294984
37498,2001.5160674294984
37499,2001.5160674294984
37500,2001.5160674294984
37501,2001.5160674294984
37502,2001.5160674294984
37503,2001.5160674294984
37504,2001.5160674294984
37505,2001.5160674294984
37506,2001.5160674294984
37507,2001.5160674294984
37508,2001.5160674294984
37509,2001.5160674294984
37510,2001.5160674294984
37511,2001.5160674294984
37512,2001.5160674294984
37513,2001.5160674294984
37514,2001.5160674294984
37515,2001.5160674294984
37516,2001.5160674294984
37517,2001.5160674294984
37518,2001.5160674294984
37519,2001.5160674294984
37520,2001.5160674294984
37521,2001.5160674294984
37522,2001.5160674294984
37523,2001.5160674294984
37524,2001.5160674294984
37525,2001.5160674294984
37526,2001.5160674294984
37527,2001.5160674294984
37528,2001.5160674294984
37529,2001.5160674294984
37530,2001.5160674294984
37531,2001.5160674294984
37532,2001.5160674294984
37533,2001.5160674294984
37534,2001.5160674294984
37535,2001.5160674294984
37536,2001.5160674294984
37537,2001.5160674294984
37538,2001.5160674294984
37539,2001.5160674294984
37540,2001.5160674294984
37541,2001.5160674294984
37542,2001.5160674294984
37543,2001.5160674294984
37544,2001.5160674294984
37545,2001.5160674294984
37546,2001.5160674294984
37547,2001.5160674294984
37548,2001.5160674294984
37549,2001.5160674294984
37550,2001.5160674294984
37551,2001.5160674294984
37552,2001.5160674294984
37553,2001.5160674294984
37554,2001.5160674294984
37555,2001.5160674294984
37556,2001.5160674294984
37557,2001.5160674294984
37558,2001.5160674294984
37559,2001.5160674294984
37560,2001.5160674294984
37561,2001.5160674294984
37562,2001.5160674294984
37563,2001.5160674294984
37564,2001.5160674294984
37565,2001.5160674294984
37566,2001.5160674294984
37567,2001.5160674294984
37568,2001.5160674294984
37569,2001.5160674294984
37570,2001.5160674294984
37571,2001.5160674294984
37572,2001.5160674294984
37573,2001.5160674294984
37574,2001.5160674294984
37575,2001.5160674294984
37576,2001.5160674294984
37577,2001.5160674294984
37578,2001.5160674294984
37579,2001.5160674294984
37580,2001.5160674294984
37581,2001.5160674294984
37582,2001.5160674294984
37583,2001.5160674294984
37584,2001.5160674294984
37585,2001.5160674294984
37586,2001.5160674294984
37587,2001.5160674294984
37588,2001.5160674294984
37589,2001.5160674294984
37590,2001.5160674294984
37591,2001.5160674294984
37592,2001.5160674294984
37593,2001.5160674294984
37594,2001.5160674294984
37595,2001.5160674294984
37596,2001.5160674294984
37597,2001.5160674294984
37598,2001.5160674294984
37599,2001.5160674294984
37600,2001.5160674294984
37601,2001.5160674294984
37602,2001.5160674294984
37603,2001.5160674294984
37604,2001.5160674294984
37605,2001.5160674294984
37606,2001.5160674294984
37607,2001.5160674294984
37608,2001.5160674294984
37609,2001.5160674294984
37610,2001.5160674294984
37611,2001.5160674294984
37612,2001.5160674294984
37613,2001.5160674294984
37614,2001.5160674294984
37615,2001.5160674294984
37616,2001.5160674294984
37617,2001.5160674294984
37618,2001.5160674294984
37619,2001.5160674294984
37620,2001.5160674294984
37621,2001.5160674294984
37622,2001.5160674294984
37623,2001.5160674294984
37624,2001.5160674294984
37625,2001.5160674294984
37626,2001.5160674294984
37627,2001.5160674294984
37628,2001.5160674294984
37629,2001.5160674294984
37630,2001.5160674294984
37631,2001.5160674294984
37632,2001.5160674294984
37633,2001.5160674294984
37634,2001.5160674294984
37635,2001.5160674294984
37636,2001.5160674294984
37637,2001.5160674294984
37638,2001.5160674294984
37639,2001.5160674294984
37640,2001.5160674294984
37641,2001.5160674294984
37642,2001.5160674294984
37643,2001.5160674294984
37644,2001.5160674294984
37645,2001.5160674294984
37646,2001.5160674294984
37647,2001.5160674294984
37648,2001.5160674294984
37649,2001.5160674294984
37650,2001.5160674294984
37651,2001.5160674294984
37652,2001.5160674294984
37653,2001.5160674294984
37654,2001.5160674294984
37655,2001.5160674294984
37656,2001.5160674294984
37657,2001.5160674294984
37658,2001.5160674294984
37659,2001.5160674294984
37660,2001.5160674294984
37661,2001.5160674294984
37662,2001.5160674294984
37663,2001.5160674294984
37664,2001.5160674294984
37665,2001.5160674294984
37666,2001.5160674294984
37667,2001.5160674294984
37668,2001.5160674294984
37669,2001.5160674294984
37670,2001.5160674294984
37671,2001.5160674294984
37672,2001.5160674294984
37673,2001.5160674294984
37674,2001.5160674294984
37675,2001.5160674294984
37676,2001.5160674294984
37677,2001.5160674294984
37678,2001.5160674294984
37679,2001.5160674294984
37680,2001.5160674294984
37681,2001.5160674294984
37682,2001.5160674294984
37683,2001.5160674294984
37684,2001.5160674294984
37685,2001.5160674294984
37686,2001.5160674294984
37687,2001.5160674294984
37688,2001.5160674294984
37689,2001.5160674294984
37690,2001.5160674294984
37691,2001.5160674294984
37692,2001.5160674294984
37693,2001.5160674294984
37694,2001.5160674294984
37695,2001.5160674294984
37696,2001.5160674294984
37697,2001.5160674294984
37698,2001.5160674294984
37699,2001.5160674294984
37700,2001.5160674294984
37701,2001.5160674294984
37702,2001.5160674294984
37703,2001.5160674294984
37704,2001.5160674294984
37705,2001.5160674294984
37706,2001.5160674294984
37707,2001.5160674294984
37708,2001.5160674294984
37709,2001.5160674294984
37710,2001.5160674294984
37711,2001.5160674294984
37712,2001.5160674294984
37713,2001.5160674294984
37714,2001.5160674294984
37715,2001.5160674294984
37716,2001.5160674294984
37717,2001.5160674294984
37718,2001.5160674294984
37719,2001.5160674294984
37720,2001.5160674294984
37721,2001.5160674294984
37722,2001.5160674294984
37723,2001.5160674294984
37724,2001.5160674294984
37725,2001.5160674294984
37726,2001.5160674294984
37727,2001.5160674294984
37728,2001.5160674294984
37729,2001.5160674294984
37730,2001.5160674294984
37731,2001.5160674294984
37732,2001.5160674294984
37733,2001.5160674294984
37734,2001.5160674294984
37735,2001.5160674294984
37736,2001.5160674294984
37737,2001.5160674294984
37738,2001.5160674294984
37739,2001.5160674294984
37740,2001.5160674294984
37741,2001.5160674294984
37742,2001.5160674294984
37743,2001.5160674294984
37744,2001.5160674294984
37745,2001.5160674294984
37746,2001.5160674294984
37747,2001.5160674294984
37748,2001.5160674294984
37749,2001.5160674294984
37750,2001.5160674294984
37751,2001.5160674294984
37752,2001.5160674294984
37753,2001.5160674294984
37754,2001.5160674294984
37755,2001.5160674294984
37756,2001.5160674294984
37757,2001.5160674294984
37758,2001.5160674294984
37759,2001.5160674294984
37760,2001.5160674294984
37761,2001.5160674294984
37762,2001.5160674294984
37763,2001.5160674294984
37764,2001.5160674294984
37765,2001.5160674294984
37766,2001.5160674294984
37767,2001.5160674294984
37768,2001.5160674294984
37769,2001.5160674294984
37770,2001.5160674294984
37771,2001.5160674294984
37772,2001.5160674294984
37773,2001.5160674294984
37774,2001.5160674294984
37775,2001.5160674294984
37776,2001.5160674294984
37777,2001.5160674294984
37778,2001.5160674294984
37779,2001.5160674294984
37780,2001.5160674294984
37781,2001.5160674294984
37782,2001.5160674294984
37783,2001.5160674294984
37784,2001.5160674294984
37785,2001.5160674294984
37786,2001.5160674294984
37787,2001.5160674294984
37788,2001.5160674294984
37789,2001.5160674294984
37790,2001.5160674294984
37791,2001.5160674294984
37792,2001.5160674294984
37793,2001.5160674294984
37794,2001.5160674294984
37795,2001.5160674294984
37796,2001.5160674294984
37797,2001.5160674294984
37798,2001.5160674294984
37799,2001.5160674294984
37800,2001.5160674294984
37801,2001.5160674294984
37802,2001.5160674294984
37803,2001.5160674294984
37804,2001.5160674294984
37805,2001.5160674294984
37806,2001.5160674294984
37807,2001.5160674294984
37808,2001.5160674294984
37809,2001.5160674294984
37810,2001.5160674294984
37811,2001.5160674294984
37812,2001.5160674294984
37813,2001.5160674294984
37814,2001.5160674294984
37815,2001.5160674294984
37816,2001.5160674294984
37817,2001.5160674294984
37818,2001.5160674294984
37819,2001.5160674294984
37820,2001.5160674294984
37821,2001.5160674294984
37822,2001.5160674294984
37823,2001.5160674294984
37824,2001.5160674294984
37825,2001.5160674294984
37826,2001.5160674294984
37827,2001.5160674294984
37828,2001.5160674294984
37829,2001.5160674294984
37830,2001.5160674294984
37831,2001.5160674294984
37832,2001.5160674294984
37833,2001.5160674294984
37834,2001.5160674294984
37835,2001.5160674294984
37836,2001.5160674294984
37837,2001.5160674294984
37838,2001.5160674294984
37839,2001.5160674294984
37840,2001.5160674294984
37841,2001.5160674294984
37842,2001.5160674294984
37843,2001.5160674294984
37844,2001.5160674294984
37845,2001.5160674294984
37846,2001.5160674294984
37847,2001.5160674294984
37848,2001.5160674294984
37849,2001.5160674294984
37850,2001.5160674294984
37851,2001.5160674294984
37852,2001.5160674294984
37853,2001.5160674294984
37854,2001.5160674294984
37855,2001.5160674294984
37856,2001.5160674294984
37857,2001.5160674294984
37858,2001.5160674294984
37859,2001.5160674294984
37860,2001.5160674294984
37861,2001.5160674294984
37862,2001.5160674294984
37863,2001.5160674294984
37864,2001.5160674294984
37865,2001.5160674294984
37866,2001.5160674294984
37867,2001.5160674294984
37868,2001.5160674294984
37869,2001.5160674294984
37870,2001.5160674294984
37871,2001.5160674294984
37872,2001.5160674294984
37873,2001.5160674294984
37874,2001.5160674294984
37875,2001.5160674294984
37876,2001.5160674294984
37877,2001.5160674294984
37878,2001.5160674294984
37879,2001.5160674294984
37880,2001.5160674294984
37881,2001.5160674294984
37882,2001.5160674294984
37883,2001.5160674294984
37884,2001.5160674294984
37885,2001.5160674294984
37886,2001.5160674294984
37887,2001.5160674294984
37888,2001.5160674294984
37889,2001.5160674294984
37890,2001.5160674294984
37891,2001.5160674294984
37892,2001.5160674294984
37893,2001.5160674294984
37894,2001.5160674294984
37895,2001.5160674294984
37896,2001.5160674294984
37897,2001.5160674294984
37898,2001.5160674294984
37899,2001.5160674294984
37900,2001.5160674294984
37901,2001.5160674294984
37902,2001.5160674294984
37903,2001.5160674294984
37904,2001.5160674294984
37905,2001.5160674294984
37906,2001.5160674294984
37907,2001.5160674294984
37908,2001.5160674294984
37909,2001.5160674294984
37910,2001.5160674294984
37911,2001.5160674294984
37912,2001.5160674294984
37913,2001.5160674294984
37914,2001.5160674294984
37915,2001.5160674294984
37916,2001.5160674294984
37917,2001.5160674294984
37918,2001.5160674294984
37919,2001.5160674294984
37920,2001.5160674294984
37921,2001.5160674294984
37922,2001.5160674294984
37923,2001.5160674294984
37924,2001.5160674294984
37925,2001.5160674294984
37926,2001.5160674294984
37927,2001.5160674294984
37928,2001.5160674294984
37929,2001.5160674294984
37930,2001.5160674294984
37931,2001.5160674294984
37932,2001.5160674294984
37933,2001.5160674294984
37934,2001.5160674294984
37935,2001.5160674294984
37936,2001.5160674294984
37937,2001.5160674294984
37938,2001.5160674294984
37939,2001.5160674294984
37940,2001.5160674294984
37941,2001.5160674294984
37942,2001.5160674294984
37943,2001.5160674294984
37944,2001.5160674294984
37945,2001.5160674294984
37946,2001.5160674294984
37947,2001.5160674294984
37948,2001.5160674294984
37949,2001.5160674294984
37950,2001.5160674294984
37951,2001.5160674294984
37952,2001.5160674294984
37953,2001.5160674294984
37954,2001.5160674294984
37955,2001.5160674294984
37956,2001.5160674294984
37957,2001.5160674294984
37958,2001.5160674294984
37959,2001.5160674294984
37960,2001.5160674294984
37961,2001.5160674294984
37962,2001.5160674294984
37963,2001.5160674294984
37964,2001.5160674294984
37965,2001.5160674294984
37966,2001.5160674294984
37967,2001.5160674294984
37968,2001.5160674294984
37969,2001.5160674294984
37970,2001.5160674294984
37971,2001.5160674294984
37972,2001.5160674294984
37973,2001.5160674294984
37974,2001.5160674294984
37975,2001.5160674294984
37976,2001.5160674294984
37977,2001.5160674294984
37978,2001.5160674294984
37979,2001.5160674294984
37980,2001.5160674294984
37981,2001.5160674294984
37982,2001.5160674294984
37983,2001.5160674294984
37984,2001.5160674294984
37985,2001.5160674294984
37986,2001.5160674294984
37987,2001.5160674294984
37988,2001.5160674294984
37989,2001.5160674294984
37990,2001.5160674294984
37991,2001.5160674294984
37992,2001.5160674294984
37993,2001.5160674294984
37994,2001.5160674294984
37995,2001.5160674294984
37996,2001.5160674294984
37997,2001.5160674294984
37998,2001.5160674294984
37999,2001.5160674294984
38000,2001.5160674294984
38001,2001.5160674294984
38002,2001.5160674294984
38003,2001.5160674294984
38004,2001.5160674294984
38005,2001.5160674294984
38006,2001.5160674294984
38007,2001.5160674294984
38008,2001.5160674294984
38009,2001.5160674294984
38010,2001.5160674294984
38011,2001.5160674294984
38012,2001.5160674294984
38013,2001.5160674294984
38014,2001.5160674294984
38015,2001.5160674294984
38016,2001.5160674294984
38017,2001.5160674294984
38018,2001.5160674294984
38019,2001.5160674294984
38020,2001.5160674294984
38021,2001.5160674294984
38022,2001.5160674294984
38023,2001.5160674294984
38024,2001.5160674294984
38025,2001.5160674294984
38026,2001.5160674294984
38027,2001.5160674294984
38028,2001.5160674294984
38029,2001.5160674294984
38030,2001.5160674294984
38031,2001.5160674294984
38032,2001.5160674294984
38033,2001.5160674294984
38034,2001.5160674294984
38035,2001.5160674294984
38036,2001.5160674294984
38037,2001.5160674294984
38038,2001.5160674294984
38039,2001.5160674294984
38040,2001.5160674294984
38041,2001.5160674294984
38042,2001.5160674294984
38043,2001.5160674294984
38044,2001.5160674294984
38045,2001.5160674294984
38046,2001.5160674294984
38047,2001.5160674294984
38048,2001.5160674294984
38049,2001.5160674294984
38050,2001.5160674294984
38051,2001.5160674294984
38052,2001.5160674294984
38053,2001.5160674294984
38054,2001.5160674294984
38055,2001.5160674294984
38056,2001.5160674294984
38057,2001.5160674294984
38058,2001.5160674294984
38059,2001.5160674294984
38060,2001.5160674294984
38061,2001.5160674294984
38062,2001.5160674294984
38063,2001.5160674294984
38064,2001.5160674294984
38065,2001.5160674294984
38066,2001.5160674294984
38067,2001.5160674294984
38068,2001.5160674294984
38069,2001.5160674294984
38070,2001.5160674294984
38071,2001.5160674294984
38072,2001.5160674294984
38073,2001.5160674294984
38074,2001.5160674294984
38075,2001.5160674294984
38076,2001.5160674294984
38077,2001.5160674294984
38078,2001.5160674294984
38079,2001.5160674294984
38080,2001.5160674294984
38081,2001.5160674294984
38082,2001.5160674294984
38083,2001.5160674294984
38084,2001.5160674294984
38085,2001.5160674294984
38086,2001.5160674294984
38087,2001.5160674294984
38088,2001.5160674294984
38089,2001.5160674294984
38090,2001.5160674294984
38091,2001.5160674294984
38092,2001.5160674294984
38093,2001.5160674294984
38094,2001.5160674294984
38095,2001.5160674294984
38096,2001.5160674294984
38097,2001.5160674294984
38098,2001.5160674294984
38099,2001.5160674294984
38100,2001.5160674294984
38101,2001.5160674294984
38102,2001.5160674294984
38103,2001.5160674294984
38104,2001.5160674294984
38105,2001.5160674294984
38106,2001.5160674294984
38107,2001.5160674294984
38108,2001.5160674294984
38109,2001.5160674294984
38110,2001.5160674294984
38111,2001.5160674294984
38112,2001.5160674294984
38113,2001.5160674294984
38114,2001.5160674294984
38115,2001.5160674294984
38116,2001.5160674294984
38117,2001.5160674294984
38118,2001.5160674294984
38119,2001.5160674294984
38120,2001.5160674294984
38121,2001.5160674294984
38122,2001.5160674294984
38123,2001.5160674294984
38124,2001.5160674294984
38125,2001.5160674294984
38126,2001.5160674294984
38127,2001.5160674294984
38128,2001.5160674294984
38129,2001.5160674294984
38130,2001.5160674294984
38131,2001.5160674294984
38132,2001.5160674294984
38133,2001.5160674294984
38134,2001.5160674294984
38135,2001.5160674294984
38136,2001.5160674294984
38137,2001.5160674294984
38138,2001.5160674294984
38139,2001.5160674294984
38140,2001.5160674294984
38141,2001.5160674294984
38142,2001.5160674294984
38143,2001.5160674294984
38144,2001.5160674294984
38145,2001.5160674294984
38146,2001.5160674294984
38147,2001.5160674294984
38148,2001.5160674294984
38149,2001.5160674294984
38150,2001.5160674294984
38151,2001.5160674294984
38152,2001.5160674294984
38153,2001.5160674294984
38154,2001.5160674294984
38155,2001.5160674294984
38156,2001.5160674294984
38157,2001.5160674294984
38158,2001.5160674294984
38159,2001.5160674294984
38160,2001.5160674294984
38161,2001.5160674294984
38162,2001.5160674294984
38163,2001.5160674294984
38164,2001.5160674294984
38165,2001.5160674294984
38166,2001.5160674294984
38167,2001.5160674294984
38168,2001.5160674294984
38169,2001.5160674294984
38170,2001.5160674294984
38171,2001.5160674294984
38172,2001.5160674294984
38173,2001.5160674294984
38174,2001.5160674294984
38175,2001.5160674294984
38176,2001.5160674294984
38177,2001.5160674294984
38178,2001.5160674294984
38179,2001.5160674294984
38180,2001.5160674294984
38181,2001.5160674294984
38182,2001.5160674294984
38183,2001.5160674294984
38184,2001.5160674294984
38185,2001.5160674294984
38186,2001.5160674294984
38187,2001.5160674294984
38188,2001.5160674294984
38189,2001.5160674294984
38190,2001.5160674294984
38191,2001.5160674294984
38192,2001.5160674294984
38193,2001.5160674294984
38194,2001.5160674294984
38195,2001.5160674294984
38196,2001.5160674294984
38197,2001.5160674294984
38198,2001.5160674294984
38199,2001.5160674294984
38200,2001.5160674294984
38201,2001.5160674294984
38202,2001.5160674294984
38203,2001.5160674294984
38204,2001.5160674294984
38205,2001.5160674294984
38206,2001.5160674294984
38207,2001.5160674294984
38208,2001.5160674294984
38209,2001.5160674294984
38210,2001.5160674294984
38211,2001.5160674294984
38212,2001.5160674294984
38213,2001.5160674294984
38214,2001.5160674294984
38215,2001.5160674294984
38216,2001.5160674294984
38217,2001.5160674294984
38218,2001.5160674294984
38219,2001.5160674294984
38220,2001.5160674294984
38221,2001.5160674294984
38222,2001.5160674294984
38223,2001.5160674294984
38224,2001.5160674294984
38225,2001.5160674294984
38226,2001.5160674294984
38227,2001.5160674294984
38228,2001.5160674294984
38229,2001.5160674294984
38230,2001.5160674294984
38231,2001.5160674294984
38232,2001.5160674294984
38233,2001.5160674294984
38234,2001.5160674294984
38235,2001.5160674294984
38236,2001.5160674294984
38237,2001.5160674294984
38238,2001.5160674294984
38239,2001.5160674294984
38240,2001.5160674294984
38241,2001.5160674294984
38242,2001.5160674294984
38243,2001.5160674294984
38244,2001.5160674294984
38245,2001.5160674294984
38246,2001.5160674294984
38247,2001.5160674294984
38248,2001.5160674294984
38249,2001.5160674294984
38250,2001.5160674294984
38251,2001.5160674294984
38252,2001.5160674294984
38253,2001.5160674294984
38254,2001.5160674294984
38255,2001.5160674294984
38256,2001.5160674294984
38257,2001.5160674294984
38258,2001.5160674294984
38259,2001.5160674294984
38260,2001.5160674294984
38261,2001.5160674294984
38262,2001.5160674294984
38263,2001.5160674294984
38264,2001.5160674294984
38265,2001.5160674294984
38266,2001.5160674294984
38267,2001.5160674294984
38268,2001.5160674294984
38269,2001.5160674294984
38270,2001.5160674294984
38271,2001.5160674294984
38272,2001.5160674294984
38273,2001.5160674294984
38274,2001.5160674294984
38275,2001.5160674294984
38276,2001.5160674294984
38277,2001.5160674294984
38278,2001.5160674294984
38279,2001.5160674294984
38280,2001.5160674294984
38281,2001.5160674294984
38282,2001.5160674294984
38283,2001.5160674294984
38284,2001.5160674294984
38285,2001.5160674294984
38286,2001.5160674294984
38287,2001.5160674294984
38288,2001.5160674294984
38289,2001.5160674294984
38290,2001.5160674294984
38291,2001.5160674294984
38292,2001.5160674294984
38293,2001.5160674294984
38294,2001.5160674294984
38295,2001.5160674294984
38296,2001.5160674294984
38297,2001.5160674294984
38298,2001.5160674294984
38299,2001.5160674294984
38300,2001.5160674294984
38301,2001.5160674294984
38302,2001.5160674294984
38303,2001.5160674294984
38304,2001.5160674294984
38305,2001.5160674294984
38306,2001.5160674294984
38307,2001.5160674294984
38308,2001.5160674294984
38309,2001.5160674294984
38310,2001.5160674294984
38311,2001.5160674294984
38312,2001.5160674294984
38313,2001.5160674294984
38314,2001.5160674294984
38315,2001.5160674294984
38316,2001.5160674294984
38317,2001.5160674294984
38318,2001.5160674294984
38319,2001.5160674294984
38320,2001.5160674294984
38321,2001.5160674294984
38322,2001.5160674294984
38323,2001.5160674294984
38324,2001.5160674294984
38325,2001.5160674294984
38326,2001.5160674294984
38327,2001.5160674294984
38328,2001.5160674294984
38329,2001.5160674294984
38330,2001.5160674294984
38331,2001.5160674294984
38332,2001.5160674294984
38333,2001.5160674294984
38334,2001.5160674294984
38335,2001.5160674294984
38336,2001.5160674294984
38337,2001.5160674294984
38338,2001.5160674294984
38339,2001.5160674294984
38340,2001.5160674294984
38341,2001.5160674294984
38342,2001.5160674294984
38343,2001.5160674294984
38344,2001.5160674294984
38345,2001.5160674294984
38346,2001.5160674294984
38347,2001.5160674294984
38348,2001.5160674294984
38349,2001.5160674294984
38350,2001.5160674294984
38351,2001.5160674294984
38352,2001.5160674294984
38353,2001.5160674294984
38354,2001.5160674294984
38355,2001.5160674294984
38356,2001.5160674294984
38357,2001.5160674294984
38358,2001.5160674294984
38359,2001.5160674294984
38360,2001.5160674294984
38361,2001.5160674294984
38362,2001.5160674294984
38363,2001.5160674294984
38364,2001.5160674294984
38365,2001.5160674294984
38366,2001.5160674294984
38367,2001.5160674294984
38368,2001.5160674294984
38369,2001.5160674294984
38370,2001.5160674294984
38371,2001.5160674294984
38372,2001.5160674294984
38373,2001.5160674294984
38374,2001.5160674294984
38375,2001.5160674294984
38376,2001.5160674294984
38377,2001.5160674294984
38378,2001.5160674294984
38379,2001.5160674294984
38380,2001.5160674294984
38381,2001.5160674294984
38382,2001.5160674294984
38383,2001.5160674294984
38384,2001.5160674294984
38385,2001.5160674294984
38386,2001.5160674294984
38387,2001.5160674294984
38388,2001.5160674294984
38389,2001.5160674294984
38390,2001.5160674294984
38391,2001.5160674294984
38392,2001.5160674294984
38393,2001.5160674294984
38394,2001.5160674294984
38395,2001.5160674294984
38396,2001.5160674294984
38397,2001.5160674294984
38398,2001.5160674294984
38399,2001.5160674294984
38400,2001.5160674294984
38401,2001.5160674294984
38402,2001.5160674294984
38403,2001.5160674294984
38404,2001.5160674294984
38405,2001.5160674294984
38406,2001.5160674294984
38407,2001.5160674294984
38408,2001.5160674294984
38409,2001.5160674294984
38410,2001.5160674294984
38411,2001.5160674294984
38412,2001.5160674294984
38413,2001.5160674294984
38414,2001.5160674294984
38415,2001.5160674294984
38416,2001.5160674294984
38417,2001.5160674294984
38418,2001.5160674294984
38419,2001.5160674294984
38420,2001.5160674294984
38421,2001.5160674294984
38422,2001.5160674294984
38423,2001.5160674294984
38424,2001.5160674294984
38425,2001.5160674294984
38426,2001.5160674294984
38427,2001.5160674294984
38428,2001.5160674294984
38429,2001.5160674294984
38430,2001.5160674294984
38431,2001.5160674294984
38432,2001.5160674294984
38433,2001.5160674294984
38434,2001.5160674294984
38435,2001.5160674294984
38436,2001.5160674294984
38437,2001.5160674294984
38438,2001.5160674294984
38439,2001.5160674294984
38440,2001.5160674294984
38441,2001.5160674294984
38442,2001.5160674294984
38443,2001.5160674294984
38444,2001.5160674294984
38445,2001.5160674294984
38446,2001.5160674294984
38447,2001.5160674294984
38448,2001.5160674294984
38449,2001.5160674294984
38450,2001.5160674294984
38451,2001.5160674294984
38452,2001.5160674294984
38453,2001.5160674294984
38454,2001.5160674294984
38455,2001.5160674294984
38456,2001.5160674294984
38457,2001.5160674294984
38458,2001.5160674294984
38459,2001.5160674294984
38460,2001.5160674294984
38461,2001.5160674294984
38462,2001.5160674294984
38463,2001.5160674294984
38464,2001.5160674294984
38465,2001.5160674294984
38466,2001.5160674294984
38467,2001.5160674294984
38468,2001.5160674294984
38469,2001.5160674294984
38470,2001.5160674294984
38471,2001.5160674294984
38472,2001.5160674294984
38473,2001.5160674294984
38474,2001.5160674294984
38475,2001.5160674294984
38476,2001.5160674294984
38477,2001.5160674294984
38478,2001.5160674294984
38479,2001.5160674294984
38480,2001.5160674294984
38481,2001.5160674294984
38482,2001.5160674294984
38483,2001.5160674294984
38484,2001.5160674294984
38485,2001.5160674294984
38486,2001.5160674294984
38487,2001.5160674294984
38488,2001.5160674294984
38489,2001.5160674294984
38490,2001.5160674294984
38491,2001.5160674294984
38492,2001.5160674294984
38493,2001.5160674294984
38494,2001.5160674294984
38495,2001.5160674294984
38496,2001.5160674294984
38497,2001.5160674294984
38498,2001.5160674294984
38499,2001.5160674294984
38500,2001.5160674294984
38501,2001.5160674294984
38502,2001.5160674294984
38503,2001.5160674294984
38504,2001.5160674294984
38505,2001.5160674294984
38506,2001.5160674294984
38507,2001.5160674294984
38508,2001.5160674294984
38509,2001.5160674294984
38510,2001.5160674294984
38511,2001.5160674294984
38512,2001.5160674294984
38513,2001.5160674294984
38514,2001.5160674294984
38515,2001.5160674294984
38516,2001.5160674294984
38517,2001.5160674294984
38518,2001.5160674294984
38519,2001.5160674294984
38520,2001.5160674294984
38521,2001.5160674294984
38522,2001.5160674294984
38523,2001.5160674294984
38524,2001.5160674294984
38525,2001.5160674294984
38526,2001.5160674294984
38527,2001.5160674294984
38528,2001.5160674294984
38529,2001.5160674294984
38530,2001.5160674294984
38531,2001.5160674294984
38532,2001.5160674294984
38533,2001.5160674294984
38534,2001.5160674294984
38535,2001.5160674294984
38536,2001.5160674294984
38537,2001.5160674294984
38538,2001.5160674294984
38539,2001.5160674294984
38540,2001.5160674294984
38541,2001.5160674294984
38542,2001.5160674294984
38543,2001.5160674294984
38544,2001.5160674294984
38545,2001.5160674294984
38546,2001.5160674294984
38547,2001.5160674294984
38548,2001.5160674294984
38549,2001.5160674294984
38550,2001.5160674294984
38551,2001.5160674294984
38552,2001.5160674294984
38553,2001.5160674294984
38554,2001.5160674294984
38555,2001.5160674294984
38556,2001.5160674294984
38557,2001.5160674294984
38558,2001.5160674294984
38559,2001.5160674294984
38560,2001.5160674294984
38561,2001.5160674294984
38562,2001.5160674294984
38563,2001.5160674294984
38564,2001.5160674294984
38565,2001.5160674294984
38566,2001.5160674294984
38567,2001.5160674294984
38568,2001.5160674294984
38569,2001.5160674294984
38570,2001.5160674294984
38571,2001.5160674294984
38572,2001.5160674294984
38573,2001.5160674294984
38574,2001.5160674294984
38575,2001.5160674294984
38576,2001.5160674294984
38577,2001.5160674294984
38578,2001.5160674294984
38579,2001.5160674294984
38580,2001.5160674294984
38581,2001.5160674294984
38582,2001.5160674294984
38583,2001.5160674294984
38584,2001.5160674294984
38585,2001.5160674294984
38586,2001.5160674294984
38587,2001.5160674294984
38588,2001.5160674294984
38589,2001.5160674294984
38590,2001.5160674294984
38591,2001.5160674294984
38592,2001.5160674294984
38593,2001.5160674294984
38594,2001.5160674294984
38595,2001.5160674294984
38596,2001.5160674294984
38597,2001.5160674294984
38598,2001.5160674294984
38599,2001.5160674294984
38600,2001.5160674294984
38601,2001.5160674294984
38602,2001.5160674294984
38603,2001.5160674294984
38604,2001.5160674294984
38605,2001.5160674294984
38606,2001.5160674294984
38607,2001.5160674294984
38608,2001.5160674294984
38609,2001.5160674294984
38610,2001.5160674294984
38611,2001.5160674294984
38612,2001.5160674294984
38613,2001.5160674294984
38614,2001.5160674294984
38615,2001.5160674294984
38616,2001.5160674294984
38617,2001.5160674294984
38618,2001.5160674294984
38619,2001.5160674294984
38620,2001.5160674294984
38621,2001.5160674294984
38622,2001.5160674294984
38623,2001.5160674294984
38624,2001.5160674294984
38625,2001.5160674294984
38626,2001.5160674294984
38627,2001.5160674294984
38628,2001.5160674294984
38629,2001.5160674294984
38630,2001.5160674294984
38631,2001.5160674294984
38632,2001.5160674294984
38633,2001.5160674294984
38634,2001.5160674294984
38635,2001.5160674294984
38636,2001.5160674294984
38637,2001.5160674294984
38638,2001.5160674294984
38639,2001.5160674294984
38640,2001.5160674294984
38641,2001.5160674294984
38642,2001.5160674294984
38643,2001.5160674294984
38644,2001.5160674294984
38645,2001.5160674294984
38646,2001.5160674294984
38647,2001.5160674294984
38648,2001.5160674294984
38649,2001.5160674294984
38650,2001.5160674294984
38651,2001.5160674294984
38652,2001.5160674294984
38653,2001.5160674294984
38654,2001.5160674294984
38655,2001.5160674294984
38656,2001.5160674294984
38657,2001.5160674294984
38658,2001.5160674294984
38659,2001.5160674294984
38660,2001.5160674294984
38661,2001.5160674294984
38662,2001.5160674294984
38663,2001.5160674294984
38664,2001.5160674294984
38665,2001.5160674294984
38666,2001.5160674294984
38667,2001.5160674294984
38668,2001.5160674294984
38669,2001.5160674294984
38670,2001.5160674294984
38671,2001.5160674294984
38672,2001.5160674294984
38673,2001.5160674294984
38674,2001.5160674294984
38675,2001.5160674294984
38676,2001.5160674294984
38677,2001.5160674294984
38678,2001.5160674294984
38679,2001.5160674294984
38680,2001.5160674294984
38681,2001.5160674294984
38682,2001.5160674294984
38683,2001.5160674294984
38684,2001.5160674294984
38685,2001.5160674294984
38686,2001.5160674294984
38687,2001.5160674294984
38688,2001.5160674294984
38689,2001.5160674294984
38690,2001.5160674294984
38691,2001.5160674294984
38692,2001.5160674294984
38693,2001.5160674294984
38694,2001.5160674294984
38695,2001.5160674294984
38696,2001.5160674294984
38697,2001.5160674294984
38698,2001.5160674294984
38699,2001.5160674294984
38700,2001.5160674294984
38701,2001.5160674294984
38702,2001.5160674294984
38703,2001.5160674294984
38704,2001.5160674294984
38705,2001.5160674294984
38706,2001.5160674294984
38707,2001.5160674294984
38708,2001.5160674294984
38709,2001.5160674294984
38710,2001.5160674294984
38711,2001.5160674294984
38712,2001.5160674294984
38713,2001.5160674294984
38714,2001.5160674294984
38715,2001.5160674294984
38716,2001.5160674294984
38717,2001.5160674294984
38718,2001.5160674294984
38719,2001.5160674294984
38720,2001.5160674294984
38721,2001.5160674294984
38722,2001.5160674294984
38723,2001.5160674294984
38724,2001.5160674294984
38725,2001.5160674294984
38726,2001.5160674294984
38727,2001.5160674294984
38728,2001.5160674294984
38729,2001.5160674294984
38730,2001.5160674294984
38731,2001.5160674294984
38732,2001.5160674294984
38733,2001.5160674294984
38734,2001.5160674294984
38735,2001.5160674294984
38736,2001.5160674294984
38737,2001.5160674294984
38738,2001.5160674294984
38739,2001.5160674294984
38740,2001.5160674294984
38741,2001.5160674294984
38742,2001.5160674294984
38743,2001.5160674294984
38744,2001.5160674294984
38745,2001.5160674294984
38746,2001.5160674294984
38747,2001.5160674294984
38748,2001.5160674294984
38749,2001.5160674294984
38750,2001.5160674294984
38751,2001.5160674294984
38752,2001.5160674294984
38753,2001.5160674294984
38754,2001.5160674294984
38755,2001.5160674294984
38756,2001.5160674294984
38757,2001.5160674294984
38758,2001.5160674294984
38759,2001.5160674294984
38760,2001.5160674294984
38761,2001.5160674294984
38762,2001.5160674294984
38763,2001.5160674294984
38764,2001.5160674294984
38765,2001.5160674294984
38766,2001.5160674294984
38767,2001.5160674294984
38768,2001.5160674294984
38769,2001.5160674294984
38770,2001.5160674294984
38771,2001.5160674294984
38772,2001.5160674294984
38773,2001.5160674294984
38774,2001.5160674294984
38775,2001.5160674294984
38776,2001.5160674294984
38777,2001.5160674294984
38778,2001.5160674294984
38779,2001.5160674294984
38780,2001.5160674294984
38781,2001.5160674294984
38782,2001.5160674294984
38783,2001.5160674294984
38784,2001.5160674294984
38785,2001.5160674294984
38786,2001.5160674294984
38787,2001.5160674294984
38788,2001.5160674294984
38789,2001.5160674294984
38790,2001.5160674294984
38791,2001.5160674294984
38792,2001.5160674294984
38793,2001.5160674294984
38794,2001.5160674294984
38795,2001.5160674294984
38796,2001.5160674294984
38797,2001.5160674294984
38798,2001.5160674294984
38799,2001.5160674294984
38800,2001.5160674294984
38801,2001.5160674294984
38802,2001.5160674294984
38803,2001.5160674294984
38804,2001.5160674294984
38805,2001.5160674294984
38806,2001.5160674294984
38807,2001.5160674294984
38808,2001.5160674294984
38809,2001.5160674294984
38810,2001.5160674294984
38811,2001.5160674294984
38812,2001.5160674294984
38813,2001.5160674294984
38814,2001.5160674294984
38815,2001.5160674294984
38816,2001.5160674294984
38817,2001.5160674294984
38818,2001.5160674294984
38819,2001.5160674294984
38820,2001.5160674294984
38821,2001.5160674294984
38822,2001.5160674294984
38823,2001.5160674294984
38824,2001.5160674294984
38825,2001.5160674294984
38826,2001.5160674294984
38827,2001.5160674294984
38828,2001.5160674294984
38829,2001.5160674294984
38830,2001.5160674294984
38831,2001.5160674294984
38832,2001.5160674294984
38833,2001.5160674294984
38834,2001.5160674294984
38835,2001.5160674294984
38836,2001.5160674294984
38837,2001.5160674294984
38838,2001.5160674294984
38839,2001.5160674294984
38840,2001.5160674294984
38841,2001.5160674294984
38842,2001.5160674294984
38843,2001.5160674294984
38844,2001.5160674294984
38845,2001.5160674294984
38846,2001.5160674294984
38847,2001.5160674294984
38848,2001.5160674294984
38849,2001.5160674294984
38850,2001.5160674294984
38851,2001.5160674294984
38852,2001.5160674294984
38853,2001.5160674294984
38854,2001.5160674294984
38855,2001.5160674294984
38856,2001.5160674294984
38857,2001.5160674294984
38858,2001.5160674294984
38859,2001.5160674294984
38860,2001.5160674294984
38861,2001.5160674294984
38862,2001.5160674294984
38863,2001.5160674294984
38864,2001.5160674294984
38865,2001.5160674294984
38866,2001.5160674294984
38867,2001.5160674294984
38868,2001.5160674294984
38869,2001.5160674294984
38870,2001.5160674294984
38871,2001.5160674294984
38872,2001.5160674294984
38873,2001.5160674294984
38874,2001.5160674294984
38875,2001.5160674294984
38876,2001.5160674294984
38877,2001.5160674294984
38878,2001.5160674294984
38879,2001.5160674294984
38880,2001.5160674294984
38881,2001.5160674294984
38882,2001.5160674294984
38883,2001.5160674294984
38884,2001.5160674294984
38885,2001.5160674294984
38886,2001.5160674294984
38887,2001.5160674294984
38888,2001.5160674294984
38889,2001.5160674294984
38890,2001.5160674294984
38891,2001.5160674294984
38892,2001.5160674294984
38893,2001.5160674294984
38894,2001.5160674294984
38895,2001.5160674294984
38896,2001.5160674294984
38897,2001.5160674294984
38898,2001.5160674294984
38899,2001.5160674294984
38900,2001.5160674294984
38901,2001.5160674294984
38902,2001.5160674294984
38903,2001.5160674294984
38904,2001.5160674294984
38905,2001.5160674294984
38906,2001.5160674294984
38907,2001.5160674294984
38908,2001.5160674294984
38909,2001.5160674294984
38910,2001.5160674294984
38911,2001.5160674294984
38912,2001.5160674294984
38913,2001.5160674294984
38914,2001.5160674294984
38915,2001.5160674294984
38916,2001.5160674294984
38917,2001.5160674294984
38918,2001.5160674294984
38919,2001.5160674294984
38920,2001.5160674294984
38921,2001.5160674294984
38922,2001.5160674294984
38923,2001.5160674294984
38924,2001.5160674294984
38925,2001.5160674294984
38926,2001.5160674294984
38927,2001.5160674294984
38928,2001.5160674294984
38929,2001.5160674294984
38930,2001.5160674294984
38931,2001.5160674294984
38932,2001.5160674294984
38933,2001.5160674294984
38934,2001.5160674294984
38935,2001.5160674294984
38936,2001.5160674294984
38937,2001.5160674294984
38938,2001.5160674294984
38939,2001.5160674294984
38940,2001.5160674294984
38941,2001.5160674294984
38942,2001.5160674294984
38943,2001.5160674294984
38944,2001.5160674294984
38945,2001.5160674294984
38946,2001.5160674294984
38947,2001.5160674294984
38948,2001.5160674294984
38949,2001.5160674294984
38950,2001.5160674294984
38951,2001.5160674294984
38952,2001.5160674294984
38953,2001.5160674294984
38954,2001.5160674294984
38955,2001.5160674294984
38956,2001.5160674294984
38957,2001.5160674294984
38958,2001.5160674294984
38959,2001.5160674294984
38960,2001.5160674294984
38961,2001.5160674294984
38962,2001.5160674294984
38963,2001.5160674294984
38964,2001.5160674294984
38965,2001.5160674294984
38966,2001.5160674294984
38967,2001.5160674294984
38968,2001.5160674294984
38969,2001.5160674294984
38970,2001.5160674294984
38971,2001.5160674294984
38972,2001.5160674294984
38973,2001.5160674294984
38974,2001.5160674294984
38975,2001.5160674294984
38976,2001.5160674294984
38977,2001.5160674294984
38978,2001.5160674294984
38979,2001.5160674294984
38980,2001.5160674294984
38981,2001.5160674294984
38982,2001.5160674294984
38983,2001.5160674294984
38984,2001.5160674294984
38985,2001.5160674294984
38986,2001.5160674294984
38987,2001.5160674294984
38988,2001.5160674294984
38989,2001.5160674294984
38990,2001.5160674294984
38991,2001.5160674294984
38992,2001.5160674294984
38993,2001.5160674294984
38994,2001.5160674294984
38995,2001.5160674294984
38996,2001.5160674294984
38997,2001.5160674294984
38998,2001.5160674294984
38999,2001.5160674294984
39000,2001.5160674294984
39001,2001.5160674294984
39002,2001.5160674294984
39003,2001.5160674294984
39004,2001.5160674294984
39005,2001.5160674294984
39006,2001.5160674294984
39007,2001.5160674294984
39008,2001.5160674294984
39009,2001.5160674294984
39010,2001.5160674294984
39011,2001.5160674294984
39012,2001.5160674294984
39013,2001.5160674294984
39014,2001.5160674294984
39015,2001.5160674294984
39016,2001.5160674294984
39017,2001.5160674294984
39018,2001.5160674294984
39019,2001.5160674294984
39020,2001.5160674294984
39021,2001.5160674294984
39022,2001.5160674294984
39023,2001.5160674294984
39024,2001.5160674294984
39025,2001.5160674294984
39026,2001.5160674294984
39027,2001.5160674294984
39028,2001.5160674294984
39029,2001.5160674294984
39030,2001.5160674294984
39031,2001.5160674294984
39032,2001.5160674294984
39033,2001.5160674294984
39034,2001.5160674294984
39035,2001.5160674294984
39036,2001.5160674294984
39037,2001.5160674294984
39038,2001.5160674294984
39039,2001.5160674294984
39040,2001.5160674294984
39041,2001.5160674294984
39042,2001.5160674294984
39043,2001.5160674294984
39044,2001.5160674294984
39045,2001.5160674294984
39046,2001.5160674294984
39047,2001.5160674294984
39048,2001.5160674294984
39049,2001.5160674294984
39050,2001.5160674294984
39051,2001.5160674294984
39052,2001.5160674294984
39053,2001.5160674294984
39054,2001.5160674294984
39055,2001.5160674294984
39056,2001.5160674294984
39057,2001.5160674294984
39058,2001.5160674294984
39059,2001.5160674294984
39060,2001.5160674294984
39061,2001.5160674294984
39062,2001.5160674294984
39063,2001.5160674294984
39064,2001.5160674294984
39065,2001.5160674294984
39066,2001.5160674294984
39067,2001.5160674294984
39068,2001.5160674294984
39069,2001.5160674294984
39070,2001.5160674294984
39071,2001.5160674294984
39072,2001.5160674294984
39073,2001.5160674294984
39074,2001.5160674294984
39075,2001.5160674294984
39076,2001.5160674294984
39077,2001.5160674294984
39078,2001.5160674294984
39079,2001.5160674294984
39080,2001.5160674294984
39081,2001.5160674294984
39082,2001.5160674294984
39083,2001.5160674294984
39084,2001.5160674294984
39085,2001.5160674294984
39086,2001.5160674294984
39087,2001.5160674294984
39088,2001.5160674294984
39089,2001.5160674294984
39090,2001.5160674294984
39091,2001.5160674294984
39092,2001.5160674294984
39093,2001.5160674294984
39094,2001.5160674294984
39095,2001.5160674294984
39096,2001.5160674294984
39097,2001.5160674294984
39098,2001.5160674294984
39099,2001.5160674294984
39100,2001.5160674294984
39101,2001.5160674294984
39102,2001.5160674294984
39103,2001.5160674294984
39104,2001.5160674294984
39105,2001.5160674294984
39106,2001.5160674294984
39107,2001.5160674294984
39108,2001.5160674294984
39109,2001.5160674294984
39110,2001.5160674294984
39111,2001.5160674294984
39112,2001.5160674294984
39113,2001.5160674294984
39114,2001.5160674294984
39115,2001.5160674294984
39116,2001.5160674294984
39117,2001.5160674294984
39118,2001.5160674294984
39119,2001.5160674294984
39120,2001.5160674294984
39121,2001.5160674294984
39122,2001.5160674294984
39123,2001.5160674294984
39124,2001.5160674294984
39125,2001.5160674294984
39126,2001.5160674294984
39127,2001.5160674294984
39128,2001.5160674294984
39129,2001.5160674294984
39130,2001.5160674294984
39131,2001.5160674294984
39132,2001.5160674294984
39133,2001.5160674294984
39134,2001.5160674294984
39135,2001.5160674294984
39136,2001.5160674294984
39137,2001.5160674294984
39138,2001.5160674294984
39139,2001.5160674294984
39140,2001.5160674294984
39141,2001.5160674294984
39142,2001.5160674294984
39143,2001.5160674294984
39144,2001.5160674294984
39145,2001.5160674294984
39146,2001.5160674294984
39147,2001.5160674294984
39148,2001.5160674294984
39149,2001.5160674294984
39150,2001.5160674294984
39151,2001.5160674294984
39152,2001.5160674294984
39153,2001.5160674294984
39154,2001.5160674294984
39155,2001.5160674294984
39156,2001.5160674294984
39157,2001.5160674294984
39158,2001.5160674294984
39159,2001.5160674294984
39160,2001.5160674294984
39161,2001.5160674294984
39162,2001.5160674294984
39163,2001.5160674294984
39164,2001.5160674294984
39165,2001.5160674294984
39166,2001.5160674294984
39167,2001.5160674294984
39168,2001.5160674294984
39169,2001.5160674294984
39170,2001.5160674294984
39171,2001.5160674294984
39172,2001.5160674294984
39173,2001.5160674294984
39174,2001.5160674294984
39175,2001.5160674294984
39176,2001.5160674294984
39177,2001.5160674294984
39178,2001.5160674294984
39179,2001.5160674294984
39180,2001.5160674294984
39181,2001.5160674294984
39182,2001.5160674294984
39183,2001.5160674294984
39184,2001.5160674294984
39185,2001.5160674294984
39186,2001.5160674294984
39187,2001.5160674294984
39188,2001.5160674294984
39189,2001.5160674294984
39190,2001.5160674294984
39191,2001.5160674294984
39192,2001.5160674294984
39193,2001.5160674294984
39194,2001.5160674294984
39195,2001.5160674294984
39196,2001.5160674294984
39197,2001.5160674294984
39198,2001.5160674294984
39199,2001.5160674294984
39200,2001.5160674294984
39201,2001.5160674294984
39202,2001.5160674294984
39203,2001.5160674294984
39204,2001.5160674294984
39205,2001.5160674294984
39206,2001.5160674294984
39207,2001.5160674294984
39208,2001.5160674294984
39209,2001.5160674294984
39210,2001.5160674294984
39211,2001.5160674294984
39212,2001.5160674294984
39213,2001.5160674294984
39214,2001.5160674294984
39215,2001.5160674294984
39216,2001.5160674294984
39217,2001.5160674294984
39218,2001.5160674294984
39219,2001.5160674294984
39220,2001.5160674294984
39221,2001.5160674294984
39222,2001.5160674294984
39223,2001.5160674294984
39224,2001.5160674294984
39225,2001.5160674294984
39226,2001.5160674294984
39227,2001.5160674294984
39228,2001.5160674294984
39229,2001.5160674294984
39230,2001.5160674294984
39231,2001.5160674294984
39232,2001.5160674294984
39233,2001.5160674294984
39234,2001.5160674294984
39235,2001.5160674294984
39236,2001.5160674294984
39237,2001.5160674294984
39238,2001.5160674294984
39239,2001.5160674294984
39240,2001.5160674294984
39241,2001.5160674294984
39242,2001.5160674294984
39243,2001.5160674294984
39244,2001.5160674294984
39245,2001.5160674294984
39246,2001.5160674294984
39247,2001.5160674294984
39248,2001.5160674294984
39249,2001.5160674294984
39250,2001.5160674294984
39251,2001.5160674294984
39252,2001.5160674294984
39253,2001.5160674294984
39254,2001.5160674294984
39255,2001.5160674294984
39256,2001.5160674294984
39257,2001.5160674294984
39258,2001.5160674294984
39259,2001.5160674294984
39260,2001.5160674294984
39261,2001.5160674294984
39262,2001.5160674294984
39263,2001.5160674294984
39264,2001.5160674294984
39265,2001.5160674294984
39266,2001.5160674294984
39267,2001.5160674294984
39268,2001.5160674294984
39269,2001.5160674294984
39270,2001.5160674294984
39271,2001.5160674294984
39272,2001.5160674294984
39273,2001.5160674294984
39274,2001.5160674294984
39275,2001.5160674294984
39276,2001.5160674294984
39277,2001.5160674294984
39278,2001.5160674294984
39279,2001.5160674294984
39280,2001.5160674294984
39281,2001.5160674294984
39282,2001.5160674294984
39283,2001.5160674294984
39284,2001.5160674294984
39285,2001.5160674294984
39286,2001.5160674294984
39287,2001.5160674294984
39288,2001.5160674294984
39289,2001.5160674294984
39290,2001.5160674294984
39291,2001.5160674294984
39292,2001.5160674294984
39293,2001.5160674294984
39294,2001.5160674294984
39295,2001.5160674294984
39296,2001.5160674294984
39297,2001.5160674294984
39298,2001.5160674294984
39299,2001.5160674294984
39300,2001.5160674294984
39301,2001.5160674294984
39302,2001.5160674294984
39303,2001.5160674294984
39304,2001.5160674294984
39305,2001.5160674294984
39306,2001.5160674294984
39307,2001.5160674294984
39308,2001.5160674294984
39309,2001.5160674294984
39310,2001.5160674294984
39311,2001.5160674294984
39312,2001.5160674294984
39313,2001.5160674294984
39314,2001.5160674294984
39315,2001.5160674294984
39316,2001.5160674294984
39317,2001.5160674294984
39318,2001.5160674294984
39319,2001.5160674294984
39320,2001.5160674294984
39321,2001.5160674294984
39322,2001.5160674294984
39323,2001.5160674294984
39324,2001.5160674294984
39325,2001.5160674294984
39326,2001.5160674294984
39327,2001.5160674294984
39328,2001.5160674294984
39329,2001.5160674294984
39330,2001.5160674294984
39331,2001.5160674294984
39332,2001.5160674294984
39333,2001.5160674294984
39334,2001.5160674294984
39335,2001.5160674294984
39336,2001.5160674294984
39337,2001.5160674294984
39338,2001.5160674294984
39339,2001.5160674294984
39340,2001.5160674294984
39341,2001.5160674294984
39342,2001.5160674294984
39343,2001.5160674294984
39344,2001.5160674294984
39345,2001.5160674294984
39346,2001.5160674294984
39347,2001.5160674294984
39348,2001.5160674294984
39349,2001.5160674294984
39350,2001.5160674294984
39351,2001.5160674294984
39352,2001.5160674294984
39353,2001.5160674294984
39354,2001.5160674294984
39355,2001.5160674294984
39356,2001.5160674294984
39357,2001.5160674294984
39358,2001.5160674294984
39359,2001.5160674294984
39360,2001.5160674294984
39361,2001.5160674294984
39362,2001.5160674294984
39363,2001.5160674294984
39364,2001.5160674294984
39365,2001.5160674294984
39366,2001.5160674294984
39367,2001.5160674294984
39368,2001.5160674294984
39369,2001.5160674294984
39370,2001.5160674294984
39371,2001.5160674294984
39372,2001.5160674294984
39373,2001.5160674294984
39374,2001.5160674294984
39375,2001.5160674294984
39376,2001.5160674294984
39377,2001.5160674294984
39378,2001.5160674294984
39379,2001.5160674294984
39380,2001.5160674294984
39381,2001.5160674294984
39382,2001.5160674294984
39383,2001.5160674294984
39384,2001.5160674294984
39385,2001.5160674294984
39386,2001.5160674294984
39387,2001.5160674294984
39388,2001.5160674294984
39389,2001.5160674294984
39390,2001.5160674294984
39391,2001.5160674294984
39392,2001.5160674294984
39393,2001.5160674294984
39394,2001.5160674294984
39395,2001.5160674294984
39396,2001.5160674294984
39397,2001.5160674294984
39398,2001.5160674294984
39399,2001.5160674294984
39400,2001.5160674294984
39401,2001.5160674294984
39402,2001.5160674294984
39403,2001.5160674294984
39404,2001.5160674294984
39405,2001.5160674294984
39406,2001.5160674294984
39407,2001.5160674294984
39408,2001.5160674294984
39409,2001.5160674294984
39410,2001.5160674294984
39411,2001.5160674294984
39412,2001.5160674294984
39413,2001.5160674294984
39414,2001.5160674294984
39415,2001.5160674294984
39416,2001.5160674294984
39417,2001.5160674294984
39418,2001.5160674294984
39419,2001.5160674294984
39420,2001.5160674294984
39421,2001.5160674294984
39422,2001.5160674294984
39423,2001.5160674294984
39424,2001.5160674294984
39425,2001.5160674294984
39426,2001.5160674294984
39427,2001.5160674294984
39428,2001.5160674294984
39429,2001.5160674294984
39430,2001.5160674294984
39431,2001.5160674294984
39432,2001.5160674294984
39433,2001.5160674294984
39434,2001.5160674294984
39435,2001.5160674294984
39436,2001.5160674294984
39437,2001.5160674294984
39438,2001.5160674294984
39439,2001.5160674294984
39440,2001.5160674294984
39441,2001.5160674294984
39442,2001.5160674294984
39443,2001.5160674294984
39444,2001.5160674294984
39445,2001.5160674294984
39446,2001.5160674294984
39447,2001.5160674294984
39448,2001.5160674294984
39449,2001.5160674294984
39450,2001.5160674294984
39451,2001.5160674294984
39452,2001.5160674294984
39453,2001.5160674294984
39454,2001.5160674294984
39455,2001.5160674294984
39456,2001.5160674294984
39457,2001.5160674294984
39458,2001.5160674294984
39459,2001.5160674294984
39460,2001.5160674294984
39461,2001.5160674294984
39462,2001.5160674294984
39463,2001.5160674294984
39464,2001.5160674294984
39465,2001.5160674294984
39466,2001.5160674294984
39467,2001.5160674294984
39468,2001.5160674294984
39469,2001.5160674294984
39470,2001.5160674294984
39471,2001.5160674294984
39472,2001.5160674294984
39473,2001.5160674294984
39474,2001.5160674294984
39475,2001.5160674294984
39476,2001.5160674294984
39477,2001.5160674294984
39478,2001.5160674294984
39479,2001.5160674294984
39480,2001.5160674294984
39481,2001.5160674294984
39482,2001.5160674294984
39483,2001.5160674294984
39484,2001.5160674294984
39485,2001.5160674294984
39486,2001.5160674294984
39487,2001.5160674294984
39488,1993.9553454768306
39489,1993.9553454768306
39490,1993.9553454768306
39491,1993.9553454768306
39492,1993.9553454768306
39493,1993.9553454768306
39494,1993.9553454768306
39495,1993.9553454768306
39496,1993.9553454768306
39497,1993.9553454768306
39498,1993.9553454768306
39499,1993.9553454768306
39500,1993.9553454768306
39501,1993.9553454768306
39502,1993.9553454768306
39503,1993.9553454768306
39504,1993.9553454768306
39505,1993.9553454768306
39506,1993.9553454768306
39507,1993.9553454768306
39508,1993.9553454768306
39509,1993.9553454768306
39510,1993.9553454768306
39511,1993.9553454768306
39512,1993.9553454768306
39513,1993.9553454768306
39514,1993.9553454768306
39515,1993.9553454768306
39516,1993.9553454768306
39517,1993.9553454768306
39518,1993.9553454768306
39519,1993.9553454768306
39520,1993.9553454768306
39521,1993.9553454768306
39522,1993.9553454768306
39523,1993.9553454768306
39524,1993.9553454768306
39525,1993.9553454768306
39526,1993.9553454768306
39527,1993.9553454768306
39528,1993.9553454768306
39529,1993.9553454768306
39530,1993.9553454768306
39531,1993.9553454768306
39532,1993.9553454768306
39533,1993.9553454768306
39534,1993.9553454768306
39535,1993.9553454768306
39536,1993.9553454768306
39537,1993.9553454768306
39538,1993.9553454768306
39539,1993.9553454768306
39540,1993.9553454768306
39541,1993.9553454768306
39542,1993.9553454768306
39543,1993.9553454768306
39544,1993.9553454768306
39545,1993.9553454768306
39546,1993.9553454768306
39547,1993.9553454768306
39548,1993.9553454768306
39549,1993.9553454768306
39550,1993.9553454768306
39551,1993.9553454768306
39552,1993.9553454768306
39553,1993.9553454768306
39554,1993.9553454768306
39555,1993.9553454768306
39556,1993.9553454768306
39557,1993.9553454768306
39558,1993.9553454768306
39559,1993.9553454768306
39560,1993.9553454768306
39561,1993.9553454768306
39562,1993.9553454768306
39563,1993.9553454768306
39564,1993.9553454768306
39565,1993.9553454768306
39566,1993.9553454768306
39567,1993.9553454768306
39568,1993.9553454768306
39569,1993.9553454768306
39570,1993.9553454768306
39571,1993.9553454768306
39572,1993.9553454768306
39573,1993.9553454768306
39574,1993.9553454768306
39575,1993.9553454768306
39576,1993.9553454768306
39577,1993.9553454768306
39578,1993.9553454768306
39579,1993.9553454768306
39580,1993.9553454768306
39581,1993.9553454768306
39582,1993.9553454768306
39583,1993.9553454768306
39584,1993.9553454768306
39585,1993.9553454768306
39586,1993.9553454768306
39587,1993.9553454768306
39588,1993.9553454768306
39589,1993.9553454768306
39590,1993.9553454768306
39591,1993.9553454768306
39592,1993.9553454768306
39593,1993.9553454768306
39594,1993.9553454768306
39595,1993.9553454768306
39596,1993.9553454768306
39597,1993.9553454768306
39598,1993.9553454768306
39599,1993.9553454768306
39600,1993.9553454768306
39601,1993.9553454768306
39602,1993.9553454768306
39603,1993.9553454768306
39604,1993.9553454768306
39605,1993.9553454768306
39606,1993.9553454768306
39607,1993.9553454768306
39608,1993.9553454768306
39609,1993.9553454768306
39610,1993.9553454768306
39611,1993.9553454768306
39612,1993.9553454768306
39613,1993.9553454768306
39614,1993.9553454768306
39615,1993.9553454768306
39616,1993.9553454768306
39617,1993.9553454768306
39618,1993.9553454768306
39619,1993.9553454768306
39620,1993.9553454768306
39621,1993.9553454768306
39622,1993.9553454768306
39623,1993.9553454768306
39624,1993.9553454768306
39625,1993.9553454768306
39626,1993.9553454768306
39627,1993.9553454768306
39628,1993.9553454768306
39629,1993.9553454768306
39630,1993.9553454768306
39631,1993.9553454768306
39632,1993.9553454768306
39633,1993.9553454768306
39634,1993.9553454768306
39635,1993.9553454768306
39636,1993.9553454768306
39637,1993.9553454768306
39638,1993.9553454768306
39639,1993.9553454768306
39640,1993.9553454768306
39641,1993.9553454768306
39642,1993.9553454768306
39643,1993.9553454768306
39644,1993.9553454768306
39645,1993.9553454768306
39646,1993.9553454768306
39647,1993.9553454768306
39648,1993.9553454768306
39649,1993.9553454768306
39650,1993.9553454768306
39651,1993.9553454768306
39652,1993.9553454768306
39653,1993.9553454768306
39654,1993.9553454768306
39655,1993.9553454768306
39656,1993.9553454768306
39657,1993.9553454768306
39658,1993.9553454768306
39659,1993.9553454768306
39660,1993.9553454768306
39661,1993.9553454768306
39662,1993.9553454768306
39663,1993.9553454768306
39664,1993.9553454768306
39665,1993.9553454768306
39666,1993.9553454768306
39667,1993.9553454768306
39668,1993.9553454768306
39669,1993.9553454768306
39670,1993.9553454768306
39671,1993.9553454768306
39672,1993.9553454768306
39673,1993.9553454768306
39674,1993.9553454768306
39675,1993.9553454768306
39676,1993.9553454768306
39677,1993.9553454768306
39678,1993.9553454768306
39679,1993.9553454768306
39680,1993.9553454768306
39681,1993.9553454768306
39682,1993.9553454768306
39683,1993.9553454768306
39684,1993.9553454768306
39685,1993.9553454768306
39686,1993.9553454768306
39687,1993.9553454768306
39688,1993.9553454768306
39689,1993.9553454768306
39690,1993.9553454768306
39691,1993.9553454768306
39692,1993.9553454768306
39693,1993.9553454768306
39694,1993.9553454768306
39695,1993.9553454768306
39696,1993.9553454768306
39697,1993.9553454768306
39698,1993.9553454768306
39699,1993.9553454768306
39700,1993.9553454768306
39701,1993.9553454768306
39702,1993.9553454768306
39703,1993.9553454768306
39704,1993.9553454768306
39705,1993.9553454768306
39706,1993.9553454768306
39707,1993.9553454768306
39708,1993.9553454768306
39709,1993.9553454768306
39710,1993.9553454768306
39711,1993.9553454768306
39712,1993.9553454768306
39713,1993.9553454768306
39714,1993.9553454768306
39715,1993.9553454768306
39716,1993.9553454768306
39717,1993.9553454768306
39718,1993.9553454768306
39719,1993.9553454768306
39720,1993.9553454768306
39721,1993.9553454768306
39722,1993.9553454768306
39723,1993.9553454768306
39724,1993.9553454768306
39725,1993.9553454768306
39726,1993.9553454768306
39727,1993.9553454768306
39728,1993.9553454768306
39729,1993.9553454768306
39730,1993.9553454768306
39731,1993.9553454768306
39732,1993.9553454768306
39733,1993.9553454768306
39734,1993.9553454768306
39735,1993.9553454768306
39736,1993.9553454768306
39737,1993.9553454768306
39738,1993.9553454768306
39739,1993.9553454768306
39740,1993.9553454768306
39741,1993.9553454768306
39742,1993.9553454768306
39743,1993.9553454768306
39744,1993.9553454768306
39745,1993.9553454768306
39746,1993.9553454768306
39747,1993.9553454768306
39748,1993.9553454768306
39749,1993.9553454768306
39750,1993.9553454768306
39751,1993.9553454768306
39752,1993.9553454768306
39753,1993.9553454768306
39754,1993.9553454768306
39755,1993.9553454768306
39756,1993.9553454768306
39757,1993.9553454768306
39758,1993.9553454768306
39759,1993.9553454768306
39760,1993.9553454768306
39761,1993.9553454768306
39762,1993.9553454768306
39763,1993.9553454768306
39764,1993.9553454768306
39765,1993.9553454768306
39766,1993.9553454768306
39767,1993.9553454768306
39768,1993.9553454768306
39769,1993.9553454768306
39770,1993.9553454768306
39771,1993.9553454768306
39772,1993.9553454768306
39773,1993.9553454768306
39774,1993.9553454768306
39775,1993.9553454768306
39776,1993.9553454768306
39777,1993.9553454768306
39778,1993.9553454768306
39779,1993.9553454768306
39780,1993.9553454768306
39781,1993.9553454768306
39782,1993.9553454768306
39783,1993.9553454768306
39784,1993.9553454768306
39785,1993.9553454768306
39786,1993.9553454768306
39787,1993.9553454768306
39788,1993.9553454768306
39789,1993.9553454768306
39790,1993.9553454768306
39791,1993.9553454768306
39792,1993.9553454768306
39793,1993.9553454768306
39794,1993.9553454768306
39795,1993.9553454768306
39796,1993.9553454768306
39797,1993.9553454768306
39798,1993.9553454768306
39799,1993.9553454768306
39800,1993.9553454768306
39801,1993.9553454768306
39802,1993.9553454768306
39803,1993.9553454768306
39804,1993.9553454768306
39805,1993.9553454768306
39806,1993.9553454768306
39807,1993.9553454768306
39808,1993.9553454768306
39809,1993.9553454768306
39810,1993.9553454768306
39811,1993.9553454768306
39812,1993.9553454768306
39813,1993.9553454768306
39814,1993.9553454768306
39815,1993.9553454768306
39816,1993.9553454768306
39817,1993.9553454768306
39818,1993.9553454768306
39819,1993.9553454768306
39820,1993.9553454768306
39821,1993.9553454768306
39822,1993.9553454768306
39823,1993.9553454768306
39824,1993.9553454768306
39825,1993.9553454768306
39826,1993.9553454768306
39827,1993.9553454768306
39828,1993.9553454768306
39829,1993.9553454768306
39830,1993.9553454768306
39831,1993.9553454768306
39832,1993.9553454768306
39833,1993.9553454768306
39834,1993.9553454768306
39835,1993.9553454768306
39836,1993.9553454768306
39837,1993.9553454768306
39838,1993.9553454768306
39839,1993.9553454768306
39840,1993.9553454768306
39841,1993.9553454768306
39842,1993.9553454768306
39843,1993.9553454768306
39844,1993.9553454768306
39845,1993.9553454768306
39846,1993.9553454768306
39847,1993.9553454768306
39848,1993.9553454768306
39849,1993.9553454768306
39850,1993.9553454768306
39851,1993.9553454768306
39852,1993.9553454768306
39853,1993.9553454768306
39854,1993.9553454768306
39855,1993.9553454768306
39856,1993.9553454768306
39857,1993.9553454768306
39858,1993.9553454768306
39859,1993.9553454768306
39860,1993.9553454768306
39861,1993.9553454768306
39862,1993.9553454768306
39863,1993.9553454768306
39864,1993.9553454768306
39865,1993.9553454768306
39866,1993.9553454768306
39867,1993.9553454768306
39868,1993.9553454768306
39869,1993.9553454768306
39870,1993.9553454768306
39871,1993.9553454768306
39872,1993.9553454768306
39873,1993.9553454768306
39874,1993.9553454768306
39875,1993.9553454768306
39876,1993.9553454768306
39877,1993.9553454768306
39878,1993.9553454768306
39879,1993.9553454768306
39880,1993.9553454768306
39881,1993.9553454768306
39882,1993.9553454768306
39883,1993.9553454768306
39884,1993.9553454768306
39885,1993.9553454768306
39886,1993.9553454768306
39887,1993.9553454768306
39888,1993.9553454768306
39889,1993.9553454768306
39890,1993.9553454768306
39891,1993.9553454768306
39892,1993.9553454768306
39893,1993.9553454768306
39894,1993.9553454768306
39895,1993.9553454768306
39896,1993.9553454768306
39897,1993.9553454768306
39898,1993.9553454768306
39899,1993.9553454768306
39900,1993.9553454768306
39901,1993.9553454768306
39902,1993.9553454768306
39903,1993.9553454768306
39904,1993.9553454768306
39905,1993.9553454768306
39906,1993.9553454768306
39907,1993.9553454768306
39908,1993.9553454768306
39909,1993.9553454768306
39910,1993.9553454768306
39911,1993.9553454768306
39912,1993.9553454768306
39913,1993.9553454768306
39914,1993.9553454768306
39915,1993.9553454768306
39916,1993.9553454768306
39917,1993.9553454768306
39918,1993.9553454768306
39919,1993.9553454768306
39920,1993.9553454768306
39921,1993.9553454768306
39922,1993.9553454768306
39923,1993.9553454768306
39924,1993.9553454768306
39925,1993.9553454768306
39926,1993.9553454768306
39927,1993.9553454768306
39928,1993.9553454768306
39929,1993.9553454768306
39930,1993.9553454768306
39931,1993.9553454768306
39932,1993.9553454768306
39933,1993.9553454768306
39934,1993.9553454768306
39935,1993.9553454768306
39936,1993.9553454768306
39937,1993.9553454768306
39938,1993.9553454768306
39939,1993.9553454768306
39940,1993.9553454768306
39941,1993.9553454768306
39942,1993.9553454768306
39943,1993.9553454768306
39944,1993.9553454768306
39945,1993.9553454768306
39946,1993.9553454768306
39947,1993.9553454768306
39948,1993.9553454768306
39949,1993.9553454768306
39950,1993.9553454768306
39951,1993.9553454768306
39952,1993.9553454768306
39953,1993.9553454768306
39954,1993.9553454768306
39955,1993.9553454768306
39956,1993.9553454768306
39957,1993.9553454768306
39958,1993.9553454768306
39959,1993.9553454768306
39960,1993.9553454768306
39961,1993.9553454768306
39962,1993.9553454768306
39963,1993.9553454768306
39964,1993.9553454768306
39965,1993.9553454768306
39966,1993.9553454768306
39967,1993.9553454768306
39968,1993.9553454768306
39969,1993.9553454768306
39970,1993.9553454768306
39971,1993.9553454768306
39972,1993.9553454768306
39973,1993.9553454768306
39974,1993.9553454768306
39975,1993.9553454768306
39976,1993.9553454768306
39977,1993.9553454768306
39978,1993.9553454768306
39979,1993.9553454768306
39980,1993.9553454768306
39981,1993.9553454768306
39982,1993.9553454768306
39983,1993.9553454768306
39984,1993.9553454768306
39985,1993.9553454768306
39986,1993.9553454768306
39987,1993.9553454768306
39988,1993.9553454768306
39989,1993.9553454768306
39990,1993.9553454768306
39991,1993.9553454768306
39992,1993.9553454768306
39993,1993.9553454768306
39994,1993.9553454768306
39995,1993.9553454768306
39996,1993.9553454768306
39997,1993.9553454768306
39998,1993.9553454768306
39999,1993.9553454768306
40000,1993.9553454768306
40001,1993.9553454768306
40002,1993.9553454768306
40003,1993.9553454768306
40004,1993.9553454768306
40005,1993.9553454768306
40006,1993.9553454768306
40007,1993.9553454768306
40008,1993.9553454768306
40009,1993.9553454768306
40010,1993.9553454768306
40011,1993.9553454768306
40012,1993.9553454768306
40013,1993.9553454768306
40014,1993.9553454768306
40015,1993.9553454768306
40016,1993.9553454768306
40017,1993.9553454768306
40018,1993.9553454768306
40019,1993.9553454768306
40020,1993.9553454768306
40021,1993.9553454768306
40022,1993.9553454768306
40023,1993.9553454768306
40024,1993.9553454768306
40025,1993.9553454768306
40026,1993.9553454768306
40027,1993.9553454768306
40028,1993.9553454768306
40029,1993.9553454768306
40030,1993.9553454768306
40031,1993.9553454768306
40032,1993.9553454768306
40033,1993.9553454768306
40034,1993.9553454768306
40035,1993.9553454768306
40036,1993.9553454768306
40037,1993.9553454768306
40038,1993.9553454768306
40039,1993.9553454768306
40040,1993.9553454768306
40041,1993.9553454768306
40042,1993.9553454768306
40043,1993.9553454768306
40044,1993.9553454768306
40045,1993.9553454768306
40046,1993.9553454768306
40047,1993.9553454768306
40048,1993.9553454768306
40049,1993.9553454768306
40050,1993.9553454768306
40051,1993.9553454768306
40052,1993.9553454768306
40053,1993.9553454768306
40054,1993.9553454768306
40055,1993.9553454768306
40056,1993.9553454768306
40057,1993.9553454768306
40058,1993.9553454768306
40059,1993.9553454768306
40060,1993.9553454768306
40061,1993.9553454768306
40062,1993.9553454768306
40063,1993.9553454768306
40064,1993.9553454768306
40065,1993.9553454768306
40066,1993.9553454768306
40067,1993.9553454768306
40068,1993.9553454768306
40069,1993.9553454768306
40070,1993.9553454768306
40071,1993.9553454768306
40072,1993.9553454768306
40073,1993.9553454768306
40074,1993.9553454768306
40075,1993.9553454768306
40076,1993.9553454768306
40077,1993.9553454768306
40078,1993.9553454768306
40079,1993.9553454768306
40080,1993.9553454768306
40081,1993.9553454768306
40082,1993.9553454768306
40083,1993.9553454768306
40084,1993.9553454768306
40085,1993.9553454768306
40086,1993.9553454768306
40087,1993.9553454768306
40088,1993.9553454768306
40089,1993.9553454768306
40090,1993.9553454768306
40091,1993.9553454768306
40092,1993.9553454768306
40093,1993.9553454768306
40094,1993.9553454768306
40095,1993.9553454768306
40096,1993.9553454768306
40097,1993.9553454768306
40098,1993.9553454768306
40099,1993.9553454768306
40100,1993.9553454768306
40101,1993.9553454768306
40102,1993.9553454768306
40103,1993.9553454768306
40104,1993.9553454768306
40105,1993.9553454768306
40106,1993.9553454768306
40107,1993.9553454768306
40108,1993.9553454768306
40109,1993.9553454768306
40110,1993.9553454768306
40111,1993.9553454768306
40112,1993.9553454768306
40113,1993.9553454768306
40114,1993.9553454768306
40115,1993.9553454768306
40116,1993.9553454768306
40117,1993.9553454768306
40118,1993.9553454768306
40119,1993.9553454768306
40120,1993.9553454768306
40121,1993.9553454768306
40122,1993.9553454768306
40123,1993.9553454768306
40124,1993.9553454768306
40125,1993.9553454768306
40126,1993.9553454768306
40127,1993.9553454768306
40128,1993.9553454768306
40129,1993.9553454768306
40130,1993.9553454768306
40131,1993.9553454768306
40132,1993.9553454768306
40133,1993.9553454768306
40134,1993.9553454768306
40135,1993.9553454768306
40136,1993.9553454768306
40137,1993.9553454768306
40138,1993.9553454768306
40139,1993.9553454768306
40140,1993.9553454768306
40141,1993.9553454768306
40142,1993.9553454768306
40143,1993.9553454768306
40144,1993.9553454768306
40145,1993.9553454768306
40146,1993.9553454768306
40147,1993.9553454768306
40148,1993.9553454768306
40149,1993.9553454768306
40150,1993.9553454768306
40151,1993.9553454768306
40152,1993.9553454768306
40153,1993.9553454768306
40154,1993.9553454768306
40155,1993.9553454768306
40156,1993.9553454768306
40157,1993.9553454768306
40158,1993.9553454768306
40159,1993.9553454768306
40160,1993.9553454768306
40161,1993.9553454768306
40162,1993.9553454768306
40163,1993.9553454768306
40164,1993.9553454768306
40165,1993.9553454768306
40166,1993.9553454768306
40167,1993.9553454768306
40168,1993.9553454768306
40169,1993.9553454768306
40170,1993.9553454768306
40171,1993.9553454768306
40172,1993.9553454768306
40173,1993.9553454768306
40174,1993.9553454768306
40175,1993.9553454768306
40176,1993.9553454768306
40177,1993.9553454768306
40178,1993.9553454768306
40179,1993.9553454768306
40180,1993.9553454768306
40181,1993.9553454768306
40182,1993.9553454768306
40183,1993.9553454768306
40184,1993.9553454768306
40185,1993.9553454768306
40186,1993.9553454768306
40187,1993.9553454768306
40188,1993.9553454768306
40189,1993.9553454768306
40190,1993.9553454768306
40191,1993.9553454768306
40192,1993.9553454768306
40193,1993.9553454768306
40194,1993.9553454768306
40195,1993.9553454768306
40196,1993.9553454768306
40197,1993.9553454768306
40198,1993.9553454768306
40199,1993.9553454768306
40200,1993.9553454768306
40201,1993.9553454768306
40202,1993.9553454768306
40203,1993.9553454768306
40204,1993.9553454768306
40205,1993.9553454768306
40206,1993.9553454768306
40207,1993.9553454768306
40208,1993.9553454768306
40209,1993.9553454768306
40210,1993.9553454768306
40211,1993.9553454768306
40212,1993.9553454768306
40213,1993.9553454768306
40214,1993.9553454768306
40215,1993.9553454768306
40216,1993.9553454768306
40217,1993.9553454768306
40218,1993.9553454768306
40219,1993.9553454768306
40220,1993.9553454768306
40221,1993.9553454768306
40222,1993.9553454768306
40223,1993.9553454768306
40224,1993.9553454768306
40225,1993.9553454768306
40226,1993.9553454768306
40227,1993.9553454768306
40228,1993.9553454768306
40229,1993.9553454768306
40230,1993.9553454768306
40231,1993.9553454768306
40232,1993.9553454768306
40233,1993.9553454768306
40234,1993.9553454768306
40235,1993.9553454768306
40236,1993.9553454768306
40237,1993.9553454768306
40238,1993.9553454768306
40239,1993.9553454768306
40240,1993.9553454768306
40241,1993.9553454768306
40242,1993.9553454768306
40243,1993.9553454768306
40244,1993.9553454768306
40245,1993.9553454768306
40246,1993.9553454768306
40247,1993.9553454768306
40248,1993.9553454768306
40249,1993.9553454768306
40250,1993.9553454768306
40251,1993.9553454768306
40252,1993.9553454768306
40253,1993.9553454768306
40254,1993.9553454768306
40255,1993.9553454768306
40256,1993.9553454768306
40257,1993.9553454768306
40258,1993.9553454768306
40259,1993.9553454768306
40260,1993.9553454768306
40261,1993.9553454768306
40262,1993.9553454768306
40263,1993.9553454768306
40264,1993.9553454768306
40265,1993.9553454768306
40266,1993.9553454768306
40267,1993.9553454768306
40268,1993.9553454768306
40269,1993.9553454768306
40270,1993.9553454768306
40271,1993.9553454768306
40272,1993.9553454768306
40273,1993.9553454768306
40274,1993.9553454768306
40275,1993.9553454768306
40276,1993.9553454768306
40277,1993.9553454768306
40278,1993.9553454768306
40279,1993.9553454768306
40280,1993.9553454768306
40281,1993.9553454768306
40282,1993.9553454768306
40283,1993.9553454768306
40284,1993.9553454768306
40285,1993.9553454768306
40286,1993.9553454768306
40287,1993.9553454768306
40288,1993.9553454768306
40289,1993.9553454768306
40290,1993.9553454768306
40291,1993.9553454768306
40292,1993.9553454768306
40293,1993.9553454768306
40294,1993.9553454768306
40295,1993.9553454768306
40296,1993.9553454768306
40297,1993.9553454768306
40298,1993.9553454768306
40299,1993.9553454768306
40300,1993.9553454768306
40301,1993.9553454768306
40302,1993.9553454768306
40303,1993.9553454768306
40304,1993.9553454768306
40305,1993.9553454768306
40306,1993.9553454768306
40307,1993.9553454768306
40308,1993.9553454768306
40309,1993.9553454768306
40310,1993.9553454768306
40311,1993.9553454768306
40312,1993.9553454768306
40313,1993.9553454768306
40314,1993.9553454768306
40315,1993.9553454768306
40316,1993.9553454768306
40317,1993.9553454768306
40318,1993.9553454768306
40319,1993.9553454768306
40320,1993.9553454768306
40321,1993.9553454768306
40322,1993.9553454768306
40323,1993.9553454768306
40324,1993.9553454768306
40325,1993.9553454768306
40326,1993.9553454768306
40327,1993.9553454768306
40328,1993.9553454768306
40329,1993.9553454768306
40330,1993.9553454768306
40331,1993.9553454768306
40332,1993.9553454768306
40333,1993.9553454768306
40334,1993.9553454768306
40335,1993.9553454768306
40336,1993.9553454768306
40337,1993.9553454768306
40338,1993.9553454768306
40339,1993.9553454768306
40340,1993.9553454768306
40341,1993.9553454768306
40342,1993.9553454768306
40343,1993.9553454768306
40344,1993.9553454768306
40345,1993.9553454768306
40346,1993.9553454768306
40347,1993.9553454768306
40348,1993.9553454768306
40349,1993.9553454768306
40350,1993.9553454768306
40351,1993.9553454768306
40352,1993.9553454768306
40353,1993.9553454768306
40354,1993.9553454768306
40355,1993.9553454768306
40356,1993.9553454768306
40357,1993.9553454768306
40358,1993.9553454768306
40359,1993.9553454768306
40360,1993.9553454768306
40361,1993.9553454768306
40362,1993.9553454768306
40363,1993.9553454768306
40364,1993.9553454768306
40365,1993.9553454768306
40366,1993.9553454768306
40367,1993.9553454768306
40368,1993.9553454768306
40369,1993.9553454768306
40370,1993.9553454768306
40371,1993.9553454768306
40372,1993.9553454768306
40373,1993.9553454768306
40374,1993.9553454768306
40375,1993.9553454768306
40376,1993.9553454768306
40377,1993.9553454768306
40378,1993.9553454768306
40379,1993.9553454768306
40380,1993.9553454768306
40381,1993.9553454768306
40382,1993.9553454768306
40383,1993.9553454768306
40384,1993.9553454768306
40385,1993.9553454768306
40386,1993.9553454768306
40387,1993.9553454768306
40388,1993.9553454768306
40389,1993.9553454768306
40390,1993.9553454768306
40391,1993.9553454768306
40392,1993.9553454768306
40393,1993.9553454768306
40394,1993.9553454768306
40395,1993.9553454768306
40396,1993.9553454768306
40397,1993.9553454768306
40398,1993.9553454768306
40399,1993.9553454768306
40400,1993.9553454768306
40401,1993.9553454768306
40402,1993.9553454768306
40403,1993.9553454768306
40404,1993.9553454768306
40405,1993.9553454768306
40406,1993.9553454768306
40407,1993.9553454768306
40408,1993.9553454768306
40409,1993.9553454768306
40410,1993.9553454768306
40411,1993.9553454768306
40412,1993.9553454768306
40413,1993.9553454768306
40414,1993.9553454768306
40415,1993.9553454768306
40416,1993.9553454768306
40417,1993.9553454768306
40418,1993.9553454768306
40419,1993.9553454768306
40420,1993.9553454768306
40421,1993.9553454768306
40422,1993.9553454768306
40423,1993.9553454768306
40424,1993.9553454768306
40425,1993.9553454768306
40426,1993.9553454768306
40427,1993.9553454768306
40428,1993.9553454768306
40429,1993.9553454768306
40430,1993.9553454768306
40431,1993.9553454768306
40432,1993.9553454768306
40433,1993.9553454768306
40434,1993.9553454768306
40435,1993.9553454768306
40436,1993.9553454768306
40437,1993.9553454768306
40438,1993.9553454768306
40439,1993.9553454768306
40440,1993.9553454768306
40441,1993.9553454768306
40442,1993.9553454768306
40443,1993.9553454768306
40444,1993.9553454768306
40445,1993.9553454768306
40446,1993.9553454768306
40447,1993.9553454768306
40448,1993.9553454768306
40449,1993.9553454768306
40450,1993.9553454768306
40451,1993.9553454768306
40452,1993.9553454768306
40453,1993.9553454768306
40454,1993.9553454768306
40455,1993.9553454768306
40456,1993.9553454768306
40457,1993.9553454768306
40458,1993.9553454768306
40459,1993.9553454768306
40460,1993.9553454768306
40461,1993.9553454768306
40462,1993.9553454768306
40463,1993.9553454768306
40464,1993.9553454768306
40465,1993.9553454768306
40466,1993.9553454768306
40467,1993.9553454768306
40468,1993.9553454768306
40469,1993.9553454768306
40470,1993.9553454768306
40471,1993.9553454768306
40472,1993.9553454768306
40473,1993.9553454768306
40474,1993.9553454768306
40475,1993.9553454768306
40476,1993.9553454768306
40477,1993.9553454768306
40478,1993.9553454768306
40479,1993.9553454768306
40480,1993.9553454768306
40481,1993.9553454768306
40482,1993.9553454768306
40483,1993.9553454768306
40484,1993.9553454768306
40485,1993.9553454768306
40486,1993.9553454768306
40487,1993.9553454768306
40488,1993.9553454768306
40489,1993.9553454768306
40490,1993.9553454768306
40491,1993.9553454768306
40492,1993.9553454768306
40493,1993.9553454768306
40494,1993.9553454768306
40495,1993.9553454768306
40496,1993.9553454768306
40497,1993.9553454768306
40498,1993.9553454768306
40499,1993.9553454768306
40500,1993.9553454768306
40501,1993.9553454768306
40502,1993.9553454768306
40503,1993.9553454768306
40504,1993.9553454768306
40505,1993.9553454768306
40506,1993.9553454768306
40507,1993.9553454768306
40508,1993.9553454768306
40509,1993.9553454768306
40510,1993.9553454768306
40511,1993.9553454768306
40512,1993.9553454768306
40513,1993.9553454768306
40514,1993.9553454768306
40515,1993.9553454768306
40516,1993.9553454768306
40517,1993.9553454768306
40518,1993.9553454768306
40519,1993.9553454768306
40520,1993.9553454768306
40521,1993.9553454768306
40522,1993.9553454768306
40523,1993.9553454768306
40524,1993.9553454768306
40525,1993.9553454768306
40526,1993.9553454768306
40527,1993.9553454768306
40528,1993.9553454768306
40529,1993.9553454768306
40530,1993.9553454768306
40531,1993.9553454768306
40532,1993.9553454768306
40533,1993.9553454768306
40534,1993.9553454768306
40535,1993.9553454768306
40536,1993.9553454768306
40537,1993.9553454768306
40538,1993.9553454768306
40539,1993.9553454768306
40540,1993.9553454768306
40541,1993.9553454768306
40542,1993.9553454768306
40543,1993.9553454768306
40544,1993.9553454768306
40545,1993.9553454768306
40546,1993.9553454768306
40547,1993.9553454768306
40548,1993.9553454768306
40549,1993.9553454768306
40550,1993.9553454768306
40551,1993.9553454768306
40552,1993.9553454768306
40553,1993.9553454768306
40554,1993.9553454768306
40555,1993.9553454768306
40556,1993.9553454768306
40557,1993.9553454768306
40558,1993.9553454768306
40559,1993.9553454768306
40560,1993.9553454768306
40561,1993.9553454768306
40562,1993.9553454768306
40563,1993.9553454768306
40564,1993.9553454768306
40565,1993.9553454768306
40566,1993.9553454768306
40567,1993.9553454768306
40568,1993.9553454768306
40569,1993.9553454768306
40570,1993.9553454768306
40571,1993.9553454768306
40572,1993.9553454768306
40573,1993.9553454768306
40574,1993.9553454768306
40575,1993.9553454768306
40576,1993.9553454768306
40577,1993.9553454768306
40578,1993.9553454768306
40579,1993.9553454768306
40580,1993.9553454768306
40581,1993.9553454768306
40582,1993.9553454768306
40583,1993.9553454768306
40584,1993.9553454768306
40585,1993.9553454768306
40586,1993.9553454768306
40587,1993.9553454768306
40588,1993.9553454768306
40589,1993.9553454768306
40590,1993.9553454768306
40591,1993.9553454768306
40592,1993.9553454768306
40593,1993.9553454768306
40594,1993.9553454768306
40595,1993.9553454768306
40596,1993.9553454768306
40597,1993.9553454768306
40598,1993.9553454768306
40599,1993.9553454768306
40600,1993.9553454768306
40601,1993.9553454768306
40602,1993.9553454768306
40603,1993.9553454768306
40604,1993.9553454768306
40605,1993.9553454768306
40606,1993.9553454768306
40607,1993.9553454768306
40608,1993.9553454768306
40609,1993.9553454768306
40610,1993.9553454768306
40611,1993.9553454768306
40612,1993.9553454768306
40613,1993.9553454768306
40614,1993.9553454768306
40615,1993.9553454768306
40616,1993.9553454768306
40617,1993.9553454768306
40618,1993.9553454768306
40619,1993.9553454768306
40620,1993.9553454768306
40621,1993.9553454768306
40622,1993.9553454768306
40623,1993.9553454768306
40624,1993.9553454768306
40625,1993.9553454768306
40626,1993.9553454768306
40627,1993.9553454768306
40628,1993.9553454768306
40629,1993.9553454768306
40630,1993.9553454768306
40631,1993.9553454768306
40632,1993.9553454768306
40633,1993.9553454768306
40634,1993.9553454768306
40635,1993.9553454768306
40636,1993.9553454768306
40637,1993.9553454768306
40638,1993.9553454768306
40639,1993.9553454768306
40640,1993.9553454768306
40641,1993.9553454768306
40642,1993.9553454768306
40643,1993.9553454768306
40644,1993.9553454768306
40645,1993.9553454768306
40646,1993.9553454768306
40647,1993.9553454768306
40648,1993.9553454768306
40649,1993.9553454768306
40650,1993.9553454768306
40651,1993.9553454768306
40652,1993.9553454768306
40653,1993.9553454768306
40654,1993.9553454768306
40655,1993.9553454768306
40656,1993.9553454768306
40657,1993.9553454768306
40658,1993.9553454768306
40659,1993.9553454768306
40660,1993.9553454768306
40661,1993.9553454768306
40662,1993.9553454768306
40663,1993.9553454768306
40664,1993.9553454768306
40665,1993.9553454768306
40666,1993.9553454768306
40667,1993.9553454768306
40668,1993.9553454768306
40669,1993.9553454768306
40670,1993.9553454768306
40671,1993.9553454768306
40672,1993.9553454768306
40673,1993.9553454768306
40674,1993.9553454768306
40675,1993.9553454768306
40676,1993.9553454768306
40677,1993.9553454768306
40678,1993.9553454768306
40679,1993.9553454768306
40680,1993.9553454768306
40681,1993.9553454768306
40682,1993.9553454768306
40683,1993.9553454768306
40684,1993.9553454768306
40685,1993.9553454768306
40686,1993.9553454768306
40687,1993.9553454768306
40688,1993.9553454768306
40689,1993.9553454768306
40690,1993.9553454768306
40691,1993.9553454768306
40692,1993.9553454768306
40693,1993.9553454768306
40694,1993.9553454768306
40695,1993.9553454768306
40696,1993.9553454768306
40697,1993.9553454768306
40698,1993.9553454768306
40699,1993.9553454768306
40700,1993.9553454768306
40701,1993.9553454768306
40702,1993.9553454768306
40703,1993.9553454768306
40704,1993.9553454768306
40705,1993.9553454768306
40706,1993.9553454768306
40707,1993.9553454768306
40708,1993.9553454768306
40709,1993.9553454768306
40710,1993.9553454768306
40711,1993.9553454768306
40712,1993.9553454768306
40713,1993.9553454768306
40714,1993.9553454768306
40715,1993.9553454768306
40716,1993.9553454768306
40717,1993.9553454768306
40718,1993.9553454768306
40719,1993.9553454768306
40720,1993.9553454768306
40721,1993.9553454768306
40722,1993.9553454768306
40723,1993.9553454768306
40724,1993.9553454768306
40725,1993.9553454768306
40726,1993.9553454768306
40727,1993.9553454768306
40728,1993.9553454768306
40729,1993.9553454768306
40730,1993.9553454768306
40731,1993.9553454768306
40732,1993.9553454768306
40733,1993.9553454768306
40734,1993.9553454768306
40735,1993.9553454768306
40736,1993.9553454768306
40737,1993.9553454768306
40738,1993.9553454768306
40739,1993.9553454768306
40740,1993.9553454768306
40741,1993.9553454768306
40742,1993.9553454768306
40743,1993.9553454768306
40744,1993.9553454768306
40745,1993.9553454768306
40746,1993.9553454768306
40747,1993.9553454768306
40748,1993.9553454768306
40749,1993.9553454768306
40750,1993.9553454768306
40751,1993.9553454768306
40752,1993.9553454768306
40753,1993.9553454768306
40754,1993.9553454768306
40755,1993.9553454768306
40756,1993.9553454768306
40757,1993.9553454768306
40758,1993.9553454768306
40759,1993.9553454768306
40760,1993.9553454768306
40761,1993.9553454768306
40762,1993.9553454768306
40763,1993.9553454768306
40764,1993.9553454768306
40765,1993.9553454768306
40766,1993.9553454768306
40767,1993.9553454768306
40768,1993.9553454768306
40769,1993.9553454768306
40770,1993.9553454768306
40771,1993.9553454768306
40772,1993.9553454768306
40773,1993.9553454768306
40774,1993.9553454768306
40775,1993.9553454768306
40776,1993.9553454768306
40777,1993.9553454768306
40778,1993.9553454768306
40779,1993.9553454768306
40780,1993.9553454768306
40781,1993.9553454768306
40782,1993.9553454768306
40783,1993.9553454768306
40784,1993.9553454768306
40785,1993.9553454768306
40786,1993.9553454768306
40787,1993.9553454768306
40788,1993.9553454768306
40789,1993.9553454768306
40790,1993.9553454768306
40791,1993.9553454768306
40792,1993.9553454768306
40793,1993.9553454768306
40794,1993.9553454768306
40795,1993.9553454768306
40796,1993.9553454768306
40797,1993.9553454768306
40798,1993.9553454768306
40799,1993.9553454768306
40800,1993.9553454768306
40801,1993.9553454768306
40802,1993.9553454768306
40803,1993.9553454768306
40804,1993.9553454768306
40805,1993.9553454768306
40806,1993.9553454768306
40807,1993.9553454768306
40808,1993.9553454768306
40809,1993.9553454768306
40810,1993.9553454768306
40811,1993.9553454768306
40812,1993.9553454768306
40813,1993.9553454768306
40814,1993.9553454768306
40815,1993.9553454768306
40816,1993.9553454768306
40817,1993.9553454768306
40818,1993.9553454768306
40819,1993.9553454768306
40820,1993.9553454768306
40821,1993.9553454768306
40822,1993.9553454768306
40823,1993.9553454768306
40824,1993.9553454768306
40825,1993.9553454768306
40826,1993.9553454768306
40827,1993.9553454768306
40828,1993.9553454768306
40829,1993.9553454768306
40830,1993.9553454768306
40831,1993.9553454768306
40832,1993.9553454768306
40833,1993.9553454768306
40834,1993.9553454768306
40835,1993.9553454768306
40836,1993.9553454768306
40837,1993.9553454768306
40838,1993.9553454768306
40839,1993.9553454768306
40840,1993.9553454768306
40841,1993.9553454768306
40842,1993.9553454768306
40843,1993.9553454768306
40844,1993.9553454768306
40845,1993.9553454768306
40846,1993.9553454768306
40847,1993.9553454768306
40848,1993.9553454768306
40849,1993.9553454768306
40850,1993.9553454768306
40851,1993.9553454768306
40852,1993.9553454768306
40853,1993.9553454768306
40854,1993.9553454768306
40855,1993.9553454768306
40856,1993.9553454768306
40857,1993.9553454768306
40858,1993.9553454768306
40859,1993.9553454768306
40860,1993.9553454768306
40861,1993.9553454768306
40862,1993.9553454768306
40863,1993.9553454768306
40864,1993.9553454768306
40865,1993.9553454768306
40866,1993.9553454768306
40867,1993.9553454768306
40868,1993.9553454768306
40869,1993.9553454768306
40870,1993.9553454768306
40871,1993.9553454768306
40872,1993.9553454768306
40873,1993.9553454768306
40874,1993.9553454768306
40875,1993.9553454768306
40876,1993.9553454768306
40877,1993.9553454768306
40878,1993.9553454768306
40879,1993.9553454768306
40880,1993.9553454768306
40881,1993.9553454768306
40882,1993.9553454768306
40883,1993.9553454768306
40884,1993.9553454768306
40885,1993.9553454768306
40886,1993.9553454768306
40887,1993.9553454768306
40888,1993.9553454768306
40889,1993.9553454768306
40890,1993.9553454768306
40891,1993.9553454768306
40892,1993.9553454768306
40893,1993.9553454768306
40894,1993.9553454768306
40895,1993.9553454768306
40896,1993.9553454768306
40897,1993.9553454768306
40898,1993.9553454768306
40899,1993.9553454768306
40900,1993.9553454768306
40901,1993.9553454768306
40902,1993.9553454768306
40903,1993.9553454768306
40904,1993.9553454768306
40905,1993.9553454768306
40906,1993.9553454768306
40907,1993.9553454768306
40908,1993.9553454768306
40909,1993.9553454768306
40910,1993.9553454768306
40911,1993.9553454768306
40912,1993.9553454768306
40913,1993.9553454768306
40914,1993.9553454768306
40915,1993.9553454768306
40916,1993.9553454768306
40917,1993.9553454768306
40918,1993.9553454768306
40919,1993.9553454768306
40920,1993.9553454768306
40921,1993.9553454768306
40922,1993.9553454768306
40923,1993.9553454768306
40924,1993.9553454768306
40925,1993.9553454768306
40926,1993.9553454768306
40927,1993.9553454768306
40928,1993.9553454768306
40929,1993.9553454768306
40930,1993.9553454768306
40931,1993.9553454768306
40932,1993.9553454768306
40933,1993.9553454768306
40934,1993.9553454768306
40935,1993.9553454768306
40936,1993.9553454768306
40937,1993.9553454768306
40938,1993.9553454768306
40939,1993.9553454768306
40940,1993.9553454768306
40941,1993.9553454768306
40942,1993.9553454768306
40943,1993.9553454768306
40944,1993.9553454768306
40945,1993.9553454768306
40946,1993.9553454768306
40947,1993.9553454768306
40948,1993.9553454768306
40949,1993.9553454768306
40950,1993.9553454768306
40951,1993.9553454768306
40952,1993.9553454768306
40953,1993.9553454768306
40954,1993.9553454768306
40955,1993.9553454768306
40956,1993.9553454768306
40957,1993.9553454768306
40958,1993.9553454768306
40959,1993.9553454768306
40960,1993.9553454768306
40961,1993.9553454768306
40962,1993.9553454768306
40963,1993.9553454768306
40964,1993.9553454768306
40965,1993.9553454768306
40966,1993.9553454768306
40967,1993.9553454768306
40968,1993.9553454768306
40969,1993.9553454768306
40970,1993.9553454768306
40971,1993.9553454768306
40972,1993.9553454768306
40973,1993.9553454768306
40974,1993.9553454768306
40975,1993.9553454768306
40976,1993.9553454768306
40977,1993.9553454768306
40978,1993.9553454768306
40979,1993.9553454768306
40980,1993.9553454768306
40981,1993.9553454768306
40982,1993.9553454768306
40983,1993.9553454768306
40984,1993.9553454768306
40985,1993.9553454768306
40986,1993.9553454768306
40987,1993.9553454768306
40988,1993.9553454768306
40989,1993.9553454768306
40990,1993.9553454768306
40991,1993.9553454768306
40992,1993.9553454768306
40993,1993.9553454768306
40994,1993.9553454768306
40995,1993.9553454768306
40996,1993.9553454768306
40997,1993.9553454768306
40998,1993.9553454768306
40999,1993.9553454768306
41000,1993.9553454768306
41001,1993.9553454768306
41002,1993.9553454768306
41003,1993.9553454768306
41004,1993.9553454768306
41005,1993.9553454768306
41006,1993.9553454768306
41007,1993.9553454768306
41008,1993.9553454768306
41009,1993.9553454768306
41010,1993.9553454768306
41011,1993.9553454768306
41012,1993.9553454768306
41013,1993.9553454768306
41014,1993.9553454768306
41015,1993.9553454768306
41016,1993.9553454768306
41017,1993.9553454768306
41018,1993.9553454768306
41019,1993.9553454768306
41020,1993.9553454768306
41021,1993.9553454768306
41022,1993.9553454768306
41023,1993.9553454768306
41024,1993.9553454768306
41025,1993.9553454768306
41026,1993.9553454768306
41027,1993.9553454768306
41028,1993.9553454768306
41029,1993.9553454768306
41030,1993.9553454768306
41031,1993.9553454768306
41032,1993.9553454768306
41033,1993.9553454768306
41034,1993.9553454768306
41035,1993.9553454768306
41036,1993.9553454768306
41037,1993.9553454768306
41038,1993.9553454768306
41039,1993.9553454768306
41040,1993.9553454768306
41041,1993.9553454768306
41042,1993.9553454768306
41043,1993.9553454768306
41044,1993.9553454768306
41045,1993.9553454768306
41046,1993.9553454768306
41047,1993.9553454768306
41048,1993.9553454768306
41049,1993.9553454768306
41050,1993.9553454768306
41051,1993.9553454768306
41052,1993.9553454768306
41053,1993.9553454768306
41054,1993.9553454768306
41055,1993.9553454768306
41056,1993.9553454768306
41057,1993.9553454768306
41058,1993.9553454768306
41059,1993.9553454768306
41060,1993.9553454768306
41061,1993.9553454768306
41062,1993.9553454768306
41063,1993.9553454768306
41064,1993.9553454768306
41065,1993.9553454768306
41066,1993.9553454768306
41067,1993.9553454768306
41068,1993.9553454768306
41069,1993.9553454768306
41070,1993.9553454768306
41071,1993.9553454768306
41072,1993.9553454768306
41073,1993.9553454768306
41074,1993.9553454768306
41075,1993.9553454768306
41076,1993.9553454768306
41077,1993.9553454768306
41078,1993.9553454768306
41079,1993.9553454768306
41080,1993.9553454768306
41081,1993.9553454768306
41082,1993.9553454768306
41083,1993.9553454768306
41084,1993.9553454768306
41085,1993.9553454768306
41086,1993.9553454768306
41087,1993.9553454768306
41088,1993.9553454768306
41089,1993.9553454768306
41090,1993.9553454768306
41091,1993.9553454768306
41092,1993.9553454768306
41093,1993.9553454768306
41094,1993.9553454768306
41095,1993.9553454768306
41096,1993.9553454768306
41097,1993.9553454768306
41098,1993.9553454768306
41099,1993.9553454768306
41100,1993.9553454768306
41101,1993.9553454768306
41102,1993.9553454768306
41103,1993.9553454768306
41104,1993.9553454768306
41105,1993.9553454768306
41106,1993.9553454768306
41107,1993.9553454768306
41108,1993.9553454768306
41109,1993.9553454768306
41110,1993.9553454768306
41111,1993.9553454768306
41112,1993.9553454768306
41113,1993.9553454768306
41114,1993.9553454768306
41115,1993.9553454768306
41116,1993.9553454768306
41117,1993.9553454768306
41118,1993.9553454768306
41119,1993.9553454768306
41120,1993.9553454768306
41121,1993.9553454768306
41122,1993.9553454768306
41123,1993.9553454768306
41124,1993.9553454768306
41125,1993.9553454768306
41126,1993.9553454768306
41127,1993.9553454768306
41128,1993.9553454768306
41129,1993.9553454768306
41130,1993.9553454768306
41131,1993.9553454768306
41132,1993.9553454768306
41133,1993.9553454768306
41134,1993.9553454768306
41135,1993.9553454768306
41136,1993.9553454768306
41137,1993.9553454768306
41138,1993.9553454768306
41139,1993.9553454768306
41140,1993.9553454768306
41141,1993.9553454768306
41142,1993.9553454768306
41143,1993.9553454768306
41144,1993.9553454768306
41145,1993.9553454768306
41146,1993.9553454768306
41147,1993.9553454768306
41148,1993.9553454768306
41149,1993.9553454768306
41150,1993.9553454768306
41151,1993.9553454768306
41152,1993.9553454768306
41153,1993.9553454768306
41154,1993.9553454768306
41155,1993.9553454768306
41156,1993.9553454768306
41157,1993.9553454768306
41158,1993.9553454768306
41159,1993.9553454768306
41160,1993.9553454768306
41161,1993.9553454768306
41162,1993.9553454768306
41163,1993.9553454768306
41164,1993.9553454768306
41165,1993.9553454768306
41166,1993.9553454768306
41167,1993.9553454768306
41168,1993.9553454768306
41169,1993.9553454768306
41170,1993.9553454768306
41171,1993.9553454768306
41172,1993.9553454768306
41173,1993.9553454768306
41174,1993.9553454768306
41175,1993.9553454768306
41176,1993.9553454768306
41177,1993.9553454768306
41178,1993.9553454768306
41179,1993.9553454768306
41180,1993.9553454768306
41181,1993.9553454768306
41182,1993.9553454768306
41183,1993.9553454768306
41184,1993.9553454768306
41185,1993.9553454768306
41186,1993.9553454768306
41187,1993.9553454768306
41188,1993.9553454768306
41189,1993.9553454768306
41190,1993.9553454768306
41191,1993.9553454768306
41192,1993.9553454768306
41193,1993.9553454768306
41194,1993.9553454768306
41195,1993.9553454768306
41196,1993.9553454768306
41197,1993.9553454768306
41198,1993.9553454768306
41199,1993.9553454768306
41200,1993.9553454768306
41201,1993.9553454768306
41202,1993.9553454768306
41203,1993.9553454768306
41204,1993.9553454768306
41205,1993.9553454768306
41206,1993.9553454768306
41207,1993.9553454768306
41208,1993.9553454768306
41209,1993.9553454768306
41210,1993.9553454768306
41211,1993.9553454768306
41212,1993.9553454768306
41213,1993.9553454768306
41214,1993.9553454768306
41215,1993.9553454768306
41216,1993.9553454768306
41217,1993.9553454768306
41218,1993.9553454768306
41219,1993.9553454768306
41220,1993.9553454768306
41221,1993.9553454768306
41222,1993.9553454768306
41223,1993.9553454768306
41224,1993.9553454768306
41225,1993.9553454768306
41226,1993.9553454768306
41227,1993.9553454768306
41228,1993.9553454768306
41229,1993.9553454768306
41230,1993.9553454768306
41231,1993.9553454768306
41232,1993.9553454768306
41233,1993.9553454768306
41234,1993.9553454768306
41235,1993.9553454768306
41236,1993.9553454768306
41237,1993.9553454768306
41238,1993.9553454768306
41239,1993.9553454768306
41240,1993.9553454768306
41241,1993.9553454768306
41242,1993.9553454768306
41243,1993.9553454768306
41244,1993.9553454768306
41245,1993.9553454768306
41246,1993.9553454768306
41247,1993.9553454768306
41248,1993.9553454768306
41249,1993.9553454768306
41250,1993.9553454768306
41251,1993.9553454768306
41252,1993.9553454768306
41253,1993.9553454768306
41254,1993.9553454768306
41255,1993.9553454768306
41256,1993.9553454768306
41257,1993.9553454768306
41258,1993.9553454768306
41259,1993.9553454768306
41260,1993.9553454768306
41261,1993.9553454768306
41262,1993.9553454768306
41263,1993.9553454768306
41264,1993.9553454768306
41265,1993.9553454768306
41266,1993.9553454768306
41267,1993.9553454768306
41268,1993.9553454768306
41269,1993.9553454768306
41270,1993.9553454768306
41271,1993.9553454768306
41272,1993.9553454768306
41273,1993.9553454768306
41274,1993.9553454768306
41275,1993.9553454768306
41276,1993.9553454768306
41277,1993.9553454768306
41278,1993.9553454768306
41279,1993.9553454768306
41280,1993.9553454768306
41281,1993.9553454768306
41282,1993.9553454768306
41283,1993.9553454768306
41284,1993.9553454768306
41285,1993.9553454768306
41286,1993.9553454768306
41287,1993.9553454768306
41288,1993.9553454768306
41289,1993.9553454768306
41290,1993.9553454768306
41291,1993.9553454768306
41292,1993.9553454768306
41293,1993.9553454768306
41294,1993.9553454768306
41295,1993.9553454768306
41296,1993.9553454768306
41297,1993.9553454768306
41298,1993.9553454768306
41299,1993.9553454768306
41300,1993.9553454768306
41301,1993.9553454768306
41302,1993.9553454768306
41303,1993.9553454768306
41304,1993.9553454768306
41305,1993.9553454768306
41306,1993.9553454768306
41307,1993.9553454768306
41308,1993.9553454768306
41309,1993.9553454768306
41310,1993.9553454768306
41311,1993.9553454768306
41312,1993.9553454768306
41313,1993.9553454768306
41314,1993.9553454768306
41315,1993.9553454768306
41316,1993.9553454768306
41317,1993.9553454768306
41318,1993.9553454768306
41319,1993.9553454768306
41320,1993.9553454768306
41321,1993.9553454768306
41322,1993.9553454768306
41323,1993.9553454768306
41324,1993.9553454768306
41325,1993.9553454768306
41326,1993.9553454768306
41327,1993.9553454768306
41328,1993.9553454768306
41329,1993.9553454768306
41330,1993.9553454768306
41331,1993.9553454768306
41332,1993.9553454768306
41333,1993.9553454768306
41334,1993.9553454768306
41335,1993.9553454768306
41336,1993.9553454768306
41337,1993.9553454768306
41338,1993.9553454768306
41339,1993.9553454768306
41340,1993.9553454768306
41341,1993.9553454768306
41342,1993.9553454768306
41343,1993.9553454768306
41344,1993.9553454768306
41345,1993.9553454768306
41346,1993.9553454768306
41347,1993.9553454768306
41348,1993.9553454768306
41349,1993.9553454768306
41350,1993.9553454768306
41351,1993.9553454768306
41352,1993.9553454768306
41353,1993.9553454768306
41354,1993.9553454768306
41355,1993.9553454768306
41356,1993.9553454768306
41357,1993.9553454768306
41358,1993.9553454768306
41359,1993.9553454768306
41360,1993.9553454768306
41361,1993.9553454768306
41362,1993.9553454768306
41363,1993.9553454768306
41364,1993.9553454768306
41365,1993.9553454768306
41366,1993.9553454768306
41367,1993.9553454768306
41368,1993.9553454768306
41369,1993.9553454768306
41370,1993.9553454768306
41371,1993.9553454768306
41372,1993.9553454768306
41373,1993.9553454768306
41374,1993.9553454768306
41375,1993.9553454768306
41376,1993.9553454768306
41377,1993.9553454768306
41378,1993.9553454768306
41379,1993.9553454768306
41380,1993.9553454768306
41381,1993.9553454768306
41382,1993.9553454768306
41383,1993.9553454768306
41384,1993.9553454768306
41385,1993.9553454768306
41386,1993.9553454768306
41387,1993.9553454768306
41388,1993.9553454768306
41389,1993.9553454768306
41390,1993.9553454768306
41391,1993.9553454768306
41392,1993.9553454768306
41393,1993.9553454768306
41394,1993.9553454768306
41395,1993.9553454768306
41396,1993.9553454768306
41397,1993.9553454768306
41398,1993.9553454768306
41399,1993.9553454768306
41400,1993.9553454768306
41401,1993.9553454768306
41402,1993.9553454768306
41403,1993.9553454768306
41404,1993.9553454768306
41405,1993.9553454768306
41406,1993.9553454768306
41407,1993.9553454768306
41408,1993.9553454768306
41409,1993.9553454768306
41410,1993.9553454768306
41411,1993.9553454768306
41412,1993.9553454768306
41413,1993.9553454768306
41414,1993.9553454768306
41415,1993.9553454768306
41416,1993.9553454768306
41417,1993.9553454768306
41418,1993.9553454768306
41419,1993.9553454768306
41420,1993.9553454768306
41421,1993.9553454768306
41422,1993.9553454768306
41423,1993.9553454768306
41424,1993.9553454768306
41425,1993.9553454768306
41426,1993.9553454768306
41427,1993.9553454768306
41428,1993.9553454768306
41429,1993.9553454768306
41430,1993.9553454768306
41431,1993.9553454768306
41432,1993.9553454768306
41433,1993.9553454768306
41434,1993.9553454768306
41435,1993.9553454768306
41436,1993.9553454768306
41437,1993.9553454768306
41438,1993.9553454768306
41439,1993.9553454768306
41440,1993.9553454768306
41441,1993.9553454768306
41442,1993.9553454768306
41443,1993.9553454768306
41444,1993.9553454768306
41445,1993.9553454768306
41446,1993.9553454768306
41447,1993.9553454768306
41448,1993.9553454768306
41449,1993.9553454768306
41450,1993.9553454768306
41451,1993.9553454768306
41452,1993.9553454768306
41453,1993.9553454768306
41454,1993.9553454768306
41455,1993.9553454768306
41456,1993.9553454768306
41457,1993.9553454768306
41458,1993.9553454768306
41459,1993.9553454768306
41460,1993.9553454768306
41461,1993.9553454768306
41462,1993.9553454768306
41463,1993.9553454768306
41464,1993.9553454768306
41465,1993.9553454768306
41466,1993.9553454768306
41467,1993.9553454768306
41468,1993.9553454768306
41469,1993.9553454768306
41470,1993.9553454768306
41471,1993.9553454768306
41472,1993.9553454768306
41473,1993.9553454768306
41474,1993.9553454768306
41475,1993.9553454768306
41476,1993.9553454768306
41477,1993.9553454768306
41478,1993.9553454768306
41479,1993.9553454768306
41480,1993.9553454768306
41481,1993.9553454768306
41482,1993.9553454768306
41483,1993.9553454768306
41484,1993.9553454768306
41485,1993.9553454768306
41486,1993.9553454768306
41487,1993.9553454768306
41488,1993.9553454768306
41489,1993.9553454768306
41490,1993.9553454768306
41491,1993.9553454768306
41492,1993.9553454768306
41493,1993.9553454768306
41494,1993.9553454768306
41495,1993.9553454768306
41496,1993.9553454768306
41497,1993.9553454768306
41498,1993.9553454768306
41499,1993.9553454768306
41500,1993.9553454768306
41501,1993.9553454768306
41502,1993.9553454768306
41503,1993.9553454768306
41504,1993.9553454768306
41505,1993.9553454768306
41506,1993.9553454768306
41507,1993.9553454768306
41508,1993.9553454768306
41509,1993.9553454768306
41510,1993.9553454768306
41511,1993.9553454768306
41512,1993.9553454768306
41513,1993.9553454768306
41514,1993.9553454768306
41515,1993.9553454768306
41516,1993.9553454768306
41517,1993.9553454768306
41518,1993.9553454768306
41519,1993.9553454768306
41520,1993.9553454768306
41521,1993.9553454768306
41522,1993.9553454768306
41523,1993.9553454768306
41524,1993.9553454768306
41525,1993.9553454768306
41526,1993.9553454768306
41527,1993.9553454768306
41528,1993.9553454768306
41529,1993.9553454768306
41530,1993.9553454768306
41531,1993.9553454768306
41532,1993.9553454768306
41533,1993.9553454768306
41534,1993.9553454768306
41535,1993.9553454768306
41536,1993.9553454768306
41537,1993.9553454768306
41538,1993.9553454768306
41539,1993.9553454768306
41540,1993.9553454768306
41541,1993.9553454768306
41542,1993.9553454768306
41543,1993.9553454768306
41544,1993.9553454768306
41545,1993.9553454768306
41546,1993.9553454768306
41547,1993.9553454768306
41548,1993.9553454768306
41549,1993.9553454768306
41550,1993.9553454768306
41551,1993.9553454768306
41552,1993.9553454768306
41553,1993.9553454768306
41554,1993.9553454768306
41555,1993.9553454768306
41556,1993.9553454768306
41557,1993.9553454768306
41558,1993.9553454768306
41559,1993.9553454768306
41560,1993.9553454768306
41561,1993.9553454768306
41562,1993.9553454768306
41563,1993.9553454768306
41564,1993.9553454768306
41565,1993.9553454768306
41566,1993.9553454768306
41567,1993.9553454768306
41568,1993.9553454768306
41569,1993.9553454768306
41570,1993.9553454768306
41571,1993.9553454768306
41572,1993.9553454768306
41573,1993.9553454768306
41574,1993.9553454768306
41575,1993.9553454768306
41576,1993.9553454768306
41577,1993.9553454768306
41578,1993.9553454768306
41579,1993.9553454768306
41580,1993.9553454768306
41581,1993.9553454768306
41582,1993.9553454768306
41583,1993.9553454768306
41584,1993.9553454768306
41585,1993.9553454768306
41586,1993.9553454768306
41587,1993.9553454768306
41588,1993.9553454768306
41589,1993.9553454768306
41590,1993.9553454768306
41591,1993.9553454768306
41592,1993.9553454768306
41593,1993.9553454768306
41594,1993.9553454768306
41595,1993.9553454768306
41596,1993.9553454768306
41597,1993.9553454768306
41598,1993.9553454768306
41599,1993.9553454768306
41600,1993.9553454768306
41601,1993.9553454768306
41602,1993.9553454768306
41603,1993.9553454768306
41604,1993.9553454768306
41605,1993.9553454768306
41606,1993.9553454768306
41607,1993.9553454768306
41608,1993.9553454768306
41609,1993.9553454768306
41610,1993.9553454768306
41611,1993.9553454768306
41612,1993.9553454768306
41613,1993.9553454768306
41614,1993.9553454768306
41615,1993.9553454768306
41616,1993.9553454768306
41617,1993.9553454768306
41618,1993.9553454768306
41619,1993.9553454768306
41620,1993.9553454768306
41621,1993.9553454768306
41622,1993.9553454768306
41623,1993.9553454768306
41624,1993.9553454768306
41625,1993.9553454768306
41626,1993.9553454768306
41627,1993.9553454768306
41628,1993.9553454768306
41629,1993.9553454768306
41630,1993.9553454768306
41631,1993.9553454768306
41632,1993.9553454768306
41633,1993.9553454768306
41634,1993.9553454768306
41635,1993.9553454768306
41636,1993.9553454768306
41637,1993.9553454768306
41638,1993.9553454768306
41639,1993.9553454768306
41640,1993.9553454768306
41641,1993.9553454768306
41642,1993.9553454768306
41643,1993.9553454768306
41644,1993.9553454768306
41645,1993.9553454768306
41646,1993.9553454768306
41647,1993.9553454768306
41648,1993.9553454768306
41649,1993.9553454768306
41650,1993.9553454768306
41651,1993.9553454768306
41652,1993.9553454768306
41653,1993.9553454768306
41654,1993.9553454768306
41655,1993.9553454768306
41656,1993.9553454768306
41657,1993.9553454768306
41658,1993.9553454768306
41659,1993.9553454768306
41660,1993.9553454768306
41661,1993.9553454768306
41662,1993.9553454768306
41663,1993.9553454768306
41664,1993.9553454768306
41665,1993.9553454768306
41666,1993.9553454768306
41667,1993.9553454768306
41668,1993.9553454768306
41669,1993.9553454768306
41670,1993.9553454768306
41671,1993.9553454768306
41672,1993.9553454768306
41673,1993.9553454768306
41674,1993.9553454768306
41675,1993.9553454768306
41676,1993.9553454768306
41677,1993.9553454768306
41678,1993.9553454768306
41679,1993.9553454768306
41680,1993.9553454768306
41681,1993.9553454768306
41682,1993.9553454768306
41683,1993.9553454768306
41684,1993.9553454768306
41685,1993.9553454768306
41686,1993.9553454768306
41687,1993.9553454768306
41688,1993.9553454768306
41689,1993.9553454768306
41690,1993.9553454768306
41691,1993.9553454768306
41692,1993.9553454768306
41693,1993.9553454768306
41694,1993.9553454768306
41695,1993.9553454768306
41696,1993.9553454768306
41697,1993.9553454768306
41698,1993.9553454768306
41699,1993.9553454768306
41700,1993.9553454768306
41701,1993.9553454768306
41702,1993.9553454768306
41703,1993.9553454768306
41704,1993.9553454768306
41705,1993.9553454768306
41706,1993.9553454768306
41707,1993.9553454768306
41708,1993.9553454768306
41709,1993.9553454768306
41710,1993.9553454768306
41711,1993.9553454768306
41712,1993.9553454768306
41713,1993.9553454768306
41714,1993.9553454768306
41715,1993.9553454768306
41716,1993.9553454768306
41717,1993.9553454768306
41718,1993.9553454768306
41719,1993.9553454768306
41720,1993.9553454768306
41721,1993.9553454768306
41722,1993.9553454768306
41723,1993.9553454768306
41724,1993.9553454768306
41725,1993.9553454768306
41726,1993.9553454768306
41727,1993.9553454768306
41728,1993.9553454768306
41729,1993.9553454768306
41730,1993.9553454768306
41731,1993.9553454768306
41732,1993.9553454768306
41733,1993.9553454768306
41734,1993.9553454768306
41735,1993.9553454768306
41736,1993.9553454768306
41737,1993.9553454768306
41738,1993.9553454768306
41739,1993.9553454768306
41740,1993.9553454768306
41741,1993.9553454768306
41742,1993.9553454768306
41743,1993.9553454768306
41744,1993.9553454768306
41745,1993.9553454768306
41746,1993.9553454768306
41747,1993.9553454768306
41748,1993.9553454768306
41749,1993.9553454768306
41750,1993.9553454768306
41751,1993.9553454768306
41752,1993.9553454768306
41753,1993.9553454768306
41754,1993.9553454768306
41755,1993.9553454768306
41756,1993.9553454768306
41757,1993.9553454768306
41758,1993.9553454768306
41759,1993.9553454768306
41760,1993.9553454768306
41761,1993.9553454768306
41762,1993.9553454768306
41763,1993.9553454768306
41764,1993.9553454768306
41765,1993.9553454768306
41766,1993.9553454768306
41767,1993.9553454768306
41768,1993.9553454768306
41769,1993.9553454768306
41770,1993.9553454768306
41771,1993.9553454768306
41772,1993.9553454768306
41773,1993.9553454768306
41774,1993.9553454768306
41775,1993.9553454768306
41776,1993.9553454768306
41777,1993.9553454768306
41778,1993.9553454768306
41779,1993.9553454768306
41780,1993.9553454768306
41781,1993.9553454768306
41782,1993.9553454768306
41783,1993.9553454768306
41784,1993.9553454768306
41785,1993.9553454768306
41786,1993.9553454768306
41787,1993.9553454768306
41788,1993.9553454768306
41789,1993.9553454768306
41790,1993.9553454768306
41791,1993.9553454768306
41792,1993.9553454768306
41793,1993.9553454768306
41794,1993.9553454768306
41795,1993.9553454768306
41796,1993.9553454768306
41797,1993.9553454768306
41798,1993.9553454768306
41799,1993.9553454768306
41800,1993.9553454768306
41801,1993.9553454768306
41802,1993.9553454768306
41803,1993.9553454768306
41804,1993.9553454768306
41805,1993.9553454768306
41806,1993.9553454768306
41807,1989.604281170714
41808,1989.604281170714
41809,1989.604281170714
41810,1989.604281170714
41811,1989.604281170714
41812,1989.604281170714
41813,1989.604281170714
41814,1989.604281170714
41815,1989.604281170714
41816,1989.604281170714
41817,1989.604281170714
41818,1989.604281170714
41819,1989.604281170714
41820,1989.604281170714
41821,1989.604281170714
41822,1989.604281170714
41823,1989.604281170714
41824,1989.604281170714
41825,1989.604281170714
41826,1989.604281170714
41827,1989.604281170714
41828,1989.604281170714
41829,1989.604281170714
41830,1989.604281170714
41831,1989.604281170714
41832,1989.604281170714
41833,1989.604281170714
41834,1989.604281170714
41835,1989.604281170714
41836,1989.604281170714
41837,1989.604281170714
41838,1989.604281170714
41839,1989.604281170714
41840,1989.604281170714
41841,1989.604281170714
41842,1989.604281170714
41843,1989.604281170714
41844,1989.604281170714
41845,1989.604281170714
41846,1989.604281170714
41847,1989.604281170714
41848,1989.604281170714
41849,1989.604281170714
41850,1989.604281170714
41851,1989.604281170714
41852,1989.604281170714
41853,1989.604281170714
41854,1989.604281170714
41855,1989.604281170714
41856,1989.604281170714
41857,1989.604281170714
41858,1989.604281170714
41859,1989.604281170714
41860,1989.604281170714
41861,1989.604281170714
41862,1989.604281170714
41863,1989.604281170714
41864,1989.604281170714
41865,1989.604281170714
41866,1989.604281170714
41867,1989.604281170714
41868,1989.604281170714
41869,1989.604281170714
41870,1989.604281170714
41871,1989.604281170714
41872,1989.604281170714
41873,1989.604281170714
41874,1989.604281170714
41875,1989.604281170714
41876,1989.604281170714
41877,1989.604281170714
41878,1989.604281170714
41879,1989.604281170714
41880,1989.604281170714
41881,1989.604281170714
41882,1989.604281170714
41883,1989.604281170714
41884,1989.604281170714
41885,1989.604281170714
41886,1989.604281170714
41887,1989.604281170714
41888,1989.604281170714
41889,1989.604281170714
41890,1989.604281170714
41891,1989.604281170714
41892,1989.604281170714
41893,1989.604281170714
41894,1989.604281170714
41895,1989.604281170714
41896,1989.604281170714
41897,1989.604281170714
41898,1989.604281170714
41899,1989.604281170714
41900,1989.604281170714
41901,1989.604281170714
41902,1989.604281170714
41903,1989.604281170714
41904,1989.604281170714
41905,1989.604281170714
41906,1989.604281170714
41907,1989.604281170714
41908,1989.604281170714
41909,1989.604281170714
41910,1989.604281170714
41911,1989.604281170714
41912,1989.604281170714
41913,1989.604281170714
41914,1989.604281170714
41915,1989.604281170714
41916,1989.604281170714
41917,1989.604281170714
41918,1989.604281170714
41919,1989.604281170714
41920,1989.604281170714
41921,1989.604281170714
41922,1989.604281170714
41923,1989.604281170714
41924,1989.604281170714
41925,1989.604281170714
41926,1989.604281170714
41927,1989.604281170714
41928,1989.604281170714
41929,1989.604281170714
41930,1989.604281170714
41931,1989.604281170714
41932,1989.604281170714
41933,1989.604281170714
41934,1989.604281170714
41935,1989.604281170714
41936,1989.604281170714
41937,1989.604281170714
41938,1989.604281170714
41939,1989.604281170714
41940,1989.604281170714
41941,1989.604281170714
41942,1989.604281170714
41943,1989.604281170714
41944,1989.604281170714
41945,1989.604281170714
41946,1989.604281170714
41947,1989.604281170714
41948,1989.604281170714
41949,1989.604281170714
41950,1989.604281170714
41951,1989.604281170714
41952,1989.604281170714
41953,1989.604281170714
41954,1989.604281170714
41955,1989.604281170714
41956,1989.604281170714
41957,1989.604281170714
41958,1989.604281170714
41959,1989.604281170714
41960,1989.604281170714
41961,1989.604281170714
41962,1989.604281170714
41963,1989.604281170714
41964,1989.604281170714
41965,1989.604281170714
41966,1989.604281170714
41967,1989.604281170714
41968,1989.604281170714
41969,1989.604281170714
41970,1989.604281170714
41971,1989.604281170714
41972,1989.604281170714
41973,1989.604281170714
41974,1989.604281170714
41975,1989.604281170714
41976,1989.604281170714
41977,1989.604281170714
41978,1989.604281170714
41979,1989.604281170714
41980,1989.604281170714
41981,1989.604281170714
41982,1989.604281170714
41983,1989.604281170714
41984,1989.604281170714
41985,1989.604281170714
41986,1989.604281170714
41987,1989.604281170714
41988,1989.604281170714
41989,1989.604281170714
41990,1989.604281170714
41991,1989.604281170714
41992,1989.604281170714
41993,1989.604281170714
41994,1989.604281170714
41995,1989.604281170714
41996,1989.604281170714
41997,1989.604281170714
41998,1989.604281170714
41999,1989.604281170714
42000,1989.604281170714
42001,1989.604281170714
42002,1989.604281170714
42003,1989.604281170714
42004,1989.604281170714
42005,1989.604281170714
42006,1989.604281170714
42007,1989.604281170714
42008,1989.604281170714
42009,1989.604281170714
42010,1989.604281170714
42011,1989.604281170714
42012,1989.604281170714
42013,1989.604281170714
42014,1989.604281170714
42015,1989.604281170714
42016,1989.604281170714
42017,1989.604281170714
42018,1989.604281170714
42019,1989.604281170714
42020,1989.604281170714
42021,1989.604281170714
42022,1989.604281170714
42023,1989.604281170714
42024,1989.604281170714
42025,1989.604281170714
42026,1989.604281170714
42027,1989.604281170714
42028,1989.604281170714
42029,1989.604281170714
42030,1989.604281170714
42031,1989.604281170714
42032,1989.604281170714
42033,1989.604281170714
42034,1989.604281170714
42035,1989.604281170714
42036,1989.604281170714
42037,1989.604281170714
42038,1989.604281170714
42039,1989.604281170714
42040,1989.604281170714
42041,1989.604281170714
42042,1989.604281170714
42043,1989.604281170714
42044,1989.604281170714
42045,1989.604281170714
42046,1989.604281170714
42047,1989.604281170714
42048,1989.604281170714
42049,1989.604281170714
42050,1989.604281170714
42051,1989.604281170714
42052,1989.604281170714
42053,1989.604281170714
42054,1989.604281170714
42055,1989.604281170714
42056,1989.604281170714
42057,1989.604281170714
42058,1989.604281170714
42059,1989.604281170714
42060,1989.604281170714
42061,1989.604281170714
42062,1989.604281170714
42063,1989.604281170714
42064,1989.604281170714
42065,1989.604281170714
42066,1989.604281170714
42067,1989.604281170714
42068,1989.604281170714
42069,1989.604281170714
42070,1989.604281170714
42071,1989.604281170714
42072,1989.604281170714
42073,1989.604281170714
42074,1989.604281170714
42075,1989.604281170714
42076,1989.604281170714
42077,1989.604281170714
42078,1989.604281170714
42079,1989.604281170714
42080,1989.604281170714
42081,1989.604281170714
42082,1989.604281170714
42083,1989.604281170714
42084,1989.604281170714
42085,1989.604281170714
42086,1989.604281170714
42087,1989.604281170714
42088,1989.604281170714
42089,1989.604281170714
42090,1989.604281170714
42091,1989.604281170714
42092,1989.604281170714
42093,1989.604281170714
42094,1989.604281170714
42095,1989.604281170714
42096,1989.604281170714
42097,1989.604281170714
42098,1989.604281170714
42099,1989.604281170714
42100,1989.604281170714
42101,1989.604281170714
42102,1989.604281170714
42103,1989.604281170714
42104,1989.604281170714
42105,1989.604281170714
42106,1989.604281170714
42107,1989.604281170714
42108,1989.604281170714
42109,1989.604281170714
42110,1989.604281170714
42111,1989.604281170714
42112,1989.604281170714
42113,1989.604281170714
42114,1989.604281170714
42115,1989.604281170714
42116,1989.604281170714
42117,1989.604281170714
42118,1989.604281170714
42119,1989.604281170714
42120,1989.604281170714
42121,1989.604281170714
42122,1989.604281170714
42123,1982.962570936714
42124,1982.962570936714
42125,1982.962570936714
42126,1982.962570936714
42127,1982.962570936714
42128,1982.962570936714
42129,1982.962570936714
42130,1982.962570936714
42131,1982.962570936714
42132,1982.962570936714
42133,1982.962570936714
42134,1982.962570936714
42135,1982.962570936714
42136,1982.962570936714
42137,1982.962570936714
42138,1982.962570936714
42139,1982.962570936714
42140,1982.962570936714
42141,1982.962570936714
42142,1982.962570936714
42143,1982.962570936714
42144,1982.962570936714
42145,1982.962570936714
42146,1982.962570936714
42147,1982.962570936714
42148,1982.962570936714
42149,1982.962570936714
42150,1982.962570936714
42151,1982.962570936714
42152,1982.962570936714
42153,1982.962570936714
42154,1982.962570936714
42155,1982.962570936714
42156,1982.962570936714
42157,1982.962570936714
42158,1982.962570936714
42159,1982.962570936714
42160,1982.962570936714
42161,1982.962570936714
42162,1982.962570936714
42163,1982.962570936714
42164,1982.962570936714
42165,1982.962570936714
42166,1982.962570936714
42167,1982.962570936714
42168,1982.962570936714
42169,1982.962570936714
42170,1982.962570936714
42171,1982.962570936714
42172,1982.962570936714
42173,1982.962570936714
42174,1982.962570936714
42175,1982.962570936714
42176,1982.962570936714
42177,1982.962570936714
42178,1982.962570936714
42179,1982.962570936714
42180,1982.962570936714
42181,1982.962570936714
42182,1982.962570936714
42183,1982.962570936714
42184,1982.962570936714
42185,1982.962570936714
42186,1982.962570936714
42187,1982.962570936714
42188,1982.962570936714
42189,1982.962570936714
42190,1982.962570936714
42191,1982.962570936714
42192,1982.962570936714
42193,1982.962570936714
42194,1982.962570936714
42195,1982.962570936714
42196,1982.962570936714
42197,1982.962570936714
42198,1982.962570936714
42199,1982.962570936714
42200,1982.962570936714
42201,1982.962570936714
42202,1982.962570936714
42203,1982.962570936714
42204,1982.962570936714
42205,1982.962570936714
42206,1982.962570936714
42207,1982.962570936714
42208,1982.962570936714
42209,1982.962570936714
42210,1982.962570936714
42211,1982.962570936714
42212,1982.962570936714
42213,1982.962570936714
42214,1982.962570936714
42215,1982.962570936714
42216,1982.962570936714
42217,1982.962570936714
42218,1982.962570936714
42219,1982.962570936714
42220,1982.962570936714
42221,1982.962570936714
42222,1982.962570936714
42223,1982.962570936714
42224,1982.962570936714
42225,1982.962570936714
42226,1982.962570936714
42227,1982.962570936714
42228,1982.962570936714
42229,1982.962570936714
42230,1982.962570936714
42231,1982.962570936714
42232,1982.962570936714
42233,1982.962570936714
42234,1982.962570936714
42235,1982.962570936714
42236,1982.962570936714
42237,1982.962570936714
42238,1982.962570936714
42239,1982.962570936714
42240,1982.962570936714
42241,1982.962570936714
42242,1982.962570936714
42243,1982.962570936714
42244,1982.962570936714
42245,1982.962570936714
42246,1982.962570936714
42247,1982.962570936714
42248,1982.962570936714
42249,1982.962570936714
42250,1982.962570936714
42251,1982.962570936714
42252,1982.962570936714
42253,1982.962570936714
42254,1982.962570936714
42255,1982.962570936714
42256,1982.962570936714
42257,1982.962570936714
42258,1982.962570936714
42259,1982.962570936714
42260,1982.962570936714
42261,1982.962570936714
42262,1982.962570936714
42263,1982.962570936714
42264,1982.962570936714
42265,1982.962570936714
42266,1982.962570936714
42267,1982.962570936714
42268,1982.962570936714
42269,1982.962570936714
42270,1982.962570936714
42271,1982.962570936714
42272,1982.962570936714
42273,1982.962570936714
42274,1982.962570936714
42275,1982.962570936714
42276,1982.962570936714
42277,1982.962570936714
42278,1982.962570936714
42279,1982.962570936714
42280,1982.962570936714
42281,1982.962570936714
42282,1982.962570936714
42283,1982.962570936714
42284,1982.962570936714
42285,1982.962570936714
42286,1982.962570936714
42287,1982.962570936714
42288,1982.962570936714
42289,1982.962570936714
42290,1982.962570936714
42291,1982.962570936714
42292,1982.962570936714
42293,1982.962570936714
42294,1982.962570936714
42295,1982.962570936714
42296,1982.962570936714
42297,1982.962570936714
42298,1982.962570936714
42299,1982.962570936714
42300,1982.962570936714
42301,1982.962570936714
42302,1982.962570936714
42303,1982.962570936714
42304,1982.962570936714
42305,1982.962570936714
42306,1982.962570936714
42307,1982.962570936714
42308,1982.962570936714
42309,1982.962570936714
42310,1982.962570936714
42311,1982.962570936714
42312,1982.962570936714
42313,1982.962570936714
42314,1982.962570936714
42315,1982.962570936714
42316,1982.962570936714
42317,1982.962570936714
42318,1982.962570936714
42319,1982.962570936714
42320,1982.962570936714
42321,1982.962570936714
42322,1982.962570936714
42323,1982.962570936714
42324,1982.962570936714
42325,1982.962570936714
42326,1982.962570936714
42327,1982.962570936714
42328,1982.962570936714
42329,1982.962570936714
42330,1982.962570936714
42331,1982.962570936714
42332,1982.962570936714
42333,1982.962570936714
42334,1982.962570936714
42335,1982.962570936714
42336,1982.962570936714
42337,1982.962570936714
42338,1982.962570936714
42339,1982.962570936714
42340,1982.962570936714
42341,1982.962570936714
42342,1982.962570936714
42343,1982.962570936714
42344,1982.962570936714
42345,1982.962570936714
42346,1982.962570936714
42347,1982.962570936714
42348,1982.962570936714
42349,1982.962570936714
42350,1982.962570936714
42351,1982.962570936714
42352,1982.962570936714
42353,1982.962570936714
42354,1982.962570936714
42355,1982.962570936714
42356,1982.962570936714
42357,1982.962570936714
42358,1982.962570936714
42359,1982.962570936714
42360,1982.962570936714
42361,1982.962570936714
42362,1982.962570936714
42363,1982.962570936714
42364,1982.962570936714
42365,1982.962570936714
42366,1982.962570936714
42367,1982.962570936714
42368,1982.962570936714
42369,1982.962570936714
42370,1982.962570936714
42371,1982.962570936714
42372,1982.962570936714
42373,1982.962570936714
42374,1982.962570936714
42375,1982.962570936714
42376,1982.962570936714
42377,1982.962570936714
42378,1982.962570936714
42379,1982.962570936714
42380,1982.962570936714
42381,1982.962570936714
42382,1982.962570936714
42383,1982.962570936714
42384,1982.962570936714
42385,1982.962570936714
42386,1982.962570936714
42387,1982.962570936714
42388,1982.962570936714
42389,1982.962570936714
42390,1982.962570936714
42391,1982.962570936714
42392,1982.962570936714
42393,1982.962570936714
42394,1982.962570936714
42395,1982.962570936714
42396,1982.962570936714
42397,1982.962570936714
42398,1982.962570936714
42399,1982.962570936714
42400,1982.962570936714
42401,1982.962570936714
42402,1982.962570936714
42403,1982.962570936714
42404,1982.962570936714
42405,1982.962570936714
42406,1982.962570936714
42407,1982.962570936714
42408,1982.962570936714
42409,1982.962570936714
42410,1982.962570936714
42411,1982.962570936714
42412,1982.962570936714
42413,1982.962570936714
42414,1982.962570936714
42415,1982.962570936714
42416,1982.962570936714
42417,1982.962570936714
42418,1982.962570936714
42419,1982.962570936714
42420,1982.962570936714
42421,1982.962570936714
42422,1982.962570936714
42423,1982.962570936714
42424,1982.962570936714
42425,1982.962570936714
42426,1982.962570936714
42427,1982.962570936714
42428,1982.962570936714
42429,1982.962570936714
42430,1982.962570936714
42431,1982.962570936714
42432,1982.962570936714
42433,1982.962570936714
42434,1982.962570936714
42435,1982.962570936714
42436,1982.962570936714
42437,1982.962570936714
42438,1982.962570936714
42439,1982.962570936714
42440,1982.962570936714
42441,1982.962570936714
42442,1982.962570936714
42443,1982.962570936714
42444,1982.962570936714
42445,1982.962570936714
42446,1982.962570936714
42447,1982.962570936714
42448,1982.962570936714
42449,1982.962570936714
42450,1982.962570936714
42451,1982.962570936714
42452,1982.962570936714
42453,1982.962570936714
42454,1982.962570936714
42455,1982.962570936714
42456,1982.962570936714
42457,1982.962570936714
42458,1982.962570936714
42459,1982.962570936714
42460,1982.962570936714
42461,1982.962570936714
42462,1982.962570936714
42463,1982.962570936714
42464,1982.962570936714
42465,1982.962570936714
42466,1982.962570936714
42467,1982.962570936714
42468,1982.962570936714
42469,1982.962570936714
42470,1982.962570936714
42471,1982.962570936714
42472,1982.962570936714
42473,1982.962570936714
42474,1982.962570936714
42475,1982.962570936714
42476,1982.962570936714
42477,1982.962570936714
42478,1982.962570936714
42479,1982.962570936714
42480,1982.962570936714
42481,1982.962570936714
42482,1982.962570936714
42483,1982.962570936714
42484,1982.962570936714
42485,1982.962570936714
42486,1982.962570936714
42487,1982.962570936714
42488,1982.962570936714
42489,1982.962570936714
42490,1982.962570936714
42491,1982.962570936714
42492,1982.962570936714
42493,1982.962570936714
42494,1982.962570936714
42495,1982.962570936714
42496,1982.962570936714
42497,1982.962570936714
42498,1982.962570936714
42499,1982.962570936714
42500,1982.962570936714
42501,1982.962570936714
42502,1982.962570936714
42503,1982.962570936714
42504,1982.962570936714
42505,1982.962570936714
42506,1982.962570936714
42507,1982.962570936714
42508,1982.962570936714
42509,1982.962570936714
42510,1982.962570936714
42511,1982.962570936714
42512,1982.962570936714
42513,1982.962570936714
42514,1982.962570936714
42515,1982.962570936714
42516,1982.962570936714
42517,1982.962570936714
42518,1982.962570936714
42519,1982.962570936714
42520,1982.962570936714
42521,1982.962570936714
42522,1982.962570936714
42523,1982.962570936714
42524,1982.962570936714
42525,1982.962570936714
42526,1982.962570936714
42527,1982.962570936714
42528,1982.962570936714
42529,1982.962570936714
42530,1982.962570936714
42531,1982.962570936714
42532,1982.962570936714
42533,1982.962570936714
42534,1982.962570936714
42535,1982.962570936714
42536,1982.962570936714
42537,1982.962570936714
42538,1982.962570936714
42539,1982.962570936714
42540,1982.962570936714
42541,1982.962570936714
42542,1982.962570936714
42543,1982.962570936714
42544,1982.962570936714
42545,1982.962570936714
42546,1982.962570936714
42547,1982.962570936714
42548,1982.962570936714
42549,1982.962570936714
42550,1982.962570936714
42551,1982.962570936714
42552,1982.962570936714
42553,1982.962570936714
42554,1982.962570936714
42555,1982.962570936714
42556,1982.962570936714
42557,1982.962570936714
42558,1982.962570936714
42559,1982.962570936714
42560,1982.962570936714
42561,1982.962570936714
42562,1982.962570936714
42563,1982.962570936714
42564,1982.962570936714
42565,1982.962570936714
42566,1982.962570936714
42567,1982.962570936714
42568,1982.962570936714
42569,1982.962570936714
42570,1982.962570936714
42571,1982.962570936714
42572,1982.962570936714
42573,1982.962570936714
42574,1982.962570936714
42575,1982.962570936714
42576,1982.962570936714
42577,1982.962570936714
42578,1982.962570936714
42579,1982.962570936714
42580,1982.962570936714
42581,1982.962570936714
42582,1982.962570936714
42583,1982.962570936714
42584,1982.962570936714
42585,1982.962570936714
42586,1982.962570936714
42587,1982.962570936714
42588,1982.962570936714
42589,1982.962570936714
42590,1982.962570936714
42591,1982.962570936714
42592,1982.962570936714
42593,1982.962570936714
42594,1982.962570936714
42595,1982.962570936714
42596,1982.962570936714
42597,1982.962570936714
42598,1982.962570936714
42599,1982.962570936714
42600,1982.962570936714
42601,1982.962570936714
42602,1982.962570936714
42603,1982.962570936714
42604,1982.962570936714
42605,1982.962570936714
42606,1982.962570936714
42607,1982.962570936714
42608,1982.962570936714
42609,1982.962570936714
42610,1982.962570936714
42611,1982.962570936714
42612,1982.962570936714
42613,1982.962570936714
42614,1982.962570936714
42615,1982.962570936714
42616,1982.962570936714
42617,1982.962570936714
42618,1982.962570936714
42619,1982.962570936714
42620,1982.962570936714
42621,1982.962570936714
42622,1982.962570936714
42623,1982.962570936714
42624,1982.962570936714
42625,1982.962570936714
42626,1982.962570936714
42627,1982.962570936714
42628,1982.962570936714
42629,1982.962570936714
42630,1982.962570936714
42631,1982.962570936714
42632,1982.962570936714
42633,1982.962570936714
42634,1982.962570936714
42635,1982.962570936714
42636,1982.962570936714
42637,1982.962570936714
42638,1982.962570936714
42639,1982.962570936714
42640,1982.962570936714
42641,1982.962570936714
42642,1982.962570936714
42643,1982.962570936714
42644,1982.962570936714
42645,1982.962570936714
42646,1982.962570936714
42647,1982.962570936714
42648,1982.962570936714
42649,1982.962570936714
42650,1982.962570936714
42651,1982.962570936714
42652,1982.962570936714
42653,1982.962570936714
42654,1982.962570936714
42655,1982.962570936714
42656,1982.962570936714
42657,1982.962570936714
42658,1982.962570936714
42659,1982.962570936714
42660,1982.962570936714
42661,1982.962570936714
42662,1982.962570936714
42663,1982.962570936714
42664,1982.962570936714
42665,1982.962570936714
42666,1982.962570936714
42667,1982.962570936714
42668,1982.962570936714
42669,1982.962570936714
42670,1982.962570936714
42671,1982.962570936714
42672,1982.962570936714
42673,1982.962570936714
42674,1982.962570936714
42675,1982.962570936714
42676,1982.962570936714
42677,1982.962570936714
42678,1982.962570936714
42679,1982.962570936714
42680,1982.962570936714
42681,1982.962570936714
42682,1982.962570936714
42683,1982.962570936714
42684,1982.962570936714
42685,1982.962570936714
42686,1982.962570936714
42687,1982.962570936714
42688,1982.962570936714
42689,1982.962570936714
42690,1982.962570936714
42691,1982.962570936714
42692,1982.962570936714
42693,1982.962570936714
42694,1982.962570936714
42695,1982.962570936714
42696,1982.962570936714
42697,1982.962570936714
42698,1982.962570936714
42699,1982.8116948101147
42700,1982.8116948101147
42701,1982.8116948101147
42702,1982.8116948101147
42703,1982.8116948101147
42704,1982.8116948101147
42705,1982.8116948101147
42706,1982.8116948101147
42707,1982.8116948101147
42708,1982.8116948101147
42709,1982.8116948101147
42710,1982.8116948101147
42711,1982.8116948101147
42712,1982.8116948101147
42713,1982.8116948101147
42714,1982.8116948101147
42715,1982.8116948101147
42716,1982.8116948101147
42717,1982.8116948101147
42718,1982.8116948101147
42719,1982.8116948101147
42720,1982.8116948101147
42721,1982.8116948101147
42722,1982.8116948101147
42723,1982.8116948101147
42724,1982.8116948101147
42725,1982.8116948101147
42726,1982.8116948101147
42727,1982.8116948101147
42728,1982.8116948101147
42729,1982.8116948101147
42730,1982.8116948101147
42731,1982.8116948101147
42732,1982.8116948101147
42733,1982.8116948101147
42734,1982.8116948101147
42735,1982.8116948101147
42736,1982.8116948101147
42737,1982.8116948101147
42738,1982.8116948101147
42739,1982.8116948101147
42740,1982.8116948101147
42741,1982.8116948101147
42742,1982.8116948101147
42743,1982.8116948101147
42744,1982.8116948101147
42745,1982.8116948101147
42746,1982.8116948101147
42747,1982.8116948101147
42748,1982.8116948101147
42749,1982.8116948101147
42750,1982.8116948101147
42751,1982.8116948101147
42752,1982.8116948101147
42753,1982.8116948101147
42754,1982.8116948101147
42755,1982.8116948101147
42756,1982.8116948101147
42757,1982.8116948101147
42758,1982.8116948101147
42759,1982.8116948101147
42760,1982.8116948101147
42761,1982.8116948101147
42762,1982.8116948101147
42763,1982.8116948101147
42764,1982.8116948101147
42765,1982.8116948101147
42766,1982.8116948101147
42767,1982.8116948101147
42768,1982.8116948101147
42769,1982.8116948101147
42770,1982.8116948101147
42771,1982.8116948101147
42772,1982.8116948101147
42773,1982.8116948101147
42774,1982.8116948101147
42775,1982.8116948101147
42776,1982.8116948101147
42777,1982.8116948101147
42778,1982.8116948101147
42779,1982.8116948101147
42780,1982.8116948101147
42781,1982.8116948101147
42782,1982.8116948101147
42783,1982.8116948101147
42784,1982.8116948101147
42785,1982.8116948101147
42786,1982.8116948101147
42787,1982.8116948101147
42788,1982.8116948101147
42789,1982.8116948101147
42790,1982.8116948101147
42791,1982.8116948101147
42792,1982.8116948101147
42793,1982.8116948101147
42794,1982.8116948101147
42795,1982.8116948101147
42796,1982.8116948101147
42797,1982.8116948101147
42798,1982.8116948101147
42799,1982.8116948101147
42800,1982.8116948101147
42801,1982.8116948101147
42802,1982.8116948101147
42803,1982.8116948101147
42804,1982.8116948101147
42805,1982.8116948101147
42806,1982.8116948101147
42807,1982.8116948101147
42808,1982.8116948101147
42809,1982.8116948101147
42810,1982.8116948101147
42811,1982.8116948101147
42812,1982.8116948101147
42813,1982.8116948101147
42814,1982.8116948101147
42815,1982.8116948101147
42816,1982.8116948101147
42817,1982.8116948101147
42818,1982.8116948101147
42819,1982.8116948101147
42820,1982.8116948101147
42821,1982.8116948101147
42822,1982.8116948101147
42823,1982.8116948101147
42824,1982.8116948101147
42825,1982.8116948101147
42826,1982.8116948101147
42827,1982.8116948101147
42828,1982.8116948101147
42829,1982.8116948101147
42830,1982.8116948101147
42831,1982.8116948101147
42832,1982.8116948101147
42833,1982.8116948101147
42834,1982.8116948101147
42835,1982.8116948101147
42836,1982.8116948101147
42837,1982.8116948101147
42838,1982.8116948101147
42839,1982.8116948101147
42840,1982.8116948101147
42841,1982.8116948101147
42842,1982.8116948101147
42843,1982.8116948101147
42844,1982.8116948101147
42845,1982.8116948101147
42846,1982.8116948101147
42847,1982.8116948101147
42848,1982.8116948101147
42849,1982.8116948101147
42850,1982.8116948101147
42851,1982.8116948101147
42852,1982.8116948101147
42853,1982.8116948101147
42854,1982.8116948101147
42855,1982.8116948101147
42856,1982.8116948101147
42857,1982.8116948101147
42858,1982.8116948101147
42859,1982.8116948101147
42860,1982.8116948101147
42861,1982.8116948101147
42862,1982.8116948101147
42863,1982.8116948101147
42864,1982.8116948101147
42865,1982.8116948101147
42866,1982.8116948101147
42867,1982.8116948101147
42868,1982.8116948101147
42869,1982.8116948101147
42870,1982.8116948101147
42871,1982.8116948101147
42872,1982.8116948101147
42873,1982.8116948101147
42874,1982.8116948101147
42875,1982.8116948101147
42876,1982.8116948101147
42877,1982.8116948101147
42878,1982.8116948101147
42879,1982.8116948101147
42880,1982.8116948101147
42881,1982.8116948101147
42882,1982.8116948101147
42883,1982.8116948101147
42884,1982.8116948101147
42885,1982.8116948101147
42886,1982.8116948101147
42887,1982.8116948101147
42888,1982.8116948101147
42889,1982.8116948101147
42890,1982.8116948101147
42891,1982.8116948101147
42892,1982.8116948101147
42893,1982.8116948101147
42894,1982.8116948101147
42895,1982.8116948101147
42896,1982.8116948101147
42897,1982.8116948101147
42898,1982.8116948101147
42899,1982.8116948101147
42900,1982.8116948101147
42901,1982.8116948101147
42902,1982.8116948101147
42903,1982.8116948101147
42904,1982.8116948101147
42905,1982.8116948101147
42906,1982.8116948101147
42907,1982.8116948101147
42908,1982.8116948101147
42909,1982.8116948101147
42910,1982.8116948101147
42911,1982.8116948101147
42912,1982.8116948101147
42913,1982.8116948101147
42914,1982.8116948101147
42915,1982.8116948101147
42916,1982.8116948101147
42917,1982.8116948101147
42918,1982.8116948101147
42919,1982.8116948101147
42920,1982.8116948101147
42921,1982.8116948101147
42922,1982.8116948101147
42923,1982.8116948101147
42924,1982.8116948101147
42925,1982.8116948101147
42926,1982.8116948101147
42927,1982.8116948101147
42928,1982.8116948101147
42929,1982.8116948101147
42930,1982.8116948101147
42931,1982.8116948101147
42932,1982.8116948101147
42933,1982.8116948101147
42934,1982.8116948101147
42935,1982.8116948101147
42936,1982.8116948101147
42937,1982.8116948101147
42938,1982.8116948101147
42939,1982.8116948101147
42940,1982.8116948101147
42941,1982.8116948101147
42942,1982.8116948101147
42943,1982.8116948101147
42944,1982.8116948101147
42945,1982.8116948101147
42946,1982.8116948101147
42947,1982.8116948101147
42948,1982.8116948101147
42949,1982.8116948101147
42950,1982.8116948101147
42951,1982.8116948101147
42952,1982.8116948101147
42953,1982.8116948101147
42954,1982.8116948101147
42955,1982.8116948101147
42956,1982.8116948101147
42957,1982.8116948101147
42958,1982.8116948101147
42959,1982.8116948101147
42960,1982.8116948101147
42961,1982.8116948101147
42962,1982.8116948101147
42963,1982.8116948101147
42964,1982.8116948101147
42965,1982.8116948101147
42966,1982.8116948101147
42967,1982.8116948101147
42968,1982.8116948101147
42969,1982.8116948101147
42970,1982.8116948101147
42971,1982.8116948101147
42972,1982.8116948101147
42973,1982.8116948101147
42974,1982.8116948101147
42975,1982.8116948101147
42976,1982.8116948101147
42977,1982.8116948101147
42978,1982.8116948101147
42979,1982.8116948101147
42980,1982.8116948101147
42981,1982.8116948101147
42982,1982.8116948101147
42983,1982.8116948101147
42984,1982.8116948101147
42985,1982.8116948101147
42986,1982.8116948101147
42987,1982.8116948101147
42988,1982.8116948101147
42989,1982.8116948101147
42990,1982.8116948101147
42991,1982.8116948101147
42992,1982.8116948101147
42993,1982.8116948101147
42994,1982.8116948101147
42995,1982.8116948101147
42996,1982.8116948101147
42997,1982.8116948101147
42998,1982.8116948101147
42999,1982.8116948101147
43000,1982.8116948101147
43001,1982.8116948101147
43002,1982.8116948101147
43003,1982.8116948101147
43004,1982.8116948101147
43005,1982.8116948101147
43006,1982.8116948101147
43007,1982.8116948101147
43008,1982.8116948101147
43009,1982.8116948101147
43010,1982.8116948101147
43011,1982.8116948101147
43012,1982.8116948101147
43013,1982.8116948101147
43014,1982.8116948101147
43015,1982.8116948101147
43016,1982.8116948101147
43017,1982.8116948101147
43018,1982.8116948101147
43019,1982.8116948101147
43020,1982.8116948101147
43021,1982.8116948101147
43022,1982.8116948101147
43023,1982.8116948101147
43024,1982.8116948101147
43025,1982.8116948101147
43026,1982.8116948101147
43027,1982.8116948101147
43028,1982.8116948101147
43029,1982.8116948101147
43030,1982.8116948101147
43031,1982.8116948101147
43032,1982.8116948101147
43033,1982.8116948101147
43034,1982.8116948101147
43035,1982.8116948101147
43036,1982.8116948101147
43037,1982.8116948101147
43038,1982.8116948101147
43039,1982.8116948101147
43040,1982.8116948101147
43041,1982.8116948101147
43042,1982.8116948101147
43043,1982.8116948101147
43044,1982.8116948101147
43045,1982.8116948101147
43046,1982.8116948101147
43047,1982.8116948101147
43048,1982.8116948101147
43049,1982.8116948101147
43050,1982.8116948101147
43051,1982.8116948101147
43052,1982.8116948101147
43053,1982.8116948101147
43054,1982.8116948101147
43055,1982.8116948101147
43056,1982.8116948101147
43057,1982.8116948101147
43058,1982.8116948101147
43059,1982.8116948101147
43060,1982.8116948101147
43061,1982.8116948101147
43062,1982.8116948101147
43063,1982.8116948101147
43064,1982.8116948101147
43065,1982.8116948101147
43066,1982.8116948101147
43067,1982.8116948101147
43068,1982.8116948101147
43069,1982.8116948101147
43070,1982.8116948101147
43071,1982.8116948101147
43072,1982.8116948101147
43073,1982.8116948101147
43074,1982.8116948101147
43075,1982.8116948101147
43076,1982.8116948101147
43077,1982.8116948101147
43078,1982.8116948101147
43079,1982.8116948101147
43080,1982.8116948101147
43081,1982.8116948101147
43082,1982.8116948101147
43083,1982.8116948101147
43084,1982.8116948101147
43085,1982.8116948101147
43086,1982.8116948101147
43087,1982.8116948101147
43088,1982.8116948101147
43089,1982.8116948101147
43090,1982.8116948101147
43091,1982.8116948101147
43092,1982.8116948101147
43093,1982.8116948101147
43094,1982.8116948101147
43095,1982.8116948101147
43096,1982.8116948101147
43097,1982.8116948101147
43098,1982.8116948101147
43099,1982.8116948101147
43100,1982.8116948101147
43101,1982.8116948101147
43102,1982.8116948101147
43103,1982.8116948101147
43104,1982.8116948101147
43105,1982.8116948101147
43106,1982.8116948101147
43107,1982.8116948101147
43108,1982.8116948101147
43109,1982.8116948101147
43110,1982.8116948101147
43111,1982.8116948101147
43112,1982.8116948101147
43113,1982.8116948101147
43114,1982.8116948101147
43115,1982.8116948101147
43116,1982.8116948101147
43117,1982.8116948101147
43118,1982.8116948101147
43119,1982.8116948101147
43120,1982.8116948101147
43121,1982.8116948101147
43122,1982.8116948101147
43123,1982.8116948101147
43124,1982.8116948101147
43125,1982.8116948101147
43126,1982.8116948101147
43127,1982.8116948101147
43128,1982.8116948101147
43129,1982.8116948101147
43130,1982.8116948101147
43131,1982.8116948101147
43132,1982.8116948101147
43133,1982.8116948101147
43134,1982.8116948101147
43135,1982.8116948101147
43136,1982.8116948101147
43137,1982.8116948101147
43138,1982.8116948101147
43139,1982.8116948101147
43140,1982.8116948101147
43141,1982.8116948101147
43142,1982.8116948101147
43143,1982.8116948101147
43144,1982.8116948101147
43145,1982.8116948101147
43146,1982.8116948101147
43147,1982.8116948101147
43148,1982.8116948101147
43149,1982.8116948101147
43150,1982.8116948101147
43151,1982.8116948101147
43152,1982.8116948101147
43153,1982.8116948101147
43154,1982.8116948101147
43155,1982.8116948101147
43156,1982.8116948101147
43157,1982.8116948101147
43158,1982.8116948101147
43159,1982.8116948101147
43160,1982.8116948101147
43161,1982.8116948101147
43162,1982.8116948101147
43163,1982.8116948101147
43164,1982.8116948101147
43165,1982.8116948101147
43166,1982.8116948101147
43167,1982.8116948101147
43168,1982.8116948101147
43169,1982.8116948101147
43170,1982.8116948101147
43171,1982.8116948101147
43172,1982.8116948101147
43173,1982.8116948101147
43174,1982.8116948101147
43175,1982.8116948101147
43176,1982.8116948101147
43177,1982.8116948101147
43178,1982.8116948101147
43179,1982.8116948101147
43180,1982.8116948101147
43181,1982.8116948101147
43182,1982.8116948101147
43183,1982.8116948101147
43184,1982.8116948101147
43185,1982.8116948101147
43186,1982.8116948101147
43187,1982.8116948101147
43188,1982.8116948101147
43189,1982.8116948101147
43190,1982.8116948101147
43191,1982.8116948101147
43192,1982.8116948101147
43193,1982.8116948101147
43194,1982.8116948101147
43195,1982.8116948101147
43196,1982.8116948101147
43197,1982.8116948101147
43198,1982.8116948101147
43199,1982.8116948101147
43200,1982.8116948101147
43201,1982.8116948101147
43202,1982.8116948101147
43203,1982.8116948101147
43204,1982.8116948101147
43205,1982.8116948101147
43206,1982.8116948101147
43207,1982.8116948101147
43208,1982.8116948101147
43209,1982.8116948101147
43210,1982.8116948101147
43211,1982.8116948101147
43212,1982.8116948101147
43213,1982.8116948101147
43214,1982.8116948101147
43215,1982.8116948101147
43216,1982.8116948101147
43217,1982.8116948101147
43218,1982.8116948101147
43219,1982.8116948101147
43220,1982.8116948101147
43221,1982.8116948101147
43222,1982.8116948101147
43223,1982.8116948101147
43224,1982.8116948101147
43225,1982.8116948101147
43226,1982.8116948101147
43227,1982.8116948101147
43228,1982.8116948101147
43229,1982.8116948101147
43230,1982.8116948101147
43231,1982.8116948101147
43232,1982.8116948101147
43233,1982.8116948101147
43234,1982.8116948101147
43235,1982.8116948101147
43236,1982.8116948101147
43237,1982.8116948101147
43238,1982.8116948101147
43239,1982.8116948101147
43240,1982.8116948101147
43241,1982.8116948101147
43242,1982.8116948101147
43243,1967.2731654550366
43244,1967.2731654550366
43245,1967.2731654550366
43246,1967.2731654550366
43247,1967.2731654550366
43248,1967.2731654550366
43249,1967.2731654550366
43250,1967.2731654550366
43251,1967.2731654550366
43252,1967.2731654550366
43253,1967.2731654550366
43254,1967.2731654550366
43255,1967.2731654550366
43256,1967.2731654550366
43257,1967.2731654550366
43258,1967.2731654550366
43259,1967.2731654550366
43260,1967.2731654550366
43261,1967.2731654550366
43262,1967.2731654550366
43263,1967.2731654550366
43264,1967.2731654550366
43265,1967.2731654550366
43266,1967.2731654550366
43267,1967.2731654550366
43268,1967.2731654550366
43269,1967.2731654550366
43270,1967.2731654550366
43271,1967.2731654550366
43272,1967.2731654550366
43273,1967.2731654550366
43274,1967.2731654550366
43275,1967.2731654550366
43276,1967.2731654550366
43277,1967.2731654550366
43278,1967.2731654550366
43279,1967.2731654550366
43280,1967.2731654550366
43281,1967.2731654550366
43282,1967.2731654550366
43283,1967.2731654550366
43284,1967.2731654550366
43285,1967.2731654550366
43286,1967.2731654550366
43287,1967.2731654550366
43288,1967.2731654550366
43289,1967.2731654550366
43290,1967.2731654550366
43291,1967.2731654550366
43292,1967.2731654550366
43293,1967.2731654550366
43294,1967.2731654550366
43295,1967.2731654550366
43296,1967.2731654550366
43297,1967.2731654550366
43298,1967.2731654550366
43299,1967.2731654550366
43300,1967.2731654550366
43301,1967.2731654550366
43302,1967.2731654550366
43303,1967.2731654550366
43304,1967.2731654550366
43305,1967.2731654550366
43306,1967.2731654550366
43307,1967.2731654550366
43308,1967.2731654550366
43309,1967.2731654550366
43310,1967.2731654550366
43311,1967.2731654550366
43312,1967.2731654550366
43313,1967.2731654550366
43314,1967.2731654550366
43315,1967.2731654550366
43316,1967.2731654550366
43317,1967.2731654550366
43318,1967.2731654550366
43319,1967.2731654550366
43320,1967.2731654550366
43321,1967.2731654550366
43322,1967.2731654550366
43323,1967.2731654550366
43324,1967.2731654550366
43325,1967.2731654550366
43326,1967.2731654550366
43327,1967.2731654550366
43328,1967.2731654550366
43329,1967.2731654550366
43330,1967.2731654550366
43331,1967.2731654550366
43332,1967.2731654550366
43333,1967.2731654550366
43334,1967.2731654550366
43335,1967.2731654550366
43336,1967.2731654550366
43337,1967.2731654550366
43338,1967.2731654550366
43339,1967.2731654550366
43340,1967.2731654550366
43341,1967.2731654550366
43342,1967.2731654550366
43343,1967.2731654550366
43344,1967.2731654550366
43345,1967.2731654550366
43346,1967.2731654550366
43347,1967.2731654550366
43348,1967.2731654550366
43349,1967.2731654550366
43350,1967.2731654550366
43351,1967.2731654550366
43352,1967.2731654550366
43353,1967.2731654550366
43354,1967.2731654550366
43355,1967.2731654550366
43356,1967.2731654550366
43357,1967.2731654550366
43358,1967.2731654550366
43359,1967.2731654550366
43360,1967.2731654550366
43361,1967.2731654550366
43362,1967.2731654550366
43363,1967.2731654550366
43364,1967.2731654550366
43365,1967.2731654550366
43366,1967.2731654550366
43367,1967.2731654550366
43368,1967.2731654550366
43369,1967.2731654550366
43370,1967.2731654550366
43371,1967.2731654550366
43372,1967.2731654550366
43373,1967.2731654550366
43374,1967.2731654550366
43375,1967.2731654550366
43376,1967.2731654550366
43377,1967.2731654550366
43378,1967.2731654550366
43379,1967.2731654550366
43380,1967.2731654550366
43381,1967.2731654550366
43382,1967.2731654550366
43383,1967.2731654550366
43384,1967.2731654550366
43385,1967.2731654550366
43386,1967.2731654550366
43387,1967.2731654550366
43388,1967.2731654550366
43389,1967.2731654550366
43390,1967.2731654550366
43391,1967.2731654550366
43392,1967.2731654550366
43393,1967.2731654550366
43394,1967.2731654550366
43395,1967.2731654550366
43396,1967.2731654550366
43397,1967.2731654550366
43398,1967.2731654550366
43399,1967.2731654550366
43400,1967.2731654550366
43401,1967.2731654550366
43402,1967.2731654550366
43403,1967.2731654550366
43404,1967.2731654550366
43405,1967.2731654550366
43406,1967.2731654550366
43407,1967.2731654550366
43408,1967.2731654550366
43409,1967.2731654550366
43410,1967.2731654550366
43411,1967.2731654550366
43412,1967.2731654550366
43413,1967.2731654550366
43414,1967.2731654550366
43415,1967.2731654550366
43416,1967.2731654550366
43417,1967.2731654550366
43418,1967.2731654550366
43419,1967.2731654550366
43420,1967.2731654550366
43421,1967.2731654550366
43422,1967.2731654550366
43423,1967.2731654550366
43424,1967.2731654550366
43425,1967.2731654550366
43426,1967.2731654550366
43427,1967.2731654550366
43428,1967.2731654550366
43429,1967.2731654550366
43430,1967.2731654550366
43431,1967.2731654550366
43432,1967.2731654550366
43433,1967.2731654550366
43434,1967.2731654550366
43435,1967.2731654550366
43436,1967.2731654550366
43437,1967.2731654550366
43438,1967.2731654550366
43439,1967.2731654550366
43440,1967.2731654550366
43441,1967.2731654550366
43442,1967.2731654550366
43443,1967.2731654550366
43444,1967.2731654550366
43445,1967.2731654550366
43446,1967.2731654550366
43447,1967.2731654550366
43448,1967.2731654550366
43449,1967.2731654550366
43450,1967.2731654550366
43451,1967.2731654550366
43452,1967.2731654550366
43453,1967.2731654550366
43454,1967.2731654550366
43455,1967.2731654550366
43456,1967.2731654550366
43457,1967.2731654550366
43458,1967.2731654550366
43459,1967.2731654550366
43460,1967.2731654550366
43461,1967.2731654550366
43462,1967.2731654550366
43463,1967.2731654550366
43464,1967.2731654550366
43465,1967.2731654550366
43466,1967.2731654550366
43467,1967.2731654550366
43468,1967.2731654550366
43469,1967.2731654550366
43470,1967.2731654550366
43471,1967.2731654550366
43472,1967.2731654550366
43473,1967.2731654550366
43474,1967.2731654550366
43475,1967.2731654550366
43476,1967.2731654550366
43477,1967.2731654550366
43478,1967.2731654550366
43479,1967.2731654550366
43480,1967.2731654550366
43481,1967.2731654550366
43482,1967.2731654550366
43483,1967.2731654550366
43484,1967.2731654550366
43485,1967.2731654550366
43486,1967.2731654550366
43487,1967.2731654550366
43488,1967.2731654550366
43489,1967.2731654550366
43490,1967.2731654550366
43491,1967.2731654550366
43492,1967.2731654550366
43493,1967.2731654550366
43494,1967.2731654550366
43495,1967.2731654550366
43496,1967.2731654550366
43497,1967.2731654550366
43498,1967.2731654550366
43499,1967.2731654550366
43500,1967.2731654550366
43501,1967.2731654550366
43502,1967.2731654550366
43503,1967.2731654550366
43504,1967.2731654550366
43505,1967.2731654550366
43506,1967.2731654550366
43507,1967.2731654550366
43508,1967.2731654550366
43509,1967.2731654550366
43510,1967.2731654550366
43511,1967.2731654550366
43512,1967.2731654550366
43513,1967.2731654550366
43514,1967.2731654550366
43515,1967.2731654550366
43516,1967.2731654550366
43517,1967.2731654550366
43518,1967.2731654550366
43519,1967.2731654550366
43520,1967.2731654550366
43521,1967.2731654550366
43522,1967.2731654550366
43523,1967.2731654550366
43524,1967.2731654550366
43525,1967.2731654550366
43526,1967.2731654550366
43527,1967.2731654550366
43528,1967.2731654550366
43529,1967.2731654550366
43530,1967.2731654550366
43531,1967.2731654550366
43532,1967.2731654550366
43533,1967.2731654550366
43534,1967.2731654550366
43535,1967.2731654550366
43536,1967.2731654550366
43537,1967.2731654550366
43538,1967.2731654550366
43539,1967.2731654550366
43540,1967.2731654550366
43541,1967.2731654550366
43542,1967.2731654550366
43543,1967.2731654550366
43544,1967.2731654550366
43545,1967.2731654550366
43546,1967.2731654550366
43547,1967.2731654550366
43548,1967.2731654550366
43549,1967.2731654550366
43550,1967.2731654550366
43551,1967.2731654550366
43552,1967.2731654550366
43553,1967.2731654550366
43554,1967.2731654550366
43555,1967.2731654550366
43556,1967.2731654550366
43557,1967.2731654550366
43558,1967.2731654550366
43559,1967.2731654550366
43560,1967.2731654550366
43561,1967.2731654550366
43562,1967.2731654550366
43563,1967.2731654550366
43564,1967.2731654550366
43565,1967.2731654550366
43566,1967.2731654550366
43567,1967.2731654550366
43568,1967.2731654550366
43569,1967.2731654550366
43570,1967.2731654550366
43571,1967.2731654550366
43572,1967.2731654550366
43573,1967.2731654550366
43574,1967.2731654550366
43575,1967.2731654550366
43576,1967.2731654550366
43577,1967.2731654550366
43578,1967.2731654550366
43579,1967.2731654550366
43580,1967.2731654550366
43581,1967.2731654550366
43582,1967.2731654550366
43583,1967.2731654550366
43584,1967.2731654550366
43585,1967.2731654550366
43586,1967.2731654550366
43587,1967.2731654550366
43588,1967.2731654550366
43589,1967.2731654550366
43590,1967.2731654550366
43591,1967.2731654550366
43592,1967.2731654550366
43593,1967.2731654550366
43594,1967.2731654550366
43595,1967.2731654550366
43596,1967.2731654550366
43597,1967.2731654550366
43598,1967.2731654550366
43599,1967.2731654550366
43600,1967.2731654550366
43601,1967.2731654550366
43602,1967.2731654550366
43603,1967.2731654550366
43604,1967.2731654550366
43605,1967.2731654550366
43606,1967.2731654550366
43607,1967.2731654550366
43608,1967.2731654550366
43609,1967.2731654550366
43610,1967.2731654550366
43611,1967.2731654550366
43612,1967.2731654550366
43613,1967.2731654550366
43614,1967.2731654550366
43615,1967.2731654550366
43616,1967.2731654550366
43617,1967.2731654550366
43618,1967.2731654550366
43619,1967.2731654550366
43620,1967.2731654550366
43621,1967.2731654550366
43622,1967.2731654550366
43623,1967.2731654550366
43624,1967.2731654550366
43625,1967.2731654550366
43626,1967.2731654550366
43627,1967.2731654550366
43628,1967.2731654550366
43629,1967.2731654550366
43630,1967.2731654550366
43631,1967.2731654550366
43632,1967.2731654550366
43633,1967.2731654550366
43634,1967.2731654550366
43635,1967.2731654550366
43636,1967.2731654550366
43637,1967.2731654550366
43638,1967.2731654550366
43639,1967.2731654550366
43640,1967.2731654550366
43641,1967.2731654550366
43642,1967.2731654550366
43643,1967.2731654550366
43644,1967.2731654550366
43645,1967.2731654550366
43646,1967.2731654550366
43647,1967.2731654550366
43648,1967.2731654550366
43649,1967.2731654550366
43650,1967.2731654550366
43651,1967.2731654550366
43652,1967.2731654550366
43653,1967.2731654550366
43654,1967.2731654550366
43655,1967.2731654550366
43656,1967.2731654550366
43657,1967.2731654550366
43658,1967.2731654550366
43659,1967.2731654550366
43660,1967.2731654550366
43661,1967.2731654550366
43662,1967.2731654550366
43663,1967.2731654550366
43664,1967.2731654550366
43665,1967.2731654550366
43666,1967.2731654550366
43667,1967.2731654550366
43668,1967.2731654550366
43669,1967.2731654550366
43670,1967.2731654550366
43671,1967.2731654550366
43672,1967.2731654550366
43673,1967.2731654550366
43674,1967.2731654550366
43675,1967.2731654550366
43676,1967.2731654550366
43677,1967.2731654550366
43678,1967.2731654550366
43679,1967.2731654550366
43680,1967.2731654550366
43681,1967.2731654550366
43682,1967.2731654550366
43683,1967.2731654550366
43684,1967.2731654550366
43685,1967.2731654550366
43686,1967.2731654550366
43687,1967.2731654550366
43688,1967.2731654550366
43689,1967.2731654550366
43690,1967.2731654550366
43691,1967.2731654550366
43692,1967.2731654550366
43693,1967.2731654550366
43694,1967.2731654550366
43695,1967.2731654550366
43696,1967.2731654550366
43697,1967.2731654550366
43698,1967.2731654550366
43699,1967.2731654550366
43700,1967.2731654550366
43701,1967.2731654550366
43702,1967.2731654550366
43703,1967.2731654550366
43704,1967.2731654550366
43705,1967.2731654550366
43706,1967.2731654550366
43707,1967.2731654550366
43708,1967.2731654550366
43709,1967.2731654550366
43710,1967.2731654550366
43711,1967.2731654550366
43712,1967.2731654550366
43713,1967.2731654550366
43714,1967.2731654550366
43715,1967.2731654550366
43716,1967.2731654550366
43717,1967.2731654550366
43718,1967.2731654550366
43719,1967.2731654550366
43720,1967.2731654550366
43721,1967.2731654550366
43722,1967.2731654550366
43723,1967.2731654550366
43724,1967.2731654550366
43725,1967.2731654550366
43726,1967.2731654550366
43727,1967.2731654550366
43728,1967.2731654550366
43729,1967.2731654550366
43730,1967.2731654550366
43731,1967.2731654550366
43732,1967.2731654550366
43733,1967.2731654550366
43734,1967.2731654550366
43735,1967.2731654550366
43736,1967.2731654550366
43737,1967.2731654550366
43738,1967.2731654550366
43739,1967.2731654550366
43740,1967.2731654550366
43741,1967.2731654550366
43742,1967.2731654550366
43743,1967.2731654550366
43744,1967.2731654550366
43745,1967.2731654550366
43746,1967.2731654550366
43747,1967.2731654550366
43748,1967.2731654550366
43749,1967.2731654550366
43750,1967.2731654550366
43751,1967.2731654550366
43752,1967.2731654550366
43753,1967.2731654550366
43754,1967.2731654550366
43755,1967.2731654550366
43756,1967.2731654550366
43757,1967.2731654550366
43758,1967.2731654550366
43759,1967.2731654550366
43760,1967.2731654550366
43761,1967.2731654550366
43762,1967.2731654550366
43763,1967.2731654550366
43764,1967.2731654550366
43765,1967.2731654550366
43766,1967.2731654550366
43767,1967.2731654550366
43768,1967.2731654550366
43769,1967.2731654550366
43770,1967.2731654550366
43771,1967.2731654550366
43772,1967.2731654550366
43773,1967.2731654550366
43774,1967.2731654550366
43775,1967.2731654550366
43776,1967.2731654550366
43777,1967.2731654550366
43778,1967.2731654550366
43779,1967.2731654550366
43780,1967.2731654550366
43781,1967.2731654550366
43782,1967.2731654550366
43783,1967.2731654550366
43784,1967.2731654550366
43785,1967.2731654550366
43786,1967.2731654550366
43787,1967.2731654550366
43788,1967.2731654550366
43789,1967.2731654550366
43790,1967.2731654550366
43791,1967.2731654550366
43792,1967.2731654550366
43793,1967.2731654550366
43794,1967.2731654550366
43795,1967.2731654550366
43796,1967.2731654550366
43797,1967.2731654550366
43798,1967.2731654550366
43799,1967.2731654550366
43800,1967.2731654550366
43801,1967.2731654550366
43802,1967.2731654550366
43803,1967.2731654550366
43804,1967.2731654550366
43805,1967.2731654550366
43806,1967.2731654550366
43807,1967.2731654550366
43808,1967.2731654550366
43809,1967.2731654550366
43810,1967.2731654550366
43811,1967.2731654550366
43812,1967.2731654550366
43813,1967.2731654550366
43814,1967.2731654550366
43815,1967.2731654550366
43816,1967.2731654550366
43817,1967.2731654550366
43818,1967.2731654550366
43819,1967.2731654550366
43820,1967.2731654550366
43821,1967.2731654550366
43822,1967.2731654550366
43823,1967.2731654550366
43824,1967.2731654550366
43825,1967.2731654550366
43826,1967.2731654550366
43827,1967.2731654550366
43828,1967.2731654550366
43829,1967.2731654550366
43830,1967.2731654550366
43831,1967.2731654550366
43832,1967.2731654550366
43833,1967.2731654550366
43834,1967.2731654550366
43835,1967.2731654550366
43836,1967.2731654550366
43837,1967.2731654550366
43838,1967.2731654550366
43839,1967.2731654550366
43840,1967.2731654550366
43841,1967.2731654550366
43842,1967.2731654550366
43843,1967.2731654550366
43844,1967.2731654550366
43845,1967.2731654550366
43846,1967.2731654550366
43847,1967.2731654550366
43848,1967.2731654550366
43849,1967.2731654550366
43850,1967.2731654550366
43851,1967.2731654550366
43852,1967.2731654550366
43853,1967.2731654550366
43854,1967.2731654550366
43855,1967.2731654550366
43856,1967.2731654550366
43857,1967.2731654550366
43858,1967.2731654550366
43859,1967.2731654550366
43860,1967.2731654550366
43861,1967.2731654550366
43862,1967.2731654550366
43863,1967.2731654550366
43864,1967.2731654550366
43865,1967.2731654550366
43866,1967.2731654550366
43867,1967.2731654550366
43868,1967.2731654550366
43869,1967.2731654550366
43870,1967.2731654550366
43871,1967.2731654550366
43872,1967.2731654550366
43873,1967.2731654550366
43874,1967.2731654550366
43875,1967.2731654550366
43876,1967.2731654550366
43877,1967.2731654550366
43878,1967.2731654550366
43879,1967.2731654550366
43880,1967.2731654550366
43881,1967.2731654550366
43882,1967.2731654550366
43883,1967.2731654550366
43884,1967.2731654550366
43885,1967.2731654550366
43886,1967.2731654550366
43887,1967.2731654550366
43888,1967.2731654550366
43889,1967.2731654550366
43890,1967.2731654550366
43891,1967.2731654550366
43892,1967.2731654550366
43893,1967.2731654550366
43894,1967.2731654550366
43895,1967.2731654550366
43896,1967.2731654550366
43897,1967.2731654550366
43898,1967.2731654550366
43899,1967.2731654550366
43900,1967.2731654550366
43901,1967.2731654550366
43902,1967.2731654550366
43903,1967.2731654550366
43904,1967.2731654550366
43905,1967.2731654550366
43906,1967.2731654550366
43907,1967.2731654550366
43908,1967.2731654550366
43909,1967.2731654550366
43910,1967.2731654550366
43911,1967.2731654550366
43912,1967.2731654550366
43913,1967.2731654550366
43914,1967.2731654550366
43915,1967.2731654550366
43916,1967.2731654550366
43917,1967.2731654550366
43918,1967.2731654550366
43919,1967.2731654550366
43920,1967.2731654550366
43921,1967.2731654550366
43922,1967.2731654550366
43923,1967.2731654550366
43924,1967.2731654550366
43925,1967.2731654550366
43926,1967.2731654550366
43927,1967.2731654550366
43928,1967.2731654550366
43929,1967.2731654550366
43930,1967.2731654550366
43931,1967.2731654550366
43932,1967.2731654550366
43933,1967.2731654550366
43934,1967.2731654550366
43935,1967.2731654550366
43936,1967.2731654550366
43937,1967.2731654550366
43938,1967.2731654550366
43939,1967.2731654550366
43940,1967.2731654550366
43941,1967.2731654550366
43942,1967.2731654550366
43943,1967.2731654550366
43944,1967.2731654550366
43945,1967.2731654550366
43946,1967.2731654550366
43947,1967.2731654550366
43948,1967.2731654550366
43949,1967.2731654550366
43950,1967.2731654550366
43951,1967.2731654550366
43952,1967.2731654550366
43953,1967.2731654550366
43954,1967.2731654550366
43955,1967.2731654550366
43956,1967.2731654550366
43957,1967.2731654550366
43958,1967.2731654550366
43959,1967.2731654550366
43960,1967.2731654550366
43961,1967.2731654550366
43962,1967.2731654550366
43963,1967.2731654550366
43964,1967.2731654550366
43965,1967.2731654550366
43966,1967.2731654550366
43967,1967.2731654550366
43968,1967.2731654550366
43969,1967.2731654550366
43970,1967.2731654550366
43971,1967.2731654550366
43972,1967.2731654550366
43973,1967.2731654550366
43974,1967.2731654550366
43975,1967.2731654550366
43976,1967.2731654550366
43977,1967.2731654550366
43978,1967.2731654550366
43979,1967.2731654550366
43980,1967.2731654550366
43981,1967.2731654550366
43982,1967.2731654550366
43983,1967.2731654550366
43984,1967.2731654550366
43985,1967.2731654550366
43986,1967.2731654550366
43987,1967.2731654550366
43988,1967.2731654550366
43989,1967.2731654550366
43990,1967.2731654550366
43991,1967.2731654550366
43992,1967.2731654550366
43993,1967.2731654550366
43994,1967.2731654550366
43995,1967.2731654550366
43996,1967.2731654550366
43997,1967.2731654550366
43998,1967.2731654550366
43999,1967.2731654550366
44000,1967.2731654550366
44001,1967.2731654550366
44002,1967.2731654550366
44003,1967.2731654550366
44004,1967.2731654550366
44005,1967.2731654550366
44006,1967.2731654550366
44007,1967.2731654550366
44008,1967.2731654550366
44009,1967.2731654550366
44010,1967.2731654550366
44011,1967.2731654550366
44012,1967.2731654550366
44013,1967.2731654550366
44014,1967.2731654550366
44015,1967.2731654550366
44016,1967.2731654550366
44017,1967.2731654550366
44018,1967.2731654550366
44019,1967.2731654550366
44020,1967.2731654550366
44021,1967.2731654550366
44022,1967.2731654550366
44023,1967.2731654550366
44024,1967.2731654550366
44025,1967.2731654550366
44026,1967.2731654550366
44027,1967.2731654550366
44028,1967.2731654550366
44029,1967.2731654550366
44030,1967.2731654550366
44031,1967.2731654550366
44032,1967.2731654550366
44033,1967.2731654550366
44034,1967.2731654550366
44035,1967.2731654550366
44036,1967.2731654550366
44037,1967.2731654550366
44038,1967.2731654550366
44039,1967.2731654550366
44040,1967.2731654550366
44041,1967.2731654550366
44042,1967.2731654550366
44043,1967.2731654550366
44044,1967.2731654550366
44045,1967.2731654550366
44046,1967.2731654550366
44047,1967.2731654550366
44048,1967.2731654550366
44049,1967.2731654550366
44050,1967.2731654550366
44051,1967.2731654550366
44052,1967.2731654550366
44053,1967.2731654550366
44054,1967.2731654550366
44055,1967.2731654550366
44056,1967.2731654550366
44057,1967.2731654550366
44058,1967.2731654550366
44059,1967.2731654550366
44060,1967.2731654550366
44061,1967.2731654550366
44062,1967.2731654550366
44063,1967.2731654550366
44064,1967.2731654550366
44065,1967.2731654550366
44066,1967.2731654550366
44067,1967.2731654550366
44068,1967.2731654550366
44069,1967.2731654550366
44070,1967.2731654550366
44071,1967.2731654550366
44072,1967.2731654550366
44073,1967.2731654550366
44074,1967.2731654550366
44075,1967.2731654550366
44076,1967.2731654550366
44077,1967.2731654550366
44078,1967.2731654550366
44079,1967.2731654550366
44080,1967.2731654550366
44081,1967.2731654550366
44082,1967.2731654550366
44083,1967.2731654550366
44084,1967.2731654550366
44085,1967.2731654550366
44086,1967.2731654550366
44087,1967.2731654550366
44088,1967.2731654550366
44089,1967.2731654550366
44090,1967.2731654550366
44091,1967.2731654550366
44092,1967.2731654550366
44093,1967.2731654550366
44094,1967.2731654550366
44095,1967.2731654550366
44096,1967.2731654550366
44097,1967.2731654550366
44098,1967.2731654550366
44099,1967.2731654550366
44100,1967.2731654550366
44101,1967.2731654550366
44102,1967.2731654550366
44103,1967.2731654550366
44104,1967.2731654550366
44105,1967.2731654550366
44106,1967.2731654550366
44107,1967.2731654550366
44108,1967.2731654550366
44109,1967.2731654550366
44110,1967.2731654550366
44111,1967.2731654550366
44112,1967.2731654550366
44113,1967.2731654550366
44114,1967.2731654550366
44115,1967.2731654550366
44116,1967.2731654550366
44117,1967.2731654550366
44118,1967.2731654550366
44119,1967.2731654550366
44120,1967.2731654550366
44121,1967.2731654550366
44122,1967.2731654550366
44123,1967.2731654550366
44124,1967.2731654550366
44125,1967.2731654550366
44126,1967.2731654550366
44127,1967.2731654550366
44128,1967.2731654550366
44129,1967.2731654550366
44130,1967.2731654550366
44131,1967.2731654550366
44132,1967.2731654550366
44133,1967.2731654550366
44134,1967.2731654550366
44135,1967.2731654550366
44136,1967.2731654550366
44137,1967.2731654550366
44138,1967.2731654550366
44139,1967.2731654550366
44140,1967.2731654550366
44141,1967.2731654550366
44142,1967.2731654550366
44143,1967.2731654550366
44144,1967.2731654550366
44145,1967.2731654550366
44146,1967.2731654550366
44147,1967.2731654550366
44148,1967.2731654550366
44149,1967.2731654550366
44150,1967.2731654550366
44151,1967.2731654550366
44152,1967.2731654550366
44153,1967.2731654550366
44154,1967.2731654550366
44155,1967.2731654550366
44156,1967.2731654550366
44157,1967.2731654550366
44158,1967.2731654550366
44159,1967.2731654550366
44160,1967.2731654550366
44161,1967.2731654550366
44162,1967.2731654550366
44163,1967.2731654550366
44164,1967.2731654550366
44165,1967.2731654550366
44166,1967.2731654550366
44167,1967.2731654550366
44168,1967.2731654550366
44169,1967.2731654550366
44170,1967.2731654550366
44171,1967.2731654550366
44172,1967.2731654550366
44173,1967.2731654550366
44174,1967.2731654550366
44175,1967.2731654550366
44176,1967.2731654550366
44177,1967.2731654550366
44178,1967.2731654550366
44179,1967.2731654550366
44180,1967.2731654550366
44181,1967.2731654550366
44182,1967.2731654550366
44183,1967.2731654550366
44184,1967.2731654550366
44185,1967.2731654550366
44186,1967.2731654550366
44187,1967.2731654550366
44188,1967.2731654550366
44189,1967.2731654550366
44190,1967.2731654550366
44191,1967.2731654550366
44192,1967.2731654550366
44193,1967.2731654550366
44194,1967.2731654550366
44195,1967.2731654550366
44196,1967.2731654550366
44197,1967.2731654550366
44198,1967.2731654550366
44199,1967.2731654550366
44200,1967.2731654550366
44201,1967.2731654550366
44202,1967.2731654550366
44203,1967.2731654550366
44204,1967.2731654550366
44205,1967.2731654550366
44206,1967.2731654550366
44207,1967.2731654550366
44208,1967.2731654550366
44209,1967.2731654550366
44210,1967.2731654550366
44211,1967.2731654550366
44212,1967.2731654550366
44213,1967.2731654550366
44214,1967.2731654550366
44215,1967.2731654550366
44216,1967.2731654550366
44217,1967.2731654550366
44218,1967.2731654550366
44219,1967.2731654550366
44220,1967.2731654550366
44221,1967.2731654550366
44222,1967.2731654550366
44223,1967.2731654550366
44224,1967.2731654550366
44225,1967.2731654550366
44226,1967.2731654550366
44227,1967.2731654550366
44228,1967.2731654550366
44229,1967.2731654550366
44230,1967.2731654550366
44231,1967.2731654550366
44232,1967.2731654550366
44233,1967.2731654550366
44234,1967.2731654550366
44235,1967.2731654550366
44236,1967.2731654550366
44237,1967.2731654550366
44238,1967.2731654550366
44239,1967.2731654550366
44240,1967.2731654550366
44241,1967.2731654550366
44242,1967.2731654550366
44243,1967.2731654550366
44244,1967.2731654550366
44245,1967.2731654550366
44246,1967.2731654550366
44247,1967.2731654550366
44248,1967.2731654550366
44249,1967.2731654550366
44250,1967.2731654550366
44251,1967.2731654550366
44252,1967.2731654550366
44253,1967.2731654550366
44254,1967.2731654550366
44255,1967.2731654550366
44256,1967.2731654550366
44257,1967.2731654550366
44258,1967.2731654550366
44259,1967.2731654550366
44260,1967.2731654550366
44261,1967.2731654550366
44262,1967.2731654550366
44263,1967.2731654550366
44264,1967.2731654550366
44265,1967.2731654550366
44266,1967.2731654550366
44267,1967.2731654550366
44268,1967.2731654550366
44269,1967.2731654550366
44270,1967.2731654550366
44271,1967.2731654550366
44272,1967.2731654550366
44273,1967.2731654550366
44274,1967.2731654550366
44275,1967.2731654550366
44276,1967.2731654550366
44277,1967.2731654550366
44278,1967.2731654550366
44279,1967.2731654550366
44280,1967.2731654550366
44281,1967.2731654550366
44282,1967.2731654550366
44283,1967.2731654550366
44284,1967.2731654550366
44285,1967.2731654550366
44286,1967.2731654550366
44287,1967.2731654550366
44288,1967.2731654550366
44289,1967.2731654550366
44290,1967.2731654550366
44291,1967.2731654550366
44292,1967.2731654550366
44293,1967.2731654550366
44294,1967.2731654550366
44295,1967.2731654550366
44296,1967.2731654550366
44297,1967.2731654550366
44298,1967.2731654550366
44299,1967.2731654550366
44300,1967.2731654550366
44301,1967.2731654550366
44302,1967.2731654550366
44303,1967.2731654550366
44304,1967.2731654550366
44305,1967.2731654550366
44306,1967.2731654550366
44307,1967.2731654550366
44308,1967.2731654550366
44309,1967.2731654550366
44310,1967.2731654550366
44311,1967.2731654550366
44312,1967.2731654550366
44313,1967.2731654550366
44314,1967.2731654550366
44315,1967.2731654550366
44316,1967.2731654550366
44317,1967.2731654550366
44318,1967.2731654550366
44319,1967.2731654550366
44320,1967.2731654550366
44321,1967.2731654550366
44322,1967.2731654550366
44323,1967.2731654550366
44324,1967.2731654550366
44325,1967.2731654550366
44326,1967.2731654550366
44327,1967.2731654550366
44328,1967.2731654550366
44329,1967.2731654550366
44330,1967.2731654550366
44331,1967.2731654550366
44332,1967.2731654550366
44333,1967.2731654550366
44334,1967.2731654550366
44335,1967.2731654550366
44336,1967.2731654550366
44337,1967.2731654550366
44338,1967.2731654550366
44339,1967.2731654550366
44340,1967.2731654550366
44341,1967.2731654550366
44342,1967.2731654550366
44343,1967.2731654550366
44344,1967.2731654550366
44345,1967.2731654550366
44346,1967.2731654550366
44347,1967.2731654550366
44348,1967.2731654550366
44349,1967.2731654550366
44350,1967.2731654550366
44351,1967.2731654550366
44352,1967.2731654550366
44353,1967.2731654550366
44354,1967.2731654550366
44355,1967.2731654550366
44356,1967.2731654550366
44357,1967.2731654550366
44358,1967.2731654550366
44359,1967.2731654550366
44360,1967.2731654550366
44361,1967.2731654550366
44362,1967.2731654550366
44363,1967.2731654550366
44364,1967.2731654550366
44365,1967.2731654550366
44366,1967.2731654550366
44367,1967.2731654550366
44368,1967.2731654550366
44369,1967.2731654550366
44370,1967.2731654550366
44371,1967.2731654550366
44372,1967.2731654550366
44373,1967.2731654550366
44374,1967.2731654550366
44375,1967.2731654550366
44376,1967.2731654550366
44377,1967.2731654550366
44378,1967.2731654550366
44379,1967.2731654550366
44380,1967.2731654550366
44381,1967.2731654550366
44382,1967.2731654550366
44383,1967.2731654550366
44384,1967.2731654550366
44385,1967.2731654550366
44386,1967.2731654550366
44387,1967.2731654550366
44388,1967.2731654550366
44389,1967.2731654550366
44390,1967.2731654550366
44391,1967.2731654550366
44392,1967.2731654550366
44393,1967.2731654550366
44394,1967.2731654550366
44395,1967.2731654550366
44396,1967.2731654550366
44397,1967.2731654550366
44398,1967.2731654550366
44399,1967.2731654550366
44400,1967.2731654550366
44401,1967.2731654550366
44402,1967.2731654550366
44403,1967.2731654550366
44404,1967.2731654550366
44405,1967.2731654550366
44406,1967.2731654550366
44407,1967.2731654550366
44408,1967.2731654550366
44409,1967.2731654550366
44410,1967.2731654550366
44411,1967.2731654550366
44412,1967.2731654550366
44413,1967.2731654550366
44414,1967.2731654550366
44415,1967.2731654550366
44416,1967.2731654550366
44417,1967.2731654550366
44418,1967.2731654550366
44419,1967.2731654550366
44420,1967.2731654550366
44421,1967.2731654550366
44422,1967.2731654550366
44423,1967.2731654550366
44424,1967.2731654550366
44425,1967.2731654550366
44426,1967.2731654550366
44427,1967.2731654550366
44428,1967.2731654550366
44429,1967.2731654550366
44430,1967.2731654550366
44431,1967.2731654550366
44432,1967.2731654550366
44433,1967.2731654550366
44434,1967.2731654550366
44435,1967.2731654550366
44436,1967.2731654550366
44437,1967.2731654550366
44438,1967.2731654550366
44439,1967.2731654550366
44440,1967.2731654550366
44441,1967.2731654550366
44442,1967.2731654550366
44443,1967.2731654550366
44444,1967.2731654550366
44445,1967.2731654550366
44446,1967.2731654550366
44447,1967.2731654550366
44448,1967.2731654550366
44449,1967.2731654550366
44450,1967.2731654550366
44451,1967.2731654550366
44452,1967.2731654550366
44453,1967.2731654550366
44454,1967.2731654550366
44455,1967.2731654550366
44456,1967.2731654550366
44457,1967.2731654550366
44458,1967.2731654550366
44459,1967.2731654550366
44460,1967.2731654550366
44461,1967.2731654550366
44462,1967.2731654550366
44463,1967.2731654550366
44464,1967.2731654550366
44465,1967.2731654550366
44466,1967.2731654550366
44467,1967.2731654550366
44468,1967.2731654550366
44469,1967.2731654550366
44470,1967.2731654550366
44471,1967.2731654550366
44472,1967.2731654550366
44473,1967.2731654550366
44474,1967.2731654550366
44475,1967.2731654550366
44476,1967.2731654550366
44477,1967.2731654550366
44478,1967.2731654550366
44479,1967.2731654550366
44480,1967.2731654550366
44481,1967.2731654550366
44482,1967.2731654550366
44483,1967.2731654550366
44484,1967.2731654550366
44485,1967.2731654550366
44486,1967.2731654550366
44487,1967.2731654550366
44488,1967.2731654550366
44489,1967.2731654550366
44490,1967.2731654550366
44491,1967.2731654550366
44492,1967.2731654550366
44493,1967.2731654550366
44494,1967.2731654550366
44495,1967.2731654550366
44496,1967.2731654550366
44497,1967.2731654550366
44498,1967.2731654550366
44499,1967.2731654550366
44500,1967.2731654550366
44501,1967.2731654550366
44502,1967.2731654550366
44503,1967.2731654550366
44504,1967.2731654550366
44505,1967.2731654550366
44506,1967.2731654550366
44507,1967.2731654550366
44508,1967.2731654550366
44509,1967.2731654550366
44510,1967.2731654550366
44511,1967.2731654550366
44512,1967.2731654550366
44513,1967.2731654550366
44514,1967.2731654550366
44515,1967.2731654550366
44516,1967.2731654550366
44517,1967.2731654550366
44518,1967.2731654550366
44519,1967.2731654550366
44520,1967.2731654550366
44521,1967.2731654550366
44522,1967.2731654550366
44523,1967.2731654550366
44524,1967.2731654550366
44525,1967.2731654550366
44526,1967.2731654550366
44527,1967.2731654550366
44528,1967.2731654550366
44529,1967.2731654550366
44530,1967.2731654550366
44531,1967.2731654550366
44532,1967.2731654550366
44533,1967.2731654550366
44534,1967.2731654550366
44535,1967.2731654550366
44536,1967.2731654550366
44537,1967.2731654550366
44538,1967.2731654550366
44539,1967.2731654550366
44540,1967.2731654550366
44541,1967.2731654550366
44542,1967.2731654550366
44543,1967.2731654550366
44544,1967.2731654550366
44545,1967.2731654550366
44546,1967.2731654550366
44547,1967.2731654550366
44548,1967.2731654550366
44549,1967.2731654550366
44550,1967.2731654550366
44551,1967.2731654550366
44552,1967.2731654550366
44553,1967.2731654550366
44554,1967.2731654550366
44555,1967.2731654550366
44556,1967.2731654550366
44557,1967.2731654550366
44558,1967.2731654550366
44559,1967.2731654550366
44560,1967.2731654550366
44561,1967.2731654550366
44562,1967.2731654550366
44563,1967.2731654550366
44564,1967.2731654550366
44565,1967.2731654550366
44566,1967.2731654550366
44567,1967.2731654550366
44568,1967.2731654550366
44569,1967.2731654550366
44570,1967.2731654550366
44571,1967.2731654550366
44572,1967.2731654550366
44573,1967.2731654550366
44574,1967.2731654550366
44575,1967.2731654550366
44576,1967.2731654550366
44577,1967.2731654550366
44578,1967.2731654550366
44579,1967.2731654550366
44580,1967.2731654550366
44581,1967.2731654550366
44582,1967.2731654550366
44583,1967.2731654550366
44584,1967.2731654550366
44585,1967.2731654550366
44586,1967.2731654550366
44587,1967.2731654550366
44588,1967.2731654550366
44589,1967.2731654550366
44590,1967.2731654550366
44591,1967.2731654550366
44592,1967.2731654550366
44593,1967.2731654550366
44594,1967.2731654550366
44595,1967.2731654550366
44596,1967.2731654550366
44597,1967.2731654550366
44598,1967.2731654550366
44599,1967.2731654550366
44600,1967.2731654550366
44601,1967.2731654550366
44602,1967.2731654550366
44603,1967.2731654550366
44604,1967.2731654550366
44605,1967.2731654550366
44606,1967.2731654550366
44607,1967.2731654550366
44608,1967.2731654550366
44609,1967.2731654550366
44610,1967.2731654550366
44611,1967.2731654550366
44612,1967.2731654550366
44613,1967.2731654550366
44614,1967.2731654550366
44615,1967.2731654550366
44616,1967.2731654550366
44617,1967.2731654550366
44618,1967.2731654550366
44619,1967.2731654550366
44620,1967.2731654550366
44621,1967.2731654550366
44622,1967.2731654550366
44623,1967.2731654550366
44624,1967.2731654550366
44625,1967.2731654550366
44626,1967.2731654550366
44627,1967.2731654550366
44628,1967.2731654550366
44629,1967.2731654550366
44630,1967.2731654550366
44631,1967.2731654550366
44632,1967.2731654550366
44633,1967.2731654550366
44634,1967.2731654550366
44635,1967.2731654550366
44636,1967.2731654550366
44637,1967.2731654550366
44638,1967.2731654550366
44639,1967.2731654550366
44640,1967.2731654550366
44641,1967.2731654550366
44642,1967.2731654550366
44643,1967.2731654550366
44644,1967.2731654550366
44645,1967.2731654550366
44646,1967.2731654550366
44647,1967.2731654550366
44648,1967.2731654550366
44649,1967.2731654550366
44650,1967.2731654550366
44651,1967.2731654550366
44652,1967.2731654550366
44653,1967.2731654550366
44654,1967.2731654550366
44655,1967.2731654550366
44656,1967.2731654550366
44657,1967.2731654550366
44658,1967.2731654550366
44659,1967.2731654550366
44660,1967.2731654550366
44661,1967.2731654550366
44662,1967.2731654550366
44663,1967.2731654550366
44664,1967.2731654550366
44665,1967.2731654550366
44666,1967.2731654550366
44667,1967.2731654550366
44668,1967.2731654550366
44669,1967.2731654550366
44670,1967.2731654550366
44671,1967.2731654550366
44672,1967.2731654550366
44673,1967.2731654550366
44674,1967.2731654550366
44675,1967.2731654550366
44676,1967.2731654550366
44677,1967.2731654550366
44678,1967.2731654550366
44679,1967.2731654550366
44680,1967.2731654550366
44681,1967.2731654550366
44682,1967.2731654550366
44683,1967.2731654550366
44684,1967.2731654550366
44685,1967.2731654550366
44686,1967.2731654550366
44687,1967.2731654550366
44688,1967.2731654550366
44689,1967.2731654550366
44690,1967.2731654550366
44691,1967.2731654550366
44692,1967.2731654550366
44693,1967.2731654550366
44694,1967.2731654550366
44695,1967.2731654550366
44696,1967.2731654550366
44697,1967.2731654550366
44698,1967.2731654550366
44699,1967.2731654550366
44700,1967.2731654550366
44701,1967.2731654550366
44702,1967.2731654550366
44703,1967.2731654550366
44704,1967.2731654550366
44705,1967.2731654550366
44706,1967.2731654550366
44707,1967.2731654550366
44708,1967.2731654550366
44709,1967.2731654550366
44710,1967.2731654550366
44711,1967.2731654550366
44712,1967.2731654550366
44713,1967.2731654550366
44714,1967.2731654550366
44715,1967.2731654550366
44716,1967.2731654550366
44717,1967.2731654550366
44718,1967.2731654550366
44719,1967.2731654550366
44720,1967.2731654550366
44721,1967.2731654550366
44722,1967.2731654550366
44723,1967.2731654550366
44724,1967.2731654550366
44725,1967.2731654550366
44726,1967.2731654550366
44727,1967.2731654550366
44728,1967.2731654550366
44729,1967.2731654550366
44730,1967.2731654550366
44731,1967.2731654550366
44732,1967.2731654550366
44733,1967.2731654550366
44734,1967.2731654550366
44735,1967.2731654550366
44736,1967.2731654550366
44737,1967.2731654550366
44738,1967.2731654550366
44739,1967.2731654550366
44740,1967.2731654550366
44741,1967.2731654550366
44742,1967.2731654550366
44743,1967.2731654550366
44744,1967.2731654550366
44745,1967.2731654550366
44746,1967.2731654550366
44747,1967.2731654550366
44748,1967.2731654550366
44749,1967.2731654550366
44750,1967.2731654550366
44751,1967.2731654550366
44752,1967.2731654550366
44753,1967.2731654550366
44754,1967.2731654550366
44755,1967.2731654550366
44756,1967.2731654550366
44757,1967.2731654550366
44758,1967.2731654550366
44759,1967.2731654550366
44760,1967.2731654550366
44761,1967.2731654550366
44762,1967.2731654550366
44763,1967.2731654550366
44764,1967.2731654550366
44765,1967.2731654550366
44766,1967.2731654550366
44767,1967.2731654550366
44768,1967.2731654550366
44769,1967.2731654550366
44770,1967.2731654550366
44771,1967.2731654550366
44772,1967.2731654550366
44773,1967.2731654550366
44774,1967.2731654550366
44775,1967.2731654550366
44776,1967.2731654550366
44777,1967.2731654550366
44778,1967.2731654550366
44779,1967.2731654550366
44780,1967.2731654550366
44781,1967.2731654550366
44782,1967.2731654550366
44783,1967.2731654550366
44784,1967.2731654550366
44785,1967.2731654550366
44786,1967.2731654550366
44787,1967.2731654550366
44788,1967.2731654550366
44789,1967.2731654550366
44790,1967.2731654550366
44791,1967.2731654550366
44792,1967.2731654550366
44793,1967.2731654550366
44794,1967.2731654550366
44795,1967.2731654550366
44796,1967.2731654550366
44797,1967.2731654550366
44798,1967.2731654550366
44799,1967.2731654550366
44800,1967.2731654550366
44801,1967.2731654550366
44802,1967.2731654550366
44803,1967.2731654550366
44804,1967.2731654550366
44805,1967.2731654550366
44806,1967.2731654550366
44807,1967.2731654550366
44808,1967.2731654550366
44809,1967.2731654550366
44810,1967.2731654550366
44811,1967.2731654550366
44812,1967.2731654550366
44813,1967.2731654550366
44814,1967.2731654550366
44815,1967.2731654550366
44816,1967.2731654550366
44817,1967.2731654550366
44818,1967.2731654550366
44819,1967.2731654550366
44820,1967.2731654550366
44821,1967.2731654550366
44822,1967.2731654550366
44823,1967.2731654550366
44824,1967.2731654550366
44825,1967.2731654550366
44826,1967.2731654550366
44827,1967.2731654550366
44828,1967.2731654550366
44829,1967.2731654550366
44830,1967.2731654550366
44831,1967.2731654550366
44832,1967.2731654550366
44833,1967.2731654550366
44834,1967.2731654550366
44835,1967.2731654550366
44836,1967.2731654550366
44837,1967.2731654550366
44838,1967.2731654550366
44839,1967.2731654550366
44840,1967.2731654550366
44841,1967.2731654550366
44842,1967.2731654550366
44843,1967.2731654550366
44844,1967.2731654550366
44845,1967.2731654550366
44846,1967.2731654550366
44847,1967.2731654550366
44848,1967.2731654550366
44849,1967.2731654550366
44850,1967.2731654550366
44851,1967.2731654550366
44852,1967.2731654550366
44853,1967.2731654550366
44854,1967.2731654550366
44855,1967.2731654550366
44856,1967.2731654550366
44857,1967.2731654550366
44858,1967.2731654550366
44859,1967.2731654550366
44860,1967.2731654550366
44861,1967.2731654550366
44862,1967.2731654550366
44863,1967.2731654550366
44864,1967.2731654550366
44865,1967.2731654550366
44866,1967.2731654550366
44867,1967.2731654550366
44868,1967.2731654550366
44869,1967.2731654550366
44870,1967.2731654550366
44871,1967.2731654550366
44872,1967.2731654550366
44873,1967.2731654550366
44874,1967.2731654550366
44875,1967.2731654550366
44876,1967.2731654550366
44877,1967.2731654550366
44878,1967.2731654550366
44879,1967.2731654550366
44880,1967.2731654550366
44881,1967.2731654550366
44882,1967.2731654550366
44883,1967.2731654550366
44884,1967.2731654550366
44885,1967.2731654550366
44886,1967.2731654550366
44887,1967.2731654550366
44888,1967.2731654550366
44889,1967.2731654550366
44890,1967.2731654550366
44891,1967.2731654550366
44892,1967.2731654550366
44893,1967.2731654550366
44894,1967.2731654550366
44895,1967.2731654550366
44896,1967.2731654550366
44897,1967.2731654550366
44898,1967.2731654550366
44899,1967.2731654550366
44900,1967.2731654550366
44901,1967.2731654550366
44902,1967.2731654550366
44903,1967.2731654550366
44904,1967.2731654550366
44905,1967.2731654550366
44906,1967.2731654550366
44907,1967.2731654550366
44908,1967.2731654550366
44909,1967.2731654550366
44910,1967.2731654550366
44911,1967.2731654550366
44912,1967.2731654550366
44913,1967.2731654550366
44914,1967.2731654550366
44915,1967.2731654550366
44916,1967.2731654550366
44917,1967.2731654550366
44918,1967.2731654550366
44919,1967.2731654550366
44920,1967.2731654550366
44921,1967.2731654550366
44922,1967.2731654550366
44923,1967.2731654550366
44924,1967.2731654550366
44925,1967.2731654550366
44926,1967.2731654550366
44927,1967.2731654550366
44928,1967.2731654550366
44929,1967.2731654550366
44930,1967.2731654550366
44931,1967.2731654550366
44932,1967.2731654550366
44933,1967.2731654550366
44934,1967.2731654550366
44935,1967.2731654550366
44936,1967.2731654550366
44937,1967.2731654550366
44938,1967.2731654550366
44939,1967.2731654550366
44940,1967.2731654550366
44941,1967.2731654550366
44942,1967.2731654550366
44943,1967.2731654550366
44944,1967.2731654550366
44945,1967.2731654550366
44946,1967.2731654550366
44947,1967.2731654550366
44948,1967.2731654550366
44949,1967.2731654550366
44950,1967.2731654550366
44951,1967.2731654550366
44952,1967.2731654550366
44953,1967.2731654550366
44954,1967.2731654550366
44955,1967.2731654550366
44956,1967.2731654550366
44957,1967.2731654550366
44958,1967.2731654550366
44959,1967.2731654550366
44960,1967.2731654550366
44961,1967.2731654550366
44962,1967.2731654550366
44963,1967.2731654550366
44964,1967.2731654550366
44965,1967.2731654550366
44966,1967.2731654550366
44967,1967.2731654550366
44968,1967.2731654550366
44969,1967.2731654550366
44970,1967.2731654550366
44971,1967.2731654550366
44972,1967.2731654550366
44973,1967.2731654550366
44974,1967.2731654550366
44975,1967.2731654550366
44976,1967.2731654550366
44977,1967.2731654550366
44978,1967.2731654550366
44979,1967.2731654550366
44980,1967.2731654550366
44981,1967.2731654550366
44982,1967.2731654550366
44983,1967.2731654550366
44984,1967.2731654550366
44985,1967.2731654550366
44986,1967.2731654550366
44987,1967.2731654550366
44988,1967.2731654550366
44989,1967.2731654550366
44990,1967.2731654550366
44991,1967.2731654550366
44992,1967.2731654550366
44993,1967.2731654550366
44994,1967.2731654550366
44995,1967.2731654550366
44996,1967.2731654550366
44997,1967.2731654550366
44998,1967.2731654550366
44999,1967.2731654550366
45000,1967.2731654550366
45001,1967.2731654550366
45002,1967.2731654550366
45003,1967.2731654550366
45004,1967.2731654550366
45005,1967.2731654550366
45006,1967.2731654550366
45007,1967.2731654550366
45008,1967.2731654550366
45009,1967.2731654550366
45010,1967.2731654550366
45011,1967.2731654550366
45012,1967.2731654550366
45013,1967.2731654550366
45014,1967.2731654550366
45015,1967.2731654550366
45016,1967.2731654550366
45017,1967.2731654550366
45018,1967.2731654550366
45019,1967.2731654550366
45020,1967.2731654550366
45021,1967.2731654550366
45022,1967.2731654550366
45023,1967.2731654550366
45024,1967.2731654550366
45025,1967.2731654550366
45026,1967.2731654550366
45027,1967.2731654550366
45028,1967.2731654550366
45029,1967.2731654550366
45030,1967.2731654550366
45031,1967.2731654550366
45032,1967.2731654550366
45033,1967.2731654550366
45034,1967.2731654550366
45035,1967.2731654550366
45036,1967.2731654550366
45037,1967.2731654550366
45038,1967.2731654550366
45039,1967.2731654550366
45040,1967.2731654550366
45041,1967.2731654550366
45042,1967.2731654550366
45043,1967.2731654550366
45044,1967.2731654550366
45045,1967.2731654550366
45046,1967.2731654550366
45047,1967.2731654550366
45048,1967.2731654550366
45049,1967.2731654550366
45050,1967.2731654550366
45051,1967.2731654550366
45052,1967.2731654550366
45053,1967.2731654550366
45054,1967.2731654550366
45055,1967.2731654550366
45056,1967.2731654550366
45057,1967.2731654550366
45058,1967.2731654550366
45059,1967.2731654550366
45060,1967.2731654550366
45061,1967.2731654550366
45062,1967.2731654550366
45063,1967.2731654550366
45064,1967.2731654550366
45065,1967.2731654550366
45066,1967.2731654550366
45067,1967.2731654550366
45068,1967.2731654550366
45069,1967.2731654550366
45070,1967.2731654550366
45071,1967.2731654550366
45072,1967.2731654550366
45073,1967.2731654550366
45074,1967.2731654550366
45075,1967.2731654550366
45076,1967.2731654550366
45077,1967.2731654550366
45078,1967.2731654550366
45079,1967.2731654550366
45080,1967.2731654550366
45081,1967.2731654550366
45082,1967.2731654550366
45083,1967.2731654550366
45084,1967.2731654550366
45085,1967.2731654550366
45086,1967.2731654550366
45087,1967.2731654550366
45088,1967.2731654550366
45089,1967.2731654550366
45090,1967.2731654550366
45091,1967.2731654550366
45092,1967.2731654550366
45093,1967.2731654550366
45094,1967.2731654550366
45095,1967.2731654550366
45096,1967.2731654550366
45097,1967.2731654550366
45098,1967.2731654550366
45099,1967.2731654550366
45100,1967.2731654550366
45101,1967.2731654550366
45102,1967.2731654550366
45103,1967.2731654550366
45104,1967.2731654550366
45105,1967.2731654550366
45106,1967.2731654550366
45107,1967.2731654550366
45108,1967.2731654550366
45109,1967.2731654550366
45110,1967.2731654550366
45111,1967.2731654550366
45112,1967.2731654550366
45113,1967.2731654550366
45114,1967.2731654550366
45115,1967.2731654550366
45116,1967.2731654550366
45117,1967.2731654550366
45118,1967.2731654550366
45119,1967.2731654550366
45120,1967.2731654550366
45121,1967.2731654550366
45122,1967.2731654550366
45123,1967.2731654550366
45124,1967.2731654550366
45125,1967.2731654550366
45126,1967.2731654550366
45127,1967.2731654550366
45128,1967.2731654550366
45129,1967.2731654550366
45130,1967.2731654550366
45131,1967.2731654550366
45132,1967.2731654550366
45133,1967.2731654550366
45134,1967.2731654550366
45135,1967.2731654550366
45136,1967.2731654550366
45137,1967.2731654550366
45138,1967.2731654550366
45139,1967.2731654550366
45140,1967.2731654550366
45141,1967.2731654550366
45142,1967.2731654550366
45143,1967.2731654550366
45144,1967.2731654550366
45145,1967.2731654550366
45146,1967.2731654550366
45147,1967.2731654550366
45148,1967.2731654550366
45149,1967.2731654550366
45150,1967.2731654550366
45151,1967.2731654550366
45152,1967.2731654550366
45153,1967.2731654550366
45154,1967.2731654550366
45155,1967.2731654550366
45156,1967.2731654550366
45157,1967.2731654550366
45158,1967.2731654550366
45159,1967.2731654550366
45160,1967.2731654550366
45161,1967.2731654550366
45162,1967.2731654550366
45163,1967.2731654550366
45164,1967.2731654550366
45165,1967.2731654550366
45166,1967.2731654550366
45167,1967.2731654550366
45168,1967.2731654550366
45169,1967.2731654550366
45170,1967.2731654550366
45171,1967.2731654550366
45172,1967.2731654550366
45173,1967.2731654550366
45174,1967.2731654550366
45175,1967.2731654550366
45176,1967.2731654550366
45177,1967.2731654550366
45178,1967.2731654550366
45179,1967.2731654550366
45180,1967.2731654550366
45181,1967.2731654550366
45182,1967.2731654550366
45183,1967.2731654550366
45184,1967.2731654550366
45185,1967.2731654550366
45186,1967.2731654550366
45187,1967.2731654550366
45188,1967.2731654550366
45189,1967.2731654550366
45190,1967.2731654550366
45191,1967.2731654550366
45192,1967.2731654550366
45193,1967.2731654550366
45194,1967.2731654550366
45195,1967.2731654550366
45196,1967.2731654550366
45197,1967.2731654550366
45198,1967.2731654550366
45199,1967.2731654550366
45200,1967.2731654550366
45201,1967.2731654550366
45202,1967.2731654550366
45203,1967.2731654550366
45204,1967.2731654550366
45205,1967.2731654550366
45206,1967.2731654550366
45207,1967.2731654550366
45208,1967.2731654550366
45209,1967.2731654550366
45210,1967.2731654550366
45211,1967.2731654550366
45212,1967.2731654550366
45213,1967.2731654550366
45214,1967.2731654550366
45215,1967.2731654550366
45216,1967.2731654550366
45217,1967.2731654550366
45218,1967.2731654550366
45219,1967.2731654550366
45220,1967.2731654550366
45221,1967.2731654550366
45222,1967.2731654550366
45223,1967.2731654550366
45224,1967.2731654550366
45225,1967.2731654550366
45226,1967.2731654550366
45227,1967.2731654550366
45228,1967.2731654550366
45229,1967.2731654550366
45230,1967.2731654550366
45231,1967.2731654550366
45232,1967.2731654550366
45233,1967.2731654550366
45234,1967.2731654550366
45235,1967.2731654550366
45236,1967.2731654550366
45237,1967.2731654550366
45238,1967.2731654550366
45239,1967.2731654550366
45240,1967.2731654550366
45241,1967.2731654550366
45242,1967.2731654550366
45243,1967.2731654550366
45244,1967.2731654550366
45245,1967.2731654550366
45246,1967.2731654550366
45247,1967.2731654550366
45248,1967.2731654550366
45249,1967.2731654550366
45250,1967.2731654550366
45251,1967.2731654550366
45252,1967.2731654550366
45253,1967.2731654550366
45254,1967.2731654550366
45255,1967.2731654550366
45256,1967.2731654550366
45257,1967.2731654550366
45258,1967.2731654550366
45259,1967.2731654550366
45260,1967.2731654550366
45261,1967.2731654550366
45262,1967.2731654550366
45263,1967.2731654550366
45264,1967.2731654550366
45265,1967.2731654550366
45266,1967.2731654550366
45267,1967.2731654550366
45268,1967.2731654550366
45269,1967.2731654550366
45270,1967.2731654550366
45271,1967.2731654550366
45272,1967.2731654550366
45273,1967.2731654550366
45274,1967.2731654550366
45275,1967.2731654550366
45276,1967.2731654550366
45277,1967.2731654550366
45278,1967.2731654550366
45279,1967.2731654550366
45280,1967.2731654550366
45281,1967.2731654550366
45282,1967.2731654550366
45283,1967.2731654550366
45284,1967.2731654550366
45285,1967.2731654550366
45286,1967.2731654550366
45287,1967.2731654550366
45288,1967.2731654550366
45289,1967.2731654550366
45290,1967.2731654550366
45291,1967.2731654550366
45292,1967.2731654550366
45293,1967.2731654550366
45294,1967.2731654550366
45295,1967.2731654550366
45296,1967.2731654550366
45297,1967.2731654550366
45298,1967.2731654550366
45299,1967.2731654550366
45300,1967.2731654550366
45301,1967.2731654550366
45302,1967.2731654550366
45303,1967.2731654550366
45304,1967.2731654550366
45305,1967.2731654550366
45306,1967.2731654550366
45307,1967.2731654550366
45308,1967.2731654550366
45309,1967.2731654550366
45310,1967.2731654550366
45311,1967.2731654550366
45312,1967.2731654550366
45313,1967.2731654550366
45314,1967.2731654550366
45315,1967.2731654550366
45316,1967.2731654550366
45317,1967.2731654550366
45318,1967.2731654550366
45319,1967.2731654550366
45320,1967.2731654550366
45321,1967.2731654550366
45322,1967.2731654550366
45323,1967.2731654550366
45324,1967.2731654550366
45325,1967.2731654550366
45326,1967.2731654550366
45327,1967.2731654550366
45328,1967.2731654550366
45329,1967.2731654550366
45330,1967.2731654550366
45331,1967.2731654550366
45332,1967.2731654550366
45333,1967.2731654550366
45334,1967.2731654550366
45335,1967.2731654550366
45336,1967.2731654550366
45337,1967.2731654550366
45338,1967.2731654550366
45339,1967.2731654550366
45340,1967.2731654550366
45341,1967.2731654550366
45342,1967.2731654550366
45343,1967.2731654550366
45344,1967.2731654550366
45345,1967.2731654550366
45346,1967.2731654550366
45347,1967.2731654550366
45348,1967.2731654550366
45349,1967.2731654550366
45350,1967.2731654550366
45351,1967.2731654550366
45352,1967.2731654550366
45353,1967.2731654550366
45354,1967.2731654550366
45355,1967.2731654550366
45356,1967.2731654550366
45357,1967.2731654550366
45358,1967.2731654550366
45359,1967.2731654550366
45360,1967.2731654550366
45361,1967.2731654550366
45362,1967.2731654550366
45363,1967.2731654550366
45364,1967.2731654550366
45365,1967.2731654550366
45366,1967.2731654550366
45367,1967.2731654550366
45368,1967.2731654550366
45369,1967.2731654550366
45370,1967.2731654550366
45371,1967.2731654550366
45372,1967.2731654550366
45373,1967.2731654550366
45374,1967.2731654550366
45375,1967.2731654550366
45376,1967.2731654550366
45377,1967.2731654550366
45378,1967.2731654550366
45379,1967.2731654550366
45380,1967.2731654550366
45381,1967.2731654550366
45382,1967.2731654550366
45383,1967.2731654550366
45384,1967.2731654550366
45385,1967.2731654550366
45386,1967.2731654550366
45387,1967.2731654550366
45388,1967.2731654550366
45389,1967.2731654550366
45390,1967.2731654550366
45391,1967.2731654550366
45392,1967.2731654550366
45393,1967.2731654550366
45394,1967.2731654550366
45395,1967.2731654550366
45396,1967.2731654550366
45397,1967.2731654550366
45398,1967.2731654550366
45399,1967.2731654550366
45400,1967.2731654550366
45401,1967.2731654550366
45402,1967.2731654550366
45403,1967.2731654550366
45404,1967.2731654550366
45405,1967.2731654550366
45406,1967.2731654550366
45407,1967.2731654550366
45408,1967.2731654550366
45409,1967.2731654550366
45410,1967.2731654550366
45411,1967.2731654550366
45412,1967.2731654550366
45413,1967.2731654550366
45414,1967.2731654550366
45415,1967.2731654550366
45416,1967.2731654550366
45417,1967.2731654550366
45418,1967.2731654550366
45419,1967.2731654550366
45420,1967.2731654550366
45421,1967.2731654550366
45422,1967.2731654550366
45423,1967.2731654550366
45424,1967.2731654550366
45425,1967.2731654550366
45426,1967.2731654550366
45427,1967.2731654550366
45428,1967.2731654550366
45429,1967.2731654550366
45430,1967.2731654550366
45431,1967.2731654550366
45432,1967.2731654550366
45433,1967.2731654550366
45434,1967.2731654550366
45435,1967.2731654550366
45436,1967.2731654550366
45437,1967.2731654550366
45438,1967.2731654550366
45439,1967.2731654550366
45440,1967.2731654550366
45441,1967.2731654550366
45442,1967.2731654550366
45443,1967.2731654550366
45444,1967.2731654550366
45445,1967.2731654550366
45446,1967.2731654550366
45447,1967.2731654550366
45448,1967.2731654550366
45449,1967.2731654550366
45450,1967.2731654550366
45451,1967.2731654550366
45452,1967.2731654550366
45453,1967.2731654550366
45454,1967.2731654550366
45455,1967.2731654550366
45456,1967.2731654550366
45457,1967.2731654550366
45458,1967.2731654550366
45459,1967.2731654550366
45460,1967.2731654550366
45461,1967.2731654550366
45462,1967.2731654550366
45463,1967.2731654550366
45464,1967.2731654550366
45465,1967.2731654550366
45466,1967.2731654550366
45467,1967.2731654550366
45468,1967.2731654550366
45469,1967.2731654550366
45470,1967.2731654550366
45471,1967.2731654550366
45472,1967.2731654550366
45473,1967.2731654550366
45474,1967.2731654550366
45475,1967.2731654550366
45476,1967.2731654550366
45477,1967.2731654550366
45478,1967.2731654550366
45479,1967.2731654550366
45480,1967.2731654550366
45481,1967.2731654550366
45482,1967.2731654550366
45483,1967.2731654550366
45484,1967.2731654550366
45485,1967.2731654550366
45486,1967.2731654550366
45487,1967.2731654550366
45488,1967.2731654550366
45489,1967.2731654550366
45490,1967.2731654550366
45491,1967.2731654550366
45492,1967.2731654550366
45493,1967.2731654550366
45494,1967.2731654550366
45495,1967.2731654550366
45496,1967.2731654550366
45497,1967.2731654550366
45498,1967.2731654550366
45499,1967.2731654550366
45500,1967.2731654550366
45501,1967.2731654550366
45502,1967.2731654550366
45503,1967.2731654550366
45504,1967.2731654550366
45505,1967.2731654550366
45506,1967.2731654550366
45507,1967.2731654550366
45508,1967.2731654550366
45509,1967.2731654550366
45510,1967.2731654550366
45511,1967.2731654550366
45512,1967.2731654550366
45513,1967.2731654550366
45514,1967.2731654550366
45515,1967.2731654550366
45516,1967.2731654550366
45517,1967.2731654550366
45518,1967.2731654550366
45519,1967.2731654550366
45520,1967.2731654550366
45521,1967.2731654550366
45522,1967.2731654550366
45523,1967.2731654550366
45524,1967.2731654550366
45525,1967.2731654550366
45526,1967.2731654550366
45527,1967.2731654550366
45528,1967.2731654550366
45529,1967.2731654550366
45530,1967.2731654550366
45531,1967.2731654550366
45532,1967.2731654550366
45533,1967.2731654550366
45534,1967.2731654550366
45535,1967.2731654550366
45536,1967.2731654550366
45537,1967.2731654550366
45538,1967.2731654550366
45539,1967.2731654550366
45540,1967.2731654550366
45541,1967.2731654550366
45542,1967.2731654550366
45543,1967.2731654550366
45544,1967.2731654550366
45545,1967.2731654550366
45546,1967.2731654550366
45547,1967.2731654550366
45548,1967.2731654550366
45549,1967.2731654550366
45550,1967.2731654550366
45551,1967.2731654550366
45552,1967.2731654550366
45553,1967.2731654550366
45554,1967.2731654550366
45555,1967.2731654550366
45556,1967.2731654550366
45557,1967.2731654550366
45558,1967.2731654550366
45559,1967.2731654550366
45560,1967.2731654550366
45561,1967.2731654550366
45562,1967.2731654550366
45563,1967.2731654550366
45564,1967.2731654550366
45565,1967.2731654550366
45566,1967.2731654550366
45567,1967.2731654550366
45568,1967.2731654550366
45569,1967.2731654550366
45570,1967.2731654550366
45571,1967.2731654550366
45572,1967.2731654550366
45573,1967.2731654550366
45574,1967.2731654550366
45575,1967.2731654550366
45576,1967.2731654550366
45577,1967.2731654550366
45578,1967.2731654550366
45579,1967.2731654550366
45580,1967.2731654550366
45581,1967.2731654550366
45582,1967.2731654550366
45583,1967.2731654550366
45584,1967.2731654550366
45585,1967.2731654550366
45586,1967.2731654550366
45587,1967.2731654550366
45588,1967.2731654550366
45589,1967.2731654550366
45590,1967.2731654550366
45591,1967.2731654550366
45592,1967.2731654550366
45593,1967.2731654550366
45594,1967.2731654550366
45595,1967.2731654550366
45596,1967.2731654550366
45597,1967.2731654550366
45598,1967.2731654550366
45599,1967.2731654550366
45600,1967.2731654550366
45601,1967.2731654550366
45602,1967.2731654550366
45603,1967.2731654550366
45604,1967.2731654550366
45605,1967.2731654550366
45606,1967.2731654550366
45607,1967.2731654550366
45608,1967.2731654550366
45609,1967.2731654550366
45610,1967.2731654550366
45611,1967.2731654550366
45612,1967.2731654550366
45613,1967.2731654550366
45614,1967.2731654550366
45615,1967.2731654550366
45616,1967.2731654550366
45617,1967.2731654550366
45618,1967.2731654550366
45619,1967.2731654550366
45620,1967.2731654550366
45621,1967.2731654550366
45622,1967.2731654550366
45623,1967.2731654550366
45624,1967.2731654550366
45625,1967.2731654550366
45626,1967.2731654550366
45627,1967.2731654550366
45628,1967.2731654550366
45629,1967.2731654550366
45630,1967.2731654550366
45631,1967.2731654550366
45632,1967.2731654550366
45633,1967.2731654550366
45634,1967.2731654550366
45635,1967.2731654550366
45636,1967.2731654550366
45637,1967.2731654550366
45638,1967.2731654550366
45639,1967.2731654550366
45640,1967.2731654550366
45641,1967.2731654550366
45642,1967.2731654550366
45643,1967.2731654550366
45644,1967.2731654550366
45645,1967.2731654550366
45646,1967.2731654550366
45647,1967.2731654550366
45648,1967.2731654550366
45649,1967.2731654550366
45650,1967.2731654550366
45651,1967.2731654550366
45652,1967.2731654550366
45653,1967.2731654550366
45654,1967.2731654550366
45655,1967.2731654550366
45656,1967.2731654550366
45657,1967.2731654550366
45658,1967.2731654550366
45659,1967.2731654550366
45660,1967.2731654550366
45661,1967.2731654550366
45662,1967.2731654550366
45663,1967.2731654550366
45664,1967.2731654550366
45665,1967.2731654550366
45666,1967.2731654550366
45667,1967.2731654550366
45668,1967.2731654550366
45669,1967.2731654550366
45670,1967.2731654550366
45671,1967.2731654550366
45672,1967.2731654550366
45673,1967.2731654550366
45674,1967.2731654550366
45675,1967.2731654550366
45676,1967.2731654550366
45677,1967.2731654550366
45678,1967.2731654550366
45679,1967.2731654550366
45680,1967.2731654550366
45681,1967.2731654550366
45682,1967.2731654550366
45683,1967.2731654550366
45684,1967.2731654550366
45685,1967.2731654550366
45686,1967.2731654550366
45687,1967.2731654550366
45688,1967.2731654550366
45689,1967.2731654550366
45690,1967.2731654550366
45691,1967.2731654550366
45692,1967.2731654550366
45693,1967.2731654550366
45694,1967.2731654550366
45695,1967.2731654550366
45696,1967.2731654550366
45697,1967.2731654550366
45698,1967.2731654550366
45699,1967.2731654550366
45700,1967.2731654550366
45701,1967.2731654550366
45702,1967.2731654550366
45703,1967.2731654550366
45704,1967.2731654550366
45705,1967.2731654550366
45706,1967.2731654550366
45707,1967.2731654550366
45708,1967.2731654550366
45709,1967.2731654550366
45710,1967.2731654550366
45711,1967.2731654550366
45712,1967.2731654550366
45713,1967.2731654550366
45714,1967.2731654550366
45715,1967.2731654550366
45716,1967.2731654550366
45717,1967.2731654550366
45718,1967.2731654550366
45719,1967.2731654550366
45720,1967.2731654550366
45721,1967.2731654550366
45722,1967.2731654550366
45723,1967.2731654550366
45724,1967.2731654550366
45725,1967.2731654550366
45726,1967.2731654550366
45727,1967.2731654550366
45728,1967.2731654550366
45729,1967.2731654550366
45730,1967.2731654550366
45731,1967.2731654550366
45732,1967.2731654550366
45733,1967.2731654550366
45734,1967.2731654550366
45735,1967.2731654550366
45736,1967.2731654550366
45737,1967.2731654550366
45738,1967.2731654550366
45739,1967.2731654550366
45740,1967.2731654550366
45741,1967.2731654550366
45742,1967.2731654550366
45743,1967.2731654550366
45744,1967.2731654550366
45745,1967.2731654550366
45746,1967.2731654550366
45747,1967.2731654550366
45748,1967.2731654550366
45749,1967.2731654550366
45750,1967.2731654550366
45751,1967.2731654550366
45752,1967.2731654550366
45753,1967.2731654550366
45754,1967.2731654550366
45755,1967.2731654550366
45756,1967.2731654550366
45757,1967.2731654550366
45758,1967.2731654550366
45759,1967.2731654550366
45760,1967.2731654550366
45761,1967.2731654550366
45762,1967.2731654550366
45763,1967.2731654550366
45764,1967.2731654550366
45765,1967.2731654550366
45766,1967.2731654550366
45767,1967.2731654550366
45768,1967.2731654550366
45769,1967.2731654550366
45770,1967.2731654550366
45771,1967.2731654550366
45772,1967.2731654550366
45773,1967.2731654550366
45774,1967.2731654550366
45775,1967.2731654550366
45776,1967.2731654550366
45777,1967.2731654550366
45778,1967.2731654550366
45779,1967.2731654550366
45780,1967.2731654550366
45781,1967.2731654550366
45782,1967.2731654550366
45783,1967.2731654550366
45784,1967.2731654550366
45785,1967.2731654550366
45786,1967.2731654550366
45787,1967.2731654550366
45788,1967.2731654550366
45789,1967.2731654550366
45790,1967.2731654550366
45791,1967.2731654550366
45792,1967.2731654550366
45793,1967.2731654550366
45794,1967.2731654550366
45795,1967.2731654550366
45796,1967.2731654550366
45797,1967.2731654550366
45798,1967.2731654550366
45799,1967.2731654550366
45800,1967.2731654550366
45801,1967.2731654550366
45802,1967.2731654550366
45803,1967.2731654550366
45804,1967.2731654550366
45805,1967.2731654550366
45806,1967.2731654550366
45807,1967.2731654550366
45808,1967.2731654550366
45809,1967.2731654550366
45810,1967.2731654550366
45811,1967.2731654550366
45812,1967.2731654550366
45813,1967.2731654550366
45814,1967.2731654550366
45815,1967.2731654550366
45816,1967.2731654550366
45817,1967.2731654550366
45818,1967.2731654550366
45819,1967.2731654550366
45820,1967.2731654550366
45821,1967.2731654550366
45822,1967.2731654550366
45823,1967.2731654550366
45824,1967.2731654550366
45825,1967.2731654550366
45826,1967.2731654550366
45827,1967.2731654550366
45828,1967.2731654550366
45829,1967.2731654550366
45830,1967.2731654550366
45831,1967.2731654550366
45832,1967.2731654550366
45833,1967.2731654550366
45834,1967.2731654550366
45835,1967.2731654550366
45836,1967.2731654550366
45837,1967.2731654550366
45838,1967.2731654550366
45839,1967.2731654550366
45840,1967.2731654550366
45841,1967.2731654550366
45842,1967.2731654550366
45843,1967.2731654550366
45844,1967.2731654550366
45845,1967.2731654550366
45846,1967.2731654550366
45847,1967.2731654550366
45848,1967.2731654550366
45849,1967.2731654550366
45850,1967.2731654550366
45851,1967.2731654550366
45852,1967.2731654550366
45853,1967.2731654550366
45854,1967.2731654550366
45855,1967.2731654550366
45856,1967.2731654550366
45857,1967.2731654550366
45858,1967.2731654550366
45859,1967.2731654550366
45860,1967.2731654550366
45861,1967.2731654550366
45862,1967.2731654550366
45863,1967.2731654550366
45864,1967.2731654550366
45865,1967.2731654550366
45866,1967.2731654550366
45867,1967.2731654550366
45868,1967.2731654550366
45869,1967.2731654550366
45870,1967.2731654550366
45871,1967.2731654550366
45872,1967.2731654550366
45873,1967.2731654550366
45874,1967.2731654550366
45875,1967.2731654550366
45876,1967.2731654550366
45877,1967.2731654550366
45878,1967.2731654550366
45879,1967.2731654550366
45880,1967.2731654550366
45881,1967.2731654550366
45882,1967.2731654550366
45883,1967.2731654550366
45884,1967.2731654550366
45885,1967.2731654550366
45886,1967.2731654550366
45887,1967.2731654550366
45888,1967.2731654550366
45889,1967.2731654550366
45890,1967.2731654550366
45891,1967.2731654550366
45892,1967.2731654550366
45893,1967.2731654550366
45894,1967.2731654550366
45895,1967.2731654550366
45896,1967.2731654550366
45897,1967.2731654550366
45898,1967.2731654550366
45899,1967.2731654550366
45900,1967.2731654550366
45901,1967.2731654550366
45902,1967.2731654550366
45903,1967.2731654550366
45904,1967.2731654550366
45905,1967.2731654550366
45906,1967.2731654550366
45907,1967.2731654550366
45908,1967.2731654550366
45909,1967.2731654550366
45910,1967.2731654550366
45911,1967.2731654550366
45912,1967.2731654550366
45913,1967.2731654550366
45914,1967.2731654550366
45915,1967.2731654550366
45916,1967.2731654550366
45917,1967.2731654550366
45918,1967.2731654550366
45919,1967.2731654550366
45920,1967.2731654550366
45921,1967.2731654550366
45922,1967.2731654550366
45923,1967.2731654550366
45924,1967.2731654550366
45925,1967.2731654550366
45926,1967.2731654550366
45927,1967.2731654550366
45928,1967.2731654550366
45929,1967.2731654550366
45930,1967.2731654550366
45931,1967.2731654550366
45932,1967.2731654550366
45933,1967.2731654550366
45934,1967.2731654550366
45935,1967.2731654550366
45936,1967.2731654550366
45937,1967.2731654550366
45938,1967.2731654550366
45939,1967.2731654550366
45940,1967.2731654550366
45941,1967.2731654550366
45942,1967.2731654550366
45943,1967.2731654550366
45944,1967.2731654550366
45945,1967.2731654550366
45946,1967.2731654550366
45947,1967.2731654550366
45948,1967.2731654550366
45949,1967.2731654550366
45950,1967.2731654550366
45951,1967.2731654550366
45952,1967.2731654550366
45953,1967.2731654550366
45954,1967.2731654550366
45955,1967.2731654550366
45956,1967.2731654550366
45957,1967.2731654550366
45958,1967.2731654550366
45959,1967.2731654550366
45960,1967.2731654550366
45961,1967.2731654550366
45962,1967.2731654550366
45963,1967.2731654550366
45964,1967.2731654550366
45965,1967.2731654550366
45966,1967.2731654550366
45967,1967.2731654550366
45968,1967.2731654550366
45969,1967.2731654550366
45970,1967.2731654550366
45971,1967.2731654550366
45972,1967.2731654550366
45973,1967.2731654550366
45974,1967.2731654550366
45975,1967.2731654550366
45976,1967.2731654550366
45977,1967.2731654550366
45978,1967.2731654550366
45979,1967.2731654550366
45980,1967.2731654550366
45981,1967.2731654550366
45982,1967.2731654550366
45983,1967.2731654550366
45984,1967.2731654550366
45985,1967.2731654550366
45986,1967.2731654550366
45987,1967.2731654550366
45988,1967.2731654550366
45989,1967.2731654550366
45990,1967.2731654550366
45991,1967.2731654550366
45992,1967.2731654550366
45993,1967.2731654550366
45994,1967.2731654550366
45995,1967.2731654550366
45996,1967.2731654550366
45997,1967.2731654550366
45998,1967.2731654550366
45999,1967.2731654550366
46000,1967.2731654550366
46001,1967.2731654550366
46002,1967.2731654550366
46003,1967.2731654550366
46004,1967.2731654550366
46005,1967.2731654550366
46006,1967.2731654550366
46007,1967.2731654550366
46008,1967.2731654550366
46009,1967.2731654550366
46010,1967.2731654550366
46011,1967.2731654550366
46012,1967.2731654550366
46013,1967.2731654550366
46014,1967.2731654550366
46015,1967.2731654550366
46016,1967.2731654550366
46017,1967.2731654550366
46018,1967.2731654550366
46019,1967.2731654550366
46020,1967.2731654550366
46021,1967.2731654550366
46022,1967.2731654550366
46023,1967.2731654550366
46024,1967.2731654550366
46025,1967.2731654550366
46026,1967.2731654550366
46027,1967.2731654550366
46028,1967.2731654550366
46029,1967.2731654550366
46030,1967.2731654550366
46031,1967.2731654550366
46032,1967.2731654550366
46033,1967.2731654550366
46034,1967.2731654550366
46035,1967.2731654550366
46036,1967.2731654550366
46037,1967.2731654550366
46038,1967.2731654550366
46039,1967.2731654550366
46040,1967.2731654550366
46041,1967.2731654550366
46042,1967.2731654550366
46043,1967.2731654550366
46044,1967.2731654550366
46045,1967.2731654550366
46046,1967.2731654550366
46047,1967.2731654550366
46048,1967.2731654550366
46049,1967.2731654550366
46050,1967.2731654550366
46051,1967.2731654550366
46052,1967.2731654550366
46053,1967.2731654550366
46054,1967.2731654550366
46055,1967.2731654550366
46056,1967.2731654550366
46057,1967.2731654550366
46058,1967.2731654550366
46059,1967.2731654550366
46060,1967.2731654550366
46061,1967.2731654550366
46062,1967.2731654550366
46063,1967.2731654550366
46064,1967.2731654550366
46065,1967.2731654550366
46066,1967.2731654550366
46067,1967.2731654550366
46068,1967.2731654550366
46069,1967.2731654550366
46070,1967.2731654550366
46071,1967.2731654550366
46072,1967.2731654550366
46073,1967.2731654550366
46074,1967.2731654550366
46075,1967.2731654550366
46076,1967.2731654550366
46077,1967.2731654550366
46078,1967.2731654550366
46079,1967.2731654550366
46080,1967.2731654550366
46081,1967.2731654550366
46082,1967.2731654550366
46083,1967.2731654550366
46084,1967.2731654550366
46085,1967.2731654550366
46086,1967.2731654550366
46087,1967.2731654550366
46088,1967.2731654550366
46089,1967.2731654550366
46090,1967.2731654550366
46091,1967.2731654550366
46092,1967.2731654550366
46093,1967.2731654550366
46094,1967.2731654550366
46095,1967.2731654550366
46096,1967.2731654550366
46097,1967.2731654550366
46098,1967.2731654550366
46099,1967.2731654550366
46100,1967.2731654550366
46101,1967.2731654550366
46102,1967.2731654550366
46103,1967.2731654550366
46104,1967.2731654550366
46105,1967.2731654550366
46106,1967.2731654550366
46107,1967.2731654550366
46108,1967.2731654550366
46109,1967.2731654550366
46110,1967.2731654550366
46111,1967.2731654550366
46112,1967.2731654550366
46113,1967.2731654550366
46114,1967.2731654550366
46115,1967.2731654550366
46116,1967.2731654550366
46117,1967.2731654550366
46118,1967.2731654550366
46119,1967.2731654550366
46120,1967.2731654550366
46121,1967.2731654550366
46122,1967.2731654550366
46123,1967.2731654550366
46124,1967.2731654550366
46125,1967.2731654550366
46126,1967.2731654550366
46127,1967.2731654550366
46128,1967.2731654550366
46129,1967.2731654550366
46130,1967.2731654550366
46131,1967.2731654550366
46132,1967.2731654550366
46133,1967.2731654550366
46134,1967.2731654550366
46135,1967.2731654550366
46136,1967.2731654550366
46137,1967.2731654550366
46138,1967.2731654550366
46139,1967.2731654550366
46140,1967.2731654550366
46141,1967.2731654550366
46142,1967.2731654550366
46143,1967.2731654550366
46144,1967.2731654550366
46145,1967.2731654550366
46146,1967.2731654550366
46147,1967.2731654550366
46148,1967.2731654550366
46149,1967.2731654550366
46150,1967.2731654550366
46151,1967.2731654550366
46152,1967.2731654550366
46153,1967.2731654550366
46154,1967.2731654550366
46155,1967.2731654550366
46156,1967.2731654550366
46157,1967.2731654550366
46158,1967.2731654550366
46159,1967.2731654550366
46160,1967.2731654550366
46161,1967.2731654550366
46162,1967.2731654550366
46163,1967.2731654550366
46164,1967.2731654550366
46165,1967.2731654550366
46166,1967.2731654550366
46167,1967.2731654550366
46168,1967.2731654550366
46169,1967.2731654550366
46170,1967.2731654550366
46171,1967.2731654550366
46172,1967.2731654550366
46173,1967.2731654550366
46174,1967.2731654550366
46175,1967.2731654550366
46176,1967.2731654550366
46177,1967.2731654550366
46178,1967.2731654550366
46179,1967.2731654550366
46180,1967.2731654550366
46181,1967.2731654550366
46182,1967.2731654550366
46183,1967.2731654550366
46184,1967.2731654550366
46185,1967.2731654550366
46186,1967.2731654550366
46187,1967.2731654550366
46188,1967.2731654550366
46189,1967.2731654550366
46190,1967.2731654550366
46191,1967.2731654550366
46192,1967.2731654550366
46193,1967.2731654550366
46194,1967.2731654550366
46195,1967.2731654550366
46196,1967.2731654550366
46197,1967.2731654550366
46198,1967.2731654550366
46199,1967.2731654550366
46200,1967.2731654550366
46201,1967.2731654550366
46202,1967.2731654550366
46203,1967.2731654550366
46204,1967.2731654550366
46205,1967.2731654550366
46206,1967.2731654550366
46207,1967.2731654550366
46208,1967.2731654550366
46209,1967.2731654550366
46210,1967.2731654550366
46211,1967.2731654550366
46212,1967.2731654550366
46213,1967.2731654550366
46214,1967.2731654550366
46215,1967.2731654550366
46216,1967.2731654550366
46217,1967.2731654550366
46218,1967.2731654550366
46219,1967.2731654550366
46220,1967.2731654550366
46221,1967.2731654550366
46222,1967.2731654550366
46223,1967.2731654550366
46224,1967.2731654550366
46225,1967.2731654550366
46226,1967.2731654550366
46227,1967.2731654550366
46228,1967.2731654550366
46229,1967.2731654550366
46230,1967.2731654550366
46231,1967.2731654550366
46232,1967.2731654550366
46233,1967.2731654550366
46234,1967.2731654550366
46235,1967.2731654550366
46236,1967.2731654550366
46237,1967.2731654550366
46238,1967.2731654550366
46239,1967.2731654550366
46240,1967.2731654550366
46241,1967.2731654550366
46242,1967.2731654550366
46243,1967.2731654550366
46244,1967.2731654550366
46245,1967.2731654550366
46246,1967.2731654550366
46247,1967.2731654550366
46248,1967.2731654550366
46249,1967.2731654550366
46250,1967.2731654550366
46251,1967.2731654550366
46252,1967.2731654550366
46253,1967.2731654550366
46254,1967.2731654550366
46255,1967.2731654550366
46256,1967.2731654550366
46257,1967.2731654550366
46258,1967.2731654550366
46259,1967.2731654550366
46260,1967.2731654550366
46261,1967.2731654550366
46262,1967.2731654550366
46263,1967.2731654550366
46264,1967.2731654550366
46265,1967.2731654550366
46266,1967.2731654550366
46267,1967.2731654550366
46268,1967.2731654550366
46269,1967.2731654550366
46270,1967.2731654550366
46271,1967.2731654550366
46272,1967.2731654550366
46273,1967.2731654550366
46274,1967.2731654550366
46275,1967.2731654550366
46276,1967.2731654550366
46277,1967.2731654550366
46278,1967.2731654550366
46279,1967.2731654550366
46280,1967.2731654550366
46281,1967.2731654550366
46282,1967.2731654550366
46283,1967.2731654550366
46284,1967.2731654550366
46285,1967.2731654550366
46286,1967.2731654550366
46287,1967.2731654550366
46288,1967.2731654550366
46289,1967.2731654550366
46290,1967.2731654550366
46291,1967.2731654550366
46292,1967.2731654550366
46293,1967.2731654550366
46294,1967.2731654550366
46295,1967.2731654550366
46296,1967.2731654550366
46297,1967.2731654550366
46298,1967.2731654550366
46299,1967.2731654550366
46300,1967.2731654550366
46301,1967.2731654550366
46302,1967.2731654550366
46303,1967.2731654550366
46304,1967.2731654550366
46305,1967.2731654550366
46306,1967.2731654550366
46307,1967.2731654550366
46308,1967.2731654550366
46309,1967.2731654550366
46310,1967.2731654550366
46311,1967.2731654550366
46312,1967.2731654550366
46313,1967.2731654550366
46314,1967.2731654550366
46315,1967.2731654550366
46316,1967.2731654550366
46317,1967.2731654550366
46318,1967.2731654550366
46319,1967.2731654550366
46320,1967.2731654550366
46321,1967.2731654550366
46322,1967.2731654550366
46323,1967.2731654550366
46324,1967.2731654550366
46325,1967.2731654550366
46326,1967.2731654550366
46327,1967.2731654550366
46328,1967.2731654550366
46329,1967.2731654550366
46330,1967.2731654550366
46331,1967.2731654550366
46332,1967.2731654550366
46333,1967.2731654550366
46334,1967.2731654550366
46335,1967.2731654550366
46336,1967.2731654550366
46337,1967.2731654550366
46338,1967.2731654550366
46339,1967.2731654550366
46340,1967.2731654550366
46341,1967.2731654550366
46342,1967.2731654550366
46343,1967.2731654550366
46344,1967.2731654550366
46345,1967.2731654550366
46346,1967.2731654550366
46347,1967.2731654550366
46348,1967.2731654550366
46349,1967.2731654550366
46350,1967.2731654550366
46351,1967.2731654550366
46352,1967.2731654550366
46353,1967.2731654550366
46354,1967.2731654550366
46355,1967.2731654550366
46356,1967.2731654550366
46357,1967.2731654550366
46358,1967.2731654550366
46359,1967.2731654550366
46360,1967.2731654550366
46361,1967.2731654550366
46362,1967.2731654550366
46363,1967.2731654550366
46364,1967.2731654550366
46365,1967.2731654550366
46366,1967.2731654550366
46367,1967.2731654550366
46368,1967.2731654550366
46369,1967.2731654550366
46370,1967.2731654550366
46371,1967.2731654550366
46372,1967.2731654550366
46373,1967.2731654550366
46374,1967.2731654550366
46375,1967.2731654550366
46376,1967.2731654550366
46377,1967.2731654550366
46378,1967.2731654550366
46379,1967.2731654550366
46380,1967.2731654550366
46381,1967.2731654550366
46382,1967.2731654550366
46383,1967.2731654550366
46384,1967.2731654550366
46385,1967.2731654550366
46386,1967.2731654550366
46387,1967.2731654550366
46388,1967.2731654550366
46389,1967.2731654550366
46390,1967.2731654550366
46391,1967.2731654550366
46392,1967.2731654550366
46393,1967.2731654550366
46394,1967.2731654550366
46395,1967.2731654550366
46396,1967.2731654550366
46397,1967.2731654550366
46398,1967.2731654550366
46399,1967.2731654550366
46400,1967.2731654550366
46401,1967.2731654550366
46402,1967.2731654550366
46403,1967.2731654550366
46404,1967.2731654550366
46405,1967.2731654550366
46406,1967.2731654550366
46407,1967.2731654550366
46408,1967.2731654550366
46409,1967.2731654550366
46410,1967.2731654550366
46411,1967.2731654550366
46412,1967.2731654550366
46413,1967.2731654550366
46414,1967.2731654550366
46415,1967.2731654550366
46416,1967.2731654550366
46417,1967.2731654550366
46418,1967.2731654550366
46419,1967.2731654550366
46420,1967.2731654550366
46421,1967.2731654550366
46422,1967.2731654550366
46423,1967.2731654550366
46424,1967.2731654550366
46425,1967.2731654550366
46426,1967.2731654550366
46427,1967.2731654550366
46428,1967.2731654550366
46429,1967.2731654550366
46430,1967.2731654550366
46431,1967.2731654550366
46432,1967.2731654550366
46433,1967.2731654550366
46434,1967.2731654550366
46435,1967.2731654550366
46436,1967.2731654550366
46437,1967.2731654550366
46438,1967.2731654550366
46439,1967.2731654550366
46440,1967.2731654550366
46441,1967.2731654550366
46442,1967.2731654550366
46443,1967.2731654550366
46444,1967.2731654550366
46445,1967.2731654550366
46446,1967.2731654550366
46447,1967.2731654550366
46448,1967.2731654550366
46449,1967.2731654550366
46450,1967.2731654550366
46451,1967.2731654550366
46452,1967.2731654550366
46453,1967.2731654550366
46454,1967.2731654550366
46455,1967.2731654550366
46456,1967.2731654550366
46457,1967.2731654550366
46458,1967.2731654550366
46459,1967.2731654550366
46460,1967.2731654550366
46461,1967.2731654550366
46462,1967.2731654550366
46463,1967.2731654550366
46464,1967.2731654550366
46465,1967.2731654550366
46466,1967.2731654550366
46467,1967.2731654550366
46468,1967.2731654550366
46469,1967.2731654550366
46470,1967.2731654550366
46471,1967.2731654550366
46472,1967.2731654550366
46473,1967.2731654550366
46474,1967.2731654550366
46475,1967.2731654550366
46476,1967.2731654550366
46477,1967.2731654550366
46478,1967.2731654550366
46479,1967.2731654550366
46480,1967.2731654550366
46481,1967.2731654550366
46482,1967.2731654550366
46483,1967.2731654550366
46484,1967.2731654550366
46485,1967.2731654550366
46486,1967.2731654550366
46487,1967.2731654550366
46488,1967.2731654550366
46489,1967.2731654550366
46490,1967.2731654550366
46491,1967.2731654550366
46492,1967.2731654550366
46493,1967.2731654550366
46494,1967.2731654550366
46495,1967.2731654550366
46496,1967.2731654550366
46497,1967.2731654550366
46498,1967.2731654550366
46499,1967.2731654550366
46500,1967.2731654550366
46501,1967.2731654550366
46502,1967.2731654550366
46503,1967.2731654550366
46504,1967.2731654550366
46505,1967.2731654550366
46506,1967.2731654550366
46507,1967.2731654550366
46508,1967.2731654550366
46509,1967.2731654550366
46510,1967.2731654550366
46511,1967.2731654550366
46512,1967.2731654550366
46513,1967.2731654550366
46514,1967.2731654550366
46515,1967.2731654550366
46516,1967.2731654550366
46517,1967.2731654550366
46518,1967.2731654550366
46519,1967.2731654550366
46520,1967.2731654550366
46521,1967.2731654550366
46522,1967.2731654550366
46523,1967.2731654550366
46524,1967.2731654550366
46525,1967.2731654550366
46526,1967.2731654550366
46527,1967.2731654550366
46528,1967.2731654550366
46529,1967.2731654550366
46530,1967.2731654550366
46531,1967.2731654550366
46532,1967.2731654550366
46533,1967.2731654550366
46534,1967.2731654550366
46535,1967.2731654550366
46536,1967.2731654550366
46537,1967.2731654550366
46538,1967.2731654550366
46539,1967.2731654550366
46540,1967.2731654550366
46541,1967.2731654550366
46542,1967.2731654550366
46543,1967.2731654550366
46544,1967.2731654550366
46545,1967.2731654550366
46546,1967.2731654550366
46547,1967.2731654550366
46548,1967.2731654550366
46549,1967.2731654550366
46550,1967.2731654550366
46551,1967.2731654550366
46552,1967.2731654550366
46553,1967.2731654550366
46554,1967.2731654550366
46555,1967.2731654550366
46556,1967.2731654550366
46557,1967.2731654550366
46558,1967.2731654550366
46559,1967.2731654550366
46560,1967.2731654550366
46561,1967.2731654550366
46562,1967.2731654550366
46563,1967.2731654550366
46564,1967.2731654550366
46565,1967.2731654550366
46566,1967.2731654550366
46567,1967.2731654550366
46568,1967.2731654550366
46569,1967.2731654550366
46570,1967.2731654550366
46571,1967.2731654550366
46572,1967.2731654550366
46573,1967.2731654550366
46574,1967.2731654550366
46575,1967.2731654550366
46576,1967.2731654550366
46577,1967.2731654550366
46578,1967.2731654550366
46579,1967.2731654550366
46580,1967.2731654550366
46581,1967.2731654550366
46582,1967.2731654550366
46583,1967.2731654550366
46584,1967.2731654550366
46585,1967.2731654550366
46586,1967.2731654550366
46587,1967.2731654550366
46588,1967.2731654550366
46589,1967.2731654550366
46590,1967.2731654550366
46591,1967.2731654550366
46592,1967.2731654550366
46593,1967.2731654550366
46594,1967.2731654550366
46595,1967.2731654550366
46596,1967.2731654550366
46597,1967.2731654550366
46598,1967.2731654550366
46599,1967.2731654550366
46600,1967.2731654550366
46601,1967.2731654550366
46602,1967.2731654550366
46603,1967.2731654550366
46604,1967.2731654550366
46605,1967.2731654550366
46606,1967.2731654550366
46607,1967.2731654550366
46608,1967.2731654550366
46609,1967.2731654550366
46610,1967.2731654550366
46611,1967.2731654550366
46612,1967.2731654550366
46613,1967.2731654550366
46614,1967.2731654550366
46615,1967.2731654550366
46616,1967.2731654550366
46617,1967.2731654550366
46618,1967.2731654550366
46619,1967.2731654550366
46620,1967.2731654550366
46621,1967.2731654550366
46622,1967.2731654550366
46623,1967.2731654550366
46624,1967.2731654550366
46625,1967.2731654550366
46626,1967.2731654550366
46627,1967.2731654550366
46628,1967.2731654550366
46629,1967.2731654550366
46630,1967.2731654550366
46631,1967.2731654550366
46632,1967.2731654550366
46633,1967.2731654550366
46634,1967.2731654550366
46635,1967.2731654550366
46636,1967.2731654550366
46637,1967.2731654550366
46638,1967.2731654550366
46639,1967.2731654550366
46640,1967.2731654550366
46641,1967.2731654550366
46642,1967.2731654550366
46643,1967.2731654550366
46644,1967.2731654550366
46645,1967.2731654550366
46646,1967.2731654550366
46647,1967.2731654550366
46648,1967.2731654550366
46649,1967.2731654550366
46650,1967.2731654550366
46651,1967.2731654550366
46652,1967.2731654550366
46653,1967.2731654550366
46654,1967.2731654550366
46655,1967.2731654550366
46656,1967.2731654550366
46657,1967.2731654550366
46658,1967.2731654550366
46659,1967.2731654550366
46660,1967.2731654550366
46661,1967.2731654550366
46662,1967.2731654550366
46663,1967.2731654550366
46664,1967.2731654550366
46665,1967.2731654550366
46666,1967.2731654550366
46667,1967.2731654550366
46668,1967.2731654550366
46669,1967.2731654550366
46670,1967.2731654550366
46671,1967.2731654550366
46672,1967.2731654550366
46673,1967.2731654550366
46674,1967.2731654550366
46675,1967.2731654550366
46676,1967.2731654550366
46677,1967.2731654550366
46678,1967.2731654550366
46679,1967.2731654550366
46680,1967.2731654550366
46681,1967.2731654550366
46682,1967.2731654550366
46683,1967.2731654550366
46684,1967.2731654550366
46685,1967.2731654550366
46686,1967.2731654550366
46687,1967.2731654550366
46688,1967.2731654550366
46689,1967.2731654550366
46690,1967.2731654550366
46691,1967.2731654550366
46692,1967.2731654550366
46693,1967.2731654550366
46694,1967.2731654550366
46695,1967.2731654550366
46696,1967.2731654550366
46697,1967.2731654550366
46698,1967.2731654550366
46699,1967.2731654550366
46700,1967.2731654550366
46701,1967.2731654550366
46702,1967.2731654550366
46703,1967.2731654550366
46704,1967.2731654550366
46705,1967.2731654550366
46706,1967.2731654550366
46707,1967.2731654550366
46708,1967.2731654550366
46709,1967.2731654550366
46710,1967.2731654550366
46711,1967.2731654550366
46712,1967.2731654550366
46713,1967.2731654550366
46714,1967.2731654550366
46715,1967.2731654550366
46716,1967.2731654550366
46717,1967.2731654550366
46718,1967.2731654550366
46719,1967.2731654550366
46720,1967.2731654550366
46721,1967.2731654550366
46722,1967.2731654550366
46723,1967.2731654550366
46724,1967.2731654550366
46725,1967.2731654550366
46726,1967.2731654550366
46727,1967.2731654550366
46728,1967.2731654550366
46729,1967.2731654550366
46730,1967.2731654550366
46731,1967.2731654550366
46732,1967.2731654550366
46733,1967.2731654550366
46734,1967.2731654550366
46735,1967.2731654550366
46736,1967.2731654550366
46737,1967.2731654550366
46738,1967.2731654550366
46739,1967.2731654550366
46740,1967.2731654550366
46741,1967.2731654550366
46742,1967.2731654550366
46743,1967.2731654550366
46744,1967.2731654550366
46745,1967.2731654550366
46746,1967.2731654550366
46747,1967.2731654550366
46748,1967.2731654550366
46749,1967.2731654550366
46750,1967.2731654550366
46751,1967.2731654550366
46752,1967.2731654550366
46753,1967.2731654550366
46754,1967.2731654550366
46755,1967.2731654550366
46756,1967.2731654550366
46757,1967.2731654550366
46758,1967.2731654550366
46759,1967.2731654550366
46760,1967.2731654550366
46761,1967.2731654550366
46762,1967.2731654550366
46763,1967.2731654550366
46764,1967.2731654550366
46765,1967.2731654550366
46766,1967.2731654550366
46767,1967.2731654550366
46768,1967.2731654550366
46769,1967.2731654550366
46770,1967.2731654550366
46771,1967.2731654550366
46772,1967.2731654550366
46773,1967.2731654550366
46774,1967.2731654550366
46775,1967.2731654550366
46776,1967.2731654550366
46777,1967.2731654550366
46778,1967.2731654550366
46779,1967.2731654550366
46780,1967.2731654550366
46781,1967.2731654550366
46782,1967.2731654550366
46783,1967.2731654550366
46784,1967.2731654550366
46785,1967.2731654550366
46786,1967.2731654550366
46787,1967.2731654550366
46788,1967.2731654550366
46789,1967.2731654550366
46790,1967.2731654550366
46791,1967.2731654550366
46792,1967.2731654550366
46793,1967.2731654550366
46794,1967.2731654550366
46795,1967.2731654550366
46796,1967.2731654550366
46797,1967.2731654550366
46798,1967.2731654550366
46799,1967.2731654550366
46800,1967.2731654550366
46801,1967.2731654550366
46802,1967.2731654550366
46803,1967.2731654550366
46804,1967.2731654550366
46805,1967.2731654550366
46806,1967.2731654550366
46807,1967.2731654550366
46808,1967.2731654550366
46809,1967.2731654550366
46810,1967.2731654550366
46811,1967.2731654550366
46812,1967.2731654550366
46813,1967.2731654550366
46814,1967.2731654550366
46815,1967.2731654550366
46816,1967.2731654550366
46817,1967.2731654550366
46818,1967.2731654550366
46819,1967.2731654550366
46820,1967.2731654550366
46821,1967.2731654550366
46822,1967.2731654550366
46823,1967.2731654550366
46824,1967.2731654550366
46825,1967.2731654550366
46826,1967.2731654550366
46827,1967.2731654550366
46828,1967.2731654550366
46829,1967.2731654550366
46830,1967.2731654550366
46831,1967.2731654550366
46832,1967.2731654550366
46833,1967.2731654550366
46834,1967.2731654550366
46835,1967.2731654550366
46836,1967.2731654550366
46837,1967.2731654550366
46838,1967.2731654550366
46839,1967.2731654550366
46840,1967.2731654550366
46841,1967.2731654550366
46842,1967.2731654550366
46843,1967.2731654550366
46844,1967.2731654550366
46845,1967.2731654550366
46846,1967.2731654550366
46847,1967.2731654550366
46848,1967.2731654550366
46849,1967.2731654550366
46850,1967.2731654550366
46851,1967.2731654550366
46852,1967.2731654550366
46853,1967.2731654550366
46854,1967.2731654550366
46855,1967.2731654550366
46856,1967.2731654550366
46857,1967.2731654550366
46858,1967.2731654550366
46859,1967.2731654550366
46860,1967.2731654550366
46861,1967.2731654550366
46862,1967.2731654550366
46863,1967.2731654550366
46864,1967.2731654550366
46865,1967.2731654550366
46866,1967.2731654550366
46867,1967.2731654550366
46868,1967.2731654550366
46869,1967.2731654550366
46870,1967.2731654550366
46871,1967.2731654550366
46872,1967.2731654550366
46873,1967.2731654550366
46874,1967.2731654550366
46875,1967.2731654550366
46876,1967.2731654550366
46877,1967.2731654550366
46878,1967.2731654550366
46879,1967.2731654550366
46880,1967.2731654550366
46881,1967.2731654550366
46882,1967.2731654550366
46883,1967.2731654550366
46884,1967.2731654550366
46885,1967.2731654550366
46886,1967.2731654550366
46887,1967.2731654550366
46888,1967.2731654550366
46889,1967.2731654550366
46890,1967.2731654550366
46891,1967.2731654550366
46892,1967.2731654550366
46893,1967.2731654550366
46894,1967.2731654550366
46895,1967.2731654550366
46896,1967.2731654550366
46897,1967.2731654550366
46898,1967.2731654550366
46899,1967.2731654550366
46900,1967.2731654550366
46901,1967.2731654550366
46902,1967.2731654550366
46903,1967.2731654550366
46904,1967.2731654550366
46905,1967.2731654550366
46906,1967.2731654550366
46907,1967.2731654550366
46908,1967.2731654550366
46909,1967.2731654550366
46910,1967.2731654550366
46911,1967.2731654550366
46912,1967.2731654550366
46913,1967.2731654550366
46914,1967.2731654550366
46915,1967.2731654550366
46916,1967.2731654550366
46917,1967.2731654550366
46918,1967.2731654550366
46919,1967.2731654550366
46920,1967.2731654550366
46921,1967.2731654550366
46922,1967.2731654550366
46923,1967.2731654550366
46924,1967.2731654550366
46925,1967.2731654550366
46926,1967.2731654550366
46927,1967.2731654550366
46928,1967.2731654550366
46929,1967.2731654550366
46930,1967.2731654550366
46931,1967.2731654550366
46932,1967.2731654550366
46933,1967.2731654550366
46934,1967.2731654550366
46935,1967.2731654550366
46936,1967.2731654550366
46937,1967.2731654550366
46938,1967.2731654550366
46939,1967.2731654550366
46940,1967.2731654550366
46941,1967.2731654550366
46942,1967.2731654550366
46943,1967.2731654550366
46944,1967.2731654550366
46945,1967.2731654550366
46946,1967.2731654550366
46947,1967.2731654550366
46948,1967.2731654550366
46949,1967.2731654550366
46950,1967.2731654550366
46951,1967.2731654550366
46952,1967.2731654550366
46953,1967.2731654550366
46954,1967.2731654550366
46955,1967.2731654550366
46956,1967.2731654550366
46957,1967.2731654550366
46958,1967.2731654550366
46959,1967.2731654550366
46960,1967.2731654550366
46961,1967.2731654550366
46962,1967.2731654550366
46963,1967.2731654550366
46964,1967.2731654550366
46965,1967.2731654550366
46966,1967.2731654550366
46967,1967.2731654550366
46968,1967.2731654550366
46969,1967.2731654550366
46970,1967.2731654550366
46971,1967.2731654550366
46972,1967.2731654550366
46973,1967.2731654550366
46974,1967.2731654550366
46975,1967.2731654550366
46976,1967.2731654550366
46977,1967.2731654550366
46978,1967.2731654550366
46979,1967.2731654550366
46980,1967.2731654550366
46981,1967.2731654550366
46982,1967.2731654550366
46983,1967.2731654550366
46984,1967.2731654550366
46985,1967.2731654550366
46986,1967.2731654550366
46987,1967.2731654550366
46988,1967.2731654550366
46989,1967.2731654550366
46990,1967.2731654550366
46991,1967.2731654550366
46992,1967.2731654550366
46993,1967.2731654550366
46994,1967.2731654550366
46995,1967.2731654550366
46996,1967.2731654550366
46997,1967.2731654550366
46998,1967.2731654550366
46999,1967.2731654550366
47000,1967.2731654550366
47001,1967.2731654550366
47002,1967.2731654550366
47003,1967.2731654550366
47004,1967.2731654550366
47005,1967.2731654550366
47006,1967.2731654550366
47007,1967.2731654550366
47008,1967.2731654550366
47009,1967.2731654550366
47010,1967.2731654550366
47011,1967.2731654550366
47012,1967.2731654550366
47013,1967.2731654550366
47014,1967.2731654550366
47015,1967.2731654550366
47016,1967.2731654550366
47017,1967.2731654550366
47018,1967.2731654550366
47019,1967.2731654550366
47020,1967.2731654550366
47021,1967.2731654550366
47022,1967.2731654550366
47023,1967.2731654550366
47024,1967.2731654550366
47025,1967.2731654550366
47026,1967.2731654550366
47027,1967.2731654550366
47028,1967.2731654550366
47029,1967.2731654550366
47030,1967.2731654550366
47031,1967.2731654550366
47032,1967.2731654550366
47033,1967.2731654550366
47034,1967.2731654550366
47035,1967.2731654550366
47036,1967.2731654550366
47037,1967.2731654550366
47038,1967.2731654550366
47039,1967.2731654550366
47040,1967.2731654550366
47041,1967.2731654550366
47042,1967.2731654550366
47043,1967.2731654550366
47044,1967.2731654550366
47045,1967.2731654550366
47046,1967.2731654550366
47047,1967.2731654550366
47048,1967.2731654550366
47049,1967.2731654550366
47050,1967.2731654550366
47051,1967.2731654550366
47052,1967.2731654550366
47053,1967.2731654550366
47054,1967.2731654550366
47055,1967.2731654550366
47056,1967.2731654550366
47057,1967.2731654550366
47058,1967.2731654550366
47059,1967.2731654550366
47060,1967.2731654550366
47061,1967.2731654550366
47062,1967.2731654550366
47063,1967.2731654550366
47064,1967.2731654550366
47065,1967.2731654550366
47066,1967.2731654550366
47067,1967.2731654550366
47068,1967.2731654550366
47069,1967.2731654550366
47070,1967.2731654550366
47071,1967.2731654550366
47072,1967.2731654550366
47073,1967.2731654550366
47074,1967.2731654550366
47075,1967.2731654550366
47076,1967.2731654550366
47077,1967.2731654550366
47078,1967.2731654550366
47079,1967.2731654550366
47080,1967.2731654550366
47081,1967.2731654550366
47082,1967.2731654550366
47083,1967.2731654550366
47084,1967.2731654550366
47085,1967.2731654550366
47086,1967.2731654550366
47087,1967.2731654550366
47088,1967.2731654550366
47089,1967.2731654550366
47090,1967.2731654550366
47091,1967.2731654550366
47092,1967.2731654550366
47093,1967.2731654550366
47094,1967.2731654550366
47095,1967.2731654550366
47096,1967.2731654550366
47097,1967.2731654550366
47098,1967.2731654550366
47099,1967.2731654550366
47100,1967.2731654550366
47101,1967.2731654550366
47102,1967.2731654550366
47103,1967.2731654550366
47104,1967.2731654550366
47105,1967.2731654550366
47106,1967.2731654550366
47107,1967.2731654550366
47108,1967.2731654550366
47109,1967.2731654550366
47110,1967.2731654550366
47111,1967.2731654550366
47112,1967.2731654550366
47113,1967.2731654550366
47114,1967.2731654550366
47115,1967.2731654550366
47116,1967.2731654550366
47117,1967.2731654550366
47118,1967.2731654550366
47119,1967.2731654550366
47120,1967.2731654550366
47121,1967.2731654550366
47122,1967.2731654550366
47123,1967.2731654550366
47124,1967.2731654550366
47125,1967.2731654550366
47126,1967.2731654550366
47127,1967.2731654550366
47128,1967.2731654550366
47129,1967.2731654550366
47130,1967.2731654550366
47131,1967.2731654550366
47132,1967.2731654550366
47133,1967.2731654550366
47134,1967.2731654550366
47135,1967.2731654550366
47136,1967.2731654550366
47137,1967.2731654550366
47138,1967.2731654550366
47139,1967.2731654550366
47140,1967.2731654550366
47141,1967.2731654550366
47142,1967.2731654550366
47143,1967.2731654550366
47144,1967.2731654550366
47145,1967.2731654550366
47146,1967.2731654550366
47147,1967.2731654550366
47148,1967.2731654550366
47149,1967.2731654550366
47150,1967.2731654550366
47151,1967.2731654550366
47152,1967.2731654550366
47153,1967.2731654550366
47154,1967.2731654550366
47155,1967.2731654550366
47156,1967.2731654550366
47157,1967.2731654550366
47158,1967.2731654550366
47159,1967.2731654550366
47160,1967.2731654550366
47161,1967.2731654550366
47162,1967.2731654550366
47163,1967.2731654550366
47164,1967.2731654550366
47165,1967.2731654550366
47166,1967.2731654550366
47167,1967.2731654550366
47168,1967.2731654550366
47169,1967.2731654550366
47170,1967.2731654550366
47171,1967.2731654550366
47172,1967.2731654550366
47173,1967.2731654550366
47174,1967.2731654550366
47175,1967.2731654550366
47176,1967.2731654550366
47177,1967.2731654550366
47178,1967.2731654550366
47179,1967.2731654550366
47180,1967.2731654550366
47181,1967.2731654550366
47182,1967.2731654550366
47183,1967.2731654550366
47184,1967.2731654550366
47185,1967.2731654550366
47186,1967.2731654550366
47187,1967.2731654550366
47188,1967.2731654550366
47189,1967.2731654550366
47190,1967.2731654550366
47191,1967.2731654550366
47192,1967.2731654550366
47193,1967.2731654550366
47194,1967.2731654550366
47195,1967.2731654550366
47196,1967.2731654550366
47197,1967.2731654550366
47198,1967.2731654550366
47199,1967.2731654550366
47200,1967.2731654550366
47201,1967.2731654550366
47202,1967.2731654550366
47203,1967.2731654550366
47204,1967.2731654550366
47205,1967.2731654550366
47206,1967.2731654550366
47207,1967.2731654550366
47208,1967.2731654550366
47209,1967.2731654550366
47210,1967.2731654550366
47211,1967.2731654550366
47212,1967.2731654550366
47213,1967.2731654550366
47214,1967.2731654550366
47215,1967.2731654550366
47216,1967.2731654550366
47217,1967.2731654550366
47218,1967.2731654550366
47219,1967.2731654550366
47220,1967.2731654550366
47221,1967.2731654550366
47222,1967.2731654550366
47223,1967.2731654550366
47224,1967.2731654550366
47225,1967.2731654550366
47226,1967.2731654550366
47227,1967.2731654550366
47228,1967.2731654550366
47229,1967.2731654550366
47230,1967.2731654550366
47231,1967.2731654550366
47232,1967.2731654550366
47233,1967.2731654550366
47234,1967.2731654550366
47235,1967.2731654550366
47236,1967.2731654550366
47237,1967.2731654550366
47238,1967.2731654550366
47239,1967.2731654550366
47240,1967.2731654550366
47241,1967.2731654550366
47242,1967.2731654550366
47243,1967.2731654550366
47244,1967.2731654550366
47245,1967.2731654550366
47246,1967.2731654550366
47247,1967.2731654550366
47248,1967.2731654550366
47249,1967.2731654550366
47250,1967.2731654550366
47251,1967.2731654550366
47252,1967.2731654550366
47253,1967.2731654550366
47254,1967.2731654550366
47255,1967.2731654550366
47256,1967.2731654550366
47257,1967.2731654550366
47258,1967.2731654550366
47259,1967.2731654550366
47260,1967.2731654550366
47261,1967.2731654550366
47262,1967.2731654550366
47263,1967.2731654550366
47264,1967.2731654550366
47265,1967.2731654550366
47266,1967.2731654550366
47267,1967.2731654550366
47268,1967.2731654550366
47269,1967.2731654550366
47270,1967.2731654550366
47271,1967.2731654550366
47272,1967.2731654550366
47273,1967.2731654550366
47274,1967.2731654550366
47275,1967.2731654550366
47276,1967.2731654550366
47277,1967.2731654550366
47278,1967.2731654550366
47279,1967.2731654550366
47280,1967.2731654550366
47281,1967.2731654550366
47282,1967.2731654550366
47283,1967.2731654550366
47284,1967.2731654550366
47285,1967.2731654550366
47286,1967.2731654550366
47287,1967.2731654550366
47288,1967.2731654550366
47289,1967.2731654550366
47290,1967.2731654550366
47291,1967.2731654550366
47292,1967.2731654550366
47293,1967.2731654550366
47294,1967.2731654550366
47295,1967.2731654550366
47296,1967.2731654550366
47297,1967.2731654550366
47298,1967.2731654550366
47299,1967.2731654550366
47300,1967.2731654550366
47301,1967.2731654550366
47302,1967.2731654550366
47303,1967.2731654550366
47304,1967.2731654550366
47305,1967.2731654550366
47306,1967.2731654550366
47307,1967.2731654550366
47308,1967.2731654550366
47309,1967.2731654550366
47310,1967.2731654550366
47311,1967.2731654550366
47312,1967.2731654550366
47313,1967.2731654550366
47314,1967.2731654550366
47315,1967.2731654550366
47316,1967.2731654550366
47317,1967.2731654550366
47318,1967.2731654550366
47319,1967.2731654550366
47320,1967.2731654550366
47321,1967.2731654550366
47322,1967.2731654550366
47323,1967.2731654550366
47324,1967.2731654550366
47325,1967.2731654550366
47326,1967.2731654550366
47327,1967.2731654550366
47328,1967.2731654550366
47329,1967.2731654550366
47330,1967.2731654550366
47331,1967.2731654550366
47332,1967.2731654550366
47333,1967.2731654550366
47334,1967.2731654550366
47335,1967.2731654550366
47336,1967.2731654550366
47337,1967.2731654550366
47338,1967.2731654550366
47339,1967.2731654550366
47340,1967.2731654550366
47341,1967.2731654550366
47342,1967.2731654550366
47343,1967.2731654550366
47344,1967.2731654550366
47345,1967.2731654550366
47346,1967.2731654550366
47347,1967.2731654550366
47348,1967.2731654550366
47349,1967.2731654550366
47350,1967.2731654550366
47351,1967.2731654550366
47352,1967.2731654550366
47353,1967.2731654550366
47354,1967.2731654550366
47355,1967.2731654550366
47356,1967.2731654550366
47357,1967.2731654550366
47358,1967.2731654550366
47359,1967.2731654550366
47360,1967.2731654550366
47361,1967.2731654550366
47362,1967.2731654550366
47363,1967.2731654550366
47364,1967.2731654550366
47365,1967.2731654550366
47366,1967.2731654550366
47367,1967.2731654550366
47368,1967.2731654550366
47369,1967.2731654550366
47370,1967.2731654550366
47371,1967.2731654550366
47372,1967.2731654550366
47373,1967.2731654550366
47374,1967.2731654550366
47375,1967.2731654550366
47376,1967.2731654550366
47377,1967.2731654550366
47378,1967.2731654550366
47379,1967.2731654550366
47380,1967.2731654550366
47381,1967.2731654550366
47382,1967.2731654550366
47383,1967.2731654550366
47384,1967.2731654550366
47385,1967.2731654550366
47386,1967.2731654550366
47387,1967.2731654550366
47388,1967.2731654550366
47389,1967.2731654550366
47390,1967.2731654550366
47391,1967.2731654550366
47392,1967.2731654550366
47393,1967.2731654550366
47394,1967.2731654550366
47395,1967.2731654550366
47396,1967.2731654550366
47397,1967.2731654550366
47398,1967.2731654550366
47399,1967.2731654550366
47400,1967.2731654550366
47401,1967.2731654550366
47402,1967.2731654550366
47403,1967.2731654550366
47404,1967.2731654550366
47405,1967.2731654550366
47406,1967.2731654550366
47407,1967.2731654550366
47408,1967.2731654550366
47409,1967.2731654550366
47410,1967.2731654550366
47411,1967.2731654550366
47412,1967.2731654550366
47413,1967.2731654550366
47414,1967.2731654550366
47415,1967.2731654550366
47416,1967.2731654550366
47417,1967.2731654550366
47418,1967.2731654550366
47419,1967.2731654550366
47420,1967.2731654550366
47421,1967.2731654550366
47422,1967.2731654550366
47423,1967.2731654550366
47424,1967.2731654550366
47425,1967.2731654550366
47426,1967.2731654550366
47427,1967.2731654550366
47428,1967.2731654550366
47429,1967.2731654550366
47430,1967.2731654550366
47431,1967.2731654550366
47432,1967.2731654550366
47433,1967.2731654550366
47434,1967.2731654550366
47435,1967.2731654550366
47436,1967.2731654550366
47437,1967.2731654550366
47438,1967.2731654550366
47439,1967.2731654550366
47440,1967.2731654550366
47441,1967.2731654550366
47442,1967.2731654550366
47443,1967.2731654550366
47444,1967.2731654550366
47445,1967.2731654550366
47446,1967.2731654550366
47447,1967.2731654550366
47448,1967.2731654550366
47449,1967.2731654550366
47450,1967.2731654550366
47451,1967.2731654550366
47452,1967.2731654550366
47453,1967.2731654550366
47454,1967.2731654550366
47455,1967.2731654550366
47456,1967.2731654550366
47457,1967.2731654550366
47458,1967.2731654550366
47459,1967.2731654550366
47460,1967.2731654550366
47461,1967.2731654550366
47462,1967.2731654550366
47463,1967.2731654550366
47464,1967.2731654550366
47465,1967.2731654550366
47466,1967.2731654550366
47467,1967.2731654550366
47468,1967.2731654550366
47469,1967.2731654550366
47470,1967.2731654550366
47471,1967.2731654550366
47472,1967.2731654550366
47473,1967.2731654550366
47474,1967.2731654550366
47475,1967.2731654550366
47476,1967.2731654550366
47477,1967.2731654550366
47478,1967.2731654550366
47479,1967.2731654550366
47480,1967.2731654550366
47481,1967.2731654550366
47482,1967.2731654550366
47483,1967.2731654550366
47484,1967.2731654550366
47485,1967.2731654550366
47486,1967.2731654550366
47487,1967.2731654550366
47488,1967.2731654550366
47489,1967.2731654550366
47490,1967.2731654550366
47491,1967.2731654550366
47492,1967.2731654550366
47493,1967.2731654550366
47494,1967.2731654550366
47495,1967.2731654550366
47496,1967.2731654550366
47497,1967.2731654550366
47498,1967.2731654550366
47499,1967.2731654550366
47500,1967.2731654550366
47501,1967.2731654550366
47502,1967.2731654550366
47503,1967.2731654550366
47504,1967.2731654550366
47505,1967.2731654550366
47506,1967.2731654550366
47507,1967.2731654550366
47508,1967.2731654550366
47509,1967.2731654550366
47510,1967.2731654550366
47511,1967.2731654550366
47512,1967.2731654550366
47513,1967.2731654550366
47514,1967.2731654550366
47515,1967.2731654550366
47516,1967.2731654550366
47517,1967.2731654550366
47518,1967.2731654550366
47519,1967.2731654550366
47520,1967.2731654550366
47521,1967.2731654550366
47522,1967.2731654550366
47523,1967.2731654550366
47524,1967.2731654550366
47525,1967.2731654550366
47526,1967.2731654550366
47527,1967.2731654550366
47528,1967.2731654550366
47529,1967.2731654550366
47530,1967.2731654550366
47531,1967.2731654550366
47532,1967.2731654550366
47533,1967.2731654550366
47534,1967.2731654550366
47535,1967.2731654550366
47536,1967.2731654550366
47537,1967.2731654550366
47538,1967.2731654550366
47539,1967.2731654550366
47540,1967.2731654550366
47541,1967.2731654550366
47542,1967.2731654550366
47543,1967.2731654550366
47544,1967.2731654550366
47545,1967.2731654550366
47546,1967.2731654550366
47547,1967.2731654550366
47548,1967.2731654550366
47549,1967.2731654550366
47550,1967.2731654550366
47551,1967.2731654550366
47552,1967.2731654550366
47553,1967.2731654550366
47554,1967.2731654550366
47555,1967.2731654550366
47556,1967.2731654550366
47557,1967.2731654550366
47558,1967.2731654550366
47559,1967.2731654550366
47560,1967.2731654550366
47561,1967.2731654550366
47562,1967.2731654550366
47563,1967.2731654550366
47564,1967.2731654550366
47565,1967.2731654550366
47566,1967.2731654550366
47567,1967.2731654550366
47568,1967.2731654550366
47569,1967.2731654550366
47570,1967.2731654550366
47571,1967.2731654550366
47572,1967.2731654550366
47573,1967.2731654550366
47574,1967.2731654550366
47575,1967.2731654550366
47576,1967.2731654550366
47577,1967.2731654550366
47578,1967.2731654550366
47579,1967.2731654550366
47580,1967.2731654550366
47581,1967.2731654550366
47582,1967.2731654550366
47583,1967.2731654550366
47584,1967.2731654550366
47585,1967.2731654550366
47586,1967.2731654550366
47587,1967.2731654550366
47588,1967.2731654550366
47589,1967.2731654550366
47590,1967.2731654550366
47591,1967.2731654550366
47592,1967.2731654550366
47593,1967.2731654550366
47594,1967.2731654550366
47595,1967.2731654550366
47596,1967.2731654550366
47597,1967.2731654550366
47598,1967.2731654550366
47599,1967.2731654550366
47600,1967.2731654550366
47601,1967.2731654550366
47602,1967.2731654550366
47603,1967.2731654550366
47604,1967.2731654550366
47605,1967.2731654550366
47606,1967.2731654550366
47607,1967.2731654550366
47608,1967.2731654550366
47609,1967.2731654550366
47610,1967.2731654550366
47611,1967.2731654550366
47612,1967.2731654550366
47613,1967.2731654550366
47614,1967.2731654550366
47615,1967.2731654550366
47616,1967.2731654550366
47617,1967.2731654550366
47618,1967.2731654550366
47619,1967.2731654550366
47620,1967.2731654550366
47621,1967.2731654550366
47622,1967.2731654550366
47623,1967.2731654550366
47624,1967.2731654550366
47625,1967.2731654550366
47626,1967.2731654550366
47627,1967.2731654550366
47628,1967.2731654550366
47629,1967.2731654550366
47630,1967.2731654550366
47631,1967.2731654550366
47632,1967.2731654550366
47633,1967.2731654550366
47634,1967.2731654550366
47635,1967.2731654550366
47636,1967.2731654550366
47637,1967.2731654550366
47638,1967.2731654550366
47639,1967.2731654550366
47640,1967.2731654550366
47641,1967.2731654550366
47642,1967.2731654550366
47643,1967.2731654550366
47644,1967.2731654550366
47645,1967.2731654550366
47646,1967.2731654550366
47647,1967.2731654550366
47648,1967.2731654550366
47649,1967.2731654550366
47650,1967.2731654550366
47651,1967.2731654550366
47652,1967.2731654550366
47653,1967.2731654550366
47654,1967.2731654550366
47655,1967.2731654550366
47656,1967.2731654550366
47657,1967.2731654550366
47658,1967.2731654550366
47659,1967.2731654550366
47660,1967.2731654550366
47661,1967.2731654550366
47662,1967.2731654550366
47663,1967.2731654550366
47664,1967.2731654550366
47665,1967.2731654550366
47666,1967.2731654550366
47667,1967.2731654550366
47668,1967.2731654550366
47669,1967.2731654550366
47670,1967.2731654550366
47671,1967.2731654550366
47672,1967.2731654550366
47673,1967.2731654550366
47674,1967.2731654550366
47675,1967.2731654550366
47676,1967.2731654550366
47677,1967.2731654550366
47678,1967.2731654550366
47679,1967.2731654550366
47680,1967.2731654550366
47681,1967.2731654550366
47682,1967.2731654550366
47683,1967.2731654550366
47684,1967.2731654550366
47685,1967.2731654550366
47686,1967.2731654550366
47687,1967.2731654550366
47688,1967.2731654550366
47689,1967.2731654550366
47690,1967.2731654550366
47691,1967.2731654550366
47692,1967.2731654550366
47693,1967.2731654550366
47694,1967.2731654550366
47695,1967.2731654550366
47696,1967.2731654550366
47697,1967.2731654550366
47698,1967.2731654550366
47699,1967.2731654550366
47700,1967.2731654550366
47701,1967.2731654550366
47702,1967.2731654550366
47703,1967.2731654550366
47704,1967.2731654550366
47705,1967.2731654550366
47706,1967.2731654550366
47707,1967.2731654550366
47708,1967.2731654550366
47709,1967.2731654550366
47710,1967.2731654550366
47711,1967.2731654550366
47712,1967.2731654550366
47713,1967.2731654550366
47714,1967.2731654550366
47715,1967.2731654550366
47716,1967.2731654550366
47717,1967.2731654550366
47718,1967.2731654550366
47719,1967.2731654550366
47720,1967.2731654550366
47721,1967.2731654550366
47722,1967.2731654550366
47723,1967.2731654550366
47724,1967.2731654550366
47725,1967.2731654550366
47726,1967.2731654550366
47727,1962.636857882289
47728,1962.636857882289
47729,1962.636857882289
47730,1962.636857882289
47731,1962.636857882289
47732,1962.636857882289
47733,1962.636857882289
47734,1962.636857882289
47735,1962.636857882289
47736,1962.636857882289
47737,1962.636857882289
47738,1962.636857882289
47739,1962.636857882289
47740,1962.636857882289
47741,1962.636857882289
47742,1962.636857882289
47743,1962.636857882289
47744,1962.636857882289
47745,1962.636857882289
47746,1962.636857882289
47747,1962.636857882289
47748,1962.636857882289
47749,1962.636857882289
47750,1962.636857882289
47751,1962.636857882289
47752,1962.636857882289
47753,1962.636857882289
47754,1962.636857882289
47755,1962.636857882289
47756,1962.636857882289
47757,1962.636857882289
47758,1962.636857882289
47759,1962.636857882289
47760,1962.636857882289
47761,1962.636857882289
47762,1962.636857882289
47763,1962.636857882289
47764,1962.636857882289
47765,1962.636857882289
47766,1962.636857882289
47767,1962.636857882289
47768,1962.636857882289
47769,1962.636857882289
47770,1962.636857882289
47771,1962.636857882289
47772,1962.636857882289
47773,1962.636857882289
47774,1962.636857882289
47775,1962.636857882289
47776,1962.636857882289
47777,1962.636857882289
47778,1962.636857882289
47779,1962.636857882289
47780,1962.636857882289
47781,1962.636857882289
47782,1962.636857882289
47783,1962.636857882289
47784,1962.636857882289
47785,1962.636857882289
47786,1962.636857882289
47787,1962.636857882289
47788,1962.636857882289
47789,1962.636857882289
47790,1962.636857882289
47791,1962.636857882289
47792,1962.636857882289
47793,1962.636857882289
47794,1962.636857882289
47795,1962.636857882289
47796,1962.636857882289
47797,1962.636857882289
47798,1962.636857882289
47799,1962.636857882289
47800,1962.636857882289
47801,1962.636857882289
47802,1962.636857882289
47803,1962.636857882289
47804,1962.636857882289
47805,1962.636857882289
47806,1962.636857882289
47807,1962.636857882289
47808,1962.636857882289
47809,1962.636857882289
47810,1962.636857882289
47811,1962.636857882289
47812,1962.636857882289
47813,1962.636857882289
47814,1962.636857882289
47815,1962.636857882289
47816,1962.636857882289
47817,1962.636857882289
47818,1962.636857882289
47819,1962.636857882289
47820,1962.636857882289
47821,1962.636857882289
47822,1962.636857882289
47823,1962.636857882289
47824,1962.636857882289
47825,1962.636857882289
47826,1962.636857882289
47827,1962.636857882289
47828,1962.636857882289
47829,1962.636857882289
47830,1962.636857882289
47831,1962.636857882289
47832,1962.636857882289
47833,1962.636857882289
47834,1962.636857882289
47835,1962.636857882289
47836,1962.636857882289
47837,1962.636857882289
47838,1962.636857882289
47839,1962.636857882289
47840,1962.636857882289
47841,1962.636857882289
47842,1962.636857882289
47843,1962.636857882289
47844,1962.636857882289
47845,1962.636857882289
47846,1962.636857882289
47847,1962.636857882289
47848,1962.636857882289
47849,1962.636857882289
47850,1962.636857882289
47851,1962.636857882289
47852,1962.636857882289
47853,1962.636857882289
47854,1962.636857882289
47855,1962.636857882289
47856,1962.636857882289
47857,1962.636857882289
47858,1962.636857882289
47859,1962.636857882289
47860,1962.636857882289
47861,1962.636857882289
47862,1962.636857882289
47863,1962.636857882289
47864,1962.636857882289
47865,1962.636857882289
47866,1962.636857882289
47867,1962.636857882289
47868,1962.636857882289
47869,1962.636857882289
47870,1962.636857882289
47871,1962.636857882289
47872,1962.636857882289
47873,1962.636857882289
47874,1962.636857882289
47875,1962.636857882289
47876,1962.636857882289
47877,1962.636857882289
47878,1962.636857882289
47879,1962.636857882289
47880,1962.636857882289
47881,1962.636857882289
47882,1962.636857882289
47883,1962.636857882289
47884,1962.636857882289
47885,1962.636857882289
47886,1962.636857882289
47887,1962.636857882289
47888,1962.636857882289
47889,1962.636857882289
47890,1962.636857882289
47891,1962.636857882289
47892,1962.636857882289
47893,1962.636857882289
47894,1962.636857882289
47895,1962.636857882289
47896,1962.636857882289
47897,1962.636857882289
47898,1962.636857882289
47899,1962.636857882289
47900,1962.636857882289
47901,1962.636857882289
47902,1962.636857882289
47903,1962.636857882289
47904,1962.636857882289
47905,1962.636857882289
47906,1962.636857882289
47907,1962.636857882289
47908,1962.636857882289
47909,1962.636857882289
47910,1962.636857882289
47911,1962.636857882289
47912,1962.636857882289
47913,1962.636857882289
47914,1962.636857882289
47915,1962.636857882289
47916,1962.636857882289
47917,1962.636857882289
47918,1962.636857882289
47919,1962.636857882289
47920,1962.636857882289
47921,1962.636857882289
47922,1962.636857882289
47923,1962.636857882289
47924,1962.636857882289
47925,1962.636857882289
47926,1962.636857882289
47927,1962.636857882289
47928,1962.636857882289
47929,1962.636857882289
47930,1962.636857882289
47931,1962.636857882289
47932,1962.636857882289
47933,1962.636857882289
47934,1962.636857882289
47935,1962.636857882289
47936,1962.636857882289
47937,1962.636857882289
47938,1962.636857882289
47939,1962.636857882289
47940,1962.636857882289
47941,1962.636857882289
47942,1962.636857882289
47943,1962.636857882289
47944,1962.636857882289
47945,1962.636857882289
47946,1962.636857882289
47947,1962.636857882289
47948,1962.636857882289
47949,1962.636857882289
47950,1962.636857882289
47951,1962.636857882289
47952,1962.636857882289
47953,1962.636857882289
47954,1962.636857882289
47955,1962.636857882289
47956,1962.636857882289
47957,1962.636857882289
47958,1962.636857882289
47959,1962.636857882289
47960,1962.636857882289
47961,1962.636857882289
47962,1962.636857882289
47963,1962.636857882289
47964,1962.636857882289
47965,1962.636857882289
47966,1962.636857882289
47967,1962.636857882289
47968,1962.636857882289
47969,1962.636857882289
47970,1962.636857882289
47971,1962.636857882289
47972,1962.636857882289
47973,1962.636857882289
47974,1962.636857882289
47975,1962.636857882289
47976,1962.636857882289
47977,1962.636857882289
47978,1962.636857882289
47979,1962.636857882289
47980,1962.636857882289
47981,1962.636857882289
47982,1962.636857882289
47983,1962.636857882289
47984,1962.636857882289
47985,1962.636857882289
47986,1962.636857882289
47987,1962.636857882289
47988,1962.636857882289
47989,1962.636857882289
47990,1962.636857882289
47991,1962.636857882289
47992,1962.636857882289
47993,1962.636857882289
47994,1962.636857882289
47995,1962.636857882289
47996,1962.636857882289
47997,1962.636857882289
47998,1962.636857882289
47999,1962.636857882289
48000,1962.636857882289
48001,1962.636857882289
48002,1962.636857882289
48003,1962.636857882289
48004,1962.636857882289
48005,1962.636857882289
48006,1962.636857882289
48007,1962.636857882289
48008,1962.636857882289
48009,1962.636857882289
48010,1962.636857882289
48011,1962.636857882289
48012,1962.636857882289
48013,1962.636857882289
48014,1962.636857882289
48015,1962.636857882289
48016,1962.636857882289
48017,1962.636857882289
48018,1962.636857882289
48019,1962.636857882289
48020,1962.636857882289
48021,1962.636857882289
48022,1962.636857882289
48023,1962.636857882289
48024,1962.636857882289
48025,1962.636857882289
48026,1962.636857882289
48027,1962.636857882289
48028,1962.636857882289
48029,1962.636857882289
48030,1962.636857882289
48031,1962.636857882289
48032,1962.636857882289
48033,1962.636857882289
48034,1962.636857882289
48035,1962.636857882289
48036,1962.636857882289
48037,1962.636857882289
48038,1962.636857882289
48039,1962.636857882289
48040,1962.636857882289
48041,1962.636857882289
48042,1962.636857882289
48043,1962.636857882289
48044,1962.636857882289
48045,1962.636857882289
48046,1962.636857882289
48047,1962.636857882289
48048,1962.636857882289
48049,1962.636857882289
48050,1962.636857882289
48051,1962.636857882289
48052,1962.636857882289
48053,1962.636857882289
48054,1962.636857882289
48055,1962.636857882289
48056,1962.636857882289
48057,1962.636857882289
48058,1962.636857882289
48059,1962.636857882289
48060,1962.636857882289
48061,1962.636857882289
48062,1962.636857882289
48063,1962.636857882289
48064,1962.636857882289
48065,1962.636857882289
48066,1962.636857882289
48067,1962.636857882289
48068,1962.636857882289
48069,1962.636857882289
48070,1962.636857882289
48071,1962.636857882289
48072,1962.636857882289
48073,1962.636857882289
48074,1962.636857882289
48075,1962.636857882289
48076,1962.636857882289
48077,1962.636857882289
48078,1962.636857882289
48079,1962.636857882289
48080,1962.636857882289
48081,1962.636857882289
48082,1962.636857882289
48083,1962.636857882289
48084,1962.636857882289
48085,1962.636857882289
48086,1962.636857882289
48087,1962.636857882289
48088,1962.636857882289
48089,1962.636857882289
48090,1962.636857882289
48091,1962.636857882289
48092,1962.636857882289
48093,1962.636857882289
48094,1962.636857882289
48095,1962.636857882289
48096,1962.636857882289
48097,1962.636857882289
48098,1962.636857882289
48099,1962.636857882289
48100,1962.636857882289
48101,1962.636857882289
48102,1962.636857882289
48103,1962.636857882289
48104,1962.636857882289
48105,1962.636857882289
48106,1962.636857882289
48107,1962.636857882289
48108,1962.636857882289
48109,1962.636857882289
48110,1962.636857882289
48111,1962.636857882289
48112,1962.636857882289
48113,1962.636857882289
48114,1962.636857882289
48115,1962.636857882289
48116,1962.636857882289
48117,1962.636857882289
48118,1962.636857882289
48119,1962.636857882289
48120,1962.636857882289
48121,1962.636857882289
48122,1962.636857882289
48123,1962.636857882289
48124,1962.636857882289
48125,1962.636857882289
48126,1962.636857882289
48127,1962.636857882289
48128,1962.636857882289
48129,1962.636857882289
48130,1962.636857882289
48131,1962.636857882289
48132,1962.636857882289
48133,1962.636857882289
48134,1962.636857882289
48135,1962.636857882289
48136,1962.636857882289
48137,1962.636857882289
48138,1962.636857882289
48139,1962.636857882289
48140,1962.636857882289
48141,1962.636857882289
48142,1962.636857882289
48143,1962.636857882289
48144,1962.636857882289
48145,1962.636857882289
48146,1962.636857882289
48147,1962.636857882289
48148,1962.636857882289
48149,1962.636857882289
48150,1962.636857882289
48151,1962.636857882289
48152,1962.636857882289
48153,1962.636857882289
48154,1962.636857882289
48155,1962.636857882289
48156,1962.636857882289
48157,1962.636857882289
48158,1962.636857882289
48159,1962.636857882289
48160,1962.636857882289
48161,1962.636857882289
48162,1962.636857882289
48163,1962.636857882289
48164,1962.636857882289
48165,1962.636857882289
48166,1962.636857882289
48167,1962.636857882289
48168,1962.636857882289
48169,1962.636857882289
48170,1962.636857882289
48171,1962.636857882289
48172,1962.636857882289
48173,1962.636857882289
48174,1962.636857882289
48175,1962.636857882289
48176,1962.636857882289
48177,1962.636857882289
48178,1962.636857882289
48179,1962.636857882289
48180,1962.636857882289
48181,1962.636857882289
48182,1962.636857882289
48183,1962.636857882289
48184,1962.636857882289
48185,1962.636857882289
48186,1962.636857882289
48187,1962.636857882289
48188,1962.636857882289
48189,1962.636857882289
48190,1962.636857882289
48191,1962.636857882289
48192,1962.636857882289
48193,1962.636857882289
48194,1962.636857882289
48195,1962.636857882289
48196,1962.636857882289
48197,1962.636857882289
48198,1962.636857882289
48199,1962.636857882289
48200,1962.636857882289
48201,1962.636857882289
48202,1962.636857882289
48203,1962.636857882289
48204,1962.636857882289
48205,1962.636857882289
48206,1962.636857882289
48207,1962.636857882289
48208,1962.636857882289
48209,1962.636857882289
48210,1962.636857882289
48211,1962.636857882289
48212,1962.636857882289
48213,1962.636857882289
48214,1962.636857882289
48215,1962.636857882289
48216,1962.636857882289
48217,1962.636857882289
48218,1962.636857882289
48219,1962.636857882289
48220,1962.636857882289
48221,1962.636857882289
48222,1962.636857882289
48223,1962.636857882289
48224,1962.636857882289
48225,1962.636857882289
48226,1962.636857882289
48227,1962.636857882289
48228,1962.636857882289
48229,1962.636857882289
48230,1962.636857882289
48231,1962.636857882289
48232,1962.636857882289
48233,1962.636857882289
48234,1962.636857882289
48235,1962.636857882289
48236,1962.636857882289
48237,1962.636857882289
48238,1962.636857882289
48239,1962.636857882289
48240,1962.636857882289
48241,1962.636857882289
48242,1962.636857882289
48243,1962.636857882289
48244,1962.636857882289
48245,1962.636857882289
48246,1962.636857882289
48247,1962.636857882289
48248,1962.636857882289
48249,1962.636857882289
48250,1962.636857882289
48251,1962.636857882289
48252,1962.636857882289
48253,1962.636857882289
48254,1962.636857882289
48255,1962.636857882289
48256,1962.636857882289
48257,1962.636857882289
48258,1962.636857882289
48259,1962.636857882289
48260,1962.636857882289
48261,1962.636857882289
48262,1962.636857882289
48263,1962.636857882289
48264,1962.636857882289
48265,1962.636857882289
48266,1962.636857882289
48267,1962.636857882289
48268,1962.636857882289
48269,1962.636857882289
48270,1962.636857882289
48271,1962.636857882289
48272,1962.636857882289
48273,1962.636857882289
48274,1962.636857882289
48275,1962.636857882289
48276,1962.636857882289
48277,1962.636857882289
48278,1962.636857882289
48279,1962.636857882289
48280,1962.636857882289
48281,1962.636857882289
48282,1962.636857882289
48283,1962.636857882289
48284,1962.636857882289
48285,1962.636857882289
48286,1962.636857882289
48287,1962.636857882289
48288,1962.636857882289
48289,1962.636857882289
48290,1962.636857882289
48291,1962.636857882289
48292,1962.636857882289
48293,1962.636857882289
48294,1962.636857882289
48295,1962.636857882289
48296,1962.636857882289
48297,1962.636857882289
48298,1962.636857882289
48299,1962.636857882289
48300,1962.636857882289
48301,1962.636857882289
48302,1962.636857882289
48303,1962.636857882289
48304,1962.636857882289
48305,1962.636857882289
48306,1962.636857882289
48307,1962.636857882289
48308,1962.636857882289
48309,1962.636857882289
48310,1962.636857882289
48311,1962.636857882289
48312,1962.636857882289
48313,1962.636857882289
48314,1962.636857882289
48315,1962.636857882289
48316,1962.636857882289
48317,1962.636857882289
48318,1962.636857882289
48319,1962.636857882289
48320,1962.636857882289
48321,1962.636857882289
48322,1962.636857882289
48323,1962.636857882289
48324,1962.636857882289
48325,1962.636857882289
48326,1962.636857882289
48327,1962.636857882289
48328,1962.636857882289
48329,1962.636857882289
48330,1962.636857882289
48331,1962.636857882289
48332,1962.636857882289
48333,1962.636857882289
48334,1962.636857882289
48335,1962.636857882289
48336,1962.636857882289
48337,1962.636857882289
48338,1962.636857882289
48339,1962.636857882289
48340,1962.636857882289
48341,1962.636857882289
48342,1962.636857882289
48343,1962.636857882289
48344,1962.636857882289
48345,1962.636857882289
48346,1962.636857882289
48347,1962.636857882289
48348,1962.636857882289
48349,1962.636857882289
48350,1962.636857882289
48351,1962.636857882289
48352,1962.636857882289
48353,1962.636857882289
48354,1962.636857882289
48355,1962.636857882289
48356,1962.636857882289
48357,1962.636857882289
48358,1962.636857882289
48359,1962.636857882289
48360,1962.636857882289
48361,1962.636857882289
48362,1962.636857882289
48363,1962.636857882289
48364,1962.636857882289
48365,1962.636857882289
48366,1962.636857882289
48367,1962.636857882289
48368,1962.636857882289
48369,1962.636857882289
48370,1962.636857882289
48371,1962.636857882289
48372,1962.636857882289
48373,1962.636857882289
48374,1962.636857882289
48375,1962.636857882289
48376,1962.636857882289
48377,1962.636857882289
48378,1962.636857882289
48379,1962.636857882289
48380,1962.636857882289
48381,1962.636857882289
48382,1962.636857882289
48383,1962.636857882289
48384,1962.636857882289
48385,1962.636857882289
48386,1962.636857882289
48387,1962.636857882289
48388,1962.636857882289
48389,1962.636857882289
48390,1962.636857882289
48391,1962.636857882289
48392,1962.636857882289
48393,1962.636857882289
48394,1962.636857882289
48395,1962.636857882289
48396,1962.636857882289
48397,1962.636857882289
48398,1962.636857882289
48399,1962.636857882289
48400,1962.636857882289
48401,1962.636857882289
48402,1962.636857882289
48403,1962.636857882289
48404,1962.636857882289
48405,1962.636857882289
48406,1962.636857882289
48407,1962.636857882289
48408,1962.636857882289
48409,1962.636857882289
48410,1962.636857882289
48411,1962.636857882289
48412,1962.636857882289
48413,1962.636857882289
48414,1962.636857882289
48415,1962.636857882289
48416,1962.636857882289
48417,1962.636857882289
48418,1962.636857882289
48419,1962.636857882289
48420,1962.636857882289
48421,1962.636857882289
48422,1962.636857882289
48423,1962.636857882289
48424,1962.636857882289
48425,1962.636857882289
48426,1962.636857882289
48427,1962.636857882289
48428,1962.636857882289
48429,1962.636857882289
48430,1962.636857882289
48431,1962.636857882289
48432,1962.636857882289
48433,1962.636857882289
48434,1962.636857882289
48435,1962.636857882289
48436,1962.636857882289
48437,1962.636857882289
48438,1962.636857882289
48439,1962.636857882289
48440,1962.636857882289
48441,1962.636857882289
48442,1962.636857882289
48443,1962.636857882289
48444,1962.636857882289
48445,1962.636857882289
48446,1962.636857882289
48447,1962.636857882289
48448,1962.636857882289
48449,1962.636857882289
48450,1962.636857882289
48451,1962.636857882289
48452,1962.636857882289
48453,1962.636857882289
48454,1962.636857882289
48455,1962.636857882289
48456,1962.636857882289
48457,1962.636857882289
48458,1962.636857882289
48459,1962.636857882289
48460,1962.636857882289
48461,1962.636857882289
48462,1962.636857882289
48463,1962.636857882289
48464,1962.636857882289
48465,1962.636857882289
48466,1962.636857882289
48467,1962.636857882289
48468,1962.636857882289
48469,1962.636857882289
48470,1962.636857882289
48471,1962.636857882289
48472,1962.636857882289
48473,1962.636857882289
48474,1962.636857882289
48475,1962.636857882289
48476,1962.636857882289
48477,1962.636857882289
48478,1962.636857882289
48479,1962.636857882289
48480,1962.636857882289
48481,1962.636857882289
48482,1962.636857882289
48483,1962.636857882289
48484,1962.636857882289
48485,1962.636857882289
48486,1962.636857882289
48487,1962.636857882289
48488,1962.636857882289
48489,1962.636857882289
48490,1962.636857882289
48491,1962.636857882289
48492,1962.636857882289
48493,1962.636857882289
48494,1962.636857882289
48495,1962.636857882289
48496,1962.636857882289
48497,1962.636857882289
48498,1962.636857882289
48499,1962.636857882289
48500,1962.636857882289
48501,1962.636857882289
48502,1962.636857882289
48503,1962.636857882289
48504,1962.636857882289
48505,1962.636857882289
48506,1962.636857882289
48507,1962.636857882289
48508,1962.636857882289
48509,1962.636857882289
48510,1962.636857882289
48511,1962.636857882289
48512,1962.636857882289
48513,1962.636857882289
48514,1962.636857882289
48515,1962.636857882289
48516,1962.636857882289
48517,1962.636857882289
48518,1962.636857882289
48519,1962.636857882289
48520,1962.636857882289
48521,1962.636857882289
48522,1962.636857882289
48523,1962.636857882289
48524,1962.636857882289
48525,1962.636857882289
48526,1962.636857882289
48527,1962.636857882289
48528,1962.636857882289
48529,1962.636857882289
48530,1962.636857882289
48531,1962.636857882289
48532,1962.636857882289
48533,1962.636857882289
48534,1962.636857882289
48535,1962.636857882289
48536,1962.636857882289
48537,1962.636857882289
48538,1962.636857882289
48539,1962.636857882289
48540,1962.636857882289
48541,1962.636857882289
48542,1962.636857882289
48543,1962.636857882289
48544,1962.636857882289
48545,1962.636857882289
48546,1962.636857882289
48547,1962.636857882289
48548,1962.636857882289
48549,1962.636857882289
48550,1962.636857882289
48551,1962.636857882289
48552,1962.636857882289
48553,1962.636857882289
48554,1962.636857882289
48555,1962.636857882289
48556,1962.636857882289
48557,1962.636857882289
48558,1962.636857882289
48559,1962.636857882289
48560,1962.636857882289
48561,1962.636857882289
48562,1962.636857882289
48563,1962.636857882289
48564,1962.636857882289
48565,1962.636857882289
48566,1962.636857882289
48567,1962.636857882289
48568,1962.636857882289
48569,1962.636857882289
48570,1962.636857882289
48571,1962.636857882289
48572,1962.636857882289
48573,1962.636857882289
48574,1962.636857882289
48575,1962.636857882289
48576,1962.636857882289
48577,1962.636857882289
48578,1962.636857882289
48579,1962.636857882289
48580,1962.636857882289
48581,1962.636857882289
48582,1962.636857882289
48583,1962.636857882289
48584,1962.636857882289
48585,1962.636857882289
48586,1962.636857882289
48587,1962.636857882289
48588,1962.636857882289
48589,1962.636857882289
48590,1962.636857882289
48591,1962.636857882289
48592,1962.636857882289
48593,1962.636857882289
48594,1962.636857882289
48595,1962.636857882289
48596,1962.636857882289
48597,1962.636857882289
48598,1962.636857882289
48599,1962.636857882289
48600,1962.636857882289
48601,1962.636857882289
48602,1962.636857882289
48603,1962.636857882289
48604,1962.636857882289
48605,1962.636857882289
48606,1962.636857882289
48607,1962.636857882289
48608,1962.636857882289
48609,1962.636857882289
48610,1962.636857882289
48611,1962.636857882289
48612,1962.636857882289
48613,1962.636857882289
48614,1962.636857882289
48615,1962.636857882289
48616,1962.636857882289
48617,1962.636857882289
48618,1962.636857882289
48619,1962.636857882289
48620,1962.636857882289
48621,1962.636857882289
48622,1962.636857882289
48623,1962.636857882289
48624,1962.636857882289
48625,1962.636857882289
48626,1962.636857882289
48627,1962.636857882289
48628,1962.636857882289
48629,1962.636857882289
48630,1962.636857882289
48631,1962.636857882289
48632,1962.636857882289
48633,1962.636857882289
48634,1962.636857882289
48635,1962.636857882289
48636,1962.636857882289
48637,1962.636857882289
48638,1962.636857882289
48639,1962.636857882289
48640,1962.636857882289
48641,1962.636857882289
48642,1962.636857882289
48643,1962.636857882289
48644,1962.636857882289
48645,1962.636857882289
48646,1962.636857882289
48647,1962.636857882289
48648,1962.636857882289
48649,1962.636857882289
48650,1962.636857882289
48651,1962.636857882289
48652,1962.636857882289
48653,1962.636857882289
48654,1962.636857882289
48655,1962.636857882289
48656,1962.636857882289
48657,1962.636857882289
48658,1962.636857882289
48659,1962.636857882289
48660,1962.636857882289
48661,1962.636857882289
48662,1962.636857882289
48663,1962.636857882289
48664,1962.636857882289
48665,1962.636857882289
48666,1962.636857882289
48667,1962.636857882289
48668,1962.636857882289
48669,1962.636857882289
48670,1962.636857882289
48671,1962.636857882289
48672,1962.636857882289
48673,1962.636857882289
48674,1962.636857882289
48675,1962.636857882289
48676,1962.636857882289
48677,1962.636857882289
48678,1962.636857882289
48679,1962.636857882289
48680,1962.636857882289
48681,1962.636857882289
48682,1962.636857882289
48683,1962.636857882289
48684,1962.636857882289
48685,1962.636857882289
48686,1962.636857882289
48687,1962.636857882289
48688,1962.636857882289
48689,1962.636857882289
48690,1962.636857882289
48691,1962.636857882289
48692,1962.636857882289
48693,1962.636857882289
48694,1962.636857882289
48695,1962.636857882289
48696,1962.636857882289
48697,1962.636857882289
48698,1962.636857882289
48699,1962.636857882289
48700,1962.636857882289
48701,1962.636857882289
48702,1962.636857882289
48703,1962.636857882289
48704,1962.636857882289
48705,1962.636857882289
48706,1962.636857882289
48707,1962.636857882289
48708,1962.636857882289
48709,1962.636857882289
48710,1962.636857882289
48711,1962.636857882289
48712,1962.636857882289
48713,1962.636857882289
48714,1962.636857882289
48715,1962.636857882289
48716,1962.636857882289
48717,1962.636857882289
48718,1962.636857882289
48719,1962.636857882289
48720,1962.636857882289
48721,1962.636857882289
48722,1962.636857882289
48723,1962.636857882289
48724,1962.636857882289
48725,1962.636857882289
48726,1962.636857882289
48727,1962.636857882289
48728,1962.636857882289
48729,1962.636857882289
48730,1962.636857882289
48731,1962.636857882289
48732,1962.636857882289
48733,1962.636857882289
48734,1962.636857882289
48735,1962.636857882289
48736,1962.636857882289
48737,1962.636857882289
48738,1962.636857882289
48739,1962.636857882289
48740,1962.636857882289
48741,1962.636857882289
48742,1962.636857882289
48743,1962.636857882289
48744,1962.636857882289
48745,1962.636857882289
48746,1962.636857882289
48747,1962.636857882289
48748,1962.636857882289
48749,1962.636857882289
48750,1962.636857882289
48751,1962.636857882289
48752,1962.636857882289
48753,1962.636857882289
48754,1962.636857882289
48755,1962.636857882289
48756,1962.636857882289
48757,1962.636857882289
48758,1962.636857882289
48759,1962.636857882289
48760,1962.636857882289
48761,1962.636857882289
48762,1962.636857882289
48763,1962.636857882289
48764,1962.636857882289
48765,1962.636857882289
48766,1962.636857882289
48767,1962.636857882289
48768,1962.636857882289
48769,1962.636857882289
48770,1962.636857882289
48771,1962.636857882289
48772,1962.636857882289
48773,1962.636857882289
48774,1962.636857882289
48775,1962.636857882289
48776,1962.636857882289
48777,1962.636857882289
48778,1962.636857882289
48779,1962.636857882289
48780,1962.636857882289
48781,1962.636857882289
48782,1962.636857882289
48783,1962.636857882289
48784,1962.636857882289
48785,1962.636857882289
48786,1962.636857882289
48787,1962.636857882289
48788,1962.636857882289
48789,1962.636857882289
48790,1962.636857882289
48791,1962.636857882289
48792,1962.636857882289
48793,1962.636857882289
48794,1962.636857882289
48795,1962.636857882289
48796,1962.636857882289
48797,1962.636857882289
48798,1962.636857882289
48799,1962.636857882289
48800,1962.636857882289
48801,1962.636857882289
48802,1962.636857882289
48803,1962.636857882289
48804,1962.636857882289
48805,1962.636857882289
48806,1962.636857882289
48807,1962.636857882289
48808,1962.636857882289
48809,1962.636857882289
48810,1962.636857882289
48811,1962.636857882289
48812,1962.636857882289
48813,1962.636857882289
48814,1962.636857882289
48815,1962.636857882289
48816,1962.636857882289
48817,1962.636857882289
48818,1962.636857882289
48819,1962.636857882289
48820,1962.636857882289
48821,1962.636857882289
48822,1962.636857882289
48823,1962.636857882289
48824,1962.636857882289
48825,1962.636857882289
48826,1962.636857882289
48827,1962.636857882289
48828,1962.636857882289
48829,1962.636857882289
48830,1962.636857882289
48831,1962.636857882289
48832,1962.636857882289
48833,1962.636857882289
48834,1962.636857882289
48835,1962.636857882289
48836,1962.636857882289
48837,1962.636857882289
48838,1962.636857882289
48839,1962.636857882289
48840,1962.636857882289
48841,1962.636857882289
48842,1962.636857882289
48843,1962.636857882289
48844,1962.636857882289
48845,1962.636857882289
48846,1962.636857882289
48847,1962.636857882289
48848,1962.636857882289
48849,1962.636857882289
48850,1962.636857882289
48851,1962.636857882289
48852,1962.636857882289
48853,1962.636857882289
48854,1962.636857882289
48855,1962.636857882289
48856,1962.636857882289
48857,1962.636857882289
48858,1962.636857882289
48859,1962.636857882289
48860,1962.636857882289
48861,1962.636857882289
48862,1962.636857882289
48863,1962.636857882289
48864,1962.636857882289
48865,1962.636857882289
48866,1962.636857882289
48867,1962.636857882289
48868,1962.636857882289
48869,1962.636857882289
48870,1962.636857882289
48871,1962.636857882289
48872,1962.636857882289
48873,1962.636857882289
48874,1962.636857882289
48875,1962.636857882289
48876,1962.636857882289
48877,1962.636857882289
48878,1962.636857882289
48879,1962.636857882289
48880,1962.636857882289
48881,1962.636857882289
48882,1962.636857882289
48883,1962.636857882289
48884,1962.636857882289
48885,1962.636857882289
48886,1962.636857882289
48887,1962.636857882289
48888,1962.636857882289
48889,1962.636857882289
48890,1962.636857882289
48891,1962.636857882289
48892,1962.636857882289
48893,1962.636857882289
48894,1962.636857882289
48895,1962.636857882289
48896,1962.636857882289
48897,1962.636857882289
48898,1962.636857882289
48899,1962.636857882289
48900,1962.636857882289
48901,1962.636857882289
48902,1962.636857882289
48903,1962.636857882289
48904,1962.636857882289
48905,1962.636857882289
48906,1962.636857882289
48907,1962.636857882289
48908,1962.636857882289
48909,1962.636857882289
48910,1962.636857882289
48911,1962.636857882289
48912,1962.636857882289
48913,1962.636857882289
48914,1962.636857882289
48915,1962.636857882289
48916,1962.636857882289
48917,1962.636857882289
48918,1962.636857882289
48919,1962.636857882289
48920,1962.636857882289
48921,1962.636857882289
48922,1962.636857882289
48923,1962.636857882289
48924,1962.636857882289
48925,1962.636857882289
48926,1962.636857882289
48927,1962.636857882289
48928,1962.636857882289
48929,1962.636857882289
48930,1962.636857882289
48931,1962.636857882289
48932,1962.636857882289
48933,1962.636857882289
48934,1962.636857882289
48935,1962.636857882289
48936,1962.636857882289
48937,1962.636857882289
48938,1962.636857882289
48939,1962.636857882289
48940,1962.636857882289
48941,1962.636857882289
48942,1962.636857882289
48943,1962.636857882289
48944,1962.636857882289
48945,1962.636857882289
48946,1962.636857882289
48947,1962.636857882289
48948,1962.636857882289
48949,1962.636857882289
48950,1962.636857882289
48951,1962.636857882289
48952,1962.636857882289
48953,1962.636857882289
48954,1962.636857882289
48955,1962.636857882289
48956,1962.636857882289
48957,1962.636857882289
48958,1962.636857882289
48959,1962.636857882289
48960,1962.636857882289
48961,1962.636857882289
48962,1962.636857882289
48963,1962.636857882289
48964,1962.636857882289
48965,1962.636857882289
48966,1962.636857882289
48967,1962.636857882289
48968,1962.636857882289
48969,1962.636857882289
48970,1962.636857882289
48971,1962.636857882289
48972,1962.636857882289
48973,1962.636857882289
48974,1962.636857882289
48975,1962.636857882289
48976,1962.636857882289
48977,1962.636857882289
48978,1962.636857882289
48979,1962.636857882289
48980,1962.636857882289
48981,1962.636857882289
48982,1962.636857882289
48983,1962.636857882289
48984,1962.636857882289
48985,1962.636857882289
48986,1962.636857882289
48987,1962.636857882289
48988,1962.636857882289
48989,1962.636857882289
48990,1962.636857882289
48991,1962.636857882289
48992,1962.636857882289
48993,1962.636857882289
48994,1962.636857882289
48995,1962.636857882289
48996,1962.636857882289
48997,1962.636857882289
48998,1962.636857882289
48999,1962.636857882289
49000,1962.636857882289
49001,1962.636857882289
49002,1962.636857882289
49003,1962.636857882289
49004,1962.636857882289
49005,1962.636857882289
49006,1962.636857882289
49007,1962.636857882289
49008,1962.636857882289
49009,1962.636857882289
49010,1962.636857882289
49011,1962.636857882289
49012,1962.636857882289
49013,1962.636857882289
49014,1962.636857882289
49015,1962.636857882289
49016,1962.636857882289
49017,1962.636857882289
49018,1962.636857882289
49019,1962.636857882289
49020,1962.636857882289
49021,1962.636857882289
49022,1962.636857882289
49023,1962.636857882289
49024,1962.636857882289
49025,1962.636857882289
49026,1962.636857882289
49027,1962.636857882289
49028,1962.636857882289
49029,1962.636857882289
49030,1962.636857882289
49031,1962.636857882289
49032,1962.636857882289
49033,1962.636857882289
49034,1962.636857882289
49035,1962.636857882289
49036,1962.636857882289
49037,1962.636857882289
49038,1962.636857882289
49039,1962.636857882289
49040,1962.636857882289
49041,1962.636857882289
49042,1962.636857882289
49043,1962.636857882289
49044,1962.636857882289
49045,1962.636857882289
49046,1962.636857882289
49047,1962.636857882289
49048,1962.636857882289
49049,1962.636857882289
49050,1962.636857882289
49051,1962.636857882289
49052,1962.636857882289
49053,1962.636857882289
49054,1962.636857882289
49055,1962.636857882289
49056,1962.636857882289
49057,1962.636857882289
49058,1962.636857882289
49059,1962.636857882289
49060,1962.636857882289
49061,1962.636857882289
49062,1962.636857882289
49063,1962.636857882289
49064,1962.636857882289
49065,1962.636857882289
49066,1962.636857882289
49067,1962.636857882289
49068,1962.636857882289
49069,1962.636857882289
49070,1962.636857882289
49071,1962.636857882289
49072,1962.636857882289
49073,1962.636857882289
49074,1962.636857882289
49075,1962.636857882289
49076,1962.636857882289
49077,1962.636857882289
49078,1962.636857882289
49079,1962.636857882289
49080,1962.636857882289
49081,1962.636857882289
49082,1962.636857882289
49083,1962.636857882289
49084,1962.636857882289
49085,1962.636857882289
49086,1962.636857882289
49087,1962.636857882289
49088,1962.636857882289
49089,1962.636857882289
49090,1962.636857882289
49091,1962.636857882289
49092,1962.636857882289
49093,1962.636857882289
49094,1962.636857882289
49095,1962.636857882289
49096,1962.636857882289
49097,1962.636857882289
49098,1962.636857882289
49099,1962.636857882289
49100,1962.636857882289
49101,1962.636857882289
49102,1962.636857882289
49103,1962.636857882289
49104,1962.636857882289
49105,1962.636857882289
49106,1962.636857882289
49107,1962.636857882289
49108,1962.636857882289
49109,1962.636857882289
49110,1962.636857882289
49111,1962.636857882289
49112,1962.636857882289
49113,1962.636857882289
49114,1962.636857882289
49115,1962.636857882289
49116,1962.636857882289
49117,1962.636857882289
49118,1962.636857882289
49119,1962.636857882289
49120,1962.636857882289
49121,1962.636857882289
49122,1962.636857882289
49123,1962.636857882289
49124,1962.636857882289
49125,1962.636857882289
49126,1962.636857882289
49127,1962.636857882289
49128,1962.636857882289
49129,1962.636857882289
49130,1962.636857882289
49131,1962.636857882289
49132,1962.636857882289
49133,1962.636857882289
49134,1962.636857882289
49135,1962.636857882289
49136,1962.636857882289
49137,1962.636857882289
49138,1962.636857882289
49139,1962.636857882289
49140,1962.636857882289
49141,1962.636857882289
49142,1962.636857882289
49143,1962.636857882289
49144,1962.636857882289
49145,1962.636857882289
49146,1962.636857882289
49147,1962.636857882289
49148,1962.636857882289
49149,1962.636857882289
49150,1962.636857882289
49151,1962.636857882289
49152,1962.636857882289
49153,1962.636857882289
49154,1962.636857882289
49155,1962.636857882289
49156,1962.636857882289
49157,1962.636857882289
49158,1962.636857882289
49159,1962.636857882289
49160,1962.636857882289
49161,1962.636857882289
49162,1962.636857882289
49163,1962.636857882289
49164,1962.636857882289
49165,1962.636857882289
49166,1962.636857882289
49167,1962.636857882289
49168,1962.636857882289
49169,1962.636857882289
49170,1962.636857882289
49171,1962.636857882289
49172,1962.636857882289
49173,1962.636857882289
49174,1962.636857882289
49175,1962.636857882289
49176,1962.636857882289
49177,1962.636857882289
49178,1962.636857882289
49179,1962.636857882289
49180,1962.636857882289
49181,1962.636857882289
49182,1962.636857882289
49183,1962.636857882289
49184,1962.636857882289
49185,1962.636857882289
49186,1962.636857882289
49187,1962.636857882289
49188,1962.636857882289
49189,1962.636857882289
49190,1962.636857882289
49191,1962.636857882289
49192,1962.636857882289
49193,1962.636857882289
49194,1962.636857882289
49195,1962.636857882289
49196,1962.636857882289
49197,1962.636857882289
49198,1962.636857882289
49199,1962.636857882289
49200,1962.636857882289
49201,1962.636857882289
49202,1962.636857882289
49203,1962.636857882289
49204,1962.636857882289
49205,1962.636857882289
49206,1962.636857882289
49207,1962.636857882289
49208,1962.636857882289
49209,1962.636857882289
49210,1962.636857882289
49211,1962.636857882289
49212,1962.636857882289
49213,1962.636857882289
49214,1962.636857882289
49215,1962.636857882289
49216,1962.636857882289
49217,1962.636857882289
49218,1962.636857882289
49219,1962.636857882289
49220,1962.636857882289
49221,1962.636857882289
49222,1962.636857882289
49223,1962.636857882289
49224,1962.636857882289
49225,1962.636857882289
49226,1962.636857882289
49227,1962.636857882289
49228,1962.636857882289
49229,1962.636857882289
49230,1962.636857882289
49231,1962.636857882289
49232,1962.636857882289
49233,1962.636857882289
49234,1962.636857882289
49235,1962.636857882289
49236,1962.636857882289
49237,1962.636857882289
49238,1962.636857882289
49239,1962.636857882289
49240,1962.636857882289
49241,1962.636857882289
49242,1962.636857882289
49243,1962.636857882289
49244,1962.636857882289
49245,1962.636857882289
49246,1962.636857882289
49247,1962.636857882289
49248,1962.636857882289
49249,1962.636857882289
49250,1962.636857882289
49251,1962.636857882289
49252,1962.636857882289
49253,1962.636857882289
49254,1962.636857882289
49255,1962.636857882289
49256,1962.636857882289
49257,1962.636857882289
49258,1962.636857882289
49259,1962.636857882289
49260,1962.636857882289
49261,1962.636857882289
49262,1962.636857882289
49263,1962.636857882289
49264,1962.636857882289
49265,1962.636857882289
49266,1962.636857882289
49267,1962.636857882289
49268,1962.636857882289
49269,1962.636857882289
49270,1962.636857882289
49271,1962.636857882289
49272,1962.636857882289
49273,1962.636857882289
49274,1962.636857882289
49275,1962.636857882289
49276,1962.636857882289
49277,1962.636857882289
49278,1962.636857882289
49279,1962.636857882289
49280,1962.636857882289
49281,1962.636857882289
49282,1962.636857882289
49283,1962.636857882289
49284,1962.636857882289
49285,1962.636857882289
49286,1962.636857882289
49287,1962.636857882289
49288,1962.636857882289
49289,1962.636857882289
49290,1962.636857882289
49291,1962.636857882289
49292,1962.636857882289
49293,1962.636857882289
49294,1962.636857882289
49295,1962.636857882289
49296,1962.636857882289
49297,1962.636857882289
49298,1962.636857882289
49299,1962.636857882289
49300,1962.636857882289
49301,1962.636857882289
49302,1962.636857882289
49303,1962.636857882289
49304,1962.636857882289
49305,1962.636857882289
49306,1962.636857882289
49307,1962.636857882289
49308,1962.636857882289
49309,1962.636857882289
49310,1962.636857882289
49311,1962.636857882289
49312,1962.636857882289
49313,1962.636857882289
49314,1962.636857882289
49315,1962.636857882289
49316,1962.636857882289
49317,1962.636857882289
49318,1962.636857882289
49319,1962.636857882289
49320,1962.636857882289
49321,1962.636857882289
49322,1962.636857882289
49323,1962.636857882289
49324,1962.636857882289
49325,1962.636857882289
49326,1962.636857882289
49327,1962.636857882289
49328,1962.636857882289
49329,1962.636857882289
49330,1962.636857882289
49331,1962.636857882289
49332,1962.636857882289
49333,1962.636857882289
49334,1962.636857882289
49335,1962.636857882289
49336,1962.636857882289
49337,1962.636857882289
49338,1962.636857882289
49339,1962.636857882289
49340,1962.636857882289
49341,1962.636857882289
49342,1962.636857882289
49343,1962.636857882289
49344,1962.636857882289
49345,1962.636857882289
49346,1962.636857882289
49347,1962.636857882289
49348,1962.636857882289
49349,1962.636857882289
49350,1962.636857882289
49351,1962.636857882289
49352,1962.636857882289
49353,1962.636857882289
49354,1962.636857882289
49355,1962.636857882289
49356,1962.636857882289
49357,1962.636857882289
49358,1962.636857882289
49359,1962.636857882289
49360,1962.636857882289
49361,1962.636857882289
49362,1962.636857882289
49363,1962.636857882289
49364,1962.636857882289
49365,1962.636857882289
49366,1962.636857882289
49367,1962.636857882289
49368,1962.636857882289
49369,1962.636857882289
49370,1962.636857882289
49371,1962.636857882289
49372,1962.636857882289
49373,1962.636857882289
49374,1962.636857882289
49375,1962.636857882289
49376,1962.636857882289
49377,1962.636857882289
49378,1962.636857882289
49379,1962.636857882289
49380,1962.636857882289
49381,1962.636857882289
49382,1962.636857882289
49383,1962.636857882289
49384,1962.636857882289
49385,1962.636857882289
49386,1962.636857882289
49387,1962.636857882289
49388,1962.636857882289
49389,1962.636857882289
49390,1962.636857882289
49391,1962.636857882289
49392,1962.636857882289
49393,1962.636857882289
49394,1962.636857882289
49395,1962.636857882289
49396,1962.636857882289
49397,1962.636857882289
49398,1962.636857882289
49399,1962.636857882289
49400,1962.636857882289
49401,1962.636857882289
49402,1962.636857882289
49403,1962.636857882289
49404,1962.636857882289
49405,1962.636857882289
49406,1962.636857882289
49407,1962.636857882289
49408,1962.636857882289
49409,1962.636857882289
49410,1962.636857882289
49411,1962.636857882289
49412,1962.636857882289
49413,1962.636857882289
49414,1962.636857882289
49415,1962.636857882289
49416,1962.636857882289
49417,1962.636857882289
49418,1962.636857882289
49419,1962.636857882289
49420,1962.636857882289
49421,1962.636857882289
49422,1962.636857882289
49423,1962.636857882289
49424,1962.636857882289
49425,1962.636857882289
49426,1962.636857882289
49427,1962.636857882289
49428,1962.636857882289
49429,1962.636857882289
49430,1962.636857882289
49431,1962.636857882289
49432,1962.636857882289
49433,1962.636857882289
49434,1962.636857882289
49435,1962.636857882289
49436,1962.636857882289
49437,1962.636857882289
49438,1962.636857882289
49439,1962.636857882289
49440,1962.636857882289
49441,1962.636857882289
49442,1962.636857882289
49443,1962.636857882289
49444,1962.636857882289
49445,1962.636857882289
49446,1962.636857882289
49447,1962.636857882289
49448,1962.636857882289
49449,1962.636857882289
49450,1962.636857882289
49451,1962.636857882289
49452,1962.636857882289
49453,1962.636857882289
49454,1962.636857882289
49455,1962.636857882289
49456,1962.636857882289
49457,1962.636857882289
49458,1962.636857882289
49459,1962.636857882289
49460,1962.636857882289
49461,1962.636857882289
49462,1962.636857882289
49463,1962.636857882289
49464,1962.636857882289
49465,1962.636857882289
49466,1962.636857882289
49467,1962.636857882289
49468,1962.636857882289
49469,1962.636857882289
49470,1962.636857882289
49471,1962.636857882289
49472,1962.636857882289
49473,1962.636857882289
49474,1962.636857882289
49475,1962.636857882289
49476,1962.636857882289
49477,1962.636857882289
49478,1962.636857882289
49479,1962.636857882289
49480,1962.636857882289
49481,1962.636857882289
49482,1962.636857882289
49483,1962.636857882289
49484,1962.636857882289
49485,1962.636857882289
49486,1962.636857882289
49487,1962.636857882289
49488,1962.636857882289
49489,1962.636857882289
49490,1962.636857882289
49491,1962.636857882289
49492,1962.636857882289
49493,1962.636857882289
49494,1962.636857882289
49495,1962.636857882289
49496,1962.636857882289
49497,1962.636857882289
49498,1962.636857882289
49499,1962.636857882289
49500,1962.636857882289
49501,1962.636857882289
49502,1962.636857882289
49503,1962.636857882289
49504,1962.636857882289
49505,1962.636857882289
49506,1962.636857882289
49507,1962.636857882289
49508,1962.636857882289
49509,1962.636857882289
49510,1962.636857882289
49511,1962.636857882289
49512,1962.636857882289
49513,1962.636857882289
49514,1962.636857882289
49515,1962.636857882289
49516,1962.636857882289
49517,1962.636857882289
49518,1962.636857882289
49519,1962.636857882289
49520,1962.636857882289
49521,1962.636857882289
49522,1962.636857882289
49523,1962.636857882289
49524,1962.636857882289
49525,1962.636857882289
49526,1962.636857882289
49527,1962.636857882289
49528,1962.636857882289
49529,1962.636857882289
49530,1962.636857882289
49531,1962.636857882289
49532,1962.636857882289
49533,1962.636857882289
49534,1962.636857882289
49535,1962.636857882289
49536,1962.636857882289
49537,1962.636857882289
49538,1962.636857882289
49539,1962.636857882289
49540,1962.636857882289
49541,1962.636857882289
49542,1962.636857882289
49543,1962.636857882289
49544,1962.636857882289
49545,1962.636857882289
49546,1962.636857882289
49547,1962.636857882289
49548,1962.636857882289
49549,1962.636857882289
49550,1962.636857882289
49551,1962.636857882289
49552,1962.636857882289
49553,1962.636857882289
49554,1962.636857882289
49555,1962.636857882289
49556,1962.636857882289
49557,1962.636857882289
49558,1962.636857882289
49559,1962.636857882289
49560,1962.636857882289
49561,1962.636857882289
49562,1962.636857882289
49563,1962.636857882289
49564,1962.636857882289
49565,1962.636857882289
49566,1962.636857882289
49567,1962.636857882289
49568,1962.636857882289
49569,1962.636857882289
49570,1962.636857882289
49571,1962.636857882289
49572,1962.636857882289
49573,1962.636857882289
49574,1962.636857882289
49575,1962.636857882289
49576,1962.636857882289
49577,1962.636857882289
49578,1962.636857882289
49579,1962.636857882289
49580,1962.636857882289
49581,1962.636857882289
49582,1962.636857882289
49583,1962.636857882289
49584,1962.636857882289
49585,1962.636857882289
49586,1962.636857882289
49587,1962.636857882289
49588,1962.636857882289
49589,1962.636857882289
49590,1962.636857882289
49591,1962.636857882289
49592,1962.636857882289
49593,1962.636857882289
49594,1962.636857882289
49595,1962.636857882289
49596,1962.636857882289
49597,1962.636857882289
49598,1962.636857882289
49599,1962.636857882289
49600,1962.636857882289
49601,1962.636857882289
49602,1962.636857882289
49603,1962.636857882289
49604,1962.636857882289
49605,1962.636857882289
49606,1962.636857882289
49607,1962.636857882289
49608,1962.636857882289
49609,1962.636857882289
49610,1962.636857882289
49611,1962.636857882289
49612,1962.636857882289
49613,1962.636857882289
49614,1962.636857882289
49615,1962.636857882289
49616,1962.636857882289
49617,1962.636857882289
49618,1962.636857882289
49619,1962.636857882289
49620,1962.636857882289
49621,1962.636857882289
49622,1962.636857882289
49623,1962.636857882289
49624,1962.636857882289
49625,1962.636857882289
49626,1962.636857882289
49627,1962.636857882289
49628,1962.636857882289
49629,1962.636857882289
49630,1962.636857882289
49631,1962.636857882289
49632,1962.636857882289
49633,1962.636857882289
49634,1962.636857882289
49635,1962.636857882289
49636,1962.636857882289
49637,1962.636857882289
49638,1962.636857882289
49639,1962.636857882289
49640,1962.636857882289
49641,1962.636857882289
49642,1962.636857882289
49643,1962.636857882289
49644,1962.636857882289
49645,1962.636857882289
49646,1962.636857882289
49647,1962.636857882289
49648,1962.636857882289
49649,1962.636857882289
49650,1962.636857882289
49651,1962.636857882289
49652,1962.636857882289
49653,1962.636857882289
49654,1962.636857882289
49655,1962.636857882289
49656,1962.636857882289
49657,1962.636857882289
49658,1962.636857882289
49659,1962.636857882289
49660,1962.636857882289
49661,1962.636857882289
49662,1962.636857882289
49663,1962.636857882289
49664,1962.636857882289
49665,1962.636857882289
49666,1962.636857882289
49667,1962.636857882289
49668,1962.636857882289
49669,1962.636857882289
49670,1962.636857882289
49671,1962.636857882289
49672,1962.636857882289
49673,1962.636857882289
49674,1962.636857882289
49675,1962.636857882289
49676,1962.636857882289
49677,1962.636857882289
49678,1962.636857882289
49679,1962.636857882289
49680,1962.636857882289
49681,1962.636857882289
49682,1962.636857882289
49683,1962.636857882289
49684,1962.636857882289
49685,1962.636857882289
49686,1962.636857882289
49687,1962.636857882289
49688,1962.636857882289
49689,1962.636857882289
49690,1962.636857882289
49691,1962.636857882289
49692,1962.636857882289
49693,1962.636857882289
49694,1962.636857882289
49695,1962.636857882289
49696,1962.636857882289
49697,1962.636857882289
49698,1962.636857882289
49699,1962.636857882289
49700,1962.636857882289
49701,1962.636857882289
49702,1962.636857882289
49703,1962.636857882289
49704,1962.636857882289
49705,1962.636857882289
49706,1962.636857882289
49707,1962.636857882289
49708,1962.636857882289
49709,1962.636857882289
49710,1962.636857882289
49711,1962.636857882289
49712,1962.636857882289
49713,1962.636857882289
49714,1962.636857882289
49715,1962.636857882289
49716,1962.636857882289
49717,1962.636857882289
49718,1962.636857882289
49719,1962.636857882289
49720,1962.636857882289
49721,1962.636857882289
49722,1962.636857882289
49723,1962.636857882289
49724,1962.636857882289
49725,1962.636857882289
49726,1962.636857882289
49727,1962.636857882289
49728,1962.636857882289
49729,1962.636857882289
49730,1962.636857882289
49731,1962.636857882289
49732,1962.636857882289
49733,1962.636857882289
49734,1962.636857882289
49735,1962.636857882289
49736,1962.636857882289
49737,1962.636857882289
49738,1962.636857882289
49739,1962.636857882289
49740,1962.636857882289
49741,1962.636857882289
49742,1962.636857882289
49743,1962.636857882289
49744,1962.636857882289
49745,1962.636857882289
49746,1962.636857882289
49747,1962.636857882289
49748,1962.636857882289
49749,1962.636857882289
49750,1962.636857882289
49751,1962.636857882289
49752,1962.636857882289
49753,1962.636857882289
49754,1962.636857882289
49755,1962.636857882289
49756,1962.636857882289
49757,1962.636857882289
49758,1962.636857882289
49759,1962.636857882289
49760,1962.636857882289
49761,1962.636857882289
49762,1962.636857882289
49763,1962.636857882289
49764,1962.636857882289
49765,1962.636857882289
49766,1962.636857882289
49767,1962.636857882289
49768,1962.636857882289
49769,1962.636857882289
49770,1962.636857882289
49771,1962.636857882289
49772,1962.636857882289
49773,1962.636857882289
49774,1962.636857882289
49775,1962.636857882289
49776,1962.636857882289
49777,1962.636857882289
49778,1962.636857882289
49779,1962.636857882289
49780,1962.636857882289
49781,1962.636857882289
49782,1962.636857882289
49783,1962.636857882289
49784,1962.636857882289
49785,1962.636857882289
49786,1962.636857882289
49787,1962.636857882289
49788,1962.636857882289
49789,1962.636857882289
49790,1962.636857882289
49791,1962.636857882289
49792,1962.636857882289
49793,1962.636857882289
49794,1962.636857882289
49795,1962.636857882289
49796,1962.636857882289
49797,1962.636857882289
49798,1962.636857882289
49799,1962.636857882289
49800,1962.636857882289
49801,1962.636857882289
49802,1962.636857882289
49803,1962.636857882289
49804,1962.636857882289
49805,1962.636857882289
49806,1962.636857882289
49807,1962.636857882289
49808,1962.636857882289
49809,1962.636857882289
49810,1962.636857882289
49811,1962.636857882289
49812,1962.636857882289
49813,1962.636857882289
49814,1962.636857882289
49815,1962.636857882289
49816,1962.636857882289
49817,1962.636857882289
49818,1962.636857882289
49819,1962.636857882289
49820,1962.636857882289
49821,1962.636857882289
49822,1962.636857882289
49823,1962.636857882289
49824,1962.636857882289
49825,1962.636857882289
49826,1962.636857882289
49827,1962.636857882289
49828,1962.636857882289
49829,1962.636857882289
49830,1962.636857882289
49831,1962.636857882289
49832,1962.636857882289
49833,1962.636857882289
49834,1962.636857882289
49835,1962.636857882289
49836,1962.636857882289
49837,1962.636857882289
49838,1962.636857882289
49839,1962.636857882289
49840,1962.636857882289
49841,1962.636857882289
49842,1962.636857882289
49843,1962.636857882289
49844,1962.636857882289
49845,1962.636857882289
49846,1962.636857882289
49847,1962.636857882289
49848,1962.636857882289
49849,1962.636857882289
49850,1962.636857882289
49851,1962.636857882289
49852,1962.636857882289
49853,1962.636857882289
49854,1962.636857882289
49855,1962.636857882289
49856,1962.636857882289
49857,1962.636857882289
49858,1962.636857882289
49859,1962.636857882289
49860,1962.636857882289
49861,1962.636857882289
49862,1962.636857882289
49863,1962.636857882289
49864,1962.636857882289
49865,1962.636857882289
49866,1962.636857882289
49867,1962.636857882289
49868,1962.636857882289
49869,1962.636857882289
49870,1962.636857882289
49871,1962.636857882289
49872,1962.636857882289
49873,1962.636857882289
49874,1962.636857882289
49875,1962.636857882289
49876,1962.636857882289
49877,1962.636857882289
49878,1962.636857882289
49879,1962.636857882289
49880,1962.636857882289
49881,1962.636857882289
49882,1962.636857882289
49883,1962.636857882289
49884,1962.636857882289
49885,1962.636857882289
49886,1962.636857882289
49887,1962.636857882289
49888,1962.636857882289
49889,1962.636857882289
49890,1962.636857882289
49891,1962.636857882289
49892,1962.636857882289
49893,1962.636857882289
49894,1962.636857882289
49895,1962.636857882289
49896,1962.636857882289
49897,1962.636857882289
49898,1962.636857882289
49899,1962.636857882289
49900,1962.636857882289
49901,1962.636857882289
49902,1962.636857882289
49903,1962.636857882289
49904,1962.636857882289
49905,1962.636857882289
49906,1962.636857882289
49907,1962.636857882289
49908,1962.636857882289
49909,1962.636857882289
49910,1962.636857882289
49911,1962.636857882289
49912,1962.636857882289
49913,1962.636857882289
49914,1962.636857882289
49915,1962.636857882289
49916,1962.636857882289
49917,1962.636857882289
49918,1962.636857882289
49919,1962.636857882289
49920,1962.636857882289
49921,1962.636857882289
49922,1962.636857882289
49923,1962.636857882289
49924,1962.636857882289
49925,1962.636857882289
49926,1962.636857882289
49927,1962.636857882289
49928,1962.636857882289
49929,1962.636857882289
49930,1962.636857882289
49931,1962.636857882289
49932,1962.636857882289
49933,1962.636857882289
49934,1962.636857882289
49935,1962.636857882289
49936,1962.636857882289
49937,1962.636857882289
49938,1962.636857882289
49939,1962.636857882289
49940,1962.636857882289
49941,1962.636857882289
49942,1962.636857882289
49943,1962.636857882289
49944,1962.636857882289
49945,1962.636857882289
49946,1962.636857882289
49947,1962.636857882289
49948,1962.636857882289
49949,1962.636857882289
49950,1962.636857882289
49951,1962.636857882289
49952,1962.636857882289
49953,1962.636857882289
49954,1962.636857882289
49955,1962.636857882289
49956,1962.636857882289
49957,1962.636857882289
49958,1962.636857882289
49959,1962.636857882289
49960,1962.636857882289
49961,1962.636857882289
49962,1962.636857882289
49963,1962.636857882289
49964,1962.636857882289
49965,1962.636857882289
49966,1962.636857882289
49967,1962.636857882289
49968,1962.636857882289
49969,1962.636857882289
49970,1962.636857882289
49971,1962.636857882289
49972,1962.636857882289
49973,1962.636857882289
49974,1962.636857882289
49975,1962.636857882289
49976,1962.636857882289
49977,1962.636857882289
49978,1962.636857882289
49979,1962.636857882289
49980,1962.636857882289
49981,1962.636857882289
49982,1962.636857882289
49983,1962.636857882289
49984,1962.636857882289
49985,1962.636857882289
49986,1962.636857882289
49987,1962.636857882289
49988,1962.636857882289
49989,1962.636857882289
49990,1962.636857882289
49991,1962.636857882289
49992,1962.636857882289
49993,1962.636857882289
49994,1962.636857882289
49995,1962.636857882289
49996,1962.636857882289
49997,1962.636857882289
49998,1962.636857882289
49999,1962.636857882289
50000,1962.636857882289
50001,1962.636857882289
50002,1962.636857882289
50003,1962.636857882289
50004,1962.636857882289
50005,1962.636857882289
50006,1962.636857882289
50007,1962.636857882289
50008,1962.636857882289
50009,1962.636857882289
50010,1962.636857882289
50011,1962.636857882289
50012,1962.636857882289
50013,1962.636857882289
50014,1962.636857882289
50015,1962.636857882289
50016,1962.636857882289
50017,1962.636857882289
50018,1962.636857882289
50019,1962.636857882289
50020,1962.636857882289
50021,1962.636857882289
50022,1962.636857882289
50023,1962.636857882289
50024,1962.636857882289
50025,1962.636857882289
50026,1962.636857882289
50027,1962.636857882289
50028,1962.636857882289
50029,1962.636857882289
50030,1962.636857882289
50031,1962.636857882289
50032,1962.636857882289
50033,1962.636857882289
50034,1962.636857882289
50035,1962.636857882289
50036,1962.636857882289
50037,1962.636857882289
50038,1962.636857882289
50039,1962.636857882289
50040,1962.636857882289
50041,1962.636857882289
50042,1962.636857882289
50043,1962.636857882289
50044,1962.636857882289
50045,1962.636857882289
50046,1962.636857882289
50047,1962.636857882289
50048,1962.636857882289
50049,1962.636857882289
50050,1962.636857882289
50051,1962.636857882289
50052,1962.636857882289
50053,1962.636857882289
50054,1962.636857882289
50055,1962.636857882289
50056,1962.636857882289
50057,1962.636857882289
50058,1962.636857882289
50059,1962.636857882289
50060,1962.636857882289
50061,1962.636857882289
50062,1962.636857882289
50063,1962.636857882289
50064,1962.636857882289
50065,1962.636857882289
50066,1962.636857882289
50067,1962.636857882289
50068,1962.636857882289
50069,1962.636857882289
50070,1962.636857882289
50071,1962.636857882289
50072,1962.636857882289
50073,1962.636857882289
50074,1962.636857882289
50075,1962.636857882289
50076,1962.636857882289
50077,1962.636857882289
50078,1962.636857882289
50079,1962.636857882289
50080,1962.636857882289
50081,1962.636857882289
50082,1962.636857882289
50083,1962.636857882289
50084,1962.636857882289
50085,1962.636857882289
50086,1962.636857882289
50087,1962.636857882289
50088,1962.636857882289
50089,1962.636857882289
50090,1962.636857882289
50091,1962.636857882289
50092,1962.636857882289
50093,1962.636857882289
50094,1962.636857882289
50095,1962.636857882289
50096,1962.636857882289
50097,1962.636857882289
50098,1962.636857882289
50099,1962.636857882289
50100,1962.636857882289
50101,1962.636857882289
50102,1962.636857882289
50103,1962.636857882289
50104,1962.636857882289
50105,1962.636857882289
50106,1962.636857882289
50107,1962.636857882289
50108,1962.636857882289
50109,1962.636857882289
50110,1962.636857882289
50111,1962.636857882289
50112,1962.636857882289
50113,1962.636857882289
50114,1962.636857882289
50115,1962.636857882289
50116,1962.636857882289
50117,1962.636857882289
50118,1962.636857882289
50119,1962.636857882289
50120,1962.636857882289
50121,1962.636857882289
50122,1962.636857882289
50123,1962.636857882289
50124,1962.636857882289
50125,1962.636857882289
50126,1962.636857882289
50127,1962.636857882289
50128,1962.636857882289
50129,1962.636857882289
50130,1962.636857882289
50131,1962.636857882289
50132,1962.636857882289
50133,1962.636857882289
50134,1962.636857882289
50135,1962.636857882289
50136,1962.636857882289
50137,1962.636857882289
50138,1962.636857882289
50139,1962.636857882289
50140,1962.636857882289
50141,1962.636857882289
50142,1962.636857882289
50143,1962.636857882289
50144,1962.636857882289
50145,1962.636857882289
50146,1962.636857882289
50147,1962.636857882289
50148,1962.636857882289
50149,1962.636857882289
50150,1962.636857882289
50151,1962.636857882289
50152,1962.636857882289
50153,1962.636857882289
50154,1962.636857882289
50155,1962.636857882289
50156,1962.636857882289
50157,1962.636857882289
50158,1962.636857882289
50159,1962.636857882289
50160,1962.636857882289
50161,1962.636857882289
50162,1962.636857882289
50163,1962.636857882289
50164,1962.636857882289
50165,1962.636857882289
50166,1962.636857882289
50167,1962.636857882289
50168,1962.636857882289
50169,1962.636857882289
50170,1962.636857882289
50171,1962.636857882289
50172,1962.636857882289
50173,1962.636857882289
50174,1962.636857882289
50175,1962.636857882289
50176,1962.636857882289
50177,1962.636857882289
50178,1962.636857882289
50179,1962.636857882289
50180,1962.636857882289
50181,1962.636857882289
50182,1962.636857882289
50183,1962.636857882289
50184,1962.636857882289
50185,1962.636857882289
50186,1962.636857882289
50187,1962.636857882289
50188,1962.636857882289
50189,1962.636857882289
50190,1962.636857882289
50191,1962.636857882289
50192,1962.636857882289
50193,1962.636857882289
50194,1962.636857882289
50195,1962.636857882289
50196,1962.636857882289
50197,1962.636857882289
50198,1962.636857882289
50199,1962.636857882289
50200,1962.636857882289
50201,1962.636857882289
50202,1962.636857882289
50203,1962.636857882289
50204,1962.636857882289
50205,1962.636857882289
50206,1962.636857882289
50207,1962.636857882289
50208,1962.636857882289
50209,1962.636857882289
50210,1962.636857882289
50211,1962.636857882289
50212,1962.636857882289
50213,1962.636857882289
50214,1962.636857882289
50215,1962.636857882289
50216,1962.636857882289
50217,1962.636857882289
50218,1962.636857882289
50219,1962.636857882289
50220,1962.636857882289
50221,1962.636857882289
50222,1962.636857882289
50223,1962.636857882289
50224,1962.636857882289
50225,1962.636857882289
50226,1962.636857882289
50227,1962.636857882289
50228,1962.636857882289
50229,1962.636857882289
50230,1962.636857882289
50231,1962.636857882289
50232,1962.636857882289
50233,1962.636857882289
50234,1962.636857882289
50235,1962.636857882289
50236,1962.636857882289
50237,1962.636857882289
50238,1962.636857882289
50239,1962.636857882289
50240,1962.636857882289
50241,1962.636857882289
50242,1962.636857882289
50243,1962.636857882289
50244,1962.636857882289
50245,1962.636857882289
50246,1962.636857882289
50247,1962.636857882289
50248,1962.636857882289
50249,1962.636857882289
50250,1962.636857882289
50251,1962.636857882289
50252,1962.636857882289
50253,1962.636857882289
50254,1962.636857882289
50255,1962.636857882289
50256,1962.636857882289
50257,1962.636857882289
50258,1962.636857882289
50259,1962.636857882289
50260,1962.636857882289
50261,1962.636857882289
50262,1962.636857882289
50263,1962.636857882289
50264,1962.636857882289
50265,1962.636857882289
50266,1962.636857882289
50267,1962.636857882289
50268,1962.636857882289
50269,1962.636857882289
50270,1962.636857882289
50271,1962.636857882289
50272,1962.636857882289
50273,1962.636857882289
50274,1962.636857882289
50275,1962.636857882289
50276,1962.636857882289
50277,1962.636857882289
50278,1962.636857882289
50279,1962.636857882289
50280,1962.636857882289
50281,1962.636857882289
50282,1962.636857882289
50283,1962.636857882289
50284,1962.636857882289
50285,1962.636857882289
50286,1962.636857882289
50287,1962.636857882289
50288,1962.636857882289
50289,1962.636857882289
50290,1962.636857882289
50291,1962.636857882289
50292,1962.636857882289
50293,1962.636857882289
50294,1962.636857882289
50295,1962.636857882289
50296,1962.636857882289
50297,1962.636857882289
50298,1962.636857882289
50299,1962.636857882289
50300,1962.636857882289
50301,1962.636857882289
50302,1962.636857882289
50303,1962.636857882289
50304,1962.636857882289
50305,1962.636857882289
50306,1962.636857882289
50307,1962.636857882289
50308,1962.636857882289
50309,1962.636857882289
50310,1962.636857882289
50311,1962.636857882289
50312,1962.636857882289
50313,1962.636857882289
50314,1962.636857882289
50315,1962.636857882289
50316,1962.636857882289
50317,1962.636857882289
50318,1962.636857882289
50319,1962.636857882289
50320,1962.636857882289
50321,1962.636857882289
50322,1962.636857882289
50323,1962.636857882289
50324,1962.636857882289
50325,1962.636857882289
50326,1962.636857882289
50327,1962.636857882289
50328,1962.636857882289
50329,1962.636857882289
50330,1962.636857882289
50331,1962.636857882289
50332,1962.636857882289
50333,1962.636857882289
50334,1962.636857882289
50335,1962.636857882289
50336,1962.636857882289
50337,1962.636857882289
50338,1962.636857882289
50339,1962.636857882289
50340,1962.636857882289
50341,1962.636857882289
50342,1962.636857882289
50343,1962.636857882289
50344,1962.636857882289
50345,1962.636857882289
50346,1962.636857882289
50347,1962.636857882289
50348,1962.636857882289
50349,1962.636857882289
50350,1962.636857882289
50351,1962.636857882289
50352,1962.636857882289
50353,1962.636857882289
50354,1962.636857882289
50355,1962.636857882289
50356,1962.636857882289
50357,1962.636857882289
50358,1962.636857882289
50359,1962.636857882289
50360,1962.636857882289
50361,1962.636857882289
50362,1962.636857882289
50363,1962.636857882289
50364,1962.636857882289
50365,1962.636857882289
50366,1962.636857882289
50367,1962.636857882289
50368,1962.636857882289
50369,1962.636857882289
50370,1962.636857882289
50371,1962.636857882289
50372,1962.636857882289
50373,1962.636857882289
50374,1962.636857882289
50375,1962.636857882289
50376,1962.636857882289
50377,1962.636857882289
50378,1962.636857882289
50379,1962.636857882289
50380,1962.636857882289
50381,1962.636857882289
50382,1962.636857882289
50383,1962.636857882289
50384,1962.636857882289
50385,1962.636857882289
50386,1962.636857882289
50387,1962.636857882289
50388,1962.636857882289
50389,1962.636857882289
50390,1962.636857882289
50391,1962.636857882289
50392,1962.636857882289
50393,1962.636857882289
50394,1962.636857882289
50395,1962.636857882289
50396,1962.636857882289
50397,1962.636857882289
50398,1962.636857882289
50399,1962.636857882289
50400,1962.636857882289
50401,1962.636857882289
50402,1962.636857882289
50403,1962.636857882289
50404,1962.636857882289
50405,1962.636857882289
50406,1962.636857882289
50407,1962.636857882289
50408,1962.636857882289
50409,1962.636857882289
50410,1962.636857882289
50411,1962.636857882289
50412,1962.636857882289
50413,1962.636857882289
50414,1962.636857882289
50415,1962.636857882289
50416,1962.636857882289
50417,1962.636857882289
50418,1962.636857882289
50419,1962.636857882289
50420,1962.636857882289
50421,1962.636857882289
50422,1962.636857882289
50423,1962.636857882289
50424,1962.636857882289
50425,1962.636857882289
50426,1962.636857882289
50427,1962.636857882289
50428,1962.636857882289
50429,1962.636857882289
50430,1962.636857882289
50431,1962.636857882289
50432,1962.636857882289
50433,1962.636857882289
50434,1962.636857882289
50435,1962.636857882289
50436,1962.636857882289
50437,1962.636857882289
50438,1962.636857882289
50439,1962.636857882289
50440,1962.636857882289
50441,1962.636857882289
50442,1962.636857882289
50443,1962.636857882289
50444,1962.636857882289
50445,1962.636857882289
50446,1962.636857882289
50447,1962.636857882289
50448,1962.636857882289
50449,1962.636857882289
50450,1962.636857882289
50451,1962.636857882289
50452,1962.636857882289
50453,1962.636857882289
50454,1962.636857882289
50455,1962.636857882289
50456,1962.636857882289
50457,1962.636857882289
50458,1962.636857882289
50459,1962.636857882289
50460,1962.636857882289
50461,1962.636857882289
50462,1962.636857882289
50463,1962.636857882289
50464,1962.636857882289
50465,1962.636857882289
50466,1962.636857882289
50467,1962.636857882289
50468,1962.636857882289
50469,1962.636857882289
50470,1962.636857882289
50471,1962.636857882289
50472,1962.636857882289
50473,1962.636857882289
50474,1962.636857882289
50475,1962.636857882289
50476,1962.636857882289
50477,1962.636857882289
50478,1962.636857882289
50479,1962.636857882289
50480,1962.636857882289
50481,1962.636857882289
50482,1962.636857882289
50483,1962.636857882289
50484,1962.636857882289
50485,1962.636857882289
50486,1962.636857882289
50487,1962.636857882289
50488,1962.636857882289
50489,1962.636857882289
50490,1962.636857882289
50491,1962.636857882289
50492,1962.636857882289
50493,1962.636857882289
50494,1962.636857882289
50495,1962.636857882289
50496,1962.636857882289
50497,1962.636857882289
50498,1962.636857882289
50499,1962.636857882289
50500,1962.636857882289
50501,1962.636857882289
50502,1962.636857882289
50503,1962.636857882289
50504,1962.636857882289
50505,1962.636857882289
50506,1962.636857882289
50507,1962.636857882289
50508,1962.636857882289
50509,1962.636857882289
50510,1962.636857882289
50511,1962.636857882289
50512,1962.636857882289
50513,1962.636857882289
50514,1962.636857882289
50515,1962.636857882289
50516,1962.636857882289
50517,1962.636857882289
50518,1962.636857882289
50519,1962.636857882289
50520,1962.636857882289
50521,1962.636857882289
50522,1962.636857882289
50523,1962.636857882289
50524,1962.636857882289
50525,1962.636857882289
50526,1962.636857882289
50527,1962.636857882289
50528,1962.636857882289
50529,1962.636857882289
50530,1962.636857882289
50531,1962.636857882289
50532,1962.636857882289
50533,1962.636857882289
50534,1962.636857882289
50535,1962.636857882289
50536,1962.636857882289
50537,1962.636857882289
50538,1962.636857882289
50539,1962.636857882289
50540,1962.636857882289
50541,1962.636857882289
50542,1962.636857882289
50543,1962.636857882289
50544,1962.636857882289
50545,1962.636857882289
50546,1962.636857882289
50547,1962.636857882289
50548,1962.636857882289
50549,1962.636857882289
50550,1962.636857882289
50551,1962.636857882289
50552,1962.636857882289
50553,1962.636857882289
50554,1962.636857882289
50555,1962.636857882289
50556,1962.636857882289
50557,1962.636857882289
50558,1962.636857882289
50559,1962.636857882289
50560,1962.636857882289
50561,1962.636857882289
50562,1962.636857882289
50563,1962.636857882289
50564,1962.636857882289
50565,1962.636857882289
50566,1962.636857882289
50567,1962.636857882289
50568,1962.636857882289
50569,1962.636857882289
50570,1962.636857882289
50571,1962.636857882289
50572,1962.636857882289
50573,1962.636857882289
50574,1962.636857882289
50575,1962.636857882289
50576,1962.636857882289
50577,1962.636857882289
50578,1962.636857882289
50579,1962.636857882289
50580,1962.636857882289
50581,1962.636857882289
50582,1962.636857882289
50583,1962.636857882289
50584,1962.636857882289
50585,1962.636857882289
50586,1962.636857882289
50587,1962.636857882289
50588,1962.636857882289
50589,1962.636857882289
50590,1962.636857882289
50591,1962.636857882289
50592,1962.636857882289
50593,1962.636857882289
50594,1962.636857882289
50595,1962.636857882289
50596,1962.636857882289
50597,1962.636857882289
50598,1962.636857882289
50599,1962.636857882289
50600,1962.636857882289
50601,1962.636857882289
50602,1962.636857882289
50603,1962.636857882289
50604,1962.636857882289
50605,1962.636857882289
50606,1962.636857882289
50607,1962.636857882289
50608,1962.636857882289
50609,1962.636857882289
50610,1962.636857882289
50611,1962.636857882289
50612,1962.636857882289
50613,1962.636857882289
50614,1962.636857882289
50615,1962.636857882289
50616,1962.636857882289
50617,1962.636857882289
50618,1962.636857882289
50619,1962.636857882289
50620,1962.636857882289
50621,1962.636857882289
50622,1962.636857882289
50623,1962.636857882289
50624,1962.636857882289
50625,1962.636857882289
50626,1962.636857882289
50627,1962.636857882289
50628,1962.636857882289
50629,1962.636857882289
50630,1962.636857882289
50631,1962.636857882289
50632,1962.636857882289
50633,1962.636857882289
50634,1962.636857882289
50635,1962.636857882289
50636,1962.636857882289
50637,1962.636857882289
50638,1962.636857882289
50639,1962.636857882289
50640,1962.636857882289
50641,1962.636857882289
50642,1962.636857882289
50643,1962.636857882289
50644,1962.636857882289
50645,1962.636857882289
50646,1962.636857882289
50647,1962.636857882289
50648,1962.636857882289
50649,1962.636857882289
50650,1962.636857882289
50651,1962.636857882289
50652,1962.636857882289
50653,1962.636857882289
50654,1962.636857882289
50655,1962.636857882289
50656,1962.636857882289
50657,1962.636857882289
50658,1962.636857882289
50659,1962.636857882289
50660,1962.636857882289
50661,1962.636857882289
50662,1962.636857882289
50663,1962.636857882289
50664,1962.636857882289
50665,1962.636857882289
50666,1962.636857882289
50667,1962.636857882289
50668,1962.636857882289
50669,1962.636857882289
50670,1962.636857882289
50671,1962.636857882289
50672,1962.636857882289
50673,1962.636857882289
50674,1962.636857882289
50675,1962.636857882289
50676,1962.636857882289
50677,1962.636857882289
50678,1962.636857882289
50679,1962.636857882289
50680,1962.636857882289
50681,1962.636857882289
50682,1962.636857882289
50683,1962.636857882289
50684,1962.636857882289
50685,1962.636857882289
50686,1962.636857882289
50687,1962.636857882289
50688,1962.636857882289
50689,1962.636857882289
50690,1962.636857882289
50691,1962.636857882289
50692,1962.636857882289
50693,1962.636857882289
50694,1962.636857882289
50695,1962.636857882289
50696,1962.636857882289
50697,1962.636857882289
50698,1962.636857882289
50699,1962.636857882289
50700,1962.636857882289
50701,1962.636857882289
50702,1962.636857882289
50703,1962.636857882289
50704,1962.636857882289
50705,1962.636857882289
50706,1962.636857882289
50707,1962.636857882289
50708,1962.636857882289
50709,1962.636857882289
50710,1962.636857882289
50711,1962.636857882289
50712,1962.636857882289
50713,1962.636857882289
50714,1962.636857882289
50715,1962.636857882289
50716,1962.636857882289
50717,1962.636857882289
50718,1962.636857882289
50719,1962.636857882289
50720,1962.636857882289
50721,1962.636857882289
50722,1962.636857882289
50723,1962.636857882289
50724,1962.636857882289
50725,1962.636857882289
50726,1962.636857882289
50727,1962.636857882289
50728,1962.636857882289
50729,1962.636857882289
50730,1962.636857882289
50731,1962.636857882289
50732,1962.636857882289
50733,1962.636857882289
50734,1962.636857882289
50735,1962.636857882289
50736,1962.636857882289
50737,1962.636857882289
50738,1962.636857882289
50739,1962.636857882289
50740,1962.636857882289
50741,1962.636857882289
50742,1962.636857882289
50743,1962.636857882289
50744,1962.636857882289
50745,1962.636857882289
50746,1962.636857882289
50747,1962.636857882289
50748,1962.636857882289
50749,1962.636857882289
50750,1962.636857882289
50751,1962.636857882289
50752,1962.636857882289
50753,1962.636857882289
50754,1962.636857882289
50755,1962.636857882289
50756,1962.636857882289
50757,1962.636857882289
50758,1962.636857882289
50759,1962.636857882289
50760,1962.636857882289
50761,1962.636857882289
50762,1962.636857882289
50763,1962.636857882289
50764,1962.636857882289
50765,1962.636857882289
50766,1962.636857882289
50767,1962.636857882289
50768,1962.636857882289
50769,1962.636857882289
50770,1962.636857882289
50771,1962.636857882289
50772,1962.636857882289
50773,1962.636857882289
50774,1962.636857882289
50775,1962.636857882289
50776,1962.636857882289
50777,1962.636857882289
50778,1962.636857882289
50779,1962.636857882289
50780,1962.636857882289
50781,1962.636857882289
50782,1962.636857882289
50783,1962.636857882289
50784,1962.636857882289
50785,1962.636857882289
50786,1962.636857882289
50787,1962.636857882289
50788,1962.636857882289
50789,1962.636857882289
50790,1962.636857882289
50791,1962.636857882289
50792,1962.636857882289
50793,1962.636857882289
50794,1962.636857882289
50795,1962.636857882289
50796,1962.636857882289
50797,1962.636857882289
50798,1962.636857882289
50799,1962.636857882289
50800,1962.636857882289
50801,1962.636857882289
50802,1962.636857882289
50803,1962.636857882289
50804,1962.636857882289
50805,1962.636857882289
50806,1962.636857882289
50807,1962.636857882289
50808,1962.636857882289
50809,1962.636857882289
50810,1962.636857882289
50811,1962.636857882289
50812,1962.636857882289
50813,1962.636857882289
50814,1962.636857882289
50815,1962.636857882289
50816,1962.636857882289
50817,1962.636857882289
50818,1962.636857882289
50819,1962.636857882289
50820,1962.636857882289
50821,1962.636857882289
50822,1962.636857882289
50823,1962.636857882289
50824,1962.636857882289
50825,1962.636857882289
50826,1962.636857882289
50827,1962.636857882289
50828,1962.636857882289
50829,1962.636857882289
50830,1962.636857882289
50831,1962.636857882289
50832,1962.636857882289
50833,1962.636857882289
50834,1962.636857882289
50835,1962.636857882289
50836,1962.636857882289
50837,1962.636857882289
50838,1962.636857882289
50839,1962.636857882289
50840,1962.636857882289
50841,1962.636857882289
50842,1962.636857882289
50843,1962.636857882289
50844,1962.636857882289
50845,1962.636857882289
50846,1962.636857882289
50847,1962.636857882289
50848,1962.636857882289
50849,1962.636857882289
50850,1962.636857882289
50851,1962.636857882289
50852,1962.636857882289
50853,1962.636857882289
50854,1962.636857882289
50855,1962.636857882289
50856,1962.636857882289
50857,1962.636857882289
50858,1962.636857882289
50859,1962.636857882289
50860,1962.636857882289
50861,1962.636857882289
50862,1962.636857882289
50863,1962.636857882289
50864,1962.636857882289
50865,1962.636857882289
50866,1962.636857882289
50867,1962.636857882289
50868,1962.636857882289
50869,1962.636857882289
50870,1962.636857882289
50871,1962.636857882289
50872,1962.636857882289
50873,1962.636857882289
50874,1962.636857882289
50875,1962.636857882289
50876,1962.636857882289
50877,1962.636857882289
50878,1962.636857882289
50879,1962.636857882289
50880,1962.636857882289
50881,1962.636857882289
50882,1962.636857882289
50883,1962.636857882289
50884,1962.636857882289
50885,1962.636857882289
50886,1962.636857882289
50887,1962.636857882289
50888,1962.636857882289
50889,1962.636857882289
50890,1962.636857882289
50891,1962.636857882289
50892,1962.636857882289
50893,1962.636857882289
50894,1962.636857882289
50895,1962.636857882289
50896,1962.636857882289
50897,1962.636857882289
50898,1962.636857882289
50899,1962.636857882289
50900,1962.636857882289
50901,1962.636857882289
50902,1962.636857882289
50903,1962.636857882289
50904,1962.636857882289
50905,1962.636857882289
50906,1962.636857882289
50907,1962.636857882289
50908,1962.636857882289
50909,1962.636857882289
50910,1962.636857882289
50911,1962.636857882289
50912,1962.636857882289
50913,1962.636857882289
50914,1962.636857882289
50915,1962.636857882289
50916,1962.636857882289
50917,1962.636857882289
50918,1962.636857882289
50919,1962.636857882289
50920,1962.636857882289
50921,1962.636857882289
50922,1962.636857882289
50923,1962.636857882289
50924,1962.636857882289
50925,1962.636857882289
50926,1962.636857882289
50927,1962.636857882289
50928,1962.636857882289
50929,1962.636857882289
50930,1962.636857882289
50931,1962.636857882289
50932,1962.636857882289
50933,1962.636857882289
50934,1962.636857882289
50935,1962.636857882289
50936,1962.636857882289
50937,1962.636857882289
50938,1962.636857882289
50939,1962.636857882289
50940,1962.636857882289
50941,1962.636857882289
50942,1962.636857882289
50943,1962.636857882289
50944,1962.636857882289
50945,1962.636857882289
50946,1962.636857882289
50947,1962.636857882289
50948,1962.636857882289
50949,1962.636857882289
50950,1962.636857882289
50951,1962.636857882289
50952,1962.636857882289
50953,1962.636857882289
50954,1962.636857882289
50955,1962.636857882289
50956,1962.636857882289
50957,1962.636857882289
50958,1962.636857882289
50959,1962.636857882289
50960,1962.636857882289
50961,1962.636857882289
50962,1962.636857882289
50963,1962.636857882289
50964,1962.636857882289
50965,1962.636857882289
50966,1962.636857882289
50967,1962.636857882289
50968,1962.636857882289
50969,1962.636857882289
50970,1962.636857882289
50971,1962.636857882289
50972,1962.636857882289
50973,1962.636857882289
50974,1962.636857882289
50975,1962.636857882289
50976,1962.636857882289
50977,1962.636857882289
50978,1962.636857882289
50979,1962.636857882289
50980,1962.636857882289
50981,1962.636857882289
50982,1962.636857882289
50983,1962.636857882289
50984,1962.636857882289
50985,1962.636857882289
50986,1962.636857882289
50987,1962.636857882289
50988,1962.636857882289
50989,1962.636857882289
50990,1962.636857882289
50991,1962.636857882289
50992,1962.636857882289
50993,1962.636857882289
50994,1962.636857882289
50995,1962.636857882289
50996,1962.636857882289
50997,1962.636857882289
50998,1962.636857882289
50999,1962.636857882289
51000,1962.636857882289
51001,1962.636857882289
51002,1962.636857882289
51003,1962.636857882289
51004,1962.636857882289
51005,1962.636857882289
51006,1962.636857882289
51007,1962.636857882289
51008,1962.636857882289
51009,1962.636857882289
51010,1962.636857882289
51011,1962.636857882289
51012,1962.636857882289
51013,1962.636857882289
51014,1962.636857882289
51015,1962.636857882289
51016,1962.636857882289
51017,1962.636857882289
51018,1962.636857882289
51019,1962.636857882289
51020,1962.636857882289
51021,1962.636857882289
51022,1962.636857882289
51023,1962.636857882289
51024,1962.636857882289
51025,1962.636857882289
51026,1962.636857882289
51027,1962.636857882289
51028,1962.636857882289
51029,1962.636857882289
51030,1962.636857882289
51031,1962.636857882289
51032,1962.636857882289
51033,1962.636857882289
51034,1962.636857882289
51035,1962.636857882289
51036,1962.636857882289
51037,1962.636857882289
51038,1962.636857882289
51039,1962.636857882289
51040,1962.636857882289
51041,1962.636857882289
51042,1962.636857882289
51043,1962.636857882289
51044,1962.636857882289
51045,1962.636857882289
51046,1962.636857882289
51047,1962.636857882289
51048,1962.636857882289
51049,1962.636857882289
51050,1962.636857882289
51051,1962.636857882289
51052,1962.636857882289
51053,1962.636857882289
51054,1962.636857882289
51055,1962.636857882289
51056,1962.636857882289
51057,1962.636857882289
51058,1962.636857882289
51059,1962.636857882289
51060,1962.636857882289
51061,1962.636857882289
51062,1962.636857882289
51063,1962.636857882289
51064,1962.636857882289
51065,1962.636857882289
51066,1962.636857882289
51067,1962.636857882289
51068,1962.636857882289
51069,1962.636857882289
51070,1962.636857882289
51071,1962.636857882289
51072,1962.636857882289
51073,1962.636857882289
51074,1962.636857882289
51075,1962.636857882289
51076,1962.636857882289
51077,1962.636857882289
51078,1962.636857882289
51079,1962.636857882289
51080,1962.636857882289
51081,1962.636857882289
51082,1962.636857882289
51083,1962.636857882289
51084,1962.636857882289
51085,1962.636857882289
51086,1962.636857882289
51087,1962.636857882289
51088,1962.636857882289
51089,1962.636857882289
51090,1962.636857882289
51091,1962.636857882289
51092,1962.636857882289
51093,1962.636857882289
51094,1962.636857882289
51095,1962.636857882289
51096,1962.636857882289
51097,1962.636857882289
51098,1962.636857882289
51099,1962.636857882289
51100,1962.636857882289
51101,1962.636857882289
51102,1962.636857882289
51103,1962.636857882289
51104,1962.636857882289
51105,1962.636857882289
51106,1962.636857882289
51107,1962.636857882289
51108,1962.636857882289
51109,1962.636857882289
51110,1962.636857882289
51111,1962.636857882289
51112,1962.636857882289
51113,1962.636857882289
51114,1962.636857882289
51115,1962.636857882289
51116,1962.636857882289
51117,1962.636857882289
51118,1962.636857882289
51119,1962.636857882289
51120,1962.636857882289
51121,1962.636857882289
51122,1962.636857882289
51123,1962.636857882289
51124,1962.636857882289
51125,1962.636857882289
51126,1962.636857882289
51127,1962.636857882289
51128,1962.636857882289
51129,1962.636857882289
51130,1962.636857882289
51131,1962.636857882289
51132,1962.636857882289
51133,1962.636857882289
51134,1962.636857882289
51135,1962.636857882289
51136,1962.636857882289
51137,1962.636857882289
51138,1962.636857882289
51139,1962.636857882289
51140,1962.636857882289
51141,1962.636857882289
51142,1962.636857882289
51143,1962.636857882289
51144,1962.636857882289
51145,1962.636857882289
51146,1962.636857882289
51147,1962.636857882289
51148,1962.636857882289
51149,1962.636857882289
51150,1962.636857882289
51151,1962.636857882289
51152,1962.636857882289
51153,1962.636857882289
51154,1962.636857882289
51155,1962.636857882289
51156,1962.636857882289
51157,1962.636857882289
51158,1962.636857882289
51159,1962.636857882289
51160,1962.636857882289
51161,1962.636857882289
51162,1962.636857882289
51163,1962.636857882289
51164,1962.636857882289
51165,1962.636857882289
51166,1962.636857882289
51167,1962.636857882289
51168,1962.636857882289
51169,1962.636857882289
51170,1962.636857882289
51171,1962.636857882289
51172,1962.636857882289
51173,1962.636857882289
51174,1962.636857882289
51175,1962.636857882289
51176,1962.636857882289
51177,1962.636857882289
51178,1962.636857882289
51179,1962.636857882289
51180,1962.636857882289
51181,1962.636857882289
51182,1962.636857882289
51183,1962.636857882289
51184,1962.636857882289
51185,1962.636857882289
51186,1962.636857882289
51187,1962.636857882289
51188,1962.636857882289
51189,1962.636857882289
51190,1962.636857882289
51191,1962.636857882289
51192,1962.636857882289
51193,1962.636857882289
51194,1962.636857882289
51195,1962.636857882289
51196,1962.636857882289
51197,1962.636857882289
51198,1962.636857882289
51199,1962.636857882289
51200,1962.636857882289
51201,1962.636857882289
51202,1962.636857882289
51203,1962.636857882289
51204,1962.636857882289
51205,1962.636857882289
51206,1962.636857882289
51207,1962.636857882289
51208,1962.636857882289
51209,1962.636857882289
51210,1962.636857882289
51211,1962.636857882289
51212,1962.636857882289
51213,1962.636857882289
51214,1962.636857882289
51215,1962.636857882289
51216,1962.636857882289
51217,1962.636857882289
51218,1962.636857882289
51219,1962.636857882289
51220,1962.636857882289
51221,1962.636857882289
51222,1962.636857882289
51223,1962.636857882289
51224,1962.636857882289
51225,1962.636857882289
51226,1962.636857882289
51227,1962.636857882289
51228,1962.636857882289
51229,1962.636857882289
51230,1962.636857882289
51231,1962.636857882289
51232,1962.636857882289
51233,1962.636857882289
51234,1962.636857882289
51235,1962.636857882289
51236,1962.636857882289
51237,1962.636857882289
51238,1962.636857882289
51239,1962.636857882289
51240,1962.636857882289
51241,1962.636857882289
51242,1962.636857882289
51243,1962.636857882289
51244,1962.636857882289
51245,1962.636857882289
51246,1962.636857882289
51247,1962.636857882289
51248,1962.636857882289
51249,1962.636857882289
51250,1962.636857882289
51251,1962.636857882289
51252,1962.636857882289
51253,1962.636857882289
51254,1962.636857882289
51255,1962.636857882289
51256,1962.636857882289
51257,1962.636857882289
51258,1962.636857882289
51259,1962.636857882289
51260,1962.636857882289
51261,1962.636857882289
51262,1962.636857882289
51263,1962.636857882289
51264,1962.636857882289
51265,1962.636857882289
51266,1962.636857882289
51267,1962.636857882289
51268,1962.636857882289
51269,1962.636857882289
51270,1962.636857882289
51271,1962.636857882289
51272,1962.636857882289
51273,1962.636857882289
51274,1962.636857882289
51275,1962.636857882289
51276,1962.636857882289
51277,1962.636857882289
51278,1962.636857882289
51279,1962.636857882289
51280,1962.636857882289
51281,1962.636857882289
51282,1962.636857882289
51283,1962.636857882289
51284,1962.636857882289
51285,1962.636857882289
51286,1962.636857882289
51287,1962.636857882289
51288,1962.636857882289
51289,1962.636857882289
51290,1962.636857882289
51291,1962.636857882289
51292,1962.636857882289
51293,1962.636857882289
51294,1962.636857882289
51295,1962.636857882289
51296,1962.636857882289
51297,1962.636857882289
51298,1962.636857882289
51299,1962.636857882289
51300,1962.636857882289
51301,1962.636857882289
51302,1962.636857882289
51303,1962.636857882289
51304,1962.636857882289
51305,1962.636857882289
51306,1962.636857882289
51307,1962.636857882289
51308,1962.636857882289
51309,1962.636857882289
51310,1962.636857882289
51311,1962.636857882289
51312,1962.636857882289
51313,1962.636857882289
51314,1962.636857882289
51315,1962.636857882289
51316,1962.636857882289
51317,1962.636857882289
51318,1962.636857882289
51319,1962.636857882289
51320,1962.636857882289
51321,1962.636857882289
51322,1962.636857882289
51323,1962.636857882289
51324,1962.636857882289
51325,1962.636857882289
51326,1962.636857882289
51327,1962.636857882289
51328,1962.636857882289
51329,1962.636857882289
51330,1962.636857882289
51331,1962.636857882289
51332,1962.636857882289
51333,1962.636857882289
51334,1962.636857882289
51335,1962.636857882289
51336,1962.636857882289
51337,1962.636857882289
51338,1962.636857882289
51339,1962.636857882289
51340,1962.636857882289
51341,1962.636857882289
51342,1962.636857882289
51343,1962.636857882289
51344,1962.636857882289
51345,1962.636857882289
51346,1962.636857882289
51347,1962.636857882289
51348,1962.636857882289
51349,1962.636857882289
51350,1962.636857882289
51351,1962.636857882289
51352,1962.636857882289
51353,1962.636857882289
51354,1962.636857882289
51355,1962.636857882289
51356,1962.636857882289
51357,1962.636857882289
51358,1962.636857882289
51359,1962.636857882289
51360,1962.636857882289
51361,1962.636857882289
51362,1962.636857882289
51363,1962.636857882289
51364,1962.636857882289
51365,1962.636857882289
51366,1962.636857882289
51367,1962.636857882289
51368,1962.636857882289
51369,1962.636857882289
51370,1962.636857882289
51371,1962.636857882289
51372,1962.636857882289
51373,1962.636857882289
51374,1962.636857882289
51375,1962.636857882289
51376,1962.636857882289
51377,1962.636857882289
51378,1962.636857882289
51379,1962.636857882289
51380,1962.636857882289
51381,1962.636857882289
51382,1962.636857882289
51383,1962.636857882289
51384,1962.636857882289
51385,1962.636857882289
51386,1962.636857882289
51387,1962.636857882289
51388,1962.636857882289
51389,1962.636857882289
51390,1962.636857882289
51391,1962.636857882289
51392,1962.636857882289
51393,1962.636857882289
51394,1962.636857882289
51395,1962.636857882289
51396,1962.636857882289
51397,1962.636857882289
51398,1962.636857882289
51399,1962.636857882289
51400,1962.636857882289
51401,1962.636857882289
51402,1962.636857882289
51403,1962.636857882289
51404,1962.636857882289
51405,1962.636857882289
51406,1962.636857882289
51407,1962.636857882289
51408,1962.636857882289
51409,1962.636857882289
51410,1962.636857882289
51411,1962.636857882289
51412,1962.636857882289
51413,1962.636857882289
51414,1962.636857882289
51415,1962.636857882289
51416,1962.636857882289
51417,1962.636857882289
51418,1962.636857882289
51419,1962.636857882289
51420,1962.636857882289
51421,1962.636857882289
51422,1962.636857882289
51423,1962.636857882289
51424,1962.636857882289
51425,1962.636857882289
51426,1962.636857882289
51427,1962.636857882289
51428,1962.636857882289
51429,1962.636857882289
51430,1962.636857882289
51431,1962.636857882289
51432,1962.636857882289
51433,1962.636857882289
51434,1962.636857882289
51435,1962.636857882289
51436,1962.636857882289
51437,1962.636857882289
51438,1962.636857882289
51439,1962.636857882289
51440,1962.636857882289
51441,1962.636857882289
51442,1962.636857882289
51443,1962.636857882289
51444,1962.636857882289
51445,1962.636857882289
51446,1962.636857882289
51447,1962.636857882289
51448,1962.636857882289
51449,1962.636857882289
51450,1962.636857882289
51451,1962.636857882289
51452,1962.636857882289
51453,1962.636857882289
51454,1962.636857882289
51455,1962.636857882289
51456,1962.636857882289
51457,1962.636857882289
51458,1962.636857882289
51459,1962.636857882289
51460,1962.636857882289
51461,1962.636857882289
51462,1962.636857882289
51463,1962.636857882289
51464,1962.636857882289
51465,1962.636857882289
51466,1962.636857882289
51467,1962.636857882289
51468,1962.636857882289
51469,1962.636857882289
51470,1962.636857882289
51471,1962.636857882289
51472,1962.636857882289
51473,1962.636857882289
51474,1962.636857882289
51475,1962.636857882289
51476,1962.636857882289
51477,1962.636857882289
51478,1962.636857882289
51479,1962.636857882289
51480,1962.636857882289
51481,1962.636857882289
51482,1962.636857882289
51483,1962.636857882289
51484,1962.636857882289
51485,1962.636857882289
51486,1962.636857882289
51487,1962.636857882289
51488,1962.636857882289
51489,1962.636857882289
51490,1962.636857882289
51491,1962.636857882289
51492,1962.636857882289
51493,1962.636857882289
51494,1962.636857882289
51495,1962.636857882289
51496,1962.636857882289
51497,1962.636857882289
51498,1962.636857882289
51499,1962.636857882289
51500,1962.636857882289
51501,1962.636857882289
51502,1962.636857882289
51503,1962.636857882289
51504,1962.636857882289
51505,1962.636857882289
51506,1962.636857882289
51507,1962.636857882289
51508,1962.636857882289
51509,1962.636857882289
51510,1962.636857882289
51511,1962.636857882289
51512,1962.636857882289
51513,1962.636857882289
51514,1962.636857882289
51515,1962.636857882289
51516,1962.636857882289
51517,1962.636857882289
51518,1962.636857882289
51519,1962.636857882289
51520,1962.636857882289
51521,1962.636857882289
51522,1962.636857882289
51523,1962.636857882289
51524,1962.636857882289
51525,1962.636857882289
51526,1962.636857882289
51527,1962.636857882289
51528,1962.636857882289
51529,1962.636857882289
51530,1962.636857882289
51531,1962.636857882289
51532,1962.636857882289
51533,1962.636857882289
51534,1962.636857882289
51535,1962.636857882289
51536,1962.636857882289
51537,1962.636857882289
51538,1962.636857882289
51539,1962.636857882289
51540,1962.636857882289
51541,1962.636857882289
51542,1962.636857882289
51543,1962.636857882289
51544,1962.636857882289
51545,1962.636857882289
51546,1962.636857882289
51547,1962.636857882289
51548,1962.636857882289
51549,1962.636857882289
51550,1962.636857882289
51551,1962.636857882289
51552,1962.636857882289
51553,1962.636857882289
51554,1962.636857882289
51555,1962.636857882289
51556,1962.636857882289
51557,1962.636857882289
51558,1962.636857882289
51559,1962.636857882289
51560,1962.636857882289
51561,1962.636857882289
51562,1962.636857882289
51563,1962.636857882289
51564,1962.636857882289
51565,1962.636857882289
51566,1962.636857882289
51567,1962.636857882289
51568,1962.636857882289
51569,1962.636857882289
51570,1962.636857882289
51571,1962.636857882289
51572,1962.636857882289
51573,1962.636857882289
51574,1962.636857882289
51575,1962.636857882289
51576,1962.636857882289
51577,1962.636857882289
51578,1962.636857882289
51579,1962.636857882289
51580,1962.636857882289
51581,1962.636857882289
51582,1962.636857882289
51583,1962.636857882289
51584,1962.636857882289
51585,1962.636857882289
51586,1962.636857882289
51587,1962.636857882289
51588,1962.636857882289
51589,1962.636857882289
51590,1962.636857882289
51591,1962.636857882289
51592,1962.636857882289
51593,1962.636857882289
51594,1962.636857882289
51595,1962.636857882289
51596,1962.636857882289
51597,1962.636857882289
51598,1962.636857882289
51599,1962.636857882289
51600,1962.636857882289
51601,1962.636857882289
51602,1962.636857882289
51603,1962.636857882289
51604,1962.636857882289
51605,1962.636857882289
51606,1962.636857882289
51607,1962.636857882289
51608,1962.636857882289
51609,1962.636857882289
51610,1962.636857882289
51611,1962.636857882289
51612,1962.636857882289
51613,1962.636857882289
51614,1962.636857882289
51615,1962.636857882289
51616,1962.636857882289
51617,1962.636857882289
51618,1962.636857882289
51619,1962.636857882289
51620,1962.636857882289
51621,1962.636857882289
51622,1962.636857882289
51623,1962.636857882289
51624,1962.636857882289
51625,1962.636857882289
51626,1962.636857882289
51627,1962.636857882289
51628,1962.636857882289
51629,1962.636857882289
51630,1962.636857882289
51631,1962.636857882289
51632,1962.636857882289
51633,1962.636857882289
51634,1962.636857882289
51635,1962.636857882289
51636,1962.636857882289
51637,1962.636857882289
51638,1962.636857882289
51639,1962.636857882289
51640,1962.636857882289
51641,1962.636857882289
51642,1962.636857882289
51643,1962.636857882289
51644,1962.636857882289
51645,1962.636857882289
51646,1962.636857882289
51647,1962.636857882289
51648,1962.636857882289
51649,1962.636857882289
51650,1962.636857882289
51651,1962.636857882289
51652,1962.636857882289
51653,1962.636857882289
51654,1962.636857882289
51655,1962.636857882289
51656,1962.636857882289
51657,1962.636857882289
51658,1962.636857882289
51659,1962.636857882289
51660,1962.636857882289
51661,1962.636857882289
51662,1962.636857882289
51663,1962.636857882289
51664,1962.636857882289
51665,1962.636857882289
51666,1962.636857882289
51667,1962.636857882289
51668,1962.636857882289
51669,1962.636857882289
51670,1962.636857882289
51671,1962.636857882289
51672,1962.636857882289
51673,1962.636857882289
51674,1962.636857882289
51675,1962.636857882289
51676,1962.636857882289
51677,1962.636857882289
51678,1962.636857882289
51679,1962.636857882289
51680,1962.636857882289
51681,1962.636857882289
51682,1962.636857882289
51683,1962.636857882289
51684,1962.636857882289
51685,1962.636857882289
51686,1962.636857882289
51687,1962.636857882289
51688,1962.636857882289
51689,1962.636857882289
51690,1962.636857882289
51691,1962.636857882289
51692,1962.636857882289
51693,1962.636857882289
51694,1962.636857882289
51695,1962.636857882289
51696,1962.636857882289
51697,1962.636857882289
51698,1962.636857882289
51699,1962.636857882289
51700,1962.636857882289
51701,1962.636857882289
51702,1962.636857882289
51703,1962.636857882289
51704,1962.636857882289
51705,1962.636857882289
51706,1962.636857882289
51707,1962.636857882289
51708,1962.636857882289
51709,1962.636857882289
51710,1962.636857882289
51711,1962.636857882289
51712,1962.636857882289
51713,1962.636857882289
51714,1962.636857882289
51715,1962.636857882289
51716,1962.636857882289
51717,1962.636857882289
51718,1962.636857882289
51719,1962.636857882289
51720,1962.636857882289
51721,1962.636857882289
51722,1962.636857882289
51723,1962.636857882289
51724,1962.636857882289
51725,1962.636857882289
51726,1962.636857882289
51727,1962.636857882289
51728,1962.636857882289
51729,1962.636857882289
51730,1962.636857882289
51731,1962.636857882289
51732,1962.636857882289
51733,1962.636857882289
51734,1962.636857882289
51735,1962.636857882289
51736,1962.636857882289
51737,1962.636857882289
51738,1962.636857882289
51739,1962.636857882289
51740,1962.636857882289
51741,1962.636857882289
51742,1962.636857882289
51743,1962.636857882289
51744,1962.636857882289
51745,1962.636857882289
51746,1962.636857882289
51747,1962.636857882289
51748,1962.636857882289
51749,1962.636857882289
51750,1962.636857882289
51751,1962.636857882289
51752,1962.636857882289
51753,1962.636857882289
51754,1962.636857882289
51755,1962.636857882289
51756,1962.636857882289
51757,1962.636857882289
51758,1962.636857882289
51759,1962.636857882289
51760,1962.636857882289
51761,1962.636857882289
51762,1962.636857882289
51763,1962.636857882289
51764,1962.636857882289
51765,1962.636857882289
51766,1962.636857882289
51767,1962.636857882289
51768,1962.636857882289
51769,1962.636857882289
51770,1962.636857882289
51771,1962.636857882289
51772,1962.636857882289
51773,1962.636857882289
51774,1962.636857882289
51775,1962.636857882289
51776,1962.636857882289
51777,1962.636857882289
51778,1962.636857882289
51779,1962.636857882289
51780,1962.636857882289
51781,1962.636857882289
51782,1962.636857882289
51783,1962.636857882289
51784,1962.636857882289
51785,1962.636857882289
51786,1962.636857882289
51787,1962.636857882289
51788,1962.636857882289
51789,1962.636857882289
51790,1962.636857882289
51791,1962.636857882289
51792,1962.636857882289
51793,1962.636857882289
51794,1962.636857882289
51795,1962.636857882289
51796,1962.636857882289
51797,1962.636857882289
51798,1962.636857882289
51799,1962.636857882289
51800,1962.636857882289
51801,1962.636857882289
51802,1962.636857882289
51803,1962.636857882289
51804,1962.636857882289
51805,1962.636857882289
51806,1962.636857882289
51807,1962.636857882289
51808,1962.636857882289
51809,1962.636857882289
51810,1962.636857882289
51811,1962.636857882289
51812,1962.636857882289
51813,1962.636857882289
51814,1962.636857882289
51815,1962.636857882289
51816,1962.636857882289
51817,1962.636857882289
51818,1962.636857882289
51819,1962.636857882289
51820,1962.636857882289
51821,1962.636857882289
51822,1962.636857882289
51823,1962.636857882289
51824,1962.636857882289
51825,1962.636857882289
51826,1962.636857882289
51827,1962.636857882289
51828,1962.636857882289
51829,1962.636857882289
51830,1962.636857882289
51831,1962.636857882289
51832,1962.636857882289
51833,1962.636857882289
51834,1962.636857882289
51835,1962.636857882289
51836,1962.636857882289
51837,1962.636857882289
51838,1962.636857882289
51839,1962.636857882289
51840,1962.636857882289
51841,1962.636857882289
51842,1962.636857882289
51843,1962.636857882289
51844,1962.636857882289
51845,1962.636857882289
51846,1962.636857882289
51847,1962.636857882289
51848,1962.636857882289
51849,1962.636857882289
51850,1962.636857882289
51851,1962.636857882289
51852,1962.636857882289
51853,1962.636857882289
51854,1962.636857882289
51855,1962.636857882289
51856,1962.636857882289
51857,1962.636857882289
51858,1962.636857882289
51859,1962.636857882289
51860,1962.636857882289
51861,1962.636857882289
51862,1962.636857882289
51863,1962.636857882289
51864,1962.636857882289
51865,1962.636857882289
51866,1962.636857882289
51867,1962.636857882289
51868,1962.636857882289
51869,1962.636857882289
51870,1962.636857882289
51871,1962.636857882289
51872,1962.636857882289
51873,1962.636857882289
51874,1962.636857882289
51875,1962.636857882289
51876,1962.636857882289
51877,1962.636857882289
51878,1962.636857882289
51879,1962.636857882289
51880,1962.636857882289
51881,1962.636857882289
51882,1962.636857882289
51883,1962.636857882289
51884,1962.636857882289
51885,1962.636857882289
51886,1962.636857882289
51887,1962.636857882289
51888,1962.636857882289
51889,1962.636857882289
51890,1962.636857882289
51891,1962.636857882289
51892,1962.636857882289
51893,1962.636857882289
51894,1962.636857882289
51895,1962.636857882289
51896,1962.636857882289
51897,1962.636857882289
51898,1962.636857882289
51899,1962.636857882289
51900,1962.636857882289
51901,1962.636857882289
51902,1962.636857882289
51903,1962.636857882289
51904,1962.636857882289
51905,1962.636857882289
51906,1962.636857882289
51907,1962.636857882289
51908,1962.636857882289
51909,1962.636857882289
51910,1962.636857882289
51911,1962.636857882289
51912,1962.636857882289
51913,1962.636857882289
51914,1962.636857882289
51915,1962.636857882289
51916,1962.636857882289
51917,1962.636857882289
51918,1962.636857882289
51919,1962.636857882289
51920,1962.636857882289
51921,1962.636857882289
51922,1962.636857882289
51923,1962.636857882289
51924,1962.636857882289
51925,1962.636857882289
51926,1962.636857882289
51927,1962.636857882289
51928,1962.636857882289
51929,1962.636857882289
51930,1962.636857882289
51931,1962.636857882289
51932,1962.636857882289
51933,1962.636857882289
51934,1962.636857882289
51935,1962.636857882289
51936,1962.636857882289
51937,1962.636857882289
51938,1962.636857882289
51939,1962.636857882289
51940,1962.636857882289
51941,1962.636857882289
51942,1962.636857882289
51943,1962.636857882289
51944,1962.636857882289
51945,1962.636857882289
51946,1962.636857882289
51947,1962.636857882289
51948,1962.636857882289
51949,1962.636857882289
51950,1962.636857882289
51951,1962.636857882289
51952,1962.636857882289
51953,1962.636857882289
51954,1962.636857882289
51955,1962.636857882289
51956,1962.636857882289
51957,1962.636857882289
51958,1962.636857882289
51959,1962.636857882289
51960,1962.636857882289
51961,1962.636857882289
51962,1962.636857882289
51963,1962.636857882289
51964,1962.636857882289
51965,1962.636857882289
51966,1962.636857882289
51967,1962.636857882289
51968,1962.636857882289
51969,1962.636857882289
51970,1962.636857882289
51971,1962.636857882289
51972,1962.636857882289
51973,1962.636857882289
51974,1962.636857882289
51975,1962.636857882289
51976,1962.636857882289
51977,1962.636857882289
51978,1962.636857882289
51979,1962.636857882289
51980,1962.636857882289
51981,1962.636857882289
51982,1962.636857882289
51983,1962.636857882289
51984,1962.636857882289
51985,1962.636857882289
51986,1962.636857882289
51987,1962.636857882289
51988,1962.636857882289
51989,1962.636857882289
51990,1962.636857882289
51991,1962.636857882289
51992,1962.636857882289
51993,1962.636857882289
51994,1962.636857882289
51995,1962.636857882289
51996,1962.636857882289
51997,1962.636857882289
51998,1962.636857882289
51999,1962.636857882289
52000,1962.636857882289
52001,1962.636857882289
52002,1962.636857882289
52003,1962.636857882289
52004,1962.636857882289
52005,1962.636857882289
52006,1962.636857882289
52007,1962.636857882289
52008,1962.636857882289
52009,1962.636857882289
52010,1962.636857882289
52011,1962.636857882289
52012,1962.636857882289
52013,1962.636857882289
52014,1962.636857882289
52015,1962.636857882289
52016,1962.636857882289
52017,1962.636857882289
52018,1962.636857882289
52019,1962.636857882289
52020,1962.636857882289
52021,1962.636857882289
52022,1962.636857882289
52023,1962.636857882289
52024,1962.636857882289
52025,1962.636857882289
52026,1962.636857882289
52027,1962.636857882289
52028,1962.636857882289
52029,1962.636857882289
52030,1962.636857882289
52031,1962.636857882289
52032,1962.636857882289
52033,1962.636857882289
52034,1962.636857882289
52035,1962.636857882289
52036,1962.636857882289
52037,1962.636857882289
52038,1945.5318199440983
52039,1945.5318199440983
52040,1945.5318199440983
52041,1945.5318199440983
52042,1945.5318199440983
52043,1945.5318199440983
52044,1945.5318199440983
52045,1945.5318199440983
52046,1945.5318199440983
52047,1945.5318199440983
52048,1945.5318199440983
52049,1945.5318199440983
52050,1945.5318199440983
52051,1945.5318199440983
52052,1945.5318199440983
52053,1945.5318199440983
52054,1945.5318199440983
52055,1945.5318199440983
52056,1945.5318199440983
52057,1945.5318199440983
52058,1945.5318199440983
52059,1945.5318199440983
52060,1945.5318199440983
52061,1945.5318199440983
52062,1945.5318199440983
52063,1945.5318199440983
52064,1945.5318199440983
52065,1945.5318199440983
52066,1945.5318199440983
52067,1945.5318199440983
52068,1945.5318199440983
52069,1945.5318199440983
52070,1945.5318199440983
52071,1945.5318199440983
52072,1945.5318199440983
52073,1945.5318199440983
52074,1945.5318199440983
52075,1945.5318199440983
52076,1945.5318199440983
52077,1945.5318199440983
52078,1945.5318199440983
52079,1945.5318199440983
52080,1945.5318199440983
52081,1945.5318199440983
52082,1945.5318199440983
52083,1945.5318199440983
52084,1945.5318199440983
52085,1945.5318199440983
52086,1945.5318199440983
52087,1945.5318199440983
52088,1945.5318199440983
52089,1945.5318199440983
52090,1945.5318199440983
52091,1945.5318199440983
52092,1945.5318199440983
52093,1945.5318199440983
52094,1945.5318199440983
52095,1945.5318199440983
52096,1945.5318199440983
52097,1945.5318199440983
52098,1945.5318199440983
52099,1945.5318199440983
52100,1945.5318199440983
52101,1945.5318199440983
52102,1945.5318199440983
52103,1945.5318199440983
52104,1945.5318199440983
52105,1945.5318199440983
52106,1945.5318199440983
52107,1945.5318199440983
52108,1945.5318199440983
52109,1945.5318199440983
52110,1945.5318199440983
52111,1945.5318199440983
52112,1945.5318199440983
52113,1945.5318199440983
52114,1945.5318199440983
52115,1945.5318199440983
52116,1945.5318199440983
52117,1945.5318199440983
52118,1945.5318199440983
52119,1945.5318199440983
52120,1945.5318199440983
52121,1945.5318199440983
52122,1945.5318199440983
52123,1945.5318199440983
52124,1945.5318199440983
52125,1945.5318199440983
52126,1945.5318199440983
52127,1945.5318199440983
52128,1945.5318199440983
52129,1945.5318199440983
52130,1945.5318199440983
52131,1945.5318199440983
52132,1945.5318199440983
52133,1945.5318199440983
52134,1945.5318199440983
52135,1945.5318199440983
52136,1945.5318199440983
52137,1945.5318199440983
52138,1945.5318199440983
52139,1945.5318199440983
52140,1945.5318199440983
52141,1945.5318199440983
52142,1945.5318199440983
52143,1945.5318199440983
52144,1945.5318199440983
52145,1945.5318199440983
52146,1945.5318199440983
52147,1945.5318199440983
52148,1945.5318199440983
52149,1945.5318199440983
52150,1945.5318199440983
52151,1945.5318199440983
52152,1945.5318199440983
52153,1945.5318199440983
52154,1945.5318199440983
52155,1945.5318199440983
52156,1945.5318199440983
52157,1945.5318199440983
52158,1945.5318199440983
52159,1945.5318199440983
52160,1945.5318199440983
52161,1945.5318199440983
52162,1945.5318199440983
52163,1945.5318199440983
52164,1945.5318199440983
52165,1945.5318199440983
52166,1945.5318199440983
52167,1945.5318199440983
52168,1945.5318199440983
52169,1945.5318199440983
52170,1945.5318199440983
52171,1945.5318199440983
52172,1945.5318199440983
52173,1945.5318199440983
52174,1945.5318199440983
52175,1945.5318199440983
52176,1945.5318199440983
52177,1945.5318199440983
52178,1945.5318199440983
52179,1945.5318199440983
52180,1945.5318199440983
52181,1945.5318199440983
52182,1945.5318199440983
52183,1945.5318199440983
52184,1945.5318199440983
52185,1945.5318199440983
52186,1945.5318199440983
52187,1945.5318199440983
52188,1945.5318199440983
52189,1945.5318199440983
52190,1945.5318199440983
52191,1945.5318199440983
52192,1945.5318199440983
52193,1945.5318199440983
52194,1945.5318199440983
52195,1945.5318199440983
52196,1945.5318199440983
52197,1945.5318199440983
52198,1945.5318199440983
52199,1945.5318199440983
52200,1945.5318199440983
52201,1945.5318199440983
52202,1945.5318199440983
52203,1945.5318199440983
52204,1945.5318199440983
52205,1945.5318199440983
52206,1945.5318199440983
52207,1945.5318199440983
52208,1945.5318199440983
52209,1945.5318199440983
52210,1945.5318199440983
52211,1945.5318199440983
52212,1945.5318199440983
52213,1945.5318199440983
52214,1945.5318199440983
52215,1945.5318199440983
52216,1945.5318199440983
52217,1945.5318199440983
52218,1945.5318199440983
52219,1945.5318199440983
52220,1945.5318199440983
52221,1945.5318199440983
52222,1945.5318199440983
52223,1945.5318199440983
52224,1945.5318199440983
52225,1945.5318199440983
52226,1945.5318199440983
52227,1945.5318199440983
52228,1945.5318199440983
52229,1945.5318199440983
52230,1945.5318199440983
52231,1945.5318199440983
52232,1945.5318199440983
52233,1945.5318199440983
52234,1945.5318199440983
52235,1945.5318199440983
52236,1945.5318199440983
52237,1945.5318199440983
52238,1945.5318199440983
52239,1945.5318199440983
52240,1945.5318199440983
52241,1945.5318199440983
52242,1945.5318199440983
52243,1945.5318199440983
52244,1945.5318199440983
52245,1945.5318199440983
52246,1945.5318199440983
52247,1945.5318199440983
52248,1945.5318199440983
52249,1945.5318199440983
52250,1945.5318199440983
52251,1945.5318199440983
52252,1945.5318199440983
52253,1945.5318199440983
52254,1945.5318199440983
52255,1945.5318199440983
52256,1945.5318199440983
52257,1945.5318199440983
52258,1945.5318199440983
52259,1945.5318199440983
52260,1945.5318199440983
52261,1945.5318199440983
52262,1945.5318199440983
52263,1945.5318199440983
52264,1945.5318199440983
52265,1945.5318199440983
52266,1945.5318199440983
52267,1945.5318199440983
52268,1945.5318199440983
52269,1945.5318199440983
52270,1945.5318199440983
52271,1945.5318199440983
52272,1945.5318199440983
52273,1945.5318199440983
52274,1945.5318199440983
52275,1945.5318199440983
52276,1945.5318199440983
52277,1945.5318199440983
52278,1945.5318199440983
52279,1945.5318199440983
52280,1945.5318199440983
52281,1945.5318199440983
52282,1945.5318199440983
52283,1945.5318199440983
52284,1945.5318199440983
52285,1945.5318199440983
52286,1945.5318199440983
52287,1945.5318199440983
52288,1945.5318199440983
52289,1945.5318199440983
52290,1945.5318199440983
52291,1945.5318199440983
52292,1945.5318199440983
52293,1945.5318199440983
52294,1945.5318199440983
52295,1945.5318199440983
52296,1945.5318199440983
52297,1945.5318199440983
52298,1945.5318199440983
52299,1945.5318199440983
52300,1945.5318199440983
52301,1945.5318199440983
52302,1945.5318199440983
52303,1945.5318199440983
52304,1945.5318199440983
52305,1945.5318199440983
52306,1945.5318199440983
52307,1945.5318199440983
52308,1945.5318199440983
52309,1945.5318199440983
52310,1945.5318199440983
52311,1945.5318199440983
52312,1945.5318199440983
52313,1945.5318199440983
52314,1945.5318199440983
52315,1945.5318199440983
52316,1945.5318199440983
52317,1945.5318199440983
52318,1945.5318199440983
52319,1945.5318199440983
52320,1945.5318199440983
52321,1945.5318199440983
52322,1945.5318199440983
52323,1945.5318199440983
52324,1945.5318199440983
52325,1945.5318199440983
52326,1945.5318199440983
52327,1945.5318199440983
52328,1945.5318199440983
52329,1945.5318199440983
52330,1945.5318199440983
52331,1945.5318199440983
52332,1945.5318199440983
52333,1945.5318199440983
52334,1945.5318199440983
52335,1945.5318199440983
52336,1945.5318199440983
52337,1945.5318199440983
52338,1945.5318199440983
52339,1945.5318199440983
52340,1945.5318199440983
52341,1945.5318199440983
52342,1945.5318199440983
52343,1945.5318199440983
52344,1945.5318199440983
52345,1945.5318199440983
52346,1945.5318199440983
52347,1945.5318199440983
52348,1945.5318199440983
52349,1945.5318199440983
52350,1945.5318199440983
52351,1945.5318199440983
52352,1945.5318199440983
52353,1945.5318199440983
52354,1945.5318199440983
52355,1945.5318199440983
52356,1945.5318199440983
52357,1945.5318199440983
52358,1945.5318199440983
52359,1945.5318199440983
52360,1945.5318199440983
52361,1945.5318199440983
52362,1945.5318199440983
52363,1945.5318199440983
52364,1945.5318199440983
52365,1945.5318199440983
52366,1945.5318199440983
52367,1945.5318199440983
52368,1945.5318199440983
52369,1945.5318199440983
52370,1945.5318199440983
52371,1945.5318199440983
52372,1945.5318199440983
52373,1945.5318199440983
52374,1945.5318199440983
52375,1945.5318199440983
52376,1945.5318199440983
52377,1945.5318199440983
52378,1945.5318199440983
52379,1945.5318199440983
52380,1945.5318199440983
52381,1945.5318199440983
52382,1945.5318199440983
52383,1945.5318199440983
52384,1945.5318199440983
52385,1945.5318199440983
52386,1945.5318199440983
52387,1945.5318199440983
52388,1945.5318199440983
52389,1945.5318199440983
52390,1945.5318199440983
52391,1945.5318199440983
52392,1945.5318199440983
52393,1945.5318199440983
52394,1945.5318199440983
52395,1945.5318199440983
52396,1945.5318199440983
52397,1945.5318199440983
52398,1945.5318199440983
52399,1945.5318199440983
52400,1945.5318199440983
52401,1945.5318199440983
52402,1945.5318199440983
52403,1945.5318199440983
52404,1945.5318199440983
52405,1945.5318199440983
52406,1945.5318199440983
52407,1945.5318199440983
52408,1945.5318199440983
52409,1945.5318199440983
52410,1945.5318199440983
52411,1945.5318199440983
52412,1945.5318199440983
52413,1945.5318199440983
52414,1945.5318199440983
52415,1945.5318199440983
52416,1945.5318199440983
52417,1945.5318199440983
52418,1945.5318199440983
52419,1945.5318199440983
52420,1945.5318199440983
52421,1945.5318199440983
52422,1945.5318199440983
52423,1945.5318199440983
52424,1945.5318199440983
52425,1945.5318199440983
52426,1945.5318199440983
52427,1945.5318199440983
52428,1945.5318199440983
52429,1945.5318199440983
52430,1945.5318199440983
52431,1945.5318199440983
52432,1945.5318199440983
52433,1945.5318199440983
52434,1945.5318199440983
52435,1945.5318199440983
52436,1945.5318199440983
52437,1945.5318199440983
52438,1945.5318199440983
52439,1945.5318199440983
52440,1945.5318199440983
52441,1945.5318199440983
52442,1945.5318199440983
52443,1945.5318199440983
52444,1945.5318199440983
52445,1945.5318199440983
52446,1945.5318199440983
52447,1945.5318199440983
52448,1945.5318199440983
52449,1945.5318199440983
52450,1945.5318199440983
52451,1945.5318199440983
52452,1945.5318199440983
52453,1945.5318199440983
52454,1945.5318199440983
52455,1945.5318199440983
52456,1945.5318199440983
52457,1945.5318199440983
52458,1945.5318199440983
52459,1945.5318199440983
52460,1945.5318199440983
52461,1945.5318199440983
52462,1945.5318199440983
52463,1945.5318199440983
52464,1945.5318199440983
52465,1945.5318199440983
52466,1945.5318199440983
52467,1945.5318199440983
52468,1945.5318199440983
52469,1945.5318199440983
52470,1945.5318199440983
52471,1945.5318199440983
52472,1945.5318199440983
52473,1945.5318199440983
52474,1945.5318199440983
52475,1945.5318199440983
52476,1945.5318199440983
52477,1945.5318199440983
52478,1945.5318199440983
52479,1945.5318199440983
52480,1945.5318199440983
52481,1945.5318199440983
52482,1945.5318199440983
52483,1945.5318199440983
52484,1945.5318199440983
52485,1945.5318199440983
52486,1945.5318199440983
52487,1945.5318199440983
52488,1945.5318199440983
52489,1945.5318199440983
52490,1945.5318199440983
52491,1945.5318199440983
52492,1945.5318199440983
52493,1945.5318199440983
52494,1945.5318199440983
52495,1945.5318199440983
52496,1945.5318199440983
52497,1945.5318199440983
52498,1945.5318199440983
52499,1945.5318199440983
52500,1945.5318199440983
52501,1945.5318199440983
52502,1945.5318199440983
52503,1945.5318199440983
52504,1945.5318199440983
52505,1945.5318199440983
52506,1945.5318199440983
52507,1945.5318199440983
52508,1945.5318199440983
52509,1945.5318199440983
52510,1945.5318199440983
52511,1945.5318199440983
52512,1945.5318199440983
52513,1945.5318199440983
52514,1945.5318199440983
52515,1945.5318199440983
52516,1945.5318199440983
52517,1945.5318199440983
52518,1945.5318199440983
52519,1945.5318199440983
52520,1945.5318199440983
52521,1945.5318199440983
52522,1945.5318199440983
52523,1945.5318199440983
52524,1945.5318199440983
52525,1945.5318199440983
52526,1945.5318199440983
52527,1945.5318199440983
52528,1945.5318199440983
52529,1945.5318199440983
52530,1945.5318199440983
52531,1945.5318199440983
52532,1945.5318199440983
52533,1945.5318199440983
52534,1945.5318199440983
52535,1945.5318199440983
52536,1945.5318199440983
52537,1945.5318199440983
52538,1945.5318199440983
52539,1945.5318199440983
52540,1945.5318199440983
52541,1945.5318199440983
52542,1945.5318199440983
52543,1945.5318199440983
52544,1945.5318199440983
52545,1945.5318199440983
52546,1945.5318199440983
52547,1945.5318199440983
52548,1945.5318199440983
52549,1945.5318199440983
52550,1945.5318199440983
52551,1945.5318199440983
52552,1945.5318199440983
52553,1945.5318199440983
52554,1945.5318199440983
52555,1945.5318199440983
52556,1945.5318199440983
52557,1945.5318199440983
52558,1945.5318199440983
52559,1945.5318199440983
52560,1945.5318199440983
52561,1945.5318199440983
52562,1945.5318199440983
52563,1945.5318199440983
52564,1945.5318199440983
52565,1945.5318199440983
52566,1945.5318199440983
52567,1945.5318199440983
52568,1945.5318199440983
52569,1945.5318199440983
52570,1945.5318199440983
52571,1945.5318199440983
52572,1945.5318199440983
52573,1945.5318199440983
52574,1945.5318199440983
52575,1945.5318199440983
52576,1945.5318199440983
52577,1945.5318199440983
52578,1945.5318199440983
52579,1945.5318199440983
52580,1945.5318199440983
52581,1945.5318199440983
52582,1945.5318199440983
52583,1945.5318199440983
52584,1945.5318199440983
52585,1945.5318199440983
52586,1945.5318199440983
52587,1945.5318199440983
52588,1945.5318199440983
52589,1945.5318199440983
52590,1945.5318199440983
52591,1945.5318199440983
52592,1945.5318199440983
52593,1945.5318199440983
52594,1945.5318199440983
52595,1945.5318199440983
52596,1945.5318199440983
52597,1945.5318199440983
52598,1945.5318199440983
52599,1945.5318199440983
52600,1945.5318199440983
52601,1945.5318199440983
52602,1945.5318199440983
52603,1945.5318199440983
52604,1945.5318199440983
52605,1945.5318199440983
52606,1945.5318199440983
52607,1945.5318199440983
52608,1945.5318199440983
52609,1945.5318199440983
52610,1945.5318199440983
52611,1945.5318199440983
52612,1945.5318199440983
52613,1945.5318199440983
52614,1945.5318199440983
52615,1945.5318199440983
52616,1945.5318199440983
52617,1945.5318199440983
52618,1945.5318199440983
52619,1945.5318199440983
52620,1945.5318199440983
52621,1945.5318199440983
52622,1945.5318199440983
52623,1945.5318199440983
52624,1945.5318199440983
52625,1945.5318199440983
52626,1945.5318199440983
52627,1945.5318199440983
52628,1945.5318199440983
52629,1945.5318199440983
52630,1945.5318199440983
52631,1945.5318199440983
52632,1945.5318199440983
52633,1945.5318199440983
52634,1945.5318199440983
52635,1945.5318199440983
52636,1945.5318199440983
52637,1945.5318199440983
52638,1945.5318199440983
52639,1945.5318199440983
52640,1945.5318199440983
52641,1945.5318199440983
52642,1945.5318199440983
52643,1945.5318199440983
52644,1945.5318199440983
52645,1945.5318199440983
52646,1945.5318199440983
52647,1945.5318199440983
52648,1945.5318199440983
52649,1945.5318199440983
52650,1945.5318199440983
52651,1945.5318199440983
52652,1945.5318199440983
52653,1945.5318199440983
52654,1945.5318199440983
52655,1945.5318199440983
52656,1945.5318199440983
52657,1945.5318199440983
52658,1945.5318199440983
52659,1945.5318199440983
52660,1945.5318199440983
52661,1945.5318199440983
52662,1945.5318199440983
52663,1945.5318199440983
52664,1945.5318199440983
52665,1945.5318199440983
52666,1945.5318199440983
52667,1945.5318199440983
52668,1945.5318199440983
52669,1945.5318199440983
52670,1945.5318199440983
52671,1945.5318199440983
52672,1945.5318199440983
52673,1945.5318199440983
52674,1945.5318199440983
52675,1945.5318199440983
52676,1945.5318199440983
52677,1945.5318199440983
52678,1945.5318199440983
52679,1945.5318199440983
52680,1945.5318199440983
52681,1945.5318199440983
52682,1945.5318199440983
52683,1945.5318199440983
52684,1945.5318199440983
52685,1945.5318199440983
52686,1945.5318199440983
52687,1945.5318199440983
52688,1945.5318199440983
52689,1945.5318199440983
52690,1945.5318199440983
52691,1945.5318199440983
52692,1945.5318199440983
52693,1945.5318199440983
52694,1945.5318199440983
52695,1945.5318199440983
52696,1945.5318199440983
52697,1945.5318199440983
52698,1945.5318199440983
52699,1945.5318199440983
52700,1945.5318199440983
52701,1945.5318199440983
52702,1945.5318199440983
52703,1945.5318199440983
52704,1945.5318199440983
52705,1945.5318199440983
52706,1945.5318199440983
52707,1945.5318199440983
52708,1945.5318199440983
52709,1945.5318199440983
52710,1945.5318199440983
52711,1945.5318199440983
52712,1945.5318199440983
52713,1945.5318199440983
52714,1945.5318199440983
52715,1945.5318199440983
52716,1945.5318199440983
52717,1945.5318199440983
52718,1945.5318199440983
52719,1945.5318199440983
52720,1945.5318199440983
52721,1945.5318199440983
52722,1945.5318199440983
52723,1945.5318199440983
52724,1945.5318199440983
52725,1945.5318199440983
52726,1945.5318199440983
52727,1945.5318199440983
52728,1945.5318199440983
52729,1945.5318199440983
52730,1945.5318199440983
52731,1945.5318199440983
52732,1945.5318199440983
52733,1945.5318199440983
52734,1945.5318199440983
52735,1945.5318199440983
52736,1945.5318199440983
52737,1945.5318199440983
52738,1945.5318199440983
52739,1945.5318199440983
52740,1945.5318199440983
52741,1945.5318199440983
52742,1945.5318199440983
52743,1945.5318199440983
52744,1945.5318199440983
52745,1945.5318199440983
52746,1945.5318199440983
52747,1945.5318199440983
52748,1945.5318199440983
52749,1945.5318199440983
52750,1945.5318199440983
52751,1945.5318199440983
52752,1945.5318199440983
52753,1945.5318199440983
52754,1945.5318199440983
52755,1945.5318199440983
52756,1945.5318199440983
52757,1945.5318199440983
52758,1945.5318199440983
52759,1936.587548034099
52760,1936.587548034099
52761,1936.587548034099
52762,1936.587548034099
52763,1936.587548034099
52764,1936.587548034099
52765,1936.587548034099
52766,1936.587548034099
52767,1936.587548034099
52768,1936.587548034099
52769,1936.587548034099
52770,1936.587548034099
52771,1936.587548034099
52772,1936.587548034099
52773,1936.587548034099
52774,1936.587548034099
52775,1936.587548034099
52776,1936.587548034099
52777,1936.587548034099
52778,1936.587548034099
52779,1936.587548034099
52780,1936.587548034099
52781,1936.587548034099
52782,1936.587548034099
52783,1936.587548034099
52784,1936.587548034099
52785,1936.587548034099
52786,1936.587548034099
52787,1936.587548034099
52788,1936.587548034099
52789,1936.587548034099
52790,1936.587548034099
52791,1936.587548034099
52792,1936.587548034099
52793,1936.587548034099
52794,1936.587548034099
52795,1936.587548034099
52796,1936.587548034099
52797,1936.587548034099
52798,1936.587548034099
52799,1936.587548034099
52800,1936.587548034099
52801,1936.587548034099
52802,1936.587548034099
52803,1936.587548034099
52804,1936.587548034099
52805,1936.587548034099
52806,1936.587548034099
52807,1936.587548034099
52808,1936.587548034099
52809,1936.587548034099
52810,1936.587548034099
52811,1936.587548034099
52812,1936.587548034099
52813,1936.587548034099
52814,1936.587548034099
52815,1936.587548034099
52816,1936.587548034099
52817,1936.587548034099
52818,1936.587548034099
52819,1936.587548034099
52820,1936.587548034099
52821,1936.587548034099
52822,1936.587548034099
52823,1936.587548034099
52824,1936.587548034099
52825,1936.587548034099
52826,1936.587548034099
52827,1936.587548034099
52828,1936.587548034099
52829,1936.587548034099
52830,1936.587548034099
52831,1936.587548034099
52832,1936.587548034099
52833,1936.587548034099
52834,1936.587548034099
52835,1936.587548034099
52836,1936.587548034099
52837,1936.587548034099
52838,1936.587548034099
52839,1936.587548034099
52840,1936.587548034099
52841,1936.587548034099
52842,1936.587548034099
52843,1936.587548034099
52844,1936.587548034099
52845,1936.587548034099
52846,1936.587548034099
52847,1936.587548034099
52848,1936.587548034099
52849,1936.587548034099
52850,1936.587548034099
52851,1936.587548034099
52852,1936.587548034099
52853,1936.587548034099
52854,1936.587548034099
52855,1936.587548034099
52856,1936.587548034099
52857,1936.587548034099
52858,1936.587548034099
52859,1936.587548034099
52860,1936.587548034099
52861,1936.587548034099
52862,1936.587548034099
52863,1936.587548034099
52864,1936.587548034099
52865,1936.587548034099
52866,1936.587548034099
52867,1936.587548034099
52868,1936.587548034099
52869,1936.587548034099
52870,1936.587548034099
52871,1936.587548034099
52872,1936.587548034099
52873,1936.587548034099
52874,1936.587548034099
52875,1936.587548034099
52876,1936.587548034099
52877,1936.587548034099
52878,1936.587548034099
52879,1936.587548034099
52880,1936.587548034099
52881,1936.587548034099
52882,1936.587548034099
52883,1936.587548034099
52884,1936.587548034099
52885,1936.587548034099
52886,1936.587548034099
52887,1936.587548034099
52888,1936.587548034099
52889,1936.587548034099
52890,1936.587548034099
52891,1936.587548034099
52892,1936.587548034099
52893,1936.587548034099
52894,1936.587548034099
52895,1936.587548034099
52896,1936.587548034099
52897,1936.587548034099
52898,1936.587548034099
52899,1936.587548034099
52900,1936.587548034099
52901,1936.587548034099
52902,1936.587548034099
52903,1936.587548034099
52904,1936.587548034099
52905,1936.587548034099
52906,1936.587548034099
52907,1936.587548034099
52908,1936.587548034099
52909,1936.587548034099
52910,1936.587548034099
52911,1936.587548034099
52912,1936.587548034099
52913,1936.587548034099
52914,1936.587548034099
52915,1936.587548034099
52916,1936.587548034099
52917,1936.587548034099
52918,1936.587548034099
52919,1936.587548034099
52920,1936.587548034099
52921,1936.587548034099
52922,1936.587548034099
52923,1936.587548034099
52924,1936.587548034099
52925,1936.587548034099
52926,1936.587548034099
52927,1936.587548034099
52928,1936.587548034099
52929,1936.587548034099
52930,1936.587548034099
52931,1936.587548034099
52932,1936.587548034099
52933,1936.587548034099
52934,1936.587548034099
52935,1936.587548034099
52936,1936.587548034099
52937,1936.587548034099
52938,1936.587548034099
52939,1936.587548034099
52940,1936.587548034099
52941,1936.587548034099
52942,1936.587548034099
52943,1936.587548034099
52944,1936.587548034099
52945,1936.587548034099
52946,1936.587548034099
52947,1936.587548034099
52948,1936.587548034099
52949,1936.587548034099
52950,1936.587548034099
52951,1936.587548034099
52952,1936.587548034099
52953,1936.587548034099
52954,1936.587548034099
52955,1936.587548034099
52956,1936.587548034099
52957,1936.587548034099
52958,1936.587548034099
52959,1936.587548034099
52960,1936.587548034099
52961,1936.587548034099
52962,1936.587548034099
52963,1936.587548034099
52964,1936.587548034099
52965,1936.587548034099
52966,1936.587548034099
52967,1936.587548034099
52968,1936.587548034099
52969,1936.587548034099
52970,1936.587548034099
52971,1936.587548034099
52972,1936.587548034099
52973,1936.587548034099
52974,1936.587548034099
52975,1936.587548034099
52976,1936.587548034099
52977,1936.587548034099
52978,1936.587548034099
52979,1936.587548034099
52980,1936.587548034099
52981,1936.587548034099
52982,1936.587548034099
52983,1936.587548034099
52984,1936.587548034099
52985,1936.587548034099
52986,1936.587548034099
52987,1936.587548034099
52988,1936.587548034099
52989,1936.587548034099
52990,1936.587548034099
52991,1936.587548034099
52992,1936.587548034099
52993,1936.587548034099
52994,1936.587548034099
52995,1936.587548034099
52996,1936.587548034099
52997,1936.587548034099
52998,1936.587548034099
52999,1936.587548034099
53000,1936.587548034099
53001,1936.587548034099
53002,1936.587548034099
53003,1936.587548034099
53004,1936.587548034099
53005,1936.587548034099
53006,1936.587548034099
53007,1936.587548034099
53008,1936.587548034099
53009,1936.587548034099
53010,1936.587548034099
53011,1936.587548034099
53012,1936.587548034099
53013,1936.587548034099
53014,1936.587548034099
53015,1936.587548034099
53016,1936.587548034099
53017,1936.587548034099
53018,1936.587548034099
53019,1936.587548034099
53020,1936.587548034099
53021,1936.587548034099
53022,1936.587548034099
53023,1936.587548034099
53024,1936.587548034099
53025,1936.587548034099
53026,1936.587548034099
53027,1936.587548034099
53028,1936.587548034099
53029,1936.587548034099
53030,1936.587548034099
53031,1936.587548034099
53032,1936.587548034099
53033,1936.587548034099
53034,1936.587548034099
53035,1936.587548034099
53036,1936.587548034099
53037,1936.587548034099
53038,1936.587548034099
53039,1936.587548034099
53040,1936.587548034099
53041,1936.587548034099
53042,1936.587548034099
53043,1936.587548034099
53044,1936.587548034099
53045,1936.587548034099
53046,1936.587548034099
53047,1936.587548034099
53048,1936.587548034099
53049,1936.587548034099
53050,1936.587548034099
53051,1936.587548034099
53052,1936.587548034099
53053,1936.587548034099
53054,1936.587548034099
53055,1936.587548034099
53056,1936.587548034099
53057,1936.587548034099
53058,1936.587548034099
53059,1936.587548034099
53060,1936.587548034099
53061,1936.587548034099
53062,1936.587548034099
53063,1936.587548034099
53064,1936.587548034099
53065,1936.587548034099
53066,1936.587548034099
53067,1936.587548034099
53068,1936.587548034099
53069,1936.587548034099
53070,1936.587548034099
53071,1936.587548034099
53072,1936.587548034099
53073,1936.587548034099
53074,1936.587548034099
53075,1936.587548034099
53076,1936.587548034099
53077,1936.587548034099
53078,1936.587548034099
53079,1936.587548034099
53080,1936.587548034099
53081,1936.587548034099
53082,1936.587548034099
53083,1936.587548034099
53084,1936.587548034099
53085,1936.587548034099
53086,1936.587548034099
53087,1936.587548034099
53088,1936.587548034099
53089,1936.587548034099
53090,1936.587548034099
53091,1936.587548034099
53092,1936.587548034099
53093,1936.587548034099
53094,1936.587548034099
53095,1936.587548034099
53096,1936.587548034099
53097,1936.587548034099
53098,1936.587548034099
53099,1936.587548034099
53100,1936.587548034099
53101,1936.587548034099
53102,1936.587548034099
53103,1936.587548034099
53104,1936.587548034099
53105,1936.587548034099
53106,1936.587548034099
53107,1936.587548034099
53108,1936.587548034099
53109,1936.587548034099
53110,1936.587548034099
53111,1936.587548034099
53112,1936.587548034099
53113,1936.587548034099
53114,1936.587548034099
53115,1936.587548034099
53116,1936.587548034099
53117,1936.587548034099
53118,1936.587548034099
53119,1936.587548034099
53120,1936.587548034099
53121,1936.587548034099
53122,1936.587548034099
53123,1936.587548034099
53124,1936.587548034099
53125,1936.587548034099
53126,1936.587548034099
53127,1936.587548034099
53128,1936.587548034099
53129,1936.587548034099
53130,1936.587548034099
53131,1936.587548034099
53132,1936.587548034099
53133,1936.587548034099
53134,1936.587548034099
53135,1936.587548034099
53136,1936.587548034099
53137,1936.587548034099
53138,1936.587548034099
53139,1936.587548034099
53140,1936.587548034099
53141,1936.587548034099
53142,1936.587548034099
53143,1936.587548034099
53144,1936.587548034099
53145,1936.587548034099
53146,1936.587548034099
53147,1936.587548034099
53148,1936.587548034099
53149,1936.587548034099
53150,1936.587548034099
53151,1936.587548034099
53152,1936.587548034099
53153,1936.587548034099
53154,1936.587548034099
53155,1936.587548034099
53156,1936.587548034099
53157,1936.587548034099
53158,1936.587548034099
53159,1936.587548034099
53160,1936.587548034099
53161,1936.587548034099
53162,1936.587548034099
53163,1936.587548034099
53164,1936.587548034099
53165,1936.587548034099
53166,1936.587548034099
53167,1936.587548034099
53168,1936.587548034099
53169,1936.587548034099
53170,1936.587548034099
53171,1936.587548034099
53172,1936.587548034099
53173,1936.587548034099
53174,1936.587548034099
53175,1936.587548034099
53176,1936.587548034099
53177,1936.587548034099
53178,1936.587548034099
53179,1936.587548034099
53180,1936.587548034099
53181,1936.587548034099
53182,1936.587548034099
53183,1936.587548034099
53184,1936.587548034099
53185,1936.587548034099
53186,1936.587548034099
53187,1936.587548034099
53188,1936.587548034099
53189,1936.587548034099
53190,1936.587548034099
53191,1936.587548034099
53192,1936.587548034099
53193,1936.587548034099
53194,1936.587548034099
53195,1936.587548034099
53196,1936.587548034099
53197,1936.587548034099
53198,1936.587548034099
53199,1936.587548034099
53200,1936.587548034099
53201,1936.587548034099
53202,1936.587548034099
53203,1936.587548034099
53204,1936.587548034099
53205,1936.587548034099
53206,1936.587548034099
53207,1936.587548034099
53208,1936.587548034099
53209,1936.587548034099
53210,1936.587548034099
53211,1936.587548034099
53212,1936.587548034099
53213,1936.587548034099
53214,1936.587548034099
53215,1936.587548034099
53216,1936.587548034099
53217,1936.587548034099
53218,1936.587548034099
53219,1936.587548034099
53220,1936.587548034099
53221,1936.587548034099
53222,1936.587548034099
53223,1936.587548034099
53224,1936.587548034099
53225,1936.587548034099
53226,1936.587548034099
53227,1936.587548034099
53228,1936.587548034099
53229,1936.587548034099
53230,1936.587548034099
53231,1936.587548034099
53232,1936.587548034099
53233,1936.587548034099
53234,1936.587548034099
53235,1936.587548034099
53236,1936.587548034099
53237,1936.587548034099
53238,1936.587548034099
53239,1936.587548034099
53240,1936.587548034099
53241,1936.587548034099
53242,1936.587548034099
53243,1936.587548034099
53244,1936.587548034099
53245,1936.587548034099
53246,1936.587548034099
53247,1936.587548034099
53248,1936.587548034099
53249,1936.587548034099
53250,1936.587548034099
53251,1936.587548034099
53252,1936.587548034099
53253,1936.587548034099
53254,1936.587548034099
53255,1936.587548034099
53256,1936.587548034099
53257,1936.587548034099
53258,1936.587548034099
53259,1936.587548034099
53260,1936.587548034099
53261,1936.587548034099
53262,1936.587548034099
53263,1936.587548034099
53264,1936.587548034099
53265,1936.587548034099
53266,1936.587548034099
53267,1936.587548034099
53268,1936.587548034099
53269,1936.587548034099
53270,1936.587548034099
53271,1936.587548034099
53272,1936.587548034099
53273,1936.587548034099
53274,1936.587548034099
53275,1936.587548034099
53276,1936.587548034099
53277,1936.587548034099
53278,1936.587548034099
53279,1936.587548034099
53280,1936.587548034099
53281,1936.587548034099
53282,1936.587548034099
53283,1936.587548034099
53284,1936.587548034099
53285,1936.587548034099
53286,1936.587548034099
53287,1936.587548034099
53288,1936.587548034099
53289,1936.587548034099
53290,1936.587548034099
53291,1936.587548034099
53292,1936.587548034099
53293,1936.587548034099
53294,1936.587548034099
53295,1936.587548034099
53296,1936.587548034099
53297,1936.587548034099
53298,1936.587548034099
53299,1936.587548034099
53300,1936.587548034099
53301,1936.587548034099
53302,1936.587548034099
53303,1936.587548034099
53304,1936.587548034099
53305,1936.587548034099
53306,1936.587548034099
53307,1936.587548034099
53308,1936.587548034099
53309,1936.587548034099
53310,1936.587548034099
53311,1936.587548034099
53312,1936.587548034099
53313,1936.587548034099
53314,1936.587548034099
53315,1936.587548034099
53316,1936.587548034099
53317,1936.587548034099
53318,1936.587548034099
53319,1936.587548034099
53320,1936.587548034099
53321,1936.587548034099
53322,1936.587548034099
53323,1936.587548034099
53324,1936.587548034099
53325,1936.587548034099
53326,1936.587548034099
53327,1936.587548034099
53328,1936.587548034099
53329,1936.587548034099
53330,1936.587548034099
53331,1936.587548034099
53332,1936.587548034099
53333,1936.587548034099
53334,1936.587548034099
53335,1936.587548034099
53336,1936.587548034099
53337,1936.587548034099
53338,1936.587548034099
53339,1936.587548034099
53340,1936.587548034099
53341,1936.587548034099
53342,1936.587548034099
53343,1936.587548034099
53344,1936.587548034099
53345,1936.587548034099
53346,1936.587548034099
53347,1936.587548034099
53348,1936.587548034099
53349,1936.587548034099
53350,1936.587548034099
53351,1936.587548034099
53352,1936.587548034099
53353,1936.587548034099
53354,1936.587548034099
53355,1936.587548034099
53356,1936.587548034099
53357,1936.587548034099
53358,1936.587548034099
53359,1936.587548034099
53360,1936.587548034099
53361,1936.587548034099
53362,1936.587548034099
53363,1936.587548034099
53364,1935.1846508178235
53365,1935.1846508178235
53366,1935.1846508178235
53367,1935.1846508178235
53368,1935.1846508178235
53369,1935.1846508178235
53370,1935.1846508178235
53371,1935.1846508178235
53372,1935.1846508178235
53373,1935.1846508178235
53374,1935.1846508178235
53375,1935.1846508178235
53376,1935.1846508178235
53377,1935.1846508178235
53378,1935.1846508178235
53379,1935.1846508178235
53380,1935.1846508178235
53381,1935.1846508178235
53382,1935.1846508178235
53383,1935.1846508178235
53384,1935.1846508178235
53385,1935.1846508178235
53386,1935.1846508178235
53387,1935.1846508178235
53388,1935.1846508178235
53389,1935.1846508178235
53390,1935.1846508178235
53391,1935.1846508178235
53392,1935.1846508178235
53393,1935.1846508178235
53394,1935.1846508178235
53395,1935.1846508178235
53396,1935.1846508178235
53397,1935.1846508178235
53398,1935.1846508178235
53399,1935.1846508178235
53400,1935.1846508178235
53401,1935.1846508178235
53402,1935.1846508178235
53403,1935.1846508178235
53404,1935.1846508178235
53405,1935.1846508178235
53406,1935.1846508178235
53407,1935.1846508178235
53408,1935.1846508178235
53409,1935.1846508178235
53410,1935.1846508178235
53411,1935.1846508178235
53412,1935.1846508178235
53413,1935.1846508178235
53414,1935.1846508178235
53415,1935.1846508178235
53416,1935.1846508178235
53417,1935.1846508178235
53418,1935.1846508178235
53419,1935.1846508178235
53420,1935.1846508178235
53421,1935.1846508178235
53422,1935.1846508178235
53423,1935.1846508178235
53424,1935.1846508178235
53425,1935.1846508178235
53426,1935.1846508178235
53427,1935.1846508178235
53428,1935.1846508178235
53429,1935.1846508178235
53430,1935.1846508178235
53431,1935.1846508178235
53432,1935.1846508178235
53433,1935.1846508178235
53434,1935.1846508178235
53435,1935.1846508178235
53436,1935.1846508178235
53437,1935.1846508178235
53438,1935.1846508178235
53439,1935.1846508178235
53440,1935.1846508178235
53441,1935.1846508178235
53442,1935.1846508178235
53443,1935.1846508178235
53444,1935.1846508178235
53445,1935.1846508178235
53446,1935.1846508178235
53447,1935.1846508178235
53448,1935.1846508178235
53449,1935.1846508178235
53450,1935.1846508178235
53451,1935.1846508178235
53452,1935.1846508178235
53453,1935.1846508178235
53454,1935.1846508178235
53455,1935.1846508178235
53456,1935.1846508178235
53457,1935.1846508178235
53458,1935.1846508178235
53459,1935.1846508178235
53460,1935.1846508178235
53461,1935.1846508178235
53462,1935.1846508178235
53463,1935.1846508178235
53464,1935.1846508178235
53465,1935.1846508178235
53466,1935.1846508178235
53467,1935.1846508178235
53468,1935.1846508178235
53469,1935.1846508178235
53470,1935.1846508178235
53471,1935.1846508178235
53472,1935.1846508178235
53473,1935.1846508178235
53474,1935.1846508178235
53475,1935.1846508178235
53476,1935.1846508178235
53477,1935.1846508178235
53478,1935.1846508178235
53479,1935.1846508178235
53480,1935.1846508178235
53481,1935.1846508178235
53482,1935.1846508178235
53483,1935.1846508178235
53484,1935.1846508178235
53485,1935.1846508178235
53486,1935.1846508178235
53487,1935.1846508178235
53488,1935.1846508178235
53489,1935.1846508178235
53490,1935.1846508178235
53491,1935.1846508178235
53492,1935.1846508178235
53493,1935.1846508178235
53494,1935.1846508178235
53495,1935.1846508178235
53496,1935.1846508178235
53497,1935.1846508178235
53498,1935.1846508178235
53499,1935.1846508178235
53500,1935.1846508178235
53501,1935.1846508178235
53502,1935.1846508178235
53503,1935.1846508178235
53504,1935.1846508178235
53505,1935.1846508178235
53506,1935.1846508178235
53507,1935.1846508178235
53508,1935.1846508178235
53509,1935.1846508178235
53510,1935.1846508178235
53511,1935.1846508178235
53512,1935.1846508178235
53513,1935.1846508178235
53514,1935.1846508178235
53515,1935.1846508178235
53516,1935.1846508178235
53517,1935.1846508178235
53518,1935.1846508178235
53519,1935.1846508178235
53520,1935.1846508178235
53521,1935.1846508178235
53522,1935.1846508178235
53523,1935.1846508178235
53524,1935.1846508178235
53525,1935.1846508178235
53526,1935.1846508178235
53527,1935.1846508178235
53528,1935.1846508178235
53529,1935.1846508178235
53530,1935.1846508178235
53531,1935.1846508178235
53532,1935.1846508178235
53533,1935.1846508178235
53534,1935.1846508178235
53535,1935.1846508178235
53536,1935.1846508178235
53537,1935.1846508178235
53538,1935.1846508178235
53539,1935.1846508178235
53540,1935.1846508178235
53541,1935.1846508178235
53542,1935.1846508178235
53543,1935.1846508178235
53544,1935.1846508178235
53545,1935.1846508178235
53546,1935.1846508178235
53547,1935.1846508178235
53548,1935.1846508178235
53549,1935.1846508178235
53550,1935.1846508178235
53551,1935.1846508178235
53552,1935.1846508178235
53553,1935.1846508178235
53554,1935.1846508178235
53555,1935.1846508178235
53556,1935.1846508178235
53557,1935.1846508178235
53558,1935.1846508178235
53559,1935.1846508178235
53560,1935.1846508178235
53561,1935.1846508178235
53562,1935.1846508178235
53563,1935.1846508178235
53564,1935.1846508178235
53565,1935.1846508178235
53566,1935.1846508178235
53567,1935.1846508178235
53568,1935.1846508178235
53569,1935.1846508178235
53570,1935.1846508178235
53571,1935.1846508178235
53572,1935.1846508178235
53573,1935.1846508178235
53574,1935.1846508178235
53575,1935.1846508178235
53576,1935.1846508178235
53577,1935.1846508178235
53578,1935.1846508178235
53579,1935.1846508178235
53580,1935.1846508178235
53581,1935.1846508178235
53582,1935.1846508178235
53583,1935.1846508178235
53584,1935.1846508178235
53585,1935.1846508178235
53586,1935.1846508178235
53587,1935.1846508178235
53588,1935.1846508178235
53589,1935.1846508178235
53590,1935.1846508178235
53591,1935.1846508178235
53592,1935.1846508178235
53593,1935.1846508178235
53594,1935.1846508178235
53595,1935.1846508178235
53596,1935.1846508178235
53597,1935.1846508178235
53598,1935.1846508178235
53599,1935.1846508178235
53600,1935.1846508178235
53601,1935.1846508178235
53602,1935.1846508178235
53603,1935.1846508178235
53604,1935.1846508178235
53605,1935.1846508178235
53606,1935.1846508178235
53607,1935.1846508178235
53608,1935.1846508178235
53609,1935.1846508178235
53610,1935.1846508178235
53611,1935.1846508178235
53612,1935.1846508178235
53613,1935.1846508178235
53614,1935.1846508178235
53615,1935.1846508178235
53616,1935.1846508178235
53617,1935.1846508178235
53618,1935.1846508178235
53619,1935.1846508178235
53620,1935.1846508178235
53621,1935.1846508178235
53622,1935.1846508178235
53623,1935.1846508178235
53624,1935.1846508178235
53625,1935.1846508178235
53626,1935.1846508178235
53627,1935.1846508178235
53628,1935.1846508178235
53629,1935.1846508178235
53630,1935.1846508178235
53631,1935.1846508178235
53632,1935.1846508178235
53633,1935.1846508178235
53634,1935.1846508178235
53635,1935.1846508178235
53636,1935.1846508178235
53637,1935.1846508178235
53638,1935.1846508178235
53639,1935.1846508178235
53640,1935.1846508178235
53641,1935.1846508178235
53642,1935.1846508178235
53643,1935.1846508178235
53644,1935.1846508178235
53645,1935.1846508178235
53646,1935.1846508178235
53647,1935.1846508178235
53648,1935.1846508178235
53649,1935.1846508178235
53650,1935.1846508178235
53651,1935.1846508178235
53652,1935.1846508178235
53653,1935.1846508178235
53654,1935.1846508178235
53655,1935.1846508178235
53656,1935.1846508178235
53657,1935.1846508178235
53658,1935.1846508178235
53659,1935.1846508178235
53660,1935.1846508178235
53661,1935.1846508178235
53662,1935.1846508178235
53663,1935.1846508178235
53664,1935.1846508178235
53665,1935.1846508178235
53666,1935.1846508178235
53667,1935.1846508178235
53668,1935.1846508178235
53669,1935.1846508178235
53670,1935.1846508178235
53671,1935.1846508178235
53672,1935.1846508178235
53673,1935.1846508178235
53674,1935.1846508178235
53675,1935.1846508178235
53676,1935.1846508178235
53677,1935.1846508178235
53678,1935.1846508178235
53679,1935.1846508178235
53680,1935.1846508178235
53681,1935.1846508178235
53682,1935.1846508178235
53683,1935.1846508178235
53684,1935.1846508178235
53685,1935.1846508178235
53686,1935.1846508178235
53687,1935.1846508178235
53688,1935.1846508178235
53689,1935.1846508178235
53690,1935.1846508178235
53691,1935.1846508178235
53692,1935.1846508178235
53693,1935.1846508178235
53694,1935.1846508178235
53695,1935.1846508178235
53696,1935.1846508178235
53697,1935.1846508178235
53698,1935.1846508178235
53699,1935.1846508178235
53700,1935.1846508178235
53701,1935.1846508178235
53702,1935.1846508178235
53703,1935.1846508178235
53704,1935.1846508178235
53705,1935.1846508178235
53706,1935.1846508178235
53707,1935.1846508178235
53708,1935.1846508178235
53709,1935.1846508178235
53710,1935.1846508178235
53711,1935.1846508178235
53712,1935.1846508178235
53713,1935.1846508178235
53714,1935.1846508178235
53715,1935.1846508178235
53716,1935.1846508178235
53717,1935.1846508178235
53718,1935.1846508178235
53719,1935.1846508178235
53720,1935.1846508178235
53721,1935.1846508178235
53722,1935.1846508178235
53723,1935.1846508178235
53724,1935.1846508178235
53725,1935.1846508178235
53726,1935.1846508178235
53727,1935.1846508178235
53728,1935.1846508178235
53729,1935.1846508178235
53730,1935.1846508178235
53731,1935.1846508178235
53732,1935.1846508178235
53733,1935.1846508178235
53734,1935.1846508178235
53735,1935.1846508178235
53736,1935.1846508178235
53737,1935.1846508178235
53738,1935.1846508178235
53739,1935.1846508178235
53740,1935.1846508178235
53741,1935.1846508178235
53742,1935.1846508178235
53743,1935.1846508178235
53744,1935.1846508178235
53745,1935.1846508178235
53746,1935.1846508178235
53747,1935.1846508178235
53748,1935.1846508178235
53749,1935.1846508178235
53750,1935.1846508178235
53751,1935.1846508178235
53752,1935.1846508178235
53753,1935.1846508178235
53754,1935.1846508178235
53755,1935.1846508178235
53756,1935.1846508178235
53757,1935.1846508178235
53758,1935.1846508178235
53759,1935.1846508178235
53760,1935.1846508178235
53761,1935.1846508178235
53762,1935.1846508178235
53763,1935.1846508178235
53764,1935.1846508178235
53765,1935.1846508178235
53766,1935.1846508178235
53767,1935.1846508178235
53768,1935.1846508178235
53769,1935.1846508178235
53770,1935.1846508178235
53771,1935.1846508178235
53772,1935.1846508178235
53773,1935.1846508178235
53774,1935.1846508178235
53775,1935.1846508178235
53776,1935.1846508178235
53777,1935.1846508178235
53778,1935.1846508178235
53779,1935.1846508178235
53780,1935.1846508178235
53781,1935.1846508178235
53782,1935.1846508178235
53783,1935.1846508178235
53784,1935.1846508178235
53785,1935.1846508178235
53786,1935.1846508178235
53787,1935.1846508178235
53788,1935.1846508178235
53789,1935.1846508178235
53790,1935.1846508178235
53791,1935.1846508178235
53792,1935.1846508178235
53793,1935.1846508178235
53794,1935.1846508178235
53795,1935.1846508178235
53796,1935.1846508178235
53797,1935.1846508178235
53798,1935.1846508178235
53799,1935.1846508178235
53800,1935.1846508178235
53801,1935.1846508178235
53802,1935.1846508178235
53803,1935.1846508178235
53804,1935.1846508178235
53805,1935.1846508178235
53806,1935.1846508178235
53807,1935.1846508178235
53808,1935.1846508178235
53809,1935.1846508178235
53810,1935.1846508178235
53811,1935.1846508178235
53812,1935.1846508178235
53813,1935.1846508178235
53814,1935.1846508178235
53815,1935.1846508178235
53816,1935.1846508178235
53817,1935.1846508178235
53818,1935.1846508178235
53819,1935.1846508178235
53820,1935.1846508178235
53821,1935.1846508178235
53822,1935.1846508178235
53823,1935.1846508178235
53824,1935.1846508178235
53825,1935.1846508178235
53826,1935.1846508178235
53827,1935.1846508178235
53828,1935.1846508178235
53829,1935.1846508178235
53830,1935.1846508178235
53831,1935.1846508178235
53832,1935.1846508178235
53833,1935.1846508178235
53834,1935.1846508178235
53835,1935.1846508178235
53836,1935.1846508178235
53837,1935.1846508178235
53838,1935.1846508178235
53839,1935.1846508178235
53840,1935.1846508178235
53841,1935.1846508178235
53842,1935.1846508178235
53843,1935.1846508178235
53844,1935.1846508178235
53845,1935.1846508178235
53846,1935.1846508178235
53847,1935.1846508178235
53848,1935.1846508178235
53849,1935.1846508178235
53850,1935.1846508178235
53851,1935.1846508178235
53852,1935.1846508178235
53853,1935.1846508178235
53854,1935.1846508178235
53855,1935.1846508178235
53856,1935.1846508178235
53857,1935.1846508178235
53858,1935.1846508178235
53859,1935.1846508178235
53860,1935.1846508178235
53861,1935.1846508178235
53862,1935.1846508178235
53863,1935.1846508178235
53864,1935.1846508178235
53865,1935.1846508178235
53866,1935.1846508178235
53867,1935.1846508178235
53868,1935.1846508178235
53869,1935.1846508178235
53870,1935.1846508178235
53871,1935.1846508178235
53872,1935.1846508178235
53873,1935.1846508178235
53874,1935.1846508178235
53875,1935.1846508178235
53876,1935.1846508178235
53877,1935.1846508178235
53878,1935.1846508178235
53879,1935.1846508178235
53880,1935.1846508178235
53881,1935.1846508178235
53882,1935.1846508178235
53883,1935.1846508178235
53884,1935.1846508178235
53885,1935.1846508178235
53886,1935.1846508178235
53887,1935.1846508178235
53888,1935.1846508178235
53889,1935.1846508178235
53890,1935.1846508178235
53891,1935.1846508178235
53892,1935.1846508178235
53893,1935.1846508178235
53894,1935.1846508178235
53895,1935.1846508178235
53896,1935.1846508178235
53897,1935.1846508178235
53898,1935.1846508178235
53899,1935.1846508178235
53900,1935.1846508178235
53901,1935.1846508178235
53902,1935.1846508178235
53903,1935.1846508178235
53904,1935.1846508178235
53905,1935.1846508178235
53906,1935.1846508178235
53907,1935.1846508178235
53908,1935.1846508178235
53909,1935.1846508178235
53910,1935.1846508178235
53911,1935.1846508178235
53912,1935.1846508178235
53913,1935.1846508178235
53914,1935.1846508178235
53915,1935.1846508178235
53916,1935.1846508178235
53917,1935.1846508178235
53918,1935.1846508178235
53919,1935.1846508178235
53920,1935.1846508178235
53921,1935.1846508178235
53922,1935.1846508178235
53923,1935.1846508178235
53924,1935.1846508178235
53925,1935.1846508178235
53926,1935.1846508178235
53927,1935.1846508178235
53928,1935.1846508178235
53929,1935.1846508178235
53930,1935.1846508178235
53931,1935.1846508178235
53932,1935.1846508178235
53933,1935.1846508178235
53934,1935.1846508178235
53935,1935.1846508178235
53936,1935.1846508178235
53937,1935.1846508178235
53938,1935.1846508178235
53939,1935.1846508178235
53940,1935.1846508178235
53941,1935.1846508178235
53942,1935.1846508178235
53943,1935.1846508178235
53944,1935.1846508178235
53945,1935.1846508178235
53946,1935.1846508178235
53947,1935.1846508178235
53948,1935.1846508178235
53949,1935.1846508178235
53950,1935.1846508178235
53951,1935.1846508178235
53952,1935.1846508178235
53953,1935.1846508178235
53954,1935.1846508178235
53955,1935.1846508178235
53956,1935.1846508178235
53957,1935.1846508178235
53958,1935.1846508178235
53959,1935.1846508178235
53960,1935.1846508178235
53961,1935.1846508178235
53962,1935.1846508178235
53963,1935.1846508178235
53964,1935.1846508178235
53965,1935.1846508178235
53966,1935.1846508178235
53967,1935.1846508178235
53968,1935.1846508178235
53969,1935.1846508178235
53970,1935.1846508178235
53971,1935.1846508178235
53972,1935.1846508178235
53973,1935.1846508178235
53974,1935.1846508178235
53975,1935.1846508178235
53976,1935.1846508178235
53977,1935.1846508178235
53978,1935.1846508178235
53979,1935.1846508178235
53980,1935.1846508178235
53981,1935.1846508178235
53982,1935.1846508178235
53983,1935.1846508178235
53984,1935.1846508178235
53985,1935.1846508178235
53986,1935.1846508178235
53987,1935.1846508178235
53988,1935.1846508178235
53989,1935.1846508178235
53990,1935.1846508178235
53991,1935.1846508178235
53992,1935.1846508178235
53993,1935.1846508178235
53994,1935.1846508178235
53995,1935.1846508178235
53996,1935.1846508178235
53997,1935.1846508178235
53998,1935.1846508178235
53999,1935.1846508178235
54000,1935.1846508178235
54001,1935.1846508178235
54002,1935.1846508178235
54003,1935.1846508178235
54004,1935.1846508178235
54005,1935.1846508178235
54006,1935.1846508178235
54007,1935.1846508178235
54008,1935.1846508178235
54009,1935.1846508178235
54010,1935.1846508178235
54011,1935.1846508178235
54012,1935.1846508178235
54013,1935.1846508178235
54014,1935.1846508178235
54015,1935.1846508178235
54016,1935.1846508178235
54017,1935.1846508178235
54018,1935.1846508178235
54019,1935.1846508178235
54020,1935.1846508178235
54021,1935.1846508178235
54022,1935.1846508178235
54023,1935.1846508178235
54024,1935.1846508178235
54025,1935.1846508178235
54026,1935.1846508178235
54027,1935.1846508178235
54028,1935.1846508178235
54029,1935.1846508178235
54030,1935.1846508178235
54031,1935.1846508178235
54032,1935.1846508178235
54033,1935.1846508178235
54034,1935.1846508178235
54035,1935.1846508178235
54036,1935.1846508178235
54037,1935.1846508178235
54038,1935.1846508178235
54039,1935.1846508178235
54040,1935.1846508178235
54041,1935.1846508178235
54042,1935.1846508178235
54043,1935.1846508178235
54044,1935.1846508178235
54045,1935.1846508178235
54046,1935.1846508178235
54047,1935.1846508178235
54048,1935.1846508178235
54049,1935.1846508178235
54050,1935.1846508178235
54051,1935.1846508178235
54052,1935.1846508178235
54053,1935.1846508178235
54054,1935.1846508178235
54055,1935.1846508178235
54056,1935.1846508178235
54057,1935.1846508178235
54058,1935.1846508178235
54059,1935.1846508178235
54060,1935.1846508178235
54061,1935.1846508178235
54062,1935.1846508178235
54063,1935.1846508178235
54064,1935.1846508178235
54065,1935.1846508178235
54066,1935.1846508178235
54067,1935.1846508178235
54068,1935.1846508178235
54069,1935.1846508178235
54070,1935.1846508178235
54071,1935.1846508178235
54072,1935.1846508178235
54073,1935.1846508178235
54074,1935.1846508178235
54075,1935.1846508178235
54076,1935.1846508178235
54077,1935.1846508178235
54078,1935.1846508178235
54079,1935.1846508178235
54080,1935.1846508178235
54081,1935.1846508178235
54082,1935.1846508178235
54083,1935.1846508178235
54084,1935.1846508178235
54085,1935.1846508178235
54086,1935.1846508178235
54087,1935.1846508178235
54088,1935.1846508178235
54089,1935.1846508178235
54090,1935.1846508178235
54091,1935.1846508178235
54092,1935.1846508178235
54093,1935.1846508178235
54094,1935.1846508178235
54095,1935.1846508178235
54096,1935.1846508178235
54097,1935.1846508178235
54098,1935.1846508178235
54099,1935.1846508178235
54100,1935.1846508178235
54101,1935.1846508178235
54102,1935.1846508178235
54103,1935.1846508178235
54104,1935.1846508178235
54105,1935.1846508178235
54106,1935.1846508178235
54107,1935.1846508178235
54108,1935.1846508178235
54109,1935.1846508178235
54110,1935.1846508178235
54111,1935.1846508178235
54112,1935.1846508178235
54113,1935.1846508178235
54114,1935.1846508178235
54115,1935.1846508178235
54116,1935.1846508178235
54117,1935.1846508178235
54118,1935.1846508178235
54119,1935.1846508178235
54120,1935.1846508178235
54121,1935.1846508178235
54122,1935.1846508178235
54123,1935.1846508178235
54124,1935.1846508178235
54125,1935.1846508178235
54126,1935.1846508178235
54127,1935.1846508178235
54128,1935.1846508178235
54129,1935.1846508178235
54130,1935.1846508178235
54131,1935.1846508178235
54132,1935.1846508178235
54133,1935.1846508178235
54134,1935.1846508178235
54135,1935.1846508178235
54136,1935.1846508178235
54137,1935.1846508178235
54138,1935.1846508178235
54139,1935.1846508178235
54140,1935.1846508178235
54141,1935.1846508178235
54142,1935.1846508178235
54143,1935.1846508178235
54144,1935.1846508178235
54145,1935.1846508178235
54146,1935.1846508178235
54147,1935.1846508178235
54148,1935.1846508178235
54149,1935.1846508178235
54150,1935.1846508178235
54151,1935.1846508178235
54152,1935.1846508178235
54153,1935.1846508178235
54154,1935.1846508178235
54155,1935.1846508178235
54156,1935.1846508178235
54157,1935.1846508178235
54158,1935.1846508178235
54159,1935.1846508178235
54160,1935.1846508178235
54161,1935.1846508178235
54162,1935.1846508178235
54163,1935.1846508178235
54164,1935.1846508178235
54165,1935.1846508178235
54166,1935.1846508178235
54167,1935.1846508178235
54168,1935.1846508178235
54169,1935.1846508178235
54170,1935.1846508178235
54171,1935.1846508178235
54172,1935.1846508178235
54173,1935.1846508178235
54174,1935.1846508178235
54175,1935.1846508178235
54176,1935.1846508178235
54177,1935.1846508178235
54178,1935.1846508178235
54179,1935.1846508178235
54180,1935.1846508178235
54181,1935.1846508178235
54182,1935.1846508178235
54183,1935.1846508178235
54184,1935.1846508178235
54185,1935.1846508178235
54186,1935.1846508178235
54187,1935.1846508178235
54188,1935.1846508178235
54189,1935.1846508178235
54190,1935.1846508178235
54191,1935.1846508178235
54192,1935.1846508178235
54193,1935.1846508178235
54194,1935.1846508178235
54195,1935.1846508178235
54196,1935.1846508178235
54197,1935.1846508178235
54198,1935.1846508178235
54199,1935.1846508178235
54200,1935.1846508178235
54201,1935.1846508178235
54202,1935.1846508178235
54203,1935.1846508178235
54204,1935.1846508178235
54205,1935.1846508178235
54206,1935.1846508178235
54207,1935.1846508178235
54208,1935.1846508178235
54209,1935.1846508178235
54210,1935.1846508178235
54211,1935.1846508178235
54212,1935.1846508178235
54213,1935.1846508178235
54214,1935.1846508178235
54215,1935.1846508178235
54216,1935.1846508178235
54217,1935.1846508178235
54218,1935.1846508178235
54219,1935.1846508178235
54220,1935.1846508178235
54221,1935.1846508178235
54222,1935.1846508178235
54223,1935.1846508178235
54224,1935.1846508178235
54225,1935.1846508178235
54226,1935.1846508178235
54227,1935.1846508178235
54228,1935.1846508178235
54229,1935.1846508178235
54230,1935.1846508178235
54231,1935.1846508178235
54232,1935.1846508178235
54233,1935.1846508178235
54234,1935.1846508178235
54235,1935.1846508178235
54236,1935.1846508178235
54237,1935.1846508178235
54238,1935.1846508178235
54239,1935.1846508178235
54240,1935.1846508178235
54241,1935.1846508178235
54242,1935.1846508178235
54243,1935.1846508178235
54244,1935.1846508178235
54245,1935.1846508178235
54246,1935.1846508178235
54247,1935.1846508178235
54248,1935.1846508178235
54249,1935.1846508178235
54250,1935.1846508178235
54251,1935.1846508178235
54252,1935.1846508178235
54253,1935.1846508178235
54254,1935.1846508178235
54255,1935.1846508178235
54256,1935.1846508178235
54257,1935.1846508178235
54258,1935.1846508178235
54259,1935.1846508178235
54260,1935.1846508178235
54261,1935.1846508178235
54262,1935.1846508178235
54263,1935.1846508178235
54264,1935.1846508178235
54265,1935.1846508178235
54266,1935.1846508178235
54267,1935.1846508178235
54268,1935.1846508178235
54269,1935.1846508178235
54270,1935.1846508178235
54271,1935.1846508178235
54272,1935.1846508178235
54273,1935.1846508178235
54274,1935.1846508178235
54275,1935.1846508178235
54276,1935.1846508178235
54277,1935.1846508178235
54278,1935.1846508178235
54279,1935.1846508178235
54280,1935.1846508178235
54281,1935.1846508178235
54282,1935.1846508178235
54283,1935.1846508178235
54284,1935.1846508178235
54285,1935.1846508178235
54286,1935.1846508178235
54287,1935.1846508178235
54288,1935.1846508178235
54289,1935.1846508178235
54290,1935.1846508178235
54291,1935.1846508178235
54292,1935.1846508178235
54293,1935.1846508178235
54294,1935.1846508178235
54295,1935.1846508178235
54296,1935.1846508178235
54297,1935.1846508178235
54298,1933.6606792418781
54299,1933.6606792418781
54300,1933.6606792418781
54301,1933.6606792418781
54302,1933.6606792418781
54303,1933.6606792418781
54304,1933.6606792418781
54305,1933.6606792418781
54306,1933.6606792418781
54307,1933.6606792418781
54308,1933.6606792418781
54309,1933.6606792418781
54310,1933.6606792418781
54311,1933.6606792418781
54312,1933.6606792418781
54313,1933.6606792418781
54314,1933.6606792418781
54315,1933.6606792418781
54316,1933.6606792418781
54317,1933.6606792418781
54318,1933.6606792418781
54319,1933.6606792418781
54320,1933.6606792418781
54321,1933.6606792418781
54322,1933.6606792418781
54323,1933.6606792418781
54324,1933.6606792418781
54325,1933.6606792418781
54326,1933.6606792418781
54327,1933.6606792418781
54328,1933.6606792418781
54329,1933.6606792418781
54330,1933.6606792418781
54331,1933.6606792418781
54332,1933.6606792418781
54333,1933.6606792418781
54334,1933.6606792418781
54335,1933.6606792418781
54336,1933.6606792418781
54337,1933.6606792418781
54338,1933.6606792418781
54339,1933.6606792418781
54340,1933.6606792418781
54341,1933.6606792418781
54342,1933.6606792418781
54343,1933.6606792418781
54344,1933.6606792418781
54345,1933.6606792418781
54346,1933.6606792418781
54347,1933.6606792418781
54348,1933.6606792418781
54349,1933.6606792418781
54350,1933.6606792418781
54351,1933.6606792418781
54352,1933.6606792418781
54353,1933.6606792418781
54354,1933.6606792418781
54355,1933.6606792418781
54356,1933.6606792418781
54357,1933.6606792418781
54358,1933.6606792418781
54359,1933.6606792418781
54360,1933.6606792418781
54361,1933.6606792418781
54362,1933.6606792418781
54363,1933.6606792418781
54364,1933.6606792418781
54365,1933.6606792418781
54366,1933.6606792418781
54367,1933.6606792418781
54368,1933.6606792418781
54369,1933.6606792418781
54370,1933.6606792418781
54371,1933.6606792418781
54372,1933.6606792418781
54373,1933.6606792418781
54374,1933.6606792418781
54375,1933.6606792418781
54376,1933.6606792418781
54377,1933.6606792418781
54378,1933.6606792418781
54379,1933.6606792418781
54380,1933.6606792418781
54381,1933.6606792418781
54382,1933.6606792418781
54383,1933.6606792418781
54384,1933.6606792418781
54385,1933.6606792418781
54386,1933.6606792418781
54387,1933.6606792418781
54388,1933.6606792418781
54389,1933.6606792418781
54390,1933.6606792418781
54391,1933.6606792418781
54392,1933.6606792418781
54393,1933.6606792418781
54394,1933.6606792418781
54395,1933.6606792418781
54396,1933.6606792418781
54397,1933.6606792418781
54398,1933.6606792418781
54399,1933.6606792418781
54400,1933.6606792418781
54401,1933.6606792418781
54402,1933.6606792418781
54403,1933.6606792418781
54404,1933.6606792418781
54405,1933.6606792418781
54406,1933.6606792418781
54407,1933.6606792418781
54408,1933.6606792418781
54409,1933.6606792418781
54410,1933.6606792418781
54411,1933.6606792418781
54412,1933.6606792418781
54413,1933.6606792418781
54414,1933.6606792418781
54415,1933.6606792418781
54416,1933.6606792418781
54417,1933.6606792418781
54418,1933.6606792418781
54419,1933.6606792418781
54420,1933.6606792418781
54421,1933.6606792418781
54422,1933.6606792418781
54423,1933.6606792418781
54424,1933.6606792418781
54425,1933.6606792418781
54426,1933.6606792418781
54427,1933.6606792418781
54428,1933.6606792418781
54429,1933.6606792418781
54430,1933.6606792418781
54431,1933.6606792418781
54432,1933.6606792418781
54433,1933.6606792418781
54434,1933.6606792418781
54435,1933.6606792418781
54436,1933.6606792418781
54437,1933.6606792418781
54438,1933.6606792418781
54439,1933.6606792418781
54440,1933.6606792418781
54441,1933.6606792418781
54442,1933.6606792418781
54443,1933.6606792418781
54444,1933.6606792418781
54445,1933.6606792418781
54446,1933.6606792418781
54447,1933.6606792418781
54448,1933.6606792418781
54449,1933.6606792418781
54450,1933.6606792418781
54451,1933.6606792418781
54452,1933.6606792418781
54453,1933.6606792418781
54454,1933.6606792418781
54455,1933.6606792418781
54456,1933.6606792418781
54457,1933.6606792418781
54458,1933.6606792418781
54459,1933.6606792418781
54460,1933.6606792418781
54461,1933.6606792418781
54462,1933.6606792418781
54463,1933.6606792418781
54464,1933.6606792418781
54465,1933.6606792418781
54466,1933.6606792418781
54467,1933.6606792418781
54468,1933.6606792418781
54469,1933.6606792418781
54470,1933.6606792418781
54471,1933.6606792418781
54472,1933.6606792418781
54473,1933.6606792418781
54474,1933.6606792418781
54475,1933.6606792418781
54476,1933.6606792418781
54477,1933.6606792418781
54478,1933.6606792418781
54479,1933.6606792418781
54480,1933.6606792418781
54481,1933.6606792418781
54482,1933.6606792418781
54483,1933.6606792418781
54484,1933.6606792418781
54485,1933.6606792418781
54486,1933.6606792418781
54487,1933.6606792418781
54488,1933.6606792418781
54489,1933.6606792418781
54490,1933.6606792418781
54491,1933.6606792418781
54492,1933.6606792418781
54493,1933.6606792418781
54494,1933.6606792418781
54495,1933.6606792418781
54496,1933.6606792418781
54497,1933.6606792418781
54498,1933.6606792418781
54499,1933.6606792418781
54500,1933.6606792418781
54501,1933.6606792418781
54502,1933.6606792418781
54503,1933.6606792418781
54504,1933.6606792418781
54505,1933.6606792418781
54506,1933.6606792418781
54507,1933.6606792418781
54508,1933.6606792418781
54509,1933.6606792418781
54510,1933.6606792418781
54511,1933.6606792418781
54512,1933.6606792418781
54513,1933.6606792418781
54514,1933.6606792418781
54515,1933.6606792418781
54516,1933.6606792418781
54517,1933.6606792418781
54518,1933.6606792418781
54519,1933.6606792418781
54520,1933.6606792418781
54521,1933.6606792418781
54522,1933.6606792418781
54523,1933.6606792418781
54524,1933.6606792418781
54525,1933.6606792418781
54526,1933.6606792418781
54527,1933.6606792418781
54528,1933.6606792418781
54529,1933.6606792418781
54530,1933.6606792418781
54531,1933.6606792418781
54532,1933.6606792418781
54533,1933.6606792418781
54534,1933.6606792418781
54535,1933.6606792418781
54536,1933.6606792418781
54537,1933.6606792418781
54538,1933.6606792418781
54539,1933.6606792418781
54540,1933.6606792418781
54541,1933.6606792418781
54542,1933.6606792418781
54543,1933.6606792418781
54544,1933.6606792418781
54545,1933.6606792418781
54546,1933.6606792418781
54547,1933.6606792418781
54548,1933.6606792418781
54549,1933.6606792418781
54550,1933.6606792418781
54551,1933.6606792418781
54552,1933.6606792418781
54553,1933.6606792418781
54554,1933.6606792418781
54555,1933.6606792418781
54556,1933.6606792418781
54557,1933.6606792418781
54558,1933.6606792418781
54559,1933.6606792418781
54560,1933.6606792418781
54561,1933.6606792418781
54562,1933.6606792418781
54563,1933.6606792418781
54564,1933.6606792418781
54565,1933.6606792418781
54566,1933.6606792418781
54567,1933.6606792418781
54568,1933.6606792418781
54569,1933.6606792418781
54570,1933.6606792418781
54571,1933.6606792418781
54572,1933.6606792418781
54573,1933.6606792418781
54574,1933.6606792418781
54575,1933.6606792418781
54576,1933.6606792418781
54577,1933.6606792418781
54578,1933.6606792418781
54579,1933.6606792418781
54580,1933.6606792418781
54581,1933.6606792418781
54582,1933.6606792418781
54583,1933.6606792418781
54584,1933.6606792418781
54585,1933.6606792418781
54586,1933.6606792418781
54587,1933.6606792418781
54588,1933.6606792418781
54589,1933.6606792418781
54590,1933.6606792418781
54591,1933.6606792418781
54592,1933.6606792418781
54593,1933.6606792418781
54594,1933.6606792418781
54595,1933.6606792418781
54596,1933.6606792418781
54597,1933.6606792418781
54598,1933.6606792418781
54599,1933.6606792418781
54600,1933.6606792418781
54601,1933.6606792418781
54602,1933.6606792418781
54603,1933.6606792418781
54604,1933.6606792418781
54605,1933.6606792418781
54606,1933.6606792418781
54607,1933.6606792418781
54608,1933.6606792418781
54609,1933.6606792418781
54610,1933.6606792418781
54611,1933.6606792418781
54612,1933.6606792418781
54613,1933.6606792418781
54614,1933.6606792418781
54615,1933.6606792418781
54616,1933.6606792418781
54617,1933.6606792418781
54618,1933.6606792418781
54619,1933.6606792418781
54620,1933.6606792418781
54621,1933.6606792418781
54622,1933.6606792418781
54623,1933.6606792418781
54624,1933.6606792418781
54625,1933.6606792418781
54626,1933.6606792418781
54627,1933.6606792418781
54628,1933.6606792418781
54629,1933.6606792418781
54630,1933.6606792418781
54631,1933.6606792418781
54632,1933.6606792418781
54633,1933.6606792418781
54634,1933.6606792418781
54635,1933.6606792418781
54636,1933.6606792418781
54637,1933.6606792418781
54638,1933.6606792418781
54639,1933.6606792418781
54640,1933.6606792418781
54641,1933.6606792418781
54642,1933.6606792418781
54643,1933.6606792418781
54644,1933.6606792418781
54645,1933.6606792418781
54646,1933.6606792418781
54647,1933.6606792418781
54648,1933.6606792418781
54649,1933.6606792418781
54650,1933.6606792418781
54651,1933.6606792418781
54652,1933.6606792418781
54653,1933.6606792418781
54654,1933.6606792418781
54655,1933.6606792418781
54656,1933.6606792418781
54657,1933.6606792418781
54658,1933.6606792418781
54659,1933.6606792418781
54660,1933.6606792418781
54661,1933.6606792418781
54662,1933.6606792418781
54663,1933.6606792418781
54664,1933.6606792418781
54665,1933.6606792418781
54666,1933.6606792418781
54667,1933.6606792418781
54668,1933.6606792418781
54669,1933.6606792418781
54670,1933.6606792418781
54671,1933.6606792418781
54672,1933.6606792418781
54673,1933.6606792418781
54674,1933.6606792418781
54675,1933.6606792418781
54676,1933.6606792418781
54677,1933.6606792418781
54678,1933.6606792418781
54679,1933.6606792418781
54680,1933.6606792418781
54681,1933.6606792418781
54682,1933.6606792418781
54683,1933.6606792418781
54684,1933.6606792418781
54685,1933.6606792418781
54686,1933.6606792418781
54687,1933.6606792418781
54688,1933.6606792418781
54689,1933.6606792418781
54690,1933.6606792418781
54691,1933.6606792418781
54692,1933.6606792418781
54693,1933.6606792418781
54694,1933.6606792418781
54695,1933.6606792418781
54696,1933.6606792418781
54697,1933.6606792418781
54698,1933.6606792418781
54699,1933.6606792418781
54700,1933.6606792418781
54701,1933.6606792418781
54702,1933.6606792418781
54703,1933.6606792418781
54704,1933.6606792418781
54705,1933.6606792418781
54706,1933.6606792418781
54707,1933.6606792418781
54708,1933.6606792418781
54709,1933.6606792418781
54710,1933.6606792418781
54711,1933.6606792418781
54712,1933.6606792418781
54713,1933.6606792418781
54714,1933.6606792418781
54715,1933.6606792418781
54716,1933.6606792418781
54717,1933.6606792418781
54718,1933.6606792418781
54719,1933.6606792418781
54720,1933.6606792418781
54721,1933.6606792418781
54722,1933.6606792418781
54723,1933.6606792418781
54724,1933.6606792418781
54725,1933.6606792418781
54726,1933.6606792418781
54727,1933.6606792418781
54728,1933.6606792418781
54729,1933.6606792418781
54730,1933.6606792418781
54731,1933.6606792418781
54732,1933.6606792418781
54733,1933.6606792418781
54734,1933.6606792418781
54735,1933.6606792418781
54736,1933.6606792418781
54737,1933.6606792418781
54738,1933.6606792418781
54739,1933.6606792418781
54740,1933.6606792418781
54741,1933.6606792418781
54742,1933.6606792418781
54743,1933.6606792418781
54744,1933.6606792418781
54745,1933.6606792418781
54746,1933.6606792418781
54747,1933.6606792418781
54748,1933.6606792418781
54749,1933.6606792418781
54750,1933.6606792418781
54751,1933.6606792418781
54752,1933.6606792418781
54753,1933.6606792418781
54754,1933.6606792418781
54755,1933.6606792418781
54756,1933.6606792418781
54757,1933.6606792418781
54758,1933.6606792418781
54759,1933.6606792418781
54760,1933.6606792418781
54761,1933.6606792418781
54762,1933.6606792418781
54763,1933.6606792418781
54764,1933.6606792418781
54765,1933.6606792418781
54766,1933.6606792418781
54767,1933.6606792418781
54768,1933.6606792418781
54769,1933.6606792418781
54770,1933.6606792418781
54771,1933.6606792418781
54772,1933.6606792418781
54773,1933.6606792418781
54774,1933.6606792418781
54775,1933.6606792418781
54776,1933.6606792418781
54777,1933.6606792418781
54778,1933.6606792418781
54779,1933.6606792418781
54780,1933.6606792418781
54781,1933.6606792418781
54782,1933.6606792418781
54783,1933.6606792418781
54784,1933.6606792418781
54785,1933.6606792418781
54786,1933.6606792418781
54787,1933.6606792418781
54788,1933.6606792418781
54789,1933.6606792418781
54790,1933.6606792418781
54791,1933.6606792418781
54792,1933.6606792418781
54793,1933.6606792418781
54794,1933.6606792418781
54795,1933.6606792418781
54796,1933.6606792418781
54797,1933.6606792418781
54798,1933.6606792418781
54799,1933.6606792418781
54800,1933.6606792418781
54801,1933.6606792418781
54802,1933.6606792418781
54803,1933.6606792418781
54804,1933.6606792418781
54805,1933.6606792418781
54806,1933.6606792418781
54807,1933.6606792418781
54808,1933.6606792418781
54809,1933.6606792418781
54810,1933.6606792418781
54811,1933.6606792418781
54812,1933.6606792418781
54813,1933.6606792418781
54814,1933.6606792418781
54815,1933.6606792418781
54816,1933.6606792418781
54817,1933.6606792418781
54818,1933.6606792418781
54819,1933.6606792418781
54820,1933.6606792418781
54821,1933.6606792418781
54822,1933.6606792418781
54823,1933.6606792418781
54824,1933.6606792418781
54825,1933.6606792418781
54826,1933.6606792418781
54827,1933.6606792418781
54828,1933.6606792418781
54829,1933.6606792418781
54830,1933.6606792418781
54831,1933.6606792418781
54832,1933.6606792418781
54833,1933.6606792418781
54834,1933.6606792418781
54835,1933.6606792418781
54836,1933.6606792418781
54837,1933.6606792418781
54838,1933.6606792418781
54839,1933.6606792418781
54840,1933.6606792418781
54841,1933.6606792418781
54842,1933.6606792418781
54843,1933.6606792418781
54844,1933.6606792418781
54845,1933.6606792418781
54846,1933.6606792418781
54847,1933.6606792418781
54848,1933.6606792418781
54849,1933.6606792418781
54850,1933.6606792418781
54851,1933.6606792418781
54852,1933.6606792418781
54853,1933.6606792418781
54854,1933.6606792418781
54855,1933.6606792418781
54856,1933.6606792418781
54857,1933.6606792418781
54858,1933.6606792418781
54859,1933.6606792418781
54860,1933.6606792418781
54861,1933.6606792418781
54862,1933.6606792418781
54863,1933.6606792418781
54864,1933.6606792418781
54865,1933.6606792418781
54866,1933.6606792418781
54867,1933.6606792418781
54868,1933.6606792418781
54869,1933.6606792418781
54870,1933.6606792418781
54871,1933.6606792418781
54872,1933.6606792418781
54873,1933.6606792418781
54874,1933.6606792418781
54875,1933.6606792418781
54876,1933.6606792418781
54877,1933.6606792418781
54878,1933.6606792418781
54879,1933.6606792418781
54880,1933.6606792418781
54881,1933.6606792418781
54882,1933.6606792418781
54883,1933.6606792418781
54884,1933.6606792418781
54885,1933.6606792418781
54886,1933.6606792418781
54887,1933.6606792418781
54888,1933.6606792418781
54889,1933.6606792418781
54890,1933.6606792418781
54891,1933.6606792418781
54892,1933.6606792418781
54893,1933.6606792418781
54894,1933.6606792418781
54895,1933.6606792418781
54896,1933.6606792418781
54897,1933.6606792418781
54898,1933.6606792418781
54899,1933.6606792418781
54900,1933.6606792418781
54901,1933.6606792418781
54902,1933.6606792418781
54903,1933.6606792418781
54904,1933.6606792418781
54905,1933.6606792418781
54906,1933.6606792418781
54907,1933.6606792418781
54908,1933.6606792418781
54909,1933.6606792418781
54910,1933.6606792418781
54911,1933.6606792418781
54912,1933.6606792418781
54913,1933.6606792418781
54914,1933.6606792418781
54915,1933.6606792418781
54916,1933.6606792418781
54917,1933.6606792418781
54918,1933.6606792418781
54919,1933.6606792418781
54920,1933.6606792418781
54921,1933.6606792418781
54922,1933.6606792418781
54923,1933.6606792418781
54924,1933.6606792418781
54925,1933.6606792418781
54926,1933.6606792418781
54927,1933.6606792418781
54928,1933.6606792418781
54929,1933.6606792418781
54930,1933.6606792418781
54931,1933.6606792418781
54932,1933.6606792418781
54933,1933.6606792418781
54934,1933.6606792418781
54935,1933.6606792418781
54936,1933.6606792418781
54937,1933.6606792418781
54938,1933.6606792418781
54939,1933.6606792418781
54940,1933.6606792418781
54941,1933.6606792418781
54942,1933.6606792418781
54943,1933.6606792418781
54944,1933.6606792418781
54945,1933.6606792418781
54946,1933.6606792418781
54947,1933.6606792418781
54948,1933.6606792418781
54949,1933.6606792418781
54950,1933.6606792418781
54951,1933.6606792418781
54952,1933.6606792418781
54953,1933.6606792418781
54954,1933.6606792418781
54955,1933.6606792418781
54956,1933.6606792418781
54957,1933.6606792418781
54958,1933.6606792418781
54959,1933.6606792418781
54960,1933.6606792418781
54961,1933.6606792418781
54962,1933.6606792418781
54963,1933.6606792418781
54964,1933.6606792418781
54965,1933.6606792418781
54966,1933.6606792418781
54967,1933.6606792418781
54968,1933.6606792418781
54969,1933.6606792418781
54970,1933.6606792418781
54971,1933.6606792418781
54972,1933.6606792418781
54973,1933.6606792418781
54974,1933.6606792418781
54975,1933.6606792418781
54976,1933.6606792418781
54977,1933.6606792418781
54978,1933.6606792418781
54979,1933.6606792418781
54980,1933.6606792418781
54981,1933.6606792418781
54982,1933.6606792418781
54983,1933.6606792418781
54984,1933.6606792418781
54985,1933.6606792418781
54986,1933.6606792418781
54987,1933.6606792418781
54988,1933.6606792418781
54989,1933.6606792418781
54990,1933.6606792418781
54991,1933.6606792418781
54992,1933.6606792418781
54993,1933.6606792418781
54994,1933.6606792418781
54995,1933.6606792418781
54996,1933.6606792418781
54997,1933.6606792418781
54998,1933.6606792418781
54999,1933.6606792418781
55000,1933.6606792418781
55001,1933.6606792418781
55002,1933.6606792418781
55003,1933.6606792418781
55004,1933.6606792418781
55005,1933.6606792418781
55006,1933.6606792418781
55007,1933.6606792418781
55008,1933.6606792418781
55009,1933.6606792418781
55010,1933.6606792418781
55011,1933.6606792418781
55012,1933.6606792418781
55013,1933.6606792418781
55014,1933.6606792418781
55015,1933.6606792418781
55016,1933.6606792418781
55017,1933.6606792418781
55018,1933.6606792418781
55019,1933.6606792418781
55020,1933.6606792418781
55021,1933.6606792418781
55022,1933.6606792418781
55023,1933.6606792418781
55024,1933.6606792418781
55025,1933.6606792418781
55026,1933.6606792418781
55027,1933.6606792418781
55028,1933.6606792418781
55029,1933.6606792418781
55030,1933.6606792418781
55031,1933.6606792418781
55032,1933.6606792418781
55033,1933.6606792418781
55034,1933.6606792418781
55035,1933.6606792418781
55036,1933.6606792418781
55037,1933.6606792418781
55038,1933.6606792418781
55039,1933.6606792418781
55040,1933.6606792418781
55041,1933.6606792418781
55042,1933.6606792418781
55043,1933.6606792418781
55044,1933.6606792418781
55045,1933.6606792418781
55046,1933.6606792418781
55047,1933.6606792418781
55048,1933.6606792418781
55049,1933.6606792418781
55050,1933.6606792418781
55051,1933.6606792418781
55052,1933.6606792418781
55053,1933.6606792418781
55054,1933.6606792418781
55055,1933.6606792418781
55056,1933.6606792418781
55057,1933.6606792418781
55058,1933.6606792418781
55059,1933.6606792418781
55060,1933.6606792418781
55061,1933.6606792418781
55062,1933.6606792418781
55063,1933.6606792418781
55064,1933.6606792418781
55065,1933.6606792418781
55066,1933.6606792418781
55067,1933.6606792418781
55068,1933.6606792418781
55069,1933.6606792418781
55070,1933.6606792418781
55071,1933.6606792418781
55072,1933.6606792418781
55073,1933.6606792418781
55074,1933.6606792418781
55075,1933.6606792418781
55076,1933.6606792418781
55077,1933.6606792418781
55078,1933.6606792418781
55079,1933.6606792418781
55080,1933.6606792418781
55081,1933.6606792418781
55082,1933.6606792418781
55083,1933.6606792418781
55084,1933.6606792418781
55085,1933.6606792418781
55086,1933.6606792418781
55087,1933.6606792418781
55088,1933.6606792418781
55089,1933.6606792418781
55090,1933.6606792418781
55091,1933.6606792418781
55092,1933.6606792418781
55093,1933.6606792418781
55094,1933.6606792418781
55095,1933.6606792418781
55096,1933.6606792418781
55097,1933.6606792418781
55098,1933.6606792418781
55099,1933.6606792418781
55100,1933.6606792418781
55101,1933.6606792418781
55102,1933.6606792418781
55103,1933.6606792418781
55104,1933.6606792418781
55105,1933.6606792418781
55106,1933.6606792418781
55107,1933.6606792418781
55108,1933.6606792418781
55109,1933.6606792418781
55110,1933.6606792418781
55111,1933.6606792418781
55112,1933.6606792418781
55113,1933.6606792418781
55114,1933.6606792418781
55115,1933.6606792418781
55116,1933.6606792418781
55117,1933.6606792418781
55118,1933.6606792418781
55119,1933.6606792418781
55120,1933.6606792418781
55121,1933.6606792418781
55122,1933.6606792418781
55123,1933.6606792418781
55124,1933.6606792418781
55125,1933.6606792418781
55126,1933.6606792418781
55127,1933.6606792418781
55128,1933.6606792418781
55129,1933.6606792418781
55130,1933.6606792418781
55131,1933.6606792418781
55132,1933.6606792418781
55133,1933.6606792418781
55134,1933.6606792418781
55135,1933.6606792418781
55136,1933.6606792418781
55137,1933.6606792418781
55138,1933.6606792418781
55139,1933.6606792418781
55140,1933.6606792418781
55141,1933.6606792418781
55142,1933.6606792418781
55143,1933.6606792418781
55144,1933.6606792418781
55145,1933.6606792418781
55146,1933.6606792418781
55147,1933.6606792418781
55148,1933.6606792418781
55149,1933.6606792418781
55150,1933.6606792418781
55151,1933.6606792418781
55152,1933.6606792418781
55153,1933.6606792418781
55154,1933.6606792418781
55155,1933.6606792418781
55156,1933.6606792418781
55157,1933.6606792418781
55158,1933.6606792418781
55159,1933.6606792418781
55160,1933.6606792418781
55161,1933.6606792418781
55162,1933.6606792418781
55163,1933.6606792418781
55164,1933.6606792418781
55165,1933.6606792418781
55166,1933.6606792418781
55167,1933.6606792418781
55168,1933.6606792418781
55169,1933.6606792418781
55170,1933.6606792418781
55171,1933.6606792418781
55172,1933.6606792418781
55173,1933.6606792418781
55174,1933.6606792418781
55175,1933.6606792418781
55176,1933.6606792418781
55177,1933.6606792418781
55178,1933.6606792418781
55179,1933.6606792418781
55180,1933.6606792418781
55181,1933.6606792418781
55182,1933.6606792418781
55183,1933.6606792418781
55184,1933.6606792418781
55185,1933.6606792418781
55186,1933.6606792418781
55187,1933.6606792418781
55188,1933.6606792418781
55189,1933.6606792418781
55190,1933.6606792418781
55191,1933.6606792418781
55192,1933.6606792418781
55193,1933.6606792418781
55194,1933.6606792418781
55195,1933.6606792418781
55196,1933.6606792418781
55197,1933.6606792418781
55198,1933.6606792418781
55199,1933.6606792418781
55200,1933.6606792418781
55201,1933.6606792418781
55202,1933.6606792418781
55203,1933.6606792418781
55204,1933.6606792418781
55205,1933.6606792418781
55206,1933.6606792418781
55207,1933.6606792418781
55208,1933.6606792418781
55209,1933.6606792418781
55210,1933.6606792418781
55211,1933.6606792418781
55212,1933.6606792418781
55213,1933.6606792418781
55214,1933.6606792418781
55215,1933.6606792418781
55216,1933.6606792418781
55217,1933.6606792418781
55218,1933.6606792418781
55219,1933.6606792418781
55220,1933.6606792418781
55221,1933.6606792418781
55222,1933.6606792418781
55223,1933.6606792418781
55224,1933.6606792418781
55225,1933.6606792418781
55226,1933.6606792418781
55227,1933.6606792418781
55228,1933.6606792418781
55229,1933.6606792418781
55230,1933.6606792418781
55231,1933.6606792418781
55232,1933.6606792418781
55233,1933.6606792418781
55234,1933.6606792418781
55235,1933.6606792418781
55236,1933.6606792418781
55237,1933.6606792418781
55238,1933.6606792418781
55239,1933.6606792418781
55240,1933.6606792418781
55241,1933.6606792418781
55242,1933.6606792418781
55243,1933.6606792418781
55244,1933.6606792418781
55245,1933.6606792418781
55246,1933.6606792418781
55247,1933.6606792418781
55248,1933.6606792418781
55249,1933.6606792418781
55250,1933.6606792418781
55251,1933.6606792418781
55252,1933.6606792418781
55253,1933.6606792418781
55254,1933.6606792418781
55255,1933.6606792418781
55256,1933.6606792418781
55257,1933.6606792418781
55258,1933.6606792418781
55259,1933.6606792418781
55260,1933.6606792418781
55261,1933.6606792418781
55262,1933.6606792418781
55263,1933.6606792418781
55264,1933.6606792418781
55265,1933.6606792418781
55266,1933.6606792418781
55267,1933.6606792418781
55268,1933.6606792418781
55269,1933.6606792418781
55270,1933.6606792418781
55271,1933.6606792418781
55272,1933.6606792418781
55273,1933.6606792418781
55274,1933.6606792418781
55275,1933.6606792418781
55276,1933.6606792418781
55277,1933.6606792418781
55278,1933.6606792418781
55279,1933.6606792418781
55280,1933.6606792418781
55281,1933.6606792418781
55282,1933.6606792418781
55283,1933.6606792418781
55284,1933.6606792418781
55285,1933.6606792418781
55286,1933.6606792418781
55287,1933.6606792418781
55288,1933.6606792418781
55289,1933.6606792418781
55290,1933.6606792418781
55291,1933.6606792418781
55292,1933.6606792418781
55293,1933.6606792418781
55294,1933.6606792418781
55295,1933.6606792418781
55296,1933.6606792418781
55297,1933.6606792418781
55298,1933.6606792418781
55299,1933.6606792418781
55300,1933.6606792418781
55301,1933.6606792418781
55302,1933.6606792418781
55303,1933.6606792418781
55304,1933.6606792418781
55305,1933.6606792418781
55306,1933.6606792418781
55307,1933.6606792418781
55308,1933.6606792418781
55309,1933.6606792418781
55310,1933.6606792418781
55311,1933.6606792418781
55312,1933.6606792418781
55313,1933.6606792418781
55314,1933.6606792418781
55315,1933.6606792418781
55316,1933.6606792418781
55317,1933.6606792418781
55318,1933.6606792418781
55319,1933.6606792418781
55320,1933.6606792418781
55321,1933.6606792418781
55322,1933.6606792418781
55323,1933.6606792418781
55324,1933.6606792418781
55325,1933.6606792418781
55326,1933.6606792418781
55327,1933.6606792418781
55328,1933.6606792418781
55329,1933.6606792418781
55330,1933.6606792418781
55331,1933.6606792418781
55332,1933.6606792418781
55333,1933.6606792418781
55334,1933.6606792418781
55335,1933.6606792418781
55336,1933.6606792418781
55337,1933.6606792418781
55338,1933.6606792418781
55339,1933.6606792418781
55340,1933.6606792418781
55341,1933.6606792418781
55342,1933.6606792418781
55343,1933.6606792418781
55344,1933.6606792418781
55345,1933.6606792418781
55346,1933.6606792418781
55347,1933.6606792418781
55348,1933.6606792418781
55349,1933.6606792418781
55350,1933.6606792418781
55351,1933.6606792418781
55352,1933.6606792418781
55353,1933.6606792418781
55354,1933.6606792418781
55355,1933.6606792418781
55356,1933.6606792418781
55357,1933.6606792418781
55358,1933.6606792418781
55359,1933.6606792418781
55360,1933.6606792418781
55361,1933.6606792418781
55362,1933.6606792418781
55363,1933.6606792418781
55364,1933.6606792418781
55365,1933.6606792418781
55366,1933.6606792418781
55367,1933.6606792418781
55368,1933.6606792418781
55369,1933.6606792418781
55370,1933.6606792418781
55371,1933.6606792418781
55372,1933.6606792418781
55373,1933.6606792418781
55374,1933.6606792418781
55375,1933.6606792418781
55376,1933.6606792418781
55377,1933.6606792418781
55378,1933.6606792418781
55379,1933.6606792418781
55380,1933.6606792418781
55381,1933.6606792418781
55382,1933.6606792418781
55383,1933.6606792418781
55384,1933.6606792418781
55385,1933.6606792418781
55386,1933.6606792418781
55387,1933.6606792418781
55388,1933.6606792418781
55389,1933.6606792418781
55390,1933.6606792418781
55391,1933.6606792418781
55392,1933.6606792418781
55393,1933.6606792418781
55394,1933.6606792418781
55395,1933.6606792418781
55396,1933.6606792418781
55397,1933.6606792418781
55398,1933.6606792418781
55399,1933.6606792418781
55400,1933.6606792418781
55401,1933.6606792418781
55402,1933.6606792418781
55403,1933.6606792418781
55404,1933.6606792418781
55405,1933.6606792418781
55406,1933.6606792418781
55407,1933.6606792418781
55408,1933.6606792418781
55409,1933.6606792418781
55410,1933.6606792418781
55411,1933.6606792418781
55412,1933.6606792418781
55413,1933.6606792418781
55414,1933.6606792418781
55415,1933.6606792418781
55416,1933.6606792418781
55417,1933.6606792418781
55418,1933.6606792418781
55419,1933.6606792418781
55420,1933.6606792418781
55421,1933.6606792418781
55422,1933.6606792418781
55423,1933.6606792418781
55424,1933.6606792418781
55425,1933.6606792418781
55426,1933.6606792418781
55427,1933.6606792418781
55428,1933.6606792418781
55429,1933.6606792418781
55430,1933.6606792418781
55431,1933.6606792418781
55432,1933.6606792418781
55433,1933.6606792418781
55434,1933.6606792418781
55435,1933.6606792418781
55436,1933.6606792418781
55437,1933.6606792418781
55438,1933.6606792418781
55439,1933.6606792418781
55440,1933.6606792418781
55441,1933.6606792418781
55442,1933.6606792418781
55443,1933.6606792418781
55444,1933.6606792418781
55445,1933.6606792418781
55446,1933.6606792418781
55447,1933.6606792418781
55448,1933.6606792418781
55449,1933.6606792418781
55450,1933.6606792418781
55451,1933.6606792418781
55452,1933.6606792418781
55453,1933.6606792418781
55454,1933.6606792418781
55455,1933.6606792418781
55456,1933.6606792418781
55457,1933.6606792418781
55458,1933.6606792418781
55459,1933.6606792418781
55460,1933.6606792418781
55461,1933.6606792418781
55462,1933.6606792418781
55463,1933.6606792418781
55464,1933.6606792418781
55465,1933.6606792418781
55466,1933.6606792418781
55467,1933.6606792418781
55468,1933.6606792418781
55469,1933.6606792418781
55470,1933.6606792418781
55471,1933.6606792418781
55472,1933.6606792418781
55473,1933.6606792418781
55474,1933.6606792418781
55475,1933.6606792418781
55476,1933.6606792418781
55477,1933.6606792418781
55478,1933.6606792418781
55479,1933.6606792418781
55480,1933.6606792418781
55481,1933.6606792418781
55482,1933.6606792418781
55483,1933.6606792418781
55484,1933.6606792418781
55485,1933.6606792418781
55486,1933.6606792418781
55487,1933.6606792418781
55488,1933.6606792418781
55489,1933.6606792418781
55490,1933.6606792418781
55491,1933.6606792418781
55492,1933.6606792418781
55493,1933.6606792418781
55494,1933.6606792418781
55495,1933.6606792418781
55496,1933.6606792418781
55497,1933.6606792418781
55498,1933.6606792418781
55499,1933.6606792418781
55500,1933.6606792418781
55501,1933.6606792418781
55502,1933.6606792418781
55503,1933.6606792418781
55504,1933.6606792418781
55505,1933.6606792418781
55506,1933.6606792418781
55507,1933.6606792418781
55508,1933.6606792418781
55509,1933.6606792418781
55510,1933.6606792418781
55511,1933.6606792418781
55512,1933.6606792418781
55513,1933.6606792418781
55514,1933.6606792418781
55515,1933.6606792418781
55516,1933.6606792418781
55517,1933.6606792418781
55518,1933.6606792418781
55519,1933.6606792418781
55520,1933.6606792418781
55521,1933.6606792418781
55522,1933.6606792418781
55523,1933.6606792418781
55524,1933.6606792418781
55525,1933.6606792418781
55526,1933.6606792418781
55527,1933.6606792418781
55528,1933.6606792418781
55529,1933.6606792418781
55530,1933.6606792418781
55531,1933.6606792418781
55532,1933.6606792418781
55533,1933.6606792418781
55534,1933.6606792418781
55535,1933.6606792418781
55536,1933.6606792418781
55537,1933.6606792418781
55538,1933.6606792418781
55539,1933.6606792418781
55540,1933.6606792418781
55541,1933.6606792418781
55542,1933.6606792418781
55543,1933.6606792418781
55544,1933.6606792418781
55545,1933.6606792418781
55546,1933.6606792418781
55547,1933.6606792418781
55548,1933.6606792418781
55549,1933.6606792418781
55550,1933.6606792418781
55551,1933.6606792418781
55552,1933.6606792418781
55553,1933.6606792418781
55554,1933.6606792418781
55555,1933.6606792418781
55556,1933.6606792418781
55557,1933.6606792418781
55558,1933.6606792418781
55559,1933.6606792418781
55560,1933.6606792418781
55561,1933.6606792418781
55562,1933.6606792418781
55563,1933.6606792418781
55564,1933.6606792418781
55565,1933.6606792418781
55566,1933.6606792418781
55567,1933.6606792418781
55568,1933.6606792418781
55569,1933.6606792418781
55570,1933.6606792418781
55571,1933.6606792418781
55572,1933.6606792418781
55573,1933.6606792418781
55574,1933.6606792418781
55575,1933.6606792418781
55576,1933.6606792418781
55577,1933.6606792418781
55578,1933.6606792418781
55579,1933.6606792418781
55580,1933.6606792418781
55581,1933.6606792418781
55582,1933.6606792418781
55583,1933.6606792418781
55584,1933.6606792418781
55585,1933.6606792418781
55586,1933.6606792418781
55587,1933.6606792418781
55588,1933.6606792418781
55589,1933.6606792418781
55590,1933.6606792418781
55591,1933.6606792418781
55592,1933.6606792418781
55593,1933.6606792418781
55594,1933.6606792418781
55595,1933.6606792418781
55596,1933.6606792418781
55597,1933.6606792418781
55598,1933.6606792418781
55599,1933.6606792418781
55600,1933.6606792418781
55601,1933.6606792418781
55602,1933.6606792418781
55603,1933.6606792418781
55604,1933.6606792418781
55605,1933.6606792418781
55606,1933.6606792418781
55607,1933.6606792418781
55608,1933.6606792418781
55609,1933.6606792418781
55610,1933.6606792418781
55611,1933.6606792418781
55612,1933.6606792418781
55613,1933.6606792418781
55614,1933.6606792418781
55615,1933.6606792418781
55616,1933.6606792418781
55617,1933.6606792418781
55618,1933.6606792418781
55619,1933.6606792418781
55620,1933.6606792418781
55621,1933.6606792418781
55622,1933.6606792418781
55623,1933.6606792418781
55624,1933.6606792418781
55625,1933.6606792418781
55626,1933.6606792418781
55627,1933.6606792418781
55628,1933.6606792418781
55629,1933.6606792418781
55630,1933.6606792418781
55631,1933.6606792418781
55632,1933.6606792418781
55633,1933.6606792418781
55634,1933.6606792418781
55635,1933.6606792418781
55636,1933.6606792418781
55637,1933.6606792418781
55638,1933.6606792418781
55639,1933.6606792418781
55640,1933.6606792418781
55641,1933.6606792418781
55642,1933.6606792418781
55643,1933.6606792418781
55644,1933.6606792418781
55645,1933.6606792418781
55646,1933.6606792418781
55647,1933.6606792418781
55648,1933.6606792418781
55649,1933.6606792418781
55650,1933.6606792418781
55651,1933.6606792418781
55652,1933.6606792418781
55653,1933.6606792418781
55654,1933.6606792418781
55655,1933.6606792418781
55656,1933.6606792418781
55657,1933.6606792418781
55658,1933.6606792418781
55659,1933.6606792418781
55660,1933.6606792418781
55661,1933.6606792418781
55662,1933.6606792418781
55663,1933.6606792418781
55664,1933.6606792418781
55665,1933.6606792418781
55666,1933.6606792418781
55667,1933.6606792418781
55668,1933.6606792418781
55669,1933.6606792418781
55670,1933.6606792418781
55671,1933.6606792418781
55672,1933.6606792418781
55673,1933.6606792418781
55674,1933.6606792418781
55675,1933.6606792418781
55676,1933.6606792418781
55677,1933.6606792418781
55678,1933.6606792418781
55679,1933.6606792418781
55680,1933.6606792418781
55681,1933.6606792418781
55682,1933.6606792418781
55683,1933.6606792418781
55684,1933.6606792418781
55685,1933.6606792418781
55686,1933.6606792418781
55687,1933.6606792418781
55688,1933.6606792418781
55689,1933.6606792418781
55690,1933.6606792418781
55691,1933.6606792418781
55692,1933.6606792418781
55693,1933.6606792418781
55694,1933.6606792418781
55695,1933.6606792418781
55696,1933.6606792418781
55697,1933.6606792418781
55698,1933.6606792418781
55699,1933.6606792418781
55700,1933.6606792418781
55701,1933.6606792418781
55702,1933.6606792418781
55703,1933.6606792418781
55704,1933.6606792418781
55705,1933.6606792418781
55706,1933.6606792418781
55707,1933.6606792418781
55708,1933.6606792418781
55709,1933.6606792418781
55710,1933.6606792418781
55711,1933.6606792418781
55712,1933.6606792418781
55713,1933.6606792418781
55714,1933.6606792418781
55715,1933.6606792418781
55716,1933.6606792418781
55717,1933.6606792418781
55718,1933.6606792418781
55719,1933.6606792418781
55720,1933.6606792418781
55721,1933.6606792418781
55722,1933.6606792418781
55723,1933.6606792418781
55724,1933.6606792418781
55725,1933.6606792418781
55726,1933.6606792418781
55727,1933.6606792418781
55728,1933.6606792418781
55729,1933.6606792418781
55730,1933.6606792418781
55731,1933.6606792418781
55732,1933.6606792418781
55733,1933.6606792418781
55734,1933.6606792418781
55735,1933.6606792418781
55736,1933.6606792418781
55737,1933.6606792418781
55738,1933.6606792418781
55739,1933.6606792418781
55740,1933.6606792418781
55741,1933.6606792418781
55742,1933.6606792418781
55743,1933.6606792418781
55744,1933.6606792418781
55745,1933.6606792418781
55746,1933.6606792418781
55747,1933.6606792418781
55748,1933.6606792418781
55749,1933.6606792418781
55750,1933.6606792418781
55751,1933.6606792418781
55752,1933.6606792418781
55753,1933.6606792418781
55754,1933.6606792418781
55755,1933.6606792418781
55756,1933.6606792418781
55757,1933.6606792418781
55758,1933.6606792418781
55759,1933.6606792418781
55760,1933.6606792418781
55761,1933.6606792418781
55762,1933.6606792418781
55763,1933.6606792418781
55764,1933.6606792418781
55765,1933.6606792418781
55766,1933.6606792418781
55767,1933.6606792418781
55768,1933.6606792418781
55769,1933.6606792418781
55770,1933.6606792418781
55771,1933.6606792418781
55772,1933.6606792418781
55773,1933.6606792418781
55774,1933.6606792418781
55775,1933.6606792418781
55776,1933.6606792418781
55777,1933.6606792418781
55778,1933.6606792418781
55779,1933.6606792418781
55780,1933.6606792418781
55781,1933.6606792418781
55782,1933.6606792418781
55783,1933.6606792418781
55784,1933.6606792418781
55785,1933.6606792418781
55786,1933.6606792418781
55787,1933.6606792418781
55788,1933.6606792418781
55789,1933.6606792418781
55790,1933.6606792418781
55791,1933.6606792418781
55792,1933.6606792418781
55793,1933.6606792418781
55794,1933.6606792418781
55795,1933.6606792418781
55796,1933.6606792418781
55797,1933.6606792418781
55798,1933.6606792418781
55799,1933.6606792418781
55800,1933.6606792418781
55801,1933.6606792418781
55802,1933.6606792418781
55803,1933.6606792418781
55804,1933.6606792418781
55805,1933.6606792418781
55806,1933.6606792418781
55807,1933.6606792418781
55808,1933.6606792418781
55809,1933.6606792418781
55810,1933.6606792418781
55811,1933.6606792418781
55812,1933.6606792418781
55813,1933.6606792418781
55814,1933.6606792418781
55815,1933.6606792418781
55816,1933.6606792418781
55817,1933.6606792418781
55818,1933.6606792418781
55819,1933.6606792418781
55820,1933.6606792418781
55821,1933.6606792418781
55822,1933.6606792418781
55823,1933.6606792418781
55824,1933.6606792418781
55825,1933.6606792418781
55826,1933.6606792418781
55827,1933.6606792418781
55828,1933.6606792418781
55829,1933.6606792418781
55830,1933.6606792418781
55831,1933.6606792418781
55832,1933.6606792418781
55833,1933.6606792418781
55834,1933.6606792418781
55835,1933.6606792418781
55836,1933.6606792418781
55837,1933.6606792418781
55838,1933.6606792418781
55839,1933.6606792418781
55840,1933.6606792418781
55841,1933.6606792418781
55842,1933.6606792418781
55843,1933.6606792418781
55844,1933.6606792418781
55845,1933.6606792418781
55846,1933.6606792418781
55847,1933.6606792418781
55848,1933.6606792418781
55849,1933.6606792418781
55850,1933.6606792418781
55851,1933.6606792418781
55852,1933.6606792418781
55853,1933.6606792418781
55854,1933.6606792418781
55855,1933.6606792418781
55856,1933.6606792418781
55857,1933.6606792418781
55858,1933.6606792418781
55859,1933.6606792418781
55860,1933.6606792418781
55861,1933.6606792418781
55862,1933.6606792418781
55863,1933.6606792418781
55864,1933.6606792418781
55865,1933.6606792418781
55866,1933.6606792418781
55867,1933.6606792418781
55868,1933.6606792418781
55869,1933.6606792418781
55870,1933.6606792418781
55871,1933.6606792418781
55872,1933.6606792418781
55873,1933.6606792418781
55874,1933.6606792418781
55875,1933.6606792418781
55876,1933.6606792418781
55877,1933.6606792418781
55878,1933.6606792418781
55879,1933.6606792418781
55880,1933.6606792418781
55881,1933.6606792418781
55882,1933.6606792418781
55883,1933.6606792418781
55884,1933.6606792418781
55885,1933.6606792418781
55886,1933.6606792418781
55887,1933.6606792418781
55888,1933.6606792418781
55889,1933.6606792418781
55890,1933.6606792418781
55891,1933.6606792418781
55892,1933.6606792418781
55893,1933.6606792418781
55894,1933.6606792418781
55895,1933.6606792418781
55896,1933.6606792418781
55897,1933.6606792418781
55898,1933.6606792418781
55899,1933.6606792418781
55900,1933.6606792418781
55901,1933.6606792418781
55902,1933.6606792418781
55903,1933.6606792418781
55904,1933.6606792418781
55905,1933.6606792418781
55906,1933.6606792418781
55907,1933.6606792418781
55908,1933.6606792418781
55909,1933.6606792418781
55910,1933.6606792418781
55911,1933.6606792418781
55912,1933.6606792418781
55913,1933.6606792418781
55914,1933.6606792418781
55915,1933.6606792418781
55916,1933.6606792418781
55917,1933.6606792418781
55918,1933.6606792418781
55919,1933.6606792418781
55920,1933.6606792418781
55921,1933.6606792418781
55922,1933.6606792418781
55923,1933.6606792418781
55924,1933.6606792418781
55925,1933.6606792418781
55926,1933.6606792418781
55927,1933.6606792418781
55928,1933.6606792418781
55929,1933.6606792418781
55930,1933.6606792418781
55931,1933.6606792418781
55932,1933.6606792418781
55933,1933.6606792418781
55934,1933.6606792418781
55935,1933.6606792418781
55936,1933.6606792418781
55937,1933.6606792418781
55938,1933.6606792418781
55939,1933.6606792418781
55940,1933.6606792418781
55941,1933.6606792418781
55942,1933.6606792418781
55943,1933.6606792418781
55944,1933.6606792418781
55945,1933.6606792418781
55946,1933.6606792418781
55947,1933.6606792418781
55948,1933.6606792418781
55949,1933.6606792418781
55950,1933.6606792418781
55951,1933.6606792418781
55952,1933.6606792418781
55953,1933.6606792418781
55954,1933.6606792418781
55955,1933.6606792418781
55956,1933.6606792418781
55957,1933.6606792418781
55958,1933.6606792418781
55959,1933.6606792418781
55960,1933.6606792418781
55961,1933.6606792418781
55962,1933.6606792418781
55963,1933.6606792418781
55964,1933.6606792418781
55965,1933.6606792418781
55966,1933.6606792418781
55967,1933.6606792418781
55968,1933.6606792418781
55969,1933.6606792418781
55970,1933.6606792418781
55971,1933.6606792418781
55972,1933.6606792418781
55973,1933.6606792418781
55974,1933.6606792418781
55975,1933.6606792418781
55976,1933.6606792418781
55977,1933.6606792418781
55978,1933.6606792418781
55979,1933.6606792418781
55980,1933.6606792418781
55981,1933.6606792418781
55982,1933.6606792418781
55983,1933.6606792418781
55984,1933.6606792418781
55985,1933.6606792418781
55986,1933.6606792418781
55987,1933.6606792418781
55988,1933.6606792418781
55989,1933.6606792418781
55990,1933.6606792418781
55991,1933.6606792418781
55992,1933.6606792418781
55993,1933.6606792418781
55994,1933.6606792418781
55995,1933.6606792418781
55996,1933.6606792418781
55997,1933.6606792418781
55998,1933.6606792418781
55999,1933.6606792418781
56000,1933.6606792418781
56001,1933.6606792418781
56002,1933.6606792418781
56003,1933.6606792418781
56004,1933.6606792418781
56005,1933.6606792418781
56006,1933.6606792418781
56007,1933.6606792418781
56008,1933.6606792418781
56009,1933.6606792418781
56010,1933.6606792418781
56011,1933.6606792418781
56012,1933.6606792418781
56013,1933.6606792418781
56014,1933.6606792418781
56015,1933.6606792418781
56016,1933.6606792418781
56017,1933.6606792418781
56018,1933.6606792418781
56019,1933.6606792418781
56020,1933.6606792418781
56021,1933.6606792418781
56022,1933.6606792418781
56023,1933.6606792418781
56024,1933.6606792418781
56025,1933.6606792418781
56026,1933.6606792418781
56027,1933.6606792418781
56028,1933.6606792418781
56029,1933.6606792418781
56030,1933.6606792418781
56031,1933.6606792418781
56032,1933.6606792418781
56033,1933.6606792418781
56034,1933.6606792418781
56035,1933.6606792418781
56036,1933.6606792418781
56037,1933.6606792418781
56038,1933.6606792418781
56039,1933.6606792418781
56040,1933.6606792418781
56041,1933.6606792418781
56042,1933.6606792418781
56043,1933.6606792418781
56044,1933.6606792418781
56045,1933.6606792418781
56046,1933.6606792418781
56047,1933.6606792418781
56048,1933.6606792418781
56049,1933.6606792418781
56050,1933.6606792418781
56051,1933.6606792418781
56052,1933.6606792418781
56053,1933.6606792418781
56054,1933.6606792418781
56055,1933.6606792418781
56056,1933.6606792418781
56057,1933.6606792418781
56058,1933.6606792418781
56059,1933.6606792418781
56060,1933.6606792418781
56061,1933.6606792418781
56062,1933.6606792418781
56063,1933.6606792418781
56064,1933.6606792418781
56065,1933.6606792418781
56066,1933.6606792418781
56067,1933.6606792418781
56068,1933.6606792418781
56069,1933.6606792418781
56070,1933.6606792418781
56071,1933.6606792418781
56072,1933.6606792418781
56073,1933.6606792418781
56074,1933.6606792418781
56075,1933.6606792418781
56076,1933.6606792418781
56077,1933.6606792418781
56078,1933.6606792418781
56079,1933.6606792418781
56080,1933.6606792418781
56081,1933.6606792418781
56082,1933.6606792418781
56083,1933.6606792418781
56084,1933.6606792418781
56085,1933.6606792418781
56086,1933.6606792418781
56087,1933.6606792418781
56088,1933.6606792418781
56089,1933.6606792418781
56090,1933.6606792418781
56091,1933.6606792418781
56092,1933.6606792418781
56093,1933.6606792418781
56094,1933.6606792418781
56095,1933.6606792418781
56096,1933.6606792418781
56097,1933.6606792418781
56098,1933.6606792418781
56099,1933.6606792418781
56100,1933.6606792418781
56101,1933.6606792418781
56102,1933.6606792418781
56103,1933.6606792418781
56104,1933.6606792418781
56105,1933.6606792418781
56106,1933.6606792418781
56107,1933.6606792418781
56108,1933.6606792418781
56109,1933.6606792418781
56110,1933.6606792418781
56111,1933.6606792418781
56112,1933.6606792418781
56113,1933.6606792418781
56114,1933.6606792418781
56115,1933.6606792418781
56116,1933.6606792418781
56117,1933.6606792418781
56118,1933.6606792418781
56119,1933.6606792418781
56120,1933.6606792418781
56121,1933.6606792418781
56122,1933.6606792418781
56123,1933.6606792418781
56124,1933.6606792418781
56125,1933.6606792418781
56126,1933.6606792418781
56127,1933.6606792418781
56128,1933.6606792418781
56129,1933.6606792418781
56130,1933.6606792418781
56131,1933.6606792418781
56132,1933.6606792418781
56133,1933.6606792418781
56134,1933.6606792418781
56135,1933.6606792418781
56136,1933.6606792418781
56137,1933.6606792418781
56138,1933.6606792418781
56139,1933.6606792418781
56140,1933.6606792418781
56141,1933.6606792418781
56142,1933.6606792418781
56143,1933.6606792418781
56144,1933.6606792418781
56145,1933.6606792418781
56146,1933.6606792418781
56147,1933.6606792418781
56148,1933.6606792418781
56149,1933.6606792418781
56150,1933.6606792418781
56151,1933.6606792418781
56152,1933.6606792418781
56153,1933.6606792418781
56154,1933.6606792418781
56155,1933.6606792418781
56156,1933.6606792418781
56157,1933.6606792418781
56158,1933.6606792418781
56159,1933.6606792418781
56160,1933.6606792418781
56161,1933.6606792418781
56162,1933.6606792418781
56163,1933.6606792418781
56164,1933.6606792418781
56165,1933.6606792418781
56166,1933.6606792418781
56167,1933.6606792418781
56168,1933.6606792418781
56169,1933.6606792418781
56170,1933.6606792418781
56171,1933.6606792418781
56172,1933.6606792418781
56173,1933.6606792418781
56174,1933.6606792418781
56175,1933.6606792418781
56176,1933.6606792418781
56177,1933.6606792418781
56178,1933.6606792418781
56179,1933.6606792418781
56180,1933.6606792418781
56181,1933.6606792418781
56182,1933.6606792418781
56183,1933.6606792418781
56184,1933.6606792418781
56185,1933.6606792418781
56186,1933.6606792418781
56187,1933.6606792418781
56188,1933.6606792418781
56189,1933.6606792418781
56190,1933.6606792418781
56191,1933.6606792418781
56192,1933.6606792418781
56193,1933.6606792418781
56194,1933.6606792418781
56195,1933.6606792418781
56196,1933.6606792418781
56197,1933.6606792418781
56198,1933.6606792418781
56199,1933.6606792418781
56200,1933.6606792418781
56201,1933.6606792418781
56202,1933.6606792418781
56203,1933.6606792418781
56204,1933.6606792418781
56205,1933.6606792418781
56206,1933.6606792418781
56207,1933.6606792418781
56208,1933.6606792418781
56209,1933.6606792418781
56210,1933.6606792418781
56211,1933.6606792418781
56212,1933.6606792418781
56213,1933.6606792418781
56214,1933.6606792418781
56215,1933.6606792418781
56216,1933.6606792418781
56217,1933.6606792418781
56218,1933.6606792418781
56219,1933.6606792418781
56220,1933.6606792418781
56221,1933.6606792418781
56222,1933.6606792418781
56223,1933.6606792418781
56224,1933.6606792418781
56225,1933.6606792418781
56226,1933.6606792418781
56227,1933.6606792418781
56228,1933.6606792418781
56229,1933.6606792418781
56230,1933.6606792418781
56231,1933.6606792418781
56232,1933.6606792418781
56233,1933.6606792418781
56234,1933.6606792418781
56235,1933.6606792418781
56236,1933.6606792418781
56237,1933.6606792418781
56238,1933.6606792418781
56239,1933.6606792418781
56240,1933.6606792418781
56241,1933.6606792418781
56242,1933.6606792418781
56243,1933.6606792418781
56244,1933.6606792418781
56245,1933.6606792418781
56246,1933.6606792418781
56247,1933.6606792418781
56248,1933.6606792418781
56249,1933.6606792418781
56250,1933.6606792418781
56251,1933.6606792418781
56252,1933.6606792418781
56253,1933.6606792418781
56254,1933.6606792418781
56255,1933.6606792418781
56256,1933.6606792418781
56257,1933.6606792418781
56258,1933.6606792418781
56259,1933.6606792418781
56260,1933.6606792418781
56261,1933.6606792418781
56262,1933.6606792418781
56263,1933.6606792418781
56264,1933.6606792418781
56265,1933.6606792418781
56266,1933.6606792418781
56267,1933.6606792418781
56268,1933.6606792418781
56269,1933.6606792418781
56270,1933.6606792418781
56271,1933.6606792418781
56272,1933.6606792418781
56273,1933.6606792418781
56274,1933.6606792418781
56275,1933.6606792418781
56276,1933.6606792418781
56277,1933.6606792418781
56278,1933.6606792418781
56279,1933.6606792418781
56280,1933.6606792418781
56281,1933.6606792418781
56282,1933.6606792418781
56283,1933.6606792418781
56284,1933.6606792418781
56285,1933.6606792418781
56286,1933.6606792418781
56287,1933.6606792418781
56288,1933.6606792418781
56289,1933.6606792418781
56290,1933.6606792418781
56291,1933.6606792418781
56292,1933.6606792418781
56293,1933.6606792418781
56294,1933.6606792418781
56295,1933.6606792418781
56296,1933.6606792418781
56297,1933.6606792418781
56298,1933.6606792418781
56299,1933.6606792418781
56300,1933.6606792418781
56301,1933.6606792418781
56302,1933.6606792418781
56303,1933.6606792418781
56304,1933.6606792418781
56305,1933.6606792418781
56306,1933.6606792418781
56307,1933.6606792418781
56308,1933.6606792418781
56309,1933.6606792418781
56310,1933.6606792418781
56311,1933.6606792418781
56312,1933.6606792418781
56313,1933.6606792418781
56314,1933.6606792418781
56315,1933.6606792418781
56316,1933.6606792418781
56317,1933.6606792418781
56318,1933.6606792418781
56319,1933.6606792418781
56320,1933.6606792418781
56321,1933.6606792418781
56322,1933.6606792418781
56323,1933.6606792418781
56324,1933.6606792418781
56325,1933.6606792418781
56326,1933.6606792418781
56327,1933.6606792418781
56328,1933.6606792418781
56329,1933.6606792418781
56330,1933.6606792418781
56331,1933.6606792418781
56332,1933.6606792418781
56333,1933.6606792418781
56334,1933.6606792418781
56335,1933.6606792418781
56336,1933.6606792418781
56337,1933.6606792418781
56338,1933.6606792418781
56339,1933.6606792418781
56340,1933.6606792418781
56341,1933.6606792418781
56342,1933.6606792418781
56343,1933.6606792418781
56344,1933.6606792418781
56345,1933.6606792418781
56346,1933.6606792418781
56347,1933.6606792418781
56348,1933.6606792418781
56349,1933.6606792418781
56350,1933.6606792418781
56351,1933.6606792418781
56352,1933.6606792418781
56353,1933.6606792418781
56354,1933.6606792418781
56355,1933.6606792418781
56356,1933.6606792418781
56357,1933.6606792418781
56358,1933.6606792418781
56359,1933.6606792418781
56360,1933.6606792418781
56361,1933.6606792418781
56362,1933.6606792418781
56363,1933.6606792418781
56364,1933.6606792418781
56365,1933.6606792418781
56366,1933.6606792418781
56367,1933.6606792418781
56368,1933.6606792418781
56369,1933.6606792418781
56370,1933.6606792418781
56371,1933.6606792418781
56372,1933.6606792418781
56373,1933.6606792418781
56374,1933.6606792418781
56375,1933.6606792418781
56376,1933.6606792418781
56377,1933.6606792418781
56378,1933.6606792418781
56379,1933.6606792418781
56380,1933.6606792418781
56381,1933.6606792418781
56382,1933.6606792418781
56383,1933.6606792418781
56384,1933.6606792418781
56385,1933.6606792418781
56386,1933.6606792418781
56387,1933.6606792418781
56388,1933.6606792418781
56389,1933.6606792418781
56390,1933.6606792418781
56391,1933.6606792418781
56392,1933.6606792418781
56393,1933.6606792418781
56394,1933.6606792418781
56395,1933.6606792418781
56396,1933.6606792418781
56397,1933.6606792418781
56398,1933.6606792418781
56399,1933.6606792418781
56400,1933.6606792418781
56401,1933.6606792418781
56402,1933.6606792418781
56403,1933.6606792418781
56404,1933.6606792418781
56405,1933.6606792418781
56406,1933.6606792418781
56407,1933.6606792418781
56408,1933.6606792418781
56409,1933.6606792418781
56410,1933.6606792418781
56411,1933.6606792418781
56412,1933.6606792418781
56413,1933.6606792418781
56414,1933.6606792418781
56415,1933.6606792418781
56416,1933.6606792418781
56417,1933.6606792418781
56418,1933.6606792418781
56419,1933.6606792418781
56420,1933.6606792418781
56421,1933.6606792418781
56422,1933.6606792418781
56423,1933.6606792418781
56424,1933.6606792418781
56425,1933.6606792418781
56426,1933.6606792418781
56427,1933.6606792418781
56428,1933.6606792418781
56429,1933.6606792418781
56430,1933.6606792418781
56431,1933.6606792418781
56432,1933.6606792418781
56433,1933.6606792418781
56434,1933.6606792418781
56435,1933.6606792418781
56436,1933.6606792418781
56437,1933.6606792418781
56438,1933.6606792418781
56439,1933.6606792418781
56440,1933.6606792418781
56441,1933.6606792418781
56442,1933.6606792418781
56443,1933.6606792418781
56444,1933.6606792418781
56445,1933.6606792418781
56446,1933.6606792418781
56447,1933.6606792418781
56448,1933.6606792418781
56449,1933.6606792418781
56450,1933.6606792418781
56451,1933.6606792418781
56452,1933.6606792418781
56453,1933.6606792418781
56454,1933.6606792418781
56455,1933.6606792418781
56456,1933.6606792418781
56457,1933.6606792418781
56458,1933.6606792418781
56459,1933.6606792418781
56460,1933.6606792418781
56461,1933.6606792418781
56462,1933.6606792418781
56463,1933.6606792418781
56464,1933.6606792418781
56465,1933.6606792418781
56466,1933.6606792418781
56467,1933.6606792418781
56468,1933.6606792418781
56469,1933.6606792418781
56470,1933.6606792418781
56471,1933.6606792418781
56472,1933.6606792418781
56473,1933.6606792418781
56474,1933.6606792418781
56475,1933.6606792418781
56476,1933.6606792418781
56477,1933.6606792418781
56478,1933.6606792418781
56479,1933.6606792418781
56480,1933.6606792418781
56481,1933.6606792418781
56482,1933.6606792418781
56483,1933.6606792418781
56484,1933.6606792418781
56485,1933.6606792418781
56486,1933.6606792418781
56487,1933.6606792418781
56488,1933.6606792418781
56489,1933.6606792418781
56490,1933.6606792418781
56491,1933.6606792418781
56492,1933.6606792418781
56493,1933.6606792418781
56494,1933.6606792418781
56495,1933.6606792418781
56496,1933.6606792418781
56497,1933.6606792418781
56498,1933.6606792418781
56499,1933.6606792418781
56500,1933.6606792418781
56501,1933.6606792418781
56502,1933.6606792418781
56503,1933.6606792418781
56504,1933.6606792418781
56505,1933.6606792418781
56506,1933.6606792418781
56507,1933.6606792418781
56508,1933.6606792418781
56509,1933.6606792418781
56510,1933.6606792418781
56511,1933.6606792418781
56512,1933.6606792418781
56513,1933.6606792418781
56514,1933.6606792418781
56515,1933.6606792418781
56516,1933.6606792418781
56517,1933.6606792418781
56518,1933.6606792418781
56519,1933.6606792418781
56520,1933.6606792418781
56521,1933.6606792418781
56522,1933.6606792418781
56523,1933.6606792418781
56524,1933.6606792418781
56525,1933.6606792418781
56526,1933.6606792418781
56527,1933.6606792418781
56528,1933.6606792418781
56529,1933.6606792418781
56530,1933.6606792418781
56531,1933.6606792418781
56532,1933.6606792418781
56533,1933.6606792418781
56534,1933.6606792418781
56535,1933.6606792418781
56536,1933.6606792418781
56537,1933.6606792418781
56538,1933.6606792418781
56539,1933.6606792418781
56540,1933.6606792418781
56541,1933.6606792418781
56542,1933.6606792418781
56543,1933.6606792418781
56544,1933.6606792418781
56545,1933.6606792418781
56546,1933.6606792418781
56547,1933.6606792418781
56548,1933.6606792418781
56549,1933.6606792418781
56550,1933.6606792418781
56551,1933.6606792418781
56552,1933.6606792418781
56553,1933.6606792418781
56554,1933.6606792418781
56555,1933.6606792418781
56556,1933.6606792418781
56557,1933.6606792418781
56558,1933.6606792418781
56559,1933.6606792418781
56560,1933.6606792418781
56561,1933.6606792418781
56562,1933.6606792418781
56563,1933.6606792418781
56564,1933.6606792418781
56565,1933.6606792418781
56566,1933.6606792418781
56567,1933.6606792418781
56568,1933.6606792418781
56569,1933.6606792418781
56570,1933.6606792418781
56571,1933.6606792418781
56572,1933.6606792418781
56573,1933.6606792418781
56574,1933.6606792418781
56575,1933.6606792418781
56576,1933.6606792418781
56577,1933.6606792418781
56578,1933.6606792418781
56579,1933.6606792418781
56580,1933.6606792418781
56581,1933.6606792418781
56582,1933.6606792418781
56583,1933.6606792418781
56584,1933.6606792418781
56585,1933.6606792418781
56586,1933.6606792418781
56587,1933.6606792418781
56588,1933.6606792418781
56589,1933.6606792418781
56590,1933.6606792418781
56591,1933.6606792418781
56592,1933.6606792418781
56593,1933.6606792418781
56594,1933.6606792418781
56595,1933.6606792418781
56596,1933.6606792418781
56597,1933.6606792418781
56598,1933.6606792418781
56599,1933.6606792418781
56600,1933.6606792418781
56601,1933.6606792418781
56602,1933.6606792418781
56603,1933.6606792418781
56604,1933.6606792418781
56605,1933.6606792418781
56606,1933.6606792418781
56607,1933.6606792418781
56608,1933.6606792418781
56609,1933.6606792418781
56610,1933.6606792418781
56611,1933.6606792418781
56612,1933.6606792418781
56613,1933.6606792418781
56614,1933.6606792418781
56615,1933.6606792418781
56616,1933.6606792418781
56617,1933.6606792418781
56618,1933.6606792418781
56619,1933.6606792418781
56620,1933.6606792418781
56621,1933.6606792418781
56622,1933.6606792418781
56623,1933.6606792418781
56624,1933.6606792418781
56625,1933.6606792418781
56626,1933.6606792418781
56627,1933.6606792418781
56628,1933.6606792418781
56629,1933.6606792418781
56630,1933.6606792418781
56631,1933.6606792418781
56632,1933.6606792418781
56633,1933.6606792418781
56634,1933.6606792418781
56635,1933.6606792418781
56636,1933.6606792418781
56637,1933.6606792418781
56638,1933.6606792418781
56639,1933.6606792418781
56640,1933.6606792418781
56641,1933.6606792418781
56642,1933.6606792418781
56643,1933.6606792418781
56644,1933.6606792418781
56645,1933.6606792418781
56646,1933.6606792418781
56647,1933.6606792418781
56648,1933.6606792418781
56649,1933.6606792418781
56650,1933.6606792418781
56651,1933.6606792418781
56652,1933.6606792418781
56653,1933.6606792418781
56654,1933.6606792418781
56655,1933.6606792418781
56656,1933.6606792418781
56657,1933.6606792418781
56658,1933.6606792418781
56659,1933.6606792418781
56660,1933.6606792418781
56661,1933.6606792418781
56662,1933.6606792418781
56663,1933.6606792418781
56664,1933.6606792418781
56665,1933.6606792418781
56666,1933.6606792418781
56667,1933.6606792418781
56668,1933.6606792418781
56669,1933.6606792418781
56670,1933.6606792418781
56671,1933.6606792418781
56672,1933.6606792418781
56673,1933.6606792418781
56674,1933.6606792418781
56675,1933.6606792418781
56676,1933.6606792418781
56677,1933.6606792418781
56678,1933.6606792418781
56679,1933.6606792418781
56680,1933.6606792418781
56681,1933.6606792418781
56682,1933.6606792418781
56683,1933.6606792418781
56684,1933.6606792418781
56685,1933.6606792418781
56686,1933.6606792418781
56687,1933.6606792418781
56688,1933.6606792418781
56689,1933.6606792418781
56690,1933.6606792418781
56691,1933.6606792418781
56692,1933.6606792418781
56693,1933.6606792418781
56694,1933.6606792418781
56695,1933.6606792418781
56696,1933.6606792418781
56697,1933.6606792418781
56698,1933.6606792418781
56699,1933.6606792418781
56700,1933.6606792418781
56701,1933.6606792418781
56702,1933.6606792418781
56703,1933.6606792418781
56704,1933.6606792418781
56705,1933.6606792418781
56706,1933.6606792418781
56707,1933.6606792418781
56708,1933.6606792418781
56709,1933.6606792418781
56710,1933.6606792418781
56711,1933.6606792418781
56712,1933.6606792418781
56713,1933.6606792418781
56714,1933.6606792418781
56715,1933.6606792418781
56716,1933.6606792418781
56717,1933.6606792418781
56718,1933.6606792418781
56719,1933.6606792418781
56720,1933.6606792418781
56721,1933.6606792418781
56722,1933.6606792418781
56723,1933.6606792418781
56724,1933.6606792418781
56725,1933.6606792418781
56726,1933.6606792418781
56727,1933.6606792418781
56728,1933.6606792418781
56729,1933.6606792418781
56730,1933.6606792418781
56731,1933.6606792418781
56732,1933.6606792418781
56733,1933.6606792418781
56734,1933.6606792418781
56735,1933.6606792418781
56736,1933.6606792418781
56737,1933.6606792418781
56738,1933.6606792418781
56739,1933.6606792418781
56740,1933.6606792418781
56741,1933.6606792418781
56742,1933.6606792418781
56743,1933.6606792418781
56744,1933.6606792418781
56745,1933.6606792418781
56746,1933.6606792418781
56747,1933.6606792418781
56748,1933.6606792418781
56749,1933.6606792418781
56750,1933.6606792418781
56751,1933.6606792418781
56752,1933.6606792418781
56753,1933.6606792418781
56754,1933.6606792418781
56755,1933.6606792418781
56756,1933.6606792418781
56757,1933.6606792418781
56758,1933.6606792418781
56759,1933.6606792418781
56760,1933.6606792418781
56761,1933.6606792418781
56762,1933.6606792418781
56763,1933.6606792418781
56764,1933.6606792418781
56765,1933.6606792418781
56766,1933.6606792418781
56767,1933.6606792418781
56768,1933.6606792418781
56769,1933.6606792418781
56770,1933.6606792418781
56771,1933.6606792418781
56772,1933.6606792418781
56773,1933.6606792418781
56774,1933.6606792418781
56775,1933.6606792418781
56776,1933.6606792418781
56777,1933.6606792418781
56778,1933.6606792418781
56779,1933.6606792418781
56780,1933.6606792418781
56781,1933.6606792418781
56782,1933.6606792418781
56783,1933.6606792418781
56784,1933.6606792418781
56785,1933.6606792418781
56786,1933.6606792418781
56787,1933.6606792418781
56788,1933.6606792418781
56789,1933.6606792418781
56790,1933.6606792418781
56791,1933.6606792418781
56792,1933.6606792418781
56793,1933.6606792418781
56794,1933.6606792418781
56795,1933.6606792418781
56796,1933.6606792418781
56797,1933.6606792418781
56798,1933.6606792418781
56799,1933.6606792418781
56800,1933.6606792418781
56801,1933.6606792418781
56802,1933.6606792418781
56803,1933.6606792418781
56804,1933.6606792418781
56805,1933.6606792418781
56806,1933.6606792418781
56807,1933.6606792418781
56808,1933.6606792418781
56809,1933.6606792418781
56810,1933.6606792418781
56811,1933.6606792418781
56812,1933.6606792418781
56813,1933.6606792418781
56814,1933.6606792418781
56815,1933.6606792418781
56816,1933.6606792418781
56817,1933.6606792418781
56818,1933.6606792418781
56819,1933.6606792418781
56820,1933.6606792418781
56821,1933.6606792418781
56822,1933.6606792418781
56823,1933.6606792418781
56824,1933.6606792418781
56825,1933.6606792418781
56826,1933.6606792418781
56827,1933.6606792418781
56828,1933.6606792418781
56829,1933.6606792418781
56830,1933.6606792418781
56831,1933.6606792418781
56832,1933.6606792418781
56833,1933.6606792418781
56834,1933.6606792418781
56835,1933.6606792418781
56836,1933.6606792418781
56837,1933.6606792418781
56838,1933.6606792418781
56839,1933.6606792418781
56840,1933.6606792418781
56841,1933.6606792418781
56842,1933.6606792418781
56843,1933.6606792418781
56844,1933.6606792418781
56845,1933.6606792418781
56846,1933.6606792418781
56847,1933.6606792418781
56848,1933.6606792418781
56849,1933.6606792418781
56850,1933.6606792418781
56851,1933.6606792418781
56852,1933.6606792418781
56853,1933.6606792418781
56854,1933.6606792418781
56855,1933.6606792418781
56856,1933.6606792418781
56857,1933.6606792418781
56858,1933.6606792418781
56859,1933.6606792418781
56860,1933.6606792418781
56861,1933.6606792418781
56862,1933.6606792418781
56863,1933.6606792418781
56864,1933.6606792418781
56865,1933.6606792418781
56866,1933.6606792418781
56867,1933.6606792418781
56868,1933.6606792418781
56869,1933.6606792418781
56870,1933.6606792418781
56871,1933.6606792418781
56872,1933.6606792418781
56873,1933.6606792418781
56874,1933.6606792418781
56875,1933.6606792418781
56876,1933.6606792418781
56877,1933.6606792418781
56878,1933.6606792418781
56879,1933.6606792418781
56880,1933.6606792418781
56881,1933.6606792418781
56882,1933.6606792418781
56883,1933.6606792418781
56884,1933.6606792418781
56885,1933.6606792418781
56886,1933.6606792418781
56887,1933.6606792418781
56888,1933.6606792418781
56889,1933.6606792418781
56890,1933.6606792418781
56891,1933.6606792418781
56892,1933.6606792418781
56893,1933.6606792418781
56894,1933.6606792418781
56895,1933.6606792418781
56896,1933.6606792418781
56897,1933.6606792418781
56898,1933.6606792418781
56899,1933.6606792418781
56900,1933.6606792418781
56901,1933.6606792418781
56902,1933.6606792418781
56903,1933.6606792418781
56904,1933.6606792418781
56905,1933.6606792418781
56906,1933.6606792418781
56907,1933.6606792418781
56908,1933.6606792418781
56909,1933.6606792418781
56910,1933.6606792418781
56911,1933.6606792418781
56912,1933.6606792418781
56913,1933.6606792418781
56914,1933.6606792418781
56915,1933.6606792418781
56916,1933.6606792418781
56917,1933.6606792418781
56918,1933.6606792418781
56919,1933.6606792418781
56920,1933.6606792418781
56921,1933.6606792418781
56922,1933.6606792418781
56923,1933.6606792418781
56924,1933.6606792418781
56925,1933.6606792418781
56926,1933.6606792418781
56927,1933.6606792418781
56928,1933.6606792418781
56929,1933.6606792418781
56930,1933.6606792418781
56931,1933.6606792418781
56932,1933.6606792418781
56933,1933.6606792418781
56934,1933.6606792418781
56935,1933.6606792418781
56936,1933.6606792418781
56937,1933.6606792418781
56938,1933.6606792418781
56939,1933.6606792418781
56940,1933.6606792418781
56941,1933.6606792418781
56942,1933.6606792418781
56943,1933.6606792418781
56944,1933.6606792418781
56945,1933.6606792418781
56946,1933.6606792418781
56947,1933.6606792418781
56948,1933.6606792418781
56949,1933.6606792418781
56950,1933.6606792418781
56951,1933.6606792418781
56952,1933.6606792418781
56953,1933.6606792418781
56954,1933.6606792418781
56955,1933.6606792418781
56956,1933.6606792418781
56957,1933.6606792418781
56958,1933.6606792418781
56959,1933.6606792418781
56960,1933.6606792418781
56961,1933.6606792418781
56962,1933.6606792418781
56963,1933.6606792418781
56964,1933.6606792418781
56965,1933.6606792418781
56966,1933.6606792418781
56967,1933.6606792418781
56968,1933.6606792418781
56969,1933.6606792418781
56970,1933.6606792418781
56971,1933.6606792418781
56972,1933.6606792418781
56973,1933.6606792418781
56974,1933.6606792418781
56975,1933.6606792418781
56976,1933.6606792418781
56977,1933.6606792418781
56978,1933.6606792418781
56979,1933.6606792418781
56980,1933.6606792418781
56981,1933.6606792418781
56982,1933.6606792418781
56983,1933.6606792418781
56984,1933.6606792418781
56985,1933.6606792418781
56986,1933.6606792418781
56987,1933.6606792418781
56988,1933.6606792418781
56989,1933.6606792418781
56990,1933.6606792418781
56991,1933.6606792418781
56992,1933.6606792418781
56993,1933.6606792418781
56994,1933.6606792418781
56995,1933.6606792418781
56996,1933.6606792418781
56997,1933.6606792418781
56998,1933.6606792418781
56999,1933.6606792418781
57000,1933.6606792418781
57001,1933.6606792418781
57002,1933.6606792418781
57003,1933.6606792418781
57004,1933.6606792418781
57005,1933.6606792418781
57006,1933.6606792418781
57007,1933.6606792418781
57008,1933.6606792418781
57009,1933.6606792418781
57010,1933.6606792418781
57011,1933.6606792418781
57012,1933.6606792418781
57013,1933.6606792418781
57014,1933.6606792418781
57015,1933.6606792418781
57016,1933.6606792418781
57017,1933.6606792418781
57018,1933.6606792418781
57019,1933.6606792418781
57020,1933.6606792418781
57021,1933.6606792418781
57022,1933.6606792418781
57023,1933.6606792418781
57024,1933.6606792418781
57025,1933.6606792418781
57026,1933.6606792418781
57027,1933.6606792418781
57028,1933.6606792418781
57029,1933.6606792418781
57030,1933.6606792418781
57031,1933.6606792418781
57032,1933.6606792418781
57033,1933.6606792418781
57034,1933.6606792418781
57035,1933.6606792418781
57036,1933.6606792418781
57037,1933.6606792418781
57038,1933.6606792418781
57039,1933.6606792418781
57040,1933.6606792418781
57041,1933.6606792418781
57042,1933.6606792418781
57043,1933.6606792418781
57044,1933.6606792418781
57045,1933.6606792418781
57046,1933.6606792418781
57047,1933.6606792418781
57048,1933.6606792418781
57049,1933.6606792418781
57050,1933.6606792418781
57051,1933.6606792418781
57052,1933.6606792418781
57053,1933.6606792418781
57054,1933.6606792418781
57055,1933.6606792418781
57056,1933.6606792418781
57057,1933.6606792418781
57058,1933.6606792418781
57059,1933.6606792418781
57060,1933.6606792418781
57061,1933.6606792418781
57062,1933.6606792418781
57063,1933.6606792418781
57064,1933.6606792418781
57065,1933.6606792418781
57066,1933.6606792418781
57067,1933.6606792418781
57068,1933.6606792418781
57069,1933.6606792418781
57070,1933.6606792418781
57071,1933.6606792418781
57072,1933.6606792418781
57073,1933.6606792418781
57074,1933.6606792418781
57075,1933.6606792418781
57076,1933.6606792418781
57077,1933.6606792418781
57078,1933.6606792418781
57079,1933.6606792418781
57080,1933.6606792418781
57081,1933.6606792418781
57082,1933.6606792418781
57083,1933.6606792418781
57084,1933.6606792418781
57085,1933.6606792418781
57086,1933.6606792418781
57087,1933.6606792418781
57088,1933.6606792418781
57089,1933.6606792418781
57090,1933.6606792418781
57091,1933.6606792418781
57092,1933.6606792418781
57093,1933.6606792418781
57094,1933.6606792418781
57095,1933.6606792418781
57096,1933.6606792418781
57097,1933.6606792418781
57098,1933.6606792418781
57099,1933.6606792418781
57100,1933.6606792418781
57101,1933.6606792418781
57102,1933.6606792418781
57103,1933.6606792418781
57104,1933.6606792418781
57105,1933.6606792418781
57106,1933.6606792418781
57107,1933.6606792418781
57108,1933.6606792418781
57109,1933.6606792418781
57110,1933.6606792418781
57111,1933.6606792418781
57112,1933.6606792418781
57113,1933.6606792418781
57114,1933.6606792418781
57115,1933.6606792418781
57116,1933.6606792418781
57117,1933.6606792418781
57118,1933.6606792418781
57119,1933.6606792418781
57120,1933.6606792418781
57121,1933.6606792418781
57122,1933.6606792418781
57123,1933.6606792418781
57124,1933.6606792418781
57125,1933.6606792418781
57126,1933.6606792418781
57127,1933.6606792418781
57128,1933.6606792418781
57129,1933.6606792418781
57130,1933.6606792418781
57131,1933.6606792418781
57132,1933.6606792418781
57133,1933.6606792418781
57134,1933.6606792418781
57135,1933.6606792418781
57136,1933.6606792418781
57137,1933.6606792418781
57138,1933.6606792418781
57139,1933.6606792418781
57140,1933.6606792418781
57141,1933.6606792418781
57142,1933.6606792418781
57143,1933.6606792418781
57144,1933.6606792418781
57145,1933.6606792418781
57146,1933.6606792418781
57147,1933.6606792418781
57148,1933.6606792418781
57149,1933.6606792418781
57150,1933.6606792418781
57151,1933.6606792418781
57152,1933.6606792418781
57153,1933.6606792418781
57154,1933.6606792418781
57155,1933.6606792418781
57156,1933.6606792418781
57157,1933.6606792418781
57158,1933.6606792418781
57159,1933.6606792418781
57160,1933.6606792418781
57161,1933.6606792418781
57162,1933.6606792418781
57163,1933.6606792418781
57164,1933.6606792418781
57165,1933.6606792418781
57166,1933.6606792418781
57167,1933.6606792418781
57168,1933.6606792418781
57169,1933.6606792418781
57170,1933.6606792418781
57171,1933.6606792418781
57172,1933.6606792418781
57173,1933.6606792418781
57174,1933.6606792418781
57175,1933.6606792418781
57176,1933.6606792418781
57177,1933.6606792418781
57178,1933.6606792418781
57179,1933.6606792418781
57180,1933.6606792418781
57181,1933.6606792418781
57182,1933.6606792418781
57183,1933.6606792418781
57184,1933.6606792418781
57185,1933.6606792418781
57186,1933.6606792418781
57187,1933.6606792418781
57188,1933.6606792418781
57189,1933.6606792418781
57190,1933.6606792418781
57191,1933.6606792418781
57192,1933.6606792418781
57193,1933.6606792418781
57194,1933.6606792418781
57195,1933.6606792418781
57196,1933.6606792418781
57197,1933.6606792418781
57198,1933.6606792418781
57199,1933.6606792418781
57200,1933.6606792418781
57201,1933.6606792418781
57202,1933.6606792418781
57203,1933.6606792418781
57204,1933.6606792418781
57205,1933.6606792418781
57206,1933.6606792418781
57207,1933.6606792418781
57208,1933.6606792418781
57209,1933.6606792418781
57210,1933.6606792418781
57211,1933.6606792418781
57212,1933.6606792418781
57213,1933.6606792418781
57214,1933.6606792418781
57215,1933.6606792418781
57216,1933.6606792418781
57217,1933.6606792418781
57218,1933.6606792418781
57219,1933.6606792418781
57220,1933.6606792418781
57221,1933.6606792418781
57222,1933.6606792418781
57223,1933.6606792418781
57224,1933.6606792418781
57225,1933.6606792418781
57226,1933.6606792418781
57227,1933.6606792418781
57228,1933.6606792418781
57229,1933.6606792418781
57230,1933.6606792418781
57231,1933.6606792418781
57232,1933.6606792418781
57233,1933.6606792418781
57234,1933.6606792418781
57235,1933.6606792418781
57236,1933.6606792418781
57237,1933.6606792418781
57238,1933.6606792418781
57239,1933.6606792418781
57240,1933.6606792418781
57241,1933.6606792418781
57242,1933.6606792418781
57243,1933.6606792418781
57244,1933.6606792418781
57245,1933.6606792418781
57246,1933.6606792418781
57247,1933.6606792418781
57248,1933.6606792418781
57249,1933.6606792418781
57250,1933.6606792418781
57251,1933.6606792418781
57252,1933.6606792418781
57253,1933.6606792418781
57254,1933.6606792418781
57255,1933.6606792418781
57256,1933.6606792418781
57257,1933.6606792418781
57258,1933.6606792418781
57259,1933.6606792418781
57260,1933.6606792418781
57261,1933.6606792418781
57262,1933.6606792418781
57263,1933.6606792418781
57264,1933.6606792418781
57265,1933.6606792418781
57266,1933.6606792418781
57267,1933.6606792418781
57268,1933.6606792418781
57269,1933.6606792418781
57270,1933.6606792418781
57271,1933.6606792418781
57272,1933.6606792418781
57273,1933.6606792418781
57274,1933.6606792418781
57275,1933.6606792418781
57276,1933.6606792418781
57277,1933.6606792418781
57278,1933.6606792418781
57279,1933.6606792418781
57280,1933.6606792418781
57281,1933.6606792418781
57282,1933.6606792418781
57283,1933.6606792418781
57284,1933.6606792418781
57285,1933.6606792418781
57286,1933.6606792418781
57287,1933.6606792418781
57288,1933.6606792418781
57289,1933.6606792418781
57290,1933.6606792418781
57291,1933.6606792418781
57292,1933.6606792418781
57293,1933.6606792418781
57294,1933.6606792418781
57295,1933.6606792418781
57296,1933.6606792418781
57297,1933.6606792418781
57298,1933.6606792418781
57299,1933.6606792418781
57300,1933.6606792418781
57301,1933.6606792418781
57302,1933.6606792418781
57303,1933.6606792418781
57304,1933.6606792418781
57305,1933.6606792418781
57306,1933.6606792418781
57307,1933.6606792418781
57308,1933.6606792418781
57309,1933.6606792418781
57310,1933.6606792418781
57311,1933.6606792418781
57312,1933.6606792418781
57313,1933.6606792418781
57314,1933.6606792418781
57315,1933.6606792418781
57316,1933.6606792418781
57317,1933.6606792418781
57318,1933.6606792418781
57319,1933.6606792418781
57320,1933.6606792418781
57321,1933.6606792418781
57322,1933.6606792418781
57323,1933.6606792418781
57324,1933.6606792418781
57325,1933.6606792418781
57326,1933.6606792418781
57327,1933.6606792418781
57328,1933.6606792418781
57329,1933.6606792418781
57330,1933.6606792418781
57331,1933.6606792418781
57332,1933.6606792418781
57333,1933.6606792418781
57334,1933.6606792418781
57335,1933.6606792418781
57336,1933.6606792418781
57337,1933.6606792418781
57338,1933.6606792418781
57339,1933.6606792418781
57340,1933.6606792418781
57341,1933.6606792418781
57342,1933.6606792418781
57343,1933.6606792418781
57344,1933.6606792418781
57345,1933.6606792418781
57346,1933.6606792418781
57347,1933.6606792418781
57348,1933.6606792418781
57349,1933.6606792418781
57350,1933.6606792418781
57351,1933.6606792418781
57352,1933.6606792418781
57353,1933.6606792418781
57354,1933.6606792418781
57355,1933.6606792418781
57356,1933.6606792418781
57357,1933.6606792418781
57358,1933.6606792418781
57359,1933.6606792418781
57360,1933.6606792418781
57361,1933.6606792418781
57362,1933.6606792418781
57363,1933.6606792418781
57364,1933.6606792418781
57365,1933.6606792418781
57366,1933.6606792418781
57367,1933.6606792418781
57368,1933.6606792418781
57369,1933.6606792418781
57370,1933.6606792418781
57371,1933.6606792418781
57372,1933.6606792418781
57373,1933.6606792418781
57374,1933.6606792418781
57375,1933.6606792418781
57376,1933.6606792418781
57377,1933.6606792418781
57378,1933.6606792418781
57379,1933.6606792418781
57380,1933.6606792418781
57381,1933.6606792418781
57382,1933.6606792418781
57383,1933.6606792418781
57384,1933.6606792418781
57385,1933.6606792418781
57386,1933.6606792418781
57387,1933.6606792418781
57388,1933.6606792418781
57389,1933.6606792418781
57390,1933.6606792418781
57391,1933.6606792418781
57392,1933.6606792418781
57393,1933.6606792418781
57394,1933.6606792418781
57395,1933.6606792418781
57396,1933.6606792418781
57397,1933.6606792418781
57398,1933.6606792418781
57399,1933.6606792418781
57400,1933.6606792418781
57401,1933.6606792418781
57402,1933.6606792418781
57403,1933.6606792418781
57404,1933.6606792418781
57405,1933.6606792418781
57406,1933.6606792418781
57407,1933.6606792418781
57408,1933.6606792418781
57409,1933.6606792418781
57410,1933.6606792418781
57411,1933.6606792418781
57412,1933.6606792418781
57413,1933.6606792418781
57414,1933.6606792418781
57415,1933.6606792418781
57416,1933.6606792418781
57417,1933.6606792418781
57418,1933.6606792418781
57419,1933.6606792418781
57420,1933.6606792418781
57421,1933.6606792418781
57422,1933.6606792418781
57423,1933.6606792418781
57424,1933.6606792418781
57425,1933.6606792418781
57426,1933.6606792418781
57427,1933.6606792418781
57428,1933.6606792418781
57429,1933.6606792418781
57430,1933.6606792418781
57431,1933.6606792418781
57432,1933.6606792418781
57433,1933.6606792418781
57434,1933.6606792418781
57435,1933.6606792418781
57436,1933.6606792418781
57437,1933.6606792418781
57438,1933.6606792418781
57439,1933.6606792418781
57440,1933.6606792418781
57441,1933.6606792418781
57442,1933.6606792418781
57443,1933.6606792418781
57444,1933.6606792418781
57445,1933.6606792418781
57446,1933.6606792418781
57447,1933.6606792418781
57448,1933.6606792418781
57449,1933.6606792418781
57450,1933.6606792418781
57451,1933.6606792418781
57452,1933.6606792418781
57453,1933.6606792418781
57454,1933.6606792418781
57455,1933.6606792418781
57456,1933.6606792418781
57457,1933.6606792418781
57458,1933.6606792418781
57459,1933.6606792418781
57460,1933.6606792418781
57461,1933.6606792418781
57462,1933.6606792418781
57463,1933.6606792418781
57464,1933.6606792418781
57465,1933.6606792418781
57466,1933.6606792418781
57467,1933.6606792418781
57468,1933.6606792418781
57469,1933.6606792418781
57470,1933.6606792418781
57471,1933.6606792418781
57472,1933.6606792418781
57473,1933.6606792418781
57474,1933.6606792418781
57475,1933.6606792418781
57476,1933.6606792418781
57477,1933.6606792418781
57478,1933.6606792418781
57479,1933.6606792418781
57480,1933.6606792418781
57481,1933.6606792418781
57482,1933.6606792418781
57483,1933.6606792418781
57484,1933.6606792418781
57485,1933.6606792418781
57486,1933.6606792418781
57487,1933.6606792418781
57488,1933.6606792418781
57489,1933.6606792418781
57490,1933.6606792418781
57491,1933.6606792418781
57492,1933.6606792418781
57493,1933.6606792418781
57494,1933.6606792418781
57495,1933.6606792418781
57496,1933.6606792418781
57497,1933.6606792418781
57498,1933.6606792418781
57499,1933.6606792418781
57500,1933.6606792418781
57501,1933.6606792418781
57502,1933.6606792418781
57503,1933.6606792418781
57504,1933.6606792418781
57505,1933.6606792418781
57506,1933.6606792418781
57507,1933.6606792418781
57508,1933.6606792418781
57509,1933.6606792418781
57510,1933.6606792418781
57511,1933.6606792418781
57512,1933.6606792418781
57513,1933.6606792418781
57514,1933.6606792418781
57515,1933.6606792418781
57516,1933.6606792418781
57517,1933.6606792418781
57518,1933.6606792418781
57519,1933.6606792418781
57520,1933.6606792418781
57521,1933.6606792418781
57522,1933.6606792418781
57523,1933.6606792418781
57524,1933.6606792418781
57525,1933.6606792418781
57526,1933.6606792418781
57527,1933.6606792418781
57528,1933.6606792418781
57529,1933.6606792418781
57530,1933.6606792418781
57531,1933.6606792418781
57532,1933.6606792418781
57533,1933.6606792418781
57534,1933.6606792418781
57535,1933.6606792418781
57536,1933.6606792418781
57537,1933.6606792418781
57538,1933.6606792418781
57539,1933.6606792418781
57540,1933.6606792418781
57541,1933.6606792418781
57542,1933.6606792418781
57543,1933.6606792418781
57544,1933.6606792418781
57545,1933.6606792418781
57546,1933.6606792418781
57547,1933.6606792418781
57548,1933.6606792418781
57549,1933.6606792418781
57550,1933.6606792418781
57551,1933.6606792418781
57552,1933.6606792418781
57553,1933.6606792418781
57554,1933.6606792418781
57555,1933.6606792418781
57556,1933.6606792418781
57557,1933.6606792418781
57558,1933.6606792418781
57559,1933.6606792418781
57560,1933.6606792418781
57561,1933.6606792418781
57562,1933.6606792418781
57563,1933.6606792418781
57564,1933.6606792418781
57565,1933.6606792418781
57566,1933.6606792418781
57567,1933.6606792418781
57568,1933.6606792418781
57569,1933.6606792418781
57570,1933.6606792418781
57571,1933.6606792418781
57572,1933.6606792418781
57573,1933.6606792418781
57574,1933.6606792418781
57575,1933.6606792418781
57576,1933.6606792418781
57577,1933.6606792418781
57578,1933.6606792418781
57579,1933.6606792418781
57580,1933.6606792418781
57581,1933.6606792418781
57582,1933.6606792418781
57583,1933.6606792418781
57584,1933.6606792418781
57585,1933.6606792418781
57586,1933.6606792418781
57587,1933.6606792418781
57588,1933.6606792418781
57589,1933.6606792418781
57590,1933.6606792418781
57591,1933.6606792418781
57592,1933.6606792418781
57593,1933.6606792418781
57594,1933.6606792418781
57595,1933.6606792418781
57596,1933.6606792418781
57597,1933.6606792418781
57598,1933.6606792418781
57599,1933.6606792418781
57600,1933.6606792418781
57601,1933.6606792418781
57602,1933.6606792418781
57603,1933.6606792418781
57604,1933.6606792418781
57605,1933.6606792418781
57606,1933.6606792418781
57607,1933.6606792418781
57608,1933.6606792418781
57609,1933.6606792418781
57610,1933.6606792418781
57611,1933.6606792418781
57612,1933.6606792418781
57613,1933.6606792418781
57614,1933.6606792418781
57615,1933.6606792418781
57616,1933.6606792418781
57617,1933.6606792418781
57618,1933.6606792418781
57619,1933.6606792418781
57620,1933.6606792418781
57621,1933.6606792418781
57622,1933.6606792418781
57623,1933.6606792418781
57624,1933.6606792418781
57625,1933.6606792418781
57626,1933.6606792418781
57627,1933.6606792418781
57628,1933.6606792418781
57629,1933.6606792418781
57630,1933.6606792418781
57631,1933.6606792418781
57632,1933.6606792418781
57633,1933.6606792418781
57634,1933.6606792418781
57635,1933.6606792418781
57636,1933.6606792418781
57637,1933.6606792418781
57638,1933.6606792418781
57639,1933.6606792418781
57640,1933.6606792418781
57641,1933.6606792418781
57642,1933.6606792418781
57643,1933.6606792418781
57644,1933.6606792418781
57645,1933.6606792418781
57646,1933.6606792418781
57647,1933.6606792418781
57648,1933.6606792418781
57649,1933.6606792418781
57650,1933.6606792418781
57651,1933.6606792418781
57652,1933.6606792418781
57653,1933.6606792418781
57654,1933.6606792418781
57655,1933.6606792418781
57656,1933.6606792418781
57657,1933.6606792418781
57658,1933.6606792418781
57659,1933.6606792418781
57660,1933.6606792418781
57661,1933.6606792418781
57662,1933.6606792418781
57663,1933.6606792418781
57664,1933.6606792418781
57665,1933.6606792418781
57666,1933.6606792418781
57667,1933.6606792418781
57668,1933.6606792418781
57669,1933.6606792418781
57670,1933.6606792418781
57671,1933.6606792418781
57672,1933.6606792418781
57673,1933.6606792418781
57674,1933.6606792418781
57675,1933.6606792418781
57676,1933.6606792418781
57677,1933.6606792418781
57678,1933.6606792418781
57679,1933.6606792418781
57680,1933.6606792418781
57681,1933.6606792418781
57682,1933.6606792418781
57683,1933.6606792418781
57684,1933.6606792418781
57685,1933.6606792418781
57686,1933.6606792418781
57687,1933.6606792418781
57688,1933.6606792418781
57689,1933.6606792418781
57690,1933.6606792418781
57691,1933.6606792418781
57692,1933.6606792418781
57693,1933.6606792418781
57694,1933.6606792418781
57695,1933.6606792418781
57696,1933.6606792418781
57697,1933.6606792418781
57698,1933.6606792418781
57699,1933.6606792418781
57700,1933.6606792418781
57701,1933.6606792418781
57702,1933.6606792418781
57703,1933.6606792418781
57704,1933.6606792418781
57705,1933.6606792418781
57706,1933.6606792418781
57707,1933.6606792418781
57708,1933.6606792418781
57709,1933.6606792418781
57710,1933.6606792418781
57711,1933.6606792418781
57712,1933.6606792418781
57713,1933.6606792418781
57714,1933.6606792418781
57715,1933.6606792418781
57716,1933.6606792418781
57717,1933.6606792418781
57718,1933.6606792418781
57719,1933.6606792418781
57720,1933.6606792418781
57721,1933.6606792418781
57722,1933.6606792418781
57723,1933.6606792418781
57724,1933.6606792418781
57725,1933.6606792418781
57726,1933.6606792418781
57727,1933.6606792418781
57728,1933.6606792418781
57729,1933.6606792418781
57730,1933.6606792418781
57731,1933.6606792418781
57732,1933.6606792418781
57733,1933.6606792418781
57734,1933.6606792418781
57735,1933.6606792418781
57736,1933.6606792418781
57737,1933.6606792418781
57738,1933.6606792418781
57739,1933.6606792418781
57740,1933.6606792418781
57741,1933.6606792418781
57742,1933.6606792418781
57743,1933.6606792418781
57744,1933.6606792418781
57745,1933.6606792418781
57746,1933.6606792418781
57747,1933.6606792418781
57748,1933.6606792418781
57749,1933.6606792418781
57750,1933.6606792418781
57751,1933.6606792418781
57752,1933.6606792418781
57753,1933.6606792418781
57754,1933.6606792418781
57755,1933.6606792418781
57756,1933.6606792418781
57757,1933.6606792418781
57758,1933.6606792418781
57759,1933.6606792418781
57760,1933.6606792418781
57761,1933.6606792418781
57762,1933.6606792418781
57763,1933.6606792418781
57764,1933.6606792418781
57765,1933.6606792418781
57766,1933.6606792418781
57767,1933.6606792418781
57768,1933.6606792418781
57769,1933.6606792418781
57770,1933.6606792418781
57771,1933.6606792418781
57772,1933.6606792418781
57773,1933.6606792418781
57774,1933.6606792418781
57775,1933.6606792418781
57776,1933.6606792418781
57777,1933.6606792418781
57778,1933.6606792418781
57779,1933.6606792418781
57780,1933.6606792418781
57781,1933.6606792418781
57782,1933.6606792418781
57783,1933.6606792418781
57784,1933.6606792418781
57785,1933.6606792418781
57786,1933.6606792418781
57787,1933.6606792418781
57788,1933.6606792418781
57789,1933.6606792418781
57790,1933.6606792418781
57791,1933.6606792418781
57792,1933.6606792418781
57793,1933.6606792418781
57794,1933.6606792418781
57795,1933.6606792418781
57796,1933.6606792418781
57797,1933.6606792418781
57798,1933.6606792418781
57799,1933.6606792418781
57800,1933.6606792418781
57801,1933.6606792418781
57802,1933.6606792418781
57803,1933.6606792418781
57804,1933.6606792418781
57805,1933.6606792418781
57806,1933.6606792418781
57807,1933.6606792418781
57808,1933.6606792418781
57809,1933.6606792418781
57810,1933.6606792418781
57811,1933.6606792418781
57812,1933.6606792418781
57813,1933.6606792418781
57814,1933.6606792418781
57815,1933.6606792418781
57816,1933.6606792418781
57817,1933.6606792418781
57818,1933.6606792418781
57819,1933.6606792418781
57820,1933.6606792418781
57821,1933.6606792418781
57822,1933.6606792418781
57823,1933.6606792418781
57824,1933.6606792418781
57825,1933.6606792418781
57826,1933.6606792418781
57827,1933.6606792418781
57828,1933.6606792418781
57829,1933.6606792418781
57830,1933.6606792418781
57831,1933.6606792418781
57832,1933.6606792418781
57833,1933.6606792418781
57834,1933.6606792418781
57835,1933.6606792418781
57836,1933.6606792418781
57837,1933.6606792418781
57838,1933.6606792418781
57839,1933.6606792418781
57840,1933.6606792418781
57841,1933.6606792418781
57842,1933.6606792418781
57843,1933.6606792418781
57844,1933.6606792418781
57845,1933.6606792418781
57846,1933.6606792418781
57847,1933.6606792418781
57848,1933.6606792418781
57849,1933.6606792418781
57850,1933.6606792418781
57851,1933.6606792418781
57852,1933.6606792418781
57853,1933.6606792418781
57854,1933.6606792418781
57855,1933.6606792418781
57856,1933.6606792418781
57857,1933.6606792418781
57858,1933.6606792418781
57859,1933.6606792418781
57860,1933.6606792418781
57861,1933.6606792418781
57862,1933.6606792418781
57863,1933.6606792418781
57864,1933.6606792418781
57865,1933.6606792418781
57866,1933.6606792418781
57867,1933.6606792418781
57868,1933.6606792418781
57869,1933.6606792418781
57870,1933.6606792418781
57871,1933.6606792418781
57872,1933.6606792418781
57873,1933.6606792418781
57874,1933.6606792418781
57875,1933.6606792418781
57876,1933.6606792418781
57877,1933.6606792418781
57878,1933.6606792418781
57879,1933.6606792418781
57880,1933.6606792418781
57881,1933.6606792418781
57882,1933.6606792418781
57883,1933.6606792418781
57884,1933.6606792418781
57885,1933.6606792418781
57886,1933.6606792418781
57887,1933.6606792418781
57888,1933.6606792418781
57889,1933.6606792418781
57890,1933.6606792418781
57891,1933.6606792418781
57892,1933.6606792418781
57893,1933.6606792418781
57894,1933.6606792418781
57895,1933.6606792418781
57896,1933.6606792418781
57897,1933.6606792418781
57898,1933.6606792418781
57899,1933.6606792418781
57900,1933.6606792418781
57901,1933.6606792418781
57902,1933.6606792418781
57903,1933.6606792418781
57904,1933.6606792418781
57905,1933.6606792418781
57906,1933.6606792418781
57907,1933.6606792418781
57908,1933.6606792418781
57909,1933.6606792418781
57910,1933.6606792418781
57911,1933.6606792418781
57912,1933.6606792418781
57913,1933.6606792418781
57914,1933.6606792418781
57915,1933.6606792418781
57916,1933.6606792418781
57917,1933.6606792418781
57918,1933.6606792418781
57919,1933.6606792418781
57920,1933.6606792418781
57921,1933.6606792418781
57922,1933.6606792418781
57923,1933.6606792418781
57924,1933.6606792418781
57925,1933.6606792418781
57926,1933.6606792418781
57927,1933.6606792418781
57928,1933.6606792418781
57929,1933.6606792418781
57930,1933.6606792418781
57931,1933.6606792418781
57932,1933.6606792418781
57933,1933.6606792418781
57934,1933.6606792418781
57935,1933.6606792418781
57936,1933.6606792418781
57937,1933.6606792418781
57938,1933.6606792418781
57939,1933.6606792418781
57940,1933.6606792418781
57941,1933.6606792418781
57942,1933.6606792418781
57943,1933.6606792418781
57944,1933.6606792418781
57945,1933.6606792418781
57946,1933.6606792418781
57947,1933.6606792418781
57948,1933.6606792418781
57949,1933.6606792418781
57950,1933.6606792418781
57951,1933.6606792418781
57952,1933.6606792418781
57953,1933.6606792418781
57954,1933.6606792418781
57955,1933.6606792418781
57956,1933.6606792418781
57957,1933.6606792418781
57958,1933.6606792418781
57959,1933.6606792418781
57960,1933.6606792418781
57961,1933.6606792418781
57962,1933.6606792418781
57963,1933.6606792418781
57964,1933.6606792418781
57965,1933.6606792418781
57966,1933.6606792418781
57967,1933.6606792418781
57968,1933.6606792418781
57969,1933.2318008742488
57970,1933.2318008742488
57971,1933.2318008742488
57972,1933.2318008742488
57973,1933.2318008742488
57974,1933.2318008742488
57975,1933.2318008742488
57976,1933.2318008742488
57977,1933.2318008742488
57978,1933.2318008742488
57979,1933.2318008742488
57980,1933.2318008742488
57981,1933.2318008742488
57982,1933.2318008742488
57983,1933.2318008742488
57984,1933.2318008742488
57985,1933.2318008742488
57986,1933.2318008742488
57987,1933.2318008742488
57988,1933.2318008742488
57989,1933.2318008742488
57990,1933.2318008742488
57991,1933.2318008742488
57992,1933.2318008742488
57993,1933.2318008742488
57994,1933.2318008742488
57995,1933.2318008742488
57996,1933.2318008742488
57997,1933.2318008742488
57998,1933.2318008742488
57999,1933.2318008742488
58000,1933.2318008742488
58001,1933.2318008742488
58002,1933.2318008742488
58003,1933.2318008742488
58004,1933.2318008742488
58005,1933.2318008742488
58006,1933.2318008742488
58007,1933.2318008742488
58008,1933.2318008742488
58009,1933.2318008742488
58010,1933.2318008742488
58011,1933.2318008742488
58012,1933.2318008742488
58013,1933.2318008742488
58014,1933.2318008742488
58015,1933.2318008742488
58016,1933.2318008742488
58017,1933.2318008742488
58018,1933.2318008742488
58019,1933.2318008742488
58020,1933.2318008742488
58021,1933.2318008742488
58022,1933.2318008742488
58023,1933.2318008742488
58024,1933.2318008742488
58025,1933.2318008742488
58026,1933.2318008742488
58027,1933.2318008742488
58028,1933.2318008742488
58029,1933.2318008742488
58030,1933.2318008742488
58031,1933.2318008742488
58032,1933.2318008742488
58033,1933.2318008742488
58034,1933.2318008742488
58035,1933.2318008742488
58036,1933.2318008742488
58037,1933.2318008742488
58038,1933.2318008742488
58039,1933.2318008742488
58040,1933.2318008742488
58041,1933.2318008742488
58042,1933.2318008742488
58043,1933.2318008742488
58044,1933.2318008742488
58045,1933.2318008742488
58046,1933.2318008742488
58047,1933.2318008742488
58048,1933.2318008742488
58049,1933.2318008742488
58050,1933.2318008742488
58051,1933.2318008742488
58052,1933.2318008742488
58053,1933.2318008742488
58054,1933.2318008742488
58055,1933.2318008742488
58056,1933.2318008742488
58057,1933.2318008742488
58058,1933.2318008742488
58059,1933.2318008742488
58060,1933.2318008742488
58061,1933.2318008742488
58062,1933.2318008742488
58063,1933.2318008742488
58064,1933.2318008742488
58065,1933.2318008742488
58066,1933.2318008742488
58067,1933.2318008742488
58068,1933.2318008742488
58069,1933.2318008742488
58070,1933.2318008742488
58071,1933.2318008742488
58072,1933.2318008742488
58073,1933.2318008742488
58074,1933.2318008742488
58075,1933.2318008742488
58076,1933.2318008742488
58077,1933.2318008742488
58078,1933.2318008742488
58079,1933.2318008742488
58080,1933.2318008742488
58081,1933.2318008742488
58082,1933.2318008742488
58083,1933.2318008742488
58084,1933.2318008742488
58085,1933.2318008742488
58086,1933.2318008742488
58087,1933.2318008742488
58088,1933.2318008742488
58089,1933.2318008742488
58090,1933.2318008742488
58091,1933.2318008742488
58092,1933.2318008742488
58093,1933.2318008742488
58094,1933.2318008742488
58095,1933.2318008742488
58096,1933.2318008742488
58097,1933.2318008742488
58098,1933.2318008742488
58099,1933.2318008742488
58100,1933.2318008742488
58101,1933.2318008742488
58102,1933.2318008742488
58103,1933.2318008742488
58104,1933.2318008742488
58105,1933.2318008742488
58106,1933.2318008742488
58107,1933.2318008742488
58108,1933.2318008742488
58109,1933.2318008742488
58110,1933.2318008742488
58111,1933.2318008742488
58112,1933.2318008742488
58113,1933.2318008742488
58114,1933.2318008742488
58115,1933.2318008742488
58116,1933.2318008742488
58117,1933.2318008742488
58118,1933.2318008742488
58119,1933.2318008742488
58120,1933.2318008742488
58121,1933.2318008742488
58122,1933.2318008742488
58123,1933.2318008742488
58124,1933.2318008742488
58125,1933.2318008742488
58126,1933.2318008742488
58127,1933.2318008742488
58128,1933.2318008742488
58129,1933.2318008742488
58130,1933.2318008742488
58131,1933.2318008742488
58132,1933.2318008742488
58133,1933.2318008742488
58134,1933.2318008742488
58135,1933.2318008742488
58136,1933.2318008742488
58137,1933.2318008742488
58138,1933.2318008742488
58139,1933.2318008742488
58140,1933.2318008742488
58141,1933.2318008742488
58142,1933.2318008742488
58143,1933.2318008742488
58144,1933.2318008742488
58145,1933.2318008742488
58146,1933.2318008742488
58147,1933.2318008742488
58148,1933.2318008742488
58149,1933.2318008742488
58150,1933.2318008742488
58151,1933.2318008742488
58152,1933.2318008742488
58153,1933.2318008742488
58154,1933.2318008742488
58155,1933.2318008742488
58156,1933.2318008742488
58157,1933.2318008742488
58158,1933.2318008742488
58159,1933.2318008742488
58160,1933.2318008742488
58161,1933.2318008742488
58162,1933.2318008742488
58163,1933.2318008742488
58164,1933.2318008742488
58165,1933.2318008742488
58166,1933.2318008742488
58167,1933.2318008742488
58168,1933.2318008742488
58169,1933.2318008742488
58170,1933.2318008742488
58171,1933.2318008742488
58172,1933.2318008742488
58173,1933.2318008742488
58174,1933.2318008742488
58175,1933.2318008742488
58176,1933.2318008742488
58177,1933.2318008742488
58178,1933.2318008742488
58179,1933.2318008742488
58180,1933.2318008742488
58181,1933.2318008742488
58182,1933.2318008742488
58183,1933.2318008742488
58184,1933.2318008742488
58185,1933.2318008742488
58186,1933.2318008742488
58187,1933.2318008742488
58188,1933.2318008742488
58189,1933.2318008742488
58190,1933.2318008742488
58191,1933.2318008742488
58192,1933.2318008742488
58193,1933.2318008742488
58194,1933.2318008742488
58195,1933.2318008742488
58196,1933.2318008742488
58197,1933.2318008742488
58198,1933.2318008742488
58199,1933.2318008742488
58200,1933.2318008742488
58201,1933.2318008742488
58202,1933.2318008742488
58203,1933.2318008742488
58204,1933.2318008742488
58205,1933.2318008742488
58206,1933.2318008742488
58207,1933.2318008742488
58208,1933.2318008742488
58209,1933.2318008742488
58210,1933.2318008742488
58211,1933.2318008742488
58212,1933.2318008742488
58213,1933.2318008742488
58214,1933.2318008742488
58215,1933.2318008742488
58216,1933.2318008742488
58217,1933.2318008742488
58218,1933.2318008742488
58219,1933.2318008742488
58220,1933.2318008742488
58221,1933.2318008742488
58222,1933.2318008742488
58223,1933.2318008742488
58224,1933.2318008742488
58225,1933.2318008742488
58226,1933.2318008742488
58227,1933.2318008742488
58228,1933.2318008742488
58229,1933.2318008742488
58230,1933.2318008742488
58231,1933.2318008742488
58232,1933.2318008742488
58233,1933.2318008742488
58234,1933.2318008742488
58235,1933.2318008742488
58236,1933.2318008742488
58237,1933.2318008742488
58238,1933.2318008742488
58239,1933.2318008742488
58240,1933.2318008742488
58241,1933.2318008742488
58242,1933.2318008742488
58243,1933.2318008742488
58244,1933.2318008742488
58245,1933.2318008742488
58246,1933.2318008742488
58247,1933.2318008742488
58248,1933.2318008742488
58249,1933.2318008742488
58250,1933.2318008742488
58251,1933.2318008742488
58252,1933.2318008742488
58253,1933.2318008742488
58254,1933.2318008742488
58255,1933.2318008742488
58256,1933.2318008742488
58257,1933.2318008742488
58258,1933.2318008742488
58259,1933.2318008742488
58260,1933.2318008742488
58261,1933.2318008742488
58262,1933.2318008742488
58263,1933.2318008742488
58264,1933.2318008742488
58265,1933.2318008742488
58266,1933.2318008742488
58267,1933.2318008742488
58268,1933.2318008742488
58269,1933.2318008742488
58270,1933.2318008742488
58271,1933.2318008742488
58272,1933.2318008742488
58273,1933.2318008742488
58274,1933.2318008742488
58275,1933.2318008742488
58276,1933.2318008742488
58277,1933.2318008742488
58278,1933.2318008742488
58279,1933.2318008742488
58280,1933.2318008742488
58281,1933.2318008742488
58282,1933.2318008742488
58283,1933.2318008742488
58284,1933.2318008742488
58285,1933.2318008742488
58286,1933.2318008742488
58287,1933.2318008742488
58288,1933.2318008742488
58289,1933.2318008742488
58290,1933.2318008742488
58291,1933.2318008742488
58292,1933.2318008742488
58293,1933.2318008742488
58294,1933.2318008742488
58295,1933.2318008742488
58296,1933.2318008742488
58297,1933.2318008742488
58298,1933.2318008742488
58299,1933.2318008742488
58300,1933.2318008742488
58301,1933.2318008742488
58302,1933.2318008742488
58303,1933.2318008742488
58304,1933.2318008742488
58305,1933.2318008742488
58306,1933.2318008742488
58307,1933.2318008742488
58308,1933.2318008742488
58309,1933.2318008742488
58310,1933.2318008742488
58311,1933.2318008742488
58312,1933.2318008742488
58313,1933.2318008742488
58314,1933.2318008742488
58315,1933.2318008742488
58316,1933.2318008742488
58317,1933.2318008742488
58318,1933.2318008742488
58319,1933.2318008742488
58320,1933.2318008742488
58321,1933.2318008742488
58322,1933.2318008742488
58323,1933.2318008742488
58324,1933.2318008742488
58325,1933.2318008742488
58326,1933.2318008742488
58327,1933.2318008742488
58328,1933.2318008742488
58329,1933.2318008742488
58330,1933.2318008742488
58331,1933.2318008742488
58332,1933.2318008742488
58333,1933.2318008742488
58334,1933.2318008742488
58335,1933.2318008742488
58336,1933.2318008742488
58337,1933.2318008742488
58338,1933.2318008742488
58339,1933.2318008742488
58340,1933.2318008742488
58341,1933.2318008742488
58342,1933.2318008742488
58343,1933.2318008742488
58344,1933.2318008742488
58345,1933.2318008742488
58346,1933.2318008742488
58347,1933.2318008742488
58348,1933.2318008742488
58349,1933.2318008742488
58350,1933.2318008742488
58351,1933.2318008742488
58352,1933.2318008742488
58353,1933.2318008742488
58354,1933.2318008742488
58355,1933.2318008742488
58356,1933.2318008742488
58357,1933.2318008742488
58358,1933.2318008742488
58359,1933.2318008742488
58360,1933.2318008742488
58361,1933.2318008742488
58362,1933.2318008742488
58363,1933.2318008742488
58364,1933.2318008742488
58365,1933.2318008742488
58366,1933.2318008742488
58367,1933.2318008742488
58368,1933.2318008742488
58369,1933.2318008742488
58370,1933.2318008742488
58371,1933.2318008742488
58372,1933.2318008742488
58373,1933.2318008742488
58374,1933.2318008742488
58375,1933.2318008742488
58376,1933.2318008742488
58377,1933.2318008742488
58378,1933.2318008742488
58379,1933.2318008742488
58380,1933.2318008742488
58381,1933.2318008742488
58382,1933.2318008742488
58383,1933.2318008742488
58384,1933.2318008742488
58385,1933.2318008742488
58386,1933.2318008742488
58387,1933.2318008742488
58388,1933.2318008742488
58389,1933.2318008742488
58390,1933.2318008742488
58391,1933.2318008742488
58392,1933.2318008742488
58393,1933.2318008742488
58394,1933.2318008742488
58395,1933.2318008742488
58396,1933.2318008742488
58397,1933.2318008742488
58398,1933.2318008742488
58399,1933.2318008742488
58400,1933.2318008742488
58401,1933.2318008742488
58402,1933.2318008742488
58403,1933.2318008742488
58404,1933.2318008742488
58405,1933.2318008742488
58406,1933.2318008742488
58407,1933.2318008742488
58408,1933.2318008742488
58409,1933.2318008742488
58410,1933.2318008742488
58411,1933.2318008742488
58412,1933.2318008742488
58413,1933.2318008742488
58414,1933.2318008742488
58415,1933.2318008742488
58416,1933.2318008742488
58417,1933.2318008742488
58418,1933.2318008742488
58419,1933.2318008742488
58420,1933.2318008742488
58421,1933.2318008742488
58422,1933.2318008742488
58423,1933.2318008742488
58424,1933.2318008742488
58425,1933.2318008742488
58426,1933.2318008742488
58427,1933.2318008742488
58428,1933.2318008742488
58429,1933.2318008742488
58430,1933.2318008742488
58431,1933.2318008742488
58432,1933.2318008742488
58433,1933.2318008742488
58434,1933.2318008742488
58435,1933.2318008742488
58436,1933.2318008742488
58437,1933.2318008742488
58438,1933.2318008742488
58439,1933.2318008742488
58440,1933.2318008742488
58441,1933.2318008742488
58442,1933.2318008742488
58443,1933.2318008742488
58444,1933.2318008742488
58445,1933.2318008742488
58446,1933.2318008742488
58447,1933.2318008742488
58448,1933.2318008742488
58449,1933.2318008742488
58450,1933.2318008742488
58451,1933.2318008742488
58452,1933.2318008742488
58453,1933.2318008742488
58454,1933.2318008742488
58455,1933.2318008742488
58456,1933.2318008742488
58457,1933.2318008742488
58458,1933.2318008742488
58459,1933.2318008742488
58460,1933.2318008742488
58461,1933.2318008742488
58462,1933.2318008742488
58463,1933.2318008742488
58464,1933.2318008742488
58465,1933.2318008742488
58466,1933.2318008742488
58467,1933.2318008742488
58468,1933.2318008742488
58469,1933.2318008742488
58470,1933.2318008742488
58471,1933.2318008742488
58472,1933.2318008742488
58473,1933.2318008742488
58474,1933.2318008742488
58475,1933.2318008742488
58476,1933.2318008742488
58477,1933.2318008742488
58478,1933.2318008742488
58479,1933.2318008742488
58480,1933.2318008742488
58481,1933.2318008742488
58482,1933.2318008742488
58483,1933.2318008742488
58484,1933.2318008742488
58485,1933.2318008742488
58486,1933.2318008742488
58487,1933.2318008742488
58488,1933.2318008742488
58489,1933.2318008742488
58490,1933.2318008742488
58491,1933.2318008742488
58492,1933.2318008742488
58493,1933.2318008742488
58494,1933.2318008742488
58495,1933.2318008742488
58496,1933.2318008742488
58497,1933.2318008742488
58498,1933.2318008742488
58499,1933.2318008742488
58500,1933.2318008742488
58501,1933.2318008742488
58502,1933.2318008742488
58503,1933.2318008742488
58504,1933.2318008742488
58505,1933.2318008742488
58506,1933.2318008742488
58507,1933.2318008742488
58508,1933.2318008742488
58509,1933.2318008742488
58510,1933.2318008742488
58511,1933.2318008742488
58512,1933.2318008742488
58513,1933.2318008742488
58514,1933.2318008742488
58515,1933.2318008742488
58516,1933.2318008742488
58517,1933.2318008742488
58518,1933.2318008742488
58519,1933.2318008742488
58520,1933.2318008742488
58521,1933.2318008742488
58522,1933.2318008742488
58523,1933.2318008742488
58524,1933.2318008742488
58525,1933.2318008742488
58526,1933.2318008742488
58527,1933.2318008742488
58528,1933.2318008742488
58529,1933.2318008742488
58530,1933.2318008742488
58531,1933.2318008742488
58532,1933.2318008742488
58533,1933.2318008742488
58534,1933.2318008742488
58535,1933.2318008742488
58536,1933.2318008742488
58537,1933.2318008742488
58538,1933.2318008742488
58539,1933.2318008742488
58540,1933.2318008742488
58541,1933.2318008742488
58542,1933.2318008742488
58543,1933.2318008742488
58544,1933.2318008742488
58545,1933.2318008742488
58546,1933.2318008742488
58547,1933.2318008742488
58548,1933.2318008742488
58549,1933.2318008742488
58550,1933.2318008742488
58551,1933.2318008742488
58552,1933.2318008742488
58553,1933.2318008742488
58554,1933.2318008742488
58555,1933.2318008742488
58556,1933.2318008742488
58557,1933.2318008742488
58558,1933.2318008742488
58559,1933.2318008742488
58560,1933.2318008742488
58561,1933.2318008742488
58562,1933.2318008742488
58563,1933.2318008742488
58564,1933.2318008742488
58565,1933.2318008742488
58566,1933.2318008742488
58567,1933.2318008742488
58568,1933.2318008742488
58569,1933.2318008742488
58570,1933.2318008742488
58571,1933.2318008742488
58572,1933.2318008742488
58573,1933.2318008742488
58574,1933.2318008742488
58575,1933.2318008742488
58576,1933.2318008742488
58577,1933.2318008742488
58578,1933.2318008742488
58579,1933.2318008742488
58580,1933.2318008742488
58581,1933.2318008742488
58582,1933.2318008742488
58583,1933.2318008742488
58584,1933.2318008742488
58585,1933.2318008742488
58586,1933.2318008742488
58587,1933.2318008742488
58588,1933.2318008742488
58589,1933.2318008742488
58590,1933.2318008742488
58591,1933.2318008742488
58592,1933.2318008742488
58593,1933.2318008742488
58594,1933.2318008742488
58595,1933.2318008742488
58596,1933.2318008742488
58597,1933.2318008742488
58598,1933.2318008742488
58599,1933.2318008742488
58600,1933.2318008742488
58601,1933.2318008742488
58602,1933.2318008742488
58603,1933.2318008742488
58604,1933.2318008742488
58605,1933.2318008742488
58606,1933.2318008742488
58607,1933.2318008742488
58608,1933.2318008742488
58609,1933.2318008742488
58610,1933.2318008742488
58611,1933.2318008742488
58612,1933.2318008742488
58613,1933.2318008742488
58614,1933.2318008742488
58615,1933.2318008742488
58616,1933.2318008742488
58617,1933.2318008742488
58618,1933.2318008742488
58619,1933.2318008742488
58620,1933.2318008742488
58621,1933.2318008742488
58622,1933.2318008742488
58623,1933.2318008742488
58624,1933.2318008742488
58625,1933.2318008742488
58626,1933.2318008742488
58627,1933.2318008742488
58628,1933.2318008742488
58629,1933.2318008742488
58630,1933.2318008742488
58631,1933.2318008742488
58632,1933.2318008742488
58633,1933.2318008742488
58634,1933.2318008742488
58635,1933.2318008742488
58636,1933.2318008742488
58637,1933.2318008742488
58638,1933.2318008742488
58639,1933.2318008742488
58640,1933.2318008742488
58641,1933.2318008742488
58642,1933.2318008742488
58643,1933.2318008742488
58644,1933.2318008742488
58645,1933.2318008742488
58646,1933.2318008742488
58647,1933.2318008742488
58648,1933.2318008742488
58649,1933.2318008742488
58650,1933.2318008742488
58651,1933.2318008742488
58652,1933.2318008742488
58653,1933.2318008742488
58654,1933.2318008742488
58655,1933.2318008742488
58656,1933.2318008742488
58657,1933.2318008742488
58658,1933.2318008742488
58659,1933.2318008742488
58660,1933.2318008742488
58661,1933.2318008742488
58662,1933.2318008742488
58663,1933.2318008742488
58664,1933.2318008742488
58665,1933.2318008742488
58666,1933.2318008742488
58667,1933.2318008742488
58668,1933.2318008742488
58669,1933.2318008742488
58670,1933.2318008742488
58671,1933.2318008742488
58672,1933.2318008742488
58673,1933.2318008742488
58674,1933.2318008742488
58675,1933.2318008742488
58676,1933.2318008742488
58677,1933.2318008742488
58678,1933.2318008742488
58679,1933.2318008742488
58680,1933.2318008742488
58681,1933.2318008742488
58682,1933.2318008742488
58683,1933.2318008742488
58684,1933.2318008742488
58685,1933.2318008742488
58686,1933.2318008742488
58687,1933.2318008742488
58688,1933.2318008742488
58689,1933.2318008742488
58690,1933.2318008742488
58691,1933.2318008742488
58692,1933.2318008742488
58693,1933.2318008742488
58694,1933.2318008742488
58695,1933.2318008742488
58696,1933.2318008742488
58697,1933.2318008742488
58698,1933.2318008742488
58699,1933.2318008742488
58700,1933.2318008742488
58701,1933.2318008742488
58702,1933.2318008742488
58703,1933.2318008742488
58704,1933.2318008742488
58705,1933.2318008742488
58706,1933.2318008742488
58707,1933.2318008742488
58708,1933.2318008742488
58709,1933.2318008742488
58710,1933.2318008742488
58711,1933.2318008742488
58712,1933.2318008742488
58713,1933.2318008742488
58714,1933.2318008742488
58715,1933.2318008742488
58716,1933.2318008742488
58717,1933.2318008742488
58718,1933.2318008742488
58719,1933.2318008742488
58720,1933.2318008742488
58721,1933.2318008742488
58722,1933.2318008742488
58723,1933.2318008742488
58724,1933.2318008742488
58725,1933.2318008742488
58726,1933.2318008742488
58727,1933.2318008742488
58728,1933.2318008742488
58729,1933.2318008742488
58730,1933.2318008742488
58731,1933.2318008742488
58732,1933.2318008742488
58733,1933.2318008742488
58734,1933.2318008742488
58735,1933.2318008742488
58736,1933.2318008742488
58737,1933.2318008742488
58738,1933.2318008742488
58739,1933.2318008742488
58740,1933.2318008742488
58741,1933.2318008742488
58742,1933.2318008742488
58743,1933.2318008742488
58744,1933.2318008742488
58745,1933.2318008742488
58746,1933.2318008742488
58747,1933.2318008742488
58748,1933.2318008742488
58749,1933.2318008742488
58750,1933.2318008742488
58751,1933.2318008742488
58752,1933.2318008742488
58753,1933.2318008742488
58754,1933.2318008742488
58755,1933.2318008742488
58756,1933.2318008742488
58757,1933.2318008742488
58758,1933.2318008742488
58759,1933.2318008742488
58760,1933.2318008742488
58761,1933.2318008742488
58762,1933.2318008742488
58763,1933.2318008742488
58764,1933.2318008742488
58765,1933.2318008742488
58766,1933.2318008742488
58767,1933.2318008742488
58768,1933.2318008742488
58769,1933.2318008742488
58770,1933.2318008742488
58771,1933.2318008742488
58772,1933.2318008742488
58773,1933.2318008742488
58774,1933.2318008742488
58775,1933.2318008742488
58776,1933.2318008742488
58777,1933.2318008742488
58778,1933.2318008742488
58779,1933.2318008742488
58780,1933.2318008742488
58781,1933.2318008742488
58782,1933.2318008742488
58783,1933.2318008742488
58784,1933.2318008742488
58785,1933.2318008742488
58786,1933.2318008742488
58787,1933.2318008742488
58788,1933.2318008742488
58789,1933.2318008742488
58790,1933.2318008742488
58791,1933.2318008742488
58792,1933.2318008742488
58793,1933.2318008742488
58794,1933.2318008742488
58795,1933.2318008742488
58796,1933.2318008742488
58797,1933.2318008742488
58798,1933.2318008742488
58799,1933.2318008742488
58800,1933.2318008742488
58801,1933.2318008742488
58802,1933.2318008742488
58803,1933.2318008742488
58804,1933.2318008742488
58805,1933.2318008742488
58806,1933.2318008742488
58807,1933.2318008742488
58808,1933.2318008742488
58809,1933.2318008742488
58810,1933.2318008742488
58811,1933.2318008742488
58812,1933.2318008742488
58813,1933.2318008742488
58814,1933.2318008742488
58815,1933.2318008742488
58816,1933.2318008742488
58817,1933.2318008742488
58818,1933.2318008742488
58819,1933.2318008742488
58820,1933.2318008742488
58821,1933.2318008742488
58822,1933.2318008742488
58823,1933.2318008742488
58824,1933.2318008742488
58825,1933.2318008742488
58826,1933.2318008742488
58827,1933.2318008742488
58828,1933.2318008742488
58829,1933.2318008742488
58830,1933.2318008742488
58831,1933.2318008742488
58832,1933.2318008742488
58833,1933.2318008742488
58834,1933.2318008742488
58835,1933.2318008742488
58836,1933.2318008742488
58837,1933.2318008742488
58838,1933.2318008742488
58839,1933.2318008742488
58840,1933.2318008742488
58841,1933.2318008742488
58842,1933.2318008742488
58843,1933.2318008742488
58844,1933.2318008742488
58845,1933.2318008742488
58846,1933.2318008742488
58847,1933.2318008742488
58848,1933.2318008742488
58849,1933.2318008742488
58850,1933.2318008742488
58851,1933.2318008742488
58852,1933.2318008742488
58853,1933.2318008742488
58854,1933.2318008742488
58855,1933.2318008742488
58856,1933.2318008742488
58857,1933.2318008742488
58858,1933.2318008742488
58859,1933.2318008742488
58860,1933.2318008742488
58861,1933.2318008742488
58862,1933.2318008742488
58863,1933.2318008742488
58864,1933.2318008742488
58865,1933.2318008742488
58866,1933.2318008742488
58867,1933.2318008742488
58868,1933.2318008742488
58869,1933.2318008742488
58870,1933.2318008742488
58871,1933.2318008742488
58872,1933.2318008742488
58873,1933.2318008742488
58874,1933.2318008742488
58875,1933.2318008742488
58876,1933.2318008742488
58877,1933.2318008742488
58878,1933.2318008742488
58879,1933.2318008742488
58880,1933.2318008742488
58881,1933.2318008742488
58882,1933.2318008742488
58883,1933.2318008742488
58884,1933.2318008742488
58885,1933.2318008742488
58886,1933.2318008742488
58887,1933.2318008742488
58888,1933.2318008742488
58889,1933.2318008742488
58890,1933.2318008742488
58891,1933.2318008742488
58892,1933.2318008742488
58893,1933.2318008742488
58894,1933.2318008742488
58895,1933.2318008742488
58896,1933.2318008742488
58897,1933.2318008742488
58898,1933.2318008742488
58899,1933.2318008742488
58900,1933.2318008742488
58901,1933.2318008742488
58902,1933.2318008742488
58903,1933.2318008742488
58904,1933.2318008742488
58905,1933.2318008742488
58906,1933.2318008742488
58907,1933.2318008742488
58908,1933.2318008742488
58909,1933.2318008742488
58910,1933.2318008742488
58911,1933.2318008742488
58912,1933.2318008742488
58913,1933.2318008742488
58914,1933.2318008742488
58915,1933.2318008742488
58916,1933.2318008742488
58917,1933.2318008742488
58918,1933.2318008742488
58919,1933.2318008742488
58920,1933.2318008742488
58921,1933.2318008742488
58922,1933.2318008742488
58923,1933.2318008742488
58924,1933.2318008742488
58925,1933.2318008742488
58926,1933.2318008742488
58927,1933.2318008742488
58928,1933.2318008742488
58929,1933.2318008742488
58930,1933.2318008742488
58931,1933.2318008742488
58932,1933.2318008742488
58933,1933.2318008742488
58934,1933.2318008742488
58935,1933.2318008742488
58936,1933.2318008742488
58937,1933.2318008742488
58938,1933.2318008742488
58939,1933.2318008742488
58940,1933.2318008742488
58941,1933.2318008742488
58942,1933.2318008742488
58943,1933.2318008742488
58944,1933.2318008742488
58945,1933.2318008742488
58946,1933.2318008742488
58947,1933.2318008742488
58948,1933.2318008742488
58949,1933.2318008742488
58950,1933.2318008742488
58951,1933.2318008742488
58952,1933.2318008742488
58953,1933.2318008742488
58954,1933.2318008742488
58955,1933.2318008742488
58956,1933.2318008742488
58957,1933.2318008742488
58958,1933.2318008742488
58959,1933.2318008742488
58960,1933.2318008742488
58961,1933.2318008742488
58962,1933.2318008742488
58963,1933.2318008742488
58964,1933.2318008742488
58965,1933.2318008742488
58966,1933.2318008742488
58967,1933.2318008742488
58968,1933.2318008742488
58969,1933.2318008742488
58970,1933.2318008742488
58971,1933.2318008742488
58972,1933.2318008742488
58973,1933.2318008742488
58974,1933.2318008742488
58975,1933.2318008742488
58976,1933.2318008742488
58977,1933.2318008742488
58978,1933.2318008742488
58979,1933.2318008742488
58980,1933.2318008742488
58981,1933.2318008742488
58982,1933.2318008742488
58983,1933.2318008742488
58984,1933.2318008742488
58985,1933.2318008742488
58986,1933.2318008742488
58987,1933.2318008742488
58988,1933.2318008742488
58989,1933.2318008742488
58990,1933.2318008742488
58991,1933.2318008742488
58992,1933.2318008742488
58993,1933.2318008742488
58994,1933.2318008742488
58995,1933.2318008742488
58996,1933.2318008742488
58997,1933.2318008742488
58998,1933.2318008742488
58999,1933.2318008742488
59000,1933.2318008742488
59001,1933.2318008742488
59002,1933.2318008742488
59003,1933.2318008742488
59004,1933.2318008742488
59005,1933.2318008742488
59006,1933.2318008742488
59007,1933.2318008742488
59008,1933.2318008742488
59009,1933.2318008742488
59010,1933.2318008742488
59011,1933.2318008742488
59012,1933.2318008742488
59013,1933.2318008742488
59014,1933.2318008742488
59015,1933.2318008742488
59016,1933.2318008742488
59017,1933.2318008742488
59018,1933.2318008742488
59019,1933.2318008742488
59020,1933.2318008742488
59021,1933.2318008742488
59022,1933.2318008742488
59023,1933.2318008742488
59024,1933.2318008742488
59025,1933.2318008742488
59026,1933.2318008742488
59027,1933.2318008742488
59028,1933.2318008742488
59029,1933.2318008742488
59030,1933.2318008742488
59031,1933.2318008742488
59032,1933.2318008742488
59033,1933.2318008742488
59034,1933.2318008742488
59035,1933.2318008742488
59036,1933.2318008742488
59037,1933.2318008742488
59038,1933.2318008742488
59039,1933.2318008742488
59040,1933.2318008742488
59041,1933.2318008742488
59042,1933.2318008742488
59043,1933.2318008742488
59044,1933.2318008742488
59045,1933.2318008742488
59046,1933.2318008742488
59047,1933.2318008742488
59048,1933.2318008742488
59049,1933.2318008742488
59050,1933.2318008742488
59051,1933.2318008742488
59052,1933.2318008742488
59053,1933.2318008742488
59054,1933.2318008742488
59055,1933.2318008742488
59056,1933.2318008742488
59057,1933.2318008742488
59058,1933.2318008742488
59059,1933.2318008742488
59060,1933.2318008742488
59061,1933.2318008742488
59062,1933.2318008742488
59063,1933.2318008742488
59064,1933.2318008742488
59065,1933.2318008742488
59066,1933.2318008742488
59067,1933.2318008742488
59068,1933.2318008742488
59069,1933.2318008742488
59070,1933.2318008742488
59071,1933.2318008742488
59072,1933.2318008742488
59073,1933.2318008742488
59074,1933.2318008742488
59075,1933.2318008742488
59076,1933.2318008742488
59077,1933.2318008742488
59078,1933.2318008742488
59079,1933.2318008742488
59080,1933.2318008742488
59081,1933.2318008742488
59082,1933.2318008742488
59083,1933.2318008742488
59084,1933.2318008742488
59085,1933.2318008742488
59086,1933.2318008742488
59087,1933.2318008742488
59088,1933.2318008742488
59089,1933.2318008742488
59090,1933.2318008742488
59091,1933.2318008742488
59092,1933.2318008742488
59093,1933.2318008742488
59094,1933.2318008742488
59095,1933.2318008742488
59096,1933.2318008742488
59097,1933.2318008742488
59098,1933.2318008742488
59099,1933.2318008742488
59100,1933.2318008742488
59101,1933.2318008742488
59102,1933.2318008742488
59103,1933.2318008742488
59104,1933.2318008742488
59105,1933.2318008742488
59106,1933.2318008742488
59107,1933.2318008742488
59108,1933.2318008742488
59109,1933.2318008742488
59110,1933.2318008742488
59111,1933.2318008742488
59112,1933.2318008742488
59113,1933.2318008742488
59114,1933.2318008742488
59115,1933.2318008742488
59116,1933.2318008742488
59117,1933.2318008742488
59118,1933.2318008742488
59119,1933.2318008742488
59120,1933.2318008742488
59121,1933.2318008742488
59122,1933.2318008742488
59123,1933.2318008742488
59124,1933.2318008742488
59125,1933.2318008742488
59126,1933.2318008742488
59127,1933.2318008742488
59128,1933.2318008742488
59129,1933.2318008742488
59130,1933.2318008742488
59131,1933.2318008742488
59132,1933.2318008742488
59133,1933.2318008742488
59134,1933.2318008742488
59135,1933.2318008742488
59136,1933.2318008742488
59137,1933.2318008742488
59138,1933.2318008742488
59139,1933.2318008742488
59140,1933.2318008742488
59141,1933.2318008742488
59142,1933.2318008742488
59143,1933.2318008742488
59144,1933.2318008742488
59145,1933.2318008742488
59146,1933.2318008742488
59147,1933.2318008742488
59148,1933.2318008742488
59149,1933.2318008742488
59150,1933.2318008742488
59151,1933.2318008742488
59152,1933.2318008742488
59153,1933.2318008742488
59154,1933.2318008742488
59155,1933.2318008742488
59156,1933.2318008742488
59157,1933.2318008742488
59158,1933.2318008742488
59159,1933.2318008742488
59160,1933.2318008742488
59161,1933.2318008742488
59162,1933.2318008742488
59163,1933.2318008742488
59164,1933.2318008742488
59165,1933.2318008742488
59166,1933.2318008742488
59167,1933.2318008742488
59168,1933.2318008742488
59169,1933.2318008742488
59170,1933.2318008742488
59171,1933.2318008742488
59172,1933.2318008742488
59173,1933.2318008742488
59174,1933.2318008742488
59175,1933.2318008742488
59176,1933.2318008742488
59177,1933.2318008742488
59178,1933.2318008742488
59179,1933.2318008742488
59180,1933.2318008742488
59181,1933.2318008742488
59182,1933.2318008742488
59183,1933.2318008742488
59184,1933.2318008742488
59185,1933.2318008742488
59186,1933.2318008742488
59187,1933.2318008742488
59188,1933.2318008742488
59189,1933.2318008742488
59190,1933.2318008742488
59191,1933.2318008742488
59192,1933.2318008742488
59193,1933.2318008742488
59194,1933.2318008742488
59195,1933.2318008742488
59196,1933.2318008742488
59197,1933.2318008742488
59198,1933.2318008742488
59199,1933.2318008742488
59200,1933.2318008742488
59201,1933.2318008742488
59202,1933.2318008742488
59203,1933.2318008742488
59204,1933.2318008742488
59205,1933.2318008742488
59206,1933.2318008742488
59207,1933.2318008742488
59208,1933.2318008742488
59209,1933.2318008742488
59210,1933.2318008742488
59211,1933.2318008742488
59212,1933.2318008742488
59213,1933.2318008742488
59214,1933.2318008742488
59215,1933.2318008742488
59216,1933.2318008742488
59217,1933.2318008742488
59218,1933.2318008742488
59219,1933.2318008742488
59220,1933.2318008742488
59221,1933.2318008742488
59222,1933.2318008742488
59223,1933.2318008742488
59224,1933.2318008742488
59225,1933.2318008742488
59226,1933.2318008742488
59227,1933.2318008742488
59228,1933.2318008742488
59229,1933.2318008742488
59230,1933.2318008742488
59231,1933.2318008742488
59232,1933.2318008742488
59233,1933.2318008742488
59234,1933.2318008742488
59235,1933.2318008742488
59236,1933.2318008742488
59237,1933.2318008742488
59238,1933.2318008742488
59239,1933.2318008742488
59240,1933.2318008742488
59241,1933.2318008742488
59242,1933.2318008742488
59243,1933.2318008742488
59244,1933.2318008742488
59245,1933.2318008742488
59246,1933.2318008742488
59247,1933.2318008742488
59248,1933.2318008742488
59249,1933.2318008742488
59250,1933.2318008742488
59251,1933.2318008742488
59252,1933.2318008742488
59253,1933.2318008742488
59254,1933.2318008742488
59255,1933.2318008742488
59256,1933.2318008742488
59257,1933.2318008742488
59258,1933.2318008742488
59259,1933.2318008742488
59260,1933.2318008742488
59261,1933.2318008742488
59262,1933.2318008742488
59263,1933.2318008742488
59264,1933.2318008742488
59265,1933.2318008742488
59266,1933.2318008742488
59267,1933.2318008742488
59268,1933.2318008742488
59269,1933.2318008742488
59270,1933.2318008742488
59271,1933.2318008742488
59272,1933.2318008742488
59273,1933.2318008742488
59274,1933.2318008742488
59275,1933.2318008742488
59276,1933.2318008742488
59277,1933.2318008742488
59278,1933.2318008742488
59279,1933.2318008742488
59280,1933.2318008742488
59281,1933.2318008742488
59282,1933.2318008742488
59283,1933.2318008742488
59284,1933.2318008742488
59285,1933.2318008742488
59286,1933.2318008742488
59287,1933.2318008742488
59288,1933.2318008742488
59289,1933.2318008742488
59290,1933.2318008742488
59291,1933.2318008742488
59292,1933.2318008742488
59293,1933.2318008742488
59294,1933.2318008742488
59295,1933.2318008742488
59296,1933.2318008742488
59297,1933.2318008742488
59298,1933.2318008742488
59299,1933.2318008742488
59300,1933.2318008742488
59301,1933.2318008742488
59302,1933.2318008742488
59303,1933.2318008742488
59304,1933.2318008742488
59305,1933.2318008742488
59306,1933.2318008742488
59307,1933.2318008742488
59308,1933.2318008742488
59309,1933.2318008742488
59310,1933.2318008742488
59311,1933.2318008742488
59312,1933.2318008742488
59313,1933.2318008742488
59314,1933.2318008742488
59315,1933.2318008742488
59316,1933.2318008742488
59317,1933.2318008742488
59318,1933.2318008742488
59319,1933.2318008742488
59320,1933.2318008742488
59321,1933.2318008742488
59322,1933.2318008742488
59323,1933.2318008742488
59324,1933.2318008742488
59325,1933.2318008742488
59326,1933.2318008742488
59327,1933.2318008742488
59328,1933.2318008742488
59329,1933.2318008742488
59330,1933.2318008742488
59331,1933.2318008742488
59332,1933.2318008742488
59333,1933.2318008742488
59334,1933.2318008742488
59335,1933.2318008742488
59336,1933.2318008742488
59337,1933.2318008742488
59338,1933.2318008742488
59339,1933.2318008742488
59340,1933.2318008742488
59341,1933.2318008742488
59342,1933.2318008742488
59343,1933.2318008742488
59344,1933.2318008742488
59345,1933.2318008742488
59346,1933.2318008742488
59347,1933.2318008742488
59348,1933.2318008742488
59349,1933.2318008742488
59350,1933.2318008742488
59351,1933.2318008742488
59352,1933.2318008742488
59353,1933.2318008742488
59354,1933.2318008742488
59355,1933.2318008742488
59356,1933.2318008742488
59357,1933.2318008742488
59358,1933.2318008742488
59359,1933.2318008742488
59360,1933.2318008742488
59361,1933.2318008742488
59362,1933.2318008742488
59363,1933.2318008742488
59364,1933.2318008742488
59365,1933.2318008742488
59366,1933.2318008742488
59367,1933.2318008742488
59368,1933.2318008742488
59369,1933.2318008742488
59370,1933.2318008742488
59371,1933.2318008742488
59372,1933.2318008742488
59373,1933.2318008742488
59374,1933.2318008742488
59375,1933.2318008742488
59376,1933.2318008742488
59377,1933.2318008742488
59378,1933.2318008742488
59379,1933.2318008742488
59380,1933.2318008742488
59381,1933.2318008742488
59382,1933.2318008742488
59383,1933.2318008742488
59384,1933.2318008742488
59385,1933.2318008742488
59386,1933.2318008742488
59387,1933.2318008742488
59388,1933.2318008742488
59389,1933.2318008742488
59390,1933.2318008742488
59391,1933.2318008742488
59392,1933.2318008742488
59393,1933.2318008742488
59394,1933.2318008742488
59395,1933.2318008742488
59396,1933.2318008742488
59397,1933.2318008742488
59398,1933.2318008742488
59399,1933.2318008742488
59400,1933.2318008742488
59401,1933.2318008742488
59402,1933.2318008742488
59403,1933.2318008742488
59404,1933.2318008742488
59405,1933.2318008742488
59406,1933.2318008742488
59407,1933.2318008742488
59408,1933.2318008742488
59409,1933.2318008742488
59410,1933.2318008742488
59411,1933.2318008742488
59412,1933.2318008742488
59413,1933.2318008742488
59414,1933.2318008742488
59415,1933.2318008742488
59416,1933.2318008742488
59417,1933.2318008742488
59418,1933.2318008742488
59419,1933.2318008742488
59420,1933.2318008742488
59421,1933.2318008742488
59422,1933.2318008742488
59423,1933.2318008742488
59424,1933.2318008742488
59425,1933.2318008742488
59426,1933.2318008742488
59427,1933.2318008742488
59428,1933.2318008742488
59429,1933.2318008742488
59430,1933.2318008742488
59431,1933.2318008742488
59432,1933.2318008742488
59433,1933.2318008742488
59434,1933.2318008742488
59435,1933.2318008742488
59436,1933.2318008742488
59437,1933.2318008742488
59438,1933.2318008742488
59439,1933.2318008742488
59440,1933.2318008742488
59441,1933.2318008742488
59442,1933.2318008742488
59443,1933.2318008742488
59444,1933.2318008742488
59445,1933.2318008742488
59446,1933.2318008742488
59447,1933.2318008742488
59448,1933.2318008742488
59449,1933.2318008742488
59450,1933.2318008742488
59451,1933.2318008742488
59452,1933.2318008742488
59453,1933.2318008742488
59454,1933.2318008742488
59455,1933.2318008742488
59456,1933.2318008742488
59457,1933.2318008742488
59458,1933.2318008742488
59459,1933.2318008742488
59460,1933.2318008742488
59461,1933.2318008742488
59462,1933.2318008742488
59463,1933.2318008742488
59464,1933.2318008742488
59465,1933.2318008742488
59466,1933.2318008742488
59467,1933.2318008742488
59468,1933.2318008742488
59469,1933.2318008742488
59470,1933.2318008742488
59471,1933.2318008742488
59472,1933.2318008742488
59473,1933.2318008742488
59474,1933.2318008742488
59475,1933.2318008742488
59476,1933.2318008742488
59477,1933.2318008742488
59478,1933.2318008742488
59479,1933.2318008742488
59480,1933.2318008742488
59481,1933.2318008742488
59482,1933.2318008742488
59483,1933.2318008742488
59484,1933.2318008742488
59485,1933.2318008742488
59486,1933.2318008742488
59487,1933.2318008742488
59488,1933.2318008742488
59489,1933.2318008742488
59490,1933.2318008742488
59491,1933.2318008742488
59492,1933.2318008742488
59493,1933.2318008742488
59494,1933.2318008742488
59495,1933.2318008742488
59496,1933.2318008742488
59497,1933.2318008742488
59498,1933.2318008742488
59499,1933.2318008742488
59500,1933.2318008742488
59501,1933.2318008742488
59502,1933.2318008742488
59503,1933.2318008742488
59504,1933.2318008742488
59505,1933.2318008742488
59506,1933.2318008742488
59507,1933.2318008742488
59508,1933.2318008742488
59509,1933.2318008742488
59510,1933.2318008742488
59511,1933.2318008742488
59512,1933.2318008742488
59513,1933.2318008742488
59514,1933.2318008742488
59515,1933.2318008742488
59516,1933.2318008742488
59517,1933.2318008742488
59518,1933.2318008742488
59519,1933.2318008742488
59520,1933.2318008742488
59521,1933.2318008742488
59522,1933.2318008742488
59523,1933.2318008742488
59524,1933.2318008742488
59525,1933.2318008742488
59526,1933.2318008742488
59527,1933.2318008742488
59528,1933.2318008742488
59529,1933.2318008742488
59530,1933.2318008742488
59531,1933.2318008742488
59532,1933.2318008742488
59533,1933.2318008742488
59534,1933.2318008742488
59535,1933.2318008742488
59536,1933.2318008742488
59537,1933.2318008742488
59538,1933.2318008742488
59539,1933.2318008742488
59540,1933.2318008742488
59541,1933.2318008742488
59542,1933.2318008742488
59543,1933.2318008742488
59544,1933.2318008742488
59545,1933.2318008742488
59546,1933.2318008742488
59547,1933.2318008742488
59548,1933.2318008742488
59549,1933.2318008742488
59550,1933.2318008742488
59551,1933.2318008742488
59552,1933.2318008742488
59553,1933.2318008742488
59554,1933.2318008742488
59555,1933.2318008742488
59556,1933.2318008742488
59557,1933.2318008742488
59558,1933.2318008742488
59559,1933.2318008742488
59560,1933.2318008742488
59561,1933.2318008742488
59562,1933.2318008742488
59563,1933.2318008742488
59564,1933.2318008742488
59565,1933.2318008742488
59566,1933.2318008742488
59567,1933.2318008742488
59568,1933.2318008742488
59569,1933.2318008742488
59570,1933.2318008742488
59571,1933.2318008742488
59572,1933.2318008742488
59573,1933.2318008742488
59574,1933.2318008742488
59575,1933.2318008742488
59576,1933.2318008742488
59577,1933.2318008742488
59578,1933.2318008742488
59579,1933.2318008742488
59580,1933.2318008742488
59581,1933.2318008742488
59582,1933.2318008742488
59583,1933.2318008742488
59584,1933.2318008742488
59585,1933.2318008742488
59586,1933.2318008742488
59587,1933.2318008742488
59588,1933.2318008742488
59589,1933.2318008742488
59590,1933.2318008742488
59591,1933.2318008742488
59592,1933.2318008742488
59593,1933.2318008742488
59594,1933.2318008742488
59595,1933.2318008742488
59596,1933.2318008742488
59597,1933.2318008742488
59598,1933.2318008742488
59599,1933.2318008742488
59600,1933.2318008742488
59601,1933.2318008742488
59602,1933.2318008742488
59603,1933.2318008742488
59604,1933.2318008742488
59605,1933.2318008742488
59606,1933.2318008742488
59607,1933.2318008742488
59608,1933.2318008742488
59609,1933.2318008742488
59610,1933.2318008742488
59611,1933.2318008742488
59612,1933.2318008742488
59613,1933.2318008742488
59614,1933.2318008742488
59615,1933.2318008742488
59616,1933.2318008742488
59617,1933.2318008742488
59618,1933.2318008742488
59619,1933.2318008742488
59620,1933.2318008742488
59621,1933.2318008742488
59622,1933.2318008742488
59623,1933.2318008742488
59624,1933.2318008742488
59625,1933.2318008742488
59626,1933.2318008742488
59627,1933.2318008742488
59628,1933.2318008742488
59629,1933.2318008742488
59630,1933.2318008742488
59631,1933.2318008742488
59632,1933.2318008742488
59633,1933.2318008742488
59634,1933.2318008742488
59635,1933.2318008742488
59636,1933.2318008742488
59637,1933.2318008742488
59638,1933.2318008742488
59639,1933.2318008742488
59640,1933.2318008742488
59641,1933.2318008742488
59642,1933.2318008742488
59643,1933.2318008742488
59644,1933.2318008742488
59645,1933.2318008742488
59646,1933.2318008742488
59647,1933.2318008742488
59648,1933.2318008742488
59649,1933.2318008742488
59650,1933.2318008742488
59651,1933.2318008742488
59652,1933.2318008742488
59653,1933.2318008742488
59654,1933.2318008742488
59655,1933.2318008742488
59656,1933.2318008742488
59657,1933.2318008742488
59658,1933.2318008742488
59659,1933.2318008742488
59660,1933.2318008742488
59661,1933.2318008742488
59662,1933.2318008742488
59663,1933.2318008742488
59664,1933.2318008742488
59665,1933.2318008742488
59666,1933.2318008742488
59667,1933.2318008742488
59668,1933.2318008742488
59669,1933.2318008742488
59670,1933.2318008742488
59671,1933.2318008742488
59672,1933.2318008742488
59673,1933.2318008742488
59674,1933.2318008742488
59675,1933.2318008742488
59676,1933.2318008742488
59677,1933.2318008742488
59678,1933.2318008742488
59679,1933.2318008742488
59680,1933.2318008742488
59681,1933.2318008742488
59682,1933.2318008742488
59683,1933.2318008742488
59684,1933.2318008742488
59685,1933.2318008742488
59686,1933.2318008742488
59687,1933.2318008742488
59688,1933.2318008742488
59689,1933.2318008742488
59690,1933.2318008742488
59691,1933.2318008742488
59692,1933.2318008742488
59693,1933.2318008742488
59694,1933.2318008742488
59695,1933.2318008742488
59696,1933.2318008742488
59697,1933.2318008742488
59698,1933.2318008742488
59699,1933.2318008742488
59700,1933.2318008742488
59701,1933.2318008742488
59702,1933.2318008742488
59703,1933.2318008742488
59704,1933.2318008742488
59705,1933.2318008742488
59706,1933.2318008742488
59707,1933.2318008742488
59708,1933.2318008742488
59709,1933.2318008742488
59710,1933.2318008742488
59711,1933.2318008742488
59712,1933.2318008742488
59713,1933.2318008742488
59714,1933.2318008742488
59715,1933.2318008742488
59716,1933.2318008742488
59717,1933.2318008742488
59718,1933.2318008742488
59719,1933.2318008742488
59720,1933.2318008742488
59721,1933.2318008742488
59722,1933.2318008742488
59723,1933.2318008742488
59724,1933.2318008742488
59725,1933.2318008742488
59726,1933.2318008742488
59727,1933.2318008742488
59728,1933.2318008742488
59729,1933.2318008742488
59730,1933.2318008742488
59731,1933.2318008742488
59732,1933.2318008742488
59733,1933.2318008742488
59734,1933.2318008742488
59735,1933.2318008742488
59736,1933.2318008742488
59737,1933.2318008742488
59738,1933.2318008742488
59739,1933.2318008742488
59740,1933.2318008742488
59741,1933.2318008742488
59742,1933.2318008742488
59743,1933.2318008742488
59744,1933.2318008742488
59745,1933.2318008742488
59746,1933.2318008742488
59747,1933.2318008742488
59748,1933.2318008742488
59749,1933.2318008742488
59750,1933.2318008742488
59751,1933.2318008742488
59752,1933.2318008742488
59753,1933.2318008742488
59754,1933.2318008742488
59755,1933.2318008742488
59756,1933.2318008742488
59757,1933.2318008742488
59758,1933.2318008742488
59759,1933.2318008742488
59760,1933.2318008742488
59761,1933.2318008742488
59762,1933.2318008742488
59763,1933.2318008742488
59764,1933.2318008742488
59765,1933.2318008742488
59766,1933.2318008742488
59767,1933.2318008742488
59768,1933.2318008742488
59769,1933.2318008742488
59770,1933.2318008742488
59771,1933.2318008742488
59772,1933.2318008742488
59773,1933.2318008742488
59774,1933.2318008742488
59775,1933.2318008742488
59776,1933.2318008742488
59777,1933.2318008742488
59778,1933.2318008742488
59779,1933.2318008742488
59780,1933.2318008742488
59781,1933.2318008742488
59782,1933.2318008742488
59783,1933.2318008742488
59784,1933.2318008742488
59785,1933.2318008742488
59786,1933.2318008742488
59787,1933.2318008742488
59788,1933.2318008742488
59789,1933.2318008742488
59790,1933.2318008742488
59791,1933.2318008742488
59792,1933.2318008742488
59793,1933.2318008742488
59794,1933.2318008742488
59795,1933.2318008742488
59796,1933.2318008742488
59797,1933.2318008742488
59798,1933.2318008742488
59799,1933.2318008742488
59800,1933.2318008742488
59801,1933.2318008742488
59802,1933.2318008742488
59803,1933.2318008742488
59804,1933.2318008742488
59805,1933.2318008742488
59806,1933.2318008742488
59807,1933.2318008742488
59808,1933.2318008742488
59809,1933.2318008742488
59810,1933.2318008742488
59811,1933.2318008742488
59812,1933.2318008742488
59813,1933.2318008742488
59814,1933.2318008742488
59815,1933.2318008742488
59816,1933.2318008742488
59817,1933.2318008742488
59818,1933.2318008742488
59819,1933.2318008742488
59820,1933.2318008742488
59821,1933.2318008742488
59822,1933.2318008742488
59823,1933.2318008742488
59824,1933.2318008742488
59825,1933.2318008742488
59826,1933.2318008742488
59827,1933.2318008742488
59828,1933.2318008742488
59829,1933.2318008742488
59830,1933.2318008742488
59831,1933.2318008742488
59832,1933.2318008742488
59833,1933.2318008742488
59834,1933.2318008742488
59835,1933.2318008742488
59836,1933.2318008742488
59837,1933.2318008742488
59838,1933.2318008742488
59839,1933.2318008742488
59840,1933.2318008742488
59841,1933.2318008742488
59842,1933.2318008742488
59843,1933.2318008742488
59844,1933.2318008742488
59845,1933.2318008742488
59846,1933.2318008742488
59847,1933.2318008742488
59848,1933.2318008742488
59849,1933.2318008742488
59850,1933.2318008742488
59851,1933.2318008742488
59852,1933.2318008742488
59853,1933.2318008742488
59854,1933.2318008742488
59855,1933.2318008742488
59856,1933.2318008742488
59857,1933.2318008742488
59858,1933.2318008742488
59859,1933.2318008742488
59860,1933.2318008742488
59861,1933.2318008742488
59862,1933.2318008742488
59863,1933.2318008742488
59864,1933.2318008742488
59865,1933.2318008742488
59866,1933.2318008742488
59867,1933.2318008742488
59868,1933.2318008742488
59869,1933.2318008742488
59870,1933.2318008742488
59871,1933.2318008742488
59872,1933.2318008742488
59873,1933.2318008742488
59874,1933.2318008742488
59875,1933.2318008742488
59876,1933.2318008742488
59877,1933.2318008742488
59878,1933.2318008742488
59879,1933.2318008742488
59880,1933.2318008742488
59881,1933.2318008742488
59882,1933.2318008742488
59883,1933.2318008742488
59884,1933.2318008742488
59885,1933.2318008742488
59886,1933.2318008742488
59887,1933.2318008742488
59888,1933.2318008742488
59889,1933.2318008742488
59890,1933.2318008742488
59891,1933.2318008742488
59892,1933.2318008742488
59893,1933.2318008742488
59894,1933.2318008742488
59895,1933.2318008742488
59896,1933.2318008742488
59897,1933.2318008742488
59898,1933.2318008742488
59899,1933.2318008742488
59900,1933.2318008742488
59901,1933.2318008742488
59902,1933.2318008742488
59903,1933.2318008742488
59904,1933.2318008742488
59905,1933.2318008742488
59906,1933.2318008742488
59907,1933.2318008742488
59908,1933.2318008742488
59909,1933.2318008742488
59910,1933.2318008742488
59911,1933.2318008742488
59912,1933.2318008742488
59913,1933.2318008742488
59914,1933.2318008742488
59915,1933.2318008742488
59916,1933.2318008742488
59917,1933.2318008742488
59918,1933.2318008742488
59919,1933.2318008742488
59920,1933.2318008742488
59921,1933.2318008742488
59922,1933.2318008742488
59923,1933.2318008742488
59924,1933.2318008742488
59925,1933.2318008742488
59926,1933.2318008742488
59927,1933.2318008742488
59928,1933.2318008742488
59929,1933.2318008742488
59930,1933.2318008742488
59931,1933.2318008742488
59932,1933.2318008742488
59933,1933.2318008742488
59934,1933.2318008742488
59935,1933.2318008742488
59936,1933.2318008742488
59937,1933.2318008742488
59938,1933.2318008742488
59939,1933.2318008742488
59940,1933.2318008742488
59941,1933.2318008742488
59942,1933.2318008742488
59943,1933.2318008742488
59944,1933.2318008742488
59945,1933.2318008742488
59946,1933.2318008742488
59947,1933.2318008742488
59948,1933.2318008742488
59949,1933.2318008742488
59950,1933.2318008742488
59951,1933.2318008742488
59952,1933.2318008742488
59953,1933.2318008742488
59954,1933.2318008742488
59955,1933.2318008742488
59956,1933.2318008742488
59957,1933.2318008742488
59958,1933.2318008742488
59959,1933.2318008742488
59960,1933.2318008742488
59961,1933.2318008742488
59962,1933.2318008742488
59963,1933.2318008742488
59964,1933.2318008742488
59965,1933.2318008742488
59966,1933.2318008742488
59967,1933.2318008742488
59968,1933.2318008742488
59969,1933.2318008742488
59970,1933.2318008742488
59971,1933.2318008742488
59972,1933.2318008742488
59973,1933.2318008742488
59974,1933.2318008742488
59975,1933.2318008742488
59976,1933.2318008742488
59977,1933.2318008742488
59978,1933.2318008742488
59979,1933.2318008742488
59980,1933.2318008742488
59981,1933.2318008742488
59982,1933.2318008742488
59983,1933.2318008742488
59984,1933.2318008742488
59985,1933.2318008742488
59986,1933.2318008742488
59987,1933.2318008742488
59988,1933.2318008742488
59989,1933.2318008742488
59990,1933.2318008742488
59991,1933.2318008742488
59992,1933.2318008742488
59993,1933.2318008742488
59994,1933.2318008742488
59995,1933.2318008742488
59996,1933.2318008742488
59997,1933.2318008742488
59998,1933.2318008742488
59999,1933.2318008742488
60000,1933.2318008742488
60001,1933.2318008742488
60002,1933.2318008742488
60003,1933.2318008742488
60004,1933.2318008742488
60005,1933.2318008742488
60006,1933.2318008742488
60007,1933.2318008742488
60008,1933.2318008742488
60009,1933.2318008742488
60010,1933.2318008742488
60011,1933.2318008742488
60012,1933.2318008742488
60013,1933.2318008742488
60014,1933.2318008742488
60015,1933.2318008742488
60016,1933.2318008742488
60017,1933.2318008742488
60018,1933.2318008742488
60019,1933.2318008742488
60020,1933.2318008742488
60021,1933.2318008742488
60022,1933.2318008742488
60023,1933.2318008742488
60024,1933.2318008742488
60025,1933.2318008742488
60026,1933.2318008742488
60027,1933.2318008742488
60028,1933.2318008742488
60029,1933.2318008742488
60030,1933.2318008742488
60031,1933.2318008742488
60032,1933.2318008742488
60033,1933.2318008742488
60034,1933.2318008742488
60035,1933.2318008742488
60036,1933.2318008742488
60037,1933.2318008742488
60038,1933.2318008742488
60039,1933.2318008742488
60040,1933.2318008742488
60041,1933.2318008742488
60042,1933.2318008742488
60043,1933.2318008742488
60044,1933.2318008742488
60045,1933.2318008742488
60046,1933.2318008742488
60047,1933.2318008742488
60048,1933.2318008742488
60049,1933.2318008742488
60050,1933.2318008742488
60051,1933.2318008742488
60052,1933.2318008742488
60053,1933.2318008742488
60054,1933.2318008742488
60055,1933.2318008742488
60056,1933.2318008742488
60057,1933.2318008742488
60058,1933.2318008742488
60059,1933.2318008742488
60060,1933.2318008742488
60061,1933.2318008742488
60062,1933.2318008742488
60063,1933.2318008742488
60064,1933.2318008742488
60065,1933.2318008742488
60066,1933.2318008742488
60067,1933.2318008742488
60068,1933.2318008742488
60069,1933.2318008742488
60070,1933.2318008742488
60071,1933.2318008742488
60072,1933.2318008742488
60073,1933.2318008742488
60074,1933.2318008742488
60075,1933.2318008742488
60076,1933.2318008742488
60077,1933.2318008742488
60078,1933.2318008742488
60079,1933.2318008742488
60080,1933.2318008742488
60081,1933.2318008742488
60082,1933.2318008742488
60083,1933.2318008742488
60084,1933.2318008742488
60085,1933.2318008742488
60086,1933.2318008742488
60087,1933.2318008742488
60088,1933.2318008742488
60089,1933.2318008742488
60090,1933.2318008742488
60091,1933.2318008742488
60092,1933.2318008742488
60093,1933.2318008742488
60094,1933.2318008742488
60095,1933.2318008742488
60096,1933.2318008742488
60097,1933.2318008742488
60098,1933.2318008742488
60099,1933.2318008742488
60100,1933.2318008742488
60101,1933.2318008742488
60102,1933.2318008742488
60103,1933.2318008742488
60104,1933.2318008742488
60105,1933.2318008742488
60106,1933.2318008742488
60107,1933.2318008742488
60108,1933.2318008742488
60109,1933.2318008742488
60110,1933.2318008742488
60111,1933.2318008742488
60112,1933.2318008742488
60113,1933.2318008742488
60114,1933.2318008742488
60115,1933.2318008742488
60116,1933.2318008742488
60117,1933.2318008742488
60118,1933.2318008742488
60119,1933.2318008742488
60120,1933.2318008742488
60121,1933.2318008742488
60122,1933.2318008742488
60123,1933.2318008742488
60124,1933.2318008742488
60125,1933.2318008742488
60126,1933.2318008742488
60127,1933.2318008742488
60128,1933.2318008742488
60129,1933.2318008742488
60130,1933.2318008742488
60131,1933.2318008742488
60132,1933.2318008742488
60133,1933.2318008742488
60134,1933.2318008742488
60135,1933.2318008742488
60136,1933.2318008742488
60137,1933.2318008742488
60138,1933.2318008742488
60139,1933.2318008742488
60140,1933.2318008742488
60141,1933.2318008742488
60142,1933.2318008742488
60143,1933.2318008742488
60144,1933.2318008742488
60145,1933.2318008742488
60146,1933.2318008742488
60147,1933.2318008742488
60148,1933.2318008742488
60149,1933.2318008742488
60150,1933.2318008742488
60151,1933.2318008742488
60152,1933.2318008742488
60153,1933.2318008742488
60154,1933.2318008742488
60155,1933.2318008742488
60156,1933.2318008742488
60157,1933.2318008742488
60158,1933.2318008742488
60159,1933.2318008742488
60160,1933.2318008742488
60161,1933.2318008742488
60162,1933.2318008742488
60163,1933.2318008742488
60164,1933.2318008742488
60165,1933.2318008742488
60166,1933.2318008742488
60167,1933.2318008742488
60168,1933.2318008742488
60169,1933.2318008742488
60170,1933.2318008742488
60171,1933.2318008742488
60172,1933.2318008742488
60173,1933.2318008742488
60174,1933.2318008742488
60175,1933.2318008742488
60176,1933.2318008742488
60177,1933.2318008742488
60178,1933.2318008742488
60179,1933.2318008742488
60180,1933.2318008742488
60181,1933.2318008742488
60182,1933.2318008742488
60183,1933.2318008742488
60184,1933.2318008742488
60185,1933.2318008742488
60186,1933.2318008742488
60187,1933.2318008742488
60188,1933.2318008742488
60189,1933.2318008742488
60190,1933.2318008742488
60191,1933.2318008742488
60192,1933.2318008742488
60193,1933.2318008742488
60194,1933.2318008742488
60195,1933.2318008742488
60196,1933.2318008742488
60197,1933.2318008742488
60198,1933.2318008742488
60199,1933.2318008742488
60200,1933.2318008742488
60201,1933.2318008742488
60202,1933.2318008742488
60203,1933.2318008742488
60204,1933.2318008742488
60205,1933.2318008742488
60206,1933.2318008742488
60207,1933.2318008742488
60208,1933.2318008742488
60209,1933.2318008742488
60210,1933.2318008742488
60211,1933.2318008742488
60212,1933.2318008742488
60213,1933.2318008742488
60214,1933.2318008742488
60215,1933.2318008742488
60216,1933.2318008742488
60217,1933.2318008742488
60218,1933.2318008742488
60219,1933.2318008742488
60220,1933.2318008742488
60221,1933.2318008742488
60222,1933.2318008742488
60223,1933.2318008742488
60224,1933.2318008742488
60225,1933.2318008742488
60226,1933.2318008742488
60227,1933.2318008742488
60228,1933.2318008742488
60229,1933.2318008742488
60230,1933.2318008742488
60231,1933.2318008742488
60232,1933.2318008742488
60233,1933.2318008742488
60234,1933.2318008742488
60235,1933.2318008742488
60236,1933.2318008742488
60237,1933.2318008742488
60238,1933.2318008742488
60239,1933.2318008742488
60240,1933.2318008742488
60241,1933.2318008742488
60242,1933.2318008742488
60243,1933.2318008742488
60244,1933.2318008742488
60245,1933.2318008742488
60246,1933.2318008742488
60247,1933.2318008742488
60248,1933.2318008742488
60249,1933.2318008742488
60250,1933.2318008742488
60251,1933.2318008742488
60252,1933.2318008742488
60253,1933.2318008742488
60254,1933.2318008742488
60255,1933.2318008742488
60256,1933.2318008742488
60257,1933.2318008742488
60258,1933.2318008742488
60259,1933.2318008742488
60260,1933.2318008742488
60261,1933.2318008742488
60262,1933.2318008742488
60263,1933.2318008742488
60264,1933.2318008742488
60265,1933.2318008742488
60266,1933.2318008742488
60267,1933.2318008742488
60268,1933.2318008742488
60269,1933.2318008742488
60270,1933.2318008742488
60271,1933.2318008742488
60272,1933.2318008742488
60273,1933.2318008742488
60274,1933.2318008742488
60275,1933.2318008742488
60276,1933.2318008742488
60277,1933.2318008742488
60278,1933.2318008742488
60279,1933.2318008742488
60280,1933.2318008742488
60281,1933.2318008742488
60282,1933.2318008742488
60283,1933.2318008742488
60284,1933.2318008742488
60285,1933.2318008742488
60286,1933.2318008742488
60287,1933.2318008742488
60288,1933.2318008742488
60289,1933.2318008742488
60290,1933.2318008742488
60291,1933.2318008742488
60292,1933.2318008742488
60293,1933.2318008742488
60294,1933.2318008742488
60295,1933.2318008742488
60296,1933.2318008742488
60297,1933.2318008742488
60298,1933.2318008742488
60299,1933.2318008742488
60300,1933.2318008742488
60301,1933.2318008742488
60302,1933.2318008742488
60303,1933.2318008742488
60304,1933.2318008742488
60305,1933.2318008742488
60306,1933.2318008742488
60307,1933.2318008742488
60308,1933.2318008742488
60309,1933.2318008742488
60310,1933.2318008742488
60311,1933.2318008742488
60312,1933.2318008742488
60313,1933.2318008742488
60314,1933.2318008742488
60315,1933.2318008742488
60316,1933.2318008742488
60317,1933.2318008742488
60318,1933.2318008742488
60319,1933.2318008742488
60320,1933.2318008742488
60321,1933.2318008742488
60322,1933.2318008742488
60323,1933.2318008742488
60324,1933.2318008742488
60325,1933.2318008742488
60326,1933.2318008742488
60327,1933.2318008742488
60328,1933.2318008742488
60329,1933.2318008742488
60330,1933.2318008742488
60331,1933.2318008742488
60332,1933.2318008742488
60333,1933.2318008742488
60334,1933.2318008742488
60335,1933.2318008742488
60336,1933.2318008742488
60337,1933.2318008742488
60338,1933.2318008742488
60339,1933.2318008742488
60340,1933.2318008742488
60341,1933.2318008742488
60342,1933.2318008742488
60343,1933.2318008742488
60344,1933.2318008742488
60345,1933.2318008742488
60346,1933.2318008742488
60347,1933.2318008742488
60348,1933.2318008742488
60349,1933.2318008742488
60350,1933.2318008742488
60351,1933.2318008742488
60352,1933.2318008742488
60353,1933.2318008742488
60354,1933.2318008742488
60355,1933.2318008742488
60356,1933.2318008742488
60357,1933.2318008742488
60358,1933.2318008742488
60359,1933.2318008742488
60360,1933.2318008742488
60361,1933.2318008742488
60362,1933.2318008742488
60363,1933.2318008742488
60364,1933.2318008742488
60365,1933.2318008742488
60366,1933.2318008742488
60367,1933.2318008742488
60368,1933.2318008742488
60369,1933.2318008742488
60370,1933.2318008742488
60371,1933.2318008742488
60372,1933.2318008742488
60373,1933.2318008742488
60374,1933.2318008742488
60375,1933.2318008742488
60376,1933.2318008742488
60377,1933.2318008742488
60378,1933.2318008742488
60379,1933.2318008742488
60380,1933.2318008742488
60381,1933.2318008742488
60382,1933.2318008742488
60383,1933.2318008742488
60384,1933.2318008742488
60385,1933.2318008742488
60386,1933.2318008742488
60387,1933.2318008742488
60388,1933.2318008742488
60389,1933.2318008742488
60390,1933.2318008742488
60391,1933.2318008742488
60392,1933.2318008742488
60393,1933.2318008742488
60394,1933.2318008742488
60395,1933.2318008742488
60396,1933.2318008742488
60397,1933.2318008742488
60398,1933.2318008742488
60399,1933.2318008742488
60400,1933.2318008742488
60401,1933.2318008742488
60402,1933.2318008742488
60403,1933.2318008742488
60404,1933.2318008742488
60405,1933.2318008742488
60406,1933.2318008742488
60407,1933.2318008742488
60408,1933.2318008742488
60409,1933.2318008742488
60410,1933.2318008742488
60411,1933.2318008742488
60412,1933.2318008742488
60413,1933.2318008742488
60414,1933.2318008742488
60415,1933.2318008742488
60416,1933.2318008742488
60417,1933.2318008742488
60418,1933.2318008742488
60419,1933.2318008742488
60420,1933.2318008742488
60421,1933.2318008742488
60422,1933.2318008742488
60423,1933.2318008742488
60424,1933.2318008742488
60425,1933.2318008742488
60426,1933.2318008742488
60427,1933.2318008742488
60428,1933.2318008742488
60429,1933.2318008742488
60430,1933.2318008742488
60431,1933.2318008742488
60432,1933.2318008742488
60433,1933.2318008742488
60434,1933.2318008742488
60435,1933.2318008742488
60436,1933.2318008742488
60437,1933.2318008742488
60438,1933.2318008742488
60439,1933.2318008742488
60440,1933.2318008742488
60441,1933.2318008742488
60442,1933.2318008742488
60443,1933.2318008742488
60444,1933.2318008742488
60445,1933.2318008742488
60446,1933.2318008742488
60447,1933.2318008742488
60448,1933.2318008742488
60449,1933.2318008742488
60450,1933.2318008742488
60451,1933.2318008742488
60452,1933.2318008742488
60453,1933.2318008742488
60454,1933.2318008742488
60455,1933.2318008742488
60456,1933.2318008742488
60457,1933.2318008742488
60458,1933.2318008742488
60459,1933.2318008742488
60460,1933.2318008742488
60461,1933.2318008742488
60462,1933.2318008742488
60463,1933.2318008742488
60464,1933.2318008742488
60465,1933.2318008742488
60466,1933.2318008742488
60467,1933.2318008742488
60468,1933.2318008742488
60469,1933.2318008742488
60470,1933.2318008742488
60471,1933.2318008742488
60472,1933.2318008742488
60473,1933.2318008742488
60474,1933.2318008742488
60475,1933.2318008742488
60476,1933.2318008742488
60477,1933.2318008742488
60478,1933.2318008742488
60479,1933.2318008742488
60480,1933.2318008742488
60481,1933.2318008742488
60482,1933.2318008742488
60483,1933.2318008742488
60484,1933.2318008742488
60485,1933.2318008742488
60486,1933.2318008742488
60487,1933.2318008742488
60488,1933.2318008742488
60489,1933.2318008742488
60490,1933.2318008742488
60491,1933.2318008742488
60492,1933.2318008742488
60493,1933.2318008742488
60494,1933.2318008742488
60495,1933.2318008742488
60496,1933.2318008742488
60497,1933.2318008742488
60498,1933.2318008742488
60499,1933.2318008742488
60500,1933.2318008742488
60501,1933.2318008742488
60502,1933.2318008742488
60503,1933.2318008742488
60504,1933.2318008742488
60505,1933.2318008742488
60506,1933.2318008742488
60507,1933.2318008742488
60508,1933.2318008742488
60509,1933.2318008742488
60510,1933.2318008742488
60511,1933.2318008742488
60512,1933.2318008742488
60513,1933.2318008742488
60514,1933.2318008742488
60515,1933.2318008742488
60516,1933.2318008742488
60517,1933.2318008742488
60518,1933.2318008742488
60519,1933.2318008742488
60520,1933.2318008742488
60521,1933.2318008742488
60522,1933.2318008742488
60523,1933.2318008742488
60524,1933.2318008742488
60525,1933.2318008742488
60526,1933.2318008742488
60527,1933.2318008742488
60528,1933.2318008742488
60529,1933.2318008742488
60530,1933.2318008742488
60531,1933.2318008742488
60532,1933.2318008742488
60533,1933.2318008742488
60534,1933.2318008742488
60535,1933.2318008742488
60536,1933.2318008742488
60537,1933.2318008742488
60538,1933.2318008742488
60539,1933.2318008742488
60540,1933.2318008742488
60541,1933.2318008742488
60542,1933.2318008742488
60543,1933.2318008742488
60544,1933.2318008742488
60545,1933.2318008742488
60546,1933.2318008742488
60547,1933.2318008742488
60548,1933.2318008742488
60549,1933.2318008742488
60550,1933.2318008742488
60551,1933.2318008742488
60552,1933.2318008742488
60553,1933.2318008742488
60554,1933.2318008742488
60555,1933.2318008742488
60556,1933.2318008742488
60557,1933.2318008742488
60558,1933.2318008742488
60559,1933.2318008742488
60560,1933.2318008742488
60561,1933.2318008742488
60562,1933.2318008742488
60563,1933.2318008742488
60564,1933.2318008742488
60565,1933.2318008742488
60566,1933.2318008742488
60567,1933.2318008742488
60568,1933.2318008742488
60569,1933.2318008742488
60570,1933.2318008742488
60571,1933.2318008742488
60572,1933.2318008742488
60573,1933.2318008742488
60574,1933.2318008742488
60575,1933.2318008742488
60576,1933.2318008742488
60577,1933.2318008742488
60578,1933.2318008742488
60579,1933.2318008742488
60580,1933.2318008742488
60581,1933.2318008742488
60582,1933.2318008742488
60583,1933.2318008742488
60584,1933.2318008742488
60585,1933.2318008742488
60586,1933.2318008742488
60587,1933.2318008742488
60588,1933.2318008742488
60589,1933.2318008742488
60590,1933.2318008742488
60591,1933.2318008742488
60592,1933.2318008742488
60593,1933.2318008742488
60594,1933.2318008742488
60595,1933.2318008742488
60596,1933.2318008742488
60597,1933.2318008742488
60598,1933.2318008742488
60599,1933.2318008742488
60600,1933.2318008742488
60601,1933.2318008742488
60602,1933.2318008742488
60603,1933.2318008742488
60604,1933.2318008742488
60605,1933.2318008742488
60606,1933.2318008742488
60607,1933.2318008742488
60608,1933.2318008742488
60609,1933.2318008742488
60610,1933.2318008742488
60611,1933.2318008742488
60612,1933.2318008742488
60613,1933.2318008742488
60614,1933.2318008742488
60615,1933.2318008742488
60616,1933.2318008742488
60617,1933.2318008742488
60618,1933.2318008742488
60619,1933.2318008742488
60620,1933.2318008742488
60621,1933.2318008742488
60622,1933.2318008742488
60623,1933.2318008742488
60624,1933.2318008742488
60625,1933.2318008742488
60626,1933.2318008742488
60627,1933.2318008742488
60628,1933.2318008742488
60629,1933.2318008742488
60630,1933.2318008742488
60631,1933.2318008742488
60632,1933.2318008742488
60633,1933.2318008742488
60634,1933.2318008742488
60635,1933.2318008742488
60636,1933.2318008742488
60637,1933.2318008742488
60638,1933.2318008742488
60639,1933.2318008742488
60640,1933.2318008742488
60641,1933.2318008742488
60642,1933.2318008742488
60643,1933.2318008742488
60644,1933.2318008742488
60645,1933.2318008742488
60646,1933.2318008742488
60647,1933.2318008742488
60648,1933.2318008742488
60649,1933.2318008742488
60650,1933.2318008742488
60651,1933.2318008742488
60652,1933.2318008742488
60653,1933.2318008742488
60654,1933.2318008742488
60655,1933.2318008742488
60656,1933.2318008742488
60657,1933.2318008742488
60658,1933.2318008742488
60659,1933.2318008742488
60660,1933.2318008742488
60661,1933.2318008742488
60662,1933.2318008742488
60663,1933.2318008742488
60664,1933.2318008742488
60665,1933.2318008742488
60666,1933.2318008742488
60667,1933.2318008742488
60668,1933.2318008742488
60669,1933.2318008742488
60670,1933.2318008742488
60671,1933.2318008742488
60672,1933.2318008742488
60673,1933.2318008742488
60674,1933.2318008742488
60675,1933.2318008742488
60676,1933.2318008742488
60677,1933.2318008742488
60678,1933.2318008742488
60679,1933.2318008742488
60680,1933.2318008742488
60681,1933.2318008742488
60682,1933.2318008742488
60683,1933.2318008742488
60684,1933.2318008742488
60685,1933.2318008742488
60686,1933.2318008742488
60687,1933.2318008742488
60688,1933.2318008742488
60689,1933.2318008742488
60690,1933.2318008742488
60691,1933.2318008742488
60692,1933.2318008742488
60693,1933.2318008742488
60694,1933.2318008742488
60695,1933.2318008742488
60696,1933.2318008742488
60697,1933.2318008742488
60698,1933.2318008742488
60699,1933.2318008742488
60700,1933.2318008742488
60701,1933.2318008742488
60702,1933.2318008742488
60703,1933.2318008742488
60704,1933.2318008742488
60705,1933.2318008742488
60706,1933.2318008742488
60707,1933.2318008742488
60708,1933.2318008742488
60709,1933.2318008742488
60710,1933.2318008742488
60711,1933.2318008742488
60712,1933.2318008742488
60713,1933.2318008742488
60714,1933.2318008742488
60715,1933.2318008742488
60716,1933.2318008742488
60717,1933.2318008742488
60718,1933.2318008742488
60719,1933.2318008742488
60720,1933.2318008742488
60721,1933.2318008742488
60722,1933.2318008742488
60723,1933.2318008742488
60724,1933.2318008742488
60725,1933.2318008742488
60726,1933.2318008742488
60727,1933.2318008742488
60728,1933.2318008742488
60729,1933.2318008742488
60730,1933.2318008742488
60731,1933.2318008742488
60732,1933.2318008742488
60733,1933.2318008742488
60734,1933.2318008742488
60735,1933.2318008742488
60736,1933.2318008742488
60737,1933.2318008742488
60738,1933.2318008742488
60739,1933.2318008742488
60740,1933.2318008742488
60741,1933.2318008742488
60742,1933.2318008742488
60743,1933.2318008742488
60744,1933.2318008742488
60745,1933.2318008742488
60746,1933.2318008742488
60747,1933.2318008742488
60748,1933.2318008742488
60749,1933.2318008742488
60750,1933.2318008742488
60751,1933.2318008742488
60752,1933.2318008742488
60753,1933.2318008742488
60754,1933.2318008742488
60755,1933.2318008742488
60756,1933.2318008742488
60757,1933.2318008742488
60758,1933.2318008742488
60759,1933.2318008742488
60760,1933.2318008742488
60761,1933.2318008742488
60762,1933.2318008742488
60763,1933.2318008742488
60764,1933.2318008742488
60765,1933.2318008742488
60766,1933.2318008742488
60767,1933.2318008742488
60768,1933.2318008742488
60769,1933.2318008742488
60770,1933.2318008742488
60771,1933.2318008742488
60772,1933.2318008742488
60773,1933.2318008742488
60774,1933.2318008742488
60775,1933.2318008742488
60776,1933.2318008742488
60777,1933.2318008742488
60778,1933.2318008742488
60779,1933.2318008742488
60780,1933.2318008742488
60781,1933.2318008742488
60782,1933.2318008742488
60783,1933.2318008742488
60784,1933.2318008742488
60785,1933.2318008742488
60786,1933.2318008742488
60787,1933.2318008742488
60788,1933.2318008742488
60789,1933.2318008742488
60790,1933.2318008742488
60791,1933.2318008742488
60792,1933.2318008742488
60793,1933.2318008742488
60794,1933.2318008742488
60795,1933.2318008742488
60796,1933.2318008742488
60797,1933.2318008742488
60798,1933.2318008742488
60799,1933.2318008742488
60800,1933.2318008742488
60801,1933.2318008742488
60802,1933.2318008742488
60803,1933.2318008742488
60804,1933.2318008742488
60805,1933.2318008742488
60806,1933.2318008742488
60807,1933.2318008742488
60808,1933.2318008742488
60809,1933.2318008742488
60810,1933.2318008742488
60811,1933.2318008742488
60812,1933.2318008742488
60813,1933.2318008742488
60814,1933.2318008742488
60815,1933.2318008742488
60816,1933.2318008742488
60817,1933.2318008742488
60818,1933.2318008742488
60819,1933.2318008742488
60820,1933.2318008742488
60821,1933.2318008742488
60822,1933.2318008742488
60823,1933.2318008742488
60824,1933.2318008742488
60825,1933.2318008742488
60826,1933.2318008742488
60827,1933.2318008742488
60828,1933.2318008742488
60829,1933.2318008742488
60830,1933.2318008742488
60831,1933.2318008742488
60832,1933.2318008742488
60833,1933.2318008742488
60834,1933.2318008742488
60835,1933.2318008742488
60836,1933.2318008742488
60837,1933.2318008742488
60838,1933.2318008742488
60839,1933.2318008742488
60840,1933.2318008742488
60841,1933.2318008742488
60842,1933.2318008742488
60843,1933.2318008742488
60844,1933.2318008742488
60845,1933.2318008742488
60846,1933.2318008742488
60847,1933.2318008742488
60848,1933.2318008742488
60849,1933.2318008742488
60850,1933.2318008742488
60851,1933.2318008742488
60852,1933.2318008742488
60853,1933.2318008742488
60854,1933.2318008742488
60855,1933.2318008742488
60856,1933.2318008742488
60857,1933.2318008742488
60858,1933.2318008742488
60859,1933.2318008742488
60860,1933.2318008742488
60861,1933.2318008742488
60862,1933.2318008742488
60863,1933.2318008742488
60864,1933.2318008742488
60865,1933.2318008742488
60866,1933.2318008742488
60867,1933.2318008742488
60868,1933.2318008742488
60869,1933.2318008742488
60870,1933.2318008742488
60871,1933.2318008742488
60872,1933.2318008742488
60873,1933.2318008742488
60874,1933.2318008742488
60875,1933.2318008742488
60876,1933.2318008742488
60877,1933.2318008742488
60878,1933.2318008742488
60879,1933.2318008742488
60880,1933.2318008742488
60881,1933.2318008742488
60882,1933.2318008742488
60883,1933.2318008742488
60884,1933.2318008742488
60885,1933.2318008742488
60886,1933.2318008742488
60887,1933.2318008742488
60888,1933.2318008742488
60889,1933.2318008742488
60890,1933.2318008742488
60891,1933.2318008742488
60892,1933.2318008742488
60893,1933.2318008742488
60894,1933.2318008742488
60895,1933.2318008742488
60896,1933.2318008742488
60897,1933.2318008742488
60898,1933.2318008742488
60899,1933.2318008742488
60900,1933.2318008742488
60901,1933.2318008742488
60902,1933.2318008742488
60903,1933.2318008742488
60904,1933.2318008742488
60905,1933.2318008742488
60906,1933.2318008742488
60907,1933.2318008742488
60908,1933.2318008742488
60909,1933.2318008742488
60910,1933.2318008742488
60911,1933.2318008742488
60912,1933.2318008742488
60913,1933.2318008742488
60914,1933.2318008742488
60915,1933.2318008742488
60916,1933.2318008742488
60917,1933.2318008742488
60918,1933.2318008742488
60919,1933.2318008742488
60920,1933.2318008742488
60921,1933.2318008742488
60922,1933.2318008742488
60923,1933.2318008742488
60924,1933.2318008742488
60925,1933.2318008742488
60926,1933.2318008742488
60927,1933.2318008742488
60928,1933.2318008742488
60929,1933.2318008742488
60930,1933.2318008742488
60931,1933.2318008742488
60932,1933.2318008742488
60933,1933.2318008742488
60934,1933.2318008742488
60935,1933.2318008742488
60936,1933.2318008742488
60937,1933.2318008742488
60938,1933.2318008742488
60939,1933.2318008742488
60940,1933.2318008742488
60941,1933.2318008742488
60942,1933.2318008742488
60943,1933.2318008742488
60944,1933.2318008742488
60945,1933.2318008742488
60946,1933.2318008742488
60947,1933.2318008742488
60948,1933.2318008742488
60949,1933.2318008742488
60950,1933.2318008742488
60951,1933.2318008742488
60952,1933.2318008742488
60953,1933.2318008742488
60954,1933.2318008742488
60955,1933.2318008742488
60956,1933.2318008742488
60957,1933.2318008742488
60958,1933.2318008742488
60959,1933.2318008742488
60960,1933.2318008742488
60961,1933.2318008742488
60962,1933.2318008742488
60963,1933.2318008742488
60964,1933.2318008742488
60965,1933.2318008742488
60966,1933.2318008742488
60967,1933.2318008742488
60968,1933.2318008742488
60969,1933.2318008742488
60970,1933.2318008742488
60971,1933.2318008742488
60972,1933.2318008742488
60973,1933.2318008742488
60974,1933.2318008742488
60975,1933.2318008742488
60976,1933.2318008742488
60977,1933.2318008742488
60978,1933.2318008742488
60979,1933.2318008742488
60980,1933.2318008742488
60981,1933.2318008742488
60982,1933.2318008742488
60983,1933.2318008742488
60984,1933.2318008742488
60985,1933.2318008742488
60986,1933.2318008742488
60987,1933.2318008742488
60988,1933.2318008742488
60989,1933.2318008742488
60990,1933.2318008742488
60991,1933.2318008742488
60992,1933.2318008742488
60993,1933.2318008742488
60994,1933.2318008742488
60995,1933.2318008742488
60996,1933.2318008742488
60997,1933.2318008742488
60998,1933.2318008742488
60999,1933.2318008742488
61000,1933.2318008742488
61001,1933.2318008742488
61002,1933.2318008742488
61003,1933.2318008742488
61004,1933.2318008742488
61005,1933.2318008742488
61006,1933.2318008742488
61007,1933.2318008742488
61008,1933.2318008742488
61009,1933.2318008742488
61010,1933.2318008742488
61011,1933.2318008742488
61012,1933.2318008742488
61013,1933.2318008742488
61014,1933.2318008742488
61015,1933.2318008742488
61016,1933.2318008742488
61017,1933.2318008742488
61018,1933.2318008742488
61019,1933.2318008742488
61020,1933.2318008742488
61021,1933.2318008742488
61022,1933.2318008742488
61023,1933.2318008742488
61024,1933.2318008742488
61025,1933.2318008742488
61026,1933.2318008742488
61027,1933.2318008742488
61028,1933.2318008742488
61029,1933.2318008742488
61030,1933.2318008742488
61031,1933.2318008742488
61032,1933.2318008742488
61033,1933.2318008742488
61034,1933.2318008742488
61035,1933.2318008742488
61036,1933.2318008742488
61037,1933.2318008742488
61038,1933.2318008742488
61039,1933.2318008742488
61040,1933.2318008742488
61041,1933.2318008742488
61042,1933.2318008742488
61043,1933.2318008742488
61044,1933.2318008742488
61045,1933.2318008742488
61046,1933.2318008742488
61047,1933.2318008742488
61048,1933.2318008742488
61049,1933.2318008742488
61050,1933.2318008742488
61051,1933.2318008742488
61052,1933.2318008742488
61053,1933.2318008742488
61054,1933.2318008742488
61055,1933.2318008742488
61056,1933.2318008742488
61057,1933.2318008742488
61058,1933.2318008742488
61059,1933.2318008742488
61060,1933.2318008742488
61061,1933.2318008742488
61062,1933.2318008742488
61063,1933.2318008742488
61064,1933.2318008742488
61065,1933.2318008742488
61066,1933.2318008742488
61067,1933.2318008742488
61068,1933.2318008742488
61069,1933.2318008742488
61070,1933.2318008742488
61071,1933.2318008742488
61072,1933.2318008742488
61073,1933.2318008742488
61074,1933.2318008742488
61075,1933.2318008742488
61076,1933.2318008742488
61077,1933.2318008742488
61078,1933.2318008742488
61079,1933.2318008742488
61080,1933.2318008742488
61081,1933.2318008742488
61082,1933.2318008742488
61083,1933.2318008742488
61084,1933.2318008742488
61085,1933.2318008742488
61086,1933.2318008742488
61087,1933.2318008742488
61088,1933.2318008742488
61089,1933.2318008742488
61090,1933.2318008742488
61091,1933.2318008742488
61092,1933.2318008742488
61093,1933.2318008742488
61094,1933.2318008742488
61095,1933.2318008742488
61096,1933.2318008742488
61097,1933.2318008742488
61098,1933.2318008742488
61099,1933.2318008742488
61100,1933.2318008742488
61101,1933.2318008742488
61102,1933.2318008742488
61103,1933.2318008742488
61104,1933.2318008742488
61105,1933.2318008742488
61106,1933.2318008742488
61107,1933.2318008742488
61108,1933.2318008742488
61109,1933.2318008742488
61110,1933.2318008742488
61111,1933.2318008742488
61112,1933.2318008742488
61113,1933.2318008742488
61114,1933.2318008742488
61115,1933.2318008742488
61116,1933.2318008742488
61117,1933.2318008742488
61118,1933.2318008742488
61119,1933.2318008742488
61120,1933.2318008742488
61121,1933.2318008742488
61122,1933.2318008742488
61123,1933.2318008742488
61124,1933.2318008742488
61125,1933.2318008742488
61126,1933.2318008742488
61127,1933.2318008742488
61128,1933.2318008742488
61129,1933.2318008742488
61130,1933.2318008742488
61131,1933.2318008742488
61132,1933.2318008742488
61133,1933.2318008742488
61134,1933.2318008742488
61135,1933.2318008742488
61136,1933.2318008742488
61137,1933.2318008742488
61138,1933.2318008742488
61139,1933.2318008742488
61140,1933.2318008742488
61141,1933.2318008742488
61142,1933.2318008742488
61143,1933.2318008742488
61144,1933.2318008742488
61145,1933.2318008742488
61146,1933.2318008742488
61147,1933.2318008742488
61148,1933.2318008742488
61149,1933.2318008742488
61150,1933.2318008742488
61151,1933.2318008742488
61152,1933.2318008742488
61153,1933.2318008742488
61154,1933.2318008742488
61155,1933.2318008742488
61156,1933.2318008742488
61157,1933.2318008742488
61158,1933.2318008742488
61159,1933.2318008742488
61160,1933.2318008742488
61161,1933.2318008742488
61162,1933.2318008742488
61163,1933.2318008742488
61164,1933.2318008742488
61165,1933.2318008742488
61166,1933.2318008742488
61167,1933.2318008742488
61168,1933.2318008742488
61169,1933.2318008742488
61170,1933.2318008742488
61171,1933.2318008742488
61172,1933.2318008742488
61173,1933.2318008742488
61174,1933.2318008742488
61175,1933.2318008742488
61176,1933.2318008742488
61177,1933.2318008742488
61178,1933.2318008742488
61179,1933.2318008742488
61180,1933.2318008742488
61181,1933.2318008742488
61182,1933.2318008742488
61183,1933.2318008742488
61184,1933.2318008742488
61185,1933.2318008742488
61186,1933.2318008742488
61187,1933.2318008742488
61188,1933.2318008742488
61189,1933.2318008742488
61190,1933.2318008742488
61191,1933.2318008742488
61192,1933.2318008742488
61193,1933.2318008742488
61194,1933.2318008742488
61195,1933.2318008742488
61196,1933.2318008742488
61197,1933.2318008742488
61198,1933.2318008742488
61199,1933.2318008742488
61200,1933.2318008742488
61201,1933.2318008742488
61202,1933.2318008742488
61203,1933.2318008742488
61204,1933.2318008742488
61205,1933.2318008742488
61206,1933.2318008742488
61207,1933.2318008742488
61208,1933.2318008742488
61209,1933.2318008742488
61210,1933.2318008742488
61211,1933.2318008742488
61212,1933.2318008742488
61213,1933.2318008742488
61214,1933.2318008742488
61215,1933.2318008742488
61216,1933.2318008742488
61217,1933.2318008742488
61218,1933.2318008742488
61219,1933.2318008742488
61220,1933.2318008742488
61221,1933.2318008742488
61222,1933.2318008742488
61223,1933.2318008742488
61224,1933.2318008742488
61225,1933.2318008742488
61226,1933.2318008742488
61227,1933.2318008742488
61228,1933.2318008742488
61229,1933.2318008742488
61230,1933.2318008742488
61231,1933.2318008742488
61232,1933.2318008742488
61233,1933.2318008742488
61234,1933.2318008742488
61235,1933.2318008742488
61236,1933.2318008742488
61237,1933.2318008742488
61238,1933.2318008742488
61239,1933.2318008742488
61240,1933.2318008742488
61241,1933.2318008742488
61242,1933.2318008742488
61243,1933.2318008742488
61244,1933.2318008742488
61245,1933.2318008742488
61246,1933.2318008742488
61247,1933.2318008742488
61248,1933.2318008742488
61249,1933.2318008742488
61250,1933.2318008742488
61251,1933.2318008742488
61252,1933.2318008742488
61253,1933.2318008742488
61254,1933.2318008742488
61255,1933.2318008742488
61256,1933.2318008742488
61257,1933.2318008742488
61258,1933.2318008742488
61259,1933.2318008742488
61260,1933.2318008742488
61261,1933.2318008742488
61262,1933.2318008742488
61263,1933.2318008742488
61264,1933.2318008742488
61265,1933.2318008742488
61266,1933.2318008742488
61267,1933.2318008742488
61268,1933.2318008742488
61269,1933.2318008742488
61270,1933.2318008742488
61271,1933.2318008742488
61272,1933.2318008742488
61273,1933.2318008742488
61274,1933.2318008742488
61275,1933.2318008742488
61276,1933.2318008742488
61277,1933.2318008742488
61278,1933.2318008742488
61279,1933.2318008742488
61280,1933.2318008742488
61281,1933.2318008742488
61282,1933.2318008742488
61283,1933.2318008742488
61284,1933.2318008742488
61285,1933.2318008742488
61286,1933.2318008742488
61287,1933.2318008742488
61288,1933.2318008742488
61289,1933.2318008742488
61290,1933.2318008742488
61291,1933.2318008742488
61292,1933.2318008742488
61293,1933.2318008742488
61294,1933.2318008742488
61295,1933.2318008742488
61296,1933.2318008742488
61297,1933.2318008742488
61298,1933.2318008742488
61299,1933.2318008742488
61300,1933.2318008742488
61301,1933.2318008742488
61302,1933.2318008742488
61303,1933.2318008742488
61304,1933.2318008742488
61305,1933.2318008742488
61306,1933.2318008742488
61307,1933.2318008742488
61308,1933.2318008742488
61309,1933.2318008742488
61310,1933.2318008742488
61311,1933.2318008742488
61312,1933.2318008742488
61313,1933.2318008742488
61314,1933.2318008742488
61315,1933.2318008742488
61316,1933.2318008742488
61317,1933.2318008742488
61318,1933.2318008742488
61319,1933.2318008742488
61320,1933.2318008742488
61321,1933.2318008742488
61322,1933.2318008742488
61323,1933.2318008742488
61324,1933.2318008742488
61325,1933.2318008742488
61326,1933.2318008742488
61327,1933.2318008742488
61328,1933.2318008742488
61329,1933.2318008742488
61330,1933.2318008742488
61331,1933.2318008742488
61332,1933.2318008742488
61333,1933.2318008742488
61334,1933.2318008742488
61335,1933.2318008742488
61336,1933.2318008742488
61337,1933.2318008742488
61338,1933.2318008742488
61339,1933.2318008742488
61340,1933.2318008742488
61341,1933.2318008742488
61342,1933.2318008742488
61343,1933.2318008742488
61344,1933.2318008742488
61345,1933.2318008742488
61346,1933.2318008742488
61347,1933.2318008742488
61348,1933.2318008742488
61349,1933.2318008742488
61350,1933.2318008742488
61351,1933.2318008742488
61352,1933.2318008742488
61353,1933.2318008742488
61354,1933.2318008742488
61355,1933.2318008742488
61356,1933.2318008742488
61357,1933.2318008742488
61358,1933.2318008742488
61359,1933.2318008742488
61360,1933.2318008742488
61361,1933.2318008742488
61362,1933.2318008742488
61363,1933.2318008742488
61364,1933.2318008742488
61365,1933.2318008742488
61366,1933.2318008742488
61367,1933.2318008742488
61368,1933.2318008742488
61369,1933.2318008742488
61370,1933.2318008742488
61371,1933.2318008742488
61372,1933.2318008742488
61373,1933.2318008742488
61374,1933.2318008742488
61375,1933.2318008742488
61376,1933.2318008742488
61377,1933.2318008742488
61378,1933.2318008742488
61379,1933.2318008742488
61380,1933.2318008742488
61381,1933.2318008742488
61382,1933.2318008742488
61383,1933.2318008742488
61384,1933.2318008742488
61385,1933.2318008742488
61386,1933.2318008742488
61387,1933.2318008742488
61388,1933.2318008742488
61389,1933.2318008742488
61390,1933.2318008742488
61391,1933.2318008742488
61392,1933.2318008742488
61393,1933.2318008742488
61394,1933.2318008742488
61395,1933.2318008742488
61396,1933.2318008742488
61397,1933.2318008742488
61398,1933.2318008742488
61399,1933.2318008742488
61400,1933.2318008742488
61401,1933.2318008742488
61402,1933.2318008742488
61403,1933.2318008742488
61404,1933.2318008742488
61405,1933.2318008742488
61406,1933.2318008742488
61407,1933.2318008742488
61408,1933.2318008742488
61409,1933.2318008742488
61410,1933.2318008742488
61411,1933.2318008742488
61412,1933.2318008742488
61413,1933.2318008742488
61414,1933.2318008742488
61415,1933.2318008742488
61416,1933.2318008742488
61417,1933.2318008742488
61418,1933.2318008742488
61419,1933.2318008742488
61420,1933.2318008742488
61421,1933.2318008742488
61422,1933.2318008742488
61423,1933.2318008742488
61424,1933.2318008742488
61425,1933.2318008742488
61426,1933.2318008742488
61427,1933.2318008742488
61428,1933.2318008742488
61429,1933.2318008742488
61430,1933.2318008742488
61431,1933.2318008742488
61432,1933.2318008742488
61433,1933.2318008742488
61434,1933.2318008742488
61435,1933.2318008742488
61436,1933.2318008742488
61437,1933.2318008742488
61438,1933.2318008742488
61439,1933.2318008742488
61440,1933.2318008742488
61441,1933.2318008742488
61442,1933.2318008742488
61443,1933.2318008742488
61444,1933.2318008742488
61445,1933.2318008742488
61446,1933.2318008742488
61447,1933.2318008742488
61448,1933.2318008742488
61449,1933.2318008742488
61450,1933.2318008742488
61451,1933.2318008742488
61452,1933.2318008742488
61453,1933.2318008742488
61454,1933.2318008742488
61455,1933.2318008742488
61456,1933.2318008742488
61457,1933.2318008742488
61458,1933.2318008742488
61459,1933.2318008742488
61460,1933.2318008742488
61461,1933.2318008742488
61462,1933.2318008742488
61463,1933.2318008742488
61464,1933.2318008742488
61465,1933.2318008742488
61466,1933.2318008742488
61467,1933.2318008742488
61468,1933.2318008742488
61469,1933.2318008742488
61470,1933.2318008742488
61471,1933.2318008742488
61472,1933.2318008742488
61473,1933.2318008742488
61474,1933.2318008742488
61475,1933.2318008742488
61476,1933.2318008742488
61477,1933.2318008742488
61478,1933.2318008742488
61479,1933.2318008742488
61480,1933.2318008742488
61481,1933.2318008742488
61482,1933.2318008742488
61483,1933.2318008742488
61484,1933.2318008742488
61485,1933.2318008742488
61486,1933.2318008742488
61487,1933.2318008742488
61488,1933.2318008742488
61489,1933.2318008742488
61490,1933.2318008742488
61491,1933.2318008742488
61492,1933.2318008742488
61493,1933.2318008742488
61494,1933.2318008742488
61495,1933.2318008742488
61496,1933.2318008742488
61497,1933.2318008742488
61498,1933.2318008742488
61499,1933.2318008742488
61500,1933.2318008742488
61501,1933.2318008742488
61502,1933.2318008742488
61503,1933.2318008742488
61504,1933.2318008742488
61505,1933.2318008742488
61506,1933.2318008742488
61507,1933.2318008742488
61508,1933.2318008742488
61509,1933.2318008742488
61510,1933.2318008742488
61511,1933.2318008742488
61512,1933.2318008742488
61513,1933.2318008742488
61514,1933.2318008742488
61515,1933.2318008742488
61516,1933.2318008742488
61517,1933.2318008742488
61518,1933.2318008742488
61519,1933.2318008742488
61520,1933.2318008742488
61521,1933.2318008742488
61522,1933.2318008742488
61523,1933.2318008742488
61524,1933.2318008742488
61525,1933.2318008742488
61526,1933.2318008742488
61527,1933.2318008742488
61528,1933.2318008742488
61529,1933.2318008742488
61530,1933.2318008742488
61531,1933.2318008742488
61532,1933.2318008742488
61533,1933.2318008742488
61534,1933.2318008742488
61535,1933.2318008742488
61536,1933.2318008742488
61537,1933.2318008742488
61538,1933.2318008742488
61539,1933.2318008742488
61540,1933.2318008742488
61541,1933.2318008742488
61542,1933.2318008742488
61543,1933.2318008742488
61544,1933.2318008742488
61545,1933.2318008742488
61546,1933.2318008742488
61547,1933.2318008742488
61548,1933.2318008742488
61549,1933.2318008742488
61550,1933.2318008742488
61551,1933.2318008742488
61552,1933.2318008742488
61553,1933.2318008742488
61554,1933.2318008742488
61555,1933.2318008742488
61556,1933.2318008742488
61557,1933.2318008742488
61558,1933.2318008742488
61559,1933.2318008742488
61560,1933.2318008742488
61561,1933.2318008742488
61562,1933.2318008742488
61563,1933.2318008742488
61564,1933.2318008742488
61565,1933.2318008742488
61566,1933.2318008742488
61567,1933.2318008742488
61568,1933.2318008742488
61569,1933.2318008742488
61570,1933.2318008742488
61571,1933.2318008742488
61572,1933.2318008742488
61573,1933.2318008742488
61574,1933.2318008742488
61575,1933.2318008742488
61576,1933.2318008742488
61577,1933.2318008742488
61578,1933.2318008742488
61579,1933.2318008742488
61580,1933.2318008742488
61581,1933.2318008742488
61582,1933.2318008742488
61583,1933.2318008742488
61584,1933.2318008742488
61585,1933.2318008742488
61586,1933.2318008742488
61587,1933.2318008742488
61588,1933.2318008742488
61589,1933.2318008742488
61590,1933.2318008742488
61591,1933.2318008742488
61592,1933.2318008742488
61593,1933.2318008742488
61594,1933.2318008742488
61595,1933.2318008742488
61596,1933.2318008742488
61597,1933.2318008742488
61598,1933.2318008742488
61599,1933.2318008742488
61600,1933.2318008742488
61601,1933.2318008742488
61602,1933.2318008742488
61603,1933.2318008742488
61604,1933.2318008742488
61605,1933.2318008742488
61606,1933.2318008742488
61607,1933.2318008742488
61608,1933.2318008742488
61609,1933.2318008742488
61610,1933.2318008742488
61611,1933.2318008742488
61612,1933.2318008742488
61613,1933.2318008742488
61614,1933.2318008742488
61615,1933.2318008742488
61616,1933.2318008742488
61617,1933.2318008742488
61618,1933.2318008742488
61619,1933.2318008742488
61620,1933.2318008742488
61621,1933.2318008742488
61622,1933.2318008742488
61623,1933.2318008742488
61624,1933.2318008742488
61625,1933.2318008742488
61626,1933.2318008742488
61627,1933.2318008742488
61628,1933.2318008742488
61629,1933.2318008742488
61630,1933.2318008742488
61631,1933.2318008742488
61632,1933.2318008742488
61633,1933.2318008742488
61634,1933.2318008742488
61635,1933.2318008742488
61636,1933.2318008742488
61637,1933.2318008742488
61638,1933.2318008742488
61639,1933.2318008742488
61640,1933.2318008742488
61641,1933.2318008742488
61642,1933.2318008742488
61643,1933.2318008742488
61644,1933.2318008742488
61645,1933.2318008742488
61646,1933.2318008742488
61647,1933.2318008742488
61648,1933.2318008742488
61649,1933.2318008742488
61650,1933.2318008742488
61651,1933.2318008742488
61652,1933.2318008742488
61653,1933.2318008742488
61654,1933.2318008742488
61655,1933.2318008742488
61656,1933.2318008742488
61657,1933.2318008742488
61658,1933.2318008742488
61659,1933.2318008742488
61660,1933.2318008742488
61661,1933.2318008742488
61662,1933.2318008742488
61663,1933.2318008742488
61664,1933.2318008742488
61665,1933.2318008742488
61666,1933.2318008742488
61667,1933.2318008742488
61668,1933.2318008742488
61669,1933.2318008742488
61670,1933.2318008742488
61671,1933.2318008742488
61672,1933.2318008742488
61673,1933.2318008742488
61674,1933.2318008742488
61675,1933.2318008742488
61676,1933.2318008742488
61677,1933.2318008742488
61678,1933.2318008742488
61679,1933.2318008742488
61680,1933.2318008742488
61681,1933.2318008742488
61682,1933.2318008742488
61683,1933.2318008742488
61684,1933.2318008742488
61685,1933.2318008742488
61686,1933.2318008742488
61687,1933.2318008742488
61688,1933.2318008742488
61689,1933.2318008742488
61690,1933.2318008742488
61691,1933.2318008742488
61692,1933.2318008742488
61693,1933.2318008742488
61694,1933.2318008742488
61695,1933.2318008742488
61696,1933.2318008742488
61697,1933.2318008742488
61698,1933.2318008742488
61699,1933.2318008742488
61700,1933.2318008742488
61701,1933.2318008742488
61702,1933.2318008742488
61703,1933.2318008742488
61704,1933.2318008742488
61705,1933.2318008742488
61706,1933.2318008742488
61707,1933.2318008742488
61708,1933.2318008742488
61709,1933.2318008742488
61710,1933.2318008742488
61711,1933.2318008742488
61712,1933.2318008742488
61713,1933.2318008742488
61714,1933.2318008742488
61715,1933.2318008742488
61716,1933.2318008742488
61717,1933.2318008742488
61718,1933.2318008742488
61719,1933.2318008742488
61720,1933.2318008742488
61721,1933.2318008742488
61722,1933.2318008742488
61723,1933.2318008742488
61724,1933.2318008742488
61725,1933.2318008742488
61726,1933.2318008742488
61727,1933.2318008742488
61728,1933.2318008742488
61729,1933.2318008742488
61730,1933.2318008742488
61731,1933.2318008742488
61732,1933.2318008742488
61733,1933.2318008742488
61734,1933.2318008742488
61735,1933.2318008742488
61736,1933.2318008742488
61737,1933.2318008742488
61738,1933.2318008742488
61739,1933.2318008742488
61740,1933.2318008742488
61741,1933.2318008742488
61742,1933.2318008742488
61743,1933.2318008742488
61744,1933.2318008742488
61745,1933.2318008742488
61746,1933.2318008742488
61747,1933.2318008742488
61748,1933.2318008742488
61749,1933.2318008742488
61750,1933.2318008742488
61751,1933.2318008742488
61752,1933.2318008742488
61753,1933.2318008742488
61754,1933.2318008742488
61755,1933.2318008742488
61756,1933.2318008742488
61757,1933.2318008742488
61758,1933.2318008742488
61759,1933.2318008742488
61760,1933.2318008742488
61761,1933.2318008742488
61762,1933.2318008742488
61763,1933.2318008742488
61764,1933.2318008742488
61765,1933.2318008742488
61766,1933.2318008742488
61767,1933.2318008742488
61768,1933.2318008742488
61769,1933.2318008742488
61770,1933.2318008742488
61771,1933.2318008742488
61772,1933.2318008742488
61773,1933.2318008742488
61774,1933.2318008742488
61775,1933.2318008742488
61776,1933.2318008742488
61777,1933.2318008742488
61778,1933.2318008742488
61779,1933.2318008742488
61780,1933.2318008742488
61781,1933.2318008742488
61782,1933.2318008742488
61783,1933.2318008742488
61784,1933.2318008742488
61785,1933.2318008742488
61786,1933.2318008742488
61787,1933.2318008742488
61788,1933.2318008742488
61789,1933.2318008742488
61790,1933.2318008742488
61791,1933.2318008742488
61792,1933.2318008742488
61793,1933.2318008742488
61794,1933.2318008742488
61795,1933.2318008742488
61796,1933.2318008742488
61797,1933.2318008742488
61798,1933.2318008742488
61799,1933.2318008742488
61800,1933.2318008742488
61801,1933.2318008742488
61802,1933.2318008742488
61803,1933.2318008742488
61804,1933.2318008742488
61805,1933.2318008742488
61806,1933.2318008742488
61807,1933.2318008742488
61808,1933.2318008742488
61809,1933.2318008742488
61810,1933.2318008742488
61811,1933.2318008742488
61812,1933.2318008742488
61813,1933.2318008742488
61814,1933.2318008742488
61815,1933.2318008742488
61816,1933.2318008742488
61817,1933.2318008742488
61818,1933.2318008742488
61819,1933.2318008742488
61820,1933.2318008742488
61821,1933.2318008742488
61822,1933.2318008742488
61823,1933.2318008742488
61824,1933.2318008742488
61825,1933.2318008742488
61826,1933.2318008742488
61827,1933.2318008742488
61828,1933.2318008742488
61829,1933.2318008742488
61830,1933.2318008742488
61831,1933.2318008742488
61832,1933.2318008742488
61833,1933.2318008742488
61834,1933.2318008742488
61835,1933.2318008742488
61836,1933.2318008742488
61837,1933.2318008742488
61838,1933.2318008742488
61839,1933.2318008742488
61840,1933.2318008742488
61841,1933.2318008742488
61842,1933.2318008742488
61843,1933.2318008742488
61844,1933.2318008742488
61845,1933.2318008742488
61846,1933.2318008742488
61847,1933.2318008742488
61848,1933.2318008742488
61849,1933.2318008742488
61850,1933.2318008742488
61851,1933.2318008742488
61852,1933.2318008742488
61853,1933.2318008742488
61854,1933.2318008742488
61855,1933.2318008742488
61856,1933.2318008742488
61857,1933.2318008742488
61858,1933.2318008742488
61859,1933.2318008742488
61860,1933.2318008742488
61861,1933.2318008742488
61862,1933.2318008742488
61863,1933.2318008742488
61864,1933.2318008742488
61865,1933.2318008742488
61866,1933.2318008742488
61867,1933.2318008742488
61868,1933.2318008742488
61869,1933.2318008742488
61870,1933.2318008742488
61871,1933.2318008742488
61872,1933.2318008742488
61873,1933.2318008742488
61874,1933.2318008742488
61875,1933.2318008742488
61876,1933.2318008742488
61877,1933.2318008742488
61878,1933.2318008742488
61879,1933.2318008742488
61880,1933.2318008742488
61881,1933.2318008742488
61882,1933.2318008742488
61883,1933.2318008742488
61884,1933.2318008742488
61885,1933.2318008742488
61886,1933.2318008742488
61887,1933.2318008742488
61888,1933.2318008742488
61889,1933.2318008742488
61890,1933.2318008742488
61891,1933.2318008742488
61892,1933.2318008742488
61893,1933.2318008742488
61894,1933.2318008742488
61895,1933.2318008742488
61896,1933.2318008742488
61897,1933.2318008742488
61898,1933.2318008742488
61899,1933.2318008742488
61900,1933.2318008742488
61901,1933.2318008742488
61902,1933.2318008742488
61903,1933.2318008742488
61904,1933.2318008742488
61905,1933.2318008742488
61906,1933.2318008742488
61907,1933.2318008742488
61908,1933.2318008742488
61909,1933.2318008742488
61910,1933.2318008742488
61911,1933.2318008742488
61912,1933.2318008742488
61913,1933.2318008742488
61914,1933.2318008742488
61915,1933.2318008742488
61916,1933.2318008742488
61917,1933.2318008742488
61918,1933.2318008742488
61919,1933.2318008742488
61920,1933.2318008742488
61921,1933.2318008742488
61922,1933.2318008742488
61923,1933.2318008742488
61924,1933.2318008742488
61925,1933.2318008742488
61926,1933.2318008742488
61927,1933.2318008742488
61928,1933.2318008742488
61929,1933.2318008742488
61930,1933.2318008742488
61931,1933.2318008742488
61932,1933.2318008742488
61933,1933.2318008742488
61934,1933.2318008742488
61935,1933.2318008742488
61936,1933.2318008742488
61937,1933.2318008742488
61938,1933.2318008742488
61939,1933.2318008742488
61940,1933.2318008742488
61941,1933.2318008742488
61942,1933.2318008742488
61943,1933.2318008742488
61944,1933.2318008742488
61945,1933.2318008742488
61946,1933.2318008742488
61947,1933.2318008742488
61948,1933.2318008742488
61949,1933.2318008742488
61950,1933.2318008742488
61951,1933.2318008742488
61952,1933.2318008742488
61953,1933.2318008742488
61954,1933.2318008742488
61955,1933.2318008742488
61956,1933.2318008742488
61957,1933.2318008742488
61958,1933.2318008742488
61959,1933.2318008742488
61960,1933.2318008742488
61961,1933.2318008742488
61962,1933.2318008742488
61963,1933.2318008742488
61964,1933.2318008742488
61965,1933.2318008742488
61966,1933.2318008742488
61967,1933.2318008742488
61968,1933.2318008742488
61969,1933.2318008742488
61970,1933.2318008742488
61971,1933.2318008742488
61972,1933.2318008742488
61973,1933.2318008742488
61974,1933.2318008742488
61975,1933.2318008742488
61976,1933.2318008742488
61977,1933.2318008742488
61978,1933.2318008742488
61979,1933.2318008742488
61980,1933.2318008742488
61981,1933.2318008742488
61982,1933.2318008742488
61983,1933.2318008742488
61984,1933.2318008742488
61985,1933.2318008742488
61986,1933.2318008742488
61987,1933.2318008742488
61988,1933.2318008742488
61989,1933.2318008742488
61990,1933.2318008742488
61991,1933.2318008742488
61992,1933.2318008742488
61993,1933.2318008742488
61994,1933.2318008742488
61995,1933.2318008742488
61996,1933.2318008742488
61997,1933.2318008742488
61998,1933.2318008742488
61999,1933.2318008742488
62000,1933.2318008742488
62001,1933.2318008742488
62002,1933.2318008742488
62003,1933.2318008742488
62004,1933.2318008742488
62005,1933.2318008742488
62006,1933.2318008742488
62007,1933.2318008742488
62008,1933.2318008742488
62009,1933.2318008742488
62010,1933.2318008742488
62011,1933.2318008742488
62012,1933.2318008742488
62013,1933.2318008742488
62014,1933.2318008742488
62015,1933.2318008742488
62016,1933.2318008742488
62017,1933.2318008742488
62018,1933.2318008742488
62019,1933.2318008742488
62020,1933.2318008742488
62021,1933.2318008742488
62022,1933.2318008742488
62023,1933.2318008742488
62024,1933.2318008742488
62025,1933.2318008742488
62026,1933.2318008742488
62027,1933.2318008742488
62028,1933.2318008742488
62029,1933.2318008742488
62030,1933.2318008742488
62031,1933.2318008742488
62032,1933.2318008742488
62033,1933.2318008742488
62034,1933.2318008742488
62035,1933.2318008742488
62036,1933.2318008742488
62037,1933.2318008742488
62038,1933.2318008742488
62039,1933.2318008742488
62040,1933.2318008742488
62041,1933.2318008742488
62042,1933.2318008742488
62043,1933.2318008742488
62044,1933.2318008742488
62045,1933.2318008742488
62046,1933.2318008742488
62047,1933.2318008742488
62048,1933.2318008742488
62049,1933.2318008742488
62050,1933.2318008742488
62051,1933.2318008742488
62052,1933.2318008742488
62053,1933.2318008742488
62054,1933.2318008742488
62055,1933.2318008742488
62056,1933.2318008742488
62057,1933.2318008742488
62058,1933.2318008742488
62059,1933.2318008742488
62060,1933.2318008742488
62061,1933.2318008742488
62062,1933.2318008742488
62063,1933.2318008742488
62064,1933.2318008742488
62065,1933.2318008742488
62066,1933.2318008742488
62067,1933.2318008742488
62068,1933.2318008742488
62069,1933.2318008742488
62070,1933.2318008742488
62071,1933.2318008742488
62072,1933.2318008742488
62073,1933.2318008742488
62074,1933.2318008742488
62075,1933.2318008742488
62076,1933.2318008742488
62077,1933.2318008742488
62078,1933.2318008742488
62079,1933.2318008742488
62080,1933.2318008742488
62081,1933.2318008742488
62082,1933.2318008742488
62083,1933.2318008742488
62084,1933.2318008742488
62085,1933.2318008742488
62086,1933.2318008742488
62087,1933.2318008742488
62088,1933.2318008742488
62089,1933.2318008742488
62090,1933.2318008742488
62091,1933.2318008742488
62092,1933.2318008742488
62093,1933.2318008742488
62094,1933.2318008742488
62095,1933.2318008742488
62096,1933.2318008742488
62097,1933.2318008742488
62098,1933.2318008742488
62099,1933.2318008742488
62100,1933.2318008742488
62101,1933.2318008742488
62102,1933.2318008742488
62103,1933.2318008742488
62104,1933.2318008742488
62105,1933.2318008742488
62106,1933.2318008742488
62107,1933.2318008742488
62108,1933.2318008742488
62109,1933.2318008742488
62110,1933.2318008742488
62111,1933.2318008742488
62112,1933.2318008742488
62113,1933.2318008742488
62114,1933.2318008742488
62115,1933.2318008742488
62116,1933.2318008742488
62117,1933.2318008742488
62118,1933.2318008742488
62119,1933.2318008742488
62120,1933.2318008742488
62121,1933.2318008742488
62122,1933.2318008742488
62123,1933.2318008742488
62124,1933.2318008742488
62125,1933.2318008742488
62126,1933.2318008742488
62127,1933.2318008742488
62128,1933.2318008742488
62129,1933.2318008742488
62130,1933.2318008742488
62131,1933.2318008742488
62132,1933.2318008742488
62133,1933.2318008742488
62134,1933.2318008742488
62135,1933.2318008742488
62136,1933.2318008742488
62137,1933.2318008742488
62138,1933.2318008742488
62139,1933.2318008742488
62140,1933.2318008742488
62141,1933.2318008742488
62142,1933.2318008742488
62143,1933.2318008742488
62144,1933.2318008742488
62145,1933.2318008742488
62146,1933.2318008742488
62147,1933.2318008742488
62148,1933.2318008742488
62149,1933.2318008742488
62150,1933.2318008742488
62151,1933.2318008742488
62152,1933.2318008742488
62153,1933.2318008742488
62154,1933.2318008742488
62155,1933.2318008742488
62156,1933.2318008742488
62157,1933.2318008742488
62158,1933.2318008742488
62159,1933.2318008742488
62160,1933.2318008742488
62161,1933.2318008742488
62162,1933.2318008742488
62163,1933.2318008742488
62164,1933.2318008742488
62165,1933.2318008742488
62166,1933.2318008742488
62167,1933.2318008742488
62168,1933.2318008742488
62169,1933.2318008742488
62170,1933.2318008742488
62171,1933.2318008742488
62172,1933.2318008742488
62173,1933.2318008742488
62174,1933.2318008742488
62175,1933.2318008742488
62176,1933.2318008742488
62177,1933.2318008742488
62178,1933.2318008742488
62179,1933.2318008742488
62180,1933.2318008742488
62181,1933.2318008742488
62182,1933.2318008742488
62183,1933.2318008742488
62184,1933.2318008742488
62185,1933.2318008742488
62186,1933.2318008742488
62187,1933.2318008742488
62188,1933.2318008742488
62189,1933.2318008742488
62190,1933.2318008742488
62191,1933.2318008742488
62192,1933.2318008742488
62193,1933.2318008742488
62194,1933.2318008742488
62195,1933.2318008742488
62196,1933.2318008742488
62197,1933.2318008742488
62198,1933.2318008742488
62199,1933.2318008742488
62200,1933.2318008742488
62201,1933.2318008742488
62202,1933.2318008742488
62203,1933.2318008742488
62204,1933.2318008742488
62205,1933.2318008742488
62206,1933.2318008742488
62207,1933.2318008742488
62208,1933.2318008742488
62209,1933.2318008742488
62210,1933.2318008742488
62211,1933.2318008742488
62212,1933.2318008742488
62213,1933.2318008742488
62214,1933.2318008742488
62215,1933.2318008742488
62216,1933.2318008742488
62217,1933.2318008742488
62218,1933.2318008742488
62219,1933.2318008742488
62220,1933.2318008742488
62221,1933.2318008742488
62222,1933.2318008742488
62223,1933.2318008742488
62224,1933.2318008742488
62225,1933.2318008742488
62226,1933.2318008742488
62227,1933.2318008742488
62228,1933.2318008742488
62229,1933.2318008742488
62230,1933.2318008742488
62231,1933.2318008742488
62232,1933.2318008742488
62233,1933.2318008742488
62234,1933.2318008742488
62235,1933.2318008742488
62236,1933.2318008742488
62237,1933.2318008742488
62238,1933.2318008742488
62239,1933.2318008742488
62240,1933.2318008742488
62241,1933.2318008742488
62242,1933.2318008742488
62243,1933.2318008742488
62244,1933.2318008742488
62245,1933.2318008742488
62246,1933.2318008742488
62247,1933.2318008742488
62248,1933.2318008742488
62249,1933.2318008742488
62250,1933.2318008742488
62251,1933.2318008742488
62252,1933.2318008742488
62253,1933.2318008742488
62254,1933.2318008742488
62255,1933.2318008742488
62256,1933.2318008742488
62257,1933.2318008742488
62258,1933.2318008742488
62259,1933.2318008742488
62260,1933.2318008742488
62261,1933.2318008742488
62262,1933.2318008742488
62263,1933.2318008742488
62264,1933.2318008742488
62265,1933.2318008742488
62266,1933.2318008742488
62267,1933.2318008742488
62268,1933.2318008742488
62269,1933.2318008742488
62270,1933.2318008742488
62271,1933.2318008742488
62272,1933.2318008742488
62273,1933.2318008742488
62274,1933.2318008742488
62275,1933.2318008742488
62276,1933.2318008742488
62277,1933.2318008742488
62278,1933.2318008742488
62279,1933.2318008742488
62280,1933.2318008742488
62281,1933.2318008742488
62282,1933.2318008742488
62283,1933.2318008742488
62284,1933.2318008742488
62285,1933.2318008742488
62286,1933.2318008742488
62287,1933.2318008742488
62288,1933.2318008742488
62289,1933.2318008742488
62290,1933.2318008742488
62291,1933.2318008742488
62292,1933.2318008742488
62293,1933.2318008742488
62294,1933.2318008742488
62295,1933.2318008742488
62296,1933.2318008742488
62297,1933.2318008742488
62298,1933.2318008742488
62299,1933.2318008742488
62300,1933.2318008742488
62301,1933.2318008742488
62302,1933.2318008742488
62303,1933.2318008742488
62304,1933.2318008742488
62305,1933.2318008742488
62306,1933.2318008742488
62307,1933.2318008742488
62308,1933.2318008742488
62309,1933.2318008742488
62310,1933.2318008742488
62311,1933.2318008742488
62312,1933.2318008742488
62313,1933.2318008742488
62314,1933.2318008742488
62315,1933.2318008742488
62316,1933.2318008742488
62317,1933.2318008742488
62318,1933.2318008742488
62319,1933.2318008742488
62320,1933.2318008742488
62321,1933.2318008742488
62322,1933.2318008742488
62323,1933.2318008742488
62324,1933.2318008742488
62325,1933.2318008742488
62326,1933.2318008742488
62327,1933.2318008742488
62328,1933.2318008742488
62329,1933.2318008742488
62330,1933.2318008742488
62331,1933.2318008742488
62332,1933.2318008742488
62333,1933.2318008742488
62334,1933.2318008742488
62335,1933.2318008742488
62336,1933.2318008742488
62337,1933.2318008742488
62338,1933.2318008742488
62339,1933.2318008742488
62340,1933.2318008742488
62341,1933.2318008742488
62342,1933.2318008742488
62343,1933.2318008742488
62344,1933.2318008742488
62345,1933.2318008742488
62346,1933.2318008742488
62347,1933.2318008742488
62348,1933.2318008742488
62349,1933.2318008742488
62350,1933.2318008742488
62351,1933.2318008742488
62352,1933.2318008742488
62353,1933.2318008742488
62354,1933.2318008742488
62355,1933.2318008742488
62356,1933.2318008742488
62357,1933.2318008742488
62358,1933.2318008742488
62359,1933.2318008742488
62360,1933.2318008742488
62361,1933.2318008742488
62362,1933.2318008742488
62363,1933.2318008742488
62364,1933.2318008742488
62365,1933.2318008742488
62366,1933.2318008742488
62367,1933.2318008742488
62368,1933.2318008742488
62369,1933.2318008742488
62370,1933.2318008742488
62371,1933.2318008742488
62372,1933.2318008742488
62373,1933.2318008742488
62374,1933.2318008742488
62375,1933.2318008742488
62376,1933.2318008742488
62377,1933.2318008742488
62378,1933.2318008742488
62379,1933.2318008742488
62380,1933.2318008742488
62381,1933.2318008742488
62382,1933.2318008742488
62383,1933.2318008742488
62384,1933.2318008742488
62385,1933.2318008742488
62386,1933.2318008742488
62387,1933.2318008742488
62388,1933.2318008742488
62389,1933.2318008742488
62390,1933.2318008742488
62391,1933.2318008742488
62392,1933.2318008742488
62393,1933.2318008742488
62394,1933.2318008742488
62395,1933.2318008742488
62396,1933.2318008742488
62397,1933.2318008742488
62398,1933.2318008742488
62399,1933.2318008742488
62400,1933.2318008742488
62401,1933.2318008742488
62402,1933.2318008742488
62403,1933.2318008742488
62404,1933.2318008742488
62405,1933.2318008742488
62406,1933.2318008742488
62407,1933.2318008742488
62408,1933.2318008742488
62409,1933.2318008742488
62410,1933.2318008742488
62411,1933.2318008742488
62412,1933.2318008742488
62413,1933.2318008742488
62414,1933.2318008742488
62415,1933.2318008742488
62416,1933.2318008742488
62417,1933.2318008742488
62418,1933.2318008742488
62419,1933.2318008742488
62420,1933.2318008742488
62421,1933.2318008742488
62422,1933.2318008742488
62423,1933.2318008742488
62424,1933.2318008742488
62425,1933.2318008742488
62426,1933.2318008742488
62427,1933.2318008742488
62428,1933.2318008742488
62429,1933.2318008742488
62430,1933.2318008742488
62431,1933.2318008742488
62432,1933.2318008742488
62433,1933.2318008742488
62434,1933.2318008742488
62435,1933.2318008742488
62436,1933.2318008742488
62437,1933.2318008742488
62438,1933.2318008742488
62439,1933.2318008742488
62440,1933.2318008742488
62441,1933.2318008742488
62442,1933.2318008742488
62443,1933.2318008742488
62444,1933.2318008742488
62445,1933.2318008742488
62446,1933.2318008742488
62447,1933.2318008742488
62448,1933.2318008742488
62449,1933.2318008742488
62450,1933.2318008742488
62451,1933.2318008742488
62452,1933.2318008742488
62453,1933.2318008742488
62454,1933.2318008742488
62455,1933.2318008742488
62456,1933.2318008742488
62457,1933.2318008742488
62458,1933.2318008742488
62459,1933.2318008742488
62460,1933.2318008742488
62461,1933.2318008742488
62462,1933.2318008742488
62463,1933.2318008742488
62464,1933.2318008742488
62465,1933.2318008742488
62466,1933.2318008742488
62467,1933.2318008742488
62468,1933.2318008742488
62469,1933.2318008742488
62470,1933.2318008742488
62471,1933.2318008742488
62472,1933.2318008742488
62473,1933.2318008742488
62474,1933.2318008742488
62475,1933.2318008742488
62476,1933.2318008742488
62477,1933.2318008742488
62478,1933.2318008742488
62479,1933.2318008742488
62480,1933.2318008742488
62481,1933.2318008742488
62482,1933.2318008742488
62483,1933.2318008742488
62484,1933.2318008742488
62485,1933.2318008742488
62486,1933.2318008742488
62487,1933.2318008742488
62488,1933.2318008742488
62489,1933.2318008742488
62490,1933.2318008742488
62491,1933.2318008742488
62492,1933.2318008742488
62493,1933.2318008742488
62494,1933.2318008742488
62495,1933.2318008742488
62496,1933.2318008742488
62497,1933.2318008742488
62498,1933.2318008742488
62499,1933.2318008742488
62500,1933.2318008742488
62501,1933.2318008742488
62502,1933.2318008742488
62503,1933.2318008742488
62504,1933.2318008742488
62505,1933.2318008742488
62506,1933.2318008742488
62507,1933.2318008742488
62508,1933.2318008742488
62509,1933.2318008742488
62510,1933.2318008742488
62511,1933.2318008742488
62512,1933.2318008742488
62513,1933.2318008742488
62514,1933.2318008742488
62515,1933.2318008742488
62516,1933.2318008742488
62517,1933.2318008742488
62518,1933.2318008742488
62519,1933.2318008742488
62520,1933.2318008742488
62521,1933.2318008742488
62522,1933.2318008742488
62523,1933.2318008742488
62524,1933.2318008742488
62525,1933.2318008742488
62526,1933.2318008742488
62527,1933.2318008742488
62528,1933.2318008742488
62529,1933.2318008742488
62530,1933.2318008742488
62531,1933.2318008742488
62532,1933.2318008742488
62533,1933.2318008742488
62534,1933.2318008742488
62535,1933.2318008742488
62536,1933.2318008742488
62537,1933.2318008742488
62538,1933.2318008742488
62539,1933.2318008742488
62540,1933.2318008742488
62541,1933.2318008742488
62542,1933.2318008742488
62543,1933.2318008742488
62544,1933.2318008742488
62545,1933.2318008742488
62546,1933.2318008742488
62547,1933.2318008742488
62548,1933.2318008742488
62549,1933.2318008742488
62550,1933.2318008742488
62551,1933.2318008742488
62552,1933.2318008742488
62553,1933.2318008742488
62554,1933.2318008742488
62555,1933.2318008742488
62556,1933.2318008742488
62557,1933.2318008742488
62558,1933.2318008742488
62559,1933.2318008742488
62560,1933.2318008742488
62561,1933.2318008742488
62562,1933.2318008742488
62563,1933.2318008742488
62564,1933.2318008742488
62565,1933.2318008742488
62566,1933.2318008742488
62567,1933.2318008742488
62568,1933.2318008742488
62569,1933.2318008742488
62570,1933.2318008742488
62571,1933.2318008742488
62572,1933.2318008742488
62573,1933.2318008742488
62574,1933.2318008742488
62575,1933.2318008742488
62576,1933.2318008742488
62577,1933.2318008742488
62578,1933.2318008742488
62579,1933.2318008742488
62580,1933.2318008742488
62581,1933.2318008742488
62582,1933.2318008742488
62583,1933.2318008742488
62584,1933.2318008742488
62585,1933.2318008742488
62586,1933.2318008742488
62587,1933.2318008742488
62588,1933.2318008742488
62589,1933.2318008742488
62590,1933.2318008742488
62591,1933.2318008742488
62592,1933.2318008742488
62593,1933.2318008742488
62594,1933.2318008742488
62595,1933.2318008742488
62596,1933.2318008742488
62597,1933.2318008742488
62598,1933.2318008742488
62599,1933.2318008742488
62600,1933.2318008742488
62601,1933.2318008742488
62602,1933.2318008742488
62603,1933.2318008742488
62604,1933.2318008742488
62605,1933.2318008742488
62606,1933.2318008742488
62607,1933.2318008742488
62608,1933.2318008742488
62609,1933.2318008742488
62610,1933.2318008742488
62611,1933.2318008742488
62612,1933.2318008742488
62613,1933.2318008742488
62614,1933.2318008742488
62615,1933.2318008742488
62616,1933.2318008742488
62617,1933.2318008742488
62618,1933.2318008742488
62619,1933.2318008742488
62620,1933.2318008742488
62621,1933.2318008742488
62622,1933.2318008742488
62623,1933.2318008742488
62624,1933.2318008742488
62625,1933.2318008742488
62626,1933.2318008742488
62627,1933.2318008742488
62628,1933.2318008742488
62629,1933.2318008742488
62630,1933.2318008742488
62631,1933.2318008742488
62632,1933.2318008742488
62633,1933.2318008742488
62634,1933.2318008742488
62635,1933.2318008742488
62636,1933.2318008742488
62637,1933.2318008742488
62638,1933.2318008742488
62639,1933.2318008742488
62640,1933.2318008742488
62641,1933.2318008742488
62642,1933.2318008742488
62643,1933.2318008742488
62644,1933.2318008742488
62645,1933.2318008742488
62646,1933.2318008742488
62647,1933.2318008742488
62648,1933.2318008742488
62649,1933.2318008742488
62650,1933.2318008742488
62651,1933.2318008742488
62652,1933.2318008742488
62653,1933.2318008742488
62654,1933.2318008742488
62655,1933.2318008742488
62656,1933.2318008742488
62657,1933.2318008742488
62658,1933.2318008742488
62659,1933.2318008742488
62660,1933.2318008742488
62661,1933.2318008742488
62662,1933.2318008742488
62663,1933.2318008742488
62664,1933.2318008742488
62665,1933.2318008742488
62666,1933.2318008742488
62667,1933.2318008742488
62668,1933.2318008742488
62669,1933.2318008742488
62670,1933.2318008742488
62671,1933.2318008742488
62672,1933.2318008742488
62673,1933.2318008742488
62674,1933.2318008742488
62675,1933.2318008742488
62676,1933.2318008742488
62677,1933.2318008742488
62678,1933.2318008742488
62679,1933.2318008742488
62680,1933.2318008742488
62681,1933.2318008742488
62682,1933.2318008742488
62683,1933.2318008742488
62684,1933.2318008742488
62685,1933.2318008742488
62686,1933.2318008742488
62687,1933.2318008742488
62688,1933.2318008742488
62689,1933.2318008742488
62690,1933.2318008742488
62691,1933.2318008742488
62692,1933.2318008742488
62693,1933.2318008742488
62694,1933.2318008742488
62695,1933.2318008742488
62696,1933.2318008742488
62697,1933.2318008742488
62698,1933.2318008742488
62699,1933.2318008742488
62700,1933.2318008742488
62701,1933.2318008742488
62702,1933.2318008742488
62703,1933.2318008742488
62704,1933.2318008742488
62705,1933.2318008742488
62706,1933.2318008742488
62707,1933.2318008742488
62708,1933.2318008742488
62709,1933.2318008742488
62710,1933.2318008742488
62711,1933.2318008742488
62712,1933.2318008742488
62713,1933.2318008742488
62714,1933.2318008742488
62715,1933.2318008742488
62716,1933.2318008742488
62717,1933.2318008742488
62718,1933.2318008742488
62719,1933.2318008742488
62720,1933.2318008742488
62721,1933.2318008742488
62722,1933.2318008742488
62723,1933.2318008742488
62724,1933.2318008742488
62725,1933.2318008742488
62726,1933.2318008742488
62727,1933.2318008742488
62728,1933.2318008742488
62729,1933.2318008742488
62730,1933.2318008742488
62731,1933.2318008742488
62732,1933.2318008742488
62733,1933.2318008742488
62734,1933.2318008742488
62735,1933.2318008742488
62736,1933.2318008742488
62737,1933.2318008742488
62738,1933.2318008742488
62739,1933.2318008742488
62740,1933.2318008742488
62741,1933.2318008742488
62742,1933.2318008742488
62743,1933.2318008742488
62744,1933.2318008742488
62745,1933.2318008742488
62746,1933.2318008742488
62747,1933.2318008742488
62748,1933.2318008742488
62749,1933.2318008742488
62750,1933.2318008742488
62751,1933.2318008742488
62752,1933.2318008742488
62753,1933.2318008742488
62754,1933.2318008742488
62755,1933.2318008742488
62756,1933.2318008742488
62757,1933.2318008742488
62758,1933.2318008742488
62759,1933.2318008742488
62760,1933.2318008742488
62761,1933.2318008742488
62762,1933.2318008742488
62763,1933.2318008742488
62764,1933.2318008742488
62765,1933.2318008742488
62766,1933.2318008742488
62767,1933.2318008742488
62768,1933.2318008742488
62769,1933.2318008742488
62770,1933.2318008742488
62771,1933.2318008742488
62772,1933.2318008742488
62773,1933.2318008742488
62774,1933.2318008742488
62775,1933.2318008742488
62776,1933.2318008742488
62777,1933.2318008742488
62778,1933.2318008742488
62779,1933.2318008742488
62780,1933.2318008742488
62781,1933.2318008742488
62782,1933.2318008742488
62783,1933.2318008742488
62784,1933.2318008742488
62785,1933.2318008742488
62786,1933.2318008742488
62787,1933.2318008742488
62788,1933.2318008742488
62789,1933.2318008742488
62790,1933.2318008742488
62791,1933.2318008742488
62792,1933.2318008742488
62793,1933.2318008742488
62794,1933.2318008742488
62795,1933.2318008742488
62796,1933.2318008742488
62797,1933.2318008742488
62798,1933.2318008742488
62799,1933.2318008742488
62800,1933.2318008742488
62801,1933.2318008742488
62802,1933.2318008742488
62803,1933.2318008742488
62804,1933.2318008742488
62805,1933.2318008742488
62806,1933.2318008742488
62807,1933.2318008742488
62808,1933.2318008742488
62809,1933.2318008742488
62810,1933.2318008742488
62811,1933.2318008742488
62812,1933.2318008742488
62813,1933.2318008742488
62814,1933.2318008742488
62815,1933.2318008742488
62816,1933.2318008742488
62817,1933.2318008742488
62818,1933.2318008742488
62819,1933.2318008742488
62820,1933.2318008742488
62821,1933.2318008742488
62822,1933.2318008742488
62823,1933.2318008742488
62824,1933.2318008742488
62825,1933.2318008742488
62826,1933.2318008742488
62827,1933.2318008742488
62828,1933.2318008742488
62829,1933.2318008742488
62830,1933.2318008742488
62831,1933.2318008742488
62832,1933.2318008742488
62833,1933.2318008742488
62834,1933.2318008742488
62835,1933.2318008742488
62836,1933.2318008742488
62837,1933.2318008742488
62838,1933.2318008742488
62839,1933.2318008742488
62840,1933.2318008742488
62841,1933.2318008742488
62842,1933.2318008742488
62843,1933.2318008742488
62844,1933.2318008742488
62845,1933.2318008742488
62846,1933.2318008742488
62847,1933.2318008742488
62848,1933.2318008742488
62849,1933.2318008742488
62850,1933.2318008742488
62851,1933.2318008742488
62852,1933.2318008742488
62853,1933.2318008742488
62854,1933.2318008742488
62855,1933.2318008742488
62856,1933.2318008742488
62857,1933.2318008742488
62858,1933.2318008742488
62859,1933.2318008742488
62860,1933.2318008742488
62861,1933.2318008742488
62862,1933.2318008742488
62863,1933.2318008742488
62864,1933.2318008742488
62865,1933.2318008742488
62866,1933.2318008742488
62867,1933.2318008742488
62868,1933.2318008742488
62869,1933.2318008742488
62870,1933.2318008742488
62871,1933.2318008742488
62872,1933.2318008742488
62873,1933.2318008742488
62874,1933.2318008742488
62875,1933.2318008742488
62876,1933.2318008742488
62877,1933.2318008742488
62878,1933.2318008742488
62879,1933.2318008742488
62880,1933.2318008742488
62881,1933.2318008742488
62882,1933.2318008742488
62883,1933.2318008742488
62884,1933.2318008742488
62885,1933.2318008742488
62886,1933.2318008742488
62887,1933.2318008742488
62888,1933.2318008742488
62889,1933.2318008742488
62890,1933.2318008742488
62891,1933.2318008742488
62892,1933.2318008742488
62893,1933.2318008742488
62894,1933.2318008742488
62895,1933.2318008742488
62896,1933.2318008742488
62897,1933.2318008742488
62898,1933.2318008742488
62899,1933.2318008742488
62900,1933.2318008742488
62901,1933.2318008742488
62902,1933.2318008742488
62903,1933.2318008742488
62904,1933.2318008742488
62905,1933.2318008742488
62906,1933.2318008742488
62907,1933.2318008742488
62908,1933.2318008742488
62909,1933.2318008742488
62910,1933.2318008742488
62911,1933.2318008742488
62912,1933.2318008742488
62913,1933.2318008742488
62914,1933.2318008742488
62915,1933.2318008742488
62916,1933.2318008742488
62917,1933.2318008742488
62918,1933.2318008742488
62919,1933.2318008742488
62920,1933.2318008742488
62921,1933.2318008742488
62922,1933.2318008742488
62923,1933.2318008742488
62924,1933.2318008742488
62925,1933.2318008742488
62926,1933.2318008742488
62927,1933.2318008742488
62928,1933.2318008742488
62929,1933.2318008742488
62930,1933.2318008742488
62931,1933.2318008742488
62932,1933.2318008742488
62933,1933.2318008742488
62934,1933.2318008742488
62935,1933.2318008742488
62936,1933.2318008742488
62937,1933.2318008742488
62938,1933.2318008742488
62939,1933.2318008742488
62940,1933.2318008742488
62941,1933.2318008742488
62942,1933.2318008742488
62943,1933.2318008742488
62944,1933.2318008742488
62945,1933.2318008742488
62946,1933.2318008742488
62947,1933.2318008742488
62948,1933.2318008742488
62949,1933.2318008742488
62950,1933.2318008742488
62951,1933.2318008742488
62952,1933.2318008742488
62953,1933.2318008742488
62954,1933.2318008742488
62955,1933.2318008742488
62956,1933.2318008742488
62957,1933.2318008742488
62958,1933.2318008742488
62959,1933.2318008742488
62960,1933.2318008742488
62961,1933.2318008742488
62962,1933.2318008742488
62963,1933.2318008742488
62964,1933.2318008742488
62965,1933.2318008742488
62966,1933.2318008742488
62967,1933.2318008742488
62968,1933.2318008742488
62969,1933.2318008742488
62970,1933.2318008742488
62971,1933.2318008742488
62972,1933.2318008742488
62973,1933.2318008742488
62974,1933.2318008742488
62975,1933.2318008742488
62976,1933.2318008742488
62977,1933.2318008742488
62978,1933.2318008742488
62979,1933.2318008742488
62980,1933.2318008742488
62981,1933.2318008742488
62982,1933.2318008742488
62983,1933.2318008742488
62984,1933.2318008742488
62985,1933.2318008742488
62986,1933.2318008742488
62987,1933.2318008742488
62988,1933.2318008742488
62989,1933.2318008742488
62990,1933.2318008742488
62991,1933.2318008742488
62992,1933.2318008742488
62993,1933.2318008742488
62994,1933.2318008742488
62995,1933.2318008742488
62996,1933.2318008742488
62997,1933.2318008742488
62998,1933.2318008742488
62999,1933.2318008742488
63000,1933.2318008742488
63001,1933.2318008742488
63002,1933.2318008742488
63003,1933.2318008742488
63004,1933.2318008742488
63005,1933.2318008742488
63006,1933.2318008742488
63007,1933.2318008742488
63008,1933.2318008742488
63009,1933.2318008742488
63010,1933.2318008742488
63011,1933.2318008742488
63012,1933.2318008742488
63013,1933.2318008742488
63014,1933.2318008742488
63015,1933.2318008742488
63016,1933.2318008742488
63017,1933.2318008742488
63018,1933.2318008742488
63019,1933.2318008742488
63020,1933.2318008742488
63021,1933.2318008742488
63022,1933.2318008742488
63023,1933.2318008742488
63024,1933.2318008742488
63025,1933.2318008742488
63026,1933.2318008742488
63027,1933.2318008742488
63028,1933.2318008742488
63029,1933.2318008742488
63030,1933.2318008742488
63031,1933.2318008742488
63032,1933.2318008742488
63033,1933.2318008742488
63034,1933.2318008742488
63035,1933.2318008742488
63036,1933.2318008742488
63037,1933.2318008742488
63038,1933.2318008742488
63039,1933.2318008742488
63040,1933.2318008742488
63041,1933.2318008742488
63042,1933.2318008742488
63043,1933.2318008742488
63044,1933.2318008742488
63045,1933.2318008742488
63046,1933.2318008742488
63047,1933.2318008742488
63048,1933.2318008742488
63049,1933.2318008742488
63050,1933.2318008742488
63051,1933.2318008742488
63052,1933.2318008742488
63053,1933.2318008742488
63054,1933.2318008742488
63055,1933.2318008742488
63056,1933.2318008742488
63057,1933.2318008742488
63058,1933.2318008742488
63059,1933.2318008742488
63060,1933.2318008742488
63061,1933.2318008742488
63062,1933.2318008742488
63063,1933.2318008742488
63064,1933.2318008742488
63065,1933.2318008742488
63066,1933.2318008742488
63067,1933.2318008742488
63068,1933.2318008742488
63069,1933.2318008742488
63070,1933.2318008742488
63071,1933.2318008742488
63072,1933.2318008742488
63073,1933.2318008742488
63074,1933.2318008742488
63075,1933.2318008742488
63076,1933.2318008742488
63077,1933.2318008742488
63078,1933.2318008742488
63079,1933.2318008742488
63080,1933.2318008742488
63081,1933.2318008742488
63082,1933.2318008742488
63083,1933.2318008742488
63084,1933.2318008742488
63085,1933.2318008742488
63086,1933.2318008742488
63087,1933.2318008742488
63088,1933.2318008742488
63089,1933.2318008742488
63090,1933.2318008742488
63091,1933.2318008742488
63092,1933.2318008742488
63093,1933.2318008742488
63094,1933.2318008742488
63095,1933.2318008742488
63096,1933.2318008742488
63097,1933.2318008742488
63098,1933.2318008742488
63099,1933.2318008742488
63100,1933.2318008742488
63101,1933.2318008742488
63102,1933.2318008742488
63103,1933.2318008742488
63104,1933.2318008742488
63105,1933.2318008742488
63106,1933.2318008742488
63107,1933.2318008742488
63108,1933.2318008742488
63109,1933.2318008742488
63110,1933.2318008742488
63111,1933.2318008742488
63112,1933.2318008742488
63113,1933.2318008742488
63114,1933.2318008742488
63115,1933.2318008742488
63116,1933.2318008742488
63117,1933.2318008742488
63118,1933.2318008742488
63119,1933.2318008742488
63120,1933.2318008742488
63121,1933.2318008742488
63122,1933.2318008742488
63123,1933.2318008742488
63124,1933.2318008742488
63125,1933.2318008742488
63126,1933.2318008742488
63127,1933.2318008742488
63128,1933.2318008742488
63129,1933.2318008742488
63130,1933.2318008742488
63131,1933.2318008742488
63132,1933.2318008742488
63133,1933.2318008742488
63134,1933.2318008742488
63135,1933.2318008742488
63136,1933.2318008742488
63137,1933.2318008742488
63138,1933.2318008742488
63139,1933.2318008742488
63140,1933.2318008742488
63141,1933.2318008742488
63142,1933.2318008742488
63143,1933.2318008742488
63144,1933.2318008742488
63145,1933.2318008742488
63146,1933.2318008742488
63147,1933.2318008742488
63148,1933.2318008742488
63149,1933.2318008742488
63150,1933.2318008742488
63151,1933.2318008742488
63152,1933.2318008742488
63153,1933.2318008742488
63154,1933.2318008742488
63155,1933.2318008742488
63156,1933.2318008742488
63157,1933.2318008742488
63158,1933.2318008742488
63159,1933.2318008742488
63160,1933.2318008742488
63161,1933.2318008742488
63162,1933.2318008742488
63163,1933.2318008742488
63164,1933.2318008742488
63165,1933.2318008742488
63166,1933.2318008742488
63167,1933.2318008742488
63168,1933.2318008742488
63169,1933.2318008742488
63170,1933.2318008742488
63171,1933.2318008742488
63172,1933.2318008742488
63173,1933.2318008742488
63174,1933.2318008742488
63175,1933.2318008742488
63176,1933.2318008742488
63177,1933.2318008742488
63178,1933.2318008742488
63179,1933.2318008742488
63180,1933.2318008742488
63181,1933.2318008742488
63182,1933.2318008742488
63183,1933.2318008742488
63184,1933.2318008742488
63185,1933.2318008742488
63186,1933.2318008742488
63187,1933.2318008742488
63188,1933.2318008742488
63189,1933.2318008742488
63190,1933.2318008742488
63191,1933.2318008742488
63192,1933.2318008742488
63193,1933.2318008742488
63194,1933.2318008742488
63195,1933.2318008742488
63196,1933.2318008742488
63197,1933.2318008742488
63198,1933.2318008742488
63199,1933.2318008742488
63200,1933.2318008742488
63201,1933.2318008742488
63202,1933.2318008742488
63203,1933.2318008742488
63204,1933.2318008742488
63205,1933.2318008742488
63206,1933.2318008742488
63207,1933.2318008742488
63208,1933.2318008742488
63209,1933.2318008742488
63210,1933.2318008742488
63211,1933.2318008742488
63212,1933.2318008742488
63213,1933.2318008742488
63214,1933.2318008742488
63215,1933.2318008742488
63216,1933.2318008742488
63217,1933.2318008742488
63218,1933.2318008742488
63219,1933.2318008742488
63220,1933.2318008742488
63221,1933.2318008742488
63222,1933.2318008742488
63223,1933.2318008742488
63224,1933.2318008742488
63225,1933.2318008742488
63226,1933.2318008742488
63227,1933.2318008742488
63228,1933.2318008742488
63229,1933.2318008742488
63230,1933.2318008742488
63231,1933.2318008742488
63232,1933.2318008742488
63233,1933.2318008742488
63234,1933.2318008742488
63235,1933.2318008742488
63236,1933.2318008742488
63237,1933.2318008742488
63238,1933.2318008742488
63239,1933.2318008742488
63240,1933.2318008742488
63241,1933.2318008742488
63242,1933.2318008742488
63243,1933.2318008742488
63244,1933.2318008742488
63245,1933.2318008742488
63246,1933.2318008742488
63247,1933.2318008742488
63248,1933.2318008742488
63249,1933.2318008742488
63250,1933.2318008742488
63251,1933.2318008742488
63252,1933.2318008742488
63253,1933.2318008742488
63254,1933.2318008742488
63255,1933.2318008742488
63256,1933.2318008742488
63257,1933.2318008742488
63258,1933.2318008742488
63259,1933.2318008742488
63260,1933.2318008742488
63261,1933.2318008742488
63262,1933.2318008742488
63263,1933.2318008742488
63264,1933.2318008742488
63265,1933.2318008742488
63266,1933.2318008742488
63267,1933.2318008742488
63268,1933.2318008742488
63269,1933.2318008742488
63270,1933.2318008742488
63271,1933.2318008742488
63272,1933.2318008742488
63273,1933.2318008742488
63274,1933.2318008742488
63275,1933.2318008742488
63276,1933.2318008742488
63277,1933.2318008742488
63278,1933.2318008742488
63279,1933.2318008742488
63280,1933.2318008742488
63281,1933.2318008742488
63282,1933.2318008742488
63283,1933.2318008742488
63284,1933.2318008742488
63285,1933.2318008742488
63286,1933.2318008742488
63287,1933.2318008742488
63288,1933.2318008742488
63289,1933.2318008742488
63290,1933.2318008742488
63291,1933.2318008742488
63292,1933.2318008742488
63293,1933.2318008742488
63294,1933.2318008742488
63295,1933.2318008742488
63296,1933.2318008742488
63297,1933.2318008742488
63298,1933.2318008742488
63299,1933.2318008742488
63300,1933.2318008742488
63301,1933.2318008742488
63302,1933.2318008742488
63303,1933.2318008742488
63304,1933.2318008742488
63305,1933.2318008742488
63306,1933.2318008742488
63307,1933.2318008742488
63308,1933.2318008742488
63309,1933.2318008742488
63310,1933.2318008742488
63311,1933.2318008742488
63312,1933.2318008742488
63313,1933.2318008742488
63314,1933.2318008742488
63315,1933.2318008742488
63316,1933.2318008742488
63317,1933.2318008742488
63318,1933.2318008742488
63319,1933.2318008742488
63320,1933.2318008742488
63321,1933.2318008742488
63322,1933.2318008742488
63323,1933.2318008742488
63324,1933.2318008742488
63325,1933.2318008742488
63326,1933.2318008742488
63327,1933.2318008742488
63328,1933.2318008742488
63329,1933.2318008742488
63330,1933.2318008742488
63331,1933.2318008742488
63332,1933.2318008742488
63333,1933.2318008742488
63334,1933.2318008742488
63335,1933.2318008742488
63336,1933.2318008742488
63337,1933.2318008742488
63338,1933.2318008742488
63339,1933.2318008742488
63340,1933.2318008742488
63341,1933.2318008742488
63342,1933.2318008742488
63343,1933.2318008742488
63344,1933.2318008742488
63345,1933.2318008742488
63346,1933.2318008742488
63347,1933.2318008742488
63348,1933.2318008742488
63349,1933.2318008742488
63350,1933.2318008742488
63351,1933.2318008742488
63352,1933.2318008742488
63353,1933.2318008742488
63354,1933.2318008742488
63355,1933.2318008742488
63356,1933.2318008742488
63357,1933.2318008742488
63358,1933.2318008742488
63359,1933.2318008742488
63360,1933.2318008742488
63361,1933.2318008742488
63362,1933.2318008742488
63363,1933.2318008742488
63364,1933.2318008742488
63365,1933.2318008742488
63366,1933.2318008742488
63367,1933.2318008742488
63368,1933.2318008742488
63369,1933.2318008742488
63370,1933.2318008742488
63371,1933.2318008742488
63372,1933.2318008742488
63373,1933.2318008742488
63374,1933.2318008742488
63375,1933.2318008742488
63376,1933.2318008742488
63377,1933.2318008742488
63378,1933.2318008742488
63379,1933.2318008742488
63380,1933.2318008742488
63381,1933.2318008742488
63382,1933.2318008742488
63383,1933.2318008742488
63384,1933.2318008742488
63385,1933.2318008742488
63386,1933.2318008742488
63387,1933.2318008742488
63388,1933.2318008742488
63389,1933.2318008742488
63390,1933.2318008742488
63391,1933.2318008742488
63392,1933.2318008742488
63393,1933.2318008742488
63394,1933.2318008742488
63395,1933.2318008742488
63396,1933.2318008742488
63397,1933.2318008742488
63398,1933.2318008742488
63399,1933.2318008742488
63400,1933.2318008742488
63401,1933.2318008742488
63402,1933.2318008742488
63403,1933.2318008742488
63404,1933.2318008742488
63405,1933.2318008742488
63406,1933.2318008742488
63407,1933.2318008742488
63408,1933.2318008742488
63409,1933.2318008742488
63410,1933.2318008742488
63411,1933.2318008742488
63412,1933.2318008742488
63413,1933.2318008742488
63414,1933.2318008742488
63415,1933.2318008742488
63416,1933.2318008742488
63417,1933.2318008742488
63418,1933.2318008742488
63419,1933.2318008742488
63420,1933.2318008742488
63421,1933.2318008742488
63422,1933.2318008742488
63423,1933.2318008742488
63424,1933.2318008742488
63425,1933.2318008742488
63426,1933.2318008742488
63427,1933.2318008742488
63428,1933.2318008742488
63429,1933.2318008742488
63430,1933.2318008742488
63431,1933.2318008742488
63432,1933.2318008742488
63433,1933.2318008742488
63434,1933.2318008742488
63435,1933.2318008742488
63436,1933.2318008742488
63437,1933.2318008742488
63438,1933.2318008742488
63439,1933.2318008742488
63440,1933.2318008742488
63441,1933.2318008742488
63442,1933.2318008742488
63443,1933.2318008742488
63444,1933.2318008742488
63445,1933.2318008742488
63446,1933.2318008742488
63447,1933.2318008742488
63448,1933.2318008742488
63449,1933.2318008742488
63450,1933.2318008742488
63451,1933.2318008742488
63452,1933.2318008742488
63453,1933.2318008742488
63454,1933.2318008742488
63455,1933.2318008742488
63456,1933.2318008742488
63457,1933.2318008742488
63458,1933.2318008742488
63459,1933.2318008742488
63460,1933.2318008742488
63461,1933.2318008742488
63462,1933.2318008742488
63463,1933.2318008742488
63464,1933.2318008742488
63465,1933.2318008742488
63466,1933.2318008742488
63467,1933.2318008742488
63468,1933.2318008742488
63469,1933.2318008742488
63470,1933.2318008742488
63471,1933.2318008742488
63472,1933.2318008742488
63473,1933.2318008742488
63474,1933.2318008742488
63475,1933.2318008742488
63476,1933.2318008742488
63477,1933.2318008742488
63478,1933.2318008742488
63479,1933.2318008742488
63480,1933.2318008742488
63481,1933.2318008742488
63482,1933.2318008742488
63483,1933.2318008742488
63484,1933.2318008742488
63485,1933.2318008742488
63486,1933.2318008742488
63487,1933.2318008742488
63488,1933.2318008742488
63489,1933.2318008742488
63490,1933.2318008742488
63491,1933.2318008742488
63492,1933.2318008742488
63493,1933.2318008742488
63494,1933.2318008742488
63495,1933.2318008742488
63496,1933.2318008742488
63497,1933.2318008742488
63498,1933.2318008742488
63499,1933.2318008742488
63500,1933.2318008742488
63501,1933.2318008742488
63502,1933.2318008742488
63503,1933.2318008742488
63504,1933.2318008742488
63505,1933.2318008742488
63506,1933.2318008742488
63507,1933.2318008742488
63508,1933.2318008742488
63509,1933.2318008742488
63510,1933.2318008742488
63511,1933.2318008742488
63512,1933.2318008742488
63513,1933.2318008742488
63514,1933.2318008742488
63515,1933.2318008742488
63516,1933.2318008742488
63517,1933.2318008742488
63518,1933.2318008742488
63519,1933.2318008742488
63520,1933.2318008742488
63521,1933.2318008742488
63522,1933.2318008742488
63523,1933.2318008742488
63524,1933.2318008742488
63525,1933.2318008742488
63526,1933.2318008742488
63527,1933.2318008742488
63528,1933.2318008742488
63529,1933.2318008742488
63530,1933.2318008742488
63531,1933.2318008742488
63532,1933.2318008742488
63533,1933.2318008742488
63534,1933.2318008742488
63535,1933.2318008742488
63536,1933.2318008742488
63537,1933.2318008742488
63538,1933.2318008742488
63539,1933.2318008742488
63540,1933.2318008742488
63541,1933.2318008742488
63542,1933.2318008742488
63543,1933.2318008742488
63544,1933.2318008742488
63545,1933.2318008742488
63546,1933.2318008742488
63547,1933.2318008742488
63548,1933.2318008742488
63549,1933.2318008742488
63550,1933.2318008742488
63551,1933.2318008742488
63552,1933.2318008742488
63553,1933.2318008742488
63554,1933.2318008742488
63555,1933.2318008742488
63556,1933.2318008742488
63557,1933.2318008742488
63558,1933.2318008742488
63559,1933.2318008742488
63560,1933.2318008742488
63561,1933.2318008742488
63562,1933.2318008742488
63563,1933.2318008742488
63564,1933.2318008742488
63565,1933.2318008742488
63566,1933.2318008742488
63567,1933.2318008742488
63568,1933.2318008742488
63569,1933.2318008742488
63570,1933.2318008742488
63571,1933.2318008742488
63572,1933.2318008742488
63573,1933.2318008742488
63574,1933.2318008742488
63575,1933.2318008742488
63576,1933.2318008742488
63577,1933.2318008742488
63578,1933.2318008742488
63579,1933.2318008742488
63580,1933.2318008742488
63581,1933.2318008742488
63582,1933.2318008742488
63583,1933.2318008742488
63584,1933.2318008742488
63585,1933.2318008742488
63586,1933.2318008742488
63587,1933.2318008742488
63588,1933.2318008742488
63589,1933.2318008742488
63590,1933.2318008742488
63591,1933.2318008742488
63592,1933.2318008742488
63593,1933.2318008742488
63594,1933.2318008742488
63595,1933.2318008742488
63596,1933.2318008742488
63597,1933.2318008742488
63598,1933.2318008742488
63599,1933.2318008742488
63600,1933.2318008742488
63601,1933.2318008742488
63602,1933.2318008742488
63603,1933.2318008742488
63604,1933.2318008742488
63605,1933.2318008742488
63606,1933.2318008742488
63607,1933.2318008742488
63608,1933.2318008742488
63609,1933.2318008742488
63610,1933.2318008742488
63611,1933.2318008742488
63612,1933.2318008742488
63613,1933.2318008742488
63614,1933.2318008742488
63615,1933.2318008742488
63616,1933.2318008742488
63617,1933.2318008742488
63618,1933.2318008742488
63619,1933.2318008742488
63620,1933.2318008742488
63621,1933.2318008742488
63622,1933.2318008742488
63623,1933.2318008742488
63624,1933.2318008742488
63625,1933.2318008742488
63626,1933.2318008742488
63627,1933.2318008742488
63628,1933.2318008742488
63629,1933.2318008742488
63630,1933.2318008742488
63631,1933.2318008742488
63632,1933.2318008742488
63633,1933.2318008742488
63634,1933.2318008742488
63635,1933.2318008742488
63636,1933.2318008742488
63637,1933.2318008742488
63638,1933.2318008742488
63639,1933.2318008742488
63640,1933.2318008742488
63641,1933.2318008742488
63642,1933.2318008742488
63643,1933.2318008742488
63644,1933.2318008742488
63645,1933.2318008742488
63646,1933.2318008742488
63647,1933.2318008742488
63648,1933.2318008742488
63649,1933.2318008742488
63650,1933.2318008742488
63651,1933.2318008742488
63652,1933.2318008742488
63653,1933.2318008742488
63654,1933.2318008742488
63655,1933.2318008742488
63656,1933.2318008742488
63657,1933.2318008742488
63658,1933.2318008742488
63659,1933.2318008742488
63660,1933.2318008742488
63661,1933.2318008742488
63662,1933.2318008742488
63663,1933.2318008742488
63664,1933.2318008742488
63665,1933.2318008742488
63666,1933.2318008742488
63667,1933.2318008742488
63668,1933.2318008742488
63669,1933.2318008742488
63670,1933.2318008742488
63671,1933.2318008742488
63672,1933.2318008742488
63673,1933.2318008742488
63674,1933.2318008742488
63675,1933.2318008742488
63676,1933.2318008742488
63677,1933.2318008742488
63678,1933.2318008742488
63679,1933.2318008742488
63680,1933.2318008742488
63681,1933.2318008742488
63682,1933.2318008742488
63683,1933.2318008742488
63684,1933.2318008742488
63685,1933.2318008742488
63686,1933.2318008742488
63687,1933.2318008742488
63688,1933.2318008742488
63689,1933.2318008742488
63690,1933.2318008742488
63691,1933.2318008742488
63692,1933.2318008742488
63693,1933.2318008742488
63694,1933.2318008742488
63695,1933.2318008742488
63696,1933.2318008742488
63697,1933.2318008742488
63698,1933.2318008742488
63699,1933.2318008742488
63700,1933.2318008742488
63701,1933.2318008742488
63702,1933.2318008742488
63703,1933.2318008742488
63704,1933.2318008742488
63705,1933.2318008742488
63706,1933.2318008742488
63707,1933.2318008742488
63708,1933.2318008742488
63709,1933.2318008742488
63710,1933.2318008742488
63711,1933.2318008742488
63712,1933.2318008742488
63713,1933.2318008742488
63714,1933.2318008742488
63715,1933.2318008742488
63716,1933.2318008742488
63717,1933.2318008742488
63718,1933.2318008742488
63719,1933.2318008742488
63720,1933.2318008742488
63721,1933.2318008742488
63722,1933.2318008742488
63723,1933.2318008742488
63724,1933.2318008742488
63725,1933.2318008742488
63726,1933.2318008742488
63727,1933.2318008742488
63728,1933.2318008742488
63729,1933.2318008742488
63730,1933.2318008742488
63731,1933.2318008742488
63732,1933.2318008742488
63733,1933.2318008742488
63734,1933.2318008742488
63735,1933.2318008742488
63736,1933.2318008742488
63737,1933.2318008742488
63738,1933.2318008742488
63739,1933.2318008742488
63740,1933.2318008742488
63741,1933.2318008742488
63742,1933.2318008742488
63743,1933.2318008742488
63744,1933.2318008742488
63745,1933.2318008742488
63746,1933.2318008742488
63747,1933.2318008742488
63748,1933.2318008742488
63749,1933.2318008742488
63750,1933.2318008742488
63751,1933.2318008742488
63752,1933.2318008742488
63753,1933.2318008742488
63754,1933.2318008742488
63755,1933.2318008742488
63756,1933.2318008742488
63757,1933.2318008742488
63758,1933.2318008742488
63759,1933.2318008742488
63760,1933.2318008742488
63761,1933.2318008742488
63762,1933.2318008742488
63763,1933.2318008742488
63764,1933.2318008742488
63765,1933.2318008742488
63766,1933.2318008742488
63767,1933.2318008742488
63768,1933.2318008742488
63769,1933.2318008742488
63770,1933.2318008742488
63771,1933.2318008742488
63772,1933.2318008742488
63773,1933.2318008742488
63774,1933.2318008742488
63775,1933.2318008742488
63776,1933.2318008742488
63777,1933.2318008742488
63778,1933.2318008742488
63779,1933.2318008742488
63780,1933.2318008742488
63781,1933.2318008742488
63782,1933.2318008742488
63783,1933.2318008742488
63784,1933.2318008742488
63785,1933.2318008742488
63786,1933.2318008742488
63787,1933.2318008742488
63788,1933.2318008742488
63789,1933.2318008742488
63790,1933.2318008742488
63791,1933.2318008742488
63792,1933.2318008742488
63793,1933.2318008742488
63794,1933.2318008742488
63795,1933.2318008742488
63796,1933.2318008742488
63797,1933.2318008742488
63798,1933.2318008742488
63799,1933.2318008742488
63800,1933.2318008742488
63801,1933.2318008742488
63802,1933.2318008742488
63803,1933.2318008742488
63804,1933.2318008742488
63805,1933.2318008742488
63806,1933.2318008742488
63807,1933.2318008742488
63808,1933.2318008742488
63809,1933.2318008742488
63810,1933.2318008742488
63811,1933.2318008742488
63812,1933.2318008742488
63813,1933.2318008742488
63814,1933.2318008742488
63815,1933.2318008742488
63816,1933.2318008742488
63817,1933.2318008742488
63818,1933.2318008742488
63819,1933.2318008742488
63820,1933.2318008742488
63821,1933.2318008742488
63822,1933.2318008742488
63823,1933.2318008742488
63824,1933.2318008742488
63825,1933.2318008742488
63826,1933.2318008742488
63827,1933.2318008742488
63828,1933.2318008742488
63829,1933.2318008742488
63830,1933.2318008742488
63831,1933.2318008742488
63832,1933.2318008742488
63833,1933.2318008742488
63834,1933.2318008742488
63835,1933.2318008742488
63836,1933.2318008742488
63837,1933.2318008742488
63838,1933.2318008742488
63839,1933.2318008742488
63840,1933.2318008742488
63841,1933.2318008742488
63842,1933.2318008742488
63843,1933.2318008742488
63844,1933.2318008742488
63845,1933.2318008742488
63846,1933.2318008742488
63847,1933.2318008742488
63848,1933.2318008742488
63849,1933.2318008742488
63850,1933.2318008742488
63851,1933.2318008742488
63852,1933.2318008742488
63853,1933.2318008742488
63854,1933.2318008742488
63855,1933.2318008742488
63856,1933.2318008742488
63857,1933.2318008742488
63858,1933.2318008742488
63859,1933.2318008742488
63860,1933.2318008742488
63861,1933.2318008742488
63862,1933.2318008742488
63863,1933.2318008742488
63864,1933.2318008742488
63865,1933.2318008742488
63866,1933.2318008742488
63867,1933.2318008742488
63868,1933.2318008742488
63869,1933.2318008742488
63870,1933.2318008742488
63871,1933.2318008742488
63872,1933.2318008742488
63873,1933.2318008742488
63874,1933.2318008742488
63875,1933.2318008742488
63876,1933.2318008742488
63877,1933.2318008742488
63878,1933.2318008742488
63879,1933.2318008742488
63880,1933.2318008742488
63881,1933.2318008742488
63882,1933.2318008742488
63883,1933.2318008742488
63884,1933.2318008742488
63885,1933.2318008742488
63886,1933.2318008742488
63887,1933.2318008742488
63888,1933.2318008742488
63889,1933.2318008742488
63890,1933.2318008742488
63891,1933.2318008742488
63892,1933.2318008742488
63893,1933.2318008742488
63894,1933.2318008742488
63895,1933.2318008742488
63896,1933.2318008742488
63897,1933.2318008742488
63898,1933.2318008742488
63899,1933.2318008742488
63900,1933.2318008742488
63901,1933.2318008742488
63902,1933.2318008742488
63903,1933.2318008742488
63904,1933.2318008742488
63905,1933.2318008742488
63906,1933.2318008742488
63907,1933.2318008742488
63908,1933.2318008742488
63909,1933.2318008742488
63910,1933.2318008742488
63911,1933.2318008742488
63912,1933.2318008742488
63913,1933.2318008742488
63914,1933.2318008742488
63915,1933.2318008742488
63916,1933.2318008742488
63917,1933.2318008742488
63918,1933.2318008742488
63919,1933.2318008742488
63920,1933.2318008742488
63921,1933.2318008742488
63922,1933.2318008742488
63923,1933.2318008742488
63924,1933.2318008742488
63925,1933.2318008742488
63926,1933.2318008742488
63927,1933.2318008742488
63928,1933.2318008742488
63929,1933.2318008742488
63930,1933.2318008742488
63931,1933.2318008742488
63932,1933.2318008742488
63933,1933.2318008742488
63934,1933.2318008742488
63935,1933.2318008742488
63936,1933.2318008742488
63937,1933.2318008742488
63938,1933.2318008742488
63939,1933.2318008742488
63940,1933.2318008742488
63941,1933.2318008742488
63942,1933.2318008742488
63943,1933.2318008742488
63944,1933.2318008742488
63945,1933.2318008742488
63946,1933.2318008742488
63947,1933.2318008742488
63948,1933.2318008742488
63949,1933.2318008742488
63950,1933.2318008742488
63951,1933.2318008742488
63952,1933.2318008742488
63953,1933.2318008742488
63954,1933.2318008742488
63955,1933.2318008742488
63956,1933.2318008742488
63957,1933.2318008742488
63958,1933.2318008742488
63959,1933.2318008742488
63960,1933.2318008742488
63961,1933.2318008742488
63962,1933.2318008742488
63963,1933.2318008742488
63964,1933.2318008742488
63965,1933.2318008742488
63966,1933.2318008742488
63967,1933.2318008742488
63968,1933.2318008742488
63969,1933.2318008742488
63970,1933.2318008742488
63971,1933.2318008742488
63972,1933.2318008742488
63973,1933.2318008742488
63974,1933.2318008742488
63975,1933.2318008742488
63976,1933.2318008742488
63977,1933.2318008742488
63978,1933.2318008742488
63979,1933.2318008742488
63980,1933.2318008742488
63981,1933.2318008742488
63982,1933.2318008742488
63983,1933.2318008742488
63984,1933.2318008742488
63985,1933.2318008742488
63986,1933.2318008742488
63987,1933.2318008742488
63988,1933.2318008742488
63989,1933.2318008742488
63990,1933.2318008742488
63991,1933.2318008742488
63992,1933.2318008742488
63993,1933.2318008742488
63994,1933.2318008742488
63995,1933.2318008742488
63996,1933.2318008742488
63997,1933.2318008742488
63998,1933.2318008742488
63999,1933.2318008742488
64000,1933.2318008742488
64001,1933.2318008742488
64002,1933.2318008742488
64003,1933.2318008742488
64004,1933.2318008742488
64005,1933.2318008742488
64006,1933.2318008742488
64007,1933.2318008742488
64008,1933.2318008742488
64009,1933.2318008742488
64010,1933.2318008742488
64011,1933.2318008742488
64012,1933.2318008742488
64013,1933.2318008742488
64014,1933.2318008742488
64015,1933.2318008742488
64016,1933.2318008742488
64017,1933.2318008742488
64018,1933.2318008742488
64019,1933.2318008742488
64020,1933.2318008742488
64021,1933.2318008742488
64022,1933.2318008742488
64023,1933.2318008742488
64024,1933.2318008742488
64025,1933.2318008742488
64026,1933.2318008742488
64027,1933.2318008742488
64028,1933.2318008742488
64029,1933.2318008742488
64030,1933.2318008742488
64031,1933.2318008742488
64032,1933.2318008742488
64033,1933.2318008742488
64034,1933.2318008742488
64035,1933.2318008742488
64036,1933.2318008742488
64037,1933.2318008742488
64038,1933.2318008742488
64039,1933.2318008742488
64040,1933.2318008742488
64041,1933.2318008742488
64042,1933.2318008742488
64043,1933.2318008742488
64044,1933.2318008742488
64045,1933.2318008742488
64046,1933.2318008742488
64047,1933.2318008742488
64048,1933.2318008742488
64049,1933.2318008742488
64050,1933.2318008742488
64051,1933.2318008742488
64052,1933.2318008742488
64053,1933.2318008742488
64054,1933.2318008742488
64055,1933.2318008742488
64056,1933.2318008742488
64057,1933.2318008742488
64058,1933.2318008742488
64059,1933.2318008742488
64060,1933.2318008742488
64061,1933.2318008742488
64062,1933.2318008742488
64063,1933.2318008742488
64064,1933.2318008742488
64065,1933.2318008742488
64066,1933.2318008742488
64067,1933.2318008742488
64068,1933.2318008742488
64069,1933.2318008742488
64070,1933.2318008742488
64071,1933.2318008742488
64072,1933.2318008742488
64073,1933.2318008742488
64074,1933.2318008742488
64075,1933.2318008742488
64076,1933.2318008742488
64077,1933.2318008742488
64078,1933.2318008742488
64079,1933.2318008742488
64080,1933.2318008742488
64081,1933.2318008742488
64082,1933.2318008742488
64083,1933.2318008742488
64084,1933.2318008742488
64085,1933.2318008742488
64086,1933.2318008742488
64087,1933.2318008742488
64088,1933.2318008742488
64089,1933.2318008742488
64090,1933.2318008742488
64091,1933.2318008742488
64092,1933.2318008742488
64093,1933.2318008742488
64094,1933.2318008742488
64095,1933.2318008742488
64096,1933.2318008742488
64097,1933.2318008742488
64098,1933.2318008742488
64099,1933.2318008742488
64100,1933.2318008742488
64101,1933.2318008742488
64102,1933.2318008742488
64103,1933.2318008742488
64104,1933.2318008742488
64105,1933.2318008742488
64106,1933.2318008742488
64107,1933.2318008742488
64108,1933.2318008742488
64109,1933.2318008742488
64110,1933.2318008742488
64111,1933.2318008742488
64112,1933.2318008742488
64113,1933.2318008742488
64114,1933.2318008742488
64115,1933.2318008742488
64116,1933.2318008742488
64117,1933.2318008742488
64118,1933.2318008742488
64119,1933.2318008742488
64120,1933.2318008742488
64121,1933.2318008742488
64122,1933.2318008742488
64123,1933.2318008742488
64124,1933.2318008742488
64125,1933.2318008742488
64126,1933.2318008742488
64127,1933.2318008742488
64128,1933.2318008742488
64129,1933.2318008742488
64130,1933.2318008742488
64131,1933.2318008742488
64132,1933.2318008742488
64133,1933.2318008742488
64134,1933.2318008742488
64135,1933.2318008742488
64136,1933.2318008742488
64137,1933.2318008742488
64138,1933.2318008742488
64139,1933.2318008742488
64140,1933.2318008742488
64141,1933.2318008742488
64142,1933.2318008742488
64143,1933.2318008742488
64144,1933.2318008742488
64145,1933.2318008742488
64146,1933.2318008742488
64147,1933.2318008742488
64148,1933.2318008742488
64149,1933.2318008742488
64150,1933.2318008742488
64151,1933.2318008742488
64152,1933.2318008742488
64153,1933.2318008742488
64154,1933.2318008742488
64155,1933.2318008742488
64156,1933.2318008742488
64157,1933.2318008742488
64158,1933.2318008742488
64159,1933.2318008742488
64160,1933.2318008742488
64161,1933.2318008742488
64162,1933.2318008742488
64163,1933.2318008742488
64164,1933.2318008742488
64165,1933.2318008742488
64166,1933.2318008742488
64167,1933.2318008742488
64168,1933.2318008742488
64169,1933.2318008742488
64170,1933.2318008742488
64171,1933.2318008742488
64172,1933.2318008742488
64173,1933.2318008742488
64174,1933.2318008742488
64175,1933.2318008742488
64176,1933.2318008742488
64177,1933.2318008742488
64178,1933.2318008742488
64179,1933.2318008742488
64180,1933.2318008742488
64181,1933.2318008742488
64182,1933.2318008742488
64183,1933.2318008742488
64184,1933.2318008742488
64185,1933.2318008742488
64186,1933.2318008742488
64187,1933.2318008742488
64188,1933.2318008742488
64189,1933.2318008742488
64190,1933.2318008742488
64191,1933.2318008742488
64192,1933.2318008742488
64193,1933.2318008742488
64194,1933.2318008742488
64195,1933.2318008742488
64196,1933.2318008742488
64197,1933.2318008742488
64198,1933.2318008742488
64199,1933.2318008742488
64200,1933.2318008742488
64201,1933.2318008742488
64202,1933.2318008742488
64203,1933.2318008742488
64204,1933.2318008742488
64205,1933.2318008742488
64206,1933.2318008742488
64207,1933.2318008742488
64208,1933.2318008742488
64209,1933.2318008742488
64210,1933.2318008742488
64211,1933.2318008742488
64212,1933.2318008742488
64213,1933.2318008742488
64214,1933.2318008742488
64215,1933.2318008742488
64216,1933.2318008742488
64217,1933.2318008742488
64218,1933.2318008742488
64219,1933.2318008742488
64220,1933.2318008742488
64221,1933.2318008742488
64222,1933.2318008742488
64223,1933.2318008742488
64224,1933.2318008742488
64225,1933.2318008742488
64226,1933.2318008742488
64227,1933.2318008742488
64228,1933.2318008742488
64229,1933.2318008742488
64230,1933.2318008742488
64231,1933.2318008742488
64232,1933.2318008742488
64233,1933.2318008742488
64234,1933.2318008742488
64235,1933.2318008742488
64236,1933.2318008742488
64237,1933.2318008742488
64238,1933.2318008742488
64239,1933.2318008742488
64240,1933.2318008742488
64241,1933.2318008742488
64242,1933.2318008742488
64243,1933.2318008742488
64244,1933.2318008742488
64245,1933.2318008742488
64246,1933.2318008742488
64247,1933.2318008742488
64248,1933.2318008742488
64249,1933.2318008742488
64250,1933.2318008742488
64251,1933.2318008742488
64252,1933.2318008742488
64253,1933.2318008742488
64254,1933.2318008742488
64255,1933.2318008742488
64256,1933.2318008742488
64257,1933.2318008742488
64258,1933.2318008742488
64259,1933.2318008742488
64260,1933.2318008742488
64261,1933.2318008742488
64262,1933.2318008742488
64263,1933.2318008742488
64264,1933.2318008742488
64265,1933.2318008742488
64266,1933.2318008742488
64267,1933.2318008742488
64268,1933.2318008742488
64269,1933.2318008742488
64270,1933.2318008742488
64271,1933.2318008742488
64272,1933.2318008742488
64273,1933.2318008742488
64274,1933.2318008742488
64275,1933.2318008742488
64276,1933.2318008742488
64277,1933.2318008742488
64278,1933.2318008742488
64279,1933.2318008742488
64280,1933.2318008742488
64281,1933.2318008742488
64282,1933.2318008742488
64283,1933.2318008742488
64284,1933.2318008742488
64285,1933.2318008742488
64286,1933.2318008742488
64287,1933.2318008742488
64288,1933.2318008742488
64289,1933.2318008742488
64290,1933.2318008742488
64291,1933.2318008742488
64292,1933.2318008742488
64293,1933.2318008742488
64294,1933.2318008742488
64295,1933.2318008742488
64296,1933.2318008742488
64297,1933.2318008742488
64298,1933.2318008742488
64299,1933.2318008742488
64300,1933.2318008742488
64301,1933.2318008742488
64302,1933.2318008742488
64303,1933.2318008742488
64304,1933.2318008742488
64305,1933.2318008742488
64306,1933.2318008742488
64307,1933.2318008742488
64308,1933.2318008742488
64309,1933.2318008742488
64310,1933.2318008742488
64311,1933.2318008742488
64312,1933.2318008742488
64313,1933.2318008742488
64314,1933.2318008742488
64315,1933.2318008742488
64316,1933.2318008742488
64317,1933.2318008742488
64318,1933.2318008742488
64319,1933.2318008742488
64320,1933.2318008742488
64321,1933.2318008742488
64322,1933.2318008742488
64323,1933.2318008742488
64324,1933.2318008742488
64325,1933.2318008742488
64326,1933.2318008742488
64327,1933.2318008742488
64328,1933.2318008742488
64329,1933.2318008742488
64330,1933.2318008742488
64331,1933.2318008742488
64332,1933.2318008742488
64333,1933.2318008742488
64334,1933.2318008742488
64335,1933.2318008742488
64336,1933.2318008742488
64337,1933.2318008742488
64338,1933.2318008742488
64339,1933.2318008742488
64340,1933.2318008742488
64341,1933.2318008742488
64342,1933.2318008742488
64343,1933.2318008742488
64344,1933.2318008742488
64345,1933.2318008742488
64346,1933.2318008742488
64347,1933.2318008742488
64348,1933.2318008742488
64349,1933.2318008742488
64350,1933.2318008742488
64351,1933.2318008742488
64352,1933.2318008742488
64353,1933.2318008742488
64354,1933.2318008742488
64355,1933.2318008742488
64356,1933.2318008742488
64357,1933.2318008742488
64358,1933.2318008742488
64359,1933.2318008742488
64360,1933.2318008742488
64361,1933.2318008742488
64362,1933.2318008742488
64363,1933.2318008742488
64364,1933.2318008742488
64365,1933.2318008742488
64366,1933.2318008742488
64367,1933.2318008742488
64368,1933.2318008742488
64369,1933.2318008742488
64370,1933.2318008742488
64371,1933.2318008742488
64372,1933.2318008742488
64373,1933.2318008742488
64374,1933.2318008742488
64375,1933.2318008742488
64376,1933.2318008742488
64377,1933.2318008742488
64378,1933.2318008742488
64379,1933.2318008742488
64380,1933.2318008742488
64381,1933.2318008742488
64382,1933.2318008742488
64383,1933.2318008742488
64384,1933.2318008742488
64385,1933.2318008742488
64386,1933.2318008742488
64387,1933.2318008742488
64388,1933.2318008742488
64389,1933.2318008742488
64390,1933.2318008742488
64391,1933.2318008742488
64392,1933.2318008742488
64393,1933.2318008742488
64394,1933.2318008742488
64395,1933.2318008742488
64396,1933.2318008742488
64397,1933.2318008742488
64398,1933.2318008742488
64399,1933.2318008742488
64400,1933.2318008742488
64401,1933.2318008742488
64402,1933.2318008742488
64403,1933.2318008742488
64404,1933.2318008742488
64405,1933.2318008742488
64406,1933.2318008742488
64407,1933.2318008742488
64408,1933.2318008742488
64409,1933.2318008742488
64410,1933.2318008742488
64411,1933.2318008742488
64412,1933.2318008742488
64413,1933.2318008742488
64414,1933.2318008742488
64415,1933.2318008742488
64416,1933.2318008742488
64417,1933.2318008742488
64418,1933.2318008742488
64419,1933.2318008742488
64420,1933.2318008742488
64421,1933.2318008742488
64422,1933.2318008742488
64423,1933.2318008742488
64424,1933.2318008742488
64425,1933.2318008742488
64426,1933.2318008742488
64427,1933.2318008742488
64428,1933.2318008742488
64429,1933.2318008742488
64430,1933.2318008742488
64431,1933.2318008742488
64432,1933.2318008742488
64433,1933.2318008742488
64434,1933.2318008742488
64435,1933.2318008742488
64436,1933.2318008742488
64437,1933.2318008742488
64438,1933.2318008742488
64439,1933.2318008742488
64440,1933.2318008742488
64441,1933.2318008742488
64442,1933.2318008742488
64443,1933.2318008742488
64444,1933.2318008742488
64445,1933.2318008742488
64446,1933.2318008742488
64447,1933.2318008742488
64448,1933.2318008742488
64449,1933.2318008742488
64450,1933.2318008742488
64451,1933.2318008742488
64452,1933.2318008742488
64453,1933.2318008742488
64454,1933.2318008742488
64455,1933.2318008742488
64456,1933.2318008742488
64457,1933.2318008742488
64458,1933.2318008742488
64459,1933.2318008742488
64460,1933.2318008742488
64461,1933.2318008742488
64462,1933.2318008742488
64463,1933.2318008742488
64464,1933.2318008742488
64465,1933.2318008742488
64466,1933.2318008742488
64467,1933.2318008742488
64468,1933.2318008742488
64469,1933.2318008742488
64470,1933.2318008742488
64471,1933.2318008742488
64472,1933.2318008742488
64473,1933.2318008742488
64474,1933.2318008742488
64475,1933.2318008742488
64476,1933.2318008742488
64477,1933.2318008742488
64478,1933.2318008742488
64479,1933.2318008742488
64480,1933.2318008742488
64481,1933.2318008742488
64482,1933.2318008742488
64483,1933.2318008742488
64484,1933.2318008742488
64485,1933.2318008742488
64486,1933.2318008742488
64487,1933.2318008742488
64488,1933.2318008742488
64489,1933.2318008742488
64490,1933.2318008742488
64491,1933.2318008742488
64492,1933.2318008742488
64493,1933.2318008742488
64494,1933.2318008742488
64495,1933.2318008742488
64496,1933.2318008742488
64497,1933.2318008742488
64498,1933.2318008742488
64499,1933.2318008742488
64500,1933.2318008742488
64501,1933.2318008742488
64502,1933.2318008742488
64503,1933.2318008742488
64504,1933.2318008742488
64505,1933.2318008742488
64506,1933.2318008742488
64507,1933.2318008742488
64508,1933.2318008742488
64509,1933.2318008742488
64510,1933.2318008742488
64511,1933.2318008742488
64512,1933.2318008742488
64513,1933.2318008742488
64514,1933.2318008742488
64515,1933.2318008742488
64516,1933.2318008742488
64517,1933.2318008742488
64518,1933.2318008742488
64519,1933.2318008742488
64520,1933.2318008742488
64521,1933.2318008742488
64522,1933.2318008742488
64523,1933.2318008742488
64524,1933.2318008742488
64525,1933.2318008742488
64526,1933.2318008742488
64527,1933.2318008742488
64528,1933.2318008742488
64529,1933.2318008742488
64530,1933.2318008742488
64531,1933.2318008742488
64532,1933.2318008742488
64533,1933.2318008742488
64534,1933.2318008742488
64535,1933.2318008742488
64536,1933.2318008742488
64537,1933.2318008742488
64538,1933.2318008742488
64539,1933.2318008742488
64540,1933.2318008742488
64541,1933.2318008742488
64542,1933.2318008742488
64543,1933.2318008742488
64544,1933.2318008742488
64545,1933.2318008742488
64546,1933.2318008742488
64547,1933.2318008742488
64548,1933.2318008742488
64549,1933.2318008742488
64550,1933.2318008742488
64551,1933.2318008742488
64552,1933.2318008742488
64553,1933.2318008742488
64554,1933.2318008742488
64555,1933.2318008742488
64556,1933.2318008742488
64557,1933.2318008742488
64558,1933.2318008742488
64559,1933.2318008742488
64560,1933.2318008742488
64561,1933.2318008742488
64562,1933.2318008742488
64563,1933.2318008742488
64564,1933.2318008742488
64565,1933.2318008742488
64566,1933.2318008742488
64567,1933.2318008742488
64568,1933.2318008742488
64569,1933.2318008742488
64570,1933.2318008742488
64571,1933.2318008742488
64572,1933.2318008742488
64573,1933.2318008742488
64574,1933.2318008742488
64575,1933.2318008742488
64576,1933.2318008742488
64577,1933.2318008742488
64578,1933.2318008742488
64579,1933.2318008742488
64580,1933.2318008742488
64581,1933.2318008742488
64582,1933.2318008742488
64583,1933.2318008742488
64584,1933.2318008742488
64585,1933.2318008742488
64586,1933.2318008742488
64587,1933.2318008742488
64588,1933.2318008742488
64589,1933.2318008742488
64590,1933.2318008742488
64591,1933.2318008742488
64592,1933.2318008742488
64593,1933.2318008742488
64594,1933.2318008742488
64595,1933.2318008742488
64596,1933.2318008742488
64597,1933.2318008742488
64598,1933.2318008742488
64599,1933.2318008742488
64600,1933.2318008742488
64601,1933.2318008742488
64602,1933.2318008742488
64603,1933.2318008742488
64604,1933.2318008742488
64605,1933.2318008742488
64606,1933.2318008742488
64607,1933.2318008742488
64608,1933.2318008742488
64609,1933.2318008742488
64610,1933.2318008742488
64611,1933.2318008742488
64612,1933.2318008742488
64613,1933.2318008742488
64614,1933.2318008742488
64615,1933.2318008742488
64616,1933.2318008742488
64617,1933.2318008742488
64618,1933.2318008742488
64619,1933.2318008742488
64620,1933.2318008742488
64621,1933.2318008742488
64622,1933.2318008742488
64623,1933.2318008742488
64624,1933.2318008742488
64625,1933.2318008742488
64626,1933.2318008742488
64627,1933.2318008742488
64628,1933.2318008742488
64629,1933.2318008742488
64630,1933.2318008742488
64631,1933.2318008742488
64632,1933.2318008742488
64633,1933.2318008742488
64634,1933.2318008742488
64635,1933.2318008742488
64636,1933.2318008742488
64637,1933.2318008742488
64638,1933.2318008742488
64639,1933.2318008742488
64640,1933.2318008742488
64641,1933.2318008742488
64642,1933.2318008742488
64643,1933.2318008742488
64644,1933.2318008742488
64645,1933.2318008742488
64646,1933.2318008742488
64647,1933.2318008742488
64648,1933.2318008742488
64649,1933.2318008742488
64650,1933.2318008742488
64651,1933.2318008742488
64652,1933.2318008742488
64653,1933.2318008742488
64654,1933.2318008742488
64655,1933.2318008742488
64656,1933.2318008742488
64657,1933.2318008742488
64658,1933.2318008742488
64659,1933.2318008742488
64660,1933.2318008742488
64661,1933.2318008742488
64662,1933.2318008742488
64663,1933.2318008742488
64664,1933.2318008742488
64665,1933.2318008742488
64666,1933.2318008742488
64667,1933.2318008742488
64668,1933.2318008742488
64669,1933.2318008742488
64670,1933.2318008742488
64671,1933.2318008742488
64672,1933.2318008742488
64673,1933.2318008742488
64674,1933.2318008742488
64675,1933.2318008742488
64676,1933.2318008742488
64677,1933.2318008742488
64678,1933.2318008742488
64679,1933.2318008742488
64680,1933.2318008742488
64681,1933.2318008742488
64682,1933.2318008742488
64683,1933.2318008742488
64684,1933.2318008742488
64685,1933.2318008742488
64686,1933.2318008742488
64687,1933.2318008742488
64688,1933.2318008742488
64689,1933.2318008742488
64690,1933.2318008742488
64691,1933.2318008742488
64692,1933.2318008742488
64693,1933.2318008742488
64694,1933.2318008742488
64695,1933.2318008742488
64696,1933.2318008742488
64697,1933.2318008742488
64698,1933.2318008742488
64699,1933.2318008742488
64700,1933.2318008742488
64701,1933.2318008742488
64702,1933.2318008742488
64703,1933.2318008742488
64704,1933.2318008742488
64705,1933.2318008742488
64706,1933.2318008742488
64707,1933.2318008742488
64708,1933.2318008742488
64709,1933.2318008742488
64710,1933.2318008742488
64711,1933.2318008742488
64712,1933.2318008742488
64713,1933.2318008742488
64714,1933.2318008742488
64715,1933.2318008742488
64716,1933.2318008742488
64717,1933.2318008742488
64718,1933.2318008742488
64719,1933.2318008742488
64720,1933.2318008742488
64721,1933.2318008742488
64722,1933.2318008742488
64723,1933.2318008742488
64724,1933.2318008742488
64725,1933.2318008742488
64726,1933.2318008742488
64727,1933.2318008742488
64728,1933.2318008742488
64729,1933.2318008742488
64730,1933.2318008742488
64731,1933.2318008742488
64732,1933.2318008742488
64733,1933.2318008742488
64734,1933.2318008742488
64735,1933.2318008742488
64736,1933.2318008742488
64737,1933.2318008742488
64738,1933.2318008742488
64739,1933.2318008742488
64740,1933.2318008742488
64741,1933.2318008742488
64742,1933.2318008742488
64743,1933.2318008742488
64744,1933.2318008742488
64745,1933.2318008742488
64746,1933.2318008742488
64747,1933.2318008742488
64748,1933.2318008742488
64749,1933.2318008742488
64750,1933.2318008742488
64751,1933.2318008742488
64752,1933.2318008742488
64753,1933.2318008742488
64754,1933.2318008742488
64755,1933.2318008742488
64756,1933.2318008742488
64757,1933.2318008742488
64758,1933.2318008742488
64759,1933.2318008742488
64760,1933.2318008742488
64761,1933.2318008742488
64762,1933.2318008742488
64763,1933.2318008742488
64764,1933.2318008742488
64765,1933.2318008742488
64766,1933.2318008742488
64767,1933.2318008742488
64768,1933.2318008742488
64769,1933.2318008742488
64770,1933.2318008742488
64771,1933.2318008742488
64772,1933.2318008742488
64773,1933.2318008742488
64774,1933.2318008742488
64775,1933.2318008742488
64776,1933.2318008742488
64777,1933.2318008742488
64778,1933.2318008742488
64779,1933.2318008742488
64780,1933.2318008742488
64781,1933.2318008742488
64782,1933.2318008742488
64783,1933.2318008742488
64784,1933.2318008742488
64785,1933.2318008742488
64786,1933.2318008742488
64787,1933.2318008742488
64788,1933.2318008742488
64789,1933.2318008742488
64790,1933.2318008742488
64791,1933.2318008742488
64792,1933.2318008742488
64793,1933.2318008742488
64794,1933.2318008742488
64795,1933.2318008742488
64796,1933.2318008742488
64797,1933.2318008742488
64798,1933.2318008742488
64799,1933.2318008742488
64800,1933.2318008742488
64801,1933.2318008742488
64802,1933.2318008742488
64803,1933.2318008742488
64804,1933.2318008742488
64805,1933.2318008742488
64806,1933.2318008742488
64807,1933.2318008742488
64808,1933.2318008742488
64809,1933.2318008742488
64810,1933.2318008742488
64811,1933.2318008742488
64812,1933.2318008742488
64813,1933.2318008742488
64814,1933.2318008742488
64815,1933.2318008742488
64816,1933.2318008742488
64817,1933.2318008742488
64818,1933.2318008742488
64819,1933.2318008742488
64820,1933.2318008742488
64821,1933.2318008742488
64822,1933.2318008742488
64823,1933.2318008742488
64824,1933.2318008742488
64825,1933.2318008742488
64826,1933.2318008742488
64827,1933.2318008742488
64828,1933.2318008742488
64829,1933.2318008742488
64830,1933.2318008742488
64831,1933.2318008742488
64832,1933.2318008742488
64833,1933.2318008742488
64834,1933.2318008742488
64835,1933.2318008742488
64836,1933.2318008742488
64837,1933.2318008742488
64838,1933.2318008742488
64839,1933.2318008742488
64840,1933.2318008742488
64841,1933.2318008742488
64842,1933.2318008742488
64843,1933.2318008742488
64844,1933.2318008742488
64845,1933.2318008742488
64846,1933.2318008742488
64847,1933.2318008742488
64848,1933.2318008742488
64849,1933.2318008742488
64850,1933.2318008742488
64851,1933.2318008742488
64852,1933.2318008742488
64853,1933.2318008742488
64854,1933.2318008742488
64855,1933.2318008742488
64856,1933.2318008742488
64857,1933.2318008742488
64858,1933.2318008742488
64859,1933.2318008742488
64860,1933.2318008742488
64861,1933.2318008742488
64862,1933.2318008742488
64863,1933.2318008742488
64864,1933.2318008742488
64865,1933.2318008742488
64866,1933.2318008742488
64867,1933.2318008742488
64868,1933.2318008742488
64869,1933.2318008742488
64870,1933.2318008742488
64871,1933.2318008742488
64872,1933.2318008742488
64873,1933.2318008742488
64874,1933.2318008742488
64875,1933.2318008742488
64876,1933.2318008742488
64877,1933.2318008742488
64878,1933.2318008742488
64879,1933.2318008742488
64880,1933.2318008742488
64881,1933.2318008742488
64882,1933.2318008742488
64883,1933.2318008742488
64884,1933.2318008742488
64885,1933.2318008742488
64886,1933.2318008742488
64887,1933.2318008742488
64888,1933.2318008742488
64889,1933.2318008742488
64890,1933.2318008742488
64891,1933.2318008742488
64892,1933.2318008742488
64893,1933.2318008742488
64894,1933.2318008742488
64895,1933.2318008742488
64896,1933.2318008742488
64897,1933.2318008742488
64898,1933.2318008742488
64899,1933.2318008742488
64900,1933.2318008742488
64901,1933.2318008742488
64902,1933.2318008742488
64903,1933.2318008742488
64904,1933.2318008742488
64905,1933.2318008742488
64906,1933.2318008742488
64907,1933.2318008742488
64908,1933.2318008742488
64909,1933.2318008742488
64910,1933.2318008742488
64911,1933.2318008742488
64912,1933.2318008742488
64913,1933.2318008742488
64914,1933.2318008742488
64915,1933.2318008742488
64916,1933.2318008742488
64917,1933.2318008742488
64918,1933.2318008742488
64919,1933.2318008742488
64920,1933.2318008742488
64921,1933.2318008742488
64922,1933.2318008742488
64923,1933.2318008742488
64924,1933.2318008742488
64925,1933.2318008742488
64926,1933.2318008742488
64927,1933.2318008742488
64928,1933.2318008742488
64929,1933.2318008742488
64930,1933.2318008742488
64931,1933.2318008742488
64932,1933.2318008742488
64933,1933.2318008742488
64934,1933.2318008742488
64935,1933.2318008742488
64936,1933.2318008742488
64937,1933.2318008742488
64938,1933.2318008742488
64939,1933.2318008742488
64940,1933.2318008742488
64941,1933.2318008742488
64942,1933.2318008742488
64943,1933.2318008742488
64944,1933.2318008742488
64945,1933.2318008742488
64946,1933.2318008742488
64947,1933.2318008742488
64948,1933.2318008742488
64949,1933.2318008742488
64950,1933.2318008742488
64951,1933.2318008742488
64952,1933.2318008742488
64953,1933.2318008742488
64954,1933.2318008742488
64955,1933.2318008742488
64956,1933.2318008742488
64957,1933.2318008742488
64958,1933.2318008742488
64959,1933.2318008742488
64960,1933.2318008742488
64961,1933.2318008742488
64962,1933.2318008742488
64963,1933.2318008742488
64964,1933.2318008742488
64965,1933.2318008742488
64966,1933.2318008742488
64967,1933.2318008742488
64968,1933.2318008742488
64969,1933.2318008742488
64970,1933.2318008742488
64971,1933.2318008742488
64972,1933.2318008742488
64973,1933.2318008742488
64974,1933.2318008742488
64975,1933.2318008742488
64976,1933.2318008742488
64977,1933.2318008742488
64978,1933.2318008742488
64979,1933.2318008742488
64980,1933.2318008742488
64981,1933.2318008742488
64982,1933.2318008742488
64983,1933.2318008742488
64984,1933.2318008742488
64985,1933.2318008742488
64986,1933.2318008742488
64987,1933.2318008742488
64988,1933.2318008742488
64989,1933.2318008742488
64990,1933.2318008742488
64991,1933.2318008742488
64992,1933.2318008742488
64993,1933.2318008742488
64994,1933.2318008742488
64995,1933.2318008742488
64996,1933.2318008742488
64997,1933.2318008742488
64998,1933.2318008742488
64999,1933.2318008742488
65000,1933.2318008742488
65001,1933.2318008742488
65002,1933.2318008742488
65003,1933.2318008742488
65004,1933.2318008742488
65005,1933.2318008742488
65006,1933.2318008742488
65007,1933.2318008742488
65008,1933.2318008742488
65009,1933.2318008742488
65010,1933.2318008742488
65011,1933.2318008742488
65012,1933.2318008742488
65013,1933.2318008742488
65014,1933.2318008742488
65015,1933.2318008742488
65016,1933.2318008742488
65017,1933.2318008742488
65018,1933.2318008742488
65019,1933.2318008742488
65020,1933.2318008742488
65021,1933.2318008742488
65022,1933.2318008742488
65023,1933.2318008742488
65024,1933.2318008742488
65025,1933.2318008742488
65026,1933.2318008742488
65027,1933.2318008742488
65028,1933.2318008742488
65029,1933.2318008742488
65030,1933.2318008742488
65031,1933.2318008742488
65032,1933.2318008742488
65033,1933.2318008742488
65034,1933.2318008742488
65035,1933.2318008742488
65036,1933.2318008742488
65037,1933.2318008742488
65038,1933.2318008742488
65039,1933.2318008742488
65040,1933.2318008742488
65041,1933.2318008742488
65042,1933.2318008742488
65043,1933.2318008742488
65044,1933.2318008742488
65045,1933.2318008742488
65046,1933.2318008742488
65047,1933.2318008742488
65048,1933.2318008742488
65049,1933.2318008742488
65050,1933.2318008742488
65051,1933.2318008742488
65052,1933.2318008742488
65053,1933.2318008742488
65054,1933.2318008742488
65055,1933.2318008742488
65056,1933.2318008742488
65057,1933.2318008742488
65058,1933.2318008742488
65059,1933.2318008742488
65060,1933.2318008742488
65061,1933.2318008742488
65062,1933.2318008742488
65063,1933.2318008742488
65064,1933.2318008742488
65065,1933.2318008742488
65066,1933.2318008742488
65067,1933.2318008742488
65068,1933.2318008742488
65069,1933.2318008742488
65070,1933.2318008742488
65071,1933.2318008742488
65072,1933.2318008742488
65073,1933.2318008742488
65074,1933.2318008742488
65075,1933.2318008742488
65076,1933.2318008742488
65077,1933.2318008742488
65078,1933.2318008742488
65079,1933.2318008742488
65080,1933.2318008742488
65081,1933.2318008742488
65082,1933.2318008742488
65083,1933.2318008742488
65084,1933.2318008742488
65085,1933.2318008742488
65086,1933.2318008742488
65087,1933.2318008742488
65088,1933.2318008742488
65089,1933.2318008742488
65090,1933.2318008742488
65091,1933.2318008742488
65092,1933.2318008742488
65093,1933.2318008742488
65094,1933.2318008742488
65095,1933.2318008742488
65096,1933.2318008742488
65097,1933.2318008742488
65098,1933.2318008742488
65099,1933.2318008742488
65100,1933.2318008742488
65101,1933.2318008742488
65102,1933.2318008742488
65103,1933.2318008742488
65104,1933.2318008742488
65105,1933.2318008742488
65106,1933.2318008742488
65107,1933.2318008742488
65108,1933.2318008742488
65109,1933.2318008742488
65110,1933.2318008742488
65111,1933.2318008742488
65112,1933.2318008742488
65113,1933.2318008742488
65114,1933.2318008742488
65115,1933.2318008742488
65116,1933.2318008742488
65117,1933.2318008742488
65118,1933.2318008742488
65119,1933.2318008742488
65120,1933.2318008742488
65121,1933.2318008742488
65122,1933.2318008742488
65123,1933.2318008742488
65124,1933.2318008742488
65125,1933.2318008742488
65126,1933.2318008742488
65127,1933.2318008742488
65128,1933.2318008742488
65129,1933.2318008742488
65130,1933.2318008742488
65131,1933.2318008742488
65132,1933.2318008742488
65133,1933.2318008742488
65134,1933.2318008742488
65135,1933.2318008742488
65136,1933.2318008742488
65137,1933.2318008742488
65138,1933.2318008742488
65139,1933.2318008742488
65140,1933.2318008742488
65141,1933.2318008742488
65142,1933.2318008742488
65143,1933.2318008742488
65144,1933.2318008742488
65145,1933.2318008742488
65146,1933.2318008742488
65147,1933.2318008742488
65148,1933.2318008742488
65149,1933.2318008742488
65150,1933.2318008742488
65151,1933.2318008742488
65152,1933.2318008742488
65153,1933.2318008742488
65154,1933.2318008742488
65155,1933.2318008742488
65156,1933.2318008742488
65157,1933.2318008742488
65158,1933.2318008742488
65159,1933.2318008742488
65160,1933.2318008742488
65161,1933.2318008742488
65162,1933.2318008742488
65163,1933.2318008742488
65164,1933.2318008742488
65165,1933.2318008742488
65166,1933.2318008742488
65167,1933.2318008742488
65168,1933.2318008742488
65169,1933.2318008742488
65170,1933.2318008742488
65171,1933.2318008742488
65172,1933.2318008742488
65173,1933.2318008742488
65174,1933.2318008742488
65175,1933.2318008742488
65176,1933.2318008742488
65177,1933.2318008742488
65178,1933.2318008742488
65179,1933.2318008742488
65180,1933.2318008742488
65181,1933.2318008742488
65182,1933.2318008742488
65183,1933.2318008742488
65184,1933.2318008742488
65185,1933.2318008742488
65186,1933.2318008742488
65187,1933.2318008742488
65188,1933.2318008742488
65189,1933.2318008742488
65190,1933.2318008742488
65191,1933.2318008742488
65192,1933.2318008742488
65193,1933.2318008742488
65194,1933.2318008742488
65195,1933.2318008742488
65196,1933.2318008742488
65197,1933.2318008742488
65198,1933.2318008742488
65199,1933.2318008742488
65200,1933.2318008742488
65201,1933.2318008742488
65202,1933.2318008742488
65203,1933.2318008742488
65204,1933.2318008742488
65205,1933.2318008742488
65206,1933.2318008742488
65207,1933.2318008742488
65208,1933.2318008742488
65209,1933.2318008742488
65210,1933.2318008742488
65211,1933.2318008742488
65212,1933.2318008742488
65213,1933.2318008742488
65214,1933.2318008742488
65215,1933.2318008742488
65216,1933.2318008742488
65217,1933.2318008742488
65218,1933.2318008742488
65219,1933.2318008742488
65220,1933.2318008742488
65221,1933.2318008742488
65222,1933.2318008742488
65223,1933.2318008742488
65224,1933.2318008742488
65225,1933.2318008742488
65226,1933.2318008742488
65227,1933.2318008742488
65228,1933.2318008742488
65229,1933.2318008742488
65230,1933.2318008742488
65231,1933.2318008742488
65232,1933.2318008742488
65233,1933.2318008742488
65234,1933.2318008742488
65235,1933.2318008742488
65236,1933.2318008742488
65237,1933.2318008742488
65238,1933.2318008742488
65239,1933.2318008742488
65240,1933.2318008742488
65241,1933.2318008742488
65242,1933.2318008742488
65243,1933.2318008742488
65244,1920.663867701385
65245,1920.663867701385
65246,1920.663867701385
65247,1920.663867701385
65248,1920.663867701385
65249,1920.663867701385
65250,1920.663867701385
65251,1920.663867701385
65252,1920.663867701385
65253,1920.663867701385
65254,1920.663867701385
65255,1920.663867701385
65256,1920.663867701385
65257,1920.663867701385
65258,1920.663867701385
65259,1920.663867701385
65260,1920.663867701385
65261,1920.663867701385
65262,1920.663867701385
65263,1920.663867701385
65264,1920.663867701385
65265,1920.663867701385
65266,1920.663867701385
65267,1920.663867701385
65268,1920.663867701385
65269,1920.663867701385
65270,1920.663867701385
65271,1920.663867701385
65272,1920.663867701385
65273,1920.663867701385
65274,1920.663867701385
65275,1920.663867701385
65276,1920.663867701385
65277,1920.663867701385
65278,1920.663867701385
65279,1920.663867701385
65280,1920.663867701385
65281,1920.663867701385
65282,1920.663867701385
65283,1920.663867701385
65284,1920.663867701385
65285,1920.663867701385
65286,1920.663867701385
65287,1920.663867701385
65288,1920.663867701385
65289,1920.663867701385
65290,1920.663867701385
65291,1920.663867701385
65292,1920.663867701385
65293,1920.663867701385
65294,1920.663867701385
65295,1920.663867701385
65296,1920.663867701385
65297,1920.663867701385
65298,1920.663867701385
65299,1920.663867701385
65300,1920.663867701385
65301,1920.663867701385
65302,1920.663867701385
65303,1920.663867701385
65304,1920.663867701385
65305,1920.663867701385
65306,1920.663867701385
65307,1920.663867701385
65308,1920.663867701385
65309,1920.663867701385
65310,1920.663867701385
65311,1920.663867701385
65312,1920.663867701385
65313,1920.663867701385
65314,1920.663867701385
65315,1920.663867701385
65316,1920.663867701385
65317,1920.663867701385
65318,1920.663867701385
65319,1920.663867701385
65320,1920.663867701385
65321,1920.663867701385
65322,1920.663867701385
65323,1920.663867701385
65324,1920.663867701385
65325,1920.663867701385
65326,1920.663867701385
65327,1920.663867701385
65328,1920.663867701385
65329,1920.663867701385
65330,1920.663867701385
65331,1920.663867701385
65332,1920.663867701385
65333,1920.663867701385
65334,1920.663867701385
65335,1920.663867701385
65336,1920.663867701385
65337,1920.663867701385
65338,1920.663867701385
65339,1920.663867701385
65340,1920.663867701385
65341,1920.663867701385
65342,1920.663867701385
65343,1920.663867701385
65344,1920.663867701385
65345,1920.663867701385
65346,1920.663867701385
65347,1920.663867701385
65348,1920.663867701385
65349,1920.663867701385
65350,1920.663867701385
65351,1920.663867701385
65352,1920.663867701385
65353,1920.663867701385
65354,1920.663867701385
65355,1920.663867701385
65356,1920.663867701385
65357,1920.663867701385
65358,1920.663867701385
65359,1920.663867701385
65360,1920.663867701385
65361,1920.663867701385
65362,1920.663867701385
65363,1920.663867701385
65364,1920.663867701385
65365,1920.663867701385
65366,1920.663867701385
65367,1920.663867701385
65368,1920.663867701385
65369,1920.663867701385
65370,1920.663867701385
65371,1920.663867701385
65372,1920.663867701385
65373,1920.663867701385
65374,1920.663867701385
65375,1920.663867701385
65376,1920.663867701385
65377,1920.663867701385
65378,1920.663867701385
65379,1920.663867701385
65380,1920.663867701385
65381,1920.663867701385
65382,1920.663867701385
65383,1920.663867701385
65384,1920.663867701385
65385,1920.663867701385
65386,1920.663867701385
65387,1920.663867701385
65388,1920.663867701385
65389,1920.663867701385
65390,1920.663867701385
65391,1920.663867701385
65392,1920.663867701385
65393,1920.663867701385
65394,1920.663867701385
65395,1920.663867701385
65396,1920.663867701385
65397,1920.663867701385
65398,1920.663867701385
65399,1920.663867701385
65400,1920.663867701385
65401,1920.663867701385
65402,1920.663867701385
65403,1920.663867701385
65404,1920.663867701385
65405,1920.663867701385
65406,1920.663867701385
65407,1920.663867701385
65408,1920.663867701385
65409,1920.663867701385
65410,1920.663867701385
65411,1920.663867701385
65412,1920.663867701385
65413,1920.663867701385
65414,1920.663867701385
65415,1920.663867701385
65416,1920.663867701385
65417,1920.663867701385
65418,1920.663867701385
65419,1920.663867701385
65420,1920.663867701385
65421,1920.663867701385
65422,1920.663867701385
65423,1920.663867701385
65424,1920.663867701385
65425,1920.663867701385
65426,1920.663867701385
65427,1920.663867701385
65428,1920.663867701385
65429,1920.663867701385
65430,1920.663867701385
65431,1920.663867701385
65432,1920.663867701385
65433,1920.663867701385
65434,1920.663867701385
65435,1920.663867701385
65436,1920.663867701385
65437,1920.663867701385
65438,1920.663867701385
65439,1920.663867701385
65440,1920.663867701385
65441,1920.663867701385
65442,1920.663867701385
65443,1920.663867701385
65444,1920.663867701385
65445,1920.663867701385
65446,1920.663867701385
65447,1920.663867701385
65448,1920.663867701385
65449,1920.663867701385
65450,1920.663867701385
65451,1920.663867701385
65452,1920.663867701385
65453,1920.663867701385
65454,1920.663867701385
65455,1920.663867701385
65456,1920.663867701385
65457,1920.663867701385
65458,1920.663867701385
65459,1920.663867701385
65460,1920.663867701385
65461,1920.663867701385
65462,1920.663867701385
65463,1920.663867701385
65464,1920.663867701385
65465,1920.663867701385
65466,1920.663867701385
65467,1920.663867701385
65468,1920.663867701385
65469,1920.663867701385
65470,1920.663867701385
65471,1920.663867701385
65472,1920.663867701385
65473,1920.663867701385
65474,1920.663867701385
65475,1920.663867701385
65476,1920.663867701385
65477,1920.663867701385
65478,1920.663867701385
65479,1920.663867701385
65480,1920.663867701385
65481,1920.663867701385
65482,1920.663867701385
65483,1920.663867701385
65484,1920.663867701385
65485,1920.663867701385
65486,1920.663867701385
65487,1920.663867701385
65488,1920.663867701385
65489,1920.663867701385
65490,1920.663867701385
65491,1920.663867701385
65492,1920.663867701385
65493,1920.663867701385
65494,1920.663867701385
65495,1920.663867701385
65496,1920.663867701385
65497,1920.663867701385
65498,1920.663867701385
65499,1920.663867701385
65500,1920.663867701385
65501,1920.663867701385
65502,1920.663867701385
65503,1920.663867701385
65504,1920.663867701385
65505,1920.663867701385
65506,1920.663867701385
65507,1920.663867701385
65508,1920.663867701385
65509,1920.663867701385
65510,1920.663867701385
65511,1920.663867701385
65512,1920.663867701385
65513,1920.663867701385
65514,1920.663867701385
65515,1920.663867701385
65516,1920.663867701385
65517,1920.663867701385
65518,1920.663867701385
65519,1920.663867701385
65520,1920.663867701385
65521,1920.663867701385
65522,1920.663867701385
65523,1920.663867701385
65524,1920.663867701385
65525,1920.663867701385
65526,1920.663867701385
65527,1920.663867701385
65528,1920.663867701385
65529,1920.663867701385
65530,1920.663867701385
65531,1920.663867701385
65532,1920.663867701385
65533,1920.663867701385
65534,1920.663867701385
65535,1920.663867701385
65536,1920.663867701385
65537,1920.663867701385
65538,1920.663867701385
65539,1920.663867701385
65540,1920.663867701385
65541,1920.663867701385
65542,1920.663867701385
65543,1920.663867701385
65544,1920.663867701385
65545,1920.663867701385
65546,1920.663867701385
65547,1920.663867701385
65548,1920.663867701385
65549,1920.663867701385
65550,1920.663867701385
65551,1920.663867701385
65552,1920.663867701385
65553,1920.663867701385
65554,1920.663867701385
65555,1920.663867701385
65556,1920.663867701385
65557,1920.663867701385
65558,1920.663867701385
65559,1920.663867701385
65560,1920.663867701385
65561,1920.663867701385
65562,1920.663867701385
65563,1920.663867701385
65564,1920.663867701385
65565,1920.663867701385
65566,1920.663867701385
65567,1920.663867701385
65568,1920.663867701385
65569,1920.663867701385
65570,1920.663867701385
65571,1920.663867701385
65572,1920.663867701385
65573,1920.663867701385
65574,1920.663867701385
65575,1920.663867701385
65576,1920.663867701385
65577,1920.663867701385
65578,1920.663867701385
65579,1920.663867701385
65580,1920.663867701385
65581,1920.663867701385
65582,1920.663867701385
65583,1920.663867701385
65584,1920.663867701385
65585,1920.663867701385
65586,1920.663867701385
65587,1920.663867701385
65588,1920.663867701385
65589,1920.663867701385
65590,1920.663867701385
65591,1920.663867701385
65592,1920.663867701385
65593,1920.663867701385
65594,1920.663867701385
65595,1920.663867701385
65596,1920.663867701385
65597,1920.663867701385
65598,1920.663867701385
65599,1920.663867701385
65600,1920.663867701385
65601,1920.663867701385
65602,1920.663867701385
65603,1920.663867701385
65604,1920.663867701385
65605,1920.663867701385
65606,1920.663867701385
65607,1920.663867701385
65608,1920.663867701385
65609,1920.663867701385
65610,1920.663867701385
65611,1920.663867701385
65612,1920.663867701385
65613,1920.663867701385
65614,1920.663867701385
65615,1920.663867701385
65616,1920.663867701385
65617,1920.663867701385
65618,1920.663867701385
65619,1920.663867701385
65620,1920.663867701385
65621,1920.663867701385
65622,1920.663867701385
65623,1920.663867701385
65624,1920.663867701385
65625,1920.663867701385
65626,1920.663867701385
65627,1920.663867701385
65628,1920.663867701385
65629,1920.663867701385
65630,1920.663867701385
65631,1920.663867701385
65632,1920.663867701385
65633,1920.663867701385
65634,1920.663867701385
65635,1920.663867701385
65636,1920.663867701385
65637,1920.663867701385
65638,1920.663867701385
65639,1920.663867701385
65640,1920.663867701385
65641,1920.663867701385
65642,1920.663867701385
65643,1920.663867701385
65644,1920.663867701385
65645,1920.663867701385
65646,1920.663867701385
65647,1920.663867701385
65648,1920.663867701385
65649,1920.663867701385
65650,1920.663867701385
65651,1920.663867701385
65652,1920.663867701385
65653,1920.663867701385
65654,1920.663867701385
65655,1920.663867701385
65656,1920.663867701385
65657,1920.663867701385
65658,1920.663867701385
65659,1920.663867701385
65660,1920.663867701385
65661,1920.663867701385
65662,1920.663867701385
65663,1920.663867701385
65664,1920.663867701385
65665,1920.663867701385
65666,1920.663867701385
65667,1920.663867701385
65668,1920.663867701385
65669,1920.663867701385
65670,1920.663867701385
65671,1920.663867701385
65672,1920.663867701385
65673,1920.663867701385
65674,1920.663867701385
65675,1920.663867701385
65676,1920.663867701385
65677,1920.663867701385
65678,1920.663867701385
65679,1920.663867701385
65680,1920.663867701385
65681,1920.663867701385
65682,1920.663867701385
65683,1920.663867701385
65684,1920.663867701385
65685,1920.663867701385
65686,1920.663867701385
65687,1920.663867701385
65688,1920.663867701385
65689,1920.663867701385
65690,1920.663867701385
65691,1920.663867701385
65692,1920.663867701385
65693,1920.663867701385
65694,1920.663867701385
65695,1920.663867701385
65696,1920.663867701385
65697,1920.663867701385
65698,1920.663867701385
65699,1920.663867701385
65700,1920.663867701385
65701,1920.663867701385
65702,1920.663867701385
65703,1920.663867701385
65704,1920.663867701385
65705,1920.663867701385
65706,1920.663867701385
65707,1920.663867701385
65708,1920.663867701385
65709,1920.663867701385
65710,1920.663867701385
65711,1920.663867701385
65712,1920.663867701385
65713,1920.663867701385
65714,1920.663867701385
65715,1920.663867701385
65716,1920.663867701385
65717,1920.663867701385
65718,1920.663867701385
65719,1920.663867701385
65720,1920.663867701385
65721,1920.663867701385
65722,1920.663867701385
65723,1920.663867701385
65724,1920.663867701385
65725,1920.663867701385
65726,1920.663867701385
65727,1920.663867701385
65728,1920.663867701385
65729,1920.663867701385
65730,1920.663867701385
65731,1920.663867701385
65732,1920.663867701385
65733,1920.663867701385
65734,1920.663867701385
65735,1920.663867701385
65736,1920.663867701385
65737,1920.663867701385
65738,1920.663867701385
65739,1920.663867701385
65740,1920.663867701385
65741,1920.663867701385
65742,1920.663867701385
65743,1920.663867701385
65744,1920.663867701385
65745,1920.663867701385
65746,1920.663867701385
65747,1920.663867701385
65748,1920.663867701385
65749,1920.663867701385
65750,1920.663867701385
65751,1920.663867701385
65752,1920.663867701385
65753,1920.663867701385
65754,1920.663867701385
65755,1920.663867701385
65756,1920.663867701385
65757,1920.663867701385
65758,1920.663867701385
65759,1920.663867701385
65760,1920.663867701385
65761,1920.663867701385
65762,1920.663867701385
65763,1920.663867701385
65764,1920.663867701385
65765,1920.663867701385
65766,1920.663867701385
65767,1920.663867701385
65768,1920.663867701385
65769,1920.663867701385
65770,1920.663867701385
65771,1920.663867701385
65772,1920.663867701385
65773,1920.663867701385
65774,1920.663867701385
65775,1920.663867701385
65776,1920.663867701385
65777,1920.663867701385
65778,1920.663867701385
65779,1920.663867701385
65780,1920.663867701385
65781,1920.663867701385
65782,1920.663867701385
65783,1920.663867701385
65784,1920.663867701385
65785,1920.663867701385
65786,1920.663867701385
65787,1920.663867701385
65788,1920.663867701385
65789,1920.663867701385
65790,1920.663867701385
65791,1920.663867701385
65792,1920.663867701385
65793,1920.663867701385
65794,1920.663867701385
65795,1920.663867701385
65796,1920.663867701385
65797,1920.663867701385
65798,1920.663867701385
65799,1920.663867701385
65800,1920.663867701385
65801,1920.663867701385
65802,1920.663867701385
65803,1920.663867701385
65804,1920.663867701385
65805,1920.663867701385
65806,1920.663867701385
65807,1920.663867701385
65808,1920.663867701385
65809,1920.663867701385
65810,1920.663867701385
65811,1920.663867701385
65812,1920.663867701385
65813,1920.663867701385
65814,1920.663867701385
65815,1920.663867701385
65816,1920.663867701385
65817,1920.663867701385
65818,1920.663867701385
65819,1920.663867701385
65820,1920.663867701385
65821,1920.663867701385
65822,1920.663867701385
65823,1920.663867701385
65824,1920.663867701385
65825,1920.663867701385
65826,1920.663867701385
65827,1920.663867701385
65828,1920.663867701385
65829,1920.663867701385
65830,1920.663867701385
65831,1920.663867701385
65832,1920.663867701385
65833,1920.663867701385
65834,1920.663867701385
65835,1920.663867701385
65836,1920.663867701385
65837,1920.663867701385
65838,1920.663867701385
65839,1920.663867701385
65840,1920.663867701385
65841,1920.663867701385
65842,1920.663867701385
65843,1920.663867701385
65844,1920.663867701385
65845,1920.663867701385
65846,1920.663867701385
65847,1920.663867701385
65848,1920.663867701385
65849,1920.663867701385
65850,1920.663867701385
65851,1920.663867701385
65852,1920.663867701385
65853,1920.663867701385
65854,1920.663867701385
65855,1920.663867701385
65856,1920.663867701385
65857,1920.663867701385
65858,1920.663867701385
65859,1920.663867701385
65860,1920.663867701385
65861,1920.663867701385
65862,1920.663867701385
65863,1920.663867701385
65864,1920.663867701385
65865,1920.663867701385
65866,1920.663867701385
65867,1920.663867701385
65868,1920.663867701385
65869,1920.663867701385
65870,1920.663867701385
65871,1920.663867701385
65872,1920.663867701385
65873,1920.663867701385
65874,1920.663867701385
65875,1920.663867701385
65876,1920.663867701385
65877,1920.663867701385
65878,1920.663867701385
65879,1920.663867701385
65880,1920.663867701385
65881,1920.663867701385
65882,1920.663867701385
65883,1920.663867701385
65884,1920.663867701385
65885,1920.663867701385
65886,1920.663867701385
65887,1920.663867701385
65888,1920.663867701385
65889,1920.663867701385
65890,1920.663867701385
65891,1920.663867701385
65892,1920.663867701385
65893,1920.663867701385
65894,1920.663867701385
65895,1920.663867701385
65896,1920.663867701385
65897,1920.663867701385
65898,1920.663867701385
65899,1920.663867701385
65900,1920.663867701385
65901,1920.663867701385
65902,1920.663867701385
65903,1920.663867701385
65904,1920.663867701385
65905,1920.663867701385
65906,1920.663867701385
65907,1920.663867701385
65908,1920.663867701385
65909,1920.663867701385
65910,1920.663867701385
65911,1920.663867701385
65912,1920.663867701385
65913,1920.663867701385
65914,1920.663867701385
65915,1920.663867701385
65916,1920.663867701385
65917,1920.663867701385
65918,1920.663867701385
65919,1920.663867701385
65920,1920.663867701385
65921,1920.663867701385
65922,1920.663867701385
65923,1920.663867701385
65924,1920.663867701385
65925,1920.663867701385
65926,1920.663867701385
65927,1920.663867701385
65928,1920.663867701385
65929,1920.663867701385
65930,1920.663867701385
65931,1920.663867701385
65932,1920.663867701385
65933,1920.663867701385
65934,1920.663867701385
65935,1920.663867701385
65936,1920.663867701385
65937,1920.663867701385
65938,1920.663867701385
65939,1920.663867701385
65940,1920.663867701385
65941,1920.663867701385
65942,1920.663867701385
65943,1920.663867701385
65944,1920.663867701385
65945,1920.663867701385
65946,1920.663867701385
65947,1920.663867701385
65948,1920.663867701385
65949,1920.663867701385
65950,1920.663867701385
65951,1920.663867701385
65952,1920.663867701385
65953,1920.663867701385
65954,1920.663867701385
65955,1920.663867701385
65956,1920.663867701385
65957,1920.663867701385
65958,1920.663867701385
65959,1920.663867701385
65960,1920.663867701385
65961,1920.663867701385
65962,1920.663867701385
65963,1920.663867701385
65964,1920.663867701385
65965,1920.663867701385
65966,1920.663867701385
65967,1920.663867701385
65968,1920.663867701385
65969,1920.663867701385
65970,1920.663867701385
65971,1920.663867701385
65972,1920.663867701385
65973,1920.663867701385
65974,1920.663867701385
65975,1920.663867701385
65976,1920.663867701385
65977,1920.663867701385
65978,1920.663867701385
65979,1920.663867701385
65980,1920.663867701385
65981,1920.663867701385
65982,1920.663867701385
65983,1920.663867701385
65984,1920.663867701385
65985,1920.663867701385
65986,1920.663867701385
65987,1920.663867701385
65988,1920.663867701385
65989,1920.663867701385
65990,1920.663867701385
65991,1920.663867701385
65992,1920.663867701385
65993,1920.663867701385
65994,1920.663867701385
65995,1920.663867701385
65996,1920.663867701385
65997,1920.663867701385
65998,1920.663867701385
65999,1920.663867701385
66000,1920.663867701385
66001,1920.663867701385
66002,1920.663867701385
66003,1920.663867701385
66004,1920.663867701385
66005,1920.663867701385
66006,1920.663867701385
66007,1920.663867701385
66008,1920.663867701385
66009,1920.663867701385
66010,1920.663867701385
66011,1920.663867701385
66012,1920.663867701385
66013,1920.663867701385
66014,1920.663867701385
66015,1920.663867701385
66016,1920.663867701385
66017,1920.663867701385
66018,1920.663867701385
66019,1920.663867701385
66020,1920.663867701385
66021,1920.663867701385
66022,1920.663867701385
66023,1920.663867701385
66024,1920.663867701385
66025,1920.663867701385
66026,1920.663867701385
66027,1920.663867701385
66028,1920.663867701385
66029,1920.663867701385
66030,1920.663867701385
66031,1920.663867701385
66032,1920.663867701385
66033,1920.663867701385
66034,1920.663867701385
66035,1920.663867701385
66036,1920.663867701385
66037,1920.663867701385
66038,1920.663867701385
66039,1920.663867701385
66040,1920.663867701385
66041,1920.663867701385
66042,1920.663867701385
66043,1920.663867701385
66044,1920.663867701385
66045,1920.663867701385
66046,1920.663867701385
66047,1920.663867701385
66048,1920.663867701385
66049,1920.663867701385
66050,1920.663867701385
66051,1920.663867701385
66052,1920.663867701385
66053,1920.663867701385
66054,1920.663867701385
66055,1920.663867701385
66056,1920.663867701385
66057,1920.663867701385
66058,1920.663867701385
66059,1920.663867701385
66060,1920.663867701385
66061,1920.663867701385
66062,1920.663867701385
66063,1920.663867701385
66064,1920.663867701385
66065,1920.663867701385
66066,1920.663867701385
66067,1920.663867701385
66068,1920.663867701385
66069,1920.663867701385
66070,1920.663867701385
66071,1920.663867701385
66072,1920.663867701385
66073,1920.663867701385
66074,1920.663867701385
66075,1920.663867701385
66076,1920.663867701385
66077,1920.663867701385
66078,1920.663867701385
66079,1920.663867701385
66080,1920.663867701385
66081,1920.663867701385
66082,1920.663867701385
66083,1920.663867701385
66084,1920.663867701385
66085,1920.663867701385
66086,1920.663867701385
66087,1920.663867701385
66088,1920.663867701385
66089,1920.663867701385
66090,1920.663867701385
66091,1920.663867701385
66092,1920.663867701385
66093,1920.663867701385
66094,1920.663867701385
66095,1920.663867701385
66096,1920.663867701385
66097,1920.663867701385
66098,1920.663867701385
66099,1920.663867701385
66100,1920.663867701385
66101,1920.663867701385
66102,1920.663867701385
66103,1920.663867701385
66104,1920.663867701385
66105,1920.663867701385
66106,1920.663867701385
66107,1920.663867701385
66108,1920.663867701385
66109,1920.663867701385
66110,1920.663867701385
66111,1920.663867701385
66112,1920.663867701385
66113,1920.663867701385
66114,1920.663867701385
66115,1920.663867701385
66116,1920.663867701385
66117,1920.663867701385
66118,1920.663867701385
66119,1920.663867701385
66120,1920.663867701385
66121,1920.663867701385
66122,1920.663867701385
66123,1920.663867701385
66124,1920.663867701385
66125,1920.663867701385
66126,1920.663867701385
66127,1920.663867701385
66128,1920.663867701385
66129,1920.663867701385
66130,1920.663867701385
66131,1920.663867701385
66132,1920.663867701385
66133,1920.663867701385
66134,1920.663867701385
66135,1920.663867701385
66136,1920.663867701385
66137,1920.663867701385
66138,1920.663867701385
66139,1920.663867701385
66140,1920.663867701385
66141,1920.663867701385
66142,1920.663867701385
66143,1920.663867701385
66144,1920.663867701385
66145,1920.663867701385
66146,1920.663867701385
66147,1920.663867701385
66148,1920.663867701385
66149,1920.663867701385
66150,1920.663867701385
66151,1920.663867701385
66152,1920.663867701385
66153,1920.663867701385
66154,1920.663867701385
66155,1920.663867701385
66156,1920.663867701385
66157,1920.663867701385
66158,1920.663867701385
66159,1920.663867701385
66160,1920.663867701385
66161,1920.663867701385
66162,1920.663867701385
66163,1920.663867701385
66164,1920.663867701385
66165,1920.663867701385
66166,1920.663867701385
66167,1920.663867701385
66168,1920.663867701385
66169,1920.663867701385
66170,1920.663867701385
66171,1920.663867701385
66172,1920.663867701385
66173,1920.663867701385
66174,1920.663867701385
66175,1920.663867701385
66176,1920.663867701385
66177,1920.663867701385
66178,1920.663867701385
66179,1920.663867701385
66180,1920.663867701385
66181,1920.663867701385
66182,1920.663867701385
66183,1920.663867701385
66184,1920.663867701385
66185,1920.663867701385
66186,1920.663867701385
66187,1920.663867701385
66188,1920.663867701385
66189,1920.663867701385
66190,1920.663867701385
66191,1920.663867701385
66192,1920.663867701385
66193,1920.663867701385
66194,1920.663867701385
66195,1920.663867701385
66196,1920.663867701385
66197,1920.663867701385
66198,1920.663867701385
66199,1920.663867701385
66200,1920.663867701385
66201,1920.663867701385
66202,1920.663867701385
66203,1920.663867701385
66204,1920.663867701385
66205,1920.663867701385
66206,1920.663867701385
66207,1920.663867701385
66208,1920.663867701385
66209,1920.663867701385
66210,1920.663867701385
66211,1920.663867701385
66212,1920.663867701385
66213,1920.663867701385
66214,1920.663867701385
66215,1920.663867701385
66216,1920.663867701385
66217,1920.663867701385
66218,1920.663867701385
66219,1920.663867701385
66220,1920.663867701385
66221,1920.663867701385
66222,1920.663867701385
66223,1920.663867701385
66224,1920.663867701385
66225,1920.663867701385
66226,1920.663867701385
66227,1920.663867701385
66228,1920.663867701385
66229,1920.663867701385
66230,1920.663867701385
66231,1920.663867701385
66232,1920.663867701385
66233,1920.663867701385
66234,1920.663867701385
66235,1920.663867701385
66236,1920.663867701385
66237,1920.663867701385
66238,1920.663867701385
66239,1920.663867701385
66240,1920.663867701385
66241,1920.663867701385
66242,1920.663867701385
66243,1920.663867701385
66244,1920.663867701385
66245,1920.663867701385
66246,1920.663867701385
66247,1920.663867701385
66248,1920.663867701385
66249,1920.663867701385
66250,1920.663867701385
66251,1920.663867701385
66252,1920.663867701385
66253,1920.663867701385
66254,1920.663867701385
66255,1920.663867701385
66256,1920.663867701385
66257,1920.663867701385
66258,1920.663867701385
66259,1920.663867701385
66260,1920.663867701385
66261,1920.663867701385
66262,1920.663867701385
66263,1920.663867701385
66264,1920.663867701385
66265,1920.663867701385
66266,1920.663867701385
66267,1920.663867701385
66268,1920.663867701385
66269,1920.663867701385
66270,1920.663867701385
66271,1920.663867701385
66272,1920.663867701385
66273,1920.663867701385
66274,1920.663867701385
66275,1920.663867701385
66276,1920.663867701385
66277,1920.663867701385
66278,1920.663867701385
66279,1920.663867701385
66280,1920.663867701385
66281,1920.663867701385
66282,1920.663867701385
66283,1920.663867701385
66284,1920.663867701385
66285,1920.663867701385
66286,1920.663867701385
66287,1920.663867701385
66288,1920.663867701385
66289,1920.663867701385
66290,1920.663867701385
66291,1920.663867701385
66292,1920.663867701385
66293,1920.663867701385
66294,1920.663867701385
66295,1920.663867701385
66296,1920.663867701385
66297,1920.663867701385
66298,1920.663867701385
66299,1920.663867701385
66300,1920.663867701385
66301,1920.663867701385
66302,1920.663867701385
66303,1920.663867701385
66304,1920.663867701385
66305,1920.663867701385
66306,1920.663867701385
66307,1920.663867701385
66308,1920.663867701385
66309,1920.663867701385
66310,1920.663867701385
66311,1920.663867701385
66312,1920.663867701385
66313,1920.663867701385
66314,1920.663867701385
66315,1920.663867701385
66316,1920.663867701385
66317,1920.663867701385
66318,1920.663867701385
66319,1920.663867701385
66320,1920.663867701385
66321,1920.663867701385
66322,1920.663867701385
66323,1920.663867701385
66324,1920.663867701385
66325,1920.663867701385
66326,1920.663867701385
66327,1920.663867701385
66328,1920.663867701385
66329,1920.663867701385
66330,1920.663867701385
66331,1920.663867701385
66332,1920.663867701385
66333,1920.663867701385
66334,1920.663867701385
66335,1920.663867701385
66336,1920.663867701385
66337,1920.663867701385
66338,1920.663867701385
66339,1920.663867701385
66340,1920.663867701385
66341,1920.663867701385
66342,1920.663867701385
66343,1920.663867701385
66344,1920.663867701385
66345,1920.663867701385
66346,1920.663867701385
66347,1920.663867701385
66348,1920.663867701385
66349,1920.663867701385
66350,1920.663867701385
66351,1920.663867701385
66352,1920.663867701385
66353,1920.663867701385
66354,1920.663867701385
66355,1920.663867701385
66356,1920.663867701385
66357,1920.663867701385
66358,1920.663867701385
66359,1920.663867701385
66360,1920.663867701385
66361,1920.663867701385
66362,1920.663867701385
66363,1920.663867701385
66364,1920.663867701385
66365,1920.663867701385
66366,1920.663867701385
66367,1920.663867701385
66368,1920.663867701385
66369,1920.663867701385
66370,1920.663867701385
66371,1920.663867701385
66372,1920.663867701385
66373,1920.663867701385
66374,1920.663867701385
66375,1920.663867701385
66376,1920.663867701385
66377,1920.663867701385
66378,1920.663867701385
66379,1920.663867701385
66380,1920.663867701385
66381,1920.663867701385
66382,1920.663867701385
66383,1920.663867701385
66384,1920.663867701385
66385,1920.663867701385
66386,1920.663867701385
66387,1920.663867701385
66388,1920.663867701385
66389,1920.663867701385
66390,1920.663867701385
66391,1920.663867701385
66392,1920.663867701385
66393,1920.663867701385
66394,1920.663867701385
66395,1920.663867701385
66396,1920.663867701385
66397,1920.663867701385
66398,1920.663867701385
66399,1920.663867701385
66400,1920.663867701385
66401,1920.663867701385
66402,1920.663867701385
66403,1920.663867701385
66404,1920.663867701385
66405,1920.663867701385
66406,1920.663867701385
66407,1920.663867701385
66408,1920.663867701385
66409,1920.663867701385
66410,1920.663867701385
66411,1920.663867701385
66412,1920.663867701385
66413,1920.663867701385
66414,1920.663867701385
66415,1920.663867701385
66416,1920.663867701385
66417,1920.663867701385
66418,1920.663867701385
66419,1920.663867701385
66420,1920.663867701385
66421,1920.663867701385
66422,1920.663867701385
66423,1920.663867701385
66424,1920.663867701385
66425,1920.663867701385
66426,1920.663867701385
66427,1920.663867701385
66428,1920.663867701385
66429,1920.663867701385
66430,1920.663867701385
66431,1920.663867701385
66432,1920.663867701385
66433,1920.663867701385
66434,1920.663867701385
66435,1920.663867701385
66436,1920.663867701385
66437,1920.663867701385
66438,1920.663867701385
66439,1920.663867701385
66440,1920.663867701385
66441,1920.663867701385
66442,1920.663867701385
66443,1920.663867701385
66444,1920.663867701385
66445,1920.663867701385
66446,1920.663867701385
66447,1920.663867701385
66448,1920.663867701385
66449,1920.663867701385
66450,1920.663867701385
66451,1920.663867701385
66452,1920.663867701385
66453,1920.663867701385
66454,1920.663867701385
66455,1920.663867701385
66456,1920.663867701385
66457,1920.663867701385
66458,1920.663867701385
66459,1920.663867701385
66460,1920.663867701385
66461,1920.663867701385
66462,1920.663867701385
66463,1920.663867701385
66464,1920.663867701385
66465,1920.663867701385
66466,1920.663867701385
66467,1920.663867701385
66468,1920.663867701385
66469,1920.663867701385
66470,1920.663867701385
66471,1920.663867701385
66472,1920.663867701385
66473,1920.663867701385
66474,1920.663867701385
66475,1920.663867701385
66476,1920.663867701385
66477,1920.663867701385
66478,1920.663867701385
66479,1920.663867701385
66480,1920.663867701385
66481,1920.663867701385
66482,1920.663867701385
66483,1920.663867701385
66484,1920.663867701385
66485,1920.663867701385
66486,1920.663867701385
66487,1920.663867701385
66488,1920.663867701385
66489,1920.663867701385
66490,1920.663867701385
66491,1920.663867701385
66492,1920.663867701385
66493,1920.663867701385
66494,1920.663867701385
66495,1920.663867701385
66496,1920.663867701385
66497,1920.663867701385
66498,1920.663867701385
66499,1920.663867701385
66500,1920.663867701385
66501,1920.663867701385
66502,1920.663867701385
66503,1920.663867701385
66504,1920.663867701385
66505,1920.663867701385
66506,1920.663867701385
66507,1920.663867701385
66508,1920.663867701385
66509,1920.663867701385
66510,1920.663867701385
66511,1920.663867701385
66512,1920.663867701385
66513,1920.663867701385
66514,1920.663867701385
66515,1920.663867701385
66516,1920.663867701385
66517,1920.663867701385
66518,1920.663867701385
66519,1920.663867701385
66520,1920.663867701385
66521,1920.663867701385
66522,1920.663867701385
66523,1920.663867701385
66524,1920.663867701385
66525,1920.663867701385
66526,1920.663867701385
66527,1920.663867701385
66528,1920.663867701385
66529,1920.663867701385
66530,1920.663867701385
66531,1920.663867701385
66532,1920.663867701385
66533,1920.663867701385
66534,1920.663867701385
66535,1920.663867701385
66536,1920.663867701385
66537,1920.663867701385
66538,1920.663867701385
66539,1920.663867701385
66540,1920.663867701385
66541,1920.663867701385
66542,1920.663867701385
66543,1920.663867701385
66544,1920.663867701385
66545,1920.663867701385
66546,1920.663867701385
66547,1920.663867701385
66548,1920.663867701385
66549,1920.663867701385
66550,1920.663867701385
66551,1920.663867701385
66552,1920.663867701385
66553,1920.663867701385
66554,1920.663867701385
66555,1920.663867701385
66556,1920.663867701385
66557,1920.663867701385
66558,1920.663867701385
66559,1920.663867701385
66560,1920.663867701385
66561,1920.663867701385
66562,1920.663867701385
66563,1920.663867701385
66564,1920.663867701385
66565,1920.663867701385
66566,1920.663867701385
66567,1920.663867701385
66568,1920.663867701385
66569,1920.663867701385
66570,1920.663867701385
66571,1920.663867701385
66572,1920.663867701385
66573,1920.663867701385
66574,1920.663867701385
66575,1920.663867701385
66576,1920.663867701385
66577,1920.663867701385
66578,1920.663867701385
66579,1920.663867701385
66580,1920.663867701385
66581,1920.663867701385
66582,1920.663867701385
66583,1920.663867701385
66584,1920.663867701385
66585,1920.663867701385
66586,1920.663867701385
66587,1920.663867701385
66588,1920.663867701385
66589,1920.663867701385
66590,1920.663867701385
66591,1920.663867701385
66592,1920.663867701385
66593,1920.663867701385
66594,1920.663867701385
66595,1920.663867701385
66596,1920.663867701385
66597,1920.663867701385
66598,1920.663867701385
66599,1920.663867701385
66600,1920.663867701385
66601,1920.663867701385
66602,1920.663867701385
66603,1920.663867701385
66604,1920.663867701385
66605,1920.663867701385
66606,1920.663867701385
66607,1920.663867701385
66608,1920.663867701385
66609,1920.663867701385
66610,1920.663867701385
66611,1920.663867701385
66612,1920.663867701385
66613,1920.663867701385
66614,1920.663867701385
66615,1920.663867701385
66616,1920.663867701385
66617,1920.663867701385
66618,1920.663867701385
66619,1920.663867701385
66620,1920.663867701385
66621,1920.663867701385
66622,1920.663867701385
66623,1920.663867701385
66624,1920.663867701385
66625,1920.663867701385
66626,1920.663867701385
66627,1920.663867701385
66628,1920.663867701385
66629,1920.663867701385
66630,1920.663867701385
66631,1920.663867701385
66632,1920.663867701385
66633,1920.663867701385
66634,1920.663867701385
66635,1920.663867701385
66636,1920.663867701385
66637,1920.663867701385
66638,1920.663867701385
66639,1920.663867701385
66640,1920.663867701385
66641,1920.663867701385
66642,1920.663867701385
66643,1920.663867701385
66644,1920.663867701385
66645,1920.663867701385
66646,1920.663867701385
66647,1920.663867701385
66648,1920.663867701385
66649,1920.663867701385
66650,1920.663867701385
66651,1920.663867701385
66652,1920.663867701385
66653,1920.663867701385
66654,1920.663867701385
66655,1920.663867701385
66656,1920.663867701385
66657,1920.663867701385
66658,1920.663867701385
66659,1920.663867701385
66660,1920.663867701385
66661,1920.663867701385
66662,1920.663867701385
66663,1920.663867701385
66664,1920.663867701385
66665,1920.663867701385
66666,1920.663867701385
66667,1920.663867701385
66668,1920.663867701385
66669,1920.663867701385
66670,1920.663867701385
66671,1920.663867701385
66672,1920.663867701385
66673,1920.663867701385
66674,1920.663867701385
66675,1920.663867701385
66676,1920.663867701385
66677,1920.663867701385
66678,1920.663867701385
66679,1920.663867701385
66680,1920.663867701385
66681,1920.663867701385
66682,1920.663867701385
66683,1920.663867701385
66684,1920.663867701385
66685,1920.663867701385
66686,1920.663867701385
66687,1920.663867701385
66688,1920.663867701385
66689,1920.663867701385
66690,1920.663867701385
66691,1920.663867701385
66692,1920.663867701385
66693,1920.663867701385
66694,1920.663867701385
66695,1920.663867701385
66696,1920.663867701385
66697,1920.663867701385
66698,1920.663867701385
66699,1920.663867701385
66700,1920.663867701385
66701,1920.663867701385
66702,1920.663867701385
66703,1920.663867701385
66704,1920.663867701385
66705,1920.663867701385
66706,1920.663867701385
66707,1920.663867701385
66708,1920.663867701385
66709,1920.663867701385
66710,1920.663867701385
66711,1920.663867701385
66712,1920.663867701385
66713,1920.663867701385
66714,1920.663867701385
66715,1920.663867701385
66716,1920.663867701385
66717,1920.663867701385
66718,1920.663867701385
66719,1920.663867701385
66720,1920.663867701385
66721,1920.663867701385
66722,1920.663867701385
66723,1920.663867701385
66724,1920.663867701385
66725,1920.663867701385
66726,1920.663867701385
66727,1920.663867701385
66728,1920.663867701385
66729,1920.663867701385
66730,1920.663867701385
66731,1920.663867701385
66732,1920.663867701385
66733,1920.663867701385
66734,1920.663867701385
66735,1920.663867701385
66736,1920.663867701385
66737,1920.663867701385
66738,1920.663867701385
66739,1920.663867701385
66740,1920.663867701385
66741,1920.663867701385
66742,1920.663867701385
66743,1920.663867701385
66744,1920.663867701385
66745,1920.663867701385
66746,1920.663867701385
66747,1920.663867701385
66748,1920.663867701385
66749,1920.663867701385
66750,1920.663867701385
66751,1920.663867701385
66752,1920.663867701385
66753,1920.663867701385
66754,1920.663867701385
66755,1920.663867701385
66756,1920.663867701385
66757,1920.663867701385
66758,1920.663867701385
66759,1920.663867701385
66760,1920.663867701385
66761,1920.663867701385
66762,1920.663867701385
66763,1920.663867701385
66764,1920.663867701385
66765,1920.663867701385
66766,1920.663867701385
66767,1920.663867701385
66768,1920.663867701385
66769,1920.663867701385
66770,1920.663867701385
66771,1920.663867701385
66772,1920.663867701385
66773,1920.663867701385
66774,1920.663867701385
66775,1920.663867701385
66776,1920.663867701385
66777,1920.663867701385
66778,1920.663867701385
66779,1920.663867701385
66780,1920.663867701385
66781,1920.663867701385
66782,1920.663867701385
66783,1920.663867701385
66784,1920.663867701385
66785,1920.663867701385
66786,1920.663867701385
66787,1920.663867701385
66788,1920.663867701385
66789,1920.663867701385
66790,1920.663867701385
66791,1920.663867701385
66792,1920.663867701385
66793,1920.663867701385
66794,1920.663867701385
66795,1920.663867701385
66796,1920.663867701385
66797,1920.663867701385
66798,1920.663867701385
66799,1920.663867701385
66800,1920.663867701385
66801,1920.663867701385
66802,1920.663867701385
66803,1920.663867701385
66804,1920.663867701385
66805,1920.663867701385
66806,1920.663867701385
66807,1920.663867701385
66808,1920.663867701385
66809,1920.663867701385
66810,1920.663867701385
66811,1920.663867701385
66812,1920.663867701385
66813,1920.663867701385
66814,1920.663867701385
66815,1920.663867701385
66816,1920.663867701385
66817,1920.663867701385
66818,1920.663867701385
66819,1920.663867701385
66820,1920.663867701385
66821,1920.663867701385
66822,1920.663867701385
66823,1920.663867701385
66824,1920.663867701385
66825,1920.663867701385
66826,1920.663867701385
66827,1920.663867701385
66828,1920.663867701385
66829,1920.663867701385
66830,1920.663867701385
66831,1920.663867701385
66832,1920.663867701385
66833,1920.663867701385
66834,1920.663867701385
66835,1920.663867701385
66836,1920.663867701385
66837,1920.663867701385
66838,1920.663867701385
66839,1920.663867701385
66840,1920.663867701385
66841,1920.663867701385
66842,1920.663867701385
66843,1920.663867701385
66844,1920.663867701385
66845,1920.663867701385
66846,1920.663867701385
66847,1920.663867701385
66848,1920.663867701385
66849,1920.663867701385
66850,1920.663867701385
66851,1920.663867701385
66852,1920.663867701385
66853,1920.663867701385
66854,1920.663867701385
66855,1920.663867701385
66856,1920.663867701385
66857,1920.663867701385
66858,1920.663867701385
66859,1920.663867701385
66860,1920.663867701385
66861,1920.663867701385
66862,1920.663867701385
66863,1920.663867701385
66864,1920.663867701385
66865,1920.663867701385
66866,1920.663867701385
66867,1920.663867701385
66868,1920.663867701385
66869,1920.663867701385
66870,1920.663867701385
66871,1920.663867701385
66872,1920.663867701385
66873,1920.663867701385
66874,1920.663867701385
66875,1920.663867701385
66876,1920.663867701385
66877,1920.663867701385
66878,1920.663867701385
66879,1920.663867701385
66880,1920.663867701385
66881,1920.663867701385
66882,1920.663867701385
66883,1920.663867701385
66884,1920.663867701385
66885,1920.663867701385
66886,1920.663867701385
66887,1920.663867701385
66888,1920.663867701385
66889,1920.663867701385
66890,1920.663867701385
66891,1920.663867701385
66892,1920.663867701385
66893,1920.663867701385
66894,1920.663867701385
66895,1920.663867701385
66896,1920.663867701385
66897,1920.663867701385
66898,1920.663867701385
66899,1920.663867701385
66900,1920.663867701385
66901,1920.663867701385
66902,1920.663867701385
66903,1920.663867701385
66904,1920.663867701385
66905,1920.663867701385
66906,1920.663867701385
66907,1920.663867701385
66908,1920.663867701385
66909,1920.663867701385
66910,1920.663867701385
66911,1920.663867701385
66912,1920.663867701385
66913,1920.663867701385
66914,1920.663867701385
66915,1920.663867701385
66916,1920.663867701385
66917,1920.663867701385
66918,1920.663867701385
66919,1920.663867701385
66920,1920.663867701385
66921,1920.663867701385
66922,1920.663867701385
66923,1920.663867701385
66924,1920.663867701385
66925,1920.663867701385
66926,1920.663867701385
66927,1920.663867701385
66928,1920.663867701385
66929,1920.663867701385
66930,1920.663867701385
66931,1920.663867701385
66932,1920.663867701385
66933,1920.663867701385
66934,1920.663867701385
66935,1920.663867701385
66936,1920.663867701385
66937,1920.663867701385
66938,1920.663867701385
66939,1920.663867701385
66940,1920.663867701385
66941,1920.663867701385
66942,1920.663867701385
66943,1920.663867701385
66944,1920.663867701385
66945,1920.663867701385
66946,1920.663867701385
66947,1920.663867701385
66948,1920.663867701385
66949,1920.663867701385
66950,1920.663867701385
66951,1920.663867701385
66952,1920.663867701385
66953,1920.663867701385
66954,1920.663867701385
66955,1920.663867701385
66956,1920.663867701385
66957,1920.663867701385
66958,1920.663867701385
66959,1920.663867701385
66960,1920.663867701385
66961,1920.663867701385
66962,1920.663867701385
66963,1920.663867701385
66964,1920.663867701385
66965,1920.663867701385
66966,1920.663867701385
66967,1920.663867701385
66968,1920.663867701385
66969,1920.663867701385
66970,1920.663867701385
66971,1920.663867701385
66972,1920.663867701385
66973,1920.663867701385
66974,1920.663867701385
66975,1920.663867701385
66976,1920.663867701385
66977,1920.663867701385
66978,1920.663867701385
66979,1920.663867701385
66980,1920.663867701385
66981,1920.663867701385
66982,1920.663867701385
66983,1920.663867701385
66984,1920.663867701385
66985,1920.663867701385
66986,1920.663867701385
66987,1920.663867701385
66988,1920.663867701385
66989,1920.663867701385
66990,1920.663867701385
66991,1920.663867701385
66992,1920.663867701385
66993,1920.663867701385
66994,1920.663867701385
66995,1920.663867701385
66996,1920.663867701385
66997,1920.663867701385
66998,1920.663867701385
66999,1920.663867701385
67000,1920.663867701385
67001,1920.663867701385
67002,1920.663867701385
67003,1920.663867701385
67004,1920.663867701385
67005,1920.663867701385
67006,1920.663867701385
67007,1920.663867701385
67008,1920.663867701385
67009,1920.663867701385
67010,1920.663867701385
67011,1920.663867701385
67012,1920.663867701385
67013,1920.663867701385
67014,1920.663867701385
67015,1920.663867701385
67016,1920.663867701385
67017,1920.663867701385
67018,1920.663867701385
67019,1920.663867701385
67020,1920.663867701385
67021,1920.663867701385
67022,1920.663867701385
67023,1920.663867701385
67024,1920.663867701385
67025,1920.663867701385
67026,1920.663867701385
67027,1920.663867701385
67028,1920.663867701385
67029,1920.663867701385
67030,1920.663867701385
67031,1920.663867701385
67032,1920.663867701385
67033,1920.663867701385
67034,1920.663867701385
67035,1920.663867701385
67036,1920.663867701385
67037,1920.663867701385
67038,1920.663867701385
67039,1920.663867701385
67040,1920.663867701385
67041,1920.663867701385
67042,1920.663867701385
67043,1920.663867701385
67044,1920.663867701385
67045,1920.663867701385
67046,1920.663867701385
67047,1920.663867701385
67048,1920.663867701385
67049,1920.663867701385
67050,1920.663867701385
67051,1920.663867701385
67052,1920.663867701385
67053,1920.663867701385
67054,1920.663867701385
67055,1920.663867701385
67056,1920.663867701385
67057,1920.663867701385
67058,1920.663867701385
67059,1920.663867701385
67060,1920.663867701385
67061,1920.663867701385
67062,1920.663867701385
67063,1920.663867701385
67064,1920.663867701385
67065,1920.663867701385
67066,1920.663867701385
67067,1920.663867701385
67068,1920.663867701385
67069,1920.663867701385
67070,1920.663867701385
67071,1920.663867701385
67072,1920.663867701385
67073,1920.663867701385
67074,1920.663867701385
67075,1920.663867701385
67076,1920.663867701385
67077,1920.663867701385
67078,1920.663867701385
67079,1920.663867701385
67080,1920.663867701385
67081,1920.663867701385
67082,1920.663867701385
67083,1920.663867701385
67084,1920.663867701385
67085,1920.663867701385
67086,1920.663867701385
67087,1920.663867701385
67088,1920.663867701385
67089,1920.663867701385
67090,1920.663867701385
67091,1920.663867701385
67092,1920.663867701385
67093,1920.663867701385
67094,1920.663867701385
67095,1920.663867701385
67096,1920.663867701385
67097,1920.663867701385
67098,1920.663867701385
67099,1920.663867701385
67100,1920.663867701385
67101,1920.663867701385
67102,1920.663867701385
67103,1920.663867701385
67104,1920.663867701385
67105,1920.663867701385
67106,1920.663867701385
67107,1920.663867701385
67108,1920.663867701385
67109,1920.663867701385
67110,1920.663867701385
67111,1920.663867701385
67112,1920.663867701385
67113,1920.663867701385
67114,1920.663867701385
67115,1920.663867701385
67116,1920.663867701385
67117,1920.663867701385
67118,1920.663867701385
67119,1920.663867701385
67120,1920.663867701385
67121,1920.663867701385
67122,1920.663867701385
67123,1920.663867701385
67124,1920.663867701385
67125,1920.663867701385
67126,1920.663867701385
67127,1920.663867701385
67128,1920.663867701385
67129,1920.663867701385
67130,1920.663867701385
67131,1920.663867701385
67132,1920.663867701385
67133,1920.663867701385
67134,1920.663867701385
67135,1920.663867701385
67136,1920.663867701385
67137,1920.663867701385
67138,1920.663867701385
67139,1920.663867701385
67140,1920.663867701385
67141,1920.663867701385
67142,1920.663867701385
67143,1920.663867701385
67144,1920.663867701385
67145,1920.663867701385
67146,1920.663867701385
67147,1920.663867701385
67148,1920.663867701385
67149,1920.663867701385
67150,1920.663867701385
67151,1920.663867701385
67152,1920.663867701385
67153,1920.663867701385
67154,1920.663867701385
67155,1920.663867701385
67156,1920.663867701385
67157,1920.663867701385
67158,1920.663867701385
67159,1920.663867701385
67160,1920.663867701385
67161,1920.663867701385
67162,1920.663867701385
67163,1920.663867701385
67164,1920.663867701385
67165,1920.663867701385
67166,1920.663867701385
67167,1920.663867701385
67168,1920.663867701385
67169,1920.663867701385
67170,1920.663867701385
67171,1920.663867701385
67172,1920.663867701385
67173,1920.663867701385
67174,1920.663867701385
67175,1920.663867701385
67176,1920.663867701385
67177,1920.663867701385
67178,1920.663867701385
67179,1920.663867701385
67180,1920.663867701385
67181,1920.663867701385
67182,1920.663867701385
67183,1920.663867701385
67184,1920.663867701385
67185,1920.663867701385
67186,1920.663867701385
67187,1920.663867701385
67188,1920.663867701385
67189,1920.663867701385
67190,1920.663867701385
67191,1920.663867701385
67192,1920.663867701385
67193,1920.663867701385
67194,1920.663867701385
67195,1920.663867701385
67196,1920.663867701385
67197,1920.663867701385
67198,1920.663867701385
67199,1920.663867701385
67200,1920.663867701385
67201,1920.663867701385
67202,1920.663867701385
67203,1920.663867701385
67204,1920.663867701385
67205,1920.663867701385
67206,1920.663867701385
67207,1920.663867701385
67208,1920.663867701385
67209,1920.663867701385
67210,1920.663867701385
67211,1920.663867701385
67212,1920.663867701385
67213,1920.663867701385
67214,1920.663867701385
67215,1920.663867701385
67216,1920.663867701385
67217,1920.663867701385
67218,1920.663867701385
67219,1920.663867701385
67220,1920.663867701385
67221,1920.663867701385
67222,1920.663867701385
67223,1920.663867701385
67224,1920.663867701385
67225,1920.663867701385
67226,1920.663867701385
67227,1920.663867701385
67228,1920.663867701385
67229,1920.663867701385
67230,1920.663867701385
67231,1920.663867701385
67232,1920.663867701385
67233,1920.663867701385
67234,1920.663867701385
67235,1920.663867701385
67236,1920.663867701385
67237,1920.663867701385
67238,1920.663867701385
67239,1920.663867701385
67240,1920.663867701385
67241,1920.663867701385
67242,1920.663867701385
67243,1920.663867701385
67244,1920.663867701385
67245,1920.663867701385
67246,1920.663867701385
67247,1920.663867701385
67248,1920.663867701385
67249,1920.663867701385
67250,1920.663867701385
67251,1920.663867701385
67252,1920.663867701385
67253,1920.663867701385
67254,1920.663867701385
67255,1920.663867701385
67256,1920.663867701385
67257,1920.663867701385
67258,1920.663867701385
67259,1920.663867701385
67260,1920.663867701385
67261,1920.663867701385
67262,1920.663867701385
67263,1920.663867701385
67264,1920.663867701385
67265,1920.663867701385
67266,1920.663867701385
67267,1920.663867701385
67268,1920.663867701385
67269,1920.663867701385
67270,1920.663867701385
67271,1920.663867701385
67272,1920.663867701385
67273,1920.663867701385
67274,1920.663867701385
67275,1920.663867701385
67276,1920.663867701385
67277,1920.663867701385
67278,1920.663867701385
67279,1920.663867701385
67280,1920.663867701385
67281,1920.663867701385
67282,1920.663867701385
67283,1920.663867701385
67284,1920.663867701385
67285,1920.663867701385
67286,1920.663867701385
67287,1920.663867701385
67288,1920.663867701385
67289,1920.663867701385
67290,1920.663867701385
67291,1920.663867701385
67292,1920.663867701385
67293,1920.663867701385
67294,1920.663867701385
67295,1920.663867701385
67296,1920.663867701385
67297,1920.663867701385
67298,1920.663867701385
67299,1920.663867701385
67300,1920.663867701385
67301,1920.663867701385
67302,1920.663867701385
67303,1920.663867701385
67304,1920.663867701385
67305,1920.663867701385
67306,1920.663867701385
67307,1920.663867701385
67308,1920.663867701385
67309,1920.663867701385
67310,1920.663867701385
67311,1920.663867701385
67312,1920.663867701385
67313,1920.663867701385
67314,1920.663867701385
67315,1920.663867701385
67316,1920.663867701385
67317,1920.663867701385
67318,1920.663867701385
67319,1920.663867701385
67320,1920.663867701385
67321,1920.663867701385
67322,1920.663867701385
67323,1920.663867701385
67324,1920.663867701385
67325,1920.663867701385
67326,1920.663867701385
67327,1920.663867701385
67328,1920.663867701385
67329,1920.663867701385
67330,1920.663867701385
67331,1920.663867701385
67332,1920.663867701385
67333,1920.663867701385
67334,1920.663867701385
67335,1920.663867701385
67336,1920.663867701385
67337,1920.663867701385
67338,1920.663867701385
67339,1920.663867701385
67340,1920.663867701385
67341,1920.663867701385
67342,1920.663867701385
67343,1920.663867701385
67344,1920.663867701385
67345,1920.663867701385
67346,1920.663867701385
67347,1920.663867701385
67348,1920.663867701385
67349,1920.663867701385
67350,1920.663867701385
67351,1920.663867701385
67352,1920.663867701385
67353,1920.663867701385
67354,1920.663867701385
67355,1920.663867701385
67356,1920.663867701385
67357,1920.663867701385
67358,1920.663867701385
67359,1920.663867701385
67360,1920.663867701385
67361,1920.663867701385
67362,1920.663867701385
67363,1920.663867701385
67364,1920.663867701385
67365,1920.663867701385
67366,1920.663867701385
67367,1920.663867701385
67368,1920.663867701385
67369,1920.663867701385
67370,1920.663867701385
67371,1920.663867701385
67372,1920.663867701385
67373,1920.663867701385
67374,1920.663867701385
67375,1920.663867701385
67376,1920.663867701385
67377,1920.663867701385
67378,1920.663867701385
67379,1920.663867701385
67380,1920.663867701385
67381,1920.663867701385
67382,1920.663867701385
67383,1920.663867701385
67384,1920.663867701385
67385,1920.663867701385
67386,1920.663867701385
67387,1920.663867701385
67388,1920.663867701385
67389,1920.663867701385
67390,1920.663867701385
67391,1920.663867701385
67392,1920.663867701385
67393,1920.663867701385
67394,1920.663867701385
67395,1920.663867701385
67396,1920.663867701385
67397,1920.663867701385
67398,1920.663867701385
67399,1920.663867701385
67400,1920.663867701385
67401,1920.663867701385
67402,1920.663867701385
67403,1920.663867701385
67404,1920.663867701385
67405,1920.663867701385
67406,1920.663867701385
67407,1920.663867701385
67408,1920.663867701385
67409,1920.663867701385
67410,1920.663867701385
67411,1920.663867701385
67412,1920.663867701385
67413,1920.663867701385
67414,1920.663867701385
67415,1920.663867701385
67416,1920.663867701385
67417,1920.663867701385
67418,1920.663867701385
67419,1920.663867701385
67420,1920.663867701385
67421,1920.663867701385
67422,1920.663867701385
67423,1920.663867701385
67424,1920.663867701385
67425,1920.663867701385
67426,1920.663867701385
67427,1920.663867701385
67428,1920.663867701385
67429,1920.663867701385
67430,1920.663867701385
67431,1920.663867701385
67432,1920.663867701385
67433,1920.663867701385
67434,1920.663867701385
67435,1920.663867701385
67436,1920.663867701385
67437,1920.663867701385
67438,1920.663867701385
67439,1920.663867701385
67440,1920.663867701385
67441,1920.663867701385
67442,1920.663867701385
67443,1920.663867701385
67444,1920.663867701385
67445,1920.663867701385
67446,1920.663867701385
67447,1920.663867701385
67448,1920.663867701385
67449,1920.663867701385
67450,1920.663867701385
67451,1920.663867701385
67452,1920.663867701385
67453,1920.663867701385
67454,1920.663867701385
67455,1920.663867701385
67456,1920.663867701385
67457,1920.663867701385
67458,1920.663867701385
67459,1920.663867701385
67460,1920.663867701385
67461,1920.663867701385
67462,1920.663867701385
67463,1920.663867701385
67464,1920.663867701385
67465,1920.663867701385
67466,1920.663867701385
67467,1920.663867701385
67468,1920.663867701385
67469,1920.663867701385
67470,1920.5935910859687
67471,1920.5935910859687
67472,1920.5935910859687
67473,1920.5935910859687
67474,1920.5935910859687
67475,1920.5935910859687
67476,1920.5935910859687
67477,1920.5935910859687
67478,1920.5935910859687
67479,1920.5935910859687
67480,1920.5935910859687
67481,1920.5935910859687
67482,1920.5935910859687
67483,1920.5935910859687
67484,1920.5935910859687
67485,1920.5935910859687
67486,1920.5935910859687
67487,1920.5935910859687
67488,1920.5935910859687
67489,1920.5935910859687
67490,1920.5935910859687
67491,1920.5935910859687
67492,1920.5935910859687
67493,1920.5935910859687
67494,1920.5935910859687
67495,1920.5935910859687
67496,1920.5935910859687
67497,1920.5935910859687
67498,1920.5935910859687
67499,1920.5935910859687
67500,1920.5935910859687
67501,1920.5935910859687
67502,1920.5935910859687
67503,1920.5935910859687
67504,1920.5935910859687
67505,1920.5935910859687
67506,1920.5935910859687
67507,1920.5935910859687
67508,1920.5935910859687
67509,1920.5935910859687
67510,1920.5935910859687
67511,1920.5935910859687
67512,1920.5935910859687
67513,1920.5935910859687
67514,1920.5935910859687
67515,1920.5935910859687
67516,1920.5935910859687
67517,1920.5935910859687
67518,1920.5935910859687
67519,1920.5935910859687
67520,1920.5935910859687
67521,1920.5935910859687
67522,1920.5935910859687
67523,1920.5935910859687
67524,1920.5935910859687
67525,1920.5935910859687
67526,1920.5935910859687
67527,1920.5935910859687
67528,1920.5935910859687
67529,1920.5935910859687
67530,1920.5935910859687
67531,1920.5935910859687
67532,1920.5935910859687
67533,1920.5935910859687
67534,1920.5935910859687
67535,1920.5935910859687
67536,1920.5935910859687
67537,1920.5935910859687
67538,1920.5935910859687
67539,1920.5935910859687
67540,1920.5935910859687
67541,1920.5935910859687
67542,1920.5935910859687
67543,1920.5935910859687
67544,1920.5935910859687
67545,1920.5935910859687
67546,1920.5935910859687
67547,1920.5935910859687
67548,1920.5935910859687
67549,1920.5935910859687
67550,1920.5935910859687
67551,1920.5935910859687
67552,1920.5935910859687
67553,1920.5935910859687
67554,1920.5935910859687
67555,1920.5935910859687
67556,1920.5935910859687
67557,1920.5935910859687
67558,1920.5935910859687
67559,1920.5935910859687
67560,1920.5935910859687
67561,1920.5935910859687
67562,1920.5935910859687
67563,1920.5935910859687
67564,1920.5935910859687
67565,1920.5935910859687
67566,1920.5935910859687
67567,1920.5935910859687
67568,1920.5935910859687
67569,1920.5935910859687
67570,1920.5935910859687
67571,1920.5935910859687
67572,1920.5935910859687
67573,1920.5935910859687
67574,1920.5935910859687
67575,1920.5935910859687
67576,1920.5935910859687
67577,1920.5935910859687
67578,1920.5935910859687
67579,1920.5935910859687
67580,1920.5935910859687
67581,1920.5935910859687
67582,1920.5935910859687
67583,1920.5935910859687
67584,1920.5935910859687
67585,1920.5935910859687
67586,1920.5935910859687
67587,1920.5935910859687
67588,1920.5935910859687
67589,1920.5935910859687
67590,1920.5935910859687
67591,1920.5935910859687
67592,1920.5935910859687
67593,1920.5935910859687
67594,1920.5935910859687
67595,1920.5935910859687
67596,1920.5935910859687
67597,1920.5935910859687
67598,1920.5935910859687
67599,1920.5935910859687
67600,1920.5935910859687
67601,1920.5935910859687
67602,1920.5935910859687
67603,1920.5935910859687
67604,1920.5935910859687
67605,1920.5935910859687
67606,1920.5935910859687
67607,1920.5935910859687
67608,1920.5935910859687
67609,1920.5935910859687
67610,1920.5935910859687
67611,1920.5935910859687
67612,1920.5935910859687
67613,1920.5935910859687
67614,1920.5935910859687
67615,1920.5935910859687
67616,1920.5935910859687
67617,1920.5935910859687
67618,1920.5935910859687
67619,1920.5935910859687
67620,1920.5935910859687
67621,1920.5935910859687
67622,1920.5935910859687
67623,1920.5935910859687
67624,1920.5935910859687
67625,1920.5935910859687
67626,1920.5935910859687
67627,1920.5935910859687
67628,1920.5935910859687
67629,1920.5935910859687
67630,1920.5935910859687
67631,1920.5935910859687
67632,1920.5935910859687
67633,1920.5935910859687
67634,1920.5935910859687
67635,1920.5935910859687
67636,1920.5935910859687
67637,1920.5935910859687
67638,1920.5935910859687
67639,1920.5935910859687
67640,1920.5935910859687
67641,1920.5935910859687
67642,1920.5935910859687
67643,1920.5935910859687
67644,1920.5935910859687
67645,1920.5935910859687
67646,1920.5935910859687
67647,1920.5935910859687
67648,1920.5935910859687
67649,1920.5935910859687
67650,1920.5935910859687
67651,1920.5935910859687
67652,1920.5935910859687
67653,1920.5935910859687
67654,1920.5935910859687
67655,1920.5935910859687
67656,1920.5935910859687
67657,1920.5935910859687
67658,1920.5935910859687
67659,1920.5935910859687
67660,1920.5935910859687
67661,1920.5935910859687
67662,1920.5935910859687
67663,1920.5935910859687
67664,1920.5935910859687
67665,1920.5935910859687
67666,1920.5935910859687
67667,1920.5935910859687
67668,1920.5935910859687
67669,1920.5935910859687
67670,1920.5935910859687
67671,1920.5935910859687
67672,1920.5935910859687
67673,1920.5935910859687
67674,1920.5935910859687
67675,1920.5935910859687
67676,1920.5935910859687
67677,1920.5935910859687
67678,1920.5935910859687
67679,1920.5935910859687
67680,1920.5935910859687
67681,1920.5935910859687
67682,1920.5935910859687
67683,1920.5935910859687
67684,1920.5935910859687
67685,1920.5935910859687
67686,1920.5935910859687
67687,1920.5935910859687
67688,1920.5935910859687
67689,1920.5935910859687
67690,1920.5935910859687
67691,1920.5935910859687
67692,1920.5935910859687
67693,1920.5935910859687
67694,1920.5935910859687
67695,1920.5935910859687
67696,1920.5935910859687
67697,1920.5935910859687
67698,1920.5935910859687
67699,1920.5935910859687
67700,1920.5935910859687
67701,1920.5935910859687
67702,1920.5935910859687
67703,1920.5935910859687
67704,1920.5935910859687
67705,1920.5935910859687
67706,1920.5935910859687
67707,1920.5935910859687
67708,1920.5935910859687
67709,1920.5935910859687
67710,1920.5935910859687
67711,1920.5935910859687
67712,1920.5935910859687
67713,1920.5935910859687
67714,1920.5935910859687
67715,1920.5935910859687
67716,1920.5935910859687
67717,1920.5935910859687
67718,1920.5935910859687
67719,1920.5935910859687
67720,1920.5935910859687
67721,1920.5935910859687
67722,1920.5935910859687
67723,1920.5935910859687
67724,1920.5935910859687
67725,1920.5935910859687
67726,1920.5935910859687
67727,1920.5935910859687
67728,1920.5935910859687
67729,1920.5935910859687
67730,1920.5935910859687
67731,1920.5935910859687
67732,1920.5935910859687
67733,1920.5935910859687
67734,1920.5935910859687
67735,1920.5935910859687
67736,1920.5935910859687
67737,1920.5935910859687
67738,1920.5935910859687
67739,1920.5935910859687
67740,1920.5935910859687
67741,1920.5935910859687
67742,1920.5935910859687
67743,1920.5935910859687
67744,1920.5935910859687
67745,1920.5935910859687
67746,1920.5935910859687
67747,1920.5935910859687
67748,1920.5935910859687
67749,1920.5935910859687
67750,1920.5935910859687
67751,1920.5935910859687
67752,1920.5935910859687
67753,1920.5935910859687
67754,1920.5935910859687
67755,1920.5935910859687
67756,1920.5935910859687
67757,1920.5935910859687
67758,1920.5935910859687
67759,1920.5935910859687
67760,1920.5935910859687
67761,1920.5935910859687
67762,1920.5935910859687
67763,1920.5935910859687
67764,1920.5935910859687
67765,1920.5935910859687
67766,1920.5935910859687
67767,1920.5935910859687
67768,1920.5935910859687
67769,1920.5935910859687
67770,1920.5935910859687
67771,1920.5935910859687
67772,1920.5935910859687
67773,1920.5935910859687
67774,1920.5935910859687
67775,1920.5935910859687
67776,1920.5935910859687
67777,1920.5935910859687
67778,1920.5935910859687
67779,1920.5935910859687
67780,1920.5935910859687
67781,1920.5935910859687
67782,1920.5935910859687
67783,1920.5935910859687
67784,1920.5935910859687
67785,1920.5935910859687
67786,1920.5935910859687
67787,1920.5935910859687
67788,1920.5935910859687
67789,1920.5935910859687
67790,1920.5935910859687
67791,1920.5935910859687
67792,1920.5935910859687
67793,1920.5935910859687
67794,1920.5935910859687
67795,1920.5935910859687
67796,1920.5935910859687
67797,1920.5935910859687
67798,1920.5935910859687
67799,1920.5935910859687
67800,1920.5935910859687
67801,1920.5935910859687
67802,1920.5935910859687
67803,1920.5935910859687
67804,1920.5935910859687
67805,1920.5935910859687
67806,1920.5935910859687
67807,1920.5935910859687
67808,1920.5935910859687
67809,1920.5935910859687
67810,1920.5935910859687
67811,1920.5935910859687
67812,1920.5935910859687
67813,1920.5935910859687
67814,1920.5935910859687
67815,1920.5935910859687
67816,1920.5935910859687
67817,1920.5935910859687
67818,1920.5935910859687
67819,1920.5935910859687
67820,1920.5935910859687
67821,1920.5935910859687
67822,1920.5935910859687
67823,1920.5935910859687
67824,1920.5935910859687
67825,1920.5935910859687
67826,1920.5935910859687
67827,1920.5935910859687
67828,1920.5935910859687
67829,1920.5935910859687
67830,1920.5935910859687
67831,1920.5935910859687
67832,1920.5935910859687
67833,1920.5935910859687
67834,1920.5935910859687
67835,1920.5935910859687
67836,1920.5935910859687
67837,1920.5935910859687
67838,1920.5935910859687
67839,1920.5935910859687
67840,1920.5935910859687
67841,1920.5935910859687
67842,1920.5935910859687
67843,1920.5935910859687
67844,1920.5935910859687
67845,1920.5935910859687
67846,1920.5935910859687
67847,1920.5935910859687
67848,1920.5935910859687
67849,1920.5935910859687
67850,1920.5935910859687
67851,1920.5935910859687
67852,1920.5935910859687
67853,1920.5935910859687
67854,1920.5935910859687
67855,1920.5935910859687
67856,1920.5935910859687
67857,1920.5935910859687
67858,1920.5935910859687
67859,1920.5935910859687
67860,1920.5935910859687
67861,1920.5935910859687
67862,1920.5935910859687
67863,1920.5935910859687
67864,1920.5935910859687
67865,1920.5935910859687
67866,1920.5935910859687
67867,1920.5935910859687
67868,1920.5935910859687
67869,1920.5935910859687
67870,1920.5935910859687
67871,1920.5935910859687
67872,1920.5935910859687
67873,1920.5935910859687
67874,1920.5935910859687
67875,1920.5935910859687
67876,1920.5935910859687
67877,1920.5935910859687
67878,1920.5935910859687
67879,1920.5935910859687
67880,1920.5935910859687
67881,1920.5935910859687
67882,1920.5935910859687
67883,1920.5935910859687
67884,1920.5935910859687
67885,1920.5935910859687
67886,1920.5935910859687
67887,1920.5935910859687
67888,1920.5935910859687
67889,1920.5935910859687
67890,1920.5935910859687
67891,1920.5935910859687
67892,1920.5935910859687
67893,1920.5935910859687
67894,1920.5935910859687
67895,1920.5935910859687
67896,1920.5935910859687
67897,1920.5935910859687
67898,1920.5935910859687
67899,1920.5935910859687
67900,1920.5935910859687
67901,1920.5935910859687
67902,1920.5935910859687
67903,1920.5935910859687
67904,1920.5935910859687
67905,1920.5935910859687
67906,1920.5935910859687
67907,1920.5935910859687
67908,1920.5935910859687
67909,1920.5935910859687
67910,1920.5935910859687
67911,1920.5935910859687
67912,1920.5935910859687
67913,1920.5935910859687
67914,1920.5935910859687
67915,1920.5935910859687
67916,1920.5935910859687
67917,1920.5935910859687
67918,1920.5935910859687
67919,1920.5935910859687
67920,1920.5935910859687
67921,1920.5935910859687
67922,1920.5935910859687
67923,1920.5935910859687
67924,1920.5935910859687
67925,1920.5935910859687
67926,1920.5935910859687
67927,1920.5935910859687
67928,1920.5935910859687
67929,1920.5935910859687
67930,1920.5935910859687
67931,1920.5935910859687
67932,1920.5935910859687
67933,1920.5935910859687
67934,1920.5935910859687
67935,1920.5935910859687
67936,1920.5935910859687
67937,1920.5935910859687
67938,1920.5935910859687
67939,1920.5935910859687
67940,1920.5935910859687
67941,1920.5935910859687
67942,1920.5935910859687
67943,1920.5935910859687
67944,1920.5935910859687
67945,1920.5935910859687
67946,1920.5935910859687
67947,1920.5935910859687
67948,1920.5935910859687
67949,1920.5935910859687
67950,1920.5935910859687
67951,1920.5935910859687
67952,1920.5935910859687
67953,1920.5935910859687
67954,1920.5935910859687
67955,1920.5935910859687
67956,1920.5935910859687
67957,1920.5935910859687
67958,1920.5935910859687
67959,1920.5935910859687
67960,1920.5935910859687
67961,1920.5935910859687
67962,1920.5935910859687
67963,1920.5935910859687
67964,1920.5935910859687
67965,1920.5935910859687
67966,1920.5935910859687
67967,1920.5935910859687
67968,1920.5935910859687
67969,1920.5935910859687
67970,1920.5935910859687
67971,1920.5935910859687
67972,1920.5935910859687
67973,1920.5935910859687
67974,1920.5935910859687
67975,1920.5935910859687
67976,1920.5935910859687
67977,1920.5935910859687
67978,1920.5935910859687
67979,1920.5935910859687
67980,1920.5935910859687
67981,1920.5935910859687
67982,1920.5935910859687
67983,1920.5935910859687
67984,1920.5935910859687
67985,1920.5935910859687
67986,1920.5935910859687
67987,1920.5935910859687
67988,1920.5935910859687
67989,1920.5935910859687
67990,1920.5935910859687
67991,1920.5935910859687
67992,1920.5935910859687
67993,1920.5935910859687
67994,1920.5935910859687
67995,1920.5935910859687
67996,1920.5935910859687
67997,1920.5935910859687
67998,1920.5935910859687
67999,1920.5935910859687
68000,1920.5935910859687
68001,1920.5935910859687
68002,1920.5935910859687
68003,1920.5935910859687
68004,1920.5935910859687
68005,1920.5935910859687
68006,1920.5935910859687
68007,1920.5935910859687
68008,1920.5935910859687
68009,1920.5935910859687
68010,1920.5935910859687
68011,1920.5935910859687
68012,1920.5935910859687
68013,1920.5935910859687
68014,1920.5935910859687
68015,1920.5935910859687
68016,1920.5935910859687
68017,1920.5935910859687
68018,1920.5935910859687
68019,1920.5935910859687
68020,1920.5935910859687
68021,1920.5935910859687
68022,1920.5935910859687
68023,1920.5935910859687
68024,1920.5935910859687
68025,1920.5935910859687
68026,1920.5935910859687
68027,1920.5935910859687
68028,1920.5935910859687
68029,1920.5935910859687
68030,1920.5935910859687
68031,1920.5935910859687
68032,1920.5935910859687
68033,1920.5935910859687
68034,1920.5935910859687
68035,1920.5935910859687
68036,1920.5935910859687
68037,1920.5935910859687
68038,1920.5935910859687
68039,1920.5935910859687
68040,1920.5935910859687
68041,1920.5935910859687
68042,1920.5935910859687
68043,1920.5935910859687
68044,1920.5935910859687
68045,1920.5935910859687
68046,1920.5935910859687
68047,1920.5935910859687
68048,1920.5935910859687
68049,1920.5935910859687
68050,1920.5935910859687
68051,1920.5935910859687
68052,1920.5935910859687
68053,1920.5935910859687
68054,1920.5935910859687
68055,1920.5935910859687
68056,1920.5935910859687
68057,1920.5935910859687
68058,1920.5935910859687
68059,1920.5935910859687
68060,1920.5935910859687
68061,1920.5935910859687
68062,1920.5935910859687
68063,1920.5935910859687
68064,1920.5935910859687
68065,1920.5935910859687
68066,1920.5935910859687
68067,1920.5935910859687
68068,1920.5935910859687
68069,1920.5935910859687
68070,1920.5935910859687
68071,1920.5935910859687
68072,1920.5935910859687
68073,1920.5935910859687
68074,1920.5935910859687
68075,1920.5935910859687
68076,1920.5935910859687
68077,1920.5935910859687
68078,1920.5935910859687
68079,1920.5935910859687
68080,1920.5935910859687
68081,1920.5935910859687
68082,1920.5935910859687
68083,1920.5935910859687
68084,1920.5935910859687
68085,1920.5935910859687
68086,1920.5935910859687
68087,1920.5935910859687
68088,1920.5935910859687
68089,1920.5935910859687
68090,1920.5935910859687
68091,1920.5935910859687
68092,1920.5935910859687
68093,1920.5935910859687
68094,1920.5935910859687
68095,1920.5935910859687
68096,1920.5935910859687
68097,1920.5935910859687
68098,1920.5935910859687
68099,1920.5935910859687
68100,1920.5935910859687
68101,1920.5935910859687
68102,1920.5935910859687
68103,1920.5935910859687
68104,1920.5935910859687
68105,1920.5935910859687
68106,1920.5935910859687
68107,1920.5935910859687
68108,1920.5935910859687
68109,1920.5935910859687
68110,1920.5935910859687
68111,1920.5935910859687
68112,1920.5935910859687
68113,1920.5935910859687
68114,1920.5935910859687
68115,1920.5935910859687
68116,1920.5935910859687
68117,1920.5935910859687
68118,1920.5935910859687
68119,1920.5935910859687
68120,1920.5935910859687
68121,1920.5935910859687
68122,1920.5935910859687
68123,1920.5935910859687
68124,1920.5935910859687
68125,1920.5935910859687
68126,1920.5935910859687
68127,1920.5935910859687
68128,1920.5935910859687
68129,1920.5935910859687
68130,1920.5935910859687
68131,1920.5935910859687
68132,1920.5935910859687
68133,1920.5935910859687
68134,1920.5935910859687
68135,1920.5935910859687
68136,1920.5935910859687
68137,1920.5935910859687
68138,1920.5935910859687
68139,1920.5935910859687
68140,1920.5935910859687
68141,1920.5935910859687
68142,1920.5935910859687
68143,1920.5935910859687
68144,1920.5935910859687
68145,1920.5935910859687
68146,1920.5935910859687
68147,1920.5935910859687
68148,1920.5935910859687
68149,1920.5935910859687
68150,1920.5935910859687
68151,1920.5935910859687
68152,1920.5935910859687
68153,1920.5935910859687
68154,1920.5935910859687
68155,1920.5935910859687
68156,1920.5935910859687
68157,1920.5935910859687
68158,1920.5935910859687
68159,1920.5935910859687
68160,1920.5935910859687
68161,1920.5935910859687
68162,1920.5935910859687
68163,1920.5935910859687
68164,1920.5935910859687
68165,1920.5935910859687
68166,1920.5935910859687
68167,1920.5935910859687
68168,1920.5935910859687
68169,1920.5935910859687
68170,1920.5935910859687
68171,1920.5935910859687
68172,1920.5935910859687
68173,1920.5935910859687
68174,1920.5935910859687
68175,1920.5935910859687
68176,1920.5935910859687
68177,1920.5935910859687
68178,1920.5935910859687
68179,1920.5935910859687
68180,1920.5935910859687
68181,1920.5935910859687
68182,1920.5935910859687
68183,1920.5935910859687
68184,1920.5935910859687
68185,1920.5935910859687
68186,1920.5935910859687
68187,1920.5935910859687
68188,1920.5935910859687
68189,1920.5935910859687
68190,1920.5935910859687
68191,1920.5935910859687
68192,1920.5935910859687
68193,1920.5935910859687
68194,1920.5935910859687
68195,1920.5935910859687
68196,1920.5935910859687
68197,1920.5935910859687
68198,1920.5935910859687
68199,1920.5935910859687
68200,1920.5935910859687
68201,1920.5935910859687
68202,1920.5935910859687
68203,1920.5935910859687
68204,1920.5935910859687
68205,1920.5935910859687
68206,1920.5935910859687
68207,1920.5935910859687
68208,1920.5935910859687
68209,1920.5935910859687
68210,1920.5935910859687
68211,1920.5935910859687
68212,1920.5935910859687
68213,1920.5935910859687
68214,1920.5935910859687
68215,1920.5935910859687
68216,1920.5935910859687
68217,1920.5935910859687
68218,1920.5935910859687
68219,1920.5935910859687
68220,1920.5935910859687
68221,1920.5935910859687
68222,1920.5935910859687
68223,1920.5935910859687
68224,1920.5935910859687
68225,1920.5935910859687
68226,1920.5935910859687
68227,1920.5935910859687
68228,1920.5935910859687
68229,1920.5935910859687
68230,1920.5935910859687
68231,1920.5935910859687
68232,1920.5935910859687
68233,1920.5935910859687
68234,1920.5935910859687
68235,1920.5935910859687
68236,1920.5935910859687
68237,1920.5935910859687
68238,1920.5935910859687
68239,1920.5935910859687
68240,1920.5935910859687
68241,1920.5935910859687
68242,1920.5935910859687
68243,1920.5935910859687
68244,1920.5935910859687
68245,1920.5935910859687
68246,1920.5935910859687
68247,1920.5935910859687
68248,1920.5935910859687
68249,1920.5935910859687
68250,1920.5935910859687
68251,1920.5935910859687
68252,1920.5935910859687
68253,1920.5935910859687
68254,1920.5935910859687
68255,1920.5935910859687
68256,1920.5935910859687
68257,1920.5935910859687
68258,1920.5935910859687
68259,1920.5935910859687
68260,1920.5935910859687
68261,1920.5935910859687
68262,1920.5935910859687
68263,1920.5935910859687
68264,1920.5935910859687
68265,1920.5935910859687
68266,1920.5935910859687
68267,1920.5935910859687
68268,1920.5935910859687
68269,1920.5935910859687
68270,1920.5935910859687
68271,1920.5935910859687
68272,1920.5935910859687
68273,1920.5935910859687
68274,1920.5935910859687
68275,1920.5935910859687
68276,1920.5935910859687
68277,1920.5935910859687
68278,1920.5935910859687
68279,1920.5935910859687
68280,1920.5935910859687
68281,1920.5935910859687
68282,1920.5935910859687
68283,1920.5935910859687
68284,1920.5935910859687
68285,1920.5935910859687
68286,1920.5935910859687
68287,1920.5935910859687
68288,1920.5935910859687
68289,1920.5935910859687
68290,1920.5935910859687
68291,1920.5935910859687
68292,1920.5935910859687
68293,1920.5935910859687
68294,1920.5935910859687
68295,1920.5935910859687
68296,1920.5935910859687
68297,1920.5935910859687
68298,1920.5935910859687
68299,1920.5935910859687
68300,1920.5935910859687
68301,1920.5935910859687
68302,1920.5935910859687
68303,1920.5935910859687
68304,1920.5935910859687
68305,1920.5935910859687
68306,1920.5935910859687
68307,1920.5935910859687
68308,1920.5935910859687
68309,1920.5935910859687
68310,1920.5935910859687
68311,1920.5935910859687
68312,1920.5935910859687
68313,1920.5935910859687
68314,1920.5935910859687
68315,1920.5935910859687
68316,1920.5935910859687
68317,1920.5935910859687
68318,1920.5935910859687
68319,1920.5935910859687
68320,1920.5935910859687
68321,1920.5935910859687
68322,1920.5935910859687
68323,1920.5935910859687
68324,1920.5935910859687
68325,1920.5935910859687
68326,1920.5935910859687
68327,1920.5935910859687
68328,1920.5935910859687
68329,1920.5935910859687
68330,1920.5935910859687
68331,1920.5935910859687
68332,1920.5935910859687
68333,1920.5935910859687
68334,1920.5935910859687
68335,1920.5935910859687
68336,1920.5935910859687
68337,1920.5935910859687
68338,1920.5935910859687
68339,1920.5935910859687
68340,1920.5935910859687
68341,1920.5935910859687
68342,1920.5935910859687
68343,1920.5935910859687
68344,1920.5935910859687
68345,1920.5935910859687
68346,1920.5935910859687
68347,1920.5935910859687
68348,1920.5935910859687
68349,1920.5935910859687
68350,1920.5935910859687
68351,1920.5935910859687
68352,1920.5935910859687
68353,1920.5935910859687
68354,1920.5935910859687
68355,1920.5935910859687
68356,1920.5935910859687
68357,1920.5935910859687
68358,1920.5935910859687
68359,1920.5935910859687
68360,1920.5935910859687
68361,1920.5935910859687
68362,1920.5935910859687
68363,1920.5935910859687
68364,1920.5935910859687
68365,1920.5935910859687
68366,1920.5935910859687
68367,1920.5935910859687
68368,1920.5935910859687
68369,1920.5935910859687
68370,1920.5935910859687
68371,1920.5935910859687
68372,1920.5935910859687
68373,1920.5935910859687
68374,1920.5935910859687
68375,1920.5935910859687
68376,1920.5935910859687
68377,1920.5935910859687
68378,1920.5935910859687
68379,1920.5935910859687
68380,1920.5935910859687
68381,1920.5935910859687
68382,1920.5935910859687
68383,1920.5935910859687
68384,1920.5935910859687
68385,1920.5935910859687
68386,1920.5935910859687
68387,1920.5935910859687
68388,1920.5935910859687
68389,1920.5935910859687
68390,1920.5935910859687
68391,1920.5935910859687
68392,1920.5935910859687
68393,1920.5935910859687
68394,1920.5935910859687
68395,1920.5935910859687
68396,1920.5935910859687
68397,1920.5935910859687
68398,1920.5935910859687
68399,1920.5935910859687
68400,1920.5935910859687
68401,1920.5935910859687
68402,1920.5935910859687
68403,1920.5935910859687
68404,1920.5935910859687
68405,1920.5935910859687
68406,1920.5935910859687
68407,1920.5935910859687
68408,1920.5935910859687
68409,1920.5935910859687
68410,1920.5935910859687
68411,1920.5935910859687
68412,1920.5935910859687
68413,1920.5935910859687
68414,1920.5935910859687
68415,1920.5935910859687
68416,1920.5935910859687
68417,1920.5935910859687
68418,1920.5935910859687
68419,1920.5935910859687
68420,1920.5935910859687
68421,1920.5935910859687
68422,1920.5935910859687
68423,1920.5935910859687
68424,1920.5935910859687
68425,1920.5935910859687
68426,1920.5935910859687
68427,1920.5935910859687
68428,1920.5935910859687
68429,1920.5935910859687
68430,1920.5935910859687
68431,1920.5935910859687
68432,1920.5935910859687
68433,1920.5935910859687
68434,1920.5935910859687
68435,1920.5935910859687
68436,1920.5935910859687
68437,1920.5935910859687
68438,1920.5935910859687
68439,1920.5935910859687
68440,1920.5935910859687
68441,1920.5935910859687
68442,1920.5935910859687
68443,1920.5935910859687
68444,1920.5935910859687
68445,1920.5935910859687
68446,1920.5935910859687
68447,1920.5935910859687
68448,1920.5935910859687
68449,1920.5935910859687
68450,1920.5935910859687
68451,1920.5935910859687
68452,1920.5935910859687
68453,1920.5935910859687
68454,1920.5935910859687
68455,1920.5935910859687
68456,1920.5935910859687
68457,1920.5935910859687
68458,1920.5935910859687
68459,1920.5935910859687
68460,1920.5935910859687
68461,1920.5935910859687
68462,1920.5935910859687
68463,1920.5935910859687
68464,1920.5935910859687
68465,1920.5935910859687
68466,1920.5935910859687
68467,1920.5935910859687
68468,1920.5935910859687
68469,1920.5935910859687
68470,1920.5935910859687
68471,1920.5935910859687
68472,1920.5935910859687
68473,1920.5935910859687
68474,1920.5935910859687
68475,1920.5935910859687
68476,1920.5935910859687
68477,1920.5935910859687
68478,1920.5935910859687
68479,1920.5935910859687
68480,1920.5935910859687
68481,1920.5935910859687
68482,1920.5935910859687
68483,1920.5935910859687
68484,1920.5935910859687
68485,1920.5935910859687
68486,1920.5935910859687
68487,1920.5935910859687
68488,1920.5935910859687
68489,1920.5935910859687
68490,1920.5935910859687
68491,1920.5935910859687
68492,1920.5935910859687
68493,1920.5935910859687
68494,1920.5935910859687
68495,1920.5935910859687
68496,1920.5935910859687
68497,1920.5935910859687
68498,1920.5935910859687
68499,1920.5935910859687
68500,1920.5935910859687
68501,1920.5935910859687
68502,1920.5935910859687
68503,1920.5935910859687
68504,1920.5935910859687
68505,1920.5935910859687
68506,1920.5935910859687
68507,1920.5935910859687
68508,1920.5935910859687
68509,1920.5935910859687
68510,1920.5935910859687
68511,1920.5935910859687
68512,1920.5935910859687
68513,1920.5935910859687
68514,1920.5935910859687
68515,1920.5935910859687
68516,1920.5935910859687
68517,1920.5935910859687
68518,1920.5935910859687
68519,1920.5935910859687
68520,1920.5935910859687
68521,1920.5935910859687
68522,1920.5935910859687
68523,1920.5935910859687
68524,1920.5935910859687
68525,1920.5935910859687
68526,1920.5935910859687
68527,1920.5935910859687
68528,1920.5935910859687
68529,1920.5935910859687
68530,1920.5935910859687
68531,1920.5935910859687
68532,1920.5935910859687
68533,1920.5935910859687
68534,1920.5935910859687
68535,1920.5935910859687
68536,1920.5935910859687
68537,1920.5935910859687
68538,1920.5935910859687
68539,1920.5935910859687
68540,1920.5935910859687
68541,1920.5935910859687
68542,1920.5935910859687
68543,1920.5935910859687
68544,1920.5935910859687
68545,1920.5935910859687
68546,1920.5935910859687
68547,1920.5935910859687
68548,1920.5935910859687
68549,1920.5935910859687
68550,1920.5935910859687
68551,1920.5935910859687
68552,1920.5935910859687
68553,1920.5935910859687
68554,1920.5935910859687
68555,1920.5935910859687
68556,1920.5935910859687
68557,1920.5935910859687
68558,1920.5935910859687
68559,1920.5935910859687
68560,1920.5935910859687
68561,1920.5935910859687
68562,1920.5935910859687
68563,1920.5935910859687
68564,1920.5935910859687
68565,1920.5935910859687
68566,1920.5935910859687
68567,1920.5935910859687
68568,1920.5935910859687
68569,1920.5935910859687
68570,1920.5935910859687
68571,1920.5935910859687
68572,1920.5935910859687
68573,1920.5935910859687
68574,1920.5935910859687
68575,1920.5935910859687
68576,1920.5935910859687
68577,1920.5935910859687
68578,1920.5935910859687
68579,1920.5935910859687
68580,1920.5935910859687
68581,1920.5935910859687
68582,1920.5935910859687
68583,1920.5935910859687
68584,1920.5935910859687
68585,1920.5935910859687
68586,1920.5935910859687
68587,1920.5935910859687
68588,1920.5935910859687
68589,1920.5935910859687
68590,1920.5935910859687
68591,1920.5935910859687
68592,1920.5935910859687
68593,1920.5935910859687
68594,1920.5935910859687
68595,1920.5935910859687
68596,1920.5935910859687
68597,1920.5935910859687
68598,1920.5935910859687
68599,1920.5935910859687
68600,1920.5935910859687
68601,1920.5935910859687
68602,1920.5935910859687
68603,1920.5935910859687
68604,1920.5935910859687
68605,1920.5935910859687
68606,1920.5935910859687
68607,1920.5935910859687
68608,1920.5935910859687
68609,1920.5935910859687
68610,1920.5935910859687
68611,1920.5935910859687
68612,1920.5935910859687
68613,1920.5935910859687
68614,1920.5935910859687
68615,1920.5935910859687
68616,1920.5935910859687
68617,1920.5935910859687
68618,1920.5935910859687
68619,1920.5935910859687
68620,1920.5935910859687
68621,1920.5935910859687
68622,1920.5935910859687
68623,1920.5935910859687
68624,1920.5935910859687
68625,1920.5935910859687
68626,1920.5935910859687
68627,1920.5935910859687
68628,1920.5935910859687
68629,1920.5935910859687
68630,1920.5935910859687
68631,1920.5935910859687
68632,1920.5935910859687
68633,1920.5935910859687
68634,1920.5935910859687
68635,1920.5935910859687
68636,1920.5935910859687
68637,1920.5935910859687
68638,1920.5935910859687
68639,1920.5935910859687
68640,1920.5935910859687
68641,1920.5935910859687
68642,1920.5935910859687
68643,1920.5935910859687
68644,1920.5935910859687
68645,1920.5935910859687
68646,1920.5935910859687
68647,1920.5935910859687
68648,1920.5935910859687
68649,1920.5935910859687
68650,1920.5935910859687
68651,1920.5935910859687
68652,1920.5935910859687
68653,1920.5935910859687
68654,1920.5935910859687
68655,1920.5935910859687
68656,1920.5935910859687
68657,1920.5935910859687
68658,1920.5935910859687
68659,1920.5935910859687
68660,1920.5935910859687
68661,1920.5935910859687
68662,1920.5935910859687
68663,1920.5935910859687
68664,1920.5935910859687
68665,1920.5935910859687
68666,1920.5935910859687
68667,1920.5935910859687
68668,1920.5935910859687
68669,1920.5935910859687
68670,1920.5935910859687
68671,1920.5935910859687
68672,1920.5935910859687
68673,1920.5935910859687
68674,1920.5935910859687
68675,1920.5935910859687
68676,1920.5935910859687
68677,1920.5935910859687
68678,1920.5935910859687
68679,1920.5935910859687
68680,1920.5935910859687
68681,1920.5935910859687
68682,1920.5935910859687
68683,1920.5935910859687
68684,1920.5935910859687
68685,1920.5935910859687
68686,1920.5935910859687
68687,1920.5935910859687
68688,1920.5935910859687
68689,1920.5935910859687
68690,1920.5935910859687
68691,1920.5935910859687
68692,1920.5935910859687
68693,1920.5935910859687
68694,1920.5935910859687
68695,1920.5935910859687
68696,1920.5935910859687
68697,1920.5935910859687
68698,1920.5935910859687
68699,1920.5935910859687
68700,1920.5935910859687
68701,1920.5935910859687
68702,1920.5935910859687
68703,1920.5935910859687
68704,1920.5935910859687
68705,1920.5935910859687
68706,1920.5935910859687
68707,1920.5935910859687
68708,1920.5935910859687
68709,1920.5935910859687
68710,1920.5935910859687
68711,1920.5935910859687
68712,1920.5935910859687
68713,1920.5935910859687
68714,1920.5935910859687
68715,1920.5935910859687
68716,1920.5935910859687
68717,1920.5935910859687
68718,1920.5935910859687
68719,1920.5935910859687
68720,1920.5935910859687
68721,1920.5935910859687
68722,1920.5935910859687
68723,1920.5935910859687
68724,1920.5935910859687
68725,1920.5935910859687
68726,1920.5935910859687
68727,1920.5935910859687
68728,1920.5935910859687
68729,1920.5935910859687
68730,1920.5935910859687
68731,1920.5935910859687
68732,1910.7123622867189
68733,1910.7123622867189
68734,1910.7123622867189
68735,1910.7123622867189
68736,1910.7123622867189
68737,1910.7123622867189
68738,1910.7123622867189
68739,1910.7123622867189
68740,1910.7123622867189
68741,1910.7123622867189
68742,1910.7123622867189
68743,1910.7123622867189
68744,1910.7123622867189
68745,1910.7123622867189
68746,1910.7123622867189
68747,1910.7123622867189
68748,1910.7123622867189
68749,1910.7123622867189
68750,1910.7123622867189
68751,1910.7123622867189
68752,1910.7123622867189
68753,1910.7123622867189
68754,1910.7123622867189
68755,1910.7123622867189
68756,1910.7123622867189
68757,1910.7123622867189
68758,1910.7123622867189
68759,1910.7123622867189
68760,1910.7123622867189
68761,1910.7123622867189
68762,1910.7123622867189
68763,1910.7123622867189
68764,1910.7123622867189
68765,1910.7123622867189
68766,1910.7123622867189
68767,1910.7123622867189
68768,1910.7123622867189
68769,1910.7123622867189
68770,1910.7123622867189
68771,1910.7123622867189
68772,1910.7123622867189
68773,1910.7123622867189
68774,1910.7123622867189
68775,1910.7123622867189
68776,1910.7123622867189
68777,1910.7123622867189
68778,1910.7123622867189
68779,1910.7123622867189
68780,1910.7123622867189
68781,1910.7123622867189
68782,1910.7123622867189
68783,1910.7123622867189
68784,1910.7123622867189
68785,1910.7123622867189
68786,1910.7123622867189
68787,1910.7123622867189
68788,1910.7123622867189
68789,1910.7123622867189
68790,1910.7123622867189
68791,1910.7123622867189
68792,1910.7123622867189
68793,1910.7123622867189
68794,1910.7123622867189
68795,1910.7123622867189
68796,1910.7123622867189
68797,1910.7123622867189
68798,1910.7123622867189
68799,1910.7123622867189
68800,1910.7123622867189
68801,1910.7123622867189
68802,1910.7123622867189
68803,1910.7123622867189
68804,1910.7123622867189
68805,1910.7123622867189
68806,1910.7123622867189
68807,1910.7123622867189
68808,1910.7123622867189
68809,1910.7123622867189
68810,1910.7123622867189
68811,1910.7123622867189
68812,1910.7123622867189
68813,1910.7123622867189
68814,1910.7123622867189
68815,1910.7123622867189
68816,1910.7123622867189
68817,1910.7123622867189
68818,1910.7123622867189
68819,1910.7123622867189
68820,1910.7123622867189
68821,1910.7123622867189
68822,1910.7123622867189
68823,1910.7123622867189
68824,1910.7123622867189
68825,1910.7123622867189
68826,1910.7123622867189
68827,1910.7123622867189
68828,1910.7123622867189
68829,1910.7123622867189
68830,1910.7123622867189
68831,1910.7123622867189
68832,1910.7123622867189
68833,1910.7123622867189
68834,1910.7123622867189
68835,1910.7123622867189
68836,1910.7123622867189
68837,1910.7123622867189
68838,1910.7123622867189
68839,1910.7123622867189
68840,1910.7123622867189
68841,1910.7123622867189
68842,1910.7123622867189
68843,1910.7123622867189
68844,1910.7123622867189
68845,1910.7123622867189
68846,1910.7123622867189
68847,1910.7123622867189
68848,1910.7123622867189
68849,1910.7123622867189
68850,1910.7123622867189
68851,1910.7123622867189
68852,1910.7123622867189
68853,1910.7123622867189
68854,1910.7123622867189
68855,1910.7123622867189
68856,1910.7123622867189
68857,1910.7123622867189
68858,1910.7123622867189
68859,1910.7123622867189
68860,1910.7123622867189
68861,1910.7123622867189
68862,1910.7123622867189
68863,1910.7123622867189
68864,1910.7123622867189
68865,1910.7123622867189
68866,1910.7123622867189
68867,1910.7123622867189
68868,1910.7123622867189
68869,1910.7123622867189
68870,1910.7123622867189
68871,1910.7123622867189
68872,1910.7123622867189
68873,1910.7123622867189
68874,1910.7123622867189
68875,1910.7123622867189
68876,1910.7123622867189
68877,1910.7123622867189
68878,1910.7123622867189
68879,1910.7123622867189
68880,1910.7123622867189
68881,1910.7123622867189
68882,1910.7123622867189
68883,1910.7123622867189
68884,1910.7123622867189
68885,1910.7123622867189
68886,1910.7123622867189
68887,1910.7123622867189
68888,1910.7123622867189
68889,1910.7123622867189
68890,1910.7123622867189
68891,1910.7123622867189
68892,1910.7123622867189
68893,1910.7123622867189
68894,1910.7123622867189
68895,1910.7123622867189
68896,1910.7123622867189
68897,1910.7123622867189
68898,1910.7123622867189
68899,1910.7123622867189
68900,1910.7123622867189
68901,1910.7123622867189
68902,1910.7123622867189
68903,1910.7123622867189
68904,1910.7123622867189
68905,1910.7123622867189
68906,1910.7123622867189
68907,1910.7123622867189
68908,1910.7123622867189
68909,1910.7123622867189
68910,1910.7123622867189
68911,1910.7123622867189
68912,1910.7123622867189
68913,1910.7123622867189
68914,1910.7123622867189
68915,1910.7123622867189
68916,1910.7123622867189
68917,1910.7123622867189
68918,1910.7123622867189
68919,1910.7123622867189
68920,1910.7123622867189
68921,1910.7123622867189
68922,1910.7123622867189
68923,1910.7123622867189
68924,1910.7123622867189
68925,1910.7123622867189
68926,1910.7123622867189
68927,1910.7123622867189
68928,1910.7123622867189
68929,1910.7123622867189
68930,1910.7123622867189
68931,1910.7123622867189
68932,1910.7123622867189
68933,1910.7123622867189
68934,1910.7123622867189
68935,1910.7123622867189
68936,1910.7123622867189
68937,1910.7123622867189
68938,1910.7123622867189
68939,1910.7123622867189
68940,1910.7123622867189
68941,1910.7123622867189
68942,1910.7123622867189
68943,1910.7123622867189
68944,1910.7123622867189
68945,1910.7123622867189
68946,1910.7123622867189
68947,1910.7123622867189
68948,1910.7123622867189
68949,1910.7123622867189
68950,1910.7123622867189
68951,1910.7123622867189
68952,1910.7123622867189
68953,1910.7123622867189
68954,1910.7123622867189
68955,1910.7123622867189
68956,1910.7123622867189
68957,1910.7123622867189
68958,1910.7123622867189
68959,1910.7123622867189
68960,1910.7123622867189
68961,1910.7123622867189
68962,1910.7123622867189
68963,1910.7123622867189
68964,1910.7123622867189
68965,1910.7123622867189
68966,1910.7123622867189
68967,1910.7123622867189
68968,1910.7123622867189
68969,1910.7123622867189
68970,1910.7123622867189
68971,1910.7123622867189
68972,1910.7123622867189
68973,1910.7123622867189
68974,1910.7123622867189
68975,1910.7123622867189
68976,1910.7123622867189
68977,1910.7123622867189
68978,1910.7123622867189
68979,1910.7123622867189
68980,1910.7123622867189
68981,1910.7123622867189
68982,1910.7123622867189
68983,1910.7123622867189
68984,1910.7123622867189
68985,1910.7123622867189
68986,1910.7123622867189
68987,1910.7123622867189
68988,1910.7123622867189
68989,1910.7123622867189
68990,1910.7123622867189
68991,1910.7123622867189
68992,1910.7123622867189
68993,1910.7123622867189
68994,1910.7123622867189
68995,1910.7123622867189
68996,1910.7123622867189
68997,1910.7123622867189
68998,1910.7123622867189
68999,1910.7123622867189
69000,1910.7123622867189
69001,1910.7123622867189
69002,1910.7123622867189
69003,1910.7123622867189
69004,1910.7123622867189
69005,1910.7123622867189
69006,1910.7123622867189
69007,1910.7123622867189
69008,1910.7123622867189
69009,1910.7123622867189
69010,1910.7123622867189
69011,1910.7123622867189
69012,1910.7123622867189
69013,1910.7123622867189
69014,1910.7123622867189
69015,1910.7123622867189
69016,1910.7123622867189
69017,1910.7123622867189
69018,1910.7123622867189
69019,1910.7123622867189
69020,1910.7123622867189
69021,1910.7123622867189
69022,1910.7123622867189
69023,1910.7123622867189
69024,1910.7123622867189
69025,1910.7123622867189
69026,1910.7123622867189
69027,1910.7123622867189
69028,1910.7123622867189
69029,1910.7123622867189
69030,1910.7123622867189
69031,1910.7123622867189
69032,1910.7123622867189
69033,1910.7123622867189
69034,1910.7123622867189
69035,1910.7123622867189
69036,1910.7123622867189
69037,1910.7123622867189
69038,1910.7123622867189
69039,1910.7123622867189
69040,1910.7123622867189
69041,1910.7123622867189
69042,1910.7123622867189
69043,1910.7123622867189
69044,1910.7123622867189
69045,1910.7123622867189
69046,1910.7123622867189
69047,1910.7123622867189
69048,1910.7123622867189
69049,1910.7123622867189
69050,1910.7123622867189
69051,1910.7123622867189
69052,1910.7123622867189
69053,1910.7123622867189
69054,1910.7123622867189
69055,1910.7123622867189
69056,1910.7123622867189
69057,1910.7123622867189
69058,1910.7123622867189
69059,1910.7123622867189
69060,1910.7123622867189
69061,1910.7123622867189
69062,1910.7123622867189
69063,1910.7123622867189
69064,1910.7123622867189
69065,1910.7123622867189
69066,1910.7123622867189
69067,1910.7123622867189
69068,1910.7123622867189
69069,1910.7123622867189
69070,1910.7123622867189
69071,1910.7123622867189
69072,1910.7123622867189
69073,1910.7123622867189
69074,1910.7123622867189
69075,1910.7123622867189
69076,1910.7123622867189
69077,1910.7123622867189
69078,1910.7123622867189
69079,1910.7123622867189
69080,1910.7123622867189
69081,1910.7123622867189
69082,1910.7123622867189
69083,1910.7123622867189
69084,1910.7123622867189
69085,1910.7123622867189
69086,1910.7123622867189
69087,1910.7123622867189
69088,1910.7123622867189
69089,1910.7123622867189
69090,1910.7123622867189
69091,1910.7123622867189
69092,1910.7123622867189
69093,1910.7123622867189
69094,1910.7123622867189
69095,1910.7123622867189
69096,1910.7123622867189
69097,1910.7123622867189
69098,1910.7123622867189
69099,1910.7123622867189
69100,1910.7123622867189
69101,1910.7123622867189
69102,1910.7123622867189
69103,1910.7123622867189
69104,1910.7123622867189
69105,1910.7123622867189
69106,1910.7123622867189
69107,1910.7123622867189
69108,1910.7123622867189
69109,1910.7123622867189
69110,1910.7123622867189
69111,1910.7123622867189
69112,1910.7123622867189
69113,1910.7123622867189
69114,1910.7123622867189
69115,1910.7123622867189
69116,1910.7123622867189
69117,1910.7123622867189
69118,1910.7123622867189
69119,1910.7123622867189
69120,1910.7123622867189
69121,1910.7123622867189
69122,1910.7123622867189
69123,1910.7123622867189
69124,1910.7123622867189
69125,1910.7123622867189
69126,1910.7123622867189
69127,1910.7123622867189
69128,1910.7123622867189
69129,1910.7123622867189
69130,1910.7123622867189
69131,1910.7123622867189
69132,1910.7123622867189
69133,1910.7123622867189
69134,1910.7123622867189
69135,1910.7123622867189
69136,1910.7123622867189
69137,1910.7123622867189
69138,1910.7123622867189
69139,1910.7123622867189
69140,1910.7123622867189
69141,1910.7123622867189
69142,1910.7123622867189
69143,1910.7123622867189
69144,1910.7123622867189
69145,1910.7123622867189
69146,1910.7123622867189
69147,1910.7123622867189
69148,1910.7123622867189
69149,1910.7123622867189
69150,1910.7123622867189
69151,1910.7123622867189
69152,1910.7123622867189
69153,1910.7123622867189
69154,1910.7123622867189
69155,1910.7123622867189
69156,1910.7123622867189
69157,1910.7123622867189
69158,1910.7123622867189
69159,1910.7123622867189
69160,1910.7123622867189
69161,1910.7123622867189
69162,1910.7123622867189
69163,1910.7123622867189
69164,1910.7123622867189
69165,1910.7123622867189
69166,1910.7123622867189
69167,1910.7123622867189
69168,1910.7123622867189
69169,1910.7123622867189
69170,1910.7123622867189
69171,1910.7123622867189
69172,1910.7123622867189
69173,1910.7123622867189
69174,1910.7123622867189
69175,1910.7123622867189
69176,1910.7123622867189
69177,1910.7123622867189
69178,1910.7123622867189
69179,1910.7123622867189
69180,1910.7123622867189
69181,1910.7123622867189
69182,1910.7123622867189
69183,1910.7123622867189
69184,1910.7123622867189
69185,1910.7123622867189
69186,1910.7123622867189
69187,1910.7123622867189
69188,1910.7123622867189
69189,1910.7123622867189
69190,1910.7123622867189
69191,1910.7123622867189
69192,1910.7123622867189
69193,1910.7123622867189
69194,1910.7123622867189
69195,1910.7123622867189
69196,1910.7123622867189
69197,1910.7123622867189
69198,1910.7123622867189
69199,1910.7123622867189
69200,1910.7123622867189
69201,1910.7123622867189
69202,1910.7123622867189
69203,1910.7123622867189
69204,1910.7123622867189
69205,1910.7123622867189
69206,1910.7123622867189
69207,1910.7123622867189
69208,1910.7123622867189
69209,1910.7123622867189
69210,1910.7123622867189
69211,1910.7123622867189
69212,1910.7123622867189
69213,1910.7123622867189
69214,1910.7123622867189
69215,1910.7123622867189
69216,1910.7123622867189
69217,1910.7123622867189
69218,1910.7123622867189
69219,1910.7123622867189
69220,1910.7123622867189
69221,1910.7123622867189
69222,1910.7123622867189
69223,1910.7123622867189
69224,1910.7123622867189
69225,1910.7123622867189
69226,1910.7123622867189
69227,1910.7123622867189
69228,1910.7123622867189
69229,1910.7123622867189
69230,1910.7123622867189
69231,1910.7123622867189
69232,1910.7123622867189
69233,1910.7123622867189
69234,1910.7123622867189
69235,1910.7123622867189
69236,1910.7123622867189
69237,1910.7123622867189
69238,1910.7123622867189
69239,1910.7123622867189
69240,1910.7123622867189
69241,1910.7123622867189
69242,1910.7123622867189
69243,1910.7123622867189
69244,1910.7123622867189
69245,1910.7123622867189
69246,1910.7123622867189
69247,1910.7123622867189
69248,1910.7123622867189
69249,1910.7123622867189
69250,1910.7123622867189
69251,1910.7123622867189
69252,1910.7123622867189
69253,1910.7123622867189
69254,1910.7123622867189
69255,1910.7123622867189
69256,1910.7123622867189
69257,1910.7123622867189
69258,1910.7123622867189
69259,1910.7123622867189
69260,1910.7123622867189
69261,1910.7123622867189
69262,1910.7123622867189
69263,1910.7123622867189
69264,1910.7123622867189
69265,1910.7123622867189
69266,1910.7123622867189
69267,1910.7123622867189
69268,1910.7123622867189
69269,1910.7123622867189
69270,1910.7123622867189
69271,1910.7123622867189
69272,1910.7123622867189
69273,1910.7123622867189
69274,1910.7123622867189
69275,1910.7123622867189
69276,1910.7123622867189
69277,1910.7123622867189
69278,1910.7123622867189
69279,1910.7123622867189
69280,1910.7123622867189
69281,1910.7123622867189
69282,1910.7123622867189
69283,1910.7123622867189
69284,1910.7123622867189
69285,1910.7123622867189
69286,1910.7123622867189
69287,1910.7123622867189
69288,1910.7123622867189
69289,1910.7123622867189
69290,1910.7123622867189
69291,1910.7123622867189
69292,1910.7123622867189
69293,1910.7123622867189
69294,1910.7123622867189
69295,1910.7123622867189
69296,1910.7123622867189
69297,1910.7123622867189
69298,1910.7123622867189
69299,1910.7123622867189
69300,1910.7123622867189
69301,1910.7123622867189
69302,1910.7123622867189
69303,1910.7123622867189
69304,1910.7123622867189
69305,1910.7123622867189
69306,1910.7123622867189
69307,1910.7123622867189
69308,1910.7123622867189
69309,1910.7123622867189
69310,1910.7123622867189
69311,1910.7123622867189
69312,1910.7123622867189
69313,1910.7123622867189
69314,1910.7123622867189
69315,1910.7123622867189
69316,1910.7123622867189
69317,1910.7123622867189
69318,1910.7123622867189
69319,1910.7123622867189
69320,1910.7123622867189
69321,1910.7123622867189
69322,1910.7123622867189
69323,1910.7123622867189
69324,1910.7123622867189
69325,1910.7123622867189
69326,1910.7123622867189
69327,1910.7123622867189
69328,1910.7123622867189
69329,1910.7123622867189
69330,1910.7123622867189
69331,1910.7123622867189
69332,1910.7123622867189
69333,1910.7123622867189
69334,1910.7123622867189
69335,1910.7123622867189
69336,1910.7123622867189
69337,1910.7123622867189
69338,1910.7123622867189
69339,1910.7123622867189
69340,1910.7123622867189
69341,1910.7123622867189
69342,1910.7123622867189
69343,1910.7123622867189
69344,1910.7123622867189
69345,1910.7123622867189
69346,1910.7123622867189
69347,1910.7123622867189
69348,1910.7123622867189
69349,1910.7123622867189
69350,1910.7123622867189
69351,1910.7123622867189
69352,1910.7123622867189
69353,1910.7123622867189
69354,1910.7123622867189
69355,1910.7123622867189
69356,1910.7123622867189
69357,1910.7123622867189
69358,1910.7123622867189
69359,1910.7123622867189
69360,1910.7123622867189
69361,1910.7123622867189
69362,1910.7123622867189
69363,1910.7123622867189
69364,1910.7123622867189
69365,1910.7123622867189
69366,1910.7123622867189
69367,1910.7123622867189
69368,1910.7123622867189
69369,1910.7123622867189
69370,1910.7123622867189
69371,1910.7123622867189
69372,1910.7123622867189
69373,1910.7123622867189
69374,1910.7123622867189
69375,1910.7123622867189
69376,1910.7123622867189
69377,1910.7123622867189
69378,1910.7123622867189
69379,1910.7123622867189
69380,1910.7123622867189
69381,1910.7123622867189
69382,1910.7123622867189
69383,1910.7123622867189
69384,1910.7123622867189
69385,1910.7123622867189
69386,1910.7123622867189
69387,1910.7123622867189
69388,1910.7123622867189
69389,1910.7123622867189
69390,1910.7123622867189
69391,1910.7123622867189
69392,1910.7123622867189
69393,1910.7123622867189
69394,1910.7123622867189
69395,1910.7123622867189
69396,1910.7123622867189
69397,1910.7123622867189
69398,1910.7123622867189
69399,1910.7123622867189
69400,1910.7123622867189
69401,1910.7123622867189
69402,1910.7123622867189
69403,1910.7123622867189
69404,1910.7123622867189
69405,1910.7123622867189
69406,1910.7123622867189
69407,1910.7123622867189
69408,1910.7123622867189
69409,1910.7123622867189
69410,1910.7123622867189
69411,1910.7123622867189
69412,1910.7123622867189
69413,1910.7123622867189
69414,1910.7123622867189
69415,1910.7123622867189
69416,1910.7123622867189
69417,1910.7123622867189
69418,1910.7123622867189
69419,1910.7123622867189
69420,1910.7123622867189
69421,1910.7123622867189
69422,1910.7123622867189
69423,1910.7123622867189
69424,1910.7123622867189
69425,1910.7123622867189
69426,1910.7123622867189
69427,1910.7123622867189
69428,1910.7123622867189
69429,1910.7123622867189
69430,1910.7123622867189
69431,1910.7123622867189
69432,1910.7123622867189
69433,1910.7123622867189
69434,1910.7123622867189
69435,1910.7123622867189
69436,1910.7123622867189
69437,1910.7123622867189
69438,1910.7123622867189
69439,1910.7123622867189
69440,1910.7123622867189
69441,1910.7123622867189
69442,1910.7123622867189
69443,1910.7123622867189
69444,1910.7123622867189
69445,1910.7123622867189
69446,1910.7123622867189
69447,1910.7123622867189
69448,1910.7123622867189
69449,1910.7123622867189
69450,1910.7123622867189
69451,1910.7123622867189
69452,1910.7123622867189
69453,1910.7123622867189
69454,1910.7123622867189
69455,1910.7123622867189
69456,1910.7123622867189
69457,1910.7123622867189
69458,1910.7123622867189
69459,1910.7123622867189
69460,1910.7123622867189
69461,1910.7123622867189
69462,1910.7123622867189
69463,1910.7123622867189
69464,1910.7123622867189
69465,1910.7123622867189
69466,1910.7123622867189
69467,1910.7123622867189
69468,1910.7123622867189
69469,1910.7123622867189
69470,1910.7123622867189
69471,1910.7123622867189
69472,1910.7123622867189
69473,1910.7123622867189
69474,1910.7123622867189
69475,1910.7123622867189
69476,1910.7123622867189
69477,1910.7123622867189
69478,1910.7123622867189
69479,1910.7123622867189
69480,1910.7123622867189
69481,1910.7123622867189
69482,1910.7123622867189
69483,1910.7123622867189
69484,1910.7123622867189
69485,1910.7123622867189
69486,1910.7123622867189
69487,1910.7123622867189
69488,1910.7123622867189
69489,1910.7123622867189
69490,1910.7123622867189
69491,1910.7123622867189
69492,1910.7123622867189
69493,1910.7123622867189
69494,1910.7123622867189
69495,1910.7123622867189
69496,1910.7123622867189
69497,1910.7123622867189
69498,1910.7123622867189
69499,1910.7123622867189
69500,1910.7123622867189
69501,1910.7123622867189
69502,1910.7123622867189
69503,1910.7123622867189
69504,1910.7123622867189
69505,1910.7123622867189
69506,1910.7123622867189
69507,1910.7123622867189
69508,1910.7123622867189
69509,1910.7123622867189
69510,1910.7123622867189
69511,1910.7123622867189
69512,1910.7123622867189
69513,1910.7123622867189
69514,1910.7123622867189
69515,1910.7123622867189
69516,1910.7123622867189
69517,1910.7123622867189
69518,1910.7123622867189
69519,1910.7123622867189
69520,1910.7123622867189
69521,1910.7123622867189
69522,1910.7123622867189
69523,1910.7123622867189
69524,1910.7123622867189
69525,1910.7123622867189
69526,1910.7123622867189
69527,1910.7123622867189
69528,1910.7123622867189
69529,1910.7123622867189
69530,1910.7123622867189
69531,1910.7123622867189
69532,1910.7123622867189
69533,1910.7123622867189
69534,1910.7123622867189
69535,1910.7123622867189
69536,1910.7123622867189
69537,1910.7123622867189
69538,1910.7123622867189
69539,1910.7123622867189
69540,1910.7123622867189
69541,1910.7123622867189
69542,1910.7123622867189
69543,1910.7123622867189
69544,1910.7123622867189
69545,1910.7123622867189
69546,1910.7123622867189
69547,1910.7123622867189
69548,1910.7123622867189
69549,1910.7123622867189
69550,1910.7123622867189
69551,1910.7123622867189
69552,1910.7123622867189
69553,1910.7123622867189
69554,1910.7123622867189
69555,1910.7123622867189
69556,1910.7123622867189
69557,1910.7123622867189
69558,1910.7123622867189
69559,1910.7123622867189
69560,1910.7123622867189
69561,1910.7123622867189
69562,1910.7123622867189
69563,1910.7123622867189
69564,1910.7123622867189
69565,1910.7123622867189
69566,1910.7123622867189
69567,1910.7123622867189
69568,1910.7123622867189
69569,1910.7123622867189
69570,1910.7123622867189
69571,1910.7123622867189
69572,1910.7123622867189
69573,1910.7123622867189
69574,1910.7123622867189
69575,1910.7123622867189
69576,1910.7123622867189
69577,1910.7123622867189
69578,1910.7123622867189
69579,1910.7123622867189
69580,1910.7123622867189
69581,1910.7123622867189
69582,1910.7123622867189
69583,1910.7123622867189
69584,1910.7123622867189
69585,1910.7123622867189
69586,1910.7123622867189
69587,1910.7123622867189
69588,1910.7123622867189
69589,1910.7123622867189
69590,1910.7123622867189
69591,1910.7123622867189
69592,1910.7123622867189
69593,1910.7123622867189
69594,1910.7123622867189
69595,1910.7123622867189
69596,1910.7123622867189
69597,1910.7123622867189
69598,1910.7123622867189
69599,1910.7123622867189
69600,1910.7123622867189
69601,1910.7123622867189
69602,1910.7123622867189
69603,1910.7123622867189
69604,1910.7123622867189
69605,1910.7123622867189
69606,1910.7123622867189
69607,1910.7123622867189
69608,1910.7123622867189
69609,1910.7123622867189
69610,1910.7123622867189
69611,1910.7123622867189
69612,1910.7123622867189
69613,1910.7123622867189
69614,1910.7123622867189
69615,1910.7123622867189
69616,1910.7123622867189
69617,1910.7123622867189
69618,1910.7123622867189
69619,1910.7123622867189
69620,1910.7123622867189
69621,1910.7123622867189
69622,1910.7123622867189
69623,1910.7123622867189
69624,1910.7123622867189
69625,1910.7123622867189
69626,1910.7123622867189
69627,1910.7123622867189
69628,1910.7123622867189
69629,1910.7123622867189
69630,1910.7123622867189
69631,1910.7123622867189
69632,1910.7123622867189
69633,1910.7123622867189
69634,1910.7123622867189
69635,1910.7123622867189
69636,1910.7123622867189
69637,1910.7123622867189
69638,1910.7123622867189
69639,1910.7123622867189
69640,1910.7123622867189
69641,1910.7123622867189
69642,1910.7123622867189
69643,1910.7123622867189
69644,1910.7123622867189
69645,1910.7123622867189
69646,1910.7123622867189
69647,1910.7123622867189
69648,1910.7123622867189
69649,1910.7123622867189
69650,1910.7123622867189
69651,1910.7123622867189
69652,1910.7123622867189
69653,1910.7123622867189
69654,1910.7123622867189
69655,1910.7123622867189
69656,1910.7123622867189
69657,1910.7123622867189
69658,1910.7123622867189
69659,1910.7123622867189
69660,1910.7123622867189
69661,1910.7123622867189
69662,1910.7123622867189
69663,1910.7123622867189
69664,1910.7123622867189
69665,1910.7123622867189
69666,1910.7123622867189
69667,1910.7123622867189
69668,1910.7123622867189
69669,1910.7123622867189
69670,1910.7123622867189
69671,1910.7123622867189
69672,1910.7123622867189
69673,1910.7123622867189
69674,1910.7123622867189
69675,1910.7123622867189
69676,1910.7123622867189
69677,1910.7123622867189
69678,1910.7123622867189
69679,1910.7123622867189
69680,1910.7123622867189
69681,1910.7123622867189
69682,1910.7123622867189
69683,1910.7123622867189
69684,1910.7123622867189
69685,1910.7123622867189
69686,1910.7123622867189
69687,1910.7123622867189
69688,1910.7123622867189
69689,1910.7123622867189
69690,1910.7123622867189
69691,1910.7123622867189
69692,1910.7123622867189
69693,1910.7123622867189
69694,1910.7123622867189
69695,1910.7123622867189
69696,1910.7123622867189
69697,1910.7123622867189
69698,1910.7123622867189
69699,1910.7123622867189
69700,1910.7123622867189
69701,1910.7123622867189
69702,1910.7123622867189
69703,1910.7123622867189
69704,1910.7123622867189
69705,1910.7123622867189
69706,1910.7123622867189
69707,1910.7123622867189
69708,1910.7123622867189
69709,1910.7123622867189
69710,1910.7123622867189
69711,1910.7123622867189
69712,1910.7123622867189
69713,1910.7123622867189
69714,1910.7123622867189
69715,1910.7123622867189
69716,1910.7123622867189
69717,1910.7123622867189
69718,1910.7123622867189
69719,1910.7123622867189
69720,1910.7123622867189
69721,1910.7123622867189
69722,1910.7123622867189
69723,1910.7123622867189
69724,1910.7123622867189
69725,1910.7123622867189
69726,1910.7123622867189
69727,1910.7123622867189
69728,1910.7123622867189
69729,1910.7123622867189
69730,1910.7123622867189
69731,1910.7123622867189
69732,1910.7123622867189
69733,1910.7123622867189
69734,1910.7123622867189
69735,1910.7123622867189
69736,1910.7123622867189
69737,1910.7123622867189
69738,1910.7123622867189
69739,1910.7123622867189
69740,1910.7123622867189
69741,1910.7123622867189
69742,1910.7123622867189
69743,1910.7123622867189
69744,1910.7123622867189
69745,1910.7123622867189
69746,1910.7123622867189
69747,1910.7123622867189
69748,1910.7123622867189
69749,1910.7123622867189
69750,1910.7123622867189
69751,1910.7123622867189
69752,1910.7123622867189
69753,1910.7123622867189
69754,1910.7123622867189
69755,1910.7123622867189
69756,1910.7123622867189
69757,1910.7123622867189
69758,1910.7123622867189
69759,1910.7123622867189
69760,1910.7123622867189
69761,1910.7123622867189
69762,1910.7123622867189
69763,1910.7123622867189
69764,1910.7123622867189
69765,1910.7123622867189
69766,1910.7123622867189
69767,1910.7123622867189
69768,1910.7123622867189
69769,1910.7123622867189
69770,1910.7123622867189
69771,1910.7123622867189
69772,1910.7123622867189
69773,1910.7123622867189
69774,1910.7123622867189
69775,1910.7123622867189
69776,1910.7123622867189
69777,1910.7123622867189
69778,1910.7123622867189
69779,1910.7123622867189
69780,1910.7123622867189
69781,1910.7123622867189
69782,1910.7123622867189
69783,1910.7123622867189
69784,1910.7123622867189
69785,1910.7123622867189
69786,1910.7123622867189
69787,1910.7123622867189
69788,1910.7123622867189
69789,1910.7123622867189
69790,1910.7123622867189
69791,1910.7123622867189
69792,1910.7123622867189
69793,1910.7123622867189
69794,1910.7123622867189
69795,1910.7123622867189
69796,1910.7123622867189
69797,1910.7123622867189
69798,1910.7123622867189
69799,1910.7123622867189
69800,1910.7123622867189
69801,1910.7123622867189
69802,1910.7123622867189
69803,1910.7123622867189
69804,1910.7123622867189
69805,1910.7123622867189
69806,1910.7123622867189
69807,1910.7123622867189
69808,1910.7123622867189
69809,1910.7123622867189
69810,1910.7123622867189
69811,1910.7123622867189
69812,1910.7123622867189
69813,1910.7123622867189
69814,1910.7123622867189
69815,1910.7123622867189
69816,1910.7123622867189
69817,1910.7123622867189
69818,1910.7123622867189
69819,1910.7123622867189
69820,1910.7123622867189
69821,1910.7123622867189
69822,1910.7123622867189
69823,1910.7123622867189
69824,1910.7123622867189
69825,1910.7123622867189
69826,1910.7123622867189
69827,1910.7123622867189
69828,1910.7123622867189
69829,1910.7123622867189
69830,1910.7123622867189
69831,1910.7123622867189
69832,1910.7123622867189
69833,1910.7123622867189
69834,1910.7123622867189
69835,1910.7123622867189
69836,1910.7123622867189
69837,1910.7123622867189
69838,1910.7123622867189
69839,1910.7123622867189
69840,1910.7123622867189
69841,1910.7123622867189
69842,1910.7123622867189
69843,1910.7123622867189
69844,1910.7123622867189
69845,1910.7123622867189
69846,1910.7123622867189
69847,1910.7123622867189
69848,1910.7123622867189
69849,1910.7123622867189
69850,1910.7123622867189
69851,1910.7123622867189
69852,1910.7123622867189
69853,1910.7123622867189
69854,1910.7123622867189
69855,1910.7123622867189
69856,1910.7123622867189
69857,1910.7123622867189
69858,1910.7123622867189
69859,1910.7123622867189
69860,1910.7123622867189
69861,1910.7123622867189
69862,1910.7123622867189
69863,1910.7123622867189
69864,1910.7123622867189
69865,1910.7123622867189
69866,1910.7123622867189
69867,1910.7123622867189
69868,1910.7123622867189
69869,1910.7123622867189
69870,1910.7123622867189
69871,1910.7123622867189
69872,1910.7123622867189
69873,1910.7123622867189
69874,1910.7123622867189
69875,1910.7123622867189
69876,1910.7123622867189
69877,1910.7123622867189
69878,1910.7123622867189
69879,1910.7123622867189
69880,1910.7123622867189
69881,1910.7123622867189
69882,1910.7123622867189
69883,1910.7123622867189
69884,1910.7123622867189
69885,1910.7123622867189
69886,1910.7123622867189
69887,1910.7123622867189
69888,1910.7123622867189
69889,1910.7123622867189
69890,1910.7123622867189
69891,1910.7123622867189
69892,1910.7123622867189
69893,1910.7123622867189
69894,1910.7123622867189
69895,1910.7123622867189
69896,1910.7123622867189
69897,1910.7123622867189
69898,1910.7123622867189
69899,1910.7123622867189
69900,1910.7123622867189
69901,1910.7123622867189
69902,1910.7123622867189
69903,1910.7123622867189
69904,1910.7123622867189
69905,1910.7123622867189
69906,1910.7123622867189
69907,1910.7123622867189
69908,1910.7123622867189
69909,1910.7123622867189
69910,1910.7123622867189
69911,1910.7123622867189
69912,1910.7123622867189
69913,1910.7123622867189
69914,1910.7123622867189
69915,1910.7123622867189
69916,1910.7123622867189
69917,1910.7123622867189
69918,1910.7123622867189
69919,1910.7123622867189
69920,1910.7123622867189
69921,1910.7123622867189
69922,1910.7123622867189
69923,1910.7123622867189
69924,1910.7123622867189
69925,1910.7123622867189
69926,1910.7123622867189
69927,1910.7123622867189
69928,1910.7123622867189
69929,1910.7123622867189
69930,1910.7123622867189
69931,1910.7123622867189
69932,1910.7123622867189
69933,1910.7123622867189
69934,1910.7123622867189
69935,1910.7123622867189
69936,1910.7123622867189
69937,1910.7123622867189
69938,1910.7123622867189
69939,1910.7123622867189
69940,1910.7123622867189
69941,1910.7123622867189
69942,1910.7123622867189
69943,1910.7123622867189
69944,1910.7123622867189
69945,1910.7123622867189
69946,1910.7123622867189
69947,1910.7123622867189
69948,1910.7123622867189
69949,1910.7123622867189
69950,1910.7123622867189
69951,1910.7123622867189
69952,1910.7123622867189
69953,1910.7123622867189
69954,1910.7123622867189
69955,1910.7123622867189
69956,1910.7123622867189
69957,1910.7123622867189
69958,1910.7123622867189
69959,1910.7123622867189
69960,1910.7123622867189
69961,1910.7123622867189
69962,1910.7123622867189
69963,1910.7123622867189
69964,1910.7123622867189
69965,1910.7123622867189
69966,1910.7123622867189
69967,1910.7123622867189
69968,1910.7123622867189
69969,1910.7123622867189
69970,1910.7123622867189
69971,1910.7123622867189
69972,1910.7123622867189
69973,1910.7123622867189
69974,1910.7123622867189
69975,1910.7123622867189
69976,1910.7123622867189
69977,1910.7123622867189
69978,1910.7123622867189
69979,1910.7123622867189
69980,1910.7123622867189
69981,1910.7123622867189
69982,1910.7123622867189
69983,1910.7123622867189
69984,1910.7123622867189
69985,1910.7123622867189
69986,1910.7123622867189
69987,1910.7123622867189
69988,1910.7123622867189
69989,1910.7123622867189
69990,1910.7123622867189
69991,1910.7123622867189
69992,1910.7123622867189
69993,1910.7123622867189
69994,1910.7123622867189
69995,1910.7123622867189
69996,1910.7123622867189
69997,1910.7123622867189
69998,1910.7123622867189
69999,1910.7123622867189
70000,1910.7123622867189
70001,1910.7123622867189
70002,1910.7123622867189
70003,1910.7123622867189
70004,1910.7123622867189
70005,1910.7123622867189
70006,1910.7123622867189
70007,1910.7123622867189
70008,1910.7123622867189
70009,1910.7123622867189
70010,1910.7123622867189
70011,1910.7123622867189
70012,1910.7123622867189
70013,1910.7123622867189
70014,1910.7123622867189
70015,1910.7123622867189
70016,1910.7123622867189
70017,1910.7123622867189
70018,1910.7123622867189
70019,1910.7123622867189
70020,1910.7123622867189
70021,1910.7123622867189
70022,1910.7123622867189
70023,1910.7123622867189
70024,1910.7123622867189
70025,1910.7123622867189
70026,1910.7123622867189
70027,1910.7123622867189
70028,1910.7123622867189
70029,1910.7123622867189
70030,1910.7123622867189
70031,1910.7123622867189
70032,1910.7123622867189
70033,1910.7123622867189
70034,1910.7123622867189
70035,1910.7123622867189
70036,1910.7123622867189
70037,1910.7123622867189
70038,1910.7123622867189
70039,1910.7123622867189
70040,1910.7123622867189
70041,1910.7123622867189
70042,1910.7123622867189
70043,1910.7123622867189
70044,1910.7123622867189
70045,1910.7123622867189
70046,1910.7123622867189
70047,1910.7123622867189
70048,1910.7123622867189
70049,1910.7123622867189
70050,1910.7123622867189
70051,1910.7123622867189
70052,1910.7123622867189
70053,1910.7123622867189
70054,1910.7123622867189
70055,1910.7123622867189
70056,1910.7123622867189
70057,1910.7123622867189
70058,1910.7123622867189
70059,1910.7123622867189
70060,1910.7123622867189
70061,1910.7123622867189
70062,1910.7123622867189
70063,1910.7123622867189
70064,1910.7123622867189
70065,1910.7123622867189
70066,1910.7123622867189
70067,1910.7123622867189
70068,1910.7123622867189
70069,1910.7123622867189
70070,1910.7123622867189
70071,1910.7123622867189
70072,1910.7123622867189
70073,1910.7123622867189
70074,1910.7123622867189
70075,1910.7123622867189
70076,1910.7123622867189
70077,1910.7123622867189
70078,1910.7123622867189
70079,1910.7123622867189
70080,1910.7123622867189
70081,1910.7123622867189
70082,1910.7123622867189
70083,1910.7123622867189
70084,1910.7123622867189
70085,1910.7123622867189
70086,1910.7123622867189
70087,1910.7123622867189
70088,1910.7123622867189
70089,1910.7123622867189
70090,1910.7123622867189
70091,1910.7123622867189
70092,1910.7123622867189
70093,1910.7123622867189
70094,1910.7123622867189
70095,1910.7123622867189
70096,1910.7123622867189
70097,1910.7123622867189
70098,1910.7123622867189
70099,1910.7123622867189
70100,1910.7123622867189
70101,1910.7123622867189
70102,1910.7123622867189
70103,1910.7123622867189
70104,1910.7123622867189
70105,1910.7123622867189
70106,1910.7123622867189
70107,1910.7123622867189
70108,1910.7123622867189
70109,1910.7123622867189
70110,1910.7123622867189
70111,1910.7123622867189
70112,1910.7123622867189
70113,1910.7123622867189
70114,1910.7123622867189
70115,1910.7123622867189
70116,1910.7123622867189
70117,1910.7123622867189
70118,1910.7123622867189
70119,1910.7123622867189
70120,1910.7123622867189
70121,1910.7123622867189
70122,1910.7123622867189
70123,1910.7123622867189
70124,1910.7123622867189
70125,1910.7123622867189
70126,1910.7123622867189
70127,1910.7123622867189
70128,1910.7123622867189
70129,1910.7123622867189
70130,1910.7123622867189
70131,1910.7123622867189
70132,1910.7123622867189
70133,1910.7123622867189
70134,1910.7123622867189
70135,1910.7123622867189
70136,1910.7123622867189
70137,1910.7123622867189
70138,1910.7123622867189
70139,1910.7123622867189
70140,1910.7123622867189
70141,1910.7123622867189
70142,1910.7123622867189
70143,1910.7123622867189
70144,1910.7123622867189
70145,1910.7123622867189
70146,1910.7123622867189
70147,1910.7123622867189
70148,1910.7123622867189
70149,1910.7123622867189
70150,1910.7123622867189
70151,1910.7123622867189
70152,1910.7123622867189
70153,1910.7123622867189
70154,1910.7123622867189
70155,1910.7123622867189
70156,1910.7123622867189
70157,1910.7123622867189
70158,1910.7123622867189
70159,1910.7123622867189
70160,1910.7123622867189
70161,1910.7123622867189
70162,1910.7123622867189
70163,1910.7123622867189
70164,1910.7123622867189
70165,1910.7123622867189
70166,1910.7123622867189
70167,1910.7123622867189
70168,1910.7123622867189
70169,1910.7123622867189
70170,1910.7123622867189
70171,1910.7123622867189
70172,1910.7123622867189
70173,1910.7123622867189
70174,1910.7123622867189
70175,1910.7123622867189
70176,1910.7123622867189
70177,1910.7123622867189
70178,1910.7123622867189
70179,1910.7123622867189
70180,1910.7123622867189
70181,1910.7123622867189
70182,1910.7123622867189
70183,1910.7123622867189
70184,1910.7123622867189
70185,1910.7123622867189
70186,1910.7123622867189
70187,1910.7123622867189
70188,1910.7123622867189
70189,1910.7123622867189
70190,1910.7123622867189
70191,1910.7123622867189
70192,1910.7123622867189
70193,1910.7123622867189
70194,1910.7123622867189
70195,1910.7123622867189
70196,1910.7123622867189
70197,1910.7123622867189
70198,1910.7123622867189
70199,1910.7123622867189
70200,1910.7123622867189
70201,1910.7123622867189
70202,1910.7123622867189
70203,1910.7123622867189
70204,1910.7123622867189
70205,1910.7123622867189
70206,1910.7123622867189
70207,1910.7123622867189
70208,1910.7123622867189
70209,1910.7123622867189
70210,1910.7123622867189
70211,1910.7123622867189
70212,1910.7123622867189
70213,1910.7123622867189
70214,1910.7123622867189
70215,1910.7123622867189
70216,1910.7123622867189
70217,1910.7123622867189
70218,1910.7123622867189
70219,1910.7123622867189
70220,1910.7123622867189
70221,1910.7123622867189
70222,1910.7123622867189
70223,1910.7123622867189
70224,1910.7123622867189
70225,1910.7123622867189
70226,1910.7123622867189
70227,1910.7123622867189
70228,1910.7123622867189
70229,1910.7123622867189
70230,1910.7123622867189
70231,1910.7123622867189
70232,1910.7123622867189
70233,1910.7123622867189
70234,1910.7123622867189
70235,1910.7123622867189
70236,1910.7123622867189
70237,1910.7123622867189
70238,1910.7123622867189
70239,1910.7123622867189
70240,1910.7123622867189
70241,1910.7123622867189
70242,1910.7123622867189
70243,1910.7123622867189
70244,1910.7123622867189
70245,1910.7123622867189
70246,1910.7123622867189
70247,1910.7123622867189
70248,1910.7123622867189
70249,1910.7123622867189
70250,1910.7123622867189
70251,1910.7123622867189
70252,1910.7123622867189
70253,1910.7123622867189
70254,1910.7123622867189
70255,1910.7123622867189
70256,1910.7123622867189
70257,1910.7123622867189
70258,1910.7123622867189
70259,1910.7123622867189
70260,1910.7123622867189
70261,1910.7123622867189
70262,1910.7123622867189
70263,1910.7123622867189
70264,1910.7123622867189
70265,1910.7123622867189
70266,1910.7123622867189
70267,1910.7123622867189
70268,1910.7123622867189
70269,1910.7123622867189
70270,1910.7123622867189
70271,1910.7123622867189
70272,1910.7123622867189
70273,1910.7123622867189
70274,1910.7123622867189
70275,1910.7123622867189
70276,1910.7123622867189
70277,1910.7123622867189
70278,1910.7123622867189
70279,1910.7123622867189
70280,1910.7123622867189
70281,1910.7123622867189
70282,1910.7123622867189
70283,1910.7123622867189
70284,1910.7123622867189
70285,1910.7123622867189
70286,1910.7123622867189
70287,1910.7123622867189
70288,1910.7123622867189
70289,1910.7123622867189
70290,1910.7123622867189
70291,1910.7123622867189
70292,1910.7123622867189
70293,1910.7123622867189
70294,1910.7123622867189
70295,1910.7123622867189
70296,1910.7123622867189
70297,1910.7123622867189
70298,1910.7123622867189
70299,1910.7123622867189
70300,1910.7123622867189
70301,1910.7123622867189
70302,1910.7123622867189
70303,1910.7123622867189
70304,1910.7123622867189
70305,1910.7123622867189
70306,1910.7123622867189
70307,1910.7123622867189
70308,1910.7123622867189
70309,1910.7123622867189
70310,1910.7123622867189
70311,1910.7123622867189
70312,1910.7123622867189
70313,1910.7123622867189
70314,1910.7123622867189
70315,1910.7123622867189
70316,1910.7123622867189
70317,1910.7123622867189
70318,1910.7123622867189
70319,1910.7123622867189
70320,1910.7123622867189
70321,1910.7123622867189
70322,1910.7123622867189
70323,1910.7123622867189
70324,1910.7123622867189
70325,1910.7123622867189
70326,1910.7123622867189
70327,1910.7123622867189
70328,1910.7123622867189
70329,1910.7123622867189
70330,1910.7123622867189
70331,1910.7123622867189
70332,1910.7123622867189
70333,1910.7123622867189
70334,1910.7123622867189
70335,1910.7123622867189
70336,1910.7123622867189
70337,1910.7123622867189
70338,1910.7123622867189
70339,1910.7123622867189
70340,1910.7123622867189
70341,1910.7123622867189
70342,1910.7123622867189
70343,1910.7123622867189
70344,1910.7123622867189
70345,1910.7123622867189
70346,1910.7123622867189
70347,1910.7123622867189
70348,1910.7123622867189
70349,1910.7123622867189
70350,1910.7123622867189
70351,1910.7123622867189
70352,1910.7123622867189
70353,1910.7123622867189
70354,1910.7123622867189
70355,1910.7123622867189
70356,1910.7123622867189
70357,1910.7123622867189
70358,1910.7123622867189
70359,1910.7123622867189
70360,1910.7123622867189
70361,1910.7123622867189
70362,1910.7123622867189
70363,1910.7123622867189
70364,1910.7123622867189
70365,1910.7123622867189
70366,1910.7123622867189
70367,1910.7123622867189
70368,1910.7123622867189
70369,1910.7123622867189
70370,1910.7123622867189
70371,1910.7123622867189
70372,1910.7123622867189
70373,1910.7123622867189
70374,1910.7123622867189
70375,1910.7123622867189
70376,1910.7123622867189
70377,1910.7123622867189
70378,1910.7123622867189
70379,1910.7123622867189
70380,1910.7123622867189
70381,1910.7123622867189
70382,1910.7123622867189
70383,1910.7123622867189
70384,1910.7123622867189
70385,1910.7123622867189
70386,1910.7123622867189
70387,1910.7123622867189
70388,1910.7123622867189
70389,1910.7123622867189
70390,1910.7123622867189
70391,1910.7123622867189
70392,1910.7123622867189
70393,1910.7123622867189
70394,1910.7123622867189
70395,1910.7123622867189
70396,1910.7123622867189
70397,1910.7123622867189
70398,1910.7123622867189
70399,1910.7123622867189
70400,1910.7123622867189
70401,1910.7123622867189
70402,1910.7123622867189
70403,1910.7123622867189
70404,1910.7123622867189
70405,1910.7123622867189
70406,1910.7123622867189
70407,1910.7123622867189
70408,1910.7123622867189
70409,1910.7123622867189
70410,1910.7123622867189
70411,1910.7123622867189
70412,1910.7123622867189
70413,1910.7123622867189
70414,1910.7123622867189
70415,1910.7123622867189
70416,1910.7123622867189
70417,1910.7123622867189
70418,1910.7123622867189
70419,1910.7123622867189
70420,1910.7123622867189
70421,1910.7123622867189
70422,1910.7123622867189
70423,1910.7123622867189
70424,1910.7123622867189
70425,1910.7123622867189
70426,1910.7123622867189
70427,1910.7123622867189
70428,1910.7123622867189
70429,1910.7123622867189
70430,1910.7123622867189
70431,1910.7123622867189
70432,1910.7123622867189
70433,1910.7123622867189
70434,1910.7123622867189
70435,1910.7123622867189
70436,1910.7123622867189
70437,1910.7123622867189
70438,1910.7123622867189
70439,1910.7123622867189
70440,1910.7123622867189
70441,1910.7123622867189
70442,1910.7123622867189
70443,1910.7123622867189
70444,1910.7123622867189
70445,1910.7123622867189
70446,1910.7123622867189
70447,1910.7123622867189
70448,1910.7123622867189
70449,1910.7123622867189
70450,1910.7123622867189
70451,1910.7123622867189
70452,1910.7123622867189
70453,1910.7123622867189
70454,1910.7123622867189
70455,1910.7123622867189
70456,1910.7123622867189
70457,1910.7123622867189
70458,1910.7123622867189
70459,1910.7123622867189
70460,1910.7123622867189
70461,1910.7123622867189
70462,1910.7123622867189
70463,1910.7123622867189
70464,1910.7123622867189
70465,1910.7123622867189
70466,1910.7123622867189
70467,1910.7123622867189
70468,1910.7123622867189
70469,1910.7123622867189
70470,1910.7123622867189
70471,1910.7123622867189
70472,1910.7123622867189
70473,1910.7123622867189
70474,1910.7123622867189
70475,1910.7123622867189
70476,1910.7123622867189
70477,1910.7123622867189
70478,1910.7123622867189
70479,1910.7123622867189
70480,1910.7123622867189
70481,1910.7123622867189
70482,1910.7123622867189
70483,1910.7123622867189
70484,1910.7123622867189
70485,1910.7123622867189
70486,1910.7123622867189
70487,1910.7123622867189
70488,1910.7123622867189
70489,1910.7123622867189
70490,1910.7123622867189
70491,1910.7123622867189
70492,1910.7123622867189
70493,1910.7123622867189
70494,1910.7123622867189
70495,1910.7123622867189
70496,1910.7123622867189
70497,1910.7123622867189
70498,1910.7123622867189
70499,1910.7123622867189
70500,1910.7123622867189
70501,1910.7123622867189
70502,1910.7123622867189
70503,1910.7123622867189
70504,1910.7123622867189
70505,1910.7123622867189
70506,1910.7123622867189
70507,1910.7123622867189
70508,1910.7123622867189
70509,1910.7123622867189
70510,1910.7123622867189
70511,1910.7123622867189
70512,1910.7123622867189
70513,1910.7123622867189
70514,1910.7123622867189
70515,1910.7123622867189
70516,1910.7123622867189
70517,1910.7123622867189
70518,1910.7123622867189
70519,1910.7123622867189
70520,1910.7123622867189
70521,1910.7123622867189
70522,1910.7123622867189
70523,1910.7123622867189
70524,1910.7123622867189
70525,1910.7123622867189
70526,1910.7123622867189
70527,1910.7123622867189
70528,1910.7123622867189
70529,1910.7123622867189
70530,1910.7123622867189
70531,1910.7123622867189
70532,1910.7123622867189
70533,1910.7123622867189
70534,1910.7123622867189
70535,1910.7123622867189
70536,1910.7123622867189
70537,1910.7123622867189
70538,1910.7123622867189
70539,1910.7123622867189
70540,1910.7123622867189
70541,1910.7123622867189
70542,1910.7123622867189
70543,1910.7123622867189
70544,1910.7123622867189
70545,1910.7123622867189
70546,1910.7123622867189
70547,1910.7123622867189
70548,1910.7123622867189
70549,1910.7123622867189
70550,1910.7123622867189
70551,1910.7123622867189
70552,1910.7123622867189
70553,1910.7123622867189
70554,1910.7123622867189
70555,1910.7123622867189
70556,1910.7123622867189
70557,1910.7123622867189
70558,1910.7123622867189
70559,1910.7123622867189
70560,1910.7123622867189
70561,1910.7123622867189
70562,1910.7123622867189
70563,1910.7123622867189
70564,1910.7123622867189
70565,1910.7123622867189
70566,1910.7123622867189
70567,1910.7123622867189
70568,1910.7123622867189
70569,1910.7123622867189
70570,1910.7123622867189
70571,1910.7123622867189
70572,1910.7123622867189
70573,1910.7123622867189
70574,1910.7123622867189
70575,1910.7123622867189
70576,1910.7123622867189
70577,1910.7123622867189
70578,1910.7123622867189
70579,1910.7123622867189
70580,1910.7123622867189
70581,1910.7123622867189
70582,1910.7123622867189
70583,1910.7123622867189
70584,1910.7123622867189
70585,1910.7123622867189
70586,1910.7123622867189
70587,1910.7123622867189
70588,1910.7123622867189
70589,1910.7123622867189
70590,1910.7123622867189
70591,1910.7123622867189
70592,1910.7123622867189
70593,1910.7123622867189
70594,1910.7123622867189
70595,1910.7123622867189
70596,1910.7123622867189
70597,1910.7123622867189
70598,1910.7123622867189
70599,1910.7123622867189
70600,1910.7123622867189
70601,1910.7123622867189
70602,1910.7123622867189
70603,1910.7123622867189
70604,1910.7123622867189
70605,1910.7123622867189
70606,1910.7123622867189
70607,1910.7123622867189
70608,1910.7123622867189
70609,1910.7123622867189
70610,1910.7123622867189
70611,1910.7123622867189
70612,1910.7123622867189
70613,1910.7123622867189
70614,1910.7123622867189
70615,1910.7123622867189
70616,1910.7123622867189
70617,1910.7123622867189
70618,1910.7123622867189
70619,1910.7123622867189
70620,1910.7123622867189
70621,1910.7123622867189
70622,1910.7123622867189
70623,1910.7123622867189
70624,1910.7123622867189
70625,1910.7123622867189
70626,1910.7123622867189
70627,1910.7123622867189
70628,1910.7123622867189
70629,1910.7123622867189
70630,1910.7123622867189
70631,1910.7123622867189
70632,1910.7123622867189
70633,1910.7123622867189
70634,1910.7123622867189
70635,1910.7123622867189
70636,1910.7123622867189
70637,1910.7123622867189
70638,1910.7123622867189
70639,1910.7123622867189
70640,1910.7123622867189
70641,1910.7123622867189
70642,1910.7123622867189
70643,1910.7123622867189
70644,1910.7123622867189
70645,1910.7123622867189
70646,1910.7123622867189
70647,1910.7123622867189
70648,1910.7123622867189
70649,1910.7123622867189
70650,1910.7123622867189
70651,1910.7123622867189
70652,1910.7123622867189
70653,1910.7123622867189
70654,1910.7123622867189
70655,1910.7123622867189
70656,1910.7123622867189
70657,1910.7123622867189
70658,1910.7123622867189
70659,1910.7123622867189
70660,1910.7123622867189
70661,1910.7123622867189
70662,1910.7123622867189
70663,1910.7123622867189
70664,1910.7123622867189
70665,1910.7123622867189
70666,1910.7123622867189
70667,1910.7123622867189
70668,1910.7123622867189
70669,1910.7123622867189
70670,1910.7123622867189
70671,1910.7123622867189
70672,1910.7123622867189
70673,1910.7123622867189
70674,1910.7123622867189
70675,1910.7123622867189
70676,1910.7123622867189
70677,1910.7123622867189
70678,1910.7123622867189
70679,1910.7123622867189
70680,1910.7123622867189
70681,1910.7123622867189
70682,1910.7123622867189
70683,1910.7123622867189
70684,1910.7123622867189
70685,1910.7123622867189
70686,1910.7123622867189
70687,1910.7123622867189
70688,1910.7123622867189
70689,1910.7123622867189
70690,1910.7123622867189
70691,1910.7123622867189
70692,1910.7123622867189
70693,1910.7123622867189
70694,1910.7123622867189
70695,1910.7123622867189
70696,1910.7123622867189
70697,1910.7123622867189
70698,1910.7123622867189
70699,1910.7123622867189
70700,1910.7123622867189
70701,1910.7123622867189
70702,1910.7123622867189
70703,1910.7123622867189
70704,1910.7123622867189
70705,1910.7123622867189
70706,1910.7123622867189
70707,1910.7123622867189
70708,1910.7123622867189
70709,1910.7123622867189
70710,1910.7123622867189
70711,1910.7123622867189
70712,1910.7123622867189
70713,1910.7123622867189
70714,1910.7123622867189
70715,1910.7123622867189
70716,1910.7123622867189
70717,1910.7123622867189
70718,1910.7123622867189
70719,1910.7123622867189
70720,1910.7123622867189
70721,1910.7123622867189
70722,1910.7123622867189
70723,1910.7123622867189
70724,1910.7123622867189
70725,1910.7123622867189
70726,1910.7123622867189
70727,1910.7123622867189
70728,1910.7123622867189
70729,1910.7123622867189
70730,1910.7123622867189
70731,1910.7123622867189
70732,1910.7123622867189
70733,1910.7123622867189
70734,1910.7123622867189
70735,1910.7123622867189
70736,1910.7123622867189
70737,1910.7123622867189
70738,1910.7123622867189
70739,1910.7123622867189
70740,1910.7123622867189
70741,1910.7123622867189
70742,1910.7123622867189
70743,1910.7123622867189
70744,1910.7123622867189
70745,1910.7123622867189
70746,1910.7123622867189
70747,1910.7123622867189
70748,1910.7123622867189
70749,1910.7123622867189
70750,1910.7123622867189
70751,1910.7123622867189
70752,1910.7123622867189
70753,1910.7123622867189
70754,1910.7123622867189
70755,1910.7123622867189
70756,1910.7123622867189
70757,1910.7123622867189
70758,1910.7123622867189
70759,1910.7123622867189
70760,1910.7123622867189
70761,1910.7123622867189
70762,1910.7123622867189
70763,1910.7123622867189
70764,1910.7123622867189
70765,1910.7123622867189
70766,1910.7123622867189
70767,1910.7123622867189
70768,1910.7123622867189
70769,1910.7123622867189
70770,1910.7123622867189
70771,1910.7123622867189
70772,1910.7123622867189
70773,1910.7123622867189
70774,1910.7123622867189
70775,1910.7123622867189
70776,1910.7123622867189
70777,1910.7123622867189
70778,1910.7123622867189
70779,1910.7123622867189
70780,1910.7123622867189
70781,1910.7123622867189
70782,1910.7123622867189
70783,1910.7123622867189
70784,1910.7123622867189
70785,1910.7123622867189
70786,1910.7123622867189
70787,1910.7123622867189
70788,1910.7123622867189
70789,1910.7123622867189
70790,1910.7123622867189
70791,1910.7123622867189
70792,1910.7123622867189
70793,1910.7123622867189
70794,1910.7123622867189
70795,1910.7123622867189
70796,1910.7123622867189
70797,1910.7123622867189
70798,1910.7123622867189
70799,1910.7123622867189
70800,1910.7123622867189
70801,1910.7123622867189
70802,1910.7123622867189
70803,1910.7123622867189
70804,1910.7123622867189
70805,1910.7123622867189
70806,1910.7123622867189
70807,1910.7123622867189
70808,1910.7123622867189
70809,1910.7123622867189
70810,1910.7123622867189
70811,1910.7123622867189
70812,1910.7123622867189
70813,1910.7123622867189
70814,1910.7123622867189
70815,1910.7123622867189
70816,1910.7123622867189
70817,1910.7123622867189
70818,1910.7123622867189
70819,1910.7123622867189
70820,1910.7123622867189
70821,1910.7123622867189
70822,1910.7123622867189
70823,1910.7123622867189
70824,1910.7123622867189
70825,1910.7123622867189
70826,1910.7123622867189
70827,1910.7123622867189
70828,1910.7123622867189
70829,1910.7123622867189
70830,1910.7123622867189
70831,1910.7123622867189
70832,1910.7123622867189
70833,1910.7123622867189
70834,1910.7123622867189
70835,1910.7123622867189
70836,1910.7123622867189
70837,1910.7123622867189
70838,1910.7123622867189
70839,1910.7123622867189
70840,1910.7123622867189
70841,1910.7123622867189
70842,1910.7123622867189
70843,1910.7123622867189
70844,1910.7123622867189
70845,1910.7123622867189
70846,1910.7123622867189
70847,1910.7123622867189
70848,1910.7123622867189
70849,1910.7123622867189
70850,1910.7123622867189
70851,1910.7123622867189
70852,1910.7123622867189
70853,1910.7123622867189
70854,1910.7123622867189
70855,1910.7123622867189
70856,1910.7123622867189
70857,1910.7123622867189
70858,1910.7123622867189
70859,1910.7123622867189
70860,1910.7123622867189
70861,1910.7123622867189
70862,1910.7123622867189
70863,1910.7123622867189
70864,1910.7123622867189
70865,1910.7123622867189
70866,1910.7123622867189
70867,1910.7123622867189
70868,1910.7123622867189
70869,1910.7123622867189
70870,1910.7123622867189
70871,1910.7123622867189
70872,1910.7123622867189
70873,1910.7123622867189
70874,1910.7123622867189
70875,1910.7123622867189
70876,1910.7123622867189
70877,1910.7123622867189
70878,1910.7123622867189
70879,1910.7123622867189
70880,1910.7123622867189
70881,1910.7123622867189
70882,1910.7123622867189
70883,1910.7123622867189
70884,1910.7123622867189
70885,1910.7123622867189
70886,1910.7123622867189
70887,1910.7123622867189
70888,1910.7123622867189
70889,1910.7123622867189
70890,1910.7123622867189
70891,1910.7123622867189
70892,1910.7123622867189
70893,1910.7123622867189
70894,1910.7123622867189
70895,1910.7123622867189
70896,1910.7123622867189
70897,1910.7123622867189
70898,1910.7123622867189
70899,1910.7123622867189
70900,1910.7123622867189
70901,1910.7123622867189
70902,1910.7123622867189
70903,1910.7123622867189
70904,1910.7123622867189
70905,1910.7123622867189
70906,1910.7123622867189
70907,1910.7123622867189
70908,1910.7123622867189
70909,1910.7123622867189
70910,1910.7123622867189
70911,1910.7123622867189
70912,1910.7123622867189
70913,1910.7123622867189
70914,1910.7123622867189
70915,1910.7123622867189
70916,1910.7123622867189
70917,1910.7123622867189
70918,1910.7123622867189
70919,1910.7123622867189
70920,1910.7123622867189
70921,1910.7123622867189
70922,1910.7123622867189
70923,1910.7123622867189
70924,1910.7123622867189
70925,1910.7123622867189
70926,1910.7123622867189
70927,1910.7123622867189
70928,1910.7123622867189
70929,1910.7123622867189
70930,1910.7123622867189
70931,1910.7123622867189
70932,1910.7123622867189
70933,1910.7123622867189
70934,1910.7123622867189
70935,1910.7123622867189
70936,1910.7123622867189
70937,1910.7123622867189
70938,1910.7123622867189
70939,1910.7123622867189
70940,1910.7123622867189
70941,1910.7123622867189
70942,1910.7123622867189
70943,1910.7123622867189
70944,1910.7123622867189
70945,1910.7123622867189
70946,1910.7123622867189
70947,1910.7123622867189
70948,1910.7123622867189
70949,1910.7123622867189
70950,1910.7123622867189
70951,1910.7123622867189
70952,1910.7123622867189
70953,1910.7123622867189
70954,1910.7123622867189
70955,1910.7123622867189
70956,1910.7123622867189
70957,1910.7123622867189
70958,1910.7123622867189
70959,1910.7123622867189
70960,1910.7123622867189
70961,1910.7123622867189
70962,1910.7123622867189
70963,1910.7123622867189
70964,1910.7123622867189
70965,1910.7123622867189
70966,1910.7123622867189
70967,1910.7123622867189
70968,1910.7123622867189
70969,1910.7123622867189
70970,1910.7123622867189
70971,1910.7123622867189
70972,1910.7123622867189
70973,1910.7123622867189
70974,1910.7123622867189
70975,1910.7123622867189
70976,1910.7123622867189
70977,1910.7123622867189
70978,1910.7123622867189
70979,1910.7123622867189
70980,1910.7123622867189
70981,1910.7123622867189
70982,1910.7123622867189
70983,1910.7123622867189
70984,1910.7123622867189
70985,1910.7123622867189
70986,1910.7123622867189
70987,1910.7123622867189
70988,1910.7123622867189
70989,1910.7123622867189
70990,1910.7123622867189
70991,1910.7123622867189
70992,1910.7123622867189
70993,1910.7123622867189
70994,1910.7123622867189
70995,1910.7123622867189
70996,1910.7123622867189
70997,1910.7123622867189
70998,1910.7123622867189
70999,1910.7123622867189
71000,1910.7123622867189
71001,1910.7123622867189
71002,1910.7123622867189
71003,1910.7123622867189
71004,1910.7123622867189
71005,1910.7123622867189
71006,1910.7123622867189
71007,1910.7123622867189
71008,1910.7123622867189
71009,1910.7123622867189
71010,1910.7123622867189
71011,1910.7123622867189
71012,1910.7123622867189
71013,1910.7123622867189
71014,1910.7123622867189
71015,1910.7123622867189
71016,1910.7123622867189
71017,1910.7123622867189
71018,1910.7123622867189
71019,1910.7123622867189
71020,1910.7123622867189
71021,1910.7123622867189
71022,1910.7123622867189
71023,1910.7123622867189
71024,1910.7123622867189
71025,1910.7123622867189
71026,1910.7123622867189
71027,1910.7123622867189
71028,1910.7123622867189
71029,1910.7123622867189
71030,1910.7123622867189
71031,1910.7123622867189
71032,1910.7123622867189
71033,1910.7123622867189
71034,1910.7123622867189
71035,1910.7123622867189
71036,1910.7123622867189
71037,1910.7123622867189
71038,1910.7123622867189
71039,1910.7123622867189
71040,1910.7123622867189
71041,1910.7123622867189
71042,1910.7123622867189
71043,1910.7123622867189
71044,1910.7123622867189
71045,1910.7123622867189
71046,1910.7123622867189
71047,1910.7123622867189
71048,1910.7123622867189
71049,1910.7123622867189
71050,1910.7123622867189
71051,1910.7123622867189
71052,1910.7123622867189
71053,1910.7123622867189
71054,1910.7123622867189
71055,1910.7123622867189
71056,1910.7123622867189
71057,1910.7123622867189
71058,1910.7123622867189
71059,1910.7123622867189
71060,1910.7123622867189
71061,1910.7123622867189
71062,1910.7123622867189
71063,1910.7123622867189
71064,1910.7123622867189
71065,1910.7123622867189
71066,1910.7123622867189
71067,1910.7123622867189
71068,1910.7123622867189
71069,1910.7123622867189
71070,1910.7123622867189
71071,1910.7123622867189
71072,1910.7123622867189
71073,1910.7123622867189
71074,1910.7123622867189
71075,1910.7123622867189
71076,1910.7123622867189
71077,1910.7123622867189
71078,1910.7123622867189
71079,1910.7123622867189
71080,1910.7123622867189
71081,1910.7123622867189
71082,1910.7123622867189
71083,1910.7123622867189
71084,1910.7123622867189
71085,1910.7123622867189
71086,1910.7123622867189
71087,1910.7123622867189
71088,1910.7123622867189
71089,1910.7123622867189
71090,1910.7123622867189
71091,1910.7123622867189
71092,1910.7123622867189
71093,1910.7123622867189
71094,1910.7123622867189
71095,1910.7123622867189
71096,1910.7123622867189
71097,1910.7123622867189
71098,1910.7123622867189
71099,1910.7123622867189
71100,1910.7123622867189
71101,1910.7123622867189
71102,1910.7123622867189
71103,1910.7123622867189
71104,1910.7123622867189
71105,1910.7123622867189
71106,1910.7123622867189
71107,1910.7123622867189
71108,1910.7123622867189
71109,1910.7123622867189
71110,1910.7123622867189
71111,1910.7123622867189
71112,1910.7123622867189
71113,1910.7123622867189
71114,1910.7123622867189
71115,1910.7123622867189
71116,1910.7123622867189
71117,1910.7123622867189
71118,1910.7123622867189
71119,1910.7123622867189
71120,1910.7123622867189
71121,1910.7123622867189
71122,1910.7123622867189
71123,1910.7123622867189
71124,1910.7123622867189
71125,1910.7123622867189
71126,1910.7123622867189
71127,1910.7123622867189
71128,1910.7123622867189
71129,1910.7123622867189
71130,1910.7123622867189
71131,1910.7123622867189
71132,1910.7123622867189
71133,1910.7123622867189
71134,1910.7123622867189
71135,1910.7123622867189
71136,1910.7123622867189
71137,1910.7123622867189
71138,1910.7123622867189
71139,1910.7123622867189
71140,1910.7123622867189
71141,1910.7123622867189
71142,1910.7123622867189
71143,1910.7123622867189
71144,1910.7123622867189
71145,1910.7123622867189
71146,1910.7123622867189
71147,1910.7123622867189
71148,1910.7123622867189
71149,1910.7123622867189
71150,1910.7123622867189
71151,1910.7123622867189
71152,1910.7123622867189
71153,1910.7123622867189
71154,1910.7123622867189
71155,1910.7123622867189
71156,1910.7123622867189
71157,1910.7123622867189
71158,1910.7123622867189
71159,1910.7123622867189
71160,1910.7123622867189
71161,1910.7123622867189
71162,1910.7123622867189
71163,1910.7123622867189
71164,1910.7123622867189
71165,1910.7123622867189
71166,1910.7123622867189
71167,1910.7123622867189
71168,1910.7123622867189
71169,1910.7123622867189
71170,1910.7123622867189
71171,1910.7123622867189
71172,1910.7123622867189
71173,1910.7123622867189
71174,1910.7123622867189
71175,1910.7123622867189
71176,1910.7123622867189
71177,1910.7123622867189
71178,1910.7123622867189
71179,1910.7123622867189
71180,1910.7123622867189
71181,1910.7123622867189
71182,1910.7123622867189
71183,1910.7123622867189
71184,1910.7123622867189
71185,1910.7123622867189
71186,1910.7123622867189
71187,1910.7123622867189
71188,1910.7123622867189
71189,1910.7123622867189
71190,1910.7123622867189
71191,1910.7123622867189
71192,1910.7123622867189
71193,1910.7123622867189
71194,1910.7123622867189
71195,1910.7123622867189
71196,1910.7123622867189
71197,1910.7123622867189
71198,1910.7123622867189
71199,1910.7123622867189
71200,1910.7123622867189
71201,1910.7123622867189
71202,1910.7123622867189
71203,1910.7123622867189
71204,1910.7123622867189
71205,1910.7123622867189
71206,1910.7123622867189
71207,1910.7123622867189
71208,1910.7123622867189
71209,1910.7123622867189
71210,1910.7123622867189
71211,1910.7123622867189
71212,1910.7123622867189
71213,1910.7123622867189
71214,1910.7123622867189
71215,1910.7123622867189
71216,1910.7123622867189
71217,1910.7123622867189
71218,1910.7123622867189
71219,1910.7123622867189
71220,1910.7123622867189
71221,1910.7123622867189
71222,1910.7123622867189
71223,1910.7123622867189
71224,1910.7123622867189
71225,1910.7123622867189
71226,1910.7123622867189
71227,1910.7123622867189
71228,1910.7123622867189
71229,1910.7123622867189
71230,1910.7123622867189
71231,1910.7123622867189
71232,1910.7123622867189
71233,1910.7123622867189
71234,1910.7123622867189
71235,1910.7123622867189
71236,1910.7123622867189
71237,1910.7123622867189
71238,1910.7123622867189
71239,1910.7123622867189
71240,1910.7123622867189
71241,1910.7123622867189
71242,1910.7123622867189
71243,1910.7123622867189
71244,1910.7123622867189
71245,1910.7123622867189
71246,1910.7123622867189
71247,1910.7123622867189
71248,1910.7123622867189
71249,1910.7123622867189
71250,1910.7123622867189
71251,1910.7123622867189
71252,1910.7123622867189
71253,1910.7123622867189
71254,1910.7123622867189
71255,1910.7123622867189
71256,1910.7123622867189
71257,1910.7123622867189
71258,1910.7123622867189
71259,1910.7123622867189
71260,1910.7123622867189
71261,1910.7123622867189
71262,1910.7123622867189
71263,1910.7123622867189
71264,1910.7123622867189
71265,1910.7123622867189
71266,1910.7123622867189
71267,1910.7123622867189
71268,1910.7123622867189
71269,1910.7123622867189
71270,1910.7123622867189
71271,1910.7123622867189
71272,1910.7123622867189
71273,1910.7123622867189
71274,1910.7123622867189
71275,1910.7123622867189
71276,1910.7123622867189
71277,1910.7123622867189
71278,1910.7123622867189
71279,1910.7123622867189
71280,1910.7123622867189
71281,1910.7123622867189
71282,1910.7123622867189
71283,1910.7123622867189
71284,1910.7123622867189
71285,1910.7123622867189
71286,1910.7123622867189
71287,1910.7123622867189
71288,1910.7123622867189
71289,1910.7123622867189
71290,1910.7123622867189
71291,1910.7123622867189
71292,1910.7123622867189
71293,1910.7123622867189
71294,1910.7123622867189
71295,1910.7123622867189
71296,1910.7123622867189
71297,1910.7123622867189
71298,1910.7123622867189
71299,1910.7123622867189
71300,1910.7123622867189
71301,1910.7123622867189
71302,1910.7123622867189
71303,1910.7123622867189
71304,1910.7123622867189
71305,1910.7123622867189
71306,1910.7123622867189
71307,1910.7123622867189
71308,1910.7123622867189
71309,1910.7123622867189
71310,1910.7123622867189
71311,1910.7123622867189
71312,1910.7123622867189
71313,1910.7123622867189
71314,1910.7123622867189
71315,1910.7123622867189
71316,1910.7123622867189
71317,1910.7123622867189
71318,1910.7123622867189
71319,1910.7123622867189
71320,1910.7123622867189
71321,1910.7123622867189
71322,1910.7123622867189
71323,1910.7123622867189
71324,1910.7123622867189
71325,1910.7123622867189
71326,1910.7123622867189
71327,1910.7123622867189
71328,1910.7123622867189
71329,1910.7123622867189
71330,1910.7123622867189
71331,1910.7123622867189
71332,1910.7123622867189
71333,1910.7123622867189
71334,1910.7123622867189
71335,1910.7123622867189
71336,1910.7123622867189
71337,1910.7123622867189
71338,1910.7123622867189
71339,1910.7123622867189
71340,1910.7123622867189
71341,1910.7123622867189
71342,1910.7123622867189
71343,1910.7123622867189
71344,1910.7123622867189
71345,1910.7123622867189
71346,1910.7123622867189
71347,1910.7123622867189
71348,1910.7123622867189
71349,1910.7123622867189
71350,1910.7123622867189
71351,1910.7123622867189
71352,1910.7123622867189
71353,1910.7123622867189
71354,1910.7123622867189
71355,1910.7123622867189
71356,1910.7123622867189
71357,1910.7123622867189
71358,1910.7123622867189
71359,1910.7123622867189
71360,1910.7123622867189
71361,1910.7123622867189
71362,1910.7123622867189
71363,1910.7123622867189
71364,1910.7123622867189
71365,1910.7123622867189
71366,1910.7123622867189
71367,1910.7123622867189
71368,1910.7123622867189
71369,1910.7123622867189
71370,1910.7123622867189
71371,1910.7123622867189
71372,1910.7123622867189
71373,1910.7123622867189
71374,1910.7123622867189
71375,1910.7123622867189
71376,1910.7123622867189
71377,1910.7123622867189
71378,1910.7123622867189
71379,1910.7123622867189
71380,1910.7123622867189
71381,1910.7123622867189
71382,1910.7123622867189
71383,1910.7123622867189
71384,1910.7123622867189
71385,1910.7123622867189
71386,1910.7123622867189
71387,1910.7123622867189
71388,1910.7123622867189
71389,1910.7123622867189
71390,1910.7123622867189
71391,1910.7123622867189
71392,1910.7123622867189
71393,1910.7123622867189
71394,1910.7123622867189
71395,1910.7123622867189
71396,1910.7123622867189
71397,1910.7123622867189
71398,1910.7123622867189
71399,1910.7123622867189
71400,1910.7123622867189
71401,1910.7123622867189
71402,1910.7123622867189
71403,1910.7123622867189
71404,1910.7123622867189
71405,1910.7123622867189
71406,1910.7123622867189
71407,1910.7123622867189
71408,1910.7123622867189
71409,1910.7123622867189
71410,1910.7123622867189
71411,1910.7123622867189
71412,1910.7123622867189
71413,1910.7123622867189
71414,1910.7123622867189
71415,1910.7123622867189
71416,1910.7123622867189
71417,1910.7123622867189
71418,1910.7123622867189
71419,1910.7123622867189
71420,1910.7123622867189
71421,1910.7123622867189
71422,1910.7123622867189
71423,1910.7123622867189
71424,1910.7123622867189
71425,1910.7123622867189
71426,1910.7123622867189
71427,1910.7123622867189
71428,1910.7123622867189
71429,1910.7123622867189
71430,1910.7123622867189
71431,1910.7123622867189
71432,1910.7123622867189
71433,1910.7123622867189
71434,1910.7123622867189
71435,1910.7123622867189
71436,1910.7123622867189
71437,1910.7123622867189
71438,1910.7123622867189
71439,1910.7123622867189
71440,1910.7123622867189
71441,1910.7123622867189
71442,1910.7123622867189
71443,1910.7123622867189
71444,1910.7123622867189
71445,1910.7123622867189
71446,1910.7123622867189
71447,1910.7123622867189
71448,1910.7123622867189
71449,1910.7123622867189
71450,1910.7123622867189
71451,1910.7123622867189
71452,1910.7123622867189
71453,1910.7123622867189
71454,1910.7123622867189
71455,1910.7123622867189
71456,1910.7123622867189
71457,1910.7123622867189
71458,1910.7123622867189
71459,1910.7123622867189
71460,1910.7123622867189
71461,1910.7123622867189
71462,1910.7123622867189
71463,1910.7123622867189
71464,1910.7123622867189
71465,1910.7123622867189
71466,1910.7123622867189
71467,1910.7123622867189
71468,1910.7123622867189
71469,1910.7123622867189
71470,1910.7123622867189
71471,1910.7123622867189
71472,1910.7123622867189
71473,1910.7123622867189
71474,1910.7123622867189
71475,1910.7123622867189
71476,1910.7123622867189
71477,1910.7123622867189
71478,1910.7123622867189
71479,1910.7123622867189
71480,1910.7123622867189
71481,1910.7123622867189
71482,1910.7123622867189
71483,1910.7123622867189
71484,1910.7123622867189
71485,1910.7123622867189
71486,1910.7123622867189
71487,1910.7123622867189
71488,1910.7123622867189
71489,1910.7123622867189
71490,1910.7123622867189
71491,1910.7123622867189
71492,1910.7123622867189
71493,1910.7123622867189
71494,1910.7123622867189
71495,1910.7123622867189
71496,1910.7123622867189
71497,1910.7123622867189
71498,1910.7123622867189
71499,1910.7123622867189
71500,1910.7123622867189
71501,1910.7123622867189
71502,1910.7123622867189
71503,1910.7123622867189
71504,1910.7123622867189
71505,1910.7123622867189
71506,1910.7123622867189
71507,1910.7123622867189
71508,1910.7123622867189
71509,1910.7123622867189
71510,1910.7123622867189
71511,1910.7123622867189
71512,1910.7123622867189
71513,1910.7123622867189
71514,1910.7123622867189
71515,1910.7123622867189
71516,1910.7123622867189
71517,1910.7123622867189
71518,1910.7123622867189
71519,1910.7123622867189
71520,1910.7123622867189
71521,1910.7123622867189
71522,1910.7123622867189
71523,1910.7123622867189
71524,1910.7123622867189
71525,1910.7123622867189
71526,1910.7123622867189
71527,1910.7123622867189
71528,1910.7123622867189
71529,1910.7123622867189
71530,1910.7123622867189
71531,1910.7123622867189
71532,1910.7123622867189
71533,1910.7123622867189
71534,1910.7123622867189
71535,1910.7123622867189
71536,1910.7123622867189
71537,1910.7123622867189
71538,1910.7123622867189
71539,1910.7123622867189
71540,1910.7123622867189
71541,1910.7123622867189
71542,1910.7123622867189
71543,1910.7123622867189
71544,1910.7123622867189
71545,1910.7123622867189
71546,1910.7123622867189
71547,1910.7123622867189
71548,1910.7123622867189
71549,1910.7123622867189
71550,1910.7123622867189
71551,1910.7123622867189
71552,1910.7123622867189
71553,1910.7123622867189
71554,1910.7123622867189
71555,1910.7123622867189
71556,1910.7123622867189
71557,1910.7123622867189
71558,1910.7123622867189
71559,1910.7123622867189
71560,1910.7123622867189
71561,1910.7123622867189
71562,1910.7123622867189
71563,1910.7123622867189
71564,1910.7123622867189
71565,1910.7123622867189
71566,1910.7123622867189
71567,1910.7123622867189
71568,1910.7123622867189
71569,1910.7123622867189
71570,1910.7123622867189
71571,1910.7123622867189
71572,1910.7123622867189
71573,1910.7123622867189
71574,1910.7123622867189
71575,1910.7123622867189
71576,1910.7123622867189
71577,1910.7123622867189
71578,1910.7123622867189
71579,1910.7123622867189
71580,1910.7123622867189
71581,1910.7123622867189
71582,1910.7123622867189
71583,1910.7123622867189
71584,1910.7123622867189
71585,1910.7123622867189
71586,1910.7123622867189
71587,1910.7123622867189
71588,1910.7123622867189
71589,1910.7123622867189
71590,1910.7123622867189
71591,1910.7123622867189
71592,1910.7123622867189
71593,1910.7123622867189
71594,1910.7123622867189
71595,1910.7123622867189
71596,1910.7123622867189
71597,1910.7123622867189
71598,1910.7123622867189
71599,1910.7123622867189
71600,1910.7123622867189
71601,1910.7123622867189
71602,1910.7123622867189
71603,1910.7123622867189
71604,1910.7123622867189
71605,1910.7123622867189
71606,1910.7123622867189
71607,1910.7123622867189
71608,1910.7123622867189
71609,1910.7123622867189
71610,1910.7123622867189
71611,1910.7123622867189
71612,1910.7123622867189
71613,1910.7123622867189
71614,1910.7123622867189
71615,1910.7123622867189
71616,1910.7123622867189
71617,1910.7123622867189
71618,1910.7123622867189
71619,1910.7123622867189
71620,1910.7123622867189
71621,1910.7123622867189
71622,1910.7123622867189
71623,1910.7123622867189
71624,1910.7123622867189
71625,1910.7123622867189
71626,1910.7123622867189
71627,1910.7123622867189
71628,1910.7123622867189
71629,1910.7123622867189
71630,1910.7123622867189
71631,1910.7123622867189
71632,1910.7123622867189
71633,1910.7123622867189
71634,1910.7123622867189
71635,1910.7123622867189
71636,1910.7123622867189
71637,1910.7123622867189
71638,1910.7123622867189
71639,1910.7123622867189
71640,1910.7123622867189
71641,1910.7123622867189
71642,1910.7123622867189
71643,1910.7123622867189
71644,1910.7123622867189
71645,1910.7123622867189
71646,1910.7123622867189
71647,1910.7123622867189
71648,1910.7123622867189
71649,1910.7123622867189
71650,1910.7123622867189
71651,1910.7123622867189
71652,1910.7123622867189
71653,1910.7123622867189
71654,1910.7123622867189
71655,1910.7123622867189
71656,1910.7123622867189
71657,1910.7123622867189
71658,1910.7123622867189
71659,1910.7123622867189
71660,1910.7123622867189
71661,1910.7123622867189
71662,1910.7123622867189
71663,1910.7123622867189
71664,1910.7123622867189
71665,1910.7123622867189
71666,1910.7123622867189
71667,1910.7123622867189
71668,1910.7123622867189
71669,1910.7123622867189
71670,1910.7123622867189
71671,1910.7123622867189
71672,1910.7123622867189
71673,1910.7123622867189
71674,1910.7123622867189
71675,1910.7123622867189
71676,1910.7123622867189
71677,1910.7123622867189
71678,1910.7123622867189
71679,1910.7123622867189
71680,1910.7123622867189
71681,1910.7123622867189
71682,1910.7123622867189
71683,1910.7123622867189
71684,1910.7123622867189
71685,1910.7123622867189
71686,1910.7123622867189
71687,1910.7123622867189
71688,1910.7123622867189
71689,1910.7123622867189
71690,1910.7123622867189
71691,1910.7123622867189
71692,1910.7123622867189
71693,1910.7123622867189
71694,1910.7123622867189
71695,1910.7123622867189
71696,1910.7123622867189
71697,1910.7123622867189
71698,1910.7123622867189
71699,1910.7123622867189
71700,1910.7123622867189
71701,1910.7123622867189
71702,1910.7123622867189
71703,1910.7123622867189
71704,1910.7123622867189
71705,1910.7123622867189
71706,1910.7123622867189
71707,1910.7123622867189
71708,1910.7123622867189
71709,1910.7123622867189
71710,1910.7123622867189
71711,1910.7123622867189
71712,1910.7123622867189
71713,1910.7123622867189
71714,1910.7123622867189
71715,1910.7123622867189
71716,1910.7123622867189
71717,1910.7123622867189
71718,1910.7123622867189
71719,1910.7123622867189
71720,1910.7123622867189
71721,1910.7123622867189
71722,1910.7123622867189
71723,1910.7123622867189
71724,1910.7123622867189
71725,1910.7123622867189
71726,1910.7123622867189
71727,1910.7123622867189
71728,1910.7123622867189
71729,1910.7123622867189
71730,1910.7123622867189
71731,1910.7123622867189
71732,1910.7123622867189
71733,1910.7123622867189
71734,1910.7123622867189
71735,1910.7123622867189
71736,1910.7123622867189
71737,1910.7123622867189
71738,1910.7123622867189
71739,1910.7123622867189
71740,1910.7123622867189
71741,1910.7123622867189
71742,1910.7123622867189
71743,1910.7123622867189
71744,1910.7123622867189
71745,1910.7123622867189
71746,1910.7123622867189
71747,1910.7123622867189
71748,1910.7123622867189
71749,1910.7123622867189
71750,1910.7123622867189
71751,1910.7123622867189
71752,1910.7123622867189
71753,1910.7123622867189
71754,1910.7123622867189
71755,1910.7123622867189
71756,1910.7123622867189
71757,1910.7123622867189
71758,1910.7123622867189
71759,1910.7123622867189
71760,1910.7123622867189
71761,1910.7123622867189
71762,1910.7123622867189
71763,1910.7123622867189
71764,1910.7123622867189
71765,1910.7123622867189
71766,1910.7123622867189
71767,1910.7123622867189
71768,1910.7123622867189
71769,1910.7123622867189
71770,1910.7123622867189
71771,1910.7123622867189
71772,1910.7123622867189
71773,1910.7123622867189
71774,1910.7123622867189
71775,1910.7123622867189
71776,1910.7123622867189
71777,1910.7123622867189
71778,1910.7123622867189
71779,1910.7123622867189
71780,1910.7123622867189
71781,1910.7123622867189
71782,1910.7123622867189
71783,1910.7123622867189
71784,1910.7123622867189
71785,1910.7123622867189
71786,1910.7123622867189
71787,1910.7123622867189
71788,1910.7123622867189
71789,1910.7123622867189
71790,1910.7123622867189
71791,1910.7123622867189
71792,1910.7123622867189
71793,1910.7123622867189
71794,1910.7123622867189
71795,1910.7123622867189
71796,1910.7123622867189
71797,1910.7123622867189
71798,1910.7123622867189
71799,1910.7123622867189
71800,1910.7123622867189
71801,1910.7123622867189
71802,1910.7123622867189
71803,1910.7123622867189
71804,1910.7123622867189
71805,1910.7123622867189
71806,1910.7123622867189
71807,1910.7123622867189
71808,1910.7123622867189
71809,1910.7123622867189
71810,1910.7123622867189
71811,1910.7123622867189
71812,1910.7123622867189
71813,1910.7123622867189
71814,1910.7123622867189
71815,1910.7123622867189
71816,1910.7123622867189
71817,1910.7123622867189
71818,1910.7123622867189
71819,1910.7123622867189
71820,1910.7123622867189
71821,1910.7123622867189
71822,1910.7123622867189
71823,1910.7123622867189
71824,1910.7123622867189
71825,1910.7123622867189
71826,1910.7123622867189
71827,1910.7123622867189
71828,1910.7123622867189
71829,1910.7123622867189
71830,1910.7123622867189
71831,1910.7123622867189
71832,1910.7123622867189
71833,1910.7123622867189
71834,1910.7123622867189
71835,1910.7123622867189
71836,1910.7123622867189
71837,1910.7123622867189
71838,1910.7123622867189
71839,1910.7123622867189
71840,1910.7123622867189
71841,1910.7123622867189
71842,1910.7123622867189
71843,1910.7123622867189
71844,1910.7123622867189
71845,1910.7123622867189
71846,1910.7123622867189
71847,1910.7123622867189
71848,1910.7123622867189
71849,1910.7123622867189
71850,1910.7123622867189
71851,1910.7123622867189
71852,1910.7123622867189
71853,1910.7123622867189
71854,1910.7123622867189
71855,1910.7123622867189
71856,1910.7123622867189
71857,1910.7123622867189
71858,1910.7123622867189
71859,1910.7123622867189
71860,1910.7123622867189
71861,1910.7123622867189
71862,1910.7123622867189
71863,1910.7123622867189
71864,1910.7123622867189
71865,1910.7123622867189
71866,1910.7123622867189
71867,1910.7123622867189
71868,1910.7123622867189
71869,1910.7123622867189
71870,1910.7123622867189
71871,1910.7123622867189
71872,1910.7123622867189
71873,1910.7123622867189
71874,1910.7123622867189
71875,1910.7123622867189
71876,1910.7123622867189
71877,1910.7123622867189
71878,1910.7123622867189
71879,1910.7123622867189
71880,1910.7123622867189
71881,1910.7123622867189
71882,1910.7123622867189
71883,1910.7123622867189
71884,1910.7123622867189
71885,1910.7123622867189
71886,1910.7123622867189
71887,1910.7123622867189
71888,1910.7123622867189
71889,1910.7123622867189
71890,1910.7123622867189
71891,1910.7123622867189
71892,1910.7123622867189
71893,1910.7123622867189
71894,1910.7123622867189
71895,1910.7123622867189
71896,1910.7123622867189
71897,1910.7123622867189
71898,1910.7123622867189
71899,1910.7123622867189
71900,1910.7123622867189
71901,1910.7123622867189
71902,1910.7123622867189
71903,1910.7123622867189
71904,1910.7123622867189
71905,1910.7123622867189
71906,1910.7123622867189
71907,1910.7123622867189
71908,1910.7123622867189
71909,1910.7123622867189
71910,1910.7123622867189
71911,1910.7123622867189
71912,1910.7123622867189
71913,1910.7123622867189
71914,1910.7123622867189
71915,1910.7123622867189
71916,1910.7123622867189
71917,1910.7123622867189
71918,1910.7123622867189
71919,1910.7123622867189
71920,1910.7123622867189
71921,1910.7123622867189
71922,1910.7123622867189
71923,1910.7123622867189
71924,1910.7123622867189
71925,1910.7123622867189
71926,1910.7123622867189
71927,1910.7123622867189
71928,1910.7123622867189
71929,1910.7123622867189
71930,1910.7123622867189
71931,1910.7123622867189
71932,1910.7123622867189
71933,1910.7123622867189
71934,1910.7123622867189
71935,1910.7123622867189
71936,1910.7123622867189
71937,1910.7123622867189
71938,1910.7123622867189
71939,1910.7123622867189
71940,1910.7123622867189
71941,1910.7123622867189
71942,1910.7123622867189
71943,1910.7123622867189
71944,1910.7123622867189
71945,1910.7123622867189
71946,1910.7123622867189
71947,1910.7123622867189
71948,1910.7123622867189
71949,1910.7123622867189
71950,1910.7123622867189
71951,1910.7123622867189
71952,1910.7123622867189
71953,1910.7123622867189
71954,1910.7123622867189
71955,1910.7123622867189
71956,1910.7123622867189
71957,1910.7123622867189
71958,1910.7123622867189
71959,1910.7123622867189
71960,1910.7123622867189
71961,1910.7123622867189
71962,1910.7123622867189
71963,1910.7123622867189
71964,1910.7123622867189
71965,1910.7123622867189
71966,1910.7123622867189
71967,1910.7123622867189
71968,1910.7123622867189
71969,1910.7123622867189
71970,1910.7123622867189
71971,1910.7123622867189
71972,1910.7123622867189
71973,1910.7123622867189
71974,1910.7123622867189
71975,1910.7123622867189
71976,1910.7123622867189
71977,1910.7123622867189
71978,1910.7123622867189
71979,1910.7123622867189
71980,1910.7123622867189
71981,1910.7123622867189
71982,1910.7123622867189
71983,1910.7123622867189
71984,1910.7123622867189
71985,1910.7123622867189
71986,1910.7123622867189
71987,1910.7123622867189
71988,1910.7123622867189
71989,1910.7123622867189
71990,1910.7123622867189
71991,1910.7123622867189
71992,1910.7123622867189
71993,1910.7123622867189
71994,1910.7123622867189
71995,1910.7123622867189
71996,1910.7123622867189
71997,1910.7123622867189
71998,1910.7123622867189
71999,1910.7123622867189
72000,1910.7123622867189
72001,1910.7123622867189
72002,1910.7123622867189
72003,1910.7123622867189
72004,1910.7123622867189
72005,1910.7123622867189
72006,1910.7123622867189
72007,1910.7123622867189
72008,1910.7123622867189
72009,1910.7123622867189
72010,1910.7123622867189
72011,1910.7123622867189
72012,1910.7123622867189
72013,1910.7123622867189
72014,1910.7123622867189
72015,1910.7123622867189
72016,1910.7123622867189
72017,1910.7123622867189
72018,1910.7123622867189
72019,1910.7123622867189
72020,1910.7123622867189
72021,1910.7123622867189
72022,1910.7123622867189
72023,1910.7123622867189
72024,1910.7123622867189
72025,1910.7123622867189
72026,1910.7123622867189
72027,1910.7123622867189
72028,1910.7123622867189
72029,1910.7123622867189
72030,1910.7123622867189
72031,1910.7123622867189
72032,1910.7123622867189
72033,1910.7123622867189
72034,1910.7123622867189
72035,1910.7123622867189
72036,1910.7123622867189
72037,1910.7123622867189
72038,1910.7123622867189
72039,1910.7123622867189
72040,1910.7123622867189
72041,1910.7123622867189
72042,1910.7123622867189
72043,1910.7123622867189
72044,1910.7123622867189
72045,1910.7123622867189
72046,1910.7123622867189
72047,1910.7123622867189
72048,1910.7123622867189
72049,1910.7123622867189
72050,1910.7123622867189
72051,1910.7123622867189
72052,1910.7123622867189
72053,1910.7123622867189
72054,1910.7123622867189
72055,1910.7123622867189
72056,1910.7123622867189
72057,1910.7123622867189
72058,1910.7123622867189
72059,1910.7123622867189
72060,1910.7123622867189
72061,1910.7123622867189
72062,1910.7123622867189
72063,1910.7123622867189
72064,1910.7123622867189
72065,1910.7123622867189
72066,1910.7123622867189
72067,1910.7123622867189
72068,1910.7123622867189
72069,1910.7123622867189
72070,1910.7123622867189
72071,1910.7123622867189
72072,1910.7123622867189
72073,1910.7123622867189
72074,1910.7123622867189
72075,1910.7123622867189
72076,1910.7123622867189
72077,1910.7123622867189
72078,1910.7123622867189
72079,1910.7123622867189
72080,1910.7123622867189
72081,1910.7123622867189
72082,1910.7123622867189
72083,1910.7123622867189
72084,1910.7123622867189
72085,1910.7123622867189
72086,1910.7123622867189
72087,1910.7123622867189
72088,1910.7123622867189
72089,1910.7123622867189
72090,1910.7123622867189
72091,1910.7123622867189
72092,1910.7123622867189
72093,1910.7123622867189
72094,1910.7123622867189
72095,1910.7123622867189
72096,1910.7123622867189
72097,1910.7123622867189
72098,1910.7123622867189
72099,1910.7123622867189
72100,1910.7123622867189
72101,1910.7123622867189
72102,1910.7123622867189
72103,1910.7123622867189
72104,1910.7123622867189
72105,1910.7123622867189
72106,1910.7123622867189
72107,1910.7123622867189
72108,1910.7123622867189
72109,1910.7123622867189
72110,1910.7123622867189
72111,1910.7123622867189
72112,1910.7123622867189
72113,1910.7123622867189
72114,1910.7123622867189
72115,1910.7123622867189
72116,1910.7123622867189
72117,1910.7123622867189
72118,1910.7123622867189
72119,1910.7123622867189
72120,1910.7123622867189
72121,1910.7123622867189
72122,1910.7123622867189
72123,1910.7123622867189
72124,1910.7123622867189
72125,1910.7123622867189
72126,1910.7123622867189
72127,1910.7123622867189
72128,1910.7123622867189
72129,1910.7123622867189
72130,1910.7123622867189
72131,1910.7123622867189
72132,1910.7123622867189
72133,1910.7123622867189
72134,1910.7123622867189
72135,1910.7123622867189
72136,1910.7123622867189
72137,1910.7123622867189
72138,1910.7123622867189
72139,1910.7123622867189
72140,1910.7123622867189
72141,1910.7123622867189
72142,1910.7123622867189
72143,1910.7123622867189
72144,1910.7123622867189
72145,1910.7123622867189
72146,1910.7123622867189
72147,1910.7123622867189
72148,1910.7123622867189
72149,1910.7123622867189
72150,1910.7123622867189
72151,1910.7123622867189
72152,1910.7123622867189
72153,1910.7123622867189
72154,1910.7123622867189
72155,1910.7123622867189
72156,1910.7123622867189
72157,1910.7123622867189
72158,1910.7123622867189
72159,1910.7123622867189
72160,1910.7123622867189
72161,1910.7123622867189
72162,1910.7123622867189
72163,1910.7123622867189
72164,1910.7123622867189
72165,1910.7123622867189
72166,1910.7123622867189
72167,1910.7123622867189
72168,1910.7123622867189
72169,1910.7123622867189
72170,1910.7123622867189
72171,1910.7123622867189
72172,1910.7123622867189
72173,1910.7123622867189
72174,1910.7123622867189
72175,1910.7123622867189
72176,1910.7123622867189
72177,1910.7123622867189
72178,1910.7123622867189
72179,1910.7123622867189
72180,1910.7123622867189
72181,1910.7123622867189
72182,1910.7123622867189
72183,1910.7123622867189
72184,1910.7123622867189
72185,1910.7123622867189
72186,1910.7123622867189
72187,1910.7123622867189
72188,1910.7123622867189
72189,1910.7123622867189
72190,1910.7123622867189
72191,1910.7123622867189
72192,1910.7123622867189
72193,1910.7123622867189
72194,1910.7123622867189
72195,1910.7123622867189
72196,1910.7123622867189
72197,1910.7123622867189
72198,1910.7123622867189
72199,1910.7123622867189
72200,1910.7123622867189
72201,1910.7123622867189
72202,1910.7123622867189
72203,1910.7123622867189
72204,1910.7123622867189
72205,1910.7123622867189
72206,1910.7123622867189
72207,1910.7123622867189
72208,1910.7123622867189
72209,1910.7123622867189
72210,1910.7123622867189
72211,1910.7123622867189
72212,1910.7123622867189
72213,1910.7123622867189
72214,1910.7123622867189
72215,1910.7123622867189
72216,1910.7123622867189
72217,1910.7123622867189
72218,1910.7123622867189
72219,1910.7123622867189
72220,1910.7123622867189
72221,1910.7123622867189
72222,1910.7123622867189
72223,1910.7123622867189
72224,1910.7123622867189
72225,1910.7123622867189
72226,1910.7123622867189
72227,1910.7123622867189
72228,1910.7123622867189
72229,1910.7123622867189
72230,1910.7123622867189
72231,1910.7123622867189
72232,1910.7123622867189
72233,1910.7123622867189
72234,1910.7123622867189
72235,1910.7123622867189
72236,1910.7123622867189
72237,1910.7123622867189
72238,1910.7123622867189
72239,1910.7123622867189
72240,1910.7123622867189
72241,1910.7123622867189
72242,1910.7123622867189
72243,1910.7123622867189
72244,1910.7123622867189
72245,1910.7123622867189
72246,1910.7123622867189
72247,1910.7123622867189
72248,1910.7123622867189
72249,1910.7123622867189
72250,1910.7123622867189
72251,1910.7123622867189
72252,1910.7123622867189
72253,1910.7123622867189
72254,1910.7123622867189
72255,1910.7123622867189
72256,1910.7123622867189
72257,1910.7123622867189
72258,1910.7123622867189
72259,1910.7123622867189
72260,1910.7123622867189
72261,1910.7123622867189
72262,1910.7123622867189
72263,1910.7123622867189
72264,1910.7123622867189
72265,1910.7123622867189
72266,1910.7123622867189
72267,1910.7123622867189
72268,1910.7123622867189
72269,1910.7123622867189
72270,1910.7123622867189
72271,1910.7123622867189
72272,1910.7123622867189
72273,1910.7123622867189
72274,1910.7123622867189
72275,1910.7123622867189
72276,1910.7123622867189
72277,1910.7123622867189
72278,1910.7123622867189
72279,1910.7123622867189
72280,1910.7123622867189
72281,1910.7123622867189
72282,1910.7123622867189
72283,1910.7123622867189
72284,1910.7123622867189
72285,1910.7123622867189
72286,1910.7123622867189
72287,1910.7123622867189
72288,1910.7123622867189
72289,1910.7123622867189
72290,1910.7123622867189
72291,1910.7123622867189
72292,1910.7123622867189
72293,1910.7123622867189
72294,1910.7123622867189
72295,1910.7123622867189
72296,1910.7123622867189
72297,1910.7123622867189
72298,1910.7123622867189
72299,1910.7123622867189
72300,1910.7123622867189
72301,1910.7123622867189
72302,1910.7123622867189
72303,1910.7123622867189
72304,1910.7123622867189
72305,1910.7123622867189
72306,1910.7123622867189
72307,1910.7123622867189
72308,1910.7123622867189
72309,1910.7123622867189
72310,1910.7123622867189
72311,1910.7123622867189
72312,1910.7123622867189
72313,1910.7123622867189
72314,1910.7123622867189
72315,1910.7123622867189
72316,1910.7123622867189
72317,1910.7123622867189
72318,1910.7123622867189
72319,1910.7123622867189
72320,1910.7123622867189
72321,1910.7123622867189
72322,1910.7123622867189
72323,1910.7123622867189
72324,1910.7123622867189
72325,1910.7123622867189
72326,1910.7123622867189
72327,1910.7123622867189
72328,1910.7123622867189
72329,1910.7123622867189
72330,1910.7123622867189
72331,1910.7123622867189
72332,1910.7123622867189
72333,1910.7123622867189
72334,1910.7123622867189
72335,1910.7123622867189
72336,1910.7123622867189
72337,1910.7123622867189
72338,1910.7123622867189
72339,1910.7123622867189
72340,1910.7123622867189
72341,1910.7123622867189
72342,1910.7123622867189
72343,1910.7123622867189
72344,1910.7123622867189
72345,1910.7123622867189
72346,1910.7123622867189
72347,1910.7123622867189
72348,1910.7123622867189
72349,1910.7123622867189
72350,1910.7123622867189
72351,1910.7123622867189
72352,1910.7123622867189
72353,1910.7123622867189
72354,1910.7123622867189
72355,1910.7123622867189
72356,1910.7123622867189
72357,1910.7123622867189
72358,1910.7123622867189
72359,1910.7123622867189
72360,1910.7123622867189
72361,1910.7123622867189
72362,1910.7123622867189
72363,1910.7123622867189
72364,1910.7123622867189
72365,1910.7123622867189
72366,1910.7123622867189
72367,1910.7123622867189
72368,1910.7123622867189
72369,1910.7123622867189
72370,1910.7123622867189
72371,1910.7123622867189
72372,1910.7123622867189
72373,1910.7123622867189
72374,1910.7123622867189
72375,1910.7123622867189
72376,1910.7123622867189
72377,1910.7123622867189
72378,1910.7123622867189
72379,1910.7123622867189
72380,1910.7123622867189
72381,1910.7123622867189
72382,1910.7123622867189
72383,1910.7123622867189
72384,1910.7123622867189
72385,1910.7123622867189
72386,1910.7123622867189
72387,1910.7123622867189
72388,1910.7123622867189
72389,1910.7123622867189
72390,1910.7123622867189
72391,1910.7123622867189
72392,1910.7123622867189
72393,1910.7123622867189
72394,1910.7123622867189
72395,1910.7123622867189
72396,1910.7123622867189
72397,1910.7123622867189
72398,1910.7123622867189
72399,1910.7123622867189
72400,1910.7123622867189
72401,1910.7123622867189
72402,1910.7123622867189
72403,1910.7123622867189
72404,1910.7123622867189
72405,1910.7123622867189
72406,1910.7123622867189
72407,1910.7123622867189
72408,1910.7123622867189
72409,1910.7123622867189
72410,1910.7123622867189
72411,1910.7123622867189
72412,1910.7123622867189
72413,1910.7123622867189
72414,1910.7123622867189
72415,1910.7123622867189
72416,1910.7123622867189
72417,1910.7123622867189
72418,1910.7123622867189
72419,1910.7123622867189
72420,1910.7123622867189
72421,1910.7123622867189
72422,1910.7123622867189
72423,1910.7123622867189
72424,1910.7123622867189
72425,1910.7123622867189
72426,1910.7123622867189
72427,1910.7123622867189
72428,1910.7123622867189
72429,1910.7123622867189
72430,1910.7123622867189
72431,1910.7123622867189
72432,1910.7123622867189
72433,1910.7123622867189
72434,1910.7123622867189
72435,1910.7123622867189
72436,1910.7123622867189
72437,1910.7123622867189
72438,1910.7123622867189
72439,1910.7123622867189
72440,1910.7123622867189
72441,1910.7123622867189
72442,1910.7123622867189
72443,1910.7123622867189
72444,1910.7123622867189
72445,1910.7123622867189
72446,1910.7123622867189
72447,1910.7123622867189
72448,1910.7123622867189
72449,1910.7123622867189
72450,1910.7123622867189
72451,1910.7123622867189
72452,1910.7123622867189
72453,1910.7123622867189
72454,1910.7123622867189
72455,1910.7123622867189
72456,1910.7123622867189
72457,1910.7123622867189
72458,1910.7123622867189
72459,1910.7123622867189
72460,1910.7123622867189
72461,1910.7123622867189
72462,1910.7123622867189
72463,1910.7123622867189
72464,1910.7123622867189
72465,1910.7123622867189
72466,1910.7123622867189
72467,1910.7123622867189
72468,1910.7123622867189
72469,1910.7123622867189
72470,1910.7123622867189
72471,1910.7123622867189
72472,1910.7123622867189
72473,1910.7123622867189
72474,1910.7123622867189
72475,1910.7123622867189
72476,1910.7123622867189
72477,1910.7123622867189
72478,1910.7123622867189
72479,1910.7123622867189
72480,1910.7123622867189
72481,1910.7123622867189
72482,1910.7123622867189
72483,1910.7123622867189
72484,1910.7123622867189
72485,1910.7123622867189
72486,1910.7123622867189
72487,1910.7123622867189
72488,1910.7123622867189
72489,1910.7123622867189
72490,1910.7123622867189
72491,1910.7123622867189
72492,1910.7123622867189
72493,1910.7123622867189
72494,1910.7123622867189
72495,1910.7123622867189
72496,1910.7123622867189
72497,1910.7123622867189
72498,1910.7123622867189
72499,1910.7123622867189
72500,1910.7123622867189
72501,1910.7123622867189
72502,1910.7123622867189
72503,1910.7123622867189
72504,1910.7123622867189
72505,1910.7123622867189
72506,1910.7123622867189
72507,1910.7123622867189
72508,1910.7123622867189
72509,1910.7123622867189
72510,1910.7123622867189
72511,1910.7123622867189
72512,1910.7123622867189
72513,1910.7123622867189
72514,1910.7123622867189
72515,1910.7123622867189
72516,1910.7123622867189
72517,1910.7123622867189
72518,1910.7123622867189
72519,1910.7123622867189
72520,1910.7123622867189
72521,1910.7123622867189
72522,1910.7123622867189
72523,1910.7123622867189
72524,1910.7123622867189
72525,1910.7123622867189
72526,1910.7123622867189
72527,1910.7123622867189
72528,1910.7123622867189
72529,1910.7123622867189
72530,1910.7123622867189
72531,1910.7123622867189
72532,1910.7123622867189
72533,1910.7123622867189
72534,1910.7123622867189
72535,1910.7123622867189
72536,1910.7123622867189
72537,1910.7123622867189
72538,1910.7123622867189
72539,1910.7123622867189
72540,1910.7123622867189
72541,1910.7123622867189
72542,1910.7123622867189
72543,1910.7123622867189
72544,1910.7123622867189
72545,1910.7123622867189
72546,1910.7123622867189
72547,1910.7123622867189
72548,1910.7123622867189
72549,1910.7123622867189
72550,1910.7123622867189
72551,1910.7123622867189
72552,1910.7123622867189
72553,1910.7123622867189
72554,1910.7123622867189
72555,1910.7123622867189
72556,1910.7123622867189
72557,1910.7123622867189
72558,1910.7123622867189
72559,1910.7123622867189
72560,1910.7123622867189
72561,1910.7123622867189
72562,1910.7123622867189
72563,1910.7123622867189
72564,1910.7123622867189
72565,1910.7123622867189
72566,1910.7123622867189
72567,1910.7123622867189
72568,1910.7123622867189
72569,1910.7123622867189
72570,1910.7123622867189
72571,1910.7123622867189
72572,1910.7123622867189
72573,1910.7123622867189
72574,1910.7123622867189
72575,1910.7123622867189
72576,1910.7123622867189
72577,1910.7123622867189
72578,1910.7123622867189
72579,1910.7123622867189
72580,1910.7123622867189
72581,1910.7123622867189
72582,1910.7123622867189
72583,1910.7123622867189
72584,1910.7123622867189
72585,1910.7123622867189
72586,1910.7123622867189
72587,1910.7123622867189
72588,1910.7123622867189
72589,1910.7123622867189
72590,1910.7123622867189
72591,1910.7123622867189
72592,1910.7123622867189
72593,1910.7123622867189
72594,1910.7123622867189
72595,1910.7123622867189
72596,1910.7123622867189
72597,1910.7123622867189
72598,1910.7123622867189
72599,1910.7123622867189
72600,1910.7123622867189
72601,1910.7123622867189
72602,1910.7123622867189
72603,1910.7123622867189
72604,1910.7123622867189
72605,1910.7123622867189
72606,1910.7123622867189
72607,1910.7123622867189
72608,1910.7123622867189
72609,1910.7123622867189
72610,1910.7123622867189
72611,1910.7123622867189
72612,1910.7123622867189
72613,1910.7123622867189
72614,1910.7123622867189
72615,1910.7123622867189
72616,1910.7123622867189
72617,1910.7123622867189
72618,1910.7123622867189
72619,1910.7123622867189
72620,1910.7123622867189
72621,1910.7123622867189
72622,1910.7123622867189
72623,1910.7123622867189
72624,1910.7123622867189
72625,1910.7123622867189
72626,1910.7123622867189
72627,1910.7123622867189
72628,1910.7123622867189
72629,1910.7123622867189
72630,1910.7123622867189
72631,1910.7123622867189
72632,1910.7123622867189
72633,1910.7123622867189
72634,1910.7123622867189
72635,1910.7123622867189
72636,1910.7123622867189
72637,1910.7123622867189
72638,1910.7123622867189
72639,1910.7123622867189
72640,1910.7123622867189
72641,1910.7123622867189
72642,1910.7123622867189
72643,1910.7123622867189
72644,1910.7123622867189
72645,1910.7123622867189
72646,1910.7123622867189
72647,1910.7123622867189
72648,1910.7123622867189
72649,1910.7123622867189
72650,1910.7123622867189
72651,1910.7123622867189
72652,1910.7123622867189
72653,1910.7123622867189
72654,1910.7123622867189
72655,1910.7123622867189
72656,1910.7123622867189
72657,1910.7123622867189
72658,1910.7123622867189
72659,1910.7123622867189
72660,1910.7123622867189
72661,1910.7123622867189
72662,1910.7123622867189
72663,1910.7123622867189
72664,1910.7123622867189
72665,1910.7123622867189
72666,1910.7123622867189
72667,1910.7123622867189
72668,1910.7123622867189
72669,1910.7123622867189
72670,1910.7123622867189
72671,1910.7123622867189
72672,1910.7123622867189
72673,1910.7123622867189
72674,1910.7123622867189
72675,1910.7123622867189
72676,1910.7123622867189
72677,1910.7123622867189
72678,1910.7123622867189
72679,1910.7123622867189
72680,1910.7123622867189
72681,1910.7123622867189
72682,1910.7123622867189
72683,1910.7123622867189
72684,1910.7123622867189
72685,1910.7123622867189
72686,1910.7123622867189
72687,1910.7123622867189
72688,1910.7123622867189
72689,1910.7123622867189
72690,1910.7123622867189
72691,1910.7123622867189
72692,1910.7123622867189
72693,1910.7123622867189
72694,1910.7123622867189
72695,1910.7123622867189
72696,1910.7123622867189
72697,1910.7123622867189
72698,1910.7123622867189
72699,1910.7123622867189
72700,1910.7123622867189
72701,1910.7123622867189
72702,1910.7123622867189
72703,1910.7123622867189
72704,1910.7123622867189
72705,1910.7123622867189
72706,1910.7123622867189
72707,1910.7123622867189
72708,1910.7123622867189
72709,1910.7123622867189
72710,1910.7123622867189
72711,1910.7123622867189
72712,1910.7123622867189
72713,1910.7123622867189
72714,1910.7123622867189
72715,1910.7123622867189
72716,1910.7123622867189
72717,1910.7123622867189
72718,1910.7123622867189
72719,1910.7123622867189
72720,1910.7123622867189
72721,1910.7123622867189
72722,1910.7123622867189
72723,1910.7123622867189
72724,1910.7123622867189
72725,1910.7123622867189
72726,1910.7123622867189
72727,1910.7123622867189
72728,1910.7123622867189
72729,1910.7123622867189
72730,1910.7123622867189
72731,1910.7123622867189
72732,1910.7123622867189
72733,1910.7123622867189
72734,1910.7123622867189
72735,1910.7123622867189
72736,1910.7123622867189
72737,1910.7123622867189
72738,1910.7123622867189
72739,1910.7123622867189
72740,1910.7123622867189
72741,1910.7123622867189
72742,1910.7123622867189
72743,1910.7123622867189
72744,1910.7123622867189
72745,1910.7123622867189
72746,1910.7123622867189
72747,1910.7123622867189
72748,1910.7123622867189
72749,1910.7123622867189
72750,1910.7123622867189
72751,1910.7123622867189
72752,1910.7123622867189
72753,1910.7123622867189
72754,1910.7123622867189
72755,1910.7123622867189
72756,1910.7123622867189
72757,1910.7123622867189
72758,1910.7123622867189
72759,1910.7123622867189
72760,1910.7123622867189
72761,1910.7123622867189
72762,1910.7123622867189
72763,1910.7123622867189
72764,1910.7123622867189
72765,1910.7123622867189
72766,1910.7123622867189
72767,1910.7123622867189
72768,1910.7123622867189
72769,1910.7123622867189
72770,1910.7123622867189
72771,1910.7123622867189
72772,1910.7123622867189
72773,1910.7123622867189
72774,1910.7123622867189
72775,1910.7123622867189
72776,1910.7123622867189
72777,1910.7123622867189
72778,1910.7123622867189
72779,1910.7123622867189
72780,1910.7123622867189
72781,1910.7123622867189
72782,1910.7123622867189
72783,1910.7123622867189
72784,1910.7123622867189
72785,1910.7123622867189
72786,1910.7123622867189
72787,1910.7123622867189
72788,1910.7123622867189
72789,1910.7123622867189
72790,1910.7123622867189
72791,1910.7123622867189
72792,1910.7123622867189
72793,1910.7123622867189
72794,1910.7123622867189
72795,1910.7123622867189
72796,1910.7123622867189
72797,1910.7123622867189
72798,1910.7123622867189
72799,1910.7123622867189
72800,1910.7123622867189
72801,1910.7123622867189
72802,1910.7123622867189
72803,1910.7123622867189
72804,1910.7123622867189
72805,1910.7123622867189
72806,1910.7123622867189
72807,1910.7123622867189
72808,1910.7123622867189
72809,1910.7123622867189
72810,1910.7123622867189
72811,1910.7123622867189
72812,1910.7123622867189
72813,1910.7123622867189
72814,1910.7123622867189
72815,1910.7123622867189
72816,1910.7123622867189
72817,1910.7123622867189
72818,1910.7123622867189
72819,1910.7123622867189
72820,1910.7123622867189
72821,1910.7123622867189
72822,1910.7123622867189
72823,1910.7123622867189
72824,1910.7123622867189
72825,1910.7123622867189
72826,1910.7123622867189
72827,1910.7123622867189
72828,1910.7123622867189
72829,1910.7123622867189
72830,1910.7123622867189
72831,1910.7123622867189
72832,1910.7123622867189
72833,1910.7123622867189
72834,1910.7123622867189
72835,1910.7123622867189
72836,1910.7123622867189
72837,1910.7123622867189
72838,1910.7123622867189
72839,1910.7123622867189
72840,1910.7123622867189
72841,1910.7123622867189
72842,1910.7123622867189
72843,1910.7123622867189
72844,1910.7123622867189
72845,1910.7123622867189
72846,1910.7123622867189
72847,1910.7123622867189
72848,1910.7123622867189
72849,1910.7123622867189
72850,1910.7123622867189
72851,1910.7123622867189
72852,1910.7123622867189
72853,1910.7123622867189
72854,1910.7123622867189
72855,1910.7123622867189
72856,1910.7123622867189
72857,1910.7123622867189
72858,1910.7123622867189
72859,1910.7123622867189
72860,1910.7123622867189
72861,1910.7123622867189
72862,1910.7123622867189
72863,1910.7123622867189
72864,1910.7123622867189
72865,1910.7123622867189
72866,1910.7123622867189
72867,1910.7123622867189
72868,1910.7123622867189
72869,1910.7123622867189
72870,1910.7123622867189
72871,1910.7123622867189
72872,1910.7123622867189
72873,1910.7123622867189
72874,1910.7123622867189
72875,1910.7123622867189
72876,1910.7123622867189
72877,1910.7123622867189
72878,1910.7123622867189
72879,1910.7123622867189
72880,1910.7123622867189
72881,1910.7123622867189
72882,1910.7123622867189
72883,1910.7123622867189
72884,1910.7123622867189
72885,1910.7123622867189
72886,1910.7123622867189
72887,1910.7123622867189
72888,1910.7123622867189
72889,1910.7123622867189
72890,1910.7123622867189
72891,1910.7123622867189
72892,1910.7123622867189
72893,1910.7123622867189
72894,1910.7123622867189
72895,1910.7123622867189
72896,1910.7123622867189
72897,1910.7123622867189
72898,1910.7123622867189
72899,1910.7123622867189
72900,1910.7123622867189
72901,1910.7123622867189
72902,1910.7123622867189
72903,1910.7123622867189
72904,1910.7123622867189
72905,1910.7123622867189
72906,1910.7123622867189
72907,1910.7123622867189
72908,1910.7123622867189
72909,1910.7123622867189
72910,1910.7123622867189
72911,1910.7123622867189
72912,1910.7123622867189
72913,1910.7123622867189
72914,1910.7123622867189
72915,1910.7123622867189
72916,1910.7123622867189
72917,1910.7123622867189
72918,1910.7123622867189
72919,1910.7123622867189
72920,1910.7123622867189
72921,1910.7123622867189
72922,1910.7123622867189
72923,1910.7123622867189
72924,1910.7123622867189
72925,1910.7123622867189
72926,1910.7123622867189
72927,1910.7123622867189
72928,1910.7123622867189
72929,1910.7123622867189
72930,1910.7123622867189
72931,1910.7123622867189
72932,1910.7123622867189
72933,1910.7123622867189
72934,1910.7123622867189
72935,1910.7123622867189
72936,1910.7123622867189
72937,1910.7123622867189
72938,1910.7123622867189
72939,1910.7123622867189
72940,1910.7123622867189
72941,1910.7123622867189
72942,1910.7123622867189
72943,1910.7123622867189
72944,1910.7123622867189
72945,1910.7123622867189
72946,1910.7123622867189
72947,1910.7123622867189
72948,1910.7123622867189
72949,1910.7123622867189
72950,1910.7123622867189
72951,1910.7123622867189
72952,1910.7123622867189
72953,1910.7123622867189
72954,1910.7123622867189
72955,1910.7123622867189
72956,1910.7123622867189
72957,1910.7123622867189
72958,1910.7123622867189
72959,1910.7123622867189
72960,1910.7123622867189
72961,1910.7123622867189
72962,1910.7123622867189
72963,1910.7123622867189
72964,1910.7123622867189
72965,1910.7123622867189
72966,1910.7123622867189
72967,1910.7123622867189
72968,1910.7123622867189
72969,1910.7123622867189
72970,1910.7123622867189
72971,1910.7123622867189
72972,1910.7123622867189
72973,1910.7123622867189
72974,1910.7123622867189
72975,1910.7123622867189
72976,1910.7123622867189
72977,1910.7123622867189
72978,1910.7123622867189
72979,1910.7123622867189
72980,1910.7123622867189
72981,1910.7123622867189
72982,1910.7123622867189
72983,1910.7123622867189
72984,1910.7123622867189
72985,1910.7123622867189
72986,1910.7123622867189
72987,1910.7123622867189
72988,1910.7123622867189
72989,1910.7123622867189
72990,1910.7123622867189
72991,1910.7123622867189
72992,1910.7123622867189
72993,1910.7123622867189
72994,1910.7123622867189
72995,1910.7123622867189
72996,1910.7123622867189
72997,1910.7123622867189
72998,1910.7123622867189
72999,1910.7123622867189
73000,1910.7123622867189
73001,1910.7123622867189
73002,1910.7123622867189
73003,1910.7123622867189
73004,1910.7123622867189
73005,1910.7123622867189
73006,1910.7123622867189
73007,1910.7123622867189
73008,1910.7123622867189
73009,1910.7123622867189
73010,1910.7123622867189
73011,1910.7123622867189
73012,1910.7123622867189
73013,1910.7123622867189
73014,1910.7123622867189
73015,1910.7123622867189
73016,1910.7123622867189
73017,1910.7123622867189
73018,1910.7123622867189
73019,1910.7123622867189
73020,1910.7123622867189
73021,1910.7123622867189
73022,1910.7123622867189
73023,1910.7123622867189
73024,1910.7123622867189
73025,1910.7123622867189
73026,1910.7123622867189
73027,1910.7123622867189
73028,1910.7123622867189
73029,1910.7123622867189
73030,1910.7123622867189
73031,1910.7123622867189
73032,1910.7123622867189
73033,1910.7123622867189
73034,1910.7123622867189
73035,1910.7123622867189
73036,1910.7123622867189
73037,1910.7123622867189
73038,1910.7123622867189
73039,1910.7123622867189
73040,1910.7123622867189
73041,1910.7123622867189
73042,1910.7123622867189
73043,1910.7123622867189
73044,1910.7123622867189
73045,1910.7123622867189
73046,1910.7123622867189
73047,1910.7123622867189
73048,1910.7123622867189
73049,1910.7123622867189
73050,1910.7123622867189
73051,1910.7123622867189
73052,1910.7123622867189
73053,1910.7123622867189
73054,1910.7123622867189
73055,1910.7123622867189
73056,1910.7123622867189
73057,1910.7123622867189
73058,1910.7123622867189
73059,1910.7123622867189
73060,1910.7123622867189
73061,1910.7123622867189
73062,1910.7123622867189
73063,1910.7123622867189
73064,1910.7123622867189
73065,1910.7123622867189
73066,1910.7123622867189
73067,1910.7123622867189
73068,1910.7123622867189
73069,1910.7123622867189
73070,1910.7123622867189
73071,1910.7123622867189
73072,1910.7123622867189
73073,1910.7123622867189
73074,1910.7123622867189
73075,1910.7123622867189
73076,1910.7123622867189
73077,1910.7123622867189
73078,1910.7123622867189
73079,1910.7123622867189
73080,1910.7123622867189
73081,1910.7123622867189
73082,1910.7123622867189
73083,1910.7123622867189
73084,1910.7123622867189
73085,1910.7123622867189
73086,1910.7123622867189
73087,1910.7123622867189
73088,1910.7123622867189
73089,1910.7123622867189
73090,1910.7123622867189
73091,1910.7123622867189
73092,1910.7123622867189
73093,1910.7123622867189
73094,1910.7123622867189
73095,1910.7123622867189
73096,1910.7123622867189
73097,1910.7123622867189
73098,1910.7123622867189
73099,1910.7123622867189
73100,1910.7123622867189
73101,1910.7123622867189
73102,1910.7123622867189
73103,1910.7123622867189
73104,1910.7123622867189
73105,1910.7123622867189
73106,1910.7123622867189
73107,1910.7123622867189
73108,1910.7123622867189
73109,1910.7123622867189
73110,1910.7123622867189
73111,1910.7123622867189
73112,1910.7123622867189
73113,1910.7123622867189
73114,1910.7123622867189
73115,1910.7123622867189
73116,1910.7123622867189
73117,1910.7123622867189
73118,1910.7123622867189
73119,1910.7123622867189
73120,1910.7123622867189
73121,1910.7123622867189
73122,1910.7123622867189
73123,1910.7123622867189
73124,1910.7123622867189
73125,1910.7123622867189
73126,1910.7123622867189
73127,1910.7123622867189
73128,1910.7123622867189
73129,1910.7123622867189
73130,1910.7123622867189
73131,1910.7123622867189
73132,1910.7123622867189
73133,1910.7123622867189
73134,1910.7123622867189
73135,1910.7123622867189
73136,1910.7123622867189
73137,1910.7123622867189
73138,1910.7123622867189
73139,1910.7123622867189
73140,1910.7123622867189
73141,1910.7123622867189
73142,1910.7123622867189
73143,1910.7123622867189
73144,1910.7123622867189
73145,1910.7123622867189
73146,1910.7123622867189
73147,1910.7123622867189
73148,1910.7123622867189
73149,1910.7123622867189
73150,1910.7123622867189
73151,1910.7123622867189
73152,1910.7123622867189
73153,1910.7123622867189
73154,1910.7123622867189
73155,1910.7123622867189
73156,1910.7123622867189
73157,1910.7123622867189
73158,1910.7123622867189
73159,1910.7123622867189
73160,1910.7123622867189
73161,1910.7123622867189
73162,1910.7123622867189
73163,1910.7123622867189
73164,1910.7123622867189
73165,1910.7123622867189
73166,1910.7123622867189
73167,1910.7123622867189
73168,1910.7123622867189
73169,1910.7123622867189
73170,1910.7123622867189
73171,1910.7123622867189
73172,1910.7123622867189
73173,1910.7123622867189
73174,1910.7123622867189
73175,1910.7123622867189
73176,1910.7123622867189
73177,1910.7123622867189
73178,1910.7123622867189
73179,1910.7123622867189
73180,1910.7123622867189
73181,1910.7123622867189
73182,1910.7123622867189
73183,1910.7123622867189
73184,1910.7123622867189
73185,1910.7123622867189
73186,1910.7123622867189
73187,1910.7123622867189
73188,1910.7123622867189
73189,1910.7123622867189
73190,1910.7123622867189
73191,1910.7123622867189
73192,1910.7123622867189
73193,1910.7123622867189
73194,1910.7123622867189
73195,1910.7123622867189
73196,1910.7123622867189
73197,1910.7123622867189
73198,1910.7123622867189
73199,1910.7123622867189
73200,1910.7123622867189
73201,1910.7123622867189
73202,1910.7123622867189
73203,1910.7123622867189
73204,1910.7123622867189
73205,1910.7123622867189
73206,1910.7123622867189
73207,1910.7123622867189
73208,1910.7123622867189
73209,1910.7123622867189
73210,1910.7123622867189
73211,1910.7123622867189
73212,1910.7123622867189
73213,1910.7123622867189
73214,1910.7123622867189
73215,1910.7123622867189
73216,1910.7123622867189
73217,1910.7123622867189
73218,1910.7123622867189
73219,1910.7123622867189
73220,1910.7123622867189
73221,1910.7123622867189
73222,1910.7123622867189
73223,1910.7123622867189
73224,1910.7123622867189
73225,1910.7123622867189
73226,1910.7123622867189
73227,1910.7123622867189
73228,1910.7123622867189
73229,1910.7123622867189
73230,1910.7123622867189
73231,1910.7123622867189
73232,1910.7123622867189
73233,1910.7123622867189
73234,1910.7123622867189
73235,1910.7123622867189
73236,1910.7123622867189
73237,1910.7123622867189
73238,1910.7123622867189
73239,1910.7123622867189
73240,1910.7123622867189
73241,1910.7123622867189
73242,1910.7123622867189
73243,1910.7123622867189
73244,1910.7123622867189
73245,1910.7123622867189
73246,1910.7123622867189
73247,1910.7123622867189
73248,1910.7123622867189
73249,1910.7123622867189
73250,1910.7123622867189
73251,1910.7123622867189
73252,1910.7123622867189
73253,1910.7123622867189
73254,1910.7123622867189
73255,1910.7123622867189
73256,1910.7123622867189
73257,1910.7123622867189
73258,1910.7123622867189
73259,1910.7123622867189
73260,1910.7123622867189
73261,1910.7123622867189
73262,1910.7123622867189
73263,1910.7123622867189
73264,1910.7123622867189
73265,1910.7123622867189
73266,1910.7123622867189
73267,1910.7123622867189
73268,1910.7123622867189
73269,1910.7123622867189
73270,1910.7123622867189
73271,1910.7123622867189
73272,1910.7123622867189
73273,1910.7123622867189
73274,1910.7123622867189
73275,1910.7123622867189
73276,1910.7123622867189
73277,1910.7123622867189
73278,1910.7123622867189
73279,1910.7123622867189
73280,1910.7123622867189
73281,1910.7123622867189
73282,1910.7123622867189
73283,1910.7123622867189
73284,1910.7123622867189
73285,1910.7123622867189
73286,1910.7123622867189
73287,1910.7123622867189
73288,1910.7123622867189
73289,1910.7123622867189
73290,1910.7123622867189
73291,1910.7123622867189
73292,1910.7123622867189
73293,1910.7123622867189
73294,1910.7123622867189
73295,1910.7123622867189
73296,1910.7123622867189
73297,1910.7123622867189
73298,1910.7123622867189
73299,1910.7123622867189
73300,1910.7123622867189
73301,1910.7123622867189
73302,1910.7123622867189
73303,1910.7123622867189
73304,1910.7123622867189
73305,1910.7123622867189
73306,1910.7123622867189
73307,1910.7123622867189
73308,1910.7123622867189
73309,1910.7123622867189
73310,1910.7123622867189
73311,1910.7123622867189
73312,1910.7123622867189
73313,1910.7123622867189
73314,1910.7123622867189
73315,1910.7123622867189
73316,1910.7123622867189
73317,1910.7123622867189
73318,1910.7123622867189
73319,1910.7123622867189
73320,1910.7123622867189
73321,1910.7123622867189
73322,1910.7123622867189
73323,1910.7123622867189
73324,1910.7123622867189
73325,1910.7123622867189
73326,1910.7123622867189
73327,1910.7123622867189
73328,1910.7123622867189
73329,1910.7123622867189
73330,1910.7123622867189
73331,1910.7123622867189
73332,1910.7123622867189
73333,1910.7123622867189
73334,1910.7123622867189
73335,1910.7123622867189
73336,1910.7123622867189
73337,1910.7123622867189
73338,1910.7123622867189
73339,1910.7123622867189
73340,1910.7123622867189
73341,1910.7123622867189
73342,1910.7123622867189
73343,1910.7123622867189
73344,1910.7123622867189
73345,1910.7123622867189
73346,1910.7123622867189
73347,1910.7123622867189
73348,1910.7123622867189
73349,1910.7123622867189
73350,1910.7123622867189
73351,1910.7123622867189
73352,1910.7123622867189
73353,1910.7123622867189
73354,1910.7123622867189
73355,1910.7123622867189
73356,1910.7123622867189
73357,1910.7123622867189
73358,1910.7123622867189
73359,1910.7123622867189
73360,1910.7123622867189
73361,1910.7123622867189
73362,1910.7123622867189
73363,1910.7123622867189
73364,1910.7123622867189
73365,1910.7123622867189
73366,1910.7123622867189
73367,1910.7123622867189
73368,1910.7123622867189
73369,1910.7123622867189
73370,1910.7123622867189
73371,1910.7123622867189
73372,1910.7123622867189
73373,1910.7123622867189
73374,1910.7123622867189
73375,1910.7123622867189
73376,1910.7123622867189
73377,1910.7123622867189
73378,1910.7123622867189
73379,1910.7123622867189
73380,1910.7123622867189
73381,1910.7123622867189
73382,1910.7123622867189
73383,1910.7123622867189
73384,1910.7123622867189
73385,1910.7123622867189
73386,1910.7123622867189
73387,1910.7123622867189
73388,1910.7123622867189
73389,1910.7123622867189
73390,1910.7123622867189
73391,1910.7123622867189
73392,1910.7123622867189
73393,1910.7123622867189
73394,1910.7123622867189
73395,1910.7123622867189
73396,1910.7123622867189
73397,1910.7123622867189
73398,1910.7123622867189
73399,1910.7123622867189
73400,1910.7123622867189
73401,1910.7123622867189
73402,1910.7123622867189
73403,1910.7123622867189
73404,1910.7123622867189
73405,1910.7123622867189
73406,1910.7123622867189
73407,1910.7123622867189
73408,1910.7123622867189
73409,1910.7123622867189
73410,1910.7123622867189
73411,1910.7123622867189
73412,1910.7123622867189
73413,1910.7123622867189
73414,1910.7123622867189
73415,1910.7123622867189
73416,1910.7123622867189
73417,1910.7123622867189
73418,1910.7123622867189
73419,1910.7123622867189
73420,1910.7123622867189
73421,1910.7123622867189
73422,1910.7123622867189
73423,1910.7123622867189
73424,1910.7123622867189
73425,1910.7123622867189
73426,1910.7123622867189
73427,1910.7123622867189
73428,1910.7123622867189
73429,1910.7123622867189
73430,1910.7123622867189
73431,1910.7123622867189
73432,1910.7123622867189
73433,1910.7123622867189
73434,1910.7123622867189
73435,1910.7123622867189
73436,1910.7123622867189
73437,1910.7123622867189
73438,1910.7123622867189
73439,1910.7123622867189
73440,1910.7123622867189
73441,1910.7123622867189
73442,1910.7123622867189
73443,1910.7123622867189
73444,1910.7123622867189
73445,1910.7123622867189
73446,1910.7123622867189
73447,1910.7123622867189
73448,1910.7123622867189
73449,1910.7123622867189
73450,1910.7123622867189
73451,1910.7123622867189
73452,1910.7123622867189
73453,1910.7123622867189
73454,1910.7123622867189
73455,1910.7123622867189
73456,1910.7123622867189
73457,1910.7123622867189
73458,1910.7123622867189
73459,1910.7123622867189
73460,1910.7123622867189
73461,1910.7123622867189
73462,1910.7123622867189
73463,1910.7123622867189
73464,1910.7123622867189
73465,1910.7123622867189
73466,1910.7123622867189
73467,1910.7123622867189
73468,1910.7123622867189
73469,1910.7123622867189
73470,1910.7123622867189
73471,1910.7123622867189
73472,1910.7123622867189
73473,1910.7123622867189
73474,1910.7123622867189
73475,1910.7123622867189
73476,1910.7123622867189
73477,1910.7123622867189
73478,1910.7123622867189
73479,1910.7123622867189
73480,1910.7123622867189
73481,1910.7123622867189
73482,1910.7123622867189
73483,1910.7123622867189
73484,1910.7123622867189
73485,1910.7123622867189
73486,1910.7123622867189
73487,1910.7123622867189
73488,1910.7123622867189
73489,1910.7123622867189
73490,1910.7123622867189
73491,1910.7123622867189
73492,1910.7123622867189
73493,1910.7123622867189
73494,1910.7123622867189
73495,1910.7123622867189
73496,1910.7123622867189
73497,1910.7123622867189
73498,1910.7123622867189
73499,1910.7123622867189
73500,1910.7123622867189
73501,1910.7123622867189
73502,1910.7123622867189
73503,1910.7123622867189
73504,1910.7123622867189
73505,1910.7123622867189
73506,1910.7123622867189
73507,1910.7123622867189
73508,1910.7123622867189
73509,1910.7123622867189
73510,1910.7123622867189
73511,1910.7123622867189
73512,1910.7123622867189
73513,1910.7123622867189
73514,1910.7123622867189
73515,1910.7123622867189
73516,1910.7123622867189
73517,1910.7123622867189
73518,1910.7123622867189
73519,1910.7123622867189
73520,1910.7123622867189
73521,1910.7123622867189
73522,1910.7123622867189
73523,1910.7123622867189
73524,1910.7123622867189
73525,1910.7123622867189
73526,1910.7123622867189
73527,1910.7123622867189
73528,1910.7123622867189
73529,1910.7123622867189
73530,1910.7123622867189
73531,1910.7123622867189
73532,1910.7123622867189
73533,1910.7123622867189
73534,1910.7123622867189
73535,1910.7123622867189
73536,1910.7123622867189
73537,1910.7123622867189
73538,1910.7123622867189
73539,1910.7123622867189
73540,1910.7123622867189
73541,1910.7123622867189
73542,1910.7123622867189
73543,1910.7123622867189
73544,1910.7123622867189
73545,1910.7123622867189
73546,1910.7123622867189
73547,1910.7123622867189
73548,1910.7123622867189
73549,1910.7123622867189
73550,1910.7123622867189
73551,1910.7123622867189
73552,1910.7123622867189
73553,1910.7123622867189
73554,1910.7123622867189
73555,1910.7123622867189
73556,1910.7123622867189
73557,1910.7123622867189
73558,1910.7123622867189
73559,1910.7123622867189
73560,1910.7123622867189
73561,1910.7123622867189
73562,1910.7123622867189
73563,1910.7123622867189
73564,1910.7123622867189
73565,1910.7123622867189
73566,1910.7123622867189
73567,1910.7123622867189
73568,1910.7123622867189
73569,1910.7123622867189
73570,1910.7123622867189
73571,1910.7123622867189
73572,1910.7123622867189
73573,1910.7123622867189
73574,1910.7123622867189
73575,1910.7123622867189
73576,1910.7123622867189
73577,1910.7123622867189
73578,1910.7123622867189
73579,1910.7123622867189
73580,1910.7123622867189
73581,1910.7123622867189
73582,1910.7123622867189
73583,1910.7123622867189
73584,1910.7123622867189
73585,1910.7123622867189
73586,1910.7123622867189
73587,1910.7123622867189
73588,1910.7123622867189
73589,1910.7123622867189
73590,1910.7123622867189
73591,1910.7123622867189
73592,1910.7123622867189
73593,1910.7123622867189
73594,1910.7123622867189
73595,1910.7123622867189
73596,1910.7123622867189
73597,1910.7123622867189
73598,1910.7123622867189
73599,1910.7123622867189
73600,1910.7123622867189
73601,1910.7123622867189
73602,1910.7123622867189
73603,1910.7123622867189
73604,1910.7123622867189
73605,1910.7123622867189
73606,1910.7123622867189
73607,1910.7123622867189
73608,1910.7123622867189
73609,1910.7123622867189
73610,1910.7123622867189
73611,1910.7123622867189
73612,1910.7123622867189
73613,1910.7123622867189
73614,1910.7123622867189
73615,1910.7123622867189
73616,1910.7123622867189
73617,1910.7123622867189
73618,1910.7123622867189
73619,1910.7123622867189
73620,1910.7123622867189
73621,1910.7123622867189
73622,1910.7123622867189
73623,1910.7123622867189
73624,1910.7123622867189
73625,1910.7123622867189
73626,1910.7123622867189
73627,1910.7123622867189
73628,1910.7123622867189
73629,1910.7123622867189
73630,1910.7123622867189
73631,1910.7123622867189
73632,1910.7123622867189
73633,1910.7123622867189
73634,1910.7123622867189
73635,1910.7123622867189
73636,1910.7123622867189
73637,1910.7123622867189
73638,1910.7123622867189
73639,1910.7123622867189
73640,1910.7123622867189
73641,1910.7123622867189
73642,1910.7123622867189
73643,1910.7123622867189
73644,1910.7123622867189
73645,1910.7123622867189
73646,1910.7123622867189
73647,1910.7123622867189
73648,1910.7123622867189
73649,1910.7123622867189
73650,1910.7123622867189
73651,1910.7123622867189
73652,1910.7123622867189
73653,1910.7123622867189
73654,1910.7123622867189
73655,1910.7123622867189
73656,1910.7123622867189
73657,1910.7123622867189
73658,1910.7123622867189
73659,1910.7123622867189
73660,1910.7123622867189
73661,1910.7123622867189
73662,1910.7123622867189
73663,1910.7123622867189
73664,1910.7123622867189
73665,1910.7123622867189
73666,1910.7123622867189
73667,1910.7123622867189
73668,1910.7123622867189
73669,1910.7123622867189
73670,1910.7123622867189
73671,1910.7123622867189
73672,1910.7123622867189
73673,1910.7123622867189
73674,1910.7123622867189
73675,1910.7123622867189
73676,1910.7123622867189
73677,1910.7123622867189
73678,1910.7123622867189
73679,1910.7123622867189
73680,1910.7123622867189
73681,1910.7123622867189
73682,1910.7123622867189
73683,1910.7123622867189
73684,1910.7123622867189
73685,1910.7123622867189
73686,1910.7123622867189
73687,1910.7123622867189
73688,1910.7123622867189
73689,1910.7123622867189
73690,1910.7123622867189
73691,1910.7123622867189
73692,1910.7123622867189
73693,1910.7123622867189
73694,1910.7123622867189
73695,1910.7123622867189
73696,1910.7123622867189
73697,1910.7123622867189
73698,1910.7123622867189
73699,1910.7123622867189
73700,1910.7123622867189
73701,1910.7123622867189
73702,1910.7123622867189
73703,1910.7123622867189
73704,1910.7123622867189
73705,1910.7123622867189
73706,1910.7123622867189
73707,1910.7123622867189
73708,1910.7123622867189
73709,1910.7123622867189
73710,1910.7123622867189
73711,1910.7123622867189
73712,1910.7123622867189
73713,1910.7123622867189
73714,1910.7123622867189
73715,1910.7123622867189
73716,1910.7123622867189
73717,1910.7123622867189
73718,1910.7123622867189
73719,1910.7123622867189
73720,1910.7123622867189
73721,1910.7123622867189
73722,1910.7123622867189
73723,1910.7123622867189
73724,1910.7123622867189
73725,1910.7123622867189
73726,1910.7123622867189
73727,1910.7123622867189
73728,1910.7123622867189
73729,1910.7123622867189
73730,1910.7123622867189
73731,1910.7123622867189
73732,1910.7123622867189
73733,1910.7123622867189
73734,1910.7123622867189
73735,1910.7123622867189
73736,1910.7123622867189
73737,1910.7123622867189
73738,1910.7123622867189
73739,1910.7123622867189
73740,1910.7123622867189
73741,1910.7123622867189
73742,1910.7123622867189
73743,1910.7123622867189
73744,1910.7123622867189
73745,1910.7123622867189
73746,1910.7123622867189
73747,1910.7123622867189
73748,1910.7123622867189
73749,1910.7123622867189
73750,1910.7123622867189
73751,1910.7123622867189
73752,1910.7123622867189
73753,1910.7123622867189
73754,1910.7123622867189
73755,1910.7123622867189
73756,1910.7123622867189
73757,1910.7123622867189
73758,1910.7123622867189
73759,1910.7123622867189
73760,1910.7123622867189
73761,1910.7123622867189
73762,1910.7123622867189
73763,1910.7123622867189
73764,1910.7123622867189
73765,1910.7123622867189
73766,1910.7123622867189
73767,1910.7123622867189
73768,1910.7123622867189
73769,1910.7123622867189
73770,1910.7123622867189
73771,1910.7123622867189
73772,1910.7123622867189
73773,1910.7123622867189
73774,1910.7123622867189
73775,1910.7123622867189
73776,1910.7123622867189
73777,1910.7123622867189
73778,1910.7123622867189
73779,1910.7123622867189
73780,1910.7123622867189
73781,1910.7123622867189
73782,1910.7123622867189
73783,1910.7123622867189
73784,1910.7123622867189
73785,1910.7123622867189
73786,1910.7123622867189
73787,1910.7123622867189
73788,1910.7123622867189
73789,1910.7123622867189
73790,1910.7123622867189
73791,1910.7123622867189
73792,1910.7123622867189
73793,1910.7123622867189
73794,1910.7123622867189
73795,1910.7123622867189
73796,1910.7123622867189
73797,1910.7123622867189
73798,1910.7123622867189
73799,1910.7123622867189
73800,1910.7123622867189
73801,1910.7123622867189
73802,1910.7123622867189
73803,1910.7123622867189
73804,1910.7123622867189
73805,1910.7123622867189
73806,1910.7123622867189
73807,1910.7123622867189
73808,1910.7123622867189
73809,1910.7123622867189
73810,1910.7123622867189
73811,1910.7123622867189
73812,1910.7123622867189
73813,1910.7123622867189
73814,1910.7123622867189
73815,1910.7123622867189
73816,1910.7123622867189
73817,1910.7123622867189
73818,1910.7123622867189
73819,1910.7123622867189
73820,1910.7123622867189
73821,1910.7123622867189
73822,1910.7123622867189
73823,1910.7123622867189
73824,1910.7123622867189
73825,1910.7123622867189
73826,1910.7123622867189
73827,1910.7123622867189
73828,1910.7123622867189
73829,1910.7123622867189
73830,1910.7123622867189
73831,1910.7123622867189
73832,1910.7123622867189
73833,1910.7123622867189
73834,1910.7123622867189
73835,1910.7123622867189
73836,1910.7123622867189
73837,1910.7123622867189
73838,1910.7123622867189
73839,1910.7123622867189
73840,1910.7123622867189
73841,1910.7123622867189
73842,1910.7123622867189
73843,1910.7123622867189
73844,1910.7123622867189
73845,1910.7123622867189
73846,1910.7123622867189
73847,1910.7123622867189
73848,1910.7123622867189
73849,1910.7123622867189
73850,1910.7123622867189
73851,1910.7123622867189
73852,1910.7123622867189
73853,1910.7123622867189
73854,1910.7123622867189
73855,1910.7123622867189
73856,1910.7123622867189
73857,1910.7123622867189
73858,1910.7123622867189
73859,1910.7123622867189
73860,1910.7123622867189
73861,1910.7123622867189
73862,1910.7123622867189
73863,1910.7123622867189
73864,1910.7123622867189
73865,1910.7123622867189
73866,1910.7123622867189
73867,1910.7123622867189
73868,1910.7123622867189
73869,1910.7123622867189
73870,1910.7123622867189
73871,1910.7123622867189
73872,1910.7123622867189
73873,1910.7123622867189
73874,1910.7123622867189
73875,1910.7123622867189
73876,1910.7123622867189
73877,1910.7123622867189
73878,1910.7123622867189
73879,1910.7123622867189
73880,1910.7123622867189
73881,1910.7123622867189
73882,1910.7123622867189
73883,1910.7123622867189
73884,1910.7123622867189
73885,1910.7123622867189
73886,1910.7123622867189
73887,1910.7123622867189
73888,1910.7123622867189
73889,1910.7123622867189
73890,1910.7123622867189
73891,1910.7123622867189
73892,1910.7123622867189
73893,1910.7123622867189
73894,1910.7123622867189
73895,1910.7123622867189
73896,1910.7123622867189
73897,1910.7123622867189
73898,1910.7123622867189
73899,1910.7123622867189
73900,1910.7123622867189
73901,1910.7123622867189
73902,1910.7123622867189
73903,1910.7123622867189
73904,1910.7123622867189
73905,1910.7123622867189
73906,1910.7123622867189
73907,1910.7123622867189
73908,1910.7123622867189
73909,1910.7123622867189
73910,1910.7123622867189
73911,1910.7123622867189
73912,1910.7123622867189
73913,1910.7123622867189
73914,1910.7123622867189
73915,1910.7123622867189
73916,1910.7123622867189
73917,1910.7123622867189
73918,1910.7123622867189
73919,1910.7123622867189
73920,1910.7123622867189
73921,1910.7123622867189
73922,1910.7123622867189
73923,1910.7123622867189
73924,1910.7123622867189
73925,1910.7123622867189
73926,1910.7123622867189
73927,1910.7123622867189
73928,1910.7123622867189
73929,1910.7123622867189
73930,1910.7123622867189
73931,1910.7123622867189
73932,1910.7123622867189
73933,1910.7123622867189
73934,1910.7123622867189
73935,1910.7123622867189
73936,1910.7123622867189
73937,1910.7123622867189
73938,1910.7123622867189
73939,1910.7123622867189
73940,1910.7123622867189
73941,1910.7123622867189
73942,1910.7123622867189
73943,1910.7123622867189
73944,1910.7123622867189
73945,1910.7123622867189
73946,1910.7123622867189
73947,1910.7123622867189
73948,1910.7123622867189
73949,1910.7123622867189
73950,1910.7123622867189
73951,1910.7123622867189
73952,1910.7123622867189
73953,1910.7123622867189
73954,1910.7123622867189
73955,1910.7123622867189
73956,1910.7123622867189
73957,1910.7123622867189
73958,1910.7123622867189
73959,1910.7123622867189
73960,1910.7123622867189
73961,1910.7123622867189
73962,1910.7123622867189
73963,1910.7123622867189
73964,1910.7123622867189
73965,1910.7123622867189
73966,1910.7123622867189
73967,1910.7123622867189
73968,1910.7123622867189
73969,1910.7123622867189
73970,1910.7123622867189
73971,1910.7123622867189
73972,1910.7123622867189
73973,1910.7123622867189
73974,1910.7123622867189
73975,1910.7123622867189
73976,1910.7123622867189
73977,1910.7123622867189
73978,1910.7123622867189
73979,1910.7123622867189
73980,1910.7123622867189
73981,1910.7123622867189
73982,1910.7123622867189
73983,1910.7123622867189
73984,1910.7123622867189
73985,1910.7123622867189
73986,1910.7123622867189
73987,1910.7123622867189
73988,1910.7123622867189
73989,1910.7123622867189
73990,1910.7123622867189
73991,1910.7123622867189
73992,1910.7123622867189
73993,1910.7123622867189
73994,1910.7123622867189
73995,1910.7123622867189
73996,1910.7123622867189
73997,1910.7123622867189
73998,1910.7123622867189
73999,1910.7123622867189
74000,1910.7123622867189
74001,1910.7123622867189
74002,1910.7123622867189
74003,1910.7123622867189
74004,1910.7123622867189
74005,1910.7123622867189
74006,1910.7123622867189
74007,1910.7123622867189
74008,1910.7123622867189
74009,1910.7123622867189
74010,1910.7123622867189
74011,1910.7123622867189
74012,1910.7123622867189
74013,1910.7123622867189
74014,1910.7123622867189
74015,1910.7123622867189
74016,1910.7123622867189
74017,1910.7123622867189
74018,1910.7123622867189
74019,1910.7123622867189
74020,1910.7123622867189
74021,1910.7123622867189
74022,1910.7123622867189
74023,1910.7123622867189
74024,1910.7123622867189
74025,1910.7123622867189
74026,1910.7123622867189
74027,1910.7123622867189
74028,1910.7123622867189
74029,1910.7123622867189
74030,1910.7123622867189
74031,1910.7123622867189
74032,1910.7123622867189
74033,1910.7123622867189
74034,1910.7123622867189
74035,1910.7123622867189
74036,1910.7123622867189
74037,1910.7123622867189
74038,1910.7123622867189
74039,1910.7123622867189
74040,1910.7123622867189
74041,1910.7123622867189
74042,1910.7123622867189
74043,1910.7123622867189
74044,1910.7123622867189
74045,1910.7123622867189
74046,1910.7123622867189
74047,1910.7123622867189
74048,1910.7123622867189
74049,1910.7123622867189
74050,1910.7123622867189
74051,1910.7123622867189
74052,1910.7123622867189
74053,1910.7123622867189
74054,1910.7123622867189
74055,1910.7123622867189
74056,1910.7123622867189
74057,1910.7123622867189
74058,1910.7123622867189
74059,1910.7123622867189
74060,1910.7123622867189
74061,1910.7123622867189
74062,1910.7123622867189
74063,1910.7123622867189
74064,1910.7123622867189
74065,1910.7123622867189
74066,1910.7123622867189
74067,1910.7123622867189
74068,1910.7123622867189
74069,1910.7123622867189
74070,1910.7123622867189
74071,1910.7123622867189
74072,1910.7123622867189
74073,1910.7123622867189
74074,1910.7123622867189
74075,1910.7123622867189
74076,1910.7123622867189
74077,1910.7123622867189
74078,1910.7123622867189
74079,1910.7123622867189
74080,1910.7123622867189
74081,1910.7123622867189
74082,1910.7123622867189
74083,1910.7123622867189
74084,1910.7123622867189
74085,1910.7123622867189
74086,1910.7123622867189
74087,1910.7123622867189
74088,1910.7123622867189
74089,1910.7123622867189
74090,1910.7123622867189
74091,1910.7123622867189
74092,1910.7123622867189
74093,1910.7123622867189
74094,1910.7123622867189
74095,1910.7123622867189
74096,1910.7123622867189
74097,1910.7123622867189
74098,1910.7123622867189
74099,1910.7123622867189
74100,1910.7123622867189
74101,1910.7123622867189
74102,1910.7123622867189
74103,1910.7123622867189
74104,1910.7123622867189
74105,1910.7123622867189
74106,1910.7123622867189
74107,1910.7123622867189
74108,1910.7123622867189
74109,1910.7123622867189
74110,1910.7123622867189
74111,1910.7123622867189
74112,1910.7123622867189
74113,1910.7123622867189
74114,1910.7123622867189
74115,1910.7123622867189
74116,1910.7123622867189
74117,1910.7123622867189
74118,1910.7123622867189
74119,1910.7123622867189
74120,1910.7123622867189
74121,1910.7123622867189
74122,1910.7123622867189
74123,1910.7123622867189
74124,1910.7123622867189
74125,1910.7123622867189
74126,1910.7123622867189
74127,1910.7123622867189
74128,1910.7123622867189
74129,1910.7123622867189
74130,1910.7123622867189
74131,1910.7123622867189
74132,1910.7123622867189
74133,1910.7123622867189
74134,1910.7123622867189
74135,1910.7123622867189
74136,1910.7123622867189
74137,1910.7123622867189
74138,1910.7123622867189
74139,1910.7123622867189
74140,1910.7123622867189
74141,1910.7123622867189
74142,1910.7123622867189
74143,1910.7123622867189
74144,1910.7123622867189
74145,1910.7123622867189
74146,1910.7123622867189
74147,1910.7123622867189
74148,1910.7123622867189
74149,1910.7123622867189
74150,1910.7123622867189
74151,1910.7123622867189
74152,1910.7123622867189
74153,1910.7123622867189
74154,1910.7123622867189
74155,1910.7123622867189
74156,1910.7123622867189
74157,1910.7123622867189
74158,1910.7123622867189
74159,1910.7123622867189
74160,1910.7123622867189
74161,1910.7123622867189
74162,1910.7123622867189
74163,1910.7123622867189
74164,1910.7123622867189
74165,1910.7123622867189
74166,1910.7123622867189
74167,1910.7123622867189
74168,1910.7123622867189
74169,1910.7123622867189
74170,1910.7123622867189
74171,1910.7123622867189
74172,1910.7123622867189
74173,1910.7123622867189
74174,1910.7123622867189
74175,1910.7123622867189
74176,1910.7123622867189
74177,1910.7123622867189
74178,1910.7123622867189
74179,1910.7123622867189
74180,1910.7123622867189
74181,1910.7123622867189
74182,1910.7123622867189
74183,1910.7123622867189
74184,1910.7123622867189
74185,1910.7123622867189
74186,1910.7123622867189
74187,1910.7123622867189
74188,1910.7123622867189
74189,1910.7123622867189
74190,1910.7123622867189
74191,1910.7123622867189
74192,1910.7123622867189
74193,1910.7123622867189
74194,1910.7123622867189
74195,1910.7123622867189
74196,1910.7123622867189
74197,1910.7123622867189
74198,1910.7123622867189
74199,1910.7123622867189
74200,1910.7123622867189
74201,1910.7123622867189
74202,1910.7123622867189
74203,1910.7123622867189
74204,1910.7123622867189
74205,1910.7123622867189
74206,1910.7123622867189
74207,1910.7123622867189
74208,1910.7123622867189
74209,1910.7123622867189
74210,1910.7123622867189
74211,1910.7123622867189
74212,1910.7123622867189
74213,1910.7123622867189
74214,1910.7123622867189
74215,1910.7123622867189
74216,1910.7123622867189
74217,1910.7123622867189
74218,1910.7123622867189
74219,1910.7123622867189
74220,1910.7123622867189
74221,1910.7123622867189
74222,1910.7123622867189
74223,1910.7123622867189
74224,1910.7123622867189
74225,1910.7123622867189
74226,1910.7123622867189
74227,1910.7123622867189
74228,1910.7123622867189
74229,1910.7123622867189
74230,1910.7123622867189
74231,1910.7123622867189
74232,1910.7123622867189
74233,1910.7123622867189
74234,1910.7123622867189
74235,1910.7123622867189
74236,1910.7123622867189
74237,1910.7123622867189
74238,1910.7123622867189
74239,1910.7123622867189
74240,1910.7123622867189
74241,1910.7123622867189
74242,1910.7123622867189
74243,1910.7123622867189
74244,1910.7123622867189
74245,1910.7123622867189
74246,1910.7123622867189
74247,1910.7123622867189
74248,1910.7123622867189
74249,1910.7123622867189
74250,1910.7123622867189
74251,1910.7123622867189
74252,1910.7123622867189
74253,1910.7123622867189
74254,1910.7123622867189
74255,1910.7123622867189
74256,1910.7123622867189
74257,1910.7123622867189
74258,1910.7123622867189
74259,1910.7123622867189
74260,1910.7123622867189
74261,1910.7123622867189
74262,1910.7123622867189
74263,1910.7123622867189
74264,1910.7123622867189
74265,1910.7123622867189
74266,1910.7123622867189
74267,1910.7123622867189
74268,1910.7123622867189
74269,1910.7123622867189
74270,1910.7123622867189
74271,1910.7123622867189
74272,1910.7123622867189
74273,1910.7123622867189
74274,1910.7123622867189
74275,1910.7123622867189
74276,1910.7123622867189
74277,1910.7123622867189
74278,1910.7123622867189
74279,1910.7123622867189
74280,1910.7123622867189
74281,1910.7123622867189
74282,1910.7123622867189
74283,1910.7123622867189
74284,1910.7123622867189
74285,1910.7123622867189
74286,1910.7123622867189
74287,1910.7123622867189
74288,1910.7123622867189
74289,1910.7123622867189
74290,1910.7123622867189
74291,1910.7123622867189
74292,1910.7123622867189
74293,1910.7123622867189
74294,1910.7123622867189
74295,1910.7123622867189
74296,1910.7123622867189
74297,1910.7123622867189
74298,1910.7123622867189
74299,1910.7123622867189
74300,1910.7123622867189
74301,1910.7123622867189
74302,1910.7123622867189
74303,1910.7123622867189
74304,1910.7123622867189
74305,1910.7123622867189
74306,1910.7123622867189
74307,1910.7123622867189
74308,1910.7123622867189
74309,1910.7123622867189
74310,1910.7123622867189
74311,1910.7123622867189
74312,1910.7123622867189
74313,1910.7123622867189
74314,1910.7123622867189
74315,1910.7123622867189
74316,1910.7123622867189
74317,1910.7123622867189
74318,1910.7123622867189
74319,1910.7123622867189
74320,1910.7123622867189
74321,1910.7123622867189
74322,1910.7123622867189
74323,1910.7123622867189
74324,1910.7123622867189
74325,1910.7123622867189
74326,1910.7123622867189
74327,1910.7123622867189
74328,1910.7123622867189
74329,1910.7123622867189
74330,1910.7123622867189
74331,1910.7123622867189
74332,1910.7123622867189
74333,1910.7123622867189
74334,1910.7123622867189
74335,1910.7123622867189
74336,1910.7123622867189
74337,1910.7123622867189
74338,1910.7123622867189
74339,1910.7123622867189
74340,1910.7123622867189
74341,1910.7123622867189
74342,1910.7123622867189
74343,1910.7123622867189
74344,1910.7123622867189
74345,1910.7123622867189
74346,1910.7123622867189
74347,1910.7123622867189
74348,1910.7123622867189
74349,1910.7123622867189
74350,1910.7123622867189
74351,1910.7123622867189
74352,1910.7123622867189
74353,1910.7123622867189
74354,1910.7123622867189
74355,1910.7123622867189
74356,1910.7123622867189
74357,1910.7123622867189
74358,1910.7123622867189
74359,1910.7123622867189
74360,1910.7123622867189
74361,1910.7123622867189
74362,1910.7123622867189
74363,1910.7123622867189
74364,1910.7123622867189
74365,1910.7123622867189
74366,1910.7123622867189
74367,1910.7123622867189
74368,1910.7123622867189
74369,1910.7123622867189
74370,1910.7123622867189
74371,1910.7123622867189
74372,1910.7123622867189
74373,1910.7123622867189
74374,1910.7123622867189
74375,1910.7123622867189
74376,1910.7123622867189
74377,1910.7123622867189
74378,1910.7123622867189
74379,1910.7123622867189
74380,1910.7123622867189
74381,1910.7123622867189
74382,1910.7123622867189
74383,1910.7123622867189
74384,1910.7123622867189
74385,1910.7123622867189
74386,1910.7123622867189
74387,1910.7123622867189
74388,1910.7123622867189
74389,1910.7123622867189
74390,1910.7123622867189
74391,1910.7123622867189
74392,1910.7123622867189
74393,1910.7123622867189
74394,1910.7123622867189
74395,1910.7123622867189
74396,1910.7123622867189
74397,1910.7123622867189
74398,1910.7123622867189
74399,1910.7123622867189
74400,1910.7123622867189
74401,1910.7123622867189
74402,1910.7123622867189
74403,1910.7123622867189
74404,1910.7123622867189
74405,1910.7123622867189
74406,1910.7123622867189
74407,1910.7123622867189
74408,1910.7123622867189
74409,1910.7123622867189
74410,1910.7123622867189
74411,1910.7123622867189
74412,1910.7123622867189
74413,1910.7123622867189
74414,1910.7123622867189
74415,1910.7123622867189
74416,1910.7123622867189
74417,1910.7123622867189
74418,1910.7123622867189
74419,1910.7123622867189
74420,1910.7123622867189
74421,1910.7123622867189
74422,1910.7123622867189
74423,1910.7123622867189
74424,1910.7123622867189
74425,1910.7123622867189
74426,1910.7123622867189
74427,1910.7123622867189
74428,1910.7123622867189
74429,1910.7123622867189
74430,1910.7123622867189
74431,1910.7123622867189
74432,1910.7123622867189
74433,1910.7123622867189
74434,1910.7123622867189
74435,1910.7123622867189
74436,1910.7123622867189
74437,1910.7123622867189
74438,1910.7123622867189
74439,1910.7123622867189
74440,1910.7123622867189
74441,1910.7123622867189
74442,1910.7123622867189
74443,1910.7123622867189
74444,1910.7123622867189
74445,1910.7123622867189
74446,1910.7123622867189
74447,1910.7123622867189
74448,1910.7123622867189
74449,1910.7123622867189
74450,1910.7123622867189
74451,1910.7123622867189
74452,1910.7123622867189
74453,1910.7123622867189
74454,1910.7123622867189
74455,1910.7123622867189
74456,1910.7123622867189
74457,1910.7123622867189
74458,1910.7123622867189
74459,1910.7123622867189
74460,1910.7123622867189
74461,1910.7123622867189
74462,1910.7123622867189
74463,1910.7123622867189
74464,1910.7123622867189
74465,1910.7123622867189
74466,1910.7123622867189
74467,1910.7123622867189
74468,1910.7123622867189
74469,1910.7123622867189
74470,1910.7123622867189
74471,1910.7123622867189
74472,1910.7123622867189
74473,1910.7123622867189
74474,1910.7123622867189
74475,1910.7123622867189
74476,1910.7123622867189
74477,1910.7123622867189
74478,1910.7123622867189
74479,1910.7123622867189
74480,1910.7123622867189
74481,1910.7123622867189
74482,1910.7123622867189
74483,1910.7123622867189
74484,1910.7123622867189
74485,1910.7123622867189
74486,1910.7123622867189
74487,1910.7123622867189
74488,1910.7123622867189
74489,1910.7123622867189
74490,1910.7123622867189
74491,1910.7123622867189
74492,1910.7123622867189
74493,1910.7123622867189
74494,1910.7123622867189
74495,1910.7123622867189
74496,1910.7123622867189
74497,1910.7123622867189
74498,1910.7123622867189
74499,1910.7123622867189
74500,1910.7123622867189
74501,1910.7123622867189
74502,1910.7123622867189
74503,1910.7123622867189
74504,1910.7123622867189
74505,1910.7123622867189
74506,1910.7123622867189
74507,1910.7123622867189
74508,1910.7123622867189
74509,1910.7123622867189
74510,1910.7123622867189
74511,1910.7123622867189
74512,1910.7123622867189
74513,1910.7123622867189
74514,1910.7123622867189
74515,1910.7123622867189
74516,1910.7123622867189
74517,1910.7123622867189
74518,1910.7123622867189
74519,1910.7123622867189
74520,1910.7123622867189
74521,1910.7123622867189
74522,1910.7123622867189
74523,1910.7123622867189
74524,1910.7123622867189
74525,1910.7123622867189
74526,1910.7123622867189
74527,1910.7123622867189
74528,1910.7123622867189
74529,1910.7123622867189
74530,1910.7123622867189
74531,1910.7123622867189
74532,1910.7123622867189
74533,1910.7123622867189
74534,1910.7123622867189
74535,1910.7123622867189
74536,1910.7123622867189
74537,1910.7123622867189
74538,1910.7123622867189
74539,1910.7123622867189
74540,1910.7123622867189
74541,1910.7123622867189
74542,1910.7123622867189
74543,1910.7123622867189
74544,1910.7123622867189
74545,1910.7123622867189
74546,1910.7123622867189
74547,1910.7123622867189
74548,1910.7123622867189
74549,1910.7123622867189
74550,1910.7123622867189
74551,1910.7123622867189
74552,1910.7123622867189
74553,1910.7123622867189
74554,1910.7123622867189
74555,1910.7123622867189
74556,1910.7123622867189
74557,1910.7123622867189
74558,1910.7123622867189
74559,1910.7123622867189
74560,1910.7123622867189
74561,1910.7123622867189
74562,1910.7123622867189
74563,1910.7123622867189
74564,1910.7123622867189
74565,1910.7123622867189
74566,1910.7123622867189
74567,1910.7123622867189
74568,1910.7123622867189
74569,1910.7123622867189
74570,1910.7123622867189
74571,1910.7123622867189
74572,1910.7123622867189
74573,1910.7123622867189
74574,1910.7123622867189
74575,1910.7123622867189
74576,1910.7123622867189
74577,1910.7123622867189
74578,1910.7123622867189
74579,1910.7123622867189
74580,1910.7123622867189
74581,1910.7123622867189
74582,1910.7123622867189
74583,1910.7123622867189
74584,1910.7123622867189
74585,1910.7123622867189
74586,1910.7123622867189
74587,1910.7123622867189
74588,1910.7123622867189
74589,1910.7123622867189
74590,1910.7123622867189
74591,1910.7123622867189
74592,1910.7123622867189
74593,1910.7123622867189
74594,1910.7123622867189
74595,1910.7123622867189
74596,1910.7123622867189
74597,1910.7123622867189
74598,1910.7123622867189
74599,1910.7123622867189
74600,1910.7123622867189
74601,1910.7123622867189
74602,1910.7123622867189
74603,1910.7123622867189
74604,1910.7123622867189
74605,1910.7123622867189
74606,1910.7123622867189
74607,1910.7123622867189
74608,1910.7123622867189
74609,1910.7123622867189
74610,1910.7123622867189
74611,1910.7123622867189
74612,1910.7123622867189
74613,1910.7123622867189
74614,1910.7123622867189
74615,1910.7123622867189
74616,1910.7123622867189
74617,1910.7123622867189
74618,1910.7123622867189
74619,1910.7123622867189
74620,1910.7123622867189
74621,1910.7123622867189
74622,1910.7123622867189
74623,1910.7123622867189
74624,1910.7123622867189
74625,1910.7123622867189
74626,1910.7123622867189
74627,1910.7123622867189
74628,1910.7123622867189
74629,1910.7123622867189
74630,1910.7123622867189
74631,1910.7123622867189
74632,1910.7123622867189
74633,1910.7123622867189
74634,1910.7123622867189
74635,1910.7123622867189
74636,1910.7123622867189
74637,1910.7123622867189
74638,1910.7123622867189
74639,1910.7123622867189
74640,1910.7123622867189
74641,1910.7123622867189
74642,1910.7123622867189
74643,1910.7123622867189
74644,1910.7123622867189
74645,1910.7123622867189
74646,1910.7123622867189
74647,1910.7123622867189
74648,1910.7123622867189
74649,1910.7123622867189
74650,1910.7123622867189
74651,1910.7123622867189
74652,1910.7123622867189
74653,1910.7123622867189
74654,1910.7123622867189
74655,1910.7123622867189
74656,1910.7123622867189
74657,1910.7123622867189
74658,1910.7123622867189
74659,1910.7123622867189
74660,1910.7123622867189
74661,1910.7123622867189
74662,1910.7123622867189
74663,1910.7123622867189
74664,1910.7123622867189
74665,1910.7123622867189
74666,1910.7123622867189
74667,1910.7123622867189
74668,1910.7123622867189
74669,1910.7123622867189
74670,1910.7123622867189
74671,1910.7123622867189
74672,1910.7123622867189
74673,1910.7123622867189
74674,1910.7123622867189
74675,1910.7123622867189
74676,1910.7123622867189
74677,1910.7123622867189
74678,1910.7123622867189
74679,1910.7123622867189
74680,1910.7123622867189
74681,1910.7123622867189
74682,1910.7123622867189
74683,1910.7123622867189
74684,1910.7123622867189
74685,1910.7123622867189
74686,1910.7123622867189
74687,1910.7123622867189
74688,1910.7123622867189
74689,1910.7123622867189
74690,1910.7123622867189
74691,1910.7123622867189
74692,1910.7123622867189
74693,1910.7123622867189
74694,1910.7123622867189
74695,1910.7123622867189
74696,1910.7123622867189
74697,1910.7123622867189
74698,1910.7123622867189
74699,1910.7123622867189
74700,1910.7123622867189
74701,1910.7123622867189
74702,1910.7123622867189
74703,1910.7123622867189
74704,1910.7123622867189
74705,1910.7123622867189
74706,1910.7123622867189
74707,1910.7123622867189
74708,1910.7123622867189
74709,1910.7123622867189
74710,1910.7123622867189
74711,1910.7123622867189
74712,1910.7123622867189
74713,1910.7123622867189
74714,1910.7123622867189
74715,1910.7123622867189
74716,1910.7123622867189
74717,1910.7123622867189
74718,1910.7123622867189
74719,1910.7123622867189
74720,1910.7123622867189
74721,1910.7123622867189
74722,1910.7123622867189
74723,1910.7123622867189
74724,1910.7123622867189
74725,1910.7123622867189
74726,1910.7123622867189
74727,1910.7123622867189
74728,1910.7123622867189
74729,1910.7123622867189
74730,1910.7123622867189
74731,1910.7123622867189
74732,1910.7123622867189
74733,1910.7123622867189
74734,1910.7123622867189
74735,1910.7123622867189
74736,1910.7123622867189
74737,1910.7123622867189
74738,1910.7123622867189
74739,1910.7123622867189
74740,1910.7123622867189
74741,1910.7123622867189
74742,1910.7123622867189
74743,1910.7123622867189
74744,1910.7123622867189
74745,1910.7123622867189
74746,1910.7123622867189
74747,1910.7123622867189
74748,1910.7123622867189
74749,1910.7123622867189
74750,1910.7123622867189
74751,1910.7123622867189
74752,1910.7123622867189
74753,1910.7123622867189
74754,1910.7123622867189
74755,1910.7123622867189
74756,1910.7123622867189
74757,1910.7123622867189
74758,1910.7123622867189
74759,1910.7123622867189
74760,1910.7123622867189
74761,1910.7123622867189
74762,1910.7123622867189
74763,1910.7123622867189
74764,1910.7123622867189
74765,1910.7123622867189
74766,1910.7123622867189
74767,1910.7123622867189
74768,1910.7123622867189
74769,1910.7123622867189
74770,1910.7123622867189
74771,1910.7123622867189
74772,1910.7123622867189
74773,1910.7123622867189
74774,1910.7123622867189
74775,1910.7123622867189
74776,1910.7123622867189
74777,1910.7123622867189
74778,1910.7123622867189
74779,1910.7123622867189
74780,1910.7123622867189
74781,1910.7123622867189
74782,1910.7123622867189
74783,1910.7123622867189
74784,1910.7123622867189
74785,1910.7123622867189
74786,1910.7123622867189
74787,1910.7123622867189
74788,1910.7123622867189
74789,1910.7123622867189
74790,1910.7123622867189
74791,1910.7123622867189
74792,1910.7123622867189
74793,1910.7123622867189
74794,1910.7123622867189
74795,1910.7123622867189
74796,1910.7123622867189
74797,1910.7123622867189
74798,1910.7123622867189
74799,1910.7123622867189
74800,1910.7123622867189
74801,1910.7123622867189
74802,1910.7123622867189
74803,1910.7123622867189
74804,1910.7123622867189
74805,1910.7123622867189
74806,1910.7123622867189
74807,1910.7123622867189
74808,1910.7123622867189
74809,1910.7123622867189
74810,1910.7123622867189
74811,1910.7123622867189
74812,1910.7123622867189
74813,1910.7123622867189
74814,1910.7123622867189
74815,1910.7123622867189
74816,1910.7123622867189
74817,1910.7123622867189
74818,1910.7123622867189
74819,1910.7123622867189
74820,1910.7123622867189
74821,1910.7123622867189
74822,1910.7123622867189
74823,1910.7123622867189
74824,1910.7123622867189
74825,1910.7123622867189
74826,1910.7123622867189
74827,1910.7123622867189
74828,1910.7123622867189
74829,1910.7123622867189
74830,1910.7123622867189
74831,1910.7123622867189
74832,1910.7123622867189
74833,1910.7123622867189
74834,1910.7123622867189
74835,1910.7123622867189
74836,1910.7123622867189
74837,1910.7123622867189
74838,1910.7123622867189
74839,1910.7123622867189
74840,1910.7123622867189
74841,1910.7123622867189
74842,1910.7123622867189
74843,1910.7123622867189
74844,1910.7123622867189
74845,1910.7123622867189
74846,1910.7123622867189
74847,1910.7123622867189
74848,1910.7123622867189
74849,1910.7123622867189
74850,1910.7123622867189
74851,1910.7123622867189
74852,1910.7123622867189
74853,1910.7123622867189
74854,1910.7123622867189
74855,1910.7123622867189
74856,1910.7123622867189
74857,1910.7123622867189
74858,1910.7123622867189
74859,1910.7123622867189
74860,1910.7123622867189
74861,1910.7123622867189
74862,1910.7123622867189
74863,1910.7123622867189
74864,1910.7123622867189
74865,1910.7123622867189
74866,1910.7123622867189
74867,1910.7123622867189
74868,1910.7123622867189
74869,1910.7123622867189
74870,1910.7123622867189
74871,1910.7123622867189
74872,1910.7123622867189
74873,1910.7123622867189
74874,1910.7123622867189
74875,1910.7123622867189
74876,1910.7123622867189
74877,1910.7123622867189
74878,1910.7123622867189
74879,1910.7123622867189
74880,1910.7123622867189
74881,1910.7123622867189
74882,1910.7123622867189
74883,1910.7123622867189
74884,1910.7123622867189
74885,1910.7123622867189
74886,1910.7123622867189
74887,1910.7123622867189
74888,1910.7123622867189
74889,1910.7123622867189
74890,1910.7123622867189
74891,1910.7123622867189
74892,1910.7123622867189
74893,1910.7123622867189
74894,1910.7123622867189
74895,1910.7123622867189
74896,1910.7123622867189
74897,1910.7123622867189
74898,1910.7123622867189
74899,1910.7123622867189
74900,1910.7123622867189
74901,1910.7123622867189
74902,1910.7123622867189
74903,1910.7123622867189
74904,1910.7123622867189
74905,1910.7123622867189
74906,1910.7123622867189
74907,1910.7123622867189
74908,1910.7123622867189
74909,1910.7123622867189
74910,1910.7123622867189
74911,1910.7123622867189
74912,1910.7123622867189
74913,1910.7123622867189
74914,1910.7123622867189
74915,1910.7123622867189
74916,1910.7123622867189
74917,1910.7123622867189
74918,1910.7123622867189
74919,1910.7123622867189
74920,1910.7123622867189
74921,1910.7123622867189
74922,1910.7123622867189
74923,1910.7123622867189
74924,1910.7123622867189
74925,1910.7123622867189
74926,1910.7123622867189
74927,1910.7123622867189
74928,1910.7123622867189
74929,1910.7123622867189
74930,1910.7123622867189
74931,1910.7123622867189
74932,1910.7123622867189
74933,1910.7123622867189
74934,1910.7123622867189
74935,1910.7123622867189
74936,1910.7123622867189
74937,1910.7123622867189
74938,1910.7123622867189
74939,1910.7123622867189
74940,1910.7123622867189
74941,1910.7123622867189
74942,1910.7123622867189
74943,1910.7123622867189
74944,1910.7123622867189
74945,1910.7123622867189
74946,1910.7123622867189
74947,1910.7123622867189
74948,1910.7123622867189
74949,1910.7123622867189
74950,1910.7123622867189
74951,1910.7123622867189
74952,1910.7123622867189
74953,1910.7123622867189
74954,1910.7123622867189
74955,1910.7123622867189
74956,1910.7123622867189
74957,1910.7123622867189
74958,1910.7123622867189
74959,1910.7123622867189
74960,1910.7123622867189
74961,1910.7123622867189
74962,1910.7123622867189
74963,1910.7123622867189
74964,1910.7123622867189
74965,1910.7123622867189
74966,1910.7123622867189
74967,1910.7123622867189
74968,1910.7123622867189
74969,1910.7123622867189
74970,1910.7123622867189
74971,1910.7123622867189
74972,1910.7123622867189
74973,1910.7123622867189
74974,1910.7123622867189
74975,1910.7123622867189
74976,1910.7123622867189
74977,1910.7123622867189
74978,1910.7123622867189
74979,1910.7123622867189
74980,1910.7123622867189
74981,1910.7123622867189
74982,1910.7123622867189
74983,1910.7123622867189
74984,1910.7123622867189
74985,1910.7123622867189
74986,1910.7123622867189
74987,1910.7123622867189
74988,1910.7123622867189
74989,1910.7123622867189
74990,1910.7123622867189
74991,1910.7123622867189
74992,1910.7123622867189
74993,1910.7123622867189
74994,1910.7123622867189
74995,1910.7123622867189
74996,1910.7123622867189
74997,1910.7123622867189
74998,1910.7123622867189
74999,1910.7123622867189
75000,1910.7123622867189
75001,1910.7123622867189
75002,1910.7123622867189
75003,1910.7123622867189
75004,1910.7123622867189
75005,1910.7123622867189
75006,1910.7123622867189
75007,1910.7123622867189
75008,1910.7123622867189
75009,1910.7123622867189
75010,1910.7123622867189
75011,1910.7123622867189
75012,1910.7123622867189
75013,1910.7123622867189
75014,1910.7123622867189
75015,1910.7123622867189
75016,1910.7123622867189
75017,1910.7123622867189
75018,1910.7123622867189
75019,1910.7123622867189
75020,1910.7123622867189
75021,1910.7123622867189
75022,1910.7123622867189
75023,1910.7123622867189
75024,1910.7123622867189
75025,1910.7123622867189
75026,1910.7123622867189
75027,1910.7123622867189
75028,1910.7123622867189
75029,1910.7123622867189
75030,1910.7123622867189
75031,1910.7123622867189
75032,1910.7123622867189
75033,1910.7123622867189
75034,1910.7123622867189
75035,1910.7123622867189
75036,1910.7123622867189
75037,1910.7123622867189
75038,1910.7123622867189
75039,1910.7123622867189
75040,1910.7123622867189
75041,1910.7123622867189
75042,1910.7123622867189
75043,1910.7123622867189
75044,1910.7123622867189
75045,1910.7123622867189
75046,1910.7123622867189
75047,1910.7123622867189
75048,1910.7123622867189
75049,1910.7123622867189
75050,1910.7123622867189
75051,1910.7123622867189
75052,1910.7123622867189
75053,1910.7123622867189
75054,1910.7123622867189
75055,1910.7123622867189
75056,1910.7123622867189
75057,1910.7123622867189
75058,1910.7123622867189
75059,1910.7123622867189
75060,1910.7123622867189
75061,1910.7123622867189
75062,1910.7123622867189
75063,1910.7123622867189
75064,1910.7123622867189
75065,1910.7123622867189
75066,1910.7123622867189
75067,1910.7123622867189
75068,1910.7123622867189
75069,1910.7123622867189
75070,1910.7123622867189
75071,1910.7123622867189
75072,1910.7123622867189
75073,1910.7123622867189
75074,1910.7123622867189
75075,1910.7123622867189
75076,1910.7123622867189
75077,1910.7123622867189
75078,1910.7123622867189
75079,1910.7123622867189
75080,1910.7123622867189
75081,1910.7123622867189
75082,1910.7123622867189
75083,1910.7123622867189
75084,1910.7123622867189
75085,1910.7123622867189
75086,1910.7123622867189
75087,1910.7123622867189
75088,1910.7123622867189
75089,1910.7123622867189
75090,1910.7123622867189
75091,1910.7123622867189
75092,1910.7123622867189
75093,1910.7123622867189
75094,1910.7123622867189
75095,1910.7123622867189
75096,1910.7123622867189
75097,1910.7123622867189
75098,1910.7123622867189
75099,1910.7123622867189
75100,1910.7123622867189
75101,1910.7123622867189
75102,1910.7123622867189
75103,1910.7123622867189
75104,1910.7123622867189
75105,1910.7123622867189
75106,1910.7123622867189
75107,1910.7123622867189
75108,1910.7123622867189
75109,1910.7123622867189
75110,1910.7123622867189
75111,1910.7123622867189
75112,1910.7123622867189
75113,1910.7123622867189
75114,1910.7123622867189
75115,1910.7123622867189
75116,1910.7123622867189
75117,1910.7123622867189
75118,1910.7123622867189
75119,1910.7123622867189
75120,1910.7123622867189
75121,1910.7123622867189
75122,1910.7123622867189
75123,1910.7123622867189
75124,1910.7123622867189
75125,1910.7123622867189
75126,1910.7123622867189
75127,1910.7123622867189
75128,1910.7123622867189
75129,1910.7123622867189
75130,1910.7123622867189
75131,1910.7123622867189
75132,1910.7123622867189
75133,1910.7123622867189
75134,1910.7123622867189
75135,1910.7123622867189
75136,1910.7123622867189
75137,1910.7123622867189
75138,1910.7123622867189
75139,1910.7123622867189
75140,1910.7123622867189
75141,1910.7123622867189
75142,1910.7123622867189
75143,1910.7123622867189
75144,1910.7123622867189
75145,1910.7123622867189
75146,1910.7123622867189
75147,1910.7123622867189
75148,1910.7123622867189
75149,1910.7123622867189
75150,1910.7123622867189
75151,1910.7123622867189
75152,1910.7123622867189
75153,1910.7123622867189
75154,1910.7123622867189
75155,1910.7123622867189
75156,1910.7123622867189
75157,1910.7123622867189
75158,1910.7123622867189
75159,1910.7123622867189
75160,1910.7123622867189
75161,1910.7123622867189
75162,1910.7123622867189
75163,1910.7123622867189
75164,1910.7123622867189
75165,1910.7123622867189
75166,1910.7123622867189
75167,1910.7123622867189
75168,1910.7123622867189
75169,1910.7123622867189
75170,1910.7123622867189
75171,1910.7123622867189
75172,1910.7123622867189
75173,1910.7123622867189
75174,1910.7123622867189
75175,1910.7123622867189
75176,1910.7123622867189
75177,1910.7123622867189
75178,1910.7123622867189
75179,1910.7123622867189
75180,1910.7123622867189
75181,1910.7123622867189
75182,1910.7123622867189
75183,1910.7123622867189
75184,1910.7123622867189
75185,1910.7123622867189
75186,1910.7123622867189
75187,1910.7123622867189
75188,1910.7123622867189
75189,1910.7123622867189
75190,1910.7123622867189
75191,1910.7123622867189
75192,1910.7123622867189
75193,1910.7123622867189
75194,1910.7123622867189
75195,1910.7123622867189
75196,1910.7123622867189
75197,1910.7123622867189
75198,1910.7123622867189
75199,1910.7123622867189
75200,1910.7123622867189
75201,1910.7123622867189
75202,1910.7123622867189
75203,1910.7123622867189
75204,1910.7123622867189
75205,1910.7123622867189
75206,1910.7123622867189
75207,1910.7123622867189
75208,1910.7123622867189
75209,1910.7123622867189
75210,1910.7123622867189
75211,1910.7123622867189
75212,1910.7123622867189
75213,1910.7123622867189
75214,1910.7123622867189
75215,1910.7123622867189
75216,1910.7123622867189
75217,1910.7123622867189
75218,1910.7123622867189
75219,1910.7123622867189
75220,1910.7123622867189
75221,1910.7123622867189
75222,1910.7123622867189
75223,1910.7123622867189
75224,1910.7123622867189
75225,1910.7123622867189
75226,1910.7123622867189
75227,1910.7123622867189
75228,1910.7123622867189
75229,1910.7123622867189
75230,1910.7123622867189
75231,1910.7123622867189
75232,1910.7123622867189
75233,1910.7123622867189
75234,1910.7123622867189
75235,1910.7123622867189
75236,1910.7123622867189
75237,1910.7123622867189
75238,1910.7123622867189
75239,1910.7123622867189
75240,1910.7123622867189
75241,1910.7123622867189
75242,1910.7123622867189
75243,1910.7123622867189
75244,1910.7123622867189
75245,1910.7123622867189
75246,1910.7123622867189
75247,1910.7123622867189
75248,1910.7123622867189
75249,1910.7123622867189
75250,1910.7123622867189
75251,1910.7123622867189
75252,1910.7123622867189
75253,1910.7123622867189
75254,1910.7123622867189
75255,1910.7123622867189
75256,1910.7123622867189
75257,1910.7123622867189
75258,1910.7123622867189
75259,1910.7123622867189
75260,1910.7123622867189
75261,1910.7123622867189
75262,1910.7123622867189
75263,1910.7123622867189
75264,1910.7123622867189
75265,1910.7123622867189
75266,1910.7123622867189
75267,1910.7123622867189
75268,1910.7123622867189
75269,1910.7123622867189
75270,1910.7123622867189
75271,1910.7123622867189
75272,1910.7123622867189
75273,1910.7123622867189
75274,1910.7123622867189
75275,1910.7123622867189
75276,1910.7123622867189
75277,1910.7123622867189
75278,1910.7123622867189
75279,1910.7123622867189
75280,1910.7123622867189
75281,1910.7123622867189
75282,1910.7123622867189
75283,1910.7123622867189
75284,1910.7123622867189
75285,1910.7123622867189
75286,1910.7123622867189
75287,1910.7123622867189
75288,1910.7123622867189
75289,1910.7123622867189
75290,1910.7123622867189
75291,1910.7123622867189
75292,1910.7123622867189
75293,1910.7123622867189
75294,1910.7123622867189
75295,1910.7123622867189
75296,1910.7123622867189
75297,1910.7123622867189
75298,1910.7123622867189
75299,1910.7123622867189
75300,1910.7123622867189
75301,1910.7123622867189
75302,1910.7123622867189
75303,1910.7123622867189
75304,1910.7123622867189
75305,1910.7123622867189
75306,1910.7123622867189
75307,1910.7123622867189
75308,1910.7123622867189
75309,1910.7123622867189
75310,1910.7123622867189
75311,1910.7123622867189
75312,1910.7123622867189
75313,1910.7123622867189
75314,1910.7123622867189
75315,1910.7123622867189
75316,1910.7123622867189
75317,1910.7123622867189
75318,1910.7123622867189
75319,1910.7123622867189
75320,1910.7123622867189
75321,1910.7123622867189
75322,1910.7123622867189
75323,1910.7123622867189
75324,1910.7123622867189
75325,1910.7123622867189
75326,1910.7123622867189
75327,1910.7123622867189
75328,1910.7123622867189
75329,1910.7123622867189
75330,1910.7123622867189
75331,1910.7123622867189
75332,1910.7123622867189
75333,1910.7123622867189
75334,1910.7123622867189
75335,1910.7123622867189
75336,1910.7123622867189
75337,1910.7123622867189
75338,1910.7123622867189
75339,1910.7123622867189
75340,1910.7123622867189
75341,1910.7123622867189
75342,1910.7123622867189
75343,1910.7123622867189
75344,1910.7123622867189
75345,1910.7123622867189
75346,1910.7123622867189
75347,1910.7123622867189
75348,1910.7123622867189
75349,1910.7123622867189
75350,1910.7123622867189
75351,1910.7123622867189
75352,1910.7123622867189
75353,1910.7123622867189
75354,1910.7123622867189
75355,1910.7123622867189
75356,1910.7123622867189
75357,1910.7123622867189
75358,1910.7123622867189
75359,1910.7123622867189
75360,1910.7123622867189
75361,1910.7123622867189
75362,1910.7123622867189
75363,1910.7123622867189
75364,1910.7123622867189
75365,1910.7123622867189
75366,1910.7123622867189
75367,1910.7123622867189
75368,1910.7123622867189
75369,1910.4246663633317
75370,1910.4246663633317
75371,1910.4246663633317
75372,1910.4246663633317
75373,1910.4246663633317
75374,1910.4246663633317
75375,1910.4246663633317
75376,1910.4246663633317
75377,1910.4246663633317
75378,1910.4246663633317
75379,1910.4246663633317
75380,1910.4246663633317
75381,1910.4246663633317
75382,1910.4246663633317
75383,1910.4246663633317
75384,1910.4246663633317
75385,1910.4246663633317
75386,1910.4246663633317
75387,1910.4246663633317
75388,1910.4246663633317
75389,1910.4246663633317
75390,1910.4246663633317
75391,1910.4246663633317
75392,1910.4246663633317
75393,1910.4246663633317
75394,1910.4246663633317
75395,1910.4246663633317
75396,1910.4246663633317
75397,1910.4246663633317
75398,1910.4246663633317
75399,1910.4246663633317
75400,1910.4246663633317
75401,1910.4246663633317
75402,1910.4246663633317
75403,1910.4246663633317
75404,1910.4246663633317
75405,1910.4246663633317
75406,1910.4246663633317
75407,1910.4246663633317
75408,1910.4246663633317
75409,1910.4246663633317
75410,1910.4246663633317
75411,1910.4246663633317
75412,1910.4246663633317
75413,1910.4246663633317
75414,1910.4246663633317
75415,1910.4246663633317
75416,1910.4246663633317
75417,1910.4246663633317
75418,1910.4246663633317
75419,1910.4246663633317
75420,1910.4246663633317
75421,1910.4246663633317
75422,1910.4246663633317
75423,1910.4246663633317
75424,1910.4246663633317
75425,1910.4246663633317
75426,1910.4246663633317
75427,1910.4246663633317
75428,1910.4246663633317
75429,1910.4246663633317
75430,1910.4246663633317
75431,1910.4246663633317
75432,1910.4246663633317
75433,1910.4246663633317
75434,1910.4246663633317
75435,1910.4246663633317
75436,1910.4246663633317
75437,1910.4246663633317
75438,1910.4246663633317
75439,1910.4246663633317
75440,1910.4246663633317
75441,1910.4246663633317
75442,1910.4246663633317
75443,1910.4246663633317
75444,1910.4246663633317
75445,1910.4246663633317
75446,1910.4246663633317
75447,1910.4246663633317
75448,1910.4246663633317
75449,1910.4246663633317
75450,1910.4246663633317
75451,1910.4246663633317
75452,1910.4246663633317
75453,1910.4246663633317
75454,1910.4246663633317
75455,1910.4246663633317
75456,1910.4246663633317
75457,1910.4246663633317
75458,1910.4246663633317
75459,1910.4246663633317
75460,1910.4246663633317
75461,1910.4246663633317
75462,1910.4246663633317
75463,1910.4246663633317
75464,1910.4246663633317
75465,1910.4246663633317
75466,1910.4246663633317
75467,1910.4246663633317
75468,1910.4246663633317
75469,1910.4246663633317
75470,1910.4246663633317
75471,1910.4246663633317
75472,1910.4246663633317
75473,1910.4246663633317
75474,1910.4246663633317
75475,1910.4246663633317
75476,1910.4246663633317
75477,1910.4246663633317
75478,1910.4246663633317
75479,1910.4246663633317
75480,1910.4246663633317
75481,1910.4246663633317
75482,1910.4246663633317
75483,1910.4246663633317
75484,1910.4246663633317
75485,1910.4246663633317
75486,1910.4246663633317
75487,1910.4246663633317
75488,1910.4246663633317
75489,1910.4246663633317
75490,1910.4246663633317
75491,1910.4246663633317
75492,1910.4246663633317
75493,1910.4246663633317
75494,1910.4246663633317
75495,1910.4246663633317
75496,1910.4246663633317
75497,1910.4246663633317
75498,1910.4246663633317
75499,1910.4246663633317
75500,1910.4246663633317
75501,1910.4246663633317
75502,1910.4246663633317
75503,1910.4246663633317
75504,1910.4246663633317
75505,1910.4246663633317
75506,1910.4246663633317
75507,1910.4246663633317
75508,1910.4246663633317
75509,1910.4246663633317
75510,1910.4246663633317
75511,1910.4246663633317
75512,1910.4246663633317
75513,1910.4246663633317
75514,1910.4246663633317
75515,1910.4246663633317
75516,1910.4246663633317
75517,1910.4246663633317
75518,1910.4246663633317
75519,1910.4246663633317
75520,1910.4246663633317
75521,1910.4246663633317
75522,1910.4246663633317
75523,1910.4246663633317
75524,1910.4246663633317
75525,1910.4246663633317
75526,1910.4246663633317
75527,1910.4246663633317
75528,1910.4246663633317
75529,1910.4246663633317
75530,1910.4246663633317
75531,1910.4246663633317
75532,1910.4246663633317
75533,1910.4246663633317
75534,1910.4246663633317
75535,1910.4246663633317
75536,1910.4246663633317
75537,1910.4246663633317
75538,1910.4246663633317
75539,1910.4246663633317
75540,1910.4246663633317
75541,1910.4246663633317
75542,1910.4246663633317
75543,1910.4246663633317
75544,1910.4246663633317
75545,1910.4246663633317
75546,1910.4246663633317
75547,1910.4246663633317
75548,1910.4246663633317
75549,1910.4246663633317
75550,1910.4246663633317
75551,1910.4246663633317
75552,1910.4246663633317
75553,1910.4246663633317
75554,1910.4246663633317
75555,1910.4246663633317
75556,1910.4246663633317
75557,1910.4246663633317
75558,1910.4246663633317
75559,1910.4246663633317
75560,1910.4246663633317
75561,1910.4246663633317
75562,1910.4246663633317
75563,1910.4246663633317
75564,1910.4246663633317
75565,1910.4246663633317
75566,1910.4246663633317
75567,1910.4246663633317
75568,1910.4246663633317
75569,1910.4246663633317
75570,1910.4246663633317
75571,1910.4246663633317
75572,1910.4246663633317
75573,1910.4246663633317
75574,1910.4246663633317
75575,1910.4246663633317
75576,1910.4246663633317
75577,1910.4246663633317
75578,1910.4246663633317
75579,1910.4246663633317
75580,1910.4246663633317
75581,1910.4246663633317
75582,1910.4246663633317
75583,1910.4246663633317
75584,1910.4246663633317
75585,1910.4246663633317
75586,1910.4246663633317
75587,1910.4246663633317
75588,1910.4246663633317
75589,1910.4246663633317
75590,1910.4246663633317
75591,1910.4246663633317
75592,1910.4246663633317
75593,1910.4246663633317
75594,1910.4246663633317
75595,1910.4246663633317
75596,1910.4246663633317
75597,1910.4246663633317
75598,1910.4246663633317
75599,1910.4246663633317
75600,1910.4246663633317
75601,1910.4246663633317
75602,1910.4246663633317
75603,1910.4246663633317
75604,1910.4246663633317
75605,1910.4246663633317
75606,1910.4246663633317
75607,1910.4246663633317
75608,1910.4246663633317
75609,1910.4246663633317
75610,1910.4246663633317
75611,1910.4246663633317
75612,1910.4246663633317
75613,1910.4246663633317
75614,1910.4246663633317
75615,1910.4246663633317
75616,1910.4246663633317
75617,1910.4246663633317
75618,1910.4246663633317
75619,1910.4246663633317
75620,1910.4246663633317
75621,1910.4246663633317
75622,1910.4246663633317
75623,1910.4246663633317
75624,1910.4246663633317
75625,1910.4246663633317
75626,1910.4246663633317
75627,1910.4246663633317
75628,1910.4246663633317
75629,1910.4246663633317
75630,1910.4246663633317
75631,1910.4246663633317
75632,1910.4246663633317
75633,1910.4246663633317
75634,1910.4246663633317
75635,1910.4246663633317
75636,1910.4246663633317
75637,1910.4246663633317
75638,1910.4246663633317
75639,1910.4246663633317
75640,1910.4246663633317
75641,1910.4246663633317
75642,1910.4246663633317
75643,1910.4246663633317
75644,1910.4246663633317
75645,1910.4246663633317
75646,1910.4246663633317
75647,1910.4246663633317
75648,1910.4246663633317
75649,1910.4246663633317
75650,1910.4246663633317
75651,1910.4246663633317
75652,1910.4246663633317
75653,1910.4246663633317
75654,1910.4246663633317
75655,1910.4246663633317
75656,1910.4246663633317
75657,1910.4246663633317
75658,1910.4246663633317
75659,1910.4246663633317
75660,1910.4246663633317
75661,1910.4246663633317
75662,1910.4246663633317
75663,1910.4246663633317
75664,1910.4246663633317
75665,1910.4246663633317
75666,1910.4246663633317
75667,1910.4246663633317
75668,1910.4246663633317
75669,1910.4246663633317
75670,1910.4246663633317
75671,1910.4246663633317
75672,1910.4246663633317
75673,1910.4246663633317
75674,1910.4246663633317
75675,1910.4246663633317
75676,1910.4246663633317
75677,1910.4246663633317
75678,1910.4246663633317
75679,1910.4246663633317
75680,1910.4246663633317
75681,1910.4246663633317
75682,1910.4246663633317
75683,1910.4246663633317
75684,1910.4246663633317
75685,1910.4246663633317
75686,1910.4246663633317
75687,1910.4246663633317
75688,1910.4246663633317
75689,1910.4246663633317
75690,1910.4246663633317
75691,1910.4246663633317
75692,1910.4246663633317
75693,1910.4246663633317
75694,1910.4246663633317
75695,1910.4246663633317
75696,1910.4246663633317
75697,1910.4246663633317
75698,1910.4246663633317
75699,1910.4246663633317
75700,1910.4246663633317
75701,1910.4246663633317
75702,1910.4246663633317
75703,1910.4246663633317
75704,1910.4246663633317
75705,1910.4246663633317
75706,1910.4246663633317
75707,1910.4246663633317
75708,1910.4246663633317
75709,1910.4246663633317
75710,1910.4246663633317
75711,1910.4246663633317
75712,1910.4246663633317
75713,1910.4246663633317
75714,1910.4246663633317
75715,1910.4246663633317
75716,1910.4246663633317
75717,1910.4246663633317
75718,1910.4246663633317
75719,1910.4246663633317
75720,1910.4246663633317
75721,1910.4246663633317
75722,1910.4246663633317
75723,1910.4246663633317
75724,1910.4246663633317
75725,1910.4246663633317
75726,1910.4246663633317
75727,1910.4246663633317
75728,1910.4246663633317
75729,1910.4246663633317
75730,1910.4246663633317
75731,1910.4246663633317
75732,1910.4246663633317
75733,1910.4246663633317
75734,1910.4246663633317
75735,1910.4246663633317
75736,1910.4246663633317
75737,1910.4246663633317
75738,1910.4246663633317
75739,1910.4246663633317
75740,1910.4246663633317
75741,1910.4246663633317
75742,1910.4246663633317
75743,1910.4246663633317
75744,1910.4246663633317
75745,1910.4246663633317
75746,1910.4246663633317
75747,1910.4246663633317
75748,1910.4246663633317
75749,1910.4246663633317
75750,1910.4246663633317
75751,1910.4246663633317
75752,1910.4246663633317
75753,1910.4246663633317
75754,1910.4246663633317
75755,1910.4246663633317
75756,1910.4246663633317
75757,1910.4246663633317
75758,1910.4246663633317
75759,1910.4246663633317
75760,1910.4246663633317
75761,1910.4246663633317
75762,1910.4246663633317
75763,1910.4246663633317
75764,1910.4246663633317
75765,1910.4246663633317
75766,1910.4246663633317
75767,1910.4246663633317
75768,1910.4246663633317
75769,1910.4246663633317
75770,1910.4246663633317
75771,1910.4246663633317
75772,1910.4246663633317
75773,1910.4246663633317
75774,1910.4246663633317
75775,1910.4246663633317
75776,1910.4246663633317
75777,1910.4246663633317
75778,1910.4246663633317
75779,1910.4246663633317
75780,1910.4246663633317
75781,1910.4246663633317
75782,1910.4246663633317
75783,1910.4246663633317
75784,1910.4246663633317
75785,1910.4246663633317
75786,1910.4246663633317
75787,1910.4246663633317
75788,1910.4246663633317
75789,1910.4246663633317
75790,1910.4246663633317
75791,1910.4246663633317
75792,1910.4246663633317
75793,1910.4246663633317
75794,1910.4246663633317
75795,1910.4246663633317
75796,1910.4246663633317
75797,1910.4246663633317
75798,1910.4246663633317
75799,1910.4246663633317
75800,1910.4246663633317
75801,1910.4246663633317
75802,1910.4246663633317
75803,1910.4246663633317
75804,1910.4246663633317
75805,1910.4246663633317
75806,1910.4246663633317
75807,1910.4246663633317
75808,1910.4246663633317
75809,1910.4246663633317
75810,1910.4246663633317
75811,1910.4246663633317
75812,1910.4246663633317
75813,1910.4246663633317
75814,1910.4246663633317
75815,1910.4246663633317
75816,1910.4246663633317
75817,1910.4246663633317
75818,1910.4246663633317
75819,1910.4246663633317
75820,1910.4246663633317
75821,1910.4246663633317
75822,1910.4246663633317
75823,1910.4246663633317
75824,1910.4246663633317
75825,1910.4246663633317
75826,1910.4246663633317
75827,1910.4246663633317
75828,1910.4246663633317
75829,1910.4246663633317
75830,1910.4246663633317
75831,1910.4246663633317
75832,1910.4246663633317
75833,1910.4246663633317
75834,1910.4246663633317
75835,1910.4246663633317
75836,1910.4246663633317
75837,1910.4246663633317
75838,1910.4246663633317
75839,1910.4246663633317
75840,1910.4246663633317
75841,1910.4246663633317
75842,1910.4246663633317
75843,1910.4246663633317
75844,1910.4246663633317
75845,1910.4246663633317
75846,1910.4246663633317
75847,1910.4246663633317
75848,1910.4246663633317
75849,1910.4246663633317
75850,1910.4246663633317
75851,1910.4246663633317
75852,1910.4246663633317
75853,1910.4246663633317
75854,1910.4246663633317
75855,1910.4246663633317
75856,1910.4246663633317
75857,1910.4246663633317
75858,1910.4246663633317
75859,1910.4246663633317
75860,1910.4246663633317
75861,1910.4246663633317
75862,1910.4246663633317
75863,1910.4246663633317
75864,1910.4246663633317
75865,1910.4246663633317
75866,1910.4246663633317
75867,1910.4246663633317
75868,1910.4246663633317
75869,1910.4246663633317
75870,1910.4246663633317
75871,1910.4246663633317
75872,1910.4246663633317
75873,1910.4246663633317
75874,1910.4246663633317
75875,1910.4246663633317
75876,1910.4246663633317
75877,1910.4246663633317
75878,1910.4246663633317
75879,1910.4246663633317
75880,1910.4246663633317
75881,1910.4246663633317
75882,1910.4246663633317
75883,1910.4246663633317
75884,1910.4246663633317
75885,1910.4246663633317
75886,1910.4246663633317
75887,1910.4246663633317
75888,1910.4246663633317
75889,1910.4246663633317
75890,1910.4246663633317
75891,1910.4246663633317
75892,1910.4246663633317
75893,1910.4246663633317
75894,1910.4246663633317
75895,1910.4246663633317
75896,1910.4246663633317
75897,1910.4246663633317
75898,1910.4246663633317
75899,1910.4246663633317
75900,1910.4246663633317
75901,1910.4246663633317
75902,1910.4246663633317
75903,1910.4246663633317
75904,1910.4246663633317
75905,1910.4246663633317
75906,1910.4246663633317
75907,1910.4246663633317
75908,1910.4246663633317
75909,1910.4246663633317
75910,1910.4246663633317
75911,1910.4246663633317
75912,1910.4246663633317
75913,1910.4246663633317
75914,1910.4246663633317
75915,1910.4246663633317
75916,1910.4246663633317
75917,1910.4246663633317
75918,1910.4246663633317
75919,1910.4246663633317
75920,1910.4246663633317
75921,1910.4246663633317
75922,1910.4246663633317
75923,1910.4246663633317
75924,1910.4246663633317
75925,1910.4246663633317
75926,1910.4246663633317
75927,1910.4246663633317
75928,1910.4246663633317
75929,1910.4246663633317
75930,1910.4246663633317
75931,1910.4246663633317
75932,1910.4246663633317
75933,1910.4246663633317
75934,1910.4246663633317
75935,1910.4246663633317
75936,1910.4246663633317
75937,1910.4246663633317
75938,1910.4246663633317
75939,1910.4246663633317
75940,1910.4246663633317
75941,1910.4246663633317
75942,1910.4246663633317
75943,1910.4246663633317
75944,1910.4246663633317
75945,1910.4246663633317
75946,1910.4246663633317
75947,1910.4246663633317
75948,1910.4246663633317
75949,1910.4246663633317
75950,1910.4246663633317
75951,1910.4246663633317
75952,1910.4246663633317
75953,1910.4246663633317
75954,1910.4246663633317
75955,1910.4246663633317
75956,1910.4246663633317
75957,1910.4246663633317
75958,1910.4246663633317
75959,1910.4246663633317
75960,1910.4246663633317
75961,1910.4246663633317
75962,1910.4246663633317
75963,1910.4246663633317
75964,1910.4246663633317
75965,1910.4246663633317
75966,1910.4246663633317
75967,1910.4246663633317
75968,1910.4246663633317
75969,1910.4246663633317
75970,1910.4246663633317
75971,1910.4246663633317
75972,1910.4246663633317
75973,1910.4246663633317
75974,1910.4246663633317
75975,1910.4246663633317
75976,1910.4246663633317
75977,1910.4246663633317
75978,1910.4246663633317
75979,1910.4246663633317
75980,1910.4246663633317
75981,1910.4246663633317
75982,1910.4246663633317
75983,1910.4246663633317
75984,1910.4246663633317
75985,1910.4246663633317
75986,1910.4246663633317
75987,1910.4246663633317
75988,1910.4246663633317
75989,1910.4246663633317
75990,1910.4246663633317
75991,1910.4246663633317
75992,1910.4246663633317
75993,1910.4246663633317
75994,1910.4246663633317
75995,1910.4246663633317
75996,1910.4246663633317
75997,1910.4246663633317
75998,1910.4246663633317
75999,1910.4246663633317
76000,1910.4246663633317
76001,1910.4246663633317
76002,1910.4246663633317
76003,1910.4246663633317
76004,1910.4246663633317
76005,1910.4246663633317
76006,1910.4246663633317
76007,1910.4246663633317
76008,1910.4246663633317
76009,1910.4246663633317
76010,1910.4246663633317
76011,1910.4246663633317
76012,1910.4246663633317
76013,1910.4246663633317
76014,1910.4246663633317
76015,1910.4246663633317
76016,1910.4246663633317
76017,1910.4246663633317
76018,1910.4246663633317
76019,1910.4246663633317
76020,1910.4246663633317
76021,1910.4246663633317
76022,1910.4246663633317
76023,1910.4246663633317
76024,1910.4246663633317
76025,1910.4246663633317
76026,1910.4246663633317
76027,1910.4246663633317
76028,1910.4246663633317
76029,1910.4246663633317
76030,1910.4246663633317
76031,1910.4246663633317
76032,1910.4246663633317
76033,1910.4246663633317
76034,1910.4246663633317
76035,1910.4246663633317
76036,1910.4246663633317
76037,1910.4246663633317
76038,1910.4246663633317
76039,1910.4246663633317
76040,1910.4246663633317
76041,1910.4246663633317
76042,1910.4246663633317
76043,1910.4246663633317
76044,1910.4246663633317
76045,1910.4246663633317
76046,1910.4246663633317
76047,1910.4246663633317
76048,1910.4246663633317
76049,1910.4246663633317
76050,1910.4246663633317
76051,1910.4246663633317
76052,1910.4246663633317
76053,1910.4246663633317
76054,1910.4246663633317
76055,1910.4246663633317
76056,1910.4246663633317
76057,1910.4246663633317
76058,1910.4246663633317
76059,1910.4246663633317
76060,1910.4246663633317
76061,1910.4246663633317
76062,1910.4246663633317
76063,1910.4246663633317
76064,1910.4246663633317
76065,1910.4246663633317
76066,1910.4246663633317
76067,1910.4246663633317
76068,1910.4246663633317
76069,1910.4246663633317
76070,1910.4246663633317
76071,1910.4246663633317
76072,1910.4246663633317
76073,1910.4246663633317
76074,1910.4246663633317
76075,1910.4246663633317
76076,1910.4246663633317
76077,1910.4246663633317
76078,1910.4246663633317
76079,1910.4246663633317
76080,1910.4246663633317
76081,1910.4246663633317
76082,1910.4246663633317
76083,1910.4246663633317
76084,1910.4246663633317
76085,1910.4246663633317
76086,1910.4246663633317
76087,1910.4246663633317
76088,1910.4246663633317
76089,1910.4246663633317
76090,1910.4246663633317
76091,1910.4246663633317
76092,1910.4246663633317
76093,1910.4246663633317
76094,1910.4246663633317
76095,1910.4246663633317
76096,1910.4246663633317
76097,1910.4246663633317
76098,1910.4246663633317
76099,1910.4246663633317
76100,1910.4246663633317
76101,1910.4246663633317
76102,1910.4246663633317
76103,1910.4246663633317
76104,1910.4246663633317
76105,1910.4246663633317
76106,1910.4246663633317
76107,1910.4246663633317
76108,1910.4246663633317
76109,1910.4246663633317
76110,1910.4246663633317
76111,1910.4246663633317
76112,1910.4246663633317
76113,1910.4246663633317
76114,1910.4246663633317
76115,1910.4246663633317
76116,1910.4246663633317
76117,1910.4246663633317
76118,1910.4246663633317
76119,1910.4246663633317
76120,1910.4246663633317
76121,1910.4246663633317
76122,1910.4246663633317
76123,1910.4246663633317
76124,1910.4246663633317
76125,1910.4246663633317
76126,1910.4246663633317
76127,1910.4246663633317
76128,1910.4246663633317
76129,1910.4246663633317
76130,1910.4246663633317
76131,1910.4246663633317
76132,1910.4246663633317
76133,1910.4246663633317
76134,1910.4246663633317
76135,1910.4246663633317
76136,1910.4246663633317
76137,1910.4246663633317
76138,1910.4246663633317
76139,1910.4246663633317
76140,1910.4246663633317
76141,1910.4246663633317
76142,1910.4246663633317
76143,1910.4246663633317
76144,1910.4246663633317
76145,1910.4246663633317
76146,1910.4246663633317
76147,1910.4246663633317
76148,1910.4246663633317
76149,1910.4246663633317
76150,1910.4246663633317
76151,1910.4246663633317
76152,1910.4246663633317
76153,1910.4246663633317
76154,1910.4246663633317
76155,1910.4246663633317
76156,1910.4246663633317
76157,1910.4246663633317
76158,1910.4246663633317
76159,1910.4246663633317
76160,1910.4246663633317
76161,1910.4246663633317
76162,1910.4246663633317
76163,1910.4246663633317
76164,1910.4246663633317
76165,1910.4246663633317
76166,1910.4246663633317
76167,1910.4246663633317
76168,1910.4246663633317
76169,1910.4246663633317
76170,1910.4246663633317
76171,1910.4246663633317
76172,1910.4246663633317
76173,1910.4246663633317
76174,1910.4246663633317
76175,1910.4246663633317
76176,1910.4246663633317
76177,1910.4246663633317
76178,1910.4246663633317
76179,1910.4246663633317
76180,1910.4246663633317
76181,1910.4246663633317
76182,1910.4246663633317
76183,1910.4246663633317
76184,1910.4246663633317
76185,1910.4246663633317
76186,1910.4246663633317
76187,1910.4246663633317
76188,1910.4246663633317
76189,1910.4246663633317
76190,1910.4246663633317
76191,1910.4246663633317
76192,1910.4246663633317
76193,1910.4246663633317
76194,1910.4246663633317
76195,1910.4246663633317
76196,1910.4246663633317
76197,1910.4246663633317
76198,1910.4246663633317
76199,1910.4246663633317
76200,1910.4246663633317
76201,1910.4246663633317
76202,1910.4246663633317
76203,1910.4246663633317
76204,1910.4246663633317
76205,1910.4246663633317
76206,1910.4246663633317
76207,1910.4246663633317
76208,1910.4246663633317
76209,1910.4246663633317
76210,1910.4246663633317
76211,1910.4246663633317
76212,1910.4246663633317
76213,1910.4246663633317
76214,1910.4246663633317
76215,1910.4246663633317
76216,1910.4246663633317
76217,1910.4246663633317
76218,1910.4246663633317
76219,1910.4246663633317
76220,1910.4246663633317
76221,1910.4246663633317
76222,1910.4246663633317
76223,1910.4246663633317
76224,1910.4246663633317
76225,1910.4246663633317
76226,1910.4246663633317
76227,1910.4246663633317
76228,1910.4246663633317
76229,1910.4246663633317
76230,1910.4246663633317
76231,1910.4246663633317
76232,1910.4246663633317
76233,1910.4246663633317
76234,1910.4246663633317
76235,1910.4246663633317
76236,1910.4246663633317
76237,1910.4246663633317
76238,1910.4246663633317
76239,1910.4246663633317
76240,1910.4246663633317
76241,1910.4246663633317
76242,1910.4246663633317
76243,1910.4246663633317
76244,1910.4246663633317
76245,1910.4246663633317
76246,1910.4246663633317
76247,1910.4246663633317
76248,1910.4246663633317
76249,1910.4246663633317
76250,1910.4246663633317
76251,1910.4246663633317
76252,1910.4246663633317
76253,1910.4246663633317
76254,1910.4246663633317
76255,1910.4246663633317
76256,1910.4246663633317
76257,1910.4246663633317
76258,1910.4246663633317
76259,1910.4246663633317
76260,1910.4246663633317
76261,1910.4246663633317
76262,1910.4246663633317
76263,1910.4246663633317
76264,1910.4246663633317
76265,1910.4246663633317
76266,1910.4246663633317
76267,1910.4246663633317
76268,1910.4246663633317
76269,1910.4246663633317
76270,1910.4246663633317
76271,1910.4246663633317
76272,1910.4246663633317
76273,1910.4246663633317
76274,1910.4246663633317
76275,1910.4246663633317
76276,1910.4246663633317
76277,1910.4246663633317
76278,1910.4246663633317
76279,1910.4246663633317
76280,1910.4246663633317
76281,1910.4246663633317
76282,1910.4246663633317
76283,1910.4246663633317
76284,1910.4246663633317
76285,1910.4246663633317
76286,1910.4246663633317
76287,1910.4246663633317
76288,1910.4246663633317
76289,1910.4246663633317
76290,1910.4246663633317
76291,1910.4246663633317
76292,1910.4246663633317
76293,1910.4246663633317
76294,1910.4246663633317
76295,1910.4246663633317
76296,1910.4246663633317
76297,1910.4246663633317
76298,1910.4246663633317
76299,1910.4246663633317
76300,1910.4246663633317
76301,1910.4246663633317
76302,1910.4246663633317
76303,1910.4246663633317
76304,1910.4246663633317
76305,1910.4246663633317
76306,1910.4246663633317
76307,1910.4246663633317
76308,1910.4246663633317
76309,1910.4246663633317
76310,1910.4246663633317
76311,1910.4246663633317
76312,1910.4246663633317
76313,1910.4246663633317
76314,1910.4246663633317
76315,1910.4246663633317
76316,1910.4246663633317
76317,1910.4246663633317
76318,1910.4246663633317
76319,1910.4246663633317
76320,1910.4246663633317
76321,1910.4246663633317
76322,1910.4246663633317
76323,1910.4246663633317
76324,1910.4246663633317
76325,1910.4246663633317
76326,1910.4246663633317
76327,1910.4246663633317
76328,1910.4246663633317
76329,1910.4246663633317
76330,1910.4246663633317
76331,1910.4246663633317
76332,1910.4246663633317
76333,1910.4246663633317
76334,1910.4246663633317
76335,1910.4246663633317
76336,1910.4246663633317
76337,1910.4246663633317
76338,1910.4246663633317
76339,1910.4246663633317
76340,1910.4246663633317
76341,1910.4246663633317
76342,1910.4246663633317
76343,1910.4246663633317
76344,1910.4246663633317
76345,1910.4246663633317
76346,1910.4246663633317
76347,1910.4246663633317
76348,1910.4246663633317
76349,1910.4246663633317
76350,1910.4246663633317
76351,1910.4246663633317
76352,1910.4246663633317
76353,1910.4246663633317
76354,1910.4246663633317
76355,1910.4246663633317
76356,1910.4246663633317
76357,1910.4246663633317
76358,1910.4246663633317
76359,1910.4246663633317
76360,1910.4246663633317
76361,1910.4246663633317
76362,1910.4246663633317
76363,1910.4246663633317
76364,1910.4246663633317
76365,1910.4246663633317
76366,1910.4246663633317
76367,1910.4246663633317
76368,1910.4246663633317
76369,1910.4246663633317
76370,1910.4246663633317
76371,1910.4246663633317
76372,1910.4246663633317
76373,1910.4246663633317
76374,1910.4246663633317
76375,1910.4246663633317
76376,1910.4246663633317
76377,1910.4246663633317
76378,1910.4246663633317
76379,1910.4246663633317
76380,1910.4246663633317
76381,1910.4246663633317
76382,1910.4246663633317
76383,1910.4246663633317
76384,1910.4246663633317
76385,1910.4246663633317
76386,1910.4246663633317
76387,1910.4246663633317
76388,1910.4246663633317
76389,1910.4246663633317
76390,1910.4246663633317
76391,1910.4246663633317
76392,1910.4246663633317
76393,1910.4246663633317
76394,1910.4246663633317
76395,1910.4246663633317
76396,1910.4246663633317
76397,1910.4246663633317
76398,1910.4246663633317
76399,1910.4246663633317
76400,1910.4246663633317
76401,1910.4246663633317
76402,1910.4246663633317
76403,1910.4246663633317
76404,1910.4246663633317
76405,1910.4246663633317
76406,1910.4246663633317
76407,1910.4246663633317
76408,1910.4246663633317
76409,1910.4246663633317
76410,1910.4246663633317
76411,1910.4246663633317
76412,1910.4246663633317
76413,1910.4246663633317
76414,1910.4246663633317
76415,1910.4246663633317
76416,1910.4246663633317
76417,1910.4246663633317
76418,1910.4246663633317
76419,1910.4246663633317
76420,1910.4246663633317
76421,1910.4246663633317
76422,1910.4246663633317
76423,1910.4246663633317
76424,1910.4246663633317
76425,1910.4246663633317
76426,1910.4246663633317
76427,1910.4246663633317
76428,1910.4246663633317
76429,1910.4246663633317
76430,1910.4246663633317
76431,1910.4246663633317
76432,1910.4246663633317
76433,1910.4246663633317
76434,1910.4246663633317
76435,1910.4246663633317
76436,1910.4246663633317
76437,1910.4246663633317
76438,1910.4246663633317
76439,1910.4246663633317
76440,1910.4246663633317
76441,1910.4246663633317
76442,1910.4246663633317
76443,1910.4246663633317
76444,1910.4246663633317
76445,1910.4246663633317
76446,1910.4246663633317
76447,1910.4246663633317
76448,1910.4246663633317
76449,1910.4246663633317
76450,1910.4246663633317
76451,1910.4246663633317
76452,1910.4246663633317
76453,1910.4246663633317
76454,1910.4246663633317
76455,1910.4246663633317
76456,1910.4246663633317
76457,1910.4246663633317
76458,1910.4246663633317
76459,1910.4246663633317
76460,1910.4246663633317
76461,1910.4246663633317
76462,1910.4246663633317
76463,1910.4246663633317
76464,1910.4246663633317
76465,1910.4246663633317
76466,1910.4246663633317
76467,1910.4246663633317
76468,1910.4246663633317
76469,1910.4246663633317
76470,1910.4246663633317
76471,1910.4246663633317
76472,1910.4246663633317
76473,1910.4246663633317
76474,1910.4246663633317
76475,1910.4246663633317
76476,1910.4246663633317
76477,1910.4246663633317
76478,1910.4246663633317
76479,1910.4246663633317
76480,1910.4246663633317
76481,1910.4246663633317
76482,1910.4246663633317
76483,1910.4246663633317
76484,1910.4246663633317
76485,1910.4246663633317
76486,1910.4246663633317
76487,1910.4246663633317
76488,1910.4246663633317
76489,1910.4246663633317
76490,1910.4246663633317
76491,1910.4246663633317
76492,1910.4246663633317
76493,1910.4246663633317
76494,1910.4246663633317
76495,1910.4246663633317
76496,1910.4246663633317
76497,1910.4246663633317
76498,1910.4246663633317
76499,1910.4246663633317
76500,1910.4246663633317
76501,1910.4246663633317
76502,1910.4246663633317
76503,1910.4246663633317
76504,1910.4246663633317
76505,1910.4246663633317
76506,1910.4246663633317
76507,1910.4246663633317
76508,1910.4246663633317
76509,1910.4246663633317
76510,1910.4246663633317
76511,1910.4246663633317
76512,1910.4246663633317
76513,1910.4246663633317
76514,1910.4246663633317
76515,1910.4246663633317
76516,1910.4246663633317
76517,1910.4246663633317
76518,1910.4246663633317
76519,1910.4246663633317
76520,1910.4246663633317
76521,1910.4246663633317
76522,1910.4246663633317
76523,1910.4246663633317
76524,1910.4246663633317
76525,1910.4246663633317
76526,1910.4246663633317
76527,1910.4246663633317
76528,1910.4246663633317
76529,1910.4246663633317
76530,1910.4246663633317
76531,1910.4246663633317
76532,1910.4246663633317
76533,1910.4246663633317
76534,1910.4246663633317
76535,1910.4246663633317
76536,1910.4246663633317
76537,1910.4246663633317
76538,1910.4246663633317
76539,1910.4246663633317
76540,1910.4246663633317
76541,1910.4246663633317
76542,1910.4246663633317
76543,1910.4246663633317
76544,1910.4246663633317
76545,1910.4246663633317
76546,1910.4246663633317
76547,1910.4246663633317
76548,1910.4246663633317
76549,1910.4246663633317
76550,1910.4246663633317
76551,1910.4246663633317
76552,1910.4246663633317
76553,1910.4246663633317
76554,1910.4246663633317
76555,1910.4246663633317
76556,1910.4246663633317
76557,1910.4246663633317
76558,1910.4246663633317
76559,1910.4246663633317
76560,1910.4246663633317
76561,1910.4246663633317
76562,1910.4246663633317
76563,1910.4246663633317
76564,1910.4246663633317
76565,1910.4246663633317
76566,1910.4246663633317
76567,1910.4246663633317
76568,1910.4246663633317
76569,1910.4246663633317
76570,1910.4246663633317
76571,1910.4246663633317
76572,1910.4246663633317
76573,1910.4246663633317
76574,1910.4246663633317
76575,1910.4246663633317
76576,1910.4246663633317
76577,1910.4246663633317
76578,1910.4246663633317
76579,1910.4246663633317
76580,1910.4246663633317
76581,1910.4246663633317
76582,1910.4246663633317
76583,1910.4246663633317
76584,1910.4246663633317
76585,1910.4246663633317
76586,1910.4246663633317
76587,1910.4246663633317
76588,1910.4246663633317
76589,1910.4246663633317
76590,1910.4246663633317
76591,1910.4246663633317
76592,1910.4246663633317
76593,1910.4246663633317
76594,1910.4246663633317
76595,1910.4246663633317
76596,1910.4246663633317
76597,1910.4246663633317
76598,1910.4246663633317
76599,1910.4246663633317
76600,1910.4246663633317
76601,1910.4246663633317
76602,1910.4246663633317
76603,1910.4246663633317
76604,1910.4246663633317
76605,1910.4246663633317
76606,1910.4246663633317
76607,1910.4246663633317
76608,1910.4246663633317
76609,1910.4246663633317
76610,1910.4246663633317
76611,1910.4246663633317
76612,1910.4246663633317
76613,1910.4246663633317
76614,1910.4246663633317
76615,1910.4246663633317
76616,1910.4246663633317
76617,1910.4246663633317
76618,1910.4246663633317
76619,1910.4246663633317
76620,1910.4246663633317
76621,1910.4246663633317
76622,1910.4246663633317
76623,1910.4246663633317
76624,1910.4246663633317
76625,1910.4246663633317
76626,1910.4246663633317
76627,1910.4246663633317
76628,1910.4246663633317
76629,1910.4246663633317
76630,1910.4246663633317
76631,1910.4246663633317
76632,1910.4246663633317
76633,1910.4246663633317
76634,1910.4246663633317
76635,1910.4246663633317
76636,1910.4246663633317
76637,1910.4246663633317
76638,1910.4246663633317
76639,1910.4246663633317
76640,1910.4246663633317
76641,1910.4246663633317
76642,1910.4246663633317
76643,1910.4246663633317
76644,1910.4246663633317
76645,1910.4246663633317
76646,1910.4246663633317
76647,1910.4246663633317
76648,1910.4246663633317
76649,1910.4246663633317
76650,1910.4246663633317
76651,1910.4246663633317
76652,1910.4246663633317
76653,1910.4246663633317
76654,1910.4246663633317
76655,1910.4246663633317
76656,1910.4246663633317
76657,1910.4246663633317
76658,1910.4246663633317
76659,1910.4246663633317
76660,1910.4246663633317
76661,1910.4246663633317
76662,1910.4246663633317
76663,1910.4246663633317
76664,1910.4246663633317
76665,1910.4246663633317
76666,1910.4246663633317
76667,1910.4246663633317
76668,1910.4246663633317
76669,1910.4246663633317
76670,1910.4246663633317
76671,1910.4246663633317
76672,1910.4246663633317
76673,1910.4246663633317
76674,1910.4246663633317
76675,1910.4246663633317
76676,1910.4246663633317
76677,1910.4246663633317
76678,1910.4246663633317
76679,1910.4246663633317
76680,1910.4246663633317
76681,1910.4246663633317
76682,1910.4246663633317
76683,1910.4246663633317
76684,1910.4246663633317
76685,1910.4246663633317
76686,1910.4246663633317
76687,1910.4246663633317
76688,1910.4246663633317
76689,1910.4246663633317
76690,1910.4246663633317
76691,1910.4246663633317
76692,1910.4246663633317
76693,1910.4246663633317
76694,1910.4246663633317
76695,1910.4246663633317
76696,1910.4246663633317
76697,1910.4246663633317
76698,1910.4246663633317
76699,1910.4246663633317
76700,1910.4246663633317
76701,1910.4246663633317
76702,1910.4246663633317
76703,1910.4246663633317
76704,1910.4246663633317
76705,1910.4246663633317
76706,1910.4246663633317
76707,1910.4246663633317
76708,1910.4246663633317
76709,1910.4246663633317
76710,1910.4246663633317
76711,1910.4246663633317
76712,1910.4246663633317
76713,1910.4246663633317
76714,1910.4246663633317
76715,1910.4246663633317
76716,1910.4246663633317
76717,1910.4246663633317
76718,1910.4246663633317
76719,1910.4246663633317
76720,1910.4246663633317
76721,1910.4246663633317
76722,1910.4246663633317
76723,1910.4246663633317
76724,1910.4246663633317
76725,1910.4246663633317
76726,1910.4246663633317
76727,1910.4246663633317
76728,1910.4246663633317
76729,1910.4246663633317
76730,1910.4246663633317
76731,1910.4246663633317
76732,1910.4246663633317
76733,1910.4246663633317
76734,1910.4246663633317
76735,1910.4246663633317
76736,1910.4246663633317
76737,1910.4246663633317
76738,1910.4246663633317
76739,1910.4246663633317
76740,1910.4246663633317
76741,1910.4246663633317
76742,1910.4246663633317
76743,1910.4246663633317
76744,1910.4246663633317
76745,1910.4246663633317
76746,1910.4246663633317
76747,1910.4246663633317
76748,1910.4246663633317
76749,1910.4246663633317
76750,1910.4246663633317
76751,1910.4246663633317
76752,1910.4246663633317
76753,1910.4246663633317
76754,1910.4246663633317
76755,1910.4246663633317
76756,1910.4246663633317
76757,1910.4246663633317
76758,1910.4246663633317
76759,1910.4246663633317
76760,1910.4246663633317
76761,1910.4246663633317
76762,1910.4246663633317
76763,1910.4246663633317
76764,1910.4246663633317
76765,1910.4246663633317
76766,1910.4246663633317
76767,1910.4246663633317
76768,1910.4246663633317
76769,1910.4246663633317
76770,1910.4246663633317
76771,1910.4246663633317
76772,1910.4246663633317
76773,1910.4246663633317
76774,1910.4246663633317
76775,1910.4246663633317
76776,1910.4246663633317
76777,1910.4246663633317
76778,1910.4246663633317
76779,1910.4246663633317
76780,1910.4246663633317
76781,1910.4246663633317
76782,1910.4246663633317
76783,1910.4246663633317
76784,1910.4246663633317
76785,1910.4246663633317
76786,1910.4246663633317
76787,1910.4246663633317
76788,1910.4246663633317
76789,1910.4246663633317
76790,1910.4246663633317
76791,1910.4246663633317
76792,1910.4246663633317
76793,1910.4246663633317
76794,1910.4246663633317
76795,1910.4246663633317
76796,1910.4246663633317
76797,1910.4246663633317
76798,1910.4246663633317
76799,1910.4246663633317
76800,1910.4246663633317
76801,1910.4246663633317
76802,1910.4246663633317
76803,1910.4246663633317
76804,1910.4246663633317
76805,1910.4246663633317
76806,1910.4246663633317
76807,1910.4246663633317
76808,1910.4246663633317
76809,1910.4246663633317
76810,1910.4246663633317
76811,1910.4246663633317
76812,1910.4246663633317
76813,1910.4246663633317
76814,1910.4246663633317
76815,1910.4246663633317
76816,1910.4246663633317
76817,1910.4246663633317
76818,1910.4246663633317
76819,1910.4246663633317
76820,1910.4246663633317
76821,1910.4246663633317
76822,1910.4246663633317
76823,1910.4246663633317
76824,1910.4246663633317
76825,1910.4246663633317
76826,1910.4246663633317
76827,1910.4246663633317
76828,1910.4246663633317
76829,1910.4246663633317
76830,1910.4246663633317
76831,1910.4246663633317
76832,1910.4246663633317
76833,1910.4246663633317
76834,1910.4246663633317
76835,1910.4246663633317
76836,1910.4246663633317
76837,1910.4246663633317
76838,1910.4246663633317
76839,1910.4246663633317
76840,1910.4246663633317
76841,1910.4246663633317
76842,1910.4246663633317
76843,1910.4246663633317
76844,1910.4246663633317
76845,1910.4246663633317
76846,1910.4246663633317
76847,1910.4246663633317
76848,1910.4246663633317
76849,1910.4246663633317
76850,1910.4246663633317
76851,1910.4246663633317
76852,1910.4246663633317
76853,1910.4246663633317
76854,1910.4246663633317
76855,1910.4246663633317
76856,1910.4246663633317
76857,1910.4246663633317
76858,1910.4246663633317
76859,1910.4246663633317
76860,1910.4246663633317
76861,1910.4246663633317
76862,1910.4246663633317
76863,1910.4246663633317
76864,1910.4246663633317
76865,1910.4246663633317
76866,1910.4246663633317
76867,1910.4246663633317
76868,1910.4246663633317
76869,1910.4246663633317
76870,1910.4246663633317
76871,1910.4246663633317
76872,1910.4246663633317
76873,1910.4246663633317
76874,1910.4246663633317
76875,1910.4246663633317
76876,1910.4246663633317
76877,1910.4246663633317
76878,1910.4246663633317
76879,1910.4246663633317
76880,1910.4246663633317
76881,1910.4246663633317
76882,1910.4246663633317
76883,1910.4246663633317
76884,1910.4246663633317
76885,1910.4246663633317
76886,1910.4246663633317
76887,1910.4246663633317
76888,1910.4246663633317
76889,1910.4246663633317
76890,1910.4246663633317
76891,1910.4246663633317
76892,1910.4246663633317
76893,1910.4246663633317
76894,1910.4246663633317
76895,1910.4246663633317
76896,1910.4246663633317
76897,1910.4246663633317
76898,1910.4246663633317
76899,1910.4246663633317
76900,1910.4246663633317
76901,1910.4246663633317
76902,1910.4246663633317
76903,1910.4246663633317
76904,1910.4246663633317
76905,1910.4246663633317
76906,1910.4246663633317
76907,1910.4246663633317
76908,1910.4246663633317
76909,1910.4246663633317
76910,1910.4246663633317
76911,1910.4246663633317
76912,1910.4246663633317
76913,1910.4246663633317
76914,1910.4246663633317
76915,1910.4246663633317
76916,1910.4246663633317
76917,1910.4246663633317
76918,1910.4246663633317
76919,1910.4246663633317
76920,1910.4246663633317
76921,1910.4246663633317
76922,1910.4246663633317
76923,1910.4246663633317
76924,1910.4246663633317
76925,1910.4246663633317
76926,1910.4246663633317
76927,1910.4246663633317
76928,1910.4246663633317
76929,1910.4246663633317
76930,1910.4246663633317
76931,1910.4246663633317
76932,1910.4246663633317
76933,1910.4246663633317
76934,1910.4246663633317
76935,1910.4246663633317
76936,1910.4246663633317
76937,1910.4246663633317
76938,1910.4246663633317
76939,1910.4246663633317
76940,1910.4246663633317
76941,1910.4246663633317
76942,1910.4246663633317
76943,1910.4246663633317
76944,1910.4246663633317
76945,1910.4246663633317
76946,1910.4246663633317
76947,1910.4246663633317
76948,1910.4246663633317
76949,1910.4246663633317
76950,1910.4246663633317
76951,1910.4246663633317
76952,1910.4246663633317
76953,1910.4246663633317
76954,1910.4246663633317
76955,1910.4246663633317
76956,1910.4246663633317
76957,1910.4246663633317
76958,1910.4246663633317
76959,1910.4246663633317
76960,1910.4246663633317
76961,1910.4246663633317
76962,1910.4246663633317
76963,1910.4246663633317
76964,1910.4246663633317
76965,1910.4246663633317
76966,1910.4246663633317
76967,1910.4246663633317
76968,1910.4246663633317
76969,1910.4246663633317
76970,1910.4246663633317
76971,1910.4246663633317
76972,1910.4246663633317
76973,1910.4246663633317
76974,1910.4246663633317
76975,1910.4246663633317
76976,1910.4246663633317
76977,1910.4246663633317
76978,1910.4246663633317
76979,1910.4246663633317
76980,1910.4246663633317
76981,1910.4246663633317
76982,1910.4246663633317
76983,1910.4246663633317
76984,1910.4246663633317
76985,1910.4246663633317
76986,1910.4246663633317
76987,1910.4246663633317
76988,1910.4246663633317
76989,1910.4246663633317
76990,1910.4246663633317
76991,1910.4246663633317
76992,1910.4246663633317
76993,1910.4246663633317
76994,1910.4246663633317
76995,1910.4246663633317
76996,1910.4246663633317
76997,1910.4246663633317
76998,1910.4246663633317
76999,1910.4246663633317
77000,1910.4246663633317
77001,1910.4246663633317
77002,1910.4246663633317
77003,1910.4246663633317
77004,1910.4246663633317
77005,1910.4246663633317
77006,1910.4246663633317
77007,1910.4246663633317
77008,1910.4246663633317
77009,1910.4246663633317
77010,1910.4246663633317
77011,1910.4246663633317
77012,1910.4246663633317
77013,1910.4246663633317
77014,1910.4246663633317
77015,1910.4246663633317
77016,1910.4246663633317
77017,1910.4246663633317
77018,1910.4246663633317
77019,1910.4246663633317
77020,1910.4246663633317
77021,1910.4246663633317
77022,1910.4246663633317
77023,1910.4246663633317
77024,1910.4246663633317
77025,1910.4246663633317
77026,1910.4246663633317
77027,1910.4246663633317
77028,1910.4246663633317
77029,1910.4246663633317
77030,1910.4246663633317
77031,1910.4246663633317
77032,1910.4246663633317
77033,1910.4246663633317
77034,1910.4246663633317
77035,1910.4246663633317
77036,1910.4246663633317
77037,1910.4246663633317
77038,1910.4246663633317
77039,1910.4246663633317
77040,1910.4246663633317
77041,1910.4246663633317
77042,1910.4246663633317
77043,1910.4246663633317
77044,1910.4246663633317
77045,1910.4246663633317
77046,1910.4246663633317
77047,1910.4246663633317
77048,1910.4246663633317
77049,1910.4246663633317
77050,1910.4246663633317
77051,1910.4246663633317
77052,1910.4246663633317
77053,1910.4246663633317
77054,1910.4246663633317
77055,1910.4246663633317
77056,1910.4246663633317
77057,1910.4246663633317
77058,1910.4246663633317
77059,1910.4246663633317
77060,1910.4246663633317
77061,1910.4246663633317
77062,1910.4246663633317
77063,1910.4246663633317
77064,1910.4246663633317
77065,1910.4246663633317
77066,1910.4246663633317
77067,1910.4246663633317
77068,1910.4246663633317
77069,1910.4246663633317
77070,1910.4246663633317
77071,1910.4246663633317
77072,1910.4246663633317
77073,1910.4246663633317
77074,1910.4246663633317
77075,1910.4246663633317
77076,1910.4246663633317
77077,1910.4246663633317
77078,1910.4246663633317
77079,1910.4246663633317
77080,1910.4246663633317
77081,1910.4246663633317
77082,1910.4246663633317
77083,1910.4246663633317
77084,1910.4246663633317
77085,1910.4246663633317
77086,1910.4246663633317
77087,1910.4246663633317
77088,1910.4246663633317
77089,1910.4246663633317
77090,1910.4246663633317
77091,1910.4246663633317
77092,1910.4246663633317
77093,1910.4246663633317
77094,1910.4246663633317
77095,1910.4246663633317
77096,1910.4246663633317
77097,1910.4246663633317
77098,1910.4246663633317
77099,1910.4246663633317
77100,1910.4246663633317
77101,1910.4246663633317
77102,1910.4246663633317
77103,1910.4246663633317
77104,1910.4246663633317
77105,1910.4246663633317
77106,1910.4246663633317
77107,1910.4246663633317
77108,1910.4246663633317
77109,1910.4246663633317
77110,1910.4246663633317
77111,1910.4246663633317
77112,1910.4246663633317
77113,1910.4246663633317
77114,1910.4246663633317
77115,1910.4246663633317
77116,1910.4246663633317
77117,1910.4246663633317
77118,1910.4246663633317
77119,1910.4246663633317
77120,1910.4246663633317
77121,1910.4246663633317
77122,1910.4246663633317
77123,1910.4246663633317
77124,1910.4246663633317
77125,1910.4246663633317
77126,1910.4246663633317
77127,1910.4246663633317
77128,1910.4246663633317
77129,1910.4246663633317
77130,1910.4246663633317
77131,1910.4246663633317
77132,1910.4246663633317
77133,1910.4246663633317
77134,1910.4246663633317
77135,1910.4246663633317
77136,1910.4246663633317
77137,1910.4246663633317
77138,1910.4246663633317
77139,1910.4246663633317
77140,1910.4246663633317
77141,1910.4246663633317
77142,1910.4246663633317
77143,1910.4246663633317
77144,1910.4246663633317
77145,1910.4246663633317
77146,1910.4246663633317
77147,1910.4246663633317
77148,1910.4246663633317
77149,1910.4246663633317
77150,1910.4246663633317
77151,1910.4246663633317
77152,1910.4246663633317
77153,1910.4246663633317
77154,1910.4246663633317
77155,1910.4246663633317
77156,1910.4246663633317
77157,1910.4246663633317
77158,1910.4246663633317
77159,1910.4246663633317
77160,1910.4246663633317
77161,1910.4246663633317
77162,1910.4246663633317
77163,1910.4246663633317
77164,1910.4246663633317
77165,1910.4246663633317
77166,1910.4246663633317
77167,1910.4246663633317
77168,1910.4246663633317
77169,1910.4246663633317
77170,1910.4246663633317
77171,1910.4246663633317
77172,1910.4246663633317
77173,1910.4246663633317
77174,1910.4246663633317
77175,1910.4246663633317
77176,1910.4246663633317
77177,1910.4246663633317
77178,1910.4246663633317
77179,1910.4246663633317
77180,1910.4246663633317
77181,1910.4246663633317
77182,1910.4246663633317
77183,1910.4246663633317
77184,1910.4246663633317
77185,1910.4246663633317
77186,1910.4246663633317
77187,1910.4246663633317
77188,1910.4246663633317
77189,1910.4246663633317
77190,1910.4246663633317
77191,1910.4246663633317
77192,1910.4246663633317
77193,1910.4246663633317
77194,1910.4246663633317
77195,1910.4246663633317
77196,1910.4246663633317
77197,1910.4246663633317
77198,1910.4246663633317
77199,1910.4246663633317
77200,1910.4246663633317
77201,1910.4246663633317
77202,1910.4246663633317
77203,1910.4246663633317
77204,1910.4246663633317
77205,1910.4246663633317
77206,1910.4246663633317
77207,1910.4246663633317
77208,1910.4246663633317
77209,1910.4246663633317
77210,1910.4246663633317
77211,1910.4246663633317
77212,1910.4246663633317
77213,1910.4246663633317
77214,1910.4246663633317
77215,1910.4246663633317
77216,1910.4246663633317
77217,1910.4246663633317
77218,1910.4246663633317
77219,1910.4246663633317
77220,1910.4246663633317
77221,1910.4246663633317
77222,1910.4246663633317
77223,1910.4246663633317
77224,1910.4246663633317
77225,1910.4246663633317
77226,1910.4246663633317
77227,1910.4246663633317
77228,1910.4246663633317
77229,1910.4246663633317
77230,1910.4246663633317
77231,1910.4246663633317
77232,1910.4246663633317
77233,1910.4246663633317
77234,1910.4246663633317
77235,1910.4246663633317
77236,1910.4246663633317
77237,1910.4246663633317
77238,1910.4246663633317
77239,1910.4246663633317
77240,1910.4246663633317
77241,1910.4246663633317
77242,1910.4246663633317
77243,1910.4246663633317
77244,1910.4246663633317
77245,1910.4246663633317
77246,1910.4246663633317
77247,1910.4246663633317
77248,1910.4246663633317
77249,1910.4246663633317
77250,1910.4246663633317
77251,1910.4246663633317
77252,1910.4246663633317
77253,1910.4246663633317
77254,1910.4246663633317
77255,1910.4246663633317
77256,1910.4246663633317
77257,1910.4246663633317
77258,1910.4246663633317
77259,1910.4246663633317
77260,1910.4246663633317
77261,1910.4246663633317
77262,1910.4246663633317
77263,1910.4246663633317
77264,1910.4246663633317
77265,1910.4246663633317
77266,1910.4246663633317
77267,1910.4246663633317
77268,1910.4246663633317
77269,1910.4246663633317
77270,1910.4246663633317
77271,1910.4246663633317
77272,1910.4246663633317
77273,1910.4246663633317
77274,1910.4246663633317
77275,1910.4246663633317
77276,1910.4246663633317
77277,1910.4246663633317
77278,1910.4246663633317
77279,1910.4246663633317
77280,1910.4246663633317
77281,1910.4246663633317
77282,1910.4246663633317
77283,1910.4246663633317
77284,1910.4246663633317
77285,1910.4246663633317
77286,1910.4246663633317
77287,1910.4246663633317
77288,1910.4246663633317
77289,1910.4246663633317
77290,1910.4246663633317
77291,1910.4246663633317
77292,1910.4246663633317
77293,1910.4246663633317
77294,1910.4246663633317
77295,1910.4246663633317
77296,1910.4246663633317
77297,1910.4246663633317
77298,1910.4246663633317
77299,1910.4246663633317
77300,1910.4246663633317
77301,1910.4246663633317
77302,1910.4246663633317
77303,1910.4246663633317
77304,1910.4246663633317
77305,1910.4246663633317
77306,1910.4246663633317
77307,1910.4246663633317
77308,1910.4246663633317
77309,1910.4246663633317
77310,1910.4246663633317
77311,1910.4246663633317
77312,1910.4246663633317
77313,1910.4246663633317
77314,1910.4246663633317
77315,1910.4246663633317
77316,1910.4246663633317
77317,1910.4246663633317
77318,1910.4246663633317
77319,1910.4246663633317
77320,1910.4246663633317
77321,1910.4246663633317
77322,1910.4246663633317
77323,1910.4246663633317
77324,1910.4246663633317
77325,1910.4246663633317
77326,1910.4246663633317
77327,1910.4246663633317
77328,1910.4246663633317
77329,1910.4246663633317
77330,1910.4246663633317
77331,1910.4246663633317
77332,1910.4246663633317
77333,1910.4246663633317
77334,1910.4246663633317
77335,1910.4246663633317
77336,1910.4246663633317
77337,1910.4246663633317
77338,1910.4246663633317
77339,1910.4246663633317
77340,1910.4246663633317
77341,1910.4246663633317
77342,1910.4246663633317
77343,1910.4246663633317
77344,1910.4246663633317
77345,1910.4246663633317
77346,1910.4246663633317
77347,1910.4246663633317
77348,1910.4246663633317
77349,1910.4246663633317
77350,1910.4246663633317
77351,1910.4246663633317
77352,1910.4246663633317
77353,1910.4246663633317
77354,1910.4246663633317
77355,1910.4246663633317
77356,1910.4246663633317
77357,1910.4246663633317
77358,1910.4246663633317
77359,1910.4246663633317
77360,1910.4246663633317
77361,1910.4246663633317
77362,1910.4246663633317
77363,1910.4246663633317
77364,1910.4246663633317
77365,1910.4246663633317
77366,1910.4246663633317
77367,1910.4246663633317
77368,1910.4246663633317
77369,1910.4246663633317
77370,1910.4246663633317
77371,1910.4246663633317
77372,1910.4246663633317
77373,1910.4246663633317
77374,1910.4246663633317
77375,1910.4246663633317
77376,1910.4246663633317
77377,1910.4246663633317
77378,1910.4246663633317
77379,1910.4246663633317
77380,1910.4246663633317
77381,1910.4246663633317
77382,1910.4246663633317
77383,1910.4246663633317
77384,1910.4246663633317
77385,1910.4246663633317
77386,1910.4246663633317
77387,1910.4246663633317
77388,1910.4246663633317
77389,1910.4246663633317
77390,1910.4246663633317
77391,1910.4246663633317
77392,1910.4246663633317
77393,1910.4246663633317
77394,1910.4246663633317
77395,1910.4246663633317
77396,1910.4246663633317
77397,1910.4246663633317
77398,1910.4246663633317
77399,1910.4246663633317
77400,1910.4246663633317
77401,1910.4246663633317
77402,1910.4246663633317
77403,1910.4246663633317
77404,1910.4246663633317
77405,1910.4246663633317
77406,1910.4246663633317
77407,1910.4246663633317
77408,1910.4246663633317
77409,1910.4246663633317
77410,1910.4246663633317
77411,1910.4246663633317
77412,1910.4246663633317
77413,1910.4246663633317
77414,1910.4246663633317
77415,1910.4246663633317
77416,1910.4246663633317
77417,1910.4246663633317
77418,1910.4246663633317
77419,1910.4246663633317
77420,1910.4246663633317
77421,1910.4246663633317
77422,1910.4246663633317
77423,1910.4246663633317
77424,1910.4246663633317
77425,1910.4246663633317
77426,1910.4246663633317
77427,1910.4246663633317
77428,1910.4246663633317
77429,1910.4246663633317
77430,1910.4246663633317
77431,1910.4246663633317
77432,1910.4246663633317
77433,1910.4246663633317
77434,1910.4246663633317
77435,1910.4246663633317
77436,1910.4246663633317
77437,1910.4246663633317
77438,1910.4246663633317
77439,1910.4246663633317
77440,1910.4246663633317
77441,1910.4246663633317
77442,1910.4246663633317
77443,1910.4246663633317
77444,1910.4246663633317
77445,1910.4246663633317
77446,1910.4246663633317
77447,1910.4246663633317
77448,1910.4246663633317
77449,1910.4246663633317
77450,1910.4246663633317
77451,1910.4246663633317
77452,1910.4246663633317
77453,1910.4246663633317
77454,1910.4246663633317
77455,1910.4246663633317
77456,1910.4246663633317
77457,1910.4246663633317
77458,1910.4246663633317
77459,1910.4246663633317
77460,1910.4246663633317
77461,1910.4246663633317
77462,1910.4246663633317
77463,1910.4246663633317
77464,1910.4246663633317
77465,1910.4246663633317
77466,1910.4246663633317
77467,1910.4246663633317
77468,1910.4246663633317
77469,1910.4246663633317
77470,1910.4246663633317
77471,1910.4246663633317
77472,1910.4246663633317
77473,1910.4246663633317
77474,1910.4246663633317
77475,1910.4246663633317
77476,1910.4246663633317
77477,1910.4246663633317
77478,1910.4246663633317
77479,1910.4246663633317
77480,1910.4246663633317
77481,1910.4246663633317
77482,1910.4246663633317
77483,1910.4246663633317
77484,1910.4246663633317
77485,1910.4246663633317
77486,1910.4246663633317
77487,1910.4246663633317
77488,1910.4246663633317
77489,1910.4246663633317
77490,1910.4246663633317
77491,1910.4246663633317
77492,1910.4246663633317
77493,1910.4246663633317
77494,1910.4246663633317
77495,1910.4246663633317
77496,1910.4246663633317
77497,1910.4246663633317
77498,1910.4246663633317
77499,1910.4246663633317
77500,1910.4246663633317
77501,1910.4246663633317
77502,1910.4246663633317
77503,1910.4246663633317
77504,1910.4246663633317
77505,1910.4246663633317
77506,1910.4246663633317
77507,1910.4246663633317
77508,1910.4246663633317
77509,1910.4246663633317
77510,1910.4246663633317
77511,1910.4246663633317
77512,1910.4246663633317
77513,1910.4246663633317
77514,1910.4246663633317
77515,1910.4246663633317
77516,1910.4246663633317
77517,1910.4246663633317
77518,1910.4246663633317
77519,1910.4246663633317
77520,1910.4246663633317
77521,1910.4246663633317
77522,1910.4246663633317
77523,1910.4246663633317
77524,1910.4246663633317
77525,1910.4246663633317
77526,1910.4246663633317
77527,1910.4246663633317
77528,1910.4246663633317
77529,1910.4246663633317
77530,1910.4246663633317
77531,1910.4246663633317
77532,1910.4246663633317
77533,1910.4246663633317
77534,1910.4246663633317
77535,1910.4246663633317
77536,1910.4246663633317
77537,1910.4246663633317
77538,1910.4246663633317
77539,1910.4246663633317
77540,1910.4246663633317
77541,1910.4246663633317
77542,1910.4246663633317
77543,1910.4246663633317
77544,1910.4246663633317
77545,1910.4246663633317
77546,1910.4246663633317
77547,1910.4246663633317
77548,1910.4246663633317
77549,1910.4246663633317
77550,1910.4246663633317
77551,1910.4246663633317
77552,1910.4246663633317
77553,1910.4246663633317
77554,1910.4246663633317
77555,1910.4246663633317
77556,1910.4246663633317
77557,1910.4246663633317
77558,1910.4246663633317
77559,1910.4246663633317
77560,1910.4246663633317
77561,1910.4246663633317
77562,1910.4246663633317
77563,1910.4246663633317
77564,1910.4246663633317
77565,1910.4246663633317
77566,1910.4246663633317
77567,1910.4246663633317
77568,1910.4246663633317
77569,1910.4246663633317
77570,1910.4246663633317
77571,1910.4246663633317
77572,1910.4246663633317
77573,1910.4246663633317
77574,1910.4246663633317
77575,1910.4246663633317
77576,1910.4246663633317
77577,1910.4246663633317
77578,1910.4246663633317
77579,1910.4246663633317
77580,1910.4246663633317
77581,1910.4246663633317
77582,1910.4246663633317
77583,1910.4246663633317
77584,1910.4246663633317
77585,1910.4246663633317
77586,1910.4246663633317
77587,1910.4246663633317
77588,1910.4246663633317
77589,1910.4246663633317
77590,1910.4246663633317
77591,1910.4246663633317
77592,1910.4246663633317
77593,1910.4246663633317
77594,1910.4246663633317
77595,1910.4246663633317
77596,1910.4246663633317
77597,1910.4246663633317
77598,1910.4246663633317
77599,1910.4246663633317
77600,1910.4246663633317
77601,1910.4246663633317
77602,1910.4246663633317
77603,1910.4246663633317
77604,1910.4246663633317
77605,1910.4246663633317
77606,1910.4246663633317
77607,1910.4246663633317
77608,1910.4246663633317
77609,1910.4246663633317
77610,1910.4246663633317
77611,1910.4246663633317
77612,1910.4246663633317
77613,1910.4246663633317
77614,1910.4246663633317
77615,1910.4246663633317
77616,1910.4246663633317
77617,1910.4246663633317
77618,1910.4246663633317
77619,1910.4246663633317
77620,1910.4246663633317
77621,1910.4246663633317
77622,1910.4246663633317
77623,1910.4246663633317
77624,1910.4246663633317
77625,1910.4246663633317
77626,1910.4246663633317
77627,1910.4246663633317
77628,1910.4246663633317
77629,1910.4246663633317
77630,1910.4246663633317
77631,1910.4246663633317
77632,1910.4246663633317
77633,1910.4246663633317
77634,1910.4246663633317
77635,1910.4246663633317
77636,1910.4246663633317
77637,1910.4246663633317
77638,1910.4246663633317
77639,1910.4246663633317
77640,1910.4246663633317
77641,1910.4246663633317
77642,1910.4246663633317
77643,1910.4246663633317
77644,1910.4246663633317
77645,1910.4246663633317
77646,1910.4246663633317
77647,1910.4246663633317
77648,1910.4246663633317
77649,1910.4246663633317
77650,1910.4246663633317
77651,1910.4246663633317
77652,1910.4246663633317
77653,1910.4246663633317
77654,1910.4246663633317
77655,1910.4246663633317
77656,1910.4246663633317
77657,1910.4246663633317
77658,1910.4246663633317
77659,1910.4246663633317
77660,1910.4246663633317
77661,1910.4246663633317
77662,1910.4246663633317
77663,1910.4246663633317
77664,1910.4246663633317
77665,1910.4246663633317
77666,1910.4246663633317
77667,1910.4246663633317
77668,1910.4246663633317
77669,1910.4246663633317
77670,1910.4246663633317
77671,1910.4246663633317
77672,1910.4246663633317
77673,1910.4246663633317
77674,1910.4246663633317
77675,1910.4246663633317
77676,1910.4246663633317
77677,1910.4246663633317
77678,1910.4246663633317
77679,1910.4246663633317
77680,1910.4246663633317
77681,1910.4246663633317
77682,1910.4246663633317
77683,1910.4246663633317
77684,1910.4246663633317
77685,1910.4246663633317
77686,1910.4246663633317
77687,1910.4246663633317
77688,1910.4246663633317
77689,1910.4246663633317
77690,1910.4246663633317
77691,1910.4246663633317
77692,1910.4246663633317
77693,1910.4246663633317
77694,1910.4246663633317
77695,1910.4246663633317
77696,1910.4246663633317
77697,1910.4246663633317
77698,1910.4246663633317
77699,1910.4246663633317
77700,1910.4246663633317
77701,1910.4246663633317
77702,1910.4246663633317
77703,1910.4246663633317
77704,1910.4246663633317
77705,1910.4246663633317
77706,1910.4246663633317
77707,1910.4246663633317
77708,1910.4246663633317
77709,1910.4246663633317
77710,1910.4246663633317
77711,1910.4246663633317
77712,1910.4246663633317
77713,1910.4246663633317
77714,1910.4246663633317
77715,1910.4246663633317
77716,1910.4246663633317
77717,1910.4246663633317
77718,1910.4246663633317
77719,1910.4246663633317
77720,1910.4246663633317
77721,1910.4246663633317
77722,1910.4246663633317
77723,1910.4246663633317
77724,1910.4246663633317
77725,1910.4246663633317
77726,1910.4246663633317
77727,1910.4246663633317
77728,1910.4246663633317
77729,1910.4246663633317
77730,1910.4246663633317
77731,1910.4246663633317
77732,1910.4246663633317
77733,1910.4246663633317
77734,1910.4246663633317
77735,1910.4246663633317
77736,1910.4246663633317
77737,1910.4246663633317
77738,1910.4246663633317
77739,1910.4246663633317
77740,1910.4246663633317
77741,1910.4246663633317
77742,1910.4246663633317
77743,1910.4246663633317
77744,1910.4246663633317
77745,1910.4246663633317
77746,1910.4246663633317
77747,1910.4246663633317
77748,1910.4246663633317
77749,1910.4246663633317
77750,1910.4246663633317
77751,1910.4246663633317
77752,1910.4246663633317
77753,1910.4246663633317
77754,1910.4246663633317
77755,1910.4246663633317
77756,1910.4246663633317
77757,1910.4246663633317
77758,1910.4246663633317
77759,1910.4246663633317
77760,1910.4246663633317
77761,1910.4246663633317
77762,1910.4246663633317
77763,1910.4246663633317
77764,1910.4246663633317
77765,1910.4246663633317
77766,1910.4246663633317
77767,1910.4246663633317
77768,1910.4246663633317
77769,1910.4246663633317
77770,1910.4246663633317
77771,1910.4246663633317
77772,1910.4246663633317
77773,1910.4246663633317
77774,1910.4246663633317
77775,1910.4246663633317
77776,1910.4246663633317
77777,1910.4246663633317
77778,1910.4246663633317
77779,1910.4246663633317
77780,1910.4246663633317
77781,1910.4246663633317
77782,1910.4246663633317
77783,1910.4246663633317
77784,1910.4246663633317
77785,1910.4246663633317
77786,1910.4246663633317
77787,1910.4246663633317
77788,1910.4246663633317
77789,1910.4246663633317
77790,1910.4246663633317
77791,1910.4246663633317
77792,1910.4246663633317
77793,1910.4246663633317
77794,1910.4246663633317
77795,1910.4246663633317
77796,1910.4246663633317
77797,1910.4246663633317
77798,1910.4246663633317
77799,1910.4246663633317
77800,1910.4246663633317
77801,1910.4246663633317
77802,1910.4246663633317
77803,1910.4246663633317
77804,1910.4246663633317
77805,1910.4246663633317
77806,1910.4246663633317
77807,1910.4246663633317
77808,1910.4246663633317
77809,1910.4246663633317
77810,1910.4246663633317
77811,1910.4246663633317
77812,1910.4246663633317
77813,1910.4246663633317
77814,1910.4246663633317
77815,1910.4246663633317
77816,1910.4246663633317
77817,1910.4246663633317
77818,1910.4246663633317
77819,1910.4246663633317
77820,1910.4246663633317
77821,1910.4246663633317
77822,1910.4246663633317
77823,1910.4246663633317
77824,1910.4246663633317
77825,1910.4246663633317
77826,1910.4246663633317
77827,1910.4246663633317
77828,1910.4246663633317
77829,1910.4246663633317
77830,1910.4246663633317
77831,1910.4246663633317
77832,1910.4246663633317
77833,1910.4246663633317
77834,1910.4246663633317
77835,1910.4246663633317
77836,1910.4246663633317
77837,1910.4246663633317
77838,1910.4246663633317
77839,1910.4246663633317
77840,1910.4246663633317
77841,1910.4246663633317
77842,1910.4246663633317
77843,1910.4246663633317
77844,1910.4246663633317
77845,1910.4246663633317
77846,1910.4246663633317
77847,1910.4246663633317
77848,1910.4246663633317
77849,1910.4246663633317
77850,1910.4246663633317
77851,1910.4246663633317
77852,1910.4246663633317
77853,1910.4246663633317
77854,1910.4246663633317
77855,1910.4246663633317
77856,1910.4246663633317
77857,1910.4246663633317
77858,1910.4246663633317
77859,1910.4246663633317
77860,1910.4246663633317
77861,1910.4246663633317
77862,1910.4246663633317
77863,1910.4246663633317
77864,1910.4246663633317
77865,1910.4246663633317
77866,1910.4246663633317
77867,1910.4246663633317
77868,1910.4246663633317
77869,1910.4246663633317
77870,1910.4246663633317
77871,1910.4246663633317
77872,1910.4246663633317
77873,1910.4246663633317
77874,1910.4246663633317
77875,1910.4246663633317
77876,1910.4246663633317
77877,1910.4246663633317
77878,1910.4246663633317
77879,1910.4246663633317
77880,1910.4246663633317
77881,1910.4246663633317
77882,1910.4246663633317
77883,1910.4246663633317
77884,1910.4246663633317
77885,1910.4246663633317
77886,1910.4246663633317
77887,1910.4246663633317
77888,1910.4246663633317
77889,1910.4246663633317
77890,1910.4246663633317
77891,1910.4246663633317
77892,1910.4246663633317
77893,1910.4246663633317
77894,1910.4246663633317
77895,1910.4246663633317
77896,1910.4246663633317
77897,1910.4246663633317
77898,1910.4246663633317
77899,1910.4246663633317
77900,1910.4246663633317
77901,1910.4246663633317
77902,1910.4246663633317
77903,1910.4246663633317
77904,1910.4246663633317
77905,1910.4246663633317
77906,1910.4246663633317
77907,1910.4246663633317
77908,1910.4246663633317
77909,1910.4246663633317
77910,1910.4246663633317
77911,1910.4246663633317
77912,1910.4246663633317
77913,1910.4246663633317
77914,1910.4246663633317
77915,1910.4246663633317
77916,1910.4246663633317
77917,1910.4246663633317
77918,1910.4246663633317
77919,1910.4246663633317
77920,1910.4246663633317
77921,1910.4246663633317
77922,1910.4246663633317
77923,1910.4246663633317
77924,1910.4246663633317
77925,1910.4246663633317
77926,1910.4246663633317
77927,1910.4246663633317
77928,1910.4246663633317
77929,1910.4246663633317
77930,1910.4246663633317
77931,1910.4246663633317
77932,1910.4246663633317
77933,1910.4246663633317
77934,1910.4246663633317
77935,1910.4246663633317
77936,1910.4246663633317
77937,1910.4246663633317
77938,1910.4246663633317
77939,1910.4246663633317
77940,1910.4246663633317
77941,1910.4246663633317
77942,1910.4246663633317
77943,1910.4246663633317
77944,1910.4246663633317
77945,1910.4246663633317
77946,1910.4246663633317
77947,1910.4246663633317
77948,1910.4246663633317
77949,1910.4246663633317
77950,1910.4246663633317
77951,1910.4246663633317
77952,1910.4246663633317
77953,1910.4246663633317
77954,1910.4246663633317
77955,1910.4246663633317
77956,1910.4246663633317
77957,1910.4246663633317
77958,1910.4246663633317
77959,1910.4246663633317
77960,1910.4246663633317
77961,1910.4246663633317
77962,1910.4246663633317
77963,1910.4246663633317
77964,1910.4246663633317
77965,1910.4246663633317
77966,1910.4246663633317
77967,1910.4246663633317
77968,1910.4246663633317
77969,1910.4246663633317
77970,1910.4246663633317
77971,1910.4246663633317
77972,1910.4246663633317
77973,1910.4246663633317
77974,1910.4246663633317
77975,1910.4246663633317
77976,1910.4246663633317
77977,1910.4246663633317
77978,1910.4246663633317
77979,1910.4246663633317
77980,1910.4246663633317
77981,1910.4246663633317
77982,1910.4246663633317
77983,1910.4246663633317
77984,1910.4246663633317
77985,1910.4246663633317
77986,1910.4246663633317
77987,1910.4246663633317
77988,1910.4246663633317
77989,1910.4246663633317
77990,1910.4246663633317
77991,1910.4246663633317
77992,1910.4246663633317
77993,1910.4246663633317
77994,1910.4246663633317
77995,1910.4246663633317
77996,1910.4246663633317
77997,1910.4246663633317
77998,1910.4246663633317
77999,1910.4246663633317
78000,1910.4246663633317
78001,1910.4246663633317
78002,1910.4246663633317
78003,1910.4246663633317
78004,1910.4246663633317
78005,1910.4246663633317
78006,1910.4246663633317
78007,1910.4246663633317
78008,1910.4246663633317
78009,1910.4246663633317
78010,1910.4246663633317
78011,1910.4246663633317
78012,1910.4246663633317
78013,1910.4246663633317
78014,1910.4246663633317
78015,1910.4246663633317
78016,1910.4246663633317
78017,1910.4246663633317
78018,1910.4246663633317
78019,1910.4246663633317
78020,1910.4246663633317
78021,1910.4246663633317
78022,1910.4246663633317
78023,1910.4246663633317
78024,1910.4246663633317
78025,1910.4246663633317
78026,1910.4246663633317
78027,1910.4246663633317
78028,1910.4246663633317
78029,1910.4246663633317
78030,1910.4246663633317
78031,1910.4246663633317
78032,1910.4246663633317
78033,1910.4246663633317
78034,1910.4246663633317
78035,1910.4246663633317
78036,1910.4246663633317
78037,1910.4246663633317
78038,1910.4246663633317
78039,1910.4246663633317
78040,1910.4246663633317
78041,1910.4246663633317
78042,1910.4246663633317
78043,1910.4246663633317
78044,1910.4246663633317
78045,1910.4246663633317
78046,1910.4246663633317
78047,1910.4246663633317
78048,1910.4246663633317
78049,1910.4246663633317
78050,1910.4246663633317
78051,1910.4246663633317
78052,1910.4246663633317
78053,1910.4246663633317
78054,1910.4246663633317
78055,1910.4246663633317
78056,1910.4246663633317
78057,1910.4246663633317
78058,1910.4246663633317
78059,1910.4246663633317
78060,1910.4246663633317
78061,1910.4246663633317
78062,1910.4246663633317
78063,1910.4246663633317
78064,1910.4246663633317
78065,1910.4246663633317
78066,1910.4246663633317
78067,1910.4246663633317
78068,1910.4246663633317
78069,1910.4246663633317
78070,1910.4246663633317
78071,1910.4246663633317
78072,1910.4246663633317
78073,1910.4246663633317
78074,1910.4246663633317
78075,1910.4246663633317
78076,1910.4246663633317
78077,1910.4246663633317
78078,1910.4246663633317
78079,1910.4246663633317
78080,1910.4246663633317
78081,1910.4246663633317
78082,1910.4246663633317
78083,1910.4246663633317
78084,1910.4246663633317
78085,1910.4246663633317
78086,1910.4246663633317
78087,1910.4246663633317
78088,1910.4246663633317
78089,1910.4246663633317
78090,1910.4246663633317
78091,1910.4246663633317
78092,1910.4246663633317
78093,1910.4246663633317
78094,1910.4246663633317
78095,1910.4246663633317
78096,1910.4246663633317
78097,1910.4246663633317
78098,1910.4246663633317
78099,1910.4246663633317
78100,1910.4246663633317
78101,1910.4246663633317
78102,1910.4246663633317
78103,1910.4246663633317
78104,1910.4246663633317
78105,1910.4246663633317
78106,1910.4246663633317
78107,1910.4246663633317
78108,1910.4246663633317
78109,1910.4246663633317
78110,1910.4246663633317
78111,1910.4246663633317
78112,1910.4246663633317
78113,1910.4246663633317
78114,1910.4246663633317
78115,1910.4246663633317
78116,1910.4246663633317
78117,1910.4246663633317
78118,1910.4246663633317
78119,1910.4246663633317
78120,1910.4246663633317
78121,1910.4246663633317
78122,1910.4246663633317
78123,1910.4246663633317
78124,1910.4246663633317
78125,1910.4246663633317
78126,1910.4246663633317
78127,1910.4246663633317
78128,1910.4246663633317
78129,1910.4246663633317
78130,1910.4246663633317
78131,1910.4246663633317
78132,1910.4246663633317
78133,1910.4246663633317
78134,1910.4246663633317
78135,1910.4246663633317
78136,1910.4246663633317
78137,1910.4246663633317
78138,1910.4246663633317
78139,1910.4246663633317
78140,1910.4246663633317
78141,1910.4246663633317
78142,1910.4246663633317
78143,1910.4246663633317
78144,1910.4246663633317
78145,1910.4246663633317
78146,1910.4246663633317
78147,1910.4246663633317
78148,1910.4246663633317
78149,1910.4246663633317
78150,1910.4246663633317
78151,1910.4246663633317
78152,1910.4246663633317
78153,1910.4246663633317
78154,1910.4246663633317
78155,1910.4246663633317
78156,1910.4246663633317
78157,1910.4246663633317
78158,1910.4246663633317
78159,1910.4246663633317
78160,1910.4246663633317
78161,1910.4246663633317
78162,1910.4246663633317
78163,1910.4246663633317
78164,1910.4246663633317
78165,1910.4246663633317
78166,1910.4246663633317
78167,1910.4246663633317
78168,1910.4246663633317
78169,1910.4246663633317
78170,1910.4246663633317
78171,1910.4246663633317
78172,1910.4246663633317
78173,1910.4246663633317
78174,1910.4246663633317
78175,1910.4246663633317
78176,1910.4246663633317
78177,1910.4246663633317
78178,1910.4246663633317
78179,1910.4246663633317
78180,1910.4246663633317
78181,1910.4246663633317
78182,1910.4246663633317
78183,1910.4246663633317
78184,1910.4246663633317
78185,1910.4246663633317
78186,1910.4246663633317
78187,1910.4246663633317
78188,1910.4246663633317
78189,1910.4246663633317
78190,1910.4246663633317
78191,1910.4246663633317
78192,1910.4246663633317
78193,1910.4246663633317
78194,1910.4246663633317
78195,1910.4246663633317
78196,1910.4246663633317
78197,1910.4246663633317
78198,1910.4246663633317
78199,1910.4246663633317
78200,1910.4246663633317
78201,1910.4246663633317
78202,1910.4246663633317
78203,1910.4246663633317
78204,1910.4246663633317
78205,1910.4246663633317
78206,1910.4246663633317
78207,1910.4246663633317
78208,1910.4246663633317
78209,1910.4246663633317
78210,1910.4246663633317
78211,1910.4246663633317
78212,1910.4246663633317
78213,1910.4246663633317
78214,1910.4246663633317
78215,1910.4246663633317
78216,1910.4246663633317
78217,1910.4246663633317
78218,1910.4246663633317
78219,1910.4246663633317
78220,1910.4246663633317
78221,1910.4246663633317
78222,1910.4246663633317
78223,1910.4246663633317
78224,1910.4246663633317
78225,1910.4246663633317
78226,1910.4246663633317
78227,1910.4246663633317
78228,1910.4246663633317
78229,1910.4246663633317
78230,1910.4246663633317
78231,1910.4246663633317
78232,1910.4246663633317
78233,1910.4246663633317
78234,1910.4246663633317
78235,1910.4246663633317
78236,1910.4246663633317
78237,1910.4246663633317
78238,1910.4246663633317
78239,1910.4246663633317
78240,1910.4246663633317
78241,1910.4246663633317
78242,1910.4246663633317
78243,1910.4246663633317
78244,1910.4246663633317
78245,1910.4246663633317
78246,1910.4246663633317
78247,1910.4246663633317
78248,1910.4246663633317
78249,1910.4246663633317
78250,1910.4246663633317
78251,1910.4246663633317
78252,1910.4246663633317
78253,1910.4246663633317
78254,1910.4246663633317
78255,1910.4246663633317
78256,1910.4246663633317
78257,1910.4246663633317
78258,1910.4246663633317
78259,1910.4246663633317
78260,1910.4246663633317
78261,1910.4246663633317
78262,1910.4246663633317
78263,1910.4246663633317
78264,1910.4246663633317
78265,1910.4246663633317
78266,1910.4246663633317
78267,1910.4246663633317
78268,1910.4246663633317
78269,1910.4246663633317
78270,1910.4246663633317
78271,1910.4246663633317
78272,1910.4246663633317
78273,1910.4246663633317
78274,1910.4246663633317
78275,1910.4246663633317
78276,1910.4246663633317
78277,1910.4246663633317
78278,1910.4246663633317
78279,1910.4246663633317
78280,1910.4246663633317
78281,1910.4246663633317
78282,1910.4246663633317
78283,1910.4246663633317
78284,1910.4246663633317
78285,1910.4246663633317
78286,1910.4246663633317
78287,1910.4246663633317
78288,1910.4246663633317
78289,1910.4246663633317
78290,1910.4246663633317
78291,1910.4246663633317
78292,1910.4246663633317
78293,1910.4246663633317
78294,1910.4246663633317
78295,1910.4246663633317
78296,1910.4246663633317
78297,1910.4246663633317
78298,1910.4246663633317
78299,1910.4246663633317
78300,1910.4246663633317
78301,1910.4246663633317
78302,1910.4246663633317
78303,1910.4246663633317
78304,1910.4246663633317
78305,1910.4246663633317
78306,1910.4246663633317
78307,1910.4246663633317
78308,1910.4246663633317
78309,1910.4246663633317
78310,1910.4246663633317
78311,1910.4246663633317
78312,1910.4246663633317
78313,1910.4246663633317
78314,1910.4246663633317
78315,1910.4246663633317
78316,1910.4246663633317
78317,1910.4246663633317
78318,1910.4246663633317
78319,1910.4246663633317
78320,1910.4246663633317
78321,1910.4246663633317
78322,1910.4246663633317
78323,1910.4246663633317
78324,1910.4246663633317
78325,1910.4246663633317
78326,1910.4246663633317
78327,1910.4246663633317
78328,1910.4246663633317
78329,1910.4246663633317
78330,1910.4246663633317
78331,1910.4246663633317
78332,1910.4246663633317
78333,1910.4246663633317
78334,1910.4246663633317
78335,1910.4246663633317
78336,1910.4246663633317
78337,1910.4246663633317
78338,1910.4246663633317
78339,1910.4246663633317
78340,1910.4246663633317
78341,1910.4246663633317
78342,1910.4246663633317
78343,1910.4246663633317
78344,1910.4246663633317
78345,1910.4246663633317
78346,1910.4246663633317
78347,1910.4246663633317
78348,1910.4246663633317
78349,1910.4246663633317
78350,1910.4246663633317
78351,1910.4246663633317
78352,1910.4246663633317
78353,1910.4246663633317
78354,1910.4246663633317
78355,1910.4246663633317
78356,1910.4246663633317
78357,1910.4246663633317
78358,1910.4246663633317
78359,1910.4246663633317
78360,1910.4246663633317
78361,1910.4246663633317
78362,1910.4246663633317
78363,1910.4246663633317
78364,1910.4246663633317
78365,1910.4246663633317
78366,1910.4246663633317
78367,1910.4246663633317
78368,1910.4246663633317
78369,1910.4246663633317
78370,1910.4246663633317
78371,1910.4246663633317
78372,1910.4246663633317
78373,1910.4246663633317
78374,1910.4246663633317
78375,1910.4246663633317
78376,1910.4246663633317
78377,1910.4246663633317
78378,1910.4246663633317
78379,1910.4246663633317
78380,1910.4246663633317
78381,1910.4246663633317
78382,1910.4246663633317
78383,1910.4246663633317
78384,1910.4246663633317
78385,1910.4246663633317
78386,1910.4246663633317
78387,1910.4246663633317
78388,1910.4246663633317
78389,1910.4246663633317
78390,1910.4246663633317
78391,1910.4246663633317
78392,1910.4246663633317
78393,1910.4246663633317
78394,1910.4246663633317
78395,1910.4246663633317
78396,1910.4246663633317
78397,1910.4246663633317
78398,1910.4246663633317
78399,1910.4246663633317
78400,1910.4246663633317
78401,1910.4246663633317
78402,1910.4246663633317
78403,1910.4246663633317
78404,1910.4246663633317
78405,1910.4246663633317
78406,1910.4246663633317
78407,1910.4246663633317
78408,1910.4246663633317
78409,1910.4246663633317
78410,1910.4246663633317
78411,1910.4246663633317
78412,1910.4246663633317
78413,1910.4246663633317
78414,1910.4246663633317
78415,1910.4246663633317
78416,1910.4246663633317
78417,1910.4246663633317
78418,1910.4246663633317
78419,1910.4246663633317
78420,1910.4246663633317
78421,1910.4246663633317
78422,1910.4246663633317
78423,1910.4246663633317
78424,1910.4246663633317
78425,1910.4246663633317
78426,1910.4246663633317
78427,1910.4246663633317
78428,1910.4246663633317
78429,1910.4246663633317
78430,1910.4246663633317
78431,1910.4246663633317
78432,1910.4246663633317
78433,1910.4246663633317
78434,1910.4246663633317
78435,1910.4246663633317
78436,1910.4246663633317
78437,1910.4246663633317
78438,1910.4246663633317
78439,1910.4246663633317
78440,1910.4246663633317
78441,1910.4246663633317
78442,1910.4246663633317
78443,1910.4246663633317
78444,1910.4246663633317
78445,1910.4246663633317
78446,1910.4246663633317
78447,1910.4246663633317
78448,1910.4246663633317
78449,1910.4246663633317
78450,1910.4246663633317
78451,1910.4246663633317
78452,1910.4246663633317
78453,1910.4246663633317
78454,1910.4246663633317
78455,1910.4246663633317
78456,1910.4246663633317
78457,1910.4246663633317
78458,1910.4246663633317
78459,1910.4246663633317
78460,1910.4246663633317
78461,1910.4246663633317
78462,1910.4246663633317
78463,1910.4246663633317
78464,1910.4246663633317
78465,1910.4246663633317
78466,1910.4246663633317
78467,1910.4246663633317
78468,1910.4246663633317
78469,1910.4246663633317
78470,1910.4246663633317
78471,1910.4246663633317
78472,1910.4246663633317
78473,1910.4246663633317
78474,1910.4246663633317
78475,1910.4246663633317
78476,1910.4246663633317
78477,1910.4246663633317
78478,1910.4246663633317
78479,1910.4246663633317
78480,1910.4246663633317
78481,1910.4246663633317
78482,1910.4246663633317
78483,1910.4246663633317
78484,1910.4246663633317
78485,1910.4246663633317
78486,1910.4246663633317
78487,1910.4246663633317
78488,1910.4246663633317
78489,1910.4246663633317
78490,1910.4246663633317
78491,1910.4246663633317
78492,1910.4246663633317
78493,1910.4246663633317
78494,1910.4246663633317
78495,1910.4246663633317
78496,1910.4246663633317
78497,1910.4246663633317
78498,1910.4246663633317
78499,1910.4246663633317
78500,1910.4246663633317
78501,1910.4246663633317
78502,1910.4246663633317
78503,1910.4246663633317
78504,1910.4246663633317
78505,1910.4246663633317
78506,1910.4246663633317
78507,1910.4246663633317
78508,1910.4246663633317
78509,1910.4246663633317
78510,1910.4246663633317
78511,1910.4246663633317
78512,1910.4246663633317
78513,1910.4246663633317
78514,1910.4246663633317
78515,1910.4246663633317
78516,1910.4246663633317
78517,1910.4246663633317
78518,1910.4246663633317
78519,1910.4246663633317
78520,1910.4246663633317
78521,1910.4246663633317
78522,1910.4246663633317
78523,1910.4246663633317
78524,1910.4246663633317
78525,1910.4246663633317
78526,1910.4246663633317
78527,1910.4246663633317
78528,1910.4246663633317
78529,1910.4246663633317
78530,1910.4246663633317
78531,1910.4246663633317
78532,1910.4246663633317
78533,1910.4246663633317
78534,1910.4246663633317
78535,1910.4246663633317
78536,1910.4246663633317
78537,1910.4246663633317
78538,1910.4246663633317
78539,1910.4246663633317
78540,1910.4246663633317
78541,1910.4246663633317
78542,1910.4246663633317
78543,1910.4246663633317
78544,1910.4246663633317
78545,1910.4246663633317
78546,1910.4246663633317
78547,1910.4246663633317
78548,1910.4246663633317
78549,1910.4246663633317
78550,1910.4246663633317
78551,1910.4246663633317
78552,1910.4246663633317
78553,1910.4246663633317
78554,1910.4246663633317
78555,1910.4246663633317
78556,1910.4246663633317
78557,1910.4246663633317
78558,1910.4246663633317
78559,1910.4246663633317
78560,1910.4246663633317
78561,1910.4246663633317
78562,1910.4246663633317
78563,1910.4246663633317
78564,1910.4246663633317
78565,1910.4246663633317
78566,1910.4246663633317
78567,1910.4246663633317
78568,1910.4246663633317
78569,1910.4246663633317
78570,1910.4246663633317
78571,1910.4246663633317
78572,1910.4246663633317
78573,1910.4246663633317
78574,1910.4246663633317
78575,1910.4246663633317
78576,1910.4246663633317
78577,1910.4246663633317
78578,1910.4246663633317
78579,1910.4246663633317
78580,1910.4246663633317
78581,1910.4246663633317
78582,1910.4246663633317
78583,1910.4246663633317
78584,1910.4246663633317
78585,1910.4246663633317
78586,1910.4246663633317
78587,1910.4246663633317
78588,1910.4246663633317
78589,1910.4246663633317
78590,1910.4246663633317
78591,1910.4246663633317
78592,1910.4246663633317
78593,1910.4246663633317
78594,1910.4246663633317
78595,1910.4246663633317
78596,1910.4246663633317
78597,1910.4246663633317
78598,1910.4246663633317
78599,1910.4246663633317
78600,1910.4246663633317
78601,1910.4246663633317
78602,1910.4246663633317
78603,1910.4246663633317
78604,1910.4246663633317
78605,1910.4246663633317
78606,1910.4246663633317
78607,1910.4246663633317
78608,1910.4246663633317
78609,1910.4246663633317
78610,1910.4246663633317
78611,1910.4246663633317
78612,1910.4246663633317
78613,1910.4246663633317
78614,1910.4246663633317
78615,1910.4246663633317
78616,1910.4246663633317
78617,1910.4246663633317
78618,1910.4246663633317
78619,1910.4246663633317
78620,1910.4246663633317
78621,1910.4246663633317
78622,1910.4246663633317
78623,1910.4246663633317
78624,1910.4246663633317
78625,1910.4246663633317
78626,1910.4246663633317
78627,1910.4246663633317
78628,1910.4246663633317
78629,1910.4246663633317
78630,1910.4246663633317
78631,1910.4246663633317
78632,1910.4246663633317
78633,1910.4246663633317
78634,1910.4246663633317
78635,1910.4246663633317
78636,1910.4246663633317
78637,1910.4246663633317
78638,1910.4246663633317
78639,1910.4246663633317
78640,1910.4246663633317
78641,1910.4246663633317
78642,1910.4246663633317
78643,1910.4246663633317
78644,1910.4246663633317
78645,1910.4246663633317
78646,1910.4246663633317
78647,1910.4246663633317
78648,1910.4246663633317
78649,1910.4246663633317
78650,1910.4246663633317
78651,1910.4246663633317
78652,1910.4246663633317
78653,1910.4246663633317
78654,1910.4246663633317
78655,1910.4246663633317
78656,1910.4246663633317
78657,1910.4246663633317
78658,1910.4246663633317
78659,1910.4246663633317
78660,1910.4246663633317
78661,1910.4246663633317
78662,1910.4246663633317
78663,1910.4246663633317
78664,1910.4246663633317
78665,1910.4246663633317
78666,1910.4246663633317
78667,1910.4246663633317
78668,1910.4246663633317
78669,1910.4246663633317
78670,1910.4246663633317
78671,1910.4246663633317
78672,1910.4246663633317
78673,1910.4246663633317
78674,1910.4246663633317
78675,1910.4246663633317
78676,1910.4246663633317
78677,1910.4246663633317
78678,1910.4246663633317
78679,1910.4246663633317
78680,1910.4246663633317
78681,1910.4246663633317
78682,1910.4246663633317
78683,1910.4246663633317
78684,1910.4246663633317
78685,1910.4246663633317
78686,1910.4246663633317
78687,1910.4246663633317
78688,1910.4246663633317
78689,1910.4246663633317
78690,1910.4246663633317
78691,1910.4246663633317
78692,1910.4246663633317
78693,1910.4246663633317
78694,1910.4246663633317
78695,1910.4246663633317
78696,1910.4246663633317
78697,1910.4246663633317
78698,1910.4246663633317
78699,1910.4246663633317
78700,1910.4246663633317
78701,1910.4246663633317
78702,1910.4246663633317
78703,1910.4246663633317
78704,1910.4246663633317
78705,1910.4246663633317
78706,1910.4246663633317
78707,1910.4246663633317
78708,1910.4246663633317
78709,1910.4246663633317
78710,1910.4246663633317
78711,1910.4246663633317
78712,1910.4246663633317
78713,1910.4246663633317
78714,1910.4246663633317
78715,1910.4246663633317
78716,1910.4246663633317
78717,1910.4246663633317
78718,1910.4246663633317
78719,1910.4246663633317
78720,1910.4246663633317
78721,1910.4246663633317
78722,1910.4246663633317
78723,1910.4246663633317
78724,1910.4246663633317
78725,1910.4246663633317
78726,1910.4246663633317
78727,1910.4246663633317
78728,1910.4246663633317
78729,1910.4246663633317
78730,1910.4246663633317
78731,1910.4246663633317
78732,1910.4246663633317
78733,1910.4246663633317
78734,1910.4246663633317
78735,1910.4246663633317
78736,1910.4246663633317
78737,1910.4246663633317
78738,1910.4246663633317
78739,1910.4246663633317
78740,1910.4246663633317
78741,1910.4246663633317
78742,1910.4246663633317
78743,1910.4246663633317
78744,1910.4246663633317
78745,1910.4246663633317
78746,1910.4246663633317
78747,1910.4246663633317
78748,1910.4246663633317
78749,1910.4246663633317
78750,1910.4246663633317
78751,1910.4246663633317
78752,1910.4246663633317
78753,1910.4246663633317
78754,1910.4246663633317
78755,1910.4246663633317
78756,1910.4246663633317
78757,1910.4246663633317
78758,1910.4246663633317
78759,1910.4246663633317
78760,1910.4246663633317
78761,1910.4246663633317
78762,1910.4246663633317
78763,1910.4246663633317
78764,1910.4246663633317
78765,1910.4246663633317
78766,1910.4246663633317
78767,1910.4246663633317
78768,1910.4246663633317
78769,1910.4246663633317
78770,1910.4246663633317
78771,1910.4246663633317
78772,1910.4246663633317
78773,1910.4246663633317
78774,1910.4246663633317
78775,1910.4246663633317
78776,1910.4246663633317
78777,1910.4246663633317
78778,1910.4246663633317
78779,1910.4246663633317
78780,1910.4246663633317
78781,1910.4246663633317
78782,1910.4246663633317
78783,1910.4246663633317
78784,1910.4246663633317
78785,1910.4246663633317
78786,1910.4246663633317
78787,1910.4246663633317
78788,1910.4246663633317
78789,1910.4246663633317
78790,1910.4246663633317
78791,1910.4246663633317
78792,1910.4246663633317
78793,1910.4246663633317
78794,1910.4246663633317
78795,1910.4246663633317
78796,1910.4246663633317
78797,1910.4246663633317
78798,1910.4246663633317
78799,1910.4246663633317
78800,1910.4246663633317
78801,1910.4246663633317
78802,1910.4246663633317
78803,1910.4246663633317
78804,1910.4246663633317
78805,1910.4246663633317
78806,1910.4246663633317
78807,1910.4246663633317
78808,1910.4246663633317
78809,1910.4246663633317
78810,1910.4246663633317
78811,1910.4246663633317
78812,1910.4246663633317
78813,1910.4246663633317
78814,1910.4246663633317
78815,1910.4246663633317
78816,1910.4246663633317
78817,1910.4246663633317
78818,1910.4246663633317
78819,1910.4246663633317
78820,1910.4246663633317
78821,1910.4246663633317
78822,1910.4246663633317
78823,1910.4246663633317
78824,1910.4246663633317
78825,1910.4246663633317
78826,1910.4246663633317
78827,1910.4246663633317
78828,1910.4246663633317
78829,1910.4246663633317
78830,1910.4246663633317
78831,1910.4246663633317
78832,1910.4246663633317
78833,1910.4246663633317
78834,1910.4246663633317
78835,1910.4246663633317
78836,1910.4246663633317
78837,1910.4246663633317
78838,1910.4246663633317
78839,1910.4246663633317
78840,1910.4246663633317
78841,1910.4246663633317
78842,1910.4246663633317
78843,1910.4246663633317
78844,1910.4246663633317
78845,1910.4246663633317
78846,1910.4246663633317
78847,1910.4246663633317
78848,1910.4246663633317
78849,1910.4246663633317
78850,1910.4246663633317
78851,1910.4246663633317
78852,1910.4246663633317
78853,1910.4246663633317
78854,1910.4246663633317
78855,1910.4246663633317
78856,1910.4246663633317
78857,1910.4246663633317
78858,1910.4246663633317
78859,1910.4246663633317
78860,1910.4246663633317
78861,1910.4246663633317
78862,1910.4246663633317
78863,1910.4246663633317
78864,1910.4246663633317
78865,1910.4246663633317
78866,1910.4246663633317
78867,1910.4246663633317
78868,1910.4246663633317
78869,1910.4246663633317
78870,1910.4246663633317
78871,1910.4246663633317
78872,1910.4246663633317
78873,1910.4246663633317
78874,1910.4246663633317
78875,1910.4246663633317
78876,1910.4246663633317
78877,1910.4246663633317
78878,1910.4246663633317
78879,1910.4246663633317
78880,1910.4246663633317
78881,1910.4246663633317
78882,1910.4246663633317
78883,1910.4246663633317
78884,1910.4246663633317
78885,1910.4246663633317
78886,1910.4246663633317
78887,1910.4246663633317
78888,1910.4246663633317
78889,1910.4246663633317
78890,1910.4246663633317
78891,1910.4246663633317
78892,1910.4246663633317
78893,1910.4246663633317
78894,1910.4246663633317
78895,1910.4246663633317
78896,1910.4246663633317
78897,1910.4246663633317
78898,1910.4246663633317
78899,1910.4246663633317
78900,1910.4246663633317
78901,1910.4246663633317
78902,1910.4246663633317
78903,1910.4246663633317
78904,1910.4246663633317
78905,1910.4246663633317
78906,1910.4246663633317
78907,1910.4246663633317
78908,1910.4246663633317
78909,1910.4246663633317
78910,1910.4246663633317
78911,1910.4246663633317
78912,1910.4246663633317
78913,1910.4246663633317
78914,1910.4246663633317
78915,1910.4246663633317
78916,1910.4246663633317
78917,1910.4246663633317
78918,1910.4246663633317
78919,1910.4246663633317
78920,1910.4246663633317
78921,1910.4246663633317
78922,1910.4246663633317
78923,1910.4246663633317
78924,1910.4246663633317
78925,1910.4246663633317
78926,1910.4246663633317
78927,1910.4246663633317
78928,1910.4246663633317
78929,1910.4246663633317
78930,1910.4246663633317
78931,1910.4246663633317
78932,1910.4246663633317
78933,1910.4246663633317
78934,1910.4246663633317
78935,1910.4246663633317
78936,1910.4246663633317
78937,1910.4246663633317
78938,1910.4246663633317
78939,1910.4246663633317
78940,1910.4246663633317
78941,1910.4246663633317
78942,1910.4246663633317
78943,1910.4246663633317
78944,1910.4246663633317
78945,1910.4246663633317
78946,1910.4246663633317
78947,1910.4246663633317
78948,1910.4246663633317
78949,1910.4246663633317
78950,1910.4246663633317
78951,1910.4246663633317
78952,1910.4246663633317
78953,1910.4246663633317
78954,1910.4246663633317
78955,1910.4246663633317
78956,1910.4246663633317
78957,1910.4246663633317
78958,1910.4246663633317
78959,1910.4246663633317
78960,1910.4246663633317
78961,1910.4246663633317
78962,1910.4246663633317
78963,1910.4246663633317
78964,1910.4246663633317
78965,1910.4246663633317
78966,1910.4246663633317
78967,1910.4246663633317
78968,1910.4246663633317
78969,1910.4246663633317
78970,1910.4246663633317
78971,1910.4246663633317
78972,1910.4246663633317
78973,1910.4246663633317
78974,1910.4246663633317
78975,1910.4246663633317
78976,1910.4246663633317
78977,1910.4246663633317
78978,1910.4246663633317
78979,1910.4246663633317
78980,1910.4246663633317
78981,1910.4246663633317
78982,1910.4246663633317
78983,1910.4246663633317
78984,1910.4246663633317
78985,1910.4246663633317
78986,1910.4246663633317
78987,1910.4246663633317
78988,1910.4246663633317
78989,1910.4246663633317
78990,1910.4246663633317
78991,1910.4246663633317
78992,1910.4246663633317
78993,1910.4246663633317
78994,1910.4246663633317
78995,1910.4246663633317
78996,1910.4246663633317
78997,1910.4246663633317
78998,1910.4246663633317
78999,1910.4246663633317
79000,1910.4246663633317
79001,1910.4246663633317
79002,1910.4246663633317
79003,1910.4246663633317
79004,1910.4246663633317
79005,1910.4246663633317
79006,1910.4246663633317
79007,1910.4246663633317
79008,1910.4246663633317
79009,1910.4246663633317
79010,1910.4246663633317
79011,1910.4246663633317
79012,1910.4246663633317
79013,1910.4246663633317
79014,1910.4246663633317
79015,1910.4246663633317
79016,1910.4246663633317
79017,1910.4246663633317
79018,1910.4246663633317
79019,1910.4246663633317
79020,1910.4246663633317
79021,1910.4246663633317
79022,1910.4246663633317
79023,1910.4246663633317
79024,1910.4246663633317
79025,1910.4246663633317
79026,1910.4246663633317
79027,1910.4246663633317
79028,1910.4246663633317
79029,1910.4246663633317
79030,1910.4246663633317
79031,1910.4246663633317
79032,1910.4246663633317
79033,1910.4246663633317
79034,1910.4246663633317
79035,1910.4246663633317
79036,1910.4246663633317
79037,1910.4246663633317
79038,1910.4246663633317
79039,1910.4246663633317
79040,1910.4246663633317
79041,1910.4246663633317
79042,1910.4246663633317
79043,1910.4246663633317
79044,1910.4246663633317
79045,1910.4246663633317
79046,1910.4246663633317
79047,1910.4246663633317
79048,1910.4246663633317
79049,1910.4246663633317
79050,1910.4246663633317
79051,1910.4246663633317
79052,1910.4246663633317
79053,1910.4246663633317
79054,1910.4246663633317
79055,1910.4246663633317
79056,1910.4246663633317
79057,1910.4246663633317
79058,1910.4246663633317
79059,1910.4246663633317
79060,1910.4246663633317
79061,1910.4246663633317
79062,1910.4246663633317
79063,1910.4246663633317
79064,1910.4246663633317
79065,1910.4246663633317
79066,1910.4246663633317
79067,1910.4246663633317
79068,1910.4246663633317
79069,1910.4246663633317
79070,1910.4246663633317
79071,1910.4246663633317
79072,1910.4246663633317
79073,1910.4246663633317
79074,1910.4246663633317
79075,1910.4246663633317
79076,1910.4246663633317
79077,1910.4246663633317
79078,1910.4246663633317
79079,1910.4246663633317
79080,1910.4246663633317
79081,1910.4246663633317
79082,1910.4246663633317
79083,1910.4246663633317
79084,1910.4246663633317
79085,1910.4246663633317
79086,1910.4246663633317
79087,1910.4246663633317
79088,1910.4246663633317
79089,1910.4246663633317
79090,1910.4246663633317
79091,1910.4246663633317
79092,1910.4246663633317
79093,1910.4246663633317
79094,1910.4246663633317
79095,1910.4246663633317
79096,1910.4246663633317
79097,1910.4246663633317
79098,1910.4246663633317
79099,1910.4246663633317
79100,1910.4246663633317
79101,1910.4246663633317
79102,1910.4246663633317
79103,1910.4246663633317
79104,1910.4246663633317
79105,1910.4246663633317
79106,1910.4246663633317
79107,1910.4246663633317
79108,1910.4246663633317
79109,1910.4246663633317
79110,1910.4246663633317
79111,1910.4246663633317
79112,1910.4246663633317
79113,1910.4246663633317
79114,1910.4246663633317
79115,1910.4246663633317
79116,1910.4246663633317
79117,1910.4246663633317
79118,1910.4246663633317
79119,1910.4246663633317
79120,1910.4246663633317
79121,1910.4246663633317
79122,1910.4246663633317
79123,1910.4246663633317
79124,1910.4246663633317
79125,1910.4246663633317
79126,1910.4246663633317
79127,1910.4246663633317
79128,1910.4246663633317
79129,1910.4246663633317
79130,1910.4246663633317
79131,1910.4246663633317
79132,1910.4246663633317
79133,1910.4246663633317
79134,1910.4246663633317
79135,1910.4246663633317
79136,1910.4246663633317
79137,1910.4246663633317
79138,1910.4246663633317
79139,1910.4246663633317
79140,1910.4246663633317
79141,1910.4246663633317
79142,1910.4246663633317
79143,1910.4246663633317
79144,1910.4246663633317
79145,1910.4246663633317
79146,1910.4246663633317
79147,1910.4246663633317
79148,1910.4246663633317
79149,1910.4246663633317
79150,1910.4246663633317
79151,1910.4246663633317
79152,1910.4246663633317
79153,1910.4246663633317
79154,1910.4246663633317
79155,1910.4246663633317
79156,1910.4246663633317
79157,1910.4246663633317
79158,1910.4246663633317
79159,1910.4246663633317
79160,1910.4246663633317
79161,1910.4246663633317
79162,1910.4246663633317
79163,1910.4246663633317
79164,1910.4246663633317
79165,1910.4246663633317
79166,1910.4246663633317
79167,1910.4246663633317
79168,1910.4246663633317
79169,1910.4246663633317
79170,1910.4246663633317
79171,1910.4246663633317
79172,1910.4246663633317
79173,1910.4246663633317
79174,1910.4246663633317
79175,1910.4246663633317
79176,1910.4246663633317
79177,1910.4246663633317
79178,1910.4246663633317
79179,1910.4246663633317
79180,1910.4246663633317
79181,1910.4246663633317
79182,1910.4246663633317
79183,1910.4246663633317
79184,1910.4246663633317
79185,1910.4246663633317
79186,1910.4246663633317
79187,1910.4246663633317
79188,1910.4246663633317
79189,1910.4246663633317
79190,1910.4246663633317
79191,1910.4246663633317
79192,1910.4246663633317
79193,1910.4246663633317
79194,1910.4246663633317
79195,1910.4246663633317
79196,1910.4246663633317
79197,1910.4246663633317
79198,1910.4246663633317
79199,1910.4246663633317
79200,1910.4246663633317
79201,1910.4246663633317
79202,1910.4246663633317
79203,1910.4246663633317
79204,1910.4246663633317
79205,1910.4246663633317
79206,1910.4246663633317
79207,1910.4246663633317
79208,1910.4246663633317
79209,1910.4246663633317
79210,1910.4246663633317
79211,1910.4246663633317
79212,1910.4246663633317
79213,1910.4246663633317
79214,1910.4246663633317
79215,1910.4246663633317
79216,1910.4246663633317
79217,1910.4246663633317
79218,1910.4246663633317
79219,1910.4246663633317
79220,1910.4246663633317
79221,1910.4246663633317
79222,1910.4246663633317
79223,1910.4246663633317
79224,1910.4246663633317
79225,1910.4246663633317
79226,1910.4246663633317
79227,1910.4246663633317
79228,1910.4246663633317
79229,1910.4246663633317
79230,1910.4246663633317
79231,1910.4246663633317
79232,1910.4246663633317
79233,1910.4246663633317
79234,1910.4246663633317
79235,1910.4246663633317
79236,1910.4246663633317
79237,1910.4246663633317
79238,1910.4246663633317
79239,1910.4246663633317
79240,1910.4246663633317
79241,1910.4246663633317
79242,1910.4246663633317
79243,1910.4246663633317
79244,1910.4246663633317
79245,1910.4246663633317
79246,1910.4246663633317
79247,1910.4246663633317
79248,1910.4246663633317
79249,1910.4246663633317
79250,1910.4246663633317
79251,1910.4246663633317
79252,1910.4246663633317
79253,1910.4246663633317
79254,1910.4246663633317
79255,1910.4246663633317
79256,1910.4246663633317
79257,1910.4246663633317
79258,1910.4246663633317
79259,1910.4246663633317
79260,1910.4246663633317
79261,1910.4246663633317
79262,1910.4246663633317
79263,1910.4246663633317
79264,1910.4246663633317
79265,1910.4246663633317
79266,1910.4246663633317
79267,1910.4246663633317
79268,1910.4246663633317
79269,1910.4246663633317
79270,1910.4246663633317
79271,1910.4246663633317
79272,1910.4246663633317
79273,1910.4246663633317
79274,1910.4246663633317
79275,1910.4246663633317
79276,1910.4246663633317
79277,1910.4246663633317
79278,1910.4246663633317
79279,1910.4246663633317
79280,1910.4246663633317
79281,1910.4246663633317
79282,1910.4246663633317
79283,1910.4246663633317
79284,1910.4246663633317
79285,1910.4246663633317
79286,1910.4246663633317
79287,1910.4246663633317
79288,1910.4246663633317
79289,1910.4246663633317
79290,1910.4246663633317
79291,1910.4246663633317
79292,1910.4246663633317
79293,1910.4246663633317
79294,1910.4246663633317
79295,1910.4246663633317
79296,1910.4246663633317
79297,1910.4246663633317
79298,1910.4246663633317
79299,1910.4246663633317
79300,1910.4246663633317
79301,1910.4246663633317
79302,1910.4246663633317
79303,1910.4246663633317
79304,1910.4246663633317
79305,1910.4246663633317
79306,1910.4246663633317
79307,1910.4246663633317
79308,1910.4246663633317
79309,1910.4246663633317
79310,1910.4246663633317
79311,1910.4246663633317
79312,1910.4246663633317
79313,1910.4246663633317
79314,1910.4246663633317
79315,1910.4246663633317
79316,1910.4246663633317
79317,1910.4246663633317
79318,1910.4246663633317
79319,1910.4246663633317
79320,1910.4246663633317
79321,1910.4246663633317
79322,1910.4246663633317
79323,1910.4246663633317
79324,1910.4246663633317
79325,1910.4246663633317
79326,1910.4246663633317
79327,1910.4246663633317
79328,1910.4246663633317
79329,1910.4246663633317
79330,1910.4246663633317
79331,1910.4246663633317
79332,1910.4246663633317
79333,1910.4246663633317
79334,1910.4246663633317
79335,1910.4246663633317
79336,1910.4246663633317
79337,1910.4246663633317
79338,1910.4246663633317
79339,1910.4246663633317
79340,1910.4246663633317
79341,1910.4246663633317
79342,1910.4246663633317
79343,1910.4246663633317
79344,1910.4246663633317
79345,1910.4246663633317
79346,1910.4246663633317
79347,1910.4246663633317
79348,1910.4246663633317
79349,1910.4246663633317
79350,1910.4246663633317
79351,1910.4246663633317
79352,1910.4246663633317
79353,1910.4246663633317
79354,1910.4246663633317
79355,1910.4246663633317
79356,1910.4246663633317
79357,1910.4246663633317
79358,1910.4246663633317
79359,1910.4246663633317
79360,1910.4246663633317
79361,1910.4246663633317
79362,1910.4246663633317
79363,1910.4246663633317
79364,1910.4246663633317
79365,1910.4246663633317
79366,1910.4246663633317
79367,1910.4246663633317
79368,1910.4246663633317
79369,1910.4246663633317
79370,1910.4246663633317
79371,1910.4246663633317
79372,1910.4246663633317
79373,1910.4246663633317
79374,1910.4246663633317
79375,1910.4246663633317
79376,1910.4246663633317
79377,1910.4246663633317
79378,1910.4246663633317
79379,1910.4246663633317
79380,1910.4246663633317
79381,1910.4246663633317
79382,1910.4246663633317
79383,1910.4246663633317
79384,1910.4246663633317
79385,1910.4246663633317
79386,1910.4246663633317
79387,1910.4246663633317
79388,1910.4246663633317
79389,1910.4246663633317
79390,1910.4246663633317
79391,1910.4246663633317
79392,1910.4246663633317
79393,1910.4246663633317
79394,1910.4246663633317
79395,1910.4246663633317
79396,1910.4246663633317
79397,1910.4246663633317
79398,1910.4246663633317
79399,1910.4246663633317
79400,1910.4246663633317
79401,1910.4246663633317
79402,1910.4246663633317
79403,1910.4246663633317
79404,1910.4246663633317
79405,1910.4246663633317
79406,1910.4246663633317
79407,1910.4246663633317
79408,1910.4246663633317
79409,1910.4246663633317
79410,1910.4246663633317
79411,1910.4246663633317
79412,1910.4246663633317
79413,1910.4246663633317
79414,1910.4246663633317
79415,1910.4246663633317
79416,1910.4246663633317
79417,1910.4246663633317
79418,1910.4246663633317
79419,1910.4246663633317
79420,1910.4246663633317
79421,1910.4246663633317
79422,1910.4246663633317
79423,1910.4246663633317
79424,1910.4246663633317
79425,1910.4246663633317
79426,1910.4246663633317
79427,1910.4246663633317
79428,1910.4246663633317
79429,1910.4246663633317
79430,1910.4246663633317
79431,1910.4246663633317
79432,1910.4246663633317
79433,1910.4246663633317
79434,1910.4246663633317
79435,1910.4246663633317
79436,1910.4246663633317
79437,1910.4246663633317
79438,1910.4246663633317
79439,1910.4246663633317
79440,1910.4246663633317
79441,1910.4246663633317
79442,1910.4246663633317
79443,1910.4246663633317
79444,1910.4246663633317
79445,1910.4246663633317
79446,1910.4246663633317
79447,1910.4246663633317
79448,1910.4246663633317
79449,1910.4246663633317
79450,1910.4246663633317
79451,1910.4246663633317
79452,1910.4246663633317
79453,1910.4246663633317
79454,1910.4246663633317
79455,1910.4246663633317
79456,1910.4246663633317
79457,1910.4246663633317
79458,1910.4246663633317
79459,1910.4246663633317
79460,1910.4246663633317
79461,1910.4246663633317
79462,1910.4246663633317
79463,1910.4246663633317
79464,1910.4246663633317
79465,1910.4246663633317
79466,1910.4246663633317
79467,1910.4246663633317
79468,1910.4246663633317
79469,1910.4246663633317
79470,1910.4246663633317
79471,1910.4246663633317
79472,1910.4246663633317
79473,1910.4246663633317
79474,1910.4246663633317
79475,1910.4246663633317
79476,1910.4246663633317
79477,1910.4246663633317
79478,1910.4246663633317
79479,1910.4246663633317
79480,1910.4246663633317
79481,1910.4246663633317
79482,1910.4246663633317
79483,1910.4246663633317
79484,1910.4246663633317
79485,1910.4246663633317
79486,1910.4246663633317
79487,1910.4246663633317
79488,1910.4246663633317
79489,1910.4246663633317
79490,1910.4246663633317
79491,1910.4246663633317
79492,1910.4246663633317
79493,1910.4246663633317
79494,1910.4246663633317
79495,1910.4246663633317
79496,1910.4246663633317
79497,1910.4246663633317
79498,1910.4246663633317
79499,1910.4246663633317
79500,1910.4246663633317
79501,1910.4246663633317
79502,1910.4246663633317
79503,1910.4246663633317
79504,1910.4246663633317
79505,1910.4246663633317
79506,1910.4246663633317
79507,1910.4246663633317
79508,1910.4246663633317
79509,1910.4246663633317
79510,1910.4246663633317
79511,1910.4246663633317
79512,1910.4246663633317
79513,1910.4246663633317
79514,1910.4246663633317
79515,1910.4246663633317
79516,1910.4246663633317
79517,1910.4246663633317
79518,1910.4246663633317
79519,1910.4246663633317
79520,1910.4246663633317
79521,1910.4246663633317
79522,1910.4246663633317
79523,1910.4246663633317
79524,1910.4246663633317
79525,1910.4246663633317
79526,1910.4246663633317
79527,1910.4246663633317
79528,1910.4246663633317
79529,1910.4246663633317
79530,1910.4246663633317
79531,1910.4246663633317
79532,1910.4246663633317
79533,1910.4246663633317
79534,1910.4246663633317
79535,1910.4246663633317
79536,1910.4246663633317
79537,1910.4246663633317
79538,1910.4246663633317
79539,1910.4246663633317
79540,1910.4246663633317
79541,1910.4246663633317
79542,1910.4246663633317
79543,1910.4246663633317
79544,1910.4246663633317
79545,1910.4246663633317
79546,1910.4246663633317
79547,1910.4246663633317
79548,1910.4246663633317
79549,1910.4246663633317
79550,1910.4246663633317
79551,1910.4246663633317
79552,1910.4246663633317
79553,1910.4246663633317
79554,1910.4246663633317
79555,1910.4246663633317
79556,1910.4246663633317
79557,1910.4246663633317
79558,1910.4246663633317
79559,1910.4246663633317
79560,1910.4246663633317
79561,1910.4246663633317
79562,1910.4246663633317
79563,1910.4246663633317
79564,1910.4246663633317
79565,1910.4246663633317
79566,1910.4246663633317
79567,1910.4246663633317
79568,1910.4246663633317
79569,1910.4246663633317
79570,1910.4246663633317
79571,1910.4246663633317
79572,1910.4246663633317
79573,1910.4246663633317
79574,1910.4246663633317
79575,1910.4246663633317
79576,1910.4246663633317
79577,1910.4246663633317
79578,1910.4246663633317
79579,1910.4246663633317
79580,1910.4246663633317
79581,1910.4246663633317
79582,1910.4246663633317
79583,1910.4246663633317
79584,1910.4246663633317
79585,1910.4246663633317
79586,1910.4246663633317
79587,1910.4246663633317
79588,1910.4246663633317
79589,1910.4246663633317
79590,1910.4246663633317
79591,1910.4246663633317
79592,1910.4246663633317
79593,1910.4246663633317
79594,1910.4246663633317
79595,1910.4246663633317
79596,1910.4246663633317
79597,1910.4246663633317
79598,1910.4246663633317
79599,1910.4246663633317
79600,1910.4246663633317
79601,1910.4246663633317
79602,1910.4246663633317
79603,1910.4246663633317
79604,1910.4246663633317
79605,1910.4246663633317
79606,1910.4246663633317
79607,1910.4246663633317
79608,1910.4246663633317
79609,1910.4246663633317
79610,1910.4246663633317
79611,1910.4246663633317
79612,1910.4246663633317
79613,1910.4246663633317
79614,1910.4246663633317
79615,1910.4246663633317
79616,1910.4246663633317
79617,1910.4246663633317
79618,1910.4246663633317
79619,1910.4246663633317
79620,1910.4246663633317
79621,1910.4246663633317
79622,1910.4246663633317
79623,1910.4246663633317
79624,1910.4246663633317
79625,1910.4246663633317
79626,1910.4246663633317
79627,1910.4246663633317
79628,1910.4246663633317
79629,1910.4246663633317
79630,1910.4246663633317
79631,1910.4246663633317
79632,1910.4246663633317
79633,1910.4246663633317
79634,1910.4246663633317
79635,1910.4246663633317
79636,1910.4246663633317
79637,1910.4246663633317
79638,1910.4246663633317
79639,1910.4246663633317
79640,1910.4246663633317
79641,1910.4246663633317
79642,1910.4246663633317
79643,1910.4246663633317
79644,1910.4246663633317
79645,1910.4246663633317
79646,1910.4246663633317
79647,1910.4246663633317
79648,1910.4246663633317
79649,1910.4246663633317
79650,1910.4246663633317
79651,1910.4246663633317
79652,1910.4246663633317
79653,1910.4246663633317
79654,1910.4246663633317
79655,1910.4246663633317
79656,1910.4246663633317
79657,1910.4246663633317
79658,1910.4246663633317
79659,1910.4246663633317
79660,1910.4246663633317
79661,1910.4246663633317
79662,1910.4246663633317
79663,1910.4246663633317
79664,1910.4246663633317
79665,1910.4246663633317
79666,1910.4246663633317
79667,1910.4246663633317
79668,1910.4246663633317
79669,1910.4246663633317
79670,1910.4246663633317
79671,1910.4246663633317
79672,1910.4246663633317
79673,1910.4246663633317
79674,1910.4246663633317
79675,1910.4246663633317
79676,1910.4246663633317
79677,1910.4246663633317
79678,1910.4246663633317
79679,1910.4246663633317
79680,1910.4246663633317
79681,1910.4246663633317
79682,1910.4246663633317
79683,1910.4246663633317
79684,1910.4246663633317
79685,1910.4246663633317
79686,1910.4246663633317
79687,1910.4246663633317
79688,1910.4246663633317
79689,1910.4246663633317
79690,1910.4246663633317
79691,1910.4246663633317
79692,1910.4246663633317
79693,1910.4246663633317
79694,1910.4246663633317
79695,1910.4246663633317
79696,1910.4246663633317
79697,1910.4246663633317
79698,1910.4246663633317
79699,1910.4246663633317
79700,1910.4246663633317
79701,1910.4246663633317
79702,1910.4246663633317
79703,1910.4246663633317
79704,1910.4246663633317
79705,1910.4246663633317
79706,1910.4246663633317
79707,1910.4246663633317
79708,1910.4246663633317
79709,1910.4246663633317
79710,1910.4246663633317
79711,1910.4246663633317
79712,1910.4246663633317
79713,1910.4246663633317
79714,1910.4246663633317
79715,1910.4246663633317
79716,1910.4246663633317
79717,1910.4246663633317
79718,1910.4246663633317
79719,1910.4246663633317
79720,1910.4246663633317
79721,1910.4246663633317
79722,1910.4246663633317
79723,1910.4246663633317
79724,1910.4246663633317
79725,1910.4246663633317
79726,1910.4246663633317
79727,1910.4246663633317
79728,1910.4246663633317
79729,1910.4246663633317
79730,1910.4246663633317
79731,1910.4246663633317
79732,1910.4246663633317
79733,1910.4246663633317
79734,1910.4246663633317
79735,1910.4246663633317
79736,1910.4246663633317
79737,1910.4246663633317
79738,1910.4246663633317
79739,1910.4246663633317
79740,1910.4246663633317
79741,1910.4246663633317
79742,1910.4246663633317
79743,1910.4246663633317
79744,1910.4246663633317
79745,1910.4246663633317
79746,1910.4246663633317
79747,1910.4246663633317
79748,1910.4246663633317
79749,1910.4246663633317
79750,1910.4246663633317
79751,1910.4246663633317
79752,1910.4246663633317
79753,1910.4246663633317
79754,1910.4246663633317
79755,1910.4246663633317
79756,1910.4246663633317
79757,1910.4246663633317
79758,1910.4246663633317
79759,1910.4246663633317
79760,1910.4246663633317
79761,1910.4246663633317
79762,1910.4246663633317
79763,1910.4246663633317
79764,1910.4246663633317
79765,1910.4246663633317
79766,1910.4246663633317
79767,1910.4246663633317
79768,1910.4246663633317
79769,1910.4246663633317
79770,1910.4246663633317
79771,1910.4246663633317
79772,1910.4246663633317
79773,1910.4246663633317
79774,1910.4246663633317
79775,1910.4246663633317
79776,1910.4246663633317
79777,1910.4246663633317
79778,1910.4246663633317
79779,1910.4246663633317
79780,1910.4246663633317
79781,1910.4246663633317
79782,1910.4246663633317
79783,1910.4246663633317
79784,1910.4246663633317
79785,1910.4246663633317
79786,1910.4246663633317
79787,1910.4246663633317
79788,1910.4246663633317
79789,1910.4246663633317
79790,1910.4246663633317
79791,1910.4246663633317
79792,1910.4246663633317
79793,1910.4246663633317
79794,1910.4246663633317
79795,1910.4246663633317
79796,1910.4246663633317
79797,1910.4246663633317
79798,1910.4246663633317
79799,1910.4246663633317
79800,1910.4246663633317
79801,1910.4246663633317
79802,1910.4246663633317
79803,1910.4246663633317
79804,1910.4246663633317
79805,1910.4246663633317
79806,1910.4246663633317
79807,1910.4246663633317
79808,1910.4246663633317
79809,1910.4246663633317
79810,1910.4246663633317
79811,1910.4246663633317
79812,1910.4246663633317
79813,1910.4246663633317
79814,1910.4246663633317
79815,1910.4246663633317
79816,1910.4246663633317
79817,1910.4246663633317
79818,1910.4246663633317
79819,1910.4246663633317
79820,1910.4246663633317
79821,1910.4246663633317
79822,1910.4246663633317
79823,1910.4246663633317
79824,1910.4246663633317
79825,1910.4246663633317
79826,1910.4246663633317
79827,1910.4246663633317
79828,1910.4246663633317
79829,1910.4246663633317
79830,1910.4246663633317
79831,1910.4246663633317
79832,1910.4246663633317
79833,1910.4246663633317
79834,1910.4246663633317
79835,1910.4246663633317
79836,1910.4246663633317
79837,1910.4246663633317
79838,1910.4246663633317
79839,1910.4246663633317
79840,1910.4246663633317
79841,1910.4246663633317
79842,1910.4246663633317
79843,1910.4246663633317
79844,1910.4246663633317
79845,1910.4246663633317
79846,1910.4246663633317
79847,1910.4246663633317
79848,1910.4246663633317
79849,1910.4246663633317
79850,1910.4246663633317
79851,1910.4246663633317
79852,1910.4246663633317
79853,1910.4246663633317
79854,1910.4246663633317
79855,1910.4246663633317
79856,1910.4246663633317
79857,1910.4246663633317
79858,1910.4246663633317
79859,1910.4246663633317
79860,1910.4246663633317
79861,1910.4246663633317
79862,1910.4246663633317
79863,1910.4246663633317
79864,1910.4246663633317
79865,1910.4246663633317
79866,1910.4246663633317
79867,1910.4246663633317
79868,1910.4246663633317
79869,1910.4246663633317
79870,1910.4246663633317
79871,1910.4246663633317
79872,1910.4246663633317
79873,1910.4246663633317
79874,1910.4246663633317
79875,1910.4246663633317
79876,1910.4246663633317
79877,1910.4246663633317
79878,1910.4246663633317
79879,1910.4246663633317
79880,1910.4246663633317
79881,1910.4246663633317
79882,1910.4246663633317
79883,1910.4246663633317
79884,1910.4246663633317
79885,1910.4246663633317
79886,1910.4246663633317
79887,1910.4246663633317
79888,1910.4246663633317
79889,1910.4246663633317
79890,1910.4246663633317
79891,1910.4246663633317
79892,1910.4246663633317
79893,1910.4246663633317
79894,1910.4246663633317
79895,1910.4246663633317
79896,1910.4246663633317
79897,1910.4246663633317
79898,1910.4246663633317
79899,1910.4246663633317
79900,1910.4246663633317
79901,1910.4246663633317
79902,1910.4246663633317
79903,1910.4246663633317
79904,1910.4246663633317
79905,1910.4246663633317
79906,1910.4246663633317
79907,1910.4246663633317
79908,1910.4246663633317
79909,1910.4246663633317
79910,1910.4246663633317
79911,1910.4246663633317
79912,1910.4246663633317
79913,1910.4246663633317
79914,1910.4246663633317
79915,1910.4246663633317
79916,1910.4246663633317
79917,1910.4246663633317
79918,1910.4246663633317
79919,1910.4246663633317
79920,1910.4246663633317
79921,1910.4246663633317
79922,1910.4246663633317
79923,1910.4246663633317
79924,1910.4246663633317
79925,1910.4246663633317
79926,1910.4246663633317
79927,1910.4246663633317
79928,1910.4246663633317
79929,1910.4246663633317
79930,1910.4246663633317
79931,1910.4246663633317
79932,1910.4246663633317
79933,1910.4246663633317
79934,1910.4246663633317
79935,1910.4246663633317
79936,1910.4246663633317
79937,1910.4246663633317
79938,1910.4246663633317
79939,1910.4246663633317
79940,1910.4246663633317
79941,1910.4246663633317
79942,1910.4246663633317
79943,1910.4246663633317
79944,1910.4246663633317
79945,1910.4246663633317
79946,1910.4246663633317
79947,1910.4246663633317
79948,1910.4246663633317
79949,1910.4246663633317
79950,1910.4246663633317
79951,1910.4246663633317
79952,1910.4246663633317
79953,1910.4246663633317
79954,1910.4246663633317
79955,1910.4246663633317
79956,1910.4246663633317
79957,1910.4246663633317
79958,1910.4246663633317
79959,1910.4246663633317
79960,1910.4246663633317
79961,1910.4246663633317
79962,1910.4246663633317
79963,1910.4246663633317
79964,1910.4246663633317
79965,1910.4246663633317
79966,1910.4246663633317
79967,1910.4246663633317
79968,1910.4246663633317
79969,1910.4246663633317
79970,1910.4246663633317
79971,1910.4246663633317
79972,1910.4246663633317
79973,1910.4246663633317
79974,1910.4246663633317
79975,1910.4246663633317
79976,1910.4246663633317
79977,1910.4246663633317
79978,1910.4246663633317
79979,1910.4246663633317
79980,1910.4246663633317
79981,1910.4246663633317
79982,1910.4246663633317
79983,1910.4246663633317
79984,1910.4246663633317
79985,1910.4246663633317
79986,1910.4246663633317
79987,1910.4246663633317
79988,1910.4246663633317
79989,1910.4246663633317
79990,1910.4246663633317
79991,1910.4246663633317
79992,1910.4246663633317
79993,1910.4246663633317
79994,1910.4246663633317
79995,1910.4246663633317
79996,1910.4246663633317
79997,1910.4246663633317
79998,1910.4246663633317
79999,1910.4246663633317
80000,1910.4246663633317
80001,1910.4246663633317
80002,1910.4246663633317
80003,1910.4246663633317
80004,1910.4246663633317
80005,1910.4246663633317
80006,1910.4246663633317
80007,1910.4246663633317
80008,1910.4246663633317
80009,1910.4246663633317
80010,1910.4246663633317
80011,1910.4246663633317
80012,1910.4246663633317
80013,1910.4246663633317
80014,1910.4246663633317
80015,1910.4246663633317
80016,1910.4246663633317
80017,1910.4246663633317
80018,1910.4246663633317
80019,1910.4246663633317
80020,1910.4246663633317
80021,1910.4246663633317
80022,1910.4246663633317
80023,1910.4246663633317
80024,1910.4246663633317
80025,1910.4246663633317
80026,1910.4246663633317
80027,1910.4246663633317
80028,1910.4246663633317
80029,1910.4246663633317
80030,1910.4246663633317
80031,1910.4246663633317
80032,1910.4246663633317
80033,1910.4246663633317
80034,1910.4246663633317
80035,1910.4246663633317
80036,1910.4246663633317
80037,1910.4246663633317
80038,1910.4246663633317
80039,1910.4246663633317
80040,1910.4246663633317
80041,1910.4246663633317
80042,1910.4246663633317
80043,1910.4246663633317
80044,1910.4246663633317
80045,1910.4246663633317
80046,1910.4246663633317
80047,1910.4246663633317
80048,1910.4246663633317
80049,1910.4246663633317
80050,1910.4246663633317
80051,1910.4246663633317
80052,1910.4246663633317
80053,1910.4246663633317
80054,1910.4246663633317
80055,1910.4246663633317
80056,1910.4246663633317
80057,1910.4246663633317
80058,1910.4246663633317
80059,1910.4246663633317
80060,1910.4246663633317
80061,1910.4246663633317
80062,1910.4246663633317
80063,1910.4246663633317
80064,1910.4246663633317
80065,1910.4246663633317
80066,1910.4246663633317
80067,1910.4246663633317
80068,1910.4246663633317
80069,1910.4246663633317
80070,1910.4246663633317
80071,1910.4246663633317
80072,1910.4246663633317
80073,1910.4246663633317
80074,1910.4246663633317
80075,1910.4246663633317
80076,1910.4246663633317
80077,1910.4246663633317
80078,1910.4246663633317
80079,1910.4246663633317
80080,1910.4246663633317
80081,1910.4246663633317
80082,1910.4246663633317
80083,1910.4246663633317
80084,1910.4246663633317
80085,1910.4246663633317
80086,1910.4246663633317
80087,1910.4246663633317
80088,1910.4246663633317
80089,1910.4246663633317
80090,1910.4246663633317
80091,1910.4246663633317
80092,1910.4246663633317
80093,1910.4246663633317
80094,1910.4246663633317
80095,1910.4246663633317
80096,1910.4246663633317
80097,1910.4246663633317
80098,1910.4246663633317
80099,1910.4246663633317
80100,1910.4246663633317
80101,1910.4246663633317
80102,1910.4246663633317
80103,1910.4246663633317
80104,1910.4246663633317
80105,1910.4246663633317
80106,1910.4246663633317
80107,1910.4246663633317
80108,1910.4246663633317
80109,1910.4246663633317
80110,1910.4246663633317
80111,1910.4246663633317
80112,1910.4246663633317
80113,1910.4246663633317
80114,1910.4246663633317
80115,1910.4246663633317
80116,1910.4246663633317
80117,1910.4246663633317
80118,1910.4246663633317
80119,1910.4246663633317
80120,1910.4246663633317
80121,1910.4246663633317
80122,1910.4246663633317
80123,1910.4246663633317
80124,1910.4246663633317
80125,1910.4246663633317
80126,1910.4246663633317
80127,1910.4246663633317
80128,1910.4246663633317
80129,1910.4246663633317
80130,1910.4246663633317
80131,1910.4246663633317
80132,1910.4246663633317
80133,1910.4246663633317
80134,1910.4246663633317
80135,1910.4246663633317
80136,1910.4246663633317
80137,1910.4246663633317
80138,1910.4246663633317
80139,1910.4246663633317
80140,1910.4246663633317
80141,1910.4246663633317
80142,1910.4246663633317
80143,1910.4246663633317
80144,1910.4246663633317
80145,1910.4246663633317
80146,1910.4246663633317
80147,1910.4246663633317
80148,1910.4246663633317
80149,1910.4246663633317
80150,1910.4246663633317
80151,1910.4246663633317
80152,1910.4246663633317
80153,1910.4246663633317
80154,1910.4246663633317
80155,1910.4246663633317
80156,1910.4246663633317
80157,1910.4246663633317
80158,1910.4246663633317
80159,1910.4246663633317
80160,1910.4246663633317
80161,1910.4246663633317
80162,1910.4246663633317
80163,1910.4246663633317
80164,1910.4246663633317
80165,1910.4246663633317
80166,1910.4246663633317
80167,1910.4246663633317
80168,1910.4246663633317
80169,1910.4246663633317
80170,1910.4246663633317
80171,1910.4246663633317
80172,1910.4246663633317
80173,1910.4246663633317
80174,1910.4246663633317
80175,1910.4246663633317
80176,1910.4246663633317
80177,1910.4246663633317
80178,1910.4246663633317
80179,1910.4246663633317
80180,1910.4246663633317
80181,1910.4246663633317
80182,1910.4246663633317
80183,1910.4246663633317
80184,1910.4246663633317
80185,1910.4246663633317
80186,1910.4246663633317
80187,1910.4246663633317
80188,1910.4246663633317
80189,1910.4246663633317
80190,1910.4246663633317
80191,1910.4246663633317
80192,1910.4246663633317
80193,1910.4246663633317
80194,1910.4246663633317
80195,1910.4246663633317
80196,1910.4246663633317
80197,1910.4246663633317
80198,1910.4246663633317
80199,1910.4246663633317
80200,1910.4246663633317
80201,1910.4246663633317
80202,1910.4246663633317
80203,1910.4246663633317
80204,1910.4246663633317
80205,1910.4246663633317
80206,1910.4246663633317
80207,1910.4246663633317
80208,1910.4246663633317
80209,1910.4246663633317
80210,1910.4246663633317
80211,1910.4246663633317
80212,1910.4246663633317
80213,1910.4246663633317
80214,1910.4246663633317
80215,1910.4246663633317
80216,1910.4246663633317
80217,1910.4246663633317
80218,1910.4246663633317
80219,1910.4246663633317
80220,1910.4246663633317
80221,1910.4246663633317
80222,1910.4246663633317
80223,1910.4246663633317
80224,1910.4246663633317
80225,1910.4246663633317
80226,1910.4246663633317
80227,1910.4246663633317
80228,1910.4246663633317
80229,1910.4246663633317
80230,1910.4246663633317
80231,1910.4246663633317
80232,1910.4246663633317
80233,1910.4246663633317
80234,1910.4246663633317
80235,1910.4246663633317
80236,1910.4246663633317
80237,1910.4246663633317
80238,1910.4246663633317
80239,1910.4246663633317
80240,1910.4246663633317
80241,1910.4246663633317
80242,1910.4246663633317
80243,1910.4246663633317
80244,1910.4246663633317
80245,1910.4246663633317
80246,1910.4246663633317
80247,1910.4246663633317
80248,1910.4246663633317
80249,1910.4246663633317
80250,1910.4246663633317
80251,1910.4246663633317
80252,1910.4246663633317
80253,1910.4246663633317
80254,1910.4246663633317
80255,1910.4246663633317
80256,1910.4246663633317
80257,1910.4246663633317
80258,1910.4246663633317
80259,1910.4246663633317
80260,1910.4246663633317
80261,1910.4246663633317
80262,1910.4246663633317
80263,1910.4246663633317
80264,1910.4246663633317
80265,1910.4246663633317
80266,1910.4246663633317
80267,1910.4246663633317
80268,1910.4246663633317
80269,1910.4246663633317
80270,1910.4246663633317
80271,1910.4246663633317
80272,1910.4246663633317
80273,1910.4246663633317
80274,1910.4246663633317
80275,1910.4246663633317
80276,1910.4246663633317
80277,1910.4246663633317
80278,1910.4246663633317
80279,1910.4246663633317
80280,1910.4246663633317
80281,1910.4246663633317
80282,1910.4246663633317
80283,1910.4246663633317
80284,1910.4246663633317
80285,1910.4246663633317
80286,1910.4246663633317
80287,1910.4246663633317
80288,1910.4246663633317
80289,1910.4246663633317
80290,1910.4246663633317
80291,1910.4246663633317
80292,1910.4246663633317
80293,1910.4246663633317
80294,1910.4246663633317
80295,1910.4246663633317
80296,1910.4246663633317
80297,1910.4246663633317
80298,1910.4246663633317
80299,1910.4246663633317
80300,1910.4246663633317
80301,1910.4246663633317
80302,1910.4246663633317
80303,1910.4246663633317
80304,1910.4246663633317
80305,1910.4246663633317
80306,1910.4246663633317
80307,1910.4246663633317
80308,1910.4246663633317
80309,1910.4246663633317
80310,1910.4246663633317
80311,1910.4246663633317
80312,1910.4246663633317
80313,1910.4246663633317
80314,1910.4246663633317
80315,1910.4246663633317
80316,1910.4246663633317
80317,1910.4246663633317
80318,1910.4246663633317
80319,1910.4246663633317
80320,1910.4246663633317
80321,1910.4246663633317
80322,1910.4246663633317
80323,1910.4246663633317
80324,1910.4246663633317
80325,1910.4246663633317
80326,1910.4246663633317
80327,1910.4246663633317
80328,1910.4246663633317
80329,1910.4246663633317
80330,1910.4246663633317
80331,1910.4246663633317
80332,1910.4246663633317
80333,1910.4246663633317
80334,1910.4246663633317
80335,1910.4246663633317
80336,1910.4246663633317
80337,1910.4246663633317
80338,1910.4246663633317
80339,1910.4246663633317
80340,1910.4246663633317
80341,1910.4246663633317
80342,1910.4246663633317
80343,1910.4246663633317
80344,1910.4246663633317
80345,1910.4246663633317
80346,1910.4246663633317
80347,1910.4246663633317
80348,1910.4246663633317
80349,1910.4246663633317
80350,1910.4246663633317
80351,1910.4246663633317
80352,1910.4246663633317
80353,1910.4246663633317
80354,1910.4246663633317
80355,1910.4246663633317
80356,1910.4246663633317
80357,1910.4246663633317
80358,1910.4246663633317
80359,1910.4246663633317
80360,1910.4246663633317
80361,1910.4246663633317
80362,1910.4246663633317
80363,1910.4246663633317
80364,1910.4246663633317
80365,1910.4246663633317
80366,1910.4246663633317
80367,1910.4246663633317
80368,1910.4246663633317
80369,1910.4246663633317
80370,1910.4246663633317
80371,1910.4246663633317
80372,1910.4246663633317
80373,1910.4246663633317
80374,1910.4246663633317
80375,1910.4246663633317
80376,1910.4246663633317
80377,1910.4246663633317
80378,1910.4246663633317
80379,1910.4246663633317
80380,1910.4246663633317
80381,1910.4246663633317
80382,1910.4246663633317
80383,1910.4246663633317
80384,1910.4246663633317
80385,1910.4246663633317
80386,1910.4246663633317
80387,1910.4246663633317
80388,1910.4246663633317
80389,1910.4246663633317
80390,1910.4246663633317
80391,1910.4246663633317
80392,1910.4246663633317
80393,1910.4246663633317
80394,1910.4246663633317
80395,1910.4246663633317
80396,1910.4246663633317
80397,1910.4246663633317
80398,1910.4246663633317
80399,1910.4246663633317
80400,1910.4246663633317
80401,1910.4246663633317
80402,1910.4246663633317
80403,1910.4246663633317
80404,1910.4246663633317
80405,1910.4246663633317
80406,1910.4246663633317
80407,1910.4246663633317
80408,1910.4246663633317
80409,1910.4246663633317
80410,1910.4246663633317
80411,1910.4246663633317
80412,1910.4246663633317
80413,1910.4246663633317
80414,1910.4246663633317
80415,1910.4246663633317
80416,1910.4246663633317
80417,1910.4246663633317
80418,1910.4246663633317
80419,1910.4246663633317
80420,1910.4246663633317
80421,1910.4246663633317
80422,1910.4246663633317
80423,1910.4246663633317
80424,1910.4246663633317
80425,1910.4246663633317
80426,1910.4246663633317
80427,1910.4246663633317
80428,1910.4246663633317
80429,1910.4246663633317
80430,1910.4246663633317
80431,1910.4246663633317
80432,1910.4246663633317
80433,1910.4246663633317
80434,1910.4246663633317
80435,1910.4246663633317
80436,1910.4246663633317
80437,1910.4246663633317
80438,1910.4246663633317
80439,1910.4246663633317
80440,1910.4246663633317
80441,1910.4246663633317
80442,1910.4246663633317
80443,1910.4246663633317
80444,1910.4246663633317
80445,1910.4246663633317
80446,1910.4246663633317
80447,1910.4246663633317
80448,1910.4246663633317
80449,1910.4246663633317
80450,1910.4246663633317
80451,1910.4246663633317
80452,1910.4246663633317
80453,1910.4246663633317
80454,1910.4246663633317
80455,1910.4246663633317
80456,1910.4246663633317
80457,1910.4246663633317
80458,1910.4246663633317
80459,1910.4246663633317
80460,1910.4246663633317
80461,1910.4246663633317
80462,1910.4246663633317
80463,1910.4246663633317
80464,1910.4246663633317
80465,1910.4246663633317
80466,1910.4246663633317
80467,1910.4246663633317
80468,1910.4246663633317
80469,1910.4246663633317
80470,1910.4246663633317
80471,1910.4246663633317
80472,1910.4246663633317
80473,1910.4246663633317
80474,1910.4246663633317
80475,1910.4246663633317
80476,1910.4246663633317
80477,1910.4246663633317
80478,1910.4246663633317
80479,1910.4246663633317
80480,1910.4246663633317
80481,1910.4246663633317
80482,1910.4246663633317
80483,1910.4246663633317
80484,1910.4246663633317
80485,1910.4246663633317
80486,1910.4246663633317
80487,1910.4246663633317
80488,1910.4246663633317
80489,1910.4246663633317
80490,1910.4246663633317
80491,1910.4246663633317
80492,1910.4246663633317
80493,1910.4246663633317
80494,1910.4246663633317
80495,1910.4246663633317
80496,1910.4246663633317
80497,1910.4246663633317
80498,1910.4246663633317
80499,1910.4246663633317
80500,1910.4246663633317
80501,1910.4246663633317
80502,1910.4246663633317
80503,1910.4246663633317
80504,1910.4246663633317
80505,1910.4246663633317
80506,1910.4246663633317
80507,1910.4246663633317
80508,1910.4246663633317
80509,1910.4246663633317
80510,1910.4246663633317
80511,1910.4246663633317
80512,1910.4246663633317
80513,1910.4246663633317
80514,1910.4246663633317
80515,1910.4246663633317
80516,1910.4246663633317
80517,1910.4246663633317
80518,1910.4246663633317
80519,1910.4246663633317
80520,1910.4246663633317
80521,1910.4246663633317
80522,1910.4246663633317
80523,1910.4246663633317
80524,1910.4246663633317
80525,1910.4246663633317
80526,1910.4246663633317
80527,1910.4246663633317
80528,1910.4246663633317
80529,1910.4246663633317
80530,1910.4246663633317
80531,1910.4246663633317
80532,1910.4246663633317
80533,1910.4246663633317
80534,1910.4246663633317
80535,1910.4246663633317
80536,1910.4246663633317
80537,1910.4246663633317
80538,1910.4246663633317
80539,1910.4246663633317
80540,1910.4246663633317
80541,1910.4246663633317
80542,1910.4246663633317
80543,1910.4246663633317
80544,1910.4246663633317
80545,1910.4246663633317
80546,1910.4246663633317
80547,1910.4246663633317
80548,1910.4246663633317
80549,1910.4246663633317
80550,1910.4246663633317
80551,1910.4246663633317
80552,1910.4246663633317
80553,1910.4246663633317
80554,1910.4246663633317
80555,1910.4246663633317
80556,1910.4246663633317
80557,1910.4246663633317
80558,1910.4246663633317
80559,1910.4246663633317
80560,1910.4246663633317
80561,1910.4246663633317
80562,1910.4246663633317
80563,1910.4246663633317
80564,1910.4246663633317
80565,1910.4246663633317
80566,1910.4246663633317
80567,1910.4246663633317
80568,1910.4246663633317
80569,1910.4246663633317
80570,1910.4246663633317
80571,1910.4246663633317
80572,1910.4246663633317
80573,1910.4246663633317
80574,1910.4246663633317
80575,1910.4246663633317
80576,1910.4246663633317
80577,1910.4246663633317
80578,1910.4246663633317
80579,1910.4246663633317
80580,1910.4246663633317
80581,1910.4246663633317
80582,1910.4246663633317
80583,1910.4246663633317
80584,1910.4246663633317
80585,1910.4246663633317
80586,1910.4246663633317
80587,1910.4246663633317
80588,1910.4246663633317
80589,1910.4246663633317
80590,1910.4246663633317
80591,1910.4246663633317
80592,1910.4246663633317
80593,1910.4246663633317
80594,1910.4246663633317
80595,1910.4246663633317
80596,1910.4246663633317
80597,1910.4246663633317
80598,1910.4246663633317
80599,1910.4246663633317
80600,1910.4246663633317
80601,1910.4246663633317
80602,1910.4246663633317
80603,1910.4246663633317
80604,1910.4246663633317
80605,1910.4246663633317
80606,1910.4246663633317
80607,1910.4246663633317
80608,1910.4246663633317
80609,1910.4246663633317
80610,1910.4246663633317
80611,1910.4246663633317
80612,1910.4246663633317
80613,1910.4246663633317
80614,1910.4246663633317
80615,1910.4246663633317
80616,1910.4246663633317
80617,1910.4246663633317
80618,1910.4246663633317
80619,1910.4246663633317
80620,1910.4246663633317
80621,1910.4246663633317
80622,1910.4246663633317
80623,1910.4246663633317
80624,1910.4246663633317
80625,1910.4246663633317
80626,1910.4246663633317
80627,1910.4246663633317
80628,1910.4246663633317
80629,1910.4246663633317
80630,1910.4246663633317
80631,1910.4246663633317
80632,1910.4246663633317
80633,1910.4246663633317
80634,1910.4246663633317
80635,1910.4246663633317
80636,1910.4246663633317
80637,1910.4246663633317
80638,1910.4246663633317
80639,1910.4246663633317
80640,1910.4246663633317
80641,1910.4246663633317
80642,1910.4246663633317
80643,1910.4246663633317
80644,1910.4246663633317
80645,1910.4246663633317
80646,1910.4246663633317
80647,1910.4246663633317
80648,1910.4246663633317
80649,1910.4246663633317
80650,1910.4246663633317
80651,1910.4246663633317
80652,1910.4246663633317
80653,1910.4246663633317
80654,1910.4246663633317
80655,1910.4246663633317
80656,1910.4246663633317
80657,1910.4246663633317
80658,1910.4246663633317
80659,1910.4246663633317
80660,1910.4246663633317
80661,1910.4246663633317
80662,1910.4246663633317
80663,1910.4246663633317
80664,1910.4246663633317
80665,1910.4246663633317
80666,1910.4246663633317
80667,1910.4246663633317
80668,1910.4246663633317
80669,1910.4246663633317
80670,1910.4246663633317
80671,1910.4246663633317
80672,1910.4246663633317
80673,1910.4246663633317
80674,1910.4246663633317
80675,1910.4246663633317
80676,1910.4246663633317
80677,1910.4246663633317
80678,1910.4246663633317
80679,1910.4246663633317
80680,1910.4246663633317
80681,1910.4246663633317
80682,1910.4246663633317
80683,1910.4246663633317
80684,1910.4246663633317
80685,1910.4246663633317
80686,1910.4246663633317
80687,1910.4246663633317
80688,1910.4246663633317
80689,1910.4246663633317
80690,1910.4246663633317
80691,1910.4246663633317
80692,1910.4246663633317
80693,1910.4246663633317
80694,1910.4246663633317
80695,1910.4246663633317
80696,1910.4246663633317
80697,1910.4246663633317
80698,1910.4246663633317
80699,1910.4246663633317
80700,1910.4246663633317
80701,1910.4246663633317
80702,1910.4246663633317
80703,1910.4246663633317
80704,1910.4246663633317
80705,1910.4246663633317
80706,1910.4246663633317
80707,1910.4246663633317
80708,1910.4246663633317
80709,1910.4246663633317
80710,1910.4246663633317
80711,1910.4246663633317
80712,1910.4246663633317
80713,1910.4246663633317
80714,1910.4246663633317
80715,1910.4246663633317
80716,1910.4246663633317
80717,1910.4246663633317
80718,1910.4246663633317
80719,1910.4246663633317
80720,1910.4246663633317
80721,1910.4246663633317
80722,1910.4246663633317
80723,1910.4246663633317
80724,1910.4246663633317
80725,1910.4246663633317
80726,1910.4246663633317
80727,1910.4246663633317
80728,1910.4246663633317
80729,1910.4246663633317
80730,1910.4246663633317
80731,1910.4246663633317
80732,1910.4246663633317
80733,1910.4246663633317
80734,1910.4246663633317
80735,1910.4246663633317
80736,1910.4246663633317
80737,1910.4246663633317
80738,1910.4246663633317
80739,1910.4246663633317
80740,1910.4246663633317
80741,1910.4246663633317
80742,1910.4246663633317
80743,1910.4246663633317
80744,1910.4246663633317
80745,1910.4246663633317
80746,1910.4246663633317
80747,1910.4246663633317
80748,1910.4246663633317
80749,1910.4246663633317
80750,1910.4246663633317
80751,1910.4246663633317
80752,1910.4246663633317
80753,1910.4246663633317
80754,1910.4246663633317
80755,1910.4246663633317
80756,1910.4246663633317
80757,1910.4246663633317
80758,1910.4246663633317
80759,1910.4246663633317
80760,1910.4246663633317
80761,1910.4246663633317
80762,1910.4246663633317
80763,1910.4246663633317
80764,1910.4246663633317
80765,1910.4246663633317
80766,1910.4246663633317
80767,1910.4246663633317
80768,1910.4246663633317
80769,1910.4246663633317
80770,1910.4246663633317
80771,1910.4246663633317
80772,1910.4246663633317
80773,1910.4246663633317
80774,1910.4246663633317
80775,1910.4246663633317
80776,1910.4246663633317
80777,1910.4246663633317
80778,1910.4246663633317
80779,1910.4246663633317
80780,1910.4246663633317
80781,1910.4246663633317
80782,1910.4246663633317
80783,1910.4246663633317
80784,1910.4246663633317
80785,1910.4246663633317
80786,1910.4246663633317
80787,1910.4246663633317
80788,1910.4246663633317
80789,1910.4246663633317
80790,1910.4246663633317
80791,1910.4246663633317
80792,1910.4246663633317
80793,1910.4246663633317
80794,1910.4246663633317
80795,1910.4246663633317
80796,1910.4246663633317
80797,1910.4246663633317
80798,1910.4246663633317
80799,1910.4246663633317
80800,1910.4246663633317
80801,1910.4246663633317
80802,1910.4246663633317
80803,1910.4246663633317
80804,1910.4246663633317
80805,1910.4246663633317
80806,1910.4246663633317
80807,1910.4246663633317
80808,1910.4246663633317
80809,1910.4246663633317
80810,1910.4246663633317
80811,1910.4246663633317
80812,1910.4246663633317
80813,1910.4246663633317
80814,1910.4246663633317
80815,1910.4246663633317
80816,1910.4246663633317
80817,1910.4246663633317
80818,1910.4246663633317
80819,1910.4246663633317
80820,1910.4246663633317
80821,1910.4246663633317
80822,1910.4246663633317
80823,1910.4246663633317
80824,1910.4246663633317
80825,1910.4246663633317
80826,1910.4246663633317
80827,1910.4246663633317
80828,1910.4246663633317
80829,1910.4246663633317
80830,1910.4246663633317
80831,1910.4246663633317
80832,1910.4246663633317
80833,1910.4246663633317
80834,1910.4246663633317
80835,1910.4246663633317
80836,1910.4246663633317
80837,1910.4246663633317
80838,1910.4246663633317
80839,1910.4246663633317
80840,1910.4246663633317
80841,1910.4246663633317
80842,1910.4246663633317
80843,1910.4246663633317
80844,1910.4246663633317
80845,1910.4246663633317
80846,1910.4246663633317
80847,1910.4246663633317
80848,1910.4246663633317
80849,1910.4246663633317
80850,1910.4246663633317
80851,1910.4246663633317
80852,1910.4246663633317
80853,1910.4246663633317
80854,1910.4246663633317
80855,1910.4246663633317
80856,1910.4246663633317
80857,1910.4246663633317
80858,1910.4246663633317
80859,1910.4246663633317
80860,1910.4246663633317
80861,1910.4246663633317
80862,1910.4246663633317
80863,1910.4246663633317
80864,1910.4246663633317
80865,1910.4246663633317
80866,1910.4246663633317
80867,1910.4246663633317
80868,1910.4246663633317
80869,1910.4246663633317
80870,1910.4246663633317
80871,1910.4246663633317
80872,1910.4246663633317
80873,1910.4246663633317
80874,1910.4246663633317
80875,1910.4246663633317
80876,1910.4246663633317
80877,1910.4246663633317
80878,1910.4246663633317
80879,1910.4246663633317
80880,1910.4246663633317
80881,1910.4246663633317
80882,1910.4246663633317
80883,1910.4246663633317
80884,1910.4246663633317
80885,1910.4246663633317
80886,1910.4246663633317
80887,1910.4246663633317
80888,1910.4246663633317
80889,1910.4246663633317
80890,1910.4246663633317
80891,1910.4246663633317
80892,1910.4246663633317
80893,1910.4246663633317
80894,1910.4246663633317
80895,1910.4246663633317
80896,1910.4246663633317
80897,1910.4246663633317
80898,1910.4246663633317
80899,1910.4246663633317
80900,1910.4246663633317
80901,1910.4246663633317
80902,1910.4246663633317
80903,1910.4246663633317
80904,1910.4246663633317
80905,1910.4246663633317
80906,1910.4246663633317
80907,1910.4246663633317
80908,1910.4246663633317
80909,1910.4246663633317
80910,1910.4246663633317
80911,1910.4246663633317
80912,1910.4246663633317
80913,1910.4246663633317
80914,1910.4246663633317
80915,1910.4246663633317
80916,1910.4246663633317
80917,1910.4246663633317
80918,1910.4246663633317
80919,1910.4246663633317
80920,1910.4246663633317
80921,1910.4246663633317
80922,1910.4246663633317
80923,1910.4246663633317
80924,1910.4246663633317
80925,1910.4246663633317
80926,1910.4246663633317
80927,1910.4246663633317
80928,1910.4246663633317
80929,1910.4246663633317
80930,1910.4246663633317
80931,1910.4246663633317
80932,1910.4246663633317
80933,1910.4246663633317
80934,1910.4246663633317
80935,1910.4246663633317
80936,1910.4246663633317
80937,1910.4246663633317
80938,1910.4246663633317
80939,1910.4246663633317
80940,1910.4246663633317
80941,1910.4246663633317
80942,1910.4246663633317
80943,1910.4246663633317
80944,1910.4246663633317
80945,1910.4246663633317
80946,1910.4246663633317
80947,1910.4246663633317
80948,1910.4246663633317
80949,1910.4246663633317
80950,1910.4246663633317
80951,1910.4246663633317
80952,1910.4246663633317
80953,1910.4246663633317
80954,1910.4246663633317
80955,1910.4246663633317
80956,1910.4246663633317
80957,1910.4246663633317
80958,1910.4246663633317
80959,1910.4246663633317
80960,1910.4246663633317
80961,1910.4246663633317
80962,1910.4246663633317
80963,1910.4246663633317
80964,1910.4246663633317
80965,1910.4246663633317
80966,1910.4246663633317
80967,1910.4246663633317
80968,1910.4246663633317
80969,1910.4246663633317
80970,1910.4246663633317
80971,1910.4246663633317
80972,1910.4246663633317
80973,1910.4246663633317
80974,1910.4246663633317
80975,1910.4246663633317
80976,1910.4246663633317
80977,1910.4246663633317
80978,1910.4246663633317
80979,1910.4246663633317
80980,1910.4246663633317
80981,1910.4246663633317
80982,1910.4246663633317
80983,1910.4246663633317
80984,1910.4246663633317
80985,1910.4246663633317
80986,1910.4246663633317
80987,1910.4246663633317
80988,1910.4246663633317
80989,1910.4246663633317
80990,1910.4246663633317
80991,1910.4246663633317
80992,1910.4246663633317
80993,1910.4246663633317
80994,1910.4246663633317
80995,1910.4246663633317
80996,1910.4246663633317
80997,1910.4246663633317
80998,1910.4246663633317
80999,1910.4246663633317
81000,1910.4246663633317
81001,1910.4246663633317
81002,1910.4246663633317
81003,1910.4246663633317
81004,1910.4246663633317
81005,1910.4246663633317
81006,1910.4246663633317
81007,1910.4246663633317
81008,1910.4246663633317
81009,1910.4246663633317
81010,1910.4246663633317
81011,1910.4246663633317
81012,1910.4246663633317
81013,1910.4246663633317
81014,1910.4246663633317
81015,1910.4246663633317
81016,1910.4246663633317
81017,1910.4246663633317
81018,1910.4246663633317
81019,1910.4246663633317
81020,1910.4246663633317
81021,1910.4246663633317
81022,1910.4246663633317
81023,1910.4246663633317
81024,1910.4246663633317
81025,1910.4246663633317
81026,1910.4246663633317
81027,1910.4246663633317
81028,1910.4246663633317
81029,1910.4246663633317
81030,1910.4246663633317
81031,1910.4246663633317
81032,1910.4246663633317
81033,1910.4246663633317
81034,1910.4246663633317
81035,1910.4246663633317
81036,1910.4246663633317
81037,1910.4246663633317
81038,1910.4246663633317
81039,1910.4246663633317
81040,1910.4246663633317
81041,1910.4246663633317
81042,1910.4246663633317
81043,1910.4246663633317
81044,1910.4246663633317
81045,1910.4246663633317
81046,1910.4246663633317
81047,1910.4246663633317
81048,1910.4246663633317
81049,1910.4246663633317
81050,1910.4246663633317
81051,1910.4246663633317
81052,1910.4246663633317
81053,1910.4246663633317
81054,1910.4246663633317
81055,1910.4246663633317
81056,1910.4246663633317
81057,1910.4246663633317
81058,1910.4246663633317
81059,1910.4246663633317
81060,1910.4246663633317
81061,1910.4246663633317
81062,1910.4246663633317
81063,1910.4246663633317
81064,1910.4246663633317
81065,1910.4246663633317
81066,1910.4246663633317
81067,1910.4246663633317
81068,1910.4246663633317
81069,1910.4246663633317
81070,1910.4246663633317
81071,1910.4246663633317
81072,1910.4246663633317
81073,1910.4246663633317
81074,1910.4246663633317
81075,1910.4246663633317
81076,1910.4246663633317
81077,1910.4246663633317
81078,1910.4246663633317
81079,1910.4246663633317
81080,1910.4246663633317
81081,1910.4246663633317
81082,1910.4246663633317
81083,1910.4246663633317
81084,1910.4246663633317
81085,1910.4246663633317
81086,1910.4246663633317
81087,1910.4246663633317
81088,1910.4246663633317
81089,1910.4246663633317
81090,1910.4246663633317
81091,1910.4246663633317
81092,1910.4246663633317
81093,1910.4246663633317
81094,1910.4246663633317
81095,1910.4246663633317
81096,1910.4246663633317
81097,1910.4246663633317
81098,1910.4246663633317
81099,1910.4246663633317
81100,1910.4246663633317
81101,1910.4246663633317
81102,1910.4246663633317
81103,1910.4246663633317
81104,1910.4246663633317
81105,1910.4246663633317
81106,1910.4246663633317
81107,1910.4246663633317
81108,1910.4246663633317
81109,1910.4246663633317
81110,1910.4246663633317
81111,1910.4246663633317
81112,1910.4246663633317
81113,1910.4246663633317
81114,1910.4246663633317
81115,1910.4246663633317
81116,1910.4246663633317
81117,1910.4246663633317
81118,1910.4246663633317
81119,1910.4246663633317
81120,1910.4246663633317
81121,1910.4246663633317
81122,1910.4246663633317
81123,1910.4246663633317
81124,1910.4246663633317
81125,1910.4246663633317
81126,1910.4246663633317
81127,1910.4246663633317
81128,1910.4246663633317
81129,1910.4246663633317
81130,1910.4246663633317
81131,1910.4246663633317
81132,1910.4246663633317
81133,1910.4246663633317
81134,1910.4246663633317
81135,1910.4246663633317
81136,1910.4246663633317
81137,1910.4246663633317
81138,1910.4246663633317
81139,1910.4246663633317
81140,1910.4246663633317
81141,1910.4246663633317
81142,1910.4246663633317
81143,1910.4246663633317
81144,1910.4246663633317
81145,1910.4246663633317
81146,1910.4246663633317
81147,1910.4246663633317
81148,1910.4246663633317
81149,1910.4246663633317
81150,1910.4246663633317
81151,1910.4246663633317
81152,1910.4246663633317
81153,1910.4246663633317
81154,1910.4246663633317
81155,1910.4246663633317
81156,1910.4246663633317
81157,1910.4246663633317
81158,1910.4246663633317
81159,1910.4246663633317
81160,1910.4246663633317
81161,1910.4246663633317
81162,1910.4246663633317
81163,1910.4246663633317
81164,1910.4246663633317
81165,1910.4246663633317
81166,1910.4246663633317
81167,1910.4246663633317
81168,1910.4246663633317
81169,1910.4246663633317
81170,1910.4246663633317
81171,1910.4246663633317
81172,1910.4246663633317
81173,1910.4246663633317
81174,1910.4246663633317
81175,1910.4246663633317
81176,1910.4246663633317
81177,1910.4246663633317
81178,1910.4246663633317
81179,1910.4246663633317
81180,1910.4246663633317
81181,1910.4246663633317
81182,1910.4246663633317
81183,1910.4246663633317
81184,1910.4246663633317
81185,1910.4246663633317
81186,1910.4246663633317
81187,1910.4246663633317
81188,1910.4246663633317
81189,1910.4246663633317
81190,1910.4246663633317
81191,1910.4246663633317
81192,1910.4246663633317
81193,1910.4246663633317
81194,1910.4246663633317
81195,1910.4246663633317
81196,1910.4246663633317
81197,1910.4246663633317
81198,1910.4246663633317
81199,1910.4246663633317
81200,1910.4246663633317
81201,1910.4246663633317
81202,1910.4246663633317
81203,1910.4246663633317
81204,1910.4246663633317
81205,1910.4246663633317
81206,1910.4246663633317
81207,1910.4246663633317
81208,1910.4246663633317
81209,1910.4246663633317
81210,1910.4246663633317
81211,1910.4246663633317
81212,1910.4246663633317
81213,1910.4246663633317
81214,1910.4246663633317
81215,1910.4246663633317
81216,1910.4246663633317
81217,1910.4246663633317
81218,1910.4246663633317
81219,1910.4246663633317
81220,1910.4246663633317
81221,1910.4246663633317
81222,1910.4246663633317
81223,1910.4246663633317
81224,1910.4246663633317
81225,1910.4246663633317
81226,1910.4246663633317
81227,1910.4246663633317
81228,1910.4246663633317
81229,1910.4246663633317
81230,1910.4246663633317
81231,1910.4246663633317
81232,1910.4246663633317
81233,1910.4246663633317
81234,1910.4246663633317
81235,1910.4246663633317
81236,1910.4246663633317
81237,1910.4246663633317
81238,1910.4246663633317
81239,1910.4246663633317
81240,1910.4246663633317
81241,1910.4246663633317
81242,1910.4246663633317
81243,1910.4246663633317
81244,1910.4246663633317
81245,1910.4246663633317
81246,1910.4246663633317
81247,1910.4246663633317
81248,1910.4246663633317
81249,1910.4246663633317
81250,1910.4246663633317
81251,1910.4246663633317
81252,1910.4246663633317
81253,1910.4246663633317
81254,1910.4246663633317
81255,1910.4246663633317
81256,1910.4246663633317
81257,1910.4246663633317
81258,1910.4246663633317
81259,1910.4246663633317
81260,1910.4246663633317
81261,1910.4246663633317
81262,1910.4246663633317
81263,1910.4246663633317
81264,1910.4246663633317
81265,1910.4246663633317
81266,1910.4246663633317
81267,1910.4246663633317
81268,1910.4246663633317
81269,1910.4246663633317
81270,1910.4246663633317
81271,1910.4246663633317
81272,1910.4246663633317
81273,1910.4246663633317
81274,1910.4246663633317
81275,1910.4246663633317
81276,1910.4246663633317
81277,1910.4246663633317
81278,1910.4246663633317
81279,1910.4246663633317
81280,1910.4246663633317
81281,1910.4246663633317
81282,1910.4246663633317
81283,1910.4246663633317
81284,1910.4246663633317
81285,1910.4246663633317
81286,1910.4246663633317
81287,1910.4246663633317
81288,1910.4246663633317
81289,1910.4246663633317
81290,1910.4246663633317
81291,1910.4246663633317
81292,1910.4246663633317
81293,1910.4246663633317
81294,1910.4246663633317
81295,1910.4246663633317
81296,1910.4246663633317
81297,1910.4246663633317
81298,1910.4246663633317
81299,1910.4246663633317
81300,1910.4246663633317
81301,1910.4246663633317
81302,1910.4246663633317
81303,1910.4246663633317
81304,1910.4246663633317
81305,1910.4246663633317
81306,1910.4246663633317
81307,1910.4246663633317
81308,1910.4246663633317
81309,1910.4246663633317
81310,1910.4246663633317
81311,1910.4246663633317
81312,1910.4246663633317
81313,1910.4246663633317
81314,1910.4246663633317
81315,1910.4246663633317
81316,1910.4246663633317
81317,1910.4246663633317
81318,1910.4246663633317
81319,1910.4246663633317
81320,1910.4246663633317
81321,1910.4246663633317
81322,1910.4246663633317
81323,1910.4246663633317
81324,1910.4246663633317
81325,1910.4246663633317
81326,1910.4246663633317
81327,1910.4246663633317
81328,1910.4246663633317
81329,1910.4246663633317
81330,1910.4246663633317
81331,1910.4246663633317
81332,1910.4246663633317
81333,1910.4246663633317
81334,1910.4246663633317
81335,1910.4246663633317
81336,1910.4246663633317
81337,1910.4246663633317
81338,1910.4246663633317
81339,1910.4246663633317
81340,1910.4246663633317
81341,1910.4246663633317
81342,1910.4246663633317
81343,1910.4246663633317
81344,1910.4246663633317
81345,1910.4246663633317
81346,1910.4246663633317
81347,1910.4246663633317
81348,1910.4246663633317
81349,1910.4246663633317
81350,1910.4246663633317
81351,1910.4246663633317
81352,1910.4246663633317
81353,1910.4246663633317
81354,1910.4246663633317
81355,1910.4246663633317
81356,1910.4246663633317
81357,1910.4246663633317
81358,1910.4246663633317
81359,1910.4246663633317
81360,1910.4246663633317
81361,1910.4246663633317
81362,1910.4246663633317
81363,1910.4246663633317
81364,1910.4246663633317
81365,1910.4246663633317
81366,1910.4246663633317
81367,1910.4246663633317
81368,1910.4246663633317
81369,1910.4246663633317
81370,1910.4246663633317
81371,1910.4246663633317
81372,1910.4246663633317
81373,1910.4246663633317
81374,1910.4246663633317
81375,1910.4246663633317
81376,1910.4246663633317
81377,1910.4246663633317
81378,1910.4246663633317
81379,1910.4246663633317
81380,1910.4246663633317
81381,1910.4246663633317
81382,1910.4246663633317
81383,1910.4246663633317
81384,1910.4246663633317
81385,1910.4246663633317
81386,1910.4246663633317
81387,1910.4246663633317
81388,1910.4246663633317
81389,1910.4246663633317
81390,1910.4246663633317
81391,1910.4246663633317
81392,1910.4246663633317
81393,1910.4246663633317
81394,1910.4246663633317
81395,1910.4246663633317
81396,1910.4246663633317
81397,1910.4246663633317
81398,1910.4246663633317
81399,1910.4246663633317
81400,1910.4246663633317
81401,1910.4246663633317
81402,1910.4246663633317
81403,1910.4246663633317
81404,1910.4246663633317
81405,1910.4246663633317
81406,1910.4246663633317
81407,1910.4246663633317
81408,1910.4246663633317
81409,1910.4246663633317
81410,1910.4246663633317
81411,1910.4246663633317
81412,1910.4246663633317
81413,1910.4246663633317
81414,1910.4246663633317
81415,1910.4246663633317
81416,1910.4246663633317
81417,1910.4246663633317
81418,1910.4246663633317
81419,1910.4246663633317
81420,1910.4246663633317
81421,1910.4246663633317
81422,1910.4246663633317
81423,1910.4246663633317
81424,1910.4246663633317
81425,1910.4246663633317
81426,1910.4246663633317
81427,1910.4246663633317
81428,1910.4246663633317
81429,1910.4246663633317
81430,1910.4246663633317
81431,1910.4246663633317
81432,1910.4246663633317
81433,1910.4246663633317
81434,1910.4246663633317
81435,1910.4246663633317
81436,1910.4246663633317
81437,1910.4246663633317
81438,1910.4246663633317
81439,1910.4246663633317
81440,1910.4246663633317
81441,1910.4246663633317
81442,1910.4246663633317
81443,1910.4246663633317
81444,1910.4246663633317
81445,1910.4246663633317
81446,1910.4246663633317
81447,1910.4246663633317
81448,1910.4246663633317
81449,1910.4246663633317
81450,1910.4246663633317
81451,1910.4246663633317
81452,1910.4246663633317
81453,1910.4246663633317
81454,1910.4246663633317
81455,1910.4246663633317
81456,1910.4246663633317
81457,1910.4246663633317
81458,1910.4246663633317
81459,1910.4246663633317
81460,1910.4246663633317
81461,1910.4246663633317
81462,1910.4246663633317
81463,1910.4246663633317
81464,1910.4246663633317
81465,1910.4246663633317
81466,1910.4246663633317
81467,1910.4246663633317
81468,1910.4246663633317
81469,1910.4246663633317
81470,1910.4246663633317
81471,1910.4246663633317
81472,1910.4246663633317
81473,1910.4246663633317
81474,1910.4246663633317
81475,1910.4246663633317
81476,1910.4246663633317
81477,1910.4246663633317
81478,1910.4246663633317
81479,1910.4246663633317
81480,1910.4246663633317
81481,1910.4246663633317
81482,1910.4246663633317
81483,1910.4246663633317
81484,1910.4246663633317
81485,1910.4246663633317
81486,1910.4246663633317
81487,1910.4246663633317
81488,1910.4246663633317
81489,1910.4246663633317
81490,1910.4246663633317
81491,1910.4246663633317
81492,1910.4246663633317
81493,1910.4246663633317
81494,1910.4246663633317
81495,1910.4246663633317
81496,1910.4246663633317
81497,1910.4246663633317
81498,1910.4246663633317
81499,1910.4246663633317
81500,1910.4246663633317
81501,1910.4246663633317
81502,1910.4246663633317
81503,1910.4246663633317
81504,1910.4246663633317
81505,1910.4246663633317
81506,1910.4246663633317
81507,1910.4246663633317
81508,1910.4246663633317
81509,1910.4246663633317
81510,1910.4246663633317
81511,1910.4246663633317
81512,1910.4246663633317
81513,1910.4246663633317
81514,1910.4246663633317
81515,1910.4246663633317
81516,1910.4246663633317
81517,1910.4246663633317
81518,1910.4246663633317
81519,1910.4246663633317
81520,1910.4246663633317
81521,1910.4246663633317
81522,1910.4246663633317
81523,1910.4246663633317
81524,1910.4246663633317
81525,1910.4246663633317
81526,1910.4246663633317
81527,1910.4246663633317
81528,1910.4246663633317
81529,1910.4246663633317
81530,1910.4246663633317
81531,1910.4246663633317
81532,1910.4246663633317
81533,1910.4246663633317
81534,1910.4246663633317
81535,1910.4246663633317
81536,1910.4246663633317
81537,1910.4246663633317
81538,1910.4246663633317
81539,1910.4246663633317
81540,1910.4246663633317
81541,1910.4246663633317
81542,1910.4246663633317
81543,1910.4246663633317
81544,1910.4246663633317
81545,1910.4246663633317
81546,1910.4246663633317
81547,1910.4246663633317
81548,1910.4246663633317
81549,1910.4246663633317
81550,1910.4246663633317
81551,1910.4246663633317
81552,1910.4246663633317
81553,1910.4246663633317
81554,1910.4246663633317
81555,1910.4246663633317
81556,1910.4246663633317
81557,1910.4246663633317
81558,1910.4246663633317
81559,1910.4246663633317
81560,1910.4246663633317
81561,1910.4246663633317
81562,1910.4246663633317
81563,1910.4246663633317
81564,1910.4246663633317
81565,1910.4246663633317
81566,1910.4246663633317
81567,1910.4246663633317
81568,1910.4246663633317
81569,1910.4246663633317
81570,1910.4246663633317
81571,1910.4246663633317
81572,1910.4246663633317
81573,1910.4246663633317
81574,1910.4246663633317
81575,1910.4246663633317
81576,1910.4246663633317
81577,1910.4246663633317
81578,1910.4246663633317
81579,1910.4246663633317
81580,1910.4246663633317
81581,1910.4246663633317
81582,1910.4246663633317
81583,1910.4246663633317
81584,1910.4246663633317
81585,1910.4246663633317
81586,1910.4246663633317
81587,1910.4246663633317
81588,1910.4246663633317
81589,1910.4246663633317
81590,1910.4246663633317
81591,1910.4246663633317
81592,1910.4246663633317
81593,1910.4246663633317
81594,1910.4246663633317
81595,1910.4246663633317
81596,1910.4246663633317
81597,1910.4246663633317
81598,1910.4246663633317
81599,1910.4246663633317
81600,1910.4246663633317
81601,1910.4246663633317
81602,1910.4246663633317
81603,1910.4246663633317
81604,1910.4246663633317
81605,1910.4246663633317
81606,1910.4246663633317
81607,1910.4246663633317
81608,1910.4246663633317
81609,1910.4246663633317
81610,1910.4246663633317
81611,1910.4246663633317
81612,1910.4246663633317
81613,1910.4246663633317
81614,1910.4246663633317
81615,1910.4246663633317
81616,1910.4246663633317
81617,1910.4246663633317
81618,1910.4246663633317
81619,1910.4246663633317
81620,1910.4246663633317
81621,1910.4246663633317
81622,1910.4246663633317
81623,1910.4246663633317
81624,1910.4246663633317
81625,1910.4246663633317
81626,1910.4246663633317
81627,1910.4246663633317
81628,1910.4246663633317
81629,1910.4246663633317
81630,1910.4246663633317
81631,1910.4246663633317
81632,1910.4246663633317
81633,1910.4246663633317
81634,1910.4246663633317
81635,1910.4246663633317
81636,1910.4246663633317
81637,1910.4246663633317
81638,1910.4246663633317
81639,1910.4246663633317
81640,1910.4246663633317
81641,1910.4246663633317
81642,1910.4246663633317
81643,1910.4246663633317
81644,1910.4246663633317
81645,1910.4246663633317
81646,1910.4246663633317
81647,1910.4246663633317
81648,1910.4246663633317
81649,1910.4246663633317
81650,1910.4246663633317
81651,1910.4246663633317
81652,1910.4246663633317
81653,1910.4246663633317
81654,1910.4246663633317
81655,1910.4246663633317
81656,1910.4246663633317
81657,1910.4246663633317
81658,1910.4246663633317
81659,1910.4246663633317
81660,1910.4246663633317
81661,1910.4246663633317
81662,1910.4246663633317
81663,1910.4246663633317
81664,1910.4246663633317
81665,1910.4246663633317
81666,1910.4246663633317
81667,1910.4246663633317
81668,1910.4246663633317
81669,1910.4246663633317
81670,1910.4246663633317
81671,1910.4246663633317
81672,1910.4246663633317
81673,1910.4246663633317
81674,1910.4246663633317
81675,1910.4246663633317
81676,1910.4246663633317
81677,1910.4246663633317
81678,1910.4246663633317
81679,1910.4246663633317
81680,1910.4246663633317
81681,1910.4246663633317
81682,1910.4246663633317
81683,1910.4246663633317
81684,1910.4246663633317
81685,1910.4246663633317
81686,1910.4246663633317
81687,1910.4246663633317
81688,1910.4246663633317
81689,1910.4246663633317
81690,1910.4246663633317
81691,1910.4246663633317
81692,1910.4246663633317
81693,1910.4246663633317
81694,1910.4246663633317
81695,1910.4246663633317
81696,1910.4246663633317
81697,1910.4246663633317
81698,1910.4246663633317
81699,1910.4246663633317
81700,1910.4246663633317
81701,1910.4246663633317
81702,1910.4246663633317
81703,1910.4246663633317
81704,1910.4246663633317
81705,1910.4246663633317
81706,1910.4246663633317
81707,1910.4246663633317
81708,1910.4246663633317
81709,1910.4246663633317
81710,1910.4246663633317
81711,1910.4246663633317
81712,1910.4246663633317
81713,1910.4246663633317
81714,1910.4246663633317
81715,1910.4246663633317
81716,1910.4246663633317
81717,1910.4246663633317
81718,1910.4246663633317
81719,1910.4246663633317
81720,1910.4246663633317
81721,1910.4246663633317
81722,1910.4246663633317
81723,1910.4246663633317
81724,1910.4246663633317
81725,1910.4246663633317
81726,1910.4246663633317
81727,1910.4246663633317
81728,1910.4246663633317
81729,1910.4246663633317
81730,1910.4246663633317
81731,1910.4246663633317
81732,1910.4246663633317
81733,1910.4246663633317
81734,1910.4246663633317
81735,1910.4246663633317
81736,1910.4246663633317
81737,1910.4246663633317
81738,1910.4246663633317
81739,1910.4246663633317
81740,1910.4246663633317
81741,1910.4246663633317
81742,1910.4246663633317
81743,1910.4246663633317
81744,1910.4246663633317
81745,1910.4246663633317
81746,1910.4246663633317
81747,1910.4246663633317
81748,1910.4246663633317
81749,1910.4246663633317
81750,1910.4246663633317
81751,1910.4246663633317
81752,1910.4246663633317
81753,1910.4246663633317
81754,1910.4246663633317
81755,1910.4246663633317
81756,1910.4246663633317
81757,1910.4246663633317
81758,1910.4246663633317
81759,1910.4246663633317
81760,1910.4246663633317
81761,1910.4246663633317
81762,1910.4246663633317
81763,1910.4246663633317
81764,1910.4246663633317
81765,1910.4246663633317
81766,1910.4246663633317
81767,1910.4246663633317
81768,1910.4246663633317
81769,1910.4246663633317
81770,1910.4246663633317
81771,1910.4246663633317
81772,1910.4246663633317
81773,1910.4246663633317
81774,1910.4246663633317
81775,1910.4246663633317
81776,1910.4246663633317
81777,1910.4246663633317
81778,1910.4246663633317
81779,1910.4246663633317
81780,1910.4246663633317
81781,1910.4246663633317
81782,1910.4246663633317
81783,1910.4246663633317
81784,1910.4246663633317
81785,1910.4246663633317
81786,1910.4246663633317
81787,1910.4246663633317
81788,1910.4246663633317
81789,1910.4246663633317
81790,1910.4246663633317
81791,1910.4246663633317
81792,1910.4246663633317
81793,1910.4246663633317
81794,1910.4246663633317
81795,1910.4246663633317
81796,1910.4246663633317
81797,1910.4246663633317
81798,1910.4246663633317
81799,1910.4246663633317
81800,1910.4246663633317
81801,1910.4246663633317
81802,1910.4246663633317
81803,1910.4246663633317
81804,1910.4246663633317
81805,1910.4246663633317
81806,1910.4246663633317
81807,1910.4246663633317
81808,1910.4246663633317
81809,1910.4246663633317
81810,1910.4246663633317
81811,1910.4246663633317
81812,1910.4246663633317
81813,1910.4246663633317
81814,1910.4246663633317
81815,1910.4246663633317
81816,1910.4246663633317
81817,1910.4246663633317
81818,1910.4246663633317
81819,1910.4246663633317
81820,1910.4246663633317
81821,1910.4246663633317
81822,1910.4246663633317
81823,1910.4246663633317
81824,1910.4246663633317
81825,1910.4246663633317
81826,1910.4246663633317
81827,1910.4246663633317
81828,1910.4246663633317
81829,1910.4246663633317
81830,1910.4246663633317
81831,1910.4246663633317
81832,1910.4246663633317
81833,1910.4246663633317
81834,1910.4246663633317
81835,1910.4246663633317
81836,1910.4246663633317
81837,1910.4246663633317
81838,1910.4246663633317
81839,1910.4246663633317
81840,1910.4246663633317
81841,1910.4246663633317
81842,1910.4246663633317
81843,1910.4246663633317
81844,1910.4246663633317
81845,1910.4246663633317
81846,1910.4246663633317
81847,1910.4246663633317
81848,1910.4246663633317
81849,1910.4246663633317
81850,1910.4246663633317
81851,1910.4246663633317
81852,1910.4246663633317
81853,1910.4246663633317
81854,1910.4246663633317
81855,1910.4246663633317
81856,1910.4246663633317
81857,1910.4246663633317
81858,1910.4246663633317
81859,1910.4246663633317
81860,1910.4246663633317
81861,1910.4246663633317
81862,1910.4246663633317
81863,1910.4246663633317
81864,1910.4246663633317
81865,1910.4246663633317
81866,1910.4246663633317
81867,1910.4246663633317
81868,1910.4246663633317
81869,1910.4246663633317
81870,1910.4246663633317
81871,1910.4246663633317
81872,1910.4246663633317
81873,1910.4246663633317
81874,1910.4246663633317
81875,1910.4246663633317
81876,1910.4246663633317
81877,1910.4246663633317
81878,1910.4246663633317
81879,1910.4246663633317
81880,1910.4246663633317
81881,1910.4246663633317
81882,1910.4246663633317
81883,1910.4246663633317
81884,1910.4246663633317
81885,1910.4246663633317
81886,1910.4246663633317
81887,1910.4246663633317
81888,1910.4246663633317
81889,1910.4246663633317
81890,1910.4246663633317
81891,1910.4246663633317
81892,1910.4246663633317
81893,1910.4246663633317
81894,1910.4246663633317
81895,1910.4246663633317
81896,1910.4246663633317
81897,1910.4246663633317
81898,1910.4246663633317
81899,1910.4246663633317
81900,1910.4246663633317
81901,1910.4246663633317
81902,1910.4246663633317
81903,1910.4246663633317
81904,1910.4246663633317
81905,1910.4246663633317
81906,1910.4246663633317
81907,1910.4246663633317
81908,1910.4246663633317
81909,1910.4246663633317
81910,1910.4246663633317
81911,1910.4246663633317
81912,1910.4246663633317
81913,1910.4246663633317
81914,1910.4246663633317
81915,1910.4246663633317
81916,1910.4246663633317
81917,1910.4246663633317
81918,1910.4246663633317
81919,1910.4246663633317
81920,1910.4246663633317
81921,1910.4246663633317
81922,1910.4246663633317
81923,1910.4246663633317
81924,1910.4246663633317
81925,1910.4246663633317
81926,1910.4246663633317
81927,1910.4246663633317
81928,1910.4246663633317
81929,1910.4246663633317
81930,1910.4246663633317
81931,1910.4246663633317
81932,1910.4246663633317
81933,1910.4246663633317
81934,1910.4246663633317
81935,1910.4246663633317
81936,1910.4246663633317
81937,1910.4246663633317
81938,1910.4246663633317
81939,1910.4246663633317
81940,1910.4246663633317
81941,1910.4246663633317
81942,1910.4246663633317
81943,1910.4246663633317
81944,1910.4246663633317
81945,1910.4246663633317
81946,1910.4246663633317
81947,1910.4246663633317
81948,1910.4246663633317
81949,1910.4246663633317
81950,1910.4246663633317
81951,1910.4246663633317
81952,1910.4246663633317
81953,1910.4246663633317
81954,1910.4246663633317
81955,1910.4246663633317
81956,1910.4246663633317
81957,1910.4246663633317
81958,1910.4246663633317
81959,1910.4246663633317
81960,1910.4246663633317
81961,1910.4246663633317
81962,1910.4246663633317
81963,1910.4246663633317
81964,1910.4246663633317
81965,1910.4246663633317
81966,1910.4246663633317
81967,1910.4246663633317
81968,1910.4246663633317
81969,1910.4246663633317
81970,1910.4246663633317
81971,1910.4246663633317
81972,1910.4246663633317
81973,1910.4246663633317
81974,1910.4246663633317
81975,1910.4246663633317
81976,1910.4246663633317
81977,1910.4246663633317
81978,1910.4246663633317
81979,1910.4246663633317
81980,1910.4246663633317
81981,1910.4246663633317
81982,1910.4246663633317
81983,1910.4246663633317
81984,1910.4246663633317
81985,1910.4246663633317
81986,1910.4246663633317
81987,1910.4246663633317
81988,1910.4246663633317
81989,1910.4246663633317
81990,1910.4246663633317
81991,1910.4246663633317
81992,1910.4246663633317
81993,1910.4246663633317
81994,1910.4246663633317
81995,1910.4246663633317
81996,1910.4246663633317
81997,1910.4246663633317
81998,1910.4246663633317
81999,1910.4246663633317
82000,1910.4246663633317
82001,1910.4246663633317
82002,1910.4246663633317
82003,1910.4246663633317
82004,1910.4246663633317
82005,1910.4246663633317
82006,1910.4246663633317
82007,1910.4246663633317
82008,1910.4246663633317
82009,1910.4246663633317
82010,1910.4246663633317
82011,1910.4246663633317
82012,1910.4246663633317
82013,1910.4246663633317
82014,1910.4246663633317
82015,1910.4246663633317
82016,1910.4246663633317
82017,1910.4246663633317
82018,1910.4246663633317
82019,1910.4246663633317
82020,1910.4246663633317
82021,1910.4246663633317
82022,1910.4246663633317
82023,1910.4246663633317
82024,1910.4246663633317
82025,1910.4246663633317
82026,1910.4246663633317
82027,1910.4246663633317
82028,1910.4246663633317
82029,1910.4246663633317
82030,1910.4246663633317
82031,1910.4246663633317
82032,1910.4246663633317
82033,1910.4246663633317
82034,1910.4246663633317
82035,1910.4246663633317
82036,1910.4246663633317
82037,1910.4246663633317
82038,1910.4246663633317
82039,1910.4246663633317
82040,1910.4246663633317
82041,1910.4246663633317
82042,1910.4246663633317
82043,1910.4246663633317
82044,1910.4246663633317
82045,1910.4246663633317
82046,1910.4246663633317
82047,1910.4246663633317
82048,1910.4246663633317
82049,1910.4246663633317
82050,1910.4246663633317
82051,1910.4246663633317
82052,1910.4246663633317
82053,1910.4246663633317
82054,1910.4246663633317
82055,1910.4246663633317
82056,1910.4246663633317
82057,1910.4246663633317
82058,1910.4246663633317
82059,1910.4246663633317
82060,1910.4246663633317
82061,1910.4246663633317
82062,1910.4246663633317
82063,1910.4246663633317
82064,1910.4246663633317
82065,1910.4246663633317
82066,1910.4246663633317
82067,1910.4246663633317
82068,1910.4246663633317
82069,1910.4246663633317
82070,1910.4246663633317
82071,1910.4246663633317
82072,1910.4246663633317
82073,1910.4246663633317
82074,1910.4246663633317
82075,1910.4246663633317
82076,1910.4246663633317
82077,1910.4246663633317
82078,1910.4246663633317
82079,1910.4246663633317
82080,1910.4246663633317
82081,1910.4246663633317
82082,1910.4246663633317
82083,1910.4246663633317
82084,1910.4246663633317
82085,1910.4246663633317
82086,1910.4246663633317
82087,1910.4246663633317
82088,1910.4246663633317
82089,1910.4246663633317
82090,1910.4246663633317
82091,1910.4246663633317
82092,1910.4246663633317
82093,1910.4246663633317
82094,1910.4246663633317
82095,1910.4246663633317
82096,1910.4246663633317
82097,1910.4246663633317
82098,1910.4246663633317
82099,1910.4246663633317
82100,1910.4246663633317
82101,1910.4246663633317
82102,1910.4246663633317
82103,1910.4246663633317
82104,1910.4246663633317
82105,1910.4246663633317
82106,1910.4246663633317
82107,1910.4246663633317
82108,1910.4246663633317
82109,1910.4246663633317
82110,1910.4246663633317
82111,1910.4246663633317
82112,1910.4246663633317
82113,1910.4246663633317
82114,1910.4246663633317
82115,1910.4246663633317
82116,1910.4246663633317
82117,1910.4246663633317
82118,1910.4246663633317
82119,1910.4246663633317
82120,1910.4246663633317
82121,1910.4246663633317
82122,1910.4246663633317
82123,1910.4246663633317
82124,1910.4246663633317
82125,1910.4246663633317
82126,1910.4246663633317
82127,1910.4246663633317
82128,1910.4246663633317
82129,1910.4246663633317
82130,1910.4246663633317
82131,1910.4246663633317
82132,1910.4246663633317
82133,1910.4246663633317
82134,1910.4246663633317
82135,1910.4246663633317
82136,1910.4246663633317
82137,1910.4246663633317
82138,1910.4246663633317
82139,1910.4246663633317
82140,1910.4246663633317
82141,1910.4246663633317
82142,1910.4246663633317
82143,1910.4246663633317
82144,1910.4246663633317
82145,1910.4246663633317
82146,1910.4246663633317
82147,1910.4246663633317
82148,1910.4246663633317
82149,1910.4246663633317
82150,1910.4246663633317
82151,1910.4246663633317
82152,1910.4246663633317
82153,1910.4246663633317
82154,1910.4246663633317
82155,1910.4246663633317
82156,1910.4246663633317
82157,1910.4246663633317
82158,1910.4246663633317
82159,1910.4246663633317
82160,1910.4246663633317
82161,1910.4246663633317
82162,1910.4246663633317
82163,1910.4246663633317
82164,1910.4246663633317
82165,1910.4246663633317
82166,1910.4246663633317
82167,1910.4246663633317
82168,1910.4246663633317
82169,1910.4246663633317
82170,1910.4246663633317
82171,1910.4246663633317
82172,1910.4246663633317
82173,1910.4246663633317
82174,1910.4246663633317
82175,1910.4246663633317
82176,1910.4246663633317
82177,1910.4246663633317
82178,1910.4246663633317
82179,1910.4246663633317
82180,1910.4246663633317
82181,1910.4246663633317
82182,1910.4246663633317
82183,1910.4246663633317
82184,1910.4246663633317
82185,1910.4246663633317
82186,1910.4246663633317
82187,1910.4246663633317
82188,1910.4246663633317
82189,1910.4246663633317
82190,1910.4246663633317
82191,1910.4246663633317
82192,1910.4246663633317
82193,1910.4246663633317
82194,1910.4246663633317
82195,1910.4246663633317
82196,1910.4246663633317
82197,1910.4246663633317
82198,1910.4246663633317
82199,1910.4246663633317
82200,1910.4246663633317
82201,1910.4246663633317
82202,1910.4246663633317
82203,1910.4246663633317
82204,1910.4246663633317
82205,1910.4246663633317
82206,1910.4246663633317
82207,1910.4246663633317
82208,1910.4246663633317
82209,1910.4246663633317
82210,1910.4246663633317
82211,1910.4246663633317
82212,1910.4246663633317
82213,1910.4246663633317
82214,1910.4246663633317
82215,1910.4246663633317
82216,1910.4246663633317
82217,1910.4246663633317
82218,1910.4246663633317
82219,1910.4246663633317
82220,1910.4246663633317
82221,1910.4246663633317
82222,1910.4246663633317
82223,1910.4246663633317
82224,1910.4246663633317
82225,1910.4246663633317
82226,1910.4246663633317
82227,1910.4246663633317
82228,1910.4246663633317
82229,1910.4246663633317
82230,1910.4246663633317
82231,1910.4246663633317
82232,1910.4246663633317
82233,1910.4246663633317
82234,1910.4246663633317
82235,1910.4246663633317
82236,1910.4246663633317
82237,1910.4246663633317
82238,1910.4246663633317
82239,1910.4246663633317
82240,1910.4246663633317
82241,1910.4246663633317
82242,1910.4246663633317
82243,1910.4246663633317
82244,1910.4246663633317
82245,1910.4246663633317
82246,1910.4246663633317
82247,1910.4246663633317
82248,1910.4246663633317
82249,1910.4246663633317
82250,1910.4246663633317
82251,1910.4246663633317
82252,1910.4246663633317
82253,1910.4246663633317
82254,1910.4246663633317
82255,1910.4246663633317
82256,1910.4246663633317
82257,1910.4246663633317
82258,1910.4246663633317
82259,1910.4246663633317
82260,1910.4246663633317
82261,1910.4246663633317
82262,1910.4246663633317
82263,1910.4246663633317
82264,1910.4246663633317
82265,1910.4246663633317
82266,1910.4246663633317
82267,1910.4246663633317
82268,1910.4246663633317
82269,1910.4246663633317
82270,1910.4246663633317
82271,1910.4246663633317
82272,1910.4246663633317
82273,1910.4246663633317
82274,1910.4246663633317
82275,1910.4246663633317
82276,1910.4246663633317
82277,1910.4246663633317
82278,1910.4246663633317
82279,1910.4246663633317
82280,1910.4246663633317
82281,1910.4246663633317
82282,1910.4246663633317
82283,1910.4246663633317
82284,1910.4246663633317
82285,1910.4246663633317
82286,1910.4246663633317
82287,1910.4246663633317
82288,1910.4246663633317
82289,1910.4246663633317
82290,1910.4246663633317
82291,1910.4246663633317
82292,1910.4246663633317
82293,1910.4246663633317
82294,1910.4246663633317
82295,1910.4246663633317
82296,1910.4246663633317
82297,1910.4246663633317
82298,1910.4246663633317
82299,1910.4246663633317
82300,1910.4246663633317
82301,1910.4246663633317
82302,1910.4246663633317
82303,1910.4246663633317
82304,1910.4246663633317
82305,1910.4246663633317
82306,1910.4246663633317
82307,1910.4246663633317
82308,1910.4246663633317
82309,1910.4246663633317
82310,1910.4246663633317
82311,1910.4246663633317
82312,1910.4246663633317
82313,1910.4246663633317
82314,1910.4246663633317
82315,1910.4246663633317
82316,1910.4246663633317
82317,1910.4246663633317
82318,1910.4246663633317
82319,1910.4246663633317
82320,1910.4246663633317
82321,1910.4246663633317
82322,1910.4246663633317
82323,1910.4246663633317
82324,1910.4246663633317
82325,1910.4246663633317
82326,1910.4246663633317
82327,1910.4246663633317
82328,1910.4246663633317
82329,1910.4246663633317
82330,1910.4246663633317
82331,1910.4246663633317
82332,1910.4246663633317
82333,1910.4246663633317
82334,1910.4246663633317
82335,1910.4246663633317
82336,1910.4246663633317
82337,1910.4246663633317
82338,1910.4246663633317
82339,1910.4246663633317
82340,1910.4246663633317
82341,1910.4246663633317
82342,1910.4246663633317
82343,1910.4246663633317
82344,1910.4246663633317
82345,1910.4246663633317
82346,1910.4246663633317
82347,1910.4246663633317
82348,1910.4246663633317
82349,1910.4246663633317
82350,1910.4246663633317
82351,1910.4246663633317
82352,1910.4246663633317
82353,1910.4246663633317
82354,1910.4246663633317
82355,1910.4246663633317
82356,1910.4246663633317
82357,1910.4246663633317
82358,1910.4246663633317
82359,1910.4246663633317
82360,1910.4246663633317
82361,1910.4246663633317
82362,1910.4246663633317
82363,1910.4246663633317
82364,1910.4246663633317
82365,1910.4246663633317
82366,1910.4246663633317
82367,1910.4246663633317
82368,1910.4246663633317
82369,1910.4246663633317
82370,1910.4246663633317
82371,1910.4246663633317
82372,1910.4246663633317
82373,1910.4246663633317
82374,1910.4246663633317
82375,1910.4246663633317
82376,1910.4246663633317
82377,1910.4246663633317
82378,1910.4246663633317
82379,1910.4246663633317
82380,1910.4246663633317
82381,1910.4246663633317
82382,1910.4246663633317
82383,1910.4246663633317
82384,1910.4246663633317
82385,1910.4246663633317
82386,1910.4246663633317
82387,1910.4246663633317
82388,1910.4246663633317
82389,1910.4246663633317
82390,1910.4246663633317
82391,1910.4246663633317
82392,1910.4246663633317
82393,1910.4246663633317
82394,1910.4246663633317
82395,1910.4246663633317
82396,1910.4246663633317
82397,1910.4246663633317
82398,1910.4246663633317
82399,1910.4246663633317
82400,1910.4246663633317
82401,1910.4246663633317
82402,1910.4246663633317
82403,1910.4246663633317
82404,1910.4246663633317
82405,1910.4246663633317
82406,1910.4246663633317
82407,1910.4246663633317
82408,1910.4246663633317
82409,1910.4246663633317
82410,1910.4246663633317
82411,1910.4246663633317
82412,1910.4246663633317
82413,1910.4246663633317
82414,1910.4246663633317
82415,1910.4246663633317
82416,1910.4246663633317
82417,1910.4246663633317
82418,1910.4246663633317
82419,1910.4246663633317
82420,1910.4246663633317
82421,1910.4246663633317
82422,1910.4246663633317
82423,1910.4246663633317
82424,1910.4246663633317
82425,1910.4246663633317
82426,1910.4246663633317
82427,1910.4246663633317
82428,1910.4246663633317
82429,1910.4246663633317
82430,1910.4246663633317
82431,1910.4246663633317
82432,1910.4246663633317
82433,1910.4246663633317
82434,1910.4246663633317
82435,1910.4246663633317
82436,1910.4246663633317
82437,1910.4246663633317
82438,1910.4246663633317
82439,1910.4246663633317
82440,1910.4246663633317
82441,1910.4246663633317
82442,1910.4246663633317
82443,1910.4246663633317
82444,1910.4246663633317
82445,1910.4246663633317
82446,1910.4246663633317
82447,1910.4246663633317
82448,1910.4246663633317
82449,1910.4246663633317
82450,1910.4246663633317
82451,1910.4246663633317
82452,1910.4246663633317
82453,1910.4246663633317
82454,1910.4246663633317
82455,1910.4246663633317
82456,1910.4246663633317
82457,1910.4246663633317
82458,1910.4246663633317
82459,1910.4246663633317
82460,1910.4246663633317
82461,1910.4246663633317
82462,1910.4246663633317
82463,1910.4246663633317
82464,1910.4246663633317
82465,1910.4246663633317
82466,1910.4246663633317
82467,1910.4246663633317
82468,1910.4246663633317
82469,1910.4246663633317
82470,1910.4246663633317
82471,1910.4246663633317
82472,1910.4246663633317
82473,1910.4246663633317
82474,1910.4246663633317
82475,1910.4246663633317
82476,1910.4246663633317
82477,1910.4246663633317
82478,1910.4246663633317
82479,1910.4246663633317
82480,1910.4246663633317
82481,1910.4246663633317
82482,1910.4246663633317
82483,1910.4246663633317
82484,1910.4246663633317
82485,1910.4246663633317
82486,1910.4246663633317
82487,1910.4246663633317
82488,1910.4246663633317
82489,1910.4246663633317
82490,1910.4246663633317
82491,1910.4246663633317
82492,1910.4246663633317
82493,1910.4246663633317
82494,1910.4246663633317
82495,1910.4246663633317
82496,1910.4246663633317
82497,1910.4246663633317
82498,1910.4246663633317
82499,1910.4246663633317
82500,1910.4246663633317
82501,1910.4246663633317
82502,1910.4246663633317
82503,1910.4246663633317
82504,1910.4246663633317
82505,1910.4246663633317
82506,1910.4246663633317
82507,1910.4246663633317
82508,1910.4246663633317
82509,1910.4246663633317
82510,1910.4246663633317
82511,1910.4246663633317
82512,1910.4246663633317
82513,1910.4246663633317
82514,1910.4246663633317
82515,1910.4246663633317
82516,1910.4246663633317
82517,1910.4246663633317
82518,1910.4246663633317
82519,1910.4246663633317
82520,1910.4246663633317
82521,1910.4246663633317
82522,1910.4246663633317
82523,1910.4246663633317
82524,1910.4246663633317
82525,1910.4246663633317
82526,1910.4246663633317
82527,1910.4246663633317
82528,1910.4246663633317
82529,1910.4246663633317
82530,1910.4246663633317
82531,1910.4246663633317
82532,1910.4246663633317
82533,1910.4246663633317
82534,1910.4246663633317
82535,1910.4246663633317
82536,1910.4246663633317
82537,1910.4246663633317
82538,1910.4246663633317
82539,1910.4246663633317
82540,1910.4246663633317
82541,1910.4246663633317
82542,1910.4246663633317
82543,1910.4246663633317
82544,1910.4246663633317
82545,1910.4246663633317
82546,1910.4246663633317
82547,1910.4246663633317
82548,1910.4246663633317
82549,1910.4246663633317
82550,1910.4246663633317
82551,1910.4246663633317
82552,1910.4246663633317
82553,1910.4246663633317
82554,1910.4246663633317
82555,1910.4246663633317
82556,1910.4246663633317
82557,1910.4246663633317
82558,1910.4246663633317
82559,1910.4246663633317
82560,1910.4246663633317
82561,1910.4246663633317
82562,1910.4246663633317
82563,1910.4246663633317
82564,1910.4246663633317
82565,1910.4246663633317
82566,1910.4246663633317
82567,1910.4246663633317
82568,1910.4246663633317
82569,1910.4246663633317
82570,1910.4246663633317
82571,1910.4246663633317
82572,1910.4246663633317
82573,1910.4246663633317
82574,1910.4246663633317
82575,1910.4246663633317
82576,1910.4246663633317
82577,1910.4246663633317
82578,1910.4246663633317
82579,1910.4246663633317
82580,1910.4246663633317
82581,1910.4246663633317
82582,1910.4246663633317
82583,1910.4246663633317
82584,1910.4246663633317
82585,1910.4246663633317
82586,1910.4246663633317
82587,1910.4246663633317
82588,1910.4246663633317
82589,1910.4246663633317
82590,1910.4246663633317
82591,1910.4246663633317
82592,1910.4246663633317
82593,1910.4246663633317
82594,1910.4246663633317
82595,1910.4246663633317
82596,1910.4246663633317
82597,1910.4246663633317
82598,1910.4246663633317
82599,1910.4246663633317
82600,1910.4246663633317
82601,1910.4246663633317
82602,1910.4246663633317
82603,1910.4246663633317
82604,1910.4246663633317
82605,1910.4246663633317
82606,1910.4246663633317
82607,1910.4246663633317
82608,1910.4246663633317
82609,1910.4246663633317
82610,1910.4246663633317
82611,1910.4246663633317
82612,1910.4246663633317
82613,1910.4246663633317
82614,1910.4246663633317
82615,1910.4246663633317
82616,1910.4246663633317
82617,1910.4246663633317
82618,1910.4246663633317
82619,1910.4246663633317
82620,1910.4246663633317
82621,1910.4246663633317
82622,1910.4246663633317
82623,1910.4246663633317
82624,1910.4246663633317
82625,1910.4246663633317
82626,1910.4246663633317
82627,1910.4246663633317
82628,1910.4246663633317
82629,1910.4246663633317
82630,1910.4246663633317
82631,1910.4246663633317
82632,1910.4246663633317
82633,1910.4246663633317
82634,1910.4246663633317
82635,1910.4246663633317
82636,1910.4246663633317
82637,1910.4246663633317
82638,1910.4246663633317
82639,1910.4246663633317
82640,1910.4246663633317
82641,1910.4246663633317
82642,1910.4246663633317
82643,1910.4246663633317
82644,1910.4246663633317
82645,1910.4246663633317
82646,1910.4246663633317
82647,1910.4246663633317
82648,1910.4246663633317
82649,1910.4246663633317
82650,1910.4246663633317
82651,1910.4246663633317
82652,1910.4246663633317
82653,1910.4246663633317
82654,1910.4246663633317
82655,1910.4246663633317
82656,1910.4246663633317
82657,1910.4246663633317
82658,1910.4246663633317
82659,1910.4246663633317
82660,1910.4246663633317
82661,1910.4246663633317
82662,1910.4246663633317
82663,1910.4246663633317
82664,1910.4246663633317
82665,1910.4246663633317
82666,1910.4246663633317
82667,1910.4246663633317
82668,1910.4246663633317
82669,1910.4246663633317
82670,1910.4246663633317
82671,1910.4246663633317
82672,1910.4246663633317
82673,1910.4246663633317
82674,1910.4246663633317
82675,1910.4246663633317
82676,1910.4246663633317
82677,1910.4246663633317
82678,1910.4246663633317
82679,1910.4246663633317
82680,1910.4246663633317
82681,1910.4246663633317
82682,1910.4246663633317
82683,1910.4246663633317
82684,1910.4246663633317
82685,1910.4246663633317
82686,1910.4246663633317
82687,1910.4246663633317
82688,1910.4246663633317
82689,1910.4246663633317
82690,1910.4246663633317
82691,1910.4246663633317
82692,1910.4246663633317
82693,1910.4246663633317
82694,1910.4246663633317
82695,1910.4246663633317
82696,1910.4246663633317
82697,1910.4246663633317
82698,1910.4246663633317
82699,1910.4246663633317
82700,1910.4246663633317
82701,1910.4246663633317
82702,1910.4246663633317
82703,1910.4246663633317
82704,1910.4246663633317
82705,1910.4246663633317
82706,1910.4246663633317
82707,1910.4246663633317
82708,1910.4246663633317
82709,1910.4246663633317
82710,1910.4246663633317
82711,1910.4246663633317
82712,1910.4246663633317
82713,1910.4246663633317
82714,1910.4246663633317
82715,1910.4246663633317
82716,1910.4246663633317
82717,1910.4246663633317
82718,1910.4246663633317
82719,1910.4246663633317
82720,1910.4246663633317
82721,1910.4246663633317
82722,1910.4246663633317
82723,1910.4246663633317
82724,1910.4246663633317
82725,1910.4246663633317
82726,1910.4246663633317
82727,1910.4246663633317
82728,1910.4246663633317
82729,1910.4246663633317
82730,1910.4246663633317
82731,1910.4246663633317
82732,1910.4246663633317
82733,1910.4246663633317
82734,1910.4246663633317
82735,1910.4246663633317
82736,1910.4246663633317
82737,1910.4246663633317
82738,1910.4246663633317
82739,1910.4246663633317
82740,1910.4246663633317
82741,1910.4246663633317
82742,1910.4246663633317
82743,1910.4246663633317
82744,1910.4246663633317
82745,1910.4246663633317
82746,1910.4246663633317
82747,1910.4246663633317
82748,1910.4246663633317
82749,1910.4246663633317
82750,1910.4246663633317
82751,1910.4246663633317
82752,1910.4246663633317
82753,1910.4246663633317
82754,1910.4246663633317
82755,1910.4246663633317
82756,1910.4246663633317
82757,1910.4246663633317
82758,1910.4246663633317
82759,1910.4246663633317
82760,1910.4246663633317
82761,1910.4246663633317
82762,1910.4246663633317
82763,1910.4246663633317
82764,1910.4246663633317
82765,1910.4246663633317
82766,1910.4246663633317
82767,1910.4246663633317
82768,1910.4246663633317
82769,1910.4246663633317
82770,1910.4246663633317
82771,1910.4246663633317
82772,1910.4246663633317
82773,1910.4246663633317
82774,1910.4246663633317
82775,1910.4246663633317
82776,1910.4246663633317
82777,1910.4246663633317
82778,1910.4246663633317
82779,1910.4246663633317
82780,1910.4246663633317
82781,1910.4246663633317
82782,1910.4246663633317
82783,1910.4246663633317
82784,1910.4246663633317
82785,1910.4246663633317
82786,1910.4246663633317
82787,1910.4246663633317
82788,1910.4246663633317
82789,1910.4246663633317
82790,1910.4246663633317
82791,1910.4246663633317
82792,1910.4246663633317
82793,1910.4246663633317
82794,1910.4246663633317
82795,1910.4246663633317
82796,1910.4246663633317
82797,1910.4246663633317
82798,1910.4246663633317
82799,1910.4246663633317
82800,1910.4246663633317
82801,1910.4246663633317
82802,1910.4246663633317
82803,1910.4246663633317
82804,1910.4246663633317
82805,1910.4246663633317
82806,1910.4246663633317
82807,1910.4246663633317
82808,1910.4246663633317
82809,1910.4246663633317
82810,1910.4246663633317
82811,1910.4246663633317
82812,1910.4246663633317
82813,1910.4246663633317
82814,1910.4246663633317
82815,1910.4246663633317
82816,1910.4246663633317
82817,1910.4246663633317
82818,1910.4246663633317
82819,1910.4246663633317
82820,1910.4246663633317
82821,1910.4246663633317
82822,1910.4246663633317
82823,1910.4246663633317
82824,1910.4246663633317
82825,1910.4246663633317
82826,1910.4246663633317
82827,1910.4246663633317
82828,1910.4246663633317
82829,1910.4246663633317
82830,1910.4246663633317
82831,1910.4246663633317
82832,1910.4246663633317
82833,1910.4246663633317
82834,1910.4246663633317
82835,1910.4246663633317
82836,1910.4246663633317
82837,1910.4246663633317
82838,1910.4246663633317
82839,1910.4246663633317
82840,1910.4246663633317
82841,1910.4246663633317
82842,1910.4246663633317
82843,1910.4246663633317
82844,1910.4246663633317
82845,1910.4246663633317
82846,1910.4246663633317
82847,1910.4246663633317
82848,1910.4246663633317
82849,1910.4246663633317
82850,1910.4246663633317
82851,1910.4246663633317
82852,1910.4246663633317
82853,1910.4246663633317
82854,1910.4246663633317
82855,1910.4246663633317
82856,1910.4246663633317
82857,1910.4246663633317
82858,1910.4246663633317
82859,1910.4246663633317
82860,1910.4246663633317
82861,1910.4246663633317
82862,1910.4246663633317
82863,1910.4246663633317
82864,1910.4246663633317
82865,1910.4246663633317
82866,1910.4246663633317
82867,1910.4246663633317
82868,1910.4246663633317
82869,1910.4246663633317
82870,1910.4246663633317
82871,1910.4246663633317
82872,1910.4246663633317
82873,1910.4246663633317
82874,1910.4246663633317
82875,1910.4246663633317
82876,1910.4246663633317
82877,1910.4246663633317
82878,1910.4246663633317
82879,1910.4246663633317
82880,1910.4246663633317
82881,1910.4246663633317
82882,1910.4246663633317
82883,1910.4246663633317
82884,1910.4246663633317
82885,1910.4246663633317
82886,1910.4246663633317
82887,1910.4246663633317
82888,1910.4246663633317
82889,1910.4246663633317
82890,1910.4246663633317
82891,1910.4246663633317
82892,1910.4246663633317
82893,1910.4246663633317
82894,1910.4246663633317
82895,1910.4246663633317
82896,1910.4246663633317
82897,1910.4246663633317
82898,1910.4246663633317
82899,1910.4246663633317
82900,1910.4246663633317
82901,1910.4246663633317
82902,1910.4246663633317
82903,1910.4246663633317
82904,1910.4246663633317
82905,1910.4246663633317
82906,1910.4246663633317
82907,1910.4246663633317
82908,1910.4246663633317
82909,1910.4246663633317
82910,1910.4246663633317
82911,1910.4246663633317
82912,1910.4246663633317
82913,1910.4246663633317
82914,1910.4246663633317
82915,1910.4246663633317
82916,1910.4246663633317
82917,1910.4246663633317
82918,1910.4246663633317
82919,1910.4246663633317
82920,1910.4246663633317
82921,1910.4246663633317
82922,1910.4246663633317
82923,1910.4246663633317
82924,1910.4246663633317
82925,1910.4246663633317
82926,1910.4246663633317
82927,1910.4246663633317
82928,1910.4246663633317
82929,1910.4246663633317
82930,1910.4246663633317
82931,1910.4246663633317
82932,1910.4246663633317
82933,1910.4246663633317
82934,1910.4246663633317
82935,1910.4246663633317
82936,1910.4246663633317
82937,1910.4246663633317
82938,1910.4246663633317
82939,1910.4246663633317
82940,1910.4246663633317
82941,1910.4246663633317
82942,1910.4246663633317
82943,1910.4246663633317
82944,1910.4246663633317
82945,1910.4246663633317
82946,1910.4246663633317
82947,1910.4246663633317
82948,1910.4246663633317
82949,1910.4246663633317
82950,1910.4246663633317
82951,1910.4246663633317
82952,1910.4246663633317
82953,1910.4246663633317
82954,1910.4246663633317
82955,1910.4246663633317
82956,1910.4246663633317
82957,1910.4246663633317
82958,1910.4246663633317
82959,1910.4246663633317
82960,1910.4246663633317
82961,1910.4246663633317
82962,1910.4246663633317
82963,1910.4246663633317
82964,1910.4246663633317
82965,1910.4246663633317
82966,1910.4246663633317
82967,1910.4246663633317
82968,1910.4246663633317
82969,1910.4246663633317
82970,1910.4246663633317
82971,1910.4246663633317
82972,1910.4246663633317
82973,1910.4246663633317
82974,1910.4246663633317
82975,1910.4246663633317
82976,1910.4246663633317
82977,1910.4246663633317
82978,1910.4246663633317
82979,1910.4246663633317
82980,1910.4246663633317
82981,1910.4246663633317
82982,1910.4246663633317
82983,1910.4246663633317
82984,1910.4246663633317
82985,1910.4246663633317
82986,1910.4246663633317
82987,1910.4246663633317
82988,1910.4246663633317
82989,1910.4246663633317
82990,1910.4246663633317
82991,1910.4246663633317
82992,1910.4246663633317
82993,1910.4246663633317
82994,1910.4246663633317
82995,1910.4246663633317
82996,1910.4246663633317
82997,1910.4246663633317
82998,1910.4246663633317
82999,1910.4246663633317
83000,1910.4246663633317
83001,1910.4246663633317
83002,1910.4246663633317
83003,1910.4246663633317
83004,1910.4246663633317
83005,1910.4246663633317
83006,1910.4246663633317
83007,1910.4246663633317
83008,1910.4246663633317
83009,1910.4246663633317
83010,1910.4246663633317
83011,1910.4246663633317
83012,1910.4246663633317
83013,1910.4246663633317
83014,1910.4246663633317
83015,1910.4246663633317
83016,1910.4246663633317
83017,1910.4246663633317
83018,1910.4246663633317
83019,1910.4246663633317
83020,1910.4246663633317
83021,1910.4246663633317
83022,1910.4246663633317
83023,1910.4246663633317
83024,1910.4246663633317
83025,1910.4246663633317
83026,1910.4246663633317
83027,1910.4246663633317
83028,1910.4246663633317
83029,1910.4246663633317
83030,1910.4246663633317
83031,1910.4246663633317
83032,1910.4246663633317
83033,1910.4246663633317
83034,1910.4246663633317
83035,1910.4246663633317
83036,1910.4246663633317
83037,1910.4246663633317
83038,1910.4246663633317
83039,1910.4246663633317
83040,1910.4246663633317
83041,1910.4246663633317
83042,1910.4246663633317
83043,1910.4246663633317
83044,1910.4246663633317
83045,1910.4246663633317
83046,1910.4246663633317
83047,1910.4246663633317
83048,1910.4246663633317
83049,1910.4246663633317
83050,1910.4246663633317
83051,1910.4246663633317
83052,1910.4246663633317
83053,1910.4246663633317
83054,1910.4246663633317
83055,1910.4246663633317
83056,1910.4246663633317
83057,1910.4246663633317
83058,1910.4246663633317
83059,1910.4246663633317
83060,1910.4246663633317
83061,1910.4246663633317
83062,1910.4246663633317
83063,1910.4246663633317
83064,1910.4246663633317
83065,1910.4246663633317
83066,1910.4246663633317
83067,1910.4246663633317
83068,1910.4246663633317
83069,1910.4246663633317
83070,1910.4246663633317
83071,1910.4246663633317
83072,1910.4246663633317
83073,1910.4246663633317
83074,1910.4246663633317
83075,1910.4246663633317
83076,1910.4246663633317
83077,1910.4246663633317
83078,1910.4246663633317
83079,1910.4246663633317
83080,1910.4246663633317
83081,1910.4246663633317
83082,1910.4246663633317
83083,1910.4246663633317
83084,1910.4246663633317
83085,1910.4246663633317
83086,1910.4246663633317
83087,1910.4246663633317
83088,1910.4246663633317
83089,1910.4246663633317
83090,1910.4246663633317
83091,1910.4246663633317
83092,1910.4246663633317
83093,1910.4246663633317
83094,1910.4246663633317
83095,1910.4246663633317
83096,1910.4246663633317
83097,1910.4246663633317
83098,1910.4246663633317
83099,1910.4246663633317
83100,1910.4246663633317
83101,1910.4246663633317
83102,1910.4246663633317
83103,1910.4246663633317
83104,1910.4246663633317
83105,1910.4246663633317
83106,1910.4246663633317
83107,1910.4246663633317
83108,1910.4246663633317
83109,1910.4246663633317
83110,1910.4246663633317
83111,1910.4246663633317
83112,1910.4246663633317
83113,1910.4246663633317
83114,1910.4246663633317
83115,1910.4246663633317
83116,1910.4246663633317
83117,1910.4246663633317
83118,1910.4246663633317
83119,1910.4246663633317
83120,1910.4246663633317
83121,1910.4246663633317
83122,1910.4246663633317
83123,1910.4246663633317
83124,1910.4246663633317
83125,1910.4246663633317
83126,1910.4246663633317
83127,1910.4246663633317
83128,1910.4246663633317
83129,1910.4246663633317
83130,1910.4246663633317
83131,1910.4246663633317
83132,1910.4246663633317
83133,1910.4246663633317
83134,1910.4246663633317
83135,1910.4246663633317
83136,1910.4246663633317
83137,1910.4246663633317
83138,1910.4246663633317
83139,1910.4246663633317
83140,1910.4246663633317
83141,1910.4246663633317
83142,1910.4246663633317
83143,1910.4246663633317
83144,1910.4246663633317
83145,1910.4246663633317
83146,1910.4246663633317
83147,1910.4246663633317
83148,1910.4246663633317
83149,1910.4246663633317
83150,1910.4246663633317
83151,1910.4246663633317
83152,1910.4246663633317
83153,1910.4246663633317
83154,1910.4246663633317
83155,1910.4246663633317
83156,1910.4246663633317
83157,1910.4246663633317
83158,1910.4246663633317
83159,1910.4246663633317
83160,1910.4246663633317
83161,1910.4246663633317
83162,1910.4246663633317
83163,1910.4246663633317
83164,1910.4246663633317
83165,1910.4246663633317
83166,1910.4246663633317
83167,1910.4246663633317
83168,1910.4246663633317
83169,1910.4246663633317
83170,1910.4246663633317
83171,1910.4246663633317
83172,1910.4246663633317
83173,1910.4246663633317
83174,1910.4246663633317
83175,1910.4246663633317
83176,1910.4246663633317
83177,1910.4246663633317
83178,1910.4246663633317
83179,1910.4246663633317
83180,1910.4246663633317
83181,1910.4246663633317
83182,1910.4246663633317
83183,1910.4246663633317
83184,1910.4246663633317
83185,1910.4246663633317
83186,1910.4246663633317
83187,1910.4246663633317
83188,1910.4246663633317
83189,1910.4246663633317
83190,1910.4246663633317
83191,1910.4246663633317
83192,1910.4246663633317
83193,1910.4246663633317
83194,1910.4246663633317
83195,1910.4246663633317
83196,1910.4246663633317
83197,1910.4246663633317
83198,1910.4246663633317
83199,1910.4246663633317
83200,1910.4246663633317
83201,1910.4246663633317
83202,1910.4246663633317
83203,1910.4246663633317
83204,1910.4246663633317
83205,1910.4246663633317
83206,1910.4246663633317
83207,1910.4246663633317
83208,1910.4246663633317
83209,1910.4246663633317
83210,1910.4246663633317
83211,1910.4246663633317
83212,1910.4246663633317
83213,1910.4246663633317
83214,1910.4246663633317
83215,1910.4246663633317
83216,1910.4246663633317
83217,1910.4246663633317
83218,1910.4246663633317
83219,1910.4246663633317
83220,1910.4246663633317
83221,1910.4246663633317
83222,1910.4246663633317
83223,1910.4246663633317
83224,1910.4246663633317
83225,1910.4246663633317
83226,1910.4246663633317
83227,1910.4246663633317
83228,1910.4246663633317
83229,1910.4246663633317
83230,1910.4246663633317
83231,1910.4246663633317
83232,1910.4246663633317
83233,1910.4246663633317
83234,1910.4246663633317
83235,1910.4246663633317
83236,1910.4246663633317
83237,1910.4246663633317
83238,1910.4246663633317
83239,1910.4246663633317
83240,1910.4246663633317
83241,1910.4246663633317
83242,1910.4246663633317
83243,1910.4246663633317
83244,1910.4246663633317
83245,1910.4246663633317
83246,1910.4246663633317
83247,1910.4246663633317
83248,1910.4246663633317
83249,1910.4246663633317
83250,1910.4246663633317
83251,1910.4246663633317
83252,1910.4246663633317
83253,1910.4246663633317
83254,1910.4246663633317
83255,1910.4246663633317
83256,1910.4246663633317
83257,1910.4246663633317
83258,1910.4246663633317
83259,1910.4246663633317
83260,1910.4246663633317
83261,1910.4246663633317
83262,1910.4246663633317
83263,1910.4246663633317
83264,1910.4246663633317
83265,1910.4246663633317
83266,1910.4246663633317
83267,1910.4246663633317
83268,1910.4246663633317
83269,1910.4246663633317
83270,1910.4246663633317
83271,1910.4246663633317
83272,1910.4246663633317
83273,1910.4246663633317
83274,1910.4246663633317
83275,1910.4246663633317
83276,1910.4246663633317
83277,1910.4246663633317
83278,1910.4246663633317
83279,1910.4246663633317
83280,1910.4246663633317
83281,1910.4246663633317
83282,1910.4246663633317
83283,1910.4246663633317
83284,1910.4246663633317
83285,1910.4246663633317
83286,1910.4246663633317
83287,1910.4246663633317
83288,1910.4246663633317
83289,1910.4246663633317
83290,1910.4246663633317
83291,1910.4246663633317
83292,1910.4246663633317
83293,1910.4246663633317
83294,1910.4246663633317
83295,1910.4246663633317
83296,1910.4246663633317
83297,1910.4246663633317
83298,1910.4246663633317
83299,1910.4246663633317
83300,1910.4246663633317
83301,1910.4246663633317
83302,1910.4246663633317
83303,1910.4246663633317
83304,1910.4246663633317
83305,1910.4246663633317
83306,1910.4246663633317
83307,1910.4246663633317
83308,1910.4246663633317
83309,1910.4246663633317
83310,1910.4246663633317
83311,1910.4246663633317
83312,1910.4246663633317
83313,1910.4246663633317
83314,1910.4246663633317
83315,1910.4246663633317
83316,1910.4246663633317
83317,1910.4246663633317
83318,1910.4246663633317
83319,1910.4246663633317
83320,1910.4246663633317
83321,1910.4246663633317
83322,1910.4246663633317
83323,1910.4246663633317
83324,1910.4246663633317
83325,1910.4246663633317
83326,1910.4246663633317
83327,1910.4246663633317
83328,1910.4246663633317
83329,1910.4246663633317
83330,1910.4246663633317
83331,1910.4246663633317
83332,1910.4246663633317
83333,1910.4246663633317
83334,1910.4246663633317
83335,1910.4246663633317
83336,1910.4246663633317
83337,1910.4246663633317
83338,1910.4246663633317
83339,1910.4246663633317
83340,1910.4246663633317
83341,1910.4246663633317
83342,1910.4246663633317
83343,1910.4246663633317
83344,1910.4246663633317
83345,1910.4246663633317
83346,1910.4246663633317
83347,1910.4246663633317
83348,1910.4246663633317
83349,1910.4246663633317
83350,1910.4246663633317
83351,1910.4246663633317
83352,1910.4246663633317
83353,1910.4246663633317
83354,1910.4246663633317
83355,1910.4246663633317
83356,1910.4246663633317
83357,1910.4246663633317
83358,1910.4246663633317
83359,1910.4246663633317
83360,1910.4246663633317
83361,1910.4246663633317
83362,1910.4246663633317
83363,1910.4246663633317
83364,1910.4246663633317
83365,1910.4246663633317
83366,1910.4246663633317
83367,1910.4246663633317
83368,1910.4246663633317
83369,1910.4246663633317
83370,1910.4246663633317
83371,1910.4246663633317
83372,1910.4246663633317
83373,1910.4246663633317
83374,1910.4246663633317
83375,1910.4246663633317
83376,1910.4246663633317
83377,1910.4246663633317
83378,1910.4246663633317
83379,1910.4246663633317
83380,1910.4246663633317
83381,1910.4246663633317
83382,1910.4246663633317
83383,1910.4246663633317
83384,1910.4246663633317
83385,1910.4246663633317
83386,1910.4246663633317
83387,1910.4246663633317
83388,1910.4246663633317
83389,1910.4246663633317
83390,1910.4246663633317
83391,1910.4246663633317
83392,1910.4246663633317
83393,1910.4246663633317
83394,1910.4246663633317
83395,1910.4246663633317
83396,1910.4246663633317
83397,1910.4246663633317
83398,1910.4246663633317
83399,1910.4246663633317
83400,1910.4246663633317
83401,1910.4246663633317
83402,1910.4246663633317
83403,1910.4246663633317
83404,1910.4246663633317
83405,1910.4246663633317
83406,1910.4246663633317
83407,1910.4246663633317
83408,1910.4246663633317
83409,1910.4246663633317
83410,1910.4246663633317
83411,1910.4246663633317
83412,1910.4246663633317
83413,1910.4246663633317
83414,1910.4246663633317
83415,1910.4246663633317
83416,1910.4246663633317
83417,1910.4246663633317
83418,1910.4246663633317
83419,1910.4246663633317
83420,1910.4246663633317
83421,1910.4246663633317
83422,1910.4246663633317
83423,1910.4246663633317
83424,1910.4246663633317
83425,1910.4246663633317
83426,1910.4246663633317
83427,1910.4246663633317
83428,1910.4246663633317
83429,1910.4246663633317
83430,1910.4246663633317
83431,1910.4246663633317
83432,1910.4246663633317
83433,1910.4246663633317
83434,1910.4246663633317
83435,1910.4246663633317
83436,1910.4246663633317
83437,1910.4246663633317
83438,1910.4246663633317
83439,1910.4246663633317
83440,1910.4246663633317
83441,1910.4246663633317
83442,1910.4246663633317
83443,1910.4246663633317
83444,1910.4246663633317
83445,1910.4246663633317
83446,1910.4246663633317
83447,1910.4246663633317
83448,1910.4246663633317
83449,1910.4246663633317
83450,1910.4246663633317
83451,1910.4246663633317
83452,1910.4246663633317
83453,1910.4246663633317
83454,1910.4246663633317
83455,1910.4246663633317
83456,1910.4246663633317
83457,1910.4246663633317
83458,1910.4246663633317
83459,1910.4246663633317
83460,1910.4246663633317
83461,1910.4246663633317
83462,1910.4246663633317
83463,1910.4246663633317
83464,1910.4246663633317
83465,1910.4246663633317
83466,1910.4246663633317
83467,1910.4246663633317
83468,1910.4246663633317
83469,1910.4246663633317
83470,1910.4246663633317
83471,1910.4246663633317
83472,1910.4246663633317
83473,1910.4246663633317
83474,1910.4246663633317
83475,1910.4246663633317
83476,1910.4246663633317
83477,1910.4246663633317
83478,1910.4246663633317
83479,1910.4246663633317
83480,1910.4246663633317
83481,1910.4246663633317
83482,1910.4246663633317
83483,1910.4246663633317
83484,1910.4246663633317
83485,1910.4246663633317
83486,1910.4246663633317
83487,1910.4246663633317
83488,1910.4246663633317
83489,1910.4246663633317
83490,1910.4246663633317
83491,1910.4246663633317
83492,1910.4246663633317
83493,1910.4246663633317
83494,1910.4246663633317
83495,1910.4246663633317
83496,1910.4246663633317
83497,1910.4246663633317
83498,1910.4246663633317
83499,1910.4246663633317
83500,1910.4246663633317
83501,1910.4246663633317
83502,1910.4246663633317
83503,1910.4246663633317
83504,1910.4246663633317
83505,1910.4246663633317
83506,1910.4246663633317
83507,1910.4246663633317
83508,1910.4246663633317
83509,1910.4246663633317
83510,1910.4246663633317
83511,1910.4246663633317
83512,1910.4246663633317
83513,1910.4246663633317
83514,1910.4246663633317
83515,1910.4246663633317
83516,1910.4246663633317
83517,1910.4246663633317
83518,1910.4246663633317
83519,1910.4246663633317
83520,1910.4246663633317
83521,1910.4246663633317
83522,1910.4246663633317
83523,1910.4246663633317
83524,1910.4246663633317
83525,1910.4246663633317
83526,1910.4246663633317
83527,1910.4246663633317
83528,1910.4246663633317
83529,1910.4246663633317
83530,1910.4246663633317
83531,1910.4246663633317
83532,1910.4246663633317
83533,1910.4246663633317
83534,1910.4246663633317
83535,1910.4246663633317
83536,1910.4246663633317
83537,1910.4246663633317
83538,1910.4246663633317
83539,1910.4246663633317
83540,1910.4246663633317
83541,1910.4246663633317
83542,1910.4246663633317
83543,1910.4246663633317
83544,1910.4246663633317
83545,1910.4246663633317
83546,1910.4246663633317
83547,1910.4246663633317
83548,1910.4246663633317
83549,1910.4246663633317
83550,1910.4246663633317
83551,1910.4246663633317
83552,1910.4246663633317
83553,1910.4246663633317
83554,1910.4246663633317
83555,1910.4246663633317
83556,1910.4246663633317
83557,1910.4246663633317
83558,1910.4246663633317
83559,1910.4246663633317
83560,1910.4246663633317
83561,1910.4246663633317
83562,1910.4246663633317
83563,1910.4246663633317
83564,1910.4246663633317
83565,1910.4246663633317
83566,1910.4246663633317
83567,1910.4246663633317
83568,1910.4246663633317
83569,1910.4246663633317
83570,1910.4246663633317
83571,1910.4246663633317
83572,1910.4246663633317
83573,1910.4246663633317
83574,1910.4246663633317
83575,1910.4246663633317
83576,1910.4246663633317
83577,1910.4246663633317
83578,1910.4246663633317
83579,1910.4246663633317
83580,1910.4246663633317
83581,1910.4246663633317
83582,1910.4246663633317
83583,1910.4246663633317
83584,1910.4246663633317
83585,1910.4246663633317
83586,1910.4246663633317
83587,1910.4246663633317
83588,1910.4246663633317
83589,1910.4246663633317
83590,1910.4246663633317
83591,1910.4246663633317
83592,1910.4246663633317
83593,1910.4246663633317
83594,1910.4246663633317
83595,1910.4246663633317
83596,1910.4246663633317
83597,1910.4246663633317
83598,1910.4246663633317
83599,1910.4246663633317
83600,1910.4246663633317
83601,1910.4246663633317
83602,1910.4246663633317
83603,1910.4246663633317
83604,1910.4246663633317
83605,1910.4246663633317
83606,1910.4246663633317
83607,1910.4246663633317
83608,1910.4246663633317
83609,1910.4246663633317
83610,1910.4246663633317
83611,1910.4246663633317
83612,1910.4246663633317
83613,1910.4246663633317
83614,1910.4246663633317
83615,1910.4246663633317
83616,1910.4246663633317
83617,1910.4246663633317
83618,1910.4246663633317
83619,1910.4246663633317
83620,1910.4246663633317
83621,1910.4246663633317
83622,1910.4246663633317
83623,1910.4246663633317
83624,1910.4246663633317
83625,1910.4246663633317
83626,1910.4246663633317
83627,1910.4246663633317
83628,1910.4246663633317
83629,1910.4246663633317
83630,1910.4246663633317
83631,1910.4246663633317
83632,1910.4246663633317
83633,1910.4246663633317
83634,1910.4246663633317
83635,1910.4246663633317
83636,1910.4246663633317
83637,1910.4246663633317
83638,1910.4246663633317
83639,1910.4246663633317
83640,1910.4246663633317
83641,1910.4246663633317
83642,1910.4246663633317
83643,1910.4246663633317
83644,1910.4246663633317
83645,1910.4246663633317
83646,1910.4246663633317
83647,1910.4246663633317
83648,1910.4246663633317
83649,1910.4246663633317
83650,1910.4246663633317
83651,1910.4246663633317
83652,1910.4246663633317
83653,1910.4246663633317
83654,1910.4246663633317
83655,1910.4246663633317
83656,1910.4246663633317
83657,1910.4246663633317
83658,1910.4246663633317
83659,1910.4246663633317
83660,1910.4246663633317
83661,1910.4246663633317
83662,1910.4246663633317
83663,1910.4246663633317
83664,1910.4246663633317
83665,1910.4246663633317
83666,1910.4246663633317
83667,1910.4246663633317
83668,1910.4246663633317
83669,1910.4246663633317
83670,1910.4246663633317
83671,1910.4246663633317
83672,1910.4246663633317
83673,1910.4246663633317
83674,1910.4246663633317
83675,1910.4246663633317
83676,1910.4246663633317
83677,1910.4246663633317
83678,1910.4246663633317
83679,1910.4246663633317
83680,1910.4246663633317
83681,1910.4246663633317
83682,1910.4246663633317
83683,1910.4246663633317
83684,1910.4246663633317
83685,1910.4246663633317
83686,1910.4246663633317
83687,1910.4246663633317
83688,1910.4246663633317
83689,1910.4246663633317
83690,1910.4246663633317
83691,1910.4246663633317
83692,1910.4246663633317
83693,1910.4246663633317
83694,1910.4246663633317
83695,1910.4246663633317
83696,1910.4246663633317
83697,1910.4246663633317
83698,1910.4246663633317
83699,1910.4246663633317
83700,1910.4246663633317
83701,1910.4246663633317
83702,1910.4246663633317
83703,1910.4246663633317
83704,1910.4246663633317
83705,1910.4246663633317
83706,1910.4246663633317
83707,1910.4246663633317
83708,1910.4246663633317
83709,1910.4246663633317
83710,1910.4246663633317
83711,1910.4246663633317
83712,1910.4246663633317
83713,1910.4246663633317
83714,1910.4246663633317
83715,1910.4246663633317
83716,1910.4246663633317
83717,1910.4246663633317
83718,1910.4246663633317
83719,1910.4246663633317
83720,1910.4246663633317
83721,1910.4246663633317
83722,1910.4246663633317
83723,1910.4246663633317
83724,1910.4246663633317
83725,1910.4246663633317
83726,1910.4246663633317
83727,1910.4246663633317
83728,1910.4246663633317
83729,1910.4246663633317
83730,1910.4246663633317
83731,1910.4246663633317
83732,1910.4246663633317
83733,1910.4246663633317
83734,1910.4246663633317
83735,1910.4246663633317
83736,1910.4246663633317
83737,1910.4246663633317
83738,1910.4246663633317
83739,1910.4246663633317
83740,1910.4246663633317
83741,1910.4246663633317
83742,1910.4246663633317
83743,1910.4246663633317
83744,1910.4246663633317
83745,1910.4246663633317
83746,1910.4246663633317
83747,1910.4246663633317
83748,1910.4246663633317
83749,1910.4246663633317
83750,1910.4246663633317
83751,1910.4246663633317
83752,1910.4246663633317
83753,1910.4246663633317
83754,1910.4246663633317
83755,1910.4246663633317
83756,1910.4246663633317
83757,1910.4246663633317
83758,1910.4246663633317
83759,1910.4246663633317
83760,1910.4246663633317
83761,1910.4246663633317
83762,1910.4246663633317
83763,1910.4246663633317
83764,1910.4246663633317
83765,1910.4246663633317
83766,1910.4246663633317
83767,1910.4246663633317
83768,1910.4246663633317
83769,1910.4246663633317
83770,1910.4246663633317
83771,1910.4246663633317
83772,1910.4246663633317
83773,1910.4246663633317
83774,1910.4246663633317
83775,1910.4246663633317
83776,1910.4246663633317
83777,1910.4246663633317
83778,1910.4246663633317
83779,1910.4246663633317
83780,1910.4246663633317
83781,1910.4246663633317
83782,1910.4246663633317
83783,1910.4246663633317
83784,1910.4246663633317
83785,1910.4246663633317
83786,1910.4246663633317
83787,1910.4246663633317
83788,1910.4246663633317
83789,1910.4246663633317
83790,1910.4246663633317
83791,1910.4246663633317
83792,1910.4246663633317
83793,1910.4246663633317
83794,1910.4246663633317
83795,1910.4246663633317
83796,1910.4246663633317
83797,1910.4246663633317
83798,1910.4246663633317
83799,1910.4246663633317
83800,1910.4246663633317
83801,1910.4246663633317
83802,1910.4246663633317
83803,1910.4246663633317
83804,1910.4246663633317
83805,1910.4246663633317
83806,1910.4246663633317
83807,1910.4246663633317
83808,1910.4246663633317
83809,1910.4246663633317
83810,1910.4246663633317
83811,1910.4246663633317
83812,1910.4246663633317
83813,1910.4246663633317
83814,1910.4246663633317
83815,1910.4246663633317
83816,1910.4246663633317
83817,1910.4246663633317
83818,1910.4246663633317
83819,1910.4246663633317
83820,1910.4246663633317
83821,1910.4246663633317
83822,1910.4246663633317
83823,1910.4246663633317
83824,1910.4246663633317
83825,1910.4246663633317
83826,1910.4246663633317
83827,1910.4246663633317
83828,1910.4246663633317
83829,1910.4246663633317
83830,1910.4246663633317
83831,1910.4246663633317
83832,1910.4246663633317
83833,1910.4246663633317
83834,1910.4246663633317
83835,1910.4246663633317
83836,1910.4246663633317
83837,1910.4246663633317
83838,1910.4246663633317
83839,1910.4246663633317
83840,1910.4246663633317
83841,1910.4246663633317
83842,1910.4246663633317
83843,1910.4246663633317
83844,1910.4246663633317
83845,1910.4246663633317
83846,1910.4246663633317
83847,1910.4246663633317
83848,1910.4246663633317
83849,1910.4246663633317
83850,1910.4246663633317
83851,1910.4246663633317
83852,1910.4246663633317
83853,1910.4246663633317
83854,1910.4246663633317
83855,1910.4246663633317
83856,1910.4246663633317
83857,1910.4246663633317
83858,1910.4246663633317
83859,1910.4246663633317
83860,1910.4246663633317
83861,1910.4246663633317
83862,1910.4246663633317
83863,1910.4246663633317
83864,1910.4246663633317
83865,1910.4246663633317
83866,1910.4246663633317
83867,1910.4246663633317
83868,1910.4246663633317
83869,1910.4246663633317
83870,1910.4246663633317
83871,1910.4246663633317
83872,1910.4246663633317
83873,1910.4246663633317
83874,1910.4246663633317
83875,1910.4246663633317
83876,1910.4246663633317
83877,1910.4246663633317
83878,1910.4246663633317
83879,1910.4246663633317
83880,1910.4246663633317
83881,1910.4246663633317
83882,1910.4246663633317
83883,1910.4246663633317
83884,1910.4246663633317
83885,1910.4246663633317
83886,1910.4246663633317
83887,1910.4246663633317
83888,1910.4246663633317
83889,1910.4246663633317
83890,1910.4246663633317
83891,1910.4246663633317
83892,1910.4246663633317
83893,1910.4246663633317
83894,1910.4246663633317
83895,1910.4246663633317
83896,1910.4246663633317
83897,1910.4246663633317
83898,1910.4246663633317
83899,1910.4246663633317
83900,1910.4246663633317
83901,1910.4246663633317
83902,1910.4246663633317
83903,1910.4246663633317
83904,1910.4246663633317
83905,1910.4246663633317
83906,1910.4246663633317
83907,1910.4246663633317
83908,1910.4246663633317
83909,1910.4246663633317
83910,1910.4246663633317
83911,1910.4246663633317
83912,1910.4246663633317
83913,1910.4246663633317
83914,1910.4246663633317
83915,1910.4246663633317
83916,1910.4246663633317
83917,1910.4246663633317
83918,1910.4246663633317
83919,1910.4246663633317
83920,1910.4246663633317
83921,1910.4246663633317
83922,1910.4246663633317
83923,1910.4246663633317
83924,1910.4246663633317
83925,1910.4246663633317
83926,1910.4246663633317
83927,1910.4246663633317
83928,1910.4246663633317
83929,1910.4246663633317
83930,1910.4246663633317
83931,1910.4246663633317
83932,1910.4246663633317
83933,1910.4246663633317
83934,1910.4246663633317
83935,1910.4246663633317
83936,1910.4246663633317
83937,1910.4246663633317
83938,1910.4246663633317
83939,1910.4246663633317
83940,1910.4246663633317
83941,1910.4246663633317
83942,1910.4246663633317
83943,1910.4246663633317
83944,1910.4246663633317
83945,1910.4246663633317
83946,1910.4246663633317
83947,1910.4246663633317
83948,1910.4246663633317
83949,1910.4246663633317
83950,1910.4246663633317
83951,1910.4246663633317
83952,1910.4246663633317
83953,1910.4246663633317
83954,1910.4246663633317
83955,1910.4246663633317
83956,1910.4246663633317
83957,1910.4246663633317
83958,1910.4246663633317
83959,1910.4246663633317
83960,1910.4246663633317
83961,1910.4246663633317
83962,1910.4246663633317
83963,1910.4246663633317
83964,1910.4246663633317
83965,1910.4246663633317
83966,1910.4246663633317
83967,1910.4246663633317
83968,1910.4246663633317
83969,1910.4246663633317
83970,1910.4246663633317
83971,1910.4246663633317
83972,1910.4246663633317
83973,1910.4246663633317
83974,1910.4246663633317
83975,1910.4246663633317
83976,1910.4246663633317
83977,1910.4246663633317
83978,1910.4246663633317
83979,1910.4246663633317
83980,1910.4246663633317
83981,1910.4246663633317
83982,1910.4246663633317
83983,1910.4246663633317
83984,1910.4246663633317
83985,1910.4246663633317
83986,1910.4246663633317
83987,1910.4246663633317
83988,1910.4246663633317
83989,1910.4246663633317
83990,1910.4246663633317
83991,1910.4246663633317
83992,1910.4246663633317
83993,1910.4246663633317
83994,1910.4246663633317
83995,1910.4246663633317
83996,1910.4246663633317
83997,1910.4246663633317
83998,1910.4246663633317
83999,1910.4246663633317
84000,1910.4246663633317
84001,1910.4246663633317
84002,1910.4246663633317
84003,1910.4246663633317
84004,1910.4246663633317
84005,1910.4246663633317
84006,1910.4246663633317
84007,1910.4246663633317
84008,1910.4246663633317
84009,1910.4246663633317
84010,1910.4246663633317
84011,1910.4246663633317
84012,1910.4246663633317
84013,1910.4246663633317
84014,1910.4246663633317
84015,1910.4246663633317
84016,1910.4246663633317
84017,1910.4246663633317
84018,1910.4246663633317
84019,1910.4246663633317
84020,1910.4246663633317
84021,1910.4246663633317
84022,1910.4246663633317
84023,1910.4246663633317
84024,1910.4246663633317
84025,1910.4246663633317
84026,1910.4246663633317
84027,1910.4246663633317
84028,1910.4246663633317
84029,1910.4246663633317
84030,1910.4246663633317
84031,1910.4246663633317
84032,1910.4246663633317
84033,1910.4246663633317
84034,1910.4246663633317
84035,1910.4246663633317
84036,1910.4246663633317
84037,1910.4246663633317
84038,1910.4246663633317
84039,1910.4246663633317
84040,1910.4246663633317
84041,1910.4246663633317
84042,1910.4246663633317
84043,1910.4246663633317
84044,1910.4246663633317
84045,1910.4246663633317
84046,1910.4246663633317
84047,1910.4246663633317
84048,1910.4246663633317
84049,1910.4246663633317
84050,1910.4246663633317
84051,1910.4246663633317
84052,1910.4246663633317
84053,1910.4246663633317
84054,1910.4246663633317
84055,1910.4246663633317
84056,1910.4246663633317
84057,1910.4246663633317
84058,1910.4246663633317
84059,1910.4246663633317
84060,1910.4246663633317
84061,1910.4246663633317
84062,1910.4246663633317
84063,1910.4246663633317
84064,1910.4246663633317
84065,1910.4246663633317
84066,1910.4246663633317
84067,1910.4246663633317
84068,1910.4246663633317
84069,1910.4246663633317
84070,1910.4246663633317
84071,1910.4246663633317
84072,1910.4246663633317
84073,1910.4246663633317
84074,1910.4246663633317
84075,1910.4246663633317
84076,1910.4246663633317
84077,1910.4246663633317
84078,1910.4246663633317
84079,1910.4246663633317
84080,1910.4246663633317
84081,1910.4246663633317
84082,1910.4246663633317
84083,1910.4246663633317
84084,1910.4246663633317
84085,1910.4246663633317
84086,1910.4246663633317
84087,1910.4246663633317
84088,1910.4246663633317
84089,1910.4246663633317
84090,1910.4246663633317
84091,1910.4246663633317
84092,1910.4246663633317
84093,1910.4246663633317
84094,1910.4246663633317
84095,1910.4246663633317
84096,1910.4246663633317
84097,1910.4246663633317
84098,1910.4246663633317
84099,1910.4246663633317
84100,1910.4246663633317
84101,1910.4246663633317
84102,1910.4246663633317
84103,1910.4246663633317
84104,1910.4246663633317
84105,1910.4246663633317
84106,1910.4246663633317
84107,1910.4246663633317
84108,1910.4246663633317
84109,1910.4246663633317
84110,1910.4246663633317
84111,1910.4246663633317
84112,1910.4246663633317
84113,1910.4246663633317
84114,1910.4246663633317
84115,1910.4246663633317
84116,1910.4246663633317
84117,1910.4246663633317
84118,1910.4246663633317
84119,1910.4246663633317
84120,1910.4246663633317
84121,1910.4246663633317
84122,1910.4246663633317
84123,1910.4246663633317
84124,1910.4246663633317
84125,1910.4246663633317
84126,1910.4246663633317
84127,1910.4246663633317
84128,1910.4246663633317
84129,1910.4246663633317
84130,1910.4246663633317
84131,1910.4246663633317
84132,1910.4246663633317
84133,1910.4246663633317
84134,1910.4246663633317
84135,1910.4246663633317
84136,1910.4246663633317
84137,1910.4246663633317
84138,1910.4246663633317
84139,1910.4246663633317
84140,1910.4246663633317
84141,1910.4246663633317
84142,1910.4246663633317
84143,1910.4246663633317
84144,1910.4246663633317
84145,1910.4246663633317
84146,1910.4246663633317
84147,1910.4246663633317
84148,1910.4246663633317
84149,1910.4246663633317
84150,1910.4246663633317
84151,1910.4246663633317
84152,1910.4246663633317
84153,1910.4246663633317
84154,1910.4246663633317
84155,1910.4246663633317
84156,1910.4246663633317
84157,1910.4246663633317
84158,1910.4246663633317
84159,1910.4246663633317
84160,1910.4246663633317
84161,1910.4246663633317
84162,1910.4246663633317
84163,1910.4246663633317
84164,1910.4246663633317
84165,1910.4246663633317
84166,1910.4246663633317
84167,1910.4246663633317
84168,1910.4246663633317
84169,1910.4246663633317
84170,1910.4246663633317
84171,1910.4246663633317
84172,1910.4246663633317
84173,1910.4246663633317
84174,1910.4246663633317
84175,1910.4246663633317
84176,1910.4246663633317
84177,1910.4246663633317
84178,1910.4246663633317
84179,1910.4246663633317
84180,1910.4246663633317
84181,1910.4246663633317
84182,1910.4246663633317
84183,1910.4246663633317
84184,1910.4246663633317
84185,1910.4246663633317
84186,1910.4246663633317
84187,1910.4246663633317
84188,1910.4246663633317
84189,1910.4246663633317
84190,1910.4246663633317
84191,1910.4246663633317
84192,1910.4246663633317
84193,1910.4246663633317
84194,1910.4246663633317
84195,1910.4246663633317
84196,1910.4246663633317
84197,1910.4246663633317
84198,1910.4246663633317
84199,1910.4246663633317
84200,1910.4246663633317
84201,1910.4246663633317
84202,1910.4246663633317
84203,1910.4246663633317
84204,1910.4246663633317
84205,1910.4246663633317
84206,1910.4246663633317
84207,1910.4246663633317
84208,1910.4246663633317
84209,1910.4246663633317
84210,1910.4246663633317
84211,1910.4246663633317
84212,1910.4246663633317
84213,1910.4246663633317
84214,1910.4246663633317
84215,1910.4246663633317
84216,1910.4246663633317
84217,1910.4246663633317
84218,1910.4246663633317
84219,1910.4246663633317
84220,1910.4246663633317
84221,1910.4246663633317
84222,1910.4246663633317
84223,1910.4246663633317
84224,1910.4246663633317
84225,1910.4246663633317
84226,1910.4246663633317
84227,1910.4246663633317
84228,1910.4246663633317
84229,1910.4246663633317
84230,1910.4246663633317
84231,1910.4246663633317
84232,1910.4246663633317
84233,1910.4246663633317
84234,1910.4246663633317
84235,1910.4246663633317
84236,1910.4246663633317
84237,1910.4246663633317
84238,1910.4246663633317
84239,1910.4246663633317
84240,1910.4246663633317
84241,1910.4246663633317
84242,1910.4246663633317
84243,1910.4246663633317
84244,1910.4246663633317
84245,1910.4246663633317
84246,1910.4246663633317
84247,1910.4246663633317
84248,1910.4246663633317
84249,1910.4246663633317
84250,1910.4246663633317
84251,1910.4246663633317
84252,1910.4246663633317
84253,1910.4246663633317
84254,1910.4246663633317
84255,1910.4246663633317
84256,1910.4246663633317
84257,1910.4246663633317
84258,1910.4246663633317
84259,1910.4246663633317
84260,1910.4246663633317
84261,1910.4246663633317
84262,1910.4246663633317
84263,1910.4246663633317
84264,1910.4246663633317
84265,1910.4246663633317
84266,1910.4246663633317
84267,1910.4246663633317
84268,1910.4246663633317
84269,1910.4246663633317
84270,1910.4246663633317
84271,1910.4246663633317
84272,1910.4246663633317
84273,1910.4246663633317
84274,1910.4246663633317
84275,1910.4246663633317
84276,1910.4246663633317
84277,1910.4246663633317
84278,1910.4246663633317
84279,1910.4246663633317
84280,1910.4246663633317
84281,1910.4246663633317
84282,1910.4246663633317
84283,1910.4246663633317
84284,1910.4246663633317
84285,1910.4246663633317
84286,1910.4246663633317
84287,1910.4246663633317
84288,1910.4246663633317
84289,1910.4246663633317
84290,1910.4246663633317
84291,1910.4246663633317
84292,1910.4246663633317
84293,1910.4246663633317
84294,1910.4246663633317
84295,1910.4246663633317
84296,1910.4246663633317
84297,1910.4246663633317
84298,1910.4246663633317
84299,1910.4246663633317
84300,1910.4246663633317
84301,1910.4246663633317
84302,1910.4246663633317
84303,1910.4246663633317
84304,1910.4246663633317
84305,1910.4246663633317
84306,1910.4246663633317
84307,1910.4246663633317
84308,1910.4246663633317
84309,1910.4246663633317
84310,1910.4246663633317
84311,1910.4246663633317
84312,1910.4246663633317
84313,1910.4246663633317
84314,1910.4246663633317
84315,1910.4246663633317
84316,1910.4246663633317
84317,1910.4246663633317
84318,1910.4246663633317
84319,1910.4246663633317
84320,1910.4246663633317
84321,1910.4246663633317
84322,1910.4246663633317
84323,1910.4246663633317
84324,1910.4246663633317
84325,1910.4246663633317
84326,1910.4246663633317
84327,1910.4246663633317
84328,1910.4246663633317
84329,1910.4246663633317
84330,1910.4246663633317
84331,1910.4246663633317
84332,1910.4246663633317
84333,1910.4246663633317
84334,1910.4246663633317
84335,1910.4246663633317
84336,1910.4246663633317
84337,1910.4246663633317
84338,1910.4246663633317
84339,1910.4246663633317
84340,1910.4246663633317
84341,1910.4246663633317
84342,1910.4246663633317
84343,1910.4246663633317
84344,1910.4246663633317
84345,1910.4246663633317
84346,1910.4246663633317
84347,1910.4246663633317
84348,1910.4246663633317
84349,1910.4246663633317
84350,1910.4246663633317
84351,1910.4246663633317
84352,1910.4246663633317
84353,1910.4246663633317
84354,1910.4246663633317
84355,1910.4246663633317
84356,1910.4246663633317
84357,1910.4246663633317
84358,1910.4246663633317
84359,1910.4246663633317
84360,1910.4246663633317
84361,1910.4246663633317
84362,1910.4246663633317
84363,1910.4246663633317
84364,1910.4246663633317
84365,1910.4246663633317
84366,1910.4246663633317
84367,1910.4246663633317
84368,1910.4246663633317
84369,1910.4246663633317
84370,1910.4246663633317
84371,1910.4246663633317
84372,1910.4246663633317
84373,1910.4246663633317
84374,1910.4246663633317
84375,1910.4246663633317
84376,1910.4246663633317
84377,1910.4246663633317
84378,1910.4246663633317
84379,1910.4246663633317
84380,1910.4246663633317
84381,1910.4246663633317
84382,1910.4246663633317
84383,1910.4246663633317
84384,1910.4246663633317
84385,1910.4246663633317
84386,1910.4246663633317
84387,1910.4246663633317
84388,1910.4246663633317
84389,1910.4246663633317
84390,1910.4246663633317
84391,1910.4246663633317
84392,1910.4246663633317
84393,1910.4246663633317
84394,1910.4246663633317
84395,1910.4246663633317
84396,1910.4246663633317
84397,1910.4246663633317
84398,1910.4246663633317
84399,1910.4246663633317
84400,1910.4246663633317
84401,1910.4246663633317
84402,1910.4246663633317
84403,1910.4246663633317
84404,1910.4246663633317
84405,1910.4246663633317
84406,1910.4246663633317
84407,1910.4246663633317
84408,1910.4246663633317
84409,1910.4246663633317
84410,1910.4246663633317
84411,1910.4246663633317
84412,1910.4246663633317
84413,1910.4246663633317
84414,1910.4246663633317
84415,1910.4246663633317
84416,1910.4246663633317
84417,1910.4246663633317
84418,1910.4246663633317
84419,1910.4246663633317
84420,1910.4246663633317
84421,1910.4246663633317
84422,1910.4246663633317
84423,1910.4246663633317
84424,1910.4246663633317
84425,1910.4246663633317
84426,1910.4246663633317
84427,1910.4246663633317
84428,1910.4246663633317
84429,1910.4246663633317
84430,1910.4246663633317
84431,1910.4246663633317
84432,1910.4246663633317
84433,1910.4246663633317
84434,1910.4246663633317
84435,1910.4246663633317
84436,1910.4246663633317
84437,1910.4246663633317
84438,1910.4246663633317
84439,1910.4246663633317
84440,1910.4246663633317
84441,1910.4246663633317
84442,1910.4246663633317
84443,1910.4246663633317
84444,1910.4246663633317
84445,1910.4246663633317
84446,1910.4246663633317
84447,1910.4246663633317
84448,1910.4246663633317
84449,1910.4246663633317
84450,1910.4246663633317
84451,1910.4246663633317
84452,1910.4246663633317
84453,1910.4246663633317
84454,1910.4246663633317
84455,1910.4246663633317
84456,1910.4246663633317
84457,1910.4246663633317
84458,1910.4246663633317
84459,1910.4246663633317
84460,1910.4246663633317
84461,1910.4246663633317
84462,1910.4246663633317
84463,1910.4246663633317
84464,1910.4246663633317
84465,1910.4246663633317
84466,1910.4246663633317
84467,1910.4246663633317
84468,1910.4246663633317
84469,1910.4246663633317
84470,1910.4246663633317
84471,1910.4246663633317
84472,1910.4246663633317
84473,1910.4246663633317
84474,1910.4246663633317
84475,1910.4246663633317
84476,1910.4246663633317
84477,1910.4246663633317
84478,1910.4246663633317
84479,1910.4246663633317
84480,1910.4246663633317
84481,1910.4246663633317
84482,1910.4246663633317
84483,1910.4246663633317
84484,1910.4246663633317
84485,1910.4246663633317
84486,1910.4246663633317
84487,1910.4246663633317
84488,1910.4246663633317
84489,1910.4246663633317
84490,1910.4246663633317
84491,1910.4246663633317
84492,1910.4246663633317
84493,1910.4246663633317
84494,1910.4246663633317
84495,1910.4246663633317
84496,1910.4246663633317
84497,1910.4246663633317
84498,1910.4246663633317
84499,1910.4246663633317
84500,1910.4246663633317
84501,1910.4246663633317
84502,1910.4246663633317
84503,1910.4246663633317
84504,1910.4246663633317
84505,1910.4246663633317
84506,1910.4246663633317
84507,1910.4246663633317
84508,1910.4246663633317
84509,1910.4246663633317
84510,1910.4246663633317
84511,1910.4246663633317
84512,1910.4246663633317
84513,1910.4246663633317
84514,1910.4246663633317
84515,1910.4246663633317
84516,1910.4246663633317
84517,1910.4246663633317
84518,1910.4246663633317
84519,1910.4246663633317
84520,1910.4246663633317
84521,1910.4246663633317
84522,1910.4246663633317
84523,1910.4246663633317
84524,1910.4246663633317
84525,1910.4246663633317
84526,1910.4246663633317
84527,1910.4246663633317
84528,1910.4246663633317
84529,1910.4246663633317
84530,1910.4246663633317
84531,1910.4246663633317
84532,1910.4246663633317
84533,1910.4246663633317
84534,1910.4246663633317
84535,1910.4246663633317
84536,1910.4246663633317
84537,1910.4246663633317
84538,1910.4246663633317
84539,1910.4246663633317
84540,1910.4246663633317
84541,1910.4246663633317
84542,1910.4246663633317
84543,1910.4246663633317
84544,1910.4246663633317
84545,1910.4246663633317
84546,1910.4246663633317
84547,1910.4246663633317
84548,1910.4246663633317
84549,1910.4246663633317
84550,1910.4246663633317
84551,1910.4246663633317
84552,1910.4246663633317
84553,1910.4246663633317
84554,1910.4246663633317
84555,1910.4246663633317
84556,1910.4246663633317
84557,1910.4246663633317
84558,1910.4246663633317
84559,1910.4246663633317
84560,1910.4246663633317
84561,1910.4246663633317
84562,1910.4246663633317
84563,1910.4246663633317
84564,1910.4246663633317
84565,1910.4246663633317
84566,1910.4246663633317
84567,1910.4246663633317
84568,1910.4246663633317
84569,1910.4246663633317
84570,1910.4246663633317
84571,1910.4246663633317
84572,1910.4246663633317
84573,1910.4246663633317
84574,1910.4246663633317
84575,1910.4246663633317
84576,1910.4246663633317
84577,1910.4246663633317
84578,1910.4246663633317
84579,1910.4246663633317
84580,1910.4246663633317
84581,1910.4246663633317
84582,1910.4246663633317
84583,1910.4246663633317
84584,1910.4246663633317
84585,1910.4246663633317
84586,1910.4246663633317
84587,1910.4246663633317
84588,1910.4246663633317
84589,1910.4246663633317
84590,1910.4246663633317
84591,1910.4246663633317
84592,1910.4246663633317
84593,1910.4246663633317
84594,1910.4246663633317
84595,1910.4246663633317
84596,1910.4246663633317
84597,1910.4246663633317
84598,1910.4246663633317
84599,1910.4246663633317
84600,1910.4246663633317
84601,1910.4246663633317
84602,1910.4246663633317
84603,1910.4246663633317
84604,1910.4246663633317
84605,1910.4246663633317
84606,1910.4246663633317
84607,1910.4246663633317
84608,1910.4246663633317
84609,1910.4246663633317
84610,1910.4246663633317
84611,1910.4246663633317
84612,1910.4246663633317
84613,1910.4246663633317
84614,1910.4246663633317
84615,1910.4246663633317
84616,1910.4246663633317
84617,1910.4246663633317
84618,1910.4246663633317
84619,1910.4246663633317
84620,1910.4246663633317
84621,1910.4246663633317
84622,1910.4246663633317
84623,1910.4246663633317
84624,1910.4246663633317
84625,1910.4246663633317
84626,1910.4246663633317
84627,1910.4246663633317
84628,1910.4246663633317
84629,1910.4246663633317
84630,1910.4246663633317
84631,1910.4246663633317
84632,1910.4246663633317
84633,1910.4246663633317
84634,1910.4246663633317
84635,1910.4246663633317
84636,1910.4246663633317
84637,1910.4246663633317
84638,1910.4246663633317
84639,1910.4246663633317
84640,1910.4246663633317
84641,1910.4246663633317
84642,1910.4246663633317
84643,1910.4246663633317
84644,1910.4246663633317
84645,1910.4246663633317
84646,1910.4246663633317
84647,1910.4246663633317
84648,1910.4246663633317
84649,1910.4246663633317
84650,1910.4246663633317
84651,1910.4246663633317
84652,1910.4246663633317
84653,1910.4246663633317
84654,1910.4246663633317
84655,1910.4246663633317
84656,1910.4246663633317
84657,1910.4246663633317
84658,1910.4246663633317
84659,1910.4246663633317
84660,1910.4246663633317
84661,1910.4246663633317
84662,1910.4246663633317
84663,1910.4246663633317
84664,1910.4246663633317
84665,1910.4246663633317
84666,1910.4246663633317
84667,1910.4246663633317
84668,1910.4246663633317
84669,1910.4246663633317
84670,1910.4246663633317
84671,1910.4246663633317
84672,1910.4246663633317
84673,1910.4246663633317
84674,1910.4246663633317
84675,1910.4246663633317
84676,1910.4246663633317
84677,1910.4246663633317
84678,1910.4246663633317
84679,1910.4246663633317
84680,1910.4246663633317
84681,1910.4246663633317
84682,1910.4246663633317
84683,1910.4246663633317
84684,1910.4246663633317
84685,1910.4246663633317
84686,1910.4246663633317
84687,1910.4246663633317
84688,1910.4246663633317
84689,1910.4246663633317
84690,1910.4246663633317
84691,1910.4246663633317
84692,1910.4246663633317
84693,1910.4246663633317
84694,1910.4246663633317
84695,1910.4246663633317
84696,1910.4246663633317
84697,1910.4246663633317
84698,1910.4246663633317
84699,1910.4246663633317
84700,1910.4246663633317
84701,1910.4246663633317
84702,1910.4246663633317
84703,1910.4246663633317
84704,1910.4246663633317
84705,1910.4246663633317
84706,1910.4246663633317
84707,1910.4246663633317
84708,1910.4246663633317
84709,1910.4246663633317
84710,1910.4246663633317
84711,1910.4246663633317
84712,1910.4246663633317
84713,1910.4246663633317
84714,1910.4246663633317
84715,1910.4246663633317
84716,1910.4246663633317
84717,1910.4246663633317
84718,1910.4246663633317
84719,1910.4246663633317
84720,1910.4246663633317
84721,1910.4246663633317
84722,1910.4246663633317
84723,1910.4246663633317
84724,1910.4246663633317
84725,1910.4246663633317
84726,1910.4246663633317
84727,1910.4246663633317
84728,1910.4246663633317
84729,1910.4246663633317
84730,1910.4246663633317
84731,1910.4246663633317
84732,1910.4246663633317
84733,1910.4246663633317
84734,1910.4246663633317
84735,1910.4246663633317
84736,1910.4246663633317
84737,1910.4246663633317
84738,1910.4246663633317
84739,1910.4246663633317
84740,1910.4246663633317
84741,1910.4246663633317
84742,1910.4246663633317
84743,1910.4246663633317
84744,1910.4246663633317
84745,1910.4246663633317
84746,1910.4246663633317
84747,1910.4246663633317
84748,1910.4246663633317
84749,1910.4246663633317
84750,1910.4246663633317
84751,1910.4246663633317
84752,1910.4246663633317
84753,1910.4246663633317
84754,1910.4246663633317
84755,1910.4246663633317
84756,1910.4246663633317
84757,1910.4246663633317
84758,1910.4246663633317
84759,1910.4246663633317
84760,1910.4246663633317
84761,1910.4246663633317
84762,1910.4246663633317
84763,1910.4246663633317
84764,1910.4246663633317
84765,1910.4246663633317
84766,1910.4246663633317
84767,1910.4246663633317
84768,1910.4246663633317
84769,1910.4246663633317
84770,1910.4246663633317
84771,1910.4246663633317
84772,1910.4246663633317
84773,1910.4246663633317
84774,1910.4246663633317
84775,1910.4246663633317
84776,1910.4246663633317
84777,1910.4246663633317
84778,1910.4246663633317
84779,1910.4246663633317
84780,1910.4246663633317
84781,1910.4246663633317
84782,1910.4246663633317
84783,1910.4246663633317
84784,1910.4246663633317
84785,1910.4246663633317
84786,1910.4246663633317
84787,1910.4246663633317
84788,1910.4246663633317
84789,1910.4246663633317
84790,1910.4246663633317
84791,1910.4246663633317
84792,1910.4246663633317
84793,1910.4246663633317
84794,1910.4246663633317
84795,1910.4246663633317
84796,1910.4246663633317
84797,1910.4246663633317
84798,1910.4246663633317
84799,1910.4246663633317
84800,1910.4246663633317
84801,1910.4246663633317
84802,1910.4246663633317
84803,1910.4246663633317
84804,1910.4246663633317
84805,1910.4246663633317
84806,1910.4246663633317
84807,1910.4246663633317
84808,1910.4246663633317
84809,1910.4246663633317
84810,1910.4246663633317
84811,1910.4246663633317
84812,1910.4246663633317
84813,1910.4246663633317
84814,1910.4246663633317
84815,1910.4246663633317
84816,1910.4246663633317
84817,1910.4246663633317
84818,1910.4246663633317
84819,1910.4246663633317
84820,1910.4246663633317
84821,1910.4246663633317
84822,1910.4246663633317
84823,1910.4246663633317
84824,1910.4246663633317
84825,1910.4246663633317
84826,1910.4246663633317
84827,1910.4246663633317
84828,1910.4246663633317
84829,1910.4246663633317
84830,1910.4246663633317
84831,1910.4246663633317
84832,1910.4246663633317
84833,1910.4246663633317
84834,1910.4246663633317
84835,1910.4246663633317
84836,1910.4246663633317
84837,1910.4246663633317
84838,1910.4246663633317
84839,1910.4246663633317
84840,1910.4246663633317
84841,1910.4246663633317
84842,1910.4246663633317
84843,1910.4246663633317
84844,1910.4246663633317
84845,1910.4246663633317
84846,1910.4246663633317
84847,1910.4246663633317
84848,1910.4246663633317
84849,1910.4246663633317
84850,1910.4246663633317
84851,1910.4246663633317
84852,1910.4246663633317
84853,1910.4246663633317
84854,1910.4246663633317
84855,1910.4246663633317
84856,1910.4246663633317
84857,1910.4246663633317
84858,1910.4246663633317
84859,1910.4246663633317
84860,1910.4246663633317
84861,1910.4246663633317
84862,1910.4246663633317
84863,1910.4246663633317
84864,1910.4246663633317
84865,1910.4246663633317
84866,1910.4246663633317
84867,1910.4246663633317
84868,1910.4246663633317
84869,1910.4246663633317
84870,1910.4246663633317
84871,1910.4246663633317
84872,1910.4246663633317
84873,1910.4246663633317
84874,1910.4246663633317
84875,1910.4246663633317
84876,1910.4246663633317
84877,1910.4246663633317
84878,1910.4246663633317
84879,1910.4246663633317
84880,1910.4246663633317
84881,1910.4246663633317
84882,1910.4246663633317
84883,1910.4246663633317
84884,1910.4246663633317
84885,1910.4246663633317
84886,1910.4246663633317
84887,1910.4246663633317
84888,1910.4246663633317
84889,1910.4246663633317
84890,1910.4246663633317
84891,1910.4246663633317
84892,1910.4246663633317
84893,1910.4246663633317
84894,1910.4246663633317
84895,1910.4246663633317
84896,1910.4246663633317
84897,1910.4246663633317
84898,1910.4246663633317
84899,1910.4246663633317
84900,1910.4246663633317
84901,1910.4246663633317
84902,1910.4246663633317
84903,1910.4246663633317
84904,1910.4246663633317
84905,1910.4246663633317
84906,1910.4246663633317
84907,1910.4246663633317
84908,1910.4246663633317
84909,1910.4246663633317
84910,1910.4246663633317
84911,1910.4246663633317
84912,1910.4246663633317
84913,1910.4246663633317
84914,1910.4246663633317
84915,1910.4246663633317
84916,1910.4246663633317
84917,1910.4246663633317
84918,1910.4246663633317
84919,1910.4246663633317
84920,1910.4246663633317
84921,1910.4246663633317
84922,1910.4246663633317
84923,1910.4246663633317
84924,1910.4246663633317
84925,1910.4246663633317
84926,1910.4246663633317
84927,1910.4246663633317
84928,1910.4246663633317
84929,1910.4246663633317
84930,1910.4246663633317
84931,1910.4246663633317
84932,1910.4246663633317
84933,1910.4246663633317
84934,1910.4246663633317
84935,1910.4246663633317
84936,1910.4246663633317
84937,1910.4246663633317
84938,1910.4246663633317
84939,1910.4246663633317
84940,1910.4246663633317
84941,1910.4246663633317
84942,1910.4246663633317
84943,1910.4246663633317
84944,1910.4246663633317
84945,1910.4246663633317
84946,1910.4246663633317
84947,1910.4246663633317
84948,1910.4246663633317
84949,1910.4246663633317
84950,1910.4246663633317
84951,1910.4246663633317
84952,1910.4246663633317
84953,1910.4246663633317
84954,1910.4246663633317
84955,1910.4246663633317
84956,1910.4246663633317
84957,1910.4246663633317
84958,1910.4246663633317
84959,1910.4246663633317
84960,1910.4246663633317
84961,1910.4246663633317
84962,1910.4246663633317
84963,1910.4246663633317
84964,1910.4246663633317
84965,1910.4246663633317
84966,1910.4246663633317
84967,1910.4246663633317
84968,1910.4246663633317
84969,1910.4246663633317
84970,1910.4246663633317
84971,1910.4246663633317
84972,1910.4246663633317
84973,1910.4246663633317
84974,1910.4246663633317
84975,1910.4246663633317
84976,1910.4246663633317
84977,1910.4246663633317
84978,1910.4246663633317
84979,1910.4246663633317
84980,1910.4246663633317
84981,1910.4246663633317
84982,1910.4246663633317
84983,1910.4246663633317
84984,1910.4246663633317
84985,1910.4246663633317
84986,1910.4246663633317
84987,1910.4246663633317
84988,1910.4246663633317
84989,1910.4246663633317
84990,1910.4246663633317
84991,1910.4246663633317
84992,1910.4246663633317
84993,1910.4246663633317
84994,1910.4246663633317
84995,1910.4246663633317
84996,1910.4246663633317
84997,1910.4246663633317
84998,1910.4246663633317
84999,1910.4246663633317
85000,1910.4246663633317
85001,1910.4246663633317
85002,1910.4246663633317
85003,1910.4246663633317
85004,1910.4246663633317
85005,1910.4246663633317
85006,1910.4246663633317
85007,1910.4246663633317
85008,1910.4246663633317
85009,1910.4246663633317
85010,1910.4246663633317
85011,1910.4246663633317
85012,1910.4246663633317
85013,1910.4246663633317
85014,1910.4246663633317
85015,1910.4246663633317
85016,1910.4246663633317
85017,1910.4246663633317
85018,1910.4246663633317
85019,1910.4246663633317
85020,1910.4246663633317
85021,1910.4246663633317
85022,1910.4246663633317
85023,1910.4246663633317
85024,1910.4246663633317
85025,1910.4246663633317
85026,1910.4246663633317
85027,1910.4246663633317
85028,1910.4246663633317
85029,1910.4246663633317
85030,1910.4246663633317
85031,1910.4246663633317
85032,1910.4246663633317
85033,1910.4246663633317
85034,1910.4246663633317
85035,1910.4246663633317
85036,1910.4246663633317
85037,1910.4246663633317
85038,1910.4246663633317
85039,1910.4246663633317
85040,1910.4246663633317
85041,1910.4246663633317
85042,1910.4246663633317
85043,1910.4246663633317
85044,1910.4246663633317
85045,1910.4246663633317
85046,1910.4246663633317
85047,1910.4246663633317
85048,1910.4246663633317
85049,1910.4246663633317
85050,1910.4246663633317
85051,1910.4246663633317
85052,1910.4246663633317
85053,1910.4246663633317
85054,1910.4246663633317
85055,1910.4246663633317
85056,1910.4246663633317
85057,1910.4246663633317
85058,1910.4246663633317
85059,1910.4246663633317
85060,1910.4246663633317
85061,1910.4246663633317
85062,1910.4246663633317
85063,1910.4246663633317
85064,1910.4246663633317
85065,1910.4246663633317
85066,1910.4246663633317
85067,1910.4246663633317
85068,1910.4246663633317
85069,1910.4246663633317
85070,1910.4246663633317
85071,1910.4246663633317
85072,1910.4246663633317
85073,1910.4246663633317
85074,1910.4246663633317
85075,1910.4246663633317
85076,1910.4246663633317
85077,1910.4246663633317
85078,1910.4246663633317
85079,1910.4246663633317
85080,1910.4246663633317
85081,1910.4246663633317
85082,1910.4246663633317
85083,1910.4246663633317
85084,1910.4246663633317
85085,1910.4246663633317
85086,1910.4246663633317
85087,1910.4246663633317
85088,1910.4246663633317
85089,1910.4246663633317
85090,1910.4246663633317
85091,1910.4246663633317
85092,1910.4246663633317
85093,1910.4246663633317
85094,1910.4246663633317
85095,1910.4246663633317
85096,1910.4246663633317
85097,1910.4246663633317
85098,1910.4246663633317
85099,1910.4246663633317
85100,1910.4246663633317
85101,1910.4246663633317
85102,1910.4246663633317
85103,1910.4246663633317
85104,1910.4246663633317
85105,1910.4246663633317
85106,1910.4246663633317
85107,1910.4246663633317
85108,1910.4246663633317
85109,1910.4246663633317
85110,1910.4246663633317
85111,1910.4246663633317
85112,1910.4246663633317
85113,1910.4246663633317
85114,1910.4246663633317
85115,1910.4246663633317
85116,1910.4246663633317
85117,1910.4246663633317
85118,1910.4246663633317
85119,1910.4246663633317
85120,1910.4246663633317
85121,1910.4246663633317
85122,1910.4246663633317
85123,1910.4246663633317
85124,1910.4246663633317
85125,1910.4246663633317
85126,1910.4246663633317
85127,1910.4246663633317
85128,1910.4246663633317
85129,1910.4246663633317
85130,1910.4246663633317
85131,1910.4246663633317
85132,1910.4246663633317
85133,1910.4246663633317
85134,1910.4246663633317
85135,1910.4246663633317
85136,1910.4246663633317
85137,1910.4246663633317
85138,1910.4246663633317
85139,1910.4246663633317
85140,1910.4246663633317
85141,1910.4246663633317
85142,1910.4246663633317
85143,1910.4246663633317
85144,1910.4246663633317
85145,1910.4246663633317
85146,1910.4246663633317
85147,1910.4246663633317
85148,1910.4246663633317
85149,1910.4246663633317
85150,1910.4246663633317
85151,1910.4246663633317
85152,1910.4246663633317
85153,1910.4246663633317
85154,1910.4246663633317
85155,1910.4246663633317
85156,1910.4246663633317
85157,1910.4246663633317
85158,1910.4246663633317
85159,1910.4246663633317
85160,1910.4246663633317
85161,1910.4246663633317
85162,1910.4246663633317
85163,1910.4246663633317
85164,1910.4246663633317
85165,1910.4246663633317
85166,1910.4246663633317
85167,1910.4246663633317
85168,1910.4246663633317
85169,1910.4246663633317
85170,1910.4246663633317
85171,1910.4246663633317
85172,1910.4246663633317
85173,1910.4246663633317
85174,1910.4246663633317
85175,1910.4246663633317
85176,1910.4246663633317
85177,1910.4246663633317
85178,1910.4246663633317
85179,1910.4246663633317
85180,1910.4246663633317
85181,1910.4246663633317
85182,1910.4246663633317
85183,1910.4246663633317
85184,1910.4246663633317
85185,1910.4246663633317
85186,1910.4246663633317
85187,1910.4246663633317
85188,1910.4246663633317
85189,1910.4246663633317
85190,1910.4246663633317
85191,1910.4246663633317
85192,1910.4246663633317
85193,1910.4246663633317
85194,1910.4246663633317
85195,1910.4246663633317
85196,1910.4246663633317
85197,1910.4246663633317
85198,1910.4246663633317
85199,1910.4246663633317
85200,1910.4246663633317
85201,1910.4246663633317
85202,1910.4246663633317
85203,1910.4246663633317
85204,1910.4246663633317
85205,1910.4246663633317
85206,1910.4246663633317
85207,1910.4246663633317
85208,1910.4246663633317
85209,1910.4246663633317
85210,1910.4246663633317
85211,1910.4246663633317
85212,1910.4246663633317
85213,1910.4246663633317
85214,1910.4246663633317
85215,1910.4246663633317
85216,1910.4246663633317
85217,1910.4246663633317
85218,1910.4246663633317
85219,1910.4246663633317
85220,1910.4246663633317
85221,1910.4246663633317
85222,1910.4246663633317
85223,1910.4246663633317
85224,1910.4246663633317
85225,1910.4246663633317
85226,1910.4246663633317
85227,1910.4246663633317
85228,1910.4246663633317
85229,1910.4246663633317
85230,1910.4246663633317
85231,1910.4246663633317
85232,1910.4246663633317
85233,1910.4246663633317
85234,1910.4246663633317
85235,1910.4246663633317
85236,1910.4246663633317
85237,1910.4246663633317
85238,1910.4246663633317
85239,1910.4246663633317
85240,1910.4246663633317
85241,1910.4246663633317
85242,1910.4246663633317
85243,1910.4246663633317
85244,1910.4246663633317
85245,1910.4246663633317
85246,1910.4246663633317
85247,1910.4246663633317
85248,1910.4246663633317
85249,1910.4246663633317
85250,1910.4246663633317
85251,1910.4246663633317
85252,1910.4246663633317
85253,1910.4246663633317
85254,1910.4246663633317
85255,1910.4246663633317
85256,1910.4246663633317
85257,1910.4246663633317
85258,1910.4246663633317
85259,1910.4246663633317
85260,1910.4246663633317
85261,1910.4246663633317
85262,1910.4246663633317
85263,1910.4246663633317
85264,1910.4246663633317
85265,1910.4246663633317
85266,1910.4246663633317
85267,1910.4246663633317
85268,1910.4246663633317
85269,1910.4246663633317
85270,1910.4246663633317
85271,1910.4246663633317
85272,1910.4246663633317
85273,1910.4246663633317
85274,1910.4246663633317
85275,1910.4246663633317
85276,1910.4246663633317
85277,1910.4246663633317
85278,1910.4246663633317
85279,1910.4246663633317
85280,1910.4246663633317
85281,1910.4246663633317
85282,1910.4246663633317
85283,1910.4246663633317
85284,1910.4246663633317
85285,1910.4246663633317
85286,1910.4246663633317
85287,1910.4246663633317
85288,1910.4246663633317
85289,1910.4246663633317
85290,1910.4246663633317
85291,1910.4246663633317
85292,1910.4246663633317
85293,1910.4246663633317
85294,1910.4246663633317
85295,1910.4246663633317
85296,1910.4246663633317
85297,1910.4246663633317
85298,1910.4246663633317
85299,1910.4246663633317
85300,1910.4246663633317
85301,1910.4246663633317
85302,1910.4246663633317
85303,1910.4246663633317
85304,1910.4246663633317
85305,1910.4246663633317
85306,1910.4246663633317
85307,1910.4246663633317
85308,1910.4246663633317
85309,1910.4246663633317
85310,1910.4246663633317
85311,1910.4246663633317
85312,1910.4246663633317
85313,1910.4246663633317
85314,1910.4246663633317
85315,1910.4246663633317
85316,1910.4246663633317
85317,1910.4246663633317
85318,1910.4246663633317
85319,1910.4246663633317
85320,1910.4246663633317
85321,1910.4246663633317
85322,1910.4246663633317
85323,1910.4246663633317
85324,1910.4246663633317
85325,1910.4246663633317
85326,1910.4246663633317
85327,1910.4246663633317
85328,1910.4246663633317
85329,1910.4246663633317
85330,1910.4246663633317
85331,1910.4246663633317
85332,1910.4246663633317
85333,1910.4246663633317
85334,1910.4246663633317
85335,1910.4246663633317
85336,1910.4246663633317
85337,1910.4246663633317
85338,1910.4246663633317
85339,1910.4246663633317
85340,1910.4246663633317
85341,1910.4246663633317
85342,1910.4246663633317
85343,1910.4246663633317
85344,1910.4246663633317
85345,1910.4246663633317
85346,1910.4246663633317
85347,1910.4246663633317
85348,1910.4246663633317
85349,1910.4246663633317
85350,1910.4246663633317
85351,1910.4246663633317
85352,1910.4246663633317
85353,1910.4246663633317
85354,1910.4246663633317
85355,1910.4246663633317
85356,1910.4246663633317
85357,1910.4246663633317
85358,1910.4246663633317
85359,1910.4246663633317
85360,1910.4246663633317
85361,1910.4246663633317
85362,1910.4246663633317
85363,1910.4246663633317
85364,1910.4246663633317
85365,1910.4246663633317
85366,1910.4246663633317
85367,1910.4246663633317
85368,1910.4246663633317
85369,1910.4246663633317
85370,1910.4246663633317
85371,1910.4246663633317
85372,1910.4246663633317
85373,1910.4246663633317
85374,1910.4246663633317
85375,1910.4246663633317
85376,1910.4246663633317
85377,1910.4246663633317
85378,1910.4246663633317
85379,1910.4246663633317
85380,1910.4246663633317
85381,1910.4246663633317
85382,1910.4246663633317
85383,1910.4246663633317
85384,1910.4246663633317
85385,1910.4246663633317
85386,1910.4246663633317
85387,1910.4246663633317
85388,1910.4246663633317
85389,1910.4246663633317
85390,1910.4246663633317
85391,1910.4246663633317
85392,1910.4246663633317
85393,1910.4246663633317
85394,1910.4246663633317
85395,1910.4246663633317
85396,1910.4246663633317
85397,1910.4246663633317
85398,1910.4246663633317
85399,1910.4246663633317
85400,1910.4246663633317
85401,1910.4246663633317
85402,1910.4246663633317
85403,1910.4246663633317
85404,1910.4246663633317
85405,1910.4246663633317
85406,1910.4246663633317
85407,1910.4246663633317
85408,1910.4246663633317
85409,1910.4246663633317
85410,1910.4246663633317
85411,1910.4246663633317
85412,1910.4246663633317
85413,1910.4246663633317
85414,1910.4246663633317
85415,1910.4246663633317
85416,1910.4246663633317
85417,1910.4246663633317
85418,1910.4246663633317
85419,1910.4246663633317
85420,1910.4246663633317
85421,1910.4246663633317
85422,1910.4246663633317
85423,1910.4246663633317
85424,1910.4246663633317
85425,1910.4246663633317
85426,1910.4246663633317
85427,1910.4246663633317
85428,1910.4246663633317
85429,1910.4246663633317
85430,1910.4246663633317
85431,1910.4246663633317
85432,1910.4246663633317
85433,1910.4246663633317
85434,1910.4246663633317
85435,1910.4246663633317
85436,1910.4246663633317
85437,1910.4246663633317
85438,1910.4246663633317
85439,1910.4246663633317
85440,1910.4246663633317
85441,1910.4246663633317
85442,1910.4246663633317
85443,1910.4246663633317
85444,1910.4246663633317
85445,1910.4246663633317
85446,1910.4246663633317
85447,1910.4246663633317
85448,1910.4246663633317
85449,1910.4246663633317
85450,1910.4246663633317
85451,1910.4246663633317
85452,1910.4246663633317
85453,1910.4246663633317
85454,1910.4246663633317
85455,1910.4246663633317
85456,1910.4246663633317
85457,1910.4246663633317
85458,1910.4246663633317
85459,1910.4246663633317
85460,1910.4246663633317
85461,1910.4246663633317
85462,1910.4246663633317
85463,1910.4246663633317
85464,1910.4246663633317
85465,1910.4246663633317
85466,1910.4246663633317
85467,1910.4246663633317
85468,1910.4246663633317
85469,1910.4246663633317
85470,1910.4246663633317
85471,1910.4246663633317
85472,1910.4246663633317
85473,1910.4246663633317
85474,1910.4246663633317
85475,1910.4246663633317
85476,1910.4246663633317
85477,1910.4246663633317
85478,1910.4246663633317
85479,1910.4246663633317
85480,1910.4246663633317
85481,1910.4246663633317
85482,1910.4246663633317
85483,1910.4246663633317
85484,1910.4246663633317
85485,1910.4246663633317
85486,1910.4246663633317
85487,1910.4246663633317
85488,1910.4246663633317
85489,1910.4246663633317
85490,1910.4246663633317
85491,1910.4246663633317
85492,1910.4246663633317
85493,1910.4246663633317
85494,1910.4246663633317
85495,1910.4246663633317
85496,1910.4246663633317
85497,1910.4246663633317
85498,1910.4246663633317
85499,1910.4246663633317
85500,1910.4246663633317
85501,1910.4246663633317
85502,1910.4246663633317
85503,1910.4246663633317
85504,1910.4246663633317
85505,1910.4246663633317
85506,1910.4246663633317
85507,1910.4246663633317
85508,1910.4246663633317
85509,1910.4246663633317
85510,1910.4246663633317
85511,1910.4246663633317
85512,1910.4246663633317
85513,1910.4246663633317
85514,1910.4246663633317
85515,1910.4246663633317
85516,1910.4246663633317
85517,1910.4246663633317
85518,1910.4246663633317
85519,1910.4246663633317
85520,1910.4246663633317
85521,1910.4246663633317
85522,1910.4246663633317
85523,1910.4246663633317
85524,1910.4246663633317
85525,1910.4246663633317
85526,1910.4246663633317
85527,1910.4246663633317
85528,1910.4246663633317
85529,1910.4246663633317
85530,1910.4246663633317
85531,1910.4246663633317
85532,1910.4246663633317
85533,1910.4246663633317
85534,1910.4246663633317
85535,1910.4246663633317
85536,1910.4246663633317
85537,1910.4246663633317
85538,1910.4246663633317
85539,1910.4246663633317
85540,1910.4246663633317
85541,1910.4246663633317
85542,1910.4246663633317
85543,1910.4246663633317
85544,1910.4246663633317
85545,1910.4246663633317
85546,1910.4246663633317
85547,1910.4246663633317
85548,1910.4246663633317
85549,1910.4246663633317
85550,1910.4246663633317
85551,1910.4246663633317
85552,1910.4246663633317
85553,1910.4246663633317
85554,1910.4246663633317
85555,1910.4246663633317
85556,1910.4246663633317
85557,1910.4246663633317
85558,1910.4246663633317
85559,1910.4246663633317
85560,1910.4246663633317
85561,1910.4246663633317
85562,1910.4246663633317
85563,1910.4246663633317
85564,1910.4246663633317
85565,1910.4246663633317
85566,1910.4246663633317
85567,1910.4246663633317
85568,1910.4246663633317
85569,1910.4246663633317
85570,1910.4246663633317
85571,1910.4246663633317
85572,1910.4246663633317
85573,1910.4246663633317
85574,1910.4246663633317
85575,1910.4246663633317
85576,1910.4246663633317
85577,1910.4246663633317
85578,1910.4246663633317
85579,1910.4246663633317
85580,1910.4246663633317
85581,1910.4246663633317
85582,1910.4246663633317
85583,1910.4246663633317
85584,1910.4246663633317
85585,1910.4246663633317
85586,1910.4246663633317
85587,1910.4246663633317
85588,1910.4246663633317
85589,1910.4246663633317
85590,1910.4246663633317
85591,1910.4246663633317
85592,1910.4246663633317
85593,1910.4246663633317
85594,1910.4246663633317
85595,1910.4246663633317
85596,1910.4246663633317
85597,1910.4246663633317
85598,1910.4246663633317
85599,1910.4246663633317
85600,1910.4246663633317
85601,1910.4246663633317
85602,1910.4246663633317
85603,1910.4246663633317
85604,1910.4246663633317
85605,1910.4246663633317
85606,1910.4246663633317
85607,1910.4246663633317
85608,1910.4246663633317
85609,1910.4246663633317
85610,1910.4246663633317
85611,1910.4246663633317
85612,1910.4246663633317
85613,1910.4246663633317
85614,1910.4246663633317
85615,1910.4246663633317
85616,1910.4246663633317
85617,1910.4246663633317
85618,1910.4246663633317
85619,1910.4246663633317
85620,1910.4246663633317
85621,1910.4246663633317
85622,1910.4246663633317
85623,1910.4246663633317
85624,1910.4246663633317
85625,1910.4246663633317
85626,1910.4246663633317
85627,1910.4246663633317
85628,1910.4246663633317
85629,1910.4246663633317
85630,1910.4246663633317
85631,1910.4246663633317
85632,1910.4246663633317
85633,1910.4246663633317
85634,1910.4246663633317
85635,1910.4246663633317
85636,1910.4246663633317
85637,1910.4246663633317
85638,1910.4246663633317
85639,1910.4246663633317
85640,1910.4246663633317
85641,1910.4246663633317
85642,1910.4246663633317
85643,1910.4246663633317
85644,1910.4246663633317
85645,1910.4246663633317
85646,1910.4246663633317
85647,1910.4246663633317
85648,1910.4246663633317
85649,1910.4246663633317
85650,1910.4246663633317
85651,1910.4246663633317
85652,1910.4246663633317
85653,1910.4246663633317
85654,1910.4246663633317
85655,1910.4246663633317
85656,1910.4246663633317
85657,1910.4246663633317
85658,1910.4246663633317
85659,1910.4246663633317
85660,1910.4246663633317
85661,1910.4246663633317
85662,1910.4246663633317
85663,1910.4246663633317
85664,1910.4246663633317
85665,1910.4246663633317
85666,1910.4246663633317
85667,1910.4246663633317
85668,1910.4246663633317
85669,1910.4246663633317
85670,1910.4246663633317
85671,1910.4246663633317
85672,1910.4246663633317
85673,1910.4246663633317
85674,1910.4246663633317
85675,1910.4246663633317
85676,1910.4246663633317
85677,1910.4246663633317
85678,1910.4246663633317
85679,1910.4246663633317
85680,1910.4246663633317
85681,1910.4246663633317
85682,1910.4246663633317
85683,1910.4246663633317
85684,1910.4246663633317
85685,1910.4246663633317
85686,1910.4246663633317
85687,1910.4246663633317
85688,1910.4246663633317
85689,1910.4246663633317
85690,1910.4246663633317
85691,1910.4246663633317
85692,1910.4246663633317
85693,1910.4246663633317
85694,1910.4246663633317
85695,1910.4246663633317
85696,1910.4246663633317
85697,1910.4246663633317
85698,1910.4246663633317
85699,1910.4246663633317
85700,1910.4246663633317
85701,1910.4246663633317
85702,1910.4246663633317
85703,1910.4246663633317
85704,1910.4246663633317
85705,1910.4246663633317
85706,1910.4246663633317
85707,1910.4246663633317
85708,1910.4246663633317
85709,1910.4246663633317
85710,1910.4246663633317
85711,1910.4246663633317
85712,1910.4246663633317
85713,1910.4246663633317
85714,1910.4246663633317
85715,1910.4246663633317
85716,1910.4246663633317
85717,1910.4246663633317
85718,1910.4246663633317
85719,1910.4246663633317
85720,1910.4246663633317
85721,1910.4246663633317
85722,1910.4246663633317
85723,1910.4246663633317
85724,1910.4246663633317
85725,1910.4246663633317
85726,1910.4246663633317
85727,1910.4246663633317
85728,1910.4246663633317
85729,1910.4246663633317
85730,1910.4246663633317
85731,1910.4246663633317
85732,1910.4246663633317
85733,1910.4246663633317
85734,1910.4246663633317
85735,1910.4246663633317
85736,1910.4246663633317
85737,1910.4246663633317
85738,1910.4246663633317
85739,1910.4246663633317
85740,1910.4246663633317
85741,1910.4246663633317
85742,1910.4246663633317
85743,1910.4246663633317
85744,1910.4246663633317
85745,1910.4246663633317
85746,1910.4246663633317
85747,1910.4246663633317
85748,1910.4246663633317
85749,1910.4246663633317
85750,1910.4246663633317
85751,1910.4246663633317
85752,1910.4246663633317
85753,1910.4246663633317
85754,1910.4246663633317
85755,1910.4246663633317
85756,1910.4246663633317
85757,1910.4246663633317
85758,1910.4246663633317
85759,1910.4246663633317
85760,1910.4246663633317
85761,1910.4246663633317
85762,1910.4246663633317
85763,1910.4246663633317
85764,1910.4246663633317
85765,1910.4246663633317
85766,1910.4246663633317
85767,1910.4246663633317
85768,1910.4246663633317
85769,1910.4246663633317
85770,1910.4246663633317
85771,1910.4246663633317
85772,1910.4246663633317
85773,1910.4246663633317
85774,1910.4246663633317
85775,1910.4246663633317
85776,1910.4246663633317
85777,1910.4246663633317
85778,1910.4246663633317
85779,1910.4246663633317
85780,1910.4246663633317
85781,1910.4246663633317
85782,1910.4246663633317
85783,1910.4246663633317
85784,1910.4246663633317
85785,1910.4246663633317
85786,1910.4246663633317
85787,1910.4246663633317
85788,1910.4246663633317
85789,1910.4246663633317
85790,1910.4246663633317
85791,1910.4246663633317
85792,1910.4246663633317
85793,1910.4246663633317
85794,1910.4246663633317
85795,1910.4246663633317
85796,1910.4246663633317
85797,1910.4246663633317
85798,1910.4246663633317
85799,1910.4246663633317
85800,1910.4246663633317
85801,1910.4246663633317
85802,1910.4246663633317
85803,1910.4246663633317
85804,1910.4246663633317
85805,1910.4246663633317
85806,1910.4246663633317
85807,1910.4246663633317
85808,1910.4246663633317
85809,1910.4246663633317
85810,1910.4246663633317
85811,1910.4246663633317
85812,1910.4246663633317
85813,1910.4246663633317
85814,1910.4246663633317
85815,1910.4246663633317
85816,1910.4246663633317
85817,1910.4246663633317
85818,1910.4246663633317
85819,1910.4246663633317
85820,1910.4246663633317
85821,1910.4246663633317
85822,1910.4246663633317
85823,1910.4246663633317
85824,1910.4246663633317
85825,1910.4246663633317
85826,1910.4246663633317
85827,1910.4246663633317
85828,1910.4246663633317
85829,1910.4246663633317
85830,1910.4246663633317
85831,1910.4246663633317
85832,1910.4246663633317
85833,1910.4246663633317
85834,1910.4246663633317
85835,1910.4246663633317
85836,1910.4246663633317
85837,1910.4246663633317
85838,1910.4246663633317
85839,1910.4246663633317
85840,1910.4246663633317
85841,1910.4246663633317
85842,1910.4246663633317
85843,1910.4246663633317
85844,1910.4246663633317
85845,1910.4246663633317
85846,1910.4246663633317
85847,1910.4246663633317
85848,1910.4246663633317
85849,1910.4246663633317
85850,1910.4246663633317
85851,1910.4246663633317
85852,1910.4246663633317
85853,1910.4246663633317
85854,1910.4246663633317
85855,1910.4246663633317
85856,1910.4246663633317
85857,1910.4246663633317
85858,1910.4246663633317
85859,1910.4246663633317
85860,1910.4246663633317
85861,1910.4246663633317
85862,1910.4246663633317
85863,1910.4246663633317
85864,1910.4246663633317
85865,1910.4246663633317
85866,1910.4246663633317
85867,1910.4246663633317
85868,1910.4246663633317
85869,1910.4246663633317
85870,1910.4246663633317
85871,1910.4246663633317
85872,1910.4246663633317
85873,1910.4246663633317
85874,1910.4246663633317
85875,1910.4246663633317
85876,1910.4246663633317
85877,1910.4246663633317
85878,1910.4246663633317
85879,1910.4246663633317
85880,1910.4246663633317
85881,1910.4246663633317
85882,1910.4246663633317
85883,1910.4246663633317
85884,1910.4246663633317
85885,1910.4246663633317
85886,1910.4246663633317
85887,1910.4246663633317
85888,1910.4246663633317
85889,1910.4246663633317
85890,1910.4246663633317
85891,1910.4246663633317
85892,1910.4246663633317
85893,1910.4246663633317
85894,1910.4246663633317
85895,1910.4246663633317
85896,1910.4246663633317
85897,1910.4246663633317
85898,1910.4246663633317
85899,1910.4246663633317
85900,1910.4246663633317
85901,1910.4246663633317
85902,1910.4246663633317
85903,1910.4246663633317
85904,1910.4246663633317
85905,1910.4246663633317
85906,1910.4246663633317
85907,1910.4246663633317
85908,1910.4246663633317
85909,1910.4246663633317
85910,1910.4246663633317
85911,1910.4246663633317
85912,1910.4246663633317
85913,1910.4246663633317
85914,1910.4246663633317
85915,1910.4246663633317
85916,1910.4246663633317
85917,1910.4246663633317
85918,1910.4246663633317
85919,1910.4246663633317
85920,1910.4246663633317
85921,1910.4246663633317
85922,1910.4246663633317
85923,1910.4246663633317
85924,1910.4246663633317
85925,1910.4246663633317
85926,1910.4246663633317
85927,1910.4246663633317
85928,1910.4246663633317
85929,1910.4246663633317
85930,1910.4246663633317
85931,1910.4246663633317
85932,1910.4246663633317
85933,1910.4246663633317
85934,1910.4246663633317
85935,1910.4246663633317
85936,1910.4246663633317
85937,1910.4246663633317
85938,1910.4246663633317
85939,1910.4246663633317
85940,1910.4246663633317
85941,1910.4246663633317
85942,1910.4246663633317
85943,1910.4246663633317
85944,1910.4246663633317
85945,1910.4246663633317
85946,1910.4246663633317
85947,1910.4246663633317
85948,1910.4246663633317
85949,1910.4246663633317
85950,1910.4246663633317
85951,1910.4246663633317
85952,1910.4246663633317
85953,1910.4246663633317
85954,1910.4246663633317
85955,1910.4246663633317
85956,1910.4246663633317
85957,1910.4246663633317
85958,1910.4246663633317
85959,1910.4246663633317
85960,1910.4246663633317
85961,1910.4246663633317
85962,1910.4246663633317
85963,1910.4246663633317
85964,1910.4246663633317
85965,1910.4246663633317
85966,1910.4246663633317
85967,1910.4246663633317
85968,1910.4246663633317
85969,1910.4246663633317
85970,1910.4246663633317
85971,1910.4246663633317
85972,1910.4246663633317
85973,1910.4246663633317
85974,1910.4246663633317
85975,1910.4246663633317
85976,1910.4246663633317
85977,1910.4246663633317
85978,1910.4246663633317
85979,1910.4246663633317
85980,1910.4246663633317
85981,1910.4246663633317
85982,1910.4246663633317
85983,1910.4246663633317
85984,1910.4246663633317
85985,1910.4246663633317
85986,1910.4246663633317
85987,1910.4246663633317
85988,1910.4246663633317
85989,1910.4246663633317
85990,1910.4246663633317
85991,1910.4246663633317
85992,1910.4246663633317
85993,1910.4246663633317
85994,1910.4246663633317
85995,1910.4246663633317
85996,1910.4246663633317
85997,1910.4246663633317
85998,1910.4246663633317
85999,1910.4246663633317
86000,1910.4246663633317
86001,1910.4246663633317
86002,1910.4246663633317
86003,1910.4246663633317
86004,1910.4246663633317
86005,1910.4246663633317
86006,1910.4246663633317
86007,1910.4246663633317
86008,1910.4246663633317
86009,1910.4246663633317
86010,1910.4246663633317
86011,1910.4246663633317
86012,1910.4246663633317
86013,1910.4246663633317
86014,1910.4246663633317
86015,1910.4246663633317
86016,1910.4246663633317
86017,1910.4246663633317
86018,1910.4246663633317
86019,1910.4246663633317
86020,1910.4246663633317
86021,1910.4246663633317
86022,1910.4246663633317
86023,1910.4246663633317
86024,1910.4246663633317
86025,1910.4246663633317
86026,1910.4246663633317
86027,1910.4246663633317
86028,1910.4246663633317
86029,1910.4246663633317
86030,1910.4246663633317
86031,1910.4246663633317
86032,1910.4246663633317
86033,1910.4246663633317
86034,1910.4246663633317
86035,1910.4246663633317
86036,1910.4246663633317
86037,1910.4246663633317
86038,1910.4246663633317
86039,1910.4246663633317
86040,1910.4246663633317
86041,1910.4246663633317
86042,1910.4246663633317
86043,1910.4246663633317
86044,1910.4246663633317
86045,1910.4246663633317
86046,1910.4246663633317
86047,1910.4246663633317
86048,1910.4246663633317
86049,1910.4246663633317
86050,1910.4246663633317
86051,1910.4246663633317
86052,1910.4246663633317
86053,1910.4246663633317
86054,1910.4246663633317
86055,1910.4246663633317
86056,1910.4246663633317
86057,1910.4246663633317
86058,1910.4246663633317
86059,1910.4246663633317
86060,1910.4246663633317
86061,1910.4246663633317
86062,1910.4246663633317
86063,1910.4246663633317
86064,1910.4246663633317
86065,1910.4246663633317
86066,1910.4246663633317
86067,1910.4246663633317
86068,1910.4246663633317
86069,1910.4246663633317
86070,1910.4246663633317
86071,1910.4246663633317
86072,1910.4246663633317
86073,1910.4246663633317
86074,1910.4246663633317
86075,1910.4246663633317
86076,1910.4246663633317
86077,1910.4246663633317
86078,1910.4246663633317
86079,1910.4246663633317
86080,1910.4246663633317
86081,1910.4246663633317
86082,1910.4246663633317
86083,1910.4246663633317
86084,1910.4246663633317
86085,1910.4246663633317
86086,1910.4246663633317
86087,1910.4246663633317
86088,1910.4246663633317
86089,1910.4246663633317
86090,1910.4246663633317
86091,1910.4246663633317
86092,1910.4246663633317
86093,1910.4246663633317
86094,1910.4246663633317
86095,1910.4246663633317
86096,1910.4246663633317
86097,1910.4246663633317
86098,1910.4246663633317
86099,1910.4246663633317
86100,1910.4246663633317
86101,1910.4246663633317
86102,1910.4246663633317
86103,1910.4246663633317
86104,1910.4246663633317
86105,1910.4246663633317
86106,1910.4246663633317
86107,1910.4246663633317
86108,1910.4246663633317
86109,1910.4246663633317
86110,1910.4246663633317
86111,1910.4246663633317
86112,1910.4246663633317
86113,1910.4246663633317
86114,1910.4246663633317
86115,1910.4246663633317
86116,1910.4246663633317
86117,1910.4246663633317
86118,1910.4246663633317
86119,1910.4246663633317
86120,1910.4246663633317
86121,1910.4246663633317
86122,1910.4246663633317
86123,1910.4246663633317
86124,1910.4246663633317
86125,1910.4246663633317
86126,1910.4246663633317
86127,1910.4246663633317
86128,1910.4246663633317
86129,1910.4246663633317
86130,1910.4246663633317
86131,1910.4246663633317
86132,1910.4246663633317
86133,1910.4246663633317
86134,1910.4246663633317
86135,1910.4246663633317
86136,1910.4246663633317
86137,1910.4246663633317
86138,1910.4246663633317
86139,1910.4246663633317
86140,1910.4246663633317
86141,1910.4246663633317
86142,1910.4246663633317
86143,1910.4246663633317
86144,1910.4246663633317
86145,1910.4246663633317
86146,1910.4246663633317
86147,1910.4246663633317
86148,1910.4246663633317
86149,1910.4246663633317
86150,1910.4246663633317
86151,1910.4246663633317
86152,1910.4246663633317
86153,1910.4246663633317
86154,1910.4246663633317
86155,1910.4246663633317
86156,1910.4246663633317
86157,1910.4246663633317
86158,1910.4246663633317
86159,1910.4246663633317
86160,1910.4246663633317
86161,1910.4246663633317
86162,1910.4246663633317
86163,1910.4246663633317
86164,1910.4246663633317
86165,1910.4246663633317
86166,1910.4246663633317
86167,1910.4246663633317
86168,1910.4246663633317
86169,1910.4246663633317
86170,1910.4246663633317
86171,1910.4246663633317
86172,1910.4246663633317
86173,1910.4246663633317
86174,1910.4246663633317
86175,1910.4246663633317
86176,1910.4246663633317
86177,1910.4246663633317
86178,1910.4246663633317
86179,1910.4246663633317
86180,1910.4246663633317
86181,1910.4246663633317
86182,1910.4246663633317
86183,1910.4246663633317
86184,1910.4246663633317
86185,1910.4246663633317
86186,1910.4246663633317
86187,1910.4246663633317
86188,1910.4246663633317
86189,1910.4246663633317
86190,1910.4246663633317
86191,1910.4246663633317
86192,1910.4246663633317
86193,1910.4246663633317
86194,1910.4246663633317
86195,1910.4246663633317
86196,1910.4246663633317
86197,1910.4246663633317
86198,1910.4246663633317
86199,1910.4246663633317
86200,1910.4246663633317
86201,1910.4246663633317
86202,1910.4246663633317
86203,1910.4246663633317
86204,1910.4246663633317
86205,1910.4246663633317
86206,1910.4246663633317
86207,1910.4246663633317
86208,1910.4246663633317
86209,1910.4246663633317
86210,1910.4246663633317
86211,1910.4246663633317
86212,1910.4246663633317
86213,1910.4246663633317
86214,1910.4246663633317
86215,1910.4246663633317
86216,1910.4246663633317
86217,1910.4246663633317
86218,1910.4246663633317
86219,1910.4246663633317
86220,1910.4246663633317
86221,1910.4246663633317
86222,1910.4246663633317
86223,1910.4246663633317
86224,1910.4246663633317
86225,1910.4246663633317
86226,1910.4246663633317
86227,1910.4246663633317
86228,1910.4246663633317
86229,1910.4246663633317
86230,1910.4246663633317
86231,1910.4246663633317
86232,1910.4246663633317
86233,1910.4246663633317
86234,1910.4246663633317
86235,1910.4246663633317
86236,1910.4246663633317
86237,1910.4246663633317
86238,1910.4246663633317
86239,1910.4246663633317
86240,1910.4246663633317
86241,1910.4246663633317
86242,1910.4246663633317
86243,1910.4246663633317
86244,1910.4246663633317
86245,1910.4246663633317
86246,1910.4246663633317
86247,1910.4246663633317
86248,1910.4246663633317
86249,1910.4246663633317
86250,1910.4246663633317
86251,1910.4246663633317
86252,1910.4246663633317
86253,1910.4246663633317
86254,1910.4246663633317
86255,1910.4246663633317
86256,1910.4246663633317
86257,1910.4246663633317
86258,1910.4246663633317
86259,1910.4246663633317
86260,1910.4246663633317
86261,1910.4246663633317
86262,1910.4246663633317
86263,1910.4246663633317
86264,1910.4246663633317
86265,1910.4246663633317
86266,1910.4246663633317
86267,1910.4246663633317
86268,1910.4246663633317
86269,1910.4246663633317
86270,1910.4246663633317
86271,1910.4246663633317
86272,1910.4246663633317
86273,1910.4246663633317
86274,1910.4246663633317
86275,1910.4246663633317
86276,1910.4246663633317
86277,1910.4246663633317
86278,1910.4246663633317
86279,1910.4246663633317
86280,1910.4246663633317
86281,1910.4246663633317
86282,1910.4246663633317
86283,1910.4246663633317
86284,1910.4246663633317
86285,1910.4246663633317
86286,1910.4246663633317
86287,1910.4246663633317
86288,1910.4246663633317
86289,1910.4246663633317
86290,1910.4246663633317
86291,1910.4246663633317
86292,1910.4246663633317
86293,1910.4246663633317
86294,1910.4246663633317
86295,1910.4246663633317
86296,1910.4246663633317
86297,1910.4246663633317
86298,1910.4246663633317
86299,1910.4246663633317
86300,1910.4246663633317
86301,1910.4246663633317
86302,1910.4246663633317
86303,1910.4246663633317
86304,1910.4246663633317
86305,1910.4246663633317
86306,1910.4246663633317
86307,1910.4246663633317
86308,1910.4246663633317
86309,1910.4246663633317
86310,1910.4246663633317
86311,1910.4246663633317
86312,1910.4246663633317
86313,1910.4246663633317
86314,1910.4246663633317
86315,1910.4246663633317
86316,1910.4246663633317
86317,1910.4246663633317
86318,1910.4246663633317
86319,1910.4246663633317
86320,1910.4246663633317
86321,1910.4246663633317
86322,1910.4246663633317
86323,1910.4246663633317
86324,1910.4246663633317
86325,1910.4246663633317
86326,1910.4246663633317
86327,1910.4246663633317
86328,1910.4246663633317
86329,1910.4246663633317
86330,1910.4246663633317
86331,1910.4246663633317
86332,1910.4246663633317
86333,1910.4246663633317
86334,1910.4246663633317
86335,1910.4246663633317
86336,1910.4246663633317
86337,1910.4246663633317
86338,1910.4246663633317
86339,1910.4246663633317
86340,1910.4246663633317
86341,1910.4246663633317
86342,1910.4246663633317
86343,1910.4246663633317
86344,1910.4246663633317
86345,1910.4246663633317
86346,1910.4246663633317
86347,1910.4246663633317
86348,1910.4246663633317
86349,1910.4246663633317
86350,1910.4246663633317
86351,1910.4246663633317
86352,1910.4246663633317
86353,1910.4246663633317
86354,1910.4246663633317
86355,1910.4246663633317
86356,1910.4246663633317
86357,1910.4246663633317
86358,1910.4246663633317
86359,1910.4246663633317
86360,1910.4246663633317
86361,1910.4246663633317
86362,1910.4246663633317
86363,1910.4246663633317
86364,1910.4246663633317
86365,1910.4246663633317
86366,1910.4246663633317
86367,1910.4246663633317
86368,1910.4246663633317
86369,1910.4246663633317
86370,1910.4246663633317
86371,1910.4246663633317
86372,1910.4246663633317
86373,1910.4246663633317
86374,1910.4246663633317
86375,1910.4246663633317
86376,1910.4246663633317
86377,1910.4246663633317
86378,1910.4246663633317
86379,1910.4246663633317
86380,1910.4246663633317
86381,1910.4246663633317
86382,1910.4246663633317
86383,1910.4246663633317
86384,1910.4246663633317
86385,1910.4246663633317
86386,1910.4246663633317
86387,1910.4246663633317
86388,1910.4246663633317
86389,1910.4246663633317
86390,1910.4246663633317
86391,1910.4246663633317
86392,1910.4246663633317
86393,1910.4246663633317
86394,1910.4246663633317
86395,1910.4246663633317
86396,1910.4246663633317
86397,1910.4246663633317
86398,1910.4246663633317
86399,1910.4246663633317
86400,1910.4246663633317
86401,1910.4246663633317
86402,1910.4246663633317
86403,1910.4246663633317
86404,1910.4246663633317
86405,1910.4246663633317
86406,1910.4246663633317
86407,1910.4246663633317
86408,1910.4246663633317
86409,1910.4246663633317
86410,1910.4246663633317
86411,1910.4246663633317
86412,1910.4246663633317
86413,1910.4246663633317
86414,1910.4246663633317
86415,1910.4246663633317
86416,1910.4246663633317
86417,1910.4246663633317
86418,1910.4246663633317
86419,1910.4246663633317
86420,1910.4246663633317
86421,1910.4246663633317
86422,1910.4246663633317
86423,1910.4246663633317
86424,1910.4246663633317
86425,1910.4246663633317
86426,1910.4246663633317
86427,1910.4246663633317
86428,1910.4246663633317
86429,1910.4246663633317
86430,1910.4246663633317
86431,1910.4246663633317
86432,1910.4246663633317
86433,1910.4246663633317
86434,1910.4246663633317
86435,1910.4246663633317
86436,1910.4246663633317
86437,1910.4246663633317
86438,1910.4246663633317
86439,1910.4246663633317
86440,1910.4246663633317
86441,1910.4246663633317
86442,1910.4246663633317
86443,1910.4246663633317
86444,1910.4246663633317
86445,1910.4246663633317
86446,1910.4246663633317
86447,1910.4246663633317
86448,1910.4246663633317
86449,1910.4246663633317
86450,1910.4246663633317
86451,1910.4246663633317
86452,1910.4246663633317
86453,1910.4246663633317
86454,1910.4246663633317
86455,1910.4246663633317
86456,1910.4246663633317
86457,1910.4246663633317
86458,1910.4246663633317
86459,1910.4246663633317
86460,1910.4246663633317
86461,1910.4246663633317
86462,1910.4246663633317
86463,1910.4246663633317
86464,1910.4246663633317
86465,1910.4246663633317
86466,1910.4246663633317
86467,1910.4246663633317
86468,1910.4246663633317
86469,1910.4246663633317
86470,1910.4246663633317
86471,1910.4246663633317
86472,1910.4246663633317
86473,1910.4246663633317
86474,1910.4246663633317
86475,1910.4246663633317
86476,1910.4246663633317
86477,1910.4246663633317
86478,1910.4246663633317
86479,1910.4246663633317
86480,1910.4246663633317
86481,1910.4246663633317
86482,1910.4246663633317
86483,1910.4246663633317
86484,1910.4246663633317
86485,1910.4246663633317
86486,1910.4246663633317
86487,1910.4246663633317
86488,1910.4246663633317
86489,1910.4246663633317
86490,1910.4246663633317
86491,1910.4246663633317
86492,1910.4246663633317
86493,1910.4246663633317
86494,1910.4246663633317
86495,1910.4246663633317
86496,1910.4246663633317
86497,1910.4246663633317
86498,1910.4246663633317
86499,1910.4246663633317
86500,1910.4246663633317
86501,1910.4246663633317
86502,1910.4246663633317
86503,1910.4246663633317
86504,1910.4246663633317
86505,1910.4246663633317
86506,1910.4246663633317
86507,1910.4246663633317
86508,1910.4246663633317
86509,1910.4246663633317
86510,1910.4246663633317
86511,1910.4246663633317
86512,1910.4246663633317
86513,1910.4246663633317
86514,1910.4246663633317
86515,1910.4246663633317
86516,1910.4246663633317
86517,1910.4246663633317
86518,1910.4246663633317
86519,1910.4246663633317
86520,1910.4246663633317
86521,1910.4246663633317
86522,1910.4246663633317
86523,1910.4246663633317
86524,1910.4246663633317
86525,1910.4246663633317
86526,1910.4246663633317
86527,1910.4246663633317
86528,1910.4246663633317
86529,1910.4246663633317
86530,1910.4246663633317
86531,1910.4246663633317
86532,1910.4246663633317
86533,1910.4246663633317
86534,1910.4246663633317
86535,1910.4246663633317
86536,1910.4246663633317
86537,1910.4246663633317
86538,1910.4246663633317
86539,1910.4246663633317
86540,1910.4246663633317
86541,1910.4246663633317
86542,1910.4246663633317
86543,1910.4246663633317
86544,1910.4246663633317
86545,1910.4246663633317
86546,1910.4246663633317
86547,1910.4246663633317
86548,1910.4246663633317
86549,1910.4246663633317
86550,1910.4246663633317
86551,1910.4246663633317
86552,1910.4246663633317
86553,1910.4246663633317
86554,1910.4246663633317
86555,1910.4246663633317
86556,1910.4246663633317
86557,1910.4246663633317
86558,1910.4246663633317
86559,1910.4246663633317
86560,1910.4246663633317
86561,1910.4246663633317
86562,1910.4246663633317
86563,1910.4246663633317
86564,1910.4246663633317
86565,1910.4246663633317
86566,1910.4246663633317
86567,1910.4246663633317
86568,1910.4246663633317
86569,1910.4246663633317
86570,1910.4246663633317
86571,1910.4246663633317
86572,1910.4246663633317
86573,1910.4246663633317
86574,1910.4246663633317
86575,1910.4246663633317
86576,1910.4246663633317
86577,1910.4246663633317
86578,1910.4246663633317
86579,1910.4246663633317
86580,1910.4246663633317
86581,1910.4246663633317
86582,1910.4246663633317
86583,1910.4246663633317
86584,1910.4246663633317
86585,1910.4246663633317
86586,1910.4246663633317
86587,1910.4246663633317
86588,1910.4246663633317
86589,1910.4246663633317
86590,1910.4246663633317
86591,1910.4246663633317
86592,1910.4246663633317
86593,1910.4246663633317
86594,1910.4246663633317
86595,1910.4246663633317
86596,1910.4246663633317
86597,1910.4246663633317
86598,1910.4246663633317
86599,1910.4246663633317
86600,1910.4246663633317
86601,1910.4246663633317
86602,1910.4246663633317
86603,1910.4246663633317
86604,1910.4246663633317
86605,1910.4246663633317
86606,1910.4246663633317
86607,1910.4246663633317
86608,1910.4246663633317
86609,1910.4246663633317
86610,1910.4246663633317
86611,1910.4246663633317
86612,1910.4246663633317
86613,1910.4246663633317
86614,1910.4246663633317
86615,1910.4246663633317
86616,1910.4246663633317
86617,1910.4246663633317
86618,1910.4246663633317
86619,1910.4246663633317
86620,1910.4246663633317
86621,1910.4246663633317
86622,1910.4246663633317
86623,1910.4246663633317
86624,1910.4246663633317
86625,1910.4246663633317
86626,1910.4246663633317
86627,1910.4246663633317
86628,1910.4246663633317
86629,1910.4246663633317
86630,1910.4246663633317
86631,1910.4246663633317
86632,1910.4246663633317
86633,1910.4246663633317
86634,1910.4246663633317
86635,1910.4246663633317
86636,1910.4246663633317
86637,1910.4246663633317
86638,1910.4246663633317
86639,1910.4246663633317
86640,1910.4246663633317
86641,1910.4246663633317
86642,1910.4246663633317
86643,1910.4246663633317
86644,1910.4246663633317
86645,1910.4246663633317
86646,1910.4246663633317
86647,1910.4246663633317
86648,1910.4246663633317
86649,1910.4246663633317
86650,1910.4246663633317
86651,1910.4246663633317
86652,1910.4246663633317
86653,1910.4246663633317
86654,1910.4246663633317
86655,1910.4246663633317
86656,1910.4246663633317
86657,1910.4246663633317
86658,1910.4246663633317
86659,1910.4246663633317
86660,1910.4246663633317
86661,1910.4246663633317
86662,1910.4246663633317
86663,1910.4246663633317
86664,1910.4246663633317
86665,1910.4246663633317
86666,1910.4246663633317
86667,1910.4246663633317
86668,1910.4246663633317
86669,1910.4246663633317
86670,1910.4246663633317
86671,1910.4246663633317
86672,1910.4246663633317
86673,1910.4246663633317
86674,1910.4246663633317
86675,1910.4246663633317
86676,1910.4246663633317
86677,1910.4246663633317
86678,1910.4246663633317
86679,1910.4246663633317
86680,1910.4246663633317
86681,1910.4246663633317
86682,1910.4246663633317
86683,1910.4246663633317
86684,1910.4246663633317
86685,1910.4246663633317
86686,1910.4246663633317
86687,1910.4246663633317
86688,1910.4246663633317
86689,1910.4246663633317
86690,1910.4246663633317
86691,1910.4246663633317
86692,1910.4246663633317
86693,1910.4246663633317
86694,1910.4246663633317
86695,1910.4246663633317
86696,1910.4246663633317
86697,1910.4246663633317
86698,1910.4246663633317
86699,1910.4246663633317
86700,1910.4246663633317
86701,1910.4246663633317
86702,1910.4246663633317
86703,1910.4246663633317
86704,1910.4246663633317
86705,1910.4246663633317
86706,1910.4246663633317
86707,1910.4246663633317
86708,1910.4246663633317
86709,1910.4246663633317
86710,1910.4246663633317
86711,1910.4246663633317
86712,1910.4246663633317
86713,1910.4246663633317
86714,1910.4246663633317
86715,1910.4246663633317
86716,1910.4246663633317
86717,1910.4246663633317
86718,1910.4246663633317
86719,1910.4246663633317
86720,1910.4246663633317
86721,1910.4246663633317
86722,1910.4246663633317
86723,1910.4246663633317
86724,1910.4246663633317
86725,1910.4246663633317
86726,1910.4246663633317
86727,1910.4246663633317
86728,1910.4246663633317
86729,1910.4246663633317
86730,1910.4246663633317
86731,1910.4246663633317
86732,1910.4246663633317
86733,1910.4246663633317
86734,1910.4246663633317
86735,1910.4246663633317
86736,1910.4246663633317
86737,1910.4246663633317
86738,1910.4246663633317
86739,1910.4246663633317
86740,1910.4246663633317
86741,1910.4246663633317
86742,1910.4246663633317
86743,1910.4246663633317
86744,1910.4246663633317
86745,1910.4246663633317
86746,1910.4246663633317
86747,1910.4246663633317
86748,1910.4246663633317
86749,1910.4246663633317
86750,1910.4246663633317
86751,1910.4246663633317
86752,1910.4246663633317
86753,1910.4246663633317
86754,1910.4246663633317
86755,1910.4246663633317
86756,1910.4246663633317
86757,1910.4246663633317
86758,1910.4246663633317
86759,1910.4246663633317
86760,1910.4246663633317
86761,1910.4246663633317
86762,1910.4246663633317
86763,1910.4246663633317
86764,1910.4246663633317
86765,1910.4246663633317
86766,1910.4246663633317
86767,1910.4246663633317
86768,1910.4246663633317
86769,1910.4246663633317
86770,1910.4246663633317
86771,1910.4246663633317
86772,1910.4246663633317
86773,1910.4246663633317
86774,1910.4246663633317
86775,1910.4246663633317
86776,1910.4246663633317
86777,1910.4246663633317
86778,1910.4246663633317
86779,1910.4246663633317
86780,1910.4246663633317
86781,1910.4246663633317
86782,1910.4246663633317
86783,1910.4246663633317
86784,1910.4246663633317
86785,1910.4246663633317
86786,1910.4246663633317
86787,1910.4246663633317
86788,1910.4246663633317
86789,1910.4246663633317
86790,1910.4246663633317
86791,1910.4246663633317
86792,1910.4246663633317
86793,1910.4246663633317
86794,1910.4246663633317
86795,1910.4246663633317
86796,1910.4246663633317
86797,1910.4246663633317
86798,1910.4246663633317
86799,1910.4246663633317
86800,1910.4246663633317
86801,1910.4246663633317
86802,1910.4246663633317
86803,1910.4246663633317
86804,1910.4246663633317
86805,1910.4246663633317
86806,1910.4246663633317
86807,1910.4246663633317
86808,1910.4246663633317
86809,1910.4246663633317
86810,1910.4246663633317
86811,1910.4246663633317
86812,1910.4246663633317
86813,1910.4246663633317
86814,1910.4246663633317
86815,1910.4246663633317
86816,1910.4246663633317
86817,1910.4246663633317
86818,1910.4246663633317
86819,1910.4246663633317
86820,1910.4246663633317
86821,1910.4246663633317
86822,1910.4246663633317
86823,1910.4246663633317
86824,1910.4246663633317
86825,1910.4246663633317
86826,1910.4246663633317
86827,1910.4246663633317
86828,1910.4246663633317
86829,1910.4246663633317
86830,1910.4246663633317
86831,1910.4246663633317
86832,1910.4246663633317
86833,1910.4246663633317
86834,1910.4246663633317
86835,1910.4246663633317
86836,1910.4246663633317
86837,1910.4246663633317
86838,1910.4246663633317
86839,1910.4246663633317
86840,1910.4246663633317
86841,1910.4246663633317
86842,1910.4246663633317
86843,1910.4246663633317
86844,1910.4246663633317
86845,1910.4246663633317
86846,1910.4246663633317
86847,1910.4246663633317
86848,1910.4246663633317
86849,1910.4246663633317
86850,1910.4246663633317
86851,1910.4246663633317
86852,1910.4246663633317
86853,1910.4246663633317
86854,1910.4246663633317
86855,1910.4246663633317
86856,1910.4246663633317
86857,1910.4246663633317
86858,1910.4246663633317
86859,1910.4246663633317
86860,1910.4246663633317
86861,1910.4246663633317
86862,1910.4246663633317
86863,1910.4246663633317
86864,1910.4246663633317
86865,1910.4246663633317
86866,1910.4246663633317
86867,1910.4246663633317
86868,1910.4246663633317
86869,1910.4246663633317
86870,1910.4246663633317
86871,1910.4246663633317
86872,1910.4246663633317
86873,1910.4246663633317
86874,1910.4246663633317
86875,1910.4246663633317
86876,1910.4246663633317
86877,1910.4246663633317
86878,1910.4246663633317
86879,1910.4246663633317
86880,1910.4246663633317
86881,1910.4246663633317
86882,1910.4246663633317
86883,1910.4246663633317
86884,1910.4246663633317
86885,1910.4246663633317
86886,1910.4246663633317
86887,1910.4246663633317
86888,1910.4246663633317
86889,1910.4246663633317
86890,1910.4246663633317
86891,1910.4246663633317
86892,1910.4246663633317
86893,1910.4246663633317
86894,1910.4246663633317
86895,1910.4246663633317
86896,1910.4246663633317
86897,1910.4246663633317
86898,1910.4246663633317
86899,1910.4246663633317
86900,1910.4246663633317
86901,1910.4246663633317
86902,1910.4246663633317
86903,1910.4246663633317
86904,1910.4246663633317
86905,1910.4246663633317
86906,1910.4246663633317
86907,1910.4246663633317
86908,1910.4246663633317
86909,1910.4246663633317
86910,1910.4246663633317
86911,1910.4246663633317
86912,1910.4246663633317
86913,1910.4246663633317
86914,1910.4246663633317
86915,1910.4246663633317
86916,1910.4246663633317
86917,1910.4246663633317
86918,1910.4246663633317
86919,1910.4246663633317
86920,1910.4246663633317
86921,1910.4246663633317
86922,1910.4246663633317
86923,1910.4246663633317
86924,1910.4246663633317
86925,1910.4246663633317
86926,1910.4246663633317
86927,1910.4246663633317
86928,1910.4246663633317
86929,1910.4246663633317
86930,1910.4246663633317
86931,1910.4246663633317
86932,1910.4246663633317
86933,1910.4246663633317
86934,1910.4246663633317
86935,1910.4246663633317
86936,1910.4246663633317
86937,1910.4246663633317
86938,1910.4246663633317
86939,1910.4246663633317
86940,1910.4246663633317
86941,1910.4246663633317
86942,1910.4246663633317
86943,1910.4246663633317
86944,1910.4246663633317
86945,1910.4246663633317
86946,1910.4246663633317
86947,1910.4246663633317
86948,1910.4246663633317
86949,1910.4246663633317
86950,1910.4246663633317
86951,1910.4246663633317
86952,1910.4246663633317
86953,1910.4246663633317
86954,1910.4246663633317
86955,1910.4246663633317
86956,1910.4246663633317
86957,1910.4246663633317
86958,1910.4246663633317
86959,1910.4246663633317
86960,1910.4246663633317
86961,1910.4246663633317
86962,1910.4246663633317
86963,1910.4246663633317
86964,1910.4246663633317
86965,1910.4246663633317
86966,1910.4246663633317
86967,1910.4246663633317
86968,1910.4246663633317
86969,1910.4246663633317
86970,1910.4246663633317
86971,1910.4246663633317
86972,1910.4246663633317
86973,1910.4246663633317
86974,1910.4246663633317
86975,1910.4246663633317
86976,1910.4246663633317
86977,1910.4246663633317
86978,1910.4246663633317
86979,1910.4246663633317
86980,1910.4246663633317
86981,1910.4246663633317
86982,1910.4246663633317
86983,1910.4246663633317
86984,1910.4246663633317
86985,1910.4246663633317
86986,1910.4246663633317
86987,1910.4246663633317
86988,1910.4246663633317
86989,1910.4246663633317
86990,1910.4246663633317
86991,1910.4246663633317
86992,1910.4246663633317
86993,1910.4246663633317
86994,1910.4246663633317
86995,1910.4246663633317
86996,1910.4246663633317
86997,1910.4246663633317
86998,1910.4246663633317
86999,1910.4246663633317
87000,1910.4246663633317
87001,1910.4246663633317
87002,1910.4246663633317
87003,1910.4246663633317
87004,1910.4246663633317
87005,1910.4246663633317
87006,1910.4246663633317
87007,1910.4246663633317
87008,1910.4246663633317
87009,1910.4246663633317
87010,1910.4246663633317
87011,1910.4246663633317
87012,1910.4246663633317
87013,1910.4246663633317
87014,1910.4246663633317
87015,1910.4246663633317
87016,1910.4246663633317
87017,1910.4246663633317
87018,1910.4246663633317
87019,1910.4246663633317
87020,1910.4246663633317
87021,1910.4246663633317
87022,1910.4246663633317
87023,1910.4246663633317
87024,1910.4246663633317
87025,1910.4246663633317
87026,1910.4246663633317
87027,1910.4246663633317
87028,1910.4246663633317
87029,1910.4246663633317
87030,1910.4246663633317
87031,1910.4246663633317
87032,1910.4246663633317
87033,1910.4246663633317
87034,1910.4246663633317
87035,1910.4246663633317
87036,1910.4246663633317
87037,1910.4246663633317
87038,1910.4246663633317
87039,1910.4246663633317
87040,1910.4246663633317
87041,1910.4246663633317
87042,1910.4246663633317
87043,1910.4246663633317
87044,1910.4246663633317
87045,1910.4246663633317
87046,1910.4246663633317
87047,1910.4246663633317
87048,1910.4246663633317
87049,1910.4246663633317
87050,1910.4246663633317
87051,1910.4246663633317
87052,1910.4246663633317
87053,1910.4246663633317
87054,1910.4246663633317
87055,1910.4246663633317
87056,1910.4246663633317
87057,1910.4246663633317
87058,1910.4246663633317
87059,1910.4246663633317
87060,1910.4246663633317
87061,1910.4246663633317
87062,1910.4246663633317
87063,1910.4246663633317
87064,1910.4246663633317
87065,1910.4246663633317
87066,1910.4246663633317
87067,1910.4246663633317
87068,1910.4246663633317
87069,1910.4246663633317
87070,1910.4246663633317
87071,1910.4246663633317
87072,1910.4246663633317
87073,1910.4246663633317
87074,1910.4246663633317
87075,1910.4246663633317
87076,1910.4246663633317
87077,1910.4246663633317
87078,1910.4246663633317
87079,1910.4246663633317
87080,1910.4246663633317
87081,1910.4246663633317
87082,1910.4246663633317
87083,1910.4246663633317
87084,1910.4246663633317
87085,1910.4246663633317
87086,1910.4246663633317
87087,1910.4246663633317
87088,1910.4246663633317
87089,1910.4246663633317
87090,1910.4246663633317
87091,1910.4246663633317
87092,1910.4246663633317
87093,1910.4246663633317
87094,1910.4246663633317
87095,1910.4246663633317
87096,1910.4246663633317
87097,1910.4246663633317
87098,1910.4246663633317
87099,1910.4246663633317
87100,1910.4246663633317
87101,1910.4246663633317
87102,1910.4246663633317
87103,1910.4246663633317
87104,1910.4246663633317
87105,1910.4246663633317
87106,1910.4246663633317
87107,1910.4246663633317
87108,1910.4246663633317
87109,1910.4246663633317
87110,1910.4246663633317
87111,1910.4246663633317
87112,1910.4246663633317
87113,1910.4246663633317
87114,1910.4246663633317
87115,1910.4246663633317
87116,1910.4246663633317
87117,1910.4246663633317
87118,1910.4246663633317
87119,1910.4246663633317
87120,1910.4246663633317
87121,1910.4246663633317
87122,1910.4246663633317
87123,1910.4246663633317
87124,1910.4246663633317
87125,1910.4246663633317
87126,1910.4246663633317
87127,1910.4246663633317
87128,1910.4246663633317
87129,1910.4246663633317
87130,1910.4246663633317
87131,1910.4246663633317
87132,1910.4246663633317
87133,1910.4246663633317
87134,1910.4246663633317
87135,1910.4246663633317
87136,1910.4246663633317
87137,1910.4246663633317
87138,1910.4246663633317
87139,1910.4246663633317
87140,1910.4246663633317
87141,1910.4246663633317
87142,1910.4246663633317
87143,1910.4246663633317
87144,1910.4246663633317
87145,1910.4246663633317
87146,1910.4246663633317
87147,1910.4246663633317
87148,1910.4246663633317
87149,1910.4246663633317
87150,1910.4246663633317
87151,1910.4246663633317
87152,1910.4246663633317
87153,1910.4246663633317
87154,1910.4246663633317
87155,1910.4246663633317
87156,1910.4246663633317
87157,1910.4246663633317
87158,1910.4246663633317
87159,1910.4246663633317
87160,1910.4246663633317
87161,1910.4246663633317
87162,1910.4246663633317
87163,1910.4246663633317
87164,1910.4246663633317
87165,1910.4246663633317
87166,1910.4246663633317
87167,1910.4246663633317
87168,1910.4246663633317
87169,1910.4246663633317
87170,1910.4246663633317
87171,1910.4246663633317
87172,1910.4246663633317
87173,1910.4246663633317
87174,1910.4246663633317
87175,1910.4246663633317
87176,1910.4246663633317
87177,1910.4246663633317
87178,1910.4246663633317
87179,1910.4246663633317
87180,1910.4246663633317
87181,1910.4246663633317
87182,1910.4246663633317
87183,1910.4246663633317
87184,1910.4246663633317
87185,1910.4246663633317
87186,1910.4246663633317
87187,1910.4246663633317
87188,1910.4246663633317
87189,1910.4246663633317
87190,1910.4246663633317
87191,1910.4246663633317
87192,1910.4246663633317
87193,1910.4246663633317
87194,1910.4246663633317
87195,1910.4246663633317
87196,1910.4246663633317
87197,1910.4246663633317
87198,1910.4246663633317
87199,1910.4246663633317
87200,1910.4246663633317
87201,1910.4246663633317
87202,1910.4246663633317
87203,1910.4246663633317
87204,1910.4246663633317
87205,1910.4246663633317
87206,1910.4246663633317
87207,1910.4246663633317
87208,1910.4246663633317
87209,1910.4246663633317
87210,1910.4246663633317
87211,1910.4246663633317
87212,1910.4246663633317
87213,1910.4246663633317
87214,1910.4246663633317
87215,1910.4246663633317
87216,1910.4246663633317
87217,1910.4246663633317
87218,1910.4246663633317
87219,1910.4246663633317
87220,1910.4246663633317
87221,1910.4246663633317
87222,1910.4246663633317
87223,1910.4246663633317
87224,1910.4246663633317
87225,1910.4246663633317
87226,1910.4246663633317
87227,1910.4246663633317
87228,1910.4246663633317
87229,1910.4246663633317
87230,1910.4246663633317
87231,1910.4246663633317
87232,1910.4246663633317
87233,1910.4246663633317
87234,1910.4246663633317
87235,1910.4246663633317
87236,1910.4246663633317
87237,1910.4246663633317
87238,1910.4246663633317
87239,1910.4246663633317
87240,1910.4246663633317
87241,1910.4246663633317
87242,1910.4246663633317
87243,1910.4246663633317
87244,1910.4246663633317
87245,1910.4246663633317
87246,1910.4246663633317
87247,1910.4246663633317
87248,1910.4246663633317
87249,1910.4246663633317
87250,1910.4246663633317
87251,1910.4246663633317
87252,1910.4246663633317
87253,1910.4246663633317
87254,1910.4246663633317
87255,1910.4246663633317
87256,1910.4246663633317
87257,1910.4246663633317
87258,1910.4246663633317
87259,1910.4246663633317
87260,1910.4246663633317
87261,1910.4246663633317
87262,1910.4246663633317
87263,1910.4246663633317
87264,1910.4246663633317
87265,1910.4246663633317
87266,1910.4246663633317
87267,1910.4246663633317
87268,1910.4246663633317
87269,1910.4246663633317
87270,1910.4246663633317
87271,1910.4246663633317
87272,1910.4246663633317
87273,1910.4246663633317
87274,1910.4246663633317
87275,1910.4246663633317
87276,1910.4246663633317
87277,1910.4246663633317
87278,1910.4246663633317
87279,1910.4246663633317
87280,1910.4246663633317
87281,1910.4246663633317
87282,1910.4246663633317
87283,1910.4246663633317
87284,1910.4246663633317
87285,1910.4246663633317
87286,1910.4246663633317
87287,1910.4246663633317
87288,1910.4246663633317
87289,1910.4246663633317
87290,1910.4246663633317
87291,1910.4246663633317
87292,1910.4246663633317
87293,1910.4246663633317
87294,1910.4246663633317
87295,1910.4246663633317
87296,1910.4246663633317
87297,1910.4246663633317
87298,1910.4246663633317
87299,1910.4246663633317
87300,1910.4246663633317
87301,1910.4246663633317
87302,1910.4246663633317
87303,1910.4246663633317
87304,1910.4246663633317
87305,1910.4246663633317
87306,1910.4246663633317
87307,1910.4246663633317
87308,1910.4246663633317
87309,1910.4246663633317
87310,1910.4246663633317
87311,1910.4246663633317
87312,1910.4246663633317
87313,1910.4246663633317
87314,1910.4246663633317
87315,1910.4246663633317
87316,1910.4246663633317
87317,1910.4246663633317
87318,1910.4246663633317
87319,1910.4246663633317
87320,1910.4246663633317
87321,1910.4246663633317
87322,1910.4246663633317
87323,1910.4246663633317
87324,1910.4246663633317
87325,1910.4246663633317
87326,1910.4246663633317
87327,1910.4246663633317
87328,1910.4246663633317
87329,1910.4246663633317
87330,1910.4246663633317
87331,1910.4246663633317
87332,1910.4246663633317
87333,1910.4246663633317
87334,1910.4246663633317
87335,1910.4246663633317
87336,1910.4246663633317
87337,1910.4246663633317
87338,1910.4246663633317
87339,1910.4246663633317
87340,1910.4246663633317
87341,1910.4246663633317
87342,1910.4246663633317
87343,1910.4246663633317
87344,1910.4246663633317
87345,1910.4246663633317
87346,1910.4246663633317
87347,1910.4246663633317
87348,1910.4246663633317
87349,1910.4246663633317
87350,1910.4246663633317
87351,1910.4246663633317
87352,1910.4246663633317
87353,1910.4246663633317
87354,1910.4246663633317
87355,1910.4246663633317
87356,1910.4246663633317
87357,1910.4246663633317
87358,1910.4246663633317
87359,1910.4246663633317
87360,1910.4246663633317
87361,1910.4246663633317
87362,1910.4246663633317
87363,1910.4246663633317
87364,1910.4246663633317
87365,1910.4246663633317
87366,1910.4246663633317
87367,1910.4246663633317
87368,1910.4246663633317
87369,1910.4246663633317
87370,1910.4246663633317
87371,1910.4246663633317
87372,1910.4246663633317
87373,1910.4246663633317
87374,1910.4246663633317
87375,1910.4246663633317
87376,1910.4246663633317
87377,1910.4246663633317
87378,1910.4246663633317
87379,1910.4246663633317
87380,1910.4246663633317
87381,1910.4246663633317
87382,1910.4246663633317
87383,1910.4246663633317
87384,1910.4246663633317
87385,1910.4246663633317
87386,1910.4246663633317
87387,1910.4246663633317
87388,1910.4246663633317
87389,1910.4246663633317
87390,1910.4246663633317
87391,1910.4246663633317
87392,1910.4246663633317
87393,1910.4246663633317
87394,1910.4246663633317
87395,1910.4246663633317
87396,1910.4246663633317
87397,1910.4246663633317
87398,1910.4246663633317
87399,1910.4246663633317
87400,1910.4246663633317
87401,1910.4246663633317
87402,1910.4246663633317
87403,1910.4246663633317
87404,1910.4246663633317
87405,1910.4246663633317
87406,1910.4246663633317
87407,1910.4246663633317
87408,1910.4246663633317
87409,1910.4246663633317
87410,1910.4246663633317
87411,1910.4246663633317
87412,1910.4246663633317
87413,1910.4246663633317
87414,1910.4246663633317
87415,1910.4246663633317
87416,1910.4246663633317
87417,1910.4246663633317
87418,1910.4246663633317
87419,1910.4246663633317
87420,1910.4246663633317
87421,1910.4246663633317
87422,1910.4246663633317
87423,1910.4246663633317
87424,1910.4246663633317
87425,1910.4246663633317
87426,1910.4246663633317
87427,1910.4246663633317
87428,1910.4246663633317
87429,1910.4246663633317
87430,1910.4246663633317
87431,1910.4246663633317
87432,1910.4246663633317
87433,1910.4246663633317
87434,1910.4246663633317
87435,1910.4246663633317
87436,1910.4246663633317
87437,1910.4246663633317
87438,1910.4246663633317
87439,1910.4246663633317
87440,1910.4246663633317
87441,1910.4246663633317
87442,1910.4246663633317
87443,1910.4246663633317
87444,1910.4246663633317
87445,1910.4246663633317
87446,1910.4246663633317
87447,1910.4246663633317
87448,1910.4246663633317
87449,1910.4246663633317
87450,1910.4246663633317
87451,1910.4246663633317
87452,1910.4246663633317
87453,1910.4246663633317
87454,1910.4246663633317
87455,1910.4246663633317
87456,1910.4246663633317
87457,1910.4246663633317
87458,1910.4246663633317
87459,1910.4246663633317
87460,1910.4246663633317
87461,1910.4246663633317
87462,1910.4246663633317
87463,1910.4246663633317
87464,1910.4246663633317
87465,1910.4246663633317
87466,1910.4246663633317
87467,1910.4246663633317
87468,1910.4246663633317
87469,1910.4246663633317
87470,1910.4246663633317
87471,1910.4246663633317
87472,1910.4246663633317
87473,1910.4246663633317
87474,1910.4246663633317
87475,1910.4246663633317
87476,1910.4246663633317
87477,1910.4246663633317
87478,1910.4246663633317
87479,1910.4246663633317
87480,1910.4246663633317
87481,1910.4246663633317
87482,1910.4246663633317
87483,1910.4246663633317
87484,1910.4246663633317
87485,1910.4246663633317
87486,1910.4246663633317
87487,1910.4246663633317
87488,1910.4246663633317
87489,1910.4246663633317
87490,1910.4246663633317
87491,1910.4246663633317
87492,1910.4246663633317
87493,1910.4246663633317
87494,1910.4246663633317
87495,1910.4246663633317
87496,1910.4246663633317
87497,1910.4246663633317
87498,1910.4246663633317
87499,1910.4246663633317
87500,1910.4246663633317
87501,1910.4246663633317
87502,1910.4246663633317
87503,1910.4246663633317
87504,1910.4246663633317
87505,1910.4246663633317
87506,1910.4246663633317
87507,1910.4246663633317
87508,1910.4246663633317
87509,1910.4246663633317
87510,1910.4246663633317
87511,1910.4246663633317
87512,1910.4246663633317
87513,1910.4246663633317
87514,1910.4246663633317
87515,1910.4246663633317
87516,1910.4246663633317
87517,1910.4246663633317
87518,1910.4246663633317
87519,1910.4246663633317
87520,1910.4246663633317
87521,1910.4246663633317
87522,1910.4246663633317
87523,1910.4246663633317
87524,1910.4246663633317
87525,1910.4246663633317
87526,1910.4246663633317
87527,1910.4246663633317
87528,1910.4246663633317
87529,1910.4246663633317
87530,1910.4246663633317
87531,1910.4246663633317
87532,1910.4246663633317
87533,1910.4246663633317
87534,1910.4246663633317
87535,1910.4246663633317
87536,1910.4246663633317
87537,1910.4246663633317
87538,1910.4246663633317
87539,1910.4246663633317
87540,1910.4246663633317
87541,1910.4246663633317
87542,1910.4246663633317
87543,1910.4246663633317
87544,1910.4246663633317
87545,1910.4246663633317
87546,1910.4246663633317
87547,1910.4246663633317
87548,1910.4246663633317
87549,1910.4246663633317
87550,1910.4246663633317
87551,1910.4246663633317
87552,1910.4246663633317
87553,1910.4246663633317
87554,1910.4246663633317
87555,1910.4246663633317
87556,1910.4246663633317
87557,1910.4246663633317
87558,1910.4246663633317
87559,1910.4246663633317
87560,1910.4246663633317
87561,1910.4246663633317
87562,1910.4246663633317
87563,1910.4246663633317
87564,1910.4246663633317
87565,1910.4246663633317
87566,1910.4246663633317
87567,1910.4246663633317
87568,1910.4246663633317
87569,1910.4246663633317
87570,1910.4246663633317
87571,1910.4246663633317
87572,1910.4246663633317
87573,1910.4246663633317
87574,1910.4246663633317
87575,1910.4246663633317
87576,1910.4246663633317
87577,1910.4246663633317
87578,1910.4246663633317
87579,1910.4246663633317
87580,1910.4246663633317
87581,1910.4246663633317
87582,1910.4246663633317
87583,1910.4246663633317
87584,1910.4246663633317
87585,1910.4246663633317
87586,1910.4246663633317
87587,1910.4246663633317
87588,1910.4246663633317
87589,1910.4246663633317
87590,1910.4246663633317
87591,1910.4246663633317
87592,1910.4246663633317
87593,1910.4246663633317
87594,1910.4246663633317
87595,1910.4246663633317
87596,1910.4246663633317
87597,1910.4246663633317
87598,1910.4246663633317
87599,1910.4246663633317
87600,1910.4246663633317
87601,1910.4246663633317
87602,1910.4246663633317
87603,1910.4246663633317
87604,1910.4246663633317
87605,1910.4246663633317
87606,1910.4246663633317
87607,1910.4246663633317
87608,1910.4246663633317
87609,1910.4246663633317
87610,1910.4246663633317
87611,1910.4246663633317
87612,1910.4246663633317
87613,1910.4246663633317
87614,1910.4246663633317
87615,1910.4246663633317
87616,1910.4246663633317
87617,1910.4246663633317
87618,1910.4246663633317
87619,1910.4246663633317
87620,1910.4246663633317
87621,1910.4246663633317
87622,1910.4246663633317
87623,1910.4246663633317
87624,1910.4246663633317
87625,1910.4246663633317
87626,1910.4246663633317
87627,1910.4246663633317
87628,1910.4246663633317
87629,1910.4246663633317
87630,1910.4246663633317
87631,1910.4246663633317
87632,1910.4246663633317
87633,1910.4246663633317
87634,1910.4246663633317
87635,1910.4246663633317
87636,1910.4246663633317
87637,1910.4246663633317
87638,1910.4246663633317
87639,1910.4246663633317
87640,1910.4246663633317
87641,1910.4246663633317
87642,1910.4246663633317
87643,1910.4246663633317
87644,1910.4246663633317
87645,1910.4246663633317
87646,1910.4246663633317
87647,1910.4246663633317
87648,1910.4246663633317
87649,1910.4246663633317
87650,1910.4246663633317
87651,1910.4246663633317
87652,1910.4246663633317
87653,1910.4246663633317
87654,1910.4246663633317
87655,1910.4246663633317
87656,1910.4246663633317
87657,1910.4246663633317
87658,1910.4246663633317
87659,1910.4246663633317
87660,1910.4246663633317
87661,1910.4246663633317
87662,1910.4246663633317
87663,1910.4246663633317
87664,1910.4246663633317
87665,1910.4246663633317
87666,1910.4246663633317
87667,1910.4246663633317
87668,1910.4246663633317
87669,1910.4246663633317
87670,1910.4246663633317
87671,1910.4246663633317
87672,1910.4246663633317
87673,1910.4246663633317
87674,1910.4246663633317
87675,1910.4246663633317
87676,1910.4246663633317
87677,1910.4246663633317
87678,1910.4246663633317
87679,1910.4246663633317
87680,1910.4246663633317
87681,1910.4246663633317
87682,1910.4246663633317
87683,1910.4246663633317
87684,1910.4246663633317
87685,1910.4246663633317
87686,1910.4246663633317
87687,1910.4246663633317
87688,1910.4246663633317
87689,1910.4246663633317
87690,1910.4246663633317
87691,1910.4246663633317
87692,1910.4246663633317
87693,1910.4246663633317
87694,1910.4246663633317
87695,1910.4246663633317
87696,1910.4246663633317
87697,1910.4246663633317
87698,1910.4246663633317
87699,1910.4246663633317
87700,1910.4246663633317
87701,1910.4246663633317
87702,1910.4246663633317
87703,1910.4246663633317
87704,1910.4246663633317
87705,1910.4246663633317
87706,1910.4246663633317
87707,1910.4246663633317
87708,1910.4246663633317
87709,1910.4246663633317
87710,1910.4246663633317
87711,1910.4246663633317
87712,1910.4246663633317
87713,1910.4246663633317
87714,1910.4246663633317
87715,1910.4246663633317
87716,1910.4246663633317
87717,1910.4246663633317
87718,1910.4246663633317
87719,1910.4246663633317
87720,1910.4246663633317
87721,1910.4246663633317
87722,1910.4246663633317
87723,1910.4246663633317
87724,1910.4246663633317
87725,1910.4246663633317
87726,1910.4246663633317
87727,1910.4246663633317
87728,1910.4246663633317
87729,1910.4246663633317
87730,1910.4246663633317
87731,1910.4246663633317
87732,1910.4246663633317
87733,1910.4246663633317
87734,1910.4246663633317
87735,1910.4246663633317
87736,1910.4246663633317
87737,1910.4246663633317
87738,1910.4246663633317
87739,1910.4246663633317
87740,1910.4246663633317
87741,1910.4246663633317
87742,1910.4246663633317
87743,1910.4246663633317
87744,1910.4246663633317
87745,1910.4246663633317
87746,1910.4246663633317
87747,1910.4246663633317
87748,1910.4246663633317
87749,1910.4246663633317
87750,1910.4246663633317
87751,1910.4246663633317
87752,1910.4246663633317
87753,1910.4246663633317
87754,1910.4246663633317
87755,1910.4246663633317
87756,1910.4246663633317
87757,1910.4246663633317
87758,1910.4246663633317
87759,1910.4246663633317
87760,1910.4246663633317
87761,1910.4246663633317
87762,1910.4246663633317
87763,1910.4246663633317
87764,1910.4246663633317
87765,1910.4246663633317
87766,1910.4246663633317
87767,1910.4246663633317
87768,1910.4246663633317
87769,1910.4246663633317
87770,1910.4246663633317
87771,1910.4246663633317
87772,1910.4246663633317
87773,1910.4246663633317
87774,1910.4246663633317
87775,1910.4246663633317
87776,1910.4246663633317
87777,1910.4246663633317
87778,1910.4246663633317
87779,1910.4246663633317
87780,1910.4246663633317
87781,1910.4246663633317
87782,1910.4246663633317
87783,1910.4246663633317
87784,1910.4246663633317
87785,1910.4246663633317
87786,1910.4246663633317
87787,1910.4246663633317
87788,1910.4246663633317
87789,1910.4246663633317
87790,1910.4246663633317
87791,1910.4246663633317
87792,1910.4246663633317
87793,1910.4246663633317
87794,1910.4246663633317
87795,1910.4246663633317
87796,1910.4246663633317
87797,1910.4246663633317
87798,1910.4246663633317
87799,1910.4246663633317
87800,1910.4246663633317
87801,1910.4246663633317
87802,1910.4246663633317
87803,1910.4246663633317
87804,1910.4246663633317
87805,1910.4246663633317
87806,1910.4246663633317
87807,1910.4246663633317
87808,1910.4246663633317
87809,1910.4246663633317
87810,1910.4246663633317
87811,1910.4246663633317
87812,1910.4246663633317
87813,1910.4246663633317
87814,1910.4246663633317
87815,1910.4246663633317
87816,1910.4246663633317
87817,1910.4246663633317
87818,1910.4246663633317
87819,1910.4246663633317
87820,1910.4246663633317
87821,1910.4246663633317
87822,1910.4246663633317
87823,1910.4246663633317
87824,1910.4246663633317
87825,1910.4246663633317
87826,1910.4246663633317
87827,1910.4246663633317
87828,1910.4246663633317
87829,1910.4246663633317
87830,1910.4246663633317
87831,1910.4246663633317
87832,1910.4246663633317
87833,1910.4246663633317
87834,1910.4246663633317
87835,1910.4246663633317
87836,1910.4246663633317
87837,1910.4246663633317
87838,1910.4246663633317
87839,1910.4246663633317
87840,1910.4246663633317
87841,1910.4246663633317
87842,1910.4246663633317
87843,1910.4246663633317
87844,1910.4246663633317
87845,1910.4246663633317
87846,1910.4246663633317
87847,1910.4246663633317
87848,1910.4246663633317
87849,1910.4246663633317
87850,1910.4246663633317
87851,1910.4246663633317
87852,1910.4246663633317
87853,1910.4246663633317
87854,1910.4246663633317
87855,1910.4246663633317
87856,1910.4246663633317
87857,1910.4246663633317
87858,1910.4246663633317
87859,1910.4246663633317
87860,1910.4246663633317
87861,1910.4246663633317
87862,1910.4246663633317
87863,1910.4246663633317
87864,1910.4246663633317
87865,1910.4246663633317
87866,1910.4246663633317
87867,1910.4246663633317
87868,1910.4246663633317
87869,1910.4246663633317
87870,1910.4246663633317
87871,1910.4246663633317
87872,1910.4246663633317
87873,1910.4246663633317
87874,1910.4246663633317
87875,1910.4246663633317
87876,1910.4246663633317
87877,1910.4246663633317
87878,1910.4246663633317
87879,1910.4246663633317
87880,1910.4246663633317
87881,1910.4246663633317
87882,1910.4246663633317
87883,1910.4246663633317
87884,1910.4246663633317
87885,1910.4246663633317
87886,1910.4246663633317
87887,1910.4246663633317
87888,1910.4246663633317
87889,1910.4246663633317
87890,1910.4246663633317
87891,1910.4246663633317
87892,1910.4246663633317
87893,1910.4246663633317
87894,1910.4246663633317
87895,1910.4246663633317
87896,1910.4246663633317
87897,1910.4246663633317
87898,1910.4246663633317
87899,1910.4246663633317
87900,1910.4246663633317
87901,1910.4246663633317
87902,1910.4246663633317
87903,1910.4246663633317
87904,1910.4246663633317
87905,1910.4246663633317
87906,1910.4246663633317
87907,1910.4246663633317
87908,1910.4246663633317
87909,1910.4246663633317
87910,1910.4246663633317
87911,1910.4246663633317
87912,1910.4246663633317
87913,1910.4246663633317
87914,1910.4246663633317
87915,1910.4246663633317
87916,1910.4246663633317
87917,1910.4246663633317
87918,1910.4246663633317
87919,1910.4246663633317
87920,1910.4246663633317
87921,1910.4246663633317
87922,1910.4246663633317
87923,1910.4246663633317
87924,1910.4246663633317
87925,1910.4246663633317
87926,1910.4246663633317
87927,1910.4246663633317
87928,1910.4246663633317
87929,1910.4246663633317
87930,1910.4246663633317
87931,1910.4246663633317
87932,1910.4246663633317
87933,1910.4246663633317
87934,1910.4246663633317
87935,1910.4246663633317
87936,1910.4246663633317
87937,1910.4246663633317
87938,1910.4246663633317
87939,1910.4246663633317
87940,1910.4246663633317
87941,1910.4246663633317
87942,1910.4246663633317
87943,1910.4246663633317
87944,1910.4246663633317
87945,1910.4246663633317
87946,1910.4246663633317
87947,1910.4246663633317
87948,1910.4246663633317
87949,1910.4246663633317
87950,1910.4246663633317
87951,1910.4246663633317
87952,1910.4246663633317
87953,1910.4246663633317
87954,1910.4246663633317
87955,1910.4246663633317
87956,1910.4246663633317
87957,1910.4246663633317
87958,1910.4246663633317
87959,1910.4246663633317
87960,1910.4246663633317
87961,1910.4246663633317
87962,1910.4246663633317
87963,1910.4246663633317
87964,1910.4246663633317
87965,1910.4246663633317
87966,1910.4246663633317
87967,1910.4246663633317
87968,1910.4246663633317
87969,1910.4246663633317
87970,1910.4246663633317
87971,1910.4246663633317
87972,1910.4246663633317
87973,1910.4246663633317
87974,1910.4246663633317
87975,1910.4246663633317
87976,1910.4246663633317
87977,1910.4246663633317
87978,1910.4246663633317
87979,1910.4246663633317
87980,1910.4246663633317
87981,1910.4246663633317
87982,1910.4246663633317
87983,1910.4246663633317
87984,1910.4246663633317
87985,1910.4246663633317
87986,1910.4246663633317
87987,1910.4246663633317
87988,1910.4246663633317
87989,1910.4246663633317
87990,1910.4246663633317
87991,1910.4246663633317
87992,1910.4246663633317
87993,1910.4246663633317
87994,1910.4246663633317
87995,1910.4246663633317
87996,1910.4246663633317
87997,1910.4246663633317
87998,1910.4246663633317
87999,1910.4246663633317
88000,1910.4246663633317
88001,1910.4246663633317
88002,1910.4246663633317
88003,1910.4246663633317
88004,1910.4246663633317
88005,1910.4246663633317
88006,1910.4246663633317
88007,1910.4246663633317
88008,1910.4246663633317
88009,1910.4246663633317
88010,1910.4246663633317
88011,1910.4246663633317
88012,1910.4246663633317
88013,1910.4246663633317
88014,1910.4246663633317
88015,1910.4246663633317
88016,1910.4246663633317
88017,1910.4246663633317
88018,1910.4246663633317
88019,1910.4246663633317
88020,1910.4246663633317
88021,1910.4246663633317
88022,1910.4246663633317
88023,1910.4246663633317
88024,1910.4246663633317
88025,1910.4246663633317
88026,1910.4246663633317
88027,1910.4246663633317
88028,1910.4246663633317
88029,1910.4246663633317
88030,1910.4246663633317
88031,1910.4246663633317
88032,1910.4246663633317
88033,1910.4246663633317
88034,1910.4246663633317
88035,1910.4246663633317
88036,1910.4246663633317
88037,1910.4246663633317
88038,1910.4246663633317
88039,1910.4246663633317
88040,1910.4246663633317
88041,1910.4246663633317
88042,1910.4246663633317
88043,1910.4246663633317
88044,1910.4246663633317
88045,1910.4246663633317
88046,1910.4246663633317
88047,1910.4246663633317
88048,1910.4246663633317
88049,1910.4246663633317
88050,1910.4246663633317
88051,1907.9877865199246
88052,1907.9877865199246
88053,1907.9877865199246
88054,1907.9877865199246
88055,1907.9877865199246
88056,1907.9877865199246
88057,1907.9877865199246
88058,1907.9877865199246
88059,1907.9877865199246
88060,1907.9877865199246
88061,1907.9877865199246
88062,1907.9877865199246
88063,1907.9877865199246
88064,1907.9877865199246
88065,1907.9877865199246
88066,1907.9877865199246
88067,1907.9877865199246
88068,1907.9877865199246
88069,1907.9877865199246
88070,1907.9877865199246
88071,1907.9877865199246
88072,1907.9877865199246
88073,1907.9877865199246
88074,1907.9877865199246
88075,1907.9877865199246
88076,1907.9877865199246
88077,1907.9877865199246
88078,1907.9877865199246
88079,1907.9877865199246
88080,1907.9877865199246
88081,1907.9877865199246
88082,1907.9877865199246
88083,1907.9877865199246
88084,1907.9877865199246
88085,1907.9877865199246
88086,1907.9877865199246
88087,1907.9877865199246
88088,1907.9877865199246
88089,1907.9877865199246
88090,1907.9877865199246
88091,1907.9877865199246
88092,1907.9877865199246
88093,1907.9877865199246
88094,1907.9877865199246
88095,1907.9877865199246
88096,1907.9877865199246
88097,1907.9877865199246
88098,1907.9877865199246
88099,1907.9877865199246
88100,1907.9877865199246
88101,1907.9877865199246
88102,1907.9877865199246
88103,1907.9877865199246
88104,1907.9877865199246
88105,1907.9877865199246
88106,1907.9877865199246
88107,1907.9877865199246
88108,1907.9877865199246
88109,1907.9877865199246
88110,1907.9877865199246
88111,1907.9877865199246
88112,1907.9877865199246
88113,1907.9877865199246
88114,1907.9877865199246
88115,1907.9877865199246
88116,1907.9877865199246
88117,1907.9877865199246
88118,1907.9877865199246
88119,1907.9877865199246
88120,1907.9877865199246
88121,1907.9877865199246
88122,1907.9877865199246
88123,1907.9877865199246
88124,1907.9877865199246
88125,1907.9877865199246
88126,1907.9877865199246
88127,1907.9877865199246
88128,1907.9877865199246
88129,1907.9877865199246
88130,1907.9877865199246
88131,1907.9877865199246
88132,1907.9877865199246
88133,1907.9877865199246
88134,1907.9877865199246
88135,1907.9877865199246
88136,1907.9877865199246
88137,1907.9877865199246
88138,1907.9877865199246
88139,1907.9877865199246
88140,1907.9877865199246
88141,1907.9877865199246
88142,1907.9877865199246
88143,1907.9877865199246
88144,1907.9877865199246
88145,1907.9877865199246
88146,1907.9877865199246
88147,1907.9877865199246
88148,1907.9877865199246
88149,1907.9877865199246
88150,1907.9877865199246
88151,1907.9877865199246
88152,1907.9877865199246
88153,1907.9877865199246
88154,1907.9877865199246
88155,1907.9877865199246
88156,1907.9877865199246
88157,1907.9877865199246
88158,1907.9877865199246
88159,1907.9877865199246
88160,1907.9877865199246
88161,1907.9877865199246
88162,1907.9877865199246
88163,1907.9877865199246
88164,1907.9877865199246
88165,1907.9877865199246
88166,1907.9877865199246
88167,1907.9877865199246
88168,1907.9877865199246
88169,1907.9877865199246
88170,1907.9877865199246
88171,1907.9877865199246
88172,1907.9877865199246
88173,1907.9877865199246
88174,1907.9877865199246
88175,1907.9877865199246
88176,1907.9877865199246
88177,1907.9877865199246
88178,1907.9877865199246
88179,1907.9877865199246
88180,1907.9877865199246
88181,1907.9877865199246
88182,1907.9877865199246
88183,1907.9877865199246
88184,1907.9877865199246
88185,1907.9877865199246
88186,1907.9877865199246
88187,1907.9877865199246
88188,1907.9877865199246
88189,1907.9877865199246
88190,1907.9877865199246
88191,1907.9877865199246
88192,1907.9877865199246
88193,1907.9877865199246
88194,1907.9877865199246
88195,1907.9877865199246
88196,1907.9877865199246
88197,1907.9877865199246
88198,1907.9877865199246
88199,1907.9877865199246
88200,1907.9877865199246
88201,1907.9877865199246
88202,1907.9877865199246
88203,1907.9877865199246
88204,1907.9877865199246
88205,1907.9877865199246
88206,1907.9877865199246
88207,1907.9877865199246
88208,1907.9877865199246
88209,1907.9877865199246
88210,1907.9877865199246
88211,1907.9877865199246
88212,1907.9877865199246
88213,1907.9877865199246
88214,1907.9877865199246
88215,1907.9877865199246
88216,1907.9877865199246
88217,1907.9877865199246
88218,1907.9877865199246
88219,1907.9877865199246
88220,1907.9877865199246
88221,1907.9877865199246
88222,1907.9877865199246
88223,1907.9877865199246
88224,1907.9877865199246
88225,1907.9877865199246
88226,1907.9877865199246
88227,1907.9877865199246
88228,1907.9877865199246
88229,1907.9877865199246
88230,1907.9877865199246
88231,1907.9877865199246
88232,1907.9877865199246
88233,1907.9877865199246
88234,1907.9877865199246
88235,1907.9877865199246
88236,1907.9877865199246
88237,1907.9877865199246
88238,1907.9877865199246
88239,1907.9877865199246
88240,1907.9877865199246
88241,1907.9877865199246
88242,1907.9877865199246
88243,1907.9877865199246
88244,1907.9877865199246
88245,1907.9877865199246
88246,1907.9877865199246
88247,1907.9877865199246
88248,1907.9877865199246
88249,1907.9877865199246
88250,1907.9877865199246
88251,1907.9877865199246
88252,1907.9877865199246
88253,1907.9877865199246
88254,1907.9877865199246
88255,1907.9877865199246
88256,1907.9877865199246
88257,1907.9877865199246
88258,1907.9877865199246
88259,1907.9877865199246
88260,1907.9877865199246
88261,1907.9877865199246
88262,1907.9877865199246
88263,1907.9877865199246
88264,1907.9877865199246
88265,1907.9877865199246
88266,1907.9877865199246
88267,1907.9877865199246
88268,1907.9877865199246
88269,1907.9877865199246
88270,1907.9877865199246
88271,1907.9877865199246
88272,1907.9877865199246
88273,1907.9877865199246
88274,1907.9877865199246
88275,1907.9877865199246
88276,1907.9877865199246
88277,1907.9877865199246
88278,1907.9877865199246
88279,1907.9877865199246
88280,1907.9877865199246
88281,1907.9877865199246
88282,1907.9877865199246
88283,1907.9877865199246
88284,1907.9877865199246
88285,1907.9877865199246
88286,1907.9877865199246
88287,1907.9877865199246
88288,1907.9877865199246
88289,1907.9877865199246
88290,1907.9877865199246
88291,1907.9877865199246
88292,1907.9877865199246
88293,1907.9877865199246
88294,1907.9877865199246
88295,1907.9877865199246
88296,1907.9877865199246
88297,1907.9877865199246
88298,1907.9877865199246
88299,1907.9877865199246
88300,1907.9877865199246
88301,1907.9877865199246
88302,1907.9877865199246
88303,1907.9877865199246
88304,1907.9877865199246
88305,1907.9877865199246
88306,1907.9877865199246
88307,1907.9877865199246
88308,1907.9877865199246
88309,1907.9877865199246
88310,1907.9877865199246
88311,1907.9877865199246
88312,1907.9877865199246
88313,1907.9877865199246
88314,1907.9877865199246
88315,1907.9877865199246
88316,1907.9877865199246
88317,1907.9877865199246
88318,1907.9877865199246
88319,1907.9877865199246
88320,1907.9877865199246
88321,1907.9877865199246
88322,1907.9877865199246
88323,1907.9877865199246
88324,1907.9877865199246
88325,1907.9877865199246
88326,1907.9877865199246
88327,1907.9877865199246
88328,1907.9877865199246
88329,1907.9877865199246
88330,1907.9877865199246
88331,1907.9877865199246
88332,1907.9877865199246
88333,1907.9877865199246
88334,1907.9877865199246
88335,1907.9877865199246
88336,1907.9877865199246
88337,1907.9877865199246
88338,1907.9877865199246
88339,1907.9877865199246
88340,1907.9877865199246
88341,1907.9877865199246
88342,1907.9877865199246
88343,1907.9877865199246
88344,1907.9877865199246
88345,1907.9877865199246
88346,1907.9877865199246
88347,1907.9877865199246
88348,1907.9877865199246
88349,1907.9877865199246
88350,1907.9877865199246
88351,1907.9877865199246
88352,1907.9877865199246
88353,1907.9877865199246
88354,1907.9877865199246
88355,1907.9877865199246
88356,1907.9877865199246
88357,1907.9877865199246
88358,1907.9877865199246
88359,1907.9877865199246
88360,1907.9877865199246
88361,1907.9877865199246
88362,1907.9877865199246
88363,1907.9877865199246
88364,1907.9877865199246
88365,1907.9877865199246
88366,1907.9877865199246
88367,1907.9877865199246
88368,1907.9877865199246
88369,1907.9877865199246
88370,1907.9877865199246
88371,1907.9877865199246
88372,1907.9877865199246
88373,1907.9877865199246
88374,1907.9877865199246
88375,1907.9877865199246
88376,1907.9877865199246
88377,1907.9877865199246
88378,1907.9877865199246
88379,1907.9877865199246
88380,1907.9877865199246
88381,1907.9877865199246
88382,1907.9877865199246
88383,1907.9877865199246
88384,1907.9877865199246
88385,1907.9877865199246
88386,1907.9877865199246
88387,1907.9877865199246
88388,1907.9877865199246
88389,1907.9877865199246
88390,1907.9877865199246
88391,1907.9877865199246
88392,1907.9877865199246
88393,1907.9877865199246
88394,1907.9877865199246
88395,1907.9877865199246
88396,1907.9877865199246
88397,1907.9877865199246
88398,1907.9877865199246
88399,1907.9877865199246
88400,1907.9877865199246
88401,1907.9877865199246
88402,1907.9877865199246
88403,1907.9877865199246
88404,1907.9877865199246
88405,1907.9877865199246
88406,1907.9877865199246
88407,1907.9877865199246
88408,1907.9877865199246
88409,1907.9877865199246
88410,1907.9877865199246
88411,1907.9877865199246
88412,1907.9877865199246
88413,1907.9877865199246
88414,1907.9877865199246
88415,1907.9877865199246
88416,1907.9877865199246
88417,1907.9877865199246
88418,1907.9877865199246
88419,1907.9877865199246
88420,1907.9877865199246
88421,1907.9877865199246
88422,1907.9877865199246
88423,1907.9877865199246
88424,1907.9877865199246
88425,1907.9877865199246
88426,1907.9877865199246
88427,1907.9877865199246
88428,1907.9877865199246
88429,1907.9877865199246
88430,1907.9877865199246
88431,1907.9877865199246
88432,1907.9877865199246
88433,1907.9877865199246
88434,1907.9877865199246
88435,1907.9877865199246
88436,1907.9877865199246
88437,1907.9877865199246
88438,1907.9877865199246
88439,1907.9877865199246
88440,1907.9877865199246
88441,1907.9877865199246
88442,1907.9877865199246
88443,1907.9877865199246
88444,1907.9877865199246
88445,1907.9877865199246
88446,1907.9877865199246
88447,1907.9877865199246
88448,1907.9877865199246
88449,1907.9877865199246
88450,1907.9877865199246
88451,1907.9877865199246
88452,1907.9877865199246
88453,1907.9877865199246
88454,1907.9877865199246
88455,1907.9877865199246
88456,1907.9877865199246
88457,1907.9877865199246
88458,1907.9877865199246
88459,1907.9877865199246
88460,1907.9877865199246
88461,1907.9877865199246
88462,1907.9877865199246
88463,1907.9877865199246
88464,1907.9877865199246
88465,1907.9877865199246
88466,1907.9877865199246
88467,1907.9877865199246
88468,1907.9877865199246
88469,1907.9877865199246
88470,1907.9877865199246
88471,1907.9877865199246
88472,1907.9877865199246
88473,1907.9877865199246
88474,1907.9877865199246
88475,1907.9877865199246
88476,1907.9877865199246
88477,1907.9877865199246
88478,1907.9877865199246
88479,1907.9877865199246
88480,1907.9877865199246
88481,1907.9877865199246
88482,1907.9877865199246
88483,1907.9877865199246
88484,1907.9877865199246
88485,1907.9877865199246
88486,1907.9877865199246
88487,1907.9877865199246
88488,1907.9877865199246
88489,1907.9877865199246
88490,1907.9877865199246
88491,1907.9877865199246
88492,1907.9877865199246
88493,1907.9877865199246
88494,1907.9877865199246
88495,1907.9877865199246
88496,1907.9877865199246
88497,1907.9877865199246
88498,1907.9877865199246
88499,1907.9877865199246
88500,1907.9877865199246
88501,1907.9877865199246
88502,1907.9877865199246
88503,1907.9877865199246
88504,1907.9877865199246
88505,1907.9877865199246
88506,1907.9877865199246
88507,1907.9877865199246
88508,1907.9877865199246
88509,1907.9877865199246
88510,1907.9877865199246
88511,1907.9877865199246
88512,1907.9877865199246
88513,1907.9877865199246
88514,1907.9877865199246
88515,1907.9877865199246
88516,1907.9877865199246
88517,1907.9877865199246
88518,1907.9877865199246
88519,1907.9877865199246
88520,1907.9877865199246
88521,1907.9877865199246
88522,1907.9877865199246
88523,1907.9877865199246
88524,1907.9877865199246
88525,1907.9877865199246
88526,1907.9877865199246
88527,1907.9877865199246
88528,1907.9877865199246
88529,1907.9877865199246
88530,1907.9877865199246
88531,1907.9877865199246
88532,1907.9877865199246
88533,1907.9877865199246
88534,1907.9877865199246
88535,1907.9877865199246
88536,1907.9877865199246
88537,1907.9877865199246
88538,1907.9877865199246
88539,1907.9877865199246
88540,1907.9877865199246
88541,1907.9877865199246
88542,1907.9877865199246
88543,1907.9877865199246
88544,1907.9877865199246
88545,1907.9877865199246
88546,1907.9877865199246
88547,1907.9877865199246
88548,1907.9877865199246
88549,1907.9877865199246
88550,1907.9877865199246
88551,1907.9877865199246
88552,1907.9877865199246
88553,1907.9877865199246
88554,1907.9877865199246
88555,1907.9877865199246
88556,1907.9877865199246
88557,1907.9877865199246
88558,1907.9877865199246
88559,1907.9877865199246
88560,1907.9877865199246
88561,1907.9877865199246
88562,1907.9877865199246
88563,1907.9877865199246
88564,1907.9877865199246
88565,1907.9877865199246
88566,1907.9877865199246
88567,1907.9877865199246
88568,1907.9877865199246
88569,1907.9877865199246
88570,1907.9877865199246
88571,1907.9877865199246
88572,1907.9877865199246
88573,1907.9877865199246
88574,1907.9877865199246
88575,1907.9877865199246
88576,1907.9877865199246
88577,1907.9877865199246
88578,1907.9877865199246
88579,1907.9877865199246
88580,1907.9877865199246
88581,1907.9877865199246
88582,1907.9877865199246
88583,1907.9877865199246
88584,1907.9877865199246
88585,1907.9877865199246
88586,1907.9877865199246
88587,1907.9877865199246
88588,1907.9877865199246
88589,1907.9877865199246
88590,1907.9877865199246
88591,1907.9877865199246
88592,1907.9877865199246
88593,1907.9877865199246
88594,1907.9877865199246
88595,1907.9877865199246
88596,1907.9877865199246
88597,1907.9877865199246
88598,1907.9877865199246
88599,1907.9877865199246
88600,1907.9877865199246
88601,1907.9877865199246
88602,1907.9877865199246
88603,1907.9877865199246
88604,1907.9877865199246
88605,1907.9877865199246
88606,1907.9877865199246
88607,1907.9877865199246
88608,1907.9877865199246
88609,1907.9877865199246
88610,1907.9877865199246
88611,1907.9877865199246
88612,1907.9877865199246
88613,1907.9877865199246
88614,1907.9877865199246
88615,1907.9877865199246
88616,1907.9877865199246
88617,1907.9877865199246
88618,1907.9877865199246
88619,1907.9877865199246
88620,1907.9877865199246
88621,1907.9877865199246
88622,1907.9877865199246
88623,1907.9877865199246
88624,1907.9877865199246
88625,1907.9877865199246
88626,1907.9877865199246
88627,1907.9877865199246
88628,1907.9877865199246
88629,1907.9877865199246
88630,1907.9877865199246
88631,1907.9877865199246
88632,1907.9877865199246
88633,1907.9877865199246
88634,1907.9877865199246
88635,1907.9877865199246
88636,1907.9877865199246
88637,1907.9877865199246
88638,1907.9877865199246
88639,1907.9877865199246
88640,1907.9877865199246
88641,1907.9877865199246
88642,1907.9877865199246
88643,1907.9877865199246
88644,1907.9877865199246
88645,1907.9877865199246
88646,1907.9877865199246
88647,1907.9877865199246
88648,1907.9877865199246
88649,1907.9877865199246
88650,1907.9877865199246
88651,1907.9877865199246
88652,1907.9877865199246
88653,1907.9877865199246
88654,1907.9877865199246
88655,1907.9877865199246
88656,1907.9877865199246
88657,1907.9877865199246
88658,1907.9877865199246
88659,1907.9877865199246
88660,1907.9877865199246
88661,1907.9877865199246
88662,1907.9877865199246
88663,1907.9877865199246
88664,1907.9877865199246
88665,1907.9877865199246
88666,1907.9877865199246
88667,1907.9877865199246
88668,1907.9877865199246
88669,1907.9877865199246
88670,1907.9877865199246
88671,1907.9877865199246
88672,1907.9877865199246
88673,1907.9877865199246
88674,1907.9877865199246
88675,1907.9877865199246
88676,1907.9877865199246
88677,1907.9877865199246
88678,1907.9877865199246
88679,1907.9877865199246
88680,1907.9877865199246
88681,1907.9877865199246
88682,1907.9877865199246
88683,1907.9877865199246
88684,1907.9877865199246
88685,1907.9877865199246
88686,1907.9877865199246
88687,1907.9877865199246
88688,1907.9877865199246
88689,1907.9877865199246
88690,1907.9877865199246
88691,1907.9877865199246
88692,1907.9877865199246
88693,1907.9877865199246
88694,1907.9877865199246
88695,1907.9877865199246
88696,1907.9877865199246
88697,1907.9877865199246
88698,1907.9877865199246
88699,1907.9877865199246
88700,1907.9877865199246
88701,1907.9877865199246
88702,1907.9877865199246
88703,1907.9877865199246
88704,1907.9877865199246
88705,1907.9877865199246
88706,1907.9877865199246
88707,1907.9877865199246
88708,1907.9877865199246
88709,1907.9877865199246
88710,1907.9877865199246
88711,1907.9877865199246
88712,1907.9877865199246
88713,1907.9877865199246
88714,1907.9877865199246
88715,1907.9877865199246
88716,1907.9877865199246
88717,1907.9877865199246
88718,1907.9877865199246
88719,1907.9877865199246
88720,1907.9877865199246
88721,1907.9877865199246
88722,1907.9877865199246
88723,1907.9877865199246
88724,1907.9877865199246
88725,1907.9877865199246
88726,1907.9877865199246
88727,1907.9877865199246
88728,1907.9877865199246
88729,1907.9877865199246
88730,1907.9877865199246
88731,1907.9877865199246
88732,1907.9877865199246
88733,1907.9877865199246
88734,1907.9877865199246
88735,1907.9877865199246
88736,1907.9877865199246
88737,1907.9877865199246
88738,1907.9877865199246
88739,1907.9877865199246
88740,1907.9877865199246
88741,1907.9877865199246
88742,1907.9877865199246
88743,1907.9877865199246
88744,1907.9877865199246
88745,1907.9877865199246
88746,1907.9877865199246
88747,1907.9877865199246
88748,1907.9877865199246
88749,1907.9877865199246
88750,1907.9877865199246
88751,1907.9877865199246
88752,1907.9877865199246
88753,1907.9877865199246
88754,1907.9877865199246
88755,1907.9877865199246
88756,1907.9877865199246
88757,1907.9877865199246
88758,1907.9877865199246
88759,1907.9877865199246
88760,1907.9877865199246
88761,1907.9877865199246
88762,1907.9877865199246
88763,1907.9877865199246
88764,1907.9877865199246
88765,1907.9877865199246
88766,1907.9877865199246
88767,1907.9877865199246
88768,1907.9877865199246
88769,1907.9877865199246
88770,1907.9877865199246
88771,1907.9877865199246
88772,1907.9877865199246
88773,1907.9877865199246
88774,1907.9877865199246
88775,1907.9877865199246
88776,1907.9877865199246
88777,1907.9877865199246
88778,1907.9877865199246
88779,1907.9877865199246
88780,1907.9877865199246
88781,1907.9877865199246
88782,1907.9877865199246
88783,1907.9877865199246
88784,1907.9877865199246
88785,1907.9877865199246
88786,1907.9877865199246
88787,1907.9877865199246
88788,1907.9877865199246
88789,1907.9877865199246
88790,1907.9877865199246
88791,1907.9877865199246
88792,1907.9877865199246
88793,1907.9877865199246
88794,1907.9877865199246
88795,1907.9877865199246
88796,1907.9877865199246
88797,1907.9877865199246
88798,1907.9877865199246
88799,1907.9877865199246
88800,1907.9877865199246
88801,1907.9877865199246
88802,1907.9877865199246
88803,1907.9877865199246
88804,1907.9877865199246
88805,1907.9877865199246
88806,1907.9877865199246
88807,1907.9877865199246
88808,1907.9877865199246
88809,1907.9877865199246
88810,1907.9877865199246
88811,1907.9877865199246
88812,1907.9877865199246
88813,1907.9877865199246
88814,1907.9877865199246
88815,1907.9877865199246
88816,1907.9877865199246
88817,1907.9877865199246
88818,1907.9877865199246
88819,1907.9877865199246
88820,1907.9877865199246
88821,1907.9877865199246
88822,1907.9877865199246
88823,1907.9877865199246
88824,1907.9877865199246
88825,1907.9877865199246
88826,1907.9877865199246
88827,1907.9877865199246
88828,1907.9877865199246
88829,1907.9877865199246
88830,1907.9877865199246
88831,1907.9877865199246
88832,1907.9877865199246
88833,1907.9877865199246
88834,1907.9877865199246
88835,1907.9877865199246
88836,1907.9877865199246
88837,1907.9877865199246
88838,1907.9877865199246
88839,1907.9877865199246
88840,1907.9877865199246
88841,1907.9877865199246
88842,1907.9877865199246
88843,1907.9877865199246
88844,1907.9877865199246
88845,1907.9877865199246
88846,1907.9877865199246
88847,1907.9877865199246
88848,1907.9877865199246
88849,1907.9877865199246
88850,1907.9877865199246
88851,1907.9877865199246
88852,1907.9877865199246
88853,1907.9877865199246
88854,1907.9877865199246
88855,1907.9877865199246
88856,1907.9877865199246
88857,1907.9877865199246
88858,1907.9877865199246
88859,1907.9877865199246
88860,1907.9877865199246
88861,1907.9877865199246
88862,1907.9877865199246
88863,1907.9877865199246
88864,1907.9877865199246
88865,1907.9877865199246
88866,1907.9877865199246
88867,1907.9877865199246
88868,1907.9877865199246
88869,1907.9877865199246
88870,1907.9877865199246
88871,1907.9877865199246
88872,1907.9877865199246
88873,1907.9877865199246
88874,1907.9877865199246
88875,1907.9877865199246
88876,1907.9877865199246
88877,1907.9877865199246
88878,1907.9877865199246
88879,1907.9877865199246
88880,1907.9877865199246
88881,1907.9877865199246
88882,1907.9877865199246
88883,1907.9877865199246
88884,1907.9877865199246
88885,1907.9877865199246
88886,1907.9877865199246
88887,1907.9877865199246
88888,1907.9877865199246
88889,1907.9877865199246
88890,1907.9877865199246
88891,1907.9877865199246
88892,1907.9877865199246
88893,1907.9877865199246
88894,1907.9877865199246
88895,1907.9877865199246
88896,1907.9877865199246
88897,1907.9877865199246
88898,1907.9877865199246
88899,1907.9877865199246
88900,1907.9877865199246
88901,1907.9877865199246
88902,1907.9877865199246
88903,1907.9877865199246
88904,1907.9877865199246
88905,1907.9877865199246
88906,1907.9877865199246
88907,1907.9877865199246
88908,1907.9877865199246
88909,1907.9877865199246
88910,1907.9877865199246
88911,1907.9877865199246
88912,1907.9877865199246
88913,1907.9877865199246
88914,1907.9877865199246
88915,1907.9877865199246
88916,1907.9877865199246
88917,1907.9877865199246
88918,1907.9877865199246
88919,1907.9877865199246
88920,1907.9877865199246
88921,1907.9877865199246
88922,1907.9877865199246
88923,1907.9877865199246
88924,1907.9877865199246
88925,1907.9877865199246
88926,1907.9877865199246
88927,1907.9877865199246
88928,1907.9877865199246
88929,1907.9877865199246
88930,1907.9877865199246
88931,1907.9877865199246
88932,1907.9877865199246
88933,1907.9877865199246
88934,1907.9877865199246
88935,1907.9877865199246
88936,1907.9877865199246
88937,1907.9877865199246
88938,1907.9877865199246
88939,1907.9877865199246
88940,1907.9877865199246
88941,1907.9877865199246
88942,1907.9877865199246
88943,1907.9877865199246
88944,1907.9877865199246
88945,1907.9877865199246
88946,1907.9877865199246
88947,1907.9877865199246
88948,1907.9877865199246
88949,1907.9877865199246
88950,1907.9877865199246
88951,1907.9877865199246
88952,1907.9877865199246
88953,1907.9877865199246
88954,1907.9877865199246
88955,1907.9877865199246
88956,1907.9877865199246
88957,1907.9877865199246
88958,1907.9877865199246
88959,1907.9877865199246
88960,1907.9877865199246
88961,1907.9877865199246
88962,1907.9877865199246
88963,1907.9877865199246
88964,1907.9877865199246
88965,1907.9877865199246
88966,1907.9877865199246
88967,1907.9877865199246
88968,1907.9877865199246
88969,1907.9877865199246
88970,1907.9877865199246
88971,1907.9877865199246
88972,1907.9877865199246
88973,1907.9877865199246
88974,1907.9877865199246
88975,1907.9877865199246
88976,1907.9877865199246
88977,1907.9877865199246
88978,1907.9877865199246
88979,1907.9877865199246
88980,1907.9877865199246
88981,1907.9877865199246
88982,1907.9877865199246
88983,1907.9877865199246
88984,1907.9877865199246
88985,1907.9877865199246
88986,1907.9877865199246
88987,1907.9877865199246
88988,1907.9877865199246
88989,1907.9877865199246
88990,1907.9877865199246
88991,1907.9877865199246
88992,1907.9877865199246
88993,1907.9877865199246
88994,1907.9877865199246
88995,1907.9877865199246
88996,1907.9877865199246
88997,1907.9877865199246
88998,1907.9877865199246
88999,1907.9877865199246
89000,1907.9877865199246
89001,1907.9877865199246
89002,1907.9877865199246
89003,1907.9877865199246
89004,1907.9877865199246
89005,1907.9877865199246
89006,1907.9877865199246
89007,1907.9877865199246
89008,1907.9877865199246
89009,1907.9877865199246
89010,1907.9877865199246
89011,1907.9877865199246
89012,1907.9877865199246
89013,1907.9877865199246
89014,1907.9877865199246
89015,1907.9877865199246
89016,1907.9877865199246
89017,1907.9877865199246
89018,1907.9877865199246
89019,1907.9877865199246
89020,1907.9877865199246
89021,1907.9877865199246
89022,1907.9877865199246
89023,1907.9877865199246
89024,1907.9877865199246
89025,1907.9877865199246
89026,1907.9877865199246
89027,1907.9877865199246
89028,1907.9877865199246
89029,1907.9877865199246
89030,1907.9877865199246
89031,1907.9877865199246
89032,1907.9877865199246
89033,1907.9877865199246
89034,1907.9877865199246
89035,1907.9877865199246
89036,1907.9877865199246
89037,1907.9877865199246
89038,1907.9877865199246
89039,1907.9877865199246
89040,1907.9877865199246
89041,1907.9877865199246
89042,1907.9877865199246
89043,1907.9877865199246
89044,1907.9877865199246
89045,1907.9877865199246
89046,1907.9877865199246
89047,1907.9877865199246
89048,1907.9877865199246
89049,1907.9877865199246
89050,1907.9877865199246
89051,1907.9877865199246
89052,1907.9877865199246
89053,1907.9877865199246
89054,1907.9877865199246
89055,1907.9877865199246
89056,1907.9877865199246
89057,1907.9877865199246
89058,1907.9877865199246
89059,1907.9877865199246
89060,1907.9877865199246
89061,1907.9877865199246
89062,1907.9877865199246
89063,1907.9877865199246
89064,1907.9877865199246
89065,1907.9877865199246
89066,1907.9877865199246
89067,1907.9877865199246
89068,1907.9877865199246
89069,1907.9877865199246
89070,1907.9877865199246
89071,1907.9877865199246
89072,1907.9877865199246
89073,1907.9877865199246
89074,1907.9877865199246
89075,1907.9877865199246
89076,1907.9877865199246
89077,1907.9877865199246
89078,1907.9877865199246
89079,1907.9877865199246
89080,1907.9877865199246
89081,1907.9877865199246
89082,1907.9877865199246
89083,1907.9877865199246
89084,1907.9877865199246
89085,1907.9877865199246
89086,1907.9877865199246
89087,1907.9877865199246
89088,1907.9877865199246
89089,1907.9877865199246
89090,1907.9877865199246
89091,1907.9877865199246
89092,1907.9877865199246
89093,1907.9877865199246
89094,1907.9877865199246
89095,1907.9877865199246
89096,1907.9877865199246
89097,1907.9877865199246
89098,1907.9877865199246
89099,1907.9877865199246
89100,1907.9877865199246
89101,1907.9877865199246
89102,1907.9877865199246
89103,1907.9877865199246
89104,1907.9877865199246
89105,1907.9877865199246
89106,1907.9877865199246
89107,1907.9877865199246
89108,1907.9877865199246
89109,1907.9877865199246
89110,1907.9877865199246
89111,1907.9877865199246
89112,1907.9877865199246
89113,1907.9877865199246
89114,1907.9877865199246
89115,1907.9877865199246
89116,1907.9877865199246
89117,1907.9877865199246
89118,1907.9877865199246
89119,1907.9877865199246
89120,1907.9877865199246
89121,1907.9877865199246
89122,1907.9877865199246
89123,1907.9877865199246
89124,1907.9877865199246
89125,1907.9877865199246
89126,1907.9877865199246
89127,1907.9877865199246
89128,1907.9877865199246
89129,1907.9877865199246
89130,1907.9877865199246
89131,1907.9877865199246
89132,1907.9877865199246
89133,1907.9877865199246
89134,1907.9877865199246
89135,1907.9877865199246
89136,1907.9877865199246
89137,1907.9877865199246
89138,1907.9877865199246
89139,1907.9877865199246
89140,1907.9877865199246
89141,1907.9877865199246
89142,1907.9877865199246
89143,1907.9877865199246
89144,1907.9877865199246
89145,1907.9877865199246
89146,1907.9877865199246
89147,1907.9877865199246
89148,1907.9877865199246
89149,1907.9877865199246
89150,1907.9877865199246
89151,1907.9877865199246
89152,1907.9877865199246
89153,1907.9877865199246
89154,1907.9877865199246
89155,1907.9877865199246
89156,1907.9877865199246
89157,1907.9877865199246
89158,1907.9877865199246
89159,1907.9877865199246
89160,1907.9877865199246
89161,1907.9877865199246
89162,1907.9877865199246
89163,1907.9877865199246
89164,1907.9877865199246
89165,1907.9877865199246
89166,1907.9877865199246
89167,1907.9877865199246
89168,1907.9877865199246
89169,1907.9877865199246
89170,1907.9877865199246
89171,1907.9877865199246
89172,1907.9877865199246
89173,1907.9877865199246
89174,1907.9877865199246
89175,1907.9877865199246
89176,1907.9877865199246
89177,1907.9877865199246
89178,1907.9877865199246
89179,1907.9877865199246
89180,1907.9877865199246
89181,1907.9877865199246
89182,1907.9877865199246
89183,1907.9877865199246
89184,1907.9877865199246
89185,1907.9877865199246
89186,1907.9877865199246
89187,1907.9877865199246
89188,1907.9877865199246
89189,1907.9877865199246
89190,1907.9877865199246
89191,1907.9877865199246
89192,1907.9877865199246
89193,1907.9877865199246
89194,1907.9877865199246
89195,1907.9877865199246
89196,1907.9877865199246
89197,1907.9877865199246
89198,1907.9877865199246
89199,1907.9877865199246
89200,1907.9877865199246
89201,1907.9877865199246
89202,1907.9877865199246
89203,1907.9877865199246
89204,1907.9877865199246
89205,1907.9877865199246
89206,1907.9877865199246
89207,1907.9877865199246
89208,1907.9877865199246
89209,1907.9877865199246
89210,1907.9877865199246
89211,1907.9877865199246
89212,1907.9877865199246
89213,1907.9877865199246
89214,1907.9877865199246
89215,1907.9877865199246
89216,1907.9877865199246
89217,1907.9877865199246
89218,1907.9877865199246
89219,1907.9877865199246
89220,1907.9877865199246
89221,1907.9877865199246
89222,1907.9877865199246
89223,1907.9877865199246
89224,1907.9877865199246
89225,1907.9877865199246
89226,1907.9877865199246
89227,1907.9877865199246
89228,1907.9877865199246
89229,1907.9877865199246
89230,1907.9877865199246
89231,1907.9877865199246
89232,1907.9877865199246
89233,1907.9877865199246
89234,1907.9877865199246
89235,1907.9877865199246
89236,1907.9877865199246
89237,1907.9877865199246
89238,1907.9877865199246
89239,1907.9877865199246
89240,1907.9877865199246
89241,1907.9877865199246
89242,1907.9877865199246
89243,1907.9877865199246
89244,1907.9877865199246
89245,1907.9877865199246
89246,1907.9877865199246
89247,1907.9877865199246
89248,1907.9877865199246
89249,1907.9877865199246
89250,1907.9877865199246
89251,1907.9877865199246
89252,1907.9877865199246
89253,1907.9877865199246
89254,1907.9877865199246
89255,1907.9877865199246
89256,1907.9877865199246
89257,1907.9877865199246
89258,1907.9877865199246
89259,1907.9877865199246
89260,1907.9877865199246
89261,1907.9877865199246
89262,1907.9877865199246
89263,1907.9877865199246
89264,1907.9877865199246
89265,1907.9877865199246
89266,1907.9877865199246
89267,1907.9877865199246
89268,1907.9877865199246
89269,1907.9877865199246
89270,1907.9877865199246
89271,1907.9877865199246
89272,1907.9877865199246
89273,1907.9877865199246
89274,1907.9877865199246
89275,1907.9877865199246
89276,1907.9877865199246
89277,1907.9877865199246
89278,1907.9877865199246
89279,1907.9877865199246
89280,1907.9877865199246
89281,1907.9877865199246
89282,1907.9877865199246
89283,1907.9877865199246
89284,1907.9877865199246
89285,1907.9877865199246
89286,1907.9877865199246
89287,1907.9877865199246
89288,1907.9877865199246
89289,1907.9877865199246
89290,1907.9877865199246
89291,1907.9877865199246
89292,1907.9877865199246
89293,1907.9877865199246
89294,1907.9877865199246
89295,1907.9877865199246
89296,1907.9877865199246
89297,1907.9877865199246
89298,1907.9877865199246
89299,1907.9877865199246
89300,1907.9877865199246
89301,1907.9877865199246
89302,1907.9877865199246
89303,1907.9877865199246
89304,1907.9877865199246
89305,1907.9877865199246
89306,1907.9877865199246
89307,1907.9877865199246
89308,1907.9877865199246
89309,1907.9877865199246
89310,1907.9877865199246
89311,1907.9877865199246
89312,1907.9877865199246
89313,1907.9877865199246
89314,1907.9877865199246
89315,1907.9877865199246
89316,1907.9877865199246
89317,1907.9877865199246
89318,1907.9877865199246
89319,1907.9877865199246
89320,1907.9877865199246
89321,1907.9877865199246
89322,1907.9877865199246
89323,1907.9877865199246
89324,1907.9877865199246
89325,1907.9877865199246
89326,1907.9877865199246
89327,1907.9877865199246
89328,1907.9877865199246
89329,1907.9877865199246
89330,1907.9877865199246
89331,1907.9877865199246
89332,1907.9877865199246
89333,1907.9877865199246
89334,1907.9877865199246
89335,1907.9877865199246
89336,1907.9877865199246
89337,1907.9877865199246
89338,1907.9877865199246
89339,1907.9877865199246
89340,1907.9877865199246
89341,1907.9877865199246
89342,1907.9877865199246
89343,1907.9877865199246
89344,1907.9877865199246
89345,1907.9877865199246
89346,1907.9877865199246
89347,1907.9877865199246
89348,1907.9877865199246
89349,1907.9877865199246
89350,1907.9877865199246
89351,1907.9877865199246
89352,1907.9877865199246
89353,1907.9877865199246
89354,1907.9877865199246
89355,1907.9877865199246
89356,1907.9877865199246
89357,1907.9877865199246
89358,1907.9877865199246
89359,1907.9877865199246
89360,1907.9877865199246
89361,1907.9877865199246
89362,1907.9877865199246
89363,1907.9877865199246
89364,1907.9877865199246
89365,1907.9877865199246
89366,1907.9877865199246
89367,1907.9877865199246
89368,1907.9877865199246
89369,1907.9877865199246
89370,1907.9877865199246
89371,1907.9877865199246
89372,1907.9877865199246
89373,1907.9877865199246
89374,1907.9877865199246
89375,1907.9877865199246
89376,1907.9877865199246
89377,1907.9877865199246
89378,1907.9877865199246
89379,1907.9877865199246
89380,1907.9877865199246
89381,1907.9877865199246
89382,1907.9877865199246
89383,1907.9877865199246
89384,1907.9877865199246
89385,1907.9877865199246
89386,1907.9877865199246
89387,1907.9877865199246
89388,1907.9877865199246
89389,1907.9877865199246
89390,1907.9877865199246
89391,1907.9877865199246
89392,1907.9877865199246
89393,1907.9877865199246
89394,1907.9877865199246
89395,1907.9877865199246
89396,1907.9877865199246
89397,1907.9877865199246
89398,1907.9877865199246
89399,1907.9877865199246
89400,1907.9877865199246
89401,1907.9877865199246
89402,1907.9877865199246
89403,1907.9877865199246
89404,1907.9877865199246
89405,1907.9877865199246
89406,1907.9877865199246
89407,1907.9877865199246
89408,1907.9877865199246
89409,1907.9877865199246
89410,1907.9877865199246
89411,1907.9877865199246
89412,1907.9877865199246
89413,1907.9877865199246
89414,1907.9877865199246
89415,1907.9877865199246
89416,1907.9877865199246
89417,1907.9877865199246
89418,1907.9877865199246
89419,1907.9877865199246
89420,1907.9877865199246
89421,1907.9877865199246
89422,1907.9877865199246
89423,1907.9877865199246
89424,1907.9877865199246
89425,1907.9877865199246
89426,1907.9877865199246
89427,1907.9877865199246
89428,1907.9877865199246
89429,1907.9877865199246
89430,1907.9877865199246
89431,1907.9877865199246
89432,1907.9877865199246
89433,1907.9877865199246
89434,1907.9877865199246
89435,1907.9877865199246
89436,1907.9877865199246
89437,1907.9877865199246
89438,1907.9877865199246
89439,1907.9877865199246
89440,1907.9877865199246
89441,1907.9877865199246
89442,1907.9877865199246
89443,1907.9877865199246
89444,1907.9877865199246
89445,1907.9877865199246
89446,1907.9877865199246
89447,1907.9877865199246
89448,1907.9877865199246
89449,1907.9877865199246
89450,1907.9877865199246
89451,1907.9877865199246
89452,1907.9877865199246
89453,1907.9877865199246
89454,1907.9877865199246
89455,1907.9877865199246
89456,1907.9877865199246
89457,1907.9877865199246
89458,1907.9877865199246
89459,1907.9877865199246
89460,1907.9877865199246
89461,1907.9877865199246
89462,1907.9877865199246
89463,1907.9877865199246
89464,1907.9877865199246
89465,1907.9877865199246
89466,1907.9877865199246
89467,1907.9877865199246
89468,1907.9877865199246
89469,1907.9877865199246
89470,1907.9877865199246
89471,1907.9877865199246
89472,1907.9877865199246
89473,1907.9877865199246
89474,1907.9877865199246
89475,1907.9877865199246
89476,1907.9877865199246
89477,1907.9877865199246
89478,1907.9877865199246
89479,1907.9877865199246
89480,1907.9877865199246
89481,1907.9877865199246
89482,1907.9877865199246
89483,1907.9877865199246
89484,1907.9877865199246
89485,1907.9877865199246
89486,1907.9877865199246
89487,1907.9877865199246
89488,1907.9877865199246
89489,1907.9877865199246
89490,1907.9877865199246
89491,1907.9877865199246
89492,1907.9877865199246
89493,1907.9877865199246
89494,1907.9877865199246
89495,1907.9877865199246
89496,1907.9877865199246
89497,1907.9877865199246
89498,1907.9877865199246
89499,1907.9877865199246
89500,1907.9877865199246
89501,1907.9877865199246
89502,1907.9877865199246
89503,1907.9877865199246
89504,1907.9877865199246
89505,1907.9877865199246
89506,1907.9877865199246
89507,1907.9877865199246
89508,1907.9877865199246
89509,1907.9877865199246
89510,1907.9877865199246
89511,1907.9877865199246
89512,1907.9877865199246
89513,1907.9877865199246
89514,1907.9877865199246
89515,1907.9877865199246
89516,1907.9877865199246
89517,1907.9877865199246
89518,1907.9877865199246
89519,1907.9877865199246
89520,1907.9877865199246
89521,1907.9877865199246
89522,1907.9877865199246
89523,1907.9877865199246
89524,1907.9877865199246
89525,1907.9877865199246
89526,1907.9877865199246
89527,1907.9877865199246
89528,1907.9877865199246
89529,1907.9877865199246
89530,1907.9877865199246
89531,1907.9877865199246
89532,1907.9877865199246
89533,1907.9877865199246
89534,1907.9877865199246
89535,1907.9877865199246
89536,1907.9877865199246
89537,1907.9877865199246
89538,1907.9877865199246
89539,1907.9877865199246
89540,1907.9877865199246
89541,1907.9877865199246
89542,1907.9877865199246
89543,1907.9877865199246
89544,1907.9877865199246
89545,1907.9877865199246
89546,1907.9877865199246
89547,1907.9877865199246
89548,1907.9877865199246
89549,1907.9877865199246
89550,1907.9877865199246
89551,1907.9877865199246
89552,1907.9877865199246
89553,1907.9877865199246
89554,1907.9877865199246
89555,1907.9877865199246
89556,1907.9877865199246
89557,1907.9877865199246
89558,1907.9877865199246
89559,1907.9877865199246
89560,1907.9877865199246
89561,1907.9877865199246
89562,1907.9877865199246
89563,1907.9877865199246
89564,1907.9877865199246
89565,1907.9877865199246
89566,1907.9877865199246
89567,1907.9877865199246
89568,1907.9877865199246
89569,1907.9877865199246
89570,1907.9877865199246
89571,1907.9877865199246
89572,1907.9877865199246
89573,1907.9877865199246
89574,1907.9877865199246
89575,1907.9877865199246
89576,1907.9877865199246
89577,1907.9877865199246
89578,1907.9877865199246
89579,1907.9877865199246
89580,1907.9877865199246
89581,1907.9877865199246
89582,1907.9877865199246
89583,1907.9877865199246
89584,1907.9877865199246
89585,1907.9877865199246
89586,1907.9877865199246
89587,1907.9877865199246
89588,1907.9877865199246
89589,1907.9877865199246
89590,1907.9877865199246
89591,1907.9877865199246
89592,1907.9877865199246
89593,1907.9877865199246
89594,1907.9877865199246
89595,1907.9877865199246
89596,1907.9877865199246
89597,1907.9877865199246
89598,1907.9877865199246
89599,1907.9877865199246
89600,1907.9877865199246
89601,1907.9877865199246
89602,1907.9877865199246
89603,1907.9877865199246
89604,1907.9877865199246
89605,1907.9877865199246
89606,1907.9877865199246
89607,1907.9877865199246
89608,1907.9877865199246
89609,1907.9877865199246
89610,1907.9877865199246
89611,1907.9877865199246
89612,1907.9877865199246
89613,1907.9877865199246
89614,1907.9877865199246
89615,1907.9877865199246
89616,1907.9877865199246
89617,1907.9877865199246
89618,1907.9877865199246
89619,1907.9877865199246
89620,1907.9877865199246
89621,1907.9877865199246
89622,1907.9877865199246
89623,1907.9877865199246
89624,1907.9877865199246
89625,1907.9877865199246
89626,1907.9877865199246
89627,1907.9877865199246
89628,1907.9877865199246
89629,1907.9877865199246
89630,1907.9877865199246
89631,1907.9877865199246
89632,1907.9877865199246
89633,1907.9877865199246
89634,1907.9877865199246
89635,1907.9877865199246
89636,1907.9877865199246
89637,1907.9877865199246
89638,1907.9877865199246
89639,1907.9877865199246
89640,1907.9877865199246
89641,1907.9877865199246
89642,1907.9877865199246
89643,1907.9877865199246
89644,1907.9877865199246
89645,1907.9877865199246
89646,1907.9877865199246
89647,1907.9877865199246
89648,1907.9877865199246
89649,1907.9877865199246
89650,1907.9877865199246
89651,1907.9877865199246
89652,1907.9877865199246
89653,1907.9877865199246
89654,1907.9877865199246
89655,1907.9877865199246
89656,1907.9877865199246
89657,1907.9877865199246
89658,1907.9877865199246
89659,1907.9877865199246
89660,1907.9877865199246
89661,1907.9877865199246
89662,1907.9877865199246
89663,1907.9877865199246
89664,1907.9877865199246
89665,1907.9877865199246
89666,1907.9877865199246
89667,1907.9877865199246
89668,1907.9877865199246
89669,1907.9877865199246
89670,1907.9877865199246
89671,1907.9877865199246
89672,1907.9877865199246
89673,1907.9877865199246
89674,1907.9877865199246
89675,1907.9877865199246
89676,1907.9877865199246
89677,1907.9877865199246
89678,1907.9877865199246
89679,1907.9877865199246
89680,1907.9877865199246
89681,1907.9877865199246
89682,1907.9877865199246
89683,1907.9877865199246
89684,1907.9877865199246
89685,1907.9877865199246
89686,1907.9877865199246
89687,1907.9877865199246
89688,1907.9877865199246
89689,1907.9877865199246
89690,1907.9877865199246
89691,1907.9877865199246
89692,1907.9877865199246
89693,1907.9877865199246
89694,1907.9877865199246
89695,1907.9877865199246
89696,1907.9877865199246
89697,1907.9877865199246
89698,1907.9877865199246
89699,1907.9877865199246
89700,1907.9877865199246
89701,1907.9877865199246
89702,1907.9877865199246
89703,1907.9877865199246
89704,1907.9877865199246
89705,1907.9877865199246
89706,1907.9877865199246
89707,1907.9877865199246
89708,1907.9877865199246
89709,1907.9877865199246
89710,1907.9877865199246
89711,1907.9877865199246
89712,1907.9877865199246
89713,1907.9877865199246
89714,1907.9877865199246
89715,1907.9877865199246
89716,1907.9877865199246
89717,1907.9877865199246
89718,1907.9877865199246
89719,1907.9877865199246
89720,1907.9877865199246
89721,1907.9877865199246
89722,1907.9877865199246
89723,1907.9877865199246
89724,1907.9877865199246
89725,1907.9877865199246
89726,1907.9877865199246
89727,1907.9877865199246
89728,1907.9877865199246
89729,1907.9877865199246
89730,1907.9877865199246
89731,1907.9877865199246
89732,1907.9877865199246
89733,1907.9877865199246
89734,1907.9877865199246
89735,1907.9877865199246
89736,1907.9877865199246
89737,1907.9877865199246
89738,1907.9877865199246
89739,1907.9877865199246
89740,1907.9877865199246
89741,1907.9877865199246
89742,1907.9877865199246
89743,1907.9877865199246
89744,1907.9877865199246
89745,1907.9877865199246
89746,1907.9877865199246
89747,1907.9877865199246
89748,1907.9877865199246
89749,1907.9877865199246
89750,1907.9877865199246
89751,1907.9877865199246
89752,1907.9877865199246
89753,1907.9877865199246
89754,1907.9877865199246
89755,1907.9877865199246
89756,1907.9877865199246
89757,1907.9877865199246
89758,1907.9877865199246
89759,1907.9877865199246
89760,1907.9877865199246
89761,1907.9877865199246
89762,1907.9877865199246
89763,1907.9877865199246
89764,1907.9877865199246
89765,1907.9877865199246
89766,1907.9877865199246
89767,1907.9877865199246
89768,1907.9877865199246
89769,1907.9877865199246
89770,1907.9877865199246
89771,1907.9877865199246
89772,1907.9877865199246
89773,1907.9877865199246
89774,1907.9877865199246
89775,1907.9877865199246
89776,1907.9877865199246
89777,1907.9877865199246
89778,1907.9877865199246
89779,1907.9877865199246
89780,1907.9877865199246
89781,1907.9877865199246
89782,1907.9877865199246
89783,1907.9877865199246
89784,1907.9877865199246
89785,1907.9877865199246
89786,1907.9877865199246
89787,1907.9877865199246
89788,1907.9877865199246
89789,1907.9877865199246
89790,1907.9877865199246
89791,1907.9877865199246
89792,1907.9877865199246
89793,1907.9877865199246
89794,1907.9877865199246
89795,1907.9877865199246
89796,1907.9877865199246
89797,1907.9877865199246
89798,1907.9877865199246
89799,1907.9877865199246
89800,1907.9877865199246
89801,1907.9877865199246
89802,1907.9877865199246
89803,1907.9877865199246
89804,1907.9877865199246
89805,1907.9877865199246
89806,1907.9877865199246
89807,1907.9877865199246
89808,1907.9877865199246
89809,1907.9877865199246
89810,1907.9877865199246
89811,1907.9877865199246
89812,1907.9877865199246
89813,1907.9877865199246
89814,1907.9877865199246
89815,1907.9877865199246
89816,1907.9877865199246
89817,1907.9877865199246
89818,1907.9877865199246
89819,1907.9877865199246
89820,1907.9877865199246
89821,1907.9877865199246
89822,1907.9877865199246
89823,1907.9877865199246
89824,1907.9877865199246
89825,1907.9877865199246
89826,1907.9877865199246
89827,1907.9877865199246
89828,1907.9877865199246
89829,1907.9877865199246
89830,1907.9877865199246
89831,1907.9877865199246
89832,1907.9877865199246
89833,1907.9877865199246
89834,1907.9877865199246
89835,1907.9877865199246
89836,1907.9877865199246
89837,1907.9877865199246
89838,1907.9877865199246
89839,1907.9877865199246
89840,1907.9877865199246
89841,1907.9877865199246
89842,1907.9877865199246
89843,1907.9877865199246
89844,1907.9877865199246
89845,1907.9877865199246
89846,1907.9877865199246
89847,1907.9877865199246
89848,1907.9877865199246
89849,1907.9877865199246
89850,1907.9877865199246
89851,1907.9877865199246
89852,1907.9877865199246
89853,1907.9877865199246
89854,1907.9877865199246
89855,1907.9877865199246
89856,1907.9877865199246
89857,1907.9877865199246
89858,1907.9877865199246
89859,1907.9877865199246
89860,1907.9877865199246
89861,1907.9877865199246
89862,1907.9877865199246
89863,1907.9877865199246
89864,1907.9877865199246
89865,1907.9877865199246
89866,1907.9877865199246
89867,1907.9877865199246
89868,1907.9877865199246
89869,1907.9877865199246
89870,1907.9877865199246
89871,1907.9877865199246
89872,1907.9877865199246
89873,1907.9877865199246
89874,1907.9877865199246
89875,1907.9877865199246
89876,1907.9877865199246
89877,1907.9877865199246
89878,1907.9877865199246
89879,1907.9877865199246
89880,1907.9877865199246
89881,1907.9877865199246
89882,1907.9877865199246
89883,1907.9877865199246
89884,1907.9877865199246
89885,1907.9877865199246
89886,1907.9877865199246
89887,1907.9877865199246
89888,1907.9877865199246
89889,1907.9877865199246
89890,1907.9877865199246
89891,1907.9877865199246
89892,1907.9877865199246
89893,1907.9877865199246
89894,1907.9877865199246
89895,1907.9877865199246
89896,1907.9877865199246
89897,1907.9877865199246
89898,1907.9877865199246
89899,1907.9877865199246
89900,1907.9877865199246
89901,1907.9877865199246
89902,1907.9877865199246
89903,1907.9877865199246
89904,1907.9877865199246
89905,1907.9877865199246
89906,1907.9877865199246
89907,1907.9877865199246
89908,1907.9877865199246
89909,1907.9877865199246
89910,1907.9877865199246
89911,1907.9877865199246
89912,1907.9877865199246
89913,1907.9877865199246
89914,1907.9877865199246
89915,1907.9877865199246
89916,1907.9877865199246
89917,1907.9877865199246
89918,1907.9877865199246
89919,1907.9877865199246
89920,1907.9877865199246
89921,1907.9877865199246
89922,1907.9877865199246
89923,1907.9877865199246
89924,1907.9877865199246
89925,1907.9877865199246
89926,1907.9877865199246
89927,1907.9877865199246
89928,1907.9877865199246
89929,1907.9877865199246
89930,1907.9877865199246
89931,1907.9877865199246
89932,1907.9877865199246
89933,1907.9877865199246
89934,1907.9877865199246
89935,1907.9877865199246
89936,1907.9877865199246
89937,1907.9877865199246
89938,1907.9877865199246
89939,1907.9877865199246
89940,1907.9877865199246
89941,1907.9877865199246
89942,1907.9877865199246
89943,1907.9877865199246
89944,1907.9877865199246
89945,1907.9877865199246
89946,1907.9877865199246
89947,1907.9877865199246
89948,1907.9877865199246
89949,1907.9877865199246
89950,1907.9877865199246
89951,1907.9877865199246
89952,1907.9877865199246
89953,1907.9877865199246
89954,1907.9877865199246
89955,1907.9877865199246
89956,1907.9877865199246
89957,1907.9877865199246
89958,1907.9877865199246
89959,1907.9877865199246
89960,1907.9877865199246
89961,1907.9877865199246
89962,1907.9877865199246
89963,1907.9877865199246
89964,1907.9877865199246
89965,1907.9877865199246
89966,1907.9877865199246
89967,1907.9877865199246
89968,1907.9877865199246
89969,1907.9877865199246
89970,1907.9877865199246
89971,1907.9877865199246
89972,1907.9877865199246
89973,1907.9877865199246
89974,1907.9877865199246
89975,1907.9877865199246
89976,1907.9877865199246
89977,1907.9877865199246
89978,1907.9877865199246
89979,1907.9877865199246
89980,1907.9877865199246
89981,1907.9877865199246
89982,1907.9877865199246
89983,1907.9877865199246
89984,1907.9877865199246
89985,1907.9877865199246
89986,1907.9877865199246
89987,1907.9877865199246
89988,1907.9877865199246
89989,1907.9877865199246
89990,1907.9877865199246
89991,1907.9877865199246
89992,1907.9877865199246
89993,1907.9877865199246
89994,1907.9877865199246
89995,1907.9877865199246
89996,1907.9877865199246
89997,1907.9877865199246
89998,1907.9877865199246
89999,1907.9877865199246
90000,1907.9877865199246
90001,1907.9877865199246
90002,1907.9877865199246
90003,1907.9877865199246
90004,1907.9877865199246
90005,1907.9877865199246
90006,1907.9877865199246
90007,1907.9877865199246
90008,1907.9877865199246
90009,1907.9877865199246
90010,1907.9877865199246
90011,1907.9877865199246
90012,1907.9877865199246
90013,1907.9877865199246
90014,1907.9877865199246
90015,1907.9877865199246
90016,1907.9877865199246
90017,1907.9877865199246
90018,1907.9877865199246
90019,1907.9877865199246
90020,1907.9877865199246
90021,1907.9877865199246
90022,1907.9877865199246
90023,1907.9877865199246
90024,1907.9877865199246
90025,1907.9877865199246
90026,1907.9877865199246
90027,1907.9877865199246
90028,1907.9877865199246
90029,1907.9877865199246
90030,1907.9877865199246
90031,1907.9877865199246
90032,1907.9877865199246
90033,1907.9877865199246
90034,1907.9877865199246
90035,1907.9877865199246
90036,1907.9877865199246
90037,1907.9877865199246
90038,1907.9877865199246
90039,1907.9877865199246
90040,1907.9877865199246
90041,1907.9877865199246
90042,1907.9877865199246
90043,1907.9877865199246
90044,1907.9877865199246
90045,1907.9877865199246
90046,1907.9877865199246
90047,1907.9877865199246
90048,1907.9877865199246
90049,1907.9877865199246
90050,1907.9877865199246
90051,1907.9877865199246
90052,1907.9877865199246
90053,1907.9877865199246
90054,1907.9877865199246
90055,1907.9877865199246
90056,1907.9877865199246
90057,1907.9877865199246
90058,1907.9877865199246
90059,1907.9877865199246
90060,1907.9877865199246
90061,1907.9877865199246
90062,1907.9877865199246
90063,1907.9877865199246
90064,1907.9877865199246
90065,1907.9877865199246
90066,1907.9877865199246
90067,1907.9877865199246
90068,1907.9877865199246
90069,1907.9877865199246
90070,1907.9877865199246
90071,1907.9877865199246
90072,1907.9877865199246
90073,1907.9877865199246
90074,1907.9877865199246
90075,1907.9877865199246
90076,1907.9877865199246
90077,1907.9877865199246
90078,1907.9877865199246
90079,1907.9877865199246
90080,1907.9877865199246
90081,1907.9877865199246
90082,1907.9877865199246
90083,1907.9877865199246
90084,1907.9877865199246
90085,1907.9877865199246
90086,1907.9877865199246
90087,1907.9877865199246
90088,1907.9877865199246
90089,1907.9877865199246
90090,1907.9877865199246
90091,1907.9877865199246
90092,1907.9877865199246
90093,1907.9877865199246
90094,1907.9877865199246
90095,1907.9877865199246
90096,1907.9877865199246
90097,1907.9877865199246
90098,1907.9877865199246
90099,1907.9877865199246
90100,1907.9877865199246
90101,1907.9877865199246
90102,1907.9877865199246
90103,1907.9877865199246
90104,1907.9877865199246
90105,1907.9877865199246
90106,1907.9877865199246
90107,1907.9877865199246
90108,1907.9877865199246
90109,1907.9877865199246
90110,1907.9877865199246
90111,1907.9877865199246
90112,1907.9877865199246
90113,1907.9877865199246
90114,1907.9877865199246
90115,1907.9877865199246
90116,1907.9877865199246
90117,1907.9877865199246
90118,1907.9877865199246
90119,1907.9877865199246
90120,1907.9877865199246
90121,1907.9877865199246
90122,1907.9877865199246
90123,1907.9877865199246
90124,1907.9877865199246
90125,1907.9877865199246
90126,1907.9877865199246
90127,1907.9877865199246
90128,1907.9877865199246
90129,1907.9877865199246
90130,1907.9877865199246
90131,1907.9877865199246
90132,1907.9877865199246
90133,1907.9877865199246
90134,1907.9877865199246
90135,1907.9877865199246
90136,1907.9877865199246
90137,1907.9877865199246
90138,1907.9877865199246
90139,1907.9877865199246
90140,1907.9877865199246
90141,1907.9877865199246
90142,1907.9877865199246
90143,1907.9877865199246
90144,1907.9877865199246
90145,1907.9877865199246
90146,1907.9877865199246
90147,1907.9877865199246
90148,1907.9877865199246
90149,1907.9877865199246
90150,1907.9877865199246
90151,1907.9877865199246
90152,1907.9877865199246
90153,1907.9877865199246
90154,1907.9877865199246
90155,1907.9877865199246
90156,1907.9877865199246
90157,1907.9877865199246
90158,1907.9877865199246
90159,1907.9877865199246
90160,1907.9877865199246
90161,1907.9877865199246
90162,1907.9877865199246
90163,1907.9877865199246
90164,1907.9877865199246
90165,1907.9877865199246
90166,1907.9877865199246
90167,1907.9877865199246
90168,1907.9877865199246
90169,1907.9877865199246
90170,1907.9877865199246
90171,1907.9877865199246
90172,1907.9877865199246
90173,1907.9877865199246
90174,1907.9877865199246
90175,1907.9877865199246
90176,1907.9877865199246
90177,1907.9877865199246
90178,1907.9877865199246
90179,1907.9877865199246
90180,1907.9877865199246
90181,1907.9877865199246
90182,1907.9877865199246
90183,1907.9877865199246
90184,1907.9877865199246
90185,1907.9877865199246
90186,1907.9877865199246
90187,1907.9877865199246
90188,1907.9877865199246
90189,1907.9877865199246
90190,1907.9877865199246
90191,1907.9877865199246
90192,1907.9877865199246
90193,1907.9877865199246
90194,1907.9877865199246
90195,1907.9877865199246
90196,1907.9877865199246
90197,1907.9877865199246
90198,1907.9877865199246
90199,1907.9877865199246
90200,1907.9877865199246
90201,1907.9877865199246
90202,1907.9877865199246
90203,1907.9877865199246
90204,1907.9877865199246
90205,1907.9877865199246
90206,1907.9877865199246
90207,1907.9877865199246
90208,1907.9877865199246
90209,1907.9877865199246
90210,1907.9877865199246
90211,1907.9877865199246
90212,1907.9877865199246
90213,1907.9877865199246
90214,1907.9877865199246
90215,1907.9877865199246
90216,1907.9877865199246
90217,1907.9877865199246
90218,1907.9877865199246
90219,1907.9877865199246
90220,1907.9877865199246
90221,1907.9877865199246
90222,1907.9877865199246
90223,1907.9877865199246
90224,1907.9877865199246
90225,1907.9877865199246
90226,1907.9877865199246
90227,1907.9877865199246
90228,1907.9877865199246
90229,1907.9877865199246
90230,1907.9877865199246
90231,1907.9877865199246
90232,1907.9877865199246
90233,1907.9877865199246
90234,1907.9877865199246
90235,1907.9877865199246
90236,1907.9877865199246
90237,1907.9877865199246
90238,1907.9877865199246
90239,1907.9877865199246
90240,1907.9877865199246
90241,1907.9877865199246
90242,1907.9877865199246
90243,1907.9877865199246
90244,1907.9877865199246
90245,1907.9877865199246
90246,1907.9877865199246
90247,1907.9877865199246
90248,1907.9877865199246
90249,1907.9877865199246
90250,1907.9877865199246
90251,1907.9877865199246
90252,1907.9877865199246
90253,1907.9877865199246
90254,1907.9877865199246
90255,1907.9877865199246
90256,1907.9877865199246
90257,1907.9877865199246
90258,1907.9877865199246
90259,1907.9877865199246
90260,1907.9877865199246
90261,1907.9877865199246
90262,1907.9877865199246
90263,1907.9877865199246
90264,1907.9877865199246
90265,1907.9877865199246
90266,1907.9877865199246
90267,1907.9877865199246
90268,1907.9877865199246
90269,1907.9877865199246
90270,1907.9877865199246
90271,1907.9877865199246
90272,1907.9877865199246
90273,1907.9877865199246
90274,1907.9877865199246
90275,1907.9877865199246
90276,1907.9877865199246
90277,1907.9877865199246
90278,1907.9877865199246
90279,1907.9877865199246
90280,1907.9877865199246
90281,1907.9877865199246
90282,1907.9877865199246
90283,1907.9877865199246
90284,1907.9877865199246
90285,1907.9877865199246
90286,1907.9877865199246
90287,1907.9877865199246
90288,1907.9877865199246
90289,1907.9877865199246
90290,1907.9877865199246
90291,1907.9877865199246
90292,1907.9877865199246
90293,1907.9877865199246
90294,1907.9877865199246
90295,1907.9877865199246
90296,1907.9877865199246
90297,1907.9877865199246
90298,1907.9877865199246
90299,1907.9877865199246
90300,1907.9877865199246
90301,1907.9877865199246
90302,1907.9877865199246
90303,1907.9877865199246
90304,1907.9877865199246
90305,1907.9877865199246
90306,1907.9877865199246
90307,1907.9877865199246
90308,1907.9877865199246
90309,1907.9877865199246
90310,1907.9877865199246
90311,1907.9877865199246
90312,1907.9877865199246
90313,1907.9877865199246
90314,1907.9877865199246
90315,1907.9877865199246
90316,1907.9877865199246
90317,1907.9877865199246
90318,1907.9877865199246
90319,1907.9877865199246
90320,1907.9877865199246
90321,1907.9877865199246
90322,1907.9877865199246
90323,1907.9877865199246
90324,1907.9877865199246
90325,1907.9877865199246
90326,1907.9877865199246
90327,1907.9877865199246
90328,1907.9877865199246
90329,1907.9877865199246
90330,1907.9877865199246
90331,1907.9877865199246
90332,1907.9877865199246
90333,1907.9877865199246
90334,1907.9877865199246
90335,1907.9877865199246
90336,1907.9877865199246
90337,1907.9877865199246
90338,1907.9877865199246
90339,1907.9877865199246
90340,1907.9877865199246
90341,1907.9877865199246
90342,1907.9877865199246
90343,1907.9877865199246
90344,1907.9877865199246
90345,1907.9877865199246
90346,1907.9877865199246
90347,1907.9877865199246
90348,1907.9877865199246
90349,1907.9877865199246
90350,1907.9877865199246
90351,1907.9877865199246
90352,1907.9877865199246
90353,1907.9877865199246
90354,1907.9877865199246
90355,1907.9877865199246
90356,1907.9877865199246
90357,1907.9877865199246
90358,1907.9877865199246
90359,1907.9877865199246
90360,1907.9877865199246
90361,1907.9877865199246
90362,1907.9877865199246
90363,1907.9877865199246
90364,1907.9877865199246
90365,1907.9877865199246
90366,1907.9877865199246
90367,1907.9877865199246
90368,1907.9877865199246
90369,1907.9877865199246
90370,1907.9877865199246
90371,1907.9877865199246
90372,1907.9877865199246
90373,1907.9877865199246
90374,1907.9877865199246
90375,1907.9877865199246
90376,1907.9877865199246
90377,1907.9877865199246
90378,1907.9877865199246
90379,1907.9877865199246
90380,1907.9877865199246
90381,1907.9877865199246
90382,1907.9877865199246
90383,1907.9877865199246
90384,1907.9877865199246
90385,1907.9877865199246
90386,1907.9877865199246
90387,1907.9877865199246
90388,1907.9877865199246
90389,1907.9877865199246
90390,1907.9877865199246
90391,1907.9877865199246
90392,1907.9877865199246
90393,1907.9877865199246
90394,1907.9877865199246
90395,1907.9877865199246
90396,1907.9877865199246
90397,1907.9877865199246
90398,1907.9877865199246
90399,1907.9877865199246
90400,1907.9877865199246
90401,1907.9877865199246
90402,1907.9877865199246
90403,1907.9877865199246
90404,1907.9877865199246
90405,1907.9877865199246
90406,1907.9877865199246
90407,1907.9877865199246
90408,1907.9877865199246
90409,1907.9877865199246
90410,1907.9877865199246
90411,1907.9877865199246
90412,1907.9877865199246
90413,1907.9877865199246
90414,1907.9877865199246
90415,1907.9877865199246
90416,1907.9877865199246
90417,1907.9877865199246
90418,1907.9877865199246
90419,1907.9877865199246
90420,1907.9877865199246
90421,1907.9877865199246
90422,1907.9877865199246
90423,1907.9877865199246
90424,1907.9877865199246
90425,1907.9877865199246
90426,1907.9877865199246
90427,1907.9877865199246
90428,1907.9877865199246
90429,1907.9877865199246
90430,1907.9877865199246
90431,1907.9877865199246
90432,1907.9877865199246
90433,1907.9877865199246
90434,1907.9877865199246
90435,1907.9877865199246
90436,1907.9877865199246
90437,1907.9877865199246
90438,1907.9877865199246
90439,1907.9877865199246
90440,1907.9877865199246
90441,1907.9877865199246
90442,1907.9877865199246
90443,1907.9877865199246
90444,1907.9877865199246
90445,1907.9877865199246
90446,1907.9877865199246
90447,1907.9877865199246
90448,1907.9877865199246
90449,1907.9877865199246
90450,1907.9877865199246
90451,1907.9877865199246
90452,1907.9877865199246
90453,1907.9877865199246
90454,1907.9877865199246
90455,1907.9877865199246
90456,1907.9877865199246
90457,1907.9877865199246
90458,1907.9877865199246
90459,1907.9877865199246
90460,1907.9877865199246
90461,1907.9877865199246
90462,1907.9877865199246
90463,1907.9877865199246
90464,1907.9877865199246
90465,1907.9877865199246
90466,1907.9877865199246
90467,1907.9877865199246
90468,1907.9877865199246
90469,1907.9877865199246
90470,1907.9877865199246
90471,1907.9877865199246
90472,1907.9877865199246
90473,1907.9877865199246
90474,1907.9877865199246
90475,1907.9877865199246
90476,1907.9877865199246
90477,1907.9877865199246
90478,1907.9877865199246
90479,1907.9877865199246
90480,1907.9877865199246
90481,1907.9877865199246
90482,1907.9877865199246
90483,1907.9877865199246
90484,1907.9877865199246
90485,1907.9877865199246
90486,1907.9877865199246
90487,1907.9877865199246
90488,1907.9877865199246
90489,1907.9877865199246
90490,1907.9877865199246
90491,1907.9877865199246
90492,1907.9877865199246
90493,1907.9877865199246
90494,1907.9877865199246
90495,1907.9877865199246
90496,1907.9877865199246
90497,1907.9877865199246
90498,1907.9877865199246
90499,1907.9877865199246
90500,1907.9877865199246
90501,1907.9877865199246
90502,1907.9877865199246
90503,1907.9877865199246
90504,1907.9877865199246
90505,1907.9877865199246
90506,1907.9877865199246
90507,1907.9877865199246
90508,1907.9877865199246
90509,1907.9877865199246
90510,1907.9877865199246
90511,1907.9877865199246
90512,1907.9877865199246
90513,1907.9877865199246
90514,1907.9877865199246
90515,1907.9877865199246
90516,1907.9877865199246
90517,1907.9877865199246
90518,1907.9877865199246
90519,1907.9877865199246
90520,1907.9877865199246
90521,1907.9877865199246
90522,1907.9877865199246
90523,1907.9877865199246
90524,1907.9877865199246
90525,1907.9877865199246
90526,1907.9877865199246
90527,1907.9877865199246
90528,1907.9877865199246
90529,1907.9877865199246
90530,1907.9877865199246
90531,1907.9877865199246
90532,1907.9877865199246
90533,1907.9877865199246
90534,1907.9877865199246
90535,1907.9877865199246
90536,1907.9877865199246
90537,1907.9877865199246
90538,1907.9877865199246
90539,1907.9877865199246
90540,1907.9877865199246
90541,1907.9877865199246
90542,1907.9877865199246
90543,1907.9877865199246
90544,1907.9877865199246
90545,1907.9877865199246
90546,1907.9877865199246
90547,1907.9877865199246
90548,1907.9877865199246
90549,1907.9877865199246
90550,1907.9877865199246
90551,1907.9877865199246
90552,1907.9877865199246
90553,1907.9877865199246
90554,1907.9877865199246
90555,1907.9877865199246
90556,1907.9877865199246
90557,1907.9877865199246
90558,1907.9877865199246
90559,1907.9877865199246
90560,1907.9877865199246
90561,1907.9877865199246
90562,1907.9877865199246
90563,1907.9877865199246
90564,1907.9877865199246
90565,1907.9877865199246
90566,1907.9877865199246
90567,1907.9877865199246
90568,1907.9877865199246
90569,1907.9877865199246
90570,1907.9877865199246
90571,1907.9877865199246
90572,1907.9877865199246
90573,1907.9877865199246
90574,1907.9877865199246
90575,1907.9877865199246
90576,1907.9877865199246
90577,1907.9877865199246
90578,1907.9877865199246
90579,1907.9877865199246
90580,1907.9877865199246
90581,1907.9877865199246
90582,1907.9877865199246
90583,1907.9877865199246
90584,1907.9877865199246
90585,1907.9877865199246
90586,1907.9877865199246
90587,1907.9877865199246
90588,1907.9877865199246
90589,1907.9877865199246
90590,1907.9877865199246
90591,1907.9877865199246
90592,1907.9877865199246
90593,1907.9877865199246
90594,1907.9877865199246
90595,1907.9877865199246
90596,1907.9877865199246
90597,1907.9877865199246
90598,1907.9877865199246
90599,1907.9877865199246
90600,1907.9877865199246
90601,1907.9877865199246
90602,1907.9877865199246
90603,1907.9877865199246
90604,1907.9877865199246
90605,1907.9877865199246
90606,1907.9877865199246
90607,1907.9877865199246
90608,1907.9877865199246
90609,1907.9877865199246
90610,1907.9877865199246
90611,1907.9877865199246
90612,1907.9877865199246
90613,1907.9877865199246
90614,1907.9877865199246
90615,1907.9877865199246
90616,1907.9877865199246
90617,1907.9877865199246
90618,1907.9877865199246
90619,1907.9877865199246
90620,1907.9877865199246
90621,1907.9877865199246
90622,1907.9877865199246
90623,1907.9877865199246
90624,1907.9877865199246
90625,1907.9877865199246
90626,1907.9877865199246
90627,1907.9877865199246
90628,1907.9877865199246
90629,1907.9877865199246
90630,1907.9877865199246
90631,1907.9877865199246
90632,1907.9877865199246
90633,1907.9877865199246
90634,1907.9877865199246
90635,1907.9877865199246
90636,1907.9877865199246
90637,1907.9877865199246
90638,1907.9877865199246
90639,1907.9877865199246
90640,1907.9877865199246
90641,1907.9877865199246
90642,1907.9877865199246
90643,1907.9877865199246
90644,1907.9877865199246
90645,1907.9877865199246
90646,1907.9877865199246
90647,1907.9877865199246
90648,1907.9877865199246
90649,1907.9877865199246
90650,1907.9877865199246
90651,1907.9877865199246
90652,1907.9877865199246
90653,1907.9877865199246
90654,1907.9877865199246
90655,1907.9877865199246
90656,1907.9877865199246
90657,1907.9877865199246
90658,1907.9877865199246
90659,1907.9877865199246
90660,1907.9877865199246
90661,1907.9877865199246
90662,1907.9877865199246
90663,1907.9877865199246
90664,1907.9877865199246
90665,1907.9877865199246
90666,1907.9877865199246
90667,1907.9877865199246
90668,1907.9877865199246
90669,1907.9877865199246
90670,1907.9877865199246
90671,1907.9877865199246
90672,1907.9877865199246
90673,1907.9877865199246
90674,1907.9877865199246
90675,1907.9877865199246
90676,1907.9877865199246
90677,1907.9877865199246
90678,1907.9877865199246
90679,1907.9877865199246
90680,1907.9877865199246
90681,1907.9877865199246
90682,1907.9877865199246
90683,1907.9877865199246
90684,1907.9877865199246
90685,1907.9877865199246
90686,1907.9877865199246
90687,1907.9877865199246
90688,1907.9877865199246
90689,1907.9877865199246
90690,1907.9877865199246
90691,1907.9877865199246
90692,1907.9877865199246
90693,1907.9877865199246
90694,1907.9877865199246
90695,1907.9877865199246
90696,1907.9877865199246
90697,1907.9877865199246
90698,1907.9877865199246
90699,1907.9877865199246
90700,1907.9877865199246
90701,1907.9877865199246
90702,1907.9877865199246
90703,1907.9877865199246
90704,1907.9877865199246
90705,1907.9877865199246
90706,1907.9877865199246
90707,1907.9877865199246
90708,1907.9877865199246
90709,1907.9877865199246
90710,1907.9877865199246
90711,1907.9877865199246
90712,1907.9877865199246
90713,1907.9877865199246
90714,1907.9877865199246
90715,1907.9877865199246
90716,1907.9877865199246
90717,1907.9877865199246
90718,1907.9877865199246
90719,1907.9877865199246
90720,1907.9877865199246
90721,1907.9877865199246
90722,1907.9877865199246
90723,1907.9877865199246
90724,1907.9877865199246
90725,1907.9877865199246
90726,1907.9877865199246
90727,1907.9877865199246
90728,1907.9877865199246
90729,1907.9877865199246
90730,1907.9877865199246
90731,1907.9877865199246
90732,1907.9877865199246
90733,1907.9877865199246
90734,1907.9877865199246
90735,1907.9877865199246
90736,1907.9877865199246
90737,1907.9877865199246
90738,1907.9877865199246
90739,1907.9877865199246
90740,1907.9877865199246
90741,1907.9877865199246
90742,1907.9877865199246
90743,1907.9877865199246
90744,1907.9877865199246
90745,1907.9877865199246
90746,1907.9877865199246
90747,1907.9877865199246
90748,1907.9877865199246
90749,1907.9877865199246
90750,1907.9877865199246
90751,1907.9877865199246
90752,1907.9877865199246
90753,1907.9877865199246
90754,1907.9877865199246
90755,1907.9877865199246
90756,1907.9877865199246
90757,1907.9877865199246
90758,1907.9877865199246
90759,1907.9877865199246
90760,1907.9877865199246
90761,1907.9877865199246
90762,1907.9877865199246
90763,1907.9877865199246
90764,1907.9877865199246
90765,1907.9877865199246
90766,1907.9877865199246
90767,1907.9877865199246
90768,1907.9877865199246
90769,1907.9877865199246
90770,1907.9877865199246
90771,1907.9877865199246
90772,1907.9877865199246
90773,1907.9877865199246
90774,1907.9877865199246
90775,1907.9877865199246
90776,1907.9877865199246
90777,1907.9877865199246
90778,1907.9877865199246
90779,1907.9877865199246
90780,1907.9877865199246
90781,1907.9877865199246
90782,1907.9877865199246
90783,1907.9877865199246
90784,1907.9877865199246
90785,1907.9877865199246
90786,1907.9877865199246
90787,1907.9877865199246
90788,1907.9877865199246
90789,1907.9877865199246
90790,1907.9877865199246
90791,1907.9877865199246
90792,1907.9877865199246
90793,1907.9877865199246
90794,1907.9877865199246
90795,1907.9877865199246
90796,1907.9877865199246
90797,1907.9877865199246
90798,1907.9877865199246
90799,1907.9877865199246
90800,1907.9877865199246
90801,1907.9877865199246
90802,1907.9877865199246
90803,1907.9877865199246
90804,1907.9877865199246
90805,1907.9877865199246
90806,1907.9877865199246
90807,1907.9877865199246
90808,1907.9877865199246
90809,1907.9877865199246
90810,1907.9877865199246
90811,1907.9877865199246
90812,1907.9877865199246
90813,1907.9877865199246
90814,1907.9877865199246
90815,1907.9877865199246
90816,1907.9877865199246
90817,1907.9877865199246
90818,1907.9877865199246
90819,1907.9877865199246
90820,1907.9877865199246
90821,1907.9877865199246
90822,1907.9877865199246
90823,1907.9877865199246
90824,1907.9877865199246
90825,1907.9877865199246
90826,1907.9877865199246
90827,1907.9877865199246
90828,1907.9877865199246
90829,1907.9877865199246
90830,1907.9877865199246
90831,1907.9877865199246
90832,1907.9877865199246
90833,1907.9877865199246
90834,1907.9877865199246
90835,1907.9877865199246
90836,1907.9877865199246
90837,1907.9877865199246
90838,1907.9877865199246
90839,1907.9877865199246
90840,1907.9877865199246
90841,1907.9877865199246
90842,1907.9877865199246
90843,1907.9877865199246
90844,1907.9877865199246
90845,1907.9877865199246
90846,1907.9877865199246
90847,1907.9877865199246
90848,1907.9877865199246
90849,1907.9877865199246
90850,1907.9877865199246
90851,1907.9877865199246
90852,1907.9877865199246
90853,1907.9877865199246
90854,1907.9877865199246
90855,1907.9877865199246
90856,1907.9877865199246
90857,1907.9877865199246
90858,1907.9877865199246
90859,1907.9877865199246
90860,1907.9877865199246
90861,1907.9877865199246
90862,1907.9877865199246
90863,1907.9877865199246
90864,1907.9877865199246
90865,1907.9877865199246
90866,1907.9877865199246
90867,1907.9877865199246
90868,1907.9877865199246
90869,1907.9877865199246
90870,1907.9877865199246
90871,1907.9877865199246
90872,1907.9877865199246
90873,1907.9877865199246
90874,1907.9877865199246
90875,1907.9877865199246
90876,1907.9877865199246
90877,1907.9877865199246
90878,1907.9877865199246
90879,1907.9877865199246
90880,1907.9877865199246
90881,1907.9877865199246
90882,1907.9877865199246
90883,1907.9877865199246
90884,1907.9877865199246
90885,1907.9877865199246
90886,1907.9877865199246
90887,1907.9877865199246
90888,1907.9877865199246
90889,1907.9877865199246
90890,1907.9877865199246
90891,1907.9877865199246
90892,1907.9877865199246
90893,1907.9877865199246
90894,1907.9877865199246
90895,1907.9877865199246
90896,1907.9877865199246
90897,1907.9877865199246
90898,1907.9877865199246
90899,1907.9877865199246
90900,1907.9877865199246
90901,1907.9877865199246
90902,1907.9877865199246
90903,1907.9877865199246
90904,1907.9877865199246
90905,1907.9877865199246
90906,1907.9877865199246
90907,1907.9877865199246
90908,1907.9877865199246
90909,1907.9877865199246
90910,1907.9877865199246
90911,1907.9877865199246
90912,1907.9877865199246
90913,1907.9877865199246
90914,1907.9877865199246
90915,1907.9877865199246
90916,1907.9877865199246
90917,1907.9877865199246
90918,1907.9877865199246
90919,1907.9877865199246
90920,1907.9877865199246
90921,1907.9877865199246
90922,1907.9877865199246
90923,1907.9877865199246
90924,1907.9877865199246
90925,1907.9877865199246
90926,1907.9877865199246
90927,1907.9877865199246
90928,1907.9877865199246
90929,1907.9877865199246
90930,1907.9877865199246
90931,1907.9877865199246
90932,1907.9877865199246
90933,1907.9877865199246
90934,1907.9877865199246
90935,1907.9877865199246
90936,1907.9877865199246
90937,1907.9877865199246
90938,1907.9877865199246
90939,1907.9877865199246
90940,1907.9877865199246
90941,1907.9877865199246
90942,1907.9877865199246
90943,1907.9877865199246
90944,1907.9877865199246
90945,1907.9877865199246
90946,1907.9877865199246
90947,1907.9877865199246
90948,1907.9877865199246
90949,1907.9877865199246
90950,1907.9877865199246
90951,1907.9877865199246
90952,1907.9877865199246
90953,1907.9877865199246
90954,1907.9877865199246
90955,1907.9877865199246
90956,1907.9877865199246
90957,1907.9877865199246
90958,1907.9877865199246
90959,1907.9877865199246
90960,1907.9877865199246
90961,1907.9877865199246
90962,1907.9877865199246
90963,1907.9877865199246
90964,1907.9877865199246
90965,1907.9877865199246
90966,1907.9877865199246
90967,1907.9877865199246
90968,1907.9877865199246
90969,1907.9877865199246
90970,1907.9877865199246
90971,1907.9877865199246
90972,1907.9877865199246
90973,1907.9877865199246
90974,1907.9877865199246
90975,1907.9877865199246
90976,1907.9877865199246
90977,1907.9877865199246
90978,1907.9877865199246
90979,1907.9877865199246
90980,1907.9877865199246
90981,1907.9877865199246
90982,1907.9877865199246
90983,1907.9877865199246
90984,1907.9877865199246
90985,1907.9877865199246
90986,1907.9877865199246
90987,1907.9877865199246
90988,1907.9877865199246
90989,1907.9877865199246
90990,1907.9877865199246
90991,1907.9877865199246
90992,1907.9877865199246
90993,1907.9877865199246
90994,1907.9877865199246
90995,1907.9877865199246
90996,1907.9877865199246
90997,1907.9877865199246
90998,1907.9877865199246
90999,1907.9877865199246
91000,1907.9877865199246
91001,1907.9877865199246
91002,1907.9877865199246
91003,1907.9877865199246
91004,1907.9877865199246
91005,1907.9877865199246
91006,1907.9877865199246
91007,1907.9877865199246
91008,1907.9877865199246
91009,1907.9877865199246
91010,1907.9877865199246
91011,1907.9877865199246
91012,1907.9877865199246
91013,1907.9877865199246
91014,1907.9877865199246
91015,1907.9877865199246
91016,1907.9877865199246
91017,1907.9877865199246
91018,1907.9877865199246
91019,1907.9877865199246
91020,1907.9877865199246
91021,1907.9877865199246
91022,1907.9877865199246
91023,1907.9877865199246
91024,1907.9877865199246
91025,1907.9877865199246
91026,1907.9877865199246
91027,1907.9877865199246
91028,1907.9877865199246
91029,1907.9877865199246
91030,1907.9877865199246
91031,1907.9877865199246
91032,1907.9877865199246
91033,1907.9877865199246
91034,1907.9877865199246
91035,1907.9877865199246
91036,1907.9877865199246
91037,1907.9877865199246
91038,1907.9877865199246
91039,1907.9877865199246
91040,1907.9877865199246
91041,1907.9877865199246
91042,1907.9877865199246
91043,1907.9877865199246
91044,1907.9877865199246
91045,1907.9877865199246
91046,1907.9877865199246
91047,1907.9877865199246
91048,1907.9877865199246
91049,1907.9877865199246
91050,1907.9877865199246
91051,1907.9877865199246
91052,1907.9877865199246
91053,1907.9877865199246
91054,1907.9877865199246
91055,1907.9877865199246
91056,1907.9877865199246
91057,1907.9877865199246
91058,1907.9877865199246
91059,1907.9877865199246
91060,1907.9877865199246
91061,1907.9877865199246
91062,1907.9877865199246
91063,1907.9877865199246
91064,1907.9877865199246
91065,1907.9877865199246
91066,1907.9877865199246
91067,1907.9877865199246
91068,1907.9877865199246
91069,1907.9877865199246
91070,1907.9877865199246
91071,1907.9877865199246
91072,1907.9877865199246
91073,1907.9877865199246
91074,1907.9877865199246
91075,1907.9877865199246
91076,1907.9877865199246
91077,1907.9877865199246
91078,1907.9877865199246
91079,1907.9877865199246
91080,1907.9877865199246
91081,1907.9877865199246
91082,1907.9877865199246
91083,1907.9877865199246
91084,1907.9877865199246
91085,1907.9877865199246
91086,1907.9877865199246
91087,1907.9877865199246
91088,1907.9877865199246
91089,1907.9877865199246
91090,1907.9877865199246
91091,1907.9877865199246
91092,1907.9877865199246
91093,1907.9877865199246
91094,1907.9877865199246
91095,1907.9877865199246
91096,1907.9877865199246
91097,1907.9877865199246
91098,1907.9877865199246
91099,1907.9877865199246
91100,1907.9877865199246
91101,1907.9877865199246
91102,1907.9877865199246
91103,1907.9877865199246
91104,1907.9877865199246
91105,1907.9877865199246
91106,1907.9877865199246
91107,1907.9877865199246
91108,1907.9877865199246
91109,1907.9877865199246
91110,1907.9877865199246
91111,1907.9877865199246
91112,1907.9877865199246
91113,1907.9877865199246
91114,1907.9877865199246
91115,1907.9877865199246
91116,1907.9877865199246
91117,1907.9877865199246
91118,1907.9877865199246
91119,1907.9877865199246
91120,1907.9877865199246
91121,1907.9877865199246
91122,1907.9877865199246
91123,1907.9877865199246
91124,1907.9877865199246
91125,1907.9877865199246
91126,1907.9877865199246
91127,1907.9877865199246
91128,1907.9877865199246
91129,1907.9877865199246
91130,1907.9877865199246
91131,1907.9877865199246
91132,1907.9877865199246
91133,1907.9877865199246
91134,1907.9877865199246
91135,1907.9877865199246
91136,1907.9877865199246
91137,1907.9877865199246
91138,1907.9877865199246
91139,1907.9877865199246
91140,1907.9877865199246
91141,1907.9877865199246
91142,1907.9877865199246
91143,1907.9877865199246
91144,1907.9877865199246
91145,1907.9877865199246
91146,1907.9877865199246
91147,1907.9877865199246
91148,1907.9877865199246
91149,1907.9877865199246
91150,1907.9877865199246
91151,1907.9877865199246
91152,1907.9877865199246
91153,1907.9877865199246
91154,1907.9877865199246
91155,1907.9877865199246
91156,1907.9877865199246
91157,1907.9877865199246
91158,1907.9877865199246
91159,1907.9877865199246
91160,1907.9877865199246
91161,1907.9877865199246
91162,1907.9877865199246
91163,1907.9877865199246
91164,1907.9877865199246
91165,1907.9877865199246
91166,1907.9877865199246
91167,1907.9877865199246
91168,1907.9877865199246
91169,1907.9877865199246
91170,1907.9877865199246
91171,1907.9877865199246
91172,1907.9877865199246
91173,1907.9877865199246
91174,1907.9877865199246
91175,1907.9877865199246
91176,1907.9877865199246
91177,1907.9877865199246
91178,1907.9877865199246
91179,1907.9877865199246
91180,1907.9877865199246
91181,1907.9877865199246
91182,1907.9877865199246
91183,1907.9877865199246
91184,1907.9877865199246
91185,1907.9877865199246
91186,1907.9877865199246
91187,1907.9877865199246
91188,1907.9877865199246
91189,1907.9877865199246
91190,1907.9877865199246
91191,1907.9877865199246
91192,1907.9877865199246
91193,1907.9877865199246
91194,1907.9877865199246
91195,1907.9877865199246
91196,1907.9877865199246
91197,1907.9877865199246
91198,1907.9877865199246
91199,1907.9877865199246
91200,1907.9877865199246
91201,1907.9877865199246
91202,1907.9877865199246
91203,1907.9877865199246
91204,1907.9877865199246
91205,1907.9877865199246
91206,1907.9877865199246
91207,1907.9877865199246
91208,1907.9877865199246
91209,1907.9877865199246
91210,1907.9877865199246
91211,1907.9877865199246
91212,1907.9877865199246
91213,1907.9877865199246
91214,1907.9877865199246
91215,1907.9877865199246
91216,1907.9877865199246
91217,1907.9877865199246
91218,1907.9877865199246
91219,1907.9877865199246
91220,1907.9877865199246
91221,1907.9877865199246
91222,1907.9877865199246
91223,1907.9877865199246
91224,1907.9877865199246
91225,1907.9877865199246
91226,1907.9877865199246
91227,1907.9877865199246
91228,1907.9877865199246
91229,1907.9877865199246
91230,1907.9877865199246
91231,1907.9877865199246
91232,1907.9877865199246
91233,1907.9877865199246
91234,1907.9877865199246
91235,1907.9877865199246
91236,1907.9877865199246
91237,1907.9877865199246
91238,1907.9877865199246
91239,1907.9877865199246
91240,1907.9877865199246
91241,1907.9877865199246
91242,1907.9877865199246
91243,1907.9877865199246
91244,1907.9877865199246
91245,1907.9877865199246
91246,1907.9877865199246
91247,1907.9877865199246
91248,1907.9877865199246
91249,1907.9877865199246
91250,1907.9877865199246
91251,1907.9877865199246
91252,1907.9877865199246
91253,1907.9877865199246
91254,1907.9877865199246
91255,1907.9877865199246
91256,1907.9877865199246
91257,1907.9877865199246
91258,1907.9877865199246
91259,1907.9877865199246
91260,1907.9877865199246
91261,1907.9877865199246
91262,1907.9877865199246
91263,1907.9877865199246
91264,1907.9877865199246
91265,1907.9877865199246
91266,1907.9877865199246
91267,1907.9877865199246
91268,1907.9877865199246
91269,1907.9877865199246
91270,1907.9877865199246
91271,1907.9877865199246
91272,1907.9877865199246
91273,1907.9877865199246
91274,1907.9877865199246
91275,1907.9877865199246
91276,1907.9877865199246
91277,1907.9877865199246
91278,1907.9877865199246
91279,1907.9877865199246
91280,1907.9877865199246
91281,1907.9877865199246
91282,1907.9877865199246
91283,1907.9877865199246
91284,1907.9877865199246
91285,1907.9877865199246
91286,1907.9877865199246
91287,1907.9877865199246
91288,1907.9877865199246
91289,1907.9877865199246
91290,1907.9877865199246
91291,1907.9877865199246
91292,1907.9877865199246
91293,1907.9877865199246
91294,1907.9877865199246
91295,1907.9877865199246
91296,1907.9877865199246
91297,1907.9877865199246
91298,1907.9877865199246
91299,1907.9877865199246
91300,1907.9877865199246
91301,1907.9877865199246
91302,1907.9877865199246
91303,1907.9877865199246
91304,1907.9877865199246
91305,1907.9877865199246
91306,1907.9877865199246
91307,1907.9877865199246
91308,1907.9877865199246
91309,1907.9877865199246
91310,1907.9877865199246
91311,1907.9877865199246
91312,1907.9877865199246
91313,1907.9877865199246
91314,1907.9877865199246
91315,1907.9877865199246
91316,1907.9877865199246
91317,1907.9877865199246
91318,1907.9877865199246
91319,1907.9877865199246
91320,1907.9877865199246
91321,1907.9877865199246
91322,1907.9877865199246
91323,1907.9877865199246
91324,1907.9877865199246
91325,1907.9877865199246
91326,1907.9877865199246
91327,1907.9877865199246
91328,1907.9877865199246
91329,1907.9877865199246
91330,1907.9877865199246
91331,1907.9877865199246
91332,1907.9877865199246
91333,1907.9877865199246
91334,1907.9877865199246
91335,1907.9877865199246
91336,1907.9877865199246
91337,1907.9877865199246
91338,1907.9877865199246
91339,1907.9877865199246
91340,1907.9877865199246
91341,1907.9877865199246
91342,1907.9877865199246
91343,1907.9877865199246
91344,1907.9877865199246
91345,1907.9877865199246
91346,1907.9877865199246
91347,1907.9877865199246
91348,1907.9877865199246
91349,1907.9877865199246
91350,1907.9877865199246
91351,1907.9877865199246
91352,1907.9877865199246
91353,1907.9877865199246
91354,1907.9877865199246
91355,1907.9877865199246
91356,1907.9877865199246
91357,1907.9877865199246
91358,1907.9877865199246
91359,1907.9877865199246
91360,1907.9877865199246
91361,1907.9877865199246
91362,1907.9877865199246
91363,1907.9877865199246
91364,1907.9877865199246
91365,1907.9877865199246
91366,1907.9877865199246
91367,1907.9877865199246
91368,1907.9877865199246
91369,1907.9877865199246
91370,1907.9877865199246
91371,1907.9877865199246
91372,1907.9877865199246
91373,1907.9877865199246
91374,1907.9877865199246
91375,1907.9877865199246
91376,1907.9877865199246
91377,1907.9877865199246
91378,1907.9877865199246
91379,1907.9877865199246
91380,1907.9877865199246
91381,1907.9877865199246
91382,1907.9877865199246
91383,1907.9877865199246
91384,1907.9877865199246
91385,1907.9877865199246
91386,1907.9877865199246
91387,1907.9877865199246
91388,1907.9877865199246
91389,1907.9877865199246
91390,1907.9877865199246
91391,1907.9877865199246
91392,1907.9877865199246
91393,1907.9877865199246
91394,1907.9877865199246
91395,1907.9877865199246
91396,1907.9877865199246
91397,1907.9877865199246
91398,1907.9877865199246
91399,1907.9877865199246
91400,1907.9877865199246
91401,1907.9877865199246
91402,1907.9877865199246
91403,1907.9877865199246
91404,1907.9877865199246
91405,1907.9877865199246
91406,1907.9877865199246
91407,1907.9877865199246
91408,1907.9877865199246
91409,1907.9877865199246
91410,1907.9877865199246
91411,1907.9877865199246
91412,1907.9877865199246
91413,1907.9877865199246
91414,1907.9877865199246
91415,1907.9877865199246
91416,1907.9877865199246
91417,1907.9877865199246
91418,1907.9877865199246
91419,1907.9877865199246
91420,1907.9877865199246
91421,1907.9877865199246
91422,1907.9877865199246
91423,1907.9877865199246
91424,1907.9877865199246
91425,1907.9877865199246
91426,1907.9877865199246
91427,1907.9877865199246
91428,1907.9877865199246
91429,1907.9877865199246
91430,1907.9877865199246
91431,1907.9877865199246
91432,1907.9877865199246
91433,1907.9877865199246
91434,1907.9877865199246
91435,1907.9877865199246
91436,1907.9877865199246
91437,1907.9877865199246
91438,1907.9877865199246
91439,1907.9877865199246
91440,1907.9877865199246
91441,1907.9877865199246
91442,1907.9877865199246
91443,1907.9877865199246
91444,1907.9877865199246
91445,1907.9877865199246
91446,1907.9877865199246
91447,1907.9877865199246
91448,1907.9877865199246
91449,1907.9877865199246
91450,1907.9877865199246
91451,1907.9877865199246
91452,1907.9877865199246
91453,1907.9877865199246
91454,1907.9877865199246
91455,1907.9877865199246
91456,1907.9877865199246
91457,1907.9877865199246
91458,1907.9877865199246
91459,1907.9877865199246
91460,1907.9877865199246
91461,1907.9877865199246
91462,1907.9877865199246
91463,1907.9877865199246
91464,1907.9877865199246
91465,1907.9877865199246
91466,1907.9877865199246
91467,1907.9877865199246
91468,1907.9877865199246
91469,1907.9877865199246
91470,1907.9877865199246
91471,1907.9877865199246
91472,1907.9877865199246
91473,1907.9877865199246
91474,1907.9877865199246
91475,1907.9877865199246
91476,1907.9877865199246
91477,1907.9877865199246
91478,1907.9877865199246
91479,1907.9877865199246
91480,1907.9877865199246
91481,1907.9877865199246
91482,1907.9877865199246
91483,1907.9877865199246
91484,1907.9877865199246
91485,1907.9877865199246
91486,1907.9877865199246
91487,1907.9877865199246
91488,1907.9877865199246
91489,1907.9877865199246
91490,1907.9877865199246
91491,1907.9877865199246
91492,1907.9877865199246
91493,1907.9877865199246
91494,1907.9877865199246
91495,1907.9877865199246
91496,1907.9877865199246
91497,1907.9877865199246
91498,1907.9877865199246
91499,1907.9877865199246
91500,1907.9877865199246
91501,1907.9877865199246
91502,1907.9877865199246
91503,1907.9877865199246
91504,1907.9877865199246
91505,1907.9877865199246
91506,1907.9877865199246
91507,1907.9877865199246
91508,1907.9877865199246
91509,1907.9877865199246
91510,1907.9877865199246
91511,1907.9877865199246
91512,1907.9877865199246
91513,1907.9877865199246
91514,1907.9877865199246
91515,1907.9877865199246
91516,1907.9877865199246
91517,1907.9877865199246
91518,1907.9877865199246
91519,1907.9877865199246
91520,1907.9877865199246
91521,1907.9877865199246
91522,1907.9877865199246
91523,1907.9877865199246
91524,1907.9877865199246
91525,1907.9877865199246
91526,1907.9877865199246
91527,1907.9877865199246
91528,1907.9877865199246
91529,1907.9877865199246
91530,1907.9877865199246
91531,1907.9877865199246
91532,1907.9877865199246
91533,1907.9877865199246
91534,1907.9877865199246
91535,1907.9877865199246
91536,1907.9877865199246
91537,1907.9877865199246
91538,1907.9877865199246
91539,1907.9877865199246
91540,1907.9877865199246
91541,1907.9877865199246
91542,1907.9877865199246
91543,1907.9877865199246
91544,1907.9877865199246
91545,1907.9877865199246
91546,1907.9877865199246
91547,1907.9877865199246
91548,1907.9877865199246
91549,1907.9877865199246
91550,1907.9877865199246
91551,1907.9877865199246
91552,1907.9877865199246
91553,1907.9877865199246
91554,1907.9877865199246
91555,1907.9877865199246
91556,1907.9877865199246
91557,1907.9877865199246
91558,1907.9877865199246
91559,1907.9877865199246
91560,1907.9877865199246
91561,1907.9877865199246
91562,1907.9877865199246
91563,1907.9877865199246
91564,1907.9877865199246
91565,1907.9877865199246
91566,1907.9877865199246
91567,1907.9877865199246
91568,1907.9877865199246
91569,1907.9877865199246
91570,1907.9877865199246
91571,1907.9877865199246
91572,1907.9877865199246
91573,1907.9877865199246
91574,1907.9877865199246
91575,1907.9877865199246
91576,1907.9877865199246
91577,1907.9877865199246
91578,1907.9877865199246
91579,1907.9877865199246
91580,1907.9877865199246
91581,1907.9877865199246
91582,1907.9877865199246
91583,1907.9877865199246
91584,1907.9877865199246
91585,1907.9877865199246
91586,1907.9877865199246
91587,1907.9877865199246
91588,1907.9877865199246
91589,1907.9877865199246
91590,1907.9877865199246
91591,1907.9877865199246
91592,1907.9877865199246
91593,1907.9877865199246
91594,1907.9877865199246
91595,1907.9877865199246
91596,1907.9877865199246
91597,1907.9877865199246
91598,1907.9877865199246
91599,1907.9877865199246
91600,1907.9877865199246
91601,1907.9877865199246
91602,1907.9877865199246
91603,1907.9877865199246
91604,1907.9877865199246
91605,1907.9877865199246
91606,1907.9877865199246
91607,1907.9877865199246
91608,1907.9877865199246
91609,1907.9877865199246
91610,1907.9877865199246
91611,1907.9877865199246
91612,1907.9877865199246
91613,1907.9877865199246
91614,1907.9877865199246
91615,1907.9877865199246
91616,1907.9877865199246
91617,1907.9877865199246
91618,1907.9877865199246
91619,1907.9877865199246
91620,1907.9877865199246
91621,1907.9877865199246
91622,1907.9877865199246
91623,1907.9877865199246
91624,1907.9877865199246
91625,1907.9877865199246
91626,1907.9877865199246
91627,1907.9877865199246
91628,1907.9877865199246
91629,1907.9877865199246
91630,1907.9877865199246
91631,1907.9877865199246
91632,1907.9877865199246
91633,1907.9877865199246
91634,1907.9877865199246
91635,1907.9877865199246
91636,1907.9877865199246
91637,1907.9877865199246
91638,1907.9877865199246
91639,1907.9877865199246
91640,1907.9877865199246
91641,1907.9877865199246
91642,1907.9877865199246
91643,1907.9877865199246
91644,1907.9877865199246
91645,1907.9877865199246
91646,1907.9877865199246
91647,1907.9877865199246
91648,1907.9877865199246
91649,1907.9877865199246
91650,1907.9877865199246
91651,1907.9877865199246
91652,1907.9877865199246
91653,1907.9877865199246
91654,1907.9877865199246
91655,1907.9877865199246
91656,1907.9877865199246
91657,1907.9877865199246
91658,1907.9877865199246
91659,1907.9877865199246
91660,1907.9877865199246
91661,1907.9877865199246
91662,1907.9877865199246
91663,1907.9877865199246
91664,1907.9877865199246
91665,1907.9877865199246
91666,1907.9877865199246
91667,1907.9877865199246
91668,1907.9877865199246
91669,1907.9877865199246
91670,1907.9877865199246
91671,1907.9877865199246
91672,1907.9877865199246
91673,1907.9877865199246
91674,1907.9877865199246
91675,1907.9877865199246
91676,1907.9877865199246
91677,1907.9877865199246
91678,1907.9877865199246
91679,1907.9877865199246
91680,1907.9877865199246
91681,1907.9877865199246
91682,1907.9877865199246
91683,1907.9877865199246
91684,1907.9877865199246
91685,1907.9877865199246
91686,1907.9877865199246
91687,1907.9877865199246
91688,1907.9877865199246
91689,1907.9877865199246
91690,1907.9877865199246
91691,1907.9877865199246
91692,1907.9877865199246
91693,1907.9877865199246
91694,1907.9877865199246
91695,1907.9877865199246
91696,1907.9877865199246
91697,1907.9877865199246
91698,1907.9877865199246
91699,1907.9877865199246
91700,1907.9877865199246
91701,1907.9877865199246
91702,1907.9877865199246
91703,1907.9877865199246
91704,1907.9877865199246
91705,1907.9877865199246
91706,1907.9877865199246
91707,1907.9877865199246
91708,1907.9877865199246
91709,1907.9877865199246
91710,1907.9877865199246
91711,1907.9877865199246
91712,1907.9877865199246
91713,1907.9877865199246
91714,1907.9877865199246
91715,1907.9877865199246
91716,1907.9877865199246
91717,1907.9877865199246
91718,1907.9877865199246
91719,1907.9877865199246
91720,1907.9877865199246
91721,1907.9877865199246
91722,1907.9877865199246
91723,1907.9877865199246
91724,1907.9877865199246
91725,1907.9877865199246
91726,1907.9877865199246
91727,1907.9877865199246
91728,1907.9877865199246
91729,1907.9877865199246
91730,1907.9877865199246
91731,1907.9877865199246
91732,1907.9877865199246
91733,1907.9877865199246
91734,1907.9877865199246
91735,1907.9877865199246
91736,1907.9877865199246
91737,1907.9877865199246
91738,1907.9877865199246
91739,1907.9877865199246
91740,1907.9877865199246
91741,1907.9877865199246
91742,1907.9877865199246
91743,1907.9877865199246
91744,1907.9877865199246
91745,1907.9877865199246
91746,1907.9877865199246
91747,1907.9877865199246
91748,1907.9877865199246
91749,1907.9877865199246
91750,1907.9877865199246
91751,1907.9877865199246
91752,1907.9877865199246
91753,1907.9877865199246
91754,1907.9877865199246
91755,1907.9877865199246
91756,1907.9877865199246
91757,1907.9877865199246
91758,1907.9877865199246
91759,1907.9877865199246
91760,1907.9877865199246
91761,1907.9877865199246
91762,1907.9877865199246
91763,1907.9877865199246
91764,1907.9877865199246
91765,1907.9877865199246
91766,1907.9877865199246
91767,1907.9877865199246
91768,1907.9877865199246
91769,1907.9877865199246
91770,1907.9877865199246
91771,1907.9877865199246
91772,1907.9877865199246
91773,1907.9877865199246
91774,1907.9877865199246
91775,1907.9877865199246
91776,1907.9877865199246
91777,1907.9877865199246
91778,1907.9877865199246
91779,1907.9877865199246
91780,1907.9877865199246
91781,1907.9877865199246
91782,1907.9877865199246
91783,1907.9877865199246
91784,1907.9877865199246
91785,1907.9877865199246
91786,1907.9877865199246
91787,1907.9877865199246
91788,1907.9877865199246
91789,1907.9877865199246
91790,1907.9877865199246
91791,1907.9877865199246
91792,1907.9877865199246
91793,1907.9877865199246
91794,1907.9877865199246
91795,1907.9877865199246
91796,1907.9877865199246
91797,1907.9877865199246
91798,1907.9877865199246
91799,1907.9877865199246
91800,1907.9877865199246
91801,1907.9877865199246
91802,1907.9877865199246
91803,1907.9877865199246
91804,1907.9877865199246
91805,1907.9877865199246
91806,1907.9877865199246
91807,1907.9877865199246
91808,1907.9877865199246
91809,1907.9877865199246
91810,1907.9877865199246
91811,1907.9877865199246
91812,1907.9877865199246
91813,1907.9877865199246
91814,1907.9877865199246
91815,1907.9877865199246
91816,1907.9877865199246
91817,1907.9877865199246
91818,1907.9877865199246
91819,1907.9877865199246
91820,1907.9877865199246
91821,1907.9877865199246
91822,1907.9877865199246
91823,1907.9877865199246
91824,1907.9877865199246
91825,1907.9877865199246
91826,1907.9877865199246
91827,1907.9877865199246
91828,1907.9877865199246
91829,1907.9877865199246
91830,1907.9877865199246
91831,1907.9877865199246
91832,1907.9877865199246
91833,1907.9877865199246
91834,1907.9877865199246
91835,1907.9877865199246
91836,1907.9877865199246
91837,1907.9877865199246
91838,1907.9877865199246
91839,1907.9877865199246
91840,1907.9877865199246
91841,1907.9877865199246
91842,1907.9877865199246
91843,1907.9877865199246
91844,1907.9877865199246
91845,1907.9877865199246
91846,1907.9877865199246
91847,1907.9877865199246
91848,1907.9877865199246
91849,1907.9877865199246
91850,1907.9877865199246
91851,1907.9877865199246
91852,1907.9877865199246
91853,1907.9877865199246
91854,1907.9877865199246
91855,1907.9877865199246
91856,1907.9877865199246
91857,1907.9877865199246
91858,1907.9877865199246
91859,1907.9877865199246
91860,1907.9877865199246
91861,1907.9877865199246
91862,1907.9877865199246
91863,1907.9877865199246
91864,1907.9877865199246
91865,1907.9877865199246
91866,1907.9877865199246
91867,1907.9877865199246
91868,1907.9877865199246
91869,1907.9877865199246
91870,1907.9877865199246
91871,1907.9877865199246
91872,1907.9877865199246
91873,1907.9877865199246
91874,1907.9877865199246
91875,1907.9877865199246
91876,1907.9877865199246
91877,1907.9877865199246
91878,1907.9877865199246
91879,1907.9877865199246
91880,1907.9877865199246
91881,1907.9877865199246
91882,1907.9877865199246
91883,1907.9877865199246
91884,1907.9877865199246
91885,1907.9877865199246
91886,1907.9877865199246
91887,1907.9877865199246
91888,1907.9877865199246
91889,1907.9877865199246
91890,1907.9877865199246
91891,1907.9877865199246
91892,1907.9877865199246
91893,1907.9877865199246
91894,1907.9877865199246
91895,1907.9877865199246
91896,1907.9877865199246
91897,1907.9877865199246
91898,1907.9877865199246
91899,1907.9877865199246
91900,1907.9877865199246
91901,1907.9877865199246
91902,1907.9877865199246
91903,1907.9877865199246
91904,1907.9877865199246
91905,1907.9877865199246
91906,1907.9877865199246
91907,1907.9877865199246
91908,1907.9877865199246
91909,1907.9877865199246
91910,1907.9877865199246
91911,1907.9877865199246
91912,1907.9877865199246
91913,1907.9877865199246
91914,1907.9877865199246
91915,1907.9877865199246
91916,1907.9877865199246
91917,1907.9877865199246
91918,1907.9877865199246
91919,1907.9877865199246
91920,1907.9877865199246
91921,1907.9877865199246
91922,1907.9877865199246
91923,1907.9877865199246
91924,1907.9877865199246
91925,1907.9877865199246
91926,1907.9877865199246
91927,1907.9877865199246
91928,1907.9877865199246
91929,1907.9877865199246
91930,1907.9877865199246
91931,1907.9877865199246
91932,1907.9877865199246
91933,1907.9877865199246
91934,1907.9877865199246
91935,1907.9877865199246
91936,1907.9877865199246
91937,1907.9877865199246
91938,1907.9877865199246
91939,1907.9877865199246
91940,1907.9877865199246
91941,1907.9877865199246
91942,1907.9877865199246
91943,1907.9877865199246
91944,1907.9877865199246
91945,1907.9877865199246
91946,1907.9877865199246
91947,1907.9877865199246
91948,1907.9877865199246
91949,1907.9877865199246
91950,1907.9877865199246
91951,1907.9877865199246
91952,1907.9877865199246
91953,1907.9877865199246
91954,1907.9877865199246
91955,1907.9877865199246
91956,1907.9877865199246
91957,1907.9877865199246
91958,1907.9877865199246
91959,1907.9877865199246
91960,1907.9877865199246
91961,1907.9877865199246
91962,1907.9877865199246
91963,1907.9877865199246
91964,1907.9877865199246
91965,1907.9877865199246
91966,1907.9877865199246
91967,1907.9877865199246
91968,1907.9877865199246
91969,1907.9877865199246
91970,1907.9877865199246
91971,1907.9877865199246
91972,1907.9877865199246
91973,1907.9877865199246
91974,1907.9877865199246
91975,1907.9877865199246
91976,1907.9877865199246
91977,1907.9877865199246
91978,1907.9877865199246
91979,1907.9877865199246
91980,1907.9877865199246
91981,1907.9877865199246
91982,1907.9877865199246
91983,1907.9877865199246
91984,1907.9877865199246
91985,1907.9877865199246
91986,1907.9877865199246
91987,1907.9877865199246
91988,1907.9877865199246
91989,1907.9877865199246
91990,1907.9877865199246
91991,1907.9877865199246
91992,1907.9877865199246
91993,1907.9877865199246
91994,1907.9877865199246
91995,1907.9877865199246
91996,1907.9877865199246
91997,1907.9877865199246
91998,1907.9877865199246
91999,1907.9877865199246
92000,1907.9877865199246
92001,1907.9877865199246
92002,1907.9877865199246
92003,1907.9877865199246
92004,1907.9877865199246
92005,1907.9877865199246
92006,1907.9877865199246
92007,1907.9877865199246
92008,1907.9877865199246
92009,1907.9877865199246
92010,1907.9877865199246
92011,1907.9877865199246
92012,1907.9877865199246
92013,1907.9877865199246
92014,1907.9877865199246
92015,1907.9877865199246
92016,1907.9877865199246
92017,1907.9877865199246
92018,1907.9877865199246
92019,1907.9877865199246
92020,1907.9877865199246
92021,1907.9877865199246
92022,1907.9877865199246
92023,1907.9877865199246
92024,1907.9877865199246
92025,1907.9877865199246
92026,1907.9877865199246
92027,1907.9877865199246
92028,1907.9877865199246
92029,1907.9877865199246
92030,1907.9877865199246
92031,1907.9877865199246
92032,1907.9877865199246
92033,1907.9877865199246
92034,1907.9877865199246
92035,1907.9877865199246
92036,1907.9877865199246
92037,1907.9877865199246
92038,1907.9877865199246
92039,1907.9877865199246
92040,1907.9877865199246
92041,1907.9877865199246
92042,1907.9877865199246
92043,1907.9877865199246
92044,1907.9877865199246
92045,1907.9877865199246
92046,1907.9877865199246
92047,1907.9877865199246
92048,1907.9877865199246
92049,1907.9877865199246
92050,1907.9877865199246
92051,1907.9877865199246
92052,1907.9877865199246
92053,1907.9877865199246
92054,1907.9877865199246
92055,1907.9877865199246
92056,1907.9877865199246
92057,1907.9877865199246
92058,1907.9877865199246
92059,1907.9877865199246
92060,1907.9877865199246
92061,1907.9877865199246
92062,1907.9877865199246
92063,1907.9877865199246
92064,1907.9877865199246
92065,1907.9877865199246
92066,1907.9877865199246
92067,1907.9877865199246
92068,1907.9877865199246
92069,1907.9877865199246
92070,1907.9877865199246
92071,1907.9877865199246
92072,1907.9877865199246
92073,1907.9877865199246
92074,1907.9877865199246
92075,1907.9877865199246
92076,1907.9877865199246
92077,1907.9877865199246
92078,1907.9877865199246
92079,1907.9877865199246
92080,1907.9877865199246
92081,1907.9877865199246
92082,1907.9877865199246
92083,1907.9877865199246
92084,1907.9877865199246
92085,1907.9877865199246
92086,1907.9877865199246
92087,1907.9877865199246
92088,1907.9877865199246
92089,1907.9877865199246
92090,1907.9877865199246
92091,1907.9877865199246
92092,1907.9877865199246
92093,1907.9877865199246
92094,1907.9877865199246
92095,1907.9877865199246
92096,1907.9877865199246
92097,1907.9877865199246
92098,1907.9877865199246
92099,1907.9877865199246
92100,1907.9877865199246
92101,1907.9877865199246
92102,1907.9877865199246
92103,1907.9877865199246
92104,1907.9877865199246
92105,1907.9877865199246
92106,1907.9877865199246
92107,1907.9877865199246
92108,1907.9877865199246
92109,1907.9877865199246
92110,1907.9877865199246
92111,1907.9877865199246
92112,1907.9877865199246
92113,1907.9877865199246
92114,1907.9877865199246
92115,1907.9877865199246
92116,1907.9877865199246
92117,1907.9877865199246
92118,1907.9877865199246
92119,1907.9877865199246
92120,1907.9877865199246
92121,1907.9877865199246
92122,1907.9877865199246
92123,1907.9877865199246
92124,1907.9877865199246
92125,1907.9877865199246
92126,1907.9877865199246
92127,1907.9877865199246
92128,1907.9877865199246
92129,1907.9877865199246
92130,1907.9877865199246
92131,1907.9877865199246
92132,1907.9877865199246
92133,1907.9877865199246
92134,1907.9877865199246
92135,1907.9877865199246
92136,1907.9877865199246
92137,1907.9877865199246
92138,1907.9877865199246
92139,1907.9877865199246
92140,1907.9877865199246
92141,1907.9877865199246
92142,1907.9877865199246
92143,1907.9877865199246
92144,1907.9877865199246
92145,1907.9877865199246
92146,1907.9877865199246
92147,1907.9877865199246
92148,1907.9877865199246
92149,1907.9877865199246
92150,1907.9877865199246
92151,1907.9877865199246
92152,1907.9877865199246
92153,1907.9877865199246
92154,1907.9877865199246
92155,1907.9877865199246
92156,1907.9877865199246
92157,1907.9877865199246
92158,1907.9877865199246
92159,1907.9877865199246
92160,1907.9877865199246
92161,1907.9877865199246
92162,1907.9877865199246
92163,1907.9877865199246
92164,1907.9877865199246
92165,1907.9877865199246
92166,1907.9877865199246
92167,1907.9877865199246
92168,1907.9877865199246
92169,1907.9877865199246
92170,1907.9877865199246
92171,1907.9877865199246
92172,1907.9877865199246
92173,1907.9877865199246
92174,1907.9877865199246
92175,1907.9877865199246
92176,1907.9877865199246
92177,1907.9877865199246
92178,1907.9877865199246
92179,1907.9877865199246
92180,1907.9877865199246
92181,1907.9877865199246
92182,1907.9877865199246
92183,1907.9877865199246
92184,1907.9877865199246
92185,1907.9877865199246
92186,1907.9877865199246
92187,1907.9877865199246
92188,1907.9877865199246
92189,1907.9877865199246
92190,1907.9877865199246
92191,1907.9877865199246
92192,1907.9877865199246
92193,1907.9877865199246
92194,1907.9877865199246
92195,1907.9877865199246
92196,1907.9877865199246
92197,1907.9877865199246
92198,1907.9877865199246
92199,1907.9877865199246
92200,1907.9877865199246
92201,1907.9877865199246
92202,1907.9877865199246
92203,1907.9877865199246
92204,1907.9877865199246
92205,1907.9877865199246
92206,1907.9877865199246
92207,1907.9877865199246
92208,1907.9877865199246
92209,1907.9877865199246
92210,1907.9877865199246
92211,1907.9877865199246
92212,1907.9877865199246
92213,1907.9877865199246
92214,1907.9877865199246
92215,1907.9877865199246
92216,1907.9877865199246
92217,1907.9877865199246
92218,1907.9877865199246
92219,1907.9877865199246
92220,1907.9877865199246
92221,1907.9877865199246
92222,1907.9877865199246
92223,1907.9877865199246
92224,1907.9877865199246
92225,1907.9877865199246
92226,1907.9877865199246
92227,1907.9877865199246
92228,1907.9877865199246
92229,1907.9877865199246
92230,1907.9877865199246
92231,1907.9877865199246
92232,1907.9877865199246
92233,1907.9877865199246
92234,1907.9877865199246
92235,1907.9877865199246
92236,1907.9877865199246
92237,1907.9877865199246
92238,1907.9877865199246
92239,1907.9877865199246
92240,1907.9877865199246
92241,1907.9877865199246
92242,1907.9877865199246
92243,1907.9877865199246
92244,1907.9877865199246
92245,1907.9877865199246
92246,1907.9877865199246
92247,1907.9877865199246
92248,1907.9877865199246
92249,1907.9877865199246
92250,1907.9877865199246
92251,1907.9877865199246
92252,1907.9877865199246
92253,1907.9877865199246
92254,1907.9877865199246
92255,1907.9877865199246
92256,1907.9877865199246
92257,1907.9877865199246
92258,1907.9877865199246
92259,1907.9877865199246
92260,1907.9877865199246
92261,1907.9877865199246
92262,1907.9877865199246
92263,1907.9877865199246
92264,1907.9877865199246
92265,1907.9877865199246
92266,1907.9877865199246
92267,1907.9877865199246
92268,1907.9877865199246
92269,1907.9877865199246
92270,1907.9877865199246
92271,1907.9877865199246
92272,1907.9877865199246
92273,1907.9877865199246
92274,1907.9877865199246
92275,1907.9877865199246
92276,1907.9877865199246
92277,1907.9877865199246
92278,1907.9877865199246
92279,1907.9877865199246
92280,1907.9877865199246
92281,1907.9877865199246
92282,1907.9877865199246
92283,1907.9877865199246
92284,1907.9877865199246
92285,1907.9877865199246
92286,1907.9877865199246
92287,1907.9877865199246
92288,1907.9877865199246
92289,1907.9877865199246
92290,1907.9877865199246
92291,1907.9877865199246
92292,1907.9877865199246
92293,1907.9877865199246
92294,1907.9877865199246
92295,1907.9877865199246
92296,1907.9877865199246
92297,1907.9877865199246
92298,1907.9877865199246
92299,1907.9877865199246
92300,1907.9877865199246
92301,1907.9877865199246
92302,1907.9877865199246
92303,1907.9877865199246
92304,1907.9877865199246
92305,1907.9877865199246
92306,1907.9877865199246
92307,1907.9877865199246
92308,1907.9877865199246
92309,1907.9877865199246
92310,1907.9877865199246
92311,1907.9877865199246
92312,1907.9877865199246
92313,1907.9877865199246
92314,1907.9877865199246
92315,1907.9877865199246
92316,1907.9877865199246
92317,1907.9877865199246
92318,1907.9877865199246
92319,1907.9877865199246
92320,1907.9877865199246
92321,1907.9877865199246
92322,1907.9877865199246
92323,1907.9877865199246
92324,1907.9877865199246
92325,1907.9877865199246
92326,1907.9877865199246
92327,1907.9877865199246
92328,1907.9877865199246
92329,1907.9877865199246
92330,1907.9877865199246
92331,1907.9877865199246
92332,1907.9877865199246
92333,1907.9877865199246
92334,1907.9877865199246
92335,1907.9877865199246
92336,1907.9877865199246
92337,1907.9877865199246
92338,1907.9877865199246
92339,1907.9877865199246
92340,1907.9877865199246
92341,1907.9877865199246
92342,1907.9877865199246
92343,1907.9877865199246
92344,1907.9877865199246
92345,1907.9877865199246
92346,1907.9877865199246
92347,1907.9877865199246
92348,1907.9877865199246
92349,1907.9877865199246
92350,1907.9877865199246
92351,1907.9877865199246
92352,1907.9877865199246
92353,1907.9877865199246
92354,1907.9877865199246
92355,1907.9877865199246
92356,1907.9877865199246
92357,1907.9877865199246
92358,1907.9877865199246
92359,1907.9877865199246
92360,1907.9877865199246
92361,1907.9877865199246
92362,1907.9877865199246
92363,1907.9877865199246
92364,1907.9877865199246
92365,1907.9877865199246
92366,1907.9877865199246
92367,1907.9877865199246
92368,1907.9877865199246
92369,1907.9877865199246
92370,1907.9877865199246
92371,1907.9877865199246
92372,1907.9877865199246
92373,1907.9877865199246
92374,1907.9877865199246
92375,1907.9877865199246
92376,1907.9877865199246
92377,1907.9877865199246
92378,1907.9877865199246
92379,1907.9877865199246
92380,1907.9877865199246
92381,1907.9877865199246
92382,1907.9877865199246
92383,1907.9877865199246
92384,1907.9877865199246
92385,1907.9877865199246
92386,1907.9877865199246
92387,1907.9877865199246
92388,1907.9877865199246
92389,1907.9877865199246
92390,1907.9877865199246
92391,1907.9877865199246
92392,1907.9877865199246
92393,1907.9877865199246
92394,1907.9877865199246
92395,1907.9877865199246
92396,1907.9877865199246
92397,1907.9877865199246
92398,1907.9877865199246
92399,1907.9877865199246
92400,1907.9877865199246
92401,1907.9877865199246
92402,1907.9877865199246
92403,1907.9877865199246
92404,1907.9877865199246
92405,1907.9877865199246
92406,1907.9877865199246
92407,1907.9877865199246
92408,1907.9877865199246
92409,1907.9877865199246
92410,1907.9877865199246
92411,1907.9877865199246
92412,1907.9877865199246
92413,1907.9877865199246
92414,1907.9877865199246
92415,1907.9877865199246
92416,1907.9877865199246
92417,1907.9877865199246
92418,1907.9877865199246
92419,1907.9877865199246
92420,1907.9877865199246
92421,1907.9877865199246
92422,1907.9877865199246
92423,1907.9877865199246
92424,1907.9877865199246
92425,1907.9877865199246
92426,1907.9877865199246
92427,1907.9877865199246
92428,1907.9877865199246
92429,1907.9877865199246
92430,1907.9877865199246
92431,1907.9877865199246
92432,1907.9877865199246
92433,1907.9877865199246
92434,1907.9877865199246
92435,1907.9877865199246
92436,1907.9877865199246
92437,1907.9877865199246
92438,1907.9877865199246
92439,1907.9877865199246
92440,1907.9877865199246
92441,1907.9877865199246
92442,1907.9877865199246
92443,1907.9877865199246
92444,1907.9877865199246
92445,1907.9877865199246
92446,1907.9877865199246
92447,1907.9877865199246
92448,1907.9877865199246
92449,1907.9877865199246
92450,1907.9877865199246
92451,1907.9877865199246
92452,1907.9877865199246
92453,1907.9877865199246
92454,1907.9877865199246
92455,1907.9877865199246
92456,1907.9877865199246
92457,1907.9877865199246
92458,1907.9877865199246
92459,1907.9877865199246
92460,1907.9877865199246
92461,1907.9877865199246
92462,1907.9877865199246
92463,1907.9877865199246
92464,1907.9877865199246
92465,1907.9877865199246
92466,1907.9877865199246
92467,1907.9877865199246
92468,1907.9877865199246
92469,1907.9877865199246
92470,1907.9877865199246
92471,1907.9877865199246
92472,1907.9877865199246
92473,1907.9877865199246
92474,1907.9877865199246
92475,1907.9877865199246
92476,1907.9877865199246
92477,1907.9877865199246
92478,1907.9877865199246
92479,1907.9877865199246
92480,1907.9877865199246
92481,1907.9877865199246
92482,1907.9877865199246
92483,1907.9877865199246
92484,1907.9877865199246
92485,1907.9877865199246
92486,1907.9877865199246
92487,1907.9877865199246
92488,1907.9877865199246
92489,1907.9877865199246
92490,1907.9877865199246
92491,1907.9877865199246
92492,1907.9877865199246
92493,1907.9877865199246
92494,1907.9877865199246
92495,1907.9877865199246
92496,1907.9877865199246
92497,1907.9877865199246
92498,1907.9877865199246
92499,1907.9877865199246
92500,1907.9877865199246
92501,1907.9877865199246
92502,1907.9877865199246
92503,1907.9877865199246
92504,1907.9877865199246
92505,1907.9877865199246
92506,1907.9877865199246
92507,1907.9877865199246
92508,1907.9877865199246
92509,1907.9877865199246
92510,1907.9877865199246
92511,1907.9877865199246
92512,1907.9877865199246
92513,1907.9877865199246
92514,1907.9877865199246
92515,1907.9877865199246
92516,1907.9877865199246
92517,1907.9877865199246
92518,1907.9877865199246
92519,1907.9877865199246
92520,1907.9877865199246
92521,1907.9877865199246
92522,1907.9877865199246
92523,1907.9877865199246
92524,1907.9877865199246
92525,1907.9877865199246
92526,1907.9877865199246
92527,1907.9877865199246
92528,1907.9877865199246
92529,1907.9877865199246
92530,1907.9877865199246
92531,1907.9877865199246
92532,1907.9877865199246
92533,1907.9877865199246
92534,1907.9877865199246
92535,1907.9877865199246
92536,1907.9877865199246
92537,1907.9877865199246
92538,1907.9877865199246
92539,1907.9877865199246
92540,1907.9877865199246
92541,1907.9877865199246
92542,1907.9877865199246
92543,1907.9877865199246
92544,1907.9877865199246
92545,1907.9877865199246
92546,1907.9877865199246
92547,1907.9877865199246
92548,1907.9877865199246
92549,1907.9877865199246
92550,1907.9877865199246
92551,1907.9877865199246
92552,1907.9877865199246
92553,1907.9877865199246
92554,1907.9877865199246
92555,1907.9877865199246
92556,1907.9877865199246
92557,1907.9877865199246
92558,1907.9877865199246
92559,1907.9877865199246
92560,1907.9877865199246
92561,1907.9877865199246
92562,1907.9877865199246
92563,1907.9877865199246
92564,1907.9877865199246
92565,1907.9877865199246
92566,1907.9877865199246
92567,1907.9877865199246
92568,1907.9877865199246
92569,1907.9877865199246
92570,1907.9877865199246
92571,1907.9877865199246
92572,1907.9877865199246
92573,1907.9877865199246
92574,1907.9877865199246
92575,1907.9877865199246
92576,1907.9877865199246
92577,1907.9877865199246
92578,1907.9877865199246
92579,1907.9877865199246
92580,1907.9877865199246
92581,1907.9877865199246
92582,1907.9877865199246
92583,1907.9877865199246
92584,1907.9877865199246
92585,1907.9877865199246
92586,1907.9877865199246
92587,1907.9877865199246
92588,1907.9877865199246
92589,1907.9877865199246
92590,1907.9877865199246
92591,1907.9877865199246
92592,1907.9877865199246
92593,1907.9877865199246
92594,1907.9877865199246
92595,1907.9877865199246
92596,1907.9877865199246
92597,1907.9877865199246
92598,1907.9877865199246
92599,1907.9877865199246
92600,1907.9877865199246
92601,1907.9877865199246
92602,1907.9877865199246
92603,1907.9877865199246
92604,1907.9877865199246
92605,1907.9877865199246
92606,1907.9877865199246
92607,1907.9877865199246
92608,1907.9877865199246
92609,1907.9877865199246
92610,1907.9877865199246
92611,1907.9877865199246
92612,1907.9877865199246
92613,1907.9877865199246
92614,1907.9877865199246
92615,1907.9877865199246
92616,1907.9877865199246
92617,1907.9877865199246
92618,1907.9877865199246
92619,1907.9877865199246
92620,1907.9877865199246
92621,1907.9877865199246
92622,1907.9877865199246
92623,1907.9877865199246
92624,1907.9877865199246
92625,1907.9877865199246
92626,1907.9877865199246
92627,1907.9877865199246
92628,1907.9877865199246
92629,1907.9877865199246
92630,1907.9877865199246
92631,1907.9877865199246
92632,1907.9877865199246
92633,1907.9877865199246
92634,1907.9877865199246
92635,1907.9877865199246
92636,1907.9877865199246
92637,1907.9877865199246
92638,1907.9877865199246
92639,1907.9877865199246
92640,1907.9877865199246
92641,1907.9877865199246
92642,1907.9877865199246
92643,1907.9877865199246
92644,1907.9877865199246
92645,1907.9877865199246
92646,1907.9877865199246
92647,1907.9877865199246
92648,1907.9877865199246
92649,1907.9877865199246
92650,1907.9877865199246
92651,1907.9877865199246
92652,1907.9877865199246
92653,1907.9877865199246
92654,1907.9877865199246
92655,1907.9877865199246
92656,1907.9877865199246
92657,1907.9877865199246
92658,1907.9877865199246
92659,1907.9877865199246
92660,1907.9877865199246
92661,1907.9877865199246
92662,1907.9877865199246
92663,1907.9877865199246
92664,1907.9877865199246
92665,1907.9877865199246
92666,1907.9877865199246
92667,1907.9877865199246
92668,1907.9877865199246
92669,1907.9877865199246
92670,1907.9877865199246
92671,1907.9877865199246
92672,1907.9877865199246
92673,1907.9877865199246
92674,1907.9877865199246
92675,1907.9877865199246
92676,1907.9877865199246
92677,1907.9877865199246
92678,1907.9877865199246
92679,1907.9877865199246
92680,1907.9877865199246
92681,1907.9877865199246
92682,1907.9877865199246
92683,1907.9877865199246
92684,1907.9877865199246
92685,1907.9877865199246
92686,1907.9877865199246
92687,1907.9877865199246
92688,1907.9877865199246
92689,1907.9877865199246
92690,1907.9877865199246
92691,1907.9877865199246
92692,1907.9877865199246
92693,1907.9877865199246
92694,1907.9877865199246
92695,1907.9877865199246
92696,1907.9877865199246
92697,1907.9877865199246
92698,1907.9877865199246
92699,1907.9877865199246
92700,1907.9877865199246
92701,1907.9877865199246
92702,1907.9877865199246
92703,1907.9877865199246
92704,1907.9877865199246
92705,1907.9877865199246
92706,1907.9877865199246
92707,1907.9877865199246
92708,1907.9877865199246
92709,1907.9877865199246
92710,1907.9877865199246
92711,1907.9877865199246
92712,1907.9877865199246
92713,1907.9877865199246
92714,1907.9877865199246
92715,1907.9877865199246
92716,1907.9877865199246
92717,1907.9877865199246
92718,1907.9877865199246
92719,1907.9877865199246
92720,1907.9877865199246
92721,1907.9877865199246
92722,1907.9877865199246
92723,1907.9877865199246
92724,1907.9877865199246
92725,1907.9877865199246
92726,1907.9877865199246
92727,1907.9877865199246
92728,1907.9877865199246
92729,1907.9877865199246
92730,1907.9877865199246
92731,1907.9877865199246
92732,1907.9877865199246
92733,1907.9877865199246
92734,1907.9877865199246
92735,1907.9877865199246
92736,1907.9877865199246
92737,1907.9877865199246
92738,1907.9877865199246
92739,1907.9877865199246
92740,1907.9877865199246
92741,1907.9877865199246
92742,1907.9877865199246
92743,1907.9877865199246
92744,1907.9877865199246
92745,1907.9877865199246
92746,1907.9877865199246
92747,1907.9877865199246
92748,1907.9877865199246
92749,1907.9877865199246
92750,1907.9877865199246
92751,1907.9877865199246
92752,1907.9877865199246
92753,1907.9877865199246
92754,1907.9877865199246
92755,1907.9877865199246
92756,1907.9877865199246
92757,1907.9877865199246
92758,1907.9877865199246
92759,1907.9877865199246
92760,1907.9877865199246
92761,1907.9877865199246
92762,1907.9877865199246
92763,1907.9877865199246
92764,1907.9877865199246
92765,1907.9877865199246
92766,1907.9877865199246
92767,1907.9877865199246
92768,1907.9877865199246
92769,1907.9877865199246
92770,1907.9877865199246
92771,1907.9877865199246
92772,1907.9877865199246
92773,1907.9877865199246
92774,1907.9877865199246
92775,1907.9877865199246
92776,1907.9877865199246
92777,1907.9877865199246
92778,1907.9877865199246
92779,1907.9877865199246
92780,1907.9877865199246
92781,1907.9877865199246
92782,1907.9877865199246
92783,1907.9877865199246
92784,1907.9877865199246
92785,1907.9877865199246
92786,1907.9877865199246
92787,1907.9877865199246
92788,1907.9877865199246
92789,1907.9877865199246
92790,1907.9877865199246
92791,1907.9877865199246
92792,1907.9877865199246
92793,1907.9877865199246
92794,1907.9877865199246
92795,1907.9877865199246
92796,1907.9877865199246
92797,1907.9877865199246
92798,1907.9877865199246
92799,1907.9877865199246
92800,1907.9877865199246
92801,1907.9877865199246
92802,1907.9877865199246
92803,1907.9877865199246
92804,1907.9877865199246
92805,1907.9877865199246
92806,1907.9877865199246
92807,1907.9877865199246
92808,1907.9877865199246
92809,1907.9877865199246
92810,1907.9877865199246
92811,1907.9877865199246
92812,1907.9877865199246
92813,1907.9877865199246
92814,1907.9877865199246
92815,1907.9877865199246
92816,1907.9877865199246
92817,1907.9877865199246
92818,1907.9877865199246
92819,1907.9877865199246
92820,1907.9877865199246
92821,1907.9877865199246
92822,1907.9877865199246
92823,1907.9877865199246
92824,1907.9877865199246
92825,1907.9877865199246
92826,1907.9877865199246
92827,1907.9877865199246
92828,1907.9877865199246
92829,1907.9877865199246
92830,1907.9877865199246
92831,1907.9877865199246
92832,1907.9877865199246
92833,1907.9877865199246
92834,1907.9877865199246
92835,1907.9877865199246
92836,1907.9877865199246
92837,1907.9877865199246
92838,1907.9877865199246
92839,1907.9877865199246
92840,1907.9877865199246
92841,1907.9877865199246
92842,1907.9877865199246
92843,1907.9877865199246
92844,1907.9877865199246
92845,1907.9877865199246
92846,1907.9877865199246
92847,1907.9877865199246
92848,1907.9877865199246
92849,1907.9877865199246
92850,1907.9877865199246
92851,1904.8235573646107
92852,1904.8235573646107
92853,1904.8235573646107
92854,1904.8235573646107
92855,1904.8235573646107
92856,1904.8235573646107
92857,1904.8235573646107
92858,1904.8235573646107
92859,1904.8235573646107
92860,1904.8235573646107
92861,1904.8235573646107
92862,1904.8235573646107
92863,1904.8235573646107
92864,1904.8235573646107
92865,1904.8235573646107
92866,1904.8235573646107
92867,1904.8235573646107
92868,1904.8235573646107
92869,1904.8235573646107
92870,1904.8235573646107
92871,1904.8235573646107
92872,1904.8235573646107
92873,1904.8235573646107
92874,1904.8235573646107
92875,1904.8235573646107
92876,1904.8235573646107
92877,1904.8235573646107
92878,1904.8235573646107
92879,1904.8235573646107
92880,1904.8235573646107
92881,1904.8235573646107
92882,1904.8235573646107
92883,1904.8235573646107
92884,1904.8235573646107
92885,1904.8235573646107
92886,1904.8235573646107
92887,1904.8235573646107
92888,1904.8235573646107
92889,1904.8235573646107
92890,1904.8235573646107
92891,1904.8235573646107
92892,1904.8235573646107
92893,1904.8235573646107
92894,1904.8235573646107
92895,1904.8235573646107
92896,1904.8235573646107
92897,1904.8235573646107
92898,1904.8235573646107
92899,1904.8235573646107
92900,1904.8235573646107
92901,1904.8235573646107
92902,1904.8235573646107
92903,1904.8235573646107
92904,1904.8235573646107
92905,1904.8235573646107
92906,1904.8235573646107
92907,1904.8235573646107
92908,1904.8235573646107
92909,1904.8235573646107
92910,1904.8235573646107
92911,1904.8235573646107
92912,1904.8235573646107
92913,1904.8235573646107
92914,1904.8235573646107
92915,1904.8235573646107
92916,1904.8235573646107
92917,1904.8235573646107
92918,1904.8235573646107
92919,1904.8235573646107
92920,1904.8235573646107
92921,1904.8235573646107
92922,1904.8235573646107
92923,1904.8235573646107
92924,1904.8235573646107
92925,1904.8235573646107
92926,1904.8235573646107
92927,1904.8235573646107
92928,1904.8235573646107
92929,1904.8235573646107
92930,1904.8235573646107
92931,1904.8235573646107
92932,1904.8235573646107
92933,1904.8235573646107
92934,1904.8235573646107
92935,1904.8235573646107
92936,1904.8235573646107
92937,1904.8235573646107
92938,1904.8235573646107
92939,1904.8235573646107
92940,1904.8235573646107
92941,1904.8235573646107
92942,1904.8235573646107
92943,1904.8235573646107
92944,1904.8235573646107
92945,1904.8235573646107
92946,1904.8235573646107
92947,1904.8235573646107
92948,1904.8235573646107
92949,1904.8235573646107
92950,1904.8235573646107
92951,1904.8235573646107
92952,1904.8235573646107
92953,1904.8235573646107
92954,1904.8235573646107
92955,1904.8235573646107
92956,1904.8235573646107
92957,1904.8235573646107
92958,1904.8235573646107
92959,1904.8235573646107
92960,1904.8235573646107
92961,1904.8235573646107
92962,1904.8235573646107
92963,1904.8235573646107
92964,1904.8235573646107
92965,1904.8235573646107
92966,1904.8235573646107
92967,1904.8235573646107
92968,1904.8235573646107
92969,1904.8235573646107
92970,1904.8235573646107
92971,1904.8235573646107
92972,1904.8235573646107
92973,1904.8235573646107
92974,1904.8235573646107
92975,1904.8235573646107
92976,1904.8235573646107
92977,1904.8235573646107
92978,1904.8235573646107
92979,1904.8235573646107
92980,1904.8235573646107
92981,1904.8235573646107
92982,1904.8235573646107
92983,1904.8235573646107
92984,1904.8235573646107
92985,1904.8235573646107
92986,1904.8235573646107
92987,1904.8235573646107
92988,1904.8235573646107
92989,1904.8235573646107
92990,1904.8235573646107
92991,1904.8235573646107
92992,1904.8235573646107
92993,1904.8235573646107
92994,1904.8235573646107
92995,1904.8235573646107
92996,1904.8235573646107
92997,1904.8235573646107
92998,1904.8235573646107
92999,1904.8235573646107
93000,1904.8235573646107
93001,1904.8235573646107
93002,1904.8235573646107
93003,1904.8235573646107
93004,1904.8235573646107
93005,1904.8235573646107
93006,1904.8235573646107
93007,1904.8235573646107
93008,1904.8235573646107
93009,1904.8235573646107
93010,1904.8235573646107
93011,1904.8235573646107
93012,1904.8235573646107
93013,1904.8235573646107
93014,1904.8235573646107
93015,1904.8235573646107
93016,1904.8235573646107
93017,1904.8235573646107
93018,1904.8235573646107
93019,1904.8235573646107
93020,1904.8235573646107
93021,1904.8235573646107
93022,1904.8235573646107
93023,1904.8235573646107
93024,1904.8235573646107
93025,1904.8235573646107
93026,1904.8235573646107
93027,1904.8235573646107
93028,1904.8235573646107
93029,1904.8235573646107
93030,1904.8235573646107
93031,1904.8235573646107
93032,1904.8235573646107
93033,1904.8235573646107
93034,1904.8235573646107
93035,1904.8235573646107
93036,1904.8235573646107
93037,1904.8235573646107
93038,1904.8235573646107
93039,1904.8235573646107
93040,1904.8235573646107
93041,1904.8235573646107
93042,1904.8235573646107
93043,1904.8235573646107
93044,1904.8235573646107
93045,1904.8235573646107
93046,1904.8235573646107
93047,1904.8235573646107
93048,1904.8235573646107
93049,1904.8235573646107
93050,1904.8235573646107
93051,1904.8235573646107
93052,1904.8235573646107
93053,1904.8235573646107
93054,1904.8235573646107
93055,1904.8235573646107
93056,1904.8235573646107
93057,1904.8235573646107
93058,1904.8235573646107
93059,1904.8235573646107
93060,1904.8235573646107
93061,1904.8235573646107
93062,1904.8235573646107
93063,1904.8235573646107
93064,1904.8235573646107
93065,1904.8235573646107
93066,1904.8235573646107
93067,1904.8235573646107
93068,1904.8235573646107
93069,1904.8235573646107
93070,1904.8235573646107
93071,1904.8235573646107
93072,1904.8235573646107
93073,1904.8235573646107
93074,1904.8235573646107
93075,1904.8235573646107
93076,1904.8235573646107
93077,1904.8235573646107
93078,1904.8235573646107
93079,1904.8235573646107
93080,1904.8235573646107
93081,1904.8235573646107
93082,1904.8235573646107
93083,1904.8235573646107
93084,1904.8235573646107
93085,1904.8235573646107
93086,1904.8235573646107
93087,1904.8235573646107
93088,1904.8235573646107
93089,1904.8235573646107
93090,1904.8235573646107
93091,1904.8235573646107
93092,1904.8235573646107
93093,1904.8235573646107
93094,1904.8235573646107
93095,1904.8235573646107
93096,1904.8235573646107
93097,1904.8235573646107
93098,1904.8235573646107
93099,1904.8235573646107
93100,1904.8235573646107
93101,1904.8235573646107
93102,1904.8235573646107
93103,1904.8235573646107
93104,1904.8235573646107
93105,1904.8235573646107
93106,1904.8235573646107
93107,1904.8235573646107
93108,1904.8235573646107
93109,1904.8235573646107
93110,1904.8235573646107
93111,1904.8235573646107
93112,1904.8235573646107
93113,1904.8235573646107
93114,1904.8235573646107
93115,1904.8235573646107
93116,1904.8235573646107
93117,1904.8235573646107
93118,1904.8235573646107
93119,1904.8235573646107
93120,1904.8235573646107
93121,1904.8235573646107
93122,1904.8235573646107
93123,1904.8235573646107
93124,1904.8235573646107
93125,1904.8235573646107
93126,1904.8235573646107
93127,1904.8235573646107
93128,1904.8235573646107
93129,1904.8235573646107
93130,1904.8235573646107
93131,1904.8235573646107
93132,1904.8235573646107
93133,1904.8235573646107
93134,1904.8235573646107
93135,1904.8235573646107
93136,1904.8235573646107
93137,1904.8235573646107
93138,1904.8235573646107
93139,1904.8235573646107
93140,1904.8235573646107
93141,1904.8235573646107
93142,1904.8235573646107
93143,1904.8235573646107
93144,1904.8235573646107
93145,1904.8235573646107
93146,1904.8235573646107
93147,1904.8235573646107
93148,1904.8235573646107
93149,1904.8235573646107
93150,1904.8235573646107
93151,1904.8235573646107
93152,1904.8235573646107
93153,1904.8235573646107
93154,1904.8235573646107
93155,1904.8235573646107
93156,1904.8235573646107
93157,1904.8235573646107
93158,1904.8235573646107
93159,1904.8235573646107
93160,1904.8235573646107
93161,1904.8235573646107
93162,1904.8235573646107
93163,1904.8235573646107
93164,1904.8235573646107
93165,1904.8235573646107
93166,1904.8235573646107
93167,1904.8235573646107
93168,1904.8235573646107
93169,1904.8235573646107
93170,1904.8235573646107
93171,1904.8235573646107
93172,1904.8235573646107
93173,1904.8235573646107
93174,1904.8235573646107
93175,1904.8235573646107
93176,1904.8235573646107
93177,1904.8235573646107
93178,1904.8235573646107
93179,1904.8235573646107
93180,1904.8235573646107
93181,1904.8235573646107
93182,1904.8235573646107
93183,1904.8235573646107
93184,1904.8235573646107
93185,1904.8235573646107
93186,1904.8235573646107
93187,1904.8235573646107
93188,1904.8235573646107
93189,1904.8235573646107
93190,1904.8235573646107
93191,1904.8235573646107
93192,1904.8235573646107
93193,1904.8235573646107
93194,1904.8235573646107
93195,1904.8235573646107
93196,1904.8235573646107
93197,1904.8235573646107
93198,1904.8235573646107
93199,1904.8235573646107
93200,1904.8235573646107
93201,1904.8235573646107
93202,1904.8235573646107
93203,1904.8235573646107
93204,1904.8235573646107
93205,1904.8235573646107
93206,1904.8235573646107
93207,1904.8235573646107
93208,1904.8235573646107
93209,1904.8235573646107
93210,1904.8235573646107
93211,1904.8235573646107
93212,1904.8235573646107
93213,1904.8235573646107
93214,1904.8235573646107
93215,1904.8235573646107
93216,1904.8235573646107
93217,1904.8235573646107
93218,1904.8235573646107
93219,1904.8235573646107
93220,1904.8235573646107
93221,1904.8235573646107
93222,1904.8235573646107
93223,1904.8235573646107
93224,1904.8235573646107
93225,1904.8235573646107
93226,1904.8235573646107
93227,1904.8235573646107
93228,1904.8235573646107
93229,1904.8235573646107
93230,1904.8235573646107
93231,1904.8235573646107
93232,1904.8235573646107
93233,1904.8235573646107
93234,1904.8235573646107
93235,1904.8235573646107
93236,1904.8235573646107
93237,1904.8235573646107
93238,1904.8235573646107
93239,1904.8235573646107
93240,1904.8235573646107
93241,1904.8235573646107
93242,1904.8235573646107
93243,1904.8235573646107
93244,1904.8235573646107
93245,1904.8235573646107
93246,1904.8235573646107
93247,1904.8235573646107
93248,1904.8235573646107
93249,1904.8235573646107
93250,1904.8235573646107
93251,1904.8235573646107
93252,1904.8235573646107
93253,1904.8235573646107
93254,1904.8235573646107
93255,1904.8235573646107
93256,1904.8235573646107
93257,1904.8235573646107
93258,1904.8235573646107
93259,1904.8235573646107
93260,1904.8235573646107
93261,1904.8235573646107
93262,1904.8235573646107
93263,1904.8235573646107
93264,1904.8235573646107
93265,1904.8235573646107
93266,1904.8235573646107
93267,1904.8235573646107
93268,1904.8235573646107
93269,1904.8235573646107
93270,1904.8235573646107
93271,1904.8235573646107
93272,1904.8235573646107
93273,1904.8235573646107
93274,1904.8235573646107
93275,1904.8235573646107
93276,1904.8235573646107
93277,1904.8235573646107
93278,1904.8235573646107
93279,1904.8235573646107
93280,1904.8235573646107
93281,1904.8235573646107
93282,1904.8235573646107
93283,1904.8235573646107
93284,1904.8235573646107
93285,1904.8235573646107
93286,1904.8235573646107
93287,1904.8235573646107
93288,1904.8235573646107
93289,1904.8235573646107
93290,1904.8235573646107
93291,1904.8235573646107
93292,1904.8235573646107
93293,1904.8235573646107
93294,1904.8235573646107
93295,1904.8235573646107
93296,1904.8235573646107
93297,1904.8235573646107
93298,1904.8235573646107
93299,1904.8235573646107
93300,1904.8235573646107
93301,1904.8235573646107
93302,1904.8235573646107
93303,1904.8235573646107
93304,1904.8235573646107
93305,1904.8235573646107
93306,1904.8235573646107
93307,1904.8235573646107
93308,1904.8235573646107
93309,1904.8235573646107
93310,1904.8235573646107
93311,1904.8235573646107
93312,1904.8235573646107
93313,1904.8235573646107
93314,1904.8235573646107
93315,1904.8235573646107
93316,1904.8235573646107
93317,1904.8235573646107
93318,1904.8235573646107
93319,1904.8235573646107
93320,1904.8235573646107
93321,1904.8235573646107
93322,1904.8235573646107
93323,1904.8235573646107
93324,1904.8235573646107
93325,1904.8235573646107
93326,1904.8235573646107
93327,1904.8235573646107
93328,1904.8235573646107
93329,1904.8235573646107
93330,1904.8235573646107
93331,1904.8235573646107
93332,1904.8235573646107
93333,1904.8235573646107
93334,1904.8235573646107
93335,1904.8235573646107
93336,1904.8235573646107
93337,1904.8235573646107
93338,1904.8235573646107
93339,1904.8235573646107
93340,1904.8235573646107
93341,1904.8235573646107
93342,1904.8235573646107
93343,1904.8235573646107
93344,1904.8235573646107
93345,1904.8235573646107
93346,1904.8235573646107
93347,1904.8235573646107
93348,1904.8235573646107
93349,1904.8235573646107
93350,1904.8235573646107
93351,1904.8235573646107
93352,1904.8235573646107
93353,1904.8235573646107
93354,1904.8235573646107
93355,1904.8235573646107
93356,1904.8235573646107
93357,1904.8235573646107
93358,1904.8235573646107
93359,1904.8235573646107
93360,1904.8235573646107
93361,1904.8235573646107
93362,1904.8235573646107
93363,1904.8235573646107
93364,1904.8235573646107
93365,1904.8235573646107
93366,1904.8235573646107
93367,1904.8235573646107
93368,1904.8235573646107
93369,1904.8235573646107
93370,1904.8235573646107
93371,1904.8235573646107
93372,1904.8235573646107
93373,1904.8235573646107
93374,1904.8235573646107
93375,1904.8235573646107
93376,1904.8235573646107
93377,1904.8235573646107
93378,1904.8235573646107
93379,1904.8235573646107
93380,1904.8235573646107
93381,1904.8235573646107
93382,1904.8235573646107
93383,1904.8235573646107
93384,1904.8235573646107
93385,1904.8235573646107
93386,1904.8235573646107
93387,1904.8235573646107
93388,1904.8235573646107
93389,1904.8235573646107
93390,1904.8235573646107
93391,1904.8235573646107
93392,1904.8235573646107
93393,1904.8235573646107
93394,1904.8235573646107
93395,1904.8235573646107
93396,1904.8235573646107
93397,1904.8235573646107
93398,1904.8235573646107
93399,1904.8235573646107
93400,1904.8235573646107
93401,1904.8235573646107
93402,1904.8235573646107
93403,1904.8235573646107
93404,1904.8235573646107
93405,1904.8235573646107
93406,1904.8235573646107
93407,1904.8235573646107
93408,1904.8235573646107
93409,1904.8235573646107
93410,1904.8235573646107
93411,1904.8235573646107
93412,1904.8235573646107
93413,1904.8235573646107
93414,1904.8235573646107
93415,1904.8235573646107
93416,1904.8235573646107
93417,1904.8235573646107
93418,1904.8235573646107
93419,1904.8235573646107
93420,1904.8235573646107
93421,1904.8235573646107
93422,1904.8235573646107
93423,1904.8235573646107
93424,1904.8235573646107
93425,1904.8235573646107
93426,1904.8235573646107
93427,1904.8235573646107
93428,1904.8235573646107
93429,1904.8235573646107
93430,1904.8235573646107
93431,1904.8235573646107
93432,1904.8235573646107
93433,1904.8235573646107
93434,1904.8235573646107
93435,1904.8235573646107
93436,1904.8235573646107
93437,1904.8235573646107
93438,1904.8235573646107
93439,1904.8235573646107
93440,1904.8235573646107
93441,1904.8235573646107
93442,1904.8235573646107
93443,1904.8235573646107
93444,1904.8235573646107
93445,1904.8235573646107
93446,1904.8235573646107
93447,1904.8235573646107
93448,1904.8235573646107
93449,1904.8235573646107
93450,1904.8235573646107
93451,1904.8235573646107
93452,1904.8235573646107
93453,1904.8235573646107
93454,1904.8235573646107
93455,1904.8235573646107
93456,1904.8235573646107
93457,1904.8235573646107
93458,1904.8235573646107
93459,1904.8235573646107
93460,1904.8235573646107
93461,1904.8235573646107
93462,1904.8235573646107
93463,1904.8235573646107
93464,1904.8235573646107
93465,1904.8235573646107
93466,1904.8235573646107
93467,1904.8235573646107
93468,1904.8235573646107
93469,1904.8235573646107
93470,1904.8235573646107
93471,1904.8235573646107
93472,1904.8235573646107
93473,1904.8235573646107
93474,1904.8235573646107
93475,1904.8235573646107
93476,1904.8235573646107
93477,1904.8235573646107
93478,1904.8235573646107
93479,1904.8235573646107
93480,1904.8235573646107
93481,1904.8235573646107
93482,1904.8235573646107
93483,1904.8235573646107
93484,1904.8235573646107
93485,1904.8235573646107
93486,1904.8235573646107
93487,1904.8235573646107
93488,1904.8235573646107
93489,1904.8235573646107
93490,1904.8235573646107
93491,1904.8235573646107
93492,1904.8235573646107
93493,1904.8235573646107
93494,1904.8235573646107
93495,1904.8235573646107
93496,1904.8235573646107
93497,1904.8235573646107
93498,1904.8235573646107
93499,1904.8235573646107
93500,1904.8235573646107
93501,1904.8235573646107
93502,1904.8235573646107
93503,1904.8235573646107
93504,1904.8235573646107
93505,1904.8235573646107
93506,1904.8235573646107
93507,1904.8235573646107
93508,1904.8235573646107
93509,1904.8235573646107
93510,1904.8235573646107
93511,1904.8235573646107
93512,1904.8235573646107
93513,1904.8235573646107
93514,1904.8235573646107
93515,1904.8235573646107
93516,1904.8235573646107
93517,1904.8235573646107
93518,1904.8235573646107
93519,1904.8235573646107
93520,1904.8235573646107
93521,1904.8235573646107
93522,1904.8235573646107
93523,1904.8235573646107
93524,1904.8235573646107
93525,1904.8235573646107
93526,1904.8235573646107
93527,1904.8235573646107
93528,1904.8235573646107
93529,1904.8235573646107
93530,1904.8235573646107
93531,1904.8235573646107
93532,1904.8235573646107
93533,1904.8235573646107
93534,1904.8235573646107
93535,1904.8235573646107
93536,1904.8235573646107
93537,1904.8235573646107
93538,1904.8235573646107
93539,1904.8235573646107
93540,1904.8235573646107
93541,1904.8235573646107
93542,1904.8235573646107
93543,1904.8235573646107
93544,1904.8235573646107
93545,1904.8235573646107
93546,1904.8235573646107
93547,1904.8235573646107
93548,1904.8235573646107
93549,1904.8235573646107
93550,1904.8235573646107
93551,1904.8235573646107
93552,1904.8235573646107
93553,1904.8235573646107
93554,1904.8235573646107
93555,1904.8235573646107
93556,1904.8235573646107
93557,1904.8235573646107
93558,1904.8235573646107
93559,1904.8235573646107
93560,1904.8235573646107
93561,1904.8235573646107
93562,1904.8235573646107
93563,1904.8235573646107
93564,1904.8235573646107
93565,1904.8235573646107
93566,1904.8235573646107
93567,1904.8235573646107
93568,1904.8235573646107
93569,1904.8235573646107
93570,1904.8235573646107
93571,1904.8235573646107
93572,1904.8235573646107
93573,1904.8235573646107
93574,1904.8235573646107
93575,1904.8235573646107
93576,1904.8235573646107
93577,1904.8235573646107
93578,1904.8235573646107
93579,1904.8235573646107
93580,1904.8235573646107
93581,1904.8235573646107
93582,1904.8235573646107
93583,1904.8235573646107
93584,1904.8235573646107
93585,1904.8235573646107
93586,1904.8235573646107
93587,1904.8235573646107
93588,1904.8235573646107
93589,1904.8235573646107
93590,1904.8235573646107
93591,1904.8235573646107
93592,1904.8235573646107
93593,1904.8235573646107
93594,1904.8235573646107
93595,1904.8235573646107
93596,1904.8235573646107
93597,1904.8235573646107
93598,1904.8235573646107
93599,1904.8235573646107
93600,1904.8235573646107
93601,1904.8235573646107
93602,1904.8235573646107
93603,1904.8235573646107
93604,1904.8235573646107
93605,1904.8235573646107
93606,1904.8235573646107
93607,1904.8235573646107
93608,1904.8235573646107
93609,1904.8235573646107
93610,1904.8235573646107
93611,1904.8235573646107
93612,1904.8235573646107
93613,1904.8235573646107
93614,1904.8235573646107
93615,1904.8235573646107
93616,1904.8235573646107
93617,1904.8235573646107
93618,1904.8235573646107
93619,1904.8235573646107
93620,1904.8235573646107
93621,1904.8235573646107
93622,1904.8235573646107
93623,1904.8235573646107
93624,1904.8235573646107
93625,1904.8235573646107
93626,1904.8235573646107
93627,1904.8235573646107
93628,1904.8235573646107
93629,1904.8235573646107
93630,1904.8235573646107
93631,1904.8235573646107
93632,1904.8235573646107
93633,1904.8235573646107
93634,1904.8235573646107
93635,1904.8235573646107
93636,1904.8235573646107
93637,1904.8235573646107
93638,1904.8235573646107
93639,1904.8235573646107
93640,1904.8235573646107
93641,1904.8235573646107
93642,1904.8235573646107
93643,1904.8235573646107
93644,1904.8235573646107
93645,1904.8235573646107
93646,1904.8235573646107
93647,1904.8235573646107
93648,1904.8235573646107
93649,1904.8235573646107
93650,1904.8235573646107
93651,1904.8235573646107
93652,1904.8235573646107
93653,1904.8235573646107
93654,1904.8235573646107
93655,1904.8235573646107
93656,1904.8235573646107
93657,1904.8235573646107
93658,1904.8235573646107
93659,1904.8235573646107
93660,1904.8235573646107
93661,1904.8235573646107
93662,1904.8235573646107
93663,1904.8235573646107
93664,1904.8235573646107
93665,1904.8235573646107
93666,1904.8235573646107
93667,1904.8235573646107
93668,1904.8235573646107
93669,1904.8235573646107
93670,1904.8235573646107
93671,1904.8235573646107
93672,1904.8235573646107
93673,1904.8235573646107
93674,1904.8235573646107
93675,1904.8235573646107
93676,1904.8235573646107
93677,1904.8235573646107
93678,1904.8235573646107
93679,1904.8235573646107
93680,1904.8235573646107
93681,1904.8235573646107
93682,1904.8235573646107
93683,1904.8235573646107
93684,1904.8235573646107
93685,1904.8235573646107
93686,1904.8235573646107
93687,1904.8235573646107
93688,1904.8235573646107
93689,1904.8235573646107
93690,1904.8235573646107
93691,1904.8235573646107
93692,1904.8235573646107
93693,1904.8235573646107
93694,1904.8235573646107
93695,1904.8235573646107
93696,1904.8235573646107
93697,1904.8235573646107
93698,1904.8235573646107
93699,1904.8235573646107
93700,1904.8235573646107
93701,1904.8235573646107
93702,1904.8235573646107
93703,1904.8235573646107
93704,1904.8235573646107
93705,1904.8235573646107
93706,1904.8235573646107
93707,1904.8235573646107
93708,1904.8235573646107
93709,1904.8235573646107
93710,1904.8235573646107
93711,1904.8235573646107
93712,1904.8235573646107
93713,1904.8235573646107
93714,1904.8235573646107
93715,1904.8235573646107
93716,1904.8235573646107
93717,1904.8235573646107
93718,1904.8235573646107
93719,1904.8235573646107
93720,1904.8235573646107
93721,1904.8235573646107
93722,1904.8235573646107
93723,1904.8235573646107
93724,1904.8235573646107
93725,1904.8235573646107
93726,1904.8235573646107
93727,1904.8235573646107
93728,1904.8235573646107
93729,1904.8235573646107
93730,1904.8235573646107
93731,1904.8235573646107
93732,1904.8235573646107
93733,1904.8235573646107
93734,1904.8235573646107
93735,1904.8235573646107
93736,1904.8235573646107
93737,1904.8235573646107
93738,1904.8235573646107
93739,1904.8235573646107
93740,1904.8235573646107
93741,1904.8235573646107
93742,1904.8235573646107
93743,1904.8235573646107
93744,1904.8235573646107
93745,1904.8235573646107
93746,1904.8235573646107
93747,1904.8235573646107
93748,1904.8235573646107
93749,1904.8235573646107
93750,1904.8235573646107
93751,1904.8235573646107
93752,1904.8235573646107
93753,1904.8235573646107
93754,1904.8235573646107
93755,1904.8235573646107
93756,1904.8235573646107
93757,1904.8235573646107
93758,1904.8235573646107
93759,1904.8235573646107
93760,1904.8235573646107
93761,1904.8235573646107
93762,1904.8235573646107
93763,1904.8235573646107
93764,1904.8235573646107
93765,1904.8235573646107
93766,1904.8235573646107
93767,1904.8235573646107
93768,1904.8235573646107
93769,1904.8235573646107
93770,1904.8235573646107
93771,1904.8235573646107
93772,1904.8235573646107
93773,1904.8235573646107
93774,1904.8235573646107
93775,1904.8235573646107
93776,1904.8235573646107
93777,1904.8235573646107
93778,1904.8235573646107
93779,1904.8235573646107
93780,1904.8235573646107
93781,1904.8235573646107
93782,1904.8235573646107
93783,1904.8235573646107
93784,1904.8235573646107
93785,1904.8235573646107
93786,1904.8235573646107
93787,1904.8235573646107
93788,1904.8235573646107
93789,1904.8235573646107
93790,1904.8235573646107
93791,1904.8235573646107
93792,1904.8235573646107
93793,1904.8235573646107
93794,1904.8235573646107
93795,1904.8235573646107
93796,1904.8235573646107
93797,1904.8235573646107
93798,1904.8235573646107
93799,1904.8235573646107
93800,1904.8235573646107
93801,1904.8235573646107
93802,1904.8235573646107
93803,1904.8235573646107
93804,1904.8235573646107
93805,1904.8235573646107
93806,1904.8235573646107
93807,1904.8235573646107
93808,1904.8235573646107
93809,1904.8235573646107
93810,1904.8235573646107
93811,1904.8235573646107
93812,1904.8235573646107
93813,1904.8235573646107
93814,1904.8235573646107
93815,1904.8235573646107
93816,1904.8235573646107
93817,1904.8235573646107
93818,1904.8235573646107
93819,1904.8235573646107
93820,1904.8235573646107
93821,1904.8235573646107
93822,1904.8235573646107
93823,1904.8235573646107
93824,1904.8235573646107
93825,1904.8235573646107
93826,1904.8235573646107
93827,1904.8235573646107
93828,1904.8235573646107
93829,1904.8235573646107
93830,1904.8235573646107
93831,1904.8235573646107
93832,1904.8235573646107
93833,1904.8235573646107
93834,1904.8235573646107
93835,1904.8235573646107
93836,1904.8235573646107
93837,1904.8235573646107
93838,1904.8235573646107
93839,1904.8235573646107
93840,1904.8235573646107
93841,1904.8235573646107
93842,1904.8235573646107
93843,1904.8235573646107
93844,1904.8235573646107
93845,1904.8235573646107
93846,1904.8235573646107
93847,1904.8235573646107
93848,1904.8235573646107
93849,1904.8235573646107
93850,1904.8235573646107
93851,1904.8235573646107
93852,1904.8235573646107
93853,1904.8235573646107
93854,1904.8235573646107
93855,1904.8235573646107
93856,1904.8235573646107
93857,1904.8235573646107
93858,1904.8235573646107
93859,1904.8235573646107
93860,1904.8235573646107
93861,1904.8235573646107
93862,1904.8235573646107
93863,1904.8235573646107
93864,1904.8235573646107
93865,1904.8235573646107
93866,1904.8235573646107
93867,1904.8235573646107
93868,1904.8235573646107
93869,1904.8235573646107
93870,1904.8235573646107
93871,1904.8235573646107
93872,1904.8235573646107
93873,1904.8235573646107
93874,1904.8235573646107
93875,1904.8235573646107
93876,1904.8235573646107
93877,1904.8235573646107
93878,1904.8235573646107
93879,1904.8235573646107
93880,1904.8235573646107
93881,1904.8235573646107
93882,1904.8235573646107
93883,1904.8235573646107
93884,1904.8235573646107
93885,1904.8235573646107
93886,1904.8235573646107
93887,1904.8235573646107
93888,1904.8235573646107
93889,1904.8235573646107
93890,1904.8235573646107
93891,1904.8235573646107
93892,1904.8235573646107
93893,1904.8235573646107
93894,1904.8235573646107
93895,1904.8235573646107
93896,1904.8235573646107
93897,1904.8235573646107
93898,1904.8235573646107
93899,1904.8235573646107
93900,1904.8235573646107
93901,1904.8235573646107
93902,1904.8235573646107
93903,1904.8235573646107
93904,1904.8235573646107
93905,1904.8235573646107
93906,1904.8235573646107
93907,1904.8235573646107
93908,1904.8235573646107
93909,1904.8235573646107
93910,1904.8235573646107
93911,1904.8235573646107
93912,1904.8235573646107
93913,1904.8235573646107
93914,1904.8235573646107
93915,1904.8235573646107
93916,1904.8235573646107
93917,1904.8235573646107
93918,1904.8235573646107
93919,1904.8235573646107
93920,1904.8235573646107
93921,1904.8235573646107
93922,1904.8235573646107
93923,1904.8235573646107
93924,1904.8235573646107
93925,1904.8235573646107
93926,1904.8235573646107
93927,1904.8235573646107
93928,1904.8235573646107
93929,1904.8235573646107
93930,1904.8235573646107
93931,1904.8235573646107
93932,1904.8235573646107
93933,1904.8235573646107
93934,1904.8235573646107
93935,1904.8235573646107
93936,1904.8235573646107
93937,1904.8235573646107
93938,1904.8235573646107
93939,1904.8235573646107
93940,1904.8235573646107
93941,1904.8235573646107
93942,1904.8235573646107
93943,1904.8235573646107
93944,1904.8235573646107
93945,1904.8235573646107
93946,1904.8235573646107
93947,1904.8235573646107
93948,1904.8235573646107
93949,1904.8235573646107
93950,1904.8235573646107
93951,1904.8235573646107
93952,1904.8235573646107
93953,1904.8235573646107
93954,1904.8235573646107
93955,1904.8235573646107
93956,1904.8235573646107
93957,1904.8235573646107
93958,1904.8235573646107
93959,1904.8235573646107
93960,1904.8235573646107
93961,1904.8235573646107
93962,1904.8235573646107
93963,1904.8235573646107
93964,1904.8235573646107
93965,1904.8235573646107
93966,1904.8235573646107
93967,1904.8235573646107
93968,1904.8235573646107
93969,1904.8235573646107
93970,1904.8235573646107
93971,1904.8235573646107
93972,1904.8235573646107
93973,1904.8235573646107
93974,1904.8235573646107
93975,1904.8235573646107
93976,1904.8235573646107
93977,1904.8235573646107
93978,1904.8235573646107
93979,1904.8235573646107
93980,1904.8235573646107
93981,1904.8235573646107
93982,1904.8235573646107
93983,1904.8235573646107
93984,1904.8235573646107
93985,1904.8235573646107
93986,1904.8235573646107
93987,1904.8235573646107
93988,1904.8235573646107
93989,1904.8235573646107
93990,1904.8235573646107
93991,1904.8235573646107
93992,1904.8235573646107
93993,1904.8235573646107
93994,1904.8235573646107
93995,1904.8235573646107
93996,1904.8235573646107
93997,1904.8235573646107
93998,1904.8235573646107
93999,1904.8235573646107
94000,1904.8235573646107
94001,1904.8235573646107
94002,1904.8235573646107
94003,1904.8235573646107
94004,1904.8235573646107
94005,1904.8235573646107
94006,1904.8235573646107
94007,1904.8235573646107
94008,1904.8235573646107
94009,1904.8235573646107
94010,1904.8235573646107
94011,1904.8235573646107
94012,1904.8235573646107
94013,1904.8235573646107
94014,1904.8235573646107
94015,1904.8235573646107
94016,1904.8235573646107
94017,1904.8235573646107
94018,1904.8235573646107
94019,1904.8235573646107
94020,1904.8235573646107
94021,1904.8235573646107
94022,1904.8235573646107
94023,1904.8235573646107
94024,1904.8235573646107
94025,1904.8235573646107
94026,1904.8235573646107
94027,1904.8235573646107
94028,1904.8235573646107
94029,1904.8235573646107
94030,1904.8235573646107
94031,1904.8235573646107
94032,1904.8235573646107
94033,1904.8235573646107
94034,1904.8235573646107
94035,1904.8235573646107
94036,1904.8235573646107
94037,1904.8235573646107
94038,1904.8235573646107
94039,1904.8235573646107
94040,1904.8235573646107
94041,1904.8235573646107
94042,1904.8235573646107
94043,1904.8235573646107
94044,1904.8235573646107
94045,1904.8235573646107
94046,1904.8235573646107
94047,1904.8235573646107
94048,1904.8235573646107
94049,1904.8235573646107
94050,1904.8235573646107
94051,1904.8235573646107
94052,1904.8235573646107
94053,1904.8235573646107
94054,1904.8235573646107
94055,1904.8235573646107
94056,1904.8235573646107
94057,1904.8235573646107
94058,1904.8235573646107
94059,1904.8235573646107
94060,1904.8235573646107
94061,1904.8235573646107
94062,1904.8235573646107
94063,1904.8235573646107
94064,1904.8235573646107
94065,1904.8235573646107
94066,1904.8235573646107
94067,1904.8235573646107
94068,1904.8235573646107
94069,1904.8235573646107
94070,1904.8235573646107
94071,1904.8235573646107
94072,1904.8235573646107
94073,1904.8235573646107
94074,1904.8235573646107
94075,1904.8235573646107
94076,1904.8235573646107
94077,1904.8235573646107
94078,1904.8235573646107
94079,1904.8235573646107
94080,1904.8235573646107
94081,1904.8235573646107
94082,1904.8235573646107
94083,1904.8235573646107
94084,1904.8235573646107
94085,1904.8235573646107
94086,1904.8235573646107
94087,1904.8235573646107
94088,1904.8235573646107
94089,1904.8235573646107
94090,1904.8235573646107
94091,1904.8235573646107
94092,1904.8235573646107
94093,1904.8235573646107
94094,1904.8235573646107
94095,1904.8235573646107
94096,1904.8235573646107
94097,1904.8235573646107
94098,1904.8235573646107
94099,1904.8235573646107
94100,1904.8235573646107
94101,1904.8235573646107
94102,1904.8235573646107
94103,1904.8235573646107
94104,1904.8235573646107
94105,1904.8235573646107
94106,1904.8235573646107
94107,1904.8235573646107
94108,1904.8235573646107
94109,1904.8235573646107
94110,1904.8235573646107
94111,1904.8235573646107
94112,1904.8235573646107
94113,1904.8235573646107
94114,1904.8235573646107
94115,1904.8235573646107
94116,1904.8235573646107
94117,1904.8235573646107
94118,1904.8235573646107
94119,1904.8235573646107
94120,1904.8235573646107
94121,1904.8235573646107
94122,1904.8235573646107
94123,1904.8235573646107
94124,1904.8235573646107
94125,1904.8235573646107
94126,1904.8235573646107
94127,1904.8235573646107
94128,1904.8235573646107
94129,1904.8235573646107
94130,1904.8235573646107
94131,1904.8235573646107
94132,1904.8235573646107
94133,1904.8235573646107
94134,1904.8235573646107
94135,1904.8235573646107
94136,1904.8235573646107
94137,1904.8235573646107
94138,1904.8235573646107
94139,1904.8235573646107
94140,1904.8235573646107
94141,1904.8235573646107
94142,1904.8235573646107
94143,1904.8235573646107
94144,1904.8235573646107
94145,1904.8235573646107
94146,1904.8235573646107
94147,1904.8235573646107
94148,1904.8235573646107
94149,1904.8235573646107
94150,1904.8235573646107
94151,1904.8235573646107
94152,1904.8235573646107
94153,1904.8235573646107
94154,1904.8235573646107
94155,1904.8235573646107
94156,1904.8235573646107
94157,1904.8235573646107
94158,1904.8235573646107
94159,1904.8235573646107
94160,1904.8235573646107
94161,1904.8235573646107
94162,1904.8235573646107
94163,1904.8235573646107
94164,1904.8235573646107
94165,1904.8235573646107
94166,1904.8235573646107
94167,1904.8235573646107
94168,1904.8235573646107
94169,1904.8235573646107
94170,1904.8235573646107
94171,1904.8235573646107
94172,1904.8235573646107
94173,1904.8235573646107
94174,1904.8235573646107
94175,1904.8235573646107
94176,1904.8235573646107
94177,1904.8235573646107
94178,1904.8235573646107
94179,1904.8235573646107
94180,1904.8235573646107
94181,1904.8235573646107
94182,1904.8235573646107
94183,1904.8235573646107
94184,1904.8235573646107
94185,1904.8235573646107
94186,1904.8235573646107
94187,1904.8235573646107
94188,1904.8235573646107
94189,1904.8235573646107
94190,1904.8235573646107
94191,1904.8235573646107
94192,1904.8235573646107
94193,1904.8235573646107
94194,1904.8235573646107
94195,1904.8235573646107
94196,1904.8235573646107
94197,1904.8235573646107
94198,1904.8235573646107
94199,1904.8235573646107
94200,1904.8235573646107
94201,1904.8235573646107
94202,1904.8235573646107
94203,1904.8235573646107
94204,1904.8235573646107
94205,1904.8235573646107
94206,1904.8235573646107
94207,1904.8235573646107
94208,1904.8235573646107
94209,1904.8235573646107
94210,1904.8235573646107
94211,1904.8235573646107
94212,1904.8235573646107
94213,1904.8235573646107
94214,1904.8235573646107
94215,1904.8235573646107
94216,1904.8235573646107
94217,1904.8235573646107
94218,1904.8235573646107
94219,1904.8235573646107
94220,1904.8235573646107
94221,1904.8235573646107
94222,1904.8235573646107
94223,1904.8235573646107
94224,1904.8235573646107
94225,1904.8235573646107
94226,1904.8235573646107
94227,1904.8235573646107
94228,1904.8235573646107
94229,1904.8235573646107
94230,1904.8235573646107
94231,1904.8235573646107
94232,1904.8235573646107
94233,1904.8235573646107
94234,1904.8235573646107
94235,1904.8235573646107
94236,1904.8235573646107
94237,1904.8235573646107
94238,1904.8235573646107
94239,1904.8235573646107
94240,1904.8235573646107
94241,1904.8235573646107
94242,1904.8235573646107
94243,1904.8235573646107
94244,1904.8235573646107
94245,1904.8235573646107
94246,1904.8235573646107
94247,1904.8235573646107
94248,1904.8235573646107
94249,1904.8235573646107
94250,1904.8235573646107
94251,1904.8235573646107
94252,1904.8235573646107
94253,1904.8235573646107
94254,1904.8235573646107
94255,1904.8235573646107
94256,1904.8235573646107
94257,1904.8235573646107
94258,1904.8235573646107
94259,1904.8235573646107
94260,1904.8235573646107
94261,1904.8235573646107
94262,1904.8235573646107
94263,1904.8235573646107
94264,1904.8235573646107
94265,1904.8235573646107
94266,1904.8235573646107
94267,1904.8235573646107
94268,1904.8235573646107
94269,1904.8235573646107
94270,1904.8235573646107
94271,1904.8235573646107
94272,1904.8235573646107
94273,1904.8235573646107
94274,1904.8235573646107
94275,1904.8235573646107
94276,1904.8235573646107
94277,1904.8235573646107
94278,1904.8235573646107
94279,1904.8235573646107
94280,1904.8235573646107
94281,1904.8235573646107
94282,1904.8235573646107
94283,1904.8235573646107
94284,1904.8235573646107
94285,1904.8235573646107
94286,1904.8235573646107
94287,1904.8235573646107
94288,1904.8235573646107
94289,1904.8235573646107
94290,1904.8235573646107
94291,1904.8235573646107
94292,1904.8235573646107
94293,1904.8235573646107
94294,1904.8235573646107
94295,1904.8235573646107
94296,1904.8235573646107
94297,1904.8235573646107
94298,1904.8235573646107
94299,1904.8235573646107
94300,1904.8235573646107
94301,1904.8235573646107
94302,1904.8235573646107
94303,1904.8235573646107
94304,1904.8235573646107
94305,1904.8235573646107
94306,1904.8235573646107
94307,1904.8235573646107
94308,1904.8235573646107
94309,1904.8235573646107
94310,1904.8235573646107
94311,1904.8235573646107
94312,1904.8235573646107
94313,1904.8235573646107
94314,1904.8235573646107
94315,1904.8235573646107
94316,1904.8235573646107
94317,1904.8235573646107
94318,1904.8235573646107
94319,1904.8235573646107
94320,1904.8235573646107
94321,1904.8235573646107
94322,1904.8235573646107
94323,1904.8235573646107
94324,1904.8235573646107
94325,1904.8235573646107
94326,1904.8235573646107
94327,1904.8235573646107
94328,1904.8235573646107
94329,1904.8235573646107
94330,1904.8235573646107
94331,1904.8235573646107
94332,1904.8235573646107
94333,1904.8235573646107
94334,1904.8235573646107
94335,1904.8235573646107
94336,1904.8235573646107
94337,1904.8235573646107
94338,1904.8235573646107
94339,1904.8235573646107
94340,1904.8235573646107
94341,1904.8235573646107
94342,1904.8235573646107
94343,1904.8235573646107
94344,1904.8235573646107
94345,1904.8235573646107
94346,1904.8235573646107
94347,1904.8235573646107
94348,1904.8235573646107
94349,1904.8235573646107
94350,1904.8235573646107
94351,1904.8235573646107
94352,1904.8235573646107
94353,1904.8235573646107
94354,1904.8235573646107
94355,1904.8235573646107
94356,1904.8235573646107
94357,1904.8235573646107
94358,1904.8235573646107
94359,1904.8235573646107
94360,1904.8235573646107
94361,1904.8235573646107
94362,1904.8235573646107
94363,1904.8235573646107
94364,1904.8235573646107
94365,1904.8235573646107
94366,1904.8235573646107
94367,1904.8235573646107
94368,1904.8235573646107
94369,1904.8235573646107
94370,1904.8235573646107
94371,1904.8235573646107
94372,1904.8235573646107
94373,1904.8235573646107
94374,1904.8235573646107
94375,1904.8235573646107
94376,1904.8235573646107
94377,1904.8235573646107
94378,1904.8235573646107
94379,1904.8235573646107
94380,1904.8235573646107
94381,1904.8235573646107
94382,1904.8235573646107
94383,1904.8235573646107
94384,1904.8235573646107
94385,1904.8235573646107
94386,1904.8235573646107
94387,1904.8235573646107
94388,1904.8235573646107
94389,1904.8235573646107
94390,1904.8235573646107
94391,1904.8235573646107
94392,1904.8235573646107
94393,1904.8235573646107
94394,1904.8235573646107
94395,1904.8235573646107
94396,1904.8235573646107
94397,1904.8235573646107
94398,1904.8235573646107
94399,1904.8235573646107
94400,1904.8235573646107
94401,1904.8235573646107
94402,1904.8235573646107
94403,1904.8235573646107
94404,1904.8235573646107
94405,1904.8235573646107
94406,1904.8235573646107
94407,1904.8235573646107
94408,1904.8235573646107
94409,1904.8235573646107
94410,1904.8235573646107
94411,1904.8235573646107
94412,1904.8235573646107
94413,1904.8235573646107
94414,1904.8235573646107
94415,1904.8235573646107
94416,1904.8235573646107
94417,1904.8235573646107
94418,1904.8235573646107
94419,1904.8235573646107
94420,1904.8235573646107
94421,1904.8235573646107
94422,1904.8235573646107
94423,1904.8235573646107
94424,1904.8235573646107
94425,1904.8235573646107
94426,1904.8235573646107
94427,1904.8235573646107
94428,1904.8235573646107
94429,1904.8235573646107
94430,1904.8235573646107
94431,1904.8235573646107
94432,1904.8235573646107
94433,1904.8235573646107
94434,1904.8235573646107
94435,1904.8235573646107
94436,1904.8235573646107
94437,1904.8235573646107
94438,1904.8235573646107
94439,1904.8235573646107
94440,1904.8235573646107
94441,1904.8235573646107
94442,1904.8235573646107
94443,1904.8235573646107
94444,1904.8235573646107
94445,1904.8235573646107
94446,1904.8235573646107
94447,1904.8235573646107
94448,1904.8235573646107
94449,1904.8235573646107
94450,1904.8235573646107
94451,1904.8235573646107
94452,1904.8235573646107
94453,1904.8235573646107
94454,1904.8235573646107
94455,1904.8235573646107
94456,1904.8235573646107
94457,1904.8235573646107
94458,1904.8235573646107
94459,1904.8235573646107
94460,1904.8235573646107
94461,1904.8235573646107
94462,1904.8235573646107
94463,1904.8235573646107
94464,1904.8235573646107
94465,1904.8235573646107
94466,1904.8235573646107
94467,1904.8235573646107
94468,1904.8235573646107
94469,1904.8235573646107
94470,1904.8235573646107
94471,1904.8235573646107
94472,1904.8235573646107
94473,1904.8235573646107
94474,1904.8235573646107
94475,1904.8235573646107
94476,1904.8235573646107
94477,1904.8235573646107
94478,1904.8235573646107
94479,1904.8235573646107
94480,1904.8235573646107
94481,1904.8235573646107
94482,1904.8235573646107
94483,1904.8235573646107
94484,1904.8235573646107
94485,1904.8235573646107
94486,1904.8235573646107
94487,1904.8235573646107
94488,1904.8235573646107
94489,1904.8235573646107
94490,1904.8235573646107
94491,1904.8235573646107
94492,1904.8235573646107
94493,1904.8235573646107
94494,1904.8235573646107
94495,1904.8235573646107
94496,1904.8235573646107
94497,1904.8235573646107
94498,1904.8235573646107
94499,1904.8235573646107
94500,1904.8235573646107
94501,1904.8235573646107
94502,1904.8235573646107
94503,1904.8235573646107
94504,1904.8235573646107
94505,1904.8235573646107
94506,1904.8235573646107
94507,1904.8235573646107
94508,1904.8235573646107
94509,1904.8235573646107
94510,1904.8235573646107
94511,1904.8235573646107
94512,1904.8235573646107
94513,1904.8235573646107
94514,1904.8235573646107
94515,1904.8235573646107
94516,1904.8235573646107
94517,1904.8235573646107
94518,1904.8235573646107
94519,1904.8235573646107
94520,1904.8235573646107
94521,1904.8235573646107
94522,1904.8235573646107
94523,1904.8235573646107
94524,1904.8235573646107
94525,1904.8235573646107
94526,1904.8235573646107
94527,1904.8235573646107
94528,1904.8235573646107
94529,1904.8235573646107
94530,1904.8235573646107
94531,1904.8235573646107
94532,1904.8235573646107
94533,1904.8235573646107
94534,1904.8235573646107
94535,1904.8235573646107
94536,1904.8235573646107
94537,1904.8235573646107
94538,1904.8235573646107
94539,1904.8235573646107
94540,1904.8235573646107
94541,1904.8235573646107
94542,1904.8235573646107
94543,1904.8235573646107
94544,1904.8235573646107
94545,1904.8235573646107
94546,1904.8235573646107
94547,1904.8235573646107
94548,1904.8235573646107
94549,1904.8235573646107
94550,1904.8235573646107
94551,1904.8235573646107
94552,1904.8235573646107
94553,1904.8235573646107
94554,1904.8235573646107
94555,1904.8235573646107
94556,1904.8235573646107
94557,1904.8235573646107
94558,1904.8235573646107
94559,1904.8235573646107
94560,1904.8235573646107
94561,1904.8235573646107
94562,1904.8235573646107
94563,1904.8235573646107
94564,1904.8235573646107
94565,1904.8235573646107
94566,1904.8235573646107
94567,1904.8235573646107
94568,1904.8235573646107
94569,1904.8235573646107
94570,1904.8235573646107
94571,1904.8235573646107
94572,1904.8235573646107
94573,1904.8235573646107
94574,1904.8235573646107
94575,1904.8235573646107
94576,1904.8235573646107
94577,1904.8235573646107
94578,1904.8235573646107
94579,1904.8235573646107
94580,1904.8235573646107
94581,1904.8235573646107
94582,1904.8235573646107
94583,1904.8235573646107
94584,1904.8235573646107
94585,1904.8235573646107
94586,1904.8235573646107
94587,1904.8235573646107
94588,1904.8235573646107
94589,1904.8235573646107
94590,1904.8235573646107
94591,1904.8235573646107
94592,1904.8235573646107
94593,1904.8235573646107
94594,1904.8235573646107
94595,1904.8235573646107
94596,1904.8235573646107
94597,1904.8235573646107
94598,1904.8235573646107
94599,1904.8235573646107
94600,1904.8235573646107
94601,1904.8235573646107
94602,1904.8235573646107
94603,1904.8235573646107
94604,1904.8235573646107
94605,1904.8235573646107
94606,1904.8235573646107
94607,1904.8235573646107
94608,1904.8235573646107
94609,1904.8235573646107
94610,1904.8235573646107
94611,1904.8235573646107
94612,1904.8235573646107
94613,1904.8235573646107
94614,1904.8235573646107
94615,1904.8235573646107
94616,1904.8235573646107
94617,1904.8235573646107
94618,1904.8235573646107
94619,1904.8235573646107
94620,1904.8235573646107
94621,1904.8235573646107
94622,1904.8235573646107
94623,1904.8235573646107
94624,1904.8235573646107
94625,1904.8235573646107
94626,1904.8235573646107
94627,1904.8235573646107
94628,1904.8235573646107
94629,1904.8235573646107
94630,1904.8235573646107
94631,1904.8235573646107
94632,1904.8235573646107
94633,1904.8235573646107
94634,1904.8235573646107
94635,1904.8235573646107
94636,1904.8235573646107
94637,1904.8235573646107
94638,1904.8235573646107
94639,1904.8235573646107
94640,1904.8235573646107
94641,1904.8235573646107
94642,1904.8235573646107
94643,1904.8235573646107
94644,1904.8235573646107
94645,1904.8235573646107
94646,1904.8235573646107
94647,1904.8235573646107
94648,1904.8235573646107
94649,1904.8235573646107
94650,1904.8235573646107
94651,1904.8235573646107
94652,1904.8235573646107
94653,1904.8235573646107
94654,1904.8235573646107
94655,1904.8235573646107
94656,1904.8235573646107
94657,1904.8235573646107
94658,1904.8235573646107
94659,1904.8235573646107
94660,1904.8235573646107
94661,1904.8235573646107
94662,1904.8235573646107
94663,1904.8235573646107
94664,1904.8235573646107
94665,1904.8235573646107
94666,1904.8235573646107
94667,1904.8235573646107
94668,1904.8235573646107
94669,1904.8235573646107
94670,1904.8235573646107
94671,1904.8235573646107
94672,1904.8235573646107
94673,1904.8235573646107
94674,1904.8235573646107
94675,1904.8235573646107
94676,1904.8235573646107
94677,1904.8235573646107
94678,1904.8235573646107
94679,1904.8235573646107
94680,1904.8235573646107
94681,1904.8235573646107
94682,1904.8235573646107
94683,1904.8235573646107
94684,1904.8235573646107
94685,1904.8235573646107
94686,1904.8235573646107
94687,1904.8235573646107
94688,1904.8235573646107
94689,1904.8235573646107
94690,1904.8235573646107
94691,1904.8235573646107
94692,1904.8235573646107
94693,1904.8235573646107
94694,1904.8235573646107
94695,1904.8235573646107
94696,1904.8235573646107
94697,1904.8235573646107
94698,1904.8235573646107
94699,1904.8235573646107
94700,1904.8235573646107
94701,1904.8235573646107
94702,1904.8235573646107
94703,1904.8235573646107
94704,1904.8235573646107
94705,1904.8235573646107
94706,1904.8235573646107
94707,1904.8235573646107
94708,1904.8235573646107
94709,1904.8235573646107
94710,1904.8235573646107
94711,1904.8235573646107
94712,1904.8235573646107
94713,1904.8235573646107
94714,1904.8235573646107
94715,1904.8235573646107
94716,1904.8235573646107
94717,1904.8235573646107
94718,1904.8235573646107
94719,1904.8235573646107
94720,1904.8235573646107
94721,1904.8235573646107
94722,1904.8235573646107
94723,1904.8235573646107
94724,1904.8235573646107
94725,1904.8235573646107
94726,1904.8235573646107
94727,1904.8235573646107
94728,1904.8235573646107
94729,1904.8235573646107
94730,1904.8235573646107
94731,1904.8235573646107
94732,1904.8235573646107
94733,1904.8235573646107
94734,1904.8235573646107
94735,1904.8235573646107
94736,1904.8235573646107
94737,1904.8235573646107
94738,1904.8235573646107
94739,1904.8235573646107
94740,1904.8235573646107
94741,1904.8235573646107
94742,1904.8235573646107
94743,1904.8235573646107
94744,1904.8235573646107
94745,1904.8235573646107
94746,1904.8235573646107
94747,1904.8235573646107
94748,1904.8235573646107
94749,1904.8235573646107
94750,1904.8235573646107
94751,1904.8235573646107
94752,1904.8235573646107
94753,1904.8235573646107
94754,1904.8235573646107
94755,1904.8235573646107
94756,1904.8235573646107
94757,1904.8235573646107
94758,1904.8235573646107
94759,1904.8235573646107
94760,1904.8235573646107
94761,1904.8235573646107
94762,1904.8235573646107
94763,1904.8235573646107
94764,1904.8235573646107
94765,1904.8235573646107
94766,1904.8235573646107
94767,1904.8235573646107
94768,1904.8235573646107
94769,1904.8235573646107
94770,1904.8235573646107
94771,1904.8235573646107
94772,1904.8235573646107
94773,1904.8235573646107
94774,1904.8235573646107
94775,1904.8235573646107
94776,1904.8235573646107
94777,1904.8235573646107
94778,1904.8235573646107
94779,1904.8235573646107
94780,1904.8235573646107
94781,1904.8235573646107
94782,1904.8235573646107
94783,1904.8235573646107
94784,1904.8235573646107
94785,1904.8235573646107
94786,1904.8235573646107
94787,1904.8235573646107
94788,1904.8235573646107
94789,1904.8235573646107
94790,1904.8235573646107
94791,1904.8235573646107
94792,1904.8235573646107
94793,1904.8235573646107
94794,1904.8235573646107
94795,1904.8235573646107
94796,1904.8235573646107
94797,1904.8235573646107
94798,1904.8235573646107
94799,1904.8235573646107
94800,1904.8235573646107
94801,1904.8235573646107
94802,1904.8235573646107
94803,1904.8235573646107
94804,1904.8235573646107
94805,1904.8235573646107
94806,1904.8235573646107
94807,1904.8235573646107
94808,1904.8235573646107
94809,1904.8235573646107
94810,1904.8235573646107
94811,1904.8235573646107
94812,1904.8235573646107
94813,1904.8235573646107
94814,1904.8235573646107
94815,1904.8235573646107
94816,1904.8235573646107
94817,1904.8235573646107
94818,1904.8235573646107
94819,1904.8235573646107
94820,1904.8235573646107
94821,1904.8235573646107
94822,1904.8235573646107
94823,1904.8235573646107
94824,1904.8235573646107
94825,1904.8235573646107
94826,1904.8235573646107
94827,1904.8235573646107
94828,1904.8235573646107
94829,1904.8235573646107
94830,1904.8235573646107
94831,1904.8235573646107
94832,1904.8235573646107
94833,1904.8235573646107
94834,1904.8235573646107
94835,1904.8235573646107
94836,1904.8235573646107
94837,1904.8235573646107
94838,1904.8235573646107
94839,1904.8235573646107
94840,1904.8235573646107
94841,1904.8235573646107
94842,1904.8235573646107
94843,1904.8235573646107
94844,1904.8235573646107
94845,1904.8235573646107
94846,1904.8235573646107
94847,1904.8235573646107
94848,1904.8235573646107
94849,1904.8235573646107
94850,1904.8235573646107
94851,1904.8235573646107
94852,1904.8235573646107
94853,1904.8235573646107
94854,1904.8235573646107
94855,1904.8235573646107
94856,1904.8235573646107
94857,1904.8235573646107
94858,1904.8235573646107
94859,1904.8235573646107
94860,1904.8235573646107
94861,1904.8235573646107
94862,1904.8235573646107
94863,1904.8235573646107
94864,1904.8235573646107
94865,1904.8235573646107
94866,1904.8235573646107
94867,1904.8235573646107
94868,1904.8235573646107
94869,1904.8235573646107
94870,1904.8235573646107
94871,1904.8235573646107
94872,1904.8235573646107
94873,1904.8235573646107
94874,1904.8235573646107
94875,1904.8235573646107
94876,1904.8235573646107
94877,1904.8235573646107
94878,1904.8235573646107
94879,1904.8235573646107
94880,1904.8235573646107
94881,1904.8235573646107
94882,1904.8235573646107
94883,1904.8235573646107
94884,1904.8235573646107
94885,1904.8235573646107
94886,1904.8235573646107
94887,1904.8235573646107
94888,1904.8235573646107
94889,1904.8235573646107
94890,1904.8235573646107
94891,1904.8235573646107
94892,1904.8235573646107
94893,1904.8235573646107
94894,1904.8235573646107
94895,1904.8235573646107
94896,1904.8235573646107
94897,1904.8235573646107
94898,1904.8235573646107
94899,1904.8235573646107
94900,1904.8235573646107
94901,1904.8235573646107
94902,1904.8235573646107
94903,1904.8235573646107
94904,1904.8235573646107
94905,1904.8235573646107
94906,1904.8235573646107
94907,1904.8235573646107
94908,1904.8235573646107
94909,1904.8235573646107
94910,1904.8235573646107
94911,1904.8235573646107
94912,1904.8235573646107
94913,1904.8235573646107
94914,1904.8235573646107
94915,1904.8235573646107
94916,1904.8235573646107
94917,1904.8235573646107
94918,1904.8235573646107
94919,1904.8235573646107
94920,1904.8235573646107
94921,1904.8235573646107
94922,1904.8235573646107
94923,1904.8235573646107
94924,1904.8235573646107
94925,1904.8235573646107
94926,1904.8235573646107
94927,1904.8235573646107
94928,1904.8235573646107
94929,1904.8235573646107
94930,1904.8235573646107
94931,1904.8235573646107
94932,1904.8235573646107
94933,1904.8235573646107
94934,1904.8235573646107
94935,1904.8235573646107
94936,1904.8235573646107
94937,1904.8235573646107
94938,1904.8235573646107
94939,1904.8235573646107
94940,1904.8235573646107
94941,1904.8235573646107
94942,1904.8235573646107
94943,1904.8235573646107
94944,1904.8235573646107
94945,1904.8235573646107
94946,1904.8235573646107
94947,1904.8235573646107
94948,1904.8235573646107
94949,1904.8235573646107
94950,1904.8235573646107
94951,1904.8235573646107
94952,1904.8235573646107
94953,1904.8235573646107
94954,1904.8235573646107
94955,1904.8235573646107
94956,1904.8235573646107
94957,1904.8235573646107
94958,1904.8235573646107
94959,1904.8235573646107
94960,1904.8235573646107
94961,1904.8235573646107
94962,1904.8235573646107
94963,1904.8235573646107
94964,1904.8235573646107
94965,1904.8235573646107
94966,1904.8235573646107
94967,1904.8235573646107
94968,1904.8235573646107
94969,1904.8235573646107
94970,1904.8235573646107
94971,1904.8235573646107
94972,1904.8235573646107
94973,1904.8235573646107
94974,1904.8235573646107
94975,1904.8235573646107
94976,1904.8235573646107
94977,1904.8235573646107
94978,1904.8235573646107
94979,1904.8235573646107
94980,1904.8235573646107
94981,1904.8235573646107
94982,1904.8235573646107
94983,1904.8235573646107
94984,1904.8235573646107
94985,1904.8235573646107
94986,1904.8235573646107
94987,1904.8235573646107
94988,1904.8235573646107
94989,1904.8235573646107
94990,1904.8235573646107
94991,1904.8235573646107
94992,1904.8235573646107
94993,1904.8235573646107
94994,1904.8235573646107
94995,1904.8235573646107
94996,1904.8235573646107
94997,1904.8235573646107
94998,1904.8235573646107
94999,1904.8235573646107
95000,1904.8235573646107
95001,1904.8235573646107
95002,1904.8235573646107
95003,1904.8235573646107
95004,1904.8235573646107
95005,1904.8235573646107
95006,1904.8235573646107
95007,1904.8235573646107
95008,1904.8235573646107
95009,1904.8235573646107
95010,1904.8235573646107
95011,1904.8235573646107
95012,1904.8235573646107
95013,1904.8235573646107
95014,1904.8235573646107
95015,1904.8235573646107
95016,1904.8235573646107
95017,1904.8235573646107
95018,1904.8235573646107
95019,1904.8235573646107
95020,1904.8235573646107
95021,1904.8235573646107
95022,1904.8235573646107
95023,1904.8235573646107
95024,1904.8235573646107
95025,1904.8235573646107
95026,1904.8235573646107
95027,1904.8235573646107
95028,1904.8235573646107
95029,1904.8235573646107
95030,1904.8235573646107
95031,1904.8235573646107
95032,1904.8235573646107
95033,1904.8235573646107
95034,1904.8235573646107
95035,1904.8235573646107
95036,1904.8235573646107
95037,1904.8235573646107
95038,1904.8235573646107
95039,1904.8235573646107
95040,1904.8235573646107
95041,1904.8235573646107
95042,1904.8235573646107
95043,1904.8235573646107
95044,1904.8235573646107
95045,1904.8235573646107
95046,1904.8235573646107
95047,1904.8235573646107
95048,1904.8235573646107
95049,1904.8235573646107
95050,1904.8235573646107
95051,1904.8235573646107
95052,1904.8235573646107
95053,1904.8235573646107
95054,1904.8235573646107
95055,1904.8235573646107
95056,1904.8235573646107
95057,1904.8235573646107
95058,1904.8235573646107
95059,1904.8235573646107
95060,1904.8235573646107
95061,1904.8235573646107
95062,1904.8235573646107
95063,1904.8235573646107
95064,1904.8235573646107
95065,1904.8235573646107
95066,1904.8235573646107
95067,1904.8235573646107
95068,1904.8235573646107
95069,1904.8235573646107
95070,1904.8235573646107
95071,1904.8235573646107
95072,1904.8235573646107
95073,1904.8235573646107
95074,1904.8235573646107
95075,1904.8235573646107
95076,1904.8235573646107
95077,1904.8235573646107
95078,1904.8235573646107
95079,1904.8235573646107
95080,1904.8235573646107
95081,1904.8235573646107
95082,1904.8235573646107
95083,1904.8235573646107
95084,1904.8235573646107
95085,1904.8235573646107
95086,1904.8235573646107
95087,1904.8235573646107
95088,1904.8235573646107
95089,1904.8235573646107
95090,1904.8235573646107
95091,1904.8235573646107
95092,1904.8235573646107
95093,1904.8235573646107
95094,1904.8235573646107
95095,1904.8235573646107
95096,1904.8235573646107
95097,1904.8235573646107
95098,1904.8235573646107
95099,1904.8235573646107
95100,1904.8235573646107
95101,1904.8235573646107
95102,1904.8235573646107
95103,1904.8235573646107
95104,1904.8235573646107
95105,1904.8235573646107
95106,1904.8235573646107
95107,1904.8235573646107
95108,1904.8235573646107
95109,1904.8235573646107
95110,1904.8235573646107
95111,1904.8235573646107
95112,1904.8235573646107
95113,1904.8235573646107
95114,1904.8235573646107
95115,1904.8235573646107
95116,1904.8235573646107
95117,1904.8235573646107
95118,1904.8235573646107
95119,1904.8235573646107
95120,1904.8235573646107
95121,1904.8235573646107
95122,1904.8235573646107
95123,1904.8235573646107
95124,1904.8235573646107
95125,1904.8235573646107
95126,1904.8235573646107
95127,1904.8235573646107
95128,1904.8235573646107
95129,1904.8235573646107
95130,1904.8235573646107
95131,1904.8235573646107
95132,1904.8235573646107
95133,1904.8235573646107
95134,1904.8235573646107
95135,1904.8235573646107
95136,1904.8235573646107
95137,1904.8235573646107
95138,1904.8235573646107
95139,1904.8235573646107
95140,1904.8235573646107
95141,1904.8235573646107
95142,1904.8235573646107
95143,1904.8235573646107
95144,1904.8235573646107
95145,1904.8235573646107
95146,1904.8235573646107
95147,1904.8235573646107
95148,1904.8235573646107
95149,1904.8235573646107
95150,1904.8235573646107
95151,1904.8235573646107
95152,1904.8235573646107
95153,1904.8235573646107
95154,1904.8235573646107
95155,1904.8235573646107
95156,1904.8235573646107
95157,1904.8235573646107
95158,1904.8235573646107
95159,1904.8235573646107
95160,1904.8235573646107
95161,1904.8235573646107
95162,1904.8235573646107
95163,1904.8235573646107
95164,1904.8235573646107
95165,1904.8235573646107
95166,1904.8235573646107
95167,1904.8235573646107
95168,1904.8235573646107
95169,1904.8235573646107
95170,1904.8235573646107
95171,1904.8235573646107
95172,1904.8235573646107
95173,1904.8235573646107
95174,1904.8235573646107
95175,1904.8235573646107
95176,1904.8235573646107
95177,1904.8235573646107
95178,1904.8235573646107
95179,1904.8235573646107
95180,1904.8235573646107
95181,1904.8235573646107
95182,1904.8235573646107
95183,1904.8235573646107
95184,1904.8235573646107
95185,1904.8235573646107
95186,1904.8235573646107
95187,1904.8235573646107
95188,1904.8235573646107
95189,1904.8235573646107
95190,1904.8235573646107
95191,1904.8235573646107
95192,1904.8235573646107
95193,1904.8235573646107
95194,1904.8235573646107
95195,1904.8235573646107
95196,1904.8235573646107
95197,1904.8235573646107
95198,1904.8235573646107
95199,1904.8235573646107
95200,1904.8235573646107
95201,1904.8235573646107
95202,1904.8235573646107
95203,1904.8235573646107
95204,1904.8235573646107
95205,1904.8235573646107
95206,1904.8235573646107
95207,1904.8235573646107
95208,1904.8235573646107
95209,1904.8235573646107
95210,1904.8235573646107
95211,1904.8235573646107
95212,1904.8235573646107
95213,1904.8235573646107
95214,1904.8235573646107
95215,1904.8235573646107
95216,1904.8235573646107
95217,1904.8235573646107
95218,1904.8235573646107
95219,1904.8235573646107
95220,1904.8235573646107
95221,1904.8235573646107
95222,1904.8235573646107
95223,1904.8235573646107
95224,1904.8235573646107
95225,1904.8235573646107
95226,1904.8235573646107
95227,1904.8235573646107
95228,1904.8235573646107
95229,1904.8235573646107
95230,1904.8235573646107
95231,1904.8235573646107
95232,1904.8235573646107
95233,1904.8235573646107
95234,1904.8235573646107
95235,1904.8235573646107
95236,1904.8235573646107
95237,1904.8235573646107
95238,1904.8235573646107
95239,1904.8235573646107
95240,1904.8235573646107
95241,1904.8235573646107
95242,1904.8235573646107
95243,1904.8235573646107
95244,1904.8235573646107
95245,1904.8235573646107
95246,1904.8235573646107
95247,1904.8235573646107
95248,1904.8235573646107
95249,1904.8235573646107
95250,1904.8235573646107
95251,1904.8235573646107
95252,1904.8235573646107
95253,1904.8235573646107
95254,1904.8235573646107
95255,1904.8235573646107
95256,1904.8235573646107
95257,1904.8235573646107
95258,1904.8235573646107
95259,1904.8235573646107
95260,1904.8235573646107
95261,1904.8235573646107
95262,1904.8235573646107
95263,1904.8235573646107
95264,1904.8235573646107
95265,1904.8235573646107
95266,1904.8235573646107
95267,1904.8235573646107
95268,1904.8235573646107
95269,1904.8235573646107
95270,1904.8235573646107
95271,1904.8235573646107
95272,1904.8235573646107
95273,1904.8235573646107
95274,1904.8235573646107
95275,1904.8235573646107
95276,1904.8235573646107
95277,1904.8235573646107
95278,1904.8235573646107
95279,1904.8235573646107
95280,1904.8235573646107
95281,1904.8235573646107
95282,1904.8235573646107
95283,1904.8235573646107
95284,1904.8235573646107
95285,1904.8235573646107
95286,1904.8235573646107
95287,1904.8235573646107
95288,1904.8235573646107
95289,1904.8235573646107
95290,1904.8235573646107
95291,1904.8235573646107
95292,1904.8235573646107
95293,1904.8235573646107
95294,1904.8235573646107
95295,1904.8235573646107
95296,1904.8235573646107
95297,1904.8235573646107
95298,1904.8235573646107
95299,1904.8235573646107
95300,1904.8235573646107
95301,1904.8235573646107
95302,1904.8235573646107
95303,1904.8235573646107
95304,1904.8235573646107
95305,1904.8235573646107
95306,1904.8235573646107
95307,1904.8235573646107
95308,1904.8235573646107
95309,1904.8235573646107
95310,1904.8235573646107
95311,1904.8235573646107
95312,1904.8235573646107
95313,1904.8235573646107
95314,1904.8235573646107
95315,1904.8235573646107
95316,1904.8235573646107
95317,1904.8235573646107
95318,1904.8235573646107
95319,1904.8235573646107
95320,1904.8235573646107
95321,1904.8235573646107
95322,1904.8235573646107
95323,1904.8235573646107
95324,1904.8235573646107
95325,1904.8235573646107
95326,1904.8235573646107
95327,1904.8235573646107
95328,1904.8235573646107
95329,1904.8235573646107
95330,1904.8235573646107
95331,1904.8235573646107
95332,1904.8235573646107
95333,1904.8235573646107
95334,1904.8235573646107
95335,1904.8235573646107
95336,1904.8235573646107
95337,1904.8235573646107
95338,1904.8235573646107
95339,1904.8235573646107
95340,1904.8235573646107
95341,1904.8235573646107
95342,1904.8235573646107
95343,1904.8235573646107
95344,1904.8235573646107
95345,1904.8235573646107
95346,1904.8235573646107
95347,1904.8235573646107
95348,1904.8235573646107
95349,1904.8235573646107
95350,1904.8235573646107
95351,1904.8235573646107
95352,1904.8235573646107
95353,1904.8235573646107
95354,1904.8235573646107
95355,1904.8235573646107
95356,1904.8235573646107
95357,1904.8235573646107
95358,1904.8235573646107
95359,1904.8235573646107
95360,1904.8235573646107
95361,1904.8235573646107
95362,1904.8235573646107
95363,1904.8235573646107
95364,1904.8235573646107
95365,1904.8235573646107
95366,1904.8235573646107
95367,1904.8235573646107
95368,1904.8235573646107
95369,1904.8235573646107
95370,1904.8235573646107
95371,1904.8235573646107
95372,1904.8235573646107
95373,1904.8235573646107
95374,1904.8235573646107
95375,1904.8235573646107
95376,1904.8235573646107
95377,1904.8235573646107
95378,1904.8235573646107
95379,1904.8235573646107
95380,1904.8235573646107
95381,1904.8235573646107
95382,1904.8235573646107
95383,1904.8235573646107
95384,1904.8235573646107
95385,1904.8235573646107
95386,1904.8235573646107
95387,1904.8235573646107
95388,1904.8235573646107
95389,1904.8235573646107
95390,1904.8235573646107
95391,1904.8235573646107
95392,1904.8235573646107
95393,1904.8235573646107
95394,1904.8235573646107
95395,1904.8235573646107
95396,1904.8235573646107
95397,1904.8235573646107
95398,1904.8235573646107
95399,1904.8235573646107
95400,1904.8235573646107
95401,1904.8235573646107
95402,1904.8235573646107
95403,1904.8235573646107
95404,1904.8235573646107
95405,1904.8235573646107
95406,1904.8235573646107
95407,1904.8235573646107
95408,1904.8235573646107
95409,1904.8235573646107
95410,1904.8235573646107
95411,1904.8235573646107
95412,1904.8235573646107
95413,1904.8235573646107
95414,1904.8235573646107
95415,1904.8235573646107
95416,1904.8235573646107
95417,1904.8235573646107
95418,1904.8235573646107
95419,1904.8235573646107
95420,1904.8235573646107
95421,1904.8235573646107
95422,1904.8235573646107
95423,1904.8235573646107
95424,1904.8235573646107
95425,1904.8235573646107
95426,1904.8235573646107
95427,1904.8235573646107
95428,1904.8235573646107
95429,1904.8235573646107
95430,1904.8235573646107
95431,1904.8235573646107
95432,1904.8235573646107
95433,1904.8235573646107
95434,1904.8235573646107
95435,1904.8235573646107
95436,1904.8235573646107
95437,1904.8235573646107
95438,1904.8235573646107
95439,1904.8235573646107
95440,1904.8235573646107
95441,1904.8235573646107
95442,1904.8235573646107
95443,1904.8235573646107
95444,1904.8235573646107
95445,1904.8235573646107
95446,1904.8235573646107
95447,1904.8235573646107
95448,1904.8235573646107
95449,1904.8235573646107
95450,1904.8235573646107
95451,1904.8235573646107
95452,1904.8235573646107
95453,1904.8235573646107
95454,1904.8235573646107
95455,1904.8235573646107
95456,1904.8235573646107
95457,1904.8235573646107
95458,1904.8235573646107
95459,1904.8235573646107
95460,1904.8235573646107
95461,1904.8235573646107
95462,1904.8235573646107
95463,1904.8235573646107
95464,1904.8235573646107
95465,1904.8235573646107
95466,1904.8235573646107
95467,1904.8235573646107
95468,1904.8235573646107
95469,1904.8235573646107
95470,1904.8235573646107
95471,1904.8235573646107
95472,1904.8235573646107
95473,1904.8235573646107
95474,1904.8235573646107
95475,1904.8235573646107
95476,1904.8235573646107
95477,1904.8235573646107
95478,1904.8235573646107
95479,1904.8235573646107
95480,1904.8235573646107
95481,1904.8235573646107
95482,1904.8235573646107
95483,1904.8235573646107
95484,1904.8235573646107
95485,1904.8235573646107
95486,1904.8235573646107
95487,1904.8235573646107
95488,1904.8235573646107
95489,1904.8235573646107
95490,1904.8235573646107
95491,1904.8235573646107
95492,1904.8235573646107
95493,1904.8235573646107
95494,1904.8235573646107
95495,1904.8235573646107
95496,1904.8235573646107
95497,1904.8235573646107
95498,1904.8235573646107
95499,1904.8235573646107
95500,1904.8235573646107
95501,1904.8235573646107
95502,1904.8235573646107
95503,1904.8235573646107
95504,1904.8235573646107
95505,1904.8235573646107
95506,1904.8235573646107
95507,1904.8235573646107
95508,1904.8235573646107
95509,1904.8235573646107
95510,1904.8235573646107
95511,1904.8235573646107
95512,1904.8235573646107
95513,1904.8235573646107
95514,1904.8235573646107
95515,1904.8235573646107
95516,1904.8235573646107
95517,1904.8235573646107
95518,1904.8235573646107
95519,1904.8235573646107
95520,1904.8235573646107
95521,1904.8235573646107
95522,1904.8235573646107
95523,1904.8235573646107
95524,1904.8235573646107
95525,1904.8235573646107
95526,1904.8235573646107
95527,1904.8235573646107
95528,1904.8235573646107
95529,1904.8235573646107
95530,1904.8235573646107
95531,1904.8235573646107
95532,1904.8235573646107
95533,1904.8235573646107
95534,1904.8235573646107
95535,1904.8235573646107
95536,1904.8235573646107
95537,1904.8235573646107
95538,1904.8235573646107
95539,1904.8235573646107
95540,1904.8235573646107
95541,1904.8235573646107
95542,1904.8235573646107
95543,1904.8235573646107
95544,1904.8235573646107
95545,1904.8235573646107
95546,1904.8235573646107
95547,1904.8235573646107
95548,1904.8235573646107
95549,1904.8235573646107
95550,1904.8235573646107
95551,1904.8235573646107
95552,1904.8235573646107
95553,1904.8235573646107
95554,1904.8235573646107
95555,1904.8235573646107
95556,1904.8235573646107
95557,1904.8235573646107
95558,1904.8235573646107
95559,1904.8235573646107
95560,1904.8235573646107
95561,1904.8235573646107
95562,1904.8235573646107
95563,1904.8235573646107
95564,1904.8235573646107
95565,1904.8235573646107
95566,1904.8235573646107
95567,1904.8235573646107
95568,1904.8235573646107
95569,1904.8235573646107
95570,1904.8235573646107
95571,1904.8235573646107
95572,1904.8235573646107
95573,1904.8235573646107
95574,1904.8235573646107
95575,1904.8235573646107
95576,1904.8235573646107
95577,1904.8235573646107
95578,1904.8235573646107
95579,1904.8235573646107
95580,1904.8235573646107
95581,1904.8235573646107
95582,1904.8235573646107
95583,1904.8235573646107
95584,1904.8235573646107
95585,1904.8235573646107
95586,1904.8235573646107
95587,1904.8235573646107
95588,1904.8235573646107
95589,1904.8235573646107
95590,1904.8235573646107
95591,1904.8235573646107
95592,1904.8235573646107
95593,1904.8235573646107
95594,1904.8235573646107
95595,1904.8235573646107
95596,1904.8235573646107
95597,1904.8235573646107
95598,1904.8235573646107
95599,1904.8235573646107
95600,1904.8235573646107
95601,1904.8235573646107
95602,1904.8235573646107
95603,1904.8235573646107
95604,1904.8235573646107
95605,1904.8235573646107
95606,1904.8235573646107
95607,1904.8235573646107
95608,1904.8235573646107
95609,1904.8235573646107
95610,1904.8235573646107
95611,1904.8235573646107
95612,1904.8235573646107
95613,1904.8235573646107
95614,1904.8235573646107
95615,1904.8235573646107
95616,1904.8235573646107
95617,1904.8235573646107
95618,1904.8235573646107
95619,1904.8235573646107
95620,1904.8235573646107
95621,1904.8235573646107
95622,1904.8235573646107
95623,1904.8235573646107
95624,1904.8235573646107
95625,1904.8235573646107
95626,1904.8235573646107
95627,1904.8235573646107
95628,1904.8235573646107
95629,1904.8235573646107
95630,1904.8235573646107
95631,1904.8235573646107
95632,1904.8235573646107
95633,1904.8235573646107
95634,1904.8235573646107
95635,1904.8235573646107
95636,1904.8235573646107
95637,1904.8235573646107
95638,1904.8235573646107
95639,1904.8235573646107
95640,1904.8235573646107
95641,1904.8235573646107
95642,1904.8235573646107
95643,1904.8235573646107
95644,1904.8235573646107
95645,1904.8235573646107
95646,1904.8235573646107
95647,1904.8235573646107
95648,1904.8235573646107
95649,1904.8235573646107
95650,1904.8235573646107
95651,1904.8235573646107
95652,1904.8235573646107
95653,1904.8235573646107
95654,1904.8235573646107
95655,1904.8235573646107
95656,1904.8235573646107
95657,1904.8235573646107
95658,1904.8235573646107
95659,1904.8235573646107
95660,1904.8235573646107
95661,1904.8235573646107
95662,1904.8235573646107
95663,1904.8235573646107
95664,1904.8235573646107
95665,1904.8235573646107
95666,1904.8235573646107
95667,1904.8235573646107
95668,1904.8235573646107
95669,1904.8235573646107
95670,1904.8235573646107
95671,1904.8235573646107
95672,1904.8235573646107
95673,1904.8235573646107
95674,1904.8235573646107
95675,1904.8235573646107
95676,1904.8235573646107
95677,1904.8235573646107
95678,1904.8235573646107
95679,1904.8235573646107
95680,1904.8235573646107
95681,1904.8235573646107
95682,1904.8235573646107
95683,1904.8235573646107
95684,1904.8235573646107
95685,1904.8235573646107
95686,1904.8235573646107
95687,1904.8235573646107
95688,1904.8235573646107
95689,1904.8235573646107
95690,1904.8235573646107
95691,1904.8235573646107
95692,1904.8235573646107
95693,1904.8235573646107
95694,1904.8235573646107
95695,1904.8235573646107
95696,1904.8235573646107
95697,1904.8235573646107
95698,1904.8235573646107
95699,1904.8235573646107
95700,1904.8235573646107
95701,1904.8235573646107
95702,1904.8235573646107
95703,1904.8235573646107
95704,1904.8235573646107
95705,1904.8235573646107
95706,1904.8235573646107
95707,1904.8235573646107
95708,1904.8235573646107
95709,1904.8235573646107
95710,1904.8235573646107
95711,1904.8235573646107
95712,1904.8235573646107
95713,1904.8235573646107
95714,1904.8235573646107
95715,1904.8235573646107
95716,1904.8235573646107
95717,1904.8235573646107
95718,1904.8235573646107
95719,1904.8235573646107
95720,1904.8235573646107
95721,1904.8235573646107
95722,1904.8235573646107
95723,1904.8235573646107
95724,1904.8235573646107
95725,1904.8235573646107
95726,1904.8235573646107
95727,1904.8235573646107
95728,1904.8235573646107
95729,1904.8235573646107
95730,1904.8235573646107
95731,1904.8235573646107
95732,1904.8235573646107
95733,1904.8235573646107
95734,1904.8235573646107
95735,1904.8235573646107
95736,1904.8235573646107
95737,1904.8235573646107
95738,1904.8235573646107
95739,1904.8235573646107
95740,1904.8235573646107
95741,1904.8235573646107
95742,1904.8235573646107
95743,1904.8235573646107
95744,1904.8235573646107
95745,1904.8235573646107
95746,1904.8235573646107
95747,1904.8235573646107
95748,1904.8235573646107
95749,1904.8235573646107
95750,1904.8235573646107
95751,1904.8235573646107
95752,1904.8235573646107
95753,1904.8235573646107
95754,1904.8235573646107
95755,1904.8235573646107
95756,1904.8235573646107
95757,1904.8235573646107
95758,1904.8235573646107
95759,1904.8235573646107
95760,1904.8235573646107
95761,1904.8235573646107
95762,1904.8235573646107
95763,1904.8235573646107
95764,1904.8235573646107
95765,1904.8235573646107
95766,1904.8235573646107
95767,1904.8235573646107
95768,1904.8235573646107
95769,1904.8235573646107
95770,1904.8235573646107
95771,1904.8235573646107
95772,1904.8235573646107
95773,1904.8235573646107
95774,1904.8235573646107
95775,1904.8235573646107
95776,1904.8235573646107
95777,1904.8235573646107
95778,1904.8235573646107
95779,1904.8235573646107
95780,1904.8235573646107
95781,1904.8235573646107
95782,1904.8235573646107
95783,1904.8235573646107
95784,1904.8235573646107
95785,1904.8235573646107
95786,1904.8235573646107
95787,1904.8235573646107
95788,1904.8235573646107
95789,1904.8235573646107
95790,1904.8235573646107
95791,1904.8235573646107
95792,1904.8235573646107
95793,1904.8235573646107
95794,1904.8235573646107
95795,1904.8235573646107
95796,1904.8235573646107
95797,1904.8235573646107
95798,1904.8235573646107
95799,1904.8235573646107
95800,1904.8235573646107
95801,1904.8235573646107
95802,1904.8235573646107
95803,1904.8235573646107
95804,1904.8235573646107
95805,1904.8235573646107
95806,1904.8235573646107
95807,1904.8235573646107
95808,1904.8235573646107
95809,1904.8235573646107
95810,1904.8235573646107
95811,1904.8235573646107
95812,1904.8235573646107
95813,1904.8235573646107
95814,1904.8235573646107
95815,1904.8235573646107
95816,1904.8235573646107
95817,1904.8235573646107
95818,1904.8235573646107
95819,1904.8235573646107
95820,1904.8235573646107
95821,1904.8235573646107
95822,1904.8235573646107
95823,1904.8235573646107
95824,1904.8235573646107
95825,1904.8235573646107
95826,1904.8235573646107
95827,1904.8235573646107
95828,1904.8235573646107
95829,1904.8235573646107
95830,1904.8235573646107
95831,1904.8235573646107
95832,1904.8235573646107
95833,1904.8235573646107
95834,1904.8235573646107
95835,1904.8235573646107
95836,1904.8235573646107
95837,1904.8235573646107
95838,1904.8235573646107
95839,1904.8235573646107
95840,1904.8235573646107
95841,1904.8235573646107
95842,1904.8235573646107
95843,1904.8235573646107
95844,1904.8235573646107
95845,1904.8235573646107
95846,1904.8235573646107
95847,1904.8235573646107
95848,1904.8235573646107
95849,1904.8235573646107
95850,1904.8235573646107
95851,1904.8235573646107
95852,1904.8235573646107
95853,1904.8235573646107
95854,1904.8235573646107
95855,1904.8235573646107
95856,1904.8235573646107
95857,1904.8235573646107
95858,1904.8235573646107
95859,1904.8235573646107
95860,1904.8235573646107
95861,1904.8235573646107
95862,1904.8235573646107
95863,1904.8235573646107
95864,1904.8235573646107
95865,1904.8235573646107
95866,1904.8235573646107
95867,1904.8235573646107
95868,1904.8235573646107
95869,1904.8235573646107
95870,1904.8235573646107
95871,1904.8235573646107
95872,1904.8235573646107
95873,1904.8235573646107
95874,1904.8235573646107
95875,1904.8235573646107
95876,1904.8235573646107
95877,1904.8235573646107
95878,1904.8235573646107
95879,1904.8235573646107
95880,1904.8235573646107
95881,1904.8235573646107
95882,1904.8235573646107
95883,1904.8235573646107
95884,1904.8235573646107
95885,1904.8235573646107
95886,1904.8235573646107
95887,1904.8235573646107
95888,1904.8235573646107
95889,1904.8235573646107
95890,1904.8235573646107
95891,1904.8235573646107
95892,1904.8235573646107
95893,1904.8235573646107
95894,1904.8235573646107
95895,1904.8235573646107
95896,1904.8235573646107
95897,1904.8235573646107
95898,1904.8235573646107
95899,1904.8235573646107
95900,1904.8235573646107
95901,1904.8235573646107
95902,1904.8235573646107
95903,1904.8235573646107
95904,1904.8235573646107
95905,1904.8235573646107
95906,1904.8235573646107
95907,1904.8235573646107
95908,1904.8235573646107
95909,1904.8235573646107
95910,1904.8235573646107
95911,1904.8235573646107
95912,1904.8235573646107
95913,1904.8235573646107
95914,1904.8235573646107
95915,1904.8235573646107
95916,1904.8235573646107
95917,1904.8235573646107
95918,1904.8235573646107
95919,1904.8235573646107
95920,1904.8235573646107
95921,1904.8235573646107
95922,1904.8235573646107
95923,1904.8235573646107
95924,1904.8235573646107
95925,1904.8235573646107
95926,1904.8235573646107
95927,1904.8235573646107
95928,1904.8235573646107
95929,1904.8235573646107
95930,1904.8235573646107
95931,1904.8235573646107
95932,1904.8235573646107
95933,1904.8235573646107
95934,1904.8235573646107
95935,1904.8235573646107
95936,1904.8235573646107
95937,1904.8235573646107
95938,1904.8235573646107
95939,1904.8235573646107
95940,1904.8235573646107
95941,1904.8235573646107
95942,1904.8235573646107
95943,1904.8235573646107
95944,1904.8235573646107
95945,1904.8235573646107
95946,1904.8235573646107
95947,1904.8235573646107
95948,1904.8235573646107
95949,1904.8235573646107
95950,1904.8235573646107
95951,1904.8235573646107
95952,1904.8235573646107
95953,1904.8235573646107
95954,1904.8235573646107
95955,1904.8235573646107
95956,1904.8235573646107
95957,1904.8235573646107
95958,1904.8235573646107
95959,1904.8235573646107
95960,1904.8235573646107
95961,1904.8235573646107
95962,1904.8235573646107
95963,1904.8235573646107
95964,1904.8235573646107
95965,1904.8235573646107
95966,1904.8235573646107
95967,1904.8235573646107
95968,1904.8235573646107
95969,1904.8235573646107
95970,1904.8235573646107
95971,1904.8235573646107
95972,1904.8235573646107
95973,1904.8235573646107
95974,1904.8235573646107
95975,1904.8235573646107
95976,1904.8235573646107
95977,1904.8235573646107
95978,1904.8235573646107
95979,1904.8235573646107
95980,1904.8235573646107
95981,1904.8235573646107
95982,1904.8235573646107
95983,1904.8235573646107
95984,1904.8235573646107
95985,1904.8235573646107
95986,1904.8235573646107
95987,1904.8235573646107
95988,1904.8235573646107
95989,1904.8235573646107
95990,1904.8235573646107
95991,1904.8235573646107
95992,1904.8235573646107
95993,1904.8235573646107
95994,1904.8235573646107
95995,1904.8235573646107
95996,1904.8235573646107
95997,1904.8235573646107
95998,1904.8235573646107
95999,1904.8235573646107
96000,1904.8235573646107
96001,1904.8235573646107
96002,1904.8235573646107
96003,1904.8235573646107
96004,1904.8235573646107
96005,1904.8235573646107
96006,1904.8235573646107
96007,1904.8235573646107
96008,1904.8235573646107
96009,1904.8235573646107
96010,1904.8235573646107
96011,1904.8235573646107
96012,1904.8235573646107
96013,1904.8235573646107
96014,1904.8235573646107
96015,1904.8235573646107
96016,1904.8235573646107
96017,1904.8235573646107
96018,1904.8235573646107
96019,1904.8235573646107
96020,1904.8235573646107
96021,1904.8235573646107
96022,1904.8235573646107
96023,1904.8235573646107
96024,1904.8235573646107
96025,1904.8235573646107
96026,1904.8235573646107
96027,1904.8235573646107
96028,1904.8235573646107
96029,1904.8235573646107
96030,1904.8235573646107
96031,1904.8235573646107
96032,1904.8235573646107
96033,1904.8235573646107
96034,1904.8235573646107
96035,1904.8235573646107
96036,1904.8235573646107
96037,1904.8235573646107
96038,1904.8235573646107
96039,1904.8235573646107
96040,1904.8235573646107
96041,1904.8235573646107
96042,1904.8235573646107
96043,1904.8235573646107
96044,1904.8235573646107
96045,1904.8235573646107
96046,1904.8235573646107
96047,1904.8235573646107
96048,1904.8235573646107
96049,1904.8235573646107
96050,1904.8235573646107
96051,1904.8235573646107
96052,1904.8235573646107
96053,1904.8235573646107
96054,1904.8235573646107
96055,1904.8235573646107
96056,1904.8235573646107
96057,1904.8235573646107
96058,1904.8235573646107
96059,1904.8235573646107
96060,1904.8235573646107
96061,1904.8235573646107
96062,1904.8235573646107
96063,1904.8235573646107
96064,1904.8235573646107
96065,1904.8235573646107
96066,1904.8235573646107
96067,1904.8235573646107
96068,1904.8235573646107
96069,1904.8235573646107
96070,1904.8235573646107
96071,1904.8235573646107
96072,1904.8235573646107
96073,1904.8235573646107
96074,1904.8235573646107
96075,1904.8235573646107
96076,1904.8235573646107
96077,1904.8235573646107
96078,1904.8235573646107
96079,1904.8235573646107
96080,1904.8235573646107
96081,1904.8235573646107
96082,1904.8235573646107
96083,1904.8235573646107
96084,1904.8235573646107
96085,1904.8235573646107
96086,1904.8235573646107
96087,1904.8235573646107
96088,1904.8235573646107
96089,1904.8235573646107
96090,1904.8235573646107
96091,1904.8235573646107
96092,1904.8235573646107
96093,1904.8235573646107
96094,1904.8235573646107
96095,1904.8235573646107
96096,1904.8235573646107
96097,1904.8235573646107
96098,1904.8235573646107
96099,1904.8235573646107
96100,1904.8235573646107
96101,1904.8235573646107
96102,1904.8235573646107
96103,1904.8235573646107
96104,1904.8235573646107
96105,1904.8235573646107
96106,1904.8235573646107
96107,1904.8235573646107
96108,1904.8235573646107
96109,1904.8235573646107
96110,1904.8235573646107
96111,1904.8235573646107
96112,1904.8235573646107
96113,1904.8235573646107
96114,1904.8235573646107
96115,1904.8235573646107
96116,1904.8235573646107
96117,1904.8235573646107
96118,1904.8235573646107
96119,1904.8235573646107
96120,1904.8235573646107
96121,1904.8235573646107
96122,1904.8235573646107
96123,1904.8235573646107
96124,1904.8235573646107
96125,1904.8235573646107
96126,1904.8235573646107
96127,1904.8235573646107
96128,1904.8235573646107
96129,1904.8235573646107
96130,1904.8235573646107
96131,1904.8235573646107
96132,1904.8235573646107
96133,1904.8235573646107
96134,1904.8235573646107
96135,1904.8235573646107
96136,1904.8235573646107
96137,1904.8235573646107
96138,1904.8235573646107
96139,1904.8235573646107
96140,1904.8235573646107
96141,1904.8235573646107
96142,1904.8235573646107
96143,1904.8235573646107
96144,1904.8235573646107
96145,1904.8235573646107
96146,1904.8235573646107
96147,1904.8235573646107
96148,1904.8235573646107
96149,1904.8235573646107
96150,1904.8235573646107
96151,1904.8235573646107
96152,1904.8235573646107
96153,1904.8235573646107
96154,1904.8235573646107
96155,1904.8235573646107
96156,1904.8235573646107
96157,1904.8235573646107
96158,1904.8235573646107
96159,1904.8235573646107
96160,1904.8235573646107
96161,1904.8235573646107
96162,1904.8235573646107
96163,1904.8235573646107
96164,1904.8235573646107
96165,1904.8235573646107
96166,1904.8235573646107
96167,1904.8235573646107
96168,1904.8235573646107
96169,1904.8235573646107
96170,1904.8235573646107
96171,1904.8235573646107
96172,1904.8235573646107
96173,1904.8235573646107
96174,1904.8235573646107
96175,1904.8235573646107
96176,1904.8235573646107
96177,1904.8235573646107
96178,1904.8235573646107
96179,1904.8235573646107
96180,1904.8235573646107
96181,1904.8235573646107
96182,1904.8235573646107
96183,1904.8235573646107
96184,1904.8235573646107
96185,1904.8235573646107
96186,1904.8235573646107
96187,1904.8235573646107
96188,1904.8235573646107
96189,1904.8235573646107
96190,1904.8235573646107
96191,1904.8235573646107
96192,1904.8235573646107
96193,1904.8235573646107
96194,1904.8235573646107
96195,1904.8235573646107
96196,1904.8235573646107
96197,1904.8235573646107
96198,1904.8235573646107
96199,1904.8235573646107
96200,1904.8235573646107
96201,1904.8235573646107
96202,1904.8235573646107
96203,1904.8235573646107
96204,1904.8235573646107
96205,1904.8235573646107
96206,1904.8235573646107
96207,1904.8235573646107
96208,1904.8235573646107
96209,1904.8235573646107
96210,1904.8235573646107
96211,1904.8235573646107
96212,1904.8235573646107
96213,1904.8235573646107
96214,1904.8235573646107
96215,1904.8235573646107
96216,1904.8235573646107
96217,1904.8235573646107
96218,1904.8235573646107
96219,1904.8235573646107
96220,1904.8235573646107
96221,1904.8235573646107
96222,1904.8235573646107
96223,1904.8235573646107
96224,1904.8235573646107
96225,1904.8235573646107
96226,1904.8235573646107
96227,1904.8235573646107
96228,1904.8235573646107
96229,1904.8235573646107
96230,1904.8235573646107
96231,1904.8235573646107
96232,1904.8235573646107
96233,1904.8235573646107
96234,1904.8235573646107
96235,1904.8235573646107
96236,1904.8235573646107
96237,1904.8235573646107
96238,1904.8235573646107
96239,1904.8235573646107
96240,1904.8235573646107
96241,1904.8235573646107
96242,1904.8235573646107
96243,1904.8235573646107
96244,1904.8235573646107
96245,1904.8235573646107
96246,1904.8235573646107
96247,1904.8235573646107
96248,1904.8235573646107
96249,1904.8235573646107
96250,1904.8235573646107
96251,1904.8235573646107
96252,1904.8235573646107
96253,1904.8235573646107
96254,1904.8235573646107
96255,1904.8235573646107
96256,1904.8235573646107
96257,1904.8235573646107
96258,1904.8235573646107
96259,1904.8235573646107
96260,1904.8235573646107
96261,1904.8235573646107
96262,1904.8235573646107
96263,1904.8235573646107
96264,1904.8235573646107
96265,1904.8235573646107
96266,1904.8235573646107
96267,1904.8235573646107
96268,1904.8235573646107
96269,1904.8235573646107
96270,1904.8235573646107
96271,1904.8235573646107
96272,1904.8235573646107
96273,1904.8235573646107
96274,1904.8235573646107
96275,1904.8235573646107
96276,1904.8235573646107
96277,1904.8235573646107
96278,1904.8235573646107
96279,1904.8235573646107
96280,1904.8235573646107
96281,1904.8235573646107
96282,1904.8235573646107
96283,1904.8235573646107
96284,1904.8235573646107
96285,1904.8235573646107
96286,1904.8235573646107
96287,1904.8235573646107
96288,1904.8235573646107
96289,1904.8235573646107
96290,1904.8235573646107
96291,1904.8235573646107
96292,1904.8235573646107
96293,1904.8235573646107
96294,1904.8235573646107
96295,1904.8235573646107
96296,1904.8235573646107
96297,1904.8235573646107
96298,1904.8235573646107
96299,1904.8235573646107
96300,1904.8235573646107
96301,1904.8235573646107
96302,1904.8235573646107
96303,1904.8235573646107
96304,1904.8235573646107
96305,1904.8235573646107
96306,1904.8235573646107
96307,1904.8235573646107
96308,1904.8235573646107
96309,1904.8235573646107
96310,1904.8235573646107
96311,1904.8235573646107
96312,1904.8235573646107
96313,1904.8235573646107
96314,1904.8235573646107
96315,1904.8235573646107
96316,1904.8235573646107
96317,1904.8235573646107
96318,1904.8235573646107
96319,1904.8235573646107
96320,1904.8235573646107
96321,1904.8235573646107
96322,1904.8235573646107
96323,1904.8235573646107
96324,1904.8235573646107
96325,1904.8235573646107
96326,1904.8235573646107
96327,1904.8235573646107
96328,1904.8235573646107
96329,1904.8235573646107
96330,1904.8235573646107
96331,1904.8235573646107
96332,1904.8235573646107
96333,1904.8235573646107
96334,1904.8235573646107
96335,1904.8235573646107
96336,1904.8235573646107
96337,1904.8235573646107
96338,1904.8235573646107
96339,1904.8235573646107
96340,1904.8235573646107
96341,1904.8235573646107
96342,1904.8235573646107
96343,1904.8235573646107
96344,1904.8235573646107
96345,1904.8235573646107
96346,1904.8235573646107
96347,1904.8235573646107
96348,1904.8235573646107
96349,1904.8235573646107
96350,1904.8235573646107
96351,1904.8235573646107
96352,1904.8235573646107
96353,1904.8235573646107
96354,1904.8235573646107
96355,1904.8235573646107
96356,1904.8235573646107
96357,1904.8235573646107
96358,1904.8235573646107
96359,1904.8235573646107
96360,1904.8235573646107
96361,1904.8235573646107
96362,1904.8235573646107
96363,1904.8235573646107
96364,1904.8235573646107
96365,1904.8235573646107
96366,1904.8235573646107
96367,1904.8235573646107
96368,1904.8235573646107
96369,1904.8235573646107
96370,1904.8235573646107
96371,1904.8235573646107
96372,1904.8235573646107
96373,1904.8235573646107
96374,1904.8235573646107
96375,1904.8235573646107
96376,1904.8235573646107
96377,1904.8235573646107
96378,1904.8235573646107
96379,1904.8235573646107
96380,1904.8235573646107
96381,1904.8235573646107
96382,1904.8235573646107
96383,1904.8235573646107
96384,1904.8235573646107
96385,1904.8235573646107
96386,1904.8235573646107
96387,1904.8235573646107
96388,1904.8235573646107
96389,1904.8235573646107
96390,1904.8235573646107
96391,1904.8235573646107
96392,1904.8235573646107
96393,1904.8235573646107
96394,1904.8235573646107
96395,1904.8235573646107
96396,1904.8235573646107
96397,1904.8235573646107
96398,1904.8235573646107
96399,1904.8235573646107
96400,1904.8235573646107
96401,1904.8235573646107
96402,1904.8235573646107
96403,1904.8235573646107
96404,1904.8235573646107
96405,1904.8235573646107
96406,1904.8235573646107
96407,1904.8235573646107
96408,1904.8235573646107
96409,1904.8235573646107
96410,1904.8235573646107
96411,1904.8235573646107
96412,1904.8235573646107
96413,1904.8235573646107
96414,1904.8235573646107
96415,1904.8235573646107
96416,1904.8235573646107
96417,1904.8235573646107
96418,1904.8235573646107
96419,1904.8235573646107
96420,1904.8235573646107
96421,1904.8235573646107
96422,1904.8235573646107
96423,1904.8235573646107
96424,1904.8235573646107
96425,1904.8235573646107
96426,1904.8235573646107
96427,1904.8235573646107
96428,1904.8235573646107
96429,1904.8235573646107
96430,1904.8235573646107
96431,1904.8235573646107
96432,1904.8235573646107
96433,1904.8235573646107
96434,1904.8235573646107
96435,1904.8235573646107
96436,1904.8235573646107
96437,1904.8235573646107
96438,1904.8235573646107
96439,1904.8235573646107
96440,1904.8235573646107
96441,1904.8235573646107
96442,1904.8235573646107
96443,1904.8235573646107
96444,1904.8235573646107
96445,1904.8235573646107
96446,1904.8235573646107
96447,1904.8235573646107
96448,1904.8235573646107
96449,1904.8235573646107
96450,1904.8235573646107
96451,1904.8235573646107
96452,1904.8235573646107
96453,1904.8235573646107
96454,1904.8235573646107
96455,1904.8235573646107
96456,1904.8235573646107
96457,1904.8235573646107
96458,1904.8235573646107
96459,1904.8235573646107
96460,1904.8235573646107
96461,1904.8235573646107
96462,1904.8235573646107
96463,1904.8235573646107
96464,1904.8235573646107
96465,1904.8235573646107
96466,1904.8235573646107
96467,1904.8235573646107
96468,1904.8235573646107
96469,1904.8235573646107
96470,1904.8235573646107
96471,1904.8235573646107
96472,1904.8235573646107
96473,1904.8235573646107
96474,1904.8235573646107
96475,1904.8235573646107
96476,1904.8235573646107
96477,1904.8235573646107
96478,1904.8235573646107
96479,1904.8235573646107
96480,1904.8235573646107
96481,1904.8235573646107
96482,1904.8235573646107
96483,1904.8235573646107
96484,1904.8235573646107
96485,1904.8235573646107
96486,1904.8235573646107
96487,1904.8235573646107
96488,1904.8235573646107
96489,1904.8235573646107
96490,1904.8235573646107
96491,1904.8235573646107
96492,1904.8235573646107
96493,1904.8235573646107
96494,1904.8235573646107
96495,1904.8235573646107
96496,1904.8235573646107
96497,1904.8235573646107
96498,1904.8235573646107
96499,1904.8235573646107
96500,1904.8235573646107
96501,1904.8235573646107
96502,1904.8235573646107
96503,1904.8235573646107
96504,1904.8235573646107
96505,1904.8235573646107
96506,1904.8235573646107
96507,1904.8235573646107
96508,1904.8235573646107
96509,1904.8235573646107
96510,1904.8235573646107
96511,1904.8235573646107
96512,1904.8235573646107
96513,1904.8235573646107
96514,1904.8235573646107
96515,1904.8235573646107
96516,1904.8235573646107
96517,1904.8235573646107
96518,1904.8235573646107
96519,1904.8235573646107
96520,1904.8235573646107
96521,1904.8235573646107
96522,1904.8235573646107
96523,1904.8235573646107
96524,1904.8235573646107
96525,1904.8235573646107
96526,1904.8235573646107
96527,1904.8235573646107
96528,1904.8235573646107
96529,1904.8235573646107
96530,1904.8235573646107
96531,1904.8235573646107
96532,1904.8235573646107
96533,1904.8235573646107
96534,1904.8235573646107
96535,1904.8235573646107
96536,1904.8235573646107
96537,1904.8235573646107
96538,1904.8235573646107
96539,1904.8235573646107
96540,1904.8235573646107
96541,1904.8235573646107
96542,1904.8235573646107
96543,1904.8235573646107
96544,1904.8235573646107
96545,1904.8235573646107
96546,1904.8235573646107
96547,1904.8235573646107
96548,1904.8235573646107
96549,1904.8235573646107
96550,1904.8235573646107
96551,1904.8235573646107
96552,1904.8235573646107
96553,1904.8235573646107
96554,1904.8235573646107
96555,1904.8235573646107
96556,1904.8235573646107
96557,1904.8235573646107
96558,1904.8235573646107
96559,1904.8235573646107
96560,1904.8235573646107
96561,1904.8235573646107
96562,1904.8235573646107
96563,1904.8235573646107
96564,1904.8235573646107
96565,1904.8235573646107
96566,1904.8235573646107
96567,1904.8235573646107
96568,1904.8235573646107
96569,1904.8235573646107
96570,1904.8235573646107
96571,1904.8235573646107
96572,1904.8235573646107
96573,1904.8235573646107
96574,1904.8235573646107
96575,1904.8235573646107
96576,1904.8235573646107
96577,1904.8235573646107
96578,1904.8235573646107
96579,1904.8235573646107
96580,1904.8235573646107
96581,1904.8235573646107
96582,1904.8235573646107
96583,1904.8235573646107
96584,1904.8235573646107
96585,1904.8235573646107
96586,1904.8235573646107
96587,1904.8235573646107
96588,1904.8235573646107
96589,1904.8235573646107
96590,1904.8235573646107
96591,1904.8235573646107
96592,1904.8235573646107
96593,1904.8235573646107
96594,1904.8235573646107
96595,1904.8235573646107
96596,1904.8235573646107
96597,1904.8235573646107
96598,1904.8235573646107
96599,1904.8235573646107
96600,1904.8235573646107
96601,1904.8235573646107
96602,1904.8235573646107
96603,1904.8235573646107
96604,1904.8235573646107
96605,1904.8235573646107
96606,1904.8235573646107
96607,1904.8235573646107
96608,1904.8235573646107
96609,1904.8235573646107
96610,1904.8235573646107
96611,1904.8235573646107
96612,1904.8235573646107
96613,1904.8235573646107
96614,1904.8235573646107
96615,1904.8235573646107
96616,1904.8235573646107
96617,1904.8235573646107
96618,1904.8235573646107
96619,1904.8235573646107
96620,1904.8235573646107
96621,1904.8235573646107
96622,1904.8235573646107
96623,1904.8235573646107
96624,1904.8235573646107
96625,1904.8235573646107
96626,1904.8235573646107
96627,1904.8235573646107
96628,1904.8235573646107
96629,1904.8235573646107
96630,1904.8235573646107
96631,1904.8235573646107
96632,1904.8235573646107
96633,1904.8235573646107
96634,1904.8235573646107
96635,1904.8235573646107
96636,1904.8235573646107
96637,1904.8235573646107
96638,1904.8235573646107
96639,1904.8235573646107
96640,1904.8235573646107
96641,1904.8235573646107
96642,1904.8235573646107
96643,1904.8235573646107
96644,1904.8235573646107
96645,1904.8235573646107
96646,1904.8235573646107
96647,1904.8235573646107
96648,1904.8235573646107
96649,1904.8235573646107
96650,1904.8235573646107
96651,1904.8235573646107
96652,1904.8235573646107
96653,1904.8235573646107
96654,1904.8235573646107
96655,1904.8235573646107
96656,1904.8235573646107
96657,1904.8235573646107
96658,1904.8235573646107
96659,1904.8235573646107
96660,1904.8235573646107
96661,1904.8235573646107
96662,1904.8235573646107
96663,1904.8235573646107
96664,1904.8235573646107
96665,1904.8235573646107
96666,1904.8235573646107
96667,1904.8235573646107
96668,1904.8235573646107
96669,1904.8235573646107
96670,1904.8235573646107
96671,1904.8235573646107
96672,1904.8235573646107
96673,1904.8235573646107
96674,1904.8235573646107
96675,1904.8235573646107
96676,1904.8235573646107
96677,1904.8235573646107
96678,1904.8235573646107
96679,1904.8235573646107
96680,1904.8235573646107
96681,1904.8235573646107
96682,1904.8235573646107
96683,1904.8235573646107
96684,1904.8235573646107
96685,1904.8235573646107
96686,1904.8235573646107
96687,1904.8235573646107
96688,1904.8235573646107
96689,1904.8235573646107
96690,1904.8235573646107
96691,1904.8235573646107
96692,1904.8235573646107
96693,1904.8235573646107
96694,1904.8235573646107
96695,1904.8235573646107
96696,1904.8235573646107
96697,1904.8235573646107
96698,1904.8235573646107
96699,1904.8235573646107
96700,1904.8235573646107
96701,1904.8235573646107
96702,1904.8235573646107
96703,1904.8235573646107
96704,1904.8235573646107
96705,1904.8235573646107
96706,1904.8235573646107
96707,1904.8235573646107
96708,1904.8235573646107
96709,1904.8235573646107
96710,1904.8235573646107
96711,1904.8235573646107
96712,1904.8235573646107
96713,1904.8235573646107
96714,1904.8235573646107
96715,1904.8235573646107
96716,1904.8235573646107
96717,1904.8235573646107
96718,1904.8235573646107
96719,1904.8235573646107
96720,1904.8235573646107
96721,1904.8235573646107
96722,1904.8235573646107
96723,1904.8235573646107
96724,1904.8235573646107
96725,1904.8235573646107
96726,1904.8235573646107
96727,1904.8235573646107
96728,1904.8235573646107
96729,1904.8235573646107
96730,1904.8235573646107
96731,1904.8235573646107
96732,1904.8235573646107
96733,1904.8235573646107
96734,1904.8235573646107
96735,1904.8235573646107
96736,1904.8235573646107
96737,1904.8235573646107
96738,1904.8235573646107
96739,1904.8235573646107
96740,1904.8235573646107
96741,1904.8235573646107
96742,1904.8235573646107
96743,1904.8235573646107
96744,1904.8235573646107
96745,1904.8235573646107
96746,1904.8235573646107
96747,1904.8235573646107
96748,1904.8235573646107
96749,1904.8235573646107
96750,1904.8235573646107
96751,1904.8235573646107
96752,1904.8235573646107
96753,1904.8235573646107
96754,1904.8235573646107
96755,1904.8235573646107
96756,1904.8235573646107
96757,1904.8235573646107
96758,1904.8235573646107
96759,1904.8235573646107
96760,1904.8235573646107
96761,1904.8235573646107
96762,1904.8235573646107
96763,1904.8235573646107
96764,1904.8235573646107
96765,1904.8235573646107
96766,1904.8235573646107
96767,1904.8235573646107
96768,1904.8235573646107
96769,1904.8235573646107
96770,1904.8235573646107
96771,1904.8235573646107
96772,1904.8235573646107
96773,1904.8235573646107
96774,1904.8235573646107
96775,1904.8235573646107
96776,1904.8235573646107
96777,1904.8235573646107
96778,1904.8235573646107
96779,1904.8235573646107
96780,1904.8235573646107
96781,1904.8235573646107
96782,1904.8235573646107
96783,1904.8235573646107
96784,1904.8235573646107
96785,1904.8235573646107
96786,1904.8235573646107
96787,1904.8235573646107
96788,1904.8235573646107
96789,1904.8235573646107
96790,1904.8235573646107
96791,1904.8235573646107
96792,1904.8235573646107
96793,1904.8235573646107
96794,1904.8235573646107
96795,1904.8235573646107
96796,1904.8235573646107
96797,1904.8235573646107
96798,1904.8235573646107
96799,1904.8235573646107
96800,1904.8235573646107
96801,1904.8235573646107
96802,1904.8235573646107
96803,1904.8235573646107
96804,1904.8235573646107
96805,1904.8235573646107
96806,1904.8235573646107
96807,1904.8235573646107
96808,1904.8235573646107
96809,1904.8235573646107
96810,1904.8235573646107
96811,1904.8235573646107
96812,1904.8235573646107
96813,1904.8235573646107
96814,1904.8235573646107
96815,1904.8235573646107
96816,1904.8235573646107
96817,1904.8235573646107
96818,1904.8235573646107
96819,1904.8235573646107
96820,1904.8235573646107
96821,1904.8235573646107
96822,1904.8235573646107
96823,1904.8235573646107
96824,1904.8235573646107
96825,1904.8235573646107
96826,1904.8235573646107
96827,1904.8235573646107
96828,1904.8235573646107
96829,1904.8235573646107
96830,1904.8235573646107
96831,1904.8235573646107
96832,1904.8235573646107
96833,1904.8235573646107
96834,1904.8235573646107
96835,1904.8235573646107
96836,1904.8235573646107
96837,1904.8235573646107
96838,1904.8235573646107
96839,1904.8235573646107
96840,1904.8235573646107
96841,1904.8235573646107
96842,1904.8235573646107
96843,1904.8235573646107
96844,1904.8235573646107
96845,1904.8235573646107
96846,1904.8235573646107
96847,1904.8235573646107
96848,1904.8235573646107
96849,1904.8235573646107
96850,1904.8235573646107
96851,1904.8235573646107
96852,1904.8235573646107
96853,1904.8235573646107
96854,1904.8235573646107
96855,1904.8235573646107
96856,1904.8235573646107
96857,1904.8235573646107
96858,1904.8235573646107
96859,1904.8235573646107
96860,1904.8235573646107
96861,1904.8235573646107
96862,1904.8235573646107
96863,1904.8235573646107
96864,1904.8235573646107
96865,1904.8235573646107
96866,1904.8235573646107
96867,1904.8235573646107
96868,1904.8235573646107
96869,1904.8235573646107
96870,1904.8235573646107
96871,1904.8235573646107
96872,1904.8235573646107
96873,1904.8235573646107
96874,1904.8235573646107
96875,1904.8235573646107
96876,1904.8235573646107
96877,1904.8235573646107
96878,1904.8235573646107
96879,1904.8235573646107
96880,1904.8235573646107
96881,1904.8235573646107
96882,1904.8235573646107
96883,1904.8235573646107
96884,1904.8235573646107
96885,1904.8235573646107
96886,1904.8235573646107
96887,1904.8235573646107
96888,1904.8235573646107
96889,1904.8235573646107
96890,1904.8235573646107
96891,1904.8235573646107
96892,1904.8235573646107
96893,1904.8235573646107
96894,1904.8235573646107
96895,1904.8235573646107
96896,1904.8235573646107
96897,1904.8235573646107
96898,1904.8235573646107
96899,1904.8235573646107
96900,1904.8235573646107
96901,1904.8235573646107
96902,1904.8235573646107
96903,1904.8235573646107
96904,1904.8235573646107
96905,1904.8235573646107
96906,1904.8235573646107
96907,1904.8235573646107
96908,1904.8235573646107
96909,1904.8235573646107
96910,1904.8235573646107
96911,1904.8235573646107
96912,1904.8235573646107
96913,1904.8235573646107
96914,1904.8235573646107
96915,1904.8235573646107
96916,1904.8235573646107
96917,1904.8235573646107
96918,1904.8235573646107
96919,1904.8235573646107
96920,1904.8235573646107
96921,1904.8235573646107
96922,1904.8235573646107
96923,1904.8235573646107
96924,1904.8235573646107
96925,1904.8235573646107
96926,1904.8235573646107
96927,1904.8235573646107
96928,1904.8235573646107
96929,1904.8235573646107
96930,1904.8235573646107
96931,1904.8235573646107
96932,1904.8235573646107
96933,1904.8235573646107
96934,1904.8235573646107
96935,1904.8235573646107
96936,1904.8235573646107
96937,1904.8235573646107
96938,1904.8235573646107
96939,1904.8235573646107
96940,1904.8235573646107
96941,1904.8235573646107
96942,1904.8235573646107
96943,1904.8235573646107
96944,1904.8235573646107
96945,1904.8235573646107
96946,1904.8235573646107
96947,1904.8235573646107
96948,1904.8235573646107
96949,1904.8235573646107
96950,1904.8235573646107
96951,1904.8235573646107
96952,1904.8235573646107
96953,1904.8235573646107
96954,1904.8235573646107
96955,1904.8235573646107
96956,1904.8235573646107
96957,1904.8235573646107
96958,1904.8235573646107
96959,1904.8235573646107
96960,1904.8235573646107
96961,1904.8235573646107
96962,1904.8235573646107
96963,1904.8235573646107
96964,1904.8235573646107
96965,1904.8235573646107
96966,1904.8235573646107
96967,1904.8235573646107
96968,1904.8235573646107
96969,1904.8235573646107
96970,1904.8235573646107
96971,1904.8235573646107
96972,1904.8235573646107
96973,1904.8235573646107
96974,1904.8235573646107
96975,1904.8235573646107
96976,1904.8235573646107
96977,1904.8235573646107
96978,1904.8235573646107
96979,1904.8235573646107
96980,1904.8235573646107
96981,1904.8235573646107
96982,1904.8235573646107
96983,1904.8235573646107
96984,1904.8235573646107
96985,1904.8235573646107
96986,1904.8235573646107
96987,1904.8235573646107
96988,1904.8235573646107
96989,1904.8235573646107
96990,1904.8235573646107
96991,1904.8235573646107
96992,1904.8235573646107
96993,1904.8235573646107
96994,1904.8235573646107
96995,1904.8235573646107
96996,1904.8235573646107
96997,1904.8235573646107
96998,1904.8235573646107
96999,1904.8235573646107
97000,1904.8235573646107
97001,1904.8235573646107
97002,1904.8235573646107
97003,1904.8235573646107
97004,1904.8235573646107
97005,1904.8235573646107
97006,1904.8235573646107
97007,1904.8235573646107
97008,1904.8235573646107
97009,1904.8235573646107
97010,1904.8235573646107
97011,1904.8235573646107
97012,1904.8235573646107
97013,1904.8235573646107
97014,1904.8235573646107
97015,1904.8235573646107
97016,1904.8235573646107
97017,1904.8235573646107
97018,1904.8235573646107
97019,1904.8235573646107
97020,1904.8235573646107
97021,1904.8235573646107
97022,1904.8235573646107
97023,1904.8235573646107
97024,1904.8235573646107
97025,1904.8235573646107
97026,1904.8235573646107
97027,1904.8235573646107
97028,1904.8235573646107
97029,1904.8235573646107
97030,1904.8235573646107
97031,1904.8235573646107
97032,1904.8235573646107
97033,1904.8235573646107
97034,1904.8235573646107
97035,1904.8235573646107
97036,1904.8235573646107
97037,1904.8235573646107
97038,1904.8235573646107
97039,1904.8235573646107
97040,1904.8235573646107
97041,1904.8235573646107
97042,1904.8235573646107
97043,1904.8235573646107
97044,1904.8235573646107
97045,1904.8235573646107
97046,1904.8235573646107
97047,1904.8235573646107
97048,1904.8235573646107
97049,1904.8235573646107
97050,1904.8235573646107
97051,1904.8235573646107
97052,1904.8235573646107
97053,1904.8235573646107
97054,1904.8235573646107
97055,1904.8235573646107
97056,1904.8235573646107
97057,1904.8235573646107
97058,1904.8235573646107
97059,1904.8235573646107
97060,1904.8235573646107
97061,1904.8235573646107
97062,1904.8235573646107
97063,1904.8235573646107
97064,1904.8235573646107
97065,1904.8235573646107
97066,1904.8235573646107
97067,1904.8235573646107
97068,1904.8235573646107
97069,1904.8235573646107
97070,1904.8235573646107
97071,1904.8235573646107
97072,1904.8235573646107
97073,1904.8235573646107
97074,1904.8235573646107
97075,1904.8235573646107
97076,1904.8235573646107
97077,1904.8235573646107
97078,1904.8235573646107
97079,1904.8235573646107
97080,1904.8235573646107
97081,1904.8235573646107
97082,1904.8235573646107
97083,1904.8235573646107
97084,1904.8235573646107
97085,1904.8235573646107
97086,1904.8235573646107
97087,1904.8235573646107
97088,1904.8235573646107
97089,1904.8235573646107
97090,1904.8235573646107
97091,1904.8235573646107
97092,1904.8235573646107
97093,1904.8235573646107
97094,1904.8235573646107
97095,1904.8235573646107
97096,1904.8235573646107
97097,1904.8235573646107
97098,1904.8235573646107
97099,1904.8235573646107
97100,1904.8235573646107
97101,1904.8235573646107
97102,1904.8235573646107
97103,1904.8235573646107
97104,1904.8235573646107
97105,1904.8235573646107
97106,1904.8235573646107
97107,1904.8235573646107
97108,1904.8235573646107
97109,1904.8235573646107
97110,1904.8235573646107
97111,1904.8235573646107
97112,1904.8235573646107
97113,1904.8235573646107
97114,1904.8235573646107
97115,1904.8235573646107
97116,1904.8235573646107
97117,1904.8235573646107
97118,1904.8235573646107
97119,1904.8235573646107
97120,1904.8235573646107
97121,1904.8235573646107
97122,1904.8235573646107
97123,1904.8235573646107
97124,1904.8235573646107
97125,1904.8235573646107
97126,1904.8235573646107
97127,1904.8235573646107
97128,1904.8235573646107
97129,1904.8235573646107
97130,1904.8235573646107
97131,1904.8235573646107
97132,1904.8235573646107
97133,1904.8235573646107
97134,1904.8235573646107
97135,1904.8235573646107
97136,1904.8235573646107
97137,1904.8235573646107
97138,1904.8235573646107
97139,1904.8235573646107
97140,1904.8235573646107
97141,1904.8235573646107
97142,1904.8235573646107
97143,1904.8235573646107
97144,1904.8235573646107
97145,1904.8235573646107
97146,1904.8235573646107
97147,1904.8235573646107
97148,1904.8235573646107
97149,1904.8235573646107
97150,1904.8235573646107
97151,1904.8235573646107
97152,1904.8235573646107
97153,1904.8235573646107
97154,1904.8235573646107
97155,1904.8235573646107
97156,1904.8235573646107
97157,1904.8235573646107
97158,1904.8235573646107
97159,1904.8235573646107
97160,1904.8235573646107
97161,1904.8235573646107
97162,1904.8235573646107
97163,1904.8235573646107
97164,1904.8235573646107
97165,1904.8235573646107
97166,1904.8235573646107
97167,1904.8235573646107
97168,1904.8235573646107
97169,1904.8235573646107
97170,1904.8235573646107
97171,1904.8235573646107
97172,1904.8235573646107
97173,1904.8235573646107
97174,1904.8235573646107
97175,1904.8235573646107
97176,1904.8235573646107
97177,1904.8235573646107
97178,1904.8235573646107
97179,1904.8235573646107
97180,1904.8235573646107
97181,1904.8235573646107
97182,1904.8235573646107
97183,1904.8235573646107
97184,1904.8235573646107
97185,1904.8235573646107
97186,1904.8235573646107
97187,1904.8235573646107
97188,1904.8235573646107
97189,1904.8235573646107
97190,1904.8235573646107
97191,1904.8235573646107
97192,1904.8235573646107
97193,1904.8235573646107
97194,1904.8235573646107
97195,1904.8235573646107
97196,1904.8235573646107
97197,1904.8235573646107
97198,1904.8235573646107
97199,1904.8235573646107
97200,1904.8235573646107
97201,1904.8235573646107
97202,1904.8235573646107
97203,1904.8235573646107
97204,1904.8235573646107
97205,1904.8235573646107
97206,1904.8235573646107
97207,1904.8235573646107
97208,1904.8235573646107
97209,1904.8235573646107
97210,1904.8235573646107
97211,1904.8235573646107
97212,1904.8235573646107
97213,1904.8235573646107
97214,1904.8235573646107
97215,1904.8235573646107
97216,1904.8235573646107
97217,1904.8235573646107
97218,1904.8235573646107
97219,1904.8235573646107
97220,1904.8235573646107
97221,1904.8235573646107
97222,1904.8235573646107
97223,1904.8235573646107
97224,1904.8235573646107
97225,1904.8235573646107
97226,1904.8235573646107
97227,1904.8235573646107
97228,1904.8235573646107
97229,1904.8235573646107
97230,1904.8235573646107
97231,1904.8235573646107
97232,1904.8235573646107
97233,1904.8235573646107
97234,1904.8235573646107
97235,1904.8235573646107
97236,1904.8235573646107
97237,1904.8235573646107
97238,1904.8235573646107
97239,1904.8235573646107
97240,1904.8235573646107
97241,1904.8235573646107
97242,1904.8235573646107
97243,1904.8235573646107
97244,1904.8235573646107
97245,1904.8235573646107
97246,1904.8235573646107
97247,1904.8235573646107
97248,1904.8235573646107
97249,1904.8235573646107
97250,1904.8235573646107
97251,1904.8235573646107
97252,1904.8235573646107
97253,1904.8235573646107
97254,1904.8235573646107
97255,1904.8235573646107
97256,1904.8235573646107
97257,1904.8235573646107
97258,1904.8235573646107
97259,1904.8235573646107
97260,1904.8235573646107
97261,1904.8235573646107
97262,1904.8235573646107
97263,1904.8235573646107
97264,1904.8235573646107
97265,1904.8235573646107
97266,1904.8235573646107
97267,1904.8235573646107
97268,1904.8235573646107
97269,1904.8235573646107
97270,1904.8235573646107
97271,1904.8235573646107
97272,1904.8235573646107
97273,1904.8235573646107
97274,1904.8235573646107
97275,1904.8235573646107
97276,1904.8235573646107
97277,1904.8235573646107
97278,1904.8235573646107
97279,1904.8235573646107
97280,1904.8235573646107
97281,1904.8235573646107
97282,1904.8235573646107
97283,1904.8235573646107
97284,1904.8235573646107
97285,1904.8235573646107
97286,1904.8235573646107
97287,1904.8235573646107
97288,1904.8235573646107
97289,1904.8235573646107
97290,1904.8235573646107
97291,1904.8235573646107
97292,1904.8235573646107
97293,1904.8235573646107
97294,1904.8235573646107
97295,1904.8235573646107
97296,1904.8235573646107
97297,1904.8235573646107
97298,1904.8235573646107
97299,1904.8235573646107
97300,1904.8235573646107
97301,1904.8235573646107
97302,1904.8235573646107
97303,1904.8235573646107
97304,1904.8235573646107
97305,1904.8235573646107
97306,1904.8235573646107
97307,1904.8235573646107
97308,1904.8235573646107
97309,1904.8235573646107
97310,1904.8235573646107
97311,1904.8235573646107
97312,1904.8235573646107
97313,1904.8235573646107
97314,1904.8235573646107
97315,1904.8235573646107
97316,1904.8235573646107
97317,1904.8235573646107
97318,1904.8235573646107
97319,1904.8235573646107
97320,1904.8235573646107
97321,1904.8235573646107
97322,1904.8235573646107
97323,1904.8235573646107
97324,1904.8235573646107
97325,1904.8235573646107
97326,1904.8235573646107
97327,1904.8235573646107
97328,1904.8235573646107
97329,1904.8235573646107
97330,1904.8235573646107
97331,1904.8235573646107
97332,1904.8235573646107
97333,1904.8235573646107
97334,1904.8235573646107
97335,1904.8235573646107
97336,1904.8235573646107
97337,1904.8235573646107
97338,1904.8235573646107
97339,1904.8235573646107
97340,1904.8235573646107
97341,1904.8235573646107
97342,1904.8235573646107
97343,1904.8235573646107
97344,1904.8235573646107
97345,1904.8235573646107
97346,1904.8235573646107
97347,1904.8235573646107
97348,1904.8235573646107
97349,1904.8235573646107
97350,1904.8235573646107
97351,1904.8235573646107
97352,1904.8235573646107
97353,1904.8235573646107
97354,1904.8235573646107
97355,1904.8235573646107
97356,1904.8235573646107
97357,1904.8235573646107
97358,1904.8235573646107
97359,1904.8235573646107
97360,1904.8235573646107
97361,1904.8235573646107
97362,1904.8235573646107
97363,1904.8235573646107
97364,1904.8235573646107
97365,1904.8235573646107
97366,1904.8235573646107
97367,1904.8235573646107
97368,1904.8235573646107
97369,1904.8235573646107
97370,1904.8235573646107
97371,1904.8235573646107
97372,1904.8235573646107
97373,1904.8235573646107
97374,1904.8235573646107
97375,1904.8235573646107
97376,1904.8235573646107
97377,1904.8235573646107
97378,1904.8235573646107
97379,1904.8235573646107
97380,1904.8235573646107
97381,1904.8235573646107
97382,1904.8235573646107
97383,1904.8235573646107
97384,1904.8235573646107
97385,1904.8235573646107
97386,1904.8235573646107
97387,1904.8235573646107
97388,1904.8235573646107
97389,1904.8235573646107
97390,1904.8235573646107
97391,1904.8235573646107
97392,1904.8235573646107
97393,1904.8235573646107
97394,1904.8235573646107
97395,1904.8235573646107
97396,1904.8235573646107
97397,1904.8235573646107
97398,1904.8235573646107
97399,1904.8235573646107
97400,1904.8235573646107
97401,1904.8235573646107
97402,1904.8235573646107
97403,1904.8235573646107
97404,1904.8235573646107
97405,1904.8235573646107
97406,1904.8235573646107
97407,1904.8235573646107
97408,1904.8235573646107
97409,1904.8235573646107
97410,1904.8235573646107
97411,1904.8235573646107
97412,1904.8235573646107
97413,1904.8235573646107
97414,1904.8235573646107
97415,1904.8235573646107
97416,1904.8235573646107
97417,1904.8235573646107
97418,1904.8235573646107
97419,1904.8235573646107
97420,1904.8235573646107
97421,1904.8235573646107
97422,1904.8235573646107
97423,1904.8235573646107
97424,1904.8235573646107
97425,1904.8235573646107
97426,1904.8235573646107
97427,1904.8235573646107
97428,1904.8235573646107
97429,1904.8235573646107
97430,1904.8235573646107
97431,1904.8235573646107
97432,1904.8235573646107
97433,1904.8235573646107
97434,1904.8235573646107
97435,1904.8235573646107
97436,1904.8235573646107
97437,1904.8235573646107
97438,1904.8235573646107
97439,1904.8235573646107
97440,1904.8235573646107
97441,1904.8235573646107
97442,1904.8235573646107
97443,1904.8235573646107
97444,1904.8235573646107
97445,1904.8235573646107
97446,1904.8235573646107
97447,1904.8235573646107
97448,1904.8235573646107
97449,1904.8235573646107
97450,1904.8235573646107
97451,1904.8235573646107
97452,1904.8235573646107
97453,1904.8235573646107
97454,1904.8235573646107
97455,1904.8235573646107
97456,1904.8235573646107
97457,1904.8235573646107
97458,1904.8235573646107
97459,1904.8235573646107
97460,1904.8235573646107
97461,1904.8235573646107
97462,1904.8235573646107
97463,1904.8235573646107
97464,1904.8235573646107
97465,1904.8235573646107
97466,1904.8235573646107
97467,1904.8235573646107
97468,1904.8235573646107
97469,1904.8235573646107
97470,1904.8235573646107
97471,1904.8235573646107
97472,1904.8235573646107
97473,1904.8235573646107
97474,1904.8235573646107
97475,1904.8235573646107
97476,1904.8235573646107
97477,1904.8235573646107
97478,1904.8235573646107
97479,1904.8235573646107
97480,1904.8235573646107
97481,1904.8235573646107
97482,1904.8235573646107
97483,1904.8235573646107
97484,1904.8235573646107
97485,1904.8235573646107
97486,1904.8235573646107
97487,1904.8235573646107
97488,1904.8235573646107
97489,1904.8235573646107
97490,1904.8235573646107
97491,1904.8235573646107
97492,1904.8235573646107
97493,1904.8235573646107
97494,1904.8235573646107
97495,1904.8235573646107
97496,1904.8235573646107
97497,1904.8235573646107
97498,1904.8235573646107
97499,1904.8235573646107
97500,1904.8235573646107
97501,1904.8235573646107
97502,1904.8235573646107
97503,1904.8235573646107
97504,1904.8235573646107
97505,1904.8235573646107
97506,1904.8235573646107
97507,1904.8235573646107
97508,1904.8235573646107
97509,1904.8235573646107
97510,1904.8235573646107
97511,1904.8235573646107
97512,1904.8235573646107
97513,1904.8235573646107
97514,1904.8235573646107
97515,1904.8235573646107
97516,1904.8235573646107
97517,1904.8235573646107
97518,1904.8235573646107
97519,1904.8235573646107
97520,1904.8235573646107
97521,1904.8235573646107
97522,1904.8235573646107
97523,1904.8235573646107
97524,1904.8235573646107
97525,1904.8235573646107
97526,1904.8235573646107
97527,1904.8235573646107
97528,1904.8235573646107
97529,1904.8235573646107
97530,1904.8235573646107
97531,1904.8235573646107
97532,1904.8235573646107
97533,1904.8235573646107
97534,1904.8235573646107
97535,1904.8235573646107
97536,1904.8235573646107
97537,1904.8235573646107
97538,1904.8235573646107
97539,1904.8235573646107
97540,1904.8235573646107
97541,1904.8235573646107
97542,1904.8235573646107
97543,1904.8235573646107
97544,1904.8235573646107
97545,1904.8235573646107
97546,1904.8235573646107
97547,1904.8235573646107
97548,1904.8235573646107
97549,1904.8235573646107
97550,1904.8235573646107
97551,1904.8235573646107
97552,1904.8235573646107
97553,1904.8235573646107
97554,1904.8235573646107
97555,1904.8235573646107
97556,1904.8235573646107
97557,1904.8235573646107
97558,1904.8235573646107
97559,1904.8235573646107
97560,1904.8235573646107
97561,1904.8235573646107
97562,1904.8235573646107
97563,1904.8235573646107
97564,1904.8235573646107
97565,1904.8235573646107
97566,1904.8235573646107
97567,1904.8235573646107
97568,1904.8235573646107
97569,1904.8235573646107
97570,1904.8235573646107
97571,1904.8235573646107
97572,1904.8235573646107
97573,1904.8235573646107
97574,1904.8235573646107
97575,1904.8235573646107
97576,1904.8235573646107
97577,1904.8235573646107
97578,1904.8235573646107
97579,1904.8235573646107
97580,1904.8235573646107
97581,1904.8235573646107
97582,1904.8235573646107
97583,1904.8235573646107
97584,1904.8235573646107
97585,1904.8235573646107
97586,1904.8235573646107
97587,1904.8235573646107
97588,1904.8235573646107
97589,1904.8235573646107
97590,1904.8235573646107
97591,1904.8235573646107
97592,1904.8235573646107
97593,1904.8235573646107
97594,1904.8235573646107
97595,1904.8235573646107
97596,1904.8235573646107
97597,1904.8235573646107
97598,1904.8235573646107
97599,1904.8235573646107
97600,1904.8235573646107
97601,1904.8235573646107
97602,1904.8235573646107
97603,1904.8235573646107
97604,1904.8235573646107
97605,1904.8235573646107
97606,1904.8235573646107
97607,1904.8235573646107
97608,1904.8235573646107
97609,1904.8235573646107
97610,1904.8235573646107
97611,1904.8235573646107
97612,1904.8235573646107
97613,1904.8235573646107
97614,1904.8235573646107
97615,1904.8235573646107
97616,1904.8235573646107
97617,1904.8235573646107
97618,1904.8235573646107
97619,1904.8235573646107
97620,1904.8235573646107
97621,1904.8235573646107
97622,1904.8235573646107
97623,1904.8235573646107
97624,1904.8235573646107
97625,1904.8235573646107
97626,1904.8235573646107
97627,1904.8235573646107
97628,1904.8235573646107
97629,1904.8235573646107
97630,1904.8235573646107
97631,1904.8235573646107
97632,1904.8235573646107
97633,1904.8235573646107
97634,1904.8235573646107
97635,1904.8235573646107
97636,1904.8235573646107
97637,1904.8235573646107
97638,1904.8235573646107
97639,1904.8235573646107
97640,1904.8235573646107
97641,1904.8235573646107
97642,1904.8235573646107
97643,1904.8235573646107
97644,1904.8235573646107
97645,1904.8235573646107
97646,1904.8235573646107
97647,1904.8235573646107
97648,1904.8235573646107
97649,1904.8235573646107
97650,1904.8235573646107
97651,1904.8235573646107
97652,1904.8235573646107
97653,1904.8235573646107
97654,1904.8235573646107
97655,1904.8235573646107
97656,1904.8235573646107
97657,1904.8235573646107
97658,1904.8235573646107
97659,1904.8235573646107
97660,1904.8235573646107
97661,1904.8235573646107
97662,1904.8235573646107
97663,1904.8235573646107
97664,1904.8235573646107
97665,1904.8235573646107
97666,1904.8235573646107
97667,1904.8235573646107
97668,1904.8235573646107
97669,1904.8235573646107
97670,1904.8235573646107
97671,1904.8235573646107
97672,1904.8235573646107
97673,1904.8235573646107
97674,1904.8235573646107
97675,1904.8235573646107
97676,1904.8235573646107
97677,1904.8235573646107
97678,1904.8235573646107
97679,1904.8235573646107
97680,1904.8235573646107
97681,1904.8235573646107
97682,1904.8235573646107
97683,1904.8235573646107
97684,1904.8235573646107
97685,1904.8235573646107
97686,1904.8235573646107
97687,1904.8235573646107
97688,1904.8235573646107
97689,1904.8235573646107
97690,1904.8235573646107
97691,1904.8235573646107
97692,1904.8235573646107
97693,1904.8235573646107
97694,1904.8235573646107
97695,1904.8235573646107
97696,1904.8235573646107
97697,1904.8235573646107
97698,1904.8235573646107
97699,1904.8235573646107
97700,1904.8235573646107
97701,1904.8235573646107
97702,1904.8235573646107
97703,1904.8235573646107
97704,1904.8235573646107
97705,1904.8235573646107
97706,1904.8235573646107
97707,1904.8235573646107
97708,1904.8235573646107
97709,1904.8235573646107
97710,1904.8235573646107
97711,1904.8235573646107
97712,1904.8235573646107
97713,1904.8235573646107
97714,1904.8235573646107
97715,1904.8235573646107
97716,1904.8235573646107
97717,1904.8235573646107
97718,1904.8235573646107
97719,1904.8235573646107
97720,1904.8235573646107
97721,1904.8235573646107
97722,1904.8235573646107
97723,1904.8235573646107
97724,1904.8235573646107
97725,1904.8235573646107
97726,1904.8235573646107
97727,1904.8235573646107
97728,1904.8235573646107
97729,1904.8235573646107
97730,1904.8235573646107
97731,1904.8235573646107
97732,1904.8235573646107
97733,1904.8235573646107
97734,1904.8235573646107
97735,1904.8235573646107
97736,1904.8235573646107
97737,1904.8235573646107
97738,1904.8235573646107
97739,1904.8235573646107
97740,1904.8235573646107
97741,1904.8235573646107
97742,1904.8235573646107
97743,1904.8235573646107
97744,1904.8235573646107
97745,1904.8235573646107
97746,1904.8235573646107
97747,1904.8235573646107
97748,1904.8235573646107
97749,1904.8235573646107
97750,1904.8235573646107
97751,1904.8235573646107
97752,1904.8235573646107
97753,1904.8235573646107
97754,1904.8235573646107
97755,1904.8235573646107
97756,1904.8235573646107
97757,1904.8235573646107
97758,1904.8235573646107
97759,1904.8235573646107
97760,1904.8235573646107
97761,1904.8235573646107
97762,1904.8235573646107
97763,1904.8235573646107
97764,1904.8235573646107
97765,1904.8235573646107
97766,1904.8235573646107
97767,1904.8235573646107
97768,1904.8235573646107
97769,1904.8235573646107
97770,1904.8235573646107
97771,1904.8235573646107
97772,1904.8235573646107
97773,1904.8235573646107
97774,1904.8235573646107
97775,1904.8235573646107
97776,1904.8235573646107
97777,1904.8235573646107
97778,1904.8235573646107
97779,1904.8235573646107
97780,1904.8235573646107
97781,1904.8235573646107
97782,1904.8235573646107
97783,1904.8235573646107
97784,1904.8235573646107
97785,1904.8235573646107
97786,1904.8235573646107
97787,1904.8235573646107
97788,1904.8235573646107
97789,1904.8235573646107
97790,1904.8235573646107
97791,1904.8235573646107
97792,1904.8235573646107
97793,1904.8235573646107
97794,1904.8235573646107
97795,1904.8235573646107
97796,1904.8235573646107
97797,1904.8235573646107
97798,1904.8235573646107
97799,1904.8235573646107
97800,1904.8235573646107
97801,1904.8235573646107
97802,1904.8235573646107
97803,1904.8235573646107
97804,1904.8235573646107
97805,1904.8235573646107
97806,1904.8235573646107
97807,1904.8235573646107
97808,1904.8235573646107
97809,1904.8235573646107
97810,1904.8235573646107
97811,1904.8235573646107
97812,1904.8235573646107
97813,1904.8235573646107
97814,1904.8235573646107
97815,1904.8235573646107
97816,1904.8235573646107
97817,1904.8235573646107
97818,1904.8235573646107
97819,1904.8235573646107
97820,1904.8235573646107
97821,1904.8235573646107
97822,1904.8235573646107
97823,1904.8235573646107
97824,1904.8235573646107
97825,1904.8235573646107
97826,1904.8235573646107
97827,1904.8235573646107
97828,1904.8235573646107
97829,1904.8235573646107
97830,1904.8235573646107
97831,1904.8235573646107
97832,1904.8235573646107
97833,1904.8235573646107
97834,1904.8235573646107
97835,1904.8235573646107
97836,1904.8235573646107
97837,1904.8235573646107
97838,1904.8235573646107
97839,1904.8235573646107
97840,1904.8235573646107
97841,1904.8235573646107
97842,1904.8235573646107
97843,1904.8235573646107
97844,1904.8235573646107
97845,1904.8235573646107
97846,1904.8235573646107
97847,1904.8235573646107
97848,1904.8235573646107
97849,1904.8235573646107
97850,1904.8235573646107
97851,1904.8235573646107
97852,1904.8235573646107
97853,1904.8235573646107
97854,1904.8235573646107
97855,1904.8235573646107
97856,1904.8235573646107
97857,1904.8235573646107
97858,1904.8235573646107
97859,1904.8235573646107
97860,1904.8235573646107
97861,1904.8235573646107
97862,1904.8235573646107
97863,1904.8235573646107
97864,1904.8235573646107
97865,1904.8235573646107
97866,1904.8235573646107
97867,1904.8235573646107
97868,1904.8235573646107
97869,1904.8235573646107
97870,1904.8235573646107
97871,1904.8235573646107
97872,1904.8235573646107
97873,1904.8235573646107
97874,1904.8235573646107
97875,1904.8235573646107
97876,1904.8235573646107
97877,1904.8235573646107
97878,1904.8235573646107
97879,1904.8235573646107
97880,1904.8235573646107
97881,1904.8235573646107
97882,1904.8235573646107
97883,1904.8235573646107
97884,1904.8235573646107
97885,1904.8235573646107
97886,1904.8235573646107
97887,1904.8235573646107
97888,1904.8235573646107
97889,1904.8235573646107
97890,1904.8235573646107
97891,1904.8235573646107
97892,1904.8235573646107
97893,1904.8235573646107
97894,1904.8235573646107
97895,1904.8235573646107
97896,1904.8235573646107
97897,1904.8235573646107
97898,1904.8235573646107
97899,1904.8235573646107
97900,1904.8235573646107
97901,1904.8235573646107
97902,1904.8235573646107
97903,1904.8235573646107
97904,1904.8235573646107
97905,1904.8235573646107
97906,1904.8235573646107
97907,1904.8235573646107
97908,1904.8235573646107
97909,1904.8235573646107
97910,1904.8235573646107
97911,1904.8235573646107
97912,1904.8235573646107
97913,1904.8235573646107
97914,1904.8235573646107
97915,1904.8235573646107
97916,1904.8235573646107
97917,1904.8235573646107
97918,1904.8235573646107
97919,1904.8235573646107
97920,1904.8235573646107
97921,1904.8235573646107
97922,1904.8235573646107
97923,1904.8235573646107
97924,1904.8235573646107
97925,1904.8235573646107
97926,1904.8235573646107
97927,1904.8235573646107
97928,1904.8235573646107
97929,1904.8235573646107
97930,1904.8235573646107
97931,1904.8235573646107
97932,1904.8235573646107
97933,1904.8235573646107
97934,1904.8235573646107
97935,1904.8235573646107
97936,1904.8235573646107
97937,1904.8235573646107
97938,1904.8235573646107
97939,1904.8235573646107
97940,1904.8235573646107
97941,1904.8235573646107
97942,1904.8235573646107
97943,1904.8235573646107
97944,1904.8235573646107
97945,1904.8235573646107
97946,1904.8235573646107
97947,1904.8235573646107
97948,1904.8235573646107
97949,1904.8235573646107
97950,1904.8235573646107
97951,1904.8235573646107
97952,1904.8235573646107
97953,1904.8235573646107
97954,1904.8235573646107
97955,1904.8235573646107
97956,1904.8235573646107
97957,1904.8235573646107
97958,1904.8235573646107
97959,1904.8235573646107
97960,1904.8235573646107
97961,1904.8235573646107
97962,1904.8235573646107
97963,1904.8235573646107
97964,1904.8235573646107
97965,1904.8235573646107
97966,1904.8235573646107
97967,1904.8235573646107
97968,1904.8235573646107
97969,1904.8235573646107
97970,1904.8235573646107
97971,1904.8235573646107
97972,1904.8235573646107
97973,1904.8235573646107
97974,1904.8235573646107
97975,1904.8235573646107
97976,1904.8235573646107
97977,1904.8235573646107
97978,1904.8235573646107
97979,1904.8235573646107
97980,1904.8235573646107
97981,1904.8235573646107
97982,1904.8235573646107
97983,1904.8235573646107
97984,1904.8235573646107
97985,1904.8235573646107
97986,1904.8235573646107
97987,1904.8235573646107
97988,1904.8235573646107
97989,1904.8235573646107
97990,1904.8235573646107
97991,1904.8235573646107
97992,1904.8235573646107
97993,1904.8235573646107
97994,1904.8235573646107
97995,1904.8235573646107
97996,1904.8235573646107
97997,1904.8235573646107
97998,1904.8235573646107
97999,1904.8235573646107
98000,1904.8235573646107
98001,1904.8235573646107
98002,1904.8235573646107
98003,1904.8235573646107
98004,1904.8235573646107
98005,1904.8235573646107
98006,1904.8235573646107
98007,1904.8235573646107
98008,1904.8235573646107
98009,1904.8235573646107
98010,1904.8235573646107
98011,1904.8235573646107
98012,1904.8235573646107
98013,1904.8235573646107
98014,1904.8235573646107
98015,1904.8235573646107
98016,1904.8235573646107
98017,1904.8235573646107
98018,1904.8235573646107
98019,1904.8235573646107
98020,1904.8235573646107
98021,1904.8235573646107
98022,1904.8235573646107
98023,1904.8235573646107
98024,1904.8235573646107
98025,1904.8235573646107
98026,1904.8235573646107
98027,1904.8235573646107
98028,1904.8235573646107
98029,1904.8235573646107
98030,1904.8235573646107
98031,1904.8235573646107
98032,1904.8235573646107
98033,1904.8235573646107
98034,1904.8235573646107
98035,1904.8235573646107
98036,1904.8235573646107
98037,1904.8235573646107
98038,1904.8235573646107
98039,1904.8235573646107
98040,1904.8235573646107
98041,1904.8235573646107
98042,1904.8235573646107
98043,1904.8235573646107
98044,1904.8235573646107
98045,1904.8235573646107
98046,1904.8235573646107
98047,1904.8235573646107
98048,1904.8235573646107
98049,1904.8235573646107
98050,1904.8235573646107
98051,1904.8235573646107
98052,1904.8235573646107
98053,1904.8235573646107
98054,1904.8235573646107
98055,1904.8235573646107
98056,1904.8235573646107
98057,1904.8235573646107
98058,1904.8235573646107
98059,1904.8235573646107
98060,1904.8235573646107
98061,1904.8235573646107
98062,1904.8235573646107
98063,1904.8235573646107
98064,1904.8235573646107
98065,1904.8235573646107
98066,1904.8235573646107
98067,1904.8235573646107
98068,1904.8235573646107
98069,1904.8235573646107
98070,1904.8235573646107
98071,1904.8235573646107
98072,1904.8235573646107
98073,1904.8235573646107
98074,1904.8235573646107
98075,1904.8235573646107
98076,1904.8235573646107
98077,1904.8235573646107
98078,1904.8235573646107
98079,1904.8235573646107
98080,1904.8235573646107
98081,1904.8235573646107
98082,1904.8235573646107
98083,1904.8235573646107
98084,1904.8235573646107
98085,1904.8235573646107
98086,1904.8235573646107
98087,1904.8235573646107
98088,1904.8235573646107
98089,1904.8235573646107
98090,1904.8235573646107
98091,1904.8235573646107
98092,1904.8235573646107
98093,1904.8235573646107
98094,1904.8235573646107
98095,1904.8235573646107
98096,1904.8235573646107
98097,1904.8235573646107
98098,1904.8235573646107
98099,1904.8235573646107
98100,1904.8235573646107
98101,1904.8235573646107
98102,1904.8235573646107
98103,1904.8235573646107
98104,1904.8235573646107
98105,1904.8235573646107
98106,1904.8235573646107
98107,1904.8235573646107
98108,1904.8235573646107
98109,1904.8235573646107
98110,1904.8235573646107
98111,1904.8235573646107
98112,1904.8235573646107
98113,1904.8235573646107
98114,1904.8235573646107
98115,1904.8235573646107
98116,1904.8235573646107
98117,1904.8235573646107
98118,1904.8235573646107
98119,1904.8235573646107
98120,1904.8235573646107
98121,1904.8235573646107
98122,1904.8235573646107
98123,1904.8235573646107
98124,1904.8235573646107
98125,1904.8235573646107
98126,1904.8235573646107
98127,1904.8235573646107
98128,1904.8235573646107
98129,1904.8235573646107
98130,1904.8235573646107
98131,1904.8235573646107
98132,1904.8235573646107
98133,1904.8235573646107
98134,1904.8235573646107
98135,1904.8235573646107
98136,1904.8235573646107
98137,1904.8235573646107
98138,1904.8235573646107
98139,1904.8235573646107
98140,1904.8235573646107
98141,1904.8235573646107
98142,1904.8235573646107
98143,1904.8235573646107
98144,1904.8235573646107
98145,1904.8235573646107
98146,1904.8235573646107
98147,1904.8235573646107
98148,1904.8235573646107
98149,1904.8235573646107
98150,1904.8235573646107
98151,1904.8235573646107
98152,1904.8235573646107
98153,1904.8235573646107
98154,1904.8235573646107
98155,1904.8235573646107
98156,1904.8235573646107
98157,1904.8235573646107
98158,1904.8235573646107
98159,1904.8235573646107
98160,1904.8235573646107
98161,1904.8235573646107
98162,1904.8235573646107
98163,1904.8235573646107
98164,1904.8235573646107
98165,1904.8235573646107
98166,1904.8235573646107
98167,1904.8235573646107
98168,1904.8235573646107
98169,1904.8235573646107
98170,1904.8235573646107
98171,1904.8235573646107
98172,1904.8235573646107
98173,1904.8235573646107
98174,1904.8235573646107
98175,1904.8235573646107
98176,1904.8235573646107
98177,1904.8235573646107
98178,1904.8235573646107
98179,1904.8235573646107
98180,1904.8235573646107
98181,1904.8235573646107
98182,1904.8235573646107
98183,1904.8235573646107
98184,1904.8235573646107
98185,1904.8235573646107
98186,1904.8235573646107
98187,1904.8235573646107
98188,1904.8235573646107
98189,1904.8235573646107
98190,1904.8235573646107
98191,1904.8235573646107
98192,1904.8235573646107
98193,1904.8235573646107
98194,1904.8235573646107
98195,1904.8235573646107
98196,1904.8235573646107
98197,1904.8235573646107
98198,1904.8235573646107
98199,1904.8235573646107
98200,1904.8235573646107
98201,1904.8235573646107
98202,1904.8235573646107
98203,1904.8235573646107
98204,1904.8235573646107
98205,1904.8235573646107
98206,1904.8235573646107
98207,1904.8235573646107
98208,1904.8235573646107
98209,1904.8235573646107
98210,1904.8235573646107
98211,1904.8235573646107
98212,1904.8235573646107
98213,1904.8235573646107
98214,1904.8235573646107
98215,1904.8235573646107
98216,1904.8235573646107
98217,1904.8235573646107
98218,1904.8235573646107
98219,1904.8235573646107
98220,1904.8235573646107
98221,1904.8235573646107
98222,1904.8235573646107
98223,1904.8235573646107
98224,1904.8235573646107
98225,1904.8235573646107
98226,1904.8235573646107
98227,1904.8235573646107
98228,1904.8235573646107
98229,1904.8235573646107
98230,1904.8235573646107
98231,1904.8235573646107
98232,1904.8235573646107
98233,1904.8235573646107
98234,1904.8235573646107
98235,1904.8235573646107
98236,1904.8235573646107
98237,1904.8235573646107
98238,1904.8235573646107
98239,1904.8235573646107
98240,1904.8235573646107
98241,1904.8235573646107
98242,1904.8235573646107
98243,1904.8235573646107
98244,1904.8235573646107
98245,1904.8235573646107
98246,1904.8235573646107
98247,1904.8235573646107
98248,1904.8235573646107
98249,1904.8235573646107
98250,1904.8235573646107
98251,1904.8235573646107
98252,1904.8235573646107
98253,1904.8235573646107
98254,1904.8235573646107
98255,1904.8235573646107
98256,1904.8235573646107
98257,1904.8235573646107
98258,1904.8235573646107
98259,1904.8235573646107
98260,1904.8235573646107
98261,1904.8235573646107
98262,1904.8235573646107
98263,1904.8235573646107
98264,1904.8235573646107
98265,1904.8235573646107
98266,1904.8235573646107
98267,1904.8235573646107
98268,1904.8235573646107
98269,1904.8235573646107
98270,1904.8235573646107
98271,1904.8235573646107
98272,1904.8235573646107
98273,1904.8235573646107
98274,1904.8235573646107
98275,1904.8235573646107
98276,1904.8235573646107
98277,1904.8235573646107
98278,1904.8235573646107
98279,1904.8235573646107
98280,1904.8235573646107
98281,1904.8235573646107
98282,1904.8235573646107
98283,1904.8235573646107
98284,1904.8235573646107
98285,1904.8235573646107
98286,1904.8235573646107
98287,1904.8235573646107
98288,1904.8235573646107
98289,1904.8235573646107
98290,1904.8235573646107
98291,1904.8235573646107
98292,1904.8235573646107
98293,1904.8235573646107
98294,1904.8235573646107
98295,1904.8235573646107
98296,1904.8235573646107
98297,1904.8235573646107
98298,1904.8235573646107
98299,1904.8235573646107
98300,1904.8235573646107
98301,1904.8235573646107
98302,1904.8235573646107
98303,1904.8235573646107
98304,1904.8235573646107
98305,1904.8235573646107
98306,1904.8235573646107
98307,1904.8235573646107
98308,1904.8235573646107
98309,1904.8235573646107
98310,1904.8235573646107
98311,1904.8235573646107
98312,1904.8235573646107
98313,1904.8235573646107
98314,1904.8235573646107
98315,1904.8235573646107
98316,1904.8235573646107
98317,1904.8235573646107
98318,1904.8235573646107
98319,1904.8235573646107
98320,1904.8235573646107
98321,1904.8235573646107
98322,1904.8235573646107
98323,1904.8235573646107
98324,1904.8235573646107
98325,1904.8235573646107
98326,1904.8235573646107
98327,1904.8235573646107
98328,1904.8235573646107
98329,1904.8235573646107
98330,1904.8235573646107
98331,1904.8235573646107
98332,1904.8235573646107
98333,1904.8235573646107
98334,1904.8235573646107
98335,1904.8235573646107
98336,1904.8235573646107
98337,1904.8235573646107
98338,1904.8235573646107
98339,1904.8235573646107
98340,1904.8235573646107
98341,1904.8235573646107
98342,1904.8235573646107
98343,1904.8235573646107
98344,1904.8235573646107
98345,1904.8235573646107
98346,1904.8235573646107
98347,1904.8235573646107
98348,1904.8235573646107
98349,1904.8235573646107
98350,1904.8235573646107
98351,1904.8235573646107
98352,1904.8235573646107
98353,1904.8235573646107
98354,1904.8235573646107
98355,1904.8235573646107
98356,1904.8235573646107
98357,1904.8235573646107
98358,1904.8235573646107
98359,1904.8235573646107
98360,1904.8235573646107
98361,1904.8235573646107
98362,1904.8235573646107
98363,1904.8235573646107
98364,1904.8235573646107
98365,1904.8235573646107
98366,1904.8235573646107
98367,1904.8235573646107
98368,1904.8235573646107
98369,1904.8235573646107
98370,1904.8235573646107
98371,1904.8235573646107
98372,1904.8235573646107
98373,1904.8235573646107
98374,1904.8235573646107
98375,1904.8235573646107
98376,1904.8235573646107
98377,1904.8235573646107
98378,1904.8235573646107
98379,1904.8235573646107
98380,1904.8235573646107
98381,1904.8235573646107
98382,1904.8235573646107
98383,1904.8235573646107
98384,1904.8235573646107
98385,1904.8235573646107
98386,1904.8235573646107
98387,1904.8235573646107
98388,1904.8235573646107
98389,1904.8235573646107
98390,1904.8235573646107
98391,1904.8235573646107
98392,1904.8235573646107
98393,1904.8235573646107
98394,1904.8235573646107
98395,1904.8235573646107
98396,1904.8235573646107
98397,1904.8235573646107
98398,1904.8235573646107
98399,1904.8235573646107
98400,1904.8235573646107
98401,1904.8235573646107
98402,1904.8235573646107
98403,1904.8235573646107
98404,1904.8235573646107
98405,1904.8235573646107
98406,1904.8235573646107
98407,1904.8235573646107
98408,1904.8235573646107
98409,1904.8235573646107
98410,1904.8235573646107
98411,1904.8235573646107
98412,1904.8235573646107
98413,1904.8235573646107
98414,1904.8235573646107
98415,1904.8235573646107
98416,1904.8235573646107
98417,1904.8235573646107
98418,1904.8235573646107
98419,1904.8235573646107
98420,1904.8235573646107
98421,1904.8235573646107
98422,1904.8235573646107
98423,1904.8235573646107
98424,1904.8235573646107
98425,1904.8235573646107
98426,1904.8235573646107
98427,1904.8235573646107
98428,1904.8235573646107
98429,1904.8235573646107
98430,1904.8235573646107
98431,1904.8235573646107
98432,1904.8235573646107
98433,1904.8235573646107
98434,1904.8235573646107
98435,1904.8235573646107
98436,1904.8235573646107
98437,1904.8235573646107
98438,1904.8235573646107
98439,1904.8235573646107
98440,1904.8235573646107
98441,1904.8235573646107
98442,1904.8235573646107
98443,1904.8235573646107
98444,1904.8235573646107
98445,1904.8235573646107
98446,1904.8235573646107
98447,1904.8235573646107
98448,1904.8235573646107
98449,1904.8235573646107
98450,1904.8235573646107
98451,1904.8235573646107
98452,1904.8235573646107
98453,1904.8235573646107
98454,1904.8235573646107
98455,1904.8235573646107
98456,1904.8235573646107
98457,1904.8235573646107
98458,1904.8235573646107
98459,1904.8235573646107
98460,1904.8235573646107
98461,1904.8235573646107
98462,1904.8235573646107
98463,1904.8235573646107
98464,1904.8235573646107
98465,1904.8235573646107
98466,1904.8235573646107
98467,1904.8235573646107
98468,1904.8235573646107
98469,1904.8235573646107
98470,1904.8235573646107
98471,1904.8235573646107
98472,1904.8235573646107
98473,1904.8235573646107
98474,1904.8235573646107
98475,1904.8235573646107
98476,1904.8235573646107
98477,1904.8235573646107
98478,1904.8235573646107
98479,1904.8235573646107
98480,1904.8235573646107
98481,1904.8235573646107
98482,1904.8235573646107
98483,1904.8235573646107
98484,1904.8235573646107
98485,1904.8235573646107
98486,1904.8235573646107
98487,1904.8235573646107
98488,1904.8235573646107
98489,1904.8235573646107
98490,1904.8235573646107
98491,1904.8235573646107
98492,1904.8235573646107
98493,1904.8235573646107
98494,1904.8235573646107
98495,1904.8235573646107
98496,1904.8235573646107
98497,1904.8235573646107
98498,1904.8235573646107
98499,1904.8235573646107
98500,1904.8235573646107
98501,1904.8235573646107
98502,1904.8235573646107
98503,1904.8235573646107
98504,1904.8235573646107
98505,1904.8235573646107
98506,1904.8235573646107
98507,1904.8235573646107
98508,1904.8235573646107
98509,1904.8235573646107
98510,1904.8235573646107
98511,1904.8235573646107
98512,1904.8235573646107
98513,1904.8235573646107
98514,1904.8235573646107
98515,1904.8235573646107
98516,1904.8235573646107
98517,1904.8235573646107
98518,1904.8235573646107
98519,1904.8235573646107
98520,1904.8235573646107
98521,1904.8235573646107
98522,1904.8235573646107
98523,1904.8235573646107
98524,1904.8235573646107
98525,1904.8235573646107
98526,1904.8235573646107
98527,1904.8235573646107
98528,1904.8235573646107
98529,1904.8235573646107
98530,1904.8235573646107
98531,1904.8235573646107
98532,1904.8235573646107
98533,1904.8235573646107
98534,1904.8235573646107
98535,1904.8235573646107
98536,1904.8235573646107
98537,1904.8235573646107
98538,1904.8235573646107
98539,1904.8235573646107
98540,1904.8235573646107
98541,1904.8235573646107
98542,1904.8235573646107
98543,1904.8235573646107
98544,1904.8235573646107
98545,1904.8235573646107
98546,1904.8235573646107
98547,1904.8235573646107
98548,1904.8235573646107
98549,1904.8235573646107
98550,1904.8235573646107
98551,1904.8235573646107
98552,1904.8235573646107
98553,1904.8235573646107
98554,1904.8235573646107
98555,1904.8235573646107
98556,1904.8235573646107
98557,1904.8235573646107
98558,1904.8235573646107
98559,1904.8235573646107
98560,1904.8235573646107
98561,1904.8235573646107
98562,1904.8235573646107
98563,1904.8235573646107
98564,1904.8235573646107
98565,1904.8235573646107
98566,1904.8235573646107
98567,1904.8235573646107
98568,1904.8235573646107
98569,1904.8235573646107
98570,1904.8235573646107
98571,1904.8235573646107
98572,1904.8235573646107
98573,1904.8235573646107
98574,1904.8235573646107
98575,1904.8235573646107
98576,1904.8235573646107
98577,1904.8235573646107
98578,1904.8235573646107
98579,1904.8235573646107
98580,1904.8235573646107
98581,1904.8235573646107
98582,1904.8235573646107
98583,1904.8235573646107
98584,1904.8235573646107
98585,1904.8235573646107
98586,1904.8235573646107
98587,1904.8235573646107
98588,1904.8235573646107
98589,1904.8235573646107
98590,1904.8235573646107
98591,1904.8235573646107
98592,1904.8235573646107
98593,1904.8235573646107
98594,1904.8235573646107
98595,1904.8235573646107
98596,1904.8235573646107
98597,1904.8235573646107
98598,1904.8235573646107
98599,1904.8235573646107
98600,1904.8235573646107
98601,1904.8235573646107
98602,1904.8235573646107
98603,1904.8235573646107
98604,1904.8235573646107
98605,1904.8235573646107
98606,1904.8235573646107
98607,1904.8235573646107
98608,1904.8235573646107
98609,1904.8235573646107
98610,1904.8235573646107
98611,1904.8235573646107
98612,1904.8235573646107
98613,1904.8235573646107
98614,1904.8235573646107
98615,1904.8235573646107
98616,1904.8235573646107
98617,1904.8235573646107
98618,1904.8235573646107
98619,1904.8235573646107
98620,1904.8235573646107
98621,1904.8235573646107
98622,1904.8235573646107
98623,1904.8235573646107
98624,1904.8235573646107
98625,1904.8235573646107
98626,1904.8235573646107
98627,1904.8235573646107
98628,1904.8235573646107
98629,1904.8235573646107
98630,1904.8235573646107
98631,1904.8235573646107
98632,1904.8235573646107
98633,1904.8235573646107
98634,1904.8235573646107
98635,1904.8235573646107
98636,1904.8235573646107
98637,1904.8235573646107
98638,1904.8235573646107
98639,1904.8235573646107
98640,1904.8235573646107
98641,1904.8235573646107
98642,1904.8235573646107
98643,1904.8235573646107
98644,1904.8235573646107
98645,1904.8235573646107
98646,1904.8235573646107
98647,1904.8235573646107
98648,1904.8235573646107
98649,1904.8235573646107
98650,1904.8235573646107
98651,1904.8235573646107
98652,1904.8235573646107
98653,1904.8235573646107
98654,1904.8235573646107
98655,1904.8235573646107
98656,1904.8235573646107
98657,1904.8235573646107
98658,1904.8235573646107
98659,1904.8235573646107
98660,1904.8235573646107
98661,1904.8235573646107
98662,1904.8235573646107
98663,1904.8235573646107
98664,1904.8235573646107
98665,1904.8235573646107
98666,1904.8235573646107
98667,1904.8235573646107
98668,1904.8235573646107
98669,1904.8235573646107
98670,1904.8235573646107
98671,1904.8235573646107
98672,1904.8235573646107
98673,1904.8235573646107
98674,1904.8235573646107
98675,1904.8235573646107
98676,1904.8235573646107
98677,1904.8235573646107
98678,1904.8235573646107
98679,1904.8235573646107
98680,1904.8235573646107
98681,1904.8235573646107
98682,1904.8235573646107
98683,1904.8235573646107
98684,1904.8235573646107
98685,1904.8235573646107
98686,1904.8235573646107
98687,1904.8235573646107
98688,1904.8235573646107
98689,1904.8235573646107
98690,1904.8235573646107
98691,1904.8235573646107
98692,1904.8235573646107
98693,1904.8235573646107
98694,1904.8235573646107
98695,1904.8235573646107
98696,1904.8235573646107
98697,1904.8235573646107
98698,1904.8235573646107
98699,1904.8235573646107
98700,1904.8235573646107
98701,1904.8235573646107
98702,1904.8235573646107
98703,1904.8235573646107
98704,1904.8235573646107
98705,1904.8235573646107
98706,1904.8235573646107
98707,1904.8235573646107
98708,1904.8235573646107
98709,1904.8235573646107
98710,1904.8235573646107
98711,1904.8235573646107
98712,1904.8235573646107
98713,1904.8235573646107
98714,1904.8235573646107
98715,1904.8235573646107
98716,1904.8235573646107
98717,1904.8235573646107
98718,1904.8235573646107
98719,1904.8235573646107
98720,1904.8235573646107
98721,1904.8235573646107
98722,1904.8235573646107
98723,1904.8235573646107
98724,1904.8235573646107
98725,1904.8235573646107
98726,1904.8235573646107
98727,1904.8235573646107
98728,1904.8235573646107
98729,1904.8235573646107
98730,1904.8235573646107
98731,1904.8235573646107
98732,1904.8235573646107
98733,1904.8235573646107
98734,1904.8235573646107
98735,1904.8235573646107
98736,1904.8235573646107
98737,1904.8235573646107
98738,1904.8235573646107
98739,1904.8235573646107
98740,1904.8235573646107
98741,1904.8235573646107
98742,1904.8235573646107
98743,1904.8235573646107
98744,1904.8235573646107
98745,1904.8235573646107
98746,1904.8235573646107
98747,1904.8235573646107
98748,1904.8235573646107
98749,1904.8235573646107
98750,1904.8235573646107
98751,1904.8235573646107
98752,1904.8235573646107
98753,1904.8235573646107
98754,1904.8235573646107
98755,1904.8235573646107
98756,1904.8235573646107
98757,1904.8235573646107
98758,1904.8235573646107
98759,1904.8235573646107
98760,1904.8235573646107
98761,1904.8235573646107
98762,1904.8235573646107
98763,1904.8235573646107
98764,1904.8235573646107
98765,1904.8235573646107
98766,1904.8235573646107
98767,1904.8235573646107
98768,1904.8235573646107
98769,1904.8235573646107
98770,1904.8235573646107
98771,1904.8235573646107
98772,1904.8235573646107
98773,1904.8235573646107
98774,1904.8235573646107
98775,1904.8235573646107
98776,1904.8235573646107
98777,1904.8235573646107
98778,1904.8235573646107
98779,1904.8235573646107
98780,1904.8235573646107
98781,1904.8235573646107
98782,1904.8235573646107
98783,1904.8235573646107
98784,1904.8235573646107
98785,1904.8235573646107
98786,1904.8235573646107
98787,1904.8235573646107
98788,1904.8235573646107
98789,1904.8235573646107
98790,1904.8235573646107
98791,1904.8235573646107
98792,1904.8235573646107
98793,1904.8235573646107
98794,1904.8235573646107
98795,1904.8235573646107
98796,1904.8235573646107
98797,1904.8235573646107
98798,1904.8235573646107
98799,1904.8235573646107
98800,1904.8235573646107
98801,1904.8235573646107
98802,1904.8235573646107
98803,1904.8235573646107
98804,1904.8235573646107
98805,1904.8235573646107
98806,1904.8235573646107
98807,1904.8235573646107
98808,1904.8235573646107
98809,1904.8235573646107
98810,1904.8235573646107
98811,1904.8235573646107
98812,1904.8235573646107
98813,1904.8235573646107
98814,1904.8235573646107
98815,1904.8235573646107
98816,1904.8235573646107
98817,1904.8235573646107
98818,1904.8235573646107
98819,1904.8235573646107
98820,1904.8235573646107
98821,1904.8235573646107
98822,1904.8235573646107
98823,1904.8235573646107
98824,1904.8235573646107
98825,1904.8235573646107
98826,1904.8235573646107
98827,1904.8235573646107
98828,1904.8235573646107
98829,1904.8235573646107
98830,1904.8235573646107
98831,1904.8235573646107
98832,1904.8235573646107
98833,1904.8235573646107
98834,1904.8235573646107
98835,1904.8235573646107
98836,1904.8235573646107
98837,1904.8235573646107
98838,1904.8235573646107
98839,1904.8235573646107
98840,1904.8235573646107
98841,1904.8235573646107
98842,1904.8235573646107
98843,1904.8235573646107
98844,1904.8235573646107
98845,1904.8235573646107
98846,1904.8235573646107
98847,1904.8235573646107
98848,1904.8235573646107
98849,1904.8235573646107
98850,1904.8235573646107
98851,1904.8235573646107
98852,1904.8235573646107
98853,1904.8235573646107
98854,1904.8235573646107
98855,1904.8235573646107
98856,1904.8235573646107
98857,1904.8235573646107
98858,1904.8235573646107
98859,1904.8235573646107
98860,1904.8235573646107
98861,1904.8235573646107
98862,1904.8235573646107
98863,1904.8235573646107
98864,1904.8235573646107
98865,1904.8235573646107
98866,1904.8235573646107
98867,1904.8235573646107
98868,1904.8235573646107
98869,1904.8235573646107
98870,1904.8235573646107
98871,1904.8235573646107
98872,1904.8235573646107
98873,1904.8235573646107
98874,1904.8235573646107
98875,1904.8235573646107
98876,1904.8235573646107
98877,1904.8235573646107
98878,1904.8235573646107
98879,1904.8235573646107
98880,1904.8235573646107
98881,1904.8235573646107
98882,1904.8235573646107
98883,1904.8235573646107
98884,1904.8235573646107
98885,1904.8235573646107
98886,1904.8235573646107
98887,1904.8235573646107
98888,1904.8235573646107
98889,1904.8235573646107
98890,1904.8235573646107
98891,1904.8235573646107
98892,1904.8235573646107
98893,1904.8235573646107
98894,1904.8235573646107
98895,1904.8235573646107
98896,1904.8235573646107
98897,1904.8235573646107
98898,1904.8235573646107
98899,1904.8235573646107
98900,1904.8235573646107
98901,1904.8235573646107
98902,1904.8235573646107
98903,1904.8235573646107
98904,1904.8235573646107
98905,1904.8235573646107
98906,1904.8235573646107
98907,1904.8235573646107
98908,1904.8235573646107
98909,1904.8235573646107
98910,1904.8235573646107
98911,1904.8235573646107
98912,1904.8235573646107
98913,1904.8235573646107
98914,1904.8235573646107
98915,1904.8235573646107
98916,1904.8235573646107
98917,1904.8235573646107
98918,1904.8235573646107
98919,1904.8235573646107
98920,1904.8235573646107
98921,1904.8235573646107
98922,1904.8235573646107
98923,1904.8235573646107
98924,1904.8235573646107
98925,1904.8235573646107
98926,1904.8235573646107
98927,1904.8235573646107
98928,1904.8235573646107
98929,1904.8235573646107
98930,1904.8235573646107
98931,1904.8235573646107
98932,1904.8235573646107
98933,1904.8235573646107
98934,1904.8235573646107
98935,1904.8235573646107
98936,1904.8235573646107
98937,1904.8235573646107
98938,1904.8235573646107
98939,1904.8235573646107
98940,1904.8235573646107
98941,1904.8235573646107
98942,1904.8235573646107
98943,1904.8235573646107
98944,1904.8235573646107
98945,1904.8235573646107
98946,1904.8235573646107
98947,1904.8235573646107
98948,1904.8235573646107
98949,1904.8235573646107
98950,1904.8235573646107
98951,1904.8235573646107
98952,1904.8235573646107
98953,1904.8235573646107
98954,1904.8235573646107
98955,1904.8235573646107
98956,1904.8235573646107
98957,1904.8235573646107
98958,1904.8235573646107
98959,1904.8235573646107
98960,1904.8235573646107
98961,1904.8235573646107
98962,1904.8235573646107
98963,1904.8235573646107
98964,1904.8235573646107
98965,1904.8235573646107
98966,1904.8235573646107
98967,1904.8235573646107
98968,1904.8235573646107
98969,1904.8235573646107
98970,1904.8235573646107
98971,1904.8235573646107
98972,1904.8235573646107
98973,1904.8235573646107
98974,1904.8235573646107
98975,1904.8235573646107
98976,1904.8235573646107
98977,1904.8235573646107
98978,1904.8235573646107
98979,1904.8235573646107
98980,1904.8235573646107
98981,1904.8235573646107
98982,1904.8235573646107
98983,1904.8235573646107
98984,1904.8235573646107
98985,1904.8235573646107
98986,1904.8235573646107
98987,1904.8235573646107
98988,1904.8235573646107
98989,1904.8235573646107
98990,1904.8235573646107
98991,1904.8235573646107
98992,1904.8235573646107
98993,1904.8235573646107
98994,1904.8235573646107
98995,1904.8235573646107
98996,1904.8235573646107
98997,1904.8235573646107
98998,1904.8235573646107
98999,1904.8235573646107
99000,1904.8235573646107
99001,1904.8235573646107
99002,1904.8235573646107
99003,1904.8235573646107
99004,1904.8235573646107
99005,1904.8235573646107
99006,1904.8235573646107
99007,1904.8235573646107
99008,1904.8235573646107
99009,1904.8235573646107
99010,1904.8235573646107
99011,1904.8235573646107
99012,1904.8235573646107
99013,1904.8235573646107
99014,1904.8235573646107
99015,1904.8235573646107
99016,1904.8235573646107
99017,1904.8235573646107
99018,1904.8235573646107
99019,1904.8235573646107
99020,1904.8235573646107
99021,1904.8235573646107
99022,1904.8235573646107
99023,1904.8235573646107
99024,1904.8235573646107
99025,1904.8235573646107
99026,1904.8235573646107
99027,1904.8235573646107
99028,1904.8235573646107
99029,1904.8235573646107
99030,1904.8235573646107
99031,1904.8235573646107
99032,1904.8235573646107
99033,1904.8235573646107
99034,1904.8235573646107
99035,1904.8235573646107
99036,1904.8235573646107
99037,1904.8235573646107
99038,1904.8235573646107
99039,1904.8235573646107
99040,1904.8235573646107
99041,1904.8235573646107
99042,1904.8235573646107
99043,1904.8235573646107
99044,1904.8235573646107
99045,1904.8235573646107
99046,1904.8235573646107
99047,1904.8235573646107
99048,1904.8235573646107
99049,1904.8235573646107
99050,1904.8235573646107
99051,1904.8235573646107
99052,1904.8235573646107
99053,1904.8235573646107
99054,1904.8235573646107
99055,1904.8235573646107
99056,1904.8235573646107
99057,1904.8235573646107
99058,1904.8235573646107
99059,1904.8235573646107
99060,1904.8235573646107
99061,1904.8235573646107
99062,1904.8235573646107
99063,1904.8235573646107
99064,1904.8235573646107
99065,1904.8235573646107
99066,1904.8235573646107
99067,1904.8235573646107
99068,1904.8235573646107
99069,1904.8235573646107
99070,1904.8235573646107
99071,1904.8235573646107
99072,1904.8235573646107
99073,1904.8235573646107
99074,1904.8235573646107
99075,1904.8235573646107
99076,1904.8235573646107
99077,1904.8235573646107
99078,1904.8235573646107
99079,1904.8235573646107
99080,1904.8235573646107
99081,1904.8235573646107
99082,1904.8235573646107
99083,1904.8235573646107
99084,1904.8235573646107
99085,1904.8235573646107
99086,1904.8235573646107
99087,1904.8235573646107
99088,1904.8235573646107
99089,1904.8235573646107
99090,1904.8235573646107
99091,1904.8235573646107
99092,1904.8235573646107
99093,1904.8235573646107
99094,1904.8235573646107
99095,1904.8235573646107
99096,1904.8235573646107
99097,1904.8235573646107
99098,1904.8235573646107
99099,1904.8235573646107
99100,1904.8235573646107
99101,1904.8235573646107
99102,1904.8235573646107
99103,1904.8235573646107
99104,1904.8235573646107
99105,1904.8235573646107
99106,1904.8235573646107
99107,1904.8235573646107
99108,1904.8235573646107
99109,1904.8235573646107
99110,1904.8235573646107
99111,1904.8235573646107
99112,1904.8235573646107
99113,1904.8235573646107
99114,1904.8235573646107
99115,1904.8235573646107
99116,1904.8235573646107
99117,1904.8235573646107
99118,1904.8235573646107
99119,1904.8235573646107
99120,1904.8235573646107
99121,1904.8235573646107
99122,1904.8235573646107
99123,1904.8235573646107
99124,1904.8235573646107
99125,1904.8235573646107
99126,1904.8235573646107
99127,1904.8235573646107
99128,1904.8235573646107
99129,1904.8235573646107
99130,1904.8235573646107
99131,1904.8235573646107
99132,1904.8235573646107
99133,1904.8235573646107
99134,1904.8235573646107
99135,1904.8235573646107
99136,1904.8235573646107
99137,1904.8235573646107
99138,1904.8235573646107
99139,1904.8235573646107
99140,1904.8235573646107
99141,1904.8235573646107
99142,1904.8235573646107
99143,1904.8235573646107
99144,1904.8235573646107
99145,1904.8235573646107
99146,1904.8235573646107
99147,1904.8235573646107
99148,1904.8235573646107
99149,1904.8235573646107
99150,1904.8235573646107
99151,1904.8235573646107
99152,1904.8235573646107
99153,1904.8235573646107
99154,1904.8235573646107
99155,1904.8235573646107
99156,1904.8235573646107
99157,1904.8235573646107
99158,1904.8235573646107
99159,1904.8235573646107
99160,1904.8235573646107
99161,1904.8235573646107
99162,1904.8235573646107
99163,1904.8235573646107
99164,1904.8235573646107
99165,1904.8235573646107
99166,1904.8235573646107
99167,1904.8235573646107
99168,1904.8235573646107
99169,1904.8235573646107
99170,1904.8235573646107
99171,1904.8235573646107
99172,1904.8235573646107
99173,1904.8235573646107
99174,1904.8235573646107
99175,1904.8235573646107
99176,1904.8235573646107
99177,1904.8235573646107
99178,1904.8235573646107
99179,1904.8235573646107
99180,1904.8235573646107
99181,1904.8235573646107
99182,1904.8235573646107
99183,1904.8235573646107
99184,1904.8235573646107
99185,1904.8235573646107
99186,1904.8235573646107
99187,1904.8235573646107
99188,1904.8235573646107
99189,1904.8235573646107
99190,1904.8235573646107
99191,1904.8235573646107
99192,1904.8235573646107
99193,1904.8235573646107
99194,1904.8235573646107
99195,1904.8235573646107
99196,1904.8235573646107
99197,1904.8235573646107
99198,1904.8235573646107
99199,1904.8235573646107
99200,1904.8235573646107
99201,1904.8235573646107
99202,1904.8235573646107
99203,1904.8235573646107
99204,1904.8235573646107
99205,1904.8235573646107
99206,1904.8235573646107
99207,1904.8235573646107
99208,1904.8235573646107
99209,1904.8235573646107
99210,1904.8235573646107
99211,1904.8235573646107
99212,1904.8235573646107
99213,1904.8235573646107
99214,1904.8235573646107
99215,1904.8235573646107
99216,1904.8235573646107
99217,1904.8235573646107
99218,1904.8235573646107
99219,1904.8235573646107
99220,1904.8235573646107
99221,1904.8235573646107
99222,1904.8235573646107
99223,1904.8235573646107
99224,1904.8235573646107
99225,1904.8235573646107
99226,1904.8235573646107
99227,1904.8235573646107
99228,1904.8235573646107
99229,1904.8235573646107
99230,1904.8235573646107
99231,1904.8235573646107
99232,1904.8235573646107
99233,1904.8235573646107
99234,1904.8235573646107
99235,1904.8235573646107
99236,1904.8235573646107
99237,1904.8235573646107
99238,1904.8235573646107
99239,1904.8235573646107
99240,1904.8235573646107
99241,1904.8235573646107
99242,1904.8235573646107
99243,1904.8235573646107
99244,1904.8235573646107
99245,1904.8235573646107
99246,1904.8235573646107
99247,1904.8235573646107
99248,1904.8235573646107
99249,1904.8235573646107
99250,1904.8235573646107
99251,1904.8235573646107
99252,1904.8235573646107
99253,1904.8235573646107
99254,1904.8235573646107
99255,1904.8235573646107
99256,1904.8235573646107
99257,1904.8235573646107
99258,1904.8235573646107
99259,1904.8235573646107
99260,1904.8235573646107
99261,1904.8235573646107
99262,1904.8235573646107
99263,1904.8235573646107
99264,1904.8235573646107
99265,1904.8235573646107
99266,1904.8235573646107
99267,1904.8235573646107
99268,1904.8235573646107
99269,1904.8235573646107
99270,1904.8235573646107
99271,1904.8235573646107
99272,1904.8235573646107
99273,1904.8235573646107
99274,1904.8235573646107
99275,1904.8235573646107
99276,1904.8235573646107
99277,1904.8235573646107
99278,1904.8235573646107
99279,1904.8235573646107
99280,1904.8235573646107
99281,1904.8235573646107
99282,1904.8235573646107
99283,1904.8235573646107
99284,1904.8235573646107
99285,1904.8235573646107
99286,1904.8235573646107
99287,1904.8235573646107
99288,1904.8235573646107
99289,1904.8235573646107
99290,1904.8235573646107
99291,1904.8235573646107
99292,1904.8235573646107
99293,1904.8235573646107
99294,1904.8235573646107
99295,1904.8235573646107
99296,1904.8235573646107
99297,1904.8235573646107
99298,1904.8235573646107
99299,1904.8235573646107
99300,1904.8235573646107
99301,1904.8235573646107
99302,1904.8235573646107
99303,1904.8235573646107
99304,1904.8235573646107
99305,1904.8235573646107
99306,1904.8235573646107
99307,1904.8235573646107
99308,1904.8235573646107
99309,1904.8235573646107
99310,1904.8235573646107
99311,1904.8235573646107
99312,1904.8235573646107
99313,1904.8235573646107
99314,1904.8235573646107
99315,1904.8235573646107
99316,1904.8235573646107
99317,1904.8235573646107
99318,1904.8235573646107
99319,1904.8235573646107
99320,1904.8235573646107
99321,1904.8235573646107
99322,1904.8235573646107
99323,1904.8235573646107
99324,1904.8235573646107
99325,1904.8235573646107
99326,1904.8235573646107
99327,1904.8235573646107
99328,1904.8235573646107
99329,1904.8235573646107
99330,1904.8235573646107
99331,1904.8235573646107
99332,1904.8235573646107
99333,1904.8235573646107
99334,1904.8235573646107
99335,1904.8235573646107
99336,1904.8235573646107
99337,1904.8235573646107
99338,1904.8235573646107
99339,1904.8235573646107
99340,1904.8235573646107
99341,1904.8235573646107
99342,1904.8235573646107
99343,1904.8235573646107
99344,1904.8235573646107
99345,1904.8235573646107
99346,1904.8235573646107
99347,1904.8235573646107
99348,1904.8235573646107
99349,1904.8235573646107
99350,1904.8235573646107
99351,1904.8235573646107
99352,1904.8235573646107
99353,1904.8235573646107
99354,1904.8235573646107
99355,1904.8235573646107
99356,1904.8235573646107
99357,1904.8235573646107
99358,1904.8235573646107
99359,1904.8235573646107
99360,1904.8235573646107
99361,1904.8235573646107
99362,1904.8235573646107
99363,1904.8235573646107
99364,1904.8235573646107
99365,1904.8235573646107
99366,1904.8235573646107
99367,1904.8235573646107
99368,1904.8235573646107
99369,1904.8235573646107
99370,1904.8235573646107
99371,1904.8235573646107
99372,1904.8235573646107
99373,1904.8235573646107
99374,1904.8235573646107
99375,1904.8235573646107
99376,1904.8235573646107
99377,1904.8235573646107
99378,1904.8235573646107
99379,1904.8235573646107
99380,1904.8235573646107
99381,1904.8235573646107
99382,1904.8235573646107
99383,1904.8235573646107
99384,1904.8235573646107
99385,1904.8235573646107
99386,1904.8235573646107
99387,1904.8235573646107
99388,1904.8235573646107
99389,1904.8235573646107
99390,1904.8235573646107
99391,1904.8235573646107
99392,1904.8235573646107
99393,1904.8235573646107
99394,1904.8235573646107
99395,1904.8235573646107
99396,1904.8235573646107
99397,1904.8235573646107
99398,1904.8235573646107
99399,1904.8235573646107
99400,1904.8235573646107
99401,1904.8235573646107
99402,1904.8235573646107
99403,1904.8235573646107
99404,1904.8235573646107
99405,1904.8235573646107
99406,1904.8235573646107
99407,1904.8235573646107
99408,1904.8235573646107
99409,1904.8235573646107
99410,1904.8235573646107
99411,1904.8235573646107
99412,1904.8235573646107
99413,1904.8235573646107
99414,1904.8235573646107
99415,1904.8235573646107
99416,1904.8235573646107
99417,1904.8235573646107
99418,1904.8235573646107
99419,1904.8235573646107
99420,1904.8235573646107
99421,1904.8235573646107
99422,1904.8235573646107
99423,1904.8235573646107
99424,1904.8235573646107
99425,1904.8235573646107
99426,1904.8235573646107
99427,1904.8235573646107
99428,1904.8235573646107
99429,1904.8235573646107
99430,1904.8235573646107
99431,1904.8235573646107
99432,1904.8235573646107
99433,1904.8235573646107
99434,1904.8235573646107
99435,1904.8235573646107
99436,1904.8235573646107
99437,1904.8235573646107
99438,1904.8235573646107
99439,1904.8235573646107
99440,1904.8235573646107
99441,1904.8235573646107
99442,1904.8235573646107
99443,1904.8235573646107
99444,1904.8235573646107
99445,1904.8235573646107
99446,1904.8235573646107
99447,1904.8235573646107
99448,1904.8235573646107
99449,1904.8235573646107
99450,1904.8235573646107
99451,1904.8235573646107
99452,1904.8235573646107
99453,1904.8235573646107
99454,1904.8235573646107
99455,1904.8235573646107
99456,1904.8235573646107
99457,1904.8235573646107
99458,1904.8235573646107
99459,1904.8235573646107
99460,1904.8235573646107
99461,1904.8235573646107
99462,1904.8235573646107
99463,1904.8235573646107
99464,1904.8235573646107
99465,1904.8235573646107
99466,1904.8235573646107
99467,1904.8235573646107
99468,1904.8235573646107
99469,1904.8235573646107
99470,1904.8235573646107
99471,1904.8235573646107
99472,1904.8235573646107
99473,1904.8235573646107
99474,1904.8235573646107
99475,1904.8235573646107
99476,1904.8235573646107
99477,1904.8235573646107
99478,1904.8235573646107
99479,1904.8235573646107
99480,1904.8235573646107
99481,1904.8235573646107
99482,1904.8235573646107
99483,1904.8235573646107
99484,1904.8235573646107
99485,1904.8235573646107
99486,1904.8235573646107
99487,1904.8235573646107
99488,1904.8235573646107
99489,1904.8235573646107
99490,1904.8235573646107
99491,1904.8235573646107
99492,1904.8235573646107
99493,1904.8235573646107
99494,1904.8235573646107
99495,1904.8235573646107
99496,1904.8235573646107
99497,1904.8235573646107
99498,1904.8235573646107
99499,1904.8235573646107
99500,1904.8235573646107
99501,1904.8235573646107
99502,1904.8235573646107
99503,1904.8235573646107
99504,1904.8235573646107
99505,1904.8235573646107
99506,1904.8235573646107
99507,1904.8235573646107
99508,1904.8235573646107
99509,1904.8235573646107
99510,1904.8235573646107
99511,1904.8235573646107
99512,1904.8235573646107
99513,1904.8235573646107
99514,1904.8235573646107
99515,1904.8235573646107
99516,1904.8235573646107
99517,1904.8235573646107
99518,1904.8235573646107
99519,1904.8235573646107
99520,1904.8235573646107
99521,1904.8235573646107
99522,1904.8235573646107
99523,1904.8235573646107
99524,1904.8235573646107
99525,1904.8235573646107
99526,1904.8235573646107
99527,1904.8235573646107
99528,1904.8235573646107
99529,1904.8235573646107
99530,1904.8235573646107
99531,1904.8235573646107
99532,1904.8235573646107
99533,1904.8235573646107
99534,1904.8235573646107
99535,1904.8235573646107
99536,1904.8235573646107
99537,1904.8235573646107
99538,1904.8235573646107
99539,1904.8235573646107
99540,1904.8235573646107
99541,1904.8235573646107
99542,1904.8235573646107
99543,1904.8235573646107
99544,1904.8235573646107
99545,1904.8235573646107
99546,1904.8235573646107
99547,1904.8235573646107
99548,1904.8235573646107
99549,1904.8235573646107
99550,1904.8235573646107
99551,1904.8235573646107
99552,1904.8235573646107
99553,1904.8235573646107
99554,1904.8235573646107
99555,1904.8235573646107
99556,1904.8235573646107
99557,1904.8235573646107
99558,1904.8235573646107
99559,1904.8235573646107
99560,1904.8235573646107
99561,1904.8235573646107
99562,1904.8235573646107
99563,1904.8235573646107
99564,1904.8235573646107
99565,1904.8235573646107
99566,1904.8235573646107
99567,1904.8235573646107
99568,1904.8235573646107
99569,1904.8235573646107
99570,1904.8235573646107
99571,1904.8235573646107
99572,1904.8235573646107
99573,1904.8235573646107
99574,1904.8235573646107
99575,1904.8235573646107
99576,1904.8235573646107
99577,1904.8235573646107
99578,1904.8235573646107
99579,1904.8235573646107
99580,1904.8235573646107
99581,1904.8235573646107
99582,1904.8235573646107
99583,1904.8235573646107
99584,1904.8235573646107
99585,1904.8235573646107
99586,1904.8235573646107
99587,1904.8235573646107
99588,1904.8235573646107
99589,1904.8235573646107
99590,1904.8235573646107
99591,1904.8235573646107
99592,1904.8235573646107
99593,1904.8235573646107
99594,1904.8235573646107
99595,1904.8235573646107
99596,1904.8235573646107
99597,1904.8235573646107
99598,1904.8235573646107
99599,1904.8235573646107
99600,1904.8235573646107
99601,1904.8235573646107
99602,1904.8235573646107
99603,1904.8235573646107
99604,1904.8235573646107
99605,1904.8235573646107
99606,1904.8235573646107
99607,1904.8235573646107
99608,1904.8235573646107
99609,1904.8235573646107
99610,1904.8235573646107
99611,1904.8235573646107
99612,1904.8235573646107
99613,1904.8235573646107
99614,1904.8235573646107
99615,1904.8235573646107
99616,1904.8235573646107
99617,1904.8235573646107
99618,1904.8235573646107
99619,1904.8235573646107
99620,1904.8235573646107
99621,1904.8235573646107
99622,1904.8235573646107
99623,1904.8235573646107
99624,1904.8235573646107
99625,1904.8235573646107
99626,1904.8235573646107
99627,1904.8235573646107
99628,1904.8235573646107
99629,1904.8235573646107
99630,1904.8235573646107
99631,1904.8235573646107
99632,1904.8235573646107
99633,1904.8235573646107
99634,1904.8235573646107
99635,1904.8235573646107
99636,1904.8235573646107
99637,1904.8235573646107
99638,1904.8235573646107
99639,1904.8235573646107
99640,1904.8235573646107
99641,1904.8235573646107
99642,1904.8235573646107
99643,1904.8235573646107
99644,1904.8235573646107
99645,1904.8235573646107
99646,1904.8235573646107
99647,1904.8235573646107
99648,1904.8235573646107
99649,1904.8235573646107
99650,1904.8235573646107
99651,1904.8235573646107
99652,1904.8235573646107
99653,1904.8235573646107
99654,1904.8235573646107
99655,1904.8235573646107
99656,1904.8235573646107
99657,1904.8235573646107
99658,1904.8235573646107
99659,1904.8235573646107
99660,1904.8235573646107
99661,1904.8235573646107
99662,1904.8235573646107
99663,1904.8235573646107
99664,1904.8235573646107
99665,1904.8235573646107
99666,1904.8235573646107
99667,1904.8235573646107
99668,1904.8235573646107
99669,1904.8235573646107
99670,1904.8235573646107
99671,1904.8235573646107
99672,1904.8235573646107
99673,1904.8235573646107
99674,1904.8235573646107
99675,1904.8235573646107
99676,1904.8235573646107
99677,1904.8235573646107
99678,1904.8235573646107
99679,1904.8235573646107
99680,1904.8235573646107
99681,1904.8235573646107
99682,1904.8235573646107
99683,1904.8235573646107
99684,1904.8235573646107
99685,1904.8235573646107
99686,1904.8235573646107
99687,1904.8235573646107
99688,1904.8235573646107
99689,1904.8235573646107
99690,1904.8235573646107
99691,1904.8235573646107
99692,1904.8235573646107
99693,1904.8235573646107
99694,1904.8235573646107
99695,1904.8235573646107
99696,1904.8235573646107
99697,1904.8235573646107
99698,1904.8235573646107
99699,1904.8235573646107
99700,1904.8235573646107
99701,1904.8235573646107
99702,1904.8235573646107
99703,1904.8235573646107
99704,1904.8235573646107
99705,1904.8235573646107
99706,1904.8235573646107
99707,1904.8235573646107
99708,1904.8235573646107
99709,1904.8235573646107
99710,1904.8235573646107
99711,1904.8235573646107
99712,1904.8235573646107
99713,1904.8235573646107
99714,1904.8235573646107
99715,1904.8235573646107
99716,1904.8235573646107
99717,1904.8235573646107
99718,1904.8235573646107
99719,1904.8235573646107
99720,1904.8235573646107
99721,1904.8235573646107
99722,1904.8235573646107
99723,1904.8235573646107
99724,1904.8235573646107
99725,1904.8235573646107
99726,1904.8235573646107
99727,1904.8235573646107
99728,1904.8235573646107
99729,1904.8235573646107
99730,1904.8235573646107
99731,1904.8235573646107
99732,1904.8235573646107
99733,1904.8235573646107
99734,1904.8235573646107
99735,1904.8235573646107
99736,1904.8235573646107
99737,1904.8235573646107
99738,1904.8235573646107
99739,1904.8235573646107
99740,1904.8235573646107
99741,1904.8235573646107
99742,1904.8235573646107
99743,1904.8235573646107
99744,1904.8235573646107
99745,1904.8235573646107
99746,1904.8235573646107
99747,1904.8235573646107
99748,1904.8235573646107
99749,1904.8235573646107
99750,1904.8235573646107
99751,1904.8235573646107
99752,1904.8235573646107
99753,1904.8235573646107
99754,1904.8235573646107
99755,1904.8235573646107
99756,1904.8235573646107
99757,1904.8235573646107
99758,1904.8235573646107
99759,1904.8235573646107
99760,1904.8235573646107
99761,1904.8235573646107
99762,1904.8235573646107
99763,1904.8235573646107
99764,1904.8235573646107
99765,1904.8235573646107
99766,1904.8235573646107
99767,1904.8235573646107
99768,1904.8235573646107
99769,1904.8235573646107
99770,1904.8235573646107
99771,1904.8235573646107
99772,1904.8235573646107
99773,1904.8235573646107
99774,1904.8235573646107
99775,1904.8235573646107
99776,1904.8235573646107
99777,1904.8235573646107
99778,1904.8235573646107
99779,1904.8235573646107
99780,1904.8235573646107
99781,1904.8235573646107
99782,1904.8235573646107
99783,1904.8235573646107
99784,1904.8235573646107
99785,1904.8235573646107
99786,1904.8235573646107
99787,1904.8235573646107
99788,1904.8235573646107
99789,1904.8235573646107
99790,1904.8235573646107
99791,1904.8235573646107
99792,1904.8235573646107
99793,1904.8235573646107
99794,1904.8235573646107
99795,1904.8235573646107
99796,1904.8235573646107
99797,1904.8235573646107
99798,1904.8235573646107
99799,1904.8235573646107
99800,1904.8235573646107
99801,1904.8235573646107
99802,1904.8235573646107
99803,1904.8235573646107
99804,1904.8235573646107
99805,1904.8235573646107
99806,1904.8235573646107
99807,1904.8235573646107
99808,1904.8235573646107
99809,1904.8235573646107
99810,1904.8235573646107
99811,1904.8235573646107
99812,1904.8235573646107
99813,1904.8235573646107
99814,1904.8235573646107
99815,1904.8235573646107
99816,1904.8235573646107
99817,1904.8235573646107
99818,1904.8235573646107
99819,1904.8235573646107
99820,1904.8235573646107
99821,1904.8235573646107
99822,1904.8235573646107
99823,1904.8235573646107
99824,1904.8235573646107
99825,1904.8235573646107
99826,1904.8235573646107
99827,1904.8235573646107
99828,1904.8235573646107
99829,1904.8235573646107
99830,1904.8235573646107
99831,1904.8235573646107
99832,1904.8235573646107
99833,1904.8235573646107
99834,1904.8235573646107
99835,1904.8235573646107
99836,1904.8235573646107
99837,1904.8235573646107
99838,1904.8235573646107
99839,1904.8235573646107
99840,1904.8235573646107
99841,1904.8235573646107
99842,1904.8235573646107
99843,1904.8235573646107
99844,1904.8235573646107
99845,1904.8235573646107
99846,1904.8235573646107
99847,1904.8235573646107
99848,1904.8235573646107
99849,1904.8235573646107
99850,1904.8235573646107
99851,1904.8235573646107
99852,1904.8235573646107
99853,1904.8235573646107
99854,1904.8235573646107
99855,1904.8235573646107
99856,1904.8235573646107
99857,1904.8235573646107
99858,1904.8235573646107
99859,1904.8235573646107
99860,1904.8235573646107
99861,1904.8235573646107
99862,1904.8235573646107
99863,1904.8235573646107
99864,1904.8235573646107
99865,1904.8235573646107
99866,1904.8235573646107
99867,1904.8235573646107
99868,1904.8235573646107
99869,1904.8235573646107
99870,1904.8235573646107
99871,1904.8235573646107
99872,1904.8235573646107
99873,1904.8235573646107
99874,1904.8235573646107
99875,1904.8235573646107
99876,1904.8235573646107
99877,1904.8235573646107
99878,1904.8235573646107
99879,1904.8235573646107
99880,1904.8235573646107
99881,1904.8235573646107
99882,1904.8235573646107
99883,1904.8235573646107
99884,1904.8235573646107
99885,1904.8235573646107
99886,1904.8235573646107
99887,1904.8235573646107
99888,1904.8235573646107
99889,1904.8235573646107
99890,1904.8235573646107
99891,1904.8235573646107
99892,1904.8235573646107
99893,1904.8235573646107
99894,1904.8235573646107
99895,1904.8235573646107
99896,1904.8235573646107
99897,1904.8235573646107
99898,1904.8235573646107
99899,1904.8235573646107
99900,1904.8235573646107
99901,1904.8235573646107
99902,1904.8235573646107
99903,1904.8235573646107
99904,1904.8235573646107
99905,1904.8235573646107
99906,1904.8235573646107
99907,1904.8235573646107
99908,1904.8235573646107
99909,1904.8235573646107
99910,1904.8235573646107
99911,1904.8235573646107
99912,1904.8235573646107
99913,1904.8235573646107
99914,1904.8235573646107
99915,1904.8235573646107
99916,1904.8235573646107
99917,1904.8235573646107
99918,1904.8235573646107
99919,1904.8235573646107
99920,1904.8235573646107
99921,1904.8235573646107
99922,1904.8235573646107
99923,1904.8235573646107
99924,1904.8235573646107
99925,1904.8235573646107
99926,1904.8235573646107
99927,1904.8235573646107
99928,1904.8235573646107
99929,1904.8235573646107
99930,1904.8235573646107
99931,1904.8235573646107
99932,1904.8235573646107
99933,1904.8235573646107
99934,1904.8235573646107
99935,1904.8235573646107
99936,1904.8235573646107
99937,1904.8235573646107
99938,1904.8235573646107
99939,1904.8235573646107
99940,1904.8235573646107
99941,1904.8235573646107
99942,1904.8235573646107
99943,1904.8235573646107
99944,1904.8235573646107
99945,1904.8235573646107
99946,1904.8235573646107
99947,1904.8235573646107
99948,1904.8235573646107
99949,1904.8235573646107
99950,1904.8235573646107
99951,1904.8235573646107
99952,1904.8235573646107
99953,1904.8235573646107
99954,1904.8235573646107
99955,1904.8235573646107
99956,1904.8235573646107
99957,1904.8235573646107
99958,1904.8235573646107
99959,1904.8235573646107
99960,1904.8235573646107
99961,1904.8235573646107
99962,1904.8235573646107
99963,1904.8235573646107
99964,1904.8235573646107
99965,1904.8235573646107
99966,1904.8235573646107
99967,1904.8235573646107
99968,1904.8235573646107
99969,1904.8235573646107
99970,1904.8235573646107
99971,1904.8235573646107
99972,1904.8235573646107
99973,1904.8235573646107
99974,1904.8235573646107
99975,1904.8235573646107
99976,1904.8235573646107
99977,1904.8235573646107
99978,1904.8235573646107
99979,1904.8235573646107
99980,1904.8235573646107
99981,1904.8235573646107
99982,1904.8235573646107
99983,1904.8235573646107
99984,1904.8235573646107
99985,1904.8235573646107
99986,1904.8235573646107
99987,1904.8235573646107
99988,1904.8235573646107
99989,1904.8235573646107
99990,1904.8235573646107
99991,1904.8235573646107
99992,1904.8235573646107
99993,1904.8235573646107
99994,1904.8235573646107
99995,1904.8235573646107
99996,1904.8235573646107
99997,1904.8235573646107
99998,1904.8235573646107
99999,1904.8235573646107
100000,1904.8235573646107
