iter,best_objective
1,4250.691789071691
2,4176.331900506178
3,4103.802039689024
4,4035.8675347237872
5,3969.4707377183286
6,3906.2090495474704
7,3844.089087658813
8,3782.312192620618
9,3720.903997441769
10,3660.9607100324215
11,3601.7771912831886
12,3544.9089149975143
13,3490.2938403697895
14,3436.566283237764
15,3384.1082253364148
16,3331.8251012697215
17,3279.9878506287796
18,3230.4294962038016
19,3180.9128580740003
20,3132.829596953315
21,3086.86964447153
22,3041.017711451197
23,2996.14561076592
24,2951.287848188508
25,2907.021595906558
26,2864.015188360987
27,2822.9768740684062
28,2782.535115595393
29,2742.4323612810354
30,2703.2023930271916
31,2666.432840405491
32,2630.4137818996787
33,2594.954547734909
34,2559.723814344978
35,2525.6910914920845
36,2493.9914582338397
37,2462.8950326091363
38,2432.3739073796264
39,2401.9436689866125
40,2372.6299604876276
41,2343.4635047121237
42,2320.765336336529
43,2298.237388813319
44,2276.4460156033933
45,2256.9366919094305
46,2237.5517014878465
47,2218.995061938122
48,2201.022690698939
49,2183.0747158749323
50,2170.308147539166
51,2158.3597419533576
52,2146.7422509269436
53,2136.585422360698
54,2126.6769345238135
55,2114.1812071778963
56,2104.962868608902
57,2099.032060519536
58,2056.2268365991686
59,2051.0860148666447
60,2046.8479287898351
61,2043.0143148564068
62,2037.6728395918014
63,2033.8505451048497
64,2029.0872846241418
65,2025.9470210997354
66,2023.0559702344588
67,2009.1049874065131
68,2006.335773401319
69,1994.8783331613097
70,1985.3882376142953
71,1973.1129290854512
72,1970.4148229449754
73,1968.7725288915328
74,1964.9054240690987
75,1963.3849004498982
76,1944.5024818679888
77,1937.9724624799853
78,1928.0870473086695
79,1926.684150092394
80,1916.7750945375121
81,1893.193686506879
82,1892.0897911284665
83,1891.0406462181413
84,1890.1949694420036
85,1889.4353237168716
86,1888.8837337046525
87,1879.9394617946532
88,1879.9394617946527
89,1879.1269877459163
90,1877.4348118730645
91,1877.3933881463058
92,1877.3933881463058
93,1877.3933881463058
94,1877.3933881463058
95,1877.3933881463058
96,1877.3933881463058
97,1877.3933881463058
98,1877.3933881463058
99,1877.3933881463058
100,1877.3933881463058
101,1877.3933881463058
102,1877.3933881463058
103,1877.3933881463058
104,1877.3933881463058
105,1877.3933881463058
106,1877.3933881463058
107,1877.3933881463058
108,1877.3933881463058
109,1877.3933881463058
110,1877.3933881463058
111,1877.3933881463058
112,1877.3933881463058
113,1877.3933881463058
114,1877.3933881463058
115,1877.3933881463058
116,1877.3933881463058
117,1877.3933881463058
118,1877.3933881463058
119,1877.3933881463058
120,1877.3933881463058
121,1876.530713107892
122,1876.530713107892
123,1855.7544067634358
124,1852.0281481328602
125,1852.0281481328602
126,1852.0281481328602
127,1852.0281481328602
128,1852.0281481328602
129,1852.0281481328602
130,1852.0281481328602
131,1852.0281481328602
132,1852.0281481328602
133,1852.0281481328602
134,1852.0281481328602
135,1852.0281481328602
136,1852.0281481328602
137,1852.0281481328602
138,1852.0281481328602
139,1852.0281481328602
140,1852.0281481328602
141,1852.0281481328602
142,1852.0281481328602
143,1852.0281481328602
144,1852.0281481328602
145,1843.2448430735058
146,1839.964311448796
147,1837.4276794186108
148,1829.0346710149856
149,1826.7749590711933
150,1826.7749590711933
151,1826.7749590711933
152,1826.7749590711933
153,1826.7749590711933
154,1826.7749590711933
155,1826.7749590711933
156,1826.7749590711933
157,1826.7749590711933
158,1826.7749590711933
159,1826.7749590711933
160,1826.7749590711933
161,1826.7749590711933
162,1826.7749590711933
163,1826.7749590711933
164,1826.7749590711933
165,1826.7749590711933
166,1825.0005106642222
167,1825.0005106642222
168,1825.0005106642222
169,1825.0005106642222
170,1825.0005106642222
171,1825.0005106642222
172,1825.0005106642222
173,1825.0005106642222
174,1825.0005106642222
175,1825.0005106642222
176,1825.0005106642222
177,1825.0005106642222
178,1825.0005106642222
179,1825.0005106642222
180,1825.0005106642222
181,1825.0005106642222
182,1825.0005106642222
183,1825.0005106642222
184,1825.0005106642222
185,1825.0005106642222
186,1825.0005106642222
187,1825.0005106642222
188,1825.0005106642222
189,1825.0005106642222
190,1825.0005106642222
191,1825.0005106642222
192,1825.0005106642222
193,1825.0005106642222
194,1825.0005106642222
195,1825.0005106642222
196,1825.0005106642222
197,1825.0005106642222
198,1825.0005106642222
199,1825.0005106642222
200,1825.0005106642222
201,1825.0005106642222
202,1825.0005106642222
203,1825.0005106642222
204,1825.0005106642222
205,1825.0005106642222
206,1825.0005106642222
207,1825.0005106642222
208,1825.0005106642222
209,1825.0005106642222
210,1825.0005106642222
211,1825.0005106642222
212,1825.0005106642222
213,1825.0005106642222
214,1825.0005106642222
215,1825.0005106642222
216,1825.0005106642222
217,1825.0005106642222
218,1825.0005106642222
219,1825.0005106642222
220,1825.0005106642222
221,1825.0005106642222
222,1825.0005106642222
223,1825.0005106642222
224,1825.0005106642222
225,1825.0005106642222
226,1825.0005106642222
227,1825.0005106642222
228,1825.0005106642222
229,1825.0005106642222
230,1825.0005106642222
231,1825.0005106642222
232,1825.0005106642222
233,1825.0005106642222
234,1825.0005106642222
235,1825.0005106642222
236,1825.0005106642222
237,1825.0005106642222
238,1825.0005106642222
239,1825.0005106642222
240,1825.0005106642222
241,1825.0005106642222
242,1825.0005106642222
243,1825.0005106642222
244,1825.0005106642222
245,1825.0005106642222
246,1825.0005106642222
247,1825.0005106642222
248,1825.0005106642222
249,1825.0005106642222
250,1825.0005106642222
251,1825.0005106642222
252,1825.0005106642222
253,1825.0005106642222
254,1825.0005106642222
255,1825.0005106642222
256,1825.0005106642222
257,1825.0005106642222
258,1825.0005106642222
259,1825.0005106642222
260,1825.0005106642222
261,1825.0005106642222
262,1825.0005106642222
263,1825.0005106642222
264,1825.0005106642222
265,1825.0005106642222
266,1825.0005106642222
267,1825.0005106642222
268,1825.0005106642222
269,1825.0005106642222
270,1825.0005106642222
271,1825.0005106642222
272,1825.0005106642222
273,1825.0005106642222
274,1825.0005106642222
275,1825.0005106642222
276,1825.0005106642222
277,1825.0005106642222
278,1825.0005106642222
279,1825.0005106642222
280,1825.0005106642222
281,1825.0005106642222
282,1825.0005106642222
283,1825.0005106642222
284,1825.0005106642222
285,1825.0005106642222
286,1825.0005106642222
287,1825.0005106642222
288,1825.0005106642222
289,1825.0005106642222
290,1825.0005106642222
291,1825.0005106642222
292,1825.0005106642222
293,1825.0005106642222
294,1825.0005106642222
295,1825.0005106642222
296,1825.0005106642222
297,1825.0005106642222
298,1825.0005106642222
299,1825.0005106642222
300,1825.0005106642222
301,1825.0005106642222
302,1825.0005106642222
303,1825.0005106642222
304,1825.0005106642222
305,1825.0005106642222
306,1825.0005106642222
307,1825.0005106642222
308,1825.0005106642222
309,1825.0005106642222
310,1825.0005106642222
311,1825.0005106642222
312,1825.0005106642222
313,1825.0005106642222
314,1825.0005106642222
315,1825.0005106642222
316,1825.0005106642222
317,1825.0005106642222
318,1825.0005106642222
319,1825.0005106642222
320,1825.0005106642222
321,1825.0005106642222
322,1825.0005106642222
323,1825.0005106642222
324,1825.0005106642222
325,1825.0005106642222
326,1825.0005106642222
327,1825.0005106642222
328,1825.0005106642222
329,1825.0005106642222
330,1825.0005106642222
331,1825.0005106642222
332,1825.0005106642222
333,1825.0005106642222
334,1825.0005106642222
335,1825.0005106642222
336,1825.0005106642222
337,1825.0005106642222
338,1825.0005106642222
339,1825.0005106642222
340,1825.0005106642222
341,1825.0005106642222
342,1825.0005106642222
343,1825.0005106642222
344,1825.0005106642222
345,1825.0005106642222
346,1825.0005106642222
347,1825.0005106642222
348,1825.0005106642222
349,1825.0005106642222
350,1825.0005106642222
351,1825.0005106642222
352,1825.0005106642222
353,1825.0005106642222
354,1825.0005106642222
355,1825.0005106642222
356,1825.0005106642222
357,1825.0005106642222
358,1825.0005106642222
359,1825.0005106642222
360,1825.0005106642222
361,1825.0005106642222
362,1825.0005106642222
363,1825.0005106642222
364,1825.0005106642222
365,1825.0005106642222
366,1825.0005106642222
367,1825.0005106642222
368,1825.0005106642222
369,1825.0005106642222
370,1825.0005106642222
371,1825.0005106642222
372,1825.0005106642222
373,1825.0005106642222
374,1825.0005106642222
375,1825.0005106642222
376,1825.0005106642222
377,1825.0005106642222
378,1825.0005106642222
379,1825.0005106642222
380,1825.0005106642222
381,1825.0005106642222
382,1825.0005106642222
383,1825.0005106642222
384,1825.0005106642222
385,1825.0005106642222
386,1825.0005106642222
387,1825.0005106642222
388,1825.0005106642222
389,1825.0005106642222
390,1825.0005106642222
391,1825.0005106642222
392,1825.0005106642222
393,1825.0005106642222
394,1825.0005106642222
395,1825.0005106642222
396,1825.0005106642222
397,1825.0005106642222
398,1825.0005106642222
399,1825.0005106642222
400,1825.0005106642222
401,1825.0005106642222
402,1825.0005106642222
403,1825.0005106642222
404,1825.0005106642222
405,1825.0005106642222
406,1825.0005106642222
407,1825.0005106642222
408,1825.0005106642222
409,1825.0005106642222
410,1825.0005106642222
411,1825.0005106642222
412,1825.0005106642222
413,1825.0005106642222
414,1825.0005106642222
415,1825.0005106642222
416,1825.0005106642222
417,1825.0005106642222
418,1825.0005106642222
419,1825.0005106642222
420,1825.0005106642222
421,1825.0005106642222
422,1825.0005106642222
423,1825.0005106642222
424,1825.0005106642222
425,1825.0005106642222
426,1825.0005106642222
427,1825.0005106642222
428,1825.0005106642222
429,1825.0005106642222
430,1825.0005106642222
431,1825.0005106642222
432,1825.0005106642222
433,1825.0005106642222
434,1825.0005106642222
435,1825.0005106642222
436,1825.0005106642222
437,1825.0005106642222
438,1825.0005106642222
439,1825.0005106642222
440,1825.0005106642222
441,1825.0005106642222
442,1825.0005106642222
443,1825.0005106642222
444,1825.0005106642222
445,1825.0005106642222
446,1825.0005106642222
447,1825.0005106642222
448,1825.0005106642222
449,1825.0005106642222
450,1825.0005106642222
451,1825.0005106642222
452,1825.0005106642222
453,1825.0005106642222
454,1825.0005106642222
455,1825.0005106642222
456,1825.0005106642222
457,1825.0005106642222
458,1825.0005106642222
459,1825.0005106642222
460,1825.0005106642222
461,1825.0005106642222
462,1825.0005106642222
463,1825.0005106642222
464,1825.0005106642222
465,1825.0005106642222
466,1825.0005106642222
467,1825.0005106642222
468,1825.0005106642222
469,1825.0005106642222
470,1825.0005106642222
471,1825.0005106642222
472,1825.0005106642222
473,1825.0005106642222
474,1825.0005106642222
475,1825.0005106642222
476,1825.0005106642222
477,1825.0005106642222
478,1825.0005106642222
479,1825.0005106642222
480,1825.0005106642222
481,1825.0005106642222
482,1825.0005106642222
483,1825.0005106642222
484,1825.0005106642222
485,1825.0005106642222
486,1825.0005106642222
487,1825.0005106642222
488,1825.0005106642222
489,1825.0005106642222
490,1825.0005106642222
491,1825.0005106642222
492,1825.0005106642222
493,1825.0005106642222
494,1825.0005106642222
495,1825.0005106642222
496,1825.0005106642222
497,1825.0005106642222
498,1825.0005106642222
499,1825.0005106642222
500,1825.0005106642222
501,1825.0005106642222
502,1825.0005106642222
503,1825.0005106642222
504,1825.0005106642222
505,1825.0005106642222
506,1825.0005106642222
507,1825.0005106642222
508,1825.0005106642222
509,1825.0005106642222
510,1825.0005106642222
511,1825.0005106642222
512,1825.0005106642222
513,1825.0005106642222
514,1825.0005106642222
515,1825.0005106642222
516,1825.0005106642222
517,1825.0005106642222
518,1825.0005106642222
519,1825.0005106642222
520,1825.0005106642222
521,1825.0005106642222
522,1825.0005106642222
523,1825.0005106642222
524,1825.0005106642222
525,1825.0005106642222
526,1825.0005106642222
527,1825.0005106642222
528,1825.0005106642222
529,1825.0005106642222
530,1825.0005106642222
531,1825.0005106642222
532,1825.0005106642222
533,1825.0005106642222
534,1825.0005106642222
535,1825.0005106642222
536,1825.0005106642222
537,1825.0005106642222
538,1825.0005106642222
539,1825.0005106642222
540,1825.0005106642222
541,1825.0005106642222
542,1825.0005106642222
543,1825.0005106642222
544,1825.0005106642222
545,1825.0005106642222
546,1825.0005106642222
547,1825.0005106642222
548,1825.0005106642222
549,1825.0005106642222
550,1825.0005106642222
551,1825.0005106642222
552,1825.0005106642222
553,1825.0005106642222
554,1825.0005106642222
555,1825.0005106642222
556,1825.0005106642222
557,1825.0005106642222
558,1825.0005106642222
559,1825.0005106642222
560,1825.0005106642222
561,1825.0005106642222
562,1825.0005106642222
563,1825.0005106642222
564,1825.0005106642222
565,1825.0005106642222
566,1825.0005106642222
567,1825.0005106642222
568,1825.0005106642222
569,1825.0005106642222
570,1825.0005106642222
571,1825.0005106642222
572,1825.0005106642222
573,1825.0005106642222
574,1825.0005106642222
575,1825.0005106642222
576,1825.0005106642222
577,1825.0005106642222
578,1825.0005106642222
579,1825.0005106642222
580,1825.0005106642222
581,1825.0005106642222
582,1825.0005106642222
583,1825.0005106642222
584,1825.0005106642222
585,1825.0005106642222
586,1825.0005106642222
587,1825.0005106642222
588,1825.0005106642222
589,1825.0005106642222
590,1825.0005106642222
591,1825.0005106642222
592,1825.0005106642222
593,1825.0005106642222
594,1825.0005106642222
595,1825.0005106642222
596,1825.0005106642222
597,1825.0005106642222
598,1825.0005106642222
599,1825.0005106642222
600,1825.0005106642222
601,1825.0005106642222
602,1825.0005106642222
603,1825.0005106642222
604,1825.0005106642222
605,1825.0005106642222
606,1825.0005106642222
607,1825.0005106642222
608,1825.0005106642222
609,1825.0005106642222
610,1825.0005106642222
611,1825.0005106642222
612,1825.0005106642222
613,1825.0005106642222
614,1825.0005106642222
615,1825.0005106642222
616,1825.0005106642222
617,1825.0005106642222
618,1825.0005106642222
619,1825.0005106642222
620,1825.0005106642222
621,1825.0005106642222
622,1825.0005106642222
623,1825.0005106642222
624,1825.0005106642222
625,1825.0005106642222
626,1825.0005106642222
627,1825.0005106642222
628,1825.0005106642222
629,1825.0005106642222
630,1825.0005106642222
631,1825.0005106642222
632,1825.0005106642222
633,1825.0005106642222
634,1825.0005106642222
635,1825.0005106642222
636,1825.0005106642222
637,1825.0005106642222
638,1825.0005106642222
639,1825.0005106642222
640,1825.0005106642222
641,1825.0005106642222
642,1825.0005106642222
643,1825.0005106642222
644,1825.0005106642222
645,1825.0005106642222
646,1825.0005106642222
647,1825.0005106642222
648,1825.0005106642222
649,1825.0005106642222
650,1825.0005106642222
651,1825.0005106642222
652,1825.0005106642222
653,1825.0005106642222
654,1825.0005106642222
655,1825.0005106642222
656,1825.0005106642222
657,1825.0005106642222
658,1825.0005106642222
659,1825.0005106642222
660,1825.0005106642222
661,1825.0005106642222
662,1825.0005106642222
663,1825.0005106642222
664,1825.0005106642222
665,1825.0005106642222
666,1825.0005106642222
667,1825.0005106642222
668,1825.0005106642222
669,1825.0005106642222
670,1825.0005106642222
671,1825.0005106642222
672,1825.0005106642222
673,1825.0005106642222
674,1825.0005106642222
675,1825.0005106642222
676,1825.0005106642222
677,1825.0005106642222
678,1825.0005106642222
679,1825.0005106642222
680,1825.0005106642222
681,1825.0005106642222
682,1825.0005106642222
683,1825.0005106642222
684,1825.0005106642222
685,1825.0005106642222
686,1825.0005106642222
687,1825.0005106642222
688,1825.0005106642222
689,1825.0005106642222
690,1825.0005106642222
691,1825.0005106642222
692,1825.0005106642222
693,1825.0005106642222
694,1825.0005106642222
695,1825.0005106642222
696,1825.0005106642222
697,1825.0005106642222
698,1825.0005106642222
699,1825.0005106642222
700,1825.0005106642222
701,1825.0005106642222
702,1825.0005106642222
703,1825.0005106642222
704,1825.0005106642222
705,1825.0005106642222
706,1825.0005106642222
707,1825.0005106642222
708,1825.0005106642222
709,1825.0005106642222
710,1825.0005106642222
711,1825.0005106642222
712,1825.0005106642222
713,1825.0005106642222
714,1825.0005106642222
715,1825.0005106642222
716,1825.0005106642222
717,1825.0005106642222
718,1825.0005106642222
719,1825.0005106642222
720,1825.0005106642222
721,1825.0005106642222
722,1825.0005106642222
723,1825.0005106642222
724,1825.0005106642222
725,1825.0005106642222
726,1825.0005106642222
727,1825.0005106642222
728,1825.0005106642222
729,1825.0005106642222
730,1825.0005106642222
731,1825.0005106642222
732,1825.0005106642222
733,1825.0005106642222
734,1825.0005106642222
735,1825.0005106642222
736,1825.0005106642222
737,1825.0005106642222
738,1825.0005106642222
739,1825.0005106642222
740,1825.0005106642222
741,1825.0005106642222
742,1825.0005106642222
743,1825.0005106642222
744,1825.0005106642222
745,1825.0005106642222
746,1825.0005106642222
747,1825.0005106642222
748,1825.0005106642222
749,1825.0005106642222
750,1825.0005106642222
751,1825.0005106642222
752,1825.0005106642222
753,1825.0005106642222
754,1825.0005106642222
755,1825.0005106642222
756,1825.0005106642222
757,1825.0005106642222
758,1825.0005106642222
759,1825.0005106642222
760,1825.0005106642222
761,1825.0005106642222
762,1825.0005106642222
763,1825.0005106642222
764,1825.0005106642222
765,1825.0005106642222
766,1825.0005106642222
767,1825.0005106642222
768,1825.0005106642222
769,1825.0005106642222
770,1825.0005106642222
771,1825.0005106642222
772,1825.0005106642222
773,1825.0005106642222
774,1825.0005106642222
775,1825.0005106642222
776,1825.0005106642222
777,1825.0005106642222
778,1825.0005106642222
779,1825.0005106642222
780,1825.0005106642222
781,1825.0005106642222
782,1825.0005106642222
783,1825.0005106642222
784,1825.0005106642222
785,1825.0005106642222
786,1825.0005106642222
787,1825.0005106642222
788,1825.0005106642222
789,1825.0005106642222
790,1825.0005106642222
791,1825.0005106642222
792,1825.0005106642222
793,1825.0005106642222
794,1825.0005106642222
795,1825.0005106642222
796,1825.0005106642222
797,1825.0005106642222
798,1825.0005106642222
799,1825.0005106642222
800,1825.0005106642222
801,1825.0005106642222
802,1825.0005106642222
803,1825.0005106642222
804,1825.0005106642222
805,1825.0005106642222
806,1825.0005106642222
807,1825.0005106642222
808,1825.0005106642222
809,1825.0005106642222
810,1825.0005106642222
811,1825.0005106642222
812,1825.0005106642222
813,1825.0005106642222
814,1825.0005106642222
815,1825.0005106642222
816,1825.0005106642222
817,1825.0005106642222
818,1825.0005106642222
819,1825.0005106642222
820,1825.0005106642222
821,1825.0005106642222
822,1825.0005106642222
823,1825.0005106642222
824,1825.0005106642222
825,1825.0005106642222
826,1825.0005106642222
827,1825.0005106642222
828,1825.0005106642222
829,1825.0005106642222
830,1825.0005106642222
831,1825.0005106642222
832,1825.0005106642222
833,1825.0005106642222
834,1825.0005106642222
835,1825.0005106642222
836,1825.0005106642222
837,1825.0005106642222
838,1825.0005106642222
839,1825.0005106642222
840,1825.0005106642222
841,1825.0005106642222
842,1825.0005106642222
843,1825.0005106642222
844,1825.0005106642222
845,1825.0005106642222
846,1825.0005106642222
847,1825.0005106642222
848,1825.0005106642222
849,1825.0005106642222
850,1825.0005106642222
851,1825.0005106642222
852,1825.0005106642222
853,1825.0005106642222
854,1825.0005106642222
855,1825.0005106642222
856,1825.0005106642222
857,1825.0005106642222
858,1825.0005106642222
859,1825.0005106642222
860,1825.0005106642222
861,1825.0005106642222
862,1825.0005106642222
863,1825.0005106642222
864,1825.0005106642222
865,1825.0005106642222
866,1825.0005106642222
867,1825.0005106642222
868,1825.0005106642222
869,1825.0005106642222
870,1825.0005106642222
871,1825.0005106642222
872,1825.0005106642222
873,1825.0005106642222
874,1825.0005106642222
875,1825.0005106642222
876,1825.0005106642222
877,1825.0005106642222
878,1825.0005106642222
879,1825.0005106642222
880,1825.0005106642222
881,1825.0005106642222
882,1825.0005106642222
883,1825.0005106642222
884,1825.0005106642222
885,1825.0005106642222
886,1825.0005106642222
887,1825.0005106642222
888,1825.0005106642222
889,1825.0005106642222
890,1825.0005106642222
891,1825.0005106642222
892,1825.0005106642222
893,1825.0005106642222
894,1825.0005106642222
895,1825.0005106642222
896,1825.0005106642222
897,1825.0005106642222
898,1825.0005106642222
899,1825.0005106642222
900,1825.0005106642222
901,1825.0005106642222
902,1825.0005106642222
903,1825.0005106642222
904,1825.0005106642222
905,1825.0005106642222
906,1825.0005106642222
907,1825.0005106642222
908,1825.0005106642222
909,1825.0005106642222
910,1825.0005106642222
911,1825.0005106642222
912,1825.0005106642222
913,1825.0005106642222
914,1825.0005106642222
915,1825.0005106642222
916,1825.0005106642222
917,1825.0005106642222
918,1825.0005106642222
919,1825.0005106642222
920,1825.0005106642222
921,1825.0005106642222
922,1825.0005106642222
923,1825.0005106642222
924,1825.0005106642222
925,1825.0005106642222
926,1825.0005106642222
927,1825.0005106642222
928,1825.0005106642222
929,1825.0005106642222
930,1825.0005106642222
931,1825.0005106642222
932,1825.0005106642222
933,1825.0005106642222
934,1825.0005106642222
935,1825.0005106642222
936,1825.0005106642222
937,1825.0005106642222
938,1825.0005106642222
939,1825.0005106642222
940,1825.0005106642222
941,1825.0005106642222
942,1825.0005106642222
943,1825.0005106642222
944,1825.0005106642222
945,1825.0005106642222
946,1825.0005106642222
947,1825.0005106642222
948,1825.0005106642222
949,1825.0005106642222
950,1825.0005106642222
951,1825.0005106642222
952,1825.0005106642222
953,1825.0005106642222
954,1825.0005106642222
955,1825.0005106642222
956,1825.0005106642222
957,1825.0005106642222
958,1825.0005106642222
959,1825.0005106642222
960,1825.0005106642222
961,1825.0005106642222
962,1825.0005106642222
963,1825.0005106642222
964,1825.0005106642222
965,1825.0005106642222
966,1825.0005106642222
967,1825.0005106642222
968,1825.0005106642222
969,1825.0005106642222
970,1825.0005106642222
971,1825.0005106642222
972,1825.0005106642222
973,1825.0005106642222
974,1825.0005106642222
975,1825.0005106642222
976,1825.0005106642222
977,1825.0005106642222
978,1825.0005106642222
979,1825.0005106642222
980,1825.0005106642222
981,1825.0005106642222
982,1825.0005106642222
983,1825.0005106642222
984,1825.0005106642222
985,1825.0005106642222
986,1825.0005106642222
987,1825.0005106642222
988,1825.0005106642222
989,1825.0005106642222
990,1825.0005106642222
991,1825.0005106642222
992,1825.0005106642222
993,1825.0005106642222
994,1825.0005106642222
995,1825.0005106642222
996,1825.0005106642222
997,1825.0005106642222
998,1825.0005106642222
999,1825.0005106642222
1000,1825.0005106642222
1001,1825.0005106642222
1002,1825.0005106642222
1003,1825.0005106642222
1004,1825.0005106642222
1005,1825.0005106642222
1006,1825.0005106642222
1007,1825.0005106642222
1008,1825.0005106642222
1009,1825.0005106642222
1010,1825.0005106642222
1011,1825.0005106642222
1012,1825.0005106642222
1013,1825.0005106642222
1014,1825.0005106642222
1015,1825.0005106642222
1016,1825.0005106642222
1017,1825.0005106642222
1018,1825.0005106642222
1019,1825.0005106642222
1020,1825.0005106642222
1021,1825.0005106642222
1022,1825.0005106642222
1023,1825.0005106642222
1024,1825.0005106642222
1025,1825.0005106642222
1026,1825.0005106642222
1027,1825.0005106642222
1028,1825.0005106642222
1029,1825.0005106642222
1030,1825.0005106642222
1031,1825.0005106642222
1032,1825.0005106642222
1033,1825.0005106642222
1034,1825.0005106642222
1035,1825.0005106642222
1036,1825.0005106642222
1037,1825.0005106642222
1038,1825.0005106642222
1039,1825.0005106642222
1040,1825.0005106642222
1041,1825.0005106642222
1042,1825.0005106642222
1043,1825.0005106642222
1044,1825.0005106642222
1045,1825.0005106642222
1046,1825.0005106642222
1047,1825.0005106642222
1048,1825.0005106642222
1049,1825.0005106642222
1050,1825.0005106642222
1051,1825.0005106642222
1052,1825.0005106642222
1053,1825.0005106642222
1054,1825.0005106642222
1055,1825.0005106642222
1056,1825.0005106642222
1057,1825.0005106642222
1058,1825.0005106642222
1059,1825.0005106642222
1060,1825.0005106642222
1061,1825.0005106642222
1062,1825.0005106642222
1063,1825.0005106642222
1064,1825.0005106642222
1065,1825.0005106642222
1066,1825.0005106642222
1067,1825.0005106642222
1068,1825.0005106642222
1069,1825.0005106642222
1070,1825.0005106642222
1071,1825.0005106642222
1072,1825.0005106642222
1073,1825.0005106642222
1074,1825.0005106642222
1075,1825.0005106642222
1076,1825.0005106642222
1077,1825.0005106642222
1078,1825.0005106642222
1079,1825.0005106642222
1080,1825.0005106642222
1081,1825.0005106642222
1082,1825.0005106642222
1083,1825.0005106642222
1084,1825.0005106642222
1085,1825.0005106642222
1086,1825.0005106642222
1087,1825.0005106642222
1088,1825.0005106642222
1089,1825.0005106642222
1090,1825.0005106642222
1091,1825.0005106642222
1092,1825.0005106642222
1093,1825.0005106642222
1094,1825.0005106642222
1095,1825.0005106642222
1096,1825.0005106642222
1097,1825.0005106642222
1098,1825.0005106642222
1099,1825.0005106642222
1100,1825.0005106642222
1101,1825.0005106642222
1102,1825.0005106642222
1103,1825.0005106642222
1104,1825.0005106642222
1105,1825.0005106642222
1106,1825.0005106642222
1107,1825.0005106642222
1108,1825.0005106642222
1109,1825.0005106642222
1110,1825.0005106642222
1111,1825.0005106642222
1112,1825.0005106642222
1113,1825.0005106642222
1114,1825.0005106642222
1115,1825.0005106642222
1116,1825.0005106642222
1117,1825.0005106642222
1118,1825.0005106642222
1119,1825.0005106642222
1120,1825.0005106642222
1121,1825.0005106642222
1122,1825.0005106642222
1123,1825.0005106642222
1124,1825.0005106642222
1125,1825.0005106642222
1126,1825.0005106642222
1127,1825.0005106642222
1128,1825.0005106642222
1129,1825.0005106642222
1130,1825.0005106642222
1131,1825.0005106642222
1132,1825.0005106642222
1133,1825.0005106642222
1134,1825.0005106642222
1135,1825.0005106642222
1136,1825.0005106642222
1137,1825.0005106642222
1138,1825.0005106642222
1139,1825.0005106642222
1140,1825.0005106642222
1141,1825.0005106642222
1142,1825.0005106642222
1143,1825.0005106642222
1144,1825.0005106642222
1145,1825.0005106642222
1146,1825.0005106642222
1147,1825.0005106642222
1148,1825.0005106642222
1149,1825.0005106642222
1150,1825.0005106642222
1151,1825.0005106642222
1152,1825.0005106642222
1153,1825.0005106642222
1154,1825.0005106642222
1155,1825.0005106642222
1156,1825.0005106642222
1157,1825.0005106642222
1158,1825.0005106642222
1159,1825.0005106642222
1160,1825.0005106642222
1161,1825.0005106642222
1162,1825.0005106642222
1163,1825.0005106642222
1164,1825.0005106642222
1165,1825.0005106642222
1166,1825.0005106642222
1167,1825.0005106642222
1168,1825.0005106642222
1169,1825.0005106642222
1170,1825.0005106642222
1171,1825.0005106642222
1172,1825.0005106642222
1173,1825.0005106642222
1174,1825.0005106642222
1175,1825.0005106642222
1176,1825.0005106642222
1177,1825.0005106642222
1178,1825.0005106642222
1179,1825.0005106642222
1180,1825.0005106642222
1181,1825.0005106642222
1182,1825.0005106642222
1183,1825.0005106642222
1184,1825.0005106642222
1185,1825.0005106642222
1186,1825.0005106642222
1187,1825.0005106642222
1188,1825.0005106642222
1189,1825.0005106642222
1190,1825.0005106642222
1191,1825.0005106642222
1192,1825.0005106642222
1193,1825.0005106642222
1194,1825.0005106642222
1195,1825.0005106642222
1196,1825.0005106642222
1197,1825.0005106642222
1198,1825.0005106642222
1199,1825.0005106642222
1200,1825.0005106642222
1201,1825.0005106642222
1202,1825.0005106642222
1203,1825.0005106642222
1204,1825.0005106642222
1205,1825.0005106642222
1206,1825.0005106642222
1207,1825.0005106642222
1208,1825.0005106642222
1209,1825.0005106642222
1210,1825.0005106642222
1211,1825.0005106642222
1212,1825.0005106642222
1213,1825.0005106642222
1214,1825.0005106642222
1215,1825.0005106642222
1216,1825.0005106642222
1217,1825.0005106642222
1218,1825.0005106642222
1219,1825.0005106642222
1220,1825.0005106642222
1221,1825.0005106642222
1222,1825.0005106642222
1223,1825.0005106642222
1224,1825.0005106642222
1225,1825.0005106642222
1226,1825.0005106642222
1227,1825.0005106642222
1228,1825.0005106642222
1229,1825.0005106642222
1230,1825.0005106642222
1231,1825.0005106642222
1232,1825.0005106642222
1233,1825.0005106642222
1234,1825.0005106642222
1235,1825.0005106642222
1236,1825.0005106642222
1237,1825.0005106642222
1238,1825.0005106642222
1239,1825.0005106642222
1240,1825.0005106642222
1241,1825.0005106642222
1242,1825.0005106642222
1243,1825.0005106642222
1244,1825.0005106642222
1245,1825.0005106642222
1246,1825.0005106642222
1247,1825.0005106642222
1248,1825.0005106642222
1249,1825.0005106642222
1250,1825.0005106642222
1251,1825.0005106642222
1252,1825.0005106642222
1253,1825.0005106642222
1254,1825.0005106642222
1255,1825.0005106642222
1256,1825.0005106642222
1257,1825.0005106642222
1258,1825.0005106642222
1259,1825.0005106642222
1260,1825.0005106642222
1261,1825.0005106642222
1262,1825.0005106642222
1263,1825.0005106642222
1264,1825.0005106642222
1265,1825.0005106642222
1266,1825.0005106642222
1267,1825.0005106642222
1268,1825.0005106642222
1269,1825.0005106642222
1270,1825.0005106642222
1271,1825.0005106642222
1272,1825.0005106642222
1273,1825.0005106642222
1274,1825.0005106642222
1275,1825.0005106642222
1276,1825.0005106642222
1277,1825.0005106642222
1278,1825.0005106642222
1279,1825.0005106642222
1280,1825.0005106642222
1281,1825.0005106642222
1282,1825.0005106642222
1283,1825.0005106642222
1284,1825.0005106642222
1285,1825.0005106642222
1286,1825.0005106642222
1287,1825.0005106642222
1288,1825.0005106642222
1289,1825.0005106642222
1290,1825.0005106642222
1291,1825.0005106642222
1292,1825.0005106642222
1293,1825.0005106642222
1294,1825.0005106642222
1295,1825.0005106642222
1296,1825.0005106642222
1297,1825.0005106642222
1298,1825.0005106642222
1299,1825.0005106642222
1300,1825.0005106642222
1301,1825.0005106642222
1302,1825.0005106642222
1303,1825.0005106642222
1304,1825.0005106642222
1305,1825.0005106642222
1306,1825.0005106642222
1307,1825.0005106642222
1308,1825.0005106642222
1309,1825.0005106642222
1310,1825.0005106642222
1311,1825.0005106642222
1312,1825.0005106642222
1313,1825.0005106642222
1314,1825.0005106642222
1315,1825.0005106642222
1316,1825.0005106642222
1317,1825.0005106642222
1318,1825.0005106642222
1319,1825.0005106642222
1320,1825.0005106642222
1321,1825.0005106642222
1322,1825.0005106642222
1323,1825.0005106642222
1324,1825.0005106642222
1325,1825.0005106642222
1326,1825.0005106642222
1327,1825.0005106642222
1328,1825.0005106642222
1329,1825.0005106642222
1330,1825.0005106642222
1331,1825.0005106642222
1332,1825.0005106642222
1333,1825.0005106642222
1334,1825.0005106642222
1335,1825.0005106642222
1336,1825.0005106642222
1337,1825.0005106642222
1338,1825.0005106642222
1339,1825.0005106642222
1340,1825.0005106642222
1341,1825.0005106642222
1342,1825.0005106642222
1343,1825.0005106642222
1344,1825.0005106642222
1345,1825.0005106642222
1346,1825.0005106642222
1347,1825.0005106642222
1348,1825.0005106642222
1349,1825.0005106642222
1350,1825.0005106642222
1351,1825.0005106642222
1352,1825.0005106642222
1353,1825.0005106642222
1354,1825.0005106642222
1355,1825.0005106642222
1356,1825.0005106642222
1357,1825.0005106642222
1358,1825.0005106642222
1359,1825.0005106642222
1360,1825.0005106642222
1361,1825.0005106642222
1362,1825.0005106642222
1363,1825.0005106642222
1364,1825.0005106642222
1365,1825.0005106642222
1366,1825.0005106642222
1367,1825.0005106642222
1368,1825.0005106642222
1369,1825.0005106642222
1370,1825.0005106642222
1371,1825.0005106642222
1372,1825.0005106642222
1373,1825.0005106642222
1374,1825.0005106642222
1375,1825.0005106642222
1376,1825.0005106642222
1377,1825.0005106642222
1378,1825.0005106642222
1379,1825.0005106642222
1380,1825.0005106642222
1381,1825.0005106642222
1382,1825.0005106642222
1383,1825.0005106642222
1384,1825.0005106642222
1385,1825.0005106642222
1386,1825.0005106642222
1387,1825.0005106642222
1388,1825.0005106642222
1389,1825.0005106642222
1390,1825.0005106642222
1391,1825.0005106642222
1392,1825.0005106642222
1393,1825.0005106642222
1394,1825.0005106642222
1395,1825.0005106642222
1396,1825.0005106642222
1397,1825.0005106642222
1398,1825.0005106642222
1399,1825.0005106642222
1400,1825.0005106642222
1401,1825.0005106642222
1402,1825.0005106642222
1403,1825.0005106642222
1404,1825.0005106642222
1405,1825.0005106642222
1406,1825.0005106642222
1407,1825.0005106642222
1408,1825.0005106642222
1409,1825.0005106642222
1410,1825.0005106642222
1411,1825.0005106642222
1412,1825.0005106642222
1413,1825.0005106642222
1414,1825.0005106642222
1415,1825.0005106642222
1416,1825.0005106642222
1417,1825.0005106642222
1418,1825.0005106642222
1419,1825.0005106642222
1420,1825.0005106642222
1421,1825.0005106642222
1422,1825.0005106642222
1423,1825.0005106642222
1424,1825.0005106642222
1425,1825.0005106642222
1426,1825.0005106642222
1427,1825.0005106642222
1428,1825.0005106642222
1429,1825.0005106642222
1430,1825.0005106642222
1431,1825.0005106642222
1432,1825.0005106642222
1433,1825.0005106642222
1434,1825.0005106642222
1435,1825.0005106642222
1436,1825.0005106642222
1437,1825.0005106642222
1438,1825.0005106642222
1439,1825.0005106642222
1440,1825.0005106642222
1441,1825.0005106642222
1442,1825.0005106642222
1443,1825.0005106642222
1444,1825.0005106642222
1445,1825.0005106642222
1446,1825.0005106642222
1447,1825.0005106642222
1448,1825.0005106642222
1449,1825.0005106642222
1450,1825.0005106642222
1451,1825.0005106642222
1452,1825.0005106642222
1453,1825.0005106642222
1454,1825.0005106642222
1455,1825.0005106642222
1456,1825.0005106642222
1457,1825.0005106642222
1458,1825.0005106642222
1459,1825.0005106642222
1460,1825.0005106642222
1461,1825.0005106642222
1462,1825.0005106642222
1463,1825.0005106642222
1464,1825.0005106642222
1465,1825.0005106642222
1466,1825.0005106642222
1467,1825.0005106642222
1468,1825.0005106642222
1469,1825.0005106642222
1470,1825.0005106642222
1471,1825.0005106642222
1472,1825.0005106642222
1473,1825.0005106642222
1474,1825.0005106642222
1475,1825.0005106642222
1476,1825.0005106642222
1477,1825.0005106642222
1478,1825.0005106642222
1479,1825.0005106642222
1480,1825.0005106642222
1481,1825.0005106642222
1482,1825.0005106642222
1483,1825.0005106642222
1484,1825.0005106642222
1485,1825.0005106642222
1486,1825.0005106642222
1487,1825.0005106642222
1488,1825.0005106642222
1489,1825.0005106642222
1490,1825.0005106642222
1491,1825.0005106642222
1492,1825.0005106642222
1493,1825.0005106642222
1494,1825.0005106642222
1495,1825.0005106642222
1496,1825.0005106642222
1497,1825.0005106642222
1498,1825.0005106642222
1499,1825.0005106642222
1500,1825.0005106642222
1501,1825.0005106642222
1502,1825.0005106642222
1503,1825.0005106642222
1504,1825.0005106642222
1505,1825.0005106642222
1506,1825.0005106642222
1507,1825.0005106642222
1508,1825.0005106642222
1509,1825.0005106642222
1510,1825.0005106642222
1511,1825.0005106642222
1512,1825.0005106642222
1513,1825.0005106642222
1514,1825.0005106642222
1515,1825.0005106642222
1516,1825.0005106642222
1517,1825.0005106642222
1518,1825.0005106642222
1519,1825.0005106642222
1520,1825.0005106642222
1521,1825.0005106642222
1522,1825.0005106642222
1523,1825.0005106642222
1524,1825.0005106642222
1525,1825.0005106642222
1526,1825.0005106642222
1527,1825.0005106642222
1528,1825.0005106642222
1529,1825.0005106642222
1530,1825.0005106642222
1531,1825.0005106642222
1532,1825.0005106642222
1533,1825.0005106642222
1534,1825.0005106642222
1535,1825.0005106642222
1536,1825.0005106642222
1537,1825.0005106642222
1538,1825.0005106642222
1539,1825.0005106642222
1540,1825.0005106642222
1541,1825.0005106642222
1542,1825.0005106642222
1543,1825.0005106642222
1544,1825.0005106642222
1545,1825.0005106642222
1546,1825.0005106642222
1547,1825.0005106642222
1548,1825.0005106642222
1549,1825.0005106642222
1550,1825.0005106642222
1551,1825.0005106642222
1552,1825.0005106642222
1553,1825.0005106642222
1554,1825.0005106642222
1555,1825.0005106642222
1556,1825.0005106642222
1557,1825.0005106642222
1558,1825.0005106642222
1559,1825.0005106642222
1560,1825.0005106642222
1561,1825.0005106642222
1562,1825.0005106642222
1563,1825.0005106642222
1564,1825.0005106642222
1565,1825.0005106642222
1566,1825.0005106642222
1567,1825.0005106642222
1568,1825.0005106642222
1569,1825.0005106642222
1570,1825.0005106642222
1571,1825.0005106642222
1572,1825.0005106642222
1573,1825.0005106642222
1574,1825.0005106642222
1575,1825.0005106642222
1576,1825.0005106642222
1577,1825.0005106642222
1578,1825.0005106642222
1579,1825.0005106642222
1580,1825.0005106642222
1581,1825.0005106642222
1582,1825.0005106642222
1583,1825.0005106642222
1584,1825.0005106642222
1585,1825.0005106642222
1586,1825.0005106642222
1587,1825.0005106642222
1588,1825.0005106642222
1589,1825.0005106642222
1590,1825.0005106642222
1591,1825.0005106642222
1592,1825.0005106642222
1593,1825.0005106642222
1594,1825.0005106642222
1595,1825.0005106642222
1596,1825.0005106642222
1597,1825.0005106642222
1598,1825.0005106642222
1599,1825.0005106642222
1600,1825.0005106642222
1601,1825.0005106642222
1602,1825.0005106642222
1603,1825.0005106642222
1604,1825.0005106642222
1605,1825.0005106642222
1606,1825.0005106642222
1607,1825.0005106642222
1608,1825.0005106642222
1609,1825.0005106642222
1610,1825.0005106642222
1611,1825.0005106642222
1612,1825.0005106642222
1613,1825.0005106642222
1614,1825.0005106642222
1615,1825.0005106642222
1616,1825.0005106642222
1617,1825.0005106642222
1618,1825.0005106642222
1619,1825.0005106642222
1620,1825.0005106642222
1621,1825.0005106642222
1622,1825.0005106642222
1623,1825.0005106642222
1624,1825.0005106642222
1625,1825.0005106642222
1626,1825.0005106642222
1627,1825.0005106642222
1628,1825.0005106642222
1629,1825.0005106642222
1630,1825.0005106642222
1631,1825.0005106642222
1632,1825.0005106642222
1633,1825.0005106642222
1634,1825.0005106642222
1635,1825.0005106642222
1636,1825.0005106642222
1637,1825.0005106642222
1638,1825.0005106642222
1639,1825.0005106642222
1640,1825.0005106642222
1641,1825.0005106642222
1642,1825.0005106642222
1643,1825.0005106642222
1644,1825.0005106642222
1645,1825.0005106642222
1646,1825.0005106642222
1647,1825.0005106642222
1648,1825.0005106642222
1649,1825.0005106642222
1650,1825.0005106642222
1651,1825.0005106642222
1652,1825.0005106642222
1653,1825.0005106642222
1654,1825.0005106642222
1655,1825.0005106642222
1656,1825.0005106642222
1657,1825.0005106642222
1658,1825.0005106642222
1659,1825.0005106642222
1660,1825.0005106642222
1661,1825.0005106642222
1662,1825.0005106642222
1663,1825.0005106642222
1664,1825.0005106642222
1665,1825.0005106642222
1666,1825.0005106642222
1667,1825.0005106642222
1668,1825.0005106642222
1669,1825.0005106642222
1670,1825.0005106642222
1671,1825.0005106642222
1672,1825.0005106642222
1673,1825.0005106642222
1674,1825.0005106642222
1675,1825.0005106642222
1676,1825.0005106642222
1677,1825.0005106642222
1678,1825.0005106642222
1679,1825.0005106642222
1680,1825.0005106642222
1681,1825.0005106642222
1682,1825.0005106642222
1683,1825.0005106642222
1684,1825.0005106642222
1685,1825.0005106642222
1686,1825.0005106642222
1687,1825.0005106642222
1688,1825.0005106642222
1689,1825.0005106642222
1690,1825.0005106642222
1691,1825.0005106642222
1692,1825.0005106642222
1693,1825.0005106642222
1694,1825.0005106642222
1695,1825.0005106642222
1696,1825.0005106642222
1697,1825.0005106642222
1698,1825.0005106642222
1699,1825.0005106642222
1700,1825.0005106642222
1701,1825.0005106642222
1702,1825.0005106642222
1703,1825.0005106642222
1704,1825.0005106642222
1705,1825.0005106642222
1706,1825.0005106642222
1707,1825.0005106642222
1708,1825.0005106642222
1709,1825.0005106642222
1710,1825.0005106642222
1711,1825.0005106642222
1712,1825.0005106642222
1713,1825.0005106642222
1714,1825.0005106642222
1715,1825.0005106642222
1716,1825.0005106642222
1717,1825.0005106642222
1718,1825.0005106642222
1719,1825.0005106642222
1720,1825.0005106642222
1721,1825.0005106642222
1722,1825.0005106642222
1723,1825.0005106642222
1724,1825.0005106642222
1725,1825.0005106642222
1726,1825.0005106642222
1727,1825.0005106642222
1728,1825.0005106642222
1729,1825.0005106642222
1730,1825.0005106642222
1731,1825.0005106642222
1732,1825.0005106642222
1733,1825.0005106642222
1734,1825.0005106642222
1735,1825.0005106642222
1736,1825.0005106642222
1737,1825.0005106642222
1738,1825.0005106642222
1739,1825.0005106642222
1740,1825.0005106642222
1741,1825.0005106642222
1742,1825.0005106642222
1743,1825.0005106642222
1744,1825.0005106642222
1745,1825.0005106642222
1746,1825.0005106642222
1747,1825.0005106642222
1748,1825.0005106642222
1749,1825.0005106642222
1750,1825.0005106642222
1751,1825.0005106642222
1752,1825.0005106642222
1753,1825.0005106642222
1754,1825.0005106642222
1755,1825.0005106642222
1756,1825.0005106642222
1757,1825.0005106642222
1758,1825.0005106642222
1759,1825.0005106642222
1760,1825.0005106642222
1761,1825.0005106642222
1762,1825.0005106642222
1763,1825.0005106642222
1764,1825.0005106642222
1765,1825.0005106642222
1766,1825.0005106642222
1767,1825.0005106642222
1768,1825.0005106642222
1769,1825.0005106642222
1770,1825.0005106642222
1771,1825.0005106642222
1772,1825.0005106642222
1773,1825.0005106642222
1774,1825.0005106642222
1775,1825.0005106642222
1776,1825.0005106642222
1777,1825.0005106642222
1778,1825.0005106642222
1779,1825.0005106642222
1780,1825.0005106642222
1781,1825.0005106642222
1782,1825.0005106642222
1783,1825.0005106642222
1784,1825.0005106642222
1785,1825.0005106642222
1786,1825.0005106642222
1787,1825.0005106642222
1788,1825.0005106642222
1789,1825.0005106642222
1790,1825.0005106642222
1791,1825.0005106642222
1792,1825.0005106642222
1793,1825.0005106642222
1794,1825.0005106642222
1795,1825.0005106642222
1796,1825.0005106642222
1797,1825.0005106642222
1798,1825.0005106642222
1799,1825.0005106642222
1800,1825.0005106642222
1801,1825.0005106642222
1802,1825.0005106642222
1803,1825.0005106642222
1804,1825.0005106642222
1805,1825.0005106642222
1806,1825.0005106642222
1807,1825.0005106642222
1808,1825.0005106642222
1809,1825.0005106642222
1810,1825.0005106642222
1811,1825.0005106642222
1812,1825.0005106642222
1813,1825.0005106642222
1814,1825.0005106642222
1815,1825.0005106642222
1816,1825.0005106642222
1817,1825.0005106642222
1818,1825.0005106642222
1819,1825.0005106642222
1820,1825.0005106642222
1821,1825.0005106642222
1822,1825.0005106642222
1823,1825.0005106642222
1824,1825.0005106642222
1825,1825.0005106642222
1826,1825.0005106642222
1827,1825.0005106642222
1828,1825.0005106642222
1829,1825.0005106642222
1830,1825.0005106642222
1831,1825.0005106642222
1832,1825.0005106642222
1833,1825.0005106642222
1834,1825.0005106642222
1835,1825.0005106642222
1836,1825.0005106642222
1837,1825.0005106642222
1838,1825.0005106642222
1839,1825.0005106642222
1840,1825.0005106642222
1841,1825.0005106642222
1842,1825.0005106642222
1843,1825.0005106642222
1844,1825.0005106642222
1845,1825.0005106642222
1846,1825.0005106642222
1847,1825.0005106642222
1848,1825.0005106642222
1849,1825.0005106642222
1850,1825.0005106642222
1851,1825.0005106642222
1852,1825.0005106642222
1853,1825.0005106642222
1854,1825.0005106642222
1855,1825.0005106642222
1856,1825.0005106642222
1857,1825.0005106642222
1858,1825.0005106642222
1859,1825.0005106642222
1860,1825.0005106642222
1861,1825.0005106642222
1862,1825.0005106642222
1863,1825.0005106642222
1864,1825.0005106642222
1865,1825.0005106642222
1866,1825.0005106642222
1867,1825.0005106642222
1868,1825.0005106642222
1869,1825.0005106642222
1870,1825.0005106642222
1871,1825.0005106642222
1872,1825.0005106642222
1873,1825.0005106642222
1874,1825.0005106642222
1875,1825.0005106642222
1876,1825.0005106642222
1877,1825.0005106642222
1878,1825.0005106642222
1879,1825.0005106642222
1880,1825.0005106642222
1881,1825.0005106642222
1882,1825.0005106642222
1883,1825.0005106642222
1884,1825.0005106642222
1885,1825.0005106642222
1886,1825.0005106642222
1887,1825.0005106642222
1888,1825.0005106642222
1889,1825.0005106642222
1890,1825.0005106642222
1891,1825.0005106642222
1892,1825.0005106642222
1893,1825.0005106642222
1894,1825.0005106642222
1895,1825.0005106642222
1896,1825.0005106642222
1897,1825.0005106642222
1898,1825.0005106642222
1899,1825.0005106642222
1900,1825.0005106642222
1901,1825.0005106642222
1902,1825.0005106642222
1903,1825.0005106642222
1904,1825.0005106642222
1905,1825.0005106642222
1906,1825.0005106642222
1907,1825.0005106642222
1908,1825.0005106642222
1909,1825.0005106642222
1910,1825.0005106642222
1911,1825.0005106642222
1912,1825.0005106642222
1913,1825.0005106642222
1914,1825.0005106642222
1915,1825.0005106642222
1916,1825.0005106642222
1917,1825.0005106642222
1918,1825.0005106642222
1919,1825.0005106642222
1920,1825.0005106642222
1921,1825.0005106642222
1922,1825.0005106642222
1923,1825.0005106642222
1924,1825.0005106642222
1925,1825.0005106642222
1926,1825.0005106642222
1927,1825.0005106642222
1928,1825.0005106642222
1929,1825.0005106642222
1930,1825.0005106642222
1931,1825.0005106642222
1932,1825.0005106642222
1933,1825.0005106642222
1934,1825.0005106642222
1935,1825.0005106642222
1936,1825.0005106642222
1937,1825.0005106642222
1938,1825.0005106642222
1939,1825.0005106642222
1940,1825.0005106642222
1941,1825.0005106642222
1942,1825.0005106642222
1943,1825.0005106642222
1944,1825.0005106642222
1945,1825.0005106642222
1946,1825.0005106642222
1947,1825.0005106642222
1948,1825.0005106642222
1949,1825.0005106642222
1950,1825.0005106642222
1951,1825.0005106642222
1952,1825.0005106642222
1953,1825.0005106642222
1954,1825.0005106642222
1955,1825.0005106642222
1956,1825.0005106642222
1957,1825.0005106642222
1958,1825.0005106642222
1959,1825.0005106642222
1960,1825.0005106642222
1961,1825.0005106642222
1962,1825.0005106642222
1963,1825.0005106642222
1964,1825.0005106642222
1965,1825.0005106642222
1966,1825.0005106642222
1967,1825.0005106642222
1968,1825.0005106642222
1969,1825.0005106642222
1970,1825.0005106642222
1971,1825.0005106642222
1972,1825.0005106642222
1973,1825.0005106642222
1974,1825.0005106642222
1975,1825.0005106642222
1976,1825.0005106642222
1977,1825.0005106642222
1978,1825.0005106642222
1979,1825.0005106642222
1980,1825.0005106642222
1981,1825.0005106642222
1982,1825.0005106642222
1983,1825.0005106642222
1984,1825.0005106642222
1985,1825.0005106642222
1986,1825.0005106642222
1987,1825.0005106642222
1988,1825.0005106642222
1989,1825.0005106642222
1990,1825.0005106642222
1991,1825.0005106642222
1992,1825.0005106642222
1993,1825.0005106642222
1994,1825.0005106642222
1995,1825.0005106642222
1996,1825.0005106642222
1997,1825.0005106642222
1998,1825.0005106642222
1999,1825.0005106642222
2000,1825.0005106642222
2001,1825.0005106642222
2002,1825.0005106642222
2003,1825.0005106642222
2004,1825.0005106642222
2005,1825.0005106642222
2006,1825.0005106642222
2007,1825.0005106642222
2008,1825.0005106642222
2009,1825.0005106642222
2010,1825.0005106642222
2011,1825.0005106642222
2012,1825.0005106642222
2013,1825.0005106642222
2014,1825.0005106642222
2015,1825.0005106642222
2016,1825.0005106642222
2017,1825.0005106642222
2018,1825.0005106642222
2019,1825.0005106642222
2020,1825.0005106642222
2021,1825.0005106642222
2022,1825.0005106642222
2023,1825.0005106642222
2024,1825.0005106642222
2025,1825.0005106642222
2026,1825.0005106642222
2027,1825.0005106642222
2028,1825.0005106642222
2029,1825.0005106642222
2030,1825.0005106642222
2031,1825.0005106642222
2032,1825.0005106642222
2033,1825.0005106642222
2034,1825.0005106642222
2035,1825.0005106642222
2036,1825.0005106642222
2037,1825.0005106642222
2038,1825.0005106642222
2039,1825.0005106642222
2040,1825.0005106642222
2041,1825.0005106642222
2042,1825.0005106642222
2043,1825.0005106642222
2044,1825.0005106642222
2045,1825.0005106642222
2046,1825.0005106642222
2047,1825.0005106642222
2048,1825.0005106642222
2049,1825.0005106642222
2050,1825.0005106642222
2051,1825.0005106642222
2052,1825.0005106642222
2053,1825.0005106642222
2054,1825.0005106642222
2055,1825.0005106642222
2056,1825.0005106642222
2057,1825.0005106642222
2058,1825.0005106642222
2059,1825.0005106642222
2060,1825.0005106642222
2061,1825.0005106642222
2062,1825.0005106642222
2063,1825.0005106642222
2064,1825.0005106642222
2065,1825.0005106642222
2066,1825.0005106642222
2067,1825.0005106642222
2068,1825.0005106642222
2069,1825.0005106642222
2070,1825.0005106642222
2071,1825.0005106642222
2072,1825.0005106642222
2073,1825.0005106642222
2074,1825.0005106642222
2075,1825.0005106642222
2076,1825.0005106642222
2077,1825.0005106642222
2078,1825.0005106642222
2079,1825.0005106642222
2080,1825.0005106642222
2081,1825.0005106642222
2082,1825.0005106642222
2083,1825.0005106642222
2084,1825.0005106642222
2085,1825.0005106642222
2086,1825.0005106642222
2087,1825.0005106642222
2088,1825.0005106642222
2089,1825.0005106642222
2090,1825.0005106642222
2091,1825.0005106642222
2092,1825.0005106642222
2093,1825.0005106642222
2094,1825.0005106642222
2095,1825.0005106642222
2096,1825.0005106642222
2097,1825.0005106642222
2098,1825.0005106642222
2099,1825.0005106642222
2100,1825.0005106642222
2101,1825.0005106642222
2102,1825.0005106642222
2103,1825.0005106642222
2104,1825.0005106642222
2105,1825.0005106642222
2106,1825.0005106642222
2107,1825.0005106642222
2108,1825.0005106642222
2109,1825.0005106642222
2110,1825.0005106642222
2111,1825.0005106642222
2112,1825.0005106642222
2113,1825.0005106642222
2114,1825.0005106642222
2115,1825.0005106642222
2116,1825.0005106642222
2117,1825.0005106642222
2118,1825.0005106642222
2119,1825.0005106642222
2120,1825.0005106642222
2121,1825.0005106642222
2122,1825.0005106642222
2123,1825.0005106642222
2124,1825.0005106642222
2125,1825.0005106642222
2126,1825.0005106642222
2127,1825.0005106642222
2128,1825.0005106642222
2129,1825.0005106642222
2130,1825.0005106642222
2131,1825.0005106642222
2132,1825.0005106642222
2133,1825.0005106642222
2134,1825.0005106642222
2135,1825.0005106642222
2136,1825.0005106642222
2137,1825.0005106642222
2138,1825.0005106642222
2139,1825.0005106642222
2140,1825.0005106642222
2141,1825.0005106642222
2142,1825.0005106642222
2143,1825.0005106642222
2144,1825.0005106642222
2145,1825.0005106642222
2146,1825.0005106642222
2147,1825.0005106642222
2148,1825.0005106642222
2149,1825.0005106642222
2150,1825.0005106642222
2151,1825.0005106642222
2152,1825.0005106642222
2153,1825.0005106642222
2154,1825.0005106642222
2155,1825.0005106642222
2156,1825.0005106642222
2157,1825.0005106642222
2158,1825.0005106642222
2159,1825.0005106642222
2160,1825.0005106642222
2161,1825.0005106642222
2162,1825.0005106642222
2163,1825.0005106642222
2164,1825.0005106642222
2165,1825.0005106642222
2166,1825.0005106642222
2167,1825.0005106642222
2168,1825.0005106642222
2169,1825.0005106642222
2170,1825.0005106642222
2171,1825.0005106642222
2172,1825.0005106642222
2173,1825.0005106642222
2174,1825.0005106642222
2175,1825.0005106642222
2176,1825.0005106642222
2177,1825.0005106642222
2178,1825.0005106642222
2179,1825.0005106642222
2180,1825.0005106642222
2181,1825.0005106642222
2182,1825.0005106642222
2183,1825.0005106642222
2184,1825.0005106642222
2185,1825.0005106642222
2186,1825.0005106642222
2187,1825.0005106642222
2188,1825.0005106642222
2189,1825.0005106642222
2190,1825.0005106642222
2191,1825.0005106642222
2192,1825.0005106642222
2193,1825.0005106642222
2194,1825.0005106642222
2195,1825.0005106642222
2196,1825.0005106642222
2197,1825.0005106642222
2198,1825.0005106642222
2199,1825.0005106642222
2200,1825.0005106642222
2201,1825.0005106642222
2202,1825.0005106642222
2203,1825.0005106642222
2204,1825.0005106642222
2205,1825.0005106642222
2206,1825.0005106642222
2207,1825.0005106642222
2208,1825.0005106642222
2209,1825.0005106642222
2210,1825.0005106642222
2211,1825.0005106642222
2212,1825.0005106642222
2213,1825.0005106642222
2214,1825.0005106642222
2215,1825.0005106642222
2216,1825.0005106642222
2217,1825.0005106642222
2218,1825.0005106642222
2219,1825.0005106642222
2220,1825.0005106642222
2221,1825.0005106642222
2222,1825.0005106642222
2223,1825.0005106642222
2224,1825.0005106642222
2225,1825.0005106642222
2226,1825.0005106642222
2227,1825.0005106642222
2228,1825.0005106642222
2229,1825.0005106642222
2230,1825.0005106642222
2231,1825.0005106642222
2232,1825.0005106642222
2233,1825.0005106642222
2234,1825.0005106642222
2235,1825.0005106642222
2236,1825.0005106642222
2237,1825.0005106642222
2238,1825.0005106642222
2239,1825.0005106642222
2240,1825.0005106642222
2241,1825.0005106642222
2242,1825.0005106642222
2243,1825.0005106642222
2244,1825.0005106642222
2245,1825.0005106642222
2246,1825.0005106642222
2247,1825.0005106642222
2248,1825.0005106642222
2249,1825.0005106642222
2250,1825.0005106642222
2251,1825.0005106642222
2252,1825.0005106642222
2253,1825.0005106642222
2254,1825.0005106642222
2255,1825.0005106642222
2256,1825.0005106642222
2257,1825.0005106642222
2258,1825.0005106642222
2259,1825.0005106642222
2260,1825.0005106642222
2261,1825.0005106642222
2262,1825.0005106642222
2263,1825.0005106642222
2264,1825.0005106642222
2265,1825.0005106642222
2266,1825.0005106642222
2267,1825.0005106642222
2268,1825.0005106642222
2269,1825.0005106642222
2270,1825.0005106642222
2271,1825.0005106642222
2272,1825.0005106642222
2273,1825.0005106642222
2274,1825.0005106642222
2275,1825.0005106642222
2276,1825.0005106642222
2277,1825.0005106642222
2278,1825.0005106642222
2279,1825.0005106642222
2280,1825.0005106642222
2281,1825.0005106642222
2282,1825.0005106642222
2283,1825.0005106642222
2284,1825.0005106642222
2285,1825.0005106642222
2286,1825.0005106642222
2287,1825.0005106642222
2288,1825.0005106642222
2289,1825.0005106642222
2290,1825.0005106642222
2291,1825.0005106642222
2292,1825.0005106642222
2293,1825.0005106642222
2294,1825.0005106642222
2295,1825.0005106642222
2296,1825.0005106642222
2297,1825.0005106642222
2298,1825.0005106642222
2299,1825.0005106642222
2300,1825.0005106642222
2301,1825.0005106642222
2302,1825.0005106642222
2303,1825.0005106642222
2304,1825.0005106642222
2305,1825.0005106642222
2306,1825.0005106642222
2307,1825.0005106642222
2308,1825.0005106642222
2309,1825.0005106642222
2310,1825.0005106642222
2311,1825.0005106642222
2312,1825.0005106642222
2313,1825.0005106642222
2314,1825.0005106642222
2315,1825.0005106642222
2316,1825.0005106642222
2317,1825.0005106642222
2318,1825.0005106642222
2319,1825.0005106642222
2320,1825.0005106642222
2321,1825.0005106642222
2322,1825.0005106642222
2323,1825.0005106642222
2324,1825.0005106642222
2325,1825.0005106642222
2326,1825.0005106642222
2327,1825.0005106642222
2328,1825.0005106642222
2329,1825.0005106642222
2330,1825.0005106642222
2331,1825.0005106642222
2332,1825.0005106642222
2333,1825.0005106642222
2334,1825.0005106642222
2335,1825.0005106642222
2336,1825.0005106642222
2337,1825.0005106642222
2338,1825.0005106642222
2339,1825.0005106642222
2340,1825.0005106642222
2341,1825.0005106642222
2342,1825.0005106642222
2343,1825.0005106642222
2344,1825.0005106642222
2345,1825.0005106642222
2346,1825.0005106642222
2347,1825.0005106642222
2348,1825.0005106642222
2349,1825.0005106642222
2350,1825.0005106642222
2351,1825.0005106642222
2352,1825.0005106642222
2353,1825.0005106642222
2354,1825.0005106642222
2355,1825.0005106642222
2356,1825.0005106642222
2357,1825.0005106642222
2358,1825.0005106642222
2359,1825.0005106642222
2360,1825.0005106642222
2361,1825.0005106642222
2362,1825.0005106642222
2363,1825.0005106642222
2364,1825.0005106642222
2365,1825.0005106642222
2366,1825.0005106642222
2367,1825.0005106642222
2368,1825.0005106642222
2369,1825.0005106642222
2370,1825.0005106642222
2371,1825.0005106642222
2372,1825.0005106642222
2373,1825.0005106642222
2374,1825.0005106642222
2375,1825.0005106642222
2376,1825.0005106642222
2377,1825.0005106642222
2378,1825.0005106642222
2379,1825.0005106642222
2380,1825.0005106642222
2381,1825.0005106642222
2382,1825.0005106642222
2383,1825.0005106642222
2384,1825.0005106642222
2385,1825.0005106642222
2386,1825.0005106642222
2387,1825.0005106642222
2388,1825.0005106642222
2389,1825.0005106642222
2390,1825.0005106642222
2391,1825.0005106642222
2392,1825.0005106642222
2393,1825.0005106642222
2394,1825.0005106642222
2395,1825.0005106642222
2396,1825.0005106642222
2397,1825.0005106642222
2398,1825.0005106642222
2399,1825.0005106642222
2400,1825.0005106642222
2401,1825.0005106642222
2402,1825.0005106642222
2403,1825.0005106642222
2404,1825.0005106642222
2405,1825.0005106642222
2406,1825.0005106642222
2407,1825.0005106642222
2408,1825.0005106642222
2409,1825.0005106642222
2410,1825.0005106642222
2411,1825.0005106642222
2412,1825.0005106642222
2413,1825.0005106642222
2414,1825.0005106642222
2415,1825.0005106642222
2416,1825.0005106642222
2417,1825.0005106642222
2418,1825.0005106642222
2419,1825.0005106642222
2420,1825.0005106642222
2421,1825.0005106642222
2422,1825.0005106642222
2423,1825.0005106642222
2424,1825.0005106642222
2425,1825.0005106642222
2426,1825.0005106642222
2427,1825.0005106642222
2428,1825.0005106642222
2429,1825.0005106642222
2430,1825.0005106642222
2431,1825.0005106642222
2432,1825.0005106642222
2433,1825.0005106642222
2434,1825.0005106642222
2435,1825.0005106642222
2436,1825.0005106642222
2437,1825.0005106642222
2438,1825.0005106642222
2439,1825.0005106642222
2440,1825.0005106642222
2441,1825.0005106642222
2442,1825.0005106642222
2443,1825.0005106642222
2444,1825.0005106642222
2445,1825.0005106642222
2446,1825.0005106642222
2447,1825.0005106642222
2448,1825.0005106642222
2449,1825.0005106642222
2450,1825.0005106642222
2451,1825.0005106642222
2452,1825.0005106642222
2453,1825.0005106642222
2454,1825.0005106642222
2455,1825.0005106642222
2456,1825.0005106642222
2457,1825.0005106642222
2458,1825.0005106642222
2459,1825.0005106642222
2460,1825.0005106642222
2461,1825.0005106642222
2462,1825.0005106642222
2463,1825.0005106642222
2464,1825.0005106642222
2465,1825.0005106642222
2466,1825.0005106642222
2467,1825.0005106642222
2468,1825.0005106642222
2469,1825.0005106642222
2470,1825.0005106642222
2471,1825.0005106642222
2472,1825.0005106642222
2473,1825.0005106642222
2474,1825.0005106642222
2475,1825.0005106642222
2476,1825.0005106642222
2477,1825.0005106642222
2478,1825.0005106642222
2479,1825.0005106642222
2480,1825.0005106642222
2481,1825.0005106642222
2482,1825.0005106642222
2483,1825.0005106642222
2484,1825.0005106642222
2485,1825.0005106642222
2486,1825.0005106642222
2487,1825.0005106642222
2488,1825.0005106642222
2489,1825.0005106642222
2490,1825.0005106642222
2491,1825.0005106642222
2492,1825.0005106642222
2493,1825.0005106642222
2494,1825.0005106642222
2495,1825.0005106642222
2496,1825.0005106642222
2497,1825.0005106642222
2498,1825.0005106642222
2499,1825.0005106642222
2500,1825.0005106642222
2501,1825.0005106642222
2502,1825.0005106642222
2503,1825.0005106642222
2504,1825.0005106642222
2505,1825.0005106642222
2506,1825.0005106642222
2507,1825.0005106642222
2508,1825.0005106642222
2509,1825.0005106642222
2510,1825.0005106642222
2511,1825.0005106642222
2512,1825.0005106642222
2513,1825.0005106642222
2514,1825.0005106642222
2515,1825.0005106642222
2516,1825.0005106642222
2517,1825.0005106642222
2518,1825.0005106642222
2519,1825.0005106642222
2520,1825.0005106642222
2521,1825.0005106642222
2522,1825.0005106642222
2523,1825.0005106642222
2524,1825.0005106642222
2525,1825.0005106642222
2526,1825.0005106642222
2527,1825.0005106642222
2528,1825.0005106642222
2529,1825.0005106642222
2530,1825.0005106642222
2531,1825.0005106642222
2532,1825.0005106642222
2533,1825.0005106642222
2534,1825.0005106642222
2535,1825.0005106642222
2536,1825.0005106642222
2537,1825.0005106642222
2538,1825.0005106642222
2539,1825.0005106642222
2540,1825.0005106642222
2541,1825.0005106642222
2542,1825.0005106642222
2543,1825.0005106642222
2544,1825.0005106642222
2545,1825.0005106642222
2546,1825.0005106642222
2547,1825.0005106642222
2548,1825.0005106642222
2549,1825.0005106642222
2550,1825.0005106642222
2551,1825.0005106642222
2552,1825.0005106642222
2553,1825.0005106642222
2554,1825.0005106642222
2555,1825.0005106642222
2556,1825.0005106642222
2557,1825.0005106642222
2558,1825.0005106642222
2559,1825.0005106642222
2560,1825.0005106642222
2561,1825.0005106642222
2562,1825.0005106642222
2563,1825.0005106642222
2564,1825.0005106642222
2565,1825.0005106642222
2566,1825.0005106642222
2567,1825.0005106642222
2568,1825.0005106642222
2569,1825.0005106642222
2570,1825.0005106642222
2571,1825.0005106642222
2572,1825.0005106642222
2573,1825.0005106642222
2574,1825.0005106642222
2575,1825.0005106642222
2576,1825.0005106642222
2577,1825.0005106642222
2578,1825.0005106642222
2579,1825.0005106642222
2580,1825.0005106642222
2581,1825.0005106642222
2582,1825.0005106642222
2583,1825.0005106642222
2584,1825.0005106642222
2585,1825.0005106642222
2586,1825.0005106642222
2587,1825.0005106642222
2588,1825.0005106642222
2589,1825.0005106642222
2590,1825.0005106642222
2591,1825.0005106642222
2592,1825.0005106642222
2593,1825.0005106642222
2594,1825.0005106642222
2595,1825.0005106642222
2596,1825.0005106642222
2597,1825.0005106642222
2598,1825.0005106642222
2599,1825.0005106642222
2600,1825.0005106642222
2601,1825.0005106642222
2602,1825.0005106642222
2603,1825.0005106642222
2604,1825.0005106642222
2605,1825.0005106642222
2606,1825.0005106642222
2607,1825.0005106642222
2608,1825.0005106642222
2609,1825.0005106642222
2610,1825.0005106642222
2611,1825.0005106642222
2612,1825.0005106642222
2613,1825.0005106642222
2614,1825.0005106642222
2615,1825.0005106642222
2616,1825.0005106642222
2617,1825.0005106642222
2618,1825.0005106642222
2619,1825.0005106642222
2620,1825.0005106642222
2621,1825.0005106642222
2622,1825.0005106642222
2623,1825.0005106642222
2624,1825.0005106642222
2625,1825.0005106642222
2626,1825.0005106642222
2627,1825.0005106642222
2628,1825.0005106642222
2629,1825.0005106642222
2630,1825.0005106642222
2631,1825.0005106642222
2632,1825.0005106642222
2633,1825.0005106642222
2634,1825.0005106642222
2635,1825.0005106642222
2636,1825.0005106642222
2637,1825.0005106642222
2638,1825.0005106642222
2639,1825.0005106642222
2640,1825.0005106642222
2641,1825.0005106642222
2642,1825.0005106642222
2643,1825.0005106642222
2644,1825.0005106642222
2645,1825.0005106642222
2646,1825.0005106642222
2647,1825.0005106642222
2648,1825.0005106642222
2649,1825.0005106642222
2650,1825.0005106642222
2651,1825.0005106642222
2652,1825.0005106642222
2653,1825.0005106642222
2654,1825.0005106642222
2655,1825.0005106642222
2656,1825.0005106642222
2657,1825.0005106642222
2658,1825.0005106642222
2659,1825.0005106642222
2660,1825.0005106642222
2661,1825.0005106642222
2662,1825.0005106642222
2663,1825.0005106642222
2664,1825.0005106642222
2665,1825.0005106642222
2666,1825.0005106642222
2667,1825.0005106642222
2668,1825.0005106642222
2669,1825.0005106642222
2670,1825.0005106642222
2671,1825.0005106642222
2672,1825.0005106642222
2673,1825.0005106642222
2674,1825.0005106642222
2675,1825.0005106642222
2676,1825.0005106642222
2677,1825.0005106642222
2678,1825.0005106642222
2679,1825.0005106642222
2680,1825.0005106642222
2681,1825.0005106642222
2682,1825.0005106642222
2683,1825.0005106642222
2684,1825.0005106642222
2685,1825.0005106642222
2686,1825.0005106642222
2687,1825.0005106642222
2688,1825.0005106642222
2689,1825.0005106642222
2690,1825.0005106642222
2691,1825.0005106642222
2692,1825.0005106642222
2693,1825.0005106642222
2694,1825.0005106642222
2695,1825.0005106642222
2696,1825.0005106642222
2697,1825.0005106642222
2698,1825.0005106642222
2699,1825.0005106642222
2700,1825.0005106642222
2701,1825.0005106642222
2702,1825.0005106642222
2703,1825.0005106642222
2704,1825.0005106642222
2705,1825.0005106642222
2706,1825.0005106642222
2707,1825.0005106642222
2708,1825.0005106642222
2709,1825.0005106642222
2710,1825.0005106642222
2711,1825.0005106642222
2712,1825.0005106642222
2713,1825.0005106642222
2714,1825.0005106642222
2715,1825.0005106642222
2716,1825.0005106642222
2717,1825.0005106642222
2718,1825.0005106642222
2719,1825.0005106642222
2720,1825.0005106642222
2721,1825.0005106642222
2722,1825.0005106642222
2723,1825.0005106642222
2724,1825.0005106642222
2725,1825.0005106642222
2726,1825.0005106642222
2727,1825.0005106642222
2728,1825.0005106642222
2729,1825.0005106642222
2730,1825.0005106642222
2731,1825.0005106642222
2732,1825.0005106642222
2733,1825.0005106642222
2734,1825.0005106642222
2735,1825.0005106642222
2736,1825.0005106642222
2737,1825.0005106642222
2738,1825.0005106642222
2739,1825.0005106642222
2740,1825.0005106642222
2741,1825.0005106642222
2742,1825.0005106642222
2743,1825.0005106642222
2744,1825.0005106642222
2745,1825.0005106642222
2746,1825.0005106642222
2747,1825.0005106642222
2748,1825.0005106642222
2749,1825.0005106642222
2750,1825.0005106642222
2751,1825.0005106642222
2752,1825.0005106642222
2753,1825.0005106642222
2754,1825.0005106642222
2755,1825.0005106642222
2756,1825.0005106642222
2757,1825.0005106642222
2758,1825.0005106642222
2759,1825.0005106642222
2760,1825.0005106642222
2761,1825.0005106642222
2762,1825.0005106642222
2763,1825.0005106642222
2764,1825.0005106642222
2765,1825.0005106642222
2766,1825.0005106642222
2767,1825.0005106642222
2768,1825.0005106642222
2769,1825.0005106642222
2770,1825.0005106642222
2771,1825.0005106642222
2772,1825.0005106642222
2773,1825.0005106642222
2774,1825.0005106642222
2775,1825.0005106642222
2776,1825.0005106642222
2777,1825.0005106642222
2778,1825.0005106642222
2779,1825.0005106642222
2780,1825.0005106642222
2781,1825.0005106642222
2782,1825.0005106642222
2783,1825.0005106642222
2784,1825.0005106642222
2785,1825.0005106642222
2786,1825.0005106642222
2787,1825.0005106642222
2788,1825.0005106642222
2789,1825.0005106642222
2790,1825.0005106642222
2791,1825.0005106642222
2792,1825.0005106642222
2793,1825.0005106642222
2794,1825.0005106642222
2795,1825.0005106642222
2796,1825.0005106642222
2797,1825.0005106642222
2798,1825.0005106642222
2799,1825.0005106642222
2800,1825.0005106642222
2801,1825.0005106642222
2802,1825.0005106642222
2803,1825.0005106642222
2804,1825.0005106642222
2805,1825.0005106642222
2806,1825.0005106642222
2807,1825.0005106642222
2808,1825.0005106642222
2809,1825.0005106642222
2810,1825.0005106642222
2811,1825.0005106642222
2812,1825.0005106642222
2813,1825.0005106642222
2814,1825.0005106642222
2815,1825.0005106642222
2816,1825.0005106642222
2817,1825.0005106642222
2818,1825.0005106642222
2819,1825.0005106642222
2820,1825.0005106642222
2821,1825.0005106642222
2822,1825.0005106642222
2823,1825.0005106642222
2824,1825.0005106642222
2825,1825.0005106642222
2826,1825.0005106642222
2827,1825.0005106642222
2828,1825.0005106642222
2829,1825.0005106642222
2830,1825.0005106642222
2831,1825.0005106642222
2832,1825.0005106642222
2833,1825.0005106642222
2834,1825.0005106642222
2835,1825.0005106642222
2836,1825.0005106642222
2837,1825.0005106642222
2838,1825.0005106642222
2839,1825.0005106642222
2840,1825.0005106642222
2841,1825.0005106642222
2842,1825.0005106642222
2843,1825.0005106642222
2844,1825.0005106642222
2845,1825.0005106642222
2846,1825.0005106642222
2847,1825.0005106642222
2848,1825.0005106642222
2849,1825.0005106642222
2850,1825.0005106642222
2851,1825.0005106642222
2852,1825.0005106642222
2853,1825.0005106642222
2854,1825.0005106642222
2855,1825.0005106642222
2856,1825.0005106642222
2857,1825.0005106642222
2858,1825.0005106642222
2859,1825.0005106642222
2860,1825.0005106642222
2861,1825.0005106642222
2862,1825.0005106642222
2863,1825.0005106642222
2864,1825.0005106642222
2865,1825.0005106642222
2866,1825.0005106642222
2867,1825.0005106642222
2868,1825.0005106642222
2869,1825.0005106642222
2870,1825.0005106642222
2871,1825.0005106642222
2872,1825.0005106642222
2873,1825.0005106642222
2874,1825.0005106642222
2875,1825.0005106642222
2876,1825.0005106642222
2877,1825.0005106642222
2878,1825.0005106642222
2879,1825.0005106642222
2880,1825.0005106642222
2881,1825.0005106642222
2882,1825.0005106642222
2883,1825.0005106642222
2884,1825.0005106642222
2885,1825.0005106642222
2886,1825.0005106642222
2887,1825.0005106642222
2888,1825.0005106642222
2889,1825.0005106642222
2890,1825.0005106642222
2891,1825.0005106642222
2892,1825.0005106642222
2893,1825.0005106642222
2894,1825.0005106642222
2895,1825.0005106642222
2896,1825.0005106642222
2897,1825.0005106642222
2898,1825.0005106642222
2899,1825.0005106642222
2900,1825.0005106642222
2901,1825.0005106642222
2902,1825.0005106642222
2903,1825.0005106642222
2904,1825.0005106642222
2905,1825.0005106642222
2906,1825.0005106642222
2907,1825.0005106642222
2908,1825.0005106642222
2909,1825.0005106642222
2910,1825.0005106642222
2911,1825.0005106642222
2912,1825.0005106642222
2913,1825.0005106642222
2914,1825.0005106642222
2915,1825.0005106642222
2916,1825.0005106642222
2917,1825.0005106642222
2918,1825.0005106642222
2919,1825.0005106642222
2920,1825.0005106642222
2921,1825.0005106642222
2922,1825.0005106642222
2923,1825.0005106642222
2924,1825.0005106642222
2925,1825.0005106642222
2926,1825.0005106642222
2927,1825.0005106642222
2928,1825.0005106642222
2929,1825.0005106642222
2930,1825.0005106642222
2931,1825.0005106642222
2932,1825.0005106642222
2933,1825.0005106642222
2934,1825.0005106642222
2935,1825.0005106642222
2936,1825.0005106642222
2937,1825.0005106642222
2938,1825.0005106642222
2939,1825.0005106642222
2940,1825.0005106642222
2941,1825.0005106642222
2942,1825.0005106642222
2943,1825.0005106642222
2944,1825.0005106642222
2945,1825.0005106642222
2946,1825.0005106642222
2947,1825.0005106642222
2948,1825.0005106642222
2949,1825.0005106642222
2950,1825.0005106642222
2951,1825.0005106642222
2952,1825.0005106642222
2953,1825.0005106642222
2954,1825.0005106642222
2955,1825.0005106642222
2956,1825.0005106642222
2957,1825.0005106642222
2958,1825.0005106642222
2959,1825.0005106642222
2960,1825.0005106642222
2961,1825.0005106642222
2962,1825.0005106642222
2963,1825.0005106642222
2964,1825.0005106642222
2965,1825.0005106642222
2966,1825.0005106642222
2967,1825.0005106642222
2968,1825.0005106642222
2969,1825.0005106642222
2970,1825.0005106642222
2971,1825.0005106642222
2972,1825.0005106642222
2973,1825.0005106642222
2974,1825.0005106642222
2975,1825.0005106642222
2976,1825.0005106642222
2977,1825.0005106642222
2978,1825.0005106642222
2979,1825.0005106642222
2980,1825.0005106642222
2981,1825.0005106642222
2982,1825.0005106642222
2983,1825.0005106642222
2984,1825.0005106642222
2985,1825.0005106642222
2986,1825.0005106642222
2987,1825.0005106642222
2988,1825.0005106642222
2989,1825.0005106642222
2990,1825.0005106642222
2991,1825.0005106642222
2992,1825.0005106642222
2993,1825.0005106642222
2994,1825.0005106642222
2995,1825.0005106642222
2996,1825.0005106642222
2997,1825.0005106642222
2998,1825.0005106642222
2999,1825.0005106642222
3000,1825.0005106642222
3001,1825.0005106642222
3002,1825.0005106642222
3003,1825.0005106642222
3004,1825.0005106642222
3005,1825.0005106642222
3006,1825.0005106642222
3007,1825.0005106642222
3008,1825.0005106642222
3009,1825.0005106642222
3010,1825.0005106642222
3011,1825.0005106642222
3012,1825.0005106642222
3013,1825.0005106642222
3014,1825.0005106642222
3015,1825.0005106642222
3016,1825.0005106642222
3017,1825.0005106642222
3018,1825.0005106642222
3019,1825.0005106642222
3020,1825.0005106642222
3021,1825.0005106642222
3022,1825.0005106642222
3023,1825.0005106642222
3024,1825.0005106642222
3025,1825.0005106642222
3026,1825.0005106642222
3027,1825.0005106642222
3028,1825.0005106642222
3029,1825.0005106642222
3030,1825.0005106642222
3031,1825.0005106642222
3032,1825.0005106642222
3033,1825.0005106642222
3034,1825.0005106642222
3035,1825.0005106642222
3036,1825.0005106642222
3037,1825.0005106642222
3038,1825.0005106642222
3039,1825.0005106642222
3040,1825.0005106642222
3041,1825.0005106642222
3042,1825.0005106642222
3043,1825.0005106642222
3044,1825.0005106642222
3045,1825.0005106642222
3046,1825.0005106642222
3047,1825.0005106642222
3048,1825.0005106642222
3049,1825.0005106642222
3050,1825.0005106642222
3051,1825.0005106642222
3052,1825.0005106642222
3053,1825.0005106642222
3054,1825.0005106642222
3055,1825.0005106642222
3056,1825.0005106642222
3057,1825.0005106642222
3058,1825.0005106642222
3059,1825.0005106642222
3060,1825.0005106642222
3061,1825.0005106642222
3062,1825.0005106642222
3063,1825.0005106642222
3064,1825.0005106642222
3065,1825.0005106642222
3066,1825.0005106642222
3067,1825.0005106642222
3068,1825.0005106642222
3069,1825.0005106642222
3070,1825.0005106642222
3071,1825.0005106642222
3072,1825.0005106642222
3073,1825.0005106642222
3074,1825.0005106642222
3075,1825.0005106642222
3076,1825.0005106642222
3077,1825.0005106642222
3078,1825.0005106642222
3079,1825.0005106642222
3080,1825.0005106642222
3081,1825.0005106642222
3082,1825.0005106642222
3083,1825.0005106642222
3084,1825.0005106642222
3085,1825.0005106642222
3086,1825.0005106642222
3087,1825.0005106642222
3088,1825.0005106642222
3089,1825.0005106642222
3090,1825.0005106642222
3091,1825.0005106642222
3092,1825.0005106642222
3093,1825.0005106642222
3094,1825.0005106642222
3095,1825.0005106642222
3096,1825.0005106642222
3097,1825.0005106642222
3098,1825.0005106642222
3099,1825.0005106642222
3100,1825.0005106642222
3101,1825.0005106642222
3102,1825.0005106642222
3103,1825.0005106642222
3104,1825.0005106642222
3105,1825.0005106642222
3106,1825.0005106642222
3107,1825.0005106642222
3108,1825.0005106642222
3109,1825.0005106642222
3110,1825.0005106642222
3111,1825.0005106642222
3112,1825.0005106642222
3113,1825.0005106642222
3114,1825.0005106642222
3115,1825.0005106642222
3116,1825.0005106642222
3117,1825.0005106642222
3118,1825.0005106642222
3119,1825.0005106642222
3120,1825.0005106642222
3121,1825.0005106642222
3122,1825.0005106642222
3123,1825.0005106642222
3124,1825.0005106642222
3125,1825.0005106642222
3126,1825.0005106642222
3127,1825.0005106642222
3128,1825.0005106642222
3129,1825.0005106642222
3130,1825.0005106642222
3131,1825.0005106642222
3132,1825.0005106642222
3133,1825.0005106642222
3134,1825.0005106642222
3135,1825.0005106642222
3136,1825.0005106642222
3137,1825.0005106642222
3138,1825.0005106642222
3139,1825.0005106642222
3140,1825.0005106642222
3141,1825.0005106642222
3142,1825.0005106642222
3143,1825.0005106642222
3144,1825.0005106642222
3145,1825.0005106642222
3146,1825.0005106642222
3147,1825.0005106642222
3148,1825.0005106642222
3149,1825.0005106642222
3150,1825.0005106642222
3151,1825.0005106642222
3152,1825.0005106642222
3153,1825.0005106642222
3154,1825.0005106642222
3155,1825.0005106642222
3156,1825.0005106642222
3157,1825.0005106642222
3158,1825.0005106642222
3159,1825.0005106642222
3160,1825.0005106642222
3161,1825.0005106642222
3162,1825.0005106642222
3163,1825.0005106642222
3164,1825.0005106642222
3165,1825.0005106642222
3166,1825.0005106642222
3167,1825.0005106642222
3168,1825.0005106642222
3169,1825.0005106642222
3170,1825.0005106642222
3171,1825.0005106642222
3172,1825.0005106642222
3173,1825.0005106642222
3174,1825.0005106642222
3175,1825.0005106642222
3176,1825.0005106642222
3177,1825.0005106642222
3178,1825.0005106642222
3179,1825.0005106642222
3180,1825.0005106642222
3181,1825.0005106642222
3182,1825.0005106642222
3183,1825.0005106642222
3184,1825.0005106642222
3185,1825.0005106642222
3186,1825.0005106642222
3187,1825.0005106642222
3188,1825.0005106642222
3189,1825.0005106642222
3190,1825.0005106642222
3191,1825.0005106642222
3192,1825.0005106642222
3193,1825.0005106642222
3194,1825.0005106642222
3195,1825.0005106642222
3196,1825.0005106642222
3197,1825.0005106642222
3198,1825.0005106642222
3199,1825.0005106642222
3200,1825.0005106642222
3201,1825.0005106642222
3202,1825.0005106642222
3203,1825.0005106642222
3204,1825.0005106642222
3205,1825.0005106642222
3206,1825.0005106642222
3207,1825.0005106642222
3208,1825.0005106642222
3209,1825.0005106642222
3210,1825.0005106642222
3211,1825.0005106642222
3212,1825.0005106642222
3213,1825.0005106642222
3214,1825.0005106642222
3215,1825.0005106642222
3216,1825.0005106642222
3217,1825.0005106642222
3218,1825.0005106642222
3219,1825.0005106642222
3220,1825.0005106642222
3221,1825.0005106642222
3222,1825.0005106642222
3223,1825.0005106642222
3224,1825.0005106642222
3225,1825.0005106642222
3226,1825.0005106642222
3227,1825.0005106642222
3228,1825.0005106642222
3229,1825.0005106642222
3230,1825.0005106642222
3231,1825.0005106642222
3232,1825.0005106642222
3233,1825.0005106642222
3234,1825.0005106642222
3235,1825.0005106642222
3236,1825.0005106642222
3237,1825.0005106642222
3238,1825.0005106642222
3239,1825.0005106642222
3240,1825.0005106642222
3241,1825.0005106642222
3242,1825.0005106642222
3243,1825.0005106642222
3244,1825.0005106642222
3245,1825.0005106642222
3246,1825.0005106642222
3247,1825.0005106642222
3248,1825.0005106642222
3249,1825.0005106642222
3250,1825.0005106642222
3251,1825.0005106642222
3252,1825.0005106642222
3253,1825.0005106642222
3254,1825.0005106642222
3255,1825.0005106642222
3256,1825.0005106642222
3257,1825.0005106642222
3258,1825.0005106642222
3259,1825.0005106642222
3260,1825.0005106642222
3261,1825.0005106642222
3262,1825.0005106642222
3263,1825.0005106642222
3264,1825.0005106642222
3265,1825.0005106642222
3266,1825.0005106642222
3267,1825.0005106642222
3268,1825.0005106642222
3269,1825.0005106642222
3270,1825.0005106642222
3271,1825.0005106642222
3272,1825.0005106642222
3273,1825.0005106642222
3274,1825.0005106642222
3275,1825.0005106642222
3276,1825.0005106642222
3277,1825.0005106642222
3278,1825.0005106642222
3279,1825.0005106642222
3280,1825.0005106642222
3281,1825.0005106642222
3282,1825.0005106642222
3283,1825.0005106642222
3284,1825.0005106642222
3285,1825.0005106642222
3286,1825.0005106642222
3287,1825.0005106642222
3288,1825.0005106642222
3289,1825.0005106642222
3290,1825.0005106642222
3291,1825.0005106642222
3292,1825.0005106642222
3293,1825.0005106642222
3294,1825.0005106642222
3295,1825.0005106642222
3296,1825.0005106642222
3297,1825.0005106642222
3298,1825.0005106642222
3299,1825.0005106642222
3300,1825.0005106642222
3301,1825.0005106642222
3302,1825.0005106642222
3303,1825.0005106642222
3304,1825.0005106642222
3305,1825.0005106642222
3306,1825.0005106642222
3307,1825.0005106642222
3308,1825.0005106642222
3309,1825.0005106642222
3310,1825.0005106642222
3311,1825.0005106642222
3312,1825.0005106642222
3313,1825.0005106642222
3314,1825.0005106642222
3315,1825.0005106642222
3316,1825.0005106642222
3317,1825.0005106642222
3318,1825.0005106642222
3319,1825.0005106642222
3320,1825.0005106642222
3321,1825.0005106642222
3322,1825.0005106642222
3323,1825.0005106642222
3324,1825.0005106642222
3325,1825.0005106642222
3326,1825.0005106642222
3327,1825.0005106642222
3328,1825.0005106642222
3329,1825.0005106642222
3330,1825.0005106642222
3331,1825.0005106642222
3332,1825.0005106642222
3333,1825.0005106642222
3334,1825.0005106642222
3335,1825.0005106642222
3336,1825.0005106642222
3337,1825.0005106642222
3338,1825.0005106642222
3339,1825.0005106642222
3340,1825.0005106642222
3341,1825.0005106642222
3342,1825.0005106642222
3343,1825.0005106642222
3344,1825.0005106642222
3345,1825.0005106642222
3346,1825.0005106642222
3347,1825.0005106642222
3348,1825.0005106642222
3349,1825.0005106642222
3350,1825.0005106642222
3351,1825.0005106642222
3352,1825.0005106642222
3353,1825.0005106642222
3354,1825.0005106642222
3355,1825.0005106642222
3356,1825.0005106642222
3357,1825.0005106642222
3358,1825.0005106642222
3359,1825.0005106642222
3360,1825.0005106642222
3361,1825.0005106642222
3362,1825.0005106642222
3363,1825.0005106642222
3364,1825.0005106642222
3365,1825.0005106642222
3366,1825.0005106642222
3367,1825.0005106642222
3368,1825.0005106642222
3369,1825.0005106642222
3370,1825.0005106642222
3371,1825.0005106642222
3372,1825.0005106642222
3373,1825.0005106642222
3374,1825.0005106642222
3375,1825.0005106642222
3376,1825.0005106642222
3377,1825.0005106642222
3378,1825.0005106642222
3379,1825.0005106642222
3380,1825.0005106642222
3381,1825.0005106642222
3382,1825.0005106642222
3383,1825.0005106642222
3384,1825.0005106642222
3385,1825.0005106642222
3386,1825.0005106642222
3387,1825.0005106642222
3388,1825.0005106642222
3389,1825.0005106642222
3390,1825.0005106642222
3391,1825.0005106642222
3392,1825.0005106642222
3393,1825.0005106642222
3394,1825.0005106642222
3395,1825.0005106642222
3396,1825.0005106642222
3397,1825.0005106642222
3398,1825.0005106642222
3399,1825.0005106642222
3400,1825.0005106642222
3401,1825.0005106642222
3402,1825.0005106642222
3403,1825.0005106642222
3404,1825.0005106642222
3405,1825.0005106642222
3406,1825.0005106642222
3407,1825.0005106642222
3408,1825.0005106642222
3409,1825.0005106642222
3410,1825.0005106642222
3411,1825.0005106642222
3412,1825.0005106642222
3413,1825.0005106642222
3414,1825.0005106642222
3415,1825.0005106642222
3416,1825.0005106642222
3417,1825.0005106642222
3418,1825.0005106642222
3419,1825.0005106642222
3420,1825.0005106642222
3421,1825.0005106642222
3422,1825.0005106642222
3423,1825.0005106642222
3424,1825.0005106642222
3425,1825.0005106642222
3426,1825.0005106642222
3427,1825.0005106642222
3428,1825.0005106642222
3429,1825.0005106642222
3430,1825.0005106642222
3431,1825.0005106642222
3432,1825.0005106642222
3433,1825.0005106642222
3434,1825.0005106642222
3435,1825.0005106642222
3436,1825.0005106642222
3437,1825.0005106642222
3438,1825.0005106642222
3439,1825.0005106642222
3440,1825.0005106642222
3441,1825.0005106642222
3442,1825.0005106642222
3443,1825.0005106642222
3444,1825.0005106642222
3445,1825.0005106642222
3446,1825.0005106642222
3447,1825.0005106642222
3448,1825.0005106642222
3449,1825.0005106642222
3450,1825.0005106642222
3451,1825.0005106642222
3452,1825.0005106642222
3453,1825.0005106642222
3454,1825.0005106642222
3455,1825.0005106642222
3456,1825.0005106642222
3457,1825.0005106642222
3458,1825.0005106642222
3459,1825.0005106642222
3460,1825.0005106642222
3461,1825.0005106642222
3462,1825.0005106642222
3463,1825.0005106642222
3464,1825.0005106642222
3465,1825.0005106642222
3466,1825.0005106642222
3467,1825.0005106642222
3468,1825.0005106642222
3469,1825.0005106642222
3470,1825.0005106642222
3471,1825.0005106642222
3472,1825.0005106642222
3473,1825.0005106642222
3474,1825.0005106642222
3475,1825.0005106642222
3476,1825.0005106642222
3477,1825.0005106642222
3478,1825.0005106642222
3479,1825.0005106642222
3480,1825.0005106642222
3481,1825.0005106642222
3482,1825.0005106642222
3483,1825.0005106642222
3484,1825.0005106642222
3485,1825.0005106642222
3486,1825.0005106642222
3487,1825.0005106642222
3488,1825.0005106642222
3489,1825.0005106642222
3490,1825.0005106642222
3491,1825.0005106642222
3492,1825.0005106642222
3493,1825.0005106642222
3494,1825.0005106642222
3495,1825.0005106642222
3496,1825.0005106642222
3497,1825.0005106642222
3498,1825.0005106642222
3499,1825.0005106642222
3500,1825.0005106642222
3501,1825.0005106642222
3502,1825.0005106642222
3503,1825.0005106642222
3504,1825.0005106642222
3505,1825.0005106642222
3506,1825.0005106642222
3507,1825.0005106642222
3508,1825.0005106642222
3509,1825.0005106642222
3510,1825.0005106642222
3511,1825.0005106642222
3512,1825.0005106642222
3513,1825.0005106642222
3514,1825.0005106642222
3515,1825.0005106642222
3516,1825.0005106642222
3517,1825.0005106642222
3518,1825.0005106642222
3519,1825.0005106642222
3520,1825.0005106642222
3521,1825.0005106642222
3522,1825.0005106642222
3523,1825.0005106642222
3524,1825.0005106642222
3525,1825.0005106642222
3526,1825.0005106642222
3527,1825.0005106642222
3528,1825.0005106642222
3529,1825.0005106642222
3530,1825.0005106642222
3531,1825.0005106642222
3532,1825.0005106642222
3533,1825.0005106642222
3534,1825.0005106642222
3535,1825.0005106642222
3536,1825.0005106642222
3537,1825.0005106642222
3538,1825.0005106642222
3539,1825.0005106642222
3540,1825.0005106642222
3541,1825.0005106642222
3542,1825.0005106642222
3543,1825.0005106642222
3544,1825.0005106642222
3545,1825.0005106642222
3546,1825.0005106642222
3547,1825.0005106642222
3548,1825.0005106642222
3549,1825.0005106642222
3550,1825.0005106642222
3551,1825.0005106642222
3552,1825.0005106642222
3553,1825.0005106642222
3554,1825.0005106642222
3555,1825.0005106642222
3556,1825.0005106642222
3557,1825.0005106642222
3558,1825.0005106642222
3559,1825.0005106642222
3560,1825.0005106642222
3561,1825.0005106642222
3562,1825.0005106642222
3563,1825.0005106642222
3564,1825.0005106642222
3565,1825.0005106642222
3566,1825.0005106642222
3567,1825.0005106642222
3568,1825.0005106642222
3569,1825.0005106642222
3570,1825.0005106642222
3571,1825.0005106642222
3572,1825.0005106642222
3573,1825.0005106642222
3574,1825.0005106642222
3575,1825.0005106642222
3576,1825.0005106642222
3577,1825.0005106642222
3578,1825.0005106642222
3579,1825.0005106642222
3580,1825.0005106642222
3581,1825.0005106642222
3582,1825.0005106642222
3583,1825.0005106642222
3584,1825.0005106642222
3585,1825.0005106642222
3586,1825.0005106642222
3587,1825.0005106642222
3588,1825.0005106642222
3589,1825.0005106642222
3590,1825.0005106642222
3591,1825.0005106642222
3592,1825.0005106642222
3593,1825.0005106642222
3594,1825.0005106642222
3595,1825.0005106642222
3596,1825.0005106642222
3597,1825.0005106642222
3598,1825.0005106642222
3599,1825.0005106642222
3600,1825.0005106642222
3601,1825.0005106642222
3602,1825.0005106642222
3603,1825.0005106642222
3604,1825.0005106642222
3605,1825.0005106642222
3606,1825.0005106642222
3607,1825.0005106642222
3608,1825.0005106642222
3609,1825.0005106642222
3610,1825.0005106642222
3611,1825.0005106642222
3612,1825.0005106642222
3613,1825.0005106642222
3614,1825.0005106642222
3615,1825.0005106642222
3616,1825.0005106642222
3617,1825.0005106642222
3618,1825.0005106642222
3619,1825.0005106642222
3620,1825.0005106642222
3621,1825.0005106642222
3622,1825.0005106642222
3623,1825.0005106642222
3624,1825.0005106642222
3625,1825.0005106642222
3626,1825.0005106642222
3627,1825.0005106642222
3628,1825.0005106642222
3629,1825.0005106642222
3630,1825.0005106642222
3631,1825.0005106642222
3632,1825.0005106642222
3633,1825.0005106642222
3634,1825.0005106642222
3635,1825.0005106642222
3636,1825.0005106642222
3637,1825.0005106642222
3638,1825.0005106642222
3639,1825.0005106642222
3640,1825.0005106642222
3641,1825.0005106642222
3642,1825.0005106642222
3643,1825.0005106642222
3644,1825.0005106642222
3645,1825.0005106642222
3646,1825.0005106642222
3647,1825.0005106642222
3648,1825.0005106642222
3649,1825.0005106642222
3650,1825.0005106642222
3651,1825.0005106642222
3652,1825.0005106642222
3653,1825.0005106642222
3654,1825.0005106642222
3655,1825.0005106642222
3656,1825.0005106642222
3657,1825.0005106642222
3658,1825.0005106642222
3659,1825.0005106642222
3660,1825.0005106642222
3661,1825.0005106642222
3662,1825.0005106642222
3663,1825.0005106642222
3664,1825.0005106642222
3665,1825.0005106642222
3666,1825.0005106642222
3667,1825.0005106642222
3668,1825.0005106642222
3669,1825.0005106642222
3670,1825.0005106642222
3671,1825.0005106642222
3672,1825.0005106642222
3673,1825.0005106642222
3674,1825.0005106642222
3675,1825.0005106642222
3676,1825.0005106642222
3677,1825.0005106642222
3678,1825.0005106642222
3679,1825.0005106642222
3680,1825.0005106642222
3681,1825.0005106642222
3682,1825.0005106642222
3683,1825.0005106642222
3684,1825.0005106642222
3685,1825.0005106642222
3686,1825.0005106642222
3687,1825.0005106642222
3688,1825.0005106642222
3689,1825.0005106642222
3690,1825.0005106642222
3691,1825.0005106642222
3692,1825.0005106642222
3693,1825.0005106642222
3694,1825.0005106642222
3695,1825.0005106642222
3696,1825.0005106642222
3697,1825.0005106642222
3698,1825.0005106642222
3699,1825.0005106642222
3700,1825.0005106642222
3701,1825.0005106642222
3702,1825.0005106642222
3703,1825.0005106642222
3704,1825.0005106642222
3705,1825.0005106642222
3706,1825.0005106642222
3707,1825.0005106642222
3708,1825.0005106642222
3709,1825.0005106642222
3710,1825.0005106642222
3711,1825.0005106642222
3712,1825.0005106642222
3713,1825.0005106642222
3714,1825.0005106642222
3715,1825.0005106642222
3716,1825.0005106642222
3717,1825.0005106642222
3718,1825.0005106642222
3719,1825.0005106642222
3720,1825.0005106642222
3721,1825.0005106642222
3722,1825.0005106642222
3723,1825.0005106642222
3724,1825.0005106642222
3725,1825.0005106642222
3726,1825.0005106642222
3727,1825.0005106642222
3728,1825.0005106642222
3729,1825.0005106642222
3730,1825.0005106642222
3731,1825.0005106642222
3732,1825.0005106642222
3733,1825.0005106642222
3734,1825.0005106642222
3735,1825.0005106642222
3736,1825.0005106642222
3737,1825.0005106642222
3738,1825.0005106642222
3739,1825.0005106642222
3740,1825.0005106642222
3741,1825.0005106642222
3742,1825.0005106642222
3743,1825.0005106642222
3744,1825.0005106642222
3745,1825.0005106642222
3746,1825.0005106642222
3747,1825.0005106642222
3748,1825.0005106642222
3749,1825.0005106642222
3750,1825.0005106642222
3751,1825.0005106642222
3752,1825.0005106642222
3753,1825.0005106642222
3754,1825.0005106642222
3755,1825.0005106642222
3756,1825.0005106642222
3757,1825.0005106642222
3758,1825.0005106642222
3759,1825.0005106642222
3760,1825.0005106642222
3761,1825.0005106642222
3762,1825.0005106642222
3763,1825.0005106642222
3764,1825.0005106642222
3765,1825.0005106642222
3766,1825.0005106642222
3767,1825.0005106642222
3768,1825.0005106642222
3769,1825.0005106642222
3770,1825.0005106642222
3771,1825.0005106642222
3772,1825.0005106642222
3773,1825.0005106642222
3774,1825.0005106642222
3775,1825.0005106642222
3776,1825.0005106642222
3777,1825.0005106642222
3778,1825.0005106642222
3779,1825.0005106642222
3780,1825.0005106642222
3781,1825.0005106642222
3782,1825.0005106642222
3783,1825.0005106642222
3784,1825.0005106642222
3785,1825.0005106642222
3786,1825.0005106642222
3787,1825.0005106642222
3788,1825.0005106642222
3789,1825.0005106642222
3790,1825.0005106642222
3791,1825.0005106642222
3792,1825.0005106642222
3793,1825.0005106642222
3794,1825.0005106642222
3795,1825.0005106642222
3796,1825.0005106642222
3797,1825.0005106642222
3798,1825.0005106642222
3799,1825.0005106642222
3800,1825.0005106642222
3801,1825.0005106642222
3802,1825.0005106642222
3803,1825.0005106642222
3804,1825.0005106642222
3805,1825.0005106642222
3806,1825.0005106642222
3807,1825.0005106642222
3808,1825.0005106642222
3809,1825.0005106642222
3810,1825.0005106642222
3811,1825.0005106642222
3812,1825.0005106642222
3813,1825.0005106642222
3814,1825.0005106642222
3815,1825.0005106642222
3816,1825.0005106642222
3817,1825.0005106642222
3818,1825.0005106642222
3819,1825.0005106642222
3820,1825.0005106642222
3821,1825.0005106642222
3822,1825.0005106642222
3823,1825.0005106642222
3824,1825.0005106642222
3825,1825.0005106642222
3826,1825.0005106642222
3827,1825.0005106642222
3828,1825.0005106642222
3829,1825.0005106642222
3830,1825.0005106642222
3831,1825.0005106642222
3832,1825.0005106642222
3833,1825.0005106642222
3834,1825.0005106642222
3835,1825.0005106642222
3836,1825.0005106642222
3837,1825.0005106642222
3838,1825.0005106642222
3839,1825.0005106642222
3840,1825.0005106642222
3841,1825.0005106642222
3842,1825.0005106642222
3843,1825.0005106642222
3844,1825.0005106642222
3845,1825.0005106642222
3846,1825.0005106642222
3847,1825.0005106642222
3848,1825.0005106642222
3849,1825.0005106642222
3850,1825.0005106642222
3851,1825.0005106642222
3852,1825.0005106642222
3853,1825.0005106642222
3854,1825.0005106642222
3855,1825.0005106642222
3856,1825.0005106642222
3857,1825.0005106642222
3858,1825.0005106642222
3859,1825.0005106642222
3860,1825.0005106642222
3861,1825.0005106642222
3862,1825.0005106642222
3863,1825.0005106642222
3864,1825.0005106642222
3865,1825.0005106642222
3866,1825.0005106642222
3867,1825.0005106642222
3868,1825.0005106642222
3869,1825.0005106642222
3870,1825.0005106642222
3871,1825.0005106642222
3872,1825.0005106642222
3873,1825.0005106642222
3874,1825.0005106642222
3875,1825.0005106642222
3876,1825.0005106642222
3877,1825.0005106642222
3878,1825.0005106642222
3879,1825.0005106642222
3880,1825.0005106642222
3881,1825.0005106642222
3882,1825.0005106642222
3883,1825.0005106642222
3884,1825.0005106642222
3885,1825.0005106642222
3886,1825.0005106642222
3887,1825.0005106642222
3888,1825.0005106642222
3889,1825.0005106642222
3890,1825.0005106642222
3891,1825.0005106642222
3892,1825.0005106642222
3893,1825.0005106642222
3894,1825.0005106642222
3895,1825.0005106642222
3896,1825.0005106642222
3897,1825.0005106642222
3898,1825.0005106642222
3899,1825.0005106642222
3900,1825.0005106642222
3901,1825.0005106642222
3902,1825.0005106642222
3903,1825.0005106642222
3904,1825.0005106642222
3905,1825.0005106642222
3906,1825.0005106642222
3907,1825.0005106642222
3908,1825.0005106642222
3909,1825.0005106642222
3910,1825.0005106642222
3911,1825.0005106642222
3912,1825.0005106642222
3913,1825.0005106642222
3914,1825.0005106642222
3915,1825.0005106642222
3916,1825.0005106642222
3917,1825.0005106642222
3918,1825.0005106642222
3919,1825.0005106642222
3920,1825.0005106642222
3921,1825.0005106642222
3922,1825.0005106642222
3923,1825.0005106642222
3924,1825.0005106642222
3925,1825.0005106642222
3926,1825.0005106642222
3927,1825.0005106642222
3928,1825.0005106642222
3929,1825.0005106642222
3930,1825.0005106642222
3931,1825.0005106642222
3932,1825.0005106642222
3933,1825.0005106642222
3934,1825.0005106642222
3935,1825.0005106642222
3936,1825.0005106642222
3937,1825.0005106642222
3938,1825.0005106642222
3939,1825.0005106642222
3940,1825.0005106642222
3941,1825.0005106642222
3942,1825.0005106642222
3943,1825.0005106642222
3944,1825.0005106642222
3945,1825.0005106642222
3946,1825.0005106642222
3947,1825.0005106642222
3948,1825.0005106642222
3949,1825.0005106642222
3950,1825.0005106642222
3951,1825.0005106642222
3952,1825.0005106642222
3953,1825.0005106642222
3954,1825.0005106642222
3955,1825.0005106642222
3956,1825.0005106642222
3957,1825.0005106642222
3958,1825.0005106642222
3959,1825.0005106642222
3960,1825.0005106642222
3961,1825.0005106642222
3962,1825.0005106642222
3963,1825.0005106642222
3964,1825.0005106642222
3965,1825.0005106642222
3966,1825.0005106642222
3967,1825.0005106642222
3968,1825.0005106642222
3969,1825.0005106642222
3970,1825.0005106642222
3971,1825.0005106642222
3972,1825.0005106642222
3973,1825.0005106642222
3974,1825.0005106642222
3975,1825.0005106642222
3976,1825.0005106642222
3977,1825.0005106642222
3978,1825.0005106642222
3979,1825.0005106642222
3980,1825.0005106642222
3981,1825.0005106642222
3982,1825.0005106642222
3983,1825.0005106642222
3984,1825.0005106642222
3985,1825.0005106642222
3986,1825.0005106642222
3987,1825.0005106642222
3988,1825.0005106642222
3989,1825.0005106642222
3990,1825.0005106642222
3991,1825.0005106642222
3992,1825.0005106642222
3993,1825.0005106642222
3994,1825.0005106642222
3995,1825.0005106642222
3996,1825.0005106642222
3997,1825.0005106642222
3998,1825.0005106642222
3999,1825.0005106642222
4000,1825.0005106642222
4001,1825.0005106642222
4002,1825.0005106642222
4003,1825.0005106642222
4004,1825.0005106642222
4005,1825.0005106642222
4006,1825.0005106642222
4007,1825.0005106642222
4008,1825.0005106642222
4009,1825.0005106642222
4010,1825.0005106642222
4011,1825.0005106642222
4012,1825.0005106642222
4013,1825.0005106642222
4014,1825.0005106642222
4015,1825.0005106642222
4016,1825.0005106642222
4017,1825.0005106642222
4018,1825.0005106642222
4019,1825.0005106642222
4020,1825.0005106642222
4021,1825.0005106642222
4022,1825.0005106642222
4023,1825.0005106642222
4024,1825.0005106642222
4025,1825.0005106642222
4026,1825.0005106642222
4027,1825.0005106642222
4028,1825.0005106642222
4029,1825.0005106642222
4030,1825.0005106642222
4031,1825.0005106642222
4032,1825.0005106642222
4033,1825.0005106642222
4034,1825.0005106642222
4035,1825.0005106642222
4036,1825.0005106642222
4037,1825.0005106642222
4038,1825.0005106642222
4039,1825.0005106642222
4040,1825.0005106642222
4041,1825.0005106642222
4042,1825.0005106642222
4043,1825.0005106642222
4044,1825.0005106642222
4045,1825.0005106642222
4046,1825.0005106642222
4047,1825.0005106642222
4048,1825.0005106642222
4049,1825.0005106642222
4050,1825.0005106642222
4051,1825.0005106642222
4052,1825.0005106642222
4053,1825.0005106642222
4054,1825.0005106642222
4055,1825.0005106642222
4056,1825.0005106642222
4057,1825.0005106642222
4058,1825.0005106642222
4059,1825.0005106642222
4060,1825.0005106642222
4061,1825.0005106642222
4062,1825.0005106642222
4063,1825.0005106642222
4064,1825.0005106642222
4065,1825.0005106642222
4066,1825.0005106642222
4067,1825.0005106642222
4068,1825.0005106642222
4069,1825.0005106642222
4070,1825.0005106642222
4071,1825.0005106642222
4072,1825.0005106642222
4073,1825.0005106642222
4074,1825.0005106642222
4075,1825.0005106642222
4076,1825.0005106642222
4077,1825.0005106642222
4078,1825.0005106642222
4079,1825.0005106642222
4080,1825.0005106642222
4081,1825.0005106642222
4082,1825.0005106642222
4083,1825.0005106642222
4084,1825.0005106642222
4085,1825.0005106642222
4086,1825.0005106642222
4087,1825.0005106642222
4088,1825.0005106642222
4089,1825.0005106642222
4090,1825.0005106642222
4091,1825.0005106642222
4092,1825.0005106642222
4093,1825.0005106642222
4094,1825.0005106642222
4095,1825.0005106642222
4096,1825.0005106642222
4097,1825.0005106642222
4098,1825.0005106642222
4099,1825.0005106642222
4100,1825.0005106642222
4101,1825.0005106642222
4102,1825.0005106642222
4103,1825.0005106642222
4104,1825.0005106642222
4105,1825.0005106642222
4106,1825.0005106642222
4107,1825.0005106642222
4108,1825.0005106642222
4109,1825.0005106642222
4110,1825.0005106642222
4111,1825.0005106642222
4112,1825.0005106642222
4113,1825.0005106642222
4114,1825.0005106642222
4115,1825.0005106642222
4116,1825.0005106642222
4117,1825.0005106642222
4118,1825.0005106642222
4119,1825.0005106642222
4120,1825.0005106642222
4121,1825.0005106642222
4122,1825.0005106642222
4123,1825.0005106642222
4124,1825.0005106642222
4125,1825.0005106642222
4126,1825.0005106642222
4127,1825.0005106642222
4128,1825.0005106642222
4129,1825.0005106642222
4130,1825.0005106642222
4131,1825.0005106642222
4132,1825.0005106642222
4133,1825.0005106642222
4134,1825.0005106642222
4135,1825.0005106642222
4136,1825.0005106642222
4137,1825.0005106642222
4138,1825.0005106642222
4139,1825.0005106642222
4140,1825.0005106642222
4141,1825.0005106642222
4142,1825.0005106642222
4143,1825.0005106642222
4144,1825.0005106642222
4145,1825.0005106642222
4146,1825.0005106642222
4147,1825.0005106642222
4148,1825.0005106642222
4149,1825.0005106642222
4150,1825.0005106642222
4151,1825.0005106642222
4152,1825.0005106642222
4153,1825.0005106642222
4154,1825.0005106642222
4155,1825.0005106642222
4156,1825.0005106642222
4157,1825.0005106642222
4158,1825.0005106642222
4159,1825.0005106642222
4160,1825.0005106642222
4161,1825.0005106642222
4162,1825.0005106642222
4163,1825.0005106642222
4164,1825.0005106642222
4165,1825.0005106642222
4166,1825.0005106642222
4167,1825.0005106642222
4168,1825.0005106642222
4169,1825.0005106642222
4170,1825.0005106642222
4171,1825.0005106642222
4172,1825.0005106642222
4173,1825.0005106642222
4174,1825.0005106642222
4175,1825.0005106642222
4176,1825.0005106642222
4177,1825.0005106642222
4178,1825.0005106642222
4179,1825.0005106642222
4180,1825.0005106642222
4181,1825.0005106642222
4182,1825.0005106642222
4183,1825.0005106642222
4184,1825.0005106642222
4185,1825.0005106642222
4186,1825.0005106642222
4187,1825.0005106642222
4188,1825.0005106642222
4189,1825.0005106642222
4190,1825.0005106642222
4191,1825.0005106642222
4192,1825.0005106642222
4193,1825.0005106642222
4194,1825.0005106642222
4195,1825.0005106642222
4196,1825.0005106642222
4197,1825.0005106642222
4198,1825.0005106642222
4199,1825.0005106642222
4200,1825.0005106642222
4201,1825.0005106642222
4202,1825.0005106642222
4203,1825.0005106642222
4204,1825.0005106642222
4205,1825.0005106642222
4206,1825.0005106642222
4207,1825.0005106642222
4208,1825.0005106642222
4209,1825.0005106642222
4210,1825.0005106642222
4211,1825.0005106642222
4212,1825.0005106642222
4213,1825.0005106642222
4214,1825.0005106642222
4215,1825.0005106642222
4216,1825.0005106642222
4217,1825.0005106642222
4218,1825.0005106642222
4219,1825.0005106642222
4220,1825.0005106642222
4221,1825.0005106642222
4222,1825.0005106642222
4223,1825.0005106642222
4224,1825.0005106642222
4225,1825.0005106642222
4226,1825.0005106642222
4227,1825.0005106642222
4228,1825.0005106642222
4229,1825.0005106642222
4230,1825.0005106642222
4231,1825.0005106642222
4232,1825.0005106642222
4233,1825.0005106642222
4234,1825.0005106642222
4235,1825.0005106642222
4236,1825.0005106642222
4237,1825.0005106642222
4238,1825.0005106642222
4239,1825.0005106642222
4240,1825.0005106642222
4241,1825.0005106642222
4242,1825.0005106642222
4243,1825.0005106642222
4244,1825.0005106642222
4245,1825.0005106642222
4246,1825.0005106642222
4247,1825.0005106642222
4248,1825.0005106642222
4249,1825.0005106642222
4250,1825.0005106642222
4251,1825.0005106642222
4252,1825.0005106642222
4253,1825.0005106642222
4254,1825.0005106642222
4255,1825.0005106642222
4256,1825.0005106642222
4257,1825.0005106642222
4258,1825.0005106642222
4259,1825.0005106642222
4260,1825.0005106642222
4261,1825.0005106642222
4262,1825.0005106642222
4263,1825.0005106642222
4264,1825.0005106642222
4265,1825.0005106642222
4266,1825.0005106642222
4267,1825.0005106642222
4268,1825.0005106642222
4269,1825.0005106642222
4270,1825.0005106642222
4271,1825.0005106642222
4272,1825.0005106642222
4273,1825.0005106642222
4274,1825.0005106642222
4275,1825.0005106642222
4276,1825.0005106642222
4277,1825.0005106642222
4278,1825.0005106642222
4279,1825.0005106642222
4280,1825.0005106642222
4281,1825.0005106642222
4282,1825.0005106642222
4283,1825.0005106642222
4284,1825.0005106642222
4285,1825.0005106642222
4286,1825.0005106642222
4287,1825.0005106642222
4288,1825.0005106642222
4289,1825.0005106642222
4290,1825.0005106642222
4291,1825.0005106642222
4292,1825.0005106642222
4293,1825.0005106642222
4294,1825.0005106642222
4295,1825.0005106642222
4296,1825.0005106642222
4297,1825.0005106642222
4298,1825.0005106642222
4299,1825.0005106642222
4300,1825.0005106642222
4301,1825.0005106642222
4302,1825.0005106642222
4303,1825.0005106642222
4304,1825.0005106642222
4305,1825.0005106642222
4306,1825.0005106642222
4307,1825.0005106642222
4308,1825.0005106642222
4309,1825.0005106642222
4310,1825.0005106642222
4311,1825.0005106642222
4312,1825.0005106642222
4313,1825.0005106642222
4314,1825.0005106642222
4315,1825.0005106642222
4316,1825.0005106642222
4317,1825.0005106642222
4318,1825.0005106642222
4319,1825.0005106642222
4320,1825.0005106642222
4321,1825.0005106642222
4322,1825.0005106642222
4323,1825.0005106642222
4324,1825.0005106642222
4325,1825.0005106642222
4326,1825.0005106642222
4327,1825.0005106642222
4328,1825.0005106642222
4329,1825.0005106642222
4330,1825.0005106642222
4331,1825.0005106642222
4332,1825.0005106642222
4333,1825.0005106642222
4334,1825.0005106642222
4335,1825.0005106642222
4336,1825.0005106642222
4337,1825.0005106642222
4338,1825.0005106642222
4339,1825.0005106642222
4340,1825.0005106642222
4341,1825.0005106642222
4342,1825.0005106642222
4343,1825.0005106642222
4344,1825.0005106642222
4345,1825.0005106642222
4346,1825.0005106642222
4347,1825.0005106642222
4348,1825.0005106642222
4349,1825.0005106642222
4350,1825.0005106642222
4351,1825.0005106642222
4352,1825.0005106642222
4353,1825.0005106642222
4354,1825.0005106642222
4355,1825.0005106642222
4356,1825.0005106642222
4357,1825.0005106642222
4358,1825.0005106642222
4359,1825.0005106642222
4360,1825.0005106642222
4361,1825.0005106642222
4362,1825.0005106642222
4363,1825.0005106642222
4364,1825.0005106642222
4365,1825.0005106642222
4366,1825.0005106642222
4367,1825.0005106642222
4368,1825.0005106642222
4369,1825.0005106642222
4370,1825.0005106642222
4371,1825.0005106642222
4372,1825.0005106642222
4373,1825.0005106642222
4374,1825.0005106642222
4375,1825.0005106642222
4376,1825.0005106642222
4377,1825.0005106642222
4378,1825.0005106642222
4379,1825.0005106642222
4380,1825.0005106642222
4381,1825.0005106642222
4382,1825.0005106642222
4383,1825.0005106642222
4384,1825.0005106642222
4385,1825.0005106642222
4386,1825.0005106642222
4387,1825.0005106642222
4388,1825.0005106642222
4389,1825.0005106642222
4390,1825.0005106642222
4391,1825.0005106642222
4392,1825.0005106642222
4393,1825.0005106642222
4394,1825.0005106642222
4395,1825.0005106642222
4396,1825.0005106642222
4397,1825.0005106642222
4398,1825.0005106642222
4399,1825.0005106642222
4400,1825.0005106642222
4401,1825.0005106642222
4402,1825.0005106642222
4403,1825.0005106642222
4404,1825.0005106642222
4405,1825.0005106642222
4406,1825.0005106642222
4407,1825.0005106642222
4408,1825.0005106642222
4409,1825.0005106642222
4410,1825.0005106642222
4411,1825.0005106642222
4412,1825.0005106642222
4413,1825.0005106642222
4414,1825.0005106642222
4415,1825.0005106642222
4416,1825.0005106642222
4417,1825.0005106642222
4418,1825.0005106642222
4419,1825.0005106642222
4420,1825.0005106642222
4421,1825.0005106642222
4422,1825.0005106642222
4423,1825.0005106642222
4424,1825.0005106642222
4425,1825.0005106642222
4426,1825.0005106642222
4427,1825.0005106642222
4428,1825.0005106642222
4429,1825.0005106642222
4430,1825.0005106642222
4431,1825.0005106642222
4432,1825.0005106642222
4433,1825.0005106642222
4434,1825.0005106642222
4435,1825.0005106642222
4436,1825.0005106642222
4437,1825.0005106642222
4438,1825.0005106642222
4439,1825.0005106642222
4440,1825.0005106642222
4441,1825.0005106642222
4442,1825.0005106642222
4443,1825.0005106642222
4444,1825.0005106642222
4445,1825.0005106642222
4446,1825.0005106642222
4447,1825.0005106642222
4448,1825.0005106642222
4449,1825.0005106642222
4450,1825.0005106642222
4451,1825.0005106642222
4452,1825.0005106642222
4453,1825.0005106642222
4454,1825.0005106642222
4455,1825.0005106642222
4456,1825.0005106642222
4457,1825.0005106642222
4458,1825.0005106642222
4459,1825.0005106642222
4460,1825.0005106642222
4461,1825.0005106642222
4462,1825.0005106642222
4463,1825.0005106642222
4464,1825.0005106642222
4465,1825.0005106642222
4466,1825.0005106642222
4467,1825.0005106642222
4468,1825.0005106642222
4469,1825.0005106642222
4470,1825.0005106642222
4471,1825.0005106642222
4472,1825.0005106642222
4473,1825.0005106642222
4474,1825.0005106642222
4475,1825.0005106642222
4476,1825.0005106642222
4477,1825.0005106642222
4478,1825.0005106642222
4479,1825.0005106642222
4480,1825.0005106642222
4481,1825.0005106642222
4482,1825.0005106642222
4483,1825.0005106642222
4484,1825.0005106642222
4485,1825.0005106642222
4486,1825.0005106642222
4487,1825.0005106642222
4488,1825.0005106642222
4489,1825.0005106642222
4490,1825.0005106642222
4491,1825.0005106642222
4492,1825.0005106642222
4493,1825.0005106642222
4494,1825.0005106642222
4495,1825.0005106642222
4496,1825.0005106642222
4497,1825.0005106642222
4498,1825.0005106642222
4499,1825.0005106642222
4500,1825.0005106642222
4501,1825.0005106642222
4502,1825.0005106642222
4503,1825.0005106642222
4504,1825.0005106642222
4505,1825.0005106642222
4506,1825.0005106642222
4507,1825.0005106642222
4508,1825.0005106642222
4509,1825.0005106642222
4510,1825.0005106642222
4511,1825.0005106642222
4512,1825.0005106642222
4513,1825.0005106642222
4514,1825.0005106642222
4515,1825.0005106642222
4516,1825.0005106642222
4517,1825.0005106642222
4518,1825.0005106642222
4519,1825.0005106642222
4520,1825.0005106642222
4521,1825.0005106642222
4522,1825.0005106642222
4523,1825.0005106642222
4524,1825.0005106642222
4525,1825.0005106642222
4526,1825.0005106642222
4527,1825.0005106642222
4528,1825.0005106642222
4529,1825.0005106642222
4530,1825.0005106642222
4531,1825.0005106642222
4532,1825.0005106642222
4533,1825.0005106642222
4534,1825.0005106642222
4535,1825.0005106642222
4536,1825.0005106642222
4537,1825.0005106642222
4538,1825.0005106642222
4539,1825.0005106642222
4540,1825.0005106642222
4541,1825.0005106642222
4542,1825.0005106642222
4543,1825.0005106642222
4544,1825.0005106642222
4545,1825.0005106642222
4546,1825.0005106642222
4547,1825.0005106642222
4548,1825.0005106642222
4549,1825.0005106642222
4550,1825.0005106642222
4551,1825.0005106642222
4552,1825.0005106642222
4553,1825.0005106642222
4554,1825.0005106642222
4555,1825.0005106642222
4556,1825.0005106642222
4557,1825.0005106642222
4558,1825.0005106642222
4559,1825.0005106642222
4560,1825.0005106642222
4561,1825.0005106642222
4562,1825.0005106642222
4563,1825.0005106642222
4564,1825.0005106642222
4565,1825.0005106642222
4566,1825.0005106642222
4567,1825.0005106642222
4568,1825.0005106642222
4569,1825.0005106642222
4570,1825.0005106642222
4571,1825.0005106642222
4572,1825.0005106642222
4573,1825.0005106642222
4574,1825.0005106642222
4575,1825.0005106642222
4576,1825.0005106642222
4577,1825.0005106642222
4578,1825.0005106642222
4579,1825.0005106642222
4580,1825.0005106642222
4581,1825.0005106642222
4582,1825.0005106642222
4583,1825.0005106642222
4584,1825.0005106642222
4585,1825.0005106642222
4586,1825.0005106642222
4587,1825.0005106642222
4588,1825.0005106642222
4589,1825.0005106642222
4590,1825.0005106642222
4591,1825.0005106642222
4592,1825.0005106642222
4593,1825.0005106642222
4594,1825.0005106642222
4595,1825.0005106642222
4596,1825.0005106642222
4597,1825.0005106642222
4598,1825.0005106642222
4599,1825.0005106642222
4600,1825.0005106642222
4601,1825.0005106642222
4602,1825.0005106642222
4603,1825.0005106642222
4604,1825.0005106642222
4605,1825.0005106642222
4606,1825.0005106642222
4607,1825.0005106642222
4608,1825.0005106642222
4609,1825.0005106642222
4610,1825.0005106642222
4611,1825.0005106642222
4612,1825.0005106642222
4613,1825.0005106642222
4614,1825.0005106642222
4615,1825.0005106642222
4616,1825.0005106642222
4617,1825.0005106642222
4618,1825.0005106642222
4619,1825.0005106642222
4620,1825.0005106642222
4621,1825.0005106642222
4622,1825.0005106642222
4623,1825.0005106642222
4624,1825.0005106642222
4625,1825.0005106642222
4626,1825.0005106642222
4627,1825.0005106642222
4628,1825.0005106642222
4629,1825.0005106642222
4630,1825.0005106642222
4631,1825.0005106642222
4632,1825.0005106642222
4633,1825.0005106642222
4634,1825.0005106642222
4635,1825.0005106642222
4636,1825.0005106642222
4637,1825.0005106642222
4638,1825.0005106642222
4639,1825.0005106642222
4640,1825.0005106642222
4641,1825.0005106642222
4642,1825.0005106642222
4643,1825.0005106642222
4644,1825.0005106642222
4645,1825.0005106642222
4646,1825.0005106642222
4647,1825.0005106642222
4648,1825.0005106642222
4649,1825.0005106642222
4650,1825.0005106642222
4651,1825.0005106642222
4652,1825.0005106642222
4653,1825.0005106642222
4654,1825.0005106642222
4655,1825.0005106642222
4656,1825.0005106642222
4657,1825.0005106642222
4658,1825.0005106642222
4659,1825.0005106642222
4660,1825.0005106642222
4661,1825.0005106642222
4662,1825.0005106642222
4663,1825.0005106642222
4664,1825.0005106642222
4665,1825.0005106642222
4666,1825.0005106642222
4667,1825.0005106642222
4668,1825.0005106642222
4669,1825.0005106642222
4670,1825.0005106642222
4671,1825.0005106642222
4672,1825.0005106642222
4673,1825.0005106642222
4674,1825.0005106642222
4675,1825.0005106642222
4676,1825.0005106642222
4677,1825.0005106642222
4678,1825.0005106642222
4679,1825.0005106642222
4680,1825.0005106642222
4681,1825.0005106642222
4682,1825.0005106642222
4683,1825.0005106642222
4684,1825.0005106642222
4685,1825.0005106642222
4686,1825.0005106642222
4687,1825.0005106642222
4688,1825.0005106642222
4689,1825.0005106642222
4690,1825.0005106642222
4691,1825.0005106642222
4692,1825.0005106642222
4693,1825.0005106642222
4694,1825.0005106642222
4695,1825.0005106642222
4696,1825.0005106642222
4697,1825.0005106642222
4698,1825.0005106642222
4699,1825.0005106642222
4700,1825.0005106642222
4701,1825.0005106642222
4702,1825.0005106642222
4703,1825.0005106642222
4704,1825.0005106642222
4705,1825.0005106642222
4706,1825.0005106642222
4707,1825.0005106642222
4708,1825.0005106642222
4709,1825.0005106642222
4710,1825.0005106642222
4711,1825.0005106642222
4712,1825.0005106642222
4713,1825.0005106642222
4714,1825.0005106642222
4715,1825.0005106642222
4716,1825.0005106642222
4717,1825.0005106642222
4718,1825.0005106642222
4719,1825.0005106642222
4720,1825.0005106642222
4721,1825.0005106642222
4722,1825.0005106642222
4723,1825.0005106642222
4724,1825.0005106642222
4725,1825.0005106642222
4726,1825.0005106642222
4727,1825.0005106642222
4728,1825.0005106642222
4729,1825.0005106642222
4730,1825.0005106642222
4731,1825.0005106642222
4732,1825.0005106642222
4733,1825.0005106642222
4734,1825.0005106642222
4735,1825.0005106642222
4736,1825.0005106642222
4737,1825.0005106642222
4738,1825.0005106642222
4739,1825.0005106642222
4740,1825.0005106642222
4741,1825.0005106642222
4742,1825.0005106642222
4743,1825.0005106642222
4744,1825.0005106642222
4745,1825.0005106642222
4746,1825.0005106642222
4747,1825.0005106642222
4748,1825.0005106642222
4749,1825.0005106642222
4750,1825.0005106642222
4751,1825.0005106642222
4752,1825.0005106642222
4753,1825.0005106642222
4754,1825.0005106642222
4755,1825.0005106642222
4756,1825.0005106642222
4757,1825.0005106642222
4758,1825.0005106642222
4759,1825.0005106642222
4760,1825.0005106642222
4761,1825.0005106642222
4762,1825.0005106642222
4763,1825.0005106642222
4764,1825.0005106642222
4765,1825.0005106642222
4766,1825.0005106642222
4767,1825.0005106642222
4768,1825.0005106642222
4769,1825.0005106642222
4770,1825.0005106642222
4771,1825.0005106642222
4772,1825.0005106642222
4773,1825.0005106642222
4774,1825.0005106642222
4775,1825.0005106642222
4776,1825.0005106642222
4777,1825.0005106642222
4778,1825.0005106642222
4779,1825.0005106642222
4780,1825.0005106642222
4781,1825.0005106642222
4782,1825.0005106642222
4783,1825.0005106642222
4784,1825.0005106642222
4785,1825.0005106642222
4786,1825.0005106642222
4787,1825.0005106642222
4788,1825.0005106642222
4789,1825.0005106642222
4790,1825.0005106642222
4791,1825.0005106642222
4792,1825.0005106642222
4793,1825.0005106642222
4794,1825.0005106642222
4795,1825.0005106642222
4796,1825.0005106642222
4797,1825.0005106642222
4798,1825.0005106642222
4799,1825.0005106642222
4800,1825.0005106642222
4801,1825.0005106642222
4802,1825.0005106642222
4803,1825.0005106642222
4804,1825.0005106642222
4805,1825.0005106642222
4806,1825.0005106642222
4807,1825.0005106642222
4808,1825.0005106642222
4809,1825.0005106642222
4810,1825.0005106642222
4811,1825.0005106642222
4812,1825.0005106642222
4813,1825.0005106642222
4814,1825.0005106642222
4815,1825.0005106642222
4816,1825.0005106642222
4817,1825.0005106642222
4818,1825.0005106642222
4819,1825.0005106642222
4820,1825.0005106642222
4821,1825.0005106642222
4822,1825.0005106642222
4823,1825.0005106642222
4824,1825.0005106642222
4825,1825.0005106642222
4826,1825.0005106642222
4827,1825.0005106642222
4828,1825.0005106642222
4829,1825.0005106642222
4830,1825.0005106642222
4831,1825.0005106642222
4832,1825.0005106642222
4833,1825.0005106642222
4834,1825.0005106642222
4835,1825.0005106642222
4836,1825.0005106642222
4837,1825.0005106642222
4838,1825.0005106642222
4839,1825.0005106642222
4840,1825.0005106642222
4841,1825.0005106642222
4842,1825.0005106642222
4843,1825.0005106642222
4844,1825.0005106642222
4845,1825.0005106642222
4846,1825.0005106642222
4847,1825.0005106642222
4848,1825.0005106642222
4849,1825.0005106642222
4850,1825.0005106642222
4851,1825.0005106642222
4852,1825.0005106642222
4853,1825.0005106642222
4854,1825.0005106642222
4855,1825.0005106642222
4856,1825.0005106642222
4857,1825.0005106642222
4858,1825.0005106642222
4859,1825.0005106642222
4860,1825.0005106642222
4861,1825.0005106642222
4862,1825.0005106642222
4863,1825.0005106642222
4864,1825.0005106642222
4865,1825.0005106642222
4866,1825.0005106642222
4867,1825.0005106642222
4868,1825.0005106642222
4869,1825.0005106642222
4870,1825.0005106642222
4871,1825.0005106642222
4872,1825.0005106642222
4873,1825.0005106642222
4874,1825.0005106642222
4875,1825.0005106642222
4876,1825.0005106642222
4877,1825.0005106642222
4878,1825.0005106642222
4879,1825.0005106642222
4880,1825.0005106642222
4881,1825.0005106642222
4882,1825.0005106642222
4883,1825.0005106642222
4884,1825.0005106642222
4885,1825.0005106642222
4886,1825.0005106642222
4887,1825.0005106642222
4888,1825.0005106642222
4889,1825.0005106642222
4890,1825.0005106642222
4891,1825.0005106642222
4892,1825.0005106642222
4893,1825.0005106642222
4894,1825.0005106642222
4895,1825.0005106642222
4896,1825.0005106642222
4897,1825.0005106642222
4898,1825.0005106642222
4899,1825.0005106642222
4900,1825.0005106642222
4901,1825.0005106642222
4902,1825.0005106642222
4903,1825.0005106642222
4904,1825.0005106642222
4905,1825.0005106642222
4906,1825.0005106642222
4907,1825.0005106642222
4908,1825.0005106642222
4909,1825.0005106642222
4910,1825.0005106642222
4911,1825.0005106642222
4912,1825.0005106642222
4913,1825.0005106642222
4914,1825.0005106642222
4915,1825.0005106642222
4916,1825.0005106642222
4917,1825.0005106642222
4918,1825.0005106642222
4919,1825.0005106642222
4920,1825.0005106642222
4921,1825.0005106642222
4922,1825.0005106642222
4923,1825.0005106642222
4924,1825.0005106642222
4925,1825.0005106642222
4926,1825.0005106642222
4927,1825.0005106642222
4928,1825.0005106642222
4929,1825.0005106642222
4930,1825.0005106642222
4931,1825.0005106642222
4932,1825.0005106642222
4933,1825.0005106642222
4934,1825.0005106642222
4935,1825.0005106642222
4936,1825.0005106642222
4937,1825.0005106642222
4938,1825.0005106642222
4939,1825.0005106642222
4940,1825.0005106642222
4941,1825.0005106642222
4942,1825.0005106642222
4943,1825.0005106642222
4944,1825.0005106642222
4945,1825.0005106642222
4946,1825.0005106642222
4947,1825.0005106642222
4948,1825.0005106642222
4949,1825.0005106642222
4950,1825.0005106642222
4951,1825.0005106642222
4952,1825.0005106642222
4953,1825.0005106642222
4954,1825.0005106642222
4955,1825.0005106642222
4956,1825.0005106642222
4957,1825.0005106642222
4958,1825.0005106642222
4959,1825.0005106642222
4960,1825.0005106642222
4961,1825.0005106642222
4962,1825.0005106642222
4963,1825.0005106642222
4964,1825.0005106642222
4965,1825.0005106642222
4966,1825.0005106642222
4967,1825.0005106642222
4968,1825.0005106642222
4969,1825.0005106642222
4970,1825.0005106642222
4971,1825.0005106642222
4972,1825.0005106642222
4973,1825.0005106642222
4974,1825.0005106642222
4975,1825.0005106642222
4976,1825.0005106642222
4977,1825.0005106642222
4978,1825.0005106642222
4979,1825.0005106642222
4980,1825.0005106642222
4981,1825.0005106642222
4982,1825.0005106642222
4983,1825.0005106642222
4984,1825.0005106642222
4985,1825.0005106642222
4986,1825.0005106642222
4987,1825.0005106642222
4988,1825.0005106642222
4989,1825.0005106642222
4990,1825.0005106642222
4991,1825.0005106642222
4992,1825.0005106642222
4993,1825.0005106642222
4994,1825.0005106642222
4995,1825.0005106642222
4996,1825.0005106642222
4997,1825.0005106642222
4998,1825.0005106642222
4999,1825.0005106642222
5000,1825.0005106642222
5001,1825.0005106642222
5002,1825.0005106642222
5003,1825.0005106642222
5004,1825.0005106642222
5005,1825.0005106642222
5006,1825.0005106642222
5007,1825.0005106642222
5008,1825.0005106642222
5009,1825.0005106642222
5010,1825.0005106642222
5011,1825.0005106642222
5012,1825.0005106642222
5013,1825.0005106642222
5014,1825.0005106642222
5015,1825.0005106642222
5016,1825.0005106642222
5017,1825.0005106642222
5018,1825.0005106642222
5019,1825.0005106642222
5020,1825.0005106642222
5021,1825.0005106642222
5022,1825.0005106642222
5023,1825.0005106642222
5024,1825.0005106642222
5025,1825.0005106642222
5026,1825.0005106642222
5027,1825.0005106642222
5028,1825.0005106642222
5029,1825.0005106642222
5030,1825.0005106642222
5031,1825.0005106642222
5032,1825.0005106642222
5033,1825.0005106642222
5034,1825.0005106642222
5035,1825.0005106642222
5036,1825.0005106642222
5037,1825.0005106642222
5038,1825.0005106642222
5039,1825.0005106642222
5040,1825.0005106642222
5041,1825.0005106642222
5042,1825.0005106642222
5043,1825.0005106642222
5044,1825.0005106642222
5045,1825.0005106642222
5046,1825.0005106642222
5047,1825.0005106642222
5048,1825.0005106642222
5049,1825.0005106642222
5050,1825.0005106642222
5051,1825.0005106642222
5052,1825.0005106642222
5053,1825.0005106642222
5054,1825.0005106642222
5055,1825.0005106642222
5056,1825.0005106642222
5057,1825.0005106642222
5058,1825.0005106642222
5059,1825.0005106642222
5060,1825.0005106642222
5061,1825.0005106642222
5062,1825.0005106642222
5063,1825.0005106642222
5064,1825.0005106642222
5065,1825.0005106642222
5066,1825.0005106642222
5067,1825.0005106642222
5068,1825.0005106642222
5069,1825.0005106642222
5070,1825.0005106642222
5071,1825.0005106642222
5072,1825.0005106642222
5073,1825.0005106642222
5074,1825.0005106642222
5075,1825.0005106642222
5076,1825.0005106642222
5077,1825.0005106642222
5078,1825.0005106642222
5079,1825.0005106642222
5080,1825.0005106642222
5081,1825.0005106642222
5082,1825.0005106642222
5083,1825.0005106642222
5084,1825.0005106642222
5085,1825.0005106642222
5086,1825.0005106642222
5087,1825.0005106642222
5088,1825.0005106642222
5089,1825.0005106642222
5090,1825.0005106642222
5091,1825.0005106642222
5092,1825.0005106642222
5093,1825.0005106642222
5094,1825.0005106642222
5095,1825.0005106642222
5096,1825.0005106642222
5097,1825.0005106642222
5098,1825.0005106642222
5099,1825.0005106642222
5100,1825.0005106642222
5101,1825.0005106642222
5102,1825.0005106642222
5103,1825.0005106642222
5104,1825.0005106642222
5105,1825.0005106642222
5106,1825.0005106642222
5107,1825.0005106642222
5108,1825.0005106642222
5109,1825.0005106642222
5110,1825.0005106642222
5111,1825.0005106642222
5112,1825.0005106642222
5113,1825.0005106642222
5114,1825.0005106642222
5115,1825.0005106642222
5116,1825.0005106642222
5117,1825.0005106642222
5118,1825.0005106642222
5119,1825.0005106642222
5120,1825.0005106642222
5121,1825.0005106642222
5122,1825.0005106642222
5123,1825.0005106642222
5124,1825.0005106642222
5125,1825.0005106642222
5126,1825.0005106642222
5127,1825.0005106642222
5128,1825.0005106642222
5129,1825.0005106642222
5130,1825.0005106642222
5131,1825.0005106642222
5132,1825.0005106642222
5133,1825.0005106642222
5134,1825.0005106642222
5135,1825.0005106642222
5136,1825.0005106642222
5137,1825.0005106642222
5138,1825.0005106642222
5139,1825.0005106642222
5140,1825.0005106642222
5141,1825.0005106642222
5142,1825.0005106642222
5143,1825.0005106642222
5144,1825.0005106642222
5145,1825.0005106642222
5146,1825.0005106642222
5147,1825.0005106642222
5148,1825.0005106642222
5149,1825.0005106642222
5150,1825.0005106642222
5151,1825.0005106642222
5152,1825.0005106642222
5153,1825.0005106642222
5154,1825.0005106642222
5155,1825.0005106642222
5156,1825.0005106642222
5157,1825.0005106642222
5158,1825.0005106642222
5159,1825.0005106642222
5160,1825.0005106642222
5161,1825.0005106642222
5162,1825.0005106642222
5163,1825.0005106642222
5164,1825.0005106642222
5165,1825.0005106642222
5166,1825.0005106642222
5167,1825.0005106642222
5168,1825.0005106642222
5169,1825.0005106642222
5170,1825.0005106642222
5171,1825.0005106642222
5172,1825.0005106642222
5173,1825.0005106642222
5174,1825.0005106642222
5175,1825.0005106642222
5176,1825.0005106642222
5177,1825.0005106642222
5178,1825.0005106642222
5179,1825.0005106642222
5180,1825.0005106642222
5181,1825.0005106642222
5182,1825.0005106642222
5183,1825.0005106642222
5184,1825.0005106642222
5185,1825.0005106642222
5186,1825.0005106642222
5187,1825.0005106642222
5188,1825.0005106642222
5189,1825.0005106642222
5190,1825.0005106642222
5191,1825.0005106642222
5192,1825.0005106642222
5193,1825.0005106642222
5194,1825.0005106642222
5195,1825.0005106642222
5196,1825.0005106642222
5197,1825.0005106642222
5198,1825.0005106642222
5199,1825.0005106642222
5200,1825.0005106642222
5201,1825.0005106642222
5202,1825.0005106642222
5203,1825.0005106642222
5204,1825.0005106642222
5205,1825.0005106642222
5206,1825.0005106642222
5207,1825.0005106642222
5208,1825.0005106642222
5209,1825.0005106642222
5210,1825.0005106642222
5211,1825.0005106642222
5212,1825.0005106642222
5213,1825.0005106642222
5214,1825.0005106642222
5215,1825.0005106642222
5216,1825.0005106642222
5217,1825.0005106642222
5218,1825.0005106642222
5219,1825.0005106642222
5220,1825.0005106642222
5221,1825.0005106642222
5222,1825.0005106642222
5223,1825.0005106642222
5224,1825.0005106642222
5225,1825.0005106642222
5226,1825.0005106642222
5227,1825.0005106642222
5228,1825.0005106642222
5229,1825.0005106642222
5230,1825.0005106642222
5231,1825.0005106642222
5232,1825.0005106642222
5233,1825.0005106642222
5234,1825.0005106642222
5235,1825.0005106642222
5236,1825.0005106642222
5237,1825.0005106642222
5238,1825.0005106642222
5239,1825.0005106642222
5240,1825.0005106642222
5241,1825.0005106642222
5242,1825.0005106642222
5243,1825.0005106642222
5244,1825.0005106642222
5245,1825.0005106642222
5246,1825.0005106642222
5247,1825.0005106642222
5248,1825.0005106642222
5249,1825.0005106642222
5250,1825.0005106642222
5251,1825.0005106642222
5252,1825.0005106642222
5253,1825.0005106642222
5254,1825.0005106642222
5255,1825.0005106642222
5256,1825.0005106642222
5257,1825.0005106642222
5258,1825.0005106642222
5259,1825.0005106642222
5260,1825.0005106642222
5261,1825.0005106642222
5262,1825.0005106642222
5263,1825.0005106642222
5264,1825.0005106642222
5265,1825.0005106642222
5266,1825.0005106642222
5267,1825.0005106642222
5268,1825.0005106642222
5269,1825.0005106642222
5270,1825.0005106642222
5271,1825.0005106642222
5272,1825.0005106642222
5273,1825.0005106642222
5274,1825.0005106642222
5275,1825.0005106642222
5276,1825.0005106642222
5277,1825.0005106642222
5278,1825.0005106642222
5279,1825.0005106642222
5280,1825.0005106642222
5281,1825.0005106642222
5282,1825.0005106642222
5283,1825.0005106642222
5284,1825.0005106642222
5285,1825.0005106642222
5286,1825.0005106642222
5287,1825.0005106642222
5288,1825.0005106642222
5289,1825.0005106642222
5290,1825.0005106642222
5291,1825.0005106642222
5292,1825.0005106642222
5293,1825.0005106642222
5294,1825.0005106642222
5295,1825.0005106642222
5296,1825.0005106642222
5297,1825.0005106642222
5298,1825.0005106642222
5299,1825.0005106642222
5300,1825.0005106642222
5301,1825.0005106642222
5302,1825.0005106642222
5303,1825.0005106642222
5304,1825.0005106642222
5305,1825.0005106642222
5306,1825.0005106642222
5307,1825.0005106642222
5308,1825.0005106642222
5309,1825.0005106642222
5310,1825.0005106642222
5311,1825.0005106642222
5312,1825.0005106642222
5313,1825.0005106642222
5314,1825.0005106642222
5315,1825.0005106642222
5316,1825.0005106642222
5317,1825.0005106642222
5318,1825.0005106642222
5319,1825.0005106642222
5320,1825.0005106642222
5321,1825.0005106642222
5322,1825.0005106642222
5323,1825.0005106642222
5324,1825.0005106642222
5325,1825.0005106642222
5326,1825.0005106642222
5327,1825.0005106642222
5328,1825.0005106642222
5329,1825.0005106642222
5330,1825.0005106642222
5331,1825.0005106642222
5332,1825.0005106642222
5333,1825.0005106642222
5334,1825.0005106642222
5335,1825.0005106642222
5336,1825.0005106642222
5337,1825.0005106642222
5338,1825.0005106642222
5339,1825.0005106642222
5340,1825.0005106642222
5341,1825.0005106642222
5342,1825.0005106642222
5343,1825.0005106642222
5344,1825.0005106642222
5345,1825.0005106642222
5346,1825.0005106642222
5347,1825.0005106642222
5348,1825.0005106642222
5349,1825.0005106642222
5350,1825.0005106642222
5351,1825.0005106642222
5352,1825.0005106642222
5353,1825.0005106642222
5354,1825.0005106642222
5355,1825.0005106642222
5356,1825.0005106642222
5357,1825.0005106642222
5358,1825.0005106642222
5359,1825.0005106642222
5360,1825.0005106642222
5361,1825.0005106642222
5362,1825.0005106642222
5363,1825.0005106642222
5364,1825.0005106642222
5365,1825.0005106642222
5366,1825.0005106642222
5367,1825.0005106642222
5368,1825.0005106642222
5369,1825.0005106642222
5370,1825.0005106642222
5371,1825.0005106642222
5372,1825.0005106642222
5373,1825.0005106642222
5374,1825.0005106642222
5375,1825.0005106642222
5376,1825.0005106642222
5377,1825.0005106642222
5378,1825.0005106642222
5379,1825.0005106642222
5380,1825.0005106642222
5381,1825.0005106642222
5382,1825.0005106642222
5383,1825.0005106642222
5384,1825.0005106642222
5385,1825.0005106642222
5386,1825.0005106642222
5387,1825.0005106642222
5388,1825.0005106642222
5389,1825.0005106642222
5390,1825.0005106642222
5391,1825.0005106642222
5392,1825.0005106642222
5393,1825.0005106642222
5394,1825.0005106642222
5395,1825.0005106642222
5396,1825.0005106642222
5397,1825.0005106642222
5398,1825.0005106642222
5399,1825.0005106642222
5400,1825.0005106642222
5401,1825.0005106642222
5402,1825.0005106642222
5403,1825.0005106642222
5404,1825.0005106642222
5405,1825.0005106642222
5406,1825.0005106642222
5407,1825.0005106642222
5408,1825.0005106642222
5409,1825.0005106642222
5410,1825.0005106642222
5411,1825.0005106642222
5412,1825.0005106642222
5413,1825.0005106642222
5414,1825.0005106642222
5415,1825.0005106642222
5416,1825.0005106642222
5417,1825.0005106642222
5418,1825.0005106642222
5419,1825.0005106642222
5420,1825.0005106642222
5421,1825.0005106642222
5422,1825.0005106642222
5423,1825.0005106642222
5424,1825.0005106642222
5425,1825.0005106642222
5426,1825.0005106642222
5427,1825.0005106642222
5428,1825.0005106642222
5429,1825.0005106642222
5430,1825.0005106642222
5431,1825.0005106642222
5432,1825.0005106642222
5433,1825.0005106642222
5434,1825.0005106642222
5435,1825.0005106642222
5436,1825.0005106642222
5437,1825.0005106642222
5438,1825.0005106642222
5439,1825.0005106642222
5440,1825.0005106642222
5441,1825.0005106642222
5442,1825.0005106642222
5443,1825.0005106642222
5444,1825.0005106642222
5445,1825.0005106642222
5446,1825.0005106642222
5447,1825.0005106642222
5448,1825.0005106642222
5449,1825.0005106642222
5450,1825.0005106642222
5451,1825.0005106642222
5452,1825.0005106642222
5453,1825.0005106642222
5454,1825.0005106642222
5455,1825.0005106642222
5456,1825.0005106642222
5457,1825.0005106642222
5458,1825.0005106642222
5459,1825.0005106642222
5460,1825.0005106642222
5461,1825.0005106642222
5462,1825.0005106642222
5463,1825.0005106642222
5464,1825.0005106642222
5465,1825.0005106642222
5466,1825.0005106642222
5467,1825.0005106642222
5468,1825.0005106642222
5469,1825.0005106642222
5470,1825.0005106642222
5471,1825.0005106642222
5472,1825.0005106642222
5473,1825.0005106642222
5474,1825.0005106642222
5475,1825.0005106642222
5476,1825.0005106642222
5477,1825.0005106642222
5478,1825.0005106642222
5479,1825.0005106642222
5480,1825.0005106642222
5481,1825.0005106642222
5482,1825.0005106642222
5483,1825.0005106642222
5484,1825.0005106642222
5485,1825.0005106642222
5486,1825.0005106642222
5487,1825.0005106642222
5488,1825.0005106642222
5489,1825.0005106642222
5490,1825.0005106642222
5491,1825.0005106642222
5492,1825.0005106642222
5493,1825.0005106642222
5494,1825.0005106642222
5495,1825.0005106642222
5496,1825.0005106642222
5497,1825.0005106642222
5498,1825.0005106642222
5499,1825.0005106642222
5500,1825.0005106642222
5501,1825.0005106642222
5502,1825.0005106642222
5503,1825.0005106642222
5504,1825.0005106642222
5505,1825.0005106642222
5506,1825.0005106642222
5507,1825.0005106642222
5508,1825.0005106642222
5509,1825.0005106642222
5510,1825.0005106642222
5511,1825.0005106642222
5512,1825.0005106642222
5513,1825.0005106642222
5514,1825.0005106642222
5515,1825.0005106642222
5516,1825.0005106642222
5517,1825.0005106642222
5518,1825.0005106642222
5519,1825.0005106642222
5520,1825.0005106642222
5521,1825.0005106642222
5522,1825.0005106642222
5523,1825.0005106642222
5524,1825.0005106642222
5525,1825.0005106642222
5526,1825.0005106642222
5527,1825.0005106642222
5528,1825.0005106642222
5529,1825.0005106642222
5530,1825.0005106642222
5531,1825.0005106642222
5532,1825.0005106642222
5533,1825.0005106642222
5534,1825.0005106642222
5535,1825.0005106642222
5536,1825.0005106642222
5537,1825.0005106642222
5538,1825.0005106642222
5539,1825.0005106642222
5540,1825.0005106642222
5541,1825.0005106642222
5542,1825.0005106642222
5543,1825.0005106642222
5544,1825.0005106642222
5545,1825.0005106642222
5546,1825.0005106642222
5547,1825.0005106642222
5548,1825.0005106642222
5549,1825.0005106642222
5550,1825.0005106642222
5551,1825.0005106642222
5552,1825.0005106642222
5553,1825.0005106642222
5554,1825.0005106642222
5555,1825.0005106642222
5556,1825.0005106642222
5557,1825.0005106642222
5558,1825.0005106642222
5559,1825.0005106642222
5560,1825.0005106642222
5561,1825.0005106642222
5562,1825.0005106642222
5563,1825.0005106642222
5564,1825.0005106642222
5565,1825.0005106642222
5566,1825.0005106642222
5567,1825.0005106642222
5568,1825.0005106642222
5569,1825.0005106642222
5570,1825.0005106642222
5571,1825.0005106642222
5572,1825.0005106642222
5573,1825.0005106642222
5574,1825.0005106642222
5575,1825.0005106642222
5576,1825.0005106642222
5577,1825.0005106642222
5578,1825.0005106642222
5579,1825.0005106642222
5580,1825.0005106642222
5581,1825.0005106642222
5582,1825.0005106642222
5583,1825.0005106642222
5584,1825.0005106642222
5585,1825.0005106642222
5586,1825.0005106642222
5587,1825.0005106642222
5588,1825.0005106642222
5589,1825.0005106642222
5590,1825.0005106642222
5591,1825.0005106642222
5592,1825.0005106642222
5593,1825.0005106642222
5594,1825.0005106642222
5595,1825.0005106642222
5596,1825.0005106642222
5597,1825.0005106642222
5598,1825.0005106642222
5599,1825.0005106642222
5600,1825.0005106642222
5601,1825.0005106642222
5602,1825.0005106642222
5603,1825.0005106642222
5604,1825.0005106642222
5605,1825.0005106642222
5606,1825.0005106642222
5607,1825.0005106642222
5608,1825.0005106642222
5609,1825.0005106642222
5610,1825.0005106642222
5611,1825.0005106642222
5612,1825.0005106642222
5613,1825.0005106642222
5614,1825.0005106642222
5615,1825.0005106642222
5616,1825.0005106642222
5617,1825.0005106642222
5618,1825.0005106642222
5619,1825.0005106642222
5620,1825.0005106642222
5621,1825.0005106642222
5622,1825.0005106642222
5623,1825.0005106642222
5624,1825.0005106642222
5625,1825.0005106642222
5626,1825.0005106642222
5627,1825.0005106642222
5628,1825.0005106642222
5629,1825.0005106642222
5630,1825.0005106642222
5631,1825.0005106642222
5632,1825.0005106642222
5633,1825.0005106642222
5634,1825.0005106642222
5635,1825.0005106642222
5636,1825.0005106642222
5637,1825.0005106642222
5638,1825.0005106642222
5639,1825.0005106642222
5640,1825.0005106642222
5641,1825.0005106642222
5642,1825.0005106642222
5643,1825.0005106642222
5644,1825.0005106642222
5645,1825.0005106642222
5646,1825.0005106642222
5647,1825.0005106642222
5648,1825.0005106642222
5649,1825.0005106642222
5650,1825.0005106642222
5651,1825.0005106642222
5652,1825.0005106642222
5653,1825.0005106642222
5654,1825.0005106642222
5655,1825.0005106642222
5656,1825.0005106642222
5657,1825.0005106642222
5658,1825.0005106642222
5659,1825.0005106642222
5660,1825.0005106642222
5661,1825.0005106642222
5662,1825.0005106642222
5663,1825.0005106642222
5664,1825.0005106642222
5665,1825.0005106642222
5666,1825.0005106642222
5667,1825.0005106642222
5668,1825.0005106642222
5669,1825.0005106642222
5670,1825.0005106642222
5671,1825.0005106642222
5672,1825.0005106642222
5673,1825.0005106642222
5674,1825.0005106642222
5675,1825.0005106642222
5676,1825.0005106642222
5677,1825.0005106642222
5678,1825.0005106642222
5679,1825.0005106642222
5680,1825.0005106642222
5681,1825.0005106642222
5682,1825.0005106642222
5683,1825.0005106642222
5684,1825.0005106642222
5685,1825.0005106642222
5686,1825.0005106642222
5687,1825.0005106642222
5688,1825.0005106642222
5689,1825.0005106642222
5690,1825.0005106642222
5691,1825.0005106642222
5692,1825.0005106642222
5693,1825.0005106642222
5694,1825.0005106642222
5695,1825.0005106642222
5696,1825.0005106642222
5697,1825.0005106642222
5698,1825.0005106642222
5699,1825.0005106642222
5700,1825.0005106642222
5701,1825.0005106642222
5702,1825.0005106642222
5703,1825.0005106642222
5704,1825.0005106642222
5705,1825.0005106642222
5706,1825.0005106642222
5707,1825.0005106642222
5708,1825.0005106642222
5709,1825.0005106642222
5710,1825.0005106642222
5711,1825.0005106642222
5712,1825.0005106642222
5713,1825.0005106642222
5714,1825.0005106642222
5715,1825.0005106642222
5716,1825.0005106642222
5717,1825.0005106642222
5718,1825.0005106642222
5719,1825.0005106642222
5720,1825.0005106642222
5721,1825.0005106642222
5722,1825.0005106642222
5723,1825.0005106642222
5724,1825.0005106642222
5725,1825.0005106642222
5726,1825.0005106642222
5727,1825.0005106642222
5728,1825.0005106642222
5729,1825.0005106642222
5730,1825.0005106642222
5731,1825.0005106642222
5732,1825.0005106642222
5733,1825.0005106642222
5734,1825.0005106642222
5735,1825.0005106642222
5736,1825.0005106642222
5737,1825.0005106642222
5738,1825.0005106642222
5739,1825.0005106642222
5740,1825.0005106642222
5741,1825.0005106642222
5742,1825.0005106642222
5743,1825.0005106642222
5744,1825.0005106642222
5745,1825.0005106642222
5746,1825.0005106642222
5747,1825.0005106642222
5748,1825.0005106642222
5749,1825.0005106642222
5750,1825.0005106642222
5751,1825.0005106642222
5752,1825.0005106642222
5753,1825.0005106642222
5754,1825.0005106642222
5755,1825.0005106642222
5756,1825.0005106642222
5757,1825.0005106642222
5758,1825.0005106642222
5759,1825.0005106642222
5760,1825.0005106642222
5761,1825.0005106642222
5762,1825.0005106642222
5763,1825.0005106642222
5764,1825.0005106642222
5765,1825.0005106642222
5766,1825.0005106642222
5767,1825.0005106642222
5768,1825.0005106642222
5769,1825.0005106642222
5770,1825.0005106642222
5771,1825.0005106642222
5772,1825.0005106642222
5773,1825.0005106642222
5774,1825.0005106642222
5775,1825.0005106642222
5776,1825.0005106642222
5777,1825.0005106642222
5778,1825.0005106642222
5779,1825.0005106642222
5780,1825.0005106642222
5781,1825.0005106642222
5782,1825.0005106642222
5783,1825.0005106642222
5784,1825.0005106642222
5785,1825.0005106642222
5786,1825.0005106642222
5787,1825.0005106642222
5788,1825.0005106642222
5789,1825.0005106642222
5790,1825.0005106642222
5791,1825.0005106642222
5792,1825.0005106642222
5793,1825.0005106642222
5794,1825.0005106642222
5795,1825.0005106642222
5796,1825.0005106642222
5797,1825.0005106642222
5798,1825.0005106642222
5799,1825.0005106642222
5800,1825.0005106642222
5801,1825.0005106642222
5802,1825.0005106642222
5803,1825.0005106642222
5804,1825.0005106642222
5805,1825.0005106642222
5806,1825.0005106642222
5807,1825.0005106642222
5808,1825.0005106642222
5809,1825.0005106642222
5810,1825.0005106642222
5811,1825.0005106642222
5812,1825.0005106642222
5813,1825.0005106642222
5814,1825.0005106642222
5815,1825.0005106642222
5816,1825.0005106642222
5817,1825.0005106642222
5818,1825.0005106642222
5819,1825.0005106642222
5820,1825.0005106642222
5821,1825.0005106642222
5822,1825.0005106642222
5823,1825.0005106642222
5824,1825.0005106642222
5825,1825.0005106642222
5826,1825.0005106642222
5827,1825.0005106642222
5828,1825.0005106642222
5829,1825.0005106642222
5830,1825.0005106642222
5831,1825.0005106642222
5832,1825.0005106642222
5833,1825.0005106642222
5834,1825.0005106642222
5835,1825.0005106642222
5836,1825.0005106642222
5837,1825.0005106642222
5838,1825.0005106642222
5839,1825.0005106642222
5840,1825.0005106642222
5841,1825.0005106642222
5842,1825.0005106642222
5843,1825.0005106642222
5844,1825.0005106642222
5845,1825.0005106642222
5846,1825.0005106642222
5847,1825.0005106642222
5848,1825.0005106642222
5849,1825.0005106642222
5850,1825.0005106642222
5851,1825.0005106642222
5852,1825.0005106642222
5853,1825.0005106642222
5854,1825.0005106642222
5855,1825.0005106642222
5856,1825.0005106642222
5857,1825.0005106642222
5858,1825.0005106642222
5859,1825.0005106642222
5860,1825.0005106642222
5861,1825.0005106642222
5862,1825.0005106642222
5863,1825.0005106642222
5864,1825.0005106642222
5865,1825.0005106642222
5866,1825.0005106642222
5867,1825.0005106642222
5868,1825.0005106642222
5869,1825.0005106642222
5870,1825.0005106642222
5871,1825.0005106642222
5872,1825.0005106642222
5873,1825.0005106642222
5874,1825.0005106642222
5875,1825.0005106642222
5876,1825.0005106642222
5877,1825.0005106642222
5878,1825.0005106642222
5879,1825.0005106642222
5880,1825.0005106642222
5881,1825.0005106642222
5882,1825.0005106642222
5883,1825.0005106642222
5884,1825.0005106642222
5885,1825.0005106642222
5886,1825.0005106642222
5887,1825.0005106642222
5888,1825.0005106642222
5889,1825.0005106642222
5890,1825.0005106642222
5891,1825.0005106642222
5892,1825.0005106642222
5893,1825.0005106642222
5894,1825.0005106642222
5895,1825.0005106642222
5896,1825.0005106642222
5897,1825.0005106642222
5898,1825.0005106642222
5899,1825.0005106642222
5900,1825.0005106642222
5901,1825.0005106642222
5902,1825.0005106642222
5903,1825.0005106642222
5904,1825.0005106642222
5905,1825.0005106642222
5906,1825.0005106642222
5907,1825.0005106642222
5908,1825.0005106642222
5909,1825.0005106642222
5910,1825.0005106642222
5911,1825.0005106642222
5912,1825.0005106642222
5913,1825.0005106642222
5914,1825.0005106642222
5915,1825.0005106642222
5916,1825.0005106642222
5917,1825.0005106642222
5918,1825.0005106642222
5919,1825.0005106642222
5920,1825.0005106642222
5921,1825.0005106642222
5922,1825.0005106642222
5923,1825.0005106642222
5924,1825.0005106642222
5925,1825.0005106642222
5926,1825.0005106642222
5927,1825.0005106642222
5928,1825.0005106642222
5929,1825.0005106642222
5930,1825.0005106642222
5931,1825.0005106642222
5932,1825.0005106642222
5933,1825.0005106642222
5934,1825.0005106642222
5935,1825.0005106642222
5936,1825.0005106642222
5937,1825.0005106642222
5938,1825.0005106642222
5939,1825.0005106642222
5940,1825.0005106642222
5941,1825.0005106642222
5942,1825.0005106642222
5943,1825.0005106642222
5944,1825.0005106642222
5945,1825.0005106642222
5946,1825.0005106642222
5947,1825.0005106642222
5948,1825.0005106642222
5949,1825.0005106642222
5950,1825.0005106642222
5951,1825.0005106642222
5952,1825.0005106642222
5953,1825.0005106642222
5954,1825.0005106642222
5955,1825.0005106642222
5956,1825.0005106642222
5957,1825.0005106642222
5958,1825.0005106642222
5959,1825.0005106642222
5960,1825.0005106642222
5961,1825.0005106642222
5962,1825.0005106642222
5963,1825.0005106642222
5964,1825.0005106642222
5965,1825.0005106642222
5966,1825.0005106642222
5967,1825.0005106642222
5968,1825.0005106642222
5969,1825.0005106642222
5970,1825.0005106642222
5971,1825.0005106642222
5972,1825.0005106642222
5973,1825.0005106642222
5974,1825.0005106642222
5975,1825.0005106642222
5976,1825.0005106642222
5977,1825.0005106642222
5978,1825.0005106642222
5979,1825.0005106642222
5980,1825.0005106642222
5981,1825.0005106642222
5982,1825.0005106642222
5983,1825.0005106642222
5984,1825.0005106642222
5985,1825.0005106642222
5986,1825.0005106642222
5987,1825.0005106642222
5988,1825.0005106642222
5989,1825.0005106642222
5990,1825.0005106642222
5991,1825.0005106642222
5992,1825.0005106642222
5993,1825.0005106642222
5994,1825.0005106642222
5995,1825.0005106642222
5996,1825.0005106642222
5997,1825.0005106642222
5998,1825.0005106642222
5999,1825.0005106642222
6000,1825.0005106642222
6001,1825.0005106642222
6002,1825.0005106642222
6003,1825.0005106642222
6004,1825.0005106642222
6005,1825.0005106642222
6006,1825.0005106642222
6007,1825.0005106642222
6008,1825.0005106642222
6009,1825.0005106642222
6010,1825.0005106642222
6011,1825.0005106642222
6012,1825.0005106642222
6013,1825.0005106642222
6014,1825.0005106642222
6015,1825.0005106642222
6016,1825.0005106642222
6017,1825.0005106642222
6018,1825.0005106642222
6019,1825.0005106642222
6020,1825.0005106642222
6021,1825.0005106642222
6022,1825.0005106642222
6023,1825.0005106642222
6024,1825.0005106642222
6025,1825.0005106642222
6026,1825.0005106642222
6027,1825.0005106642222
6028,1825.0005106642222
6029,1825.0005106642222
6030,1825.0005106642222
6031,1825.0005106642222
6032,1825.0005106642222
6033,1825.0005106642222
6034,1825.0005106642222
6035,1825.0005106642222
6036,1825.0005106642222
6037,1825.0005106642222
6038,1825.0005106642222
6039,1825.0005106642222
6040,1825.0005106642222
6041,1825.0005106642222
6042,1825.0005106642222
6043,1825.0005106642222
6044,1825.0005106642222
6045,1825.0005106642222
6046,1825.0005106642222
6047,1825.0005106642222
6048,1825.0005106642222
6049,1825.0005106642222
6050,1825.0005106642222
6051,1825.0005106642222
6052,1825.0005106642222
6053,1825.0005106642222
6054,1825.0005106642222
6055,1825.0005106642222
6056,1825.0005106642222
6057,1825.0005106642222
6058,1825.0005106642222
6059,1825.0005106642222
6060,1825.0005106642222
6061,1825.0005106642222
6062,1825.0005106642222
6063,1825.0005106642222
6064,1825.0005106642222
6065,1825.0005106642222
6066,1825.0005106642222
6067,1825.0005106642222
6068,1825.0005106642222
6069,1825.0005106642222
6070,1825.0005106642222
6071,1825.0005106642222
6072,1825.0005106642222
6073,1825.0005106642222
6074,1825.0005106642222
6075,1825.0005106642222
6076,1825.0005106642222
6077,1825.0005106642222
6078,1825.0005106642222
6079,1825.0005106642222
6080,1825.0005106642222
6081,1825.0005106642222
6082,1825.0005106642222
6083,1825.0005106642222
6084,1825.0005106642222
6085,1825.0005106642222
6086,1825.0005106642222
6087,1825.0005106642222
6088,1825.0005106642222
6089,1825.0005106642222
6090,1825.0005106642222
6091,1825.0005106642222
6092,1825.0005106642222
6093,1825.0005106642222
6094,1825.0005106642222
6095,1825.0005106642222
6096,1825.0005106642222
6097,1825.0005106642222
6098,1825.0005106642222
6099,1825.0005106642222
6100,1825.0005106642222
6101,1825.0005106642222
6102,1825.0005106642222
6103,1825.0005106642222
6104,1825.0005106642222
6105,1825.0005106642222
6106,1825.0005106642222
6107,1825.0005106642222
6108,1825.0005106642222
6109,1825.0005106642222
6110,1825.0005106642222
6111,1825.0005106642222
6112,1825.0005106642222
6113,1825.0005106642222
6114,1825.0005106642222
6115,1825.0005106642222
6116,1825.0005106642222
6117,1825.0005106642222
6118,1825.0005106642222
6119,1825.0005106642222
6120,1825.0005106642222
6121,1825.0005106642222
6122,1825.0005106642222
6123,1825.0005106642222
6124,1825.0005106642222
6125,1825.0005106642222
6126,1825.0005106642222
6127,1825.0005106642222
6128,1825.0005106642222
6129,1825.0005106642222
6130,1825.0005106642222
6131,1825.0005106642222
6132,1825.0005106642222
6133,1825.0005106642222
6134,1825.0005106642222
6135,1825.0005106642222
6136,1825.0005106642222
6137,1825.0005106642222
6138,1825.0005106642222
6139,1825.0005106642222
6140,1825.0005106642222
6141,1825.0005106642222
6142,1825.0005106642222
6143,1825.0005106642222
6144,1825.0005106642222
6145,1825.0005106642222
6146,1825.0005106642222
6147,1825.0005106642222
6148,1825.0005106642222
6149,1825.0005106642222
6150,1825.0005106642222
6151,1825.0005106642222
6152,1825.0005106642222
6153,1825.0005106642222
6154,1825.0005106642222
6155,1825.0005106642222
6156,1825.0005106642222
6157,1825.0005106642222
6158,1825.0005106642222
6159,1825.0005106642222
6160,1825.0005106642222
6161,1825.0005106642222
6162,1825.0005106642222
6163,1825.0005106642222
6164,1825.0005106642222
6165,1825.0005106642222
6166,1825.0005106642222
6167,1825.0005106642222
6168,1825.0005106642222
6169,1825.0005106642222
6170,1825.0005106642222
6171,1825.0005106642222
6172,1825.0005106642222
6173,1825.0005106642222
6174,1825.0005106642222
6175,1825.0005106642222
6176,1825.0005106642222
6177,1825.0005106642222
6178,1825.0005106642222
6179,1825.0005106642222
6180,1825.0005106642222
6181,1825.0005106642222
6182,1825.0005106642222
6183,1825.0005106642222
6184,1825.0005106642222
6185,1825.0005106642222
6186,1825.0005106642222
6187,1825.0005106642222
6188,1825.0005106642222
6189,1825.0005106642222
6190,1825.0005106642222
6191,1825.0005106642222
6192,1825.0005106642222
6193,1825.0005106642222
6194,1825.0005106642222
6195,1825.0005106642222
6196,1825.0005106642222
6197,1825.0005106642222
6198,1825.0005106642222
6199,1825.0005106642222
6200,1825.0005106642222
6201,1825.0005106642222
6202,1825.0005106642222
6203,1825.0005106642222
6204,1825.0005106642222
6205,1825.0005106642222
6206,1825.0005106642222
6207,1825.0005106642222
6208,1825.0005106642222
6209,1825.0005106642222
6210,1825.0005106642222
6211,1825.0005106642222
6212,1825.0005106642222
6213,1825.0005106642222
6214,1825.0005106642222
6215,1825.0005106642222
6216,1825.0005106642222
6217,1825.0005106642222
6218,1825.0005106642222
6219,1825.0005106642222
6220,1825.0005106642222
6221,1825.0005106642222
6222,1825.0005106642222
6223,1825.0005106642222
6224,1825.0005106642222
6225,1825.0005106642222
6226,1825.0005106642222
6227,1825.0005106642222
6228,1825.0005106642222
6229,1825.0005106642222
6230,1825.0005106642222
6231,1825.0005106642222
6232,1825.0005106642222
6233,1825.0005106642222
6234,1825.0005106642222
6235,1825.0005106642222
6236,1825.0005106642222
6237,1825.0005106642222
6238,1825.0005106642222
6239,1825.0005106642222
6240,1825.0005106642222
6241,1825.0005106642222
6242,1825.0005106642222
6243,1825.0005106642222
6244,1825.0005106642222
6245,1825.0005106642222
6246,1825.0005106642222
6247,1825.0005106642222
6248,1825.0005106642222
6249,1825.0005106642222
6250,1825.0005106642222
6251,1825.0005106642222
6252,1825.0005106642222
6253,1825.0005106642222
6254,1825.0005106642222
6255,1825.0005106642222
6256,1825.0005106642222
6257,1825.0005106642222
6258,1825.0005106642222
6259,1825.0005106642222
6260,1825.0005106642222
6261,1825.0005106642222
6262,1825.0005106642222
6263,1825.0005106642222
6264,1825.0005106642222
6265,1825.0005106642222
6266,1825.0005106642222
6267,1825.0005106642222
6268,1825.0005106642222
6269,1825.0005106642222
6270,1825.0005106642222
6271,1825.0005106642222
6272,1825.0005106642222
6273,1825.0005106642222
6274,1825.0005106642222
6275,1825.0005106642222
6276,1825.0005106642222
6277,1825.0005106642222
6278,1825.0005106642222
6279,1825.0005106642222
6280,1825.0005106642222
6281,1825.0005106642222
6282,1825.0005106642222
6283,1825.0005106642222
6284,1825.0005106642222
6285,1825.0005106642222
6286,1825.0005106642222
6287,1825.0005106642222
6288,1825.0005106642222
6289,1825.0005106642222
6290,1825.0005106642222
6291,1825.0005106642222
6292,1825.0005106642222
6293,1825.0005106642222
6294,1825.0005106642222
6295,1825.0005106642222
6296,1825.0005106642222
6297,1825.0005106642222
6298,1825.0005106642222
6299,1825.0005106642222
6300,1825.0005106642222
6301,1825.0005106642222
6302,1825.0005106642222
6303,1825.0005106642222
6304,1825.0005106642222
6305,1825.0005106642222
6306,1825.0005106642222
6307,1825.0005106642222
6308,1825.0005106642222
6309,1825.0005106642222
6310,1825.0005106642222
6311,1825.0005106642222
6312,1825.0005106642222
6313,1825.0005106642222
6314,1825.0005106642222
6315,1825.0005106642222
6316,1825.0005106642222
6317,1825.0005106642222
6318,1825.0005106642222
6319,1825.0005106642222
6320,1825.0005106642222
6321,1825.0005106642222
6322,1825.0005106642222
6323,1825.0005106642222
6324,1825.0005106642222
6325,1825.0005106642222
6326,1825.0005106642222
6327,1825.0005106642222
6328,1825.0005106642222
6329,1825.0005106642222
6330,1825.0005106642222
6331,1825.0005106642222
6332,1825.0005106642222
6333,1825.0005106642222
6334,1825.0005106642222
6335,1825.0005106642222
6336,1825.0005106642222
6337,1825.0005106642222
6338,1825.0005106642222
6339,1825.0005106642222
6340,1825.0005106642222
6341,1825.0005106642222
6342,1825.0005106642222
6343,1825.0005106642222
6344,1825.0005106642222
6345,1825.0005106642222
6346,1825.0005106642222
6347,1825.0005106642222
6348,1825.0005106642222
6349,1825.0005106642222
6350,1825.0005106642222
6351,1825.0005106642222
6352,1825.0005106642222
6353,1825.0005106642222
6354,1825.0005106642222
6355,1825.0005106642222
6356,1825.0005106642222
6357,1825.0005106642222
6358,1825.0005106642222
6359,1825.0005106642222
6360,1825.0005106642222
6361,1825.0005106642222
6362,1825.0005106642222
6363,1825.0005106642222
6364,1825.0005106642222
6365,1825.0005106642222
6366,1825.0005106642222
6367,1825.0005106642222
6368,1825.0005106642222
6369,1825.0005106642222
6370,1825.0005106642222
6371,1825.0005106642222
6372,1825.0005106642222
6373,1825.0005106642222
6374,1825.0005106642222
6375,1825.0005106642222
6376,1825.0005106642222
6377,1825.0005106642222
6378,1825.0005106642222
6379,1825.0005106642222
6380,1825.0005106642222
6381,1825.0005106642222
6382,1825.0005106642222
6383,1825.0005106642222
6384,1825.0005106642222
6385,1825.0005106642222
6386,1825.0005106642222
6387,1825.0005106642222
6388,1825.0005106642222
6389,1825.0005106642222
6390,1825.0005106642222
6391,1825.0005106642222
6392,1825.0005106642222
6393,1825.0005106642222
6394,1825.0005106642222
6395,1825.0005106642222
6396,1825.0005106642222
6397,1825.0005106642222
6398,1825.0005106642222
6399,1825.0005106642222
6400,1825.0005106642222
6401,1825.0005106642222
6402,1825.0005106642222
6403,1825.0005106642222
6404,1825.0005106642222
6405,1825.0005106642222
6406,1825.0005106642222
6407,1825.0005106642222
6408,1825.0005106642222
6409,1825.0005106642222
6410,1825.0005106642222
6411,1825.0005106642222
6412,1825.0005106642222
6413,1825.0005106642222
6414,1825.0005106642222
6415,1825.0005106642222
6416,1825.0005106642222
6417,1825.0005106642222
6418,1825.0005106642222
6419,1825.0005106642222
6420,1825.0005106642222
6421,1825.0005106642222
6422,1825.0005106642222
6423,1825.0005106642222
6424,1825.0005106642222
6425,1825.0005106642222
6426,1825.0005106642222
6427,1825.0005106642222
6428,1825.0005106642222
6429,1825.0005106642222
6430,1825.0005106642222
6431,1825.0005106642222
6432,1825.0005106642222
6433,1825.0005106642222
6434,1825.0005106642222
6435,1825.0005106642222
6436,1825.0005106642222
6437,1825.0005106642222
6438,1825.0005106642222
6439,1825.0005106642222
6440,1825.0005106642222
6441,1825.0005106642222
6442,1825.0005106642222
6443,1825.0005106642222
6444,1825.0005106642222
6445,1825.0005106642222
6446,1825.0005106642222
6447,1825.0005106642222
6448,1825.0005106642222
6449,1825.0005106642222
6450,1825.0005106642222
6451,1825.0005106642222
6452,1825.0005106642222
6453,1825.0005106642222
6454,1825.0005106642222
6455,1825.0005106642222
6456,1825.0005106642222
6457,1825.0005106642222
6458,1825.0005106642222
6459,1825.0005106642222
6460,1825.0005106642222
6461,1825.0005106642222
6462,1825.0005106642222
6463,1825.0005106642222
6464,1825.0005106642222
6465,1825.0005106642222
6466,1825.0005106642222
6467,1825.0005106642222
6468,1825.0005106642222
6469,1825.0005106642222
6470,1825.0005106642222
6471,1825.0005106642222
6472,1825.0005106642222
6473,1825.0005106642222
6474,1825.0005106642222
6475,1825.0005106642222
6476,1825.0005106642222
6477,1825.0005106642222
6478,1825.0005106642222
6479,1825.0005106642222
6480,1825.0005106642222
6481,1825.0005106642222
6482,1825.0005106642222
6483,1825.0005106642222
6484,1825.0005106642222
6485,1825.0005106642222
6486,1825.0005106642222
6487,1825.0005106642222
6488,1825.0005106642222
6489,1825.0005106642222
6490,1825.0005106642222
6491,1825.0005106642222
6492,1825.0005106642222
6493,1825.0005106642222
6494,1825.0005106642222
6495,1825.0005106642222
6496,1825.0005106642222
6497,1825.0005106642222
6498,1825.0005106642222
6499,1825.0005106642222
6500,1825.0005106642222
6501,1825.0005106642222
6502,1825.0005106642222
6503,1825.0005106642222
6504,1825.0005106642222
6505,1825.0005106642222
6506,1825.0005106642222
6507,1825.0005106642222
6508,1825.0005106642222
6509,1825.0005106642222
6510,1825.0005106642222
6511,1825.0005106642222
6512,1825.0005106642222
6513,1825.0005106642222
6514,1825.0005106642222
6515,1825.0005106642222
6516,1825.0005106642222
6517,1825.0005106642222
6518,1825.0005106642222
6519,1825.0005106642222
6520,1825.0005106642222
6521,1825.0005106642222
6522,1825.0005106642222
6523,1825.0005106642222
6524,1825.0005106642222
6525,1825.0005106642222
6526,1825.0005106642222
6527,1825.0005106642222
6528,1825.0005106642222
6529,1825.0005106642222
6530,1825.0005106642222
6531,1825.0005106642222
6532,1825.0005106642222
6533,1825.0005106642222
6534,1825.0005106642222
6535,1825.0005106642222
6536,1825.0005106642222
6537,1825.0005106642222
6538,1825.0005106642222
6539,1825.0005106642222
6540,1825.0005106642222
6541,1825.0005106642222
6542,1825.0005106642222
6543,1825.0005106642222
6544,1825.0005106642222
6545,1825.0005106642222
6546,1825.0005106642222
6547,1825.0005106642222
6548,1825.0005106642222
6549,1825.0005106642222
6550,1825.0005106642222
6551,1825.0005106642222
6552,1825.0005106642222
6553,1825.0005106642222
6554,1825.0005106642222
6555,1825.0005106642222
6556,1825.0005106642222
6557,1825.0005106642222
6558,1825.0005106642222
6559,1825.0005106642222
6560,1825.0005106642222
6561,1825.0005106642222
6562,1825.0005106642222
6563,1825.0005106642222
6564,1825.0005106642222
6565,1825.0005106642222
6566,1825.0005106642222
6567,1825.0005106642222
6568,1825.0005106642222
6569,1825.0005106642222
6570,1825.0005106642222
6571,1825.0005106642222
6572,1825.0005106642222
6573,1825.0005106642222
6574,1825.0005106642222
6575,1825.0005106642222
6576,1825.0005106642222
6577,1825.0005106642222
6578,1825.0005106642222
6579,1825.0005106642222
6580,1825.0005106642222
6581,1825.0005106642222
6582,1825.0005106642222
6583,1825.0005106642222
6584,1825.0005106642222
6585,1825.0005106642222
6586,1825.0005106642222
6587,1825.0005106642222
6588,1825.0005106642222
6589,1825.0005106642222
6590,1825.0005106642222
6591,1825.0005106642222
6592,1825.0005106642222
6593,1825.0005106642222
6594,1825.0005106642222
6595,1825.0005106642222
6596,1825.0005106642222
6597,1825.0005106642222
6598,1825.0005106642222
6599,1825.0005106642222
6600,1825.0005106642222
6601,1825.0005106642222
6602,1825.0005106642222
6603,1825.0005106642222
6604,1825.0005106642222
6605,1825.0005106642222
6606,1825.0005106642222
6607,1825.0005106642222
6608,1825.0005106642222
6609,1825.0005106642222
6610,1825.0005106642222
6611,1825.0005106642222
6612,1825.0005106642222
6613,1825.0005106642222
6614,1825.0005106642222
6615,1825.0005106642222
6616,1825.0005106642222
6617,1825.0005106642222
6618,1825.0005106642222
6619,1825.0005106642222
6620,1825.0005106642222
6621,1825.0005106642222
6622,1825.0005106642222
6623,1825.0005106642222
6624,1825.0005106642222
6625,1825.0005106642222
6626,1825.0005106642222
6627,1825.0005106642222
6628,1825.0005106642222
6629,1825.0005106642222
6630,1825.0005106642222
6631,1825.0005106642222
6632,1825.0005106642222
6633,1825.0005106642222
6634,1825.0005106642222
6635,1825.0005106642222
6636,1825.0005106642222
6637,1825.0005106642222
6638,1825.0005106642222
6639,1825.0005106642222
6640,1825.0005106642222
6641,1825.0005106642222
6642,1825.0005106642222
6643,1825.0005106642222
6644,1825.0005106642222
6645,1825.0005106642222
6646,1825.0005106642222
6647,1825.0005106642222
6648,1825.0005106642222
6649,1825.0005106642222
6650,1825.0005106642222
6651,1825.0005106642222
6652,1825.0005106642222
6653,1825.0005106642222
6654,1825.0005106642222
6655,1825.0005106642222
6656,1825.0005106642222
6657,1825.0005106642222
6658,1825.0005106642222
6659,1825.0005106642222
6660,1825.0005106642222
6661,1825.0005106642222
6662,1825.0005106642222
6663,1825.0005106642222
6664,1825.0005106642222
6665,1825.0005106642222
6666,1825.0005106642222
6667,1825.0005106642222
6668,1825.0005106642222
6669,1825.0005106642222
6670,1825.0005106642222
6671,1825.0005106642222
6672,1825.0005106642222
6673,1825.0005106642222
6674,1825.0005106642222
6675,1825.0005106642222
6676,1825.0005106642222
6677,1825.0005106642222
6678,1825.0005106642222
6679,1825.0005106642222
6680,1825.0005106642222
6681,1825.0005106642222
6682,1825.0005106642222
6683,1825.0005106642222
6684,1825.0005106642222
6685,1825.0005106642222
6686,1825.0005106642222
6687,1825.0005106642222
6688,1825.0005106642222
6689,1825.0005106642222
6690,1825.0005106642222
6691,1825.0005106642222
6692,1825.0005106642222
6693,1825.0005106642222
6694,1825.0005106642222
6695,1825.0005106642222
6696,1825.0005106642222
6697,1825.0005106642222
6698,1825.0005106642222
6699,1825.0005106642222
6700,1825.0005106642222
6701,1825.0005106642222
6702,1825.0005106642222
6703,1825.0005106642222
6704,1825.0005106642222
6705,1825.0005106642222
6706,1825.0005106642222
6707,1825.0005106642222
6708,1825.0005106642222
6709,1825.0005106642222
6710,1825.0005106642222
6711,1825.0005106642222
6712,1825.0005106642222
6713,1825.0005106642222
6714,1825.0005106642222
6715,1825.0005106642222
6716,1825.0005106642222
6717,1825.0005106642222
6718,1825.0005106642222
6719,1825.0005106642222
6720,1825.0005106642222
6721,1825.0005106642222
6722,1825.0005106642222
6723,1825.0005106642222
6724,1825.0005106642222
6725,1825.0005106642222
6726,1825.0005106642222
6727,1825.0005106642222
6728,1825.0005106642222
6729,1825.0005106642222
6730,1825.0005106642222
6731,1825.0005106642222
6732,1825.0005106642222
6733,1825.0005106642222
6734,1825.0005106642222
6735,1825.0005106642222
6736,1825.0005106642222
6737,1825.0005106642222
6738,1825.0005106642222
6739,1825.0005106642222
6740,1825.0005106642222
6741,1825.0005106642222
6742,1825.0005106642222
6743,1825.0005106642222
6744,1825.0005106642222
6745,1825.0005106642222
6746,1825.0005106642222
6747,1825.0005106642222
6748,1825.0005106642222
6749,1825.0005106642222
6750,1825.0005106642222
6751,1825.0005106642222
6752,1825.0005106642222
6753,1825.0005106642222
6754,1825.0005106642222
6755,1825.0005106642222
6756,1825.0005106642222
6757,1825.0005106642222
6758,1825.0005106642222
6759,1825.0005106642222
6760,1825.0005106642222
6761,1825.0005106642222
6762,1825.0005106642222
6763,1825.0005106642222
6764,1825.0005106642222
6765,1825.0005106642222
6766,1825.0005106642222
6767,1825.0005106642222
6768,1825.0005106642222
6769,1825.0005106642222
6770,1825.0005106642222
6771,1825.0005106642222
6772,1825.0005106642222
6773,1825.0005106642222
6774,1825.0005106642222
6775,1825.0005106642222
6776,1825.0005106642222
6777,1825.0005106642222
6778,1825.0005106642222
6779,1825.0005106642222
6780,1825.0005106642222
6781,1825.0005106642222
6782,1825.0005106642222
6783,1825.0005106642222
6784,1825.0005106642222
6785,1825.0005106642222
6786,1825.0005106642222
6787,1825.0005106642222
6788,1825.0005106642222
6789,1825.0005106642222
6790,1825.0005106642222
6791,1825.0005106642222
6792,1825.0005106642222
6793,1825.0005106642222
6794,1825.0005106642222
6795,1825.0005106642222
6796,1825.0005106642222
6797,1825.0005106642222
6798,1825.0005106642222
6799,1825.0005106642222
6800,1825.0005106642222
6801,1825.0005106642222
6802,1825.0005106642222
6803,1825.0005106642222
6804,1825.0005106642222
6805,1825.0005106642222
6806,1825.0005106642222
6807,1825.0005106642222
6808,1825.0005106642222
6809,1825.0005106642222
6810,1825.0005106642222
6811,1825.0005106642222
6812,1825.0005106642222
6813,1825.0005106642222
6814,1825.0005106642222
6815,1825.0005106642222
6816,1825.0005106642222
6817,1825.0005106642222
6818,1825.0005106642222
6819,1825.0005106642222
6820,1825.0005106642222
6821,1825.0005106642222
6822,1825.0005106642222
6823,1825.0005106642222
6824,1825.0005106642222
6825,1825.0005106642222
6826,1825.0005106642222
6827,1825.0005106642222
6828,1825.0005106642222
6829,1825.0005106642222
6830,1825.0005106642222
6831,1825.0005106642222
6832,1825.0005106642222
6833,1825.0005106642222
6834,1825.0005106642222
6835,1825.0005106642222
6836,1825.0005106642222
6837,1825.0005106642222
6838,1825.0005106642222
6839,1825.0005106642222
6840,1825.0005106642222
6841,1825.0005106642222
6842,1825.0005106642222
6843,1825.0005106642222
6844,1825.0005106642222
6845,1825.0005106642222
6846,1825.0005106642222
6847,1825.0005106642222
6848,1825.0005106642222
6849,1825.0005106642222
6850,1825.0005106642222
6851,1825.0005106642222
6852,1825.0005106642222
6853,1825.0005106642222
6854,1825.0005106642222
6855,1825.0005106642222
6856,1825.0005106642222
6857,1825.0005106642222
6858,1825.0005106642222
6859,1825.0005106642222
6860,1825.0005106642222
6861,1825.0005106642222
6862,1825.0005106642222
6863,1825.0005106642222
6864,1825.0005106642222
6865,1825.0005106642222
6866,1825.0005106642222
6867,1825.0005106642222
6868,1825.0005106642222
6869,1825.0005106642222
6870,1825.0005106642222
6871,1825.0005106642222
6872,1825.0005106642222
6873,1825.0005106642222
6874,1825.0005106642222
6875,1825.0005106642222
6876,1825.0005106642222
6877,1825.0005106642222
6878,1825.0005106642222
6879,1825.0005106642222
6880,1825.0005106642222
6881,1825.0005106642222
6882,1825.0005106642222
6883,1825.0005106642222
6884,1825.0005106642222
6885,1825.0005106642222
6886,1825.0005106642222
6887,1825.0005106642222
6888,1825.0005106642222
6889,1825.0005106642222
6890,1825.0005106642222
6891,1825.0005106642222
6892,1825.0005106642222
6893,1825.0005106642222
6894,1825.0005106642222
6895,1825.0005106642222
6896,1825.0005106642222
6897,1825.0005106642222
6898,1825.0005106642222
6899,1825.0005106642222
6900,1825.0005106642222
6901,1825.0005106642222
6902,1825.0005106642222
6903,1825.0005106642222
6904,1825.0005106642222
6905,1825.0005106642222
6906,1825.0005106642222
6907,1825.0005106642222
6908,1825.0005106642222
6909,1825.0005106642222
6910,1825.0005106642222
6911,1825.0005106642222
6912,1825.0005106642222
6913,1825.0005106642222
6914,1825.0005106642222
6915,1825.0005106642222
6916,1825.0005106642222
6917,1825.0005106642222
6918,1825.0005106642222
6919,1825.0005106642222
6920,1825.0005106642222
6921,1825.0005106642222
6922,1825.0005106642222
6923,1825.0005106642222
6924,1825.0005106642222
6925,1825.0005106642222
6926,1825.0005106642222
6927,1825.0005106642222
6928,1825.0005106642222
6929,1825.0005106642222
6930,1825.0005106642222
6931,1825.0005106642222
6932,1825.0005106642222
6933,1825.0005106642222
6934,1825.0005106642222
6935,1825.0005106642222
6936,1825.0005106642222
6937,1825.0005106642222
6938,1825.0005106642222
6939,1825.0005106642222
6940,1825.0005106642222
6941,1825.0005106642222
6942,1825.0005106642222
6943,1825.0005106642222
6944,1825.0005106642222
6945,1825.0005106642222
6946,1825.0005106642222
6947,1825.0005106642222
6948,1825.0005106642222
6949,1825.0005106642222
6950,1825.0005106642222
6951,1825.0005106642222
6952,1825.0005106642222
6953,1825.0005106642222
6954,1825.0005106642222
6955,1825.0005106642222
6956,1825.0005106642222
6957,1825.0005106642222
6958,1825.0005106642222
6959,1825.0005106642222
6960,1825.0005106642222
6961,1825.0005106642222
6962,1825.0005106642222
6963,1825.0005106642222
6964,1825.0005106642222
6965,1825.0005106642222
6966,1825.0005106642222
6967,1825.0005106642222
6968,1825.0005106642222
6969,1825.0005106642222
6970,1825.0005106642222
6971,1825.0005106642222
6972,1825.0005106642222
6973,1825.0005106642222
6974,1825.0005106642222
6975,1825.0005106642222
6976,1825.0005106642222
6977,1825.0005106642222
6978,1825.0005106642222
6979,1825.0005106642222
6980,1825.0005106642222
6981,1825.0005106642222
6982,1825.0005106642222
6983,1825.0005106642222
6984,1825.0005106642222
6985,1825.0005106642222
6986,1825.0005106642222
6987,1825.0005106642222
6988,1825.0005106642222
6989,1825.0005106642222
6990,1825.0005106642222
6991,1825.0005106642222
6992,1825.0005106642222
6993,1825.0005106642222
6994,1825.0005106642222
6995,1825.0005106642222
6996,1825.0005106642222
6997,1825.0005106642222
6998,1825.0005106642222
6999,1825.0005106642222
7000,1825.0005106642222
7001,1825.0005106642222
7002,1825.0005106642222
7003,1825.0005106642222
7004,1825.0005106642222
7005,1825.0005106642222
7006,1825.0005106642222
7007,1825.0005106642222
7008,1825.0005106642222
7009,1825.0005106642222
7010,1825.0005106642222
7011,1825.0005106642222
7012,1825.0005106642222
7013,1825.0005106642222
7014,1825.0005106642222
7015,1825.0005106642222
7016,1825.0005106642222
7017,1825.0005106642222
7018,1825.0005106642222
7019,1825.0005106642222
7020,1825.0005106642222
7021,1825.0005106642222
7022,1825.0005106642222
7023,1825.0005106642222
7024,1825.0005106642222
7025,1825.0005106642222
7026,1825.0005106642222
7027,1825.0005106642222
7028,1825.0005106642222
7029,1825.0005106642222
7030,1825.0005106642222
7031,1825.0005106642222
7032,1825.0005106642222
7033,1825.0005106642222
7034,1825.0005106642222
7035,1825.0005106642222
7036,1825.0005106642222
7037,1825.0005106642222
7038,1825.0005106642222
7039,1825.0005106642222
7040,1825.0005106642222
7041,1825.0005106642222
7042,1825.0005106642222
7043,1825.0005106642222
7044,1825.0005106642222
7045,1825.0005106642222
7046,1825.0005106642222
7047,1825.0005106642222
7048,1825.0005106642222
7049,1825.0005106642222
7050,1825.0005106642222
7051,1825.0005106642222
7052,1825.0005106642222
7053,1825.0005106642222
7054,1825.0005106642222
7055,1825.0005106642222
7056,1825.0005106642222
7057,1825.0005106642222
7058,1825.0005106642222
7059,1825.0005106642222
7060,1825.0005106642222
7061,1825.0005106642222
7062,1825.0005106642222
7063,1825.0005106642222
7064,1825.0005106642222
7065,1825.0005106642222
7066,1825.0005106642222
7067,1825.0005106642222
7068,1825.0005106642222
7069,1825.0005106642222
7070,1825.0005106642222
7071,1825.0005106642222
7072,1825.0005106642222
7073,1825.0005106642222
7074,1825.0005106642222
7075,1825.0005106642222
7076,1825.0005106642222
7077,1825.0005106642222
7078,1825.0005106642222
7079,1825.0005106642222
7080,1825.0005106642222
7081,1825.0005106642222
7082,1825.0005106642222
7083,1825.0005106642222
7084,1825.0005106642222
7085,1825.0005106642222
7086,1825.0005106642222
7087,1825.0005106642222
7088,1825.0005106642222
7089,1825.0005106642222
7090,1825.0005106642222
7091,1825.0005106642222
7092,1825.0005106642222
7093,1825.0005106642222
7094,1825.0005106642222
7095,1825.0005106642222
7096,1825.0005106642222
7097,1825.0005106642222
7098,1825.0005106642222
7099,1825.0005106642222
7100,1825.0005106642222
7101,1825.0005106642222
7102,1825.0005106642222
7103,1825.0005106642222
7104,1825.0005106642222
7105,1825.0005106642222
7106,1825.0005106642222
7107,1825.0005106642222
7108,1825.0005106642222
7109,1825.0005106642222
7110,1825.0005106642222
7111,1825.0005106642222
7112,1825.0005106642222
7113,1825.0005106642222
7114,1825.0005106642222
7115,1825.0005106642222
7116,1825.0005106642222
7117,1825.0005106642222
7118,1825.0005106642222
7119,1825.0005106642222
7120,1825.0005106642222
7121,1825.0005106642222
7122,1825.0005106642222
7123,1825.0005106642222
7124,1825.0005106642222
7125,1825.0005106642222
7126,1825.0005106642222
7127,1825.0005106642222
7128,1825.0005106642222
7129,1825.0005106642222
7130,1825.0005106642222
7131,1825.0005106642222
7132,1825.0005106642222
7133,1825.0005106642222
7134,1825.0005106642222
7135,1825.0005106642222
7136,1825.0005106642222
7137,1825.0005106642222
7138,1825.0005106642222
7139,1825.0005106642222
7140,1825.0005106642222
7141,1825.0005106642222
7142,1825.0005106642222
7143,1825.0005106642222
7144,1825.0005106642222
7145,1825.0005106642222
7146,1825.0005106642222
7147,1825.0005106642222
7148,1825.0005106642222
7149,1825.0005106642222
7150,1825.0005106642222
7151,1825.0005106642222
7152,1825.0005106642222
7153,1825.0005106642222
7154,1825.0005106642222
7155,1825.0005106642222
7156,1825.0005106642222
7157,1825.0005106642222
7158,1825.0005106642222
7159,1825.0005106642222
7160,1825.0005106642222
7161,1825.0005106642222
7162,1825.0005106642222
7163,1825.0005106642222
7164,1825.0005106642222
7165,1825.0005106642222
7166,1825.0005106642222
7167,1825.0005106642222
7168,1825.0005106642222
7169,1825.0005106642222
7170,1825.0005106642222
7171,1825.0005106642222
7172,1825.0005106642222
7173,1825.0005106642222
7174,1825.0005106642222
7175,1825.0005106642222
7176,1825.0005106642222
7177,1825.0005106642222
7178,1825.0005106642222
7179,1825.0005106642222
7180,1825.0005106642222
7181,1825.0005106642222
7182,1825.0005106642222
7183,1825.0005106642222
7184,1825.0005106642222
7185,1825.0005106642222
7186,1825.0005106642222
7187,1825.0005106642222
7188,1825.0005106642222
7189,1825.0005106642222
7190,1825.0005106642222
7191,1825.0005106642222
7192,1825.0005106642222
7193,1825.0005106642222
7194,1825.0005106642222
7195,1825.0005106642222
7196,1825.0005106642222
7197,1825.0005106642222
7198,1825.0005106642222
7199,1825.0005106642222
7200,1825.0005106642222
7201,1825.0005106642222
7202,1825.0005106642222
7203,1825.0005106642222
7204,1825.0005106642222
7205,1825.0005106642222
7206,1825.0005106642222
7207,1825.0005106642222
7208,1825.0005106642222
7209,1825.0005106642222
7210,1825.0005106642222
7211,1825.0005106642222
7212,1825.0005106642222
7213,1825.0005106642222
7214,1825.0005106642222
7215,1825.0005106642222
7216,1825.0005106642222
7217,1825.0005106642222
7218,1825.0005106642222
7219,1825.0005106642222
7220,1825.0005106642222
7221,1825.0005106642222
7222,1825.0005106642222
7223,1825.0005106642222
7224,1825.0005106642222
7225,1825.0005106642222
7226,1825.0005106642222
7227,1825.0005106642222
7228,1825.0005106642222
7229,1825.0005106642222
7230,1825.0005106642222
7231,1825.0005106642222
7232,1825.0005106642222
7233,1825.0005106642222
7234,1825.0005106642222
7235,1825.0005106642222
7236,1825.0005106642222
7237,1825.0005106642222
7238,1825.0005106642222
7239,1825.0005106642222
7240,1825.0005106642222
7241,1825.0005106642222
7242,1825.0005106642222
7243,1825.0005106642222
7244,1825.0005106642222
7245,1825.0005106642222
7246,1825.0005106642222
7247,1825.0005106642222
7248,1825.0005106642222
7249,1825.0005106642222
7250,1825.0005106642222
7251,1825.0005106642222
7252,1825.0005106642222
7253,1825.0005106642222
7254,1825.0005106642222
7255,1825.0005106642222
7256,1825.0005106642222
7257,1825.0005106642222
7258,1825.0005106642222
7259,1825.0005106642222
7260,1825.0005106642222
7261,1825.0005106642222
7262,1825.0005106642222
7263,1825.0005106642222
7264,1825.0005106642222
7265,1825.0005106642222
7266,1825.0005106642222
7267,1825.0005106642222
7268,1825.0005106642222
7269,1825.0005106642222
7270,1825.0005106642222
7271,1825.0005106642222
7272,1825.0005106642222
7273,1825.0005106642222
7274,1825.0005106642222
7275,1825.0005106642222
7276,1825.0005106642222
7277,1825.0005106642222
7278,1825.0005106642222
7279,1825.0005106642222
7280,1825.0005106642222
7281,1825.0005106642222
7282,1825.0005106642222
7283,1825.0005106642222
7284,1825.0005106642222
7285,1825.0005106642222
7286,1825.0005106642222
7287,1825.0005106642222
7288,1825.0005106642222
7289,1825.0005106642222
7290,1825.0005106642222
7291,1825.0005106642222
7292,1825.0005106642222
7293,1825.0005106642222
7294,1825.0005106642222
7295,1825.0005106642222
7296,1825.0005106642222
7297,1825.0005106642222
7298,1825.0005106642222
7299,1825.0005106642222
7300,1825.0005106642222
7301,1825.0005106642222
7302,1825.0005106642222
7303,1825.0005106642222
7304,1825.0005106642222
7305,1825.0005106642222
7306,1825.0005106642222
7307,1825.0005106642222
7308,1825.0005106642222
7309,1825.0005106642222
7310,1825.0005106642222
7311,1825.0005106642222
7312,1825.0005106642222
7313,1825.0005106642222
7314,1825.0005106642222
7315,1825.0005106642222
7316,1825.0005106642222
7317,1825.0005106642222
7318,1825.0005106642222
7319,1825.0005106642222
7320,1825.0005106642222
7321,1825.0005106642222
7322,1825.0005106642222
7323,1825.0005106642222
7324,1825.0005106642222
7325,1825.0005106642222
7326,1825.0005106642222
7327,1825.0005106642222
7328,1825.0005106642222
7329,1825.0005106642222
7330,1825.0005106642222
7331,1825.0005106642222
7332,1825.0005106642222
7333,1825.0005106642222
7334,1825.0005106642222
7335,1825.0005106642222
7336,1825.0005106642222
7337,1825.0005106642222
7338,1825.0005106642222
7339,1825.0005106642222
7340,1825.0005106642222
7341,1825.0005106642222
7342,1825.0005106642222
7343,1825.0005106642222
7344,1825.0005106642222
7345,1825.0005106642222
7346,1825.0005106642222
7347,1825.0005106642222
7348,1825.0005106642222
7349,1825.0005106642222
7350,1825.0005106642222
7351,1825.0005106642222
7352,1825.0005106642222
7353,1825.0005106642222
7354,1825.0005106642222
7355,1825.0005106642222
7356,1825.0005106642222
7357,1825.0005106642222
7358,1825.0005106642222
7359,1825.0005106642222
7360,1825.0005106642222
7361,1825.0005106642222
7362,1825.0005106642222
7363,1825.0005106642222
7364,1825.0005106642222
7365,1825.0005106642222
7366,1825.0005106642222
7367,1825.0005106642222
7368,1825.0005106642222
7369,1825.0005106642222
7370,1825.0005106642222
7371,1825.0005106642222
7372,1825.0005106642222
7373,1825.0005106642222
7374,1825.0005106642222
7375,1825.0005106642222
7376,1825.0005106642222
7377,1825.0005106642222
7378,1825.0005106642222
7379,1825.0005106642222
7380,1825.0005106642222
7381,1825.0005106642222
7382,1825.0005106642222
7383,1825.0005106642222
7384,1825.0005106642222
7385,1825.0005106642222
7386,1825.0005106642222
7387,1825.0005106642222
7388,1825.0005106642222
7389,1825.0005106642222
7390,1825.0005106642222
7391,1825.0005106642222
7392,1825.0005106642222
7393,1825.0005106642222
7394,1825.0005106642222
7395,1825.0005106642222
7396,1825.0005106642222
7397,1825.0005106642222
7398,1825.0005106642222
7399,1825.0005106642222
7400,1825.0005106642222
7401,1825.0005106642222
7402,1825.0005106642222
7403,1825.0005106642222
7404,1825.0005106642222
7405,1825.0005106642222
7406,1825.0005106642222
7407,1825.0005106642222
7408,1825.0005106642222
7409,1825.0005106642222
7410,1825.0005106642222
7411,1825.0005106642222
7412,1825.0005106642222
7413,1825.0005106642222
7414,1825.0005106642222
7415,1825.0005106642222
7416,1825.0005106642222
7417,1825.0005106642222
7418,1825.0005106642222
7419,1825.0005106642222
7420,1825.0005106642222
7421,1825.0005106642222
7422,1825.0005106642222
7423,1825.0005106642222
7424,1825.0005106642222
7425,1825.0005106642222
7426,1825.0005106642222
7427,1825.0005106642222
7428,1825.0005106642222
7429,1825.0005106642222
7430,1825.0005106642222
7431,1825.0005106642222
7432,1825.0005106642222
7433,1825.0005106642222
7434,1825.0005106642222
7435,1825.0005106642222
7436,1825.0005106642222
7437,1825.0005106642222
7438,1825.0005106642222
7439,1825.0005106642222
7440,1825.0005106642222
7441,1825.0005106642222
7442,1825.0005106642222
7443,1825.0005106642222
7444,1825.0005106642222
7445,1825.0005106642222
7446,1825.0005106642222
7447,1825.0005106642222
7448,1825.0005106642222
7449,1825.0005106642222
7450,1825.0005106642222
7451,1825.0005106642222
7452,1825.0005106642222
7453,1825.0005106642222
7454,1825.0005106642222
7455,1825.0005106642222
7456,1825.0005106642222
7457,1825.0005106642222
7458,1825.0005106642222
7459,1825.0005106642222
7460,1825.0005106642222
7461,1825.0005106642222
7462,1825.0005106642222
7463,1825.0005106642222
7464,1825.0005106642222
7465,1825.0005106642222
7466,1825.0005106642222
7467,1825.0005106642222
7468,1825.0005106642222
7469,1825.0005106642222
7470,1825.0005106642222
7471,1825.0005106642222
7472,1825.0005106642222
7473,1825.0005106642222
7474,1825.0005106642222
7475,1825.0005106642222
7476,1825.0005106642222
7477,1825.0005106642222
7478,1825.0005106642222
7479,1825.0005106642222
7480,1825.0005106642222
7481,1825.0005106642222
7482,1825.0005106642222
7483,1825.0005106642222
7484,1825.0005106642222
7485,1825.0005106642222
7486,1825.0005106642222
7487,1825.0005106642222
7488,1825.0005106642222
7489,1825.0005106642222
7490,1825.0005106642222
7491,1825.0005106642222
7492,1825.0005106642222
7493,1825.0005106642222
7494,1825.0005106642222
7495,1825.0005106642222
7496,1825.0005106642222
7497,1825.0005106642222
7498,1825.0005106642222
7499,1825.0005106642222
7500,1825.0005106642222
7501,1825.0005106642222
7502,1825.0005106642222
7503,1825.0005106642222
7504,1825.0005106642222
7505,1825.0005106642222
7506,1825.0005106642222
7507,1825.0005106642222
7508,1825.0005106642222
7509,1825.0005106642222
7510,1825.0005106642222
7511,1825.0005106642222
7512,1825.0005106642222
7513,1825.0005106642222
7514,1825.0005106642222
7515,1825.0005106642222
7516,1825.0005106642222
7517,1825.0005106642222
7518,1825.0005106642222
7519,1825.0005106642222
7520,1825.0005106642222
7521,1825.0005106642222
7522,1825.0005106642222
7523,1825.0005106642222
7524,1825.0005106642222
7525,1825.0005106642222
7526,1825.0005106642222
7527,1825.0005106642222
7528,1825.0005106642222
7529,1825.0005106642222
7530,1825.0005106642222
7531,1825.0005106642222
7532,1825.0005106642222
7533,1825.0005106642222
7534,1825.0005106642222
7535,1825.0005106642222
7536,1825.0005106642222
7537,1825.0005106642222
7538,1825.0005106642222
7539,1825.0005106642222
7540,1825.0005106642222
7541,1825.0005106642222
7542,1825.0005106642222
7543,1825.0005106642222
7544,1825.0005106642222
7545,1825.0005106642222
7546,1825.0005106642222
7547,1825.0005106642222
7548,1825.0005106642222
7549,1825.0005106642222
7550,1825.0005106642222
7551,1825.0005106642222
7552,1825.0005106642222
7553,1825.0005106642222
7554,1825.0005106642222
7555,1825.0005106642222
7556,1825.0005106642222
7557,1825.0005106642222
7558,1825.0005106642222
7559,1825.0005106642222
7560,1825.0005106642222
7561,1825.0005106642222
7562,1825.0005106642222
7563,1825.0005106642222
7564,1825.0005106642222
7565,1825.0005106642222
7566,1825.0005106642222
7567,1825.0005106642222
7568,1825.0005106642222
7569,1825.0005106642222
7570,1825.0005106642222
7571,1825.0005106642222
7572,1825.0005106642222
7573,1825.0005106642222
7574,1825.0005106642222
7575,1825.0005106642222
7576,1825.0005106642222
7577,1825.0005106642222
7578,1825.0005106642222
7579,1825.0005106642222
7580,1825.0005106642222
7581,1825.0005106642222
7582,1825.0005106642222
7583,1825.0005106642222
7584,1825.0005106642222
7585,1825.0005106642222
7586,1825.0005106642222
7587,1825.0005106642222
7588,1825.0005106642222
7589,1825.0005106642222
7590,1825.0005106642222
7591,1825.0005106642222
7592,1825.0005106642222
7593,1825.0005106642222
7594,1825.0005106642222
7595,1825.0005106642222
7596,1825.0005106642222
7597,1825.0005106642222
7598,1825.0005106642222
7599,1825.0005106642222
7600,1825.0005106642222
7601,1825.0005106642222
7602,1825.0005106642222
7603,1825.0005106642222
7604,1825.0005106642222
7605,1825.0005106642222
7606,1825.0005106642222
7607,1825.0005106642222
7608,1825.0005106642222
7609,1825.0005106642222
7610,1825.0005106642222
7611,1825.0005106642222
7612,1825.0005106642222
7613,1825.0005106642222
7614,1825.0005106642222
7615,1825.0005106642222
7616,1825.0005106642222
7617,1825.0005106642222
7618,1825.0005106642222
7619,1825.0005106642222
7620,1825.0005106642222
7621,1825.0005106642222
7622,1825.0005106642222
7623,1825.0005106642222
7624,1825.0005106642222
7625,1825.0005106642222
7626,1825.0005106642222
7627,1825.0005106642222
7628,1825.0005106642222
7629,1825.0005106642222
7630,1825.0005106642222
7631,1825.0005106642222
7632,1825.0005106642222
7633,1825.0005106642222
7634,1825.0005106642222
7635,1825.0005106642222
7636,1825.0005106642222
7637,1825.0005106642222
7638,1825.0005106642222
7639,1825.0005106642222
7640,1825.0005106642222
7641,1825.0005106642222
7642,1825.0005106642222
7643,1825.0005106642222
7644,1825.0005106642222
7645,1825.0005106642222
7646,1825.0005106642222
7647,1825.0005106642222
7648,1825.0005106642222
7649,1825.0005106642222
7650,1825.0005106642222
7651,1825.0005106642222
7652,1825.0005106642222
7653,1825.0005106642222
7654,1825.0005106642222
7655,1825.0005106642222
7656,1825.0005106642222
7657,1825.0005106642222
7658,1825.0005106642222
7659,1825.0005106642222
7660,1825.0005106642222
7661,1825.0005106642222
7662,1825.0005106642222
7663,1825.0005106642222
7664,1825.0005106642222
7665,1825.0005106642222
7666,1825.0005106642222
7667,1825.0005106642222
7668,1825.0005106642222
7669,1825.0005106642222
7670,1825.0005106642222
7671,1825.0005106642222
7672,1825.0005106642222
7673,1825.0005106642222
7674,1825.0005106642222
7675,1825.0005106642222
7676,1825.0005106642222
7677,1825.0005106642222
7678,1825.0005106642222
7679,1825.0005106642222
7680,1825.0005106642222
7681,1825.0005106642222
7682,1825.0005106642222
7683,1825.0005106642222
7684,1825.0005106642222
7685,1825.0005106642222
7686,1825.0005106642222
7687,1825.0005106642222
7688,1825.0005106642222
7689,1825.0005106642222
7690,1825.0005106642222
7691,1825.0005106642222
7692,1825.0005106642222
7693,1825.0005106642222
7694,1825.0005106642222
7695,1825.0005106642222
7696,1825.0005106642222
7697,1825.0005106642222
7698,1825.0005106642222
7699,1825.0005106642222
7700,1825.0005106642222
7701,1825.0005106642222
7702,1825.0005106642222
7703,1825.0005106642222
7704,1825.0005106642222
7705,1825.0005106642222
7706,1825.0005106642222
7707,1825.0005106642222
7708,1825.0005106642222
7709,1825.0005106642222
7710,1825.0005106642222
7711,1825.0005106642222
7712,1825.0005106642222
7713,1825.0005106642222
7714,1825.0005106642222
7715,1825.0005106642222
7716,1825.0005106642222
7717,1825.0005106642222
7718,1825.0005106642222
7719,1825.0005106642222
7720,1825.0005106642222
7721,1825.0005106642222
7722,1825.0005106642222
7723,1825.0005106642222
7724,1825.0005106642222
7725,1825.0005106642222
7726,1825.0005106642222
7727,1825.0005106642222
7728,1825.0005106642222
7729,1825.0005106642222
7730,1825.0005106642222
7731,1825.0005106642222
7732,1825.0005106642222
7733,1825.0005106642222
7734,1825.0005106642222
7735,1825.0005106642222
7736,1825.0005106642222
7737,1825.0005106642222
7738,1825.0005106642222
7739,1825.0005106642222
7740,1825.0005106642222
7741,1825.0005106642222
7742,1825.0005106642222
7743,1825.0005106642222
7744,1825.0005106642222
7745,1825.0005106642222
7746,1825.0005106642222
7747,1825.0005106642222
7748,1825.0005106642222
7749,1825.0005106642222
7750,1825.0005106642222
7751,1825.0005106642222
7752,1825.0005106642222
7753,1825.0005106642222
7754,1825.0005106642222
7755,1825.0005106642222
7756,1825.0005106642222
7757,1825.0005106642222
7758,1825.0005106642222
7759,1825.0005106642222
7760,1825.0005106642222
7761,1825.0005106642222
7762,1825.0005106642222
7763,1825.0005106642222
7764,1825.0005106642222
7765,1825.0005106642222
7766,1825.0005106642222
7767,1825.0005106642222
7768,1825.0005106642222
7769,1825.0005106642222
7770,1825.0005106642222
7771,1825.0005106642222
7772,1825.0005106642222
7773,1825.0005106642222
7774,1825.0005106642222
7775,1825.0005106642222
7776,1825.0005106642222
7777,1825.0005106642222
7778,1825.0005106642222
7779,1825.0005106642222
7780,1825.0005106642222
7781,1825.0005106642222
7782,1825.0005106642222
7783,1825.0005106642222
7784,1825.0005106642222
7785,1825.0005106642222
7786,1825.0005106642222
7787,1825.0005106642222
7788,1825.0005106642222
7789,1825.0005106642222
7790,1825.0005106642222
7791,1825.0005106642222
7792,1825.0005106642222
7793,1825.0005106642222
7794,1825.0005106642222
7795,1825.0005106642222
7796,1825.0005106642222
7797,1825.0005106642222
7798,1825.0005106642222
7799,1825.0005106642222
7800,1825.0005106642222
7801,1825.0005106642222
7802,1825.0005106642222
7803,1825.0005106642222
7804,1825.0005106642222
7805,1825.0005106642222
7806,1825.0005106642222
7807,1825.0005106642222
7808,1825.0005106642222
7809,1825.0005106642222
7810,1825.0005106642222
7811,1825.0005106642222
7812,1825.0005106642222
7813,1825.0005106642222
7814,1825.0005106642222
7815,1825.0005106642222
7816,1825.0005106642222
7817,1825.0005106642222
7818,1825.0005106642222
7819,1825.0005106642222
7820,1825.0005106642222
7821,1825.0005106642222
7822,1825.0005106642222
7823,1825.0005106642222
7824,1825.0005106642222
7825,1825.0005106642222
7826,1825.0005106642222
7827,1825.0005106642222
7828,1825.0005106642222
7829,1825.0005106642222
7830,1825.0005106642222
7831,1825.0005106642222
7832,1825.0005106642222
7833,1825.0005106642222
7834,1825.0005106642222
7835,1825.0005106642222
7836,1825.0005106642222
7837,1825.0005106642222
7838,1825.0005106642222
7839,1825.0005106642222
7840,1825.0005106642222
7841,1825.0005106642222
7842,1825.0005106642222
7843,1825.0005106642222
7844,1825.0005106642222
7845,1825.0005106642222
7846,1825.0005106642222
7847,1825.0005106642222
7848,1825.0005106642222
7849,1825.0005106642222
7850,1825.0005106642222
7851,1825.0005106642222
7852,1825.0005106642222
7853,1825.0005106642222
7854,1825.0005106642222
7855,1825.0005106642222
7856,1825.0005106642222
7857,1825.0005106642222
7858,1825.0005106642222
7859,1825.0005106642222
7860,1825.0005106642222
7861,1825.0005106642222
7862,1825.0005106642222
7863,1825.0005106642222
7864,1825.0005106642222
7865,1825.0005106642222
7866,1825.0005106642222
7867,1825.0005106642222
7868,1825.0005106642222
7869,1825.0005106642222
7870,1825.0005106642222
7871,1825.0005106642222
7872,1825.0005106642222
7873,1825.0005106642222
7874,1825.0005106642222
7875,1825.0005106642222
7876,1825.0005106642222
7877,1825.0005106642222
7878,1825.0005106642222
7879,1825.0005106642222
7880,1825.0005106642222
7881,1825.0005106642222
7882,1825.0005106642222
7883,1825.0005106642222
7884,1825.0005106642222
7885,1825.0005106642222
7886,1825.0005106642222
7887,1825.0005106642222
7888,1825.0005106642222
7889,1825.0005106642222
7890,1825.0005106642222
7891,1825.0005106642222
7892,1825.0005106642222
7893,1825.0005106642222
7894,1825.0005106642222
7895,1825.0005106642222
7896,1825.0005106642222
7897,1825.0005106642222
7898,1825.0005106642222
7899,1825.0005106642222
7900,1825.0005106642222
7901,1825.0005106642222
7902,1825.0005106642222
7903,1825.0005106642222
7904,1825.0005106642222
7905,1825.0005106642222
7906,1825.0005106642222
7907,1825.0005106642222
7908,1825.0005106642222
7909,1825.0005106642222
7910,1825.0005106642222
7911,1825.0005106642222
7912,1825.0005106642222
7913,1825.0005106642222
7914,1825.0005106642222
7915,1825.0005106642222
7916,1825.0005106642222
7917,1825.0005106642222
7918,1825.0005106642222
7919,1825.0005106642222
7920,1825.0005106642222
7921,1825.0005106642222
7922,1825.0005106642222
7923,1825.0005106642222
7924,1825.0005106642222
7925,1825.0005106642222
7926,1825.0005106642222
7927,1825.0005106642222
7928,1825.0005106642222
7929,1825.0005106642222
7930,1825.0005106642222
7931,1825.0005106642222
7932,1825.0005106642222
7933,1825.0005106642222
7934,1825.0005106642222
7935,1825.0005106642222
7936,1825.0005106642222
7937,1825.0005106642222
7938,1825.0005106642222
7939,1825.0005106642222
7940,1825.0005106642222
7941,1825.0005106642222
7942,1825.0005106642222
7943,1825.0005106642222
7944,1825.0005106642222
7945,1825.0005106642222
7946,1825.0005106642222
7947,1825.0005106642222
7948,1825.0005106642222
7949,1825.0005106642222
7950,1825.0005106642222
7951,1825.0005106642222
7952,1825.0005106642222
7953,1825.0005106642222
7954,1825.0005106642222
7955,1825.0005106642222
7956,1825.0005106642222
7957,1825.0005106642222
7958,1825.0005106642222
7959,1825.0005106642222
7960,1825.0005106642222
7961,1825.0005106642222
7962,1825.0005106642222
7963,1825.0005106642222
7964,1825.0005106642222
7965,1825.0005106642222
7966,1825.0005106642222
7967,1825.0005106642222
7968,1825.0005106642222
7969,1825.0005106642222
7970,1825.0005106642222
7971,1825.0005106642222
7972,1825.0005106642222
7973,1825.0005106642222
7974,1825.0005106642222
7975,1825.0005106642222
7976,1825.0005106642222
7977,1825.0005106642222
7978,1825.0005106642222
7979,1825.0005106642222
7980,1825.0005106642222
7981,1825.0005106642222
7982,1825.0005106642222
7983,1825.0005106642222
7984,1825.0005106642222
7985,1825.0005106642222
7986,1825.0005106642222
7987,1825.0005106642222
7988,1825.0005106642222
7989,1825.0005106642222
7990,1825.0005106642222
7991,1825.0005106642222
7992,1825.0005106642222
7993,1825.0005106642222
7994,1825.0005106642222
7995,1825.0005106642222
7996,1825.0005106642222
7997,1825.0005106642222
7998,1825.0005106642222
7999,1825.0005106642222
8000,1825.0005106642222
8001,1825.0005106642222
8002,1825.0005106642222
8003,1825.0005106642222
8004,1825.0005106642222
8005,1825.0005106642222
8006,1825.0005106642222
8007,1825.0005106642222
8008,1825.0005106642222
8009,1825.0005106642222
8010,1825.0005106642222
8011,1825.0005106642222
8012,1825.0005106642222
8013,1825.0005106642222
8014,1825.0005106642222
8015,1825.0005106642222
8016,1825.0005106642222
8017,1825.0005106642222
8018,1825.0005106642222
8019,1825.0005106642222
8020,1825.0005106642222
8021,1825.0005106642222
8022,1825.0005106642222
8023,1825.0005106642222
8024,1825.0005106642222
8025,1825.0005106642222
8026,1825.0005106642222
8027,1825.0005106642222
8028,1825.0005106642222
8029,1825.0005106642222
8030,1825.0005106642222
8031,1825.0005106642222
8032,1825.0005106642222
8033,1825.0005106642222
8034,1825.0005106642222
8035,1825.0005106642222
8036,1825.0005106642222
8037,1825.0005106642222
8038,1825.0005106642222
8039,1825.0005106642222
8040,1825.0005106642222
8041,1825.0005106642222
8042,1825.0005106642222
8043,1825.0005106642222
8044,1825.0005106642222
8045,1825.0005106642222
8046,1825.0005106642222
8047,1825.0005106642222
8048,1825.0005106642222
8049,1825.0005106642222
8050,1825.0005106642222
8051,1825.0005106642222
8052,1825.0005106642222
8053,1825.0005106642222
8054,1825.0005106642222
8055,1825.0005106642222
8056,1825.0005106642222
8057,1825.0005106642222
8058,1825.0005106642222
8059,1825.0005106642222
8060,1825.0005106642222
8061,1825.0005106642222
8062,1825.0005106642222
8063,1825.0005106642222
8064,1825.0005106642222
8065,1825.0005106642222
8066,1825.0005106642222
8067,1825.0005106642222
8068,1825.0005106642222
8069,1825.0005106642222
8070,1825.0005106642222
8071,1825.0005106642222
8072,1825.0005106642222
8073,1825.0005106642222
8074,1825.0005106642222
8075,1825.0005106642222
8076,1825.0005106642222
8077,1825.0005106642222
8078,1825.0005106642222
8079,1825.0005106642222
8080,1825.0005106642222
8081,1825.0005106642222
8082,1825.0005106642222
8083,1825.0005106642222
8084,1825.0005106642222
8085,1825.0005106642222
8086,1825.0005106642222
8087,1825.0005106642222
8088,1825.0005106642222
8089,1825.0005106642222
8090,1825.0005106642222
8091,1825.0005106642222
8092,1825.0005106642222
8093,1825.0005106642222
8094,1825.0005106642222
8095,1825.0005106642222
8096,1825.0005106642222
8097,1825.0005106642222
8098,1825.0005106642222
8099,1825.0005106642222
8100,1825.0005106642222
8101,1825.0005106642222
8102,1825.0005106642222
8103,1825.0005106642222
8104,1825.0005106642222
8105,1825.0005106642222
8106,1825.0005106642222
8107,1825.0005106642222
8108,1825.0005106642222
8109,1825.0005106642222
8110,1825.0005106642222
8111,1825.0005106642222
8112,1825.0005106642222
8113,1825.0005106642222
8114,1825.0005106642222
8115,1825.0005106642222
8116,1825.0005106642222
8117,1825.0005106642222
8118,1825.0005106642222
8119,1825.0005106642222
8120,1825.0005106642222
8121,1825.0005106642222
8122,1825.0005106642222
8123,1825.0005106642222
8124,1825.0005106642222
8125,1825.0005106642222
8126,1825.0005106642222
8127,1825.0005106642222
8128,1825.0005106642222
8129,1825.0005106642222
8130,1825.0005106642222
8131,1825.0005106642222
8132,1825.0005106642222
8133,1825.0005106642222
8134,1825.0005106642222
8135,1825.0005106642222
8136,1825.0005106642222
8137,1825.0005106642222
8138,1825.0005106642222
8139,1825.0005106642222
8140,1825.0005106642222
8141,1825.0005106642222
8142,1825.0005106642222
8143,1825.0005106642222
8144,1825.0005106642222
8145,1825.0005106642222
8146,1825.0005106642222
8147,1825.0005106642222
8148,1825.0005106642222
8149,1825.0005106642222
8150,1825.0005106642222
8151,1825.0005106642222
8152,1825.0005106642222
8153,1825.0005106642222
8154,1825.0005106642222
8155,1825.0005106642222
8156,1825.0005106642222
8157,1825.0005106642222
8158,1825.0005106642222
8159,1825.0005106642222
8160,1825.0005106642222
8161,1825.0005106642222
8162,1825.0005106642222
8163,1825.0005106642222
8164,1825.0005106642222
8165,1825.0005106642222
8166,1825.0005106642222
8167,1825.0005106642222
8168,1825.0005106642222
8169,1825.0005106642222
8170,1825.0005106642222
8171,1825.0005106642222
8172,1825.0005106642222
8173,1825.0005106642222
8174,1825.0005106642222
8175,1825.0005106642222
8176,1825.0005106642222
8177,1825.0005106642222
8178,1825.0005106642222
8179,1825.0005106642222
8180,1825.0005106642222
8181,1825.0005106642222
8182,1825.0005106642222
8183,1825.0005106642222
8184,1825.0005106642222
8185,1825.0005106642222
8186,1825.0005106642222
8187,1825.0005106642222
8188,1825.0005106642222
8189,1825.0005106642222
8190,1825.0005106642222
8191,1825.0005106642222
8192,1825.0005106642222
8193,1825.0005106642222
8194,1825.0005106642222
8195,1825.0005106642222
8196,1825.0005106642222
8197,1825.0005106642222
8198,1825.0005106642222
8199,1825.0005106642222
8200,1825.0005106642222
8201,1825.0005106642222
8202,1825.0005106642222
8203,1825.0005106642222
8204,1825.0005106642222
8205,1825.0005106642222
8206,1825.0005106642222
8207,1825.0005106642222
8208,1825.0005106642222
8209,1825.0005106642222
8210,1825.0005106642222
8211,1825.0005106642222
8212,1825.0005106642222
8213,1825.0005106642222
8214,1825.0005106642222
8215,1825.0005106642222
8216,1825.0005106642222
8217,1825.0005106642222
8218,1825.0005106642222
8219,1825.0005106642222
8220,1825.0005106642222
8221,1825.0005106642222
8222,1825.0005106642222
8223,1825.0005106642222
8224,1825.0005106642222
8225,1825.0005106642222
8226,1825.0005106642222
8227,1825.0005106642222
8228,1825.0005106642222
8229,1825.0005106642222
8230,1825.0005106642222
8231,1825.0005106642222
8232,1825.0005106642222
8233,1825.0005106642222
8234,1825.0005106642222
8235,1825.0005106642222
8236,1825.0005106642222
8237,1825.0005106642222
8238,1825.0005106642222
8239,1825.0005106642222
8240,1825.0005106642222
8241,1825.0005106642222
8242,1825.0005106642222
8243,1825.0005106642222
8244,1825.0005106642222
8245,1825.0005106642222
8246,1825.0005106642222
8247,1825.0005106642222
8248,1825.0005106642222
8249,1825.0005106642222
8250,1825.0005106642222
8251,1825.0005106642222
8252,1825.0005106642222
8253,1825.0005106642222
8254,1825.0005106642222
8255,1825.0005106642222
8256,1825.0005106642222
8257,1825.0005106642222
8258,1825.0005106642222
8259,1825.0005106642222
8260,1825.0005106642222
8261,1825.0005106642222
8262,1825.0005106642222
8263,1825.0005106642222
8264,1825.0005106642222
8265,1825.0005106642222
8266,1825.0005106642222
8267,1825.0005106642222
8268,1825.0005106642222
8269,1825.0005106642222
8270,1825.0005106642222
8271,1825.0005106642222
8272,1825.0005106642222
8273,1825.0005106642222
8274,1825.0005106642222
8275,1825.0005106642222
8276,1825.0005106642222
8277,1825.0005106642222
8278,1825.0005106642222
8279,1825.0005106642222
8280,1825.0005106642222
8281,1825.0005106642222
8282,1825.0005106642222
8283,1825.0005106642222
8284,1825.0005106642222
8285,1825.0005106642222
8286,1825.0005106642222
8287,1825.0005106642222
8288,1825.0005106642222
8289,1825.0005106642222
8290,1825.0005106642222
8291,1825.0005106642222
8292,1825.0005106642222
8293,1825.0005106642222
8294,1825.0005106642222
8295,1825.0005106642222
8296,1825.0005106642222
8297,1825.0005106642222
8298,1825.0005106642222
8299,1825.0005106642222
8300,1825.0005106642222
8301,1825.0005106642222
8302,1825.0005106642222
8303,1825.0005106642222
8304,1825.0005106642222
8305,1825.0005106642222
8306,1825.0005106642222
8307,1825.0005106642222
8308,1825.0005106642222
8309,1825.0005106642222
8310,1825.0005106642222
8311,1825.0005106642222
8312,1825.0005106642222
8313,1825.0005106642222
8314,1825.0005106642222
8315,1825.0005106642222
8316,1825.0005106642222
8317,1825.0005106642222
8318,1825.0005106642222
8319,1825.0005106642222
8320,1825.0005106642222
8321,1825.0005106642222
8322,1825.0005106642222
8323,1825.0005106642222
8324,1825.0005106642222
8325,1825.0005106642222
8326,1825.0005106642222
8327,1825.0005106642222
8328,1825.0005106642222
8329,1825.0005106642222
8330,1825.0005106642222
8331,1825.0005106642222
8332,1825.0005106642222
8333,1825.0005106642222
8334,1825.0005106642222
8335,1825.0005106642222
8336,1825.0005106642222
8337,1825.0005106642222
8338,1825.0005106642222
8339,1825.0005106642222
8340,1825.0005106642222
8341,1825.0005106642222
8342,1825.0005106642222
8343,1825.0005106642222
8344,1825.0005106642222
8345,1825.0005106642222
8346,1825.0005106642222
8347,1825.0005106642222
8348,1825.0005106642222
8349,1825.0005106642222
8350,1825.0005106642222
8351,1825.0005106642222
8352,1825.0005106642222
8353,1825.0005106642222
8354,1825.0005106642222
8355,1825.0005106642222
8356,1825.0005106642222
8357,1825.0005106642222
8358,1825.0005106642222
8359,1825.0005106642222
8360,1825.0005106642222
8361,1825.0005106642222
8362,1825.0005106642222
8363,1825.0005106642222
8364,1825.0005106642222
8365,1825.0005106642222
8366,1825.0005106642222
8367,1825.0005106642222
8368,1825.0005106642222
8369,1825.0005106642222
8370,1825.0005106642222
8371,1825.0005106642222
8372,1825.0005106642222
8373,1825.0005106642222
8374,1825.0005106642222
8375,1825.0005106642222
8376,1825.0005106642222
8377,1825.0005106642222
8378,1825.0005106642222
8379,1825.0005106642222
8380,1825.0005106642222
8381,1825.0005106642222
8382,1825.0005106642222
8383,1825.0005106642222
8384,1825.0005106642222
8385,1825.0005106642222
8386,1825.0005106642222
8387,1825.0005106642222
8388,1825.0005106642222
8389,1825.0005106642222
8390,1825.0005106642222
8391,1825.0005106642222
8392,1825.0005106642222
8393,1825.0005106642222
8394,1825.0005106642222
8395,1825.0005106642222
8396,1825.0005106642222
8397,1825.0005106642222
8398,1825.0005106642222
8399,1825.0005106642222
8400,1825.0005106642222
8401,1825.0005106642222
8402,1825.0005106642222
8403,1825.0005106642222
8404,1825.0005106642222
8405,1825.0005106642222
8406,1825.0005106642222
8407,1825.0005106642222
8408,1825.0005106642222
8409,1825.0005106642222
8410,1825.0005106642222
8411,1825.0005106642222
8412,1825.0005106642222
8413,1825.0005106642222
8414,1825.0005106642222
8415,1825.0005106642222
8416,1825.0005106642222
8417,1825.0005106642222
8418,1825.0005106642222
8419,1825.0005106642222
8420,1825.0005106642222
8421,1825.0005106642222
8422,1825.0005106642222
8423,1825.0005106642222
8424,1825.0005106642222
8425,1825.0005106642222
8426,1825.0005106642222
8427,1825.0005106642222
8428,1825.0005106642222
8429,1825.0005106642222
8430,1825.0005106642222
8431,1825.0005106642222
8432,1825.0005106642222
8433,1825.0005106642222
8434,1825.0005106642222
8435,1825.0005106642222
8436,1825.0005106642222
8437,1825.0005106642222
8438,1825.0005106642222
8439,1825.0005106642222
8440,1825.0005106642222
8441,1825.0005106642222
8442,1825.0005106642222
8443,1825.0005106642222
8444,1825.0005106642222
8445,1825.0005106642222
8446,1825.0005106642222
8447,1825.0005106642222
8448,1825.0005106642222
8449,1825.0005106642222
8450,1825.0005106642222
8451,1825.0005106642222
8452,1825.0005106642222
8453,1825.0005106642222
8454,1825.0005106642222
8455,1825.0005106642222
8456,1825.0005106642222
8457,1825.0005106642222
8458,1825.0005106642222
8459,1825.0005106642222
8460,1825.0005106642222
8461,1825.0005106642222
8462,1825.0005106642222
8463,1825.0005106642222
8464,1825.0005106642222
8465,1825.0005106642222
8466,1825.0005106642222
8467,1825.0005106642222
8468,1825.0005106642222
8469,1825.0005106642222
8470,1825.0005106642222
8471,1825.0005106642222
8472,1825.0005106642222
8473,1825.0005106642222
8474,1825.0005106642222
8475,1825.0005106642222
8476,1825.0005106642222
8477,1825.0005106642222
8478,1825.0005106642222
8479,1825.0005106642222
8480,1825.0005106642222
8481,1825.0005106642222
8482,1825.0005106642222
8483,1825.0005106642222
8484,1825.0005106642222
8485,1825.0005106642222
8486,1825.0005106642222
8487,1825.0005106642222
8488,1825.0005106642222
8489,1825.0005106642222
8490,1825.0005106642222
8491,1825.0005106642222
8492,1825.0005106642222
8493,1825.0005106642222
8494,1825.0005106642222
8495,1825.0005106642222
8496,1825.0005106642222
8497,1825.0005106642222
8498,1825.0005106642222
8499,1825.0005106642222
8500,1825.0005106642222
8501,1825.0005106642222
8502,1825.0005106642222
8503,1825.0005106642222
8504,1825.0005106642222
8505,1825.0005106642222
8506,1825.0005106642222
8507,1825.0005106642222
8508,1825.0005106642222
8509,1825.0005106642222
8510,1825.0005106642222
8511,1825.0005106642222
8512,1825.0005106642222
8513,1825.0005106642222
8514,1825.0005106642222
8515,1825.0005106642222
8516,1825.0005106642222
8517,1825.0005106642222
8518,1825.0005106642222
8519,1825.0005106642222
8520,1825.0005106642222
8521,1825.0005106642222
8522,1825.0005106642222
8523,1825.0005106642222
8524,1825.0005106642222
8525,1825.0005106642222
8526,1825.0005106642222
8527,1825.0005106642222
8528,1825.0005106642222
8529,1825.0005106642222
8530,1825.0005106642222
8531,1825.0005106642222
8532,1825.0005106642222
8533,1825.0005106642222
8534,1825.0005106642222
8535,1825.0005106642222
8536,1825.0005106642222
8537,1825.0005106642222
8538,1825.0005106642222
8539,1825.0005106642222
8540,1825.0005106642222
8541,1825.0005106642222
8542,1825.0005106642222
8543,1825.0005106642222
8544,1825.0005106642222
8545,1825.0005106642222
8546,1825.0005106642222
8547,1825.0005106642222
8548,1825.0005106642222
8549,1825.0005106642222
8550,1825.0005106642222
8551,1825.0005106642222
8552,1825.0005106642222
8553,1825.0005106642222
8554,1825.0005106642222
8555,1825.0005106642222
8556,1825.0005106642222
8557,1825.0005106642222
8558,1825.0005106642222
8559,1825.0005106642222
8560,1825.0005106642222
8561,1825.0005106642222
8562,1825.0005106642222
8563,1825.0005106642222
8564,1825.0005106642222
8565,1825.0005106642222
8566,1825.0005106642222
8567,1825.0005106642222
8568,1825.0005106642222
8569,1825.0005106642222
8570,1825.0005106642222
8571,1825.0005106642222
8572,1825.0005106642222
8573,1825.0005106642222
8574,1825.0005106642222
8575,1825.0005106642222
8576,1825.0005106642222
8577,1825.0005106642222
8578,1825.0005106642222
8579,1825.0005106642222
8580,1825.0005106642222
8581,1825.0005106642222
8582,1825.0005106642222
8583,1825.0005106642222
8584,1825.0005106642222
8585,1825.0005106642222
8586,1825.0005106642222
8587,1825.0005106642222
8588,1825.0005106642222
8589,1825.0005106642222
8590,1825.0005106642222
8591,1825.0005106642222
8592,1825.0005106642222
8593,1825.0005106642222
8594,1825.0005106642222
8595,1825.0005106642222
8596,1825.0005106642222
8597,1825.0005106642222
8598,1825.0005106642222
8599,1825.0005106642222
8600,1825.0005106642222
8601,1825.0005106642222
8602,1825.0005106642222
8603,1825.0005106642222
8604,1825.0005106642222
8605,1825.0005106642222
8606,1825.0005106642222
8607,1825.0005106642222
8608,1825.0005106642222
8609,1825.0005106642222
8610,1825.0005106642222
8611,1825.0005106642222
8612,1825.0005106642222
8613,1825.0005106642222
8614,1825.0005106642222
8615,1825.0005106642222
8616,1825.0005106642222
8617,1825.0005106642222
8618,1825.0005106642222
8619,1825.0005106642222
8620,1825.0005106642222
8621,1825.0005106642222
8622,1825.0005106642222
8623,1825.0005106642222
8624,1825.0005106642222
8625,1825.0005106642222
8626,1825.0005106642222
8627,1825.0005106642222
8628,1825.0005106642222
8629,1825.0005106642222
8630,1825.0005106642222
8631,1825.0005106642222
8632,1825.0005106642222
8633,1825.0005106642222
8634,1825.0005106642222
8635,1825.0005106642222
8636,1825.0005106642222
8637,1825.0005106642222
8638,1825.0005106642222
8639,1825.0005106642222
8640,1825.0005106642222
8641,1825.0005106642222
8642,1825.0005106642222
8643,1825.0005106642222
8644,1825.0005106642222
8645,1825.0005106642222
8646,1825.0005106642222
8647,1825.0005106642222
8648,1825.0005106642222
8649,1825.0005106642222
8650,1825.0005106642222
8651,1825.0005106642222
8652,1825.0005106642222
8653,1825.0005106642222
8654,1825.0005106642222
8655,1825.0005106642222
8656,1825.0005106642222
8657,1825.0005106642222
8658,1825.0005106642222
8659,1825.0005106642222
8660,1825.0005106642222
8661,1825.0005106642222
8662,1825.0005106642222
8663,1825.0005106642222
8664,1825.0005106642222
8665,1825.0005106642222
8666,1825.0005106642222
8667,1825.0005106642222
8668,1825.0005106642222
8669,1825.0005106642222
8670,1825.0005106642222
8671,1825.0005106642222
8672,1825.0005106642222
8673,1825.0005106642222
8674,1825.0005106642222
8675,1825.0005106642222
8676,1825.0005106642222
8677,1825.0005106642222
8678,1825.0005106642222
8679,1825.0005106642222
8680,1825.0005106642222
8681,1825.0005106642222
8682,1825.0005106642222
8683,1825.0005106642222
8684,1825.0005106642222
8685,1825.0005106642222
8686,1825.0005106642222
8687,1825.0005106642222
8688,1825.0005106642222
8689,1825.0005106642222
8690,1825.0005106642222
8691,1825.0005106642222
8692,1825.0005106642222
8693,1825.0005106642222
8694,1825.0005106642222
8695,1825.0005106642222
8696,1825.0005106642222
8697,1825.0005106642222
8698,1825.0005106642222
8699,1825.0005106642222
8700,1825.0005106642222
8701,1825.0005106642222
8702,1825.0005106642222
8703,1825.0005106642222
8704,1825.0005106642222
8705,1825.0005106642222
8706,1825.0005106642222
8707,1825.0005106642222
8708,1825.0005106642222
8709,1825.0005106642222
8710,1825.0005106642222
8711,1825.0005106642222
8712,1825.0005106642222
8713,1825.0005106642222
8714,1825.0005106642222
8715,1825.0005106642222
8716,1825.0005106642222
8717,1825.0005106642222
8718,1825.0005106642222
8719,1825.0005106642222
8720,1825.0005106642222
8721,1825.0005106642222
8722,1825.0005106642222
8723,1825.0005106642222
8724,1825.0005106642222
8725,1825.0005106642222
8726,1825.0005106642222
8727,1825.0005106642222
8728,1825.0005106642222
8729,1825.0005106642222
8730,1825.0005106642222
8731,1825.0005106642222
8732,1825.0005106642222
8733,1825.0005106642222
8734,1825.0005106642222
8735,1825.0005106642222
8736,1825.0005106642222
8737,1825.0005106642222
8738,1825.0005106642222
8739,1825.0005106642222
8740,1825.0005106642222
8741,1825.0005106642222
8742,1825.0005106642222
8743,1825.0005106642222
8744,1825.0005106642222
8745,1825.0005106642222
8746,1825.0005106642222
8747,1825.0005106642222
8748,1825.0005106642222
8749,1825.0005106642222
8750,1825.0005106642222
8751,1825.0005106642222
8752,1825.0005106642222
8753,1825.0005106642222
8754,1825.0005106642222
8755,1825.0005106642222
8756,1825.0005106642222
8757,1825.0005106642222
8758,1825.0005106642222
8759,1825.0005106642222
8760,1825.0005106642222
8761,1825.0005106642222
8762,1825.0005106642222
8763,1825.0005106642222
8764,1825.0005106642222
8765,1825.0005106642222
8766,1825.0005106642222
8767,1825.0005106642222
8768,1825.0005106642222
8769,1825.0005106642222
8770,1825.0005106642222
8771,1825.0005106642222
8772,1825.0005106642222
8773,1825.0005106642222
8774,1825.0005106642222
8775,1825.0005106642222
8776,1825.0005106642222
8777,1825.0005106642222
8778,1825.0005106642222
8779,1825.0005106642222
8780,1825.0005106642222
8781,1825.0005106642222
8782,1825.0005106642222
8783,1825.0005106642222
8784,1825.0005106642222
8785,1825.0005106642222
8786,1825.0005106642222
8787,1825.0005106642222
8788,1825.0005106642222
8789,1825.0005106642222
8790,1825.0005106642222
8791,1825.0005106642222
8792,1825.0005106642222
8793,1825.0005106642222
8794,1825.0005106642222
8795,1825.0005106642222
8796,1825.0005106642222
8797,1825.0005106642222
8798,1825.0005106642222
8799,1825.0005106642222
8800,1825.0005106642222
8801,1825.0005106642222
8802,1825.0005106642222
8803,1825.0005106642222
8804,1825.0005106642222
8805,1825.0005106642222
8806,1825.0005106642222
8807,1825.0005106642222
8808,1825.0005106642222
8809,1825.0005106642222
8810,1825.0005106642222
8811,1825.0005106642222
8812,1825.0005106642222
8813,1825.0005106642222
8814,1825.0005106642222
8815,1825.0005106642222
8816,1825.0005106642222
8817,1825.0005106642222
8818,1825.0005106642222
8819,1825.0005106642222
8820,1825.0005106642222
8821,1825.0005106642222
8822,1825.0005106642222
8823,1825.0005106642222
8824,1825.0005106642222
8825,1825.0005106642222
8826,1825.0005106642222
8827,1825.0005106642222
8828,1825.0005106642222
8829,1825.0005106642222
8830,1825.0005106642222
8831,1825.0005106642222
8832,1825.0005106642222
8833,1825.0005106642222
8834,1825.0005106642222
8835,1825.0005106642222
8836,1825.0005106642222
8837,1825.0005106642222
8838,1825.0005106642222
8839,1825.0005106642222
8840,1825.0005106642222
8841,1825.0005106642222
8842,1825.0005106642222
8843,1825.0005106642222
8844,1825.0005106642222
8845,1825.0005106642222
8846,1825.0005106642222
8847,1825.0005106642222
8848,1825.0005106642222
8849,1825.0005106642222
8850,1825.0005106642222
8851,1825.0005106642222
8852,1825.0005106642222
8853,1825.0005106642222
8854,1825.0005106642222
8855,1825.0005106642222
8856,1825.0005106642222
8857,1825.0005106642222
8858,1825.0005106642222
8859,1825.0005106642222
8860,1825.0005106642222
8861,1825.0005106642222
8862,1825.0005106642222
8863,1825.0005106642222
8864,1825.0005106642222
8865,1825.0005106642222
8866,1825.0005106642222
8867,1825.0005106642222
8868,1825.0005106642222
8869,1825.0005106642222
8870,1825.0005106642222
8871,1825.0005106642222
8872,1825.0005106642222
8873,1825.0005106642222
8874,1825.0005106642222
8875,1825.0005106642222
8876,1825.0005106642222
8877,1825.0005106642222
8878,1825.0005106642222
8879,1825.0005106642222
8880,1825.0005106642222
8881,1825.0005106642222
8882,1825.0005106642222
8883,1825.0005106642222
8884,1825.0005106642222
8885,1825.0005106642222
8886,1825.0005106642222
8887,1825.0005106642222
8888,1825.0005106642222
8889,1825.0005106642222
8890,1825.0005106642222
8891,1825.0005106642222
8892,1825.0005106642222
8893,1825.0005106642222
8894,1825.0005106642222
8895,1825.0005106642222
8896,1825.0005106642222
8897,1825.0005106642222
8898,1825.0005106642222
8899,1825.0005106642222
8900,1825.0005106642222
8901,1825.0005106642222
8902,1825.0005106642222
8903,1825.0005106642222
8904,1825.0005106642222
8905,1825.0005106642222
8906,1825.0005106642222
8907,1825.0005106642222
8908,1825.0005106642222
8909,1825.0005106642222
8910,1825.0005106642222
8911,1825.0005106642222
8912,1825.0005106642222
8913,1825.0005106642222
8914,1825.0005106642222
8915,1825.0005106642222
8916,1825.0005106642222
8917,1825.0005106642222
8918,1825.0005106642222
8919,1825.0005106642222
8920,1825.0005106642222
8921,1825.0005106642222
8922,1825.0005106642222
8923,1825.0005106642222
8924,1825.0005106642222
8925,1825.0005106642222
8926,1825.0005106642222
8927,1825.0005106642222
8928,1825.0005106642222
8929,1825.0005106642222
8930,1825.0005106642222
8931,1825.0005106642222
8932,1825.0005106642222
8933,1825.0005106642222
8934,1825.0005106642222
8935,1825.0005106642222
8936,1825.0005106642222
8937,1825.0005106642222
8938,1825.0005106642222
8939,1825.0005106642222
8940,1825.0005106642222
8941,1825.0005106642222
8942,1825.0005106642222
8943,1825.0005106642222
8944,1825.0005106642222
8945,1825.0005106642222
8946,1825.0005106642222
8947,1825.0005106642222
8948,1825.0005106642222
8949,1825.0005106642222
8950,1825.0005106642222
8951,1825.0005106642222
8952,1825.0005106642222
8953,1825.0005106642222
8954,1825.0005106642222
8955,1825.0005106642222
8956,1825.0005106642222
8957,1825.0005106642222
8958,1825.0005106642222
8959,1825.0005106642222
8960,1825.0005106642222
8961,1825.0005106642222
8962,1825.0005106642222
8963,1825.0005106642222
8964,1825.0005106642222
8965,1825.0005106642222
8966,1825.0005106642222
8967,1825.0005106642222
8968,1825.0005106642222
8969,1825.0005106642222
8970,1825.0005106642222
8971,1825.0005106642222
8972,1825.0005106642222
8973,1825.0005106642222
8974,1825.0005106642222
8975,1825.0005106642222
8976,1825.0005106642222
8977,1825.0005106642222
8978,1825.0005106642222
8979,1825.0005106642222
8980,1825.0005106642222
8981,1825.0005106642222
8982,1825.0005106642222
8983,1825.0005106642222
8984,1825.0005106642222
8985,1825.0005106642222
8986,1825.0005106642222
8987,1825.0005106642222
8988,1825.0005106642222
8989,1825.0005106642222
8990,1825.0005106642222
8991,1825.0005106642222
8992,1825.0005106642222
8993,1825.0005106642222
8994,1825.0005106642222
8995,1825.0005106642222
8996,1825.0005106642222
8997,1825.0005106642222
8998,1825.0005106642222
8999,1825.0005106642222
9000,1825.0005106642222
9001,1825.0005106642222
9002,1825.0005106642222
9003,1825.0005106642222
9004,1825.0005106642222
9005,1825.0005106642222
9006,1825.0005106642222
9007,1825.0005106642222
9008,1825.0005106642222
9009,1825.0005106642222
9010,1825.0005106642222
9011,1825.0005106642222
9012,1825.0005106642222
9013,1825.0005106642222
9014,1825.0005106642222
9015,1825.0005106642222
9016,1825.0005106642222
9017,1825.0005106642222
9018,1825.0005106642222
9019,1825.0005106642222
9020,1825.0005106642222
9021,1825.0005106642222
9022,1825.0005106642222
9023,1825.0005106642222
9024,1825.0005106642222
9025,1825.0005106642222
9026,1825.0005106642222
9027,1825.0005106642222
9028,1825.0005106642222
9029,1825.0005106642222
9030,1825.0005106642222
9031,1825.0005106642222
9032,1825.0005106642222
9033,1825.0005106642222
9034,1825.0005106642222
9035,1825.0005106642222
9036,1825.0005106642222
9037,1825.0005106642222
9038,1825.0005106642222
9039,1825.0005106642222
9040,1825.0005106642222
9041,1825.0005106642222
9042,1825.0005106642222
9043,1825.0005106642222
9044,1825.0005106642222
9045,1825.0005106642222
9046,1825.0005106642222
9047,1825.0005106642222
9048,1825.0005106642222
9049,1825.0005106642222
9050,1825.0005106642222
9051,1825.0005106642222
9052,1825.0005106642222
9053,1825.0005106642222
9054,1825.0005106642222
9055,1825.0005106642222
9056,1825.0005106642222
9057,1825.0005106642222
9058,1825.0005106642222
9059,1825.0005106642222
9060,1825.0005106642222
9061,1825.0005106642222
9062,1825.0005106642222
9063,1825.0005106642222
9064,1825.0005106642222
9065,1825.0005106642222
9066,1825.0005106642222
9067,1825.0005106642222
9068,1825.0005106642222
9069,1825.0005106642222
9070,1825.0005106642222
9071,1825.0005106642222
9072,1825.0005106642222
9073,1825.0005106642222
9074,1825.0005106642222
9075,1825.0005106642222
9076,1825.0005106642222
9077,1825.0005106642222
9078,1825.0005106642222
9079,1825.0005106642222
9080,1825.0005106642222
9081,1825.0005106642222
9082,1825.0005106642222
9083,1825.0005106642222
9084,1825.0005106642222
9085,1825.0005106642222
9086,1825.0005106642222
9087,1825.0005106642222
9088,1825.0005106642222
9089,1825.0005106642222
9090,1825.0005106642222
9091,1825.0005106642222
9092,1825.0005106642222
9093,1825.0005106642222
9094,1825.0005106642222
9095,1825.0005106642222
9096,1825.0005106642222
9097,1825.0005106642222
9098,1825.0005106642222
9099,1825.0005106642222
9100,1825.0005106642222
9101,1825.0005106642222
9102,1825.0005106642222
9103,1825.0005106642222
9104,1825.0005106642222
9105,1825.0005106642222
9106,1825.0005106642222
9107,1825.0005106642222
9108,1825.0005106642222
9109,1825.0005106642222
9110,1825.0005106642222
9111,1825.0005106642222
9112,1825.0005106642222
9113,1825.0005106642222
9114,1825.0005106642222
9115,1825.0005106642222
9116,1825.0005106642222
9117,1825.0005106642222
9118,1825.0005106642222
9119,1825.0005106642222
9120,1825.0005106642222
9121,1825.0005106642222
9122,1825.0005106642222
9123,1825.0005106642222
9124,1825.0005106642222
9125,1825.0005106642222
9126,1825.0005106642222
9127,1825.0005106642222
9128,1825.0005106642222
9129,1825.0005106642222
9130,1825.0005106642222
9131,1825.0005106642222
9132,1825.0005106642222
9133,1825.0005106642222
9134,1825.0005106642222
9135,1825.0005106642222
9136,1825.0005106642222
9137,1825.0005106642222
9138,1825.0005106642222
9139,1825.0005106642222
9140,1825.0005106642222
9141,1825.0005106642222
9142,1825.0005106642222
9143,1825.0005106642222
9144,1825.0005106642222
9145,1825.0005106642222
9146,1825.0005106642222
9147,1825.0005106642222
9148,1825.0005106642222
9149,1825.0005106642222
9150,1825.0005106642222
9151,1825.0005106642222
9152,1825.0005106642222
9153,1825.0005106642222
9154,1825.0005106642222
9155,1825.0005106642222
9156,1825.0005106642222
9157,1825.0005106642222
9158,1825.0005106642222
9159,1825.0005106642222
9160,1825.0005106642222
9161,1825.0005106642222
9162,1825.0005106642222
9163,1825.0005106642222
9164,1825.0005106642222
9165,1825.0005106642222
9166,1825.0005106642222
9167,1825.0005106642222
9168,1825.0005106642222
9169,1825.0005106642222
9170,1825.0005106642222
9171,1825.0005106642222
9172,1825.0005106642222
9173,1825.0005106642222
9174,1825.0005106642222
9175,1825.0005106642222
9176,1825.0005106642222
9177,1825.0005106642222
9178,1825.0005106642222
9179,1825.0005106642222
9180,1825.0005106642222
9181,1825.0005106642222
9182,1825.0005106642222
9183,1825.0005106642222
9184,1825.0005106642222
9185,1825.0005106642222
9186,1825.0005106642222
9187,1825.0005106642222
9188,1825.0005106642222
9189,1825.0005106642222
9190,1825.0005106642222
9191,1825.0005106642222
9192,1825.0005106642222
9193,1825.0005106642222
9194,1825.0005106642222
9195,1825.0005106642222
9196,1825.0005106642222
9197,1825.0005106642222
9198,1825.0005106642222
9199,1825.0005106642222
9200,1825.0005106642222
9201,1825.0005106642222
9202,1825.0005106642222
9203,1825.0005106642222
9204,1825.0005106642222
9205,1825.0005106642222
9206,1825.0005106642222
9207,1825.0005106642222
9208,1825.0005106642222
9209,1825.0005106642222
9210,1825.0005106642222
9211,1825.0005106642222
9212,1825.0005106642222
9213,1825.0005106642222
9214,1825.0005106642222
9215,1825.0005106642222
9216,1825.0005106642222
9217,1825.0005106642222
9218,1825.0005106642222
9219,1825.0005106642222
9220,1825.0005106642222
9221,1825.0005106642222
9222,1825.0005106642222
9223,1825.0005106642222
9224,1825.0005106642222
9225,1825.0005106642222
9226,1825.0005106642222
9227,1825.0005106642222
9228,1825.0005106642222
9229,1825.0005106642222
9230,1825.0005106642222
9231,1825.0005106642222
9232,1825.0005106642222
9233,1825.0005106642222
9234,1825.0005106642222
9235,1825.0005106642222
9236,1825.0005106642222
9237,1825.0005106642222
9238,1825.0005106642222
9239,1825.0005106642222
9240,1825.0005106642222
9241,1825.0005106642222
9242,1825.0005106642222
9243,1825.0005106642222
9244,1825.0005106642222
9245,1825.0005106642222
9246,1825.0005106642222
9247,1825.0005106642222
9248,1825.0005106642222
9249,1825.0005106642222
9250,1825.0005106642222
9251,1825.0005106642222
9252,1825.0005106642222
9253,1825.0005106642222
9254,1825.0005106642222
9255,1825.0005106642222
9256,1825.0005106642222
9257,1825.0005106642222
9258,1825.0005106642222
9259,1825.0005106642222
9260,1825.0005106642222
9261,1825.0005106642222
9262,1825.0005106642222
9263,1825.0005106642222
9264,1825.0005106642222
9265,1825.0005106642222
9266,1825.0005106642222
9267,1825.0005106642222
9268,1825.0005106642222
9269,1825.0005106642222
9270,1825.0005106642222
9271,1825.0005106642222
9272,1825.0005106642222
9273,1825.0005106642222
9274,1825.0005106642222
9275,1825.0005106642222
9276,1825.0005106642222
9277,1825.0005106642222
9278,1825.0005106642222
9279,1825.0005106642222
9280,1825.0005106642222
9281,1825.0005106642222
9282,1825.0005106642222
9283,1825.0005106642222
9284,1825.0005106642222
9285,1825.0005106642222
9286,1825.0005106642222
9287,1825.0005106642222
9288,1825.0005106642222
9289,1825.0005106642222
9290,1825.0005106642222
9291,1825.0005106642222
9292,1825.0005106642222
9293,1825.0005106642222
9294,1825.0005106642222
9295,1825.0005106642222
9296,1825.0005106642222
9297,1825.0005106642222
9298,1825.0005106642222
9299,1825.0005106642222
9300,1825.0005106642222
9301,1825.0005106642222
9302,1825.0005106642222
9303,1825.0005106642222
9304,1825.0005106642222
9305,1825.0005106642222
9306,1825.0005106642222
9307,1825.0005106642222
9308,1825.0005106642222
9309,1825.0005106642222
9310,1825.0005106642222
9311,1825.0005106642222
9312,1825.0005106642222
9313,1825.0005106642222
9314,1825.0005106642222
9315,1825.0005106642222
9316,1825.0005106642222
9317,1825.0005106642222
9318,1825.0005106642222
9319,1825.0005106642222
9320,1825.0005106642222
9321,1825.0005106642222
9322,1825.0005106642222
9323,1825.0005106642222
9324,1825.0005106642222
9325,1825.0005106642222
9326,1825.0005106642222
9327,1825.0005106642222
9328,1825.0005106642222
9329,1825.0005106642222
9330,1825.0005106642222
9331,1825.0005106642222
9332,1825.0005106642222
9333,1825.0005106642222
9334,1825.0005106642222
9335,1825.0005106642222
9336,1825.0005106642222
9337,1825.0005106642222
9338,1825.0005106642222
9339,1825.0005106642222
9340,1825.0005106642222
9341,1825.0005106642222
9342,1825.0005106642222
9343,1825.0005106642222
9344,1825.0005106642222
9345,1825.0005106642222
9346,1825.0005106642222
9347,1825.0005106642222
9348,1825.0005106642222
9349,1825.0005106642222
9350,1825.0005106642222
9351,1825.0005106642222
9352,1825.0005106642222
9353,1825.0005106642222
9354,1825.0005106642222
9355,1825.0005106642222
9356,1825.0005106642222
9357,1825.0005106642222
9358,1825.0005106642222
9359,1825.0005106642222
9360,1825.0005106642222
9361,1825.0005106642222
9362,1825.0005106642222
9363,1825.0005106642222
9364,1825.0005106642222
9365,1825.0005106642222
9366,1825.0005106642222
9367,1825.0005106642222
9368,1825.0005106642222
9369,1825.0005106642222
9370,1825.0005106642222
9371,1825.0005106642222
9372,1825.0005106642222
9373,1825.0005106642222
9374,1825.0005106642222
9375,1825.0005106642222
9376,1825.0005106642222
9377,1825.0005106642222
9378,1825.0005106642222
9379,1825.0005106642222
9380,1825.0005106642222
9381,1825.0005106642222
9382,1825.0005106642222
9383,1825.0005106642222
9384,1825.0005106642222
9385,1825.0005106642222
9386,1825.0005106642222
9387,1825.0005106642222
9388,1825.0005106642222
9389,1825.0005106642222
9390,1825.0005106642222
9391,1825.0005106642222
9392,1825.0005106642222
9393,1825.0005106642222
9394,1825.0005106642222
9395,1825.0005106642222
9396,1825.0005106642222
9397,1825.0005106642222
9398,1825.0005106642222
9399,1825.0005106642222
9400,1825.0005106642222
9401,1825.0005106642222
9402,1825.0005106642222
9403,1825.0005106642222
9404,1825.0005106642222
9405,1825.0005106642222
9406,1825.0005106642222
9407,1825.0005106642222
9408,1825.0005106642222
9409,1825.0005106642222
9410,1825.0005106642222
9411,1825.0005106642222
9412,1825.0005106642222
9413,1825.0005106642222
9414,1825.0005106642222
9415,1825.0005106642222
9416,1825.0005106642222
9417,1825.0005106642222
9418,1825.0005106642222
9419,1825.0005106642222
9420,1825.0005106642222
9421,1825.0005106642222
9422,1825.0005106642222
9423,1825.0005106642222
9424,1825.0005106642222
9425,1825.0005106642222
9426,1825.0005106642222
9427,1825.0005106642222
9428,1825.0005106642222
9429,1825.0005106642222
9430,1825.0005106642222
9431,1825.0005106642222
9432,1825.0005106642222
9433,1825.0005106642222
9434,1825.0005106642222
9435,1825.0005106642222
9436,1825.0005106642222
9437,1825.0005106642222
9438,1825.0005106642222
9439,1825.0005106642222
9440,1825.0005106642222
9441,1825.0005106642222
9442,1825.0005106642222
9443,1825.0005106642222
9444,1825.0005106642222
9445,1825.0005106642222
9446,1825.0005106642222
9447,1825.0005106642222
9448,1825.0005106642222
9449,1825.0005106642222
9450,1825.0005106642222
9451,1825.0005106642222
9452,1825.0005106642222
9453,1825.0005106642222
9454,1825.0005106642222
9455,1825.0005106642222
9456,1825.0005106642222
9457,1825.0005106642222
9458,1825.0005106642222
9459,1825.0005106642222
9460,1825.0005106642222
9461,1825.0005106642222
9462,1825.0005106642222
9463,1825.0005106642222
9464,1825.0005106642222
9465,1825.0005106642222
9466,1825.0005106642222
9467,1825.0005106642222
9468,1825.0005106642222
9469,1825.0005106642222
9470,1825.0005106642222
9471,1825.0005106642222
9472,1825.0005106642222
9473,1825.0005106642222
9474,1825.0005106642222
9475,1825.0005106642222
9476,1825.0005106642222
9477,1825.0005106642222
9478,1825.0005106642222
9479,1825.0005106642222
9480,1825.0005106642222
9481,1825.0005106642222
9482,1825.0005106642222
9483,1825.0005106642222
9484,1825.0005106642222
9485,1825.0005106642222
9486,1825.0005106642222
9487,1825.0005106642222
9488,1825.0005106642222
9489,1825.0005106642222
9490,1825.0005106642222
9491,1825.0005106642222
9492,1825.0005106642222
9493,1825.0005106642222
9494,1825.0005106642222
9495,1825.0005106642222
9496,1825.0005106642222
9497,1825.0005106642222
9498,1825.0005106642222
9499,1825.0005106642222
9500,1825.0005106642222
9501,1825.0005106642222
9502,1825.0005106642222
9503,1825.0005106642222
9504,1825.0005106642222
9505,1825.0005106642222
9506,1825.0005106642222
9507,1825.0005106642222
9508,1825.0005106642222
9509,1825.0005106642222
9510,1825.0005106642222
9511,1825.0005106642222
9512,1825.0005106642222
9513,1825.0005106642222
9514,1825.0005106642222
9515,1825.0005106642222
9516,1825.0005106642222
9517,1825.0005106642222
9518,1825.0005106642222
9519,1825.0005106642222
9520,1825.0005106642222
9521,1825.0005106642222
9522,1825.0005106642222
9523,1825.0005106642222
9524,1825.0005106642222
9525,1825.0005106642222
9526,1825.0005106642222
9527,1825.0005106642222
9528,1825.0005106642222
9529,1825.0005106642222
9530,1825.0005106642222
9531,1825.0005106642222
9532,1825.0005106642222
9533,1825.0005106642222
9534,1825.0005106642222
9535,1825.0005106642222
9536,1825.0005106642222
9537,1825.0005106642222
9538,1825.0005106642222
9539,1825.0005106642222
9540,1825.0005106642222
9541,1825.0005106642222
9542,1825.0005106642222
9543,1825.0005106642222
9544,1825.0005106642222
9545,1825.0005106642222
9546,1825.0005106642222
9547,1825.0005106642222
9548,1825.0005106642222
9549,1825.0005106642222
9550,1825.0005106642222
9551,1825.0005106642222
9552,1825.0005106642222
9553,1825.0005106642222
9554,1825.0005106642222
9555,1825.0005106642222
9556,1825.0005106642222
9557,1825.0005106642222
9558,1825.0005106642222
9559,1825.0005106642222
9560,1825.0005106642222
9561,1825.0005106642222
9562,1825.0005106642222
9563,1825.0005106642222
9564,1825.0005106642222
9565,1825.0005106642222
9566,1825.0005106642222
9567,1825.0005106642222
9568,1825.0005106642222
9569,1825.0005106642222
9570,1825.0005106642222
9571,1825.0005106642222
9572,1825.0005106642222
9573,1825.0005106642222
9574,1825.0005106642222
9575,1825.0005106642222
9576,1825.0005106642222
9577,1825.0005106642222
9578,1825.0005106642222
9579,1825.0005106642222
9580,1825.0005106642222
9581,1825.0005106642222
9582,1825.0005106642222
9583,1825.0005106642222
9584,1825.0005106642222
9585,1825.0005106642222
9586,1825.0005106642222
9587,1825.0005106642222
9588,1825.0005106642222
9589,1825.0005106642222
9590,1825.0005106642222
9591,1825.0005106642222
9592,1825.0005106642222
9593,1825.0005106642222
9594,1825.0005106642222
9595,1825.0005106642222
9596,1825.0005106642222
9597,1825.0005106642222
9598,1825.0005106642222
9599,1825.0005106642222
9600,1825.0005106642222
9601,1825.0005106642222
9602,1825.0005106642222
9603,1825.0005106642222
9604,1825.0005106642222
9605,1825.0005106642222
9606,1825.0005106642222
9607,1825.0005106642222
9608,1825.0005106642222
9609,1825.0005106642222
9610,1825.0005106642222
9611,1825.0005106642222
9612,1825.0005106642222
9613,1825.0005106642222
9614,1825.0005106642222
9615,1825.0005106642222
9616,1825.0005106642222
9617,1825.0005106642222
9618,1825.0005106642222
9619,1825.0005106642222
9620,1825.0005106642222
9621,1825.0005106642222
9622,1825.0005106642222
9623,1825.0005106642222
9624,1825.0005106642222
9625,1825.0005106642222
9626,1825.0005106642222
9627,1825.0005106642222
9628,1825.0005106642222
9629,1825.0005106642222
9630,1825.0005106642222
9631,1825.0005106642222
9632,1825.0005106642222
9633,1825.0005106642222
9634,1825.0005106642222
9635,1825.0005106642222
9636,1825.0005106642222
9637,1825.0005106642222
9638,1825.0005106642222
9639,1825.0005106642222
9640,1825.0005106642222
9641,1825.0005106642222
9642,1825.0005106642222
9643,1825.0005106642222
9644,1825.0005106642222
9645,1825.0005106642222
9646,1825.0005106642222
9647,1825.0005106642222
9648,1825.0005106642222
9649,1825.0005106642222
9650,1825.0005106642222
9651,1825.0005106642222
9652,1825.0005106642222
9653,1825.0005106642222
9654,1825.0005106642222
9655,1825.0005106642222
9656,1825.0005106642222
9657,1825.0005106642222
9658,1825.0005106642222
9659,1825.0005106642222
9660,1825.0005106642222
9661,1825.0005106642222
9662,1825.0005106642222
9663,1825.0005106642222
9664,1825.0005106642222
9665,1825.0005106642222
9666,1825.0005106642222
9667,1825.0005106642222
9668,1825.0005106642222
9669,1825.0005106642222
9670,1825.0005106642222
9671,1825.0005106642222
9672,1825.0005106642222
9673,1825.0005106642222
9674,1825.0005106642222
9675,1825.0005106642222
9676,1825.0005106642222
9677,1825.0005106642222
9678,1825.0005106642222
9679,1825.0005106642222
9680,1825.0005106642222
9681,1825.0005106642222
9682,1825.0005106642222
9683,1825.0005106642222
9684,1825.0005106642222
9685,1825.0005106642222
9686,1825.0005106642222
9687,1825.0005106642222
9688,1825.0005106642222
9689,1825.0005106642222
9690,1825.0005106642222
9691,1825.0005106642222
9692,1825.0005106642222
9693,1825.0005106642222
9694,1825.0005106642222
9695,1825.0005106642222
9696,1825.0005106642222
9697,1825.0005106642222
9698,1825.0005106642222
9699,1825.0005106642222
9700,1825.0005106642222
9701,1825.0005106642222
9702,1825.0005106642222
9703,1825.0005106642222
9704,1825.0005106642222
9705,1825.0005106642222
9706,1825.0005106642222
9707,1825.0005106642222
9708,1825.0005106642222
9709,1825.0005106642222
9710,1825.0005106642222
9711,1825.0005106642222
9712,1825.0005106642222
9713,1825.0005106642222
9714,1825.0005106642222
9715,1825.0005106642222
9716,1825.0005106642222
9717,1825.0005106642222
9718,1825.0005106642222
9719,1825.0005106642222
9720,1825.0005106642222
9721,1825.0005106642222
9722,1825.0005106642222
9723,1825.0005106642222
9724,1825.0005106642222
9725,1825.0005106642222
9726,1825.0005106642222
9727,1825.0005106642222
9728,1825.0005106642222
9729,1825.0005106642222
9730,1825.0005106642222
9731,1825.0005106642222
9732,1825.0005106642222
9733,1825.0005106642222
9734,1825.0005106642222
9735,1825.0005106642222
9736,1825.0005106642222
9737,1825.0005106642222
9738,1825.0005106642222
9739,1825.0005106642222
9740,1825.0005106642222
9741,1825.0005106642222
9742,1825.0005106642222
9743,1825.0005106642222
9744,1825.0005106642222
9745,1825.0005106642222
9746,1825.0005106642222
9747,1825.0005106642222
9748,1825.0005106642222
9749,1825.0005106642222
9750,1825.0005106642222
9751,1825.0005106642222
9752,1825.0005106642222
9753,1825.0005106642222
9754,1825.0005106642222
9755,1825.0005106642222
9756,1825.0005106642222
9757,1825.0005106642222
9758,1825.0005106642222
9759,1825.0005106642222
9760,1825.0005106642222
9761,1825.0005106642222
9762,1825.0005106642222
9763,1825.0005106642222
9764,1825.0005106642222
9765,1825.0005106642222
9766,1825.0005106642222
9767,1825.0005106642222
9768,1825.0005106642222
9769,1825.0005106642222
9770,1825.0005106642222
9771,1825.0005106642222
9772,1825.0005106642222
9773,1825.0005106642222
9774,1825.0005106642222
9775,1825.0005106642222
9776,1825.0005106642222
9777,1825.0005106642222
9778,1825.0005106642222
9779,1825.0005106642222
9780,1825.0005106642222
9781,1825.0005106642222
9782,1825.0005106642222
9783,1825.0005106642222
9784,1825.0005106642222
9785,1825.0005106642222
9786,1825.0005106642222
9787,1825.0005106642222
9788,1825.0005106642222
9789,1825.0005106642222
9790,1825.0005106642222
9791,1825.0005106642222
9792,1825.0005106642222
9793,1825.0005106642222
9794,1825.0005106642222
9795,1825.0005106642222
9796,1825.0005106642222
9797,1825.0005106642222
9798,1825.0005106642222
9799,1825.0005106642222
9800,1825.0005106642222
9801,1825.0005106642222
9802,1825.0005106642222
9803,1825.0005106642222
9804,1825.0005106642222
9805,1825.0005106642222
9806,1825.0005106642222
9807,1825.0005106642222
9808,1825.0005106642222
9809,1825.0005106642222
9810,1825.0005106642222
9811,1825.0005106642222
9812,1825.0005106642222
9813,1825.0005106642222
9814,1825.0005106642222
9815,1825.0005106642222
9816,1825.0005106642222
9817,1825.0005106642222
9818,1825.0005106642222
9819,1825.0005106642222
9820,1825.0005106642222
9821,1825.0005106642222
9822,1825.0005106642222
9823,1825.0005106642222
9824,1825.0005106642222
9825,1825.0005106642222
9826,1825.0005106642222
9827,1825.0005106642222
9828,1825.0005106642222
9829,1825.0005106642222
9830,1825.0005106642222
9831,1825.0005106642222
9832,1825.0005106642222
9833,1825.0005106642222
9834,1825.0005106642222
9835,1825.0005106642222
9836,1825.0005106642222
9837,1825.0005106642222
9838,1825.0005106642222
9839,1825.0005106642222
9840,1825.0005106642222
9841,1825.0005106642222
9842,1825.0005106642222
9843,1825.0005106642222
9844,1825.0005106642222
9845,1825.0005106642222
9846,1825.0005106642222
9847,1825.0005106642222
9848,1825.0005106642222
9849,1825.0005106642222
9850,1825.0005106642222
9851,1825.0005106642222
9852,1825.0005106642222
9853,1825.0005106642222
9854,1825.0005106642222
9855,1825.0005106642222
9856,1825.0005106642222
9857,1825.0005106642222
9858,1825.0005106642222
9859,1825.0005106642222
9860,1825.0005106642222
9861,1825.0005106642222
9862,1825.0005106642222
9863,1825.0005106642222
9864,1825.0005106642222
9865,1825.0005106642222
9866,1825.0005106642222
9867,1825.0005106642222
9868,1825.0005106642222
9869,1825.0005106642222
9870,1825.0005106642222
9871,1825.0005106642222
9872,1825.0005106642222
9873,1825.0005106642222
9874,1825.0005106642222
9875,1825.0005106642222
9876,1825.0005106642222
9877,1825.0005106642222
9878,1825.0005106642222
9879,1825.0005106642222
9880,1825.0005106642222
9881,1825.0005106642222
9882,1825.0005106642222
9883,1825.0005106642222
9884,1825.0005106642222
9885,1825.0005106642222
9886,1825.0005106642222
9887,1825.0005106642222
9888,1825.0005106642222
9889,1825.0005106642222
9890,1825.0005106642222
9891,1825.0005106642222
9892,1825.0005106642222
9893,1825.0005106642222
9894,1825.0005106642222
9895,1825.0005106642222
9896,1825.0005106642222
9897,1825.0005106642222
9898,1825.0005106642222
9899,1825.0005106642222
9900,1825.0005106642222
9901,1825.0005106642222
9902,1825.0005106642222
9903,1825.0005106642222
9904,1825.0005106642222
9905,1825.0005106642222
9906,1825.0005106642222
9907,1825.0005106642222
9908,1825.0005106642222
9909,1825.0005106642222
9910,1825.0005106642222
9911,1825.0005106642222
9912,1825.0005106642222
9913,1825.0005106642222
9914,1825.0005106642222
9915,1825.0005106642222
9916,1825.0005106642222
9917,1825.0005106642222
9918,1825.0005106642222
9919,1825.0005106642222
9920,1825.0005106642222
9921,1825.0005106642222
9922,1825.0005106642222
9923,1825.0005106642222
9924,1825.0005106642222
9925,1825.0005106642222
9926,1825.0005106642222
9927,1825.0005106642222
9928,1825.0005106642222
9929,1825.0005106642222
9930,1825.0005106642222
9931,1825.0005106642222
9932,1825.0005106642222
9933,1825.0005106642222
9934,1825.0005106642222
9935,1825.0005106642222
9936,1825.0005106642222
9937,1825.0005106642222
9938,1825.0005106642222
9939,1825.0005106642222
9940,1825.0005106642222
9941,1825.0005106642222
9942,1825.0005106642222
9943,1825.0005106642222
9944,1825.0005106642222
9945,1825.0005106642222
9946,1825.0005106642222
9947,1825.0005106642222
9948,1825.0005106642222
9949,1825.0005106642222
9950,1825.0005106642222
9951,1825.0005106642222
9952,1825.0005106642222
9953,1825.0005106642222
9954,1825.0005106642222
9955,1825.0005106642222
9956,1825.0005106642222
9957,1825.0005106642222
9958,1825.0005106642222
9959,1825.0005106642222
9960,1825.0005106642222
9961,1825.0005106642222
9962,1825.0005106642222
9963,1825.0005106642222
9964,1825.0005106642222
9965,1825.0005106642222
9966,1825.0005106642222
9967,1825.0005106642222
9968,1825.0005106642222
9969,1825.0005106642222
9970,1825.0005106642222
9971,1825.0005106642222
9972,1825.0005106642222
9973,1825.0005106642222
9974,1825.0005106642222
9975,1825.0005106642222
9976,1825.0005106642222
9977,1825.0005106642222
9978,1825.0005106642222
9979,1825.0005106642222
9980,1825.0005106642222
9981,1825.0005106642222
9982,1825.0005106642222
9983,1825.0005106642222
9984,1825.0005106642222
9985,1825.0005106642222
9986,1825.0005106642222
9987,1825.0005106642222
9988,1825.0005106642222
9989,1825.0005106642222
9990,1825.0005106642222
9991,1825.0005106642222
9992,1825.0005106642222
9993,1825.0005106642222
9994,1825.0005106642222
9995,1825.0005106642222
9996,1825.0005106642222
9997,1825.0005106642222
9998,1825.0005106642222
9999,1825.0005106642222
10000,1825.0005106642222
10001,1825.0005106642222
10002,1825.0005106642222
10003,1825.0005106642222
10004,1825.0005106642222
10005,1825.0005106642222
10006,1825.0005106642222
10007,1825.0005106642222
10008,1825.0005106642222
10009,1825.0005106642222
10010,1825.0005106642222
10011,1825.0005106642222
10012,1825.0005106642222
10013,1825.0005106642222
10014,1825.0005106642222
10015,1825.0005106642222
10016,1825.0005106642222
10017,1825.0005106642222
10018,1825.0005106642222
10019,1825.0005106642222
10020,1825.0005106642222
10021,1825.0005106642222
10022,1825.0005106642222
10023,1825.0005106642222
10024,1825.0005106642222
10025,1825.0005106642222
10026,1825.0005106642222
10027,1825.0005106642222
10028,1825.0005106642222
10029,1825.0005106642222
10030,1825.0005106642222
10031,1825.0005106642222
10032,1825.0005106642222
10033,1825.0005106642222
10034,1825.0005106642222
10035,1825.0005106642222
10036,1825.0005106642222
10037,1825.0005106642222
10038,1825.0005106642222
10039,1825.0005106642222
10040,1825.0005106642222
10041,1825.0005106642222
10042,1825.0005106642222
10043,1825.0005106642222
10044,1825.0005106642222
10045,1825.0005106642222
10046,1825.0005106642222
10047,1825.0005106642222
10048,1825.0005106642222
10049,1825.0005106642222
10050,1825.0005106642222
10051,1825.0005106642222
10052,1825.0005106642222
10053,1825.0005106642222
10054,1825.0005106642222
10055,1825.0005106642222
10056,1825.0005106642222
10057,1825.0005106642222
10058,1825.0005106642222
10059,1825.0005106642222
10060,1825.0005106642222
10061,1825.0005106642222
10062,1825.0005106642222
10063,1825.0005106642222
10064,1825.0005106642222
10065,1825.0005106642222
10066,1825.0005106642222
10067,1825.0005106642222
10068,1825.0005106642222
10069,1825.0005106642222
10070,1825.0005106642222
10071,1825.0005106642222
10072,1825.0005106642222
10073,1825.0005106642222
10074,1825.0005106642222
10075,1825.0005106642222
10076,1825.0005106642222
10077,1825.0005106642222
10078,1825.0005106642222
10079,1825.0005106642222
10080,1825.0005106642222
10081,1825.0005106642222
10082,1825.0005106642222
10083,1825.0005106642222
10084,1825.0005106642222
10085,1825.0005106642222
10086,1825.0005106642222
10087,1825.0005106642222
10088,1825.0005106642222
10089,1825.0005106642222
10090,1825.0005106642222
10091,1825.0005106642222
10092,1825.0005106642222
10093,1825.0005106642222
10094,1825.0005106642222
10095,1825.0005106642222
10096,1825.0005106642222
10097,1825.0005106642222
10098,1825.0005106642222
10099,1825.0005106642222
10100,1825.0005106642222
10101,1825.0005106642222
10102,1825.0005106642222
10103,1825.0005106642222
10104,1825.0005106642222
10105,1825.0005106642222
10106,1825.0005106642222
10107,1825.0005106642222
10108,1825.0005106642222
10109,1825.0005106642222
10110,1825.0005106642222
10111,1825.0005106642222
10112,1825.0005106642222
10113,1825.0005106642222
10114,1825.0005106642222
10115,1825.0005106642222
10116,1825.0005106642222
10117,1825.0005106642222
10118,1825.0005106642222
10119,1825.0005106642222
10120,1825.0005106642222
10121,1825.0005106642222
10122,1825.0005106642222
10123,1825.0005106642222
10124,1825.0005106642222
10125,1825.0005106642222
10126,1825.0005106642222
10127,1825.0005106642222
10128,1825.0005106642222
10129,1825.0005106642222
10130,1825.0005106642222
10131,1825.0005106642222
10132,1825.0005106642222
10133,1825.0005106642222
10134,1825.0005106642222
10135,1825.0005106642222
10136,1825.0005106642222
10137,1825.0005106642222
10138,1825.0005106642222
10139,1825.0005106642222
10140,1825.0005106642222
10141,1825.0005106642222
10142,1825.0005106642222
10143,1825.0005106642222
10144,1825.0005106642222
10145,1825.0005106642222
10146,1825.0005106642222
10147,1825.0005106642222
10148,1825.0005106642222
10149,1825.0005106642222
10150,1825.0005106642222
10151,1825.0005106642222
10152,1825.0005106642222
10153,1825.0005106642222
10154,1825.0005106642222
10155,1825.0005106642222
10156,1825.0005106642222
10157,1825.0005106642222
10158,1825.0005106642222
10159,1825.0005106642222
10160,1825.0005106642222
10161,1825.0005106642222
10162,1825.0005106642222
10163,1825.0005106642222
10164,1825.0005106642222
10165,1825.0005106642222
10166,1825.0005106642222
10167,1825.0005106642222
10168,1825.0005106642222
10169,1825.0005106642222
10170,1825.0005106642222
10171,1825.0005106642222
10172,1825.0005106642222
10173,1825.0005106642222
10174,1825.0005106642222
10175,1825.0005106642222
10176,1825.0005106642222
10177,1825.0005106642222
10178,1825.0005106642222
10179,1825.0005106642222
10180,1825.0005106642222
10181,1825.0005106642222
10182,1825.0005106642222
10183,1825.0005106642222
10184,1825.0005106642222
10185,1825.0005106642222
10186,1825.0005106642222
10187,1825.0005106642222
10188,1825.0005106642222
10189,1825.0005106642222
10190,1825.0005106642222
10191,1825.0005106642222
10192,1825.0005106642222
10193,1825.0005106642222
10194,1825.0005106642222
10195,1825.0005106642222
10196,1825.0005106642222
10197,1825.0005106642222
10198,1825.0005106642222
10199,1825.0005106642222
10200,1825.0005106642222
10201,1825.0005106642222
10202,1825.0005106642222
10203,1825.0005106642222
10204,1825.0005106642222
10205,1825.0005106642222
10206,1825.0005106642222
10207,1825.0005106642222
10208,1825.0005106642222
10209,1825.0005106642222
10210,1825.0005106642222
10211,1825.0005106642222
10212,1825.0005106642222
10213,1825.0005106642222
10214,1825.0005106642222
10215,1825.0005106642222
10216,1825.0005106642222
10217,1825.0005106642222
10218,1825.0005106642222
10219,1825.0005106642222
10220,1825.0005106642222
10221,1825.0005106642222
10222,1825.0005106642222
10223,1825.0005106642222
10224,1825.0005106642222
10225,1825.0005106642222
10226,1825.0005106642222
10227,1825.0005106642222
10228,1825.0005106642222
10229,1825.0005106642222
10230,1825.0005106642222
10231,1825.0005106642222
10232,1825.0005106642222
10233,1825.0005106642222
10234,1825.0005106642222
10235,1825.0005106642222
10236,1825.0005106642222
10237,1825.0005106642222
10238,1825.0005106642222
10239,1825.0005106642222
10240,1825.0005106642222
10241,1825.0005106642222
10242,1825.0005106642222
10243,1825.0005106642222
10244,1825.0005106642222
10245,1825.0005106642222
10246,1825.0005106642222
10247,1825.0005106642222
10248,1825.0005106642222
10249,1825.0005106642222
10250,1825.0005106642222
10251,1825.0005106642222
10252,1825.0005106642222
10253,1825.0005106642222
10254,1825.0005106642222
10255,1825.0005106642222
10256,1825.0005106642222
10257,1825.0005106642222
10258,1825.0005106642222
10259,1825.0005106642222
10260,1825.0005106642222
10261,1825.0005106642222
10262,1825.0005106642222
10263,1825.0005106642222
10264,1825.0005106642222
10265,1825.0005106642222
10266,1825.0005106642222
10267,1825.0005106642222
10268,1825.0005106642222
10269,1825.0005106642222
10270,1825.0005106642222
10271,1825.0005106642222
10272,1825.0005106642222
10273,1825.0005106642222
10274,1825.0005106642222
10275,1825.0005106642222
10276,1825.0005106642222
10277,1825.0005106642222
10278,1825.0005106642222
10279,1825.0005106642222
10280,1825.0005106642222
10281,1825.0005106642222
10282,1825.0005106642222
10283,1825.0005106642222
10284,1825.0005106642222
10285,1825.0005106642222
10286,1825.0005106642222
10287,1825.0005106642222
10288,1825.0005106642222
10289,1825.0005106642222
10290,1825.0005106642222
10291,1825.0005106642222
10292,1825.0005106642222
10293,1825.0005106642222
10294,1825.0005106642222
10295,1825.0005106642222
10296,1825.0005106642222
10297,1825.0005106642222
10298,1825.0005106642222
10299,1825.0005106642222
10300,1825.0005106642222
10301,1825.0005106642222
10302,1825.0005106642222
10303,1825.0005106642222
10304,1825.0005106642222
10305,1825.0005106642222
10306,1825.0005106642222
10307,1825.0005106642222
10308,1825.0005106642222
10309,1825.0005106642222
10310,1825.0005106642222
10311,1825.0005106642222
10312,1825.0005106642222
10313,1825.0005106642222
10314,1825.0005106642222
10315,1825.0005106642222
10316,1825.0005106642222
10317,1825.0005106642222
10318,1825.0005106642222
10319,1825.0005106642222
10320,1825.0005106642222
10321,1825.0005106642222
10322,1825.0005106642222
10323,1825.0005106642222
10324,1825.0005106642222
10325,1825.0005106642222
10326,1825.0005106642222
10327,1825.0005106642222
10328,1825.0005106642222
10329,1825.0005106642222
10330,1825.0005106642222
10331,1825.0005106642222
10332,1825.0005106642222
10333,1825.0005106642222
10334,1825.0005106642222
10335,1825.0005106642222
10336,1825.0005106642222
10337,1825.0005106642222
10338,1825.0005106642222
10339,1825.0005106642222
10340,1825.0005106642222
10341,1825.0005106642222
10342,1825.0005106642222
10343,1825.0005106642222
10344,1825.0005106642222
10345,1825.0005106642222
10346,1825.0005106642222
10347,1825.0005106642222
10348,1825.0005106642222
10349,1825.0005106642222
10350,1825.0005106642222
10351,1825.0005106642222
10352,1825.0005106642222
10353,1825.0005106642222
10354,1825.0005106642222
10355,1825.0005106642222
10356,1825.0005106642222
10357,1825.0005106642222
10358,1825.0005106642222
10359,1825.0005106642222
10360,1825.0005106642222
10361,1825.0005106642222
10362,1825.0005106642222
10363,1825.0005106642222
10364,1825.0005106642222
10365,1825.0005106642222
10366,1825.0005106642222
10367,1825.0005106642222
10368,1825.0005106642222
10369,1825.0005106642222
10370,1825.0005106642222
10371,1825.0005106642222
10372,1825.0005106642222
10373,1825.0005106642222
10374,1825.0005106642222
10375,1825.0005106642222
10376,1825.0005106642222
10377,1825.0005106642222
10378,1825.0005106642222
10379,1825.0005106642222
10380,1825.0005106642222
10381,1825.0005106642222
10382,1825.0005106642222
10383,1825.0005106642222
10384,1825.0005106642222
10385,1825.0005106642222
10386,1825.0005106642222
10387,1825.0005106642222
10388,1825.0005106642222
10389,1825.0005106642222
10390,1825.0005106642222
10391,1825.0005106642222
10392,1825.0005106642222
10393,1825.0005106642222
10394,1825.0005106642222
10395,1825.0005106642222
10396,1825.0005106642222
10397,1825.0005106642222
10398,1825.0005106642222
10399,1825.0005106642222
10400,1825.0005106642222
10401,1825.0005106642222
10402,1825.0005106642222
10403,1825.0005106642222
10404,1825.0005106642222
10405,1825.0005106642222
10406,1825.0005106642222
10407,1825.0005106642222
10408,1825.0005106642222
10409,1825.0005106642222
10410,1825.0005106642222
10411,1825.0005106642222
10412,1825.0005106642222
10413,1825.0005106642222
10414,1825.0005106642222
10415,1825.0005106642222
10416,1825.0005106642222
10417,1825.0005106642222
10418,1825.0005106642222
10419,1825.0005106642222
10420,1825.0005106642222
10421,1825.0005106642222
10422,1825.0005106642222
10423,1825.0005106642222
10424,1825.0005106642222
10425,1825.0005106642222
10426,1825.0005106642222
10427,1825.0005106642222
10428,1825.0005106642222
10429,1825.0005106642222
10430,1825.0005106642222
10431,1825.0005106642222
10432,1825.0005106642222
10433,1825.0005106642222
10434,1825.0005106642222
10435,1825.0005106642222
10436,1825.0005106642222
10437,1825.0005106642222
10438,1825.0005106642222
10439,1825.0005106642222
10440,1825.0005106642222
10441,1825.0005106642222
10442,1825.0005106642222
10443,1825.0005106642222
10444,1825.0005106642222
10445,1825.0005106642222
10446,1825.0005106642222
10447,1825.0005106642222
10448,1825.0005106642222
10449,1825.0005106642222
10450,1825.0005106642222
10451,1825.0005106642222
10452,1825.0005106642222
10453,1825.0005106642222
10454,1825.0005106642222
10455,1825.0005106642222
10456,1825.0005106642222
10457,1825.0005106642222
10458,1825.0005106642222
10459,1825.0005106642222
10460,1825.0005106642222
10461,1825.0005106642222
10462,1825.0005106642222
10463,1825.0005106642222
10464,1825.0005106642222
10465,1825.0005106642222
10466,1825.0005106642222
10467,1825.0005106642222
10468,1825.0005106642222
10469,1825.0005106642222
10470,1825.0005106642222
10471,1825.0005106642222
10472,1825.0005106642222
10473,1825.0005106642222
10474,1825.0005106642222
10475,1825.0005106642222
10476,1825.0005106642222
10477,1825.0005106642222
10478,1825.0005106642222
10479,1825.0005106642222
10480,1825.0005106642222
10481,1825.0005106642222
10482,1825.0005106642222
10483,1825.0005106642222
10484,1825.0005106642222
10485,1825.0005106642222
10486,1825.0005106642222
10487,1825.0005106642222
10488,1825.0005106642222
10489,1825.0005106642222
10490,1825.0005106642222
10491,1825.0005106642222
10492,1825.0005106642222
10493,1825.0005106642222
10494,1825.0005106642222
10495,1825.0005106642222
10496,1825.0005106642222
10497,1825.0005106642222
10498,1825.0005106642222
10499,1825.0005106642222
10500,1825.0005106642222
10501,1825.0005106642222
10502,1825.0005106642222
10503,1825.0005106642222
10504,1825.0005106642222
10505,1825.0005106642222
10506,1825.0005106642222
10507,1825.0005106642222
10508,1825.0005106642222
10509,1825.0005106642222
10510,1825.0005106642222
10511,1825.0005106642222
10512,1825.0005106642222
10513,1825.0005106642222
10514,1825.0005106642222
10515,1825.0005106642222
10516,1825.0005106642222
10517,1825.0005106642222
10518,1825.0005106642222
10519,1825.0005106642222
10520,1825.0005106642222
10521,1825.0005106642222
10522,1825.0005106642222
10523,1825.0005106642222
10524,1825.0005106642222
10525,1825.0005106642222
10526,1825.0005106642222
10527,1825.0005106642222
10528,1825.0005106642222
10529,1825.0005106642222
10530,1825.0005106642222
10531,1825.0005106642222
10532,1825.0005106642222
10533,1825.0005106642222
10534,1825.0005106642222
10535,1825.0005106642222
10536,1825.0005106642222
10537,1825.0005106642222
10538,1825.0005106642222
10539,1825.0005106642222
10540,1825.0005106642222
10541,1825.0005106642222
10542,1825.0005106642222
10543,1825.0005106642222
10544,1825.0005106642222
10545,1825.0005106642222
10546,1825.0005106642222
10547,1825.0005106642222
10548,1825.0005106642222
10549,1825.0005106642222
10550,1825.0005106642222
10551,1825.0005106642222
10552,1825.0005106642222
10553,1825.0005106642222
10554,1825.0005106642222
10555,1825.0005106642222
10556,1825.0005106642222
10557,1825.0005106642222
10558,1825.0005106642222
10559,1825.0005106642222
10560,1825.0005106642222
10561,1825.0005106642222
10562,1825.0005106642222
10563,1825.0005106642222
10564,1825.0005106642222
10565,1825.0005106642222
10566,1825.0005106642222
10567,1825.0005106642222
10568,1825.0005106642222
10569,1825.0005106642222
10570,1825.0005106642222
10571,1825.0005106642222
10572,1825.0005106642222
10573,1825.0005106642222
10574,1825.0005106642222
10575,1825.0005106642222
10576,1825.0005106642222
10577,1825.0005106642222
10578,1825.0005106642222
10579,1825.0005106642222
10580,1825.0005106642222
10581,1825.0005106642222
10582,1825.0005106642222
10583,1825.0005106642222
10584,1825.0005106642222
10585,1825.0005106642222
10586,1825.0005106642222
10587,1825.0005106642222
10588,1825.0005106642222
10589,1825.0005106642222
10590,1825.0005106642222
10591,1825.0005106642222
10592,1825.0005106642222
10593,1825.0005106642222
10594,1825.0005106642222
10595,1825.0005106642222
10596,1825.0005106642222
10597,1825.0005106642222
10598,1825.0005106642222
10599,1825.0005106642222
10600,1825.0005106642222
10601,1825.0005106642222
10602,1825.0005106642222
10603,1825.0005106642222
10604,1825.0005106642222
10605,1825.0005106642222
10606,1825.0005106642222
10607,1825.0005106642222
10608,1825.0005106642222
10609,1825.0005106642222
10610,1825.0005106642222
10611,1825.0005106642222
10612,1825.0005106642222
10613,1825.0005106642222
10614,1825.0005106642222
10615,1825.0005106642222
10616,1825.0005106642222
10617,1825.0005106642222
10618,1825.0005106642222
10619,1825.0005106642222
10620,1825.0005106642222
10621,1825.0005106642222
10622,1825.0005106642222
10623,1825.0005106642222
10624,1825.0005106642222
10625,1825.0005106642222
10626,1825.0005106642222
10627,1825.0005106642222
10628,1825.0005106642222
10629,1825.0005106642222
10630,1825.0005106642222
10631,1825.0005106642222
10632,1825.0005106642222
10633,1825.0005106642222
10634,1825.0005106642222
10635,1825.0005106642222
10636,1825.0005106642222
10637,1825.0005106642222
10638,1825.0005106642222
10639,1825.0005106642222
10640,1825.0005106642222
10641,1825.0005106642222
10642,1825.0005106642222
10643,1825.0005106642222
10644,1825.0005106642222
10645,1825.0005106642222
10646,1825.0005106642222
10647,1825.0005106642222
10648,1825.0005106642222
10649,1825.0005106642222
10650,1825.0005106642222
10651,1825.0005106642222
10652,1825.0005106642222
10653,1825.0005106642222
10654,1825.0005106642222
10655,1825.0005106642222
10656,1825.0005106642222
10657,1825.0005106642222
10658,1825.0005106642222
10659,1825.0005106642222
10660,1825.0005106642222
10661,1825.0005106642222
10662,1825.0005106642222
10663,1825.0005106642222
10664,1825.0005106642222
10665,1825.0005106642222
10666,1825.0005106642222
10667,1825.0005106642222
10668,1825.0005106642222
10669,1825.0005106642222
10670,1825.0005106642222
10671,1825.0005106642222
10672,1825.0005106642222
10673,1825.0005106642222
10674,1825.0005106642222
10675,1825.0005106642222
10676,1825.0005106642222
10677,1825.0005106642222
10678,1825.0005106642222
10679,1825.0005106642222
10680,1825.0005106642222
10681,1825.0005106642222
10682,1825.0005106642222
10683,1825.0005106642222
10684,1825.0005106642222
10685,1825.0005106642222
10686,1825.0005106642222
10687,1825.0005106642222
10688,1825.0005106642222
10689,1825.0005106642222
10690,1825.0005106642222
10691,1825.0005106642222
10692,1825.0005106642222
10693,1825.0005106642222
10694,1825.0005106642222
10695,1825.0005106642222
10696,1825.0005106642222
10697,1825.0005106642222
10698,1825.0005106642222
10699,1825.0005106642222
10700,1825.0005106642222
10701,1825.0005106642222
10702,1825.0005106642222
10703,1825.0005106642222
10704,1825.0005106642222
10705,1825.0005106642222
10706,1825.0005106642222
10707,1825.0005106642222
10708,1825.0005106642222
10709,1825.0005106642222
10710,1825.0005106642222
10711,1825.0005106642222
10712,1825.0005106642222
10713,1825.0005106642222
10714,1825.0005106642222
10715,1825.0005106642222
10716,1825.0005106642222
10717,1825.0005106642222
10718,1825.0005106642222
10719,1825.0005106642222
10720,1825.0005106642222
10721,1825.0005106642222
10722,1825.0005106642222
10723,1825.0005106642222
10724,1825.0005106642222
10725,1825.0005106642222
10726,1825.0005106642222
10727,1825.0005106642222
10728,1825.0005106642222
10729,1825.0005106642222
10730,1825.0005106642222
10731,1825.0005106642222
10732,1825.0005106642222
10733,1825.0005106642222
10734,1825.0005106642222
10735,1825.0005106642222
10736,1825.0005106642222
10737,1825.0005106642222
10738,1825.0005106642222
10739,1825.0005106642222
10740,1825.0005106642222
10741,1825.0005106642222
10742,1825.0005106642222
10743,1825.0005106642222
10744,1825.0005106642222
10745,1825.0005106642222
10746,1825.0005106642222
10747,1825.0005106642222
10748,1825.0005106642222
10749,1825.0005106642222
10750,1825.0005106642222
10751,1825.0005106642222
10752,1825.0005106642222
10753,1825.0005106642222
10754,1825.0005106642222
10755,1825.0005106642222
10756,1825.0005106642222
10757,1825.0005106642222
10758,1825.0005106642222
10759,1825.0005106642222
10760,1825.0005106642222
10761,1825.0005106642222
10762,1825.0005106642222
10763,1825.0005106642222
10764,1825.0005106642222
10765,1825.0005106642222
10766,1825.0005106642222
10767,1825.0005106642222
10768,1825.0005106642222
10769,1825.0005106642222
10770,1825.0005106642222
10771,1825.0005106642222
10772,1825.0005106642222
10773,1825.0005106642222
10774,1825.0005106642222
10775,1825.0005106642222
10776,1825.0005106642222
10777,1825.0005106642222
10778,1825.0005106642222
10779,1825.0005106642222
10780,1825.0005106642222
10781,1825.0005106642222
10782,1825.0005106642222
10783,1825.0005106642222
10784,1825.0005106642222
10785,1825.0005106642222
10786,1825.0005106642222
10787,1825.0005106642222
10788,1825.0005106642222
10789,1825.0005106642222
10790,1825.0005106642222
10791,1825.0005106642222
10792,1825.0005106642222
10793,1825.0005106642222
10794,1825.0005106642222
10795,1825.0005106642222
10796,1825.0005106642222
10797,1825.0005106642222
10798,1825.0005106642222
10799,1825.0005106642222
10800,1825.0005106642222
10801,1825.0005106642222
10802,1825.0005106642222
10803,1825.0005106642222
10804,1825.0005106642222
10805,1825.0005106642222
10806,1825.0005106642222
10807,1825.0005106642222
10808,1825.0005106642222
10809,1825.0005106642222
10810,1825.0005106642222
10811,1825.0005106642222
10812,1825.0005106642222
10813,1825.0005106642222
10814,1825.0005106642222
10815,1825.0005106642222
10816,1825.0005106642222
10817,1825.0005106642222
10818,1825.0005106642222
10819,1825.0005106642222
10820,1825.0005106642222
10821,1825.0005106642222
10822,1825.0005106642222
10823,1825.0005106642222
10824,1825.0005106642222
10825,1825.0005106642222
10826,1825.0005106642222
10827,1825.0005106642222
10828,1825.0005106642222
10829,1825.0005106642222
10830,1825.0005106642222
10831,1825.0005106642222
10832,1825.0005106642222
10833,1825.0005106642222
10834,1825.0005106642222
10835,1825.0005106642222
10836,1825.0005106642222
10837,1825.0005106642222
10838,1825.0005106642222
10839,1825.0005106642222
10840,1825.0005106642222
10841,1825.0005106642222
10842,1825.0005106642222
10843,1825.0005106642222
10844,1825.0005106642222
10845,1825.0005106642222
10846,1825.0005106642222
10847,1825.0005106642222
10848,1825.0005106642222
10849,1825.0005106642222
10850,1825.0005106642222
10851,1825.0005106642222
10852,1825.0005106642222
10853,1825.0005106642222
10854,1825.0005106642222
10855,1825.0005106642222
10856,1825.0005106642222
10857,1825.0005106642222
10858,1825.0005106642222
10859,1825.0005106642222
10860,1825.0005106642222
10861,1825.0005106642222
10862,1825.0005106642222
10863,1825.0005106642222
10864,1825.0005106642222
10865,1825.0005106642222
10866,1825.0005106642222
10867,1825.0005106642222
10868,1825.0005106642222
10869,1825.0005106642222
10870,1825.0005106642222
10871,1825.0005106642222
10872,1825.0005106642222
10873,1825.0005106642222
10874,1825.0005106642222
10875,1825.0005106642222
10876,1825.0005106642222
10877,1825.0005106642222
10878,1825.0005106642222
10879,1825.0005106642222
10880,1825.0005106642222
10881,1825.0005106642222
10882,1825.0005106642222
10883,1825.0005106642222
10884,1825.0005106642222
10885,1825.0005106642222
10886,1825.0005106642222
10887,1825.0005106642222
10888,1825.0005106642222
10889,1825.0005106642222
10890,1825.0005106642222
10891,1825.0005106642222
10892,1825.0005106642222
10893,1825.0005106642222
10894,1825.0005106642222
10895,1825.0005106642222
10896,1825.0005106642222
10897,1825.0005106642222
10898,1825.0005106642222
10899,1825.0005106642222
10900,1825.0005106642222
10901,1825.0005106642222
10902,1825.0005106642222
10903,1825.0005106642222
10904,1825.0005106642222
10905,1825.0005106642222
10906,1825.0005106642222
10907,1825.0005106642222
10908,1825.0005106642222
10909,1825.0005106642222
10910,1825.0005106642222
10911,1825.0005106642222
10912,1825.0005106642222
10913,1825.0005106642222
10914,1825.0005106642222
10915,1825.0005106642222
10916,1825.0005106642222
10917,1825.0005106642222
10918,1825.0005106642222
10919,1825.0005106642222
10920,1825.0005106642222
10921,1825.0005106642222
10922,1825.0005106642222
10923,1825.0005106642222
10924,1825.0005106642222
10925,1825.0005106642222
10926,1825.0005106642222
10927,1825.0005106642222
10928,1825.0005106642222
10929,1825.0005106642222
10930,1825.0005106642222
10931,1825.0005106642222
10932,1825.0005106642222
10933,1825.0005106642222
10934,1825.0005106642222
10935,1825.0005106642222
10936,1825.0005106642222
10937,1825.0005106642222
10938,1825.0005106642222
10939,1825.0005106642222
10940,1825.0005106642222
10941,1825.0005106642222
10942,1825.0005106642222
10943,1825.0005106642222
10944,1825.0005106642222
10945,1825.0005106642222
10946,1825.0005106642222
10947,1825.0005106642222
10948,1825.0005106642222
10949,1825.0005106642222
10950,1825.0005106642222
10951,1825.0005106642222
10952,1825.0005106642222
10953,1825.0005106642222
10954,1825.0005106642222
10955,1825.0005106642222
10956,1825.0005106642222
10957,1825.0005106642222
10958,1825.0005106642222
10959,1825.0005106642222
10960,1825.0005106642222
10961,1825.0005106642222
10962,1825.0005106642222
10963,1825.0005106642222
10964,1825.0005106642222
10965,1825.0005106642222
10966,1825.0005106642222
10967,1825.0005106642222
10968,1825.0005106642222
10969,1825.0005106642222
10970,1825.0005106642222
10971,1825.0005106642222
10972,1825.0005106642222
10973,1825.0005106642222
10974,1825.0005106642222
10975,1825.0005106642222
10976,1825.0005106642222
10977,1825.0005106642222
10978,1825.0005106642222
10979,1825.0005106642222
10980,1825.0005106642222
10981,1825.0005106642222
10982,1825.0005106642222
10983,1825.0005106642222
10984,1825.0005106642222
10985,1825.0005106642222
10986,1825.0005106642222
10987,1825.0005106642222
10988,1825.0005106642222
10989,1825.0005106642222
10990,1825.0005106642222
10991,1825.0005106642222
10992,1825.0005106642222
10993,1825.0005106642222
10994,1825.0005106642222
10995,1825.0005106642222
10996,1825.0005106642222
10997,1825.0005106642222
10998,1825.0005106642222
10999,1825.0005106642222
11000,1825.0005106642222
11001,1825.0005106642222
11002,1825.0005106642222
11003,1825.0005106642222
11004,1825.0005106642222
11005,1825.0005106642222
11006,1825.0005106642222
11007,1825.0005106642222
11008,1825.0005106642222
11009,1825.0005106642222
11010,1825.0005106642222
11011,1825.0005106642222
11012,1825.0005106642222
11013,1825.0005106642222
11014,1825.0005106642222
11015,1825.0005106642222
11016,1825.0005106642222
11017,1825.0005106642222
11018,1825.0005106642222
11019,1825.0005106642222
11020,1825.0005106642222
11021,1825.0005106642222
11022,1825.0005106642222
11023,1825.0005106642222
11024,1825.0005106642222
11025,1825.0005106642222
11026,1825.0005106642222
11027,1825.0005106642222
11028,1825.0005106642222
11029,1825.0005106642222
11030,1825.0005106642222
11031,1825.0005106642222
11032,1825.0005106642222
11033,1825.0005106642222
11034,1825.0005106642222
11035,1825.0005106642222
11036,1825.0005106642222
11037,1825.0005106642222
11038,1825.0005106642222
11039,1825.0005106642222
11040,1825.0005106642222
11041,1825.0005106642222
11042,1825.0005106642222
11043,1825.0005106642222
11044,1825.0005106642222
11045,1825.0005106642222
11046,1825.0005106642222
11047,1825.0005106642222
11048,1825.0005106642222
11049,1825.0005106642222
11050,1825.0005106642222
11051,1825.0005106642222
11052,1825.0005106642222
11053,1825.0005106642222
11054,1825.0005106642222
11055,1825.0005106642222
11056,1825.0005106642222
11057,1825.0005106642222
11058,1825.0005106642222
11059,1825.0005106642222
11060,1825.0005106642222
11061,1825.0005106642222
11062,1825.0005106642222
11063,1825.0005106642222
11064,1825.0005106642222
11065,1825.0005106642222
11066,1825.0005106642222
11067,1825.0005106642222
11068,1825.0005106642222
11069,1825.0005106642222
11070,1825.0005106642222
11071,1825.0005106642222
11072,1825.0005106642222
11073,1825.0005106642222
11074,1825.0005106642222
11075,1825.0005106642222
11076,1825.0005106642222
11077,1825.0005106642222
11078,1825.0005106642222
11079,1825.0005106642222
11080,1825.0005106642222
11081,1825.0005106642222
11082,1825.0005106642222
11083,1825.0005106642222
11084,1825.0005106642222
11085,1825.0005106642222
11086,1825.0005106642222
11087,1825.0005106642222
11088,1825.0005106642222
11089,1825.0005106642222
11090,1825.0005106642222
11091,1825.0005106642222
11092,1825.0005106642222
11093,1825.0005106642222
11094,1825.0005106642222
11095,1825.0005106642222
11096,1825.0005106642222
11097,1825.0005106642222
11098,1825.0005106642222
11099,1825.0005106642222
11100,1825.0005106642222
11101,1825.0005106642222
11102,1825.0005106642222
11103,1825.0005106642222
11104,1825.0005106642222
11105,1825.0005106642222
11106,1825.0005106642222
11107,1825.0005106642222
11108,1825.0005106642222
11109,1825.0005106642222
11110,1825.0005106642222
11111,1825.0005106642222
11112,1825.0005106642222
11113,1825.0005106642222
11114,1825.0005106642222
11115,1825.0005106642222
11116,1825.0005106642222
11117,1825.0005106642222
11118,1825.0005106642222
11119,1825.0005106642222
11120,1825.0005106642222
11121,1825.0005106642222
11122,1825.0005106642222
11123,1825.0005106642222
11124,1825.0005106642222
11125,1825.0005106642222
11126,1825.0005106642222
11127,1825.0005106642222
11128,1825.0005106642222
11129,1825.0005106642222
11130,1825.0005106642222
11131,1825.0005106642222
11132,1825.0005106642222
11133,1825.0005106642222
11134,1825.0005106642222
11135,1825.0005106642222
11136,1825.0005106642222
11137,1825.0005106642222
11138,1825.0005106642222
11139,1825.0005106642222
11140,1825.0005106642222
11141,1825.0005106642222
11142,1825.0005106642222
11143,1825.0005106642222
11144,1825.0005106642222
11145,1825.0005106642222
11146,1825.0005106642222
11147,1825.0005106642222
11148,1825.0005106642222
11149,1825.0005106642222
11150,1825.0005106642222
11151,1825.0005106642222
11152,1825.0005106642222
11153,1825.0005106642222
11154,1825.0005106642222
11155,1825.0005106642222
11156,1825.0005106642222
11157,1825.0005106642222
11158,1825.0005106642222
11159,1825.0005106642222
11160,1825.0005106642222
11161,1825.0005106642222
11162,1825.0005106642222
11163,1825.0005106642222
11164,1825.0005106642222
11165,1825.0005106642222
11166,1825.0005106642222
11167,1825.0005106642222
11168,1825.0005106642222
11169,1825.0005106642222
11170,1825.0005106642222
11171,1825.0005106642222
11172,1825.0005106642222
11173,1825.0005106642222
11174,1825.0005106642222
11175,1825.0005106642222
11176,1825.0005106642222
11177,1825.0005106642222
11178,1825.0005106642222
11179,1825.0005106642222
11180,1825.0005106642222
11181,1825.0005106642222
11182,1825.0005106642222
11183,1825.0005106642222
11184,1825.0005106642222
11185,1825.0005106642222
11186,1825.0005106642222
11187,1825.0005106642222
11188,1825.0005106642222
11189,1825.0005106642222
11190,1825.0005106642222
11191,1825.0005106642222
11192,1825.0005106642222
11193,1825.0005106642222
11194,1825.0005106642222
11195,1825.0005106642222
11196,1825.0005106642222
11197,1825.0005106642222
11198,1825.0005106642222
11199,1825.0005106642222
11200,1825.0005106642222
11201,1825.0005106642222
11202,1825.0005106642222
11203,1825.0005106642222
11204,1825.0005106642222
11205,1825.0005106642222
11206,1825.0005106642222
11207,1825.0005106642222
11208,1825.0005106642222
11209,1825.0005106642222
11210,1825.0005106642222
11211,1825.0005106642222
11212,1825.0005106642222
11213,1825.0005106642222
11214,1825.0005106642222
11215,1825.0005106642222
11216,1825.0005106642222
11217,1825.0005106642222
11218,1825.0005106642222
11219,1825.0005106642222
11220,1825.0005106642222
11221,1825.0005106642222
11222,1825.0005106642222
11223,1825.0005106642222
11224,1825.0005106642222
11225,1825.0005106642222
11226,1825.0005106642222
11227,1825.0005106642222
11228,1825.0005106642222
11229,1825.0005106642222
11230,1825.0005106642222
11231,1825.0005106642222
11232,1825.0005106642222
11233,1825.0005106642222
11234,1825.0005106642222
11235,1825.0005106642222
11236,1825.0005106642222
11237,1825.0005106642222
11238,1825.0005106642222
11239,1825.0005106642222
11240,1825.0005106642222
11241,1825.0005106642222
11242,1825.0005106642222
11243,1825.0005106642222
11244,1825.0005106642222
11245,1825.0005106642222
11246,1825.0005106642222
11247,1825.0005106642222
11248,1825.0005106642222
11249,1825.0005106642222
11250,1825.0005106642222
11251,1825.0005106642222
11252,1825.0005106642222
11253,1825.0005106642222
11254,1825.0005106642222
11255,1825.0005106642222
11256,1825.0005106642222
11257,1825.0005106642222
11258,1825.0005106642222
11259,1825.0005106642222
11260,1825.0005106642222
11261,1825.0005106642222
11262,1825.0005106642222
11263,1825.0005106642222
11264,1825.0005106642222
11265,1825.0005106642222
11266,1825.0005106642222
11267,1825.0005106642222
11268,1825.0005106642222
11269,1825.0005106642222
11270,1825.0005106642222
11271,1825.0005106642222
11272,1825.0005106642222
11273,1825.0005106642222
11274,1825.0005106642222
11275,1825.0005106642222
11276,1825.0005106642222
11277,1825.0005106642222
11278,1825.0005106642222
11279,1825.0005106642222
11280,1825.0005106642222
11281,1825.0005106642222
11282,1825.0005106642222
11283,1825.0005106642222
11284,1825.0005106642222
11285,1825.0005106642222
11286,1825.0005106642222
11287,1825.0005106642222
11288,1825.0005106642222
11289,1825.0005106642222
11290,1825.0005106642222
11291,1825.0005106642222
11292,1825.0005106642222
11293,1825.0005106642222
11294,1825.0005106642222
11295,1825.0005106642222
11296,1825.0005106642222
11297,1825.0005106642222
11298,1825.0005106642222
11299,1825.0005106642222
11300,1825.0005106642222
11301,1825.0005106642222
11302,1825.0005106642222
11303,1825.0005106642222
11304,1825.0005106642222
11305,1825.0005106642222
11306,1825.0005106642222
11307,1825.0005106642222
11308,1825.0005106642222
11309,1825.0005106642222
11310,1825.0005106642222
11311,1825.0005106642222
11312,1825.0005106642222
11313,1825.0005106642222
11314,1825.0005106642222
11315,1825.0005106642222
11316,1825.0005106642222
11317,1825.0005106642222
11318,1825.0005106642222
11319,1825.0005106642222
11320,1825.0005106642222
11321,1825.0005106642222
11322,1825.0005106642222
11323,1825.0005106642222
11324,1825.0005106642222
11325,1825.0005106642222
11326,1825.0005106642222
11327,1825.0005106642222
11328,1825.0005106642222
11329,1825.0005106642222
11330,1825.0005106642222
11331,1825.0005106642222
11332,1825.0005106642222
11333,1825.0005106642222
11334,1825.0005106642222
11335,1825.0005106642222
11336,1825.0005106642222
11337,1825.0005106642222
11338,1825.0005106642222
11339,1825.0005106642222
11340,1825.0005106642222
11341,1825.0005106642222
11342,1825.0005106642222
11343,1825.0005106642222
11344,1825.0005106642222
11345,1825.0005106642222
11346,1825.0005106642222
11347,1825.0005106642222
11348,1825.0005106642222
11349,1825.0005106642222
11350,1825.0005106642222
11351,1825.0005106642222
11352,1825.0005106642222
11353,1825.0005106642222
11354,1825.0005106642222
11355,1825.0005106642222
11356,1825.0005106642222
11357,1825.0005106642222
11358,1825.0005106642222
11359,1825.0005106642222
11360,1825.0005106642222
11361,1825.0005106642222
11362,1825.0005106642222
11363,1825.0005106642222
11364,1825.0005106642222
11365,1825.0005106642222
11366,1825.0005106642222
11367,1825.0005106642222
11368,1825.0005106642222
11369,1825.0005106642222
11370,1825.0005106642222
11371,1825.0005106642222
11372,1825.0005106642222
11373,1825.0005106642222
11374,1825.0005106642222
11375,1825.0005106642222
11376,1825.0005106642222
11377,1825.0005106642222
11378,1825.0005106642222
11379,1825.0005106642222
11380,1825.0005106642222
11381,1825.0005106642222
11382,1825.0005106642222
11383,1825.0005106642222
11384,1825.0005106642222
11385,1825.0005106642222
11386,1825.0005106642222
11387,1825.0005106642222
11388,1825.0005106642222
11389,1825.0005106642222
11390,1825.0005106642222
11391,1825.0005106642222
11392,1825.0005106642222
11393,1825.0005106642222
11394,1825.0005106642222
11395,1825.0005106642222
11396,1825.0005106642222
11397,1825.0005106642222
11398,1825.0005106642222
11399,1825.0005106642222
11400,1825.0005106642222
11401,1825.0005106642222
11402,1825.0005106642222
11403,1825.0005106642222
11404,1825.0005106642222
11405,1825.0005106642222
11406,1825.0005106642222
11407,1825.0005106642222
11408,1825.0005106642222
11409,1825.0005106642222
11410,1825.0005106642222
11411,1825.0005106642222
11412,1825.0005106642222
11413,1825.0005106642222
11414,1825.0005106642222
11415,1825.0005106642222
11416,1825.0005106642222
11417,1825.0005106642222
11418,1825.0005106642222
11419,1825.0005106642222
11420,1825.0005106642222
11421,1825.0005106642222
11422,1825.0005106642222
11423,1825.0005106642222
11424,1825.0005106642222
11425,1825.0005106642222
11426,1825.0005106642222
11427,1825.0005106642222
11428,1825.0005106642222
11429,1825.0005106642222
11430,1825.0005106642222
11431,1825.0005106642222
11432,1825.0005106642222
11433,1825.0005106642222
11434,1825.0005106642222
11435,1825.0005106642222
11436,1825.0005106642222
11437,1825.0005106642222
11438,1825.0005106642222
11439,1825.0005106642222
11440,1825.0005106642222
11441,1825.0005106642222
11442,1825.0005106642222
11443,1825.0005106642222
11444,1825.0005106642222
11445,1825.0005106642222
11446,1825.0005106642222
11447,1825.0005106642222
11448,1825.0005106642222
11449,1825.0005106642222
11450,1825.0005106642222
11451,1825.0005106642222
11452,1825.0005106642222
11453,1825.0005106642222
11454,1825.0005106642222
11455,1825.0005106642222
11456,1825.0005106642222
11457,1825.0005106642222
11458,1825.0005106642222
11459,1825.0005106642222
11460,1825.0005106642222
11461,1825.0005106642222
11462,1825.0005106642222
11463,1825.0005106642222
11464,1825.0005106642222
11465,1825.0005106642222
11466,1825.0005106642222
11467,1825.0005106642222
11468,1825.0005106642222
11469,1825.0005106642222
11470,1825.0005106642222
11471,1825.0005106642222
11472,1825.0005106642222
11473,1825.0005106642222
11474,1825.0005106642222
11475,1825.0005106642222
11476,1825.0005106642222
11477,1825.0005106642222
11478,1825.0005106642222
11479,1825.0005106642222
11480,1825.0005106642222
11481,1825.0005106642222
11482,1825.0005106642222
11483,1825.0005106642222
11484,1825.0005106642222
11485,1825.0005106642222
11486,1825.0005106642222
11487,1825.0005106642222
11488,1825.0005106642222
11489,1825.0005106642222
11490,1825.0005106642222
11491,1825.0005106642222
11492,1825.0005106642222
11493,1825.0005106642222
11494,1825.0005106642222
11495,1825.0005106642222
11496,1825.0005106642222
11497,1825.0005106642222
11498,1825.0005106642222
11499,1825.0005106642222
11500,1825.0005106642222
11501,1825.0005106642222
11502,1825.0005106642222
11503,1825.0005106642222
11504,1825.0005106642222
11505,1825.0005106642222
11506,1825.0005106642222
11507,1825.0005106642222
11508,1825.0005106642222
11509,1825.0005106642222
11510,1825.0005106642222
11511,1825.0005106642222
11512,1825.0005106642222
11513,1825.0005106642222
11514,1825.0005106642222
11515,1825.0005106642222
11516,1825.0005106642222
11517,1825.0005106642222
11518,1825.0005106642222
11519,1825.0005106642222
11520,1825.0005106642222
11521,1825.0005106642222
11522,1825.0005106642222
11523,1825.0005106642222
11524,1825.0005106642222
11525,1825.0005106642222
11526,1825.0005106642222
11527,1825.0005106642222
11528,1825.0005106642222
11529,1825.0005106642222
11530,1825.0005106642222
11531,1825.0005106642222
11532,1825.0005106642222
11533,1825.0005106642222
11534,1825.0005106642222
11535,1825.0005106642222
11536,1825.0005106642222
11537,1825.0005106642222
11538,1825.0005106642222
11539,1825.0005106642222
11540,1825.0005106642222
11541,1825.0005106642222
11542,1825.0005106642222
11543,1825.0005106642222
11544,1825.0005106642222
11545,1825.0005106642222
11546,1825.0005106642222
11547,1825.0005106642222
11548,1825.0005106642222
11549,1825.0005106642222
11550,1825.0005106642222
11551,1825.0005106642222
11552,1825.0005106642222
11553,1825.0005106642222
11554,1825.0005106642222
11555,1825.0005106642222
11556,1825.0005106642222
11557,1825.0005106642222
11558,1825.0005106642222
11559,1825.0005106642222
11560,1825.0005106642222
11561,1825.0005106642222
11562,1825.0005106642222
11563,1825.0005106642222
11564,1825.0005106642222
11565,1825.0005106642222
11566,1825.0005106642222
11567,1825.0005106642222
11568,1825.0005106642222
11569,1825.0005106642222
11570,1825.0005106642222
11571,1825.0005106642222
11572,1825.0005106642222
11573,1825.0005106642222
11574,1825.0005106642222
11575,1825.0005106642222
11576,1825.0005106642222
11577,1825.0005106642222
11578,1825.0005106642222
11579,1825.0005106642222
11580,1825.0005106642222
11581,1825.0005106642222
11582,1825.0005106642222
11583,1825.0005106642222
11584,1825.0005106642222
11585,1825.0005106642222
11586,1825.0005106642222
11587,1825.0005106642222
11588,1825.0005106642222
11589,1825.0005106642222
11590,1825.0005106642222
11591,1825.0005106642222
11592,1825.0005106642222
11593,1825.0005106642222
11594,1825.0005106642222
11595,1825.0005106642222
11596,1825.0005106642222
11597,1825.0005106642222
11598,1825.0005106642222
11599,1825.0005106642222
11600,1825.0005106642222
11601,1825.0005106642222
11602,1825.0005106642222
11603,1825.0005106642222
11604,1825.0005106642222
11605,1825.0005106642222
11606,1825.0005106642222
11607,1825.0005106642222
11608,1825.0005106642222
11609,1825.0005106642222
11610,1825.0005106642222
11611,1825.0005106642222
11612,1825.0005106642222
11613,1825.0005106642222
11614,1825.0005106642222
11615,1825.0005106642222
11616,1825.0005106642222
11617,1825.0005106642222
11618,1825.0005106642222
11619,1825.0005106642222
11620,1825.0005106642222
11621,1825.0005106642222
11622,1825.0005106642222
11623,1825.0005106642222
11624,1825.0005106642222
11625,1825.0005106642222
11626,1825.0005106642222
11627,1825.0005106642222
11628,1825.0005106642222
11629,1825.0005106642222
11630,1825.0005106642222
11631,1825.0005106642222
11632,1825.0005106642222
11633,1825.0005106642222
11634,1825.0005106642222
11635,1825.0005106642222
11636,1825.0005106642222
11637,1825.0005106642222
11638,1825.0005106642222
11639,1825.0005106642222
11640,1825.0005106642222
11641,1825.0005106642222
11642,1825.0005106642222
11643,1825.0005106642222
11644,1825.0005106642222
11645,1825.0005106642222
11646,1825.0005106642222
11647,1825.0005106642222
11648,1825.0005106642222
11649,1825.0005106642222
11650,1825.0005106642222
11651,1825.0005106642222
11652,1825.0005106642222
11653,1825.0005106642222
11654,1825.0005106642222
11655,1825.0005106642222
11656,1825.0005106642222
11657,1825.0005106642222
11658,1825.0005106642222
11659,1825.0005106642222
11660,1825.0005106642222
11661,1825.0005106642222
11662,1825.0005106642222
11663,1825.0005106642222
11664,1825.0005106642222
11665,1825.0005106642222
11666,1825.0005106642222
11667,1825.0005106642222
11668,1825.0005106642222
11669,1825.0005106642222
11670,1825.0005106642222
11671,1825.0005106642222
11672,1825.0005106642222
11673,1825.0005106642222
11674,1825.0005106642222
11675,1825.0005106642222
11676,1825.0005106642222
11677,1825.0005106642222
11678,1825.0005106642222
11679,1825.0005106642222
11680,1825.0005106642222
11681,1825.0005106642222
11682,1825.0005106642222
11683,1825.0005106642222
11684,1825.0005106642222
11685,1825.0005106642222
11686,1825.0005106642222
11687,1825.0005106642222
11688,1825.0005106642222
11689,1825.0005106642222
11690,1825.0005106642222
11691,1825.0005106642222
11692,1825.0005106642222
11693,1825.0005106642222
11694,1825.0005106642222
11695,1825.0005106642222
11696,1825.0005106642222
11697,1825.0005106642222
11698,1825.0005106642222
11699,1825.0005106642222
11700,1825.0005106642222
11701,1825.0005106642222
11702,1825.0005106642222
11703,1825.0005106642222
11704,1825.0005106642222
11705,1825.0005106642222
11706,1825.0005106642222
11707,1825.0005106642222
11708,1825.0005106642222
11709,1825.0005106642222
11710,1825.0005106642222
11711,1825.0005106642222
11712,1825.0005106642222
11713,1825.0005106642222
11714,1825.0005106642222
11715,1825.0005106642222
11716,1825.0005106642222
11717,1825.0005106642222
11718,1825.0005106642222
11719,1825.0005106642222
11720,1825.0005106642222
11721,1825.0005106642222
11722,1825.0005106642222
11723,1825.0005106642222
11724,1825.0005106642222
11725,1825.0005106642222
11726,1825.0005106642222
11727,1825.0005106642222
11728,1825.0005106642222
11729,1825.0005106642222
11730,1825.0005106642222
11731,1825.0005106642222
11732,1825.0005106642222
11733,1825.0005106642222
11734,1825.0005106642222
11735,1825.0005106642222
11736,1825.0005106642222
11737,1825.0005106642222
11738,1825.0005106642222
11739,1825.0005106642222
11740,1825.0005106642222
11741,1825.0005106642222
11742,1825.0005106642222
11743,1825.0005106642222
11744,1825.0005106642222
11745,1825.0005106642222
11746,1825.0005106642222
11747,1825.0005106642222
11748,1825.0005106642222
11749,1825.0005106642222
11750,1825.0005106642222
11751,1825.0005106642222
11752,1825.0005106642222
11753,1825.0005106642222
11754,1825.0005106642222
11755,1825.0005106642222
11756,1825.0005106642222
11757,1825.0005106642222
11758,1825.0005106642222
11759,1825.0005106642222
11760,1825.0005106642222
11761,1825.0005106642222
11762,1825.0005106642222
11763,1825.0005106642222
11764,1825.0005106642222
11765,1825.0005106642222
11766,1825.0005106642222
11767,1825.0005106642222
11768,1825.0005106642222
11769,1825.0005106642222
11770,1825.0005106642222
11771,1825.0005106642222
11772,1825.0005106642222
11773,1825.0005106642222
11774,1825.0005106642222
11775,1825.0005106642222
11776,1825.0005106642222
11777,1825.0005106642222
11778,1825.0005106642222
11779,1825.0005106642222
11780,1825.0005106642222
11781,1825.0005106642222
11782,1825.0005106642222
11783,1825.0005106642222
11784,1825.0005106642222
11785,1825.0005106642222
11786,1825.0005106642222
11787,1825.0005106642222
11788,1825.0005106642222
11789,1825.0005106642222
11790,1825.0005106642222
11791,1825.0005106642222
11792,1825.0005106642222
11793,1825.0005106642222
11794,1825.0005106642222
11795,1825.0005106642222
11796,1825.0005106642222
11797,1825.0005106642222
11798,1825.0005106642222
11799,1825.0005106642222
11800,1825.0005106642222
11801,1825.0005106642222
11802,1825.0005106642222
11803,1825.0005106642222
11804,1825.0005106642222
11805,1825.0005106642222
11806,1825.0005106642222
11807,1825.0005106642222
11808,1825.0005106642222
11809,1825.0005106642222
11810,1825.0005106642222
11811,1825.0005106642222
11812,1825.0005106642222
11813,1825.0005106642222
11814,1825.0005106642222
11815,1825.0005106642222
11816,1825.0005106642222
11817,1825.0005106642222
11818,1825.0005106642222
11819,1825.0005106642222
11820,1825.0005106642222
11821,1825.0005106642222
11822,1825.0005106642222
11823,1825.0005106642222
11824,1825.0005106642222
11825,1825.0005106642222
11826,1825.0005106642222
11827,1825.0005106642222
11828,1825.0005106642222
11829,1825.0005106642222
11830,1825.0005106642222
11831,1825.0005106642222
11832,1825.0005106642222
11833,1825.0005106642222
11834,1825.0005106642222
11835,1825.0005106642222
11836,1825.0005106642222
11837,1825.0005106642222
11838,1825.0005106642222
11839,1825.0005106642222
11840,1825.0005106642222
11841,1825.0005106642222
11842,1825.0005106642222
11843,1825.0005106642222
11844,1825.0005106642222
11845,1825.0005106642222
11846,1825.0005106642222
11847,1825.0005106642222
11848,1825.0005106642222
11849,1825.0005106642222
11850,1825.0005106642222
11851,1825.0005106642222
11852,1825.0005106642222
11853,1825.0005106642222
11854,1825.0005106642222
11855,1825.0005106642222
11856,1825.0005106642222
11857,1825.0005106642222
11858,1825.0005106642222
11859,1825.0005106642222
11860,1825.0005106642222
11861,1825.0005106642222
11862,1825.0005106642222
11863,1825.0005106642222
11864,1825.0005106642222
11865,1825.0005106642222
11866,1825.0005106642222
11867,1825.0005106642222
11868,1825.0005106642222
11869,1825.0005106642222
11870,1825.0005106642222
11871,1825.0005106642222
11872,1825.0005106642222
11873,1825.0005106642222
11874,1825.0005106642222
11875,1825.0005106642222
11876,1825.0005106642222
11877,1825.0005106642222
11878,1825.0005106642222
11879,1825.0005106642222
11880,1825.0005106642222
11881,1825.0005106642222
11882,1825.0005106642222
11883,1825.0005106642222
11884,1825.0005106642222
11885,1825.0005106642222
11886,1825.0005106642222
11887,1825.0005106642222
11888,1825.0005106642222
11889,1825.0005106642222
11890,1825.0005106642222
11891,1825.0005106642222
11892,1825.0005106642222
11893,1825.0005106642222
11894,1825.0005106642222
11895,1825.0005106642222
11896,1825.0005106642222
11897,1825.0005106642222
11898,1825.0005106642222
11899,1825.0005106642222
11900,1825.0005106642222
11901,1825.0005106642222
11902,1825.0005106642222
11903,1825.0005106642222
11904,1825.0005106642222
11905,1825.0005106642222
11906,1825.0005106642222
11907,1825.0005106642222
11908,1825.0005106642222
11909,1825.0005106642222
11910,1825.0005106642222
11911,1825.0005106642222
11912,1825.0005106642222
11913,1825.0005106642222
11914,1825.0005106642222
11915,1825.0005106642222
11916,1825.0005106642222
11917,1825.0005106642222
11918,1825.0005106642222
11919,1825.0005106642222
11920,1825.0005106642222
11921,1825.0005106642222
11922,1825.0005106642222
11923,1825.0005106642222
11924,1825.0005106642222
11925,1825.0005106642222
11926,1825.0005106642222
11927,1825.0005106642222
11928,1825.0005106642222
11929,1825.0005106642222
11930,1825.0005106642222
11931,1825.0005106642222
11932,1825.0005106642222
11933,1825.0005106642222
11934,1825.0005106642222
11935,1825.0005106642222
11936,1825.0005106642222
11937,1825.0005106642222
11938,1825.0005106642222
11939,1825.0005106642222
11940,1825.0005106642222
11941,1825.0005106642222
11942,1825.0005106642222
11943,1825.0005106642222
11944,1825.0005106642222
11945,1825.0005106642222
11946,1825.0005106642222
11947,1825.0005106642222
11948,1825.0005106642222
11949,1825.0005106642222
11950,1825.0005106642222
11951,1825.0005106642222
11952,1825.0005106642222
11953,1825.0005106642222
11954,1825.0005106642222
11955,1825.0005106642222
11956,1825.0005106642222
11957,1825.0005106642222
11958,1825.0005106642222
11959,1825.0005106642222
11960,1825.0005106642222
11961,1825.0005106642222
11962,1825.0005106642222
11963,1825.0005106642222
11964,1825.0005106642222
11965,1825.0005106642222
11966,1825.0005106642222
11967,1825.0005106642222
11968,1825.0005106642222
11969,1825.0005106642222
11970,1825.0005106642222
11971,1825.0005106642222
11972,1825.0005106642222
11973,1825.0005106642222
11974,1825.0005106642222
11975,1825.0005106642222
11976,1825.0005106642222
11977,1825.0005106642222
11978,1825.0005106642222
11979,1825.0005106642222
11980,1825.0005106642222
11981,1825.0005106642222
11982,1825.0005106642222
11983,1825.0005106642222
11984,1825.0005106642222
11985,1825.0005106642222
11986,1825.0005106642222
11987,1825.0005106642222
11988,1825.0005106642222
11989,1825.0005106642222
11990,1825.0005106642222
11991,1825.0005106642222
11992,1825.0005106642222
11993,1825.0005106642222
11994,1825.0005106642222
11995,1825.0005106642222
11996,1825.0005106642222
11997,1825.0005106642222
11998,1825.0005106642222
11999,1825.0005106642222
12000,1825.0005106642222
12001,1825.0005106642222
12002,1825.0005106642222
12003,1825.0005106642222
12004,1825.0005106642222
12005,1825.0005106642222
12006,1825.0005106642222
12007,1825.0005106642222
12008,1825.0005106642222
12009,1825.0005106642222
12010,1825.0005106642222
12011,1825.0005106642222
12012,1825.0005106642222
12013,1825.0005106642222
12014,1825.0005106642222
12015,1825.0005106642222
12016,1825.0005106642222
12017,1825.0005106642222
12018,1825.0005106642222
12019,1825.0005106642222
12020,1825.0005106642222
12021,1825.0005106642222
12022,1825.0005106642222
12023,1825.0005106642222
12024,1825.0005106642222
12025,1825.0005106642222
12026,1825.0005106642222
12027,1825.0005106642222
12028,1825.0005106642222
12029,1825.0005106642222
12030,1825.0005106642222
12031,1825.0005106642222
12032,1825.0005106642222
12033,1825.0005106642222
12034,1825.0005106642222
12035,1825.0005106642222
12036,1825.0005106642222
12037,1825.0005106642222
12038,1825.0005106642222
12039,1825.0005106642222
12040,1825.0005106642222
12041,1825.0005106642222
12042,1825.0005106642222
12043,1825.0005106642222
12044,1825.0005106642222
12045,1825.0005106642222
12046,1825.0005106642222
12047,1825.0005106642222
12048,1825.0005106642222
12049,1825.0005106642222
12050,1825.0005106642222
12051,1825.0005106642222
12052,1825.0005106642222
12053,1825.0005106642222
12054,1825.0005106642222
12055,1825.0005106642222
12056,1825.0005106642222
12057,1825.0005106642222
12058,1825.0005106642222
12059,1825.0005106642222
12060,1825.0005106642222
12061,1825.0005106642222
12062,1825.0005106642222
12063,1825.0005106642222
12064,1825.0005106642222
12065,1825.0005106642222
12066,1825.0005106642222
12067,1825.0005106642222
12068,1825.0005106642222
12069,1825.0005106642222
12070,1825.0005106642222
12071,1825.0005106642222
12072,1825.0005106642222
12073,1825.0005106642222
12074,1825.0005106642222
12075,1825.0005106642222
12076,1825.0005106642222
12077,1825.0005106642222
12078,1825.0005106642222
12079,1825.0005106642222
12080,1825.0005106642222
12081,1825.0005106642222
12082,1825.0005106642222
12083,1825.0005106642222
12084,1825.0005106642222
12085,1825.0005106642222
12086,1825.0005106642222
12087,1825.0005106642222
12088,1825.0005106642222
12089,1825.0005106642222
12090,1825.0005106642222
12091,1825.0005106642222
12092,1825.0005106642222
12093,1825.0005106642222
12094,1825.0005106642222
12095,1825.0005106642222
12096,1825.0005106642222
12097,1825.0005106642222
12098,1825.0005106642222
12099,1825.0005106642222
12100,1825.0005106642222
12101,1825.0005106642222
12102,1825.0005106642222
12103,1825.0005106642222
12104,1825.0005106642222
12105,1825.0005106642222
12106,1825.0005106642222
12107,1825.0005106642222
12108,1825.0005106642222
12109,1825.0005106642222
12110,1825.0005106642222
12111,1825.0005106642222
12112,1825.0005106642222
12113,1825.0005106642222
12114,1825.0005106642222
12115,1825.0005106642222
12116,1825.0005106642222
12117,1825.0005106642222
12118,1825.0005106642222
12119,1825.0005106642222
12120,1825.0005106642222
12121,1825.0005106642222
12122,1825.0005106642222
12123,1825.0005106642222
12124,1825.0005106642222
12125,1825.0005106642222
12126,1825.0005106642222
12127,1825.0005106642222
12128,1825.0005106642222
12129,1825.0005106642222
12130,1825.0005106642222
12131,1825.0005106642222
12132,1825.0005106642222
12133,1825.0005106642222
12134,1825.0005106642222
12135,1825.0005106642222
12136,1825.0005106642222
12137,1825.0005106642222
12138,1825.0005106642222
12139,1825.0005106642222
12140,1825.0005106642222
12141,1825.0005106642222
12142,1825.0005106642222
12143,1825.0005106642222
12144,1825.0005106642222
12145,1825.0005106642222
12146,1825.0005106642222
12147,1825.0005106642222
12148,1825.0005106642222
12149,1825.0005106642222
12150,1825.0005106642222
12151,1825.0005106642222
12152,1825.0005106642222
12153,1825.0005106642222
12154,1825.0005106642222
12155,1825.0005106642222
12156,1825.0005106642222
12157,1825.0005106642222
12158,1825.0005106642222
12159,1825.0005106642222
12160,1825.0005106642222
12161,1825.0005106642222
12162,1825.0005106642222
12163,1825.0005106642222
12164,1825.0005106642222
12165,1825.0005106642222
12166,1825.0005106642222
12167,1825.0005106642222
12168,1825.0005106642222
12169,1825.0005106642222
12170,1825.0005106642222
12171,1825.0005106642222
12172,1825.0005106642222
12173,1825.0005106642222
12174,1825.0005106642222
12175,1825.0005106642222
12176,1825.0005106642222
12177,1825.0005106642222
12178,1825.0005106642222
12179,1825.0005106642222
12180,1825.0005106642222
12181,1825.0005106642222
12182,1825.0005106642222
12183,1825.0005106642222
12184,1825.0005106642222
12185,1825.0005106642222
12186,1825.0005106642222
12187,1825.0005106642222
12188,1825.0005106642222
12189,1825.0005106642222
12190,1825.0005106642222
12191,1825.0005106642222
12192,1825.0005106642222
12193,1825.0005106642222
12194,1825.0005106642222
12195,1825.0005106642222
12196,1825.0005106642222
12197,1825.0005106642222
12198,1825.0005106642222
12199,1825.0005106642222
12200,1825.0005106642222
12201,1825.0005106642222
12202,1825.0005106642222
12203,1825.0005106642222
12204,1825.0005106642222
12205,1825.0005106642222
12206,1825.0005106642222
12207,1825.0005106642222
12208,1825.0005106642222
12209,1825.0005106642222
12210,1825.0005106642222
12211,1825.0005106642222
12212,1825.0005106642222
12213,1825.0005106642222
12214,1825.0005106642222
12215,1825.0005106642222
12216,1825.0005106642222
12217,1825.0005106642222
12218,1825.0005106642222
12219,1825.0005106642222
12220,1825.0005106642222
12221,1825.0005106642222
12222,1825.0005106642222
12223,1825.0005106642222
12224,1825.0005106642222
12225,1825.0005106642222
12226,1825.0005106642222
12227,1825.0005106642222
12228,1825.0005106642222
12229,1825.0005106642222
12230,1825.0005106642222
12231,1825.0005106642222
12232,1825.0005106642222
12233,1825.0005106642222
12234,1825.0005106642222
12235,1825.0005106642222
12236,1825.0005106642222
12237,1825.0005106642222
12238,1825.0005106642222
12239,1825.0005106642222
12240,1825.0005106642222
12241,1825.0005106642222
12242,1825.0005106642222
12243,1825.0005106642222
12244,1825.0005106642222
12245,1825.0005106642222
12246,1825.0005106642222
12247,1825.0005106642222
12248,1825.0005106642222
12249,1825.0005106642222
12250,1825.0005106642222
12251,1825.0005106642222
12252,1825.0005106642222
12253,1825.0005106642222
12254,1825.0005106642222
12255,1825.0005106642222
12256,1825.0005106642222
12257,1825.0005106642222
12258,1825.0005106642222
12259,1825.0005106642222
12260,1825.0005106642222
12261,1825.0005106642222
12262,1825.0005106642222
12263,1825.0005106642222
12264,1825.0005106642222
12265,1825.0005106642222
12266,1825.0005106642222
12267,1825.0005106642222
12268,1825.0005106642222
12269,1825.0005106642222
12270,1825.0005106642222
12271,1825.0005106642222
12272,1825.0005106642222
12273,1825.0005106642222
12274,1825.0005106642222
12275,1825.0005106642222
12276,1825.0005106642222
12277,1825.0005106642222
12278,1825.0005106642222
12279,1825.0005106642222
12280,1825.0005106642222
12281,1825.0005106642222
12282,1825.0005106642222
12283,1825.0005106642222
12284,1825.0005106642222
12285,1825.0005106642222
12286,1825.0005106642222
12287,1825.0005106642222
12288,1825.0005106642222
12289,1825.0005106642222
12290,1825.0005106642222
12291,1825.0005106642222
12292,1825.0005106642222
12293,1825.0005106642222
12294,1825.0005106642222
12295,1825.0005106642222
12296,1825.0005106642222
12297,1825.0005106642222
12298,1825.0005106642222
12299,1825.0005106642222
12300,1825.0005106642222
12301,1825.0005106642222
12302,1825.0005106642222
12303,1825.0005106642222
12304,1825.0005106642222
12305,1825.0005106642222
12306,1825.0005106642222
12307,1825.0005106642222
12308,1825.0005106642222
12309,1825.0005106642222
12310,1825.0005106642222
12311,1825.0005106642222
12312,1825.0005106642222
12313,1825.0005106642222
12314,1825.0005106642222
12315,1825.0005106642222
12316,1825.0005106642222
12317,1825.0005106642222
12318,1825.0005106642222
12319,1825.0005106642222
12320,1825.0005106642222
12321,1825.0005106642222
12322,1825.0005106642222
12323,1825.0005106642222
12324,1825.0005106642222
12325,1825.0005106642222
12326,1825.0005106642222
12327,1825.0005106642222
12328,1825.0005106642222
12329,1825.0005106642222
12330,1825.0005106642222
12331,1825.0005106642222
12332,1825.0005106642222
12333,1825.0005106642222
12334,1825.0005106642222
12335,1825.0005106642222
12336,1825.0005106642222
12337,1825.0005106642222
12338,1825.0005106642222
12339,1825.0005106642222
12340,1825.0005106642222
12341,1825.0005106642222
12342,1825.0005106642222
12343,1825.0005106642222
12344,1825.0005106642222
12345,1825.0005106642222
12346,1825.0005106642222
12347,1825.0005106642222
12348,1825.0005106642222
12349,1825.0005106642222
12350,1825.0005106642222
12351,1825.0005106642222
12352,1825.0005106642222
12353,1825.0005106642222
12354,1825.0005106642222
12355,1825.0005106642222
12356,1825.0005106642222
12357,1825.0005106642222
12358,1825.0005106642222
12359,1825.0005106642222
12360,1825.0005106642222
12361,1825.0005106642222
12362,1825.0005106642222
12363,1825.0005106642222
12364,1825.0005106642222
12365,1825.0005106642222
12366,1825.0005106642222
12367,1825.0005106642222
12368,1825.0005106642222
12369,1825.0005106642222
12370,1825.0005106642222
12371,1825.0005106642222
12372,1825.0005106642222
12373,1825.0005106642222
12374,1825.0005106642222
12375,1825.0005106642222
12376,1825.0005106642222
12377,1825.0005106642222
12378,1825.0005106642222
12379,1825.0005106642222
12380,1825.0005106642222
12381,1825.0005106642222
12382,1825.0005106642222
12383,1825.0005106642222
12384,1825.0005106642222
12385,1825.0005106642222
12386,1825.0005106642222
12387,1825.0005106642222
12388,1825.0005106642222
12389,1825.0005106642222
12390,1825.0005106642222
12391,1825.0005106642222
12392,1825.0005106642222
12393,1825.0005106642222
12394,1825.0005106642222
12395,1825.0005106642222
12396,1825.0005106642222
12397,1825.0005106642222
12398,1825.0005106642222
12399,1825.0005106642222
12400,1825.0005106642222
12401,1825.0005106642222
12402,1825.0005106642222
12403,1825.0005106642222
12404,1825.0005106642222
12405,1825.0005106642222
12406,1825.0005106642222
12407,1825.0005106642222
12408,1825.0005106642222
12409,1825.0005106642222
12410,1825.0005106642222
12411,1825.0005106642222
12412,1825.0005106642222
12413,1825.0005106642222
12414,1825.0005106642222
12415,1825.0005106642222
12416,1825.0005106642222
12417,1825.0005106642222
12418,1825.0005106642222
12419,1825.0005106642222
12420,1825.0005106642222
12421,1825.0005106642222
12422,1825.0005106642222
12423,1825.0005106642222
12424,1825.0005106642222
12425,1825.0005106642222
12426,1825.0005106642222
12427,1825.0005106642222
12428,1825.0005106642222
12429,1825.0005106642222
12430,1825.0005106642222
12431,1825.0005106642222
12432,1825.0005106642222
12433,1825.0005106642222
12434,1825.0005106642222
12435,1825.0005106642222
12436,1825.0005106642222
12437,1825.0005106642222
12438,1825.0005106642222
12439,1825.0005106642222
12440,1825.0005106642222
12441,1825.0005106642222
12442,1825.0005106642222
12443,1825.0005106642222
12444,1825.0005106642222
12445,1825.0005106642222
12446,1825.0005106642222
12447,1825.0005106642222
12448,1825.0005106642222
12449,1825.0005106642222
12450,1825.0005106642222
12451,1825.0005106642222
12452,1825.0005106642222
12453,1825.0005106642222
12454,1825.0005106642222
12455,1825.0005106642222
12456,1825.0005106642222
12457,1825.0005106642222
12458,1825.0005106642222
12459,1825.0005106642222
12460,1825.0005106642222
12461,1825.0005106642222
12462,1825.0005106642222
12463,1825.0005106642222
12464,1825.0005106642222
12465,1825.0005106642222
12466,1825.0005106642222
12467,1825.0005106642222
12468,1825.0005106642222
12469,1825.0005106642222
12470,1825.0005106642222
12471,1825.0005106642222
12472,1825.0005106642222
12473,1825.0005106642222
12474,1825.0005106642222
12475,1825.0005106642222
12476,1825.0005106642222
12477,1825.0005106642222
12478,1825.0005106642222
12479,1825.0005106642222
12480,1825.0005106642222
12481,1825.0005106642222
12482,1825.0005106642222
12483,1825.0005106642222
12484,1825.0005106642222
12485,1825.0005106642222
12486,1825.0005106642222
12487,1825.0005106642222
12488,1825.0005106642222
12489,1825.0005106642222
12490,1825.0005106642222
12491,1825.0005106642222
12492,1825.0005106642222
12493,1825.0005106642222
12494,1825.0005106642222
12495,1825.0005106642222
12496,1825.0005106642222
12497,1825.0005106642222
12498,1825.0005106642222
12499,1825.0005106642222
12500,1825.0005106642222
12501,1825.0005106642222
12502,1825.0005106642222
12503,1825.0005106642222
12504,1825.0005106642222
12505,1825.0005106642222
12506,1825.0005106642222
12507,1825.0005106642222
12508,1825.0005106642222
12509,1825.0005106642222
12510,1825.0005106642222
12511,1825.0005106642222
12512,1825.0005106642222
12513,1825.0005106642222
12514,1825.0005106642222
12515,1825.0005106642222
12516,1825.0005106642222
12517,1825.0005106642222
12518,1825.0005106642222
12519,1825.0005106642222
12520,1825.0005106642222
12521,1825.0005106642222
12522,1825.0005106642222
12523,1825.0005106642222
12524,1825.0005106642222
12525,1825.0005106642222
12526,1825.0005106642222
12527,1825.0005106642222
12528,1825.0005106642222
12529,1825.0005106642222
12530,1825.0005106642222
12531,1825.0005106642222
12532,1825.0005106642222
12533,1825.0005106642222
12534,1825.0005106642222
12535,1825.0005106642222
12536,1825.0005106642222
12537,1825.0005106642222
12538,1825.0005106642222
12539,1825.0005106642222
12540,1825.0005106642222
12541,1825.0005106642222
12542,1825.0005106642222
12543,1825.0005106642222
12544,1825.0005106642222
12545,1825.0005106642222
12546,1825.0005106642222
12547,1825.0005106642222
12548,1825.0005106642222
12549,1825.0005106642222
12550,1825.0005106642222
12551,1825.0005106642222
12552,1825.0005106642222
12553,1825.0005106642222
12554,1825.0005106642222
12555,1825.0005106642222
12556,1825.0005106642222
12557,1825.0005106642222
12558,1825.0005106642222
12559,1825.0005106642222
12560,1825.0005106642222
12561,1825.0005106642222
12562,1825.0005106642222
12563,1825.0005106642222
12564,1825.0005106642222
12565,1825.0005106642222
12566,1825.0005106642222
12567,1825.0005106642222
12568,1825.0005106642222
12569,1825.0005106642222
12570,1825.0005106642222
12571,1825.0005106642222
12572,1825.0005106642222
12573,1825.0005106642222
12574,1825.0005106642222
12575,1825.0005106642222
12576,1825.0005106642222
12577,1825.0005106642222
12578,1825.0005106642222
12579,1825.0005106642222
12580,1825.0005106642222
12581,1825.0005106642222
12582,1825.0005106642222
12583,1825.0005106642222
12584,1825.0005106642222
12585,1825.0005106642222
12586,1825.0005106642222
12587,1825.0005106642222
12588,1825.0005106642222
12589,1825.0005106642222
12590,1825.0005106642222
12591,1825.0005106642222
12592,1825.0005106642222
12593,1825.0005106642222
12594,1825.0005106642222
12595,1825.0005106642222
12596,1825.0005106642222
12597,1825.0005106642222
12598,1825.0005106642222
12599,1825.0005106642222
12600,1825.0005106642222
12601,1825.0005106642222
12602,1825.0005106642222
12603,1825.0005106642222
12604,1825.0005106642222
12605,1825.0005106642222
12606,1825.0005106642222
12607,1825.0005106642222
12608,1825.0005106642222
12609,1825.0005106642222
12610,1825.0005106642222
12611,1825.0005106642222
12612,1825.0005106642222
12613,1825.0005106642222
12614,1825.0005106642222
12615,1825.0005106642222
12616,1825.0005106642222
12617,1825.0005106642222
12618,1825.0005106642222
12619,1825.0005106642222
12620,1825.0005106642222
12621,1825.0005106642222
12622,1825.0005106642222
12623,1825.0005106642222
12624,1825.0005106642222
12625,1825.0005106642222
12626,1825.0005106642222
12627,1825.0005106642222
12628,1825.0005106642222
12629,1825.0005106642222
12630,1825.0005106642222
12631,1825.0005106642222
12632,1825.0005106642222
12633,1825.0005106642222
12634,1825.0005106642222
12635,1825.0005106642222
12636,1825.0005106642222
12637,1825.0005106642222
12638,1825.0005106642222
12639,1825.0005106642222
12640,1825.0005106642222
12641,1825.0005106642222
12642,1825.0005106642222
12643,1825.0005106642222
12644,1825.0005106642222
12645,1825.0005106642222
12646,1825.0005106642222
12647,1825.0005106642222
12648,1825.0005106642222
12649,1825.0005106642222
12650,1825.0005106642222
12651,1825.0005106642222
12652,1825.0005106642222
12653,1825.0005106642222
12654,1825.0005106642222
12655,1825.0005106642222
12656,1825.0005106642222
12657,1825.0005106642222
12658,1825.0005106642222
12659,1825.0005106642222
12660,1825.0005106642222
12661,1825.0005106642222
12662,1825.0005106642222
12663,1825.0005106642222
12664,1825.0005106642222
12665,1825.0005106642222
12666,1825.0005106642222
12667,1825.0005106642222
12668,1825.0005106642222
12669,1825.0005106642222
12670,1825.0005106642222
12671,1825.0005106642222
12672,1825.0005106642222
12673,1825.0005106642222
12674,1825.0005106642222
12675,1825.0005106642222
12676,1825.0005106642222
12677,1825.0005106642222
12678,1825.0005106642222
12679,1825.0005106642222
12680,1825.0005106642222
12681,1825.0005106642222
12682,1825.0005106642222
12683,1825.0005106642222
12684,1825.0005106642222
12685,1825.0005106642222
12686,1825.0005106642222
12687,1825.0005106642222
12688,1825.0005106642222
12689,1825.0005106642222
12690,1825.0005106642222
12691,1825.0005106642222
12692,1825.0005106642222
12693,1825.0005106642222
12694,1825.0005106642222
12695,1825.0005106642222
12696,1825.0005106642222
12697,1825.0005106642222
12698,1825.0005106642222
12699,1825.0005106642222
12700,1825.0005106642222
12701,1825.0005106642222
12702,1825.0005106642222
12703,1825.0005106642222
12704,1825.0005106642222
12705,1825.0005106642222
12706,1825.0005106642222
12707,1825.0005106642222
12708,1825.0005106642222
12709,1825.0005106642222
12710,1825.0005106642222
12711,1825.0005106642222
12712,1825.0005106642222
12713,1825.0005106642222
12714,1825.0005106642222
12715,1825.0005106642222
12716,1825.0005106642222
12717,1825.0005106642222
12718,1825.0005106642222
12719,1825.0005106642222
12720,1825.0005106642222
12721,1825.0005106642222
12722,1825.0005106642222
12723,1825.0005106642222
12724,1825.0005106642222
12725,1825.0005106642222
12726,1825.0005106642222
12727,1825.0005106642222
12728,1825.0005106642222
12729,1825.0005106642222
12730,1825.0005106642222
12731,1825.0005106642222
12732,1825.0005106642222
12733,1825.0005106642222
12734,1825.0005106642222
12735,1825.0005106642222
12736,1825.0005106642222
12737,1825.0005106642222
12738,1825.0005106642222
12739,1825.0005106642222
12740,1825.0005106642222
12741,1825.0005106642222
12742,1825.0005106642222
12743,1825.0005106642222
12744,1825.0005106642222
12745,1825.0005106642222
12746,1825.0005106642222
12747,1825.0005106642222
12748,1825.0005106642222
12749,1825.0005106642222
12750,1825.0005106642222
12751,1825.0005106642222
12752,1825.0005106642222
12753,1825.0005106642222
12754,1825.0005106642222
12755,1825.0005106642222
12756,1825.0005106642222
12757,1825.0005106642222
12758,1825.0005106642222
12759,1825.0005106642222
12760,1825.0005106642222
12761,1825.0005106642222
12762,1825.0005106642222
12763,1825.0005106642222
12764,1825.0005106642222
12765,1825.0005106642222
12766,1825.0005106642222
12767,1825.0005106642222
12768,1825.0005106642222
12769,1825.0005106642222
12770,1825.0005106642222
12771,1825.0005106642222
12772,1825.0005106642222
12773,1825.0005106642222
12774,1825.0005106642222
12775,1825.0005106642222
12776,1825.0005106642222
12777,1825.0005106642222
12778,1825.0005106642222
12779,1825.0005106642222
12780,1825.0005106642222
12781,1825.0005106642222
12782,1825.0005106642222
12783,1825.0005106642222
12784,1825.0005106642222
12785,1825.0005106642222
12786,1825.0005106642222
12787,1825.0005106642222
12788,1825.0005106642222
12789,1825.0005106642222
12790,1825.0005106642222
12791,1825.0005106642222
12792,1825.0005106642222
12793,1825.0005106642222
12794,1825.0005106642222
12795,1825.0005106642222
12796,1825.0005106642222
12797,1825.0005106642222
12798,1825.0005106642222
12799,1825.0005106642222
12800,1825.0005106642222
12801,1825.0005106642222
12802,1825.0005106642222
12803,1825.0005106642222
12804,1825.0005106642222
12805,1825.0005106642222
12806,1825.0005106642222
12807,1825.0005106642222
12808,1825.0005106642222
12809,1825.0005106642222
12810,1825.0005106642222
12811,1825.0005106642222
12812,1825.0005106642222
12813,1825.0005106642222
12814,1825.0005106642222
12815,1825.0005106642222
12816,1825.0005106642222
12817,1825.0005106642222
12818,1825.0005106642222
12819,1825.0005106642222
12820,1825.0005106642222
12821,1825.0005106642222
12822,1825.0005106642222
12823,1825.0005106642222
12824,1825.0005106642222
12825,1825.0005106642222
12826,1825.0005106642222
12827,1825.0005106642222
12828,1825.0005106642222
12829,1825.0005106642222
12830,1825.0005106642222
12831,1825.0005106642222
12832,1825.0005106642222
12833,1825.0005106642222
12834,1825.0005106642222
12835,1825.0005106642222
12836,1825.0005106642222
12837,1825.0005106642222
12838,1825.0005106642222
12839,1825.0005106642222
12840,1825.0005106642222
12841,1825.0005106642222
12842,1825.0005106642222
12843,1825.0005106642222
12844,1825.0005106642222
12845,1825.0005106642222
12846,1825.0005106642222
12847,1825.0005106642222
12848,1825.0005106642222
12849,1825.0005106642222
12850,1825.0005106642222
12851,1825.0005106642222
12852,1825.0005106642222
12853,1825.0005106642222
12854,1825.0005106642222
12855,1825.0005106642222
12856,1825.0005106642222
12857,1825.0005106642222
12858,1825.0005106642222
12859,1825.0005106642222
12860,1825.0005106642222
12861,1825.0005106642222
12862,1825.0005106642222
12863,1825.0005106642222
12864,1825.0005106642222
12865,1825.0005106642222
12866,1825.0005106642222
12867,1825.0005106642222
12868,1825.0005106642222
12869,1825.0005106642222
12870,1825.0005106642222
12871,1825.0005106642222
12872,1825.0005106642222
12873,1825.0005106642222
12874,1825.0005106642222
12875,1825.0005106642222
12876,1825.0005106642222
12877,1825.0005106642222
12878,1825.0005106642222
12879,1825.0005106642222
12880,1825.0005106642222
12881,1825.0005106642222
12882,1825.0005106642222
12883,1825.0005106642222
12884,1825.0005106642222
12885,1825.0005106642222
12886,1825.0005106642222
12887,1825.0005106642222
12888,1825.0005106642222
12889,1825.0005106642222
12890,1825.0005106642222
12891,1825.0005106642222
12892,1825.0005106642222
12893,1825.0005106642222
12894,1825.0005106642222
12895,1825.0005106642222
12896,1825.0005106642222
12897,1825.0005106642222
12898,1825.0005106642222
12899,1825.0005106642222
12900,1825.0005106642222
12901,1825.0005106642222
12902,1825.0005106642222
12903,1825.0005106642222
12904,1825.0005106642222
12905,1825.0005106642222
12906,1825.0005106642222
12907,1825.0005106642222
12908,1825.0005106642222
12909,1825.0005106642222
12910,1825.0005106642222
12911,1825.0005106642222
12912,1825.0005106642222
12913,1825.0005106642222
12914,1825.0005106642222
12915,1825.0005106642222
12916,1825.0005106642222
12917,1825.0005106642222
12918,1825.0005106642222
12919,1825.0005106642222
12920,1825.0005106642222
12921,1825.0005106642222
12922,1825.0005106642222
12923,1825.0005106642222
12924,1825.0005106642222
12925,1825.0005106642222
12926,1825.0005106642222
12927,1825.0005106642222
12928,1825.0005106642222
12929,1825.0005106642222
12930,1825.0005106642222
12931,1825.0005106642222
12932,1825.0005106642222
12933,1825.0005106642222
12934,1825.0005106642222
12935,1825.0005106642222
12936,1825.0005106642222
12937,1825.0005106642222
12938,1825.0005106642222
12939,1825.0005106642222
12940,1825.0005106642222
12941,1825.0005106642222
12942,1825.0005106642222
12943,1825.0005106642222
12944,1825.0005106642222
12945,1825.0005106642222
12946,1825.0005106642222
12947,1825.0005106642222
12948,1825.0005106642222
12949,1825.0005106642222
12950,1825.0005106642222
12951,1825.0005106642222
12952,1825.0005106642222
12953,1825.0005106642222
12954,1825.0005106642222
12955,1825.0005106642222
12956,1825.0005106642222
12957,1825.0005106642222
12958,1825.0005106642222
12959,1825.0005106642222
12960,1825.0005106642222
12961,1825.0005106642222
12962,1825.0005106642222
12963,1825.0005106642222
12964,1825.0005106642222
12965,1825.0005106642222
12966,1825.0005106642222
12967,1825.0005106642222
12968,1825.0005106642222
12969,1825.0005106642222
12970,1825.0005106642222
12971,1825.0005106642222
12972,1825.0005106642222
12973,1825.0005106642222
12974,1825.0005106642222
12975,1825.0005106642222
12976,1825.0005106642222
12977,1825.0005106642222
12978,1825.0005106642222
12979,1825.0005106642222
12980,1825.0005106642222
12981,1825.0005106642222
12982,1825.0005106642222
12983,1825.0005106642222
12984,1825.0005106642222
12985,1825.0005106642222
12986,1825.0005106642222
12987,1825.0005106642222
12988,1825.0005106642222
12989,1825.0005106642222
12990,1825.0005106642222
12991,1825.0005106642222
12992,1825.0005106642222
12993,1825.0005106642222
12994,1825.0005106642222
12995,1825.0005106642222
12996,1825.0005106642222
12997,1825.0005106642222
12998,1825.0005106642222
12999,1825.0005106642222
13000,1825.0005106642222
13001,1825.0005106642222
13002,1825.0005106642222
13003,1825.0005106642222
13004,1825.0005106642222
13005,1825.0005106642222
13006,1825.0005106642222
13007,1825.0005106642222
13008,1825.0005106642222
13009,1825.0005106642222
13010,1825.0005106642222
13011,1825.0005106642222
13012,1825.0005106642222
13013,1825.0005106642222
13014,1825.0005106642222
13015,1825.0005106642222
13016,1825.0005106642222
13017,1825.0005106642222
13018,1825.0005106642222
13019,1825.0005106642222
13020,1825.0005106642222
13021,1825.0005106642222
13022,1825.0005106642222
13023,1825.0005106642222
13024,1825.0005106642222
13025,1825.0005106642222
13026,1825.0005106642222
13027,1825.0005106642222
13028,1825.0005106642222
13029,1825.0005106642222
13030,1825.0005106642222
13031,1825.0005106642222
13032,1825.0005106642222
13033,1825.0005106642222
13034,1825.0005106642222
13035,1825.0005106642222
13036,1825.0005106642222
13037,1825.0005106642222
13038,1825.0005106642222
13039,1825.0005106642222
13040,1825.0005106642222
13041,1825.0005106642222
13042,1825.0005106642222
13043,1825.0005106642222
13044,1825.0005106642222
13045,1825.0005106642222
13046,1825.0005106642222
13047,1825.0005106642222
13048,1825.0005106642222
13049,1825.0005106642222
13050,1825.0005106642222
13051,1825.0005106642222
13052,1825.0005106642222
13053,1825.0005106642222
13054,1825.0005106642222
13055,1825.0005106642222
13056,1825.0005106642222
13057,1825.0005106642222
13058,1825.0005106642222
13059,1825.0005106642222
13060,1825.0005106642222
13061,1825.0005106642222
13062,1825.0005106642222
13063,1825.0005106642222
13064,1825.0005106642222
13065,1825.0005106642222
13066,1825.0005106642222
13067,1825.0005106642222
13068,1825.0005106642222
13069,1825.0005106642222
13070,1825.0005106642222
13071,1825.0005106642222
13072,1825.0005106642222
13073,1825.0005106642222
13074,1825.0005106642222
13075,1825.0005106642222
13076,1825.0005106642222
13077,1825.0005106642222
13078,1825.0005106642222
13079,1825.0005106642222
13080,1825.0005106642222
13081,1825.0005106642222
13082,1825.0005106642222
13083,1825.0005106642222
13084,1825.0005106642222
13085,1825.0005106642222
13086,1825.0005106642222
13087,1825.0005106642222
13088,1825.0005106642222
13089,1825.0005106642222
13090,1825.0005106642222
13091,1825.0005106642222
13092,1825.0005106642222
13093,1825.0005106642222
13094,1825.0005106642222
13095,1825.0005106642222
13096,1825.0005106642222
13097,1825.0005106642222
13098,1825.0005106642222
13099,1825.0005106642222
13100,1825.0005106642222
13101,1825.0005106642222
13102,1825.0005106642222
13103,1825.0005106642222
13104,1825.0005106642222
13105,1825.0005106642222
13106,1825.0005106642222
13107,1825.0005106642222
13108,1825.0005106642222
13109,1825.0005106642222
13110,1825.0005106642222
13111,1825.0005106642222
13112,1825.0005106642222
13113,1825.0005106642222
13114,1825.0005106642222
13115,1825.0005106642222
13116,1825.0005106642222
13117,1825.0005106642222
13118,1825.0005106642222
13119,1825.0005106642222
13120,1825.0005106642222
13121,1825.0005106642222
13122,1825.0005106642222
13123,1825.0005106642222
13124,1825.0005106642222
13125,1825.0005106642222
13126,1825.0005106642222
13127,1825.0005106642222
13128,1825.0005106642222
13129,1825.0005106642222
13130,1825.0005106642222
13131,1825.0005106642222
13132,1825.0005106642222
13133,1825.0005106642222
13134,1825.0005106642222
13135,1825.0005106642222
13136,1825.0005106642222
13137,1825.0005106642222
13138,1825.0005106642222
13139,1825.0005106642222
13140,1825.0005106642222
13141,1825.0005106642222
13142,1825.0005106642222
13143,1825.0005106642222
13144,1825.0005106642222
13145,1825.0005106642222
13146,1825.0005106642222
13147,1825.0005106642222
13148,1825.0005106642222
13149,1825.0005106642222
13150,1825.0005106642222
13151,1825.0005106642222
13152,1825.0005106642222
13153,1825.0005106642222
13154,1825.0005106642222
13155,1825.0005106642222
13156,1825.0005106642222
13157,1825.0005106642222
13158,1825.0005106642222
13159,1825.0005106642222
13160,1825.0005106642222
13161,1825.0005106642222
13162,1825.0005106642222
13163,1825.0005106642222
13164,1825.0005106642222
13165,1825.0005106642222
13166,1825.0005106642222
13167,1825.0005106642222
13168,1825.0005106642222
13169,1825.0005106642222
13170,1825.0005106642222
13171,1825.0005106642222
13172,1825.0005106642222
13173,1825.0005106642222
13174,1825.0005106642222
13175,1825.0005106642222
13176,1825.0005106642222
13177,1825.0005106642222
13178,1825.0005106642222
13179,1825.0005106642222
13180,1825.0005106642222
13181,1825.0005106642222
13182,1825.0005106642222
13183,1825.0005106642222
13184,1825.0005106642222
13185,1825.0005106642222
13186,1825.0005106642222
13187,1825.0005106642222
13188,1825.0005106642222
13189,1825.0005106642222
13190,1825.0005106642222
13191,1825.0005106642222
13192,1825.0005106642222
13193,1825.0005106642222
13194,1825.0005106642222
13195,1825.0005106642222
13196,1825.0005106642222
13197,1825.0005106642222
13198,1825.0005106642222
13199,1825.0005106642222
13200,1825.0005106642222
13201,1825.0005106642222
13202,1825.0005106642222
13203,1825.0005106642222
13204,1825.0005106642222
13205,1825.0005106642222
13206,1825.0005106642222
13207,1825.0005106642222
13208,1825.0005106642222
13209,1825.0005106642222
13210,1825.0005106642222
13211,1825.0005106642222
13212,1825.0005106642222
13213,1825.0005106642222
13214,1825.0005106642222
13215,1825.0005106642222
13216,1825.0005106642222
13217,1825.0005106642222
13218,1825.0005106642222
13219,1825.0005106642222
13220,1825.0005106642222
13221,1825.0005106642222
13222,1825.0005106642222
13223,1825.0005106642222
13224,1825.0005106642222
13225,1825.0005106642222
13226,1825.0005106642222
13227,1825.0005106642222
13228,1825.0005106642222
13229,1825.0005106642222
13230,1825.0005106642222
13231,1825.0005106642222
13232,1825.0005106642222
13233,1825.0005106642222
13234,1825.0005106642222
13235,1825.0005106642222
13236,1825.0005106642222
13237,1825.0005106642222
13238,1825.0005106642222
13239,1825.0005106642222
13240,1825.0005106642222
13241,1825.0005106642222
13242,1825.0005106642222
13243,1825.0005106642222
13244,1825.0005106642222
13245,1825.0005106642222
13246,1825.0005106642222
13247,1825.0005106642222
13248,1825.0005106642222
13249,1825.0005106642222
13250,1825.0005106642222
13251,1825.0005106642222
13252,1825.0005106642222
13253,1825.0005106642222
13254,1825.0005106642222
13255,1825.0005106642222
13256,1825.0005106642222
13257,1825.0005106642222
13258,1825.0005106642222
13259,1825.0005106642222
13260,1825.0005106642222
13261,1825.0005106642222
13262,1825.0005106642222
13263,1825.0005106642222
13264,1825.0005106642222
13265,1825.0005106642222
13266,1825.0005106642222
13267,1825.0005106642222
13268,1825.0005106642222
13269,1825.0005106642222
13270,1825.0005106642222
13271,1825.0005106642222
13272,1825.0005106642222
13273,1825.0005106642222
13274,1825.0005106642222
13275,1825.0005106642222
13276,1825.0005106642222
13277,1825.0005106642222
13278,1825.0005106642222
13279,1825.0005106642222
13280,1825.0005106642222
13281,1825.0005106642222
13282,1825.0005106642222
13283,1825.0005106642222
13284,1825.0005106642222
13285,1825.0005106642222
13286,1825.0005106642222
13287,1825.0005106642222
13288,1825.0005106642222
13289,1825.0005106642222
13290,1825.0005106642222
13291,1825.0005106642222
13292,1825.0005106642222
13293,1825.0005106642222
13294,1825.0005106642222
13295,1825.0005106642222
13296,1825.0005106642222
13297,1825.0005106642222
13298,1825.0005106642222
13299,1825.0005106642222
13300,1825.0005106642222
13301,1825.0005106642222
13302,1825.0005106642222
13303,1825.0005106642222
13304,1825.0005106642222
13305,1825.0005106642222
13306,1825.0005106642222
13307,1825.0005106642222
13308,1825.0005106642222
13309,1825.0005106642222
13310,1825.0005106642222
13311,1825.0005106642222
13312,1825.0005106642222
13313,1825.0005106642222
13314,1825.0005106642222
13315,1825.0005106642222
13316,1825.0005106642222
13317,1825.0005106642222
13318,1825.0005106642222
13319,1825.0005106642222
13320,1825.0005106642222
13321,1825.0005106642222
13322,1825.0005106642222
13323,1825.0005106642222
13324,1825.0005106642222
13325,1825.0005106642222
13326,1825.0005106642222
13327,1825.0005106642222
13328,1825.0005106642222
13329,1825.0005106642222
13330,1825.0005106642222
13331,1825.0005106642222
13332,1825.0005106642222
13333,1825.0005106642222
13334,1825.0005106642222
13335,1825.0005106642222
13336,1825.0005106642222
13337,1825.0005106642222
13338,1825.0005106642222
13339,1825.0005106642222
13340,1825.0005106642222
13341,1825.0005106642222
13342,1825.0005106642222
13343,1825.0005106642222
13344,1825.0005106642222
13345,1825.0005106642222
13346,1825.0005106642222
13347,1825.0005106642222
13348,1825.0005106642222
13349,1825.0005106642222
13350,1825.0005106642222
13351,1825.0005106642222
13352,1825.0005106642222
13353,1825.0005106642222
13354,1825.0005106642222
13355,1825.0005106642222
13356,1825.0005106642222
13357,1825.0005106642222
13358,1825.0005106642222
13359,1825.0005106642222
13360,1825.0005106642222
13361,1825.0005106642222
13362,1825.0005106642222
13363,1825.0005106642222
13364,1825.0005106642222
13365,1825.0005106642222
13366,1825.0005106642222
13367,1825.0005106642222
13368,1825.0005106642222
13369,1825.0005106642222
13370,1825.0005106642222
13371,1825.0005106642222
13372,1825.0005106642222
13373,1825.0005106642222
13374,1825.0005106642222
13375,1825.0005106642222
13376,1825.0005106642222
13377,1825.0005106642222
13378,1825.0005106642222
13379,1825.0005106642222
13380,1825.0005106642222
13381,1825.0005106642222
13382,1825.0005106642222
13383,1825.0005106642222
13384,1825.0005106642222
13385,1825.0005106642222
13386,1825.0005106642222
13387,1825.0005106642222
13388,1825.0005106642222
13389,1825.0005106642222
13390,1825.0005106642222
13391,1825.0005106642222
13392,1825.0005106642222
13393,1825.0005106642222
13394,1825.0005106642222
13395,1825.0005106642222
13396,1825.0005106642222
13397,1825.0005106642222
13398,1825.0005106642222
13399,1825.0005106642222
13400,1825.0005106642222
13401,1825.0005106642222
13402,1825.0005106642222
13403,1825.0005106642222
13404,1825.0005106642222
13405,1825.0005106642222
13406,1825.0005106642222
13407,1825.0005106642222
13408,1825.0005106642222
13409,1825.0005106642222
13410,1825.0005106642222
13411,1825.0005106642222
13412,1825.0005106642222
13413,1825.0005106642222
13414,1825.0005106642222
13415,1825.0005106642222
13416,1825.0005106642222
13417,1825.0005106642222
13418,1825.0005106642222
13419,1825.0005106642222
13420,1825.0005106642222
13421,1825.0005106642222
13422,1825.0005106642222
13423,1825.0005106642222
13424,1825.0005106642222
13425,1825.0005106642222
13426,1825.0005106642222
13427,1825.0005106642222
13428,1825.0005106642222
13429,1825.0005106642222
13430,1825.0005106642222
13431,1825.0005106642222
13432,1825.0005106642222
13433,1825.0005106642222
13434,1825.0005106642222
13435,1825.0005106642222
13436,1825.0005106642222
13437,1825.0005106642222
13438,1825.0005106642222
13439,1825.0005106642222
13440,1825.0005106642222
13441,1825.0005106642222
13442,1825.0005106642222
13443,1825.0005106642222
13444,1825.0005106642222
13445,1825.0005106642222
13446,1825.0005106642222
13447,1825.0005106642222
13448,1825.0005106642222
13449,1825.0005106642222
13450,1825.0005106642222
13451,1825.0005106642222
13452,1825.0005106642222
13453,1825.0005106642222
13454,1825.0005106642222
13455,1825.0005106642222
13456,1825.0005106642222
13457,1825.0005106642222
13458,1825.0005106642222
13459,1825.0005106642222
13460,1825.0005106642222
13461,1825.0005106642222
13462,1825.0005106642222
13463,1825.0005106642222
13464,1825.0005106642222
13465,1825.0005106642222
13466,1825.0005106642222
13467,1825.0005106642222
13468,1825.0005106642222
13469,1825.0005106642222
13470,1825.0005106642222
13471,1825.0005106642222
13472,1825.0005106642222
13473,1825.0005106642222
13474,1825.0005106642222
13475,1825.0005106642222
13476,1825.0005106642222
13477,1825.0005106642222
13478,1825.0005106642222
13479,1825.0005106642222
13480,1825.0005106642222
13481,1825.0005106642222
13482,1825.0005106642222
13483,1825.0005106642222
13484,1825.0005106642222
13485,1825.0005106642222
13486,1825.0005106642222
13487,1825.0005106642222
13488,1825.0005106642222
13489,1825.0005106642222
13490,1825.0005106642222
13491,1825.0005106642222
13492,1825.0005106642222
13493,1825.0005106642222
13494,1825.0005106642222
13495,1825.0005106642222
13496,1825.0005106642222
13497,1825.0005106642222
13498,1825.0005106642222
13499,1825.0005106642222
13500,1825.0005106642222
13501,1825.0005106642222
13502,1825.0005106642222
13503,1825.0005106642222
13504,1825.0005106642222
13505,1825.0005106642222
13506,1825.0005106642222
13507,1825.0005106642222
13508,1825.0005106642222
13509,1825.0005106642222
13510,1825.0005106642222
13511,1825.0005106642222
13512,1825.0005106642222
13513,1825.0005106642222
13514,1825.0005106642222
13515,1825.0005106642222
13516,1825.0005106642222
13517,1825.0005106642222
13518,1825.0005106642222
13519,1825.0005106642222
13520,1825.0005106642222
13521,1825.0005106642222
13522,1825.0005106642222
13523,1825.0005106642222
13524,1825.0005106642222
13525,1825.0005106642222
13526,1825.0005106642222
13527,1825.0005106642222
13528,1825.0005106642222
13529,1825.0005106642222
13530,1825.0005106642222
13531,1825.0005106642222
13532,1825.0005106642222
13533,1825.0005106642222
13534,1825.0005106642222
13535,1825.0005106642222
13536,1825.0005106642222
13537,1825.0005106642222
13538,1825.0005106642222
13539,1825.0005106642222
13540,1825.0005106642222
13541,1825.0005106642222
13542,1825.0005106642222
13543,1825.0005106642222
13544,1825.0005106642222
13545,1825.0005106642222
13546,1825.0005106642222
13547,1825.0005106642222
13548,1825.0005106642222
13549,1825.0005106642222
13550,1825.0005106642222
13551,1825.0005106642222
13552,1825.0005106642222
13553,1825.0005106642222
13554,1825.0005106642222
13555,1825.0005106642222
13556,1825.0005106642222
13557,1825.0005106642222
13558,1825.0005106642222
13559,1825.0005106642222
13560,1825.0005106642222
13561,1825.0005106642222
13562,1825.0005106642222
13563,1825.0005106642222
13564,1825.0005106642222
13565,1825.0005106642222
13566,1825.0005106642222
13567,1825.0005106642222
13568,1825.0005106642222
13569,1825.0005106642222
13570,1825.0005106642222
13571,1825.0005106642222
13572,1825.0005106642222
13573,1825.0005106642222
13574,1825.0005106642222
13575,1825.0005106642222
13576,1825.0005106642222
13577,1825.0005106642222
13578,1825.0005106642222
13579,1825.0005106642222
13580,1825.0005106642222
13581,1825.0005106642222
13582,1825.0005106642222
13583,1825.0005106642222
13584,1825.0005106642222
13585,1825.0005106642222
13586,1825.0005106642222
13587,1825.0005106642222
13588,1825.0005106642222
13589,1825.0005106642222
13590,1825.0005106642222
13591,1825.0005106642222
13592,1825.0005106642222
13593,1825.0005106642222
13594,1825.0005106642222
13595,1825.0005106642222
13596,1825.0005106642222
13597,1825.0005106642222
13598,1825.0005106642222
13599,1825.0005106642222
13600,1825.0005106642222
13601,1825.0005106642222
13602,1825.0005106642222
13603,1825.0005106642222
13604,1825.0005106642222
13605,1825.0005106642222
13606,1825.0005106642222
13607,1825.0005106642222
13608,1825.0005106642222
13609,1825.0005106642222
13610,1825.0005106642222
13611,1825.0005106642222
13612,1825.0005106642222
13613,1825.0005106642222
13614,1825.0005106642222
13615,1825.0005106642222
13616,1825.0005106642222
13617,1825.0005106642222
13618,1825.0005106642222
13619,1825.0005106642222
13620,1825.0005106642222
13621,1825.0005106642222
13622,1825.0005106642222
13623,1825.0005106642222
13624,1825.0005106642222
13625,1825.0005106642222
13626,1825.0005106642222
13627,1825.0005106642222
13628,1825.0005106642222
13629,1825.0005106642222
13630,1825.0005106642222
13631,1825.0005106642222
13632,1825.0005106642222
13633,1825.0005106642222
13634,1825.0005106642222
13635,1825.0005106642222
13636,1825.0005106642222
13637,1825.0005106642222
13638,1825.0005106642222
13639,1825.0005106642222
13640,1825.0005106642222
13641,1825.0005106642222
13642,1825.0005106642222
13643,1825.0005106642222
13644,1825.0005106642222
13645,1825.0005106642222
13646,1825.0005106642222
13647,1825.0005106642222
13648,1825.0005106642222
13649,1825.0005106642222
13650,1825.0005106642222
13651,1825.0005106642222
13652,1825.0005106642222
13653,1825.0005106642222
13654,1825.0005106642222
13655,1825.0005106642222
13656,1825.0005106642222
13657,1825.0005106642222
13658,1825.0005106642222
13659,1825.0005106642222
13660,1825.0005106642222
13661,1825.0005106642222
13662,1825.0005106642222
13663,1825.0005106642222
13664,1825.0005106642222
13665,1825.0005106642222
13666,1825.0005106642222
13667,1825.0005106642222
13668,1825.0005106642222
13669,1825.0005106642222
13670,1825.0005106642222
13671,1825.0005106642222
13672,1825.0005106642222
13673,1825.0005106642222
13674,1825.0005106642222
13675,1825.0005106642222
13676,1825.0005106642222
13677,1825.0005106642222
13678,1825.0005106642222
13679,1825.0005106642222
13680,1825.0005106642222
13681,1825.0005106642222
13682,1825.0005106642222
13683,1825.0005106642222
13684,1825.0005106642222
13685,1825.0005106642222
13686,1825.0005106642222
13687,1825.0005106642222
13688,1825.0005106642222
13689,1825.0005106642222
13690,1825.0005106642222
13691,1825.0005106642222
13692,1825.0005106642222
13693,1825.0005106642222
13694,1825.0005106642222
13695,1825.0005106642222
13696,1825.0005106642222
13697,1825.0005106642222
13698,1825.0005106642222
13699,1825.0005106642222
13700,1825.0005106642222
13701,1825.0005106642222
13702,1825.0005106642222
13703,1825.0005106642222
13704,1825.0005106642222
13705,1825.0005106642222
13706,1825.0005106642222
13707,1825.0005106642222
13708,1825.0005106642222
13709,1825.0005106642222
13710,1825.0005106642222
13711,1825.0005106642222
13712,1825.0005106642222
13713,1825.0005106642222
13714,1825.0005106642222
13715,1825.0005106642222
13716,1825.0005106642222
13717,1825.0005106642222
13718,1825.0005106642222
13719,1825.0005106642222
13720,1825.0005106642222
13721,1825.0005106642222
13722,1825.0005106642222
13723,1825.0005106642222
13724,1825.0005106642222
13725,1825.0005106642222
13726,1825.0005106642222
13727,1825.0005106642222
13728,1825.0005106642222
13729,1825.0005106642222
13730,1825.0005106642222
13731,1825.0005106642222
13732,1825.0005106642222
13733,1825.0005106642222
13734,1825.0005106642222
13735,1825.0005106642222
13736,1825.0005106642222
13737,1825.0005106642222
13738,1825.0005106642222
13739,1825.0005106642222
13740,1825.0005106642222
13741,1825.0005106642222
13742,1825.0005106642222
13743,1825.0005106642222
13744,1825.0005106642222
13745,1825.0005106642222
13746,1825.0005106642222
13747,1825.0005106642222
13748,1825.0005106642222
13749,1825.0005106642222
13750,1825.0005106642222
13751,1825.0005106642222
13752,1825.0005106642222
13753,1825.0005106642222
13754,1825.0005106642222
13755,1825.0005106642222
13756,1825.0005106642222
13757,1825.0005106642222
13758,1825.0005106642222
13759,1825.0005106642222
13760,1825.0005106642222
13761,1825.0005106642222
13762,1825.0005106642222
13763,1825.0005106642222
13764,1825.0005106642222
13765,1825.0005106642222
13766,1825.0005106642222
13767,1825.0005106642222
13768,1825.0005106642222
13769,1825.0005106642222
13770,1825.0005106642222
13771,1825.0005106642222
13772,1825.0005106642222
13773,1825.0005106642222
13774,1825.0005106642222
13775,1825.0005106642222
13776,1825.0005106642222
13777,1825.0005106642222
13778,1825.0005106642222
13779,1825.0005106642222
13780,1825.0005106642222
13781,1825.0005106642222
13782,1825.0005106642222
13783,1825.0005106642222
13784,1825.0005106642222
13785,1825.0005106642222
13786,1825.0005106642222
13787,1825.0005106642222
13788,1825.0005106642222
13789,1825.0005106642222
13790,1825.0005106642222
13791,1825.0005106642222
13792,1825.0005106642222
13793,1825.0005106642222
13794,1825.0005106642222
13795,1825.0005106642222
13796,1825.0005106642222
13797,1825.0005106642222
13798,1825.0005106642222
13799,1825.0005106642222
13800,1825.0005106642222
13801,1825.0005106642222
13802,1825.0005106642222
13803,1825.0005106642222
13804,1825.0005106642222
13805,1825.0005106642222
13806,1825.0005106642222
13807,1825.0005106642222
13808,1825.0005106642222
13809,1825.0005106642222
13810,1825.0005106642222
13811,1825.0005106642222
13812,1825.0005106642222
13813,1825.0005106642222
13814,1825.0005106642222
13815,1825.0005106642222
13816,1825.0005106642222
13817,1825.0005106642222
13818,1825.0005106642222
13819,1825.0005106642222
13820,1825.0005106642222
13821,1825.0005106642222
13822,1825.0005106642222
13823,1825.0005106642222
13824,1825.0005106642222
13825,1825.0005106642222
13826,1825.0005106642222
13827,1825.0005106642222
13828,1825.0005106642222
13829,1825.0005106642222
13830,1825.0005106642222
13831,1825.0005106642222
13832,1825.0005106642222
13833,1825.0005106642222
13834,1825.0005106642222
13835,1825.0005106642222
13836,1825.0005106642222
13837,1825.0005106642222
13838,1825.0005106642222
13839,1825.0005106642222
13840,1825.0005106642222
13841,1825.0005106642222
13842,1825.0005106642222
13843,1825.0005106642222
13844,1825.0005106642222
13845,1825.0005106642222
13846,1825.0005106642222
13847,1825.0005106642222
13848,1825.0005106642222
13849,1825.0005106642222
13850,1825.0005106642222
13851,1825.0005106642222
13852,1825.0005106642222
13853,1825.0005106642222
13854,1825.0005106642222
13855,1825.0005106642222
13856,1825.0005106642222
13857,1825.0005106642222
13858,1825.0005106642222
13859,1825.0005106642222
13860,1825.0005106642222
13861,1825.0005106642222
13862,1825.0005106642222
13863,1825.0005106642222
13864,1825.0005106642222
13865,1825.0005106642222
13866,1825.0005106642222
13867,1825.0005106642222
13868,1825.0005106642222
13869,1825.0005106642222
13870,1825.0005106642222
13871,1825.0005106642222
13872,1825.0005106642222
13873,1825.0005106642222
13874,1825.0005106642222
13875,1825.0005106642222
13876,1825.0005106642222
13877,1825.0005106642222
13878,1825.0005106642222
13879,1825.0005106642222
13880,1825.0005106642222
13881,1825.0005106642222
13882,1825.0005106642222
13883,1825.0005106642222
13884,1825.0005106642222
13885,1825.0005106642222
13886,1825.0005106642222
13887,1825.0005106642222
13888,1825.0005106642222
13889,1825.0005106642222
13890,1825.0005106642222
13891,1825.0005106642222
13892,1825.0005106642222
13893,1825.0005106642222
13894,1825.0005106642222
13895,1825.0005106642222
13896,1825.0005106642222
13897,1825.0005106642222
13898,1825.0005106642222
13899,1825.0005106642222
13900,1825.0005106642222
13901,1825.0005106642222
13902,1825.0005106642222
13903,1825.0005106642222
13904,1825.0005106642222
13905,1825.0005106642222
13906,1825.0005106642222
13907,1825.0005106642222
13908,1825.0005106642222
13909,1825.0005106642222
13910,1825.0005106642222
13911,1825.0005106642222
13912,1825.0005106642222
13913,1825.0005106642222
13914,1825.0005106642222
13915,1825.0005106642222
13916,1825.0005106642222
13917,1825.0005106642222
13918,1825.0005106642222
13919,1825.0005106642222
13920,1825.0005106642222
13921,1825.0005106642222
13922,1825.0005106642222
13923,1825.0005106642222
13924,1825.0005106642222
13925,1825.0005106642222
13926,1825.0005106642222
13927,1825.0005106642222
13928,1825.0005106642222
13929,1825.0005106642222
13930,1825.0005106642222
13931,1825.0005106642222
13932,1825.0005106642222
13933,1825.0005106642222
13934,1825.0005106642222
13935,1825.0005106642222
13936,1825.0005106642222
13937,1825.0005106642222
13938,1825.0005106642222
13939,1825.0005106642222
13940,1825.0005106642222
13941,1825.0005106642222
13942,1825.0005106642222
13943,1825.0005106642222
13944,1825.0005106642222
13945,1825.0005106642222
13946,1825.0005106642222
13947,1825.0005106642222
13948,1825.0005106642222
13949,1825.0005106642222
13950,1825.0005106642222
13951,1825.0005106642222
13952,1825.0005106642222
13953,1825.0005106642222
13954,1825.0005106642222
13955,1825.0005106642222
13956,1825.0005106642222
13957,1825.0005106642222
13958,1825.0005106642222
13959,1825.0005106642222
13960,1825.0005106642222
13961,1825.0005106642222
13962,1825.0005106642222
13963,1825.0005106642222
13964,1825.0005106642222
13965,1825.0005106642222
13966,1825.0005106642222
13967,1825.0005106642222
13968,1825.0005106642222
13969,1825.0005106642222
13970,1825.0005106642222
13971,1825.0005106642222
13972,1825.0005106642222
13973,1825.0005106642222
13974,1825.0005106642222
13975,1825.0005106642222
13976,1825.0005106642222
13977,1825.0005106642222
13978,1825.0005106642222
13979,1825.0005106642222
13980,1825.0005106642222
13981,1825.0005106642222
13982,1825.0005106642222
13983,1825.0005106642222
13984,1825.0005106642222
13985,1825.0005106642222
13986,1825.0005106642222
13987,1825.0005106642222
13988,1825.0005106642222
13989,1825.0005106642222
13990,1825.0005106642222
13991,1825.0005106642222
13992,1825.0005106642222
13993,1825.0005106642222
13994,1825.0005106642222
13995,1825.0005106642222
13996,1825.0005106642222
13997,1825.0005106642222
13998,1825.0005106642222
13999,1825.0005106642222
14000,1825.0005106642222
14001,1825.0005106642222
14002,1825.0005106642222
14003,1825.0005106642222
14004,1825.0005106642222
14005,1825.0005106642222
14006,1825.0005106642222
14007,1825.0005106642222
14008,1825.0005106642222
14009,1825.0005106642222
14010,1825.0005106642222
14011,1825.0005106642222
14012,1825.0005106642222
14013,1825.0005106642222
14014,1825.0005106642222
14015,1825.0005106642222
14016,1825.0005106642222
14017,1825.0005106642222
14018,1825.0005106642222
14019,1825.0005106642222
14020,1825.0005106642222
14021,1825.0005106642222
14022,1825.0005106642222
14023,1825.0005106642222
14024,1825.0005106642222
14025,1825.0005106642222
14026,1825.0005106642222
14027,1825.0005106642222
14028,1825.0005106642222
14029,1825.0005106642222
14030,1825.0005106642222
14031,1825.0005106642222
14032,1825.0005106642222
14033,1825.0005106642222
14034,1825.0005106642222
14035,1825.0005106642222
14036,1825.0005106642222
14037,1825.0005106642222
14038,1825.0005106642222
14039,1825.0005106642222
14040,1825.0005106642222
14041,1825.0005106642222
14042,1825.0005106642222
14043,1825.0005106642222
14044,1825.0005106642222
14045,1825.0005106642222
14046,1825.0005106642222
14047,1825.0005106642222
14048,1825.0005106642222
14049,1825.0005106642222
14050,1825.0005106642222
14051,1825.0005106642222
14052,1825.0005106642222
14053,1825.0005106642222
14054,1825.0005106642222
14055,1825.0005106642222
14056,1825.0005106642222
14057,1825.0005106642222
14058,1825.0005106642222
14059,1825.0005106642222
14060,1825.0005106642222
14061,1825.0005106642222
14062,1825.0005106642222
14063,1825.0005106642222
14064,1825.0005106642222
14065,1825.0005106642222
14066,1825.0005106642222
14067,1825.0005106642222
14068,1825.0005106642222
14069,1825.0005106642222
14070,1825.0005106642222
14071,1825.0005106642222
14072,1825.0005106642222
14073,1825.0005106642222
14074,1825.0005106642222
14075,1825.0005106642222
14076,1825.0005106642222
14077,1825.0005106642222
14078,1825.0005106642222
14079,1825.0005106642222
14080,1825.0005106642222
14081,1825.0005106642222
14082,1825.0005106642222
14083,1825.0005106642222
14084,1825.0005106642222
14085,1825.0005106642222
14086,1825.0005106642222
14087,1825.0005106642222
14088,1825.0005106642222
14089,1825.0005106642222
14090,1825.0005106642222
14091,1825.0005106642222
14092,1825.0005106642222
14093,1825.0005106642222
14094,1825.0005106642222
14095,1825.0005106642222
14096,1825.0005106642222
14097,1825.0005106642222
14098,1825.0005106642222
14099,1825.0005106642222
14100,1825.0005106642222
14101,1825.0005106642222
14102,1825.0005106642222
14103,1825.0005106642222
14104,1825.0005106642222
14105,1825.0005106642222
14106,1825.0005106642222
14107,1825.0005106642222
14108,1825.0005106642222
14109,1825.0005106642222
14110,1825.0005106642222
14111,1825.0005106642222
14112,1825.0005106642222
14113,1825.0005106642222
14114,1825.0005106642222
14115,1825.0005106642222
14116,1825.0005106642222
14117,1825.0005106642222
14118,1825.0005106642222
14119,1825.0005106642222
14120,1825.0005106642222
14121,1825.0005106642222
14122,1825.0005106642222
14123,1825.0005106642222
14124,1825.0005106642222
14125,1825.0005106642222
14126,1825.0005106642222
14127,1825.0005106642222
14128,1825.0005106642222
14129,1825.0005106642222
14130,1825.0005106642222
14131,1825.0005106642222
14132,1825.0005106642222
14133,1825.0005106642222
14134,1825.0005106642222
14135,1825.0005106642222
14136,1825.0005106642222
14137,1825.0005106642222
14138,1825.0005106642222
14139,1825.0005106642222
14140,1825.0005106642222
14141,1825.0005106642222
14142,1825.0005106642222
14143,1825.0005106642222
14144,1825.0005106642222
14145,1825.0005106642222
14146,1825.0005106642222
14147,1825.0005106642222
14148,1825.0005106642222
14149,1825.0005106642222
14150,1825.0005106642222
14151,1825.0005106642222
14152,1825.0005106642222
14153,1825.0005106642222
14154,1825.0005106642222
14155,1825.0005106642222
14156,1825.0005106642222
14157,1825.0005106642222
14158,1825.0005106642222
14159,1825.0005106642222
14160,1825.0005106642222
14161,1825.0005106642222
14162,1825.0005106642222
14163,1825.0005106642222
14164,1825.0005106642222
14165,1825.0005106642222
14166,1825.0005106642222
14167,1825.0005106642222
14168,1825.0005106642222
14169,1825.0005106642222
14170,1825.0005106642222
14171,1825.0005106642222
14172,1825.0005106642222
14173,1825.0005106642222
14174,1825.0005106642222
14175,1825.0005106642222
14176,1825.0005106642222
14177,1825.0005106642222
14178,1825.0005106642222
14179,1825.0005106642222
14180,1825.0005106642222
14181,1825.0005106642222
14182,1825.0005106642222
14183,1825.0005106642222
14184,1825.0005106642222
14185,1825.0005106642222
14186,1825.0005106642222
14187,1825.0005106642222
14188,1825.0005106642222
14189,1825.0005106642222
14190,1825.0005106642222
14191,1825.0005106642222
14192,1825.0005106642222
14193,1825.0005106642222
14194,1825.0005106642222
14195,1825.0005106642222
14196,1825.0005106642222
14197,1825.0005106642222
14198,1825.0005106642222
14199,1825.0005106642222
14200,1825.0005106642222
14201,1825.0005106642222
14202,1825.0005106642222
14203,1825.0005106642222
14204,1825.0005106642222
14205,1825.0005106642222
14206,1825.0005106642222
14207,1825.0005106642222
14208,1825.0005106642222
14209,1825.0005106642222
14210,1825.0005106642222
14211,1825.0005106642222
14212,1825.0005106642222
14213,1825.0005106642222
14214,1825.0005106642222
14215,1825.0005106642222
14216,1825.0005106642222
14217,1825.0005106642222
14218,1825.0005106642222
14219,1825.0005106642222
14220,1825.0005106642222
14221,1825.0005106642222
14222,1825.0005106642222
14223,1825.0005106642222
14224,1825.0005106642222
14225,1825.0005106642222
14226,1825.0005106642222
14227,1825.0005106642222
14228,1825.0005106642222
14229,1825.0005106642222
14230,1825.0005106642222
14231,1825.0005106642222
14232,1825.0005106642222
14233,1825.0005106642222
14234,1825.0005106642222
14235,1825.0005106642222
14236,1825.0005106642222
14237,1825.0005106642222
14238,1825.0005106642222
14239,1825.0005106642222
14240,1825.0005106642222
14241,1825.0005106642222
14242,1825.0005106642222
14243,1825.0005106642222
14244,1825.0005106642222
14245,1825.0005106642222
14246,1825.0005106642222
14247,1825.0005106642222
14248,1825.0005106642222
14249,1825.0005106642222
14250,1825.0005106642222
14251,1825.0005106642222
14252,1825.0005106642222
14253,1825.0005106642222
14254,1825.0005106642222
14255,1825.0005106642222
14256,1825.0005106642222
14257,1825.0005106642222
14258,1825.0005106642222
14259,1825.0005106642222
14260,1825.0005106642222
14261,1825.0005106642222
14262,1825.0005106642222
14263,1825.0005106642222
14264,1825.0005106642222
14265,1825.0005106642222
14266,1825.0005106642222
14267,1825.0005106642222
14268,1825.0005106642222
14269,1825.0005106642222
14270,1825.0005106642222
14271,1825.0005106642222
14272,1825.0005106642222
14273,1825.0005106642222
14274,1825.0005106642222
14275,1825.0005106642222
14276,1825.0005106642222
14277,1825.0005106642222
14278,1825.0005106642222
14279,1825.0005106642222
14280,1825.0005106642222
14281,1825.0005106642222
14282,1825.0005106642222
14283,1825.0005106642222
14284,1825.0005106642222
14285,1825.0005106642222
14286,1825.0005106642222
14287,1825.0005106642222
14288,1825.0005106642222
14289,1825.0005106642222
14290,1825.0005106642222
14291,1825.0005106642222
14292,1825.0005106642222
14293,1825.0005106642222
14294,1825.0005106642222
14295,1825.0005106642222
14296,1825.0005106642222
14297,1825.0005106642222
14298,1825.0005106642222
14299,1825.0005106642222
14300,1825.0005106642222
14301,1825.0005106642222
14302,1825.0005106642222
14303,1825.0005106642222
14304,1825.0005106642222
14305,1825.0005106642222
14306,1825.0005106642222
14307,1825.0005106642222
14308,1825.0005106642222
14309,1825.0005106642222
14310,1825.0005106642222
14311,1825.0005106642222
14312,1825.0005106642222
14313,1825.0005106642222
14314,1825.0005106642222
14315,1825.0005106642222
14316,1825.0005106642222
14317,1825.0005106642222
14318,1825.0005106642222
14319,1825.0005106642222
14320,1825.0005106642222
14321,1825.0005106642222
14322,1825.0005106642222
14323,1825.0005106642222
14324,1825.0005106642222
14325,1825.0005106642222
14326,1825.0005106642222
14327,1825.0005106642222
14328,1825.0005106642222
14329,1825.0005106642222
14330,1825.0005106642222
14331,1825.0005106642222
14332,1825.0005106642222
14333,1825.0005106642222
14334,1825.0005106642222
14335,1825.0005106642222
14336,1825.0005106642222
14337,1825.0005106642222
14338,1825.0005106642222
14339,1825.0005106642222
14340,1825.0005106642222
14341,1825.0005106642222
14342,1825.0005106642222
14343,1825.0005106642222
14344,1825.0005106642222
14345,1825.0005106642222
14346,1825.0005106642222
14347,1825.0005106642222
14348,1825.0005106642222
14349,1825.0005106642222
14350,1825.0005106642222
14351,1825.0005106642222
14352,1825.0005106642222
14353,1825.0005106642222
14354,1825.0005106642222
14355,1825.0005106642222
14356,1825.0005106642222
14357,1825.0005106642222
14358,1825.0005106642222
14359,1825.0005106642222
14360,1825.0005106642222
14361,1825.0005106642222
14362,1825.0005106642222
14363,1825.0005106642222
14364,1825.0005106642222
14365,1825.0005106642222
14366,1825.0005106642222
14367,1825.0005106642222
14368,1825.0005106642222
14369,1825.0005106642222
14370,1825.0005106642222
14371,1825.0005106642222
14372,1825.0005106642222
14373,1825.0005106642222
14374,1825.0005106642222
14375,1825.0005106642222
14376,1825.0005106642222
14377,1825.0005106642222
14378,1825.0005106642222
14379,1825.0005106642222
14380,1825.0005106642222
14381,1825.0005106642222
14382,1825.0005106642222
14383,1825.0005106642222
14384,1825.0005106642222
14385,1825.0005106642222
14386,1825.0005106642222
14387,1825.0005106642222
14388,1825.0005106642222
14389,1825.0005106642222
14390,1825.0005106642222
14391,1825.0005106642222
14392,1825.0005106642222
14393,1825.0005106642222
14394,1825.0005106642222
14395,1825.0005106642222
14396,1825.0005106642222
14397,1825.0005106642222
14398,1825.0005106642222
14399,1825.0005106642222
14400,1825.0005106642222
14401,1825.0005106642222
14402,1825.0005106642222
14403,1825.0005106642222
14404,1825.0005106642222
14405,1825.0005106642222
14406,1825.0005106642222
14407,1825.0005106642222
14408,1825.0005106642222
14409,1825.0005106642222
14410,1825.0005106642222
14411,1825.0005106642222
14412,1825.0005106642222
14413,1825.0005106642222
14414,1825.0005106642222
14415,1825.0005106642222
14416,1825.0005106642222
14417,1825.0005106642222
14418,1825.0005106642222
14419,1825.0005106642222
14420,1825.0005106642222
14421,1825.0005106642222
14422,1825.0005106642222
14423,1825.0005106642222
14424,1825.0005106642222
14425,1825.0005106642222
14426,1825.0005106642222
14427,1825.0005106642222
14428,1825.0005106642222
14429,1825.0005106642222
14430,1825.0005106642222
14431,1825.0005106642222
14432,1825.0005106642222
14433,1825.0005106642222
14434,1825.0005106642222
14435,1825.0005106642222
14436,1825.0005106642222
14437,1825.0005106642222
14438,1825.0005106642222
14439,1825.0005106642222
14440,1825.0005106642222
14441,1825.0005106642222
14442,1825.0005106642222
14443,1825.0005106642222
14444,1825.0005106642222
14445,1825.0005106642222
14446,1825.0005106642222
14447,1825.0005106642222
14448,1825.0005106642222
14449,1825.0005106642222
14450,1825.0005106642222
14451,1825.0005106642222
14452,1825.0005106642222
14453,1825.0005106642222
14454,1825.0005106642222
14455,1825.0005106642222
14456,1825.0005106642222
14457,1825.0005106642222
14458,1825.0005106642222
14459,1825.0005106642222
14460,1825.0005106642222
14461,1825.0005106642222
14462,1825.0005106642222
14463,1825.0005106642222
14464,1825.0005106642222
14465,1825.0005106642222
14466,1825.0005106642222
14467,1825.0005106642222
14468,1825.0005106642222
14469,1825.0005106642222
14470,1825.0005106642222
14471,1825.0005106642222
14472,1825.0005106642222
14473,1825.0005106642222
14474,1825.0005106642222
14475,1825.0005106642222
14476,1825.0005106642222
14477,1825.0005106642222
14478,1825.0005106642222
14479,1825.0005106642222
14480,1825.0005106642222
14481,1825.0005106642222
14482,1825.0005106642222
14483,1825.0005106642222
14484,1825.0005106642222
14485,1825.0005106642222
14486,1825.0005106642222
14487,1825.0005106642222
14488,1825.0005106642222
14489,1825.0005106642222
14490,1825.0005106642222
14491,1825.0005106642222
14492,1825.0005106642222
14493,1825.0005106642222
14494,1825.0005106642222
14495,1825.0005106642222
14496,1825.0005106642222
14497,1825.0005106642222
14498,1825.0005106642222
14499,1825.0005106642222
14500,1825.0005106642222
14501,1825.0005106642222
14502,1825.0005106642222
14503,1825.0005106642222
14504,1825.0005106642222
14505,1825.0005106642222
14506,1825.0005106642222
14507,1825.0005106642222
14508,1825.0005106642222
14509,1825.0005106642222
14510,1825.0005106642222
14511,1825.0005106642222
14512,1825.0005106642222
14513,1825.0005106642222
14514,1825.0005106642222
14515,1825.0005106642222
14516,1825.0005106642222
14517,1825.0005106642222
14518,1825.0005106642222
14519,1825.0005106642222
14520,1825.0005106642222
14521,1825.0005106642222
14522,1825.0005106642222
14523,1825.0005106642222
14524,1825.0005106642222
14525,1825.0005106642222
14526,1825.0005106642222
14527,1825.0005106642222
14528,1825.0005106642222
14529,1825.0005106642222
14530,1825.0005106642222
14531,1825.0005106642222
14532,1825.0005106642222
14533,1825.0005106642222
14534,1825.0005106642222
14535,1825.0005106642222
14536,1825.0005106642222
14537,1825.0005106642222
14538,1825.0005106642222
14539,1825.0005106642222
14540,1825.0005106642222
14541,1825.0005106642222
14542,1825.0005106642222
14543,1825.0005106642222
14544,1825.0005106642222
14545,1825.0005106642222
14546,1825.0005106642222
14547,1825.0005106642222
14548,1825.0005106642222
14549,1825.0005106642222
14550,1825.0005106642222
14551,1825.0005106642222
14552,1825.0005106642222
14553,1825.0005106642222
14554,1825.0005106642222
14555,1825.0005106642222
14556,1825.0005106642222
14557,1825.0005106642222
14558,1825.0005106642222
14559,1825.0005106642222
14560,1825.0005106642222
14561,1825.0005106642222
14562,1825.0005106642222
14563,1825.0005106642222
14564,1825.0005106642222
14565,1825.0005106642222
14566,1825.0005106642222
14567,1825.0005106642222
14568,1825.0005106642222
14569,1825.0005106642222
14570,1825.0005106642222
14571,1825.0005106642222
14572,1825.0005106642222
14573,1825.0005106642222
14574,1825.0005106642222
14575,1825.0005106642222
14576,1825.0005106642222
14577,1825.0005106642222
14578,1825.0005106642222
14579,1825.0005106642222
14580,1825.0005106642222
14581,1825.0005106642222
14582,1825.0005106642222
14583,1825.0005106642222
14584,1825.0005106642222
14585,1825.0005106642222
14586,1825.0005106642222
14587,1825.0005106642222
14588,1825.0005106642222
14589,1825.0005106642222
14590,1825.0005106642222
14591,1825.0005106642222
14592,1825.0005106642222
14593,1825.0005106642222
14594,1825.0005106642222
14595,1825.0005106642222
14596,1825.0005106642222
14597,1825.0005106642222
14598,1825.0005106642222
14599,1825.0005106642222
14600,1825.0005106642222
14601,1825.0005106642222
14602,1825.0005106642222
14603,1825.0005106642222
14604,1825.0005106642222
14605,1825.0005106642222
14606,1825.0005106642222
14607,1825.0005106642222
14608,1825.0005106642222
14609,1825.0005106642222
14610,1825.0005106642222
14611,1825.0005106642222
14612,1825.0005106642222
14613,1825.0005106642222
14614,1825.0005106642222
14615,1825.0005106642222
14616,1825.0005106642222
14617,1825.0005106642222
14618,1825.0005106642222
14619,1825.0005106642222
14620,1825.0005106642222
14621,1825.0005106642222
14622,1825.0005106642222
14623,1825.0005106642222
14624,1825.0005106642222
14625,1825.0005106642222
14626,1825.0005106642222
14627,1825.0005106642222
14628,1825.0005106642222
14629,1825.0005106642222
14630,1825.0005106642222
14631,1825.0005106642222
14632,1825.0005106642222
14633,1825.0005106642222
14634,1825.0005106642222
14635,1825.0005106642222
14636,1825.0005106642222
14637,1825.0005106642222
14638,1825.0005106642222
14639,1825.0005106642222
14640,1825.0005106642222
14641,1825.0005106642222
14642,1825.0005106642222
14643,1825.0005106642222
14644,1825.0005106642222
14645,1825.0005106642222
14646,1825.0005106642222
14647,1825.0005106642222
14648,1825.0005106642222
14649,1825.0005106642222
14650,1825.0005106642222
14651,1825.0005106642222
14652,1825.0005106642222
14653,1825.0005106642222
14654,1825.0005106642222
14655,1825.0005106642222
14656,1825.0005106642222
14657,1825.0005106642222
14658,1825.0005106642222
14659,1825.0005106642222
14660,1825.0005106642222
14661,1825.0005106642222
14662,1825.0005106642222
14663,1825.0005106642222
14664,1825.0005106642222
14665,1825.0005106642222
14666,1825.0005106642222
14667,1825.0005106642222
14668,1825.0005106642222
14669,1825.0005106642222
14670,1825.0005106642222
14671,1825.0005106642222
14672,1825.0005106642222
14673,1825.0005106642222
14674,1825.0005106642222
14675,1825.0005106642222
14676,1825.0005106642222
14677,1825.0005106642222
14678,1825.0005106642222
14679,1825.0005106642222
14680,1825.0005106642222
14681,1825.0005106642222
14682,1825.0005106642222
14683,1825.0005106642222
14684,1825.0005106642222
14685,1825.0005106642222
14686,1825.0005106642222
14687,1825.0005106642222
14688,1825.0005106642222
14689,1825.0005106642222
14690,1825.0005106642222
14691,1825.0005106642222
14692,1825.0005106642222
14693,1825.0005106642222
14694,1825.0005106642222
14695,1825.0005106642222
14696,1825.0005106642222
14697,1825.0005106642222
14698,1825.0005106642222
14699,1825.0005106642222
14700,1825.0005106642222
14701,1825.0005106642222
14702,1825.0005106642222
14703,1825.0005106642222
14704,1825.0005106642222
14705,1825.0005106642222
14706,1825.0005106642222
14707,1825.0005106642222
14708,1825.0005106642222
14709,1825.0005106642222
14710,1825.0005106642222
14711,1825.0005106642222
14712,1825.0005106642222
14713,1825.0005106642222
14714,1825.0005106642222
14715,1825.0005106642222
14716,1825.0005106642222
14717,1825.0005106642222
14718,1825.0005106642222
14719,1825.0005106642222
14720,1825.0005106642222
14721,1825.0005106642222
14722,1825.0005106642222
14723,1825.0005106642222
14724,1825.0005106642222
14725,1825.0005106642222
14726,1825.0005106642222
14727,1825.0005106642222
14728,1825.0005106642222
14729,1825.0005106642222
14730,1825.0005106642222
14731,1825.0005106642222
14732,1825.0005106642222
14733,1825.0005106642222
14734,1825.0005106642222
14735,1825.0005106642222
14736,1825.0005106642222
14737,1825.0005106642222
14738,1825.0005106642222
14739,1825.0005106642222
14740,1825.0005106642222
14741,1825.0005106642222
14742,1825.0005106642222
14743,1825.0005106642222
14744,1825.0005106642222
14745,1825.0005106642222
14746,1825.0005106642222
14747,1825.0005106642222
14748,1825.0005106642222
14749,1825.0005106642222
14750,1825.0005106642222
14751,1825.0005106642222
14752,1825.0005106642222
14753,1825.0005106642222
14754,1825.0005106642222
14755,1825.0005106642222
14756,1825.0005106642222
14757,1825.0005106642222
14758,1825.0005106642222
14759,1825.0005106642222
14760,1825.0005106642222
14761,1825.0005106642222
14762,1825.0005106642222
14763,1825.0005106642222
14764,1825.0005106642222
14765,1825.0005106642222
14766,1825.0005106642222
14767,1825.0005106642222
14768,1825.0005106642222
14769,1825.0005106642222
14770,1825.0005106642222
14771,1825.0005106642222
14772,1825.0005106642222
14773,1825.0005106642222
14774,1825.0005106642222
14775,1825.0005106642222
14776,1825.0005106642222
14777,1825.0005106642222
14778,1825.0005106642222
14779,1825.0005106642222
14780,1825.0005106642222
14781,1825.0005106642222
14782,1825.0005106642222
14783,1825.0005106642222
14784,1825.0005106642222
14785,1825.0005106642222
14786,1825.0005106642222
14787,1825.0005106642222
14788,1825.0005106642222
14789,1825.0005106642222
14790,1825.0005106642222
14791,1825.0005106642222
14792,1825.0005106642222
14793,1825.0005106642222
14794,1825.0005106642222
14795,1825.0005106642222
14796,1825.0005106642222
14797,1825.0005106642222
14798,1825.0005106642222
14799,1825.0005106642222
14800,1825.0005106642222
14801,1825.0005106642222
14802,1825.0005106642222
14803,1825.0005106642222
14804,1825.0005106642222
14805,1825.0005106642222
14806,1825.0005106642222
14807,1825.0005106642222
14808,1825.0005106642222
14809,1825.0005106642222
14810,1825.0005106642222
14811,1825.0005106642222
14812,1825.0005106642222
14813,1825.0005106642222
14814,1825.0005106642222
14815,1825.0005106642222
14816,1825.0005106642222
14817,1825.0005106642222
14818,1825.0005106642222
14819,1825.0005106642222
14820,1825.0005106642222
14821,1825.0005106642222
14822,1825.0005106642222
14823,1825.0005106642222
14824,1825.0005106642222
14825,1825.0005106642222
14826,1825.0005106642222
14827,1825.0005106642222
14828,1825.0005106642222
14829,1825.0005106642222
14830,1825.0005106642222
14831,1825.0005106642222
14832,1825.0005106642222
14833,1825.0005106642222
14834,1825.0005106642222
14835,1825.0005106642222
14836,1825.0005106642222
14837,1825.0005106642222
14838,1825.0005106642222
14839,1825.0005106642222
14840,1825.0005106642222
14841,1825.0005106642222
14842,1825.0005106642222
14843,1825.0005106642222
14844,1825.0005106642222
14845,1825.0005106642222
14846,1825.0005106642222
14847,1825.0005106642222
14848,1825.0005106642222
14849,1825.0005106642222
14850,1825.0005106642222
14851,1825.0005106642222
14852,1825.0005106642222
14853,1825.0005106642222
14854,1825.0005106642222
14855,1825.0005106642222
14856,1825.0005106642222
14857,1825.0005106642222
14858,1825.0005106642222
14859,1825.0005106642222
14860,1825.0005106642222
14861,1825.0005106642222
14862,1825.0005106642222
14863,1825.0005106642222
14864,1825.0005106642222
14865,1825.0005106642222
14866,1825.0005106642222
14867,1825.0005106642222
14868,1825.0005106642222
14869,1825.0005106642222
14870,1825.0005106642222
14871,1825.0005106642222
14872,1825.0005106642222
14873,1825.0005106642222
14874,1825.0005106642222
14875,1825.0005106642222
14876,1825.0005106642222
14877,1825.0005106642222
14878,1825.0005106642222
14879,1825.0005106642222
14880,1825.0005106642222
14881,1825.0005106642222
14882,1825.0005106642222
14883,1825.0005106642222
14884,1825.0005106642222
14885,1825.0005106642222
14886,1825.0005106642222
14887,1825.0005106642222
14888,1825.0005106642222
14889,1825.0005106642222
14890,1825.0005106642222
14891,1825.0005106642222
14892,1825.0005106642222
14893,1825.0005106642222
14894,1825.0005106642222
14895,1825.0005106642222
14896,1825.0005106642222
14897,1825.0005106642222
14898,1825.0005106642222
14899,1825.0005106642222
14900,1825.0005106642222
14901,1825.0005106642222
14902,1825.0005106642222
14903,1825.0005106642222
14904,1825.0005106642222
14905,1825.0005106642222
14906,1825.0005106642222
14907,1825.0005106642222
14908,1825.0005106642222
14909,1825.0005106642222
14910,1825.0005106642222
14911,1825.0005106642222
14912,1825.0005106642222
14913,1825.0005106642222
14914,1825.0005106642222
14915,1825.0005106642222
14916,1825.0005106642222
14917,1825.0005106642222
14918,1825.0005106642222
14919,1825.0005106642222
14920,1825.0005106642222
14921,1825.0005106642222
14922,1825.0005106642222
14923,1825.0005106642222
14924,1825.0005106642222
14925,1825.0005106642222
14926,1825.0005106642222
14927,1825.0005106642222
14928,1825.0005106642222
14929,1825.0005106642222
14930,1825.0005106642222
14931,1825.0005106642222
14932,1825.0005106642222
14933,1825.0005106642222
14934,1825.0005106642222
14935,1825.0005106642222
14936,1825.0005106642222
14937,1825.0005106642222
14938,1825.0005106642222
14939,1825.0005106642222
14940,1825.0005106642222
14941,1825.0005106642222
14942,1825.0005106642222
14943,1825.0005106642222
14944,1825.0005106642222
14945,1825.0005106642222
14946,1825.0005106642222
14947,1825.0005106642222
14948,1825.0005106642222
14949,1825.0005106642222
14950,1825.0005106642222
14951,1825.0005106642222
14952,1825.0005106642222
14953,1825.0005106642222
14954,1825.0005106642222
14955,1825.0005106642222
14956,1825.0005106642222
14957,1825.0005106642222
14958,1825.0005106642222
14959,1825.0005106642222
14960,1825.0005106642222
14961,1825.0005106642222
14962,1825.0005106642222
14963,1825.0005106642222
14964,1825.0005106642222
14965,1825.0005106642222
14966,1825.0005106642222
14967,1825.0005106642222
14968,1825.0005106642222
14969,1825.0005106642222
14970,1825.0005106642222
14971,1825.0005106642222
14972,1825.0005106642222
14973,1825.0005106642222
14974,1825.0005106642222
14975,1825.0005106642222
14976,1825.0005106642222
14977,1825.0005106642222
14978,1825.0005106642222
14979,1825.0005106642222
14980,1825.0005106642222
14981,1825.0005106642222
14982,1825.0005106642222
14983,1825.0005106642222
14984,1825.0005106642222
14985,1825.0005106642222
14986,1825.0005106642222
14987,1825.0005106642222
14988,1825.0005106642222
14989,1825.0005106642222
14990,1825.0005106642222
14991,1825.0005106642222
14992,1825.0005106642222
14993,1825.0005106642222
14994,1825.0005106642222
14995,1825.0005106642222
14996,1825.0005106642222
14997,1825.0005106642222
14998,1825.0005106642222
14999,1825.0005106642222
15000,1825.0005106642222
15001,1825.0005106642222
15002,1825.0005106642222
15003,1825.0005106642222
15004,1825.0005106642222
15005,1825.0005106642222
15006,1825.0005106642222
15007,1825.0005106642222
15008,1825.0005106642222
15009,1825.0005106642222
15010,1825.0005106642222
15011,1825.0005106642222
15012,1825.0005106642222
15013,1825.0005106642222
15014,1825.0005106642222
15015,1825.0005106642222
15016,1825.0005106642222
15017,1825.0005106642222
15018,1825.0005106642222
15019,1825.0005106642222
15020,1825.0005106642222
15021,1825.0005106642222
15022,1825.0005106642222
15023,1825.0005106642222
15024,1825.0005106642222
15025,1825.0005106642222
15026,1825.0005106642222
15027,1825.0005106642222
15028,1825.0005106642222
15029,1825.0005106642222
15030,1825.0005106642222
15031,1825.0005106642222
15032,1825.0005106642222
15033,1825.0005106642222
15034,1825.0005106642222
15035,1825.0005106642222
15036,1825.0005106642222
15037,1825.0005106642222
15038,1825.0005106642222
15039,1825.0005106642222
15040,1825.0005106642222
15041,1825.0005106642222
15042,1825.0005106642222
15043,1825.0005106642222
15044,1825.0005106642222
15045,1825.0005106642222
15046,1825.0005106642222
15047,1825.0005106642222
15048,1825.0005106642222
15049,1825.0005106642222
15050,1825.0005106642222
15051,1825.0005106642222
15052,1825.0005106642222
15053,1825.0005106642222
15054,1825.0005106642222
15055,1825.0005106642222
15056,1825.0005106642222
15057,1825.0005106642222
15058,1825.0005106642222
15059,1825.0005106642222
15060,1825.0005106642222
15061,1825.0005106642222
15062,1825.0005106642222
15063,1825.0005106642222
15064,1825.0005106642222
15065,1825.0005106642222
15066,1825.0005106642222
15067,1825.0005106642222
15068,1825.0005106642222
15069,1825.0005106642222
15070,1825.0005106642222
15071,1825.0005106642222
15072,1825.0005106642222
15073,1825.0005106642222
15074,1825.0005106642222
15075,1825.0005106642222
15076,1825.0005106642222
15077,1825.0005106642222
15078,1825.0005106642222
15079,1825.0005106642222
15080,1825.0005106642222
15081,1825.0005106642222
15082,1825.0005106642222
15083,1825.0005106642222
15084,1825.0005106642222
15085,1825.0005106642222
15086,1825.0005106642222
15087,1825.0005106642222
15088,1825.0005106642222
15089,1825.0005106642222
15090,1825.0005106642222
15091,1825.0005106642222
15092,1825.0005106642222
15093,1825.0005106642222
15094,1825.0005106642222
15095,1825.0005106642222
15096,1825.0005106642222
15097,1825.0005106642222
15098,1825.0005106642222
15099,1825.0005106642222
15100,1825.0005106642222
15101,1825.0005106642222
15102,1825.0005106642222
15103,1825.0005106642222
15104,1825.0005106642222
15105,1825.0005106642222
15106,1825.0005106642222
15107,1825.0005106642222
15108,1825.0005106642222
15109,1825.0005106642222
15110,1825.0005106642222
15111,1825.0005106642222
15112,1825.0005106642222
15113,1825.0005106642222
15114,1825.0005106642222
15115,1825.0005106642222
15116,1825.0005106642222
15117,1825.0005106642222
15118,1825.0005106642222
15119,1825.0005106642222
15120,1825.0005106642222
15121,1825.0005106642222
15122,1825.0005106642222
15123,1825.0005106642222
15124,1825.0005106642222
15125,1825.0005106642222
15126,1825.0005106642222
15127,1825.0005106642222
15128,1825.0005106642222
15129,1825.0005106642222
15130,1825.0005106642222
15131,1825.0005106642222
15132,1825.0005106642222
15133,1825.0005106642222
15134,1825.0005106642222
15135,1825.0005106642222
15136,1825.0005106642222
15137,1825.0005106642222
15138,1825.0005106642222
15139,1825.0005106642222
15140,1825.0005106642222
15141,1825.0005106642222
15142,1825.0005106642222
15143,1825.0005106642222
15144,1825.0005106642222
15145,1825.0005106642222
15146,1825.0005106642222
15147,1825.0005106642222
15148,1825.0005106642222
15149,1825.0005106642222
15150,1825.0005106642222
15151,1825.0005106642222
15152,1825.0005106642222
15153,1825.0005106642222
15154,1825.0005106642222
15155,1825.0005106642222
15156,1825.0005106642222
15157,1825.0005106642222
15158,1825.0005106642222
15159,1825.0005106642222
15160,1825.0005106642222
15161,1825.0005106642222
15162,1825.0005106642222
15163,1825.0005106642222
15164,1825.0005106642222
15165,1825.0005106642222
15166,1825.0005106642222
15167,1825.0005106642222
15168,1825.0005106642222
15169,1825.0005106642222
15170,1825.0005106642222
15171,1825.0005106642222
15172,1825.0005106642222
15173,1825.0005106642222
15174,1825.0005106642222
15175,1825.0005106642222
15176,1825.0005106642222
15177,1825.0005106642222
15178,1825.0005106642222
15179,1825.0005106642222
15180,1825.0005106642222
15181,1825.0005106642222
15182,1825.0005106642222
15183,1825.0005106642222
15184,1825.0005106642222
15185,1825.0005106642222
15186,1825.0005106642222
15187,1825.0005106642222
15188,1825.0005106642222
15189,1825.0005106642222
15190,1825.0005106642222
15191,1825.0005106642222
15192,1825.0005106642222
15193,1825.0005106642222
15194,1825.0005106642222
15195,1825.0005106642222
15196,1825.0005106642222
15197,1825.0005106642222
15198,1825.0005106642222
15199,1825.0005106642222
15200,1825.0005106642222
15201,1825.0005106642222
15202,1825.0005106642222
15203,1825.0005106642222
15204,1825.0005106642222
15205,1825.0005106642222
15206,1825.0005106642222
15207,1825.0005106642222
15208,1825.0005106642222
15209,1825.0005106642222
15210,1825.0005106642222
15211,1825.0005106642222
15212,1825.0005106642222
15213,1825.0005106642222
15214,1825.0005106642222
15215,1825.0005106642222
15216,1825.0005106642222
15217,1825.0005106642222
15218,1825.0005106642222
15219,1825.0005106642222
15220,1825.0005106642222
15221,1825.0005106642222
15222,1825.0005106642222
15223,1825.0005106642222
15224,1825.0005106642222
15225,1825.0005106642222
15226,1825.0005106642222
15227,1825.0005106642222
15228,1825.0005106642222
15229,1825.0005106642222
15230,1825.0005106642222
15231,1825.0005106642222
15232,1825.0005106642222
15233,1825.0005106642222
15234,1825.0005106642222
15235,1825.0005106642222
15236,1825.0005106642222
15237,1825.0005106642222
15238,1825.0005106642222
15239,1825.0005106642222
15240,1825.0005106642222
15241,1825.0005106642222
15242,1825.0005106642222
15243,1825.0005106642222
15244,1825.0005106642222
15245,1825.0005106642222
15246,1825.0005106642222
15247,1825.0005106642222
15248,1825.0005106642222
15249,1825.0005106642222
15250,1825.0005106642222
15251,1825.0005106642222
15252,1825.0005106642222
15253,1825.0005106642222
15254,1825.0005106642222
15255,1825.0005106642222
15256,1825.0005106642222
15257,1825.0005106642222
15258,1825.0005106642222
15259,1825.0005106642222
15260,1825.0005106642222
15261,1825.0005106642222
15262,1825.0005106642222
15263,1825.0005106642222
15264,1825.0005106642222
15265,1825.0005106642222
15266,1825.0005106642222
15267,1825.0005106642222
15268,1825.0005106642222
15269,1825.0005106642222
15270,1825.0005106642222
15271,1825.0005106642222
15272,1825.0005106642222
15273,1825.0005106642222
15274,1825.0005106642222
15275,1825.0005106642222
15276,1825.0005106642222
15277,1825.0005106642222
15278,1825.0005106642222
15279,1825.0005106642222
15280,1825.0005106642222
15281,1825.0005106642222
15282,1825.0005106642222
15283,1825.0005106642222
15284,1825.0005106642222
15285,1825.0005106642222
15286,1825.0005106642222
15287,1825.0005106642222
15288,1825.0005106642222
15289,1825.0005106642222
15290,1825.0005106642222
15291,1825.0005106642222
15292,1825.0005106642222
15293,1825.0005106642222
15294,1825.0005106642222
15295,1825.0005106642222
15296,1825.0005106642222
15297,1825.0005106642222
15298,1825.0005106642222
15299,1825.0005106642222
15300,1825.0005106642222
15301,1825.0005106642222
15302,1825.0005106642222
15303,1825.0005106642222
15304,1825.0005106642222
15305,1825.0005106642222
15306,1825.0005106642222
15307,1825.0005106642222
15308,1825.0005106642222
15309,1825.0005106642222
15310,1825.0005106642222
15311,1825.0005106642222
15312,1825.0005106642222
15313,1825.0005106642222
15314,1825.0005106642222
15315,1825.0005106642222
15316,1825.0005106642222
15317,1825.0005106642222
15318,1825.0005106642222
15319,1825.0005106642222
15320,1825.0005106642222
15321,1825.0005106642222
15322,1825.0005106642222
15323,1825.0005106642222
15324,1825.0005106642222
15325,1825.0005106642222
15326,1825.0005106642222
15327,1825.0005106642222
15328,1825.0005106642222
15329,1825.0005106642222
15330,1825.0005106642222
15331,1825.0005106642222
15332,1825.0005106642222
15333,1825.0005106642222
15334,1825.0005106642222
15335,1825.0005106642222
15336,1825.0005106642222
15337,1825.0005106642222
15338,1825.0005106642222
15339,1825.0005106642222
15340,1825.0005106642222
15341,1825.0005106642222
15342,1825.0005106642222
15343,1825.0005106642222
15344,1825.0005106642222
15345,1825.0005106642222
15346,1825.0005106642222
15347,1825.0005106642222
15348,1825.0005106642222
15349,1825.0005106642222
15350,1825.0005106642222
15351,1825.0005106642222
15352,1825.0005106642222
15353,1825.0005106642222
15354,1825.0005106642222
15355,1825.0005106642222
15356,1825.0005106642222
15357,1825.0005106642222
15358,1825.0005106642222
15359,1825.0005106642222
15360,1825.0005106642222
15361,1825.0005106642222
15362,1825.0005106642222
15363,1825.0005106642222
15364,1825.0005106642222
15365,1825.0005106642222
15366,1825.0005106642222
15367,1825.0005106642222
15368,1825.0005106642222
15369,1825.0005106642222
15370,1825.0005106642222
15371,1825.0005106642222
15372,1825.0005106642222
15373,1825.0005106642222
15374,1825.0005106642222
15375,1825.0005106642222
15376,1825.0005106642222
15377,1825.0005106642222
15378,1825.0005106642222
15379,1825.0005106642222
15380,1825.0005106642222
15381,1825.0005106642222
15382,1825.0005106642222
15383,1825.0005106642222
15384,1825.0005106642222
15385,1825.0005106642222
15386,1825.0005106642222
15387,1825.0005106642222
15388,1825.0005106642222
15389,1825.0005106642222
15390,1825.0005106642222
15391,1825.0005106642222
15392,1825.0005106642222
15393,1825.0005106642222
15394,1825.0005106642222
15395,1825.0005106642222
15396,1825.0005106642222
15397,1825.0005106642222
15398,1825.0005106642222
15399,1825.0005106642222
15400,1825.0005106642222
15401,1825.0005106642222
15402,1825.0005106642222
15403,1825.0005106642222
15404,1825.0005106642222
15405,1825.0005106642222
15406,1825.0005106642222
15407,1825.0005106642222
15408,1825.0005106642222
15409,1825.0005106642222
15410,1825.0005106642222
15411,1825.0005106642222
15412,1825.0005106642222
15413,1825.0005106642222
15414,1825.0005106642222
15415,1825.0005106642222
15416,1825.0005106642222
15417,1825.0005106642222
15418,1825.0005106642222
15419,1825.0005106642222
15420,1825.0005106642222
15421,1825.0005106642222
15422,1825.0005106642222
15423,1825.0005106642222
15424,1825.0005106642222
15425,1825.0005106642222
15426,1825.0005106642222
15427,1825.0005106642222
15428,1825.0005106642222
15429,1825.0005106642222
15430,1825.0005106642222
15431,1825.0005106642222
15432,1825.0005106642222
15433,1825.0005106642222
15434,1825.0005106642222
15435,1825.0005106642222
15436,1825.0005106642222
15437,1825.0005106642222
15438,1825.0005106642222
15439,1825.0005106642222
15440,1825.0005106642222
15441,1825.0005106642222
15442,1825.0005106642222
15443,1825.0005106642222
15444,1825.0005106642222
15445,1825.0005106642222
15446,1825.0005106642222
15447,1825.0005106642222
15448,1825.0005106642222
15449,1825.0005106642222
15450,1825.0005106642222
15451,1825.0005106642222
15452,1825.0005106642222
15453,1825.0005106642222
15454,1825.0005106642222
15455,1825.0005106642222
15456,1825.0005106642222
15457,1825.0005106642222
15458,1825.0005106642222
15459,1825.0005106642222
15460,1825.0005106642222
15461,1825.0005106642222
15462,1825.0005106642222
15463,1825.0005106642222
15464,1825.0005106642222
15465,1825.0005106642222
15466,1825.0005106642222
15467,1825.0005106642222
15468,1825.0005106642222
15469,1825.0005106642222
15470,1825.0005106642222
15471,1825.0005106642222
15472,1825.0005106642222
15473,1825.0005106642222
15474,1825.0005106642222
15475,1825.0005106642222
15476,1825.0005106642222
15477,1825.0005106642222
15478,1825.0005106642222
15479,1825.0005106642222
15480,1825.0005106642222
15481,1825.0005106642222
15482,1825.0005106642222
15483,1825.0005106642222
15484,1825.0005106642222
15485,1825.0005106642222
15486,1825.0005106642222
15487,1825.0005106642222
15488,1825.0005106642222
15489,1825.0005106642222
15490,1825.0005106642222
15491,1825.0005106642222
15492,1825.0005106642222
15493,1825.0005106642222
15494,1825.0005106642222
15495,1825.0005106642222
15496,1825.0005106642222
15497,1825.0005106642222
15498,1825.0005106642222
15499,1825.0005106642222
15500,1825.0005106642222
15501,1825.0005106642222
15502,1825.0005106642222
15503,1825.0005106642222
15504,1825.0005106642222
15505,1825.0005106642222
15506,1825.0005106642222
15507,1825.0005106642222
15508,1825.0005106642222
15509,1825.0005106642222
15510,1825.0005106642222
15511,1825.0005106642222
15512,1825.0005106642222
15513,1825.0005106642222
15514,1825.0005106642222
15515,1825.0005106642222
15516,1825.0005106642222
15517,1825.0005106642222
15518,1825.0005106642222
15519,1825.0005106642222
15520,1825.0005106642222
15521,1825.0005106642222
15522,1825.0005106642222
15523,1825.0005106642222
15524,1825.0005106642222
15525,1825.0005106642222
15526,1825.0005106642222
15527,1825.0005106642222
15528,1825.0005106642222
15529,1825.0005106642222
15530,1825.0005106642222
15531,1825.0005106642222
15532,1825.0005106642222
15533,1825.0005106642222
15534,1825.0005106642222
15535,1825.0005106642222
15536,1825.0005106642222
15537,1825.0005106642222
15538,1825.0005106642222
15539,1825.0005106642222
15540,1825.0005106642222
15541,1825.0005106642222
15542,1825.0005106642222
15543,1825.0005106642222
15544,1825.0005106642222
15545,1825.0005106642222
15546,1825.0005106642222
15547,1825.0005106642222
15548,1825.0005106642222
15549,1825.0005106642222
15550,1825.0005106642222
15551,1825.0005106642222
15552,1825.0005106642222
15553,1825.0005106642222
15554,1825.0005106642222
15555,1825.0005106642222
15556,1825.0005106642222
15557,1825.0005106642222
15558,1825.0005106642222
15559,1825.0005106642222
15560,1825.0005106642222
15561,1825.0005106642222
15562,1825.0005106642222
15563,1825.0005106642222
15564,1825.0005106642222
15565,1825.0005106642222
15566,1825.0005106642222
15567,1825.0005106642222
15568,1825.0005106642222
15569,1825.0005106642222
15570,1825.0005106642222
15571,1825.0005106642222
15572,1825.0005106642222
15573,1825.0005106642222
15574,1825.0005106642222
15575,1825.0005106642222
15576,1825.0005106642222
15577,1825.0005106642222
15578,1825.0005106642222
15579,1825.0005106642222
15580,1825.0005106642222
15581,1825.0005106642222
15582,1825.0005106642222
15583,1825.0005106642222
15584,1825.0005106642222
15585,1825.0005106642222
15586,1825.0005106642222
15587,1825.0005106642222
15588,1825.0005106642222
15589,1825.0005106642222
15590,1825.0005106642222
15591,1825.0005106642222
15592,1825.0005106642222
15593,1825.0005106642222
15594,1825.0005106642222
15595,1825.0005106642222
15596,1825.0005106642222
15597,1825.0005106642222
15598,1825.0005106642222
15599,1825.0005106642222
15600,1825.0005106642222
15601,1825.0005106642222
15602,1825.0005106642222
15603,1825.0005106642222
15604,1825.0005106642222
15605,1825.0005106642222
15606,1825.0005106642222
15607,1825.0005106642222
15608,1825.0005106642222
15609,1825.0005106642222
15610,1825.0005106642222
15611,1825.0005106642222
15612,1825.0005106642222
15613,1825.0005106642222
15614,1825.0005106642222
15615,1825.0005106642222
15616,1825.0005106642222
15617,1825.0005106642222
15618,1825.0005106642222
15619,1825.0005106642222
15620,1825.0005106642222
15621,1825.0005106642222
15622,1825.0005106642222
15623,1825.0005106642222
15624,1825.0005106642222
15625,1825.0005106642222
15626,1825.0005106642222
15627,1825.0005106642222
15628,1825.0005106642222
15629,1825.0005106642222
15630,1825.0005106642222
15631,1825.0005106642222
15632,1825.0005106642222
15633,1825.0005106642222
15634,1825.0005106642222
15635,1825.0005106642222
15636,1825.0005106642222
15637,1825.0005106642222
15638,1825.0005106642222
15639,1825.0005106642222
15640,1825.0005106642222
15641,1825.0005106642222
15642,1825.0005106642222
15643,1825.0005106642222
15644,1825.0005106642222
15645,1825.0005106642222
15646,1825.0005106642222
15647,1825.0005106642222
15648,1825.0005106642222
15649,1825.0005106642222
15650,1825.0005106642222
15651,1825.0005106642222
15652,1825.0005106642222
15653,1825.0005106642222
15654,1825.0005106642222
15655,1825.0005106642222
15656,1825.0005106642222
15657,1825.0005106642222
15658,1825.0005106642222
15659,1825.0005106642222
15660,1825.0005106642222
15661,1825.0005106642222
15662,1825.0005106642222
15663,1825.0005106642222
15664,1825.0005106642222
15665,1825.0005106642222
15666,1825.0005106642222
15667,1825.0005106642222
15668,1825.0005106642222
15669,1825.0005106642222
15670,1825.0005106642222
15671,1825.0005106642222
15672,1825.0005106642222
15673,1825.0005106642222
15674,1825.0005106642222
15675,1825.0005106642222
15676,1825.0005106642222
15677,1825.0005106642222
15678,1825.0005106642222
15679,1825.0005106642222
15680,1825.0005106642222
15681,1825.0005106642222
15682,1825.0005106642222
15683,1825.0005106642222
15684,1825.0005106642222
15685,1825.0005106642222
15686,1825.0005106642222
15687,1825.0005106642222
15688,1825.0005106642222
15689,1825.0005106642222
15690,1825.0005106642222
15691,1825.0005106642222
15692,1825.0005106642222
15693,1825.0005106642222
15694,1825.0005106642222
15695,1825.0005106642222
15696,1825.0005106642222
15697,1825.0005106642222
15698,1825.0005106642222
15699,1825.0005106642222
15700,1825.0005106642222
15701,1825.0005106642222
15702,1825.0005106642222
15703,1825.0005106642222
15704,1825.0005106642222
15705,1825.0005106642222
15706,1825.0005106642222
15707,1825.0005106642222
15708,1825.0005106642222
15709,1825.0005106642222
15710,1825.0005106642222
15711,1825.0005106642222
15712,1825.0005106642222
15713,1825.0005106642222
15714,1825.0005106642222
15715,1825.0005106642222
15716,1825.0005106642222
15717,1825.0005106642222
15718,1825.0005106642222
15719,1825.0005106642222
15720,1825.0005106642222
15721,1825.0005106642222
15722,1825.0005106642222
15723,1825.0005106642222
15724,1825.0005106642222
15725,1825.0005106642222
15726,1825.0005106642222
15727,1825.0005106642222
15728,1825.0005106642222
15729,1825.0005106642222
15730,1825.0005106642222
15731,1825.0005106642222
15732,1825.0005106642222
15733,1825.0005106642222
15734,1825.0005106642222
15735,1825.0005106642222
15736,1825.0005106642222
15737,1825.0005106642222
15738,1825.0005106642222
15739,1825.0005106642222
15740,1825.0005106642222
15741,1825.0005106642222
15742,1825.0005106642222
15743,1825.0005106642222
15744,1825.0005106642222
15745,1825.0005106642222
15746,1825.0005106642222
15747,1825.0005106642222
15748,1825.0005106642222
15749,1825.0005106642222
15750,1825.0005106642222
15751,1825.0005106642222
15752,1825.0005106642222
15753,1825.0005106642222
15754,1825.0005106642222
15755,1825.0005106642222
15756,1825.0005106642222
15757,1825.0005106642222
15758,1825.0005106642222
15759,1825.0005106642222
15760,1825.0005106642222
15761,1825.0005106642222
15762,1825.0005106642222
15763,1825.0005106642222
15764,1825.0005106642222
15765,1825.0005106642222
15766,1825.0005106642222
15767,1825.0005106642222
15768,1825.0005106642222
15769,1825.0005106642222
15770,1825.0005106642222
15771,1825.0005106642222
15772,1825.0005106642222
15773,1825.0005106642222
15774,1825.0005106642222
15775,1825.0005106642222
15776,1825.0005106642222
15777,1825.0005106642222
15778,1825.0005106642222
15779,1825.0005106642222
15780,1825.0005106642222
15781,1825.0005106642222
15782,1825.0005106642222
15783,1825.0005106642222
15784,1825.0005106642222
15785,1825.0005106642222
15786,1825.0005106642222
15787,1825.0005106642222
15788,1825.0005106642222
15789,1825.0005106642222
15790,1825.0005106642222
15791,1825.0005106642222
15792,1825.0005106642222
15793,1825.0005106642222
15794,1825.0005106642222
15795,1825.0005106642222
15796,1825.0005106642222
15797,1825.0005106642222
15798,1825.0005106642222
15799,1825.0005106642222
15800,1825.0005106642222
15801,1825.0005106642222
15802,1825.0005106642222
15803,1825.0005106642222
15804,1825.0005106642222
15805,1825.0005106642222
15806,1825.0005106642222
15807,1825.0005106642222
15808,1825.0005106642222
15809,1825.0005106642222
15810,1825.0005106642222
15811,1825.0005106642222
15812,1825.0005106642222
15813,1825.0005106642222
15814,1825.0005106642222
15815,1825.0005106642222
15816,1825.0005106642222
15817,1825.0005106642222
15818,1825.0005106642222
15819,1825.0005106642222
15820,1825.0005106642222
15821,1825.0005106642222
15822,1825.0005106642222
15823,1825.0005106642222
15824,1825.0005106642222
15825,1825.0005106642222
15826,1825.0005106642222
15827,1825.0005106642222
15828,1825.0005106642222
15829,1825.0005106642222
15830,1825.0005106642222
15831,1825.0005106642222
15832,1825.0005106642222
15833,1825.0005106642222
15834,1825.0005106642222
15835,1825.0005106642222
15836,1825.0005106642222
15837,1825.0005106642222
15838,1825.0005106642222
15839,1825.0005106642222
15840,1825.0005106642222
15841,1825.0005106642222
15842,1825.0005106642222
15843,1825.0005106642222
15844,1825.0005106642222
15845,1825.0005106642222
15846,1825.0005106642222
15847,1825.0005106642222
15848,1825.0005106642222
15849,1825.0005106642222
15850,1825.0005106642222
15851,1825.0005106642222
15852,1825.0005106642222
15853,1825.0005106642222
15854,1825.0005106642222
15855,1825.0005106642222
15856,1825.0005106642222
15857,1825.0005106642222
15858,1825.0005106642222
15859,1825.0005106642222
15860,1825.0005106642222
15861,1825.0005106642222
15862,1825.0005106642222
15863,1825.0005106642222
15864,1825.0005106642222
15865,1825.0005106642222
15866,1825.0005106642222
15867,1825.0005106642222
15868,1825.0005106642222
15869,1825.0005106642222
15870,1825.0005106642222
15871,1825.0005106642222
15872,1825.0005106642222
15873,1825.0005106642222
15874,1825.0005106642222
15875,1825.0005106642222
15876,1825.0005106642222
15877,1825.0005106642222
15878,1825.0005106642222
15879,1825.0005106642222
15880,1825.0005106642222
15881,1825.0005106642222
15882,1825.0005106642222
15883,1825.0005106642222
15884,1825.0005106642222
15885,1825.0005106642222
15886,1825.0005106642222
15887,1825.0005106642222
15888,1825.0005106642222
15889,1825.0005106642222
15890,1825.0005106642222
15891,1825.0005106642222
15892,1825.0005106642222
15893,1825.0005106642222
15894,1825.0005106642222
15895,1825.0005106642222
15896,1825.0005106642222
15897,1825.0005106642222
15898,1825.0005106642222
15899,1825.0005106642222
15900,1825.0005106642222
15901,1825.0005106642222
15902,1825.0005106642222
15903,1825.0005106642222
15904,1825.0005106642222
15905,1825.0005106642222
15906,1825.0005106642222
15907,1825.0005106642222
15908,1825.0005106642222
15909,1825.0005106642222
15910,1825.0005106642222
15911,1825.0005106642222
15912,1825.0005106642222
15913,1825.0005106642222
15914,1825.0005106642222
15915,1825.0005106642222
15916,1825.0005106642222
15917,1825.0005106642222
15918,1825.0005106642222
15919,1825.0005106642222
15920,1825.0005106642222
15921,1825.0005106642222
15922,1825.0005106642222
15923,1825.0005106642222
15924,1825.0005106642222
15925,1825.0005106642222
15926,1825.0005106642222
15927,1825.0005106642222
15928,1825.0005106642222
15929,1825.0005106642222
15930,1825.0005106642222
15931,1825.0005106642222
15932,1825.0005106642222
15933,1825.0005106642222
15934,1825.0005106642222
15935,1825.0005106642222
15936,1825.0005106642222
15937,1825.0005106642222
15938,1825.0005106642222
15939,1825.0005106642222
15940,1825.0005106642222
15941,1825.0005106642222
15942,1825.0005106642222
15943,1825.0005106642222
15944,1825.0005106642222
15945,1825.0005106642222
15946,1825.0005106642222
15947,1825.0005106642222
15948,1825.0005106642222
15949,1825.0005106642222
15950,1825.0005106642222
15951,1825.0005106642222
15952,1825.0005106642222
15953,1825.0005106642222
15954,1825.0005106642222
15955,1825.0005106642222
15956,1825.0005106642222
15957,1825.0005106642222
15958,1825.0005106642222
15959,1825.0005106642222
15960,1825.0005106642222
15961,1825.0005106642222
15962,1825.0005106642222
15963,1825.0005106642222
15964,1825.0005106642222
15965,1825.0005106642222
15966,1825.0005106642222
15967,1825.0005106642222
15968,1825.0005106642222
15969,1825.0005106642222
15970,1825.0005106642222
15971,1825.0005106642222
15972,1825.0005106642222
15973,1825.0005106642222
15974,1825.0005106642222
15975,1825.0005106642222
15976,1825.0005106642222
15977,1825.0005106642222
15978,1825.0005106642222
15979,1825.0005106642222
15980,1825.0005106642222
15981,1825.0005106642222
15982,1825.0005106642222
15983,1825.0005106642222
15984,1825.0005106642222
15985,1825.0005106642222
15986,1825.0005106642222
15987,1825.0005106642222
15988,1825.0005106642222
15989,1825.0005106642222
15990,1825.0005106642222
15991,1825.0005106642222
15992,1825.0005106642222
15993,1825.0005106642222
15994,1825.0005106642222
15995,1825.0005106642222
15996,1825.0005106642222
15997,1825.0005106642222
15998,1825.0005106642222
15999,1825.0005106642222
16000,1825.0005106642222
16001,1825.0005106642222
16002,1825.0005106642222
16003,1825.0005106642222
16004,1825.0005106642222
16005,1825.0005106642222
16006,1825.0005106642222
16007,1825.0005106642222
16008,1825.0005106642222
16009,1825.0005106642222
16010,1825.0005106642222
16011,1825.0005106642222
16012,1825.0005106642222
16013,1825.0005106642222
16014,1825.0005106642222
16015,1825.0005106642222
16016,1825.0005106642222
16017,1825.0005106642222
16018,1825.0005106642222
16019,1825.0005106642222
16020,1825.0005106642222
16021,1825.0005106642222
16022,1825.0005106642222
16023,1825.0005106642222
16024,1825.0005106642222
16025,1825.0005106642222
16026,1825.0005106642222
16027,1825.0005106642222
16028,1825.0005106642222
16029,1825.0005106642222
16030,1825.0005106642222
16031,1825.0005106642222
16032,1825.0005106642222
16033,1825.0005106642222
16034,1825.0005106642222
16035,1825.0005106642222
16036,1825.0005106642222
16037,1825.0005106642222
16038,1825.0005106642222
16039,1825.0005106642222
16040,1825.0005106642222
16041,1825.0005106642222
16042,1825.0005106642222
16043,1825.0005106642222
16044,1825.0005106642222
16045,1825.0005106642222
16046,1825.0005106642222
16047,1825.0005106642222
16048,1825.0005106642222
16049,1825.0005106642222
16050,1825.0005106642222
16051,1825.0005106642222
16052,1825.0005106642222
16053,1825.0005106642222
16054,1825.0005106642222
16055,1825.0005106642222
16056,1825.0005106642222
16057,1825.0005106642222
16058,1825.0005106642222
16059,1825.0005106642222
16060,1825.0005106642222
16061,1825.0005106642222
16062,1825.0005106642222
16063,1825.0005106642222
16064,1825.0005106642222
16065,1825.0005106642222
16066,1825.0005106642222
16067,1825.0005106642222
16068,1825.0005106642222
16069,1825.0005106642222
16070,1825.0005106642222
16071,1825.0005106642222
16072,1825.0005106642222
16073,1825.0005106642222
16074,1825.0005106642222
16075,1825.0005106642222
16076,1825.0005106642222
16077,1825.0005106642222
16078,1825.0005106642222
16079,1825.0005106642222
16080,1825.0005106642222
16081,1825.0005106642222
16082,1825.0005106642222
16083,1825.0005106642222
16084,1825.0005106642222
16085,1825.0005106642222
16086,1825.0005106642222
16087,1825.0005106642222
16088,1825.0005106642222
16089,1825.0005106642222
16090,1825.0005106642222
16091,1825.0005106642222
16092,1825.0005106642222
16093,1825.0005106642222
16094,1825.0005106642222
16095,1825.0005106642222
16096,1825.0005106642222
16097,1825.0005106642222
16098,1825.0005106642222
16099,1825.0005106642222
16100,1825.0005106642222
16101,1825.0005106642222
16102,1825.0005106642222
16103,1825.0005106642222
16104,1825.0005106642222
16105,1825.0005106642222
16106,1825.0005106642222
16107,1825.0005106642222
16108,1825.0005106642222
16109,1825.0005106642222
16110,1825.0005106642222
16111,1825.0005106642222
16112,1825.0005106642222
16113,1825.0005106642222
16114,1825.0005106642222
16115,1825.0005106642222
16116,1825.0005106642222
16117,1825.0005106642222
16118,1825.0005106642222
16119,1825.0005106642222
16120,1825.0005106642222
16121,1825.0005106642222
16122,1825.0005106642222
16123,1825.0005106642222
16124,1825.0005106642222
16125,1825.0005106642222
16126,1825.0005106642222
16127,1825.0005106642222
16128,1825.0005106642222
16129,1825.0005106642222
16130,1825.0005106642222
16131,1825.0005106642222
16132,1825.0005106642222
16133,1825.0005106642222
16134,1825.0005106642222
16135,1825.0005106642222
16136,1825.0005106642222
16137,1825.0005106642222
16138,1825.0005106642222
16139,1825.0005106642222
16140,1825.0005106642222
16141,1825.0005106642222
16142,1825.0005106642222
16143,1825.0005106642222
16144,1825.0005106642222
16145,1825.0005106642222
16146,1825.0005106642222
16147,1825.0005106642222
16148,1825.0005106642222
16149,1825.0005106642222
16150,1825.0005106642222
16151,1825.0005106642222
16152,1825.0005106642222
16153,1825.0005106642222
16154,1825.0005106642222
16155,1825.0005106642222
16156,1825.0005106642222
16157,1825.0005106642222
16158,1825.0005106642222
16159,1825.0005106642222
16160,1825.0005106642222
16161,1825.0005106642222
16162,1825.0005106642222
16163,1825.0005106642222
16164,1825.0005106642222
16165,1825.0005106642222
16166,1825.0005106642222
16167,1825.0005106642222
16168,1825.0005106642222
16169,1825.0005106642222
16170,1825.0005106642222
16171,1825.0005106642222
16172,1825.0005106642222
16173,1825.0005106642222
16174,1825.0005106642222
16175,1825.0005106642222
16176,1825.0005106642222
16177,1825.0005106642222
16178,1825.0005106642222
16179,1825.0005106642222
16180,1825.0005106642222
16181,1825.0005106642222
16182,1825.0005106642222
16183,1825.0005106642222
16184,1825.0005106642222
16185,1825.0005106642222
16186,1825.0005106642222
16187,1825.0005106642222
16188,1825.0005106642222
16189,1825.0005106642222
16190,1825.0005106642222
16191,1825.0005106642222
16192,1825.0005106642222
16193,1825.0005106642222
16194,1825.0005106642222
16195,1825.0005106642222
16196,1825.0005106642222
16197,1825.0005106642222
16198,1825.0005106642222
16199,1825.0005106642222
16200,1825.0005106642222
16201,1825.0005106642222
16202,1825.0005106642222
16203,1825.0005106642222
16204,1825.0005106642222
16205,1825.0005106642222
16206,1825.0005106642222
16207,1825.0005106642222
16208,1825.0005106642222
16209,1825.0005106642222
16210,1825.0005106642222
16211,1825.0005106642222
16212,1825.0005106642222
16213,1825.0005106642222
16214,1825.0005106642222
16215,1825.0005106642222
16216,1825.0005106642222
16217,1825.0005106642222
16218,1825.0005106642222
16219,1825.0005106642222
16220,1825.0005106642222
16221,1825.0005106642222
16222,1825.0005106642222
16223,1825.0005106642222
16224,1825.0005106642222
16225,1825.0005106642222
16226,1825.0005106642222
16227,1825.0005106642222
16228,1825.0005106642222
16229,1825.0005106642222
16230,1825.0005106642222
16231,1825.0005106642222
16232,1825.0005106642222
16233,1825.0005106642222
16234,1825.0005106642222
16235,1825.0005106642222
16236,1825.0005106642222
16237,1825.0005106642222
16238,1825.0005106642222
16239,1825.0005106642222
16240,1825.0005106642222
16241,1825.0005106642222
16242,1825.0005106642222
16243,1825.0005106642222
16244,1825.0005106642222
16245,1825.0005106642222
16246,1825.0005106642222
16247,1825.0005106642222
16248,1825.0005106642222
16249,1825.0005106642222
16250,1825.0005106642222
16251,1825.0005106642222
16252,1825.0005106642222
16253,1825.0005106642222
16254,1825.0005106642222
16255,1825.0005106642222
16256,1825.0005106642222
16257,1825.0005106642222
16258,1825.0005106642222
16259,1825.0005106642222
16260,1825.0005106642222
16261,1825.0005106642222
16262,1825.0005106642222
16263,1825.0005106642222
16264,1825.0005106642222
16265,1825.0005106642222
16266,1825.0005106642222
16267,1825.0005106642222
16268,1825.0005106642222
16269,1825.0005106642222
16270,1825.0005106642222
16271,1825.0005106642222
16272,1825.0005106642222
16273,1825.0005106642222
16274,1825.0005106642222
16275,1825.0005106642222
16276,1825.0005106642222
16277,1825.0005106642222
16278,1825.0005106642222
16279,1825.0005106642222
16280,1825.0005106642222
16281,1825.0005106642222
16282,1825.0005106642222
16283,1825.0005106642222
16284,1825.0005106642222
16285,1825.0005106642222
16286,1825.0005106642222
16287,1825.0005106642222
16288,1825.0005106642222
16289,1825.0005106642222
16290,1825.0005106642222
16291,1825.0005106642222
16292,1825.0005106642222
16293,1825.0005106642222
16294,1825.0005106642222
16295,1825.0005106642222
16296,1825.0005106642222
16297,1825.0005106642222
16298,1825.0005106642222
16299,1825.0005106642222
16300,1825.0005106642222
16301,1825.0005106642222
16302,1825.0005106642222
16303,1825.0005106642222
16304,1825.0005106642222
16305,1825.0005106642222
16306,1825.0005106642222
16307,1825.0005106642222
16308,1825.0005106642222
16309,1825.0005106642222
16310,1825.0005106642222
16311,1825.0005106642222
16312,1825.0005106642222
16313,1825.0005106642222
16314,1825.0005106642222
16315,1825.0005106642222
16316,1825.0005106642222
16317,1825.0005106642222
16318,1825.0005106642222
16319,1825.0005106642222
16320,1825.0005106642222
16321,1825.0005106642222
16322,1825.0005106642222
16323,1825.0005106642222
16324,1825.0005106642222
16325,1825.0005106642222
16326,1825.0005106642222
16327,1825.0005106642222
16328,1825.0005106642222
16329,1825.0005106642222
16330,1825.0005106642222
16331,1825.0005106642222
16332,1825.0005106642222
16333,1825.0005106642222
16334,1825.0005106642222
16335,1825.0005106642222
16336,1825.0005106642222
16337,1825.0005106642222
16338,1825.0005106642222
16339,1825.0005106642222
16340,1825.0005106642222
16341,1825.0005106642222
16342,1825.0005106642222
16343,1825.0005106642222
16344,1825.0005106642222
16345,1825.0005106642222
16346,1825.0005106642222
16347,1825.0005106642222
16348,1825.0005106642222
16349,1825.0005106642222
16350,1825.0005106642222
16351,1825.0005106642222
16352,1825.0005106642222
16353,1825.0005106642222
16354,1825.0005106642222
16355,1825.0005106642222
16356,1825.0005106642222
16357,1825.0005106642222
16358,1825.0005106642222
16359,1825.0005106642222
16360,1825.0005106642222
16361,1825.0005106642222
16362,1825.0005106642222
16363,1825.0005106642222
16364,1825.0005106642222
16365,1825.0005106642222
16366,1825.0005106642222
16367,1825.0005106642222
16368,1825.0005106642222
16369,1825.0005106642222
16370,1825.0005106642222
16371,1825.0005106642222
16372,1825.0005106642222
16373,1825.0005106642222
16374,1825.0005106642222
16375,1825.0005106642222
16376,1825.0005106642222
16377,1825.0005106642222
16378,1825.0005106642222
16379,1825.0005106642222
16380,1825.0005106642222
16381,1825.0005106642222
16382,1825.0005106642222
16383,1825.0005106642222
16384,1825.0005106642222
16385,1825.0005106642222
16386,1825.0005106642222
16387,1825.0005106642222
16388,1825.0005106642222
16389,1825.0005106642222
16390,1825.0005106642222
16391,1825.0005106642222
16392,1825.0005106642222
16393,1825.0005106642222
16394,1825.0005106642222
16395,1825.0005106642222
16396,1825.0005106642222
16397,1825.0005106642222
16398,1825.0005106642222
16399,1825.0005106642222
16400,1825.0005106642222
16401,1825.0005106642222
16402,1825.0005106642222
16403,1825.0005106642222
16404,1825.0005106642222
16405,1825.0005106642222
16406,1825.0005106642222
16407,1825.0005106642222
16408,1825.0005106642222
16409,1825.0005106642222
16410,1825.0005106642222
16411,1825.0005106642222
16412,1825.0005106642222
16413,1825.0005106642222
16414,1825.0005106642222
16415,1825.0005106642222
16416,1825.0005106642222
16417,1825.0005106642222
16418,1825.0005106642222
16419,1825.0005106642222
16420,1825.0005106642222
16421,1825.0005106642222
16422,1825.0005106642222
16423,1825.0005106642222
16424,1825.0005106642222
16425,1825.0005106642222
16426,1825.0005106642222
16427,1825.0005106642222
16428,1825.0005106642222
16429,1825.0005106642222
16430,1825.0005106642222
16431,1825.0005106642222
16432,1825.0005106642222
16433,1825.0005106642222
16434,1825.0005106642222
16435,1825.0005106642222
16436,1825.0005106642222
16437,1825.0005106642222
16438,1825.0005106642222
16439,1825.0005106642222
16440,1825.0005106642222
16441,1825.0005106642222
16442,1825.0005106642222
16443,1825.0005106642222
16444,1825.0005106642222
16445,1825.0005106642222
16446,1825.0005106642222
16447,1825.0005106642222
16448,1825.0005106642222
16449,1825.0005106642222
16450,1825.0005106642222
16451,1825.0005106642222
16452,1825.0005106642222
16453,1825.0005106642222
16454,1825.0005106642222
16455,1825.0005106642222
16456,1825.0005106642222
16457,1825.0005106642222
16458,1825.0005106642222
16459,1825.0005106642222
16460,1825.0005106642222
16461,1825.0005106642222
16462,1825.0005106642222
16463,1825.0005106642222
16464,1825.0005106642222
16465,1825.0005106642222
16466,1825.0005106642222
16467,1825.0005106642222
16468,1825.0005106642222
16469,1825.0005106642222
16470,1825.0005106642222
16471,1825.0005106642222
16472,1825.0005106642222
16473,1825.0005106642222
16474,1825.0005106642222
16475,1825.0005106642222
16476,1825.0005106642222
16477,1825.0005106642222
16478,1825.0005106642222
16479,1825.0005106642222
16480,1825.0005106642222
16481,1825.0005106642222
16482,1825.0005106642222
16483,1825.0005106642222
16484,1825.0005106642222
16485,1825.0005106642222
16486,1825.0005106642222
16487,1825.0005106642222
16488,1825.0005106642222
16489,1825.0005106642222
16490,1825.0005106642222
16491,1825.0005106642222
16492,1825.0005106642222
16493,1825.0005106642222
16494,1825.0005106642222
16495,1825.0005106642222
16496,1825.0005106642222
16497,1825.0005106642222
16498,1825.0005106642222
16499,1825.0005106642222
16500,1825.0005106642222
16501,1825.0005106642222
16502,1825.0005106642222
16503,1825.0005106642222
16504,1825.0005106642222
16505,1825.0005106642222
16506,1825.0005106642222
16507,1825.0005106642222
16508,1825.0005106642222
16509,1825.0005106642222
16510,1825.0005106642222
16511,1825.0005106642222
16512,1825.0005106642222
16513,1825.0005106642222
16514,1825.0005106642222
16515,1825.0005106642222
16516,1825.0005106642222
16517,1825.0005106642222
16518,1825.0005106642222
16519,1825.0005106642222
16520,1825.0005106642222
16521,1825.0005106642222
16522,1825.0005106642222
16523,1825.0005106642222
16524,1825.0005106642222
16525,1825.0005106642222
16526,1825.0005106642222
16527,1825.0005106642222
16528,1825.0005106642222
16529,1825.0005106642222
16530,1825.0005106642222
16531,1825.0005106642222
16532,1825.0005106642222
16533,1825.0005106642222
16534,1825.0005106642222
16535,1825.0005106642222
16536,1825.0005106642222
16537,1825.0005106642222
16538,1825.0005106642222
16539,1825.0005106642222
16540,1825.0005106642222
16541,1825.0005106642222
16542,1825.0005106642222
16543,1825.0005106642222
16544,1825.0005106642222
16545,1825.0005106642222
16546,1825.0005106642222
16547,1825.0005106642222
16548,1825.0005106642222
16549,1825.0005106642222
16550,1825.0005106642222
16551,1825.0005106642222
16552,1825.0005106642222
16553,1825.0005106642222
16554,1825.0005106642222
16555,1825.0005106642222
16556,1825.0005106642222
16557,1825.0005106642222
16558,1825.0005106642222
16559,1825.0005106642222
16560,1825.0005106642222
16561,1825.0005106642222
16562,1825.0005106642222
16563,1825.0005106642222
16564,1825.0005106642222
16565,1825.0005106642222
16566,1825.0005106642222
16567,1825.0005106642222
16568,1825.0005106642222
16569,1825.0005106642222
16570,1825.0005106642222
16571,1825.0005106642222
16572,1825.0005106642222
16573,1825.0005106642222
16574,1825.0005106642222
16575,1825.0005106642222
16576,1825.0005106642222
16577,1825.0005106642222
16578,1825.0005106642222
16579,1825.0005106642222
16580,1825.0005106642222
16581,1825.0005106642222
16582,1825.0005106642222
16583,1825.0005106642222
16584,1825.0005106642222
16585,1825.0005106642222
16586,1825.0005106642222
16587,1825.0005106642222
16588,1825.0005106642222
16589,1825.0005106642222
16590,1825.0005106642222
16591,1825.0005106642222
16592,1825.0005106642222
16593,1825.0005106642222
16594,1825.0005106642222
16595,1825.0005106642222
16596,1825.0005106642222
16597,1825.0005106642222
16598,1825.0005106642222
16599,1825.0005106642222
16600,1825.0005106642222
16601,1825.0005106642222
16602,1825.0005106642222
16603,1825.0005106642222
16604,1825.0005106642222
16605,1825.0005106642222
16606,1825.0005106642222
16607,1825.0005106642222
16608,1825.0005106642222
16609,1825.0005106642222
16610,1825.0005106642222
16611,1825.0005106642222
16612,1825.0005106642222
16613,1825.0005106642222
16614,1825.0005106642222
16615,1825.0005106642222
16616,1825.0005106642222
16617,1825.0005106642222
16618,1825.0005106642222
16619,1825.0005106642222
16620,1825.0005106642222
16621,1825.0005106642222
16622,1825.0005106642222
16623,1825.0005106642222
16624,1825.0005106642222
16625,1825.0005106642222
16626,1825.0005106642222
16627,1825.0005106642222
16628,1825.0005106642222
16629,1825.0005106642222
16630,1825.0005106642222
16631,1825.0005106642222
16632,1825.0005106642222
16633,1825.0005106642222
16634,1825.0005106642222
16635,1825.0005106642222
16636,1825.0005106642222
16637,1825.0005106642222
16638,1825.0005106642222
16639,1825.0005106642222
16640,1825.0005106642222
16641,1825.0005106642222
16642,1825.0005106642222
16643,1825.0005106642222
16644,1825.0005106642222
16645,1825.0005106642222
16646,1825.0005106642222
16647,1825.0005106642222
16648,1825.0005106642222
16649,1825.0005106642222
16650,1825.0005106642222
16651,1825.0005106642222
16652,1825.0005106642222
16653,1825.0005106642222
16654,1825.0005106642222
16655,1825.0005106642222
16656,1825.0005106642222
16657,1825.0005106642222
16658,1825.0005106642222
16659,1825.0005106642222
16660,1825.0005106642222
16661,1825.0005106642222
16662,1825.0005106642222
16663,1825.0005106642222
16664,1825.0005106642222
16665,1825.0005106642222
16666,1825.0005106642222
16667,1825.0005106642222
16668,1825.0005106642222
16669,1825.0005106642222
16670,1825.0005106642222
16671,1825.0005106642222
16672,1825.0005106642222
16673,1825.0005106642222
16674,1825.0005106642222
16675,1825.0005106642222
16676,1825.0005106642222
16677,1825.0005106642222
16678,1825.0005106642222
16679,1825.0005106642222
16680,1825.0005106642222
16681,1825.0005106642222
16682,1825.0005106642222
16683,1825.0005106642222
16684,1825.0005106642222
16685,1825.0005106642222
16686,1825.0005106642222
16687,1825.0005106642222
16688,1825.0005106642222
16689,1825.0005106642222
16690,1825.0005106642222
16691,1825.0005106642222
16692,1825.0005106642222
16693,1825.0005106642222
16694,1825.0005106642222
16695,1825.0005106642222
16696,1825.0005106642222
16697,1825.0005106642222
16698,1825.0005106642222
16699,1825.0005106642222
16700,1825.0005106642222
16701,1825.0005106642222
16702,1825.0005106642222
16703,1825.0005106642222
16704,1825.0005106642222
16705,1825.0005106642222
16706,1825.0005106642222
16707,1825.0005106642222
16708,1825.0005106642222
16709,1825.0005106642222
16710,1825.0005106642222
16711,1825.0005106642222
16712,1825.0005106642222
16713,1825.0005106642222
16714,1825.0005106642222
16715,1825.0005106642222
16716,1825.0005106642222
16717,1825.0005106642222
16718,1825.0005106642222
16719,1825.0005106642222
16720,1825.0005106642222
16721,1825.0005106642222
16722,1825.0005106642222
16723,1825.0005106642222
16724,1825.0005106642222
16725,1825.0005106642222
16726,1825.0005106642222
16727,1825.0005106642222
16728,1825.0005106642222
16729,1825.0005106642222
16730,1825.0005106642222
16731,1825.0005106642222
16732,1825.0005106642222
16733,1825.0005106642222
16734,1825.0005106642222
16735,1825.0005106642222
16736,1825.0005106642222
16737,1825.0005106642222
16738,1825.0005106642222
16739,1825.0005106642222
16740,1825.0005106642222
16741,1825.0005106642222
16742,1825.0005106642222
16743,1825.0005106642222
16744,1825.0005106642222
16745,1825.0005106642222
16746,1825.0005106642222
16747,1825.0005106642222
16748,1825.0005106642222
16749,1825.0005106642222
16750,1825.0005106642222
16751,1825.0005106642222
16752,1825.0005106642222
16753,1825.0005106642222
16754,1825.0005106642222
16755,1825.0005106642222
16756,1825.0005106642222
16757,1825.0005106642222
16758,1825.0005106642222
16759,1825.0005106642222
16760,1825.0005106642222
16761,1825.0005106642222
16762,1825.0005106642222
16763,1825.0005106642222
16764,1825.0005106642222
16765,1825.0005106642222
16766,1825.0005106642222
16767,1825.0005106642222
16768,1825.0005106642222
16769,1825.0005106642222
16770,1825.0005106642222
16771,1825.0005106642222
16772,1825.0005106642222
16773,1825.0005106642222
16774,1825.0005106642222
16775,1825.0005106642222
16776,1825.0005106642222
16777,1825.0005106642222
16778,1825.0005106642222
16779,1825.0005106642222
16780,1825.0005106642222
16781,1825.0005106642222
16782,1825.0005106642222
16783,1825.0005106642222
16784,1825.0005106642222
16785,1825.0005106642222
16786,1825.0005106642222
16787,1825.0005106642222
16788,1825.0005106642222
16789,1825.0005106642222
16790,1825.0005106642222
16791,1825.0005106642222
16792,1825.0005106642222
16793,1825.0005106642222
16794,1825.0005106642222
16795,1825.0005106642222
16796,1825.0005106642222
16797,1825.0005106642222
16798,1825.0005106642222
16799,1825.0005106642222
16800,1825.0005106642222
16801,1825.0005106642222
16802,1825.0005106642222
16803,1825.0005106642222
16804,1825.0005106642222
16805,1825.0005106642222
16806,1825.0005106642222
16807,1825.0005106642222
16808,1825.0005106642222
16809,1825.0005106642222
16810,1825.0005106642222
16811,1825.0005106642222
16812,1825.0005106642222
16813,1825.0005106642222
16814,1825.0005106642222
16815,1825.0005106642222
16816,1825.0005106642222
16817,1825.0005106642222
16818,1825.0005106642222
16819,1825.0005106642222
16820,1825.0005106642222
16821,1825.0005106642222
16822,1825.0005106642222
16823,1825.0005106642222
16824,1825.0005106642222
16825,1825.0005106642222
16826,1825.0005106642222
16827,1825.0005106642222
16828,1825.0005106642222
16829,1825.0005106642222
16830,1825.0005106642222
16831,1825.0005106642222
16832,1825.0005106642222
16833,1825.0005106642222
16834,1825.0005106642222
16835,1825.0005106642222
16836,1825.0005106642222
16837,1825.0005106642222
16838,1825.0005106642222
16839,1825.0005106642222
16840,1825.0005106642222
16841,1825.0005106642222
16842,1825.0005106642222
16843,1825.0005106642222
16844,1825.0005106642222
16845,1825.0005106642222
16846,1825.0005106642222
16847,1825.0005106642222
16848,1825.0005106642222
16849,1825.0005106642222
16850,1825.0005106642222
16851,1825.0005106642222
16852,1825.0005106642222
16853,1825.0005106642222
16854,1825.0005106642222
16855,1825.0005106642222
16856,1825.0005106642222
16857,1825.0005106642222
16858,1825.0005106642222
16859,1825.0005106642222
16860,1825.0005106642222
16861,1825.0005106642222
16862,1825.0005106642222
16863,1825.0005106642222
16864,1825.0005106642222
16865,1825.0005106642222
16866,1825.0005106642222
16867,1825.0005106642222
16868,1825.0005106642222
16869,1825.0005106642222
16870,1825.0005106642222
16871,1825.0005106642222
16872,1825.0005106642222
16873,1825.0005106642222
16874,1825.0005106642222
16875,1825.0005106642222
16876,1825.0005106642222
16877,1825.0005106642222
16878,1825.0005106642222
16879,1825.0005106642222
16880,1825.0005106642222
16881,1825.0005106642222
16882,1825.0005106642222
16883,1825.0005106642222
16884,1825.0005106642222
16885,1825.0005106642222
16886,1825.0005106642222
16887,1825.0005106642222
16888,1825.0005106642222
16889,1825.0005106642222
16890,1825.0005106642222
16891,1825.0005106642222
16892,1825.0005106642222
16893,1825.0005106642222
16894,1825.0005106642222
16895,1825.0005106642222
16896,1825.0005106642222
16897,1825.0005106642222
16898,1825.0005106642222
16899,1825.0005106642222
16900,1825.0005106642222
16901,1825.0005106642222
16902,1825.0005106642222
16903,1825.0005106642222
16904,1825.0005106642222
16905,1825.0005106642222
16906,1825.0005106642222
16907,1825.0005106642222
16908,1825.0005106642222
16909,1825.0005106642222
16910,1825.0005106642222
16911,1825.0005106642222
16912,1825.0005106642222
16913,1825.0005106642222
16914,1825.0005106642222
16915,1825.0005106642222
16916,1825.0005106642222
16917,1825.0005106642222
16918,1825.0005106642222
16919,1825.0005106642222
16920,1825.0005106642222
16921,1825.0005106642222
16922,1825.0005106642222
16923,1825.0005106642222
16924,1825.0005106642222
16925,1825.0005106642222
16926,1825.0005106642222
16927,1825.0005106642222
16928,1825.0005106642222
16929,1825.0005106642222
16930,1825.0005106642222
16931,1825.0005106642222
16932,1825.0005106642222
16933,1825.0005106642222
16934,1825.0005106642222
16935,1825.0005106642222
16936,1825.0005106642222
16937,1825.0005106642222
16938,1825.0005106642222
16939,1825.0005106642222
16940,1825.0005106642222
16941,1825.0005106642222
16942,1825.0005106642222
16943,1825.0005106642222
16944,1825.0005106642222
16945,1825.0005106642222
16946,1825.0005106642222
16947,1825.0005106642222
16948,1825.0005106642222
16949,1825.0005106642222
16950,1825.0005106642222
16951,1825.0005106642222
16952,1825.0005106642222
16953,1825.0005106642222
16954,1825.0005106642222
16955,1825.0005106642222
16956,1825.0005106642222
16957,1825.0005106642222
16958,1825.0005106642222
16959,1825.0005106642222
16960,1825.0005106642222
16961,1825.0005106642222
16962,1825.0005106642222
16963,1825.0005106642222
16964,1825.0005106642222
16965,1825.0005106642222
16966,1825.0005106642222
16967,1825.0005106642222
16968,1825.0005106642222
16969,1825.0005106642222
16970,1825.0005106642222
16971,1825.0005106642222
16972,1825.0005106642222
16973,1825.0005106642222
16974,1825.0005106642222
16975,1825.0005106642222
16976,1825.0005106642222
16977,1825.0005106642222
16978,1825.0005106642222
16979,1825.0005106642222
16980,1825.0005106642222
16981,1825.0005106642222
16982,1825.0005106642222
16983,1825.0005106642222
16984,1825.0005106642222
16985,1825.0005106642222
16986,1825.0005106642222
16987,1825.0005106642222
16988,1825.0005106642222
16989,1825.0005106642222
16990,1825.0005106642222
16991,1825.0005106642222
16992,1825.0005106642222
16993,1825.0005106642222
16994,1825.0005106642222
16995,1825.0005106642222
16996,1825.0005106642222
16997,1825.0005106642222
16998,1825.0005106642222
16999,1825.0005106642222
17000,1825.0005106642222
17001,1825.0005106642222
17002,1825.0005106642222
17003,1825.0005106642222
17004,1825.0005106642222
17005,1825.0005106642222
17006,1825.0005106642222
17007,1825.0005106642222
17008,1825.0005106642222
17009,1825.0005106642222
17010,1825.0005106642222
17011,1825.0005106642222
17012,1825.0005106642222
17013,1825.0005106642222
17014,1825.0005106642222
17015,1825.0005106642222
17016,1825.0005106642222
17017,1825.0005106642222
17018,1825.0005106642222
17019,1825.0005106642222
17020,1825.0005106642222
17021,1825.0005106642222
17022,1825.0005106642222
17023,1825.0005106642222
17024,1825.0005106642222
17025,1825.0005106642222
17026,1825.0005106642222
17027,1825.0005106642222
17028,1825.0005106642222
17029,1825.0005106642222
17030,1825.0005106642222
17031,1825.0005106642222
17032,1825.0005106642222
17033,1825.0005106642222
17034,1825.0005106642222
17035,1825.0005106642222
17036,1825.0005106642222
17037,1825.0005106642222
17038,1825.0005106642222
17039,1825.0005106642222
17040,1825.0005106642222
17041,1825.0005106642222
17042,1825.0005106642222
17043,1825.0005106642222
17044,1825.0005106642222
17045,1825.0005106642222
17046,1825.0005106642222
17047,1825.0005106642222
17048,1825.0005106642222
17049,1825.0005106642222
17050,1825.0005106642222
17051,1825.0005106642222
17052,1825.0005106642222
17053,1825.0005106642222
17054,1825.0005106642222
17055,1825.0005106642222
17056,1825.0005106642222
17057,1825.0005106642222
17058,1825.0005106642222
17059,1825.0005106642222
17060,1825.0005106642222
17061,1825.0005106642222
17062,1825.0005106642222
17063,1825.0005106642222
17064,1825.0005106642222
17065,1825.0005106642222
17066,1825.0005106642222
17067,1825.0005106642222
17068,1825.0005106642222
17069,1825.0005106642222
17070,1825.0005106642222
17071,1825.0005106642222
17072,1825.0005106642222
17073,1825.0005106642222
17074,1825.0005106642222
17075,1825.0005106642222
17076,1825.0005106642222
17077,1825.0005106642222
17078,1825.0005106642222
17079,1825.0005106642222
17080,1825.0005106642222
17081,1825.0005106642222
17082,1825.0005106642222
17083,1825.0005106642222
17084,1825.0005106642222
17085,1825.0005106642222
17086,1825.0005106642222
17087,1825.0005106642222
17088,1825.0005106642222
17089,1825.0005106642222
17090,1825.0005106642222
17091,1825.0005106642222
17092,1825.0005106642222
17093,1825.0005106642222
17094,1825.0005106642222
17095,1825.0005106642222
17096,1825.0005106642222
17097,1825.0005106642222
17098,1825.0005106642222
17099,1825.0005106642222
17100,1825.0005106642222
17101,1825.0005106642222
17102,1825.0005106642222
17103,1825.0005106642222
17104,1825.0005106642222
17105,1825.0005106642222
17106,1825.0005106642222
17107,1825.0005106642222
17108,1825.0005106642222
17109,1825.0005106642222
17110,1825.0005106642222
17111,1825.0005106642222
17112,1825.0005106642222
17113,1825.0005106642222
17114,1825.0005106642222
17115,1825.0005106642222
17116,1825.0005106642222
17117,1825.0005106642222
17118,1825.0005106642222
17119,1825.0005106642222
17120,1825.0005106642222
17121,1825.0005106642222
17122,1825.0005106642222
17123,1825.0005106642222
17124,1825.0005106642222
17125,1825.0005106642222
17126,1825.0005106642222
17127,1825.0005106642222
17128,1825.0005106642222
17129,1825.0005106642222
17130,1825.0005106642222
17131,1825.0005106642222
17132,1825.0005106642222
17133,1825.0005106642222
17134,1825.0005106642222
17135,1825.0005106642222
17136,1825.0005106642222
17137,1825.0005106642222
17138,1825.0005106642222
17139,1825.0005106642222
17140,1825.0005106642222
17141,1825.0005106642222
17142,1825.0005106642222
17143,1825.0005106642222
17144,1825.0005106642222
17145,1825.0005106642222
17146,1825.0005106642222
17147,1825.0005106642222
17148,1825.0005106642222
17149,1825.0005106642222
17150,1825.0005106642222
17151,1825.0005106642222
17152,1825.0005106642222
17153,1825.0005106642222
17154,1825.0005106642222
17155,1825.0005106642222
17156,1825.0005106642222
17157,1825.0005106642222
17158,1825.0005106642222
17159,1825.0005106642222
17160,1825.0005106642222
17161,1825.0005106642222
17162,1825.0005106642222
17163,1825.0005106642222
17164,1825.0005106642222
17165,1825.0005106642222
17166,1825.0005106642222
17167,1825.0005106642222
17168,1825.0005106642222
17169,1825.0005106642222
17170,1825.0005106642222
17171,1825.0005106642222
17172,1825.0005106642222
17173,1825.0005106642222
17174,1825.0005106642222
17175,1825.0005106642222
17176,1825.0005106642222
17177,1825.0005106642222
17178,1825.0005106642222
17179,1825.0005106642222
17180,1825.0005106642222
17181,1825.0005106642222
17182,1825.0005106642222
17183,1825.0005106642222
17184,1825.0005106642222
17185,1825.0005106642222
17186,1825.0005106642222
17187,1825.0005106642222
17188,1825.0005106642222
17189,1825.0005106642222
17190,1825.0005106642222
17191,1825.0005106642222
17192,1825.0005106642222
17193,1825.0005106642222
17194,1825.0005106642222
17195,1825.0005106642222
17196,1825.0005106642222
17197,1825.0005106642222
17198,1825.0005106642222
17199,1825.0005106642222
17200,1825.0005106642222
17201,1825.0005106642222
17202,1825.0005106642222
17203,1825.0005106642222
17204,1825.0005106642222
17205,1825.0005106642222
17206,1825.0005106642222
17207,1825.0005106642222
17208,1825.0005106642222
17209,1825.0005106642222
17210,1825.0005106642222
17211,1825.0005106642222
17212,1825.0005106642222
17213,1825.0005106642222
17214,1825.0005106642222
17215,1825.0005106642222
17216,1825.0005106642222
17217,1825.0005106642222
17218,1825.0005106642222
17219,1825.0005106642222
17220,1825.0005106642222
17221,1825.0005106642222
17222,1825.0005106642222
17223,1825.0005106642222
17224,1825.0005106642222
17225,1825.0005106642222
17226,1825.0005106642222
17227,1825.0005106642222
17228,1825.0005106642222
17229,1825.0005106642222
17230,1825.0005106642222
17231,1825.0005106642222
17232,1825.0005106642222
17233,1825.0005106642222
17234,1825.0005106642222
17235,1825.0005106642222
17236,1825.0005106642222
17237,1825.0005106642222
17238,1825.0005106642222
17239,1825.0005106642222
17240,1825.0005106642222
17241,1825.0005106642222
17242,1825.0005106642222
17243,1825.0005106642222
17244,1825.0005106642222
17245,1825.0005106642222
17246,1825.0005106642222
17247,1825.0005106642222
17248,1825.0005106642222
17249,1825.0005106642222
17250,1825.0005106642222
17251,1825.0005106642222
17252,1825.0005106642222
17253,1825.0005106642222
17254,1825.0005106642222
17255,1825.0005106642222
17256,1825.0005106642222
17257,1825.0005106642222
17258,1825.0005106642222
17259,1825.0005106642222
17260,1825.0005106642222
17261,1825.0005106642222
17262,1825.0005106642222
17263,1825.0005106642222
17264,1825.0005106642222
17265,1825.0005106642222
17266,1825.0005106642222
17267,1825.0005106642222
17268,1825.0005106642222
17269,1825.0005106642222
17270,1825.0005106642222
17271,1825.0005106642222
17272,1825.0005106642222
17273,1825.0005106642222
17274,1825.0005106642222
17275,1825.0005106642222
17276,1825.0005106642222
17277,1825.0005106642222
17278,1825.0005106642222
17279,1825.0005106642222
17280,1825.0005106642222
17281,1825.0005106642222
17282,1825.0005106642222
17283,1825.0005106642222
17284,1825.0005106642222
17285,1825.0005106642222
17286,1825.0005106642222
17287,1825.0005106642222
17288,1825.0005106642222
17289,1825.0005106642222
17290,1825.0005106642222
17291,1825.0005106642222
17292,1825.0005106642222
17293,1825.0005106642222
17294,1825.0005106642222
17295,1825.0005106642222
17296,1825.0005106642222
17297,1825.0005106642222
17298,1825.0005106642222
17299,1825.0005106642222
17300,1825.0005106642222
17301,1825.0005106642222
17302,1825.0005106642222
17303,1825.0005106642222
17304,1825.0005106642222
17305,1825.0005106642222
17306,1825.0005106642222
17307,1825.0005106642222
17308,1825.0005106642222
17309,1825.0005106642222
17310,1825.0005106642222
17311,1825.0005106642222
17312,1825.0005106642222
17313,1825.0005106642222
17314,1825.0005106642222
17315,1825.0005106642222
17316,1825.0005106642222
17317,1825.0005106642222
17318,1825.0005106642222
17319,1825.0005106642222
17320,1825.0005106642222
17321,1825.0005106642222
17322,1825.0005106642222
17323,1825.0005106642222
17324,1825.0005106642222
17325,1825.0005106642222
17326,1825.0005106642222
17327,1825.0005106642222
17328,1825.0005106642222
17329,1825.0005106642222
17330,1825.0005106642222
17331,1825.0005106642222
17332,1825.0005106642222
17333,1825.0005106642222
17334,1825.0005106642222
17335,1825.0005106642222
17336,1825.0005106642222
17337,1825.0005106642222
17338,1825.0005106642222
17339,1825.0005106642222
17340,1825.0005106642222
17341,1825.0005106642222
17342,1825.0005106642222
17343,1825.0005106642222
17344,1825.0005106642222
17345,1825.0005106642222
17346,1825.0005106642222
17347,1825.0005106642222
17348,1825.0005106642222
17349,1825.0005106642222
17350,1825.0005106642222
17351,1825.0005106642222
17352,1825.0005106642222
17353,1825.0005106642222
17354,1825.0005106642222
17355,1825.0005106642222
17356,1825.0005106642222
17357,1825.0005106642222
17358,1825.0005106642222
17359,1825.0005106642222
17360,1825.0005106642222
17361,1825.0005106642222
17362,1825.0005106642222
17363,1825.0005106642222
17364,1825.0005106642222
17365,1825.0005106642222
17366,1825.0005106642222
17367,1825.0005106642222
17368,1825.0005106642222
17369,1825.0005106642222
17370,1825.0005106642222
17371,1825.0005106642222
17372,1825.0005106642222
17373,1825.0005106642222
17374,1825.0005106642222
17375,1825.0005106642222
17376,1825.0005106642222
17377,1825.0005106642222
17378,1825.0005106642222
17379,1825.0005106642222
17380,1825.0005106642222
17381,1825.0005106642222
17382,1825.0005106642222
17383,1825.0005106642222
17384,1825.0005106642222
17385,1825.0005106642222
17386,1825.0005106642222
17387,1825.0005106642222
17388,1825.0005106642222
17389,1825.0005106642222
17390,1825.0005106642222
17391,1825.0005106642222
17392,1825.0005106642222
17393,1825.0005106642222
17394,1825.0005106642222
17395,1825.0005106642222
17396,1825.0005106642222
17397,1825.0005106642222
17398,1825.0005106642222
17399,1825.0005106642222
17400,1825.0005106642222
17401,1825.0005106642222
17402,1825.0005106642222
17403,1825.0005106642222
17404,1825.0005106642222
17405,1825.0005106642222
17406,1825.0005106642222
17407,1825.0005106642222
17408,1825.0005106642222
17409,1825.0005106642222
17410,1825.0005106642222
17411,1825.0005106642222
17412,1825.0005106642222
17413,1825.0005106642222
17414,1825.0005106642222
17415,1825.0005106642222
17416,1825.0005106642222
17417,1825.0005106642222
17418,1825.0005106642222
17419,1825.0005106642222
17420,1825.0005106642222
17421,1825.0005106642222
17422,1825.0005106642222
17423,1825.0005106642222
17424,1825.0005106642222
17425,1825.0005106642222
17426,1825.0005106642222
17427,1825.0005106642222
17428,1825.0005106642222
17429,1825.0005106642222
17430,1825.0005106642222
17431,1825.0005106642222
17432,1825.0005106642222
17433,1825.0005106642222
17434,1825.0005106642222
17435,1825.0005106642222
17436,1825.0005106642222
17437,1825.0005106642222
17438,1825.0005106642222
17439,1825.0005106642222
17440,1825.0005106642222
17441,1825.0005106642222
17442,1825.0005106642222
17443,1825.0005106642222
17444,1825.0005106642222
17445,1825.0005106642222
17446,1825.0005106642222
17447,1825.0005106642222
17448,1825.0005106642222
17449,1825.0005106642222
17450,1825.0005106642222
17451,1825.0005106642222
17452,1825.0005106642222
17453,1825.0005106642222
17454,1825.0005106642222
17455,1825.0005106642222
17456,1825.0005106642222
17457,1825.0005106642222
17458,1825.0005106642222
17459,1825.0005106642222
17460,1825.0005106642222
17461,1825.0005106642222
17462,1825.0005106642222
17463,1825.0005106642222
17464,1825.0005106642222
17465,1825.0005106642222
17466,1825.0005106642222
17467,1825.0005106642222
17468,1825.0005106642222
17469,1825.0005106642222
17470,1825.0005106642222
17471,1825.0005106642222
17472,1825.0005106642222
17473,1825.0005106642222
17474,1825.0005106642222
17475,1825.0005106642222
17476,1825.0005106642222
17477,1825.0005106642222
17478,1825.0005106642222
17479,1825.0005106642222
17480,1825.0005106642222
17481,1825.0005106642222
17482,1825.0005106642222
17483,1825.0005106642222
17484,1825.0005106642222
17485,1825.0005106642222
17486,1825.0005106642222
17487,1825.0005106642222
17488,1825.0005106642222
17489,1825.0005106642222
17490,1825.0005106642222
17491,1825.0005106642222
17492,1825.0005106642222
17493,1825.0005106642222
17494,1825.0005106642222
17495,1825.0005106642222
17496,1825.0005106642222
17497,1825.0005106642222
17498,1825.0005106642222
17499,1825.0005106642222
17500,1825.0005106642222
17501,1825.0005106642222
17502,1825.0005106642222
17503,1825.0005106642222
17504,1825.0005106642222
17505,1825.0005106642222
17506,1825.0005106642222
17507,1825.0005106642222
17508,1825.0005106642222
17509,1825.0005106642222
17510,1825.0005106642222
17511,1825.0005106642222
17512,1825.0005106642222
17513,1825.0005106642222
17514,1825.0005106642222
17515,1825.0005106642222
17516,1825.0005106642222
17517,1825.0005106642222
17518,1825.0005106642222
17519,1825.0005106642222
17520,1825.0005106642222
17521,1825.0005106642222
17522,1825.0005106642222
17523,1825.0005106642222
17524,1825.0005106642222
17525,1825.0005106642222
17526,1825.0005106642222
17527,1825.0005106642222
17528,1825.0005106642222
17529,1825.0005106642222
17530,1825.0005106642222
17531,1825.0005106642222
17532,1825.0005106642222
17533,1825.0005106642222
17534,1825.0005106642222
17535,1825.0005106642222
17536,1825.0005106642222
17537,1825.0005106642222
17538,1825.0005106642222
17539,1825.0005106642222
17540,1825.0005106642222
17541,1825.0005106642222
17542,1825.0005106642222
17543,1825.0005106642222
17544,1825.0005106642222
17545,1825.0005106642222
17546,1825.0005106642222
17547,1825.0005106642222
17548,1825.0005106642222
17549,1825.0005106642222
17550,1825.0005106642222
17551,1825.0005106642222
17552,1825.0005106642222
17553,1825.0005106642222
17554,1825.0005106642222
17555,1825.0005106642222
17556,1825.0005106642222
17557,1825.0005106642222
17558,1825.0005106642222
17559,1825.0005106642222
17560,1825.0005106642222
17561,1825.0005106642222
17562,1825.0005106642222
17563,1825.0005106642222
17564,1825.0005106642222
17565,1825.0005106642222
17566,1825.0005106642222
17567,1825.0005106642222
17568,1825.0005106642222
17569,1825.0005106642222
17570,1825.0005106642222
17571,1825.0005106642222
17572,1825.0005106642222
17573,1825.0005106642222
17574,1825.0005106642222
17575,1825.0005106642222
17576,1825.0005106642222
17577,1825.0005106642222
17578,1825.0005106642222
17579,1825.0005106642222
17580,1825.0005106642222
17581,1825.0005106642222
17582,1825.0005106642222
17583,1825.0005106642222
17584,1825.0005106642222
17585,1825.0005106642222
17586,1825.0005106642222
17587,1825.0005106642222
17588,1825.0005106642222
17589,1825.0005106642222
17590,1825.0005106642222
17591,1825.0005106642222
17592,1825.0005106642222
17593,1825.0005106642222
17594,1825.0005106642222
17595,1825.0005106642222
17596,1825.0005106642222
17597,1825.0005106642222
17598,1825.0005106642222
17599,1825.0005106642222
17600,1825.0005106642222
17601,1825.0005106642222
17602,1825.0005106642222
17603,1825.0005106642222
17604,1825.0005106642222
17605,1825.0005106642222
17606,1825.0005106642222
17607,1825.0005106642222
17608,1825.0005106642222
17609,1825.0005106642222
17610,1825.0005106642222
17611,1825.0005106642222
17612,1825.0005106642222
17613,1825.0005106642222
17614,1825.0005106642222
17615,1825.0005106642222
17616,1825.0005106642222
17617,1825.0005106642222
17618,1825.0005106642222
17619,1825.0005106642222
17620,1825.0005106642222
17621,1825.0005106642222
17622,1825.0005106642222
17623,1825.0005106642222
17624,1825.0005106642222
17625,1825.0005106642222
17626,1825.0005106642222
17627,1825.0005106642222
17628,1825.0005106642222
17629,1825.0005106642222
17630,1825.0005106642222
17631,1825.0005106642222
17632,1825.0005106642222
17633,1825.0005106642222
17634,1825.0005106642222
17635,1825.0005106642222
17636,1825.0005106642222
17637,1825.0005106642222
17638,1825.0005106642222
17639,1825.0005106642222
17640,1825.0005106642222
17641,1825.0005106642222
17642,1825.0005106642222
17643,1825.0005106642222
17644,1825.0005106642222
17645,1825.0005106642222
17646,1825.0005106642222
17647,1825.0005106642222
17648,1825.0005106642222
17649,1825.0005106642222
17650,1825.0005106642222
17651,1825.0005106642222
17652,1825.0005106642222
17653,1825.0005106642222
17654,1825.0005106642222
17655,1825.0005106642222
17656,1825.0005106642222
17657,1825.0005106642222
17658,1825.0005106642222
17659,1825.0005106642222
17660,1825.0005106642222
17661,1825.0005106642222
17662,1825.0005106642222
17663,1825.0005106642222
17664,1825.0005106642222
17665,1825.0005106642222
17666,1825.0005106642222
17667,1825.0005106642222
17668,1825.0005106642222
17669,1825.0005106642222
17670,1825.0005106642222
17671,1825.0005106642222
17672,1825.0005106642222
17673,1825.0005106642222
17674,1825.0005106642222
17675,1825.0005106642222
17676,1825.0005106642222
17677,1825.0005106642222
17678,1825.0005106642222
17679,1825.0005106642222
17680,1825.0005106642222
17681,1825.0005106642222
17682,1825.0005106642222
17683,1825.0005106642222
17684,1825.0005106642222
17685,1825.0005106642222
17686,1825.0005106642222
17687,1825.0005106642222
17688,1825.0005106642222
17689,1825.0005106642222
17690,1825.0005106642222
17691,1825.0005106642222
17692,1825.0005106642222
17693,1825.0005106642222
17694,1825.0005106642222
17695,1825.0005106642222
17696,1825.0005106642222
17697,1825.0005106642222
17698,1825.0005106642222
17699,1825.0005106642222
17700,1825.0005106642222
17701,1825.0005106642222
17702,1825.0005106642222
17703,1825.0005106642222
17704,1825.0005106642222
17705,1825.0005106642222
17706,1825.0005106642222
17707,1825.0005106642222
17708,1825.0005106642222
17709,1825.0005106642222
17710,1825.0005106642222
17711,1825.0005106642222
17712,1825.0005106642222
17713,1825.0005106642222
17714,1825.0005106642222
17715,1825.0005106642222
17716,1825.0005106642222
17717,1825.0005106642222
17718,1825.0005106642222
17719,1825.0005106642222
17720,1825.0005106642222
17721,1825.0005106642222
17722,1825.0005106642222
17723,1825.0005106642222
17724,1825.0005106642222
17725,1825.0005106642222
17726,1825.0005106642222
17727,1825.0005106642222
17728,1825.0005106642222
17729,1825.0005106642222
17730,1825.0005106642222
17731,1825.0005106642222
17732,1825.0005106642222
17733,1825.0005106642222
17734,1825.0005106642222
17735,1825.0005106642222
17736,1825.0005106642222
17737,1825.0005106642222
17738,1825.0005106642222
17739,1825.0005106642222
17740,1825.0005106642222
17741,1825.0005106642222
17742,1825.0005106642222
17743,1825.0005106642222
17744,1825.0005106642222
17745,1825.0005106642222
17746,1825.0005106642222
17747,1825.0005106642222
17748,1825.0005106642222
17749,1825.0005106642222
17750,1825.0005106642222
17751,1825.0005106642222
17752,1825.0005106642222
17753,1825.0005106642222
17754,1825.0005106642222
17755,1825.0005106642222
17756,1825.0005106642222
17757,1825.0005106642222
17758,1825.0005106642222
17759,1825.0005106642222
17760,1825.0005106642222
17761,1825.0005106642222
17762,1825.0005106642222
17763,1825.0005106642222
17764,1825.0005106642222
17765,1825.0005106642222
17766,1825.0005106642222
17767,1825.0005106642222
17768,1825.0005106642222
17769,1825.0005106642222
17770,1825.0005106642222
17771,1825.0005106642222
17772,1825.0005106642222
17773,1825.0005106642222
17774,1825.0005106642222
17775,1825.0005106642222
17776,1825.0005106642222
17777,1825.0005106642222
17778,1825.0005106642222
17779,1825.0005106642222
17780,1825.0005106642222
17781,1825.0005106642222
17782,1825.0005106642222
17783,1825.0005106642222
17784,1825.0005106642222
17785,1825.0005106642222
17786,1825.0005106642222
17787,1825.0005106642222
17788,1825.0005106642222
17789,1825.0005106642222
17790,1825.0005106642222
17791,1825.0005106642222
17792,1825.0005106642222
17793,1825.0005106642222
17794,1825.0005106642222
17795,1825.0005106642222
17796,1825.0005106642222
17797,1825.0005106642222
17798,1825.0005106642222
17799,1825.0005106642222
17800,1825.0005106642222
17801,1825.0005106642222
17802,1825.0005106642222
17803,1825.0005106642222
17804,1825.0005106642222
17805,1825.0005106642222
17806,1825.0005106642222
17807,1825.0005106642222
17808,1825.0005106642222
17809,1825.0005106642222
17810,1825.0005106642222
17811,1825.0005106642222
17812,1825.0005106642222
17813,1825.0005106642222
17814,1825.0005106642222
17815,1825.0005106642222
17816,1825.0005106642222
17817,1825.0005106642222
17818,1825.0005106642222
17819,1825.0005106642222
17820,1825.0005106642222
17821,1825.0005106642222
17822,1825.0005106642222
17823,1825.0005106642222
17824,1825.0005106642222
17825,1825.0005106642222
17826,1825.0005106642222
17827,1825.0005106642222
17828,1825.0005106642222
17829,1825.0005106642222
17830,1825.0005106642222
17831,1825.0005106642222
17832,1825.0005106642222
17833,1825.0005106642222
17834,1825.0005106642222
17835,1825.0005106642222
17836,1825.0005106642222
17837,1825.0005106642222
17838,1825.0005106642222
17839,1825.0005106642222
17840,1825.0005106642222
17841,1825.0005106642222
17842,1825.0005106642222
17843,1825.0005106642222
17844,1825.0005106642222
17845,1825.0005106642222
17846,1825.0005106642222
17847,1825.0005106642222
17848,1825.0005106642222
17849,1825.0005106642222
17850,1825.0005106642222
17851,1825.0005106642222
17852,1825.0005106642222
17853,1825.0005106642222
17854,1825.0005106642222
17855,1825.0005106642222
17856,1825.0005106642222
17857,1825.0005106642222
17858,1825.0005106642222
17859,1825.0005106642222
17860,1825.0005106642222
17861,1825.0005106642222
17862,1825.0005106642222
17863,1825.0005106642222
17864,1825.0005106642222
17865,1825.0005106642222
17866,1825.0005106642222
17867,1825.0005106642222
17868,1825.0005106642222
17869,1825.0005106642222
17870,1825.0005106642222
17871,1825.0005106642222
17872,1825.0005106642222
17873,1825.0005106642222
17874,1825.0005106642222
17875,1825.0005106642222
17876,1825.0005106642222
17877,1825.0005106642222
17878,1825.0005106642222
17879,1825.0005106642222
17880,1825.0005106642222
17881,1825.0005106642222
17882,1825.0005106642222
17883,1825.0005106642222
17884,1825.0005106642222
17885,1825.0005106642222
17886,1825.0005106642222
17887,1825.0005106642222
17888,1825.0005106642222
17889,1825.0005106642222
17890,1825.0005106642222
17891,1825.0005106642222
17892,1825.0005106642222
17893,1825.0005106642222
17894,1825.0005106642222
17895,1825.0005106642222
17896,1825.0005106642222
17897,1825.0005106642222
17898,1825.0005106642222
17899,1825.0005106642222
17900,1825.0005106642222
17901,1825.0005106642222
17902,1825.0005106642222
17903,1825.0005106642222
17904,1825.0005106642222
17905,1825.0005106642222
17906,1825.0005106642222
17907,1825.0005106642222
17908,1825.0005106642222
17909,1825.0005106642222
17910,1825.0005106642222
17911,1825.0005106642222
17912,1825.0005106642222
17913,1825.0005106642222
17914,1825.0005106642222
17915,1825.0005106642222
17916,1825.0005106642222
17917,1825.0005106642222
17918,1825.0005106642222
17919,1825.0005106642222
17920,1825.0005106642222
17921,1825.0005106642222
17922,1825.0005106642222
17923,1825.0005106642222
17924,1825.0005106642222
17925,1825.0005106642222
17926,1825.0005106642222
17927,1825.0005106642222
17928,1825.0005106642222
17929,1825.0005106642222
17930,1825.0005106642222
17931,1825.0005106642222
17932,1825.0005106642222
17933,1825.0005106642222
17934,1825.0005106642222
17935,1825.0005106642222
17936,1825.0005106642222
17937,1825.0005106642222
17938,1825.0005106642222
17939,1825.0005106642222
17940,1825.0005106642222
17941,1825.0005106642222
17942,1825.0005106642222
17943,1825.0005106642222
17944,1825.0005106642222
17945,1825.0005106642222
17946,1825.0005106642222
17947,1825.0005106642222
17948,1825.0005106642222
17949,1825.0005106642222
17950,1825.0005106642222
17951,1825.0005106642222
17952,1825.0005106642222
17953,1825.0005106642222
17954,1825.0005106642222
17955,1825.0005106642222
17956,1825.0005106642222
17957,1825.0005106642222
17958,1825.0005106642222
17959,1825.0005106642222
17960,1825.0005106642222
17961,1825.0005106642222
17962,1825.0005106642222
17963,1825.0005106642222
17964,1825.0005106642222
17965,1825.0005106642222
17966,1825.0005106642222
17967,1825.0005106642222
17968,1825.0005106642222
17969,1825.0005106642222
17970,1825.0005106642222
17971,1825.0005106642222
17972,1825.0005106642222
17973,1825.0005106642222
17974,1825.0005106642222
17975,1825.0005106642222
17976,1825.0005106642222
17977,1825.0005106642222
17978,1825.0005106642222
17979,1825.0005106642222
17980,1825.0005106642222
17981,1825.0005106642222
17982,1825.0005106642222
17983,1825.0005106642222
17984,1825.0005106642222
17985,1825.0005106642222
17986,1825.0005106642222
17987,1825.0005106642222
17988,1825.0005106642222
17989,1825.0005106642222
17990,1825.0005106642222
17991,1825.0005106642222
17992,1825.0005106642222
17993,1825.0005106642222
17994,1825.0005106642222
17995,1825.0005106642222
17996,1825.0005106642222
17997,1825.0005106642222
17998,1825.0005106642222
17999,1825.0005106642222
18000,1825.0005106642222
18001,1825.0005106642222
18002,1825.0005106642222
18003,1825.0005106642222
18004,1825.0005106642222
18005,1825.0005106642222
18006,1825.0005106642222
18007,1825.0005106642222
18008,1825.0005106642222
18009,1825.0005106642222
18010,1825.0005106642222
18011,1825.0005106642222
18012,1825.0005106642222
18013,1825.0005106642222
18014,1825.0005106642222
18015,1825.0005106642222
18016,1825.0005106642222
18017,1825.0005106642222
18018,1825.0005106642222
18019,1825.0005106642222
18020,1825.0005106642222
18021,1825.0005106642222
18022,1825.0005106642222
18023,1825.0005106642222
18024,1825.0005106642222
18025,1825.0005106642222
18026,1825.0005106642222
18027,1825.0005106642222
18028,1825.0005106642222
18029,1825.0005106642222
18030,1825.0005106642222
18031,1825.0005106642222
18032,1825.0005106642222
18033,1825.0005106642222
18034,1825.0005106642222
18035,1825.0005106642222
18036,1825.0005106642222
18037,1825.0005106642222
18038,1825.0005106642222
18039,1825.0005106642222
18040,1825.0005106642222
18041,1825.0005106642222
18042,1825.0005106642222
18043,1825.0005106642222
18044,1825.0005106642222
18045,1825.0005106642222
18046,1825.0005106642222
18047,1825.0005106642222
18048,1825.0005106642222
18049,1825.0005106642222
18050,1825.0005106642222
18051,1825.0005106642222
18052,1825.0005106642222
18053,1825.0005106642222
18054,1825.0005106642222
18055,1825.0005106642222
18056,1825.0005106642222
18057,1825.0005106642222
18058,1825.0005106642222
18059,1825.0005106642222
18060,1825.0005106642222
18061,1825.0005106642222
18062,1825.0005106642222
18063,1825.0005106642222
18064,1825.0005106642222
18065,1825.0005106642222
18066,1825.0005106642222
18067,1825.0005106642222
18068,1825.0005106642222
18069,1825.0005106642222
18070,1825.0005106642222
18071,1825.0005106642222
18072,1825.0005106642222
18073,1825.0005106642222
18074,1825.0005106642222
18075,1825.0005106642222
18076,1825.0005106642222
18077,1825.0005106642222
18078,1825.0005106642222
18079,1825.0005106642222
18080,1825.0005106642222
18081,1825.0005106642222
18082,1825.0005106642222
18083,1825.0005106642222
18084,1825.0005106642222
18085,1825.0005106642222
18086,1825.0005106642222
18087,1825.0005106642222
18088,1825.0005106642222
18089,1825.0005106642222
18090,1825.0005106642222
18091,1825.0005106642222
18092,1825.0005106642222
18093,1825.0005106642222
18094,1825.0005106642222
18095,1825.0005106642222
18096,1825.0005106642222
18097,1825.0005106642222
18098,1825.0005106642222
18099,1825.0005106642222
18100,1825.0005106642222
18101,1825.0005106642222
18102,1825.0005106642222
18103,1825.0005106642222
18104,1825.0005106642222
18105,1825.0005106642222
18106,1825.0005106642222
18107,1825.0005106642222
18108,1825.0005106642222
18109,1825.0005106642222
18110,1825.0005106642222
18111,1825.0005106642222
18112,1825.0005106642222
18113,1825.0005106642222
18114,1825.0005106642222
18115,1825.0005106642222
18116,1825.0005106642222
18117,1825.0005106642222
18118,1825.0005106642222
18119,1825.0005106642222
18120,1825.0005106642222
18121,1825.0005106642222
18122,1825.0005106642222
18123,1825.0005106642222
18124,1825.0005106642222
18125,1825.0005106642222
18126,1825.0005106642222
18127,1825.0005106642222
18128,1825.0005106642222
18129,1825.0005106642222
18130,1825.0005106642222
18131,1825.0005106642222
18132,1825.0005106642222
18133,1825.0005106642222
18134,1825.0005106642222
18135,1825.0005106642222
18136,1825.0005106642222
18137,1825.0005106642222
18138,1825.0005106642222
18139,1825.0005106642222
18140,1825.0005106642222
18141,1825.0005106642222
18142,1825.0005106642222
18143,1825.0005106642222
18144,1825.0005106642222
18145,1825.0005106642222
18146,1825.0005106642222
18147,1825.0005106642222
18148,1825.0005106642222
18149,1825.0005106642222
18150,1825.0005106642222
18151,1825.0005106642222
18152,1825.0005106642222
18153,1825.0005106642222
18154,1825.0005106642222
18155,1825.0005106642222
18156,1825.0005106642222
18157,1825.0005106642222
18158,1825.0005106642222
18159,1825.0005106642222
18160,1825.0005106642222
18161,1825.0005106642222
18162,1825.0005106642222
18163,1825.0005106642222
18164,1825.0005106642222
18165,1825.0005106642222
18166,1825.0005106642222
18167,1825.0005106642222
18168,1825.0005106642222
18169,1825.0005106642222
18170,1825.0005106642222
18171,1825.0005106642222
18172,1825.0005106642222
18173,1825.0005106642222
18174,1825.0005106642222
18175,1825.0005106642222
18176,1825.0005106642222
18177,1825.0005106642222
18178,1825.0005106642222
18179,1825.0005106642222
18180,1825.0005106642222
18181,1825.0005106642222
18182,1825.0005106642222
18183,1825.0005106642222
18184,1825.0005106642222
18185,1825.0005106642222
18186,1825.0005106642222
18187,1825.0005106642222
18188,1825.0005106642222
18189,1825.0005106642222
18190,1825.0005106642222
18191,1825.0005106642222
18192,1825.0005106642222
18193,1825.0005106642222
18194,1825.0005106642222
18195,1825.0005106642222
18196,1825.0005106642222
18197,1825.0005106642222
18198,1825.0005106642222
18199,1825.0005106642222
18200,1825.0005106642222
18201,1825.0005106642222
18202,1825.0005106642222
18203,1825.0005106642222
18204,1825.0005106642222
18205,1825.0005106642222
18206,1825.0005106642222
18207,1825.0005106642222
18208,1825.0005106642222
18209,1825.0005106642222
18210,1825.0005106642222
18211,1825.0005106642222
18212,1825.0005106642222
18213,1825.0005106642222
18214,1825.0005106642222
18215,1825.0005106642222
18216,1825.0005106642222
18217,1825.0005106642222
18218,1825.0005106642222
18219,1825.0005106642222
18220,1825.0005106642222
18221,1825.0005106642222
18222,1825.0005106642222
18223,1825.0005106642222
18224,1825.0005106642222
18225,1825.0005106642222
18226,1825.0005106642222
18227,1825.0005106642222
18228,1825.0005106642222
18229,1825.0005106642222
18230,1825.0005106642222
18231,1825.0005106642222
18232,1825.0005106642222
18233,1825.0005106642222
18234,1825.0005106642222
18235,1825.0005106642222
18236,1825.0005106642222
18237,1825.0005106642222
18238,1825.0005106642222
18239,1825.0005106642222
18240,1825.0005106642222
18241,1825.0005106642222
18242,1825.0005106642222
18243,1825.0005106642222
18244,1825.0005106642222
18245,1825.0005106642222
18246,1825.0005106642222
18247,1825.0005106642222
18248,1825.0005106642222
18249,1825.0005106642222
18250,1825.0005106642222
18251,1825.0005106642222
18252,1825.0005106642222
18253,1825.0005106642222
18254,1825.0005106642222
18255,1825.0005106642222
18256,1825.0005106642222
18257,1825.0005106642222
18258,1825.0005106642222
18259,1825.0005106642222
18260,1825.0005106642222
18261,1825.0005106642222
18262,1825.0005106642222
18263,1825.0005106642222
18264,1825.0005106642222
18265,1825.0005106642222
18266,1825.0005106642222
18267,1825.0005106642222
18268,1825.0005106642222
18269,1825.0005106642222
18270,1825.0005106642222
18271,1825.0005106642222
18272,1825.0005106642222
18273,1825.0005106642222
18274,1825.0005106642222
18275,1825.0005106642222
18276,1825.0005106642222
18277,1825.0005106642222
18278,1825.0005106642222
18279,1825.0005106642222
18280,1825.0005106642222
18281,1825.0005106642222
18282,1825.0005106642222
18283,1825.0005106642222
18284,1825.0005106642222
18285,1825.0005106642222
18286,1825.0005106642222
18287,1825.0005106642222
18288,1825.0005106642222
18289,1825.0005106642222
18290,1825.0005106642222
18291,1825.0005106642222
18292,1825.0005106642222
18293,1825.0005106642222
18294,1825.0005106642222
18295,1825.0005106642222
18296,1825.0005106642222
18297,1825.0005106642222
18298,1825.0005106642222
18299,1825.0005106642222
18300,1825.0005106642222
18301,1825.0005106642222
18302,1825.0005106642222
18303,1825.0005106642222
18304,1825.0005106642222
18305,1825.0005106642222
18306,1825.0005106642222
18307,1825.0005106642222
18308,1825.0005106642222
18309,1825.0005106642222
18310,1825.0005106642222
18311,1825.0005106642222
18312,1825.0005106642222
18313,1825.0005106642222
18314,1825.0005106642222
18315,1825.0005106642222
18316,1825.0005106642222
18317,1825.0005106642222
18318,1825.0005106642222
18319,1825.0005106642222
18320,1825.0005106642222
18321,1825.0005106642222
18322,1825.0005106642222
18323,1825.0005106642222
18324,1825.0005106642222
18325,1825.0005106642222
18326,1825.0005106642222
18327,1825.0005106642222
18328,1825.0005106642222
18329,1825.0005106642222
18330,1825.0005106642222
18331,1825.0005106642222
18332,1825.0005106642222
18333,1825.0005106642222
18334,1825.0005106642222
18335,1825.0005106642222
18336,1825.0005106642222
18337,1825.0005106642222
18338,1825.0005106642222
18339,1825.0005106642222
18340,1825.0005106642222
18341,1825.0005106642222
18342,1825.0005106642222
18343,1825.0005106642222
18344,1825.0005106642222
18345,1825.0005106642222
18346,1825.0005106642222
18347,1825.0005106642222
18348,1825.0005106642222
18349,1825.0005106642222
18350,1825.0005106642222
18351,1825.0005106642222
18352,1825.0005106642222
18353,1825.0005106642222
18354,1825.0005106642222
18355,1825.0005106642222
18356,1825.0005106642222
18357,1825.0005106642222
18358,1825.0005106642222
18359,1825.0005106642222
18360,1825.0005106642222
18361,1825.0005106642222
18362,1825.0005106642222
18363,1825.0005106642222
18364,1825.0005106642222
18365,1825.0005106642222
18366,1825.0005106642222
18367,1825.0005106642222
18368,1825.0005106642222
18369,1825.0005106642222
18370,1825.0005106642222
18371,1825.0005106642222
18372,1825.0005106642222
18373,1825.0005106642222
18374,1825.0005106642222
18375,1825.0005106642222
18376,1825.0005106642222
18377,1825.0005106642222
18378,1825.0005106642222
18379,1825.0005106642222
18380,1825.0005106642222
18381,1825.0005106642222
18382,1825.0005106642222
18383,1825.0005106642222
18384,1825.0005106642222
18385,1825.0005106642222
18386,1825.0005106642222
18387,1825.0005106642222
18388,1825.0005106642222
18389,1825.0005106642222
18390,1825.0005106642222
18391,1825.0005106642222
18392,1825.0005106642222
18393,1825.0005106642222
18394,1825.0005106642222
18395,1825.0005106642222
18396,1825.0005106642222
18397,1825.0005106642222
18398,1825.0005106642222
18399,1825.0005106642222
18400,1825.0005106642222
18401,1825.0005106642222
18402,1825.0005106642222
18403,1825.0005106642222
18404,1825.0005106642222
18405,1825.0005106642222
18406,1825.0005106642222
18407,1825.0005106642222
18408,1825.0005106642222
18409,1825.0005106642222
18410,1825.0005106642222
18411,1825.0005106642222
18412,1825.0005106642222
18413,1825.0005106642222
18414,1825.0005106642222
18415,1825.0005106642222
18416,1825.0005106642222
18417,1825.0005106642222
18418,1825.0005106642222
18419,1825.0005106642222
18420,1825.0005106642222
18421,1825.0005106642222
18422,1825.0005106642222
18423,1825.0005106642222
18424,1825.0005106642222
18425,1825.0005106642222
18426,1825.0005106642222
18427,1825.0005106642222
18428,1825.0005106642222
18429,1825.0005106642222
18430,1825.0005106642222
18431,1825.0005106642222
18432,1825.0005106642222
18433,1825.0005106642222
18434,1825.0005106642222
18435,1825.0005106642222
18436,1825.0005106642222
18437,1825.0005106642222
18438,1825.0005106642222
18439,1825.0005106642222
18440,1825.0005106642222
18441,1825.0005106642222
18442,1825.0005106642222
18443,1825.0005106642222
18444,1825.0005106642222
18445,1825.0005106642222
18446,1825.0005106642222
18447,1825.0005106642222
18448,1825.0005106642222
18449,1825.0005106642222
18450,1825.0005106642222
18451,1825.0005106642222
18452,1825.0005106642222
18453,1825.0005106642222
18454,1825.0005106642222
18455,1825.0005106642222
18456,1825.0005106642222
18457,1825.0005106642222
18458,1825.0005106642222
18459,1825.0005106642222
18460,1825.0005106642222
18461,1825.0005106642222
18462,1825.0005106642222
18463,1825.0005106642222
18464,1825.0005106642222
18465,1825.0005106642222
18466,1825.0005106642222
18467,1825.0005106642222
18468,1825.0005106642222
18469,1825.0005106642222
18470,1825.0005106642222
18471,1825.0005106642222
18472,1825.0005106642222
18473,1825.0005106642222
18474,1825.0005106642222
18475,1825.0005106642222
18476,1825.0005106642222
18477,1825.0005106642222
18478,1825.0005106642222
18479,1825.0005106642222
18480,1825.0005106642222
18481,1825.0005106642222
18482,1825.0005106642222
18483,1825.0005106642222
18484,1825.0005106642222
18485,1825.0005106642222
18486,1825.0005106642222
18487,1825.0005106642222
18488,1825.0005106642222
18489,1825.0005106642222
18490,1825.0005106642222
18491,1825.0005106642222
18492,1825.0005106642222
18493,1825.0005106642222
18494,1825.0005106642222
18495,1825.0005106642222
18496,1825.0005106642222
18497,1825.0005106642222
18498,1825.0005106642222
18499,1825.0005106642222
18500,1825.0005106642222
18501,1825.0005106642222
18502,1825.0005106642222
18503,1825.0005106642222
18504,1825.0005106642222
18505,1825.0005106642222
18506,1825.0005106642222
18507,1825.0005106642222
18508,1825.0005106642222
18509,1825.0005106642222
18510,1825.0005106642222
18511,1825.0005106642222
18512,1825.0005106642222
18513,1825.0005106642222
18514,1825.0005106642222
18515,1825.0005106642222
18516,1825.0005106642222
18517,1825.0005106642222
18518,1825.0005106642222
18519,1825.0005106642222
18520,1825.0005106642222
18521,1825.0005106642222
18522,1825.0005106642222
18523,1825.0005106642222
18524,1825.0005106642222
18525,1825.0005106642222
18526,1825.0005106642222
18527,1825.0005106642222
18528,1825.0005106642222
18529,1825.0005106642222
18530,1825.0005106642222
18531,1825.0005106642222
18532,1825.0005106642222
18533,1825.0005106642222
18534,1825.0005106642222
18535,1825.0005106642222
18536,1825.0005106642222
18537,1825.0005106642222
18538,1825.0005106642222
18539,1825.0005106642222
18540,1825.0005106642222
18541,1825.0005106642222
18542,1825.0005106642222
18543,1825.0005106642222
18544,1825.0005106642222
18545,1825.0005106642222
18546,1825.0005106642222
18547,1825.0005106642222
18548,1825.0005106642222
18549,1825.0005106642222
18550,1825.0005106642222
18551,1825.0005106642222
18552,1825.0005106642222
18553,1825.0005106642222
18554,1825.0005106642222
18555,1825.0005106642222
18556,1825.0005106642222
18557,1825.0005106642222
18558,1825.0005106642222
18559,1825.0005106642222
18560,1825.0005106642222
18561,1825.0005106642222
18562,1825.0005106642222
18563,1825.0005106642222
18564,1825.0005106642222
18565,1825.0005106642222
18566,1825.0005106642222
18567,1825.0005106642222
18568,1825.0005106642222
18569,1825.0005106642222
18570,1825.0005106642222
18571,1825.0005106642222
18572,1825.0005106642222
18573,1825.0005106642222
18574,1825.0005106642222
18575,1825.0005106642222
18576,1825.0005106642222
18577,1825.0005106642222
18578,1825.0005106642222
18579,1825.0005106642222
18580,1825.0005106642222
18581,1825.0005106642222
18582,1825.0005106642222
18583,1825.0005106642222
18584,1825.0005106642222
18585,1825.0005106642222
18586,1825.0005106642222
18587,1825.0005106642222
18588,1825.0005106642222
18589,1825.0005106642222
18590,1825.0005106642222
18591,1825.0005106642222
18592,1825.0005106642222
18593,1825.0005106642222
18594,1825.0005106642222
18595,1825.0005106642222
18596,1825.0005106642222
18597,1825.0005106642222
18598,1825.0005106642222
18599,1825.0005106642222
18600,1825.0005106642222
18601,1825.0005106642222
18602,1825.0005106642222
18603,1825.0005106642222
18604,1825.0005106642222
18605,1825.0005106642222
18606,1825.0005106642222
18607,1825.0005106642222
18608,1825.0005106642222
18609,1825.0005106642222
18610,1825.0005106642222
18611,1825.0005106642222
18612,1825.0005106642222
18613,1825.0005106642222
18614,1825.0005106642222
18615,1825.0005106642222
18616,1825.0005106642222
18617,1825.0005106642222
18618,1825.0005106642222
18619,1825.0005106642222
18620,1825.0005106642222
18621,1825.0005106642222
18622,1825.0005106642222
18623,1825.0005106642222
18624,1825.0005106642222
18625,1825.0005106642222
18626,1825.0005106642222
18627,1825.0005106642222
18628,1825.0005106642222
18629,1825.0005106642222
18630,1825.0005106642222
18631,1825.0005106642222
18632,1825.0005106642222
18633,1825.0005106642222
18634,1825.0005106642222
18635,1825.0005106642222
18636,1825.0005106642222
18637,1825.0005106642222
18638,1825.0005106642222
18639,1825.0005106642222
18640,1825.0005106642222
18641,1825.0005106642222
18642,1825.0005106642222
18643,1825.0005106642222
18644,1825.0005106642222
18645,1825.0005106642222
18646,1825.0005106642222
18647,1825.0005106642222
18648,1825.0005106642222
18649,1825.0005106642222
18650,1825.0005106642222
18651,1825.0005106642222
18652,1825.0005106642222
18653,1825.0005106642222
18654,1825.0005106642222
18655,1825.0005106642222
18656,1825.0005106642222
18657,1825.0005106642222
18658,1825.0005106642222
18659,1825.0005106642222
18660,1825.0005106642222
18661,1825.0005106642222
18662,1825.0005106642222
18663,1825.0005106642222
18664,1825.0005106642222
18665,1825.0005106642222
18666,1825.0005106642222
18667,1825.0005106642222
18668,1825.0005106642222
18669,1825.0005106642222
18670,1825.0005106642222
18671,1825.0005106642222
18672,1825.0005106642222
18673,1825.0005106642222
18674,1825.0005106642222
18675,1825.0005106642222
18676,1825.0005106642222
18677,1825.0005106642222
18678,1825.0005106642222
18679,1825.0005106642222
18680,1825.0005106642222
18681,1825.0005106642222
18682,1825.0005106642222
18683,1825.0005106642222
18684,1825.0005106642222
18685,1825.0005106642222
18686,1825.0005106642222
18687,1825.0005106642222
18688,1825.0005106642222
18689,1825.0005106642222
18690,1825.0005106642222
18691,1825.0005106642222
18692,1825.0005106642222
18693,1825.0005106642222
18694,1825.0005106642222
18695,1825.0005106642222
18696,1825.0005106642222
18697,1825.0005106642222
18698,1825.0005106642222
18699,1825.0005106642222
18700,1825.0005106642222
18701,1825.0005106642222
18702,1825.0005106642222
18703,1825.0005106642222
18704,1825.0005106642222
18705,1825.0005106642222
18706,1825.0005106642222
18707,1825.0005106642222
18708,1825.0005106642222
18709,1825.0005106642222
18710,1825.0005106642222
18711,1825.0005106642222
18712,1825.0005106642222
18713,1825.0005106642222
18714,1825.0005106642222
18715,1825.0005106642222
18716,1825.0005106642222
18717,1825.0005106642222
18718,1825.0005106642222
18719,1825.0005106642222
18720,1825.0005106642222
18721,1825.0005106642222
18722,1825.0005106642222
18723,1825.0005106642222
18724,1825.0005106642222
18725,1825.0005106642222
18726,1825.0005106642222
18727,1825.0005106642222
18728,1825.0005106642222
18729,1825.0005106642222
18730,1825.0005106642222
18731,1825.0005106642222
18732,1825.0005106642222
18733,1825.0005106642222
18734,1825.0005106642222
18735,1825.0005106642222
18736,1825.0005106642222
18737,1825.0005106642222
18738,1825.0005106642222
18739,1825.0005106642222
18740,1825.0005106642222
18741,1825.0005106642222
18742,1825.0005106642222
18743,1825.0005106642222
18744,1825.0005106642222
18745,1825.0005106642222
18746,1825.0005106642222
18747,1825.0005106642222
18748,1825.0005106642222
18749,1825.0005106642222
18750,1825.0005106642222
18751,1825.0005106642222
18752,1825.0005106642222
18753,1825.0005106642222
18754,1825.0005106642222
18755,1825.0005106642222
18756,1825.0005106642222
18757,1825.0005106642222
18758,1825.0005106642222
18759,1825.0005106642222
18760,1825.0005106642222
18761,1825.0005106642222
18762,1825.0005106642222
18763,1825.0005106642222
18764,1825.0005106642222
18765,1825.0005106642222
18766,1825.0005106642222
18767,1825.0005106642222
18768,1825.0005106642222
18769,1825.0005106642222
18770,1825.0005106642222
18771,1825.0005106642222
18772,1825.0005106642222
18773,1825.0005106642222
18774,1825.0005106642222
18775,1825.0005106642222
18776,1825.0005106642222
18777,1825.0005106642222
18778,1825.0005106642222
18779,1825.0005106642222
18780,1825.0005106642222
18781,1825.0005106642222
18782,1825.0005106642222
18783,1825.0005106642222
18784,1825.0005106642222
18785,1825.0005106642222
18786,1825.0005106642222
18787,1825.0005106642222
18788,1825.0005106642222
18789,1825.0005106642222
18790,1825.0005106642222
18791,1825.0005106642222
18792,1825.0005106642222
18793,1825.0005106642222
18794,1825.0005106642222
18795,1825.0005106642222
18796,1825.0005106642222
18797,1825.0005106642222
18798,1825.0005106642222
18799,1825.0005106642222
18800,1825.0005106642222
18801,1825.0005106642222
18802,1825.0005106642222
18803,1825.0005106642222
18804,1825.0005106642222
18805,1825.0005106642222
18806,1825.0005106642222
18807,1825.0005106642222
18808,1825.0005106642222
18809,1825.0005106642222
18810,1825.0005106642222
18811,1825.0005106642222
18812,1825.0005106642222
18813,1825.0005106642222
18814,1825.0005106642222
18815,1825.0005106642222
18816,1825.0005106642222
18817,1825.0005106642222
18818,1825.0005106642222
18819,1825.0005106642222
18820,1825.0005106642222
18821,1825.0005106642222
18822,1825.0005106642222
18823,1825.0005106642222
18824,1825.0005106642222
18825,1825.0005106642222
18826,1825.0005106642222
18827,1825.0005106642222
18828,1825.0005106642222
18829,1825.0005106642222
18830,1825.0005106642222
18831,1825.0005106642222
18832,1825.0005106642222
18833,1825.0005106642222
18834,1825.0005106642222
18835,1825.0005106642222
18836,1825.0005106642222
18837,1825.0005106642222
18838,1825.0005106642222
18839,1825.0005106642222
18840,1825.0005106642222
18841,1825.0005106642222
18842,1825.0005106642222
18843,1825.0005106642222
18844,1825.0005106642222
18845,1825.0005106642222
18846,1825.0005106642222
18847,1825.0005106642222
18848,1825.0005106642222
18849,1825.0005106642222
18850,1825.0005106642222
18851,1825.0005106642222
18852,1825.0005106642222
18853,1825.0005106642222
18854,1825.0005106642222
18855,1825.0005106642222
18856,1825.0005106642222
18857,1825.0005106642222
18858,1825.0005106642222
18859,1825.0005106642222
18860,1825.0005106642222
18861,1825.0005106642222
18862,1825.0005106642222
18863,1825.0005106642222
18864,1825.0005106642222
18865,1825.0005106642222
18866,1825.0005106642222
18867,1825.0005106642222
18868,1825.0005106642222
18869,1825.0005106642222
18870,1825.0005106642222
18871,1825.0005106642222
18872,1825.0005106642222
18873,1825.0005106642222
18874,1825.0005106642222
18875,1825.0005106642222
18876,1825.0005106642222
18877,1825.0005106642222
18878,1825.0005106642222
18879,1825.0005106642222
18880,1825.0005106642222
18881,1825.0005106642222
18882,1825.0005106642222
18883,1825.0005106642222
18884,1825.0005106642222
18885,1825.0005106642222
18886,1825.0005106642222
18887,1825.0005106642222
18888,1825.0005106642222
18889,1825.0005106642222
18890,1825.0005106642222
18891,1825.0005106642222
18892,1825.0005106642222
18893,1825.0005106642222
18894,1825.0005106642222
18895,1825.0005106642222
18896,1825.0005106642222
18897,1825.0005106642222
18898,1825.0005106642222
18899,1825.0005106642222
18900,1825.0005106642222
18901,1825.0005106642222
18902,1825.0005106642222
18903,1825.0005106642222
18904,1825.0005106642222
18905,1825.0005106642222
18906,1825.0005106642222
18907,1825.0005106642222
18908,1825.0005106642222
18909,1825.0005106642222
18910,1825.0005106642222
18911,1825.0005106642222
18912,1825.0005106642222
18913,1825.0005106642222
18914,1825.0005106642222
18915,1825.0005106642222
18916,1825.0005106642222
18917,1825.0005106642222
18918,1825.0005106642222
18919,1825.0005106642222
18920,1825.0005106642222
18921,1825.0005106642222
18922,1825.0005106642222
18923,1825.0005106642222
18924,1825.0005106642222
18925,1825.0005106642222
18926,1825.0005106642222
18927,1825.0005106642222
18928,1825.0005106642222
18929,1825.0005106642222
18930,1825.0005106642222
18931,1825.0005106642222
18932,1825.0005106642222
18933,1825.0005106642222
18934,1825.0005106642222
18935,1825.0005106642222
18936,1825.0005106642222
18937,1825.0005106642222
18938,1825.0005106642222
18939,1825.0005106642222
18940,1825.0005106642222
18941,1825.0005106642222
18942,1825.0005106642222
18943,1825.0005106642222
18944,1825.0005106642222
18945,1825.0005106642222
18946,1825.0005106642222
18947,1825.0005106642222
18948,1825.0005106642222
18949,1825.0005106642222
18950,1825.0005106642222
18951,1825.0005106642222
18952,1825.0005106642222
18953,1825.0005106642222
18954,1825.0005106642222
18955,1825.0005106642222
18956,1825.0005106642222
18957,1825.0005106642222
18958,1825.0005106642222
18959,1825.0005106642222
18960,1825.0005106642222
18961,1825.0005106642222
18962,1825.0005106642222
18963,1825.0005106642222
18964,1825.0005106642222
18965,1825.0005106642222
18966,1825.0005106642222
18967,1825.0005106642222
18968,1825.0005106642222
18969,1825.0005106642222
18970,1825.0005106642222
18971,1825.0005106642222
18972,1825.0005106642222
18973,1825.0005106642222
18974,1825.0005106642222
18975,1825.0005106642222
18976,1825.0005106642222
18977,1825.0005106642222
18978,1825.0005106642222
18979,1825.0005106642222
18980,1825.0005106642222
18981,1825.0005106642222
18982,1825.0005106642222
18983,1825.0005106642222
18984,1825.0005106642222
18985,1825.0005106642222
18986,1825.0005106642222
18987,1825.0005106642222
18988,1825.0005106642222
18989,1825.0005106642222
18990,1825.0005106642222
18991,1825.0005106642222
18992,1825.0005106642222
18993,1825.0005106642222
18994,1825.0005106642222
18995,1825.0005106642222
18996,1825.0005106642222
18997,1825.0005106642222
18998,1825.0005106642222
18999,1825.0005106642222
19000,1825.0005106642222
19001,1825.0005106642222
19002,1825.0005106642222
19003,1825.0005106642222
19004,1825.0005106642222
19005,1825.0005106642222
19006,1825.0005106642222
19007,1825.0005106642222
19008,1825.0005106642222
19009,1825.0005106642222
19010,1825.0005106642222
19011,1825.0005106642222
19012,1825.0005106642222
19013,1825.0005106642222
19014,1825.0005106642222
19015,1825.0005106642222
19016,1825.0005106642222
19017,1825.0005106642222
19018,1825.0005106642222
19019,1825.0005106642222
19020,1825.0005106642222
19021,1825.0005106642222
19022,1825.0005106642222
19023,1825.0005106642222
19024,1825.0005106642222
19025,1825.0005106642222
19026,1825.0005106642222
19027,1825.0005106642222
19028,1825.0005106642222
19029,1825.0005106642222
19030,1825.0005106642222
19031,1825.0005106642222
19032,1825.0005106642222
19033,1825.0005106642222
19034,1825.0005106642222
19035,1825.0005106642222
19036,1825.0005106642222
19037,1825.0005106642222
19038,1825.0005106642222
19039,1825.0005106642222
19040,1825.0005106642222
19041,1825.0005106642222
19042,1825.0005106642222
19043,1825.0005106642222
19044,1825.0005106642222
19045,1825.0005106642222
19046,1825.0005106642222
19047,1825.0005106642222
19048,1825.0005106642222
19049,1825.0005106642222
19050,1825.0005106642222
19051,1825.0005106642222
19052,1825.0005106642222
19053,1825.0005106642222
19054,1825.0005106642222
19055,1825.0005106642222
19056,1825.0005106642222
19057,1825.0005106642222
19058,1825.0005106642222
19059,1825.0005106642222
19060,1825.0005106642222
19061,1825.0005106642222
19062,1825.0005106642222
19063,1825.0005106642222
19064,1825.0005106642222
19065,1825.0005106642222
19066,1825.0005106642222
19067,1825.0005106642222
19068,1825.0005106642222
19069,1825.0005106642222
19070,1825.0005106642222
19071,1825.0005106642222
19072,1825.0005106642222
19073,1825.0005106642222
19074,1825.0005106642222
19075,1825.0005106642222
19076,1825.0005106642222
19077,1825.0005106642222
19078,1825.0005106642222
19079,1825.0005106642222
19080,1825.0005106642222
19081,1825.0005106642222
19082,1825.0005106642222
19083,1825.0005106642222
19084,1825.0005106642222
19085,1825.0005106642222
19086,1825.0005106642222
19087,1825.0005106642222
19088,1825.0005106642222
19089,1825.0005106642222
19090,1825.0005106642222
19091,1825.0005106642222
19092,1825.0005106642222
19093,1825.0005106642222
19094,1825.0005106642222
19095,1825.0005106642222
19096,1825.0005106642222
19097,1825.0005106642222
19098,1825.0005106642222
19099,1825.0005106642222
19100,1825.0005106642222
19101,1825.0005106642222
19102,1825.0005106642222
19103,1825.0005106642222
19104,1825.0005106642222
19105,1825.0005106642222
19106,1825.0005106642222
19107,1825.0005106642222
19108,1825.0005106642222
19109,1825.0005106642222
19110,1825.0005106642222
19111,1825.0005106642222
19112,1825.0005106642222
19113,1825.0005106642222
19114,1825.0005106642222
19115,1825.0005106642222
19116,1825.0005106642222
19117,1825.0005106642222
19118,1825.0005106642222
19119,1825.0005106642222
19120,1825.0005106642222
19121,1825.0005106642222
19122,1825.0005106642222
19123,1825.0005106642222
19124,1825.0005106642222
19125,1825.0005106642222
19126,1825.0005106642222
19127,1825.0005106642222
19128,1825.0005106642222
19129,1825.0005106642222
19130,1825.0005106642222
19131,1825.0005106642222
19132,1825.0005106642222
19133,1825.0005106642222
19134,1825.0005106642222
19135,1825.0005106642222
19136,1825.0005106642222
19137,1825.0005106642222
19138,1825.0005106642222
19139,1825.0005106642222
19140,1825.0005106642222
19141,1825.0005106642222
19142,1825.0005106642222
19143,1825.0005106642222
19144,1825.0005106642222
19145,1825.0005106642222
19146,1825.0005106642222
19147,1825.0005106642222
19148,1825.0005106642222
19149,1825.0005106642222
19150,1825.0005106642222
19151,1825.0005106642222
19152,1825.0005106642222
19153,1825.0005106642222
19154,1825.0005106642222
19155,1825.0005106642222
19156,1825.0005106642222
19157,1825.0005106642222
19158,1825.0005106642222
19159,1825.0005106642222
19160,1825.0005106642222
19161,1825.0005106642222
19162,1825.0005106642222
19163,1825.0005106642222
19164,1825.0005106642222
19165,1825.0005106642222
19166,1825.0005106642222
19167,1825.0005106642222
19168,1825.0005106642222
19169,1825.0005106642222
19170,1825.0005106642222
19171,1825.0005106642222
19172,1825.0005106642222
19173,1825.0005106642222
19174,1825.0005106642222
19175,1825.0005106642222
19176,1825.0005106642222
19177,1825.0005106642222
19178,1825.0005106642222
19179,1825.0005106642222
19180,1825.0005106642222
19181,1825.0005106642222
19182,1825.0005106642222
19183,1825.0005106642222
19184,1825.0005106642222
19185,1825.0005106642222
19186,1825.0005106642222
19187,1825.0005106642222
19188,1825.0005106642222
19189,1825.0005106642222
19190,1825.0005106642222
19191,1825.0005106642222
19192,1825.0005106642222
19193,1825.0005106642222
19194,1825.0005106642222
19195,1825.0005106642222
19196,1825.0005106642222
19197,1825.0005106642222
19198,1825.0005106642222
19199,1825.0005106642222
19200,1825.0005106642222
19201,1825.0005106642222
19202,1825.0005106642222
19203,1825.0005106642222
19204,1825.0005106642222
19205,1825.0005106642222
19206,1825.0005106642222
19207,1825.0005106642222
19208,1825.0005106642222
19209,1825.0005106642222
19210,1825.0005106642222
19211,1825.0005106642222
19212,1825.0005106642222
19213,1825.0005106642222
19214,1825.0005106642222
19215,1825.0005106642222
19216,1825.0005106642222
19217,1825.0005106642222
19218,1825.0005106642222
19219,1825.0005106642222
19220,1825.0005106642222
19221,1825.0005106642222
19222,1825.0005106642222
19223,1825.0005106642222
19224,1825.0005106642222
19225,1825.0005106642222
19226,1825.0005106642222
19227,1825.0005106642222
19228,1825.0005106642222
19229,1825.0005106642222
19230,1825.0005106642222
19231,1825.0005106642222
19232,1825.0005106642222
19233,1825.0005106642222
19234,1825.0005106642222
19235,1825.0005106642222
19236,1825.0005106642222
19237,1825.0005106642222
19238,1825.0005106642222
19239,1825.0005106642222
19240,1825.0005106642222
19241,1825.0005106642222
19242,1825.0005106642222
19243,1825.0005106642222
19244,1825.0005106642222
19245,1825.0005106642222
19246,1825.0005106642222
19247,1825.0005106642222
19248,1825.0005106642222
19249,1825.0005106642222
19250,1825.0005106642222
19251,1825.0005106642222
19252,1825.0005106642222
19253,1825.0005106642222
19254,1825.0005106642222
19255,1825.0005106642222
19256,1825.0005106642222
19257,1825.0005106642222
19258,1825.0005106642222
19259,1825.0005106642222
19260,1825.0005106642222
19261,1825.0005106642222
19262,1825.0005106642222
19263,1825.0005106642222
19264,1825.0005106642222
19265,1825.0005106642222
19266,1825.0005106642222
19267,1825.0005106642222
19268,1825.0005106642222
19269,1825.0005106642222
19270,1825.0005106642222
19271,1825.0005106642222
19272,1825.0005106642222
19273,1825.0005106642222
19274,1825.0005106642222
19275,1825.0005106642222
19276,1825.0005106642222
19277,1825.0005106642222
19278,1825.0005106642222
19279,1825.0005106642222
19280,1825.0005106642222
19281,1825.0005106642222
19282,1825.0005106642222
19283,1825.0005106642222
19284,1825.0005106642222
19285,1825.0005106642222
19286,1825.0005106642222
19287,1825.0005106642222
19288,1825.0005106642222
19289,1825.0005106642222
19290,1825.0005106642222
19291,1825.0005106642222
19292,1825.0005106642222
19293,1825.0005106642222
19294,1825.0005106642222
19295,1825.0005106642222
19296,1825.0005106642222
19297,1825.0005106642222
19298,1825.0005106642222
19299,1825.0005106642222
19300,1825.0005106642222
19301,1825.0005106642222
19302,1825.0005106642222
19303,1825.0005106642222
19304,1825.0005106642222
19305,1825.0005106642222
19306,1825.0005106642222
19307,1825.0005106642222
19308,1825.0005106642222
19309,1825.0005106642222
19310,1825.0005106642222
19311,1825.0005106642222
19312,1825.0005106642222
19313,1825.0005106642222
19314,1825.0005106642222
19315,1825.0005106642222
19316,1825.0005106642222
19317,1825.0005106642222
19318,1825.0005106642222
19319,1825.0005106642222
19320,1825.0005106642222
19321,1825.0005106642222
19322,1825.0005106642222
19323,1825.0005106642222
19324,1825.0005106642222
19325,1825.0005106642222
19326,1825.0005106642222
19327,1825.0005106642222
19328,1825.0005106642222
19329,1825.0005106642222
19330,1825.0005106642222
19331,1825.0005106642222
19332,1825.0005106642222
19333,1825.0005106642222
19334,1825.0005106642222
19335,1825.0005106642222
19336,1825.0005106642222
19337,1825.0005106642222
19338,1825.0005106642222
19339,1825.0005106642222
19340,1825.0005106642222
19341,1825.0005106642222
19342,1825.0005106642222
19343,1825.0005106642222
19344,1825.0005106642222
19345,1825.0005106642222
19346,1825.0005106642222
19347,1825.0005106642222
19348,1825.0005106642222
19349,1825.0005106642222
19350,1825.0005106642222
19351,1825.0005106642222
19352,1825.0005106642222
19353,1825.0005106642222
19354,1825.0005106642222
19355,1825.0005106642222
19356,1825.0005106642222
19357,1825.0005106642222
19358,1825.0005106642222
19359,1825.0005106642222
19360,1825.0005106642222
19361,1825.0005106642222
19362,1825.0005106642222
19363,1825.0005106642222
19364,1825.0005106642222
19365,1825.0005106642222
19366,1825.0005106642222
19367,1825.0005106642222
19368,1825.0005106642222
19369,1825.0005106642222
19370,1825.0005106642222
19371,1825.0005106642222
19372,1825.0005106642222
19373,1825.0005106642222
19374,1825.0005106642222
19375,1825.0005106642222
19376,1825.0005106642222
19377,1825.0005106642222
19378,1825.0005106642222
19379,1825.0005106642222
19380,1825.0005106642222
19381,1825.0005106642222
19382,1825.0005106642222
19383,1825.0005106642222
19384,1825.0005106642222
19385,1825.0005106642222
19386,1825.0005106642222
19387,1825.0005106642222
19388,1825.0005106642222
19389,1825.0005106642222
19390,1825.0005106642222
19391,1825.0005106642222
19392,1825.0005106642222
19393,1825.0005106642222
19394,1825.0005106642222
19395,1825.0005106642222
19396,1825.0005106642222
19397,1825.0005106642222
19398,1825.0005106642222
19399,1825.0005106642222
19400,1825.0005106642222
19401,1825.0005106642222
19402,1825.0005106642222
19403,1825.0005106642222
19404,1825.0005106642222
19405,1825.0005106642222
19406,1825.0005106642222
19407,1825.0005106642222
19408,1825.0005106642222
19409,1825.0005106642222
19410,1825.0005106642222
19411,1825.0005106642222
19412,1825.0005106642222
19413,1825.0005106642222
19414,1825.0005106642222
19415,1825.0005106642222
19416,1825.0005106642222
19417,1825.0005106642222
19418,1825.0005106642222
19419,1825.0005106642222
19420,1825.0005106642222
19421,1825.0005106642222
19422,1825.0005106642222
19423,1825.0005106642222
19424,1825.0005106642222
19425,1825.0005106642222
19426,1825.0005106642222
19427,1825.0005106642222
19428,1825.0005106642222
19429,1825.0005106642222
19430,1825.0005106642222
19431,1825.0005106642222
19432,1825.0005106642222
19433,1825.0005106642222
19434,1825.0005106642222
19435,1825.0005106642222
19436,1825.0005106642222
19437,1825.0005106642222
19438,1825.0005106642222
19439,1825.0005106642222
19440,1825.0005106642222
19441,1825.0005106642222
19442,1825.0005106642222
19443,1825.0005106642222
19444,1825.0005106642222
19445,1825.0005106642222
19446,1825.0005106642222
19447,1825.0005106642222
19448,1825.0005106642222
19449,1825.0005106642222
19450,1825.0005106642222
19451,1825.0005106642222
19452,1825.0005106642222
19453,1825.0005106642222
19454,1825.0005106642222
19455,1825.0005106642222
19456,1825.0005106642222
19457,1825.0005106642222
19458,1825.0005106642222
19459,1825.0005106642222
19460,1825.0005106642222
19461,1825.0005106642222
19462,1825.0005106642222
19463,1825.0005106642222
19464,1825.0005106642222
19465,1825.0005106642222
19466,1825.0005106642222
19467,1825.0005106642222
19468,1825.0005106642222
19469,1825.0005106642222
19470,1825.0005106642222
19471,1825.0005106642222
19472,1825.0005106642222
19473,1825.0005106642222
19474,1825.0005106642222
19475,1825.0005106642222
19476,1825.0005106642222
19477,1825.0005106642222
19478,1825.0005106642222
19479,1825.0005106642222
19480,1825.0005106642222
19481,1825.0005106642222
19482,1825.0005106642222
19483,1825.0005106642222
19484,1825.0005106642222
19485,1825.0005106642222
19486,1825.0005106642222
19487,1825.0005106642222
19488,1825.0005106642222
19489,1825.0005106642222
19490,1825.0005106642222
19491,1825.0005106642222
19492,1825.0005106642222
19493,1825.0005106642222
19494,1825.0005106642222
19495,1825.0005106642222
19496,1825.0005106642222
19497,1825.0005106642222
19498,1825.0005106642222
19499,1825.0005106642222
19500,1825.0005106642222
19501,1825.0005106642222
19502,1825.0005106642222
19503,1825.0005106642222
19504,1825.0005106642222
19505,1825.0005106642222
19506,1825.0005106642222
19507,1825.0005106642222
19508,1825.0005106642222
19509,1825.0005106642222
19510,1825.0005106642222
19511,1825.0005106642222
19512,1825.0005106642222
19513,1825.0005106642222
19514,1825.0005106642222
19515,1825.0005106642222
19516,1825.0005106642222
19517,1825.0005106642222
19518,1825.0005106642222
19519,1825.0005106642222
19520,1825.0005106642222
19521,1825.0005106642222
19522,1825.0005106642222
19523,1825.0005106642222
19524,1825.0005106642222
19525,1825.0005106642222
19526,1825.0005106642222
19527,1825.0005106642222
19528,1825.0005106642222
19529,1825.0005106642222
19530,1825.0005106642222
19531,1825.0005106642222
19532,1825.0005106642222
19533,1825.0005106642222
19534,1825.0005106642222
19535,1825.0005106642222
19536,1825.0005106642222
19537,1825.0005106642222
19538,1825.0005106642222
19539,1825.0005106642222
19540,1825.0005106642222
19541,1825.0005106642222
19542,1825.0005106642222
19543,1825.0005106642222
19544,1825.0005106642222
19545,1825.0005106642222
19546,1825.0005106642222
19547,1825.0005106642222
19548,1825.0005106642222
19549,1825.0005106642222
19550,1825.0005106642222
19551,1825.0005106642222
19552,1825.0005106642222
19553,1825.0005106642222
19554,1825.0005106642222
19555,1825.0005106642222
19556,1825.0005106642222
19557,1825.0005106642222
19558,1825.0005106642222
19559,1825.0005106642222
19560,1825.0005106642222
19561,1825.0005106642222
19562,1825.0005106642222
19563,1825.0005106642222
19564,1825.0005106642222
19565,1825.0005106642222
19566,1825.0005106642222
19567,1825.0005106642222
19568,1825.0005106642222
19569,1825.0005106642222
19570,1825.0005106642222
19571,1825.0005106642222
19572,1825.0005106642222
19573,1825.0005106642222
19574,1825.0005106642222
19575,1825.0005106642222
19576,1825.0005106642222
19577,1825.0005106642222
19578,1825.0005106642222
19579,1825.0005106642222
19580,1825.0005106642222
19581,1825.0005106642222
19582,1825.0005106642222
19583,1825.0005106642222
19584,1825.0005106642222
19585,1825.0005106642222
19586,1825.0005106642222
19587,1825.0005106642222
19588,1825.0005106642222
19589,1825.0005106642222
19590,1825.0005106642222
19591,1825.0005106642222
19592,1825.0005106642222
19593,1825.0005106642222
19594,1825.0005106642222
19595,1825.0005106642222
19596,1825.0005106642222
19597,1825.0005106642222
19598,1825.0005106642222
19599,1825.0005106642222
19600,1825.0005106642222
19601,1825.0005106642222
19602,1825.0005106642222
19603,1825.0005106642222
19604,1825.0005106642222
19605,1825.0005106642222
19606,1825.0005106642222
19607,1825.0005106642222
19608,1825.0005106642222
19609,1825.0005106642222
19610,1825.0005106642222
19611,1825.0005106642222
19612,1825.0005106642222
19613,1825.0005106642222
19614,1825.0005106642222
19615,1825.0005106642222
19616,1825.0005106642222
19617,1825.0005106642222
19618,1825.0005106642222
19619,1825.0005106642222
19620,1825.0005106642222
19621,1825.0005106642222
19622,1825.0005106642222
19623,1825.0005106642222
19624,1825.0005106642222
19625,1825.0005106642222
19626,1825.0005106642222
19627,1825.0005106642222
19628,1825.0005106642222
19629,1825.0005106642222
19630,1825.0005106642222
19631,1825.0005106642222
19632,1825.0005106642222
19633,1825.0005106642222
19634,1825.0005106642222
19635,1825.0005106642222
19636,1825.0005106642222
19637,1825.0005106642222
19638,1825.0005106642222
19639,1825.0005106642222
19640,1825.0005106642222
19641,1825.0005106642222
19642,1825.0005106642222
19643,1825.0005106642222
19644,1825.0005106642222
19645,1825.0005106642222
19646,1825.0005106642222
19647,1825.0005106642222
19648,1825.0005106642222
19649,1825.0005106642222
19650,1825.0005106642222
19651,1825.0005106642222
19652,1825.0005106642222
19653,1825.0005106642222
19654,1825.0005106642222
19655,1825.0005106642222
19656,1825.0005106642222
19657,1825.0005106642222
19658,1825.0005106642222
19659,1825.0005106642222
19660,1825.0005106642222
19661,1825.0005106642222
19662,1825.0005106642222
19663,1825.0005106642222
19664,1825.0005106642222
19665,1825.0005106642222
19666,1825.0005106642222
19667,1825.0005106642222
19668,1825.0005106642222
19669,1825.0005106642222
19670,1825.0005106642222
19671,1825.0005106642222
19672,1825.0005106642222
19673,1825.0005106642222
19674,1825.0005106642222
19675,1825.0005106642222
19676,1825.0005106642222
19677,1825.0005106642222
19678,1825.0005106642222
19679,1825.0005106642222
19680,1825.0005106642222
19681,1825.0005106642222
19682,1825.0005106642222
19683,1825.0005106642222
19684,1825.0005106642222
19685,1825.0005106642222
19686,1825.0005106642222
19687,1825.0005106642222
19688,1825.0005106642222
19689,1825.0005106642222
19690,1825.0005106642222
19691,1825.0005106642222
19692,1825.0005106642222
19693,1825.0005106642222
19694,1825.0005106642222
19695,1825.0005106642222
19696,1825.0005106642222
19697,1825.0005106642222
19698,1825.0005106642222
19699,1825.0005106642222
19700,1825.0005106642222
19701,1825.0005106642222
19702,1825.0005106642222
19703,1825.0005106642222
19704,1825.0005106642222
19705,1825.0005106642222
19706,1825.0005106642222
19707,1825.0005106642222
19708,1825.0005106642222
19709,1825.0005106642222
19710,1825.0005106642222
19711,1825.0005106642222
19712,1825.0005106642222
19713,1825.0005106642222
19714,1825.0005106642222
19715,1825.0005106642222
19716,1825.0005106642222
19717,1825.0005106642222
19718,1825.0005106642222
19719,1825.0005106642222
19720,1825.0005106642222
19721,1825.0005106642222
19722,1825.0005106642222
19723,1825.0005106642222
19724,1825.0005106642222
19725,1825.0005106642222
19726,1825.0005106642222
19727,1825.0005106642222
19728,1825.0005106642222
19729,1825.0005106642222
19730,1825.0005106642222
19731,1825.0005106642222
19732,1825.0005106642222
19733,1825.0005106642222
19734,1825.0005106642222
19735,1825.0005106642222
19736,1825.0005106642222
19737,1825.0005106642222
19738,1825.0005106642222
19739,1825.0005106642222
19740,1825.0005106642222
19741,1825.0005106642222
19742,1825.0005106642222
19743,1825.0005106642222
19744,1825.0005106642222
19745,1825.0005106642222
19746,1825.0005106642222
19747,1825.0005106642222
19748,1825.0005106642222
19749,1825.0005106642222
19750,1825.0005106642222
19751,1825.0005106642222
19752,1825.0005106642222
19753,1825.0005106642222
19754,1825.0005106642222
19755,1825.0005106642222
19756,1825.0005106642222
19757,1825.0005106642222
19758,1825.0005106642222
19759,1825.0005106642222
19760,1825.0005106642222
19761,1825.0005106642222
19762,1825.0005106642222
19763,1825.0005106642222
19764,1825.0005106642222
19765,1825.0005106642222
19766,1825.0005106642222
19767,1825.0005106642222
19768,1825.0005106642222
19769,1825.0005106642222
19770,1825.0005106642222
19771,1825.0005106642222
19772,1825.0005106642222
19773,1825.0005106642222
19774,1825.0005106642222
19775,1825.0005106642222
19776,1825.0005106642222
19777,1825.0005106642222
19778,1825.0005106642222
19779,1825.0005106642222
19780,1825.0005106642222
19781,1825.0005106642222
19782,1825.0005106642222
19783,1825.0005106642222
19784,1825.0005106642222
19785,1825.0005106642222
19786,1825.0005106642222
19787,1825.0005106642222
19788,1825.0005106642222
19789,1825.0005106642222
19790,1825.0005106642222
19791,1825.0005106642222
19792,1825.0005106642222
19793,1825.0005106642222
19794,1825.0005106642222
19795,1825.0005106642222
19796,1825.0005106642222
19797,1825.0005106642222
19798,1825.0005106642222
19799,1825.0005106642222
19800,1825.0005106642222
19801,1825.0005106642222
19802,1825.0005106642222
19803,1825.0005106642222
19804,1825.0005106642222
19805,1825.0005106642222
19806,1825.0005106642222
19807,1825.0005106642222
19808,1825.0005106642222
19809,1825.0005106642222
19810,1825.0005106642222
19811,1825.0005106642222
19812,1825.0005106642222
19813,1825.0005106642222
19814,1825.0005106642222
19815,1825.0005106642222
19816,1825.0005106642222
19817,1825.0005106642222
19818,1825.0005106642222
19819,1825.0005106642222
19820,1825.0005106642222
19821,1825.0005106642222
19822,1825.0005106642222
19823,1825.0005106642222
19824,1825.0005106642222
19825,1825.0005106642222
19826,1825.0005106642222
19827,1825.0005106642222
19828,1825.0005106642222
19829,1825.0005106642222
19830,1825.0005106642222
19831,1825.0005106642222
19832,1825.0005106642222
19833,1825.0005106642222
19834,1825.0005106642222
19835,1825.0005106642222
19836,1825.0005106642222
19837,1825.0005106642222
19838,1825.0005106642222
19839,1825.0005106642222
19840,1825.0005106642222
19841,1825.0005106642222
19842,1825.0005106642222
19843,1825.0005106642222
19844,1825.0005106642222
19845,1825.0005106642222
19846,1825.0005106642222
19847,1825.0005106642222
19848,1825.0005106642222
19849,1825.0005106642222
19850,1825.0005106642222
19851,1825.0005106642222
19852,1825.0005106642222
19853,1825.0005106642222
19854,1825.0005106642222
19855,1825.0005106642222
19856,1825.0005106642222
19857,1825.0005106642222
19858,1825.0005106642222
19859,1825.0005106642222
19860,1825.0005106642222
19861,1825.0005106642222
19862,1825.0005106642222
19863,1825.0005106642222
19864,1825.0005106642222
19865,1825.0005106642222
19866,1825.0005106642222
19867,1825.0005106642222
19868,1825.0005106642222
19869,1825.0005106642222
19870,1825.0005106642222
19871,1825.0005106642222
19872,1825.0005106642222
19873,1825.0005106642222
19874,1825.0005106642222
19875,1825.0005106642222
19876,1825.0005106642222
19877,1825.0005106642222
19878,1825.0005106642222
19879,1825.0005106642222
19880,1825.0005106642222
19881,1825.0005106642222
19882,1825.0005106642222
19883,1825.0005106642222
19884,1825.0005106642222
19885,1825.0005106642222
19886,1825.0005106642222
19887,1825.0005106642222
19888,1825.0005106642222
19889,1825.0005106642222
19890,1825.0005106642222
19891,1825.0005106642222
19892,1825.0005106642222
19893,1825.0005106642222
19894,1825.0005106642222
19895,1825.0005106642222
19896,1825.0005106642222
19897,1825.0005106642222
19898,1825.0005106642222
19899,1825.0005106642222
19900,1825.0005106642222
19901,1825.0005106642222
19902,1825.0005106642222
19903,1825.0005106642222
19904,1825.0005106642222
19905,1825.0005106642222
19906,1825.0005106642222
19907,1825.0005106642222
19908,1825.0005106642222
19909,1825.0005106642222
19910,1825.0005106642222
19911,1825.0005106642222
19912,1825.0005106642222
19913,1825.0005106642222
19914,1825.0005106642222
19915,1825.0005106642222
19916,1825.0005106642222
19917,1825.0005106642222
19918,1825.0005106642222
19919,1825.0005106642222
19920,1825.0005106642222
19921,1825.0005106642222
19922,1825.0005106642222
19923,1825.0005106642222
19924,1825.0005106642222
19925,1825.0005106642222
19926,1825.0005106642222
19927,1825.0005106642222
19928,1825.0005106642222
19929,1825.0005106642222
19930,1825.0005106642222
19931,1825.0005106642222
19932,1825.0005106642222
19933,1825.0005106642222
19934,1825.0005106642222
19935,1825.0005106642222
19936,1825.0005106642222
19937,1825.0005106642222
19938,1825.0005106642222
19939,1825.0005106642222
19940,1825.0005106642222
19941,1825.0005106642222
19942,1825.0005106642222
19943,1825.0005106642222
19944,1825.0005106642222
19945,1825.0005106642222
19946,1825.0005106642222
19947,1825.0005106642222
19948,1825.0005106642222
19949,1825.0005106642222
19950,1825.0005106642222
19951,1825.0005106642222
19952,1825.0005106642222
19953,1825.0005106642222
19954,1825.0005106642222
19955,1825.0005106642222
19956,1825.0005106642222
19957,1825.0005106642222
19958,1825.0005106642222
19959,1825.0005106642222
19960,1825.0005106642222
19961,1825.0005106642222
19962,1825.0005106642222
19963,1825.0005106642222
19964,1825.0005106642222
19965,1825.0005106642222
19966,1825.0005106642222
19967,1825.0005106642222
19968,1825.0005106642222
19969,1825.0005106642222
19970,1825.0005106642222
19971,1825.0005106642222
19972,1825.0005106642222
19973,1825.0005106642222
19974,1825.0005106642222
19975,1825.0005106642222
19976,1825.0005106642222
19977,1825.0005106642222
19978,1825.0005106642222
19979,1825.0005106642222
19980,1825.0005106642222
19981,1825.0005106642222
19982,1825.0005106642222
19983,1825.0005106642222
19984,1825.0005106642222
19985,1825.0005106642222
19986,1825.0005106642222
19987,1825.0005106642222
19988,1825.0005106642222
19989,1825.0005106642222
19990,1825.0005106642222
19991,1825.0005106642222
19992,1825.0005106642222
19993,1825.0005106642222
19994,1825.0005106642222
19995,1825.0005106642222
19996,1825.0005106642222
19997,1825.0005106642222
19998,1825.0005106642222
19999,1825.0005106642222
20000,1825.0005106642222
20001,1825.0005106642222
20002,1825.0005106642222
20003,1825.0005106642222
20004,1825.0005106642222
20005,1825.0005106642222
20006,1825.0005106642222
20007,1825.0005106642222
20008,1825.0005106642222
20009,1825.0005106642222
20010,1825.0005106642222
20011,1825.0005106642222
20012,1825.0005106642222
20013,1825.0005106642222
20014,1825.0005106642222
20015,1825.0005106642222
20016,1825.0005106642222
20017,1825.0005106642222
20018,1825.0005106642222
20019,1825.0005106642222
20020,1825.0005106642222
20021,1825.0005106642222
20022,1825.0005106642222
20023,1825.0005106642222
20024,1825.0005106642222
20025,1825.0005106642222
20026,1825.0005106642222
20027,1825.0005106642222
20028,1825.0005106642222
20029,1825.0005106642222
20030,1825.0005106642222
20031,1825.0005106642222
20032,1825.0005106642222
20033,1825.0005106642222
20034,1825.0005106642222
20035,1825.0005106642222
20036,1825.0005106642222
20037,1825.0005106642222
20038,1825.0005106642222
20039,1825.0005106642222
20040,1825.0005106642222
20041,1825.0005106642222
20042,1825.0005106642222
20043,1825.0005106642222
20044,1825.0005106642222
20045,1825.0005106642222
20046,1825.0005106642222
20047,1825.0005106642222
20048,1825.0005106642222
20049,1825.0005106642222
20050,1825.0005106642222
20051,1825.0005106642222
20052,1825.0005106642222
20053,1825.0005106642222
20054,1825.0005106642222
20055,1825.0005106642222
20056,1825.0005106642222
20057,1825.0005106642222
20058,1825.0005106642222
20059,1825.0005106642222
20060,1825.0005106642222
20061,1825.0005106642222
20062,1825.0005106642222
20063,1825.0005106642222
20064,1825.0005106642222
20065,1825.0005106642222
20066,1825.0005106642222
20067,1825.0005106642222
20068,1825.0005106642222
20069,1825.0005106642222
20070,1825.0005106642222
20071,1825.0005106642222
20072,1825.0005106642222
20073,1825.0005106642222
20074,1825.0005106642222
20075,1825.0005106642222
20076,1825.0005106642222
20077,1825.0005106642222
20078,1825.0005106642222
20079,1825.0005106642222
20080,1825.0005106642222
20081,1825.0005106642222
20082,1825.0005106642222
20083,1825.0005106642222
20084,1825.0005106642222
20085,1825.0005106642222
20086,1825.0005106642222
20087,1825.0005106642222
20088,1825.0005106642222
20089,1825.0005106642222
20090,1825.0005106642222
20091,1825.0005106642222
20092,1825.0005106642222
20093,1825.0005106642222
20094,1825.0005106642222
20095,1825.0005106642222
20096,1825.0005106642222
20097,1825.0005106642222
20098,1825.0005106642222
20099,1825.0005106642222
20100,1825.0005106642222
20101,1825.0005106642222
20102,1825.0005106642222
20103,1825.0005106642222
20104,1825.0005106642222
20105,1825.0005106642222
20106,1825.0005106642222
20107,1825.0005106642222
20108,1825.0005106642222
20109,1825.0005106642222
20110,1825.0005106642222
20111,1825.0005106642222
20112,1825.0005106642222
20113,1825.0005106642222
20114,1825.0005106642222
20115,1825.0005106642222
20116,1825.0005106642222
20117,1825.0005106642222
20118,1825.0005106642222
20119,1825.0005106642222
20120,1825.0005106642222
20121,1825.0005106642222
20122,1825.0005106642222
20123,1825.0005106642222
20124,1825.0005106642222
20125,1825.0005106642222
20126,1825.0005106642222
20127,1825.0005106642222
20128,1825.0005106642222
20129,1825.0005106642222
20130,1825.0005106642222
20131,1825.0005106642222
20132,1825.0005106642222
20133,1825.0005106642222
20134,1825.0005106642222
20135,1825.0005106642222
20136,1825.0005106642222
20137,1825.0005106642222
20138,1825.0005106642222
20139,1825.0005106642222
20140,1825.0005106642222
20141,1825.0005106642222
20142,1825.0005106642222
20143,1825.0005106642222
20144,1825.0005106642222
20145,1825.0005106642222
20146,1825.0005106642222
20147,1825.0005106642222
20148,1825.0005106642222
20149,1825.0005106642222
20150,1825.0005106642222
20151,1825.0005106642222
20152,1825.0005106642222
20153,1825.0005106642222
20154,1825.0005106642222
20155,1825.0005106642222
20156,1825.0005106642222
20157,1825.0005106642222
20158,1825.0005106642222
20159,1825.0005106642222
20160,1825.0005106642222
20161,1825.0005106642222
20162,1825.0005106642222
20163,1825.0005106642222
20164,1825.0005106642222
20165,1825.0005106642222
20166,1825.0005106642222
20167,1825.0005106642222
20168,1825.0005106642222
20169,1825.0005106642222
20170,1825.0005106642222
20171,1825.0005106642222
20172,1825.0005106642222
20173,1825.0005106642222
20174,1825.0005106642222
20175,1825.0005106642222
20176,1825.0005106642222
20177,1825.0005106642222
20178,1825.0005106642222
20179,1825.0005106642222
20180,1825.0005106642222
20181,1825.0005106642222
20182,1825.0005106642222
20183,1825.0005106642222
20184,1825.0005106642222
20185,1825.0005106642222
20186,1825.0005106642222
20187,1825.0005106642222
20188,1825.0005106642222
20189,1825.0005106642222
20190,1825.0005106642222
20191,1825.0005106642222
20192,1825.0005106642222
20193,1825.0005106642222
20194,1825.0005106642222
20195,1825.0005106642222
20196,1825.0005106642222
20197,1825.0005106642222
20198,1825.0005106642222
20199,1825.0005106642222
20200,1825.0005106642222
20201,1825.0005106642222
20202,1825.0005106642222
20203,1825.0005106642222
20204,1825.0005106642222
20205,1825.0005106642222
20206,1825.0005106642222
20207,1825.0005106642222
20208,1825.0005106642222
20209,1825.0005106642222
20210,1825.0005106642222
20211,1825.0005106642222
20212,1825.0005106642222
20213,1825.0005106642222
20214,1825.0005106642222
20215,1825.0005106642222
20216,1825.0005106642222
20217,1825.0005106642222
20218,1825.0005106642222
20219,1825.0005106642222
20220,1825.0005106642222
20221,1825.0005106642222
20222,1825.0005106642222
20223,1825.0005106642222
20224,1825.0005106642222
20225,1825.0005106642222
20226,1825.0005106642222
20227,1825.0005106642222
20228,1825.0005106642222
20229,1825.0005106642222
20230,1825.0005106642222
20231,1825.0005106642222
20232,1825.0005106642222
20233,1825.0005106642222
20234,1825.0005106642222
20235,1825.0005106642222
20236,1825.0005106642222
20237,1825.0005106642222
20238,1825.0005106642222
20239,1825.0005106642222
20240,1825.0005106642222
20241,1825.0005106642222
20242,1825.0005106642222
20243,1825.0005106642222
20244,1825.0005106642222
20245,1825.0005106642222
20246,1825.0005106642222
20247,1825.0005106642222
20248,1825.0005106642222
20249,1825.0005106642222
20250,1825.0005106642222
20251,1825.0005106642222
20252,1825.0005106642222
20253,1825.0005106642222
20254,1825.0005106642222
20255,1825.0005106642222
20256,1825.0005106642222
20257,1825.0005106642222
20258,1825.0005106642222
20259,1825.0005106642222
20260,1825.0005106642222
20261,1825.0005106642222
20262,1825.0005106642222
20263,1825.0005106642222
20264,1825.0005106642222
20265,1825.0005106642222
20266,1825.0005106642222
20267,1825.0005106642222
20268,1825.0005106642222
20269,1825.0005106642222
20270,1825.0005106642222
20271,1825.0005106642222
20272,1825.0005106642222
20273,1825.0005106642222
20274,1825.0005106642222
20275,1825.0005106642222
20276,1825.0005106642222
20277,1825.0005106642222
20278,1825.0005106642222
20279,1825.0005106642222
20280,1825.0005106642222
20281,1825.0005106642222
20282,1825.0005106642222
20283,1825.0005106642222
20284,1825.0005106642222
20285,1825.0005106642222
20286,1825.0005106642222
20287,1825.0005106642222
20288,1825.0005106642222
20289,1825.0005106642222
20290,1825.0005106642222
20291,1825.0005106642222
20292,1825.0005106642222
20293,1825.0005106642222
20294,1825.0005106642222
20295,1825.0005106642222
20296,1825.0005106642222
20297,1825.0005106642222
20298,1825.0005106642222
20299,1825.0005106642222
20300,1825.0005106642222
20301,1825.0005106642222
20302,1825.0005106642222
20303,1825.0005106642222
20304,1825.0005106642222
20305,1825.0005106642222
20306,1825.0005106642222
20307,1825.0005106642222
20308,1825.0005106642222
20309,1825.0005106642222
20310,1825.0005106642222
20311,1825.0005106642222
20312,1825.0005106642222
20313,1825.0005106642222
20314,1825.0005106642222
20315,1825.0005106642222
20316,1825.0005106642222
20317,1825.0005106642222
20318,1825.0005106642222
20319,1825.0005106642222
20320,1825.0005106642222
20321,1825.0005106642222
20322,1825.0005106642222
20323,1825.0005106642222
20324,1825.0005106642222
20325,1825.0005106642222
20326,1825.0005106642222
20327,1825.0005106642222
20328,1825.0005106642222
20329,1825.0005106642222
20330,1825.0005106642222
20331,1825.0005106642222
20332,1825.0005106642222
20333,1825.0005106642222
20334,1825.0005106642222
20335,1825.0005106642222
20336,1825.0005106642222
20337,1825.0005106642222
20338,1825.0005106642222
20339,1825.0005106642222
20340,1825.0005106642222
20341,1825.0005106642222
20342,1825.0005106642222
20343,1825.0005106642222
20344,1825.0005106642222
20345,1825.0005106642222
20346,1825.0005106642222
20347,1825.0005106642222
20348,1825.0005106642222
20349,1825.0005106642222
20350,1825.0005106642222
20351,1825.0005106642222
20352,1825.0005106642222
20353,1825.0005106642222
20354,1825.0005106642222
20355,1825.0005106642222
20356,1825.0005106642222
20357,1825.0005106642222
20358,1825.0005106642222
20359,1825.0005106642222
20360,1825.0005106642222
20361,1825.0005106642222
20362,1825.0005106642222
20363,1825.0005106642222
20364,1825.0005106642222
20365,1825.0005106642222
20366,1825.0005106642222
20367,1825.0005106642222
20368,1825.0005106642222
20369,1825.0005106642222
20370,1825.0005106642222
20371,1825.0005106642222
20372,1825.0005106642222
20373,1825.0005106642222
20374,1825.0005106642222
20375,1825.0005106642222
20376,1825.0005106642222
20377,1825.0005106642222
20378,1825.0005106642222
20379,1825.0005106642222
20380,1825.0005106642222
20381,1825.0005106642222
20382,1825.0005106642222
20383,1825.0005106642222
20384,1825.0005106642222
20385,1825.0005106642222
20386,1825.0005106642222
20387,1825.0005106642222
20388,1825.0005106642222
20389,1825.0005106642222
20390,1825.0005106642222
20391,1825.0005106642222
20392,1825.0005106642222
20393,1825.0005106642222
20394,1825.0005106642222
20395,1825.0005106642222
20396,1825.0005106642222
20397,1825.0005106642222
20398,1825.0005106642222
20399,1825.0005106642222
20400,1825.0005106642222
20401,1825.0005106642222
20402,1825.0005106642222
20403,1825.0005106642222
20404,1825.0005106642222
20405,1825.0005106642222
20406,1825.0005106642222
20407,1825.0005106642222
20408,1825.0005106642222
20409,1825.0005106642222
20410,1825.0005106642222
20411,1825.0005106642222
20412,1825.0005106642222
20413,1825.0005106642222
20414,1825.0005106642222
20415,1825.0005106642222
20416,1825.0005106642222
20417,1825.0005106642222
20418,1825.0005106642222
20419,1825.0005106642222
20420,1825.0005106642222
20421,1825.0005106642222
20422,1825.0005106642222
20423,1825.0005106642222
20424,1825.0005106642222
20425,1825.0005106642222
20426,1825.0005106642222
20427,1825.0005106642222
20428,1825.0005106642222
20429,1825.0005106642222
20430,1825.0005106642222
20431,1825.0005106642222
20432,1825.0005106642222
20433,1825.0005106642222
20434,1825.0005106642222
20435,1825.0005106642222
20436,1825.0005106642222
20437,1825.0005106642222
20438,1825.0005106642222
20439,1825.0005106642222
20440,1825.0005106642222
20441,1825.0005106642222
20442,1825.0005106642222
20443,1825.0005106642222
20444,1825.0005106642222
20445,1825.0005106642222
20446,1825.0005106642222
20447,1825.0005106642222
20448,1825.0005106642222
20449,1825.0005106642222
20450,1825.0005106642222
20451,1825.0005106642222
20452,1825.0005106642222
20453,1825.0005106642222
20454,1825.0005106642222
20455,1825.0005106642222
20456,1825.0005106642222
20457,1825.0005106642222
20458,1825.0005106642222
20459,1825.0005106642222
20460,1825.0005106642222
20461,1825.0005106642222
20462,1825.0005106642222
20463,1825.0005106642222
20464,1825.0005106642222
20465,1825.0005106642222
20466,1825.0005106642222
20467,1825.0005106642222
20468,1825.0005106642222
20469,1825.0005106642222
20470,1825.0005106642222
20471,1825.0005106642222
20472,1825.0005106642222
20473,1825.0005106642222
20474,1825.0005106642222
20475,1825.0005106642222
20476,1825.0005106642222
20477,1825.0005106642222
20478,1825.0005106642222
20479,1825.0005106642222
20480,1825.0005106642222
20481,1825.0005106642222
20482,1825.0005106642222
20483,1825.0005106642222
20484,1825.0005106642222
20485,1825.0005106642222
20486,1825.0005106642222
20487,1825.0005106642222
20488,1825.0005106642222
20489,1825.0005106642222
20490,1825.0005106642222
20491,1825.0005106642222
20492,1825.0005106642222
20493,1825.0005106642222
20494,1825.0005106642222
20495,1825.0005106642222
20496,1825.0005106642222
20497,1825.0005106642222
20498,1825.0005106642222
20499,1825.0005106642222
20500,1825.0005106642222
20501,1825.0005106642222
20502,1825.0005106642222
20503,1825.0005106642222
20504,1825.0005106642222
20505,1825.0005106642222
20506,1825.0005106642222
20507,1825.0005106642222
20508,1825.0005106642222
20509,1825.0005106642222
20510,1825.0005106642222
20511,1825.0005106642222
20512,1825.0005106642222
20513,1825.0005106642222
20514,1825.0005106642222
20515,1825.0005106642222
20516,1825.0005106642222
20517,1825.0005106642222
20518,1825.0005106642222
20519,1825.0005106642222
20520,1825.0005106642222
20521,1825.0005106642222
20522,1825.0005106642222
20523,1825.0005106642222
20524,1825.0005106642222
20525,1825.0005106642222
20526,1825.0005106642222
20527,1825.0005106642222
20528,1825.0005106642222
20529,1825.0005106642222
20530,1825.0005106642222
20531,1825.0005106642222
20532,1825.0005106642222
20533,1825.0005106642222
20534,1825.0005106642222
20535,1825.0005106642222
20536,1825.0005106642222
20537,1825.0005106642222
20538,1825.0005106642222
20539,1825.0005106642222
20540,1825.0005106642222
20541,1825.0005106642222
20542,1825.0005106642222
20543,1825.0005106642222
20544,1825.0005106642222
20545,1825.0005106642222
20546,1825.0005106642222
20547,1825.0005106642222
20548,1825.0005106642222
20549,1825.0005106642222
20550,1825.0005106642222
20551,1825.0005106642222
20552,1825.0005106642222
20553,1825.0005106642222
20554,1825.0005106642222
20555,1825.0005106642222
20556,1825.0005106642222
20557,1825.0005106642222
20558,1825.0005106642222
20559,1825.0005106642222
20560,1825.0005106642222
20561,1825.0005106642222
20562,1825.0005106642222
20563,1825.0005106642222
20564,1825.0005106642222
20565,1825.0005106642222
20566,1825.0005106642222
20567,1825.0005106642222
20568,1825.0005106642222
20569,1825.0005106642222
20570,1825.0005106642222
20571,1825.0005106642222
20572,1825.0005106642222
20573,1825.0005106642222
20574,1825.0005106642222
20575,1825.0005106642222
20576,1825.0005106642222
20577,1825.0005106642222
20578,1825.0005106642222
20579,1825.0005106642222
20580,1825.0005106642222
20581,1825.0005106642222
20582,1825.0005106642222
20583,1825.0005106642222
20584,1825.0005106642222
20585,1825.0005106642222
20586,1825.0005106642222
20587,1825.0005106642222
20588,1825.0005106642222
20589,1825.0005106642222
20590,1825.0005106642222
20591,1825.0005106642222
20592,1825.0005106642222
20593,1825.0005106642222
20594,1825.0005106642222
20595,1825.0005106642222
20596,1825.0005106642222
20597,1825.0005106642222
20598,1825.0005106642222
20599,1825.0005106642222
20600,1825.0005106642222
20601,1825.0005106642222
20602,1825.0005106642222
20603,1825.0005106642222
20604,1825.0005106642222
20605,1825.0005106642222
20606,1825.0005106642222
20607,1825.0005106642222
20608,1825.0005106642222
20609,1825.0005106642222
20610,1825.0005106642222
20611,1825.0005106642222
20612,1825.0005106642222
20613,1825.0005106642222
20614,1825.0005106642222
20615,1825.0005106642222
20616,1825.0005106642222
20617,1825.0005106642222
20618,1825.0005106642222
20619,1825.0005106642222
20620,1825.0005106642222
20621,1825.0005106642222
20622,1825.0005106642222
20623,1825.0005106642222
20624,1825.0005106642222
20625,1825.0005106642222
20626,1825.0005106642222
20627,1825.0005106642222
20628,1825.0005106642222
20629,1825.0005106642222
20630,1825.0005106642222
20631,1825.0005106642222
20632,1825.0005106642222
20633,1825.0005106642222
20634,1825.0005106642222
20635,1825.0005106642222
20636,1825.0005106642222
20637,1825.0005106642222
20638,1825.0005106642222
20639,1825.0005106642222
20640,1825.0005106642222
20641,1825.0005106642222
20642,1825.0005106642222
20643,1825.0005106642222
20644,1825.0005106642222
20645,1825.0005106642222
20646,1825.0005106642222
20647,1825.0005106642222
20648,1825.0005106642222
20649,1825.0005106642222
20650,1825.0005106642222
20651,1825.0005106642222
20652,1825.0005106642222
20653,1825.0005106642222
20654,1825.0005106642222
20655,1825.0005106642222
20656,1825.0005106642222
20657,1825.0005106642222
20658,1825.0005106642222
20659,1825.0005106642222
20660,1825.0005106642222
20661,1825.0005106642222
20662,1825.0005106642222
20663,1825.0005106642222
20664,1825.0005106642222
20665,1825.0005106642222
20666,1825.0005106642222
20667,1825.0005106642222
20668,1825.0005106642222
20669,1825.0005106642222
20670,1825.0005106642222
20671,1825.0005106642222
20672,1825.0005106642222
20673,1825.0005106642222
20674,1825.0005106642222
20675,1825.0005106642222
20676,1825.0005106642222
20677,1825.0005106642222
20678,1825.0005106642222
20679,1825.0005106642222
20680,1825.0005106642222
20681,1825.0005106642222
20682,1825.0005106642222
20683,1825.0005106642222
20684,1825.0005106642222
20685,1825.0005106642222
20686,1825.0005106642222
20687,1825.0005106642222
20688,1825.0005106642222
20689,1825.0005106642222
20690,1825.0005106642222
20691,1825.0005106642222
20692,1825.0005106642222
20693,1825.0005106642222
20694,1825.0005106642222
20695,1825.0005106642222
20696,1825.0005106642222
20697,1825.0005106642222
20698,1825.0005106642222
20699,1825.0005106642222
20700,1825.0005106642222
20701,1825.0005106642222
20702,1825.0005106642222
20703,1825.0005106642222
20704,1825.0005106642222
20705,1825.0005106642222
20706,1825.0005106642222
20707,1825.0005106642222
20708,1825.0005106642222
20709,1825.0005106642222
20710,1825.0005106642222
20711,1825.0005106642222
20712,1825.0005106642222
20713,1825.0005106642222
20714,1825.0005106642222
20715,1825.0005106642222
20716,1825.0005106642222
20717,1825.0005106642222
20718,1825.0005106642222
20719,1825.0005106642222
20720,1825.0005106642222
20721,1825.0005106642222
20722,1825.0005106642222
20723,1825.0005106642222
20724,1825.0005106642222
20725,1825.0005106642222
20726,1825.0005106642222
20727,1825.0005106642222
20728,1825.0005106642222
20729,1825.0005106642222
20730,1825.0005106642222
20731,1825.0005106642222
20732,1825.0005106642222
20733,1825.0005106642222
20734,1825.0005106642222
20735,1825.0005106642222
20736,1825.0005106642222
20737,1825.0005106642222
20738,1825.0005106642222
20739,1825.0005106642222
20740,1825.0005106642222
20741,1825.0005106642222
20742,1825.0005106642222
20743,1825.0005106642222
20744,1825.0005106642222
20745,1825.0005106642222
20746,1825.0005106642222
20747,1825.0005106642222
20748,1825.0005106642222
20749,1825.0005106642222
20750,1825.0005106642222
20751,1825.0005106642222
20752,1825.0005106642222
20753,1825.0005106642222
20754,1825.0005106642222
20755,1825.0005106642222
20756,1825.0005106642222
20757,1825.0005106642222
20758,1825.0005106642222
20759,1825.0005106642222
20760,1825.0005106642222
20761,1825.0005106642222
20762,1825.0005106642222
20763,1825.0005106642222
20764,1825.0005106642222
20765,1825.0005106642222
20766,1825.0005106642222
20767,1825.0005106642222
20768,1825.0005106642222
20769,1825.0005106642222
20770,1825.0005106642222
20771,1825.0005106642222
20772,1825.0005106642222
20773,1825.0005106642222
20774,1825.0005106642222
20775,1825.0005106642222
20776,1825.0005106642222
20777,1825.0005106642222
20778,1825.0005106642222
20779,1825.0005106642222
20780,1825.0005106642222
20781,1825.0005106642222
20782,1825.0005106642222
20783,1825.0005106642222
20784,1825.0005106642222
20785,1825.0005106642222
20786,1825.0005106642222
20787,1825.0005106642222
20788,1825.0005106642222
20789,1825.0005106642222
20790,1825.0005106642222
20791,1825.0005106642222
20792,1825.0005106642222
20793,1825.0005106642222
20794,1825.0005106642222
20795,1825.0005106642222
20796,1825.0005106642222
20797,1825.0005106642222
20798,1825.0005106642222
20799,1825.0005106642222
20800,1825.0005106642222
20801,1825.0005106642222
20802,1825.0005106642222
20803,1825.0005106642222
20804,1825.0005106642222
20805,1825.0005106642222
20806,1825.0005106642222
20807,1825.0005106642222
20808,1825.0005106642222
20809,1825.0005106642222
20810,1825.0005106642222
20811,1825.0005106642222
20812,1825.0005106642222
20813,1825.0005106642222
20814,1825.0005106642222
20815,1825.0005106642222
20816,1825.0005106642222
20817,1825.0005106642222
20818,1825.0005106642222
20819,1825.0005106642222
20820,1825.0005106642222
20821,1825.0005106642222
20822,1825.0005106642222
20823,1825.0005106642222
20824,1825.0005106642222
20825,1825.0005106642222
20826,1825.0005106642222
20827,1825.0005106642222
20828,1825.0005106642222
20829,1825.0005106642222
20830,1825.0005106642222
20831,1825.0005106642222
20832,1825.0005106642222
20833,1825.0005106642222
20834,1825.0005106642222
20835,1825.0005106642222
20836,1825.0005106642222
20837,1825.0005106642222
20838,1825.0005106642222
20839,1825.0005106642222
20840,1825.0005106642222
20841,1825.0005106642222
20842,1825.0005106642222
20843,1825.0005106642222
20844,1825.0005106642222
20845,1825.0005106642222
20846,1825.0005106642222
20847,1825.0005106642222
20848,1825.0005106642222
20849,1825.0005106642222
20850,1825.0005106642222
20851,1825.0005106642222
20852,1825.0005106642222
20853,1825.0005106642222
20854,1825.0005106642222
20855,1825.0005106642222
20856,1825.0005106642222
20857,1825.0005106642222
20858,1825.0005106642222
20859,1825.0005106642222
20860,1825.0005106642222
20861,1825.0005106642222
20862,1825.0005106642222
20863,1825.0005106642222
20864,1825.0005106642222
20865,1825.0005106642222
20866,1825.0005106642222
20867,1825.0005106642222
20868,1825.0005106642222
20869,1825.0005106642222
20870,1825.0005106642222
20871,1825.0005106642222
20872,1825.0005106642222
20873,1825.0005106642222
20874,1825.0005106642222
20875,1825.0005106642222
20876,1825.0005106642222
20877,1825.0005106642222
20878,1825.0005106642222
20879,1825.0005106642222
20880,1825.0005106642222
20881,1825.0005106642222
20882,1825.0005106642222
20883,1825.0005106642222
20884,1825.0005106642222
20885,1825.0005106642222
20886,1825.0005106642222
20887,1825.0005106642222
20888,1825.0005106642222
20889,1825.0005106642222
20890,1825.0005106642222
20891,1825.0005106642222
20892,1825.0005106642222
20893,1825.0005106642222
20894,1825.0005106642222
20895,1825.0005106642222
20896,1825.0005106642222
20897,1825.0005106642222
20898,1825.0005106642222
20899,1825.0005106642222
20900,1825.0005106642222
20901,1825.0005106642222
20902,1825.0005106642222
20903,1825.0005106642222
20904,1825.0005106642222
20905,1825.0005106642222
20906,1825.0005106642222
20907,1825.0005106642222
20908,1825.0005106642222
20909,1825.0005106642222
20910,1825.0005106642222
20911,1825.0005106642222
20912,1825.0005106642222
20913,1825.0005106642222
20914,1825.0005106642222
20915,1825.0005106642222
20916,1825.0005106642222
20917,1825.0005106642222
20918,1825.0005106642222
20919,1825.0005106642222
20920,1825.0005106642222
20921,1825.0005106642222
20922,1825.0005106642222
20923,1825.0005106642222
20924,1825.0005106642222
20925,1825.0005106642222
20926,1825.0005106642222
20927,1825.0005106642222
20928,1825.0005106642222
20929,1825.0005106642222
20930,1825.0005106642222
20931,1825.0005106642222
20932,1825.0005106642222
20933,1825.0005106642222
20934,1825.0005106642222
20935,1825.0005106642222
20936,1825.0005106642222
20937,1825.0005106642222
20938,1825.0005106642222
20939,1825.0005106642222
20940,1825.0005106642222
20941,1825.0005106642222
20942,1825.0005106642222
20943,1825.0005106642222
20944,1825.0005106642222
20945,1825.0005106642222
20946,1825.0005106642222
20947,1825.0005106642222
20948,1825.0005106642222
20949,1825.0005106642222
20950,1825.0005106642222
20951,1825.0005106642222
20952,1825.0005106642222
20953,1825.0005106642222
20954,1825.0005106642222
20955,1825.0005106642222
20956,1825.0005106642222
20957,1825.0005106642222
20958,1825.0005106642222
20959,1825.0005106642222
20960,1825.0005106642222
20961,1825.0005106642222
20962,1825.0005106642222
20963,1825.0005106642222
20964,1825.0005106642222
20965,1825.0005106642222
20966,1825.0005106642222
20967,1825.0005106642222
20968,1825.0005106642222
20969,1825.0005106642222
20970,1825.0005106642222
20971,1825.0005106642222
20972,1825.0005106642222
20973,1825.0005106642222
20974,1825.0005106642222
20975,1825.0005106642222
20976,1825.0005106642222
20977,1825.0005106642222
20978,1825.0005106642222
20979,1825.0005106642222
20980,1825.0005106642222
20981,1825.0005106642222
20982,1825.0005106642222
20983,1825.0005106642222
20984,1825.0005106642222
20985,1825.0005106642222
20986,1825.0005106642222
20987,1825.0005106642222
20988,1825.0005106642222
20989,1825.0005106642222
20990,1825.0005106642222
20991,1825.0005106642222
20992,1825.0005106642222
20993,1825.0005106642222
20994,1825.0005106642222
20995,1825.0005106642222
20996,1825.0005106642222
20997,1825.0005106642222
20998,1825.0005106642222
20999,1825.0005106642222
21000,1825.0005106642222
21001,1825.0005106642222
21002,1825.0005106642222
21003,1825.0005106642222
21004,1825.0005106642222
21005,1825.0005106642222
21006,1825.0005106642222
21007,1825.0005106642222
21008,1825.0005106642222
21009,1825.0005106642222
21010,1825.0005106642222
21011,1825.0005106642222
21012,1825.0005106642222
21013,1825.0005106642222
21014,1825.0005106642222
21015,1825.0005106642222
21016,1825.0005106642222
21017,1825.0005106642222
21018,1825.0005106642222
21019,1825.0005106642222
21020,1825.0005106642222
21021,1825.0005106642222
21022,1825.0005106642222
21023,1825.0005106642222
21024,1825.0005106642222
21025,1825.0005106642222
21026,1825.0005106642222
21027,1825.0005106642222
21028,1825.0005106642222
21029,1825.0005106642222
21030,1825.0005106642222
21031,1825.0005106642222
21032,1825.0005106642222
21033,1825.0005106642222
21034,1825.0005106642222
21035,1825.0005106642222
21036,1825.0005106642222
21037,1825.0005106642222
21038,1825.0005106642222
21039,1825.0005106642222
21040,1825.0005106642222
21041,1825.0005106642222
21042,1825.0005106642222
21043,1825.0005106642222
21044,1825.0005106642222
21045,1825.0005106642222
21046,1825.0005106642222
21047,1825.0005106642222
21048,1825.0005106642222
21049,1825.0005106642222
21050,1825.0005106642222
21051,1825.0005106642222
21052,1825.0005106642222
21053,1825.0005106642222
21054,1825.0005106642222
21055,1825.0005106642222
21056,1825.0005106642222
21057,1825.0005106642222
21058,1825.0005106642222
21059,1825.0005106642222
21060,1825.0005106642222
21061,1825.0005106642222
21062,1825.0005106642222
21063,1825.0005106642222
21064,1825.0005106642222
21065,1825.0005106642222
21066,1825.0005106642222
21067,1825.0005106642222
21068,1825.0005106642222
21069,1825.0005106642222
21070,1825.0005106642222
21071,1825.0005106642222
21072,1825.0005106642222
21073,1825.0005106642222
21074,1825.0005106642222
21075,1825.0005106642222
21076,1825.0005106642222
21077,1825.0005106642222
21078,1825.0005106642222
21079,1825.0005106642222
21080,1825.0005106642222
21081,1825.0005106642222
21082,1825.0005106642222
21083,1825.0005106642222
21084,1825.0005106642222
21085,1825.0005106642222
21086,1825.0005106642222
21087,1825.0005106642222
21088,1825.0005106642222
21089,1825.0005106642222
21090,1825.0005106642222
21091,1825.0005106642222
21092,1825.0005106642222
21093,1825.0005106642222
21094,1825.0005106642222
21095,1825.0005106642222
21096,1825.0005106642222
21097,1825.0005106642222
21098,1825.0005106642222
21099,1825.0005106642222
21100,1825.0005106642222
21101,1825.0005106642222
21102,1825.0005106642222
21103,1825.0005106642222
21104,1825.0005106642222
21105,1825.0005106642222
21106,1825.0005106642222
21107,1825.0005106642222
21108,1825.0005106642222
21109,1825.0005106642222
21110,1825.0005106642222
21111,1825.0005106642222
21112,1825.0005106642222
21113,1825.0005106642222
21114,1825.0005106642222
21115,1825.0005106642222
21116,1825.0005106642222
21117,1825.0005106642222
21118,1825.0005106642222
21119,1825.0005106642222
21120,1825.0005106642222
21121,1825.0005106642222
21122,1825.0005106642222
21123,1825.0005106642222
21124,1825.0005106642222
21125,1825.0005106642222
21126,1825.0005106642222
21127,1825.0005106642222
21128,1825.0005106642222
21129,1825.0005106642222
21130,1825.0005106642222
21131,1825.0005106642222
21132,1825.0005106642222
21133,1825.0005106642222
21134,1825.0005106642222
21135,1825.0005106642222
21136,1825.0005106642222
21137,1825.0005106642222
21138,1825.0005106642222
21139,1825.0005106642222
21140,1825.0005106642222
21141,1825.0005106642222
21142,1825.0005106642222
21143,1825.0005106642222
21144,1825.0005106642222
21145,1825.0005106642222
21146,1825.0005106642222
21147,1825.0005106642222
21148,1825.0005106642222
21149,1825.0005106642222
21150,1825.0005106642222
21151,1825.0005106642222
21152,1825.0005106642222
21153,1825.0005106642222
21154,1825.0005106642222
21155,1825.0005106642222
21156,1825.0005106642222
21157,1825.0005106642222
21158,1825.0005106642222
21159,1825.0005106642222
21160,1825.0005106642222
21161,1825.0005106642222
21162,1825.0005106642222
21163,1825.0005106642222
21164,1825.0005106642222
21165,1825.0005106642222
21166,1825.0005106642222
21167,1825.0005106642222
21168,1825.0005106642222
21169,1825.0005106642222
21170,1825.0005106642222
21171,1825.0005106642222
21172,1825.0005106642222
21173,1825.0005106642222
21174,1825.0005106642222
21175,1825.0005106642222
21176,1825.0005106642222
21177,1825.0005106642222
21178,1825.0005106642222
21179,1825.0005106642222
21180,1825.0005106642222
21181,1825.0005106642222
21182,1825.0005106642222
21183,1825.0005106642222
21184,1825.0005106642222
21185,1825.0005106642222
21186,1825.0005106642222
21187,1825.0005106642222
21188,1825.0005106642222
21189,1825.0005106642222
21190,1825.0005106642222
21191,1825.0005106642222
21192,1825.0005106642222
21193,1825.0005106642222
21194,1825.0005106642222
21195,1825.0005106642222
21196,1825.0005106642222
21197,1825.0005106642222
21198,1825.0005106642222
21199,1825.0005106642222
21200,1825.0005106642222
21201,1825.0005106642222
21202,1825.0005106642222
21203,1825.0005106642222
21204,1825.0005106642222
21205,1825.0005106642222
21206,1825.0005106642222
21207,1825.0005106642222
21208,1825.0005106642222
21209,1825.0005106642222
21210,1825.0005106642222
21211,1825.0005106642222
21212,1825.0005106642222
21213,1825.0005106642222
21214,1825.0005106642222
21215,1825.0005106642222
21216,1825.0005106642222
21217,1825.0005106642222
21218,1825.0005106642222
21219,1825.0005106642222
21220,1825.0005106642222
21221,1825.0005106642222
21222,1825.0005106642222
21223,1825.0005106642222
21224,1825.0005106642222
21225,1825.0005106642222
21226,1825.0005106642222
21227,1825.0005106642222
21228,1825.0005106642222
21229,1825.0005106642222
21230,1825.0005106642222
21231,1825.0005106642222
21232,1825.0005106642222
21233,1825.0005106642222
21234,1825.0005106642222
21235,1825.0005106642222
21236,1825.0005106642222
21237,1825.0005106642222
21238,1825.0005106642222
21239,1825.0005106642222
21240,1825.0005106642222
21241,1825.0005106642222
21242,1825.0005106642222
21243,1825.0005106642222
21244,1825.0005106642222
21245,1825.0005106642222
21246,1825.0005106642222
21247,1825.0005106642222
21248,1825.0005106642222
21249,1825.0005106642222
21250,1825.0005106642222
21251,1825.0005106642222
21252,1825.0005106642222
21253,1825.0005106642222
21254,1825.0005106642222
21255,1825.0005106642222
21256,1825.0005106642222
21257,1825.0005106642222
21258,1825.0005106642222
21259,1825.0005106642222
21260,1825.0005106642222
21261,1825.0005106642222
21262,1825.0005106642222
21263,1825.0005106642222
21264,1825.0005106642222
21265,1825.0005106642222
21266,1825.0005106642222
21267,1825.0005106642222
21268,1825.0005106642222
21269,1825.0005106642222
21270,1825.0005106642222
21271,1825.0005106642222
21272,1825.0005106642222
21273,1825.0005106642222
21274,1825.0005106642222
21275,1825.0005106642222
21276,1825.0005106642222
21277,1825.0005106642222
21278,1825.0005106642222
21279,1825.0005106642222
21280,1825.0005106642222
21281,1825.0005106642222
21282,1825.0005106642222
21283,1825.0005106642222
21284,1825.0005106642222
21285,1825.0005106642222
21286,1825.0005106642222
21287,1825.0005106642222
21288,1825.0005106642222
21289,1825.0005106642222
21290,1825.0005106642222
21291,1825.0005106642222
21292,1825.0005106642222
21293,1825.0005106642222
21294,1825.0005106642222
21295,1825.0005106642222
21296,1825.0005106642222
21297,1825.0005106642222
21298,1825.0005106642222
21299,1825.0005106642222
21300,1825.0005106642222
21301,1825.0005106642222
21302,1825.0005106642222
21303,1825.0005106642222
21304,1825.0005106642222
21305,1825.0005106642222
21306,1825.0005106642222
21307,1825.0005106642222
21308,1825.0005106642222
21309,1825.0005106642222
21310,1825.0005106642222
21311,1825.0005106642222
21312,1825.0005106642222
21313,1825.0005106642222
21314,1825.0005106642222
21315,1825.0005106642222
21316,1825.0005106642222
21317,1825.0005106642222
21318,1825.0005106642222
21319,1825.0005106642222
21320,1825.0005106642222
21321,1825.0005106642222
21322,1825.0005106642222
21323,1825.0005106642222
21324,1825.0005106642222
21325,1825.0005106642222
21326,1825.0005106642222
21327,1825.0005106642222
21328,1825.0005106642222
21329,1825.0005106642222
21330,1825.0005106642222
21331,1825.0005106642222
21332,1825.0005106642222
21333,1825.0005106642222
21334,1825.0005106642222
21335,1825.0005106642222
21336,1825.0005106642222
21337,1825.0005106642222
21338,1825.0005106642222
21339,1825.0005106642222
21340,1825.0005106642222
21341,1825.0005106642222
21342,1825.0005106642222
21343,1825.0005106642222
21344,1825.0005106642222
21345,1825.0005106642222
21346,1825.0005106642222
21347,1825.0005106642222
21348,1825.0005106642222
21349,1825.0005106642222
21350,1825.0005106642222
21351,1825.0005106642222
21352,1825.0005106642222
21353,1825.0005106642222
21354,1825.0005106642222
21355,1825.0005106642222
21356,1825.0005106642222
21357,1825.0005106642222
21358,1825.0005106642222
21359,1825.0005106642222
21360,1825.0005106642222
21361,1825.0005106642222
21362,1825.0005106642222
21363,1825.0005106642222
21364,1825.0005106642222
21365,1825.0005106642222
21366,1825.0005106642222
21367,1825.0005106642222
21368,1825.0005106642222
21369,1825.0005106642222
21370,1825.0005106642222
21371,1825.0005106642222
21372,1825.0005106642222
21373,1825.0005106642222
21374,1825.0005106642222
21375,1825.0005106642222
21376,1825.0005106642222
21377,1825.0005106642222
21378,1825.0005106642222
21379,1825.0005106642222
21380,1825.0005106642222
21381,1825.0005106642222
21382,1825.0005106642222
21383,1825.0005106642222
21384,1825.0005106642222
21385,1825.0005106642222
21386,1825.0005106642222
21387,1825.0005106642222
21388,1825.0005106642222
21389,1825.0005106642222
21390,1825.0005106642222
21391,1825.0005106642222
21392,1825.0005106642222
21393,1825.0005106642222
21394,1825.0005106642222
21395,1825.0005106642222
21396,1825.0005106642222
21397,1825.0005106642222
21398,1825.0005106642222
21399,1825.0005106642222
21400,1825.0005106642222
21401,1825.0005106642222
21402,1825.0005106642222
21403,1825.0005106642222
21404,1825.0005106642222
21405,1825.0005106642222
21406,1825.0005106642222
21407,1825.0005106642222
21408,1825.0005106642222
21409,1825.0005106642222
21410,1825.0005106642222
21411,1825.0005106642222
21412,1825.0005106642222
21413,1825.0005106642222
21414,1825.0005106642222
21415,1825.0005106642222
21416,1825.0005106642222
21417,1825.0005106642222
21418,1825.0005106642222
21419,1825.0005106642222
21420,1825.0005106642222
21421,1825.0005106642222
21422,1825.0005106642222
21423,1825.0005106642222
21424,1825.0005106642222
21425,1825.0005106642222
21426,1825.0005106642222
21427,1825.0005106642222
21428,1825.0005106642222
21429,1825.0005106642222
21430,1825.0005106642222
21431,1825.0005106642222
21432,1825.0005106642222
21433,1825.0005106642222
21434,1825.0005106642222
21435,1825.0005106642222
21436,1825.0005106642222
21437,1825.0005106642222
21438,1825.0005106642222
21439,1825.0005106642222
21440,1825.0005106642222
21441,1825.0005106642222
21442,1825.0005106642222
21443,1825.0005106642222
21444,1825.0005106642222
21445,1825.0005106642222
21446,1825.0005106642222
21447,1825.0005106642222
21448,1825.0005106642222
21449,1825.0005106642222
21450,1825.0005106642222
21451,1825.0005106642222
21452,1825.0005106642222
21453,1825.0005106642222
21454,1825.0005106642222
21455,1825.0005106642222
21456,1825.0005106642222
21457,1825.0005106642222
21458,1825.0005106642222
21459,1825.0005106642222
21460,1825.0005106642222
21461,1825.0005106642222
21462,1825.0005106642222
21463,1825.0005106642222
21464,1825.0005106642222
21465,1825.0005106642222
21466,1825.0005106642222
21467,1825.0005106642222
21468,1825.0005106642222
21469,1825.0005106642222
21470,1825.0005106642222
21471,1825.0005106642222
21472,1825.0005106642222
21473,1825.0005106642222
21474,1825.0005106642222
21475,1825.0005106642222
21476,1825.0005106642222
21477,1825.0005106642222
21478,1825.0005106642222
21479,1825.0005106642222
21480,1825.0005106642222
21481,1825.0005106642222
21482,1825.0005106642222
21483,1825.0005106642222
21484,1825.0005106642222
21485,1825.0005106642222
21486,1825.0005106642222
21487,1825.0005106642222
21488,1825.0005106642222
21489,1825.0005106642222
21490,1825.0005106642222
21491,1825.0005106642222
21492,1825.0005106642222
21493,1825.0005106642222
21494,1825.0005106642222
21495,1825.0005106642222
21496,1825.0005106642222
21497,1825.0005106642222
21498,1825.0005106642222
21499,1825.0005106642222
21500,1825.0005106642222
21501,1825.0005106642222
21502,1825.0005106642222
21503,1825.0005106642222
21504,1825.0005106642222
21505,1825.0005106642222
21506,1825.0005106642222
21507,1825.0005106642222
21508,1825.0005106642222
21509,1825.0005106642222
21510,1825.0005106642222
21511,1825.0005106642222
21512,1825.0005106642222
21513,1825.0005106642222
21514,1825.0005106642222
21515,1825.0005106642222
21516,1825.0005106642222
21517,1825.0005106642222
21518,1825.0005106642222
21519,1825.0005106642222
21520,1825.0005106642222
21521,1825.0005106642222
21522,1825.0005106642222
21523,1825.0005106642222
21524,1825.0005106642222
21525,1825.0005106642222
21526,1825.0005106642222
21527,1825.0005106642222
21528,1825.0005106642222
21529,1825.0005106642222
21530,1825.0005106642222
21531,1825.0005106642222
21532,1825.0005106642222
21533,1825.0005106642222
21534,1825.0005106642222
21535,1825.0005106642222
21536,1825.0005106642222
21537,1825.0005106642222
21538,1825.0005106642222
21539,1825.0005106642222
21540,1825.0005106642222
21541,1825.0005106642222
21542,1825.0005106642222
21543,1825.0005106642222
21544,1825.0005106642222
21545,1825.0005106642222
21546,1825.0005106642222
21547,1825.0005106642222
21548,1825.0005106642222
21549,1825.0005106642222
21550,1825.0005106642222
21551,1825.0005106642222
21552,1825.0005106642222
21553,1825.0005106642222
21554,1825.0005106642222
21555,1825.0005106642222
21556,1825.0005106642222
21557,1825.0005106642222
21558,1825.0005106642222
21559,1825.0005106642222
21560,1825.0005106642222
21561,1825.0005106642222
21562,1825.0005106642222
21563,1825.0005106642222
21564,1825.0005106642222
21565,1825.0005106642222
21566,1825.0005106642222
21567,1825.0005106642222
21568,1825.0005106642222
21569,1825.0005106642222
21570,1825.0005106642222
21571,1825.0005106642222
21572,1825.0005106642222
21573,1825.0005106642222
21574,1825.0005106642222
21575,1825.0005106642222
21576,1825.0005106642222
21577,1825.0005106642222
21578,1825.0005106642222
21579,1825.0005106642222
21580,1825.0005106642222
21581,1825.0005106642222
21582,1825.0005106642222
21583,1825.0005106642222
21584,1825.0005106642222
21585,1825.0005106642222
21586,1825.0005106642222
21587,1825.0005106642222
21588,1825.0005106642222
21589,1825.0005106642222
21590,1825.0005106642222
21591,1825.0005106642222
21592,1825.0005106642222
21593,1825.0005106642222
21594,1825.0005106642222
21595,1825.0005106642222
21596,1825.0005106642222
21597,1825.0005106642222
21598,1825.0005106642222
21599,1825.0005106642222
21600,1825.0005106642222
21601,1825.0005106642222
21602,1825.0005106642222
21603,1825.0005106642222
21604,1825.0005106642222
21605,1825.0005106642222
21606,1825.0005106642222
21607,1825.0005106642222
21608,1825.0005106642222
21609,1825.0005106642222
21610,1825.0005106642222
21611,1825.0005106642222
21612,1825.0005106642222
21613,1825.0005106642222
21614,1825.0005106642222
21615,1825.0005106642222
21616,1825.0005106642222
21617,1825.0005106642222
21618,1825.0005106642222
21619,1825.0005106642222
21620,1825.0005106642222
21621,1825.0005106642222
21622,1825.0005106642222
21623,1825.0005106642222
21624,1825.0005106642222
21625,1825.0005106642222
21626,1825.0005106642222
21627,1825.0005106642222
21628,1825.0005106642222
21629,1825.0005106642222
21630,1825.0005106642222
21631,1825.0005106642222
21632,1825.0005106642222
21633,1825.0005106642222
21634,1825.0005106642222
21635,1825.0005106642222
21636,1825.0005106642222
21637,1825.0005106642222
21638,1825.0005106642222
21639,1825.0005106642222
21640,1825.0005106642222
21641,1825.0005106642222
21642,1825.0005106642222
21643,1825.0005106642222
21644,1825.0005106642222
21645,1825.0005106642222
21646,1825.0005106642222
21647,1825.0005106642222
21648,1825.0005106642222
21649,1825.0005106642222
21650,1825.0005106642222
21651,1825.0005106642222
21652,1825.0005106642222
21653,1825.0005106642222
21654,1825.0005106642222
21655,1825.0005106642222
21656,1825.0005106642222
21657,1825.0005106642222
21658,1825.0005106642222
21659,1825.0005106642222
21660,1825.0005106642222
21661,1825.0005106642222
21662,1825.0005106642222
21663,1825.0005106642222
21664,1825.0005106642222
21665,1825.0005106642222
21666,1825.0005106642222
21667,1825.0005106642222
21668,1825.0005106642222
21669,1825.0005106642222
21670,1825.0005106642222
21671,1825.0005106642222
21672,1825.0005106642222
21673,1825.0005106642222
21674,1825.0005106642222
21675,1825.0005106642222
21676,1825.0005106642222
21677,1825.0005106642222
21678,1825.0005106642222
21679,1825.0005106642222
21680,1825.0005106642222
21681,1825.0005106642222
21682,1825.0005106642222
21683,1825.0005106642222
21684,1825.0005106642222
21685,1825.0005106642222
21686,1825.0005106642222
21687,1825.0005106642222
21688,1825.0005106642222
21689,1825.0005106642222
21690,1825.0005106642222
21691,1825.0005106642222
21692,1825.0005106642222
21693,1825.0005106642222
21694,1825.0005106642222
21695,1825.0005106642222
21696,1825.0005106642222
21697,1825.0005106642222
21698,1825.0005106642222
21699,1825.0005106642222
21700,1825.0005106642222
21701,1825.0005106642222
21702,1825.0005106642222
21703,1825.0005106642222
21704,1825.0005106642222
21705,1825.0005106642222
21706,1825.0005106642222
21707,1825.0005106642222
21708,1825.0005106642222
21709,1825.0005106642222
21710,1825.0005106642222
21711,1825.0005106642222
21712,1825.0005106642222
21713,1825.0005106642222
21714,1825.0005106642222
21715,1825.0005106642222
21716,1825.0005106642222
21717,1825.0005106642222
21718,1825.0005106642222
21719,1825.0005106642222
21720,1825.0005106642222
21721,1825.0005106642222
21722,1825.0005106642222
21723,1825.0005106642222
21724,1825.0005106642222
21725,1825.0005106642222
21726,1825.0005106642222
21727,1825.0005106642222
21728,1825.0005106642222
21729,1825.0005106642222
21730,1825.0005106642222
21731,1825.0005106642222
21732,1825.0005106642222
21733,1825.0005106642222
21734,1825.0005106642222
21735,1825.0005106642222
21736,1825.0005106642222
21737,1825.0005106642222
21738,1825.0005106642222
21739,1825.0005106642222
21740,1825.0005106642222
21741,1825.0005106642222
21742,1825.0005106642222
21743,1825.0005106642222
21744,1825.0005106642222
21745,1825.0005106642222
21746,1825.0005106642222
21747,1825.0005106642222
21748,1825.0005106642222
21749,1825.0005106642222
21750,1825.0005106642222
21751,1825.0005106642222
21752,1825.0005106642222
21753,1825.0005106642222
21754,1825.0005106642222
21755,1825.0005106642222
21756,1825.0005106642222
21757,1825.0005106642222
21758,1825.0005106642222
21759,1825.0005106642222
21760,1825.0005106642222
21761,1825.0005106642222
21762,1825.0005106642222
21763,1825.0005106642222
21764,1825.0005106642222
21765,1825.0005106642222
21766,1825.0005106642222
21767,1825.0005106642222
21768,1825.0005106642222
21769,1825.0005106642222
21770,1825.0005106642222
21771,1825.0005106642222
21772,1825.0005106642222
21773,1825.0005106642222
21774,1825.0005106642222
21775,1825.0005106642222
21776,1825.0005106642222
21777,1825.0005106642222
21778,1825.0005106642222
21779,1825.0005106642222
21780,1825.0005106642222
21781,1825.0005106642222
21782,1825.0005106642222
21783,1825.0005106642222
21784,1825.0005106642222
21785,1825.0005106642222
21786,1825.0005106642222
21787,1825.0005106642222
21788,1825.0005106642222
21789,1825.0005106642222
21790,1825.0005106642222
21791,1825.0005106642222
21792,1825.0005106642222
21793,1825.0005106642222
21794,1825.0005106642222
21795,1825.0005106642222
21796,1825.0005106642222
21797,1825.0005106642222
21798,1825.0005106642222
21799,1825.0005106642222
21800,1825.0005106642222
21801,1825.0005106642222
21802,1825.0005106642222
21803,1825.0005106642222
21804,1825.0005106642222
21805,1825.0005106642222
21806,1825.0005106642222
21807,1825.0005106642222
21808,1825.0005106642222
21809,1825.0005106642222
21810,1825.0005106642222
21811,1825.0005106642222
21812,1825.0005106642222
21813,1825.0005106642222
21814,1825.0005106642222
21815,1825.0005106642222
21816,1825.0005106642222
21817,1825.0005106642222
21818,1825.0005106642222
21819,1825.0005106642222
21820,1825.0005106642222
21821,1825.0005106642222
21822,1825.0005106642222
21823,1825.0005106642222
21824,1825.0005106642222
21825,1825.0005106642222
21826,1825.0005106642222
21827,1825.0005106642222
21828,1825.0005106642222
21829,1825.0005106642222
21830,1825.0005106642222
21831,1825.0005106642222
21832,1825.0005106642222
21833,1825.0005106642222
21834,1825.0005106642222
21835,1825.0005106642222
21836,1825.0005106642222
21837,1825.0005106642222
21838,1825.0005106642222
21839,1825.0005106642222
21840,1825.0005106642222
21841,1825.0005106642222
21842,1825.0005106642222
21843,1825.0005106642222
21844,1825.0005106642222
21845,1825.0005106642222
21846,1825.0005106642222
21847,1825.0005106642222
21848,1825.0005106642222
21849,1825.0005106642222
21850,1825.0005106642222
21851,1825.0005106642222
21852,1825.0005106642222
21853,1825.0005106642222
21854,1825.0005106642222
21855,1825.0005106642222
21856,1825.0005106642222
21857,1825.0005106642222
21858,1825.0005106642222
21859,1825.0005106642222
21860,1825.0005106642222
21861,1825.0005106642222
21862,1825.0005106642222
21863,1825.0005106642222
21864,1825.0005106642222
21865,1825.0005106642222
21866,1825.0005106642222
21867,1825.0005106642222
21868,1825.0005106642222
21869,1825.0005106642222
21870,1825.0005106642222
21871,1825.0005106642222
21872,1825.0005106642222
21873,1825.0005106642222
21874,1825.0005106642222
21875,1825.0005106642222
21876,1825.0005106642222
21877,1825.0005106642222
21878,1825.0005106642222
21879,1825.0005106642222
21880,1825.0005106642222
21881,1825.0005106642222
21882,1825.0005106642222
21883,1825.0005106642222
21884,1825.0005106642222
21885,1825.0005106642222
21886,1825.0005106642222
21887,1825.0005106642222
21888,1825.0005106642222
21889,1825.0005106642222
21890,1825.0005106642222
21891,1825.0005106642222
21892,1825.0005106642222
21893,1825.0005106642222
21894,1825.0005106642222
21895,1825.0005106642222
21896,1825.0005106642222
21897,1825.0005106642222
21898,1825.0005106642222
21899,1825.0005106642222
21900,1825.0005106642222
21901,1825.0005106642222
21902,1825.0005106642222
21903,1825.0005106642222
21904,1825.0005106642222
21905,1825.0005106642222
21906,1825.0005106642222
21907,1825.0005106642222
21908,1825.0005106642222
21909,1825.0005106642222
21910,1825.0005106642222
21911,1825.0005106642222
21912,1825.0005106642222
21913,1825.0005106642222
21914,1825.0005106642222
21915,1825.0005106642222
21916,1825.0005106642222
21917,1825.0005106642222
21918,1825.0005106642222
21919,1825.0005106642222
21920,1825.0005106642222
21921,1825.0005106642222
21922,1825.0005106642222
21923,1825.0005106642222
21924,1825.0005106642222
21925,1825.0005106642222
21926,1825.0005106642222
21927,1825.0005106642222
21928,1825.0005106642222
21929,1825.0005106642222
21930,1825.0005106642222
21931,1825.0005106642222
21932,1825.0005106642222
21933,1825.0005106642222
21934,1825.0005106642222
21935,1825.0005106642222
21936,1825.0005106642222
21937,1825.0005106642222
21938,1825.0005106642222
21939,1825.0005106642222
21940,1825.0005106642222
21941,1825.0005106642222
21942,1825.0005106642222
21943,1825.0005106642222
21944,1825.0005106642222
21945,1825.0005106642222
21946,1825.0005106642222
21947,1825.0005106642222
21948,1825.0005106642222
21949,1825.0005106642222
21950,1825.0005106642222
21951,1825.0005106642222
21952,1825.0005106642222
21953,1825.0005106642222
21954,1825.0005106642222
21955,1825.0005106642222
21956,1825.0005106642222
21957,1825.0005106642222
21958,1825.0005106642222
21959,1825.0005106642222
21960,1825.0005106642222
21961,1825.0005106642222
21962,1825.0005106642222
21963,1825.0005106642222
21964,1825.0005106642222
21965,1825.0005106642222
21966,1825.0005106642222
21967,1825.0005106642222
21968,1825.0005106642222
21969,1825.0005106642222
21970,1825.0005106642222
21971,1825.0005106642222
21972,1825.0005106642222
21973,1825.0005106642222
21974,1825.0005106642222
21975,1825.0005106642222
21976,1825.0005106642222
21977,1825.0005106642222
21978,1825.0005106642222
21979,1825.0005106642222
21980,1825.0005106642222
21981,1825.0005106642222
21982,1825.0005106642222
21983,1825.0005106642222
21984,1825.0005106642222
21985,1825.0005106642222
21986,1825.0005106642222
21987,1825.0005106642222
21988,1825.0005106642222
21989,1825.0005106642222
21990,1825.0005106642222
21991,1825.0005106642222
21992,1825.0005106642222
21993,1825.0005106642222
21994,1825.0005106642222
21995,1825.0005106642222
21996,1825.0005106642222
21997,1825.0005106642222
21998,1825.0005106642222
21999,1825.0005106642222
22000,1825.0005106642222
22001,1825.0005106642222
22002,1825.0005106642222
22003,1825.0005106642222
22004,1825.0005106642222
22005,1825.0005106642222
22006,1825.0005106642222
22007,1825.0005106642222
22008,1825.0005106642222
22009,1825.0005106642222
22010,1825.0005106642222
22011,1825.0005106642222
22012,1825.0005106642222
22013,1825.0005106642222
22014,1825.0005106642222
22015,1825.0005106642222
22016,1825.0005106642222
22017,1825.0005106642222
22018,1825.0005106642222
22019,1825.0005106642222
22020,1825.0005106642222
22021,1825.0005106642222
22022,1825.0005106642222
22023,1825.0005106642222
22024,1825.0005106642222
22025,1825.0005106642222
22026,1825.0005106642222
22027,1825.0005106642222
22028,1825.0005106642222
22029,1825.0005106642222
22030,1825.0005106642222
22031,1825.0005106642222
22032,1825.0005106642222
22033,1825.0005106642222
22034,1825.0005106642222
22035,1825.0005106642222
22036,1825.0005106642222
22037,1825.0005106642222
22038,1825.0005106642222
22039,1825.0005106642222
22040,1825.0005106642222
22041,1825.0005106642222
22042,1825.0005106642222
22043,1825.0005106642222
22044,1825.0005106642222
22045,1825.0005106642222
22046,1825.0005106642222
22047,1825.0005106642222
22048,1825.0005106642222
22049,1825.0005106642222
22050,1825.0005106642222
22051,1825.0005106642222
22052,1825.0005106642222
22053,1825.0005106642222
22054,1825.0005106642222
22055,1825.0005106642222
22056,1825.0005106642222
22057,1825.0005106642222
22058,1825.0005106642222
22059,1825.0005106642222
22060,1825.0005106642222
22061,1825.0005106642222
22062,1825.0005106642222
22063,1825.0005106642222
22064,1825.0005106642222
22065,1825.0005106642222
22066,1825.0005106642222
22067,1825.0005106642222
22068,1825.0005106642222
22069,1825.0005106642222
22070,1825.0005106642222
22071,1825.0005106642222
22072,1825.0005106642222
22073,1825.0005106642222
22074,1825.0005106642222
22075,1825.0005106642222
22076,1825.0005106642222
22077,1825.0005106642222
22078,1825.0005106642222
22079,1825.0005106642222
22080,1825.0005106642222
22081,1825.0005106642222
22082,1825.0005106642222
22083,1825.0005106642222
22084,1825.0005106642222
22085,1825.0005106642222
22086,1825.0005106642222
22087,1825.0005106642222
22088,1825.0005106642222
22089,1825.0005106642222
22090,1825.0005106642222
22091,1825.0005106642222
22092,1825.0005106642222
22093,1825.0005106642222
22094,1825.0005106642222
22095,1825.0005106642222
22096,1825.0005106642222
22097,1825.0005106642222
22098,1825.0005106642222
22099,1825.0005106642222
22100,1825.0005106642222
22101,1825.0005106642222
22102,1825.0005106642222
22103,1825.0005106642222
22104,1825.0005106642222
22105,1825.0005106642222
22106,1825.0005106642222
22107,1825.0005106642222
22108,1825.0005106642222
22109,1825.0005106642222
22110,1825.0005106642222
22111,1825.0005106642222
22112,1825.0005106642222
22113,1825.0005106642222
22114,1825.0005106642222
22115,1825.0005106642222
22116,1825.0005106642222
22117,1825.0005106642222
22118,1825.0005106642222
22119,1825.0005106642222
22120,1825.0005106642222
22121,1825.0005106642222
22122,1825.0005106642222
22123,1825.0005106642222
22124,1825.0005106642222
22125,1825.0005106642222
22126,1825.0005106642222
22127,1825.0005106642222
22128,1825.0005106642222
22129,1825.0005106642222
22130,1825.0005106642222
22131,1825.0005106642222
22132,1825.0005106642222
22133,1825.0005106642222
22134,1825.0005106642222
22135,1825.0005106642222
22136,1825.0005106642222
22137,1825.0005106642222
22138,1825.0005106642222
22139,1825.0005106642222
22140,1825.0005106642222
22141,1825.0005106642222
22142,1825.0005106642222
22143,1825.0005106642222
22144,1825.0005106642222
22145,1825.0005106642222
22146,1825.0005106642222
22147,1825.0005106642222
22148,1825.0005106642222
22149,1825.0005106642222
22150,1825.0005106642222
22151,1825.0005106642222
22152,1825.0005106642222
22153,1825.0005106642222
22154,1825.0005106642222
22155,1825.0005106642222
22156,1825.0005106642222
22157,1825.0005106642222
22158,1825.0005106642222
22159,1825.0005106642222
22160,1825.0005106642222
22161,1825.0005106642222
22162,1825.0005106642222
22163,1825.0005106642222
22164,1825.0005106642222
22165,1825.0005106642222
22166,1825.0005106642222
22167,1825.0005106642222
22168,1825.0005106642222
22169,1825.0005106642222
22170,1825.0005106642222
22171,1825.0005106642222
22172,1825.0005106642222
22173,1825.0005106642222
22174,1825.0005106642222
22175,1825.0005106642222
22176,1825.0005106642222
22177,1825.0005106642222
22178,1825.0005106642222
22179,1825.0005106642222
22180,1825.0005106642222
22181,1825.0005106642222
22182,1825.0005106642222
22183,1825.0005106642222
22184,1825.0005106642222
22185,1825.0005106642222
22186,1825.0005106642222
22187,1825.0005106642222
22188,1825.0005106642222
22189,1825.0005106642222
22190,1825.0005106642222
22191,1825.0005106642222
22192,1825.0005106642222
22193,1825.0005106642222
22194,1825.0005106642222
22195,1825.0005106642222
22196,1825.0005106642222
22197,1825.0005106642222
22198,1825.0005106642222
22199,1825.0005106642222
22200,1825.0005106642222
22201,1825.0005106642222
22202,1825.0005106642222
22203,1825.0005106642222
22204,1825.0005106642222
22205,1825.0005106642222
22206,1825.0005106642222
22207,1825.0005106642222
22208,1825.0005106642222
22209,1825.0005106642222
22210,1825.0005106642222
22211,1825.0005106642222
22212,1825.0005106642222
22213,1825.0005106642222
22214,1825.0005106642222
22215,1825.0005106642222
22216,1825.0005106642222
22217,1825.0005106642222
22218,1825.0005106642222
22219,1825.0005106642222
22220,1825.0005106642222
22221,1825.0005106642222
22222,1825.0005106642222
22223,1825.0005106642222
22224,1825.0005106642222
22225,1825.0005106642222
22226,1825.0005106642222
22227,1825.0005106642222
22228,1825.0005106642222
22229,1825.0005106642222
22230,1825.0005106642222
22231,1825.0005106642222
22232,1825.0005106642222
22233,1825.0005106642222
22234,1825.0005106642222
22235,1825.0005106642222
22236,1825.0005106642222
22237,1825.0005106642222
22238,1825.0005106642222
22239,1825.0005106642222
22240,1825.0005106642222
22241,1825.0005106642222
22242,1825.0005106642222
22243,1825.0005106642222
22244,1825.0005106642222
22245,1825.0005106642222
22246,1825.0005106642222
22247,1825.0005106642222
22248,1825.0005106642222
22249,1825.0005106642222
22250,1825.0005106642222
22251,1825.0005106642222
22252,1825.0005106642222
22253,1825.0005106642222
22254,1825.0005106642222
22255,1825.0005106642222
22256,1825.0005106642222
22257,1825.0005106642222
22258,1825.0005106642222
22259,1825.0005106642222
22260,1825.0005106642222
22261,1825.0005106642222
22262,1825.0005106642222
22263,1825.0005106642222
22264,1825.0005106642222
22265,1825.0005106642222
22266,1825.0005106642222
22267,1825.0005106642222
22268,1825.0005106642222
22269,1825.0005106642222
22270,1825.0005106642222
22271,1825.0005106642222
22272,1825.0005106642222
22273,1825.0005106642222
22274,1825.0005106642222
22275,1825.0005106642222
22276,1825.0005106642222
22277,1825.0005106642222
22278,1825.0005106642222
22279,1825.0005106642222
22280,1825.0005106642222
22281,1825.0005106642222
22282,1825.0005106642222
22283,1825.0005106642222
22284,1825.0005106642222
22285,1825.0005106642222
22286,1825.0005106642222
22287,1825.0005106642222
22288,1825.0005106642222
22289,1825.0005106642222
22290,1825.0005106642222
22291,1825.0005106642222
22292,1825.0005106642222
22293,1825.0005106642222
22294,1825.0005106642222
22295,1825.0005106642222
22296,1825.0005106642222
22297,1825.0005106642222
22298,1825.0005106642222
22299,1825.0005106642222
22300,1825.0005106642222
22301,1825.0005106642222
22302,1825.0005106642222
22303,1825.0005106642222
22304,1825.0005106642222
22305,1825.0005106642222
22306,1825.0005106642222
22307,1825.0005106642222
22308,1825.0005106642222
22309,1825.0005106642222
22310,1825.0005106642222
22311,1825.0005106642222
22312,1825.0005106642222
22313,1825.0005106642222
22314,1825.0005106642222
22315,1825.0005106642222
22316,1825.0005106642222
22317,1825.0005106642222
22318,1825.0005106642222
22319,1825.0005106642222
22320,1825.0005106642222
22321,1825.0005106642222
22322,1825.0005106642222
22323,1825.0005106642222
22324,1825.0005106642222
22325,1825.0005106642222
22326,1825.0005106642222
22327,1825.0005106642222
22328,1825.0005106642222
22329,1825.0005106642222
22330,1825.0005106642222
22331,1825.0005106642222
22332,1825.0005106642222
22333,1825.0005106642222
22334,1825.0005106642222
22335,1825.0005106642222
22336,1825.0005106642222
22337,1825.0005106642222
22338,1825.0005106642222
22339,1825.0005106642222
22340,1825.0005106642222
22341,1825.0005106642222
22342,1825.0005106642222
22343,1825.0005106642222
22344,1825.0005106642222
22345,1825.0005106642222
22346,1825.0005106642222
22347,1825.0005106642222
22348,1825.0005106642222
22349,1825.0005106642222
22350,1825.0005106642222
22351,1825.0005106642222
22352,1825.0005106642222
22353,1825.0005106642222
22354,1825.0005106642222
22355,1825.0005106642222
22356,1825.0005106642222
22357,1825.0005106642222
22358,1825.0005106642222
22359,1825.0005106642222
22360,1825.0005106642222
22361,1825.0005106642222
22362,1825.0005106642222
22363,1825.0005106642222
22364,1825.0005106642222
22365,1825.0005106642222
22366,1825.0005106642222
22367,1825.0005106642222
22368,1825.0005106642222
22369,1825.0005106642222
22370,1825.0005106642222
22371,1825.0005106642222
22372,1825.0005106642222
22373,1825.0005106642222
22374,1825.0005106642222
22375,1825.0005106642222
22376,1825.0005106642222
22377,1825.0005106642222
22378,1825.0005106642222
22379,1825.0005106642222
22380,1825.0005106642222
22381,1825.0005106642222
22382,1825.0005106642222
22383,1825.0005106642222
22384,1825.0005106642222
22385,1825.0005106642222
22386,1825.0005106642222
22387,1825.0005106642222
22388,1825.0005106642222
22389,1825.0005106642222
22390,1825.0005106642222
22391,1825.0005106642222
22392,1825.0005106642222
22393,1825.0005106642222
22394,1825.0005106642222
22395,1825.0005106642222
22396,1825.0005106642222
22397,1825.0005106642222
22398,1825.0005106642222
22399,1825.0005106642222
22400,1825.0005106642222
22401,1825.0005106642222
22402,1825.0005106642222
22403,1825.0005106642222
22404,1825.0005106642222
22405,1825.0005106642222
22406,1825.0005106642222
22407,1825.0005106642222
22408,1825.0005106642222
22409,1825.0005106642222
22410,1825.0005106642222
22411,1825.0005106642222
22412,1825.0005106642222
22413,1825.0005106642222
22414,1825.0005106642222
22415,1825.0005106642222
22416,1825.0005106642222
22417,1825.0005106642222
22418,1825.0005106642222
22419,1825.0005106642222
22420,1825.0005106642222
22421,1825.0005106642222
22422,1825.0005106642222
22423,1825.0005106642222
22424,1825.0005106642222
22425,1825.0005106642222
22426,1825.0005106642222
22427,1825.0005106642222
22428,1825.0005106642222
22429,1825.0005106642222
22430,1825.0005106642222
22431,1825.0005106642222
22432,1825.0005106642222
22433,1825.0005106642222
22434,1825.0005106642222
22435,1825.0005106642222
22436,1825.0005106642222
22437,1825.0005106642222
22438,1825.0005106642222
22439,1825.0005106642222
22440,1825.0005106642222
22441,1825.0005106642222
22442,1825.0005106642222
22443,1825.0005106642222
22444,1825.0005106642222
22445,1825.0005106642222
22446,1825.0005106642222
22447,1825.0005106642222
22448,1825.0005106642222
22449,1825.0005106642222
22450,1825.0005106642222
22451,1825.0005106642222
22452,1825.0005106642222
22453,1825.0005106642222
22454,1825.0005106642222
22455,1825.0005106642222
22456,1825.0005106642222
22457,1825.0005106642222
22458,1825.0005106642222
22459,1825.0005106642222
22460,1825.0005106642222
22461,1825.0005106642222
22462,1825.0005106642222
22463,1825.0005106642222
22464,1825.0005106642222
22465,1825.0005106642222
22466,1825.0005106642222
22467,1825.0005106642222
22468,1825.0005106642222
22469,1825.0005106642222
22470,1825.0005106642222
22471,1825.0005106642222
22472,1825.0005106642222
22473,1825.0005106642222
22474,1825.0005106642222
22475,1825.0005106642222
22476,1825.0005106642222
22477,1825.0005106642222
22478,1825.0005106642222
22479,1825.0005106642222
22480,1825.0005106642222
22481,1825.0005106642222
22482,1825.0005106642222
22483,1825.0005106642222
22484,1825.0005106642222
22485,1825.0005106642222
22486,1825.0005106642222
22487,1825.0005106642222
22488,1825.0005106642222
22489,1825.0005106642222
22490,1825.0005106642222
22491,1825.0005106642222
22492,1825.0005106642222
22493,1825.0005106642222
22494,1825.0005106642222
22495,1825.0005106642222
22496,1825.0005106642222
22497,1825.0005106642222
22498,1825.0005106642222
22499,1825.0005106642222
22500,1825.0005106642222
22501,1825.0005106642222
22502,1825.0005106642222
22503,1825.0005106642222
22504,1825.0005106642222
22505,1825.0005106642222
22506,1825.0005106642222
22507,1825.0005106642222
22508,1825.0005106642222
22509,1825.0005106642222
22510,1825.0005106642222
22511,1825.0005106642222
22512,1825.0005106642222
22513,1825.0005106642222
22514,1825.0005106642222
22515,1825.0005106642222
22516,1825.0005106642222
22517,1825.0005106642222
22518,1825.0005106642222
22519,1825.0005106642222
22520,1825.0005106642222
22521,1825.0005106642222
22522,1825.0005106642222
22523,1825.0005106642222
22524,1825.0005106642222
22525,1825.0005106642222
22526,1825.0005106642222
22527,1825.0005106642222
22528,1825.0005106642222
22529,1825.0005106642222
22530,1825.0005106642222
22531,1825.0005106642222
22532,1825.0005106642222
22533,1825.0005106642222
22534,1825.0005106642222
22535,1825.0005106642222
22536,1825.0005106642222
22537,1825.0005106642222
22538,1825.0005106642222
22539,1825.0005106642222
22540,1825.0005106642222
22541,1825.0005106642222
22542,1825.0005106642222
22543,1825.0005106642222
22544,1825.0005106642222
22545,1825.0005106642222
22546,1825.0005106642222
22547,1825.0005106642222
22548,1825.0005106642222
22549,1825.0005106642222
22550,1825.0005106642222
22551,1825.0005106642222
22552,1825.0005106642222
22553,1825.0005106642222
22554,1825.0005106642222
22555,1825.0005106642222
22556,1825.0005106642222
22557,1825.0005106642222
22558,1825.0005106642222
22559,1825.0005106642222
22560,1825.0005106642222
22561,1825.0005106642222
22562,1825.0005106642222
22563,1825.0005106642222
22564,1825.0005106642222
22565,1825.0005106642222
22566,1825.0005106642222
22567,1825.0005106642222
22568,1825.0005106642222
22569,1825.0005106642222
22570,1825.0005106642222
22571,1825.0005106642222
22572,1825.0005106642222
22573,1825.0005106642222
22574,1825.0005106642222
22575,1825.0005106642222
22576,1825.0005106642222
22577,1825.0005106642222
22578,1825.0005106642222
22579,1825.0005106642222
22580,1825.0005106642222
22581,1825.0005106642222
22582,1825.0005106642222
22583,1825.0005106642222
22584,1825.0005106642222
22585,1825.0005106642222
22586,1825.0005106642222
22587,1825.0005106642222
22588,1825.0005106642222
22589,1825.0005106642222
22590,1825.0005106642222
22591,1825.0005106642222
22592,1825.0005106642222
22593,1825.0005106642222
22594,1825.0005106642222
22595,1825.0005106642222
22596,1825.0005106642222
22597,1825.0005106642222
22598,1825.0005106642222
22599,1825.0005106642222
22600,1825.0005106642222
22601,1825.0005106642222
22602,1825.0005106642222
22603,1825.0005106642222
22604,1825.0005106642222
22605,1825.0005106642222
22606,1825.0005106642222
22607,1825.0005106642222
22608,1825.0005106642222
22609,1825.0005106642222
22610,1825.0005106642222
22611,1825.0005106642222
22612,1825.0005106642222
22613,1825.0005106642222
22614,1825.0005106642222
22615,1825.0005106642222
22616,1825.0005106642222
22617,1825.0005106642222
22618,1825.0005106642222
22619,1825.0005106642222
22620,1825.0005106642222
22621,1825.0005106642222
22622,1825.0005106642222
22623,1825.0005106642222
22624,1825.0005106642222
22625,1825.0005106642222
22626,1825.0005106642222
22627,1825.0005106642222
22628,1825.0005106642222
22629,1825.0005106642222
22630,1825.0005106642222
22631,1825.0005106642222
22632,1825.0005106642222
22633,1825.0005106642222
22634,1825.0005106642222
22635,1825.0005106642222
22636,1825.0005106642222
22637,1825.0005106642222
22638,1825.0005106642222
22639,1825.0005106642222
22640,1825.0005106642222
22641,1825.0005106642222
22642,1825.0005106642222
22643,1825.0005106642222
22644,1825.0005106642222
22645,1825.0005106642222
22646,1825.0005106642222
22647,1825.0005106642222
22648,1825.0005106642222
22649,1825.0005106642222
22650,1825.0005106642222
22651,1825.0005106642222
22652,1825.0005106642222
22653,1825.0005106642222
22654,1825.0005106642222
22655,1825.0005106642222
22656,1825.0005106642222
22657,1825.0005106642222
22658,1825.0005106642222
22659,1825.0005106642222
22660,1825.0005106642222
22661,1825.0005106642222
22662,1825.0005106642222
22663,1825.0005106642222
22664,1825.0005106642222
22665,1825.0005106642222
22666,1825.0005106642222
22667,1825.0005106642222
22668,1825.0005106642222
22669,1825.0005106642222
22670,1825.0005106642222
22671,1825.0005106642222
22672,1825.0005106642222
22673,1825.0005106642222
22674,1825.0005106642222
22675,1825.0005106642222
22676,1825.0005106642222
22677,1825.0005106642222
22678,1825.0005106642222
22679,1825.0005106642222
22680,1825.0005106642222
22681,1825.0005106642222
22682,1825.0005106642222
22683,1825.0005106642222
22684,1825.0005106642222
22685,1825.0005106642222
22686,1825.0005106642222
22687,1825.0005106642222
22688,1825.0005106642222
22689,1825.0005106642222
22690,1825.0005106642222
22691,1825.0005106642222
22692,1825.0005106642222
22693,1825.0005106642222
22694,1825.0005106642222
22695,1825.0005106642222
22696,1825.0005106642222
22697,1825.0005106642222
22698,1825.0005106642222
22699,1825.0005106642222
22700,1825.0005106642222
22701,1825.0005106642222
22702,1825.0005106642222
22703,1825.0005106642222
22704,1825.0005106642222
22705,1825.0005106642222
22706,1825.0005106642222
22707,1825.0005106642222
22708,1825.0005106642222
22709,1825.0005106642222
22710,1825.0005106642222
22711,1825.0005106642222
22712,1825.0005106642222
22713,1825.0005106642222
22714,1825.0005106642222
22715,1825.0005106642222
22716,1825.0005106642222
22717,1825.0005106642222
22718,1825.0005106642222
22719,1825.0005106642222
22720,1825.0005106642222
22721,1825.0005106642222
22722,1825.0005106642222
22723,1825.0005106642222
22724,1825.0005106642222
22725,1825.0005106642222
22726,1825.0005106642222
22727,1825.0005106642222
22728,1825.0005106642222
22729,1825.0005106642222
22730,1825.0005106642222
22731,1825.0005106642222
22732,1825.0005106642222
22733,1825.0005106642222
22734,1825.0005106642222
22735,1825.0005106642222
22736,1825.0005106642222
22737,1825.0005106642222
22738,1825.0005106642222
22739,1825.0005106642222
22740,1825.0005106642222
22741,1825.0005106642222
22742,1825.0005106642222
22743,1825.0005106642222
22744,1825.0005106642222
22745,1825.0005106642222
22746,1825.0005106642222
22747,1825.0005106642222
22748,1825.0005106642222
22749,1825.0005106642222
22750,1825.0005106642222
22751,1825.0005106642222
22752,1825.0005106642222
22753,1825.0005106642222
22754,1825.0005106642222
22755,1825.0005106642222
22756,1825.0005106642222
22757,1825.0005106642222
22758,1825.0005106642222
22759,1825.0005106642222
22760,1825.0005106642222
22761,1825.0005106642222
22762,1825.0005106642222
22763,1825.0005106642222
22764,1825.0005106642222
22765,1825.0005106642222
22766,1825.0005106642222
22767,1825.0005106642222
22768,1825.0005106642222
22769,1825.0005106642222
22770,1825.0005106642222
22771,1825.0005106642222
22772,1825.0005106642222
22773,1825.0005106642222
22774,1825.0005106642222
22775,1825.0005106642222
22776,1825.0005106642222
22777,1825.0005106642222
22778,1825.0005106642222
22779,1825.0005106642222
22780,1825.0005106642222
22781,1825.0005106642222
22782,1825.0005106642222
22783,1825.0005106642222
22784,1825.0005106642222
22785,1825.0005106642222
22786,1825.0005106642222
22787,1825.0005106642222
22788,1825.0005106642222
22789,1825.0005106642222
22790,1825.0005106642222
22791,1825.0005106642222
22792,1825.0005106642222
22793,1825.0005106642222
22794,1825.0005106642222
22795,1825.0005106642222
22796,1825.0005106642222
22797,1825.0005106642222
22798,1825.0005106642222
22799,1825.0005106642222
22800,1825.0005106642222
22801,1825.0005106642222
22802,1825.0005106642222
22803,1825.0005106642222
22804,1825.0005106642222
22805,1825.0005106642222
22806,1825.0005106642222
22807,1825.0005106642222
22808,1825.0005106642222
22809,1825.0005106642222
22810,1825.0005106642222
22811,1825.0005106642222
22812,1825.0005106642222
22813,1825.0005106642222
22814,1825.0005106642222
22815,1825.0005106642222
22816,1825.0005106642222
22817,1825.0005106642222
22818,1825.0005106642222
22819,1825.0005106642222
22820,1825.0005106642222
22821,1825.0005106642222
22822,1825.0005106642222
22823,1825.0005106642222
22824,1825.0005106642222
22825,1825.0005106642222
22826,1825.0005106642222
22827,1825.0005106642222
22828,1825.0005106642222
22829,1825.0005106642222
22830,1825.0005106642222
22831,1825.0005106642222
22832,1825.0005106642222
22833,1825.0005106642222
22834,1825.0005106642222
22835,1825.0005106642222
22836,1825.0005106642222
22837,1825.0005106642222
22838,1825.0005106642222
22839,1825.0005106642222
22840,1825.0005106642222
22841,1825.0005106642222
22842,1825.0005106642222
22843,1825.0005106642222
22844,1825.0005106642222
22845,1825.0005106642222
22846,1825.0005106642222
22847,1825.0005106642222
22848,1825.0005106642222
22849,1825.0005106642222
22850,1825.0005106642222
22851,1825.0005106642222
22852,1825.0005106642222
22853,1825.0005106642222
22854,1825.0005106642222
22855,1825.0005106642222
22856,1825.0005106642222
22857,1825.0005106642222
22858,1825.0005106642222
22859,1825.0005106642222
22860,1825.0005106642222
22861,1825.0005106642222
22862,1825.0005106642222
22863,1825.0005106642222
22864,1825.0005106642222
22865,1825.0005106642222
22866,1825.0005106642222
22867,1825.0005106642222
22868,1825.0005106642222
22869,1825.0005106642222
22870,1825.0005106642222
22871,1825.0005106642222
22872,1825.0005106642222
22873,1825.0005106642222
22874,1825.0005106642222
22875,1825.0005106642222
22876,1825.0005106642222
22877,1825.0005106642222
22878,1825.0005106642222
22879,1825.0005106642222
22880,1825.0005106642222
22881,1825.0005106642222
22882,1825.0005106642222
22883,1825.0005106642222
22884,1825.0005106642222
22885,1825.0005106642222
22886,1825.0005106642222
22887,1825.0005106642222
22888,1825.0005106642222
22889,1825.0005106642222
22890,1825.0005106642222
22891,1825.0005106642222
22892,1825.0005106642222
22893,1825.0005106642222
22894,1825.0005106642222
22895,1825.0005106642222
22896,1825.0005106642222
22897,1825.0005106642222
22898,1825.0005106642222
22899,1825.0005106642222
22900,1825.0005106642222
22901,1825.0005106642222
22902,1825.0005106642222
22903,1825.0005106642222
22904,1825.0005106642222
22905,1825.0005106642222
22906,1825.0005106642222
22907,1825.0005106642222
22908,1825.0005106642222
22909,1825.0005106642222
22910,1825.0005106642222
22911,1825.0005106642222
22912,1825.0005106642222
22913,1825.0005106642222
22914,1825.0005106642222
22915,1825.0005106642222
22916,1825.0005106642222
22917,1825.0005106642222
22918,1825.0005106642222
22919,1825.0005106642222
22920,1825.0005106642222
22921,1825.0005106642222
22922,1825.0005106642222
22923,1825.0005106642222
22924,1825.0005106642222
22925,1825.0005106642222
22926,1825.0005106642222
22927,1825.0005106642222
22928,1825.0005106642222
22929,1825.0005106642222
22930,1825.0005106642222
22931,1825.0005106642222
22932,1825.0005106642222
22933,1825.0005106642222
22934,1825.0005106642222
22935,1825.0005106642222
22936,1825.0005106642222
22937,1825.0005106642222
22938,1825.0005106642222
22939,1825.0005106642222
22940,1825.0005106642222
22941,1825.0005106642222
22942,1825.0005106642222
22943,1825.0005106642222
22944,1825.0005106642222
22945,1825.0005106642222
22946,1825.0005106642222
22947,1825.0005106642222
22948,1825.0005106642222
22949,1825.0005106642222
22950,1825.0005106642222
22951,1825.0005106642222
22952,1825.0005106642222
22953,1825.0005106642222
22954,1825.0005106642222
22955,1825.0005106642222
22956,1825.0005106642222
22957,1825.0005106642222
22958,1825.0005106642222
22959,1825.0005106642222
22960,1825.0005106642222
22961,1825.0005106642222
22962,1825.0005106642222
22963,1825.0005106642222
22964,1825.0005106642222
22965,1825.0005106642222
22966,1825.0005106642222
22967,1825.0005106642222
22968,1825.0005106642222
22969,1825.0005106642222
22970,1825.0005106642222
22971,1825.0005106642222
22972,1825.0005106642222
22973,1825.0005106642222
22974,1825.0005106642222
22975,1825.0005106642222
22976,1825.0005106642222
22977,1825.0005106642222
22978,1825.0005106642222
22979,1825.0005106642222
22980,1825.0005106642222
22981,1825.0005106642222
22982,1825.0005106642222
22983,1825.0005106642222
22984,1825.0005106642222
22985,1825.0005106642222
22986,1825.0005106642222
22987,1825.0005106642222
22988,1825.0005106642222
22989,1825.0005106642222
22990,1825.0005106642222
22991,1825.0005106642222
22992,1825.0005106642222
22993,1825.0005106642222
22994,1825.0005106642222
22995,1825.0005106642222
22996,1825.0005106642222
22997,1825.0005106642222
22998,1825.0005106642222
22999,1825.0005106642222
23000,1825.0005106642222
23001,1825.0005106642222
23002,1825.0005106642222
23003,1825.0005106642222
23004,1825.0005106642222
23005,1825.0005106642222
23006,1825.0005106642222
23007,1825.0005106642222
23008,1825.0005106642222
23009,1825.0005106642222
23010,1825.0005106642222
23011,1825.0005106642222
23012,1825.0005106642222
23013,1825.0005106642222
23014,1825.0005106642222
23015,1825.0005106642222
23016,1825.0005106642222
23017,1825.0005106642222
23018,1825.0005106642222
23019,1825.0005106642222
23020,1825.0005106642222
23021,1825.0005106642222
23022,1825.0005106642222
23023,1825.0005106642222
23024,1825.0005106642222
23025,1825.0005106642222
23026,1825.0005106642222
23027,1825.0005106642222
23028,1825.0005106642222
23029,1825.0005106642222
23030,1825.0005106642222
23031,1825.0005106642222
23032,1825.0005106642222
23033,1825.0005106642222
23034,1825.0005106642222
23035,1825.0005106642222
23036,1825.0005106642222
23037,1825.0005106642222
23038,1825.0005106642222
23039,1825.0005106642222
23040,1825.0005106642222
23041,1825.0005106642222
23042,1825.0005106642222
23043,1825.0005106642222
23044,1825.0005106642222
23045,1825.0005106642222
23046,1825.0005106642222
23047,1825.0005106642222
23048,1825.0005106642222
23049,1825.0005106642222
23050,1825.0005106642222
23051,1825.0005106642222
23052,1825.0005106642222
23053,1825.0005106642222
23054,1825.0005106642222
23055,1825.0005106642222
23056,1825.0005106642222
23057,1825.0005106642222
23058,1825.0005106642222
23059,1825.0005106642222
23060,1825.0005106642222
23061,1825.0005106642222
23062,1825.0005106642222
23063,1825.0005106642222
23064,1825.0005106642222
23065,1825.0005106642222
23066,1825.0005106642222
23067,1825.0005106642222
23068,1825.0005106642222
23069,1825.0005106642222
23070,1825.0005106642222
23071,1825.0005106642222
23072,1825.0005106642222
23073,1825.0005106642222
23074,1825.0005106642222
23075,1825.0005106642222
23076,1825.0005106642222
23077,1825.0005106642222
23078,1825.0005106642222
23079,1825.0005106642222
23080,1825.0005106642222
23081,1825.0005106642222
23082,1825.0005106642222
23083,1825.0005106642222
23084,1825.0005106642222
23085,1825.0005106642222
23086,1825.0005106642222
23087,1825.0005106642222
23088,1825.0005106642222
23089,1825.0005106642222
23090,1825.0005106642222
23091,1825.0005106642222
23092,1825.0005106642222
23093,1825.0005106642222
23094,1825.0005106642222
23095,1825.0005106642222
23096,1825.0005106642222
23097,1825.0005106642222
23098,1825.0005106642222
23099,1825.0005106642222
23100,1825.0005106642222
23101,1825.0005106642222
23102,1825.0005106642222
23103,1825.0005106642222
23104,1825.0005106642222
23105,1825.0005106642222
23106,1825.0005106642222
23107,1825.0005106642222
23108,1825.0005106642222
23109,1825.0005106642222
23110,1825.0005106642222
23111,1825.0005106642222
23112,1825.0005106642222
23113,1825.0005106642222
23114,1825.0005106642222
23115,1825.0005106642222
23116,1825.0005106642222
23117,1825.0005106642222
23118,1825.0005106642222
23119,1825.0005106642222
23120,1825.0005106642222
23121,1825.0005106642222
23122,1825.0005106642222
23123,1825.0005106642222
23124,1825.0005106642222
23125,1825.0005106642222
23126,1825.0005106642222
23127,1825.0005106642222
23128,1825.0005106642222
23129,1825.0005106642222
23130,1825.0005106642222
23131,1825.0005106642222
23132,1825.0005106642222
23133,1825.0005106642222
23134,1825.0005106642222
23135,1825.0005106642222
23136,1825.0005106642222
23137,1825.0005106642222
23138,1825.0005106642222
23139,1825.0005106642222
23140,1825.0005106642222
23141,1825.0005106642222
23142,1825.0005106642222
23143,1825.0005106642222
23144,1825.0005106642222
23145,1825.0005106642222
23146,1825.0005106642222
23147,1825.0005106642222
23148,1825.0005106642222
23149,1825.0005106642222
23150,1825.0005106642222
23151,1825.0005106642222
23152,1825.0005106642222
23153,1825.0005106642222
23154,1825.0005106642222
23155,1825.0005106642222
23156,1825.0005106642222
23157,1825.0005106642222
23158,1825.0005106642222
23159,1825.0005106642222
23160,1825.0005106642222
23161,1825.0005106642222
23162,1825.0005106642222
23163,1825.0005106642222
23164,1825.0005106642222
23165,1825.0005106642222
23166,1825.0005106642222
23167,1825.0005106642222
23168,1825.0005106642222
23169,1825.0005106642222
23170,1825.0005106642222
23171,1825.0005106642222
23172,1825.0005106642222
23173,1825.0005106642222
23174,1825.0005106642222
23175,1825.0005106642222
23176,1825.0005106642222
23177,1825.0005106642222
23178,1825.0005106642222
23179,1825.0005106642222
23180,1825.0005106642222
23181,1825.0005106642222
23182,1825.0005106642222
23183,1825.0005106642222
23184,1825.0005106642222
23185,1825.0005106642222
23186,1825.0005106642222
23187,1825.0005106642222
23188,1825.0005106642222
23189,1825.0005106642222
23190,1825.0005106642222
23191,1825.0005106642222
23192,1825.0005106642222
23193,1825.0005106642222
23194,1825.0005106642222
23195,1825.0005106642222
23196,1825.0005106642222
23197,1825.0005106642222
23198,1825.0005106642222
23199,1825.0005106642222
23200,1825.0005106642222
23201,1825.0005106642222
23202,1825.0005106642222
23203,1825.0005106642222
23204,1825.0005106642222
23205,1825.0005106642222
23206,1825.0005106642222
23207,1825.0005106642222
23208,1825.0005106642222
23209,1825.0005106642222
23210,1825.0005106642222
23211,1825.0005106642222
23212,1825.0005106642222
23213,1825.0005106642222
23214,1825.0005106642222
23215,1825.0005106642222
23216,1825.0005106642222
23217,1825.0005106642222
23218,1825.0005106642222
23219,1825.0005106642222
23220,1825.0005106642222
23221,1825.0005106642222
23222,1825.0005106642222
23223,1825.0005106642222
23224,1825.0005106642222
23225,1825.0005106642222
23226,1825.0005106642222
23227,1825.0005106642222
23228,1825.0005106642222
23229,1825.0005106642222
23230,1825.0005106642222
23231,1825.0005106642222
23232,1825.0005106642222
23233,1825.0005106642222
23234,1825.0005106642222
23235,1825.0005106642222
23236,1825.0005106642222
23237,1825.0005106642222
23238,1825.0005106642222
23239,1825.0005106642222
23240,1825.0005106642222
23241,1825.0005106642222
23242,1825.0005106642222
23243,1825.0005106642222
23244,1825.0005106642222
23245,1825.0005106642222
23246,1825.0005106642222
23247,1825.0005106642222
23248,1825.0005106642222
23249,1825.0005106642222
23250,1825.0005106642222
23251,1825.0005106642222
23252,1825.0005106642222
23253,1825.0005106642222
23254,1825.0005106642222
23255,1825.0005106642222
23256,1825.0005106642222
23257,1825.0005106642222
23258,1825.0005106642222
23259,1825.0005106642222
23260,1825.0005106642222
23261,1825.0005106642222
23262,1825.0005106642222
23263,1825.0005106642222
23264,1825.0005106642222
23265,1825.0005106642222
23266,1825.0005106642222
23267,1825.0005106642222
23268,1825.0005106642222
23269,1825.0005106642222
23270,1825.0005106642222
23271,1825.0005106642222
23272,1825.0005106642222
23273,1825.0005106642222
23274,1825.0005106642222
23275,1825.0005106642222
23276,1825.0005106642222
23277,1825.0005106642222
23278,1825.0005106642222
23279,1825.0005106642222
23280,1825.0005106642222
23281,1825.0005106642222
23282,1825.0005106642222
23283,1825.0005106642222
23284,1825.0005106642222
23285,1825.0005106642222
23286,1825.0005106642222
23287,1825.0005106642222
23288,1825.0005106642222
23289,1825.0005106642222
23290,1825.0005106642222
23291,1825.0005106642222
23292,1825.0005106642222
23293,1825.0005106642222
23294,1825.0005106642222
23295,1825.0005106642222
23296,1825.0005106642222
23297,1825.0005106642222
23298,1825.0005106642222
23299,1825.0005106642222
23300,1825.0005106642222
23301,1825.0005106642222
23302,1825.0005106642222
23303,1825.0005106642222
23304,1825.0005106642222
23305,1825.0005106642222
23306,1825.0005106642222
23307,1825.0005106642222
23308,1825.0005106642222
23309,1825.0005106642222
23310,1825.0005106642222
23311,1825.0005106642222
23312,1825.0005106642222
23313,1825.0005106642222
23314,1825.0005106642222
23315,1825.0005106642222
23316,1825.0005106642222
23317,1825.0005106642222
23318,1825.0005106642222
23319,1825.0005106642222
23320,1825.0005106642222
23321,1825.0005106642222
23322,1825.0005106642222
23323,1825.0005106642222
23324,1825.0005106642222
23325,1825.0005106642222
23326,1825.0005106642222
23327,1825.0005106642222
23328,1825.0005106642222
23329,1825.0005106642222
23330,1825.0005106642222
23331,1825.0005106642222
23332,1825.0005106642222
23333,1825.0005106642222
23334,1825.0005106642222
23335,1825.0005106642222
23336,1825.0005106642222
23337,1825.0005106642222
23338,1825.0005106642222
23339,1825.0005106642222
23340,1825.0005106642222
23341,1825.0005106642222
23342,1825.0005106642222
23343,1825.0005106642222
23344,1825.0005106642222
23345,1825.0005106642222
23346,1825.0005106642222
23347,1825.0005106642222
23348,1825.0005106642222
23349,1825.0005106642222
23350,1825.0005106642222
23351,1825.0005106642222
23352,1825.0005106642222
23353,1825.0005106642222
23354,1825.0005106642222
23355,1825.0005106642222
23356,1825.0005106642222
23357,1825.0005106642222
23358,1825.0005106642222
23359,1825.0005106642222
23360,1825.0005106642222
23361,1825.0005106642222
23362,1825.0005106642222
23363,1825.0005106642222
23364,1825.0005106642222
23365,1825.0005106642222
23366,1825.0005106642222
23367,1825.0005106642222
23368,1825.0005106642222
23369,1825.0005106642222
23370,1825.0005106642222
23371,1825.0005106642222
23372,1825.0005106642222
23373,1825.0005106642222
23374,1825.0005106642222
23375,1825.0005106642222
23376,1825.0005106642222
23377,1825.0005106642222
23378,1825.0005106642222
23379,1825.0005106642222
23380,1825.0005106642222
23381,1825.0005106642222
23382,1825.0005106642222
23383,1825.0005106642222
23384,1825.0005106642222
23385,1825.0005106642222
23386,1825.0005106642222
23387,1825.0005106642222
23388,1825.0005106642222
23389,1825.0005106642222
23390,1825.0005106642222
23391,1825.0005106642222
23392,1825.0005106642222
23393,1825.0005106642222
23394,1825.0005106642222
23395,1825.0005106642222
23396,1825.0005106642222
23397,1825.0005106642222
23398,1825.0005106642222
23399,1825.0005106642222
23400,1825.0005106642222
23401,1825.0005106642222
23402,1825.0005106642222
23403,1825.0005106642222
23404,1825.0005106642222
23405,1825.0005106642222
23406,1825.0005106642222
23407,1825.0005106642222
23408,1825.0005106642222
23409,1825.0005106642222
23410,1825.0005106642222
23411,1825.0005106642222
23412,1825.0005106642222
23413,1825.0005106642222
23414,1825.0005106642222
23415,1825.0005106642222
23416,1825.0005106642222
23417,1825.0005106642222
23418,1825.0005106642222
23419,1825.0005106642222
23420,1825.0005106642222
23421,1825.0005106642222
23422,1825.0005106642222
23423,1825.0005106642222
23424,1825.0005106642222
23425,1825.0005106642222
23426,1825.0005106642222
23427,1825.0005106642222
23428,1825.0005106642222
23429,1825.0005106642222
23430,1825.0005106642222
23431,1825.0005106642222
23432,1825.0005106642222
23433,1825.0005106642222
23434,1825.0005106642222
23435,1825.0005106642222
23436,1825.0005106642222
23437,1825.0005106642222
23438,1825.0005106642222
23439,1825.0005106642222
23440,1825.0005106642222
23441,1825.0005106642222
23442,1825.0005106642222
23443,1825.0005106642222
23444,1825.0005106642222
23445,1825.0005106642222
23446,1825.0005106642222
23447,1825.0005106642222
23448,1825.0005106642222
23449,1825.0005106642222
23450,1825.0005106642222
23451,1825.0005106642222
23452,1825.0005106642222
23453,1825.0005106642222
23454,1825.0005106642222
23455,1825.0005106642222
23456,1825.0005106642222
23457,1825.0005106642222
23458,1825.0005106642222
23459,1825.0005106642222
23460,1825.0005106642222
23461,1825.0005106642222
23462,1825.0005106642222
23463,1825.0005106642222
23464,1825.0005106642222
23465,1825.0005106642222
23466,1825.0005106642222
23467,1825.0005106642222
23468,1825.0005106642222
23469,1825.0005106642222
23470,1825.0005106642222
23471,1825.0005106642222
23472,1825.0005106642222
23473,1825.0005106642222
23474,1825.0005106642222
23475,1825.0005106642222
23476,1825.0005106642222
23477,1825.0005106642222
23478,1825.0005106642222
23479,1825.0005106642222
23480,1825.0005106642222
23481,1825.0005106642222
23482,1825.0005106642222
23483,1825.0005106642222
23484,1825.0005106642222
23485,1825.0005106642222
23486,1825.0005106642222
23487,1825.0005106642222
23488,1825.0005106642222
23489,1825.0005106642222
23490,1825.0005106642222
23491,1825.0005106642222
23492,1825.0005106642222
23493,1825.0005106642222
23494,1825.0005106642222
23495,1825.0005106642222
23496,1825.0005106642222
23497,1825.0005106642222
23498,1825.0005106642222
23499,1825.0005106642222
23500,1825.0005106642222
23501,1825.0005106642222
23502,1825.0005106642222
23503,1825.0005106642222
23504,1825.0005106642222
23505,1825.0005106642222
23506,1825.0005106642222
23507,1825.0005106642222
23508,1825.0005106642222
23509,1825.0005106642222
23510,1825.0005106642222
23511,1825.0005106642222
23512,1825.0005106642222
23513,1825.0005106642222
23514,1825.0005106642222
23515,1825.0005106642222
23516,1825.0005106642222
23517,1825.0005106642222
23518,1825.0005106642222
23519,1825.0005106642222
23520,1825.0005106642222
23521,1825.0005106642222
23522,1825.0005106642222
23523,1825.0005106642222
23524,1825.0005106642222
23525,1825.0005106642222
23526,1825.0005106642222
23527,1825.0005106642222
23528,1825.0005106642222
23529,1825.0005106642222
23530,1825.0005106642222
23531,1825.0005106642222
23532,1825.0005106642222
23533,1825.0005106642222
23534,1825.0005106642222
23535,1825.0005106642222
23536,1825.0005106642222
23537,1825.0005106642222
23538,1825.0005106642222
23539,1825.0005106642222
23540,1825.0005106642222
23541,1825.0005106642222
23542,1825.0005106642222
23543,1825.0005106642222
23544,1825.0005106642222
23545,1825.0005106642222
23546,1825.0005106642222
23547,1825.0005106642222
23548,1825.0005106642222
23549,1825.0005106642222
23550,1825.0005106642222
23551,1825.0005106642222
23552,1825.0005106642222
23553,1825.0005106642222
23554,1825.0005106642222
23555,1825.0005106642222
23556,1825.0005106642222
23557,1825.0005106642222
23558,1825.0005106642222
23559,1825.0005106642222
23560,1825.0005106642222
23561,1825.0005106642222
23562,1825.0005106642222
23563,1825.0005106642222
23564,1825.0005106642222
23565,1825.0005106642222
23566,1825.0005106642222
23567,1825.0005106642222
23568,1825.0005106642222
23569,1825.0005106642222
23570,1825.0005106642222
23571,1825.0005106642222
23572,1825.0005106642222
23573,1825.0005106642222
23574,1825.0005106642222
23575,1825.0005106642222
23576,1825.0005106642222
23577,1825.0005106642222
23578,1825.0005106642222
23579,1825.0005106642222
23580,1825.0005106642222
23581,1825.0005106642222
23582,1825.0005106642222
23583,1825.0005106642222
23584,1825.0005106642222
23585,1825.0005106642222
23586,1825.0005106642222
23587,1825.0005106642222
23588,1825.0005106642222
23589,1825.0005106642222
23590,1825.0005106642222
23591,1825.0005106642222
23592,1825.0005106642222
23593,1825.0005106642222
23594,1825.0005106642222
23595,1825.0005106642222
23596,1825.0005106642222
23597,1825.0005106642222
23598,1825.0005106642222
23599,1825.0005106642222
23600,1825.0005106642222
23601,1825.0005106642222
23602,1825.0005106642222
23603,1825.0005106642222
23604,1825.0005106642222
23605,1825.0005106642222
23606,1825.0005106642222
23607,1825.0005106642222
23608,1825.0005106642222
23609,1825.0005106642222
23610,1825.0005106642222
23611,1825.0005106642222
23612,1825.0005106642222
23613,1825.0005106642222
23614,1825.0005106642222
23615,1825.0005106642222
23616,1825.0005106642222
23617,1825.0005106642222
23618,1825.0005106642222
23619,1825.0005106642222
23620,1825.0005106642222
23621,1825.0005106642222
23622,1825.0005106642222
23623,1825.0005106642222
23624,1825.0005106642222
23625,1825.0005106642222
23626,1825.0005106642222
23627,1825.0005106642222
23628,1825.0005106642222
23629,1825.0005106642222
23630,1825.0005106642222
23631,1825.0005106642222
23632,1825.0005106642222
23633,1825.0005106642222
23634,1825.0005106642222
23635,1825.0005106642222
23636,1825.0005106642222
23637,1825.0005106642222
23638,1825.0005106642222
23639,1825.0005106642222
23640,1825.0005106642222
23641,1825.0005106642222
23642,1825.0005106642222
23643,1825.0005106642222
23644,1825.0005106642222
23645,1825.0005106642222
23646,1825.0005106642222
23647,1825.0005106642222
23648,1825.0005106642222
23649,1825.0005106642222
23650,1825.0005106642222
23651,1825.0005106642222
23652,1825.0005106642222
23653,1825.0005106642222
23654,1825.0005106642222
23655,1825.0005106642222
23656,1825.0005106642222
23657,1825.0005106642222
23658,1825.0005106642222
23659,1825.0005106642222
23660,1825.0005106642222
23661,1825.0005106642222
23662,1825.0005106642222
23663,1825.0005106642222
23664,1825.0005106642222
23665,1825.0005106642222
23666,1825.0005106642222
23667,1825.0005106642222
23668,1825.0005106642222
23669,1825.0005106642222
23670,1825.0005106642222
23671,1825.0005106642222
23672,1825.0005106642222
23673,1825.0005106642222
23674,1825.0005106642222
23675,1825.0005106642222
23676,1825.0005106642222
23677,1825.0005106642222
23678,1825.0005106642222
23679,1825.0005106642222
23680,1825.0005106642222
23681,1825.0005106642222
23682,1825.0005106642222
23683,1825.0005106642222
23684,1825.0005106642222
23685,1825.0005106642222
23686,1825.0005106642222
23687,1825.0005106642222
23688,1825.0005106642222
23689,1825.0005106642222
23690,1825.0005106642222
23691,1825.0005106642222
23692,1825.0005106642222
23693,1825.0005106642222
23694,1825.0005106642222
23695,1825.0005106642222
23696,1825.0005106642222
23697,1825.0005106642222
23698,1825.0005106642222
23699,1825.0005106642222
23700,1825.0005106642222
23701,1825.0005106642222
23702,1825.0005106642222
23703,1825.0005106642222
23704,1825.0005106642222
23705,1825.0005106642222
23706,1825.0005106642222
23707,1825.0005106642222
23708,1825.0005106642222
23709,1825.0005106642222
23710,1825.0005106642222
23711,1825.0005106642222
23712,1825.0005106642222
23713,1825.0005106642222
23714,1825.0005106642222
23715,1825.0005106642222
23716,1825.0005106642222
23717,1825.0005106642222
23718,1825.0005106642222
23719,1825.0005106642222
23720,1825.0005106642222
23721,1825.0005106642222
23722,1825.0005106642222
23723,1825.0005106642222
23724,1825.0005106642222
23725,1825.0005106642222
23726,1825.0005106642222
23727,1825.0005106642222
23728,1825.0005106642222
23729,1825.0005106642222
23730,1825.0005106642222
23731,1825.0005106642222
23732,1825.0005106642222
23733,1825.0005106642222
23734,1825.0005106642222
23735,1825.0005106642222
23736,1825.0005106642222
23737,1825.0005106642222
23738,1825.0005106642222
23739,1825.0005106642222
23740,1825.0005106642222
23741,1825.0005106642222
23742,1825.0005106642222
23743,1825.0005106642222
23744,1825.0005106642222
23745,1825.0005106642222
23746,1825.0005106642222
23747,1825.0005106642222
23748,1825.0005106642222
23749,1825.0005106642222
23750,1825.0005106642222
23751,1825.0005106642222
23752,1825.0005106642222
23753,1825.0005106642222
23754,1825.0005106642222
23755,1825.0005106642222
23756,1825.0005106642222
23757,1825.0005106642222
23758,1825.0005106642222
23759,1825.0005106642222
23760,1825.0005106642222
23761,1825.0005106642222
23762,1825.0005106642222
23763,1825.0005106642222
23764,1825.0005106642222
23765,1825.0005106642222
23766,1825.0005106642222
23767,1825.0005106642222
23768,1825.0005106642222
23769,1825.0005106642222
23770,1825.0005106642222
23771,1825.0005106642222
23772,1825.0005106642222
23773,1825.0005106642222
23774,1825.0005106642222
23775,1825.0005106642222
23776,1825.0005106642222
23777,1825.0005106642222
23778,1825.0005106642222
23779,1825.0005106642222
23780,1825.0005106642222
23781,1825.0005106642222
23782,1825.0005106642222
23783,1825.0005106642222
23784,1825.0005106642222
23785,1825.0005106642222
23786,1825.0005106642222
23787,1825.0005106642222
23788,1825.0005106642222
23789,1825.0005106642222
23790,1825.0005106642222
23791,1825.0005106642222
23792,1825.0005106642222
23793,1825.0005106642222
23794,1825.0005106642222
23795,1825.0005106642222
23796,1825.0005106642222
23797,1825.0005106642222
23798,1825.0005106642222
23799,1825.0005106642222
23800,1825.0005106642222
23801,1825.0005106642222
23802,1825.0005106642222
23803,1825.0005106642222
23804,1825.0005106642222
23805,1825.0005106642222
23806,1825.0005106642222
23807,1825.0005106642222
23808,1825.0005106642222
23809,1825.0005106642222
23810,1825.0005106642222
23811,1825.0005106642222
23812,1825.0005106642222
23813,1825.0005106642222
23814,1825.0005106642222
23815,1825.0005106642222
23816,1825.0005106642222
23817,1825.0005106642222
23818,1825.0005106642222
23819,1825.0005106642222
23820,1825.0005106642222
23821,1825.0005106642222
23822,1825.0005106642222
23823,1825.0005106642222
23824,1825.0005106642222
23825,1825.0005106642222
23826,1825.0005106642222
23827,1825.0005106642222
23828,1825.0005106642222
23829,1825.0005106642222
23830,1825.0005106642222
23831,1825.0005106642222
23832,1825.0005106642222
23833,1825.0005106642222
23834,1825.0005106642222
23835,1825.0005106642222
23836,1825.0005106642222
23837,1825.0005106642222
23838,1825.0005106642222
23839,1825.0005106642222
23840,1825.0005106642222
23841,1825.0005106642222
23842,1825.0005106642222
23843,1825.0005106642222
23844,1825.0005106642222
23845,1825.0005106642222
23846,1825.0005106642222
23847,1825.0005106642222
23848,1825.0005106642222
23849,1825.0005106642222
23850,1825.0005106642222
23851,1825.0005106642222
23852,1825.0005106642222
23853,1825.0005106642222
23854,1825.0005106642222
23855,1825.0005106642222
23856,1825.0005106642222
23857,1825.0005106642222
23858,1825.0005106642222
23859,1825.0005106642222
23860,1825.0005106642222
23861,1825.0005106642222
23862,1825.0005106642222
23863,1825.0005106642222
23864,1825.0005106642222
23865,1825.0005106642222
23866,1825.0005106642222
23867,1825.0005106642222
23868,1825.0005106642222
23869,1825.0005106642222
23870,1825.0005106642222
23871,1825.0005106642222
23872,1825.0005106642222
23873,1825.0005106642222
23874,1825.0005106642222
23875,1825.0005106642222
23876,1825.0005106642222
23877,1825.0005106642222
23878,1825.0005106642222
23879,1825.0005106642222
23880,1825.0005106642222
23881,1825.0005106642222
23882,1825.0005106642222
23883,1825.0005106642222
23884,1825.0005106642222
23885,1825.0005106642222
23886,1825.0005106642222
23887,1825.0005106642222
23888,1825.0005106642222
23889,1825.0005106642222
23890,1825.0005106642222
23891,1825.0005106642222
23892,1825.0005106642222
23893,1825.0005106642222
23894,1825.0005106642222
23895,1825.0005106642222
23896,1825.0005106642222
23897,1825.0005106642222
23898,1825.0005106642222
23899,1825.0005106642222
23900,1825.0005106642222
23901,1825.0005106642222
23902,1825.0005106642222
23903,1825.0005106642222
23904,1825.0005106642222
23905,1825.0005106642222
23906,1825.0005106642222
23907,1825.0005106642222
23908,1825.0005106642222
23909,1825.0005106642222
23910,1825.0005106642222
23911,1825.0005106642222
23912,1825.0005106642222
23913,1825.0005106642222
23914,1825.0005106642222
23915,1825.0005106642222
23916,1825.0005106642222
23917,1825.0005106642222
23918,1825.0005106642222
23919,1825.0005106642222
23920,1825.0005106642222
23921,1825.0005106642222
23922,1825.0005106642222
23923,1825.0005106642222
23924,1825.0005106642222
23925,1825.0005106642222
23926,1825.0005106642222
23927,1825.0005106642222
23928,1825.0005106642222
23929,1825.0005106642222
23930,1825.0005106642222
23931,1825.0005106642222
23932,1825.0005106642222
23933,1825.0005106642222
23934,1825.0005106642222
23935,1825.0005106642222
23936,1825.0005106642222
23937,1825.0005106642222
23938,1825.0005106642222
23939,1825.0005106642222
23940,1825.0005106642222
23941,1825.0005106642222
23942,1825.0005106642222
23943,1825.0005106642222
23944,1825.0005106642222
23945,1825.0005106642222
23946,1825.0005106642222
23947,1825.0005106642222
23948,1825.0005106642222
23949,1825.0005106642222
23950,1825.0005106642222
23951,1825.0005106642222
23952,1825.0005106642222
23953,1825.0005106642222
23954,1825.0005106642222
23955,1825.0005106642222
23956,1825.0005106642222
23957,1825.0005106642222
23958,1825.0005106642222
23959,1825.0005106642222
23960,1825.0005106642222
23961,1825.0005106642222
23962,1825.0005106642222
23963,1825.0005106642222
23964,1825.0005106642222
23965,1825.0005106642222
23966,1825.0005106642222
23967,1825.0005106642222
23968,1825.0005106642222
23969,1825.0005106642222
23970,1825.0005106642222
23971,1825.0005106642222
23972,1825.0005106642222
23973,1825.0005106642222
23974,1825.0005106642222
23975,1825.0005106642222
23976,1825.0005106642222
23977,1825.0005106642222
23978,1825.0005106642222
23979,1825.0005106642222
23980,1825.0005106642222
23981,1825.0005106642222
23982,1825.0005106642222
23983,1825.0005106642222
23984,1825.0005106642222
23985,1825.0005106642222
23986,1825.0005106642222
23987,1825.0005106642222
23988,1825.0005106642222
23989,1825.0005106642222
23990,1825.0005106642222
23991,1825.0005106642222
23992,1825.0005106642222
23993,1825.0005106642222
23994,1825.0005106642222
23995,1825.0005106642222
23996,1825.0005106642222
23997,1825.0005106642222
23998,1825.0005106642222
23999,1825.0005106642222
24000,1825.0005106642222
24001,1825.0005106642222
24002,1825.0005106642222
24003,1825.0005106642222
24004,1825.0005106642222
24005,1825.0005106642222
24006,1825.0005106642222
24007,1825.0005106642222
24008,1825.0005106642222
24009,1825.0005106642222
24010,1825.0005106642222
24011,1825.0005106642222
24012,1825.0005106642222
24013,1825.0005106642222
24014,1825.0005106642222
24015,1825.0005106642222
24016,1825.0005106642222
24017,1825.0005106642222
24018,1825.0005106642222
24019,1825.0005106642222
24020,1825.0005106642222
24021,1825.0005106642222
24022,1825.0005106642222
24023,1825.0005106642222
24024,1825.0005106642222
24025,1825.0005106642222
24026,1825.0005106642222
24027,1825.0005106642222
24028,1825.0005106642222
24029,1825.0005106642222
24030,1825.0005106642222
24031,1825.0005106642222
24032,1825.0005106642222
24033,1825.0005106642222
24034,1825.0005106642222
24035,1825.0005106642222
24036,1825.0005106642222
24037,1825.0005106642222
24038,1825.0005106642222
24039,1825.0005106642222
24040,1825.0005106642222
24041,1825.0005106642222
24042,1825.0005106642222
24043,1825.0005106642222
24044,1825.0005106642222
24045,1825.0005106642222
24046,1825.0005106642222
24047,1825.0005106642222
24048,1825.0005106642222
24049,1825.0005106642222
24050,1825.0005106642222
24051,1825.0005106642222
24052,1825.0005106642222
24053,1825.0005106642222
24054,1825.0005106642222
24055,1825.0005106642222
24056,1825.0005106642222
24057,1825.0005106642222
24058,1825.0005106642222
24059,1825.0005106642222
24060,1825.0005106642222
24061,1825.0005106642222
24062,1825.0005106642222
24063,1825.0005106642222
24064,1825.0005106642222
24065,1825.0005106642222
24066,1825.0005106642222
24067,1825.0005106642222
24068,1825.0005106642222
24069,1825.0005106642222
24070,1825.0005106642222
24071,1825.0005106642222
24072,1825.0005106642222
24073,1825.0005106642222
24074,1825.0005106642222
24075,1825.0005106642222
24076,1825.0005106642222
24077,1825.0005106642222
24078,1825.0005106642222
24079,1825.0005106642222
24080,1825.0005106642222
24081,1825.0005106642222
24082,1825.0005106642222
24083,1825.0005106642222
24084,1825.0005106642222
24085,1825.0005106642222
24086,1825.0005106642222
24087,1825.0005106642222
24088,1825.0005106642222
24089,1825.0005106642222
24090,1825.0005106642222
24091,1825.0005106642222
24092,1825.0005106642222
24093,1825.0005106642222
24094,1825.0005106642222
24095,1825.0005106642222
24096,1825.0005106642222
24097,1825.0005106642222
24098,1825.0005106642222
24099,1825.0005106642222
24100,1825.0005106642222
24101,1825.0005106642222
24102,1825.0005106642222
24103,1825.0005106642222
24104,1825.0005106642222
24105,1825.0005106642222
24106,1825.0005106642222
24107,1825.0005106642222
24108,1825.0005106642222
24109,1825.0005106642222
24110,1825.0005106642222
24111,1825.0005106642222
24112,1825.0005106642222
24113,1825.0005106642222
24114,1825.0005106642222
24115,1825.0005106642222
24116,1825.0005106642222
24117,1825.0005106642222
24118,1825.0005106642222
24119,1825.0005106642222
24120,1825.0005106642222
24121,1825.0005106642222
24122,1825.0005106642222
24123,1825.0005106642222
24124,1825.0005106642222
24125,1825.0005106642222
24126,1825.0005106642222
24127,1825.0005106642222
24128,1825.0005106642222
24129,1825.0005106642222
24130,1825.0005106642222
24131,1825.0005106642222
24132,1825.0005106642222
24133,1825.0005106642222
24134,1825.0005106642222
24135,1825.0005106642222
24136,1825.0005106642222
24137,1825.0005106642222
24138,1825.0005106642222
24139,1825.0005106642222
24140,1825.0005106642222
24141,1825.0005106642222
24142,1825.0005106642222
24143,1825.0005106642222
24144,1825.0005106642222
24145,1825.0005106642222
24146,1825.0005106642222
24147,1825.0005106642222
24148,1825.0005106642222
24149,1825.0005106642222
24150,1825.0005106642222
24151,1825.0005106642222
24152,1825.0005106642222
24153,1825.0005106642222
24154,1825.0005106642222
24155,1825.0005106642222
24156,1825.0005106642222
24157,1825.0005106642222
24158,1825.0005106642222
24159,1825.0005106642222
24160,1825.0005106642222
24161,1825.0005106642222
24162,1825.0005106642222
24163,1825.0005106642222
24164,1825.0005106642222
24165,1825.0005106642222
24166,1825.0005106642222
24167,1825.0005106642222
24168,1825.0005106642222
24169,1825.0005106642222
24170,1825.0005106642222
24171,1825.0005106642222
24172,1825.0005106642222
24173,1825.0005106642222
24174,1825.0005106642222
24175,1825.0005106642222
24176,1825.0005106642222
24177,1825.0005106642222
24178,1825.0005106642222
24179,1825.0005106642222
24180,1825.0005106642222
24181,1825.0005106642222
24182,1825.0005106642222
24183,1825.0005106642222
24184,1825.0005106642222
24185,1825.0005106642222
24186,1825.0005106642222
24187,1825.0005106642222
24188,1825.0005106642222
24189,1825.0005106642222
24190,1825.0005106642222
24191,1825.0005106642222
24192,1825.0005106642222
24193,1825.0005106642222
24194,1825.0005106642222
24195,1825.0005106642222
24196,1825.0005106642222
24197,1825.0005106642222
24198,1825.0005106642222
24199,1825.0005106642222
24200,1825.0005106642222
24201,1825.0005106642222
24202,1825.0005106642222
24203,1825.0005106642222
24204,1825.0005106642222
24205,1825.0005106642222
24206,1825.0005106642222
24207,1825.0005106642222
24208,1825.0005106642222
24209,1825.0005106642222
24210,1825.0005106642222
24211,1825.0005106642222
24212,1825.0005106642222
24213,1825.0005106642222
24214,1825.0005106642222
24215,1825.0005106642222
24216,1825.0005106642222
24217,1825.0005106642222
24218,1825.0005106642222
24219,1825.0005106642222
24220,1825.0005106642222
24221,1825.0005106642222
24222,1825.0005106642222
24223,1825.0005106642222
24224,1825.0005106642222
24225,1825.0005106642222
24226,1825.0005106642222
24227,1825.0005106642222
24228,1825.0005106642222
24229,1825.0005106642222
24230,1825.0005106642222
24231,1825.0005106642222
24232,1825.0005106642222
24233,1825.0005106642222
24234,1825.0005106642222
24235,1825.0005106642222
24236,1825.0005106642222
24237,1825.0005106642222
24238,1825.0005106642222
24239,1825.0005106642222
24240,1825.0005106642222
24241,1825.0005106642222
24242,1825.0005106642222
24243,1825.0005106642222
24244,1825.0005106642222
24245,1825.0005106642222
24246,1825.0005106642222
24247,1825.0005106642222
24248,1825.0005106642222
24249,1825.0005106642222
24250,1825.0005106642222
24251,1825.0005106642222
24252,1825.0005106642222
24253,1825.0005106642222
24254,1825.0005106642222
24255,1825.0005106642222
24256,1825.0005106642222
24257,1825.0005106642222
24258,1825.0005106642222
24259,1825.0005106642222
24260,1825.0005106642222
24261,1825.0005106642222
24262,1825.0005106642222
24263,1825.0005106642222
24264,1825.0005106642222
24265,1825.0005106642222
24266,1825.0005106642222
24267,1825.0005106642222
24268,1825.0005106642222
24269,1825.0005106642222
24270,1825.0005106642222
24271,1825.0005106642222
24272,1825.0005106642222
24273,1825.0005106642222
24274,1825.0005106642222
24275,1825.0005106642222
24276,1825.0005106642222
24277,1825.0005106642222
24278,1825.0005106642222
24279,1825.0005106642222
24280,1825.0005106642222
24281,1825.0005106642222
24282,1825.0005106642222
24283,1825.0005106642222
24284,1825.0005106642222
24285,1825.0005106642222
24286,1825.0005106642222
24287,1825.0005106642222
24288,1825.0005106642222
24289,1825.0005106642222
24290,1825.0005106642222
24291,1825.0005106642222
24292,1825.0005106642222
24293,1825.0005106642222
24294,1825.0005106642222
24295,1825.0005106642222
24296,1825.0005106642222
24297,1825.0005106642222
24298,1825.0005106642222
24299,1825.0005106642222
24300,1825.0005106642222
24301,1825.0005106642222
24302,1825.0005106642222
24303,1825.0005106642222
24304,1825.0005106642222
24305,1825.0005106642222
24306,1825.0005106642222
24307,1825.0005106642222
24308,1825.0005106642222
24309,1825.0005106642222
24310,1825.0005106642222
24311,1825.0005106642222
24312,1825.0005106642222
24313,1825.0005106642222
24314,1825.0005106642222
24315,1825.0005106642222
24316,1825.0005106642222
24317,1825.0005106642222
24318,1825.0005106642222
24319,1825.0005106642222
24320,1825.0005106642222
24321,1825.0005106642222
24322,1825.0005106642222
24323,1825.0005106642222
24324,1825.0005106642222
24325,1825.0005106642222
24326,1825.0005106642222
24327,1825.0005106642222
24328,1825.0005106642222
24329,1825.0005106642222
24330,1825.0005106642222
24331,1825.0005106642222
24332,1825.0005106642222
24333,1825.0005106642222
24334,1825.0005106642222
24335,1825.0005106642222
24336,1825.0005106642222
24337,1825.0005106642222
24338,1825.0005106642222
24339,1825.0005106642222
24340,1825.0005106642222
24341,1825.0005106642222
24342,1825.0005106642222
24343,1825.0005106642222
24344,1825.0005106642222
24345,1825.0005106642222
24346,1825.0005106642222
24347,1825.0005106642222
24348,1825.0005106642222
24349,1825.0005106642222
24350,1825.0005106642222
24351,1825.0005106642222
24352,1825.0005106642222
24353,1825.0005106642222
24354,1825.0005106642222
24355,1825.0005106642222
24356,1825.0005106642222
24357,1825.0005106642222
24358,1825.0005106642222
24359,1825.0005106642222
24360,1825.0005106642222
24361,1825.0005106642222
24362,1825.0005106642222
24363,1825.0005106642222
24364,1825.0005106642222
24365,1825.0005106642222
24366,1825.0005106642222
24367,1825.0005106642222
24368,1825.0005106642222
24369,1825.0005106642222
24370,1825.0005106642222
24371,1825.0005106642222
24372,1825.0005106642222
24373,1825.0005106642222
24374,1825.0005106642222
24375,1825.0005106642222
24376,1825.0005106642222
24377,1825.0005106642222
24378,1825.0005106642222
24379,1825.0005106642222
24380,1825.0005106642222
24381,1825.0005106642222
24382,1825.0005106642222
24383,1825.0005106642222
24384,1825.0005106642222
24385,1825.0005106642222
24386,1825.0005106642222
24387,1825.0005106642222
24388,1825.0005106642222
24389,1825.0005106642222
24390,1825.0005106642222
24391,1825.0005106642222
24392,1825.0005106642222
24393,1825.0005106642222
24394,1825.0005106642222
24395,1825.0005106642222
24396,1825.0005106642222
24397,1825.0005106642222
24398,1825.0005106642222
24399,1825.0005106642222
24400,1825.0005106642222
24401,1825.0005106642222
24402,1825.0005106642222
24403,1825.0005106642222
24404,1825.0005106642222
24405,1825.0005106642222
24406,1825.0005106642222
24407,1825.0005106642222
24408,1825.0005106642222
24409,1825.0005106642222
24410,1825.0005106642222
24411,1825.0005106642222
24412,1825.0005106642222
24413,1825.0005106642222
24414,1825.0005106642222
24415,1825.0005106642222
24416,1825.0005106642222
24417,1825.0005106642222
24418,1825.0005106642222
24419,1825.0005106642222
24420,1825.0005106642222
24421,1825.0005106642222
24422,1825.0005106642222
24423,1825.0005106642222
24424,1825.0005106642222
24425,1825.0005106642222
24426,1825.0005106642222
24427,1825.0005106642222
24428,1825.0005106642222
24429,1825.0005106642222
24430,1825.0005106642222
24431,1825.0005106642222
24432,1825.0005106642222
24433,1825.0005106642222
24434,1825.0005106642222
24435,1825.0005106642222
24436,1825.0005106642222
24437,1825.0005106642222
24438,1825.0005106642222
24439,1825.0005106642222
24440,1825.0005106642222
24441,1825.0005106642222
24442,1825.0005106642222
24443,1825.0005106642222
24444,1825.0005106642222
24445,1825.0005106642222
24446,1825.0005106642222
24447,1825.0005106642222
24448,1825.0005106642222
24449,1825.0005106642222
24450,1825.0005106642222
24451,1825.0005106642222
24452,1825.0005106642222
24453,1825.0005106642222
24454,1825.0005106642222
24455,1825.0005106642222
24456,1825.0005106642222
24457,1825.0005106642222
24458,1825.0005106642222
24459,1825.0005106642222
24460,1825.0005106642222
24461,1825.0005106642222
24462,1825.0005106642222
24463,1825.0005106642222
24464,1825.0005106642222
24465,1825.0005106642222
24466,1825.0005106642222
24467,1825.0005106642222
24468,1825.0005106642222
24469,1825.0005106642222
24470,1825.0005106642222
24471,1825.0005106642222
24472,1825.0005106642222
24473,1825.0005106642222
24474,1825.0005106642222
24475,1825.0005106642222
24476,1825.0005106642222
24477,1825.0005106642222
24478,1825.0005106642222
24479,1825.0005106642222
24480,1825.0005106642222
24481,1825.0005106642222
24482,1825.0005106642222
24483,1825.0005106642222
24484,1825.0005106642222
24485,1825.0005106642222
24486,1825.0005106642222
24487,1825.0005106642222
24488,1825.0005106642222
24489,1825.0005106642222
24490,1825.0005106642222
24491,1825.0005106642222
24492,1825.0005106642222
24493,1825.0005106642222
24494,1825.0005106642222
24495,1825.0005106642222
24496,1825.0005106642222
24497,1825.0005106642222
24498,1825.0005106642222
24499,1825.0005106642222
24500,1825.0005106642222
24501,1825.0005106642222
24502,1825.0005106642222
24503,1825.0005106642222
24504,1825.0005106642222
24505,1825.0005106642222
24506,1825.0005106642222
24507,1825.0005106642222
24508,1825.0005106642222
24509,1825.0005106642222
24510,1825.0005106642222
24511,1825.0005106642222
24512,1825.0005106642222
24513,1825.0005106642222
24514,1825.0005106642222
24515,1825.0005106642222
24516,1825.0005106642222
24517,1825.0005106642222
24518,1825.0005106642222
24519,1825.0005106642222
24520,1825.0005106642222
24521,1825.0005106642222
24522,1825.0005106642222
24523,1825.0005106642222
24524,1825.0005106642222
24525,1825.0005106642222
24526,1825.0005106642222
24527,1825.0005106642222
24528,1825.0005106642222
24529,1825.0005106642222
24530,1825.0005106642222
24531,1825.0005106642222
24532,1825.0005106642222
24533,1825.0005106642222
24534,1825.0005106642222
24535,1825.0005106642222
24536,1825.0005106642222
24537,1825.0005106642222
24538,1825.0005106642222
24539,1825.0005106642222
24540,1825.0005106642222
24541,1825.0005106642222
24542,1825.0005106642222
24543,1825.0005106642222
24544,1825.0005106642222
24545,1825.0005106642222
24546,1825.0005106642222
24547,1825.0005106642222
24548,1825.0005106642222
24549,1825.0005106642222
24550,1825.0005106642222
24551,1825.0005106642222
24552,1825.0005106642222
24553,1825.0005106642222
24554,1825.0005106642222
24555,1825.0005106642222
24556,1825.0005106642222
24557,1825.0005106642222
24558,1825.0005106642222
24559,1825.0005106642222
24560,1825.0005106642222
24561,1825.0005106642222
24562,1825.0005106642222
24563,1825.0005106642222
24564,1825.0005106642222
24565,1825.0005106642222
24566,1825.0005106642222
24567,1825.0005106642222
24568,1825.0005106642222
24569,1825.0005106642222
24570,1825.0005106642222
24571,1825.0005106642222
24572,1825.0005106642222
24573,1825.0005106642222
24574,1825.0005106642222
24575,1825.0005106642222
24576,1825.0005106642222
24577,1825.0005106642222
24578,1825.0005106642222
24579,1825.0005106642222
24580,1825.0005106642222
24581,1825.0005106642222
24582,1825.0005106642222
24583,1825.0005106642222
24584,1825.0005106642222
24585,1825.0005106642222
24586,1825.0005106642222
24587,1825.0005106642222
24588,1825.0005106642222
24589,1825.0005106642222
24590,1825.0005106642222
24591,1825.0005106642222
24592,1825.0005106642222
24593,1825.0005106642222
24594,1825.0005106642222
24595,1825.0005106642222
24596,1825.0005106642222
24597,1825.0005106642222
24598,1825.0005106642222
24599,1825.0005106642222
24600,1825.0005106642222
24601,1825.0005106642222
24602,1825.0005106642222
24603,1825.0005106642222
24604,1825.0005106642222
24605,1825.0005106642222
24606,1825.0005106642222
24607,1825.0005106642222
24608,1825.0005106642222
24609,1825.0005106642222
24610,1825.0005106642222
24611,1825.0005106642222
24612,1825.0005106642222
24613,1825.0005106642222
24614,1825.0005106642222
24615,1825.0005106642222
24616,1825.0005106642222
24617,1825.0005106642222
24618,1825.0005106642222
24619,1825.0005106642222
24620,1825.0005106642222
24621,1825.0005106642222
24622,1825.0005106642222
24623,1825.0005106642222
24624,1825.0005106642222
24625,1825.0005106642222
24626,1825.0005106642222
24627,1825.0005106642222
24628,1825.0005106642222
24629,1825.0005106642222
24630,1825.0005106642222
24631,1825.0005106642222
24632,1825.0005106642222
24633,1825.0005106642222
24634,1825.0005106642222
24635,1825.0005106642222
24636,1825.0005106642222
24637,1825.0005106642222
24638,1825.0005106642222
24639,1825.0005106642222
24640,1825.0005106642222
24641,1825.0005106642222
24642,1825.0005106642222
24643,1825.0005106642222
24644,1825.0005106642222
24645,1825.0005106642222
24646,1825.0005106642222
24647,1825.0005106642222
24648,1825.0005106642222
24649,1825.0005106642222
24650,1825.0005106642222
24651,1825.0005106642222
24652,1825.0005106642222
24653,1825.0005106642222
24654,1825.0005106642222
24655,1825.0005106642222
24656,1825.0005106642222
24657,1825.0005106642222
24658,1825.0005106642222
24659,1825.0005106642222
24660,1825.0005106642222
24661,1825.0005106642222
24662,1825.0005106642222
24663,1825.0005106642222
24664,1825.0005106642222
24665,1825.0005106642222
24666,1825.0005106642222
24667,1825.0005106642222
24668,1825.0005106642222
24669,1825.0005106642222
24670,1825.0005106642222
24671,1825.0005106642222
24672,1825.0005106642222
24673,1825.0005106642222
24674,1825.0005106642222
24675,1825.0005106642222
24676,1825.0005106642222
24677,1825.0005106642222
24678,1825.0005106642222
24679,1825.0005106642222
24680,1825.0005106642222
24681,1825.0005106642222
24682,1825.0005106642222
24683,1825.0005106642222
24684,1825.0005106642222
24685,1825.0005106642222
24686,1825.0005106642222
24687,1825.0005106642222
24688,1825.0005106642222
24689,1825.0005106642222
24690,1825.0005106642222
24691,1825.0005106642222
24692,1825.0005106642222
24693,1825.0005106642222
24694,1825.0005106642222
24695,1825.0005106642222
24696,1825.0005106642222
24697,1825.0005106642222
24698,1825.0005106642222
24699,1825.0005106642222
24700,1825.0005106642222
24701,1825.0005106642222
24702,1825.0005106642222
24703,1825.0005106642222
24704,1825.0005106642222
24705,1825.0005106642222
24706,1825.0005106642222
24707,1825.0005106642222
24708,1825.0005106642222
24709,1825.0005106642222
24710,1825.0005106642222
24711,1825.0005106642222
24712,1825.0005106642222
24713,1825.0005106642222
24714,1825.0005106642222
24715,1825.0005106642222
24716,1825.0005106642222
24717,1825.0005106642222
24718,1825.0005106642222
24719,1825.0005106642222
24720,1825.0005106642222
24721,1825.0005106642222
24722,1825.0005106642222
24723,1825.0005106642222
24724,1825.0005106642222
24725,1825.0005106642222
24726,1825.0005106642222
24727,1825.0005106642222
24728,1825.0005106642222
24729,1825.0005106642222
24730,1825.0005106642222
24731,1825.0005106642222
24732,1825.0005106642222
24733,1825.0005106642222
24734,1825.0005106642222
24735,1825.0005106642222
24736,1825.0005106642222
24737,1825.0005106642222
24738,1825.0005106642222
24739,1825.0005106642222
24740,1825.0005106642222
24741,1825.0005106642222
24742,1825.0005106642222
24743,1825.0005106642222
24744,1825.0005106642222
24745,1825.0005106642222
24746,1825.0005106642222
24747,1825.0005106642222
24748,1825.0005106642222
24749,1825.0005106642222
24750,1825.0005106642222
24751,1825.0005106642222
24752,1825.0005106642222
24753,1825.0005106642222
24754,1825.0005106642222
24755,1825.0005106642222
24756,1825.0005106642222
24757,1825.0005106642222
24758,1825.0005106642222
24759,1825.0005106642222
24760,1825.0005106642222
24761,1825.0005106642222
24762,1825.0005106642222
24763,1825.0005106642222
24764,1825.0005106642222
24765,1825.0005106642222
24766,1825.0005106642222
24767,1825.0005106642222
24768,1825.0005106642222
24769,1825.0005106642222
24770,1825.0005106642222
24771,1825.0005106642222
24772,1825.0005106642222
24773,1825.0005106642222
24774,1825.0005106642222
24775,1825.0005106642222
24776,1825.0005106642222
24777,1825.0005106642222
24778,1825.0005106642222
24779,1825.0005106642222
24780,1825.0005106642222
24781,1825.0005106642222
24782,1825.0005106642222
24783,1825.0005106642222
24784,1825.0005106642222
24785,1825.0005106642222
24786,1825.0005106642222
24787,1825.0005106642222
24788,1825.0005106642222
24789,1825.0005106642222
24790,1825.0005106642222
24791,1825.0005106642222
24792,1825.0005106642222
24793,1825.0005106642222
24794,1825.0005106642222
24795,1825.0005106642222
24796,1825.0005106642222
24797,1825.0005106642222
24798,1825.0005106642222
24799,1825.0005106642222
24800,1825.0005106642222
24801,1825.0005106642222
24802,1825.0005106642222
24803,1825.0005106642222
24804,1825.0005106642222
24805,1825.0005106642222
24806,1825.0005106642222
24807,1825.0005106642222
24808,1825.0005106642222
24809,1825.0005106642222
24810,1825.0005106642222
24811,1825.0005106642222
24812,1825.0005106642222
24813,1825.0005106642222
24814,1825.0005106642222
24815,1825.0005106642222
24816,1825.0005106642222
24817,1825.0005106642222
24818,1825.0005106642222
24819,1825.0005106642222
24820,1825.0005106642222
24821,1825.0005106642222
24822,1825.0005106642222
24823,1825.0005106642222
24824,1825.0005106642222
24825,1825.0005106642222
24826,1825.0005106642222
24827,1825.0005106642222
24828,1825.0005106642222
24829,1825.0005106642222
24830,1825.0005106642222
24831,1825.0005106642222
24832,1825.0005106642222
24833,1825.0005106642222
24834,1825.0005106642222
24835,1825.0005106642222
24836,1825.0005106642222
24837,1825.0005106642222
24838,1825.0005106642222
24839,1825.0005106642222
24840,1825.0005106642222
24841,1825.0005106642222
24842,1825.0005106642222
24843,1825.0005106642222
24844,1825.0005106642222
24845,1825.0005106642222
24846,1825.0005106642222
24847,1825.0005106642222
24848,1825.0005106642222
24849,1825.0005106642222
24850,1825.0005106642222
24851,1825.0005106642222
24852,1825.0005106642222
24853,1825.0005106642222
24854,1825.0005106642222
24855,1825.0005106642222
24856,1825.0005106642222
24857,1825.0005106642222
24858,1825.0005106642222
24859,1825.0005106642222
24860,1825.0005106642222
24861,1825.0005106642222
24862,1825.0005106642222
24863,1825.0005106642222
24864,1825.0005106642222
24865,1825.0005106642222
24866,1825.0005106642222
24867,1825.0005106642222
24868,1825.0005106642222
24869,1825.0005106642222
24870,1825.0005106642222
24871,1825.0005106642222
24872,1825.0005106642222
24873,1825.0005106642222
24874,1825.0005106642222
24875,1825.0005106642222
24876,1825.0005106642222
24877,1825.0005106642222
24878,1825.0005106642222
24879,1825.0005106642222
24880,1825.0005106642222
24881,1825.0005106642222
24882,1825.0005106642222
24883,1825.0005106642222
24884,1825.0005106642222
24885,1825.0005106642222
24886,1825.0005106642222
24887,1825.0005106642222
24888,1825.0005106642222
24889,1825.0005106642222
24890,1825.0005106642222
24891,1825.0005106642222
24892,1825.0005106642222
24893,1825.0005106642222
24894,1825.0005106642222
24895,1825.0005106642222
24896,1825.0005106642222
24897,1825.0005106642222
24898,1825.0005106642222
24899,1825.0005106642222
24900,1825.0005106642222
24901,1825.0005106642222
24902,1825.0005106642222
24903,1825.0005106642222
24904,1825.0005106642222
24905,1825.0005106642222
24906,1825.0005106642222
24907,1825.0005106642222
24908,1825.0005106642222
24909,1825.0005106642222
24910,1825.0005106642222
24911,1825.0005106642222
24912,1825.0005106642222
24913,1825.0005106642222
24914,1825.0005106642222
24915,1825.0005106642222
24916,1825.0005106642222
24917,1825.0005106642222
24918,1825.0005106642222
24919,1825.0005106642222
24920,1825.0005106642222
24921,1825.0005106642222
24922,1825.0005106642222
24923,1825.0005106642222
24924,1825.0005106642222
24925,1825.0005106642222
24926,1825.0005106642222
24927,1825.0005106642222
24928,1825.0005106642222
24929,1825.0005106642222
24930,1825.0005106642222
24931,1825.0005106642222
24932,1825.0005106642222
24933,1825.0005106642222
24934,1825.0005106642222
24935,1825.0005106642222
24936,1825.0005106642222
24937,1825.0005106642222
24938,1825.0005106642222
24939,1825.0005106642222
24940,1825.0005106642222
24941,1825.0005106642222
24942,1825.0005106642222
24943,1825.0005106642222
24944,1825.0005106642222
24945,1825.0005106642222
24946,1825.0005106642222
24947,1825.0005106642222
24948,1825.0005106642222
24949,1825.0005106642222
24950,1825.0005106642222
24951,1825.0005106642222
24952,1825.0005106642222
24953,1825.0005106642222
24954,1825.0005106642222
24955,1825.0005106642222
24956,1825.0005106642222
24957,1825.0005106642222
24958,1825.0005106642222
24959,1825.0005106642222
24960,1825.0005106642222
24961,1825.0005106642222
24962,1825.0005106642222
24963,1825.0005106642222
24964,1825.0005106642222
24965,1825.0005106642222
24966,1825.0005106642222
24967,1825.0005106642222
24968,1825.0005106642222
24969,1825.0005106642222
24970,1825.0005106642222
24971,1825.0005106642222
24972,1825.0005106642222
24973,1825.0005106642222
24974,1825.0005106642222
24975,1825.0005106642222
24976,1825.0005106642222
24977,1825.0005106642222
24978,1825.0005106642222
24979,1825.0005106642222
24980,1825.0005106642222
24981,1825.0005106642222
24982,1825.0005106642222
24983,1825.0005106642222
24984,1825.0005106642222
24985,1825.0005106642222
24986,1825.0005106642222
24987,1825.0005106642222
24988,1825.0005106642222
24989,1825.0005106642222
24990,1825.0005106642222
24991,1825.0005106642222
24992,1825.0005106642222
24993,1825.0005106642222
24994,1825.0005106642222
24995,1825.0005106642222
24996,1825.0005106642222
24997,1825.0005106642222
24998,1825.0005106642222
24999,1825.0005106642222
25000,1825.0005106642222
25001,1825.0005106642222
25002,1825.0005106642222
25003,1825.0005106642222
25004,1825.0005106642222
25005,1825.0005106642222
25006,1825.0005106642222
25007,1825.0005106642222
25008,1825.0005106642222
25009,1825.0005106642222
25010,1825.0005106642222
25011,1825.0005106642222
25012,1825.0005106642222
25013,1825.0005106642222
25014,1825.0005106642222
25015,1825.0005106642222
25016,1825.0005106642222
25017,1825.0005106642222
25018,1825.0005106642222
25019,1825.0005106642222
25020,1825.0005106642222
25021,1825.0005106642222
25022,1825.0005106642222
25023,1825.0005106642222
25024,1825.0005106642222
25025,1825.0005106642222
25026,1825.0005106642222
25027,1825.0005106642222
25028,1825.0005106642222
25029,1825.0005106642222
25030,1825.0005106642222
25031,1825.0005106642222
25032,1825.0005106642222
25033,1825.0005106642222
25034,1825.0005106642222
25035,1825.0005106642222
25036,1825.0005106642222
25037,1825.0005106642222
25038,1825.0005106642222
25039,1825.0005106642222
25040,1825.0005106642222
25041,1825.0005106642222
25042,1825.0005106642222
25043,1825.0005106642222
25044,1825.0005106642222
25045,1825.0005106642222
25046,1825.0005106642222
25047,1825.0005106642222
25048,1825.0005106642222
25049,1825.0005106642222
25050,1825.0005106642222
25051,1825.0005106642222
25052,1825.0005106642222
25053,1825.0005106642222
25054,1825.0005106642222
25055,1825.0005106642222
25056,1825.0005106642222
25057,1825.0005106642222
25058,1825.0005106642222
25059,1825.0005106642222
25060,1825.0005106642222
25061,1825.0005106642222
25062,1825.0005106642222
25063,1825.0005106642222
25064,1825.0005106642222
25065,1825.0005106642222
25066,1825.0005106642222
25067,1825.0005106642222
25068,1825.0005106642222
25069,1825.0005106642222
25070,1825.0005106642222
25071,1825.0005106642222
25072,1825.0005106642222
25073,1825.0005106642222
25074,1825.0005106642222
25075,1825.0005106642222
25076,1825.0005106642222
25077,1825.0005106642222
25078,1825.0005106642222
25079,1825.0005106642222
25080,1825.0005106642222
25081,1825.0005106642222
25082,1825.0005106642222
25083,1825.0005106642222
25084,1825.0005106642222
25085,1825.0005106642222
25086,1825.0005106642222
25087,1825.0005106642222
25088,1825.0005106642222
25089,1825.0005106642222
25090,1825.0005106642222
25091,1825.0005106642222
25092,1825.0005106642222
25093,1825.0005106642222
25094,1825.0005106642222
25095,1825.0005106642222
25096,1825.0005106642222
25097,1825.0005106642222
25098,1825.0005106642222
25099,1825.0005106642222
25100,1825.0005106642222
25101,1825.0005106642222
25102,1825.0005106642222
25103,1825.0005106642222
25104,1825.0005106642222
25105,1825.0005106642222
25106,1825.0005106642222
25107,1825.0005106642222
25108,1825.0005106642222
25109,1825.0005106642222
25110,1825.0005106642222
25111,1825.0005106642222
25112,1825.0005106642222
25113,1825.0005106642222
25114,1825.0005106642222
25115,1825.0005106642222
25116,1825.0005106642222
25117,1825.0005106642222
25118,1825.0005106642222
25119,1825.0005106642222
25120,1825.0005106642222
25121,1825.0005106642222
25122,1825.0005106642222
25123,1825.0005106642222
25124,1825.0005106642222
25125,1825.0005106642222
25126,1825.0005106642222
25127,1825.0005106642222
25128,1825.0005106642222
25129,1825.0005106642222
25130,1825.0005106642222
25131,1825.0005106642222
25132,1825.0005106642222
25133,1825.0005106642222
25134,1825.0005106642222
25135,1825.0005106642222
25136,1825.0005106642222
25137,1825.0005106642222
25138,1825.0005106642222
25139,1825.0005106642222
25140,1825.0005106642222
25141,1825.0005106642222
25142,1825.0005106642222
25143,1825.0005106642222
25144,1825.0005106642222
25145,1825.0005106642222
25146,1825.0005106642222
25147,1825.0005106642222
25148,1825.0005106642222
25149,1825.0005106642222
25150,1825.0005106642222
25151,1825.0005106642222
25152,1825.0005106642222
25153,1825.0005106642222
25154,1825.0005106642222
25155,1825.0005106642222
25156,1825.0005106642222
25157,1825.0005106642222
25158,1825.0005106642222
25159,1825.0005106642222
25160,1825.0005106642222
25161,1825.0005106642222
25162,1825.0005106642222
25163,1825.0005106642222
25164,1825.0005106642222
25165,1825.0005106642222
25166,1825.0005106642222
25167,1825.0005106642222
25168,1825.0005106642222
25169,1825.0005106642222
25170,1825.0005106642222
25171,1825.0005106642222
25172,1825.0005106642222
25173,1825.0005106642222
25174,1825.0005106642222
25175,1825.0005106642222
25176,1825.0005106642222
25177,1825.0005106642222
25178,1825.0005106642222
25179,1825.0005106642222
25180,1825.0005106642222
25181,1825.0005106642222
25182,1825.0005106642222
25183,1825.0005106642222
25184,1825.0005106642222
25185,1825.0005106642222
25186,1825.0005106642222
25187,1825.0005106642222
25188,1825.0005106642222
25189,1825.0005106642222
25190,1825.0005106642222
25191,1825.0005106642222
25192,1825.0005106642222
25193,1825.0005106642222
25194,1825.0005106642222
25195,1825.0005106642222
25196,1825.0005106642222
25197,1825.0005106642222
25198,1825.0005106642222
25199,1825.0005106642222
25200,1825.0005106642222
25201,1825.0005106642222
25202,1825.0005106642222
25203,1825.0005106642222
25204,1825.0005106642222
25205,1825.0005106642222
25206,1825.0005106642222
25207,1825.0005106642222
25208,1825.0005106642222
25209,1825.0005106642222
25210,1825.0005106642222
25211,1825.0005106642222
25212,1825.0005106642222
25213,1825.0005106642222
25214,1825.0005106642222
25215,1825.0005106642222
25216,1825.0005106642222
25217,1825.0005106642222
25218,1825.0005106642222
25219,1825.0005106642222
25220,1825.0005106642222
25221,1825.0005106642222
25222,1825.0005106642222
25223,1825.0005106642222
25224,1825.0005106642222
25225,1825.0005106642222
25226,1825.0005106642222
25227,1825.0005106642222
25228,1825.0005106642222
25229,1825.0005106642222
25230,1825.0005106642222
25231,1825.0005106642222
25232,1825.0005106642222
25233,1825.0005106642222
25234,1825.0005106642222
25235,1825.0005106642222
25236,1825.0005106642222
25237,1825.0005106642222
25238,1825.0005106642222
25239,1825.0005106642222
25240,1825.0005106642222
25241,1825.0005106642222
25242,1825.0005106642222
25243,1825.0005106642222
25244,1825.0005106642222
25245,1825.0005106642222
25246,1825.0005106642222
25247,1825.0005106642222
25248,1825.0005106642222
25249,1825.0005106642222
25250,1825.0005106642222
25251,1825.0005106642222
25252,1825.0005106642222
25253,1825.0005106642222
25254,1825.0005106642222
25255,1825.0005106642222
25256,1825.0005106642222
25257,1825.0005106642222
25258,1825.0005106642222
25259,1825.0005106642222
25260,1825.0005106642222
25261,1825.0005106642222
25262,1825.0005106642222
25263,1825.0005106642222
25264,1825.0005106642222
25265,1825.0005106642222
25266,1825.0005106642222
25267,1825.0005106642222
25268,1825.0005106642222
25269,1825.0005106642222
25270,1825.0005106642222
25271,1825.0005106642222
25272,1825.0005106642222
25273,1825.0005106642222
25274,1825.0005106642222
25275,1825.0005106642222
25276,1825.0005106642222
25277,1825.0005106642222
25278,1825.0005106642222
25279,1825.0005106642222
25280,1825.0005106642222
25281,1825.0005106642222
25282,1825.0005106642222
25283,1825.0005106642222
25284,1825.0005106642222
25285,1825.0005106642222
25286,1825.0005106642222
25287,1825.0005106642222
25288,1825.0005106642222
25289,1825.0005106642222
25290,1825.0005106642222
25291,1825.0005106642222
25292,1825.0005106642222
25293,1825.0005106642222
25294,1825.0005106642222
25295,1825.0005106642222
25296,1825.0005106642222
25297,1825.0005106642222
25298,1825.0005106642222
25299,1825.0005106642222
25300,1825.0005106642222
25301,1825.0005106642222
25302,1825.0005106642222
25303,1825.0005106642222
25304,1825.0005106642222
25305,1825.0005106642222
25306,1825.0005106642222
25307,1825.0005106642222
25308,1825.0005106642222
25309,1825.0005106642222
25310,1825.0005106642222
25311,1825.0005106642222
25312,1825.0005106642222
25313,1825.0005106642222
25314,1825.0005106642222
25315,1825.0005106642222
25316,1825.0005106642222
25317,1825.0005106642222
25318,1825.0005106642222
25319,1825.0005106642222
25320,1825.0005106642222
25321,1825.0005106642222
25322,1825.0005106642222
25323,1825.0005106642222
25324,1825.0005106642222
25325,1825.0005106642222
25326,1825.0005106642222
25327,1825.0005106642222
25328,1825.0005106642222
25329,1825.0005106642222
25330,1825.0005106642222
25331,1825.0005106642222
25332,1825.0005106642222
25333,1825.0005106642222
25334,1825.0005106642222
25335,1825.0005106642222
25336,1825.0005106642222
25337,1825.0005106642222
25338,1825.0005106642222
25339,1825.0005106642222
25340,1825.0005106642222
25341,1825.0005106642222
25342,1825.0005106642222
25343,1825.0005106642222
25344,1825.0005106642222
25345,1825.0005106642222
25346,1825.0005106642222
25347,1825.0005106642222
25348,1825.0005106642222
25349,1825.0005106642222
25350,1825.0005106642222
25351,1825.0005106642222
25352,1825.0005106642222
25353,1825.0005106642222
25354,1825.0005106642222
25355,1825.0005106642222
25356,1825.0005106642222
25357,1825.0005106642222
25358,1825.0005106642222
25359,1825.0005106642222
25360,1825.0005106642222
25361,1825.0005106642222
25362,1825.0005106642222
25363,1825.0005106642222
25364,1825.0005106642222
25365,1825.0005106642222
25366,1825.0005106642222
25367,1825.0005106642222
25368,1825.0005106642222
25369,1825.0005106642222
25370,1825.0005106642222
25371,1825.0005106642222
25372,1825.0005106642222
25373,1825.0005106642222
25374,1825.0005106642222
25375,1825.0005106642222
25376,1825.0005106642222
25377,1825.0005106642222
25378,1825.0005106642222
25379,1825.0005106642222
25380,1825.0005106642222
25381,1825.0005106642222
25382,1825.0005106642222
25383,1825.0005106642222
25384,1825.0005106642222
25385,1825.0005106642222
25386,1825.0005106642222
25387,1825.0005106642222
25388,1825.0005106642222
25389,1825.0005106642222
25390,1825.0005106642222
25391,1825.0005106642222
25392,1825.0005106642222
25393,1825.0005106642222
25394,1825.0005106642222
25395,1825.0005106642222
25396,1825.0005106642222
25397,1825.0005106642222
25398,1825.0005106642222
25399,1825.0005106642222
25400,1825.0005106642222
25401,1825.0005106642222
25402,1825.0005106642222
25403,1825.0005106642222
25404,1825.0005106642222
25405,1825.0005106642222
25406,1825.0005106642222
25407,1825.0005106642222
25408,1825.0005106642222
25409,1825.0005106642222
25410,1825.0005106642222
25411,1825.0005106642222
25412,1825.0005106642222
25413,1825.0005106642222
25414,1825.0005106642222
25415,1825.0005106642222
25416,1825.0005106642222
25417,1825.0005106642222
25418,1825.0005106642222
25419,1825.0005106642222
25420,1825.0005106642222
25421,1825.0005106642222
25422,1825.0005106642222
25423,1825.0005106642222
25424,1825.0005106642222
25425,1825.0005106642222
25426,1825.0005106642222
25427,1825.0005106642222
25428,1825.0005106642222
25429,1825.0005106642222
25430,1825.0005106642222
25431,1825.0005106642222
25432,1825.0005106642222
25433,1825.0005106642222
25434,1825.0005106642222
25435,1825.0005106642222
25436,1825.0005106642222
25437,1825.0005106642222
25438,1825.0005106642222
25439,1825.0005106642222
25440,1825.0005106642222
25441,1825.0005106642222
25442,1825.0005106642222
25443,1825.0005106642222
25444,1825.0005106642222
25445,1825.0005106642222
25446,1825.0005106642222
25447,1825.0005106642222
25448,1825.0005106642222
25449,1825.0005106642222
25450,1825.0005106642222
25451,1825.0005106642222
25452,1825.0005106642222
25453,1825.0005106642222
25454,1825.0005106642222
25455,1825.0005106642222
25456,1825.0005106642222
25457,1825.0005106642222
25458,1825.0005106642222
25459,1825.0005106642222
25460,1825.0005106642222
25461,1825.0005106642222
25462,1825.0005106642222
25463,1825.0005106642222
25464,1825.0005106642222
25465,1825.0005106642222
25466,1825.0005106642222
25467,1825.0005106642222
25468,1825.0005106642222
25469,1825.0005106642222
25470,1825.0005106642222
25471,1825.0005106642222
25472,1825.0005106642222
25473,1825.0005106642222
25474,1825.0005106642222
25475,1825.0005106642222
25476,1825.0005106642222
25477,1825.0005106642222
25478,1825.0005106642222
25479,1825.0005106642222
25480,1825.0005106642222
25481,1825.0005106642222
25482,1825.0005106642222
25483,1825.0005106642222
25484,1825.0005106642222
25485,1825.0005106642222
25486,1825.0005106642222
25487,1825.0005106642222
25488,1825.0005106642222
25489,1825.0005106642222
25490,1825.0005106642222
25491,1825.0005106642222
25492,1825.0005106642222
25493,1825.0005106642222
25494,1825.0005106642222
25495,1825.0005106642222
25496,1825.0005106642222
25497,1825.0005106642222
25498,1825.0005106642222
25499,1825.0005106642222
25500,1825.0005106642222
25501,1825.0005106642222
25502,1825.0005106642222
25503,1825.0005106642222
25504,1825.0005106642222
25505,1825.0005106642222
25506,1825.0005106642222
25507,1825.0005106642222
25508,1825.0005106642222
25509,1825.0005106642222
25510,1825.0005106642222
25511,1825.0005106642222
25512,1825.0005106642222
25513,1825.0005106642222
25514,1825.0005106642222
25515,1825.0005106642222
25516,1825.0005106642222
25517,1825.0005106642222
25518,1825.0005106642222
25519,1825.0005106642222
25520,1825.0005106642222
25521,1825.0005106642222
25522,1825.0005106642222
25523,1825.0005106642222
25524,1825.0005106642222
25525,1825.0005106642222
25526,1825.0005106642222
25527,1825.0005106642222
25528,1825.0005106642222
25529,1825.0005106642222
25530,1825.0005106642222
25531,1825.0005106642222
25532,1825.0005106642222
25533,1825.0005106642222
25534,1825.0005106642222
25535,1825.0005106642222
25536,1825.0005106642222
25537,1825.0005106642222
25538,1825.0005106642222
25539,1825.0005106642222
25540,1825.0005106642222
25541,1825.0005106642222
25542,1825.0005106642222
25543,1825.0005106642222
25544,1825.0005106642222
25545,1825.0005106642222
25546,1825.0005106642222
25547,1825.0005106642222
25548,1825.0005106642222
25549,1825.0005106642222
25550,1825.0005106642222
25551,1825.0005106642222
25552,1825.0005106642222
25553,1825.0005106642222
25554,1825.0005106642222
25555,1825.0005106642222
25556,1825.0005106642222
25557,1825.0005106642222
25558,1825.0005106642222
25559,1825.0005106642222
25560,1825.0005106642222
25561,1825.0005106642222
25562,1825.0005106642222
25563,1825.0005106642222
25564,1825.0005106642222
25565,1825.0005106642222
25566,1825.0005106642222
25567,1825.0005106642222
25568,1825.0005106642222
25569,1825.0005106642222
25570,1825.0005106642222
25571,1825.0005106642222
25572,1825.0005106642222
25573,1825.0005106642222
25574,1825.0005106642222
25575,1825.0005106642222
25576,1825.0005106642222
25577,1825.0005106642222
25578,1825.0005106642222
25579,1825.0005106642222
25580,1825.0005106642222
25581,1825.0005106642222
25582,1825.0005106642222
25583,1825.0005106642222
25584,1825.0005106642222
25585,1825.0005106642222
25586,1825.0005106642222
25587,1825.0005106642222
25588,1825.0005106642222
25589,1825.0005106642222
25590,1825.0005106642222
25591,1825.0005106642222
25592,1825.0005106642222
25593,1825.0005106642222
25594,1825.0005106642222
25595,1825.0005106642222
25596,1825.0005106642222
25597,1825.0005106642222
25598,1825.0005106642222
25599,1825.0005106642222
25600,1825.0005106642222
25601,1825.0005106642222
25602,1825.0005106642222
25603,1825.0005106642222
25604,1825.0005106642222
25605,1825.0005106642222
25606,1825.0005106642222
25607,1825.0005106642222
25608,1825.0005106642222
25609,1825.0005106642222
25610,1825.0005106642222
25611,1825.0005106642222
25612,1825.0005106642222
25613,1825.0005106642222
25614,1825.0005106642222
25615,1825.0005106642222
25616,1825.0005106642222
25617,1825.0005106642222
25618,1825.0005106642222
25619,1825.0005106642222
25620,1825.0005106642222
25621,1825.0005106642222
25622,1825.0005106642222
25623,1825.0005106642222
25624,1825.0005106642222
25625,1825.0005106642222
25626,1825.0005106642222
25627,1825.0005106642222
25628,1825.0005106642222
25629,1825.0005106642222
25630,1825.0005106642222
25631,1825.0005106642222
25632,1825.0005106642222
25633,1825.0005106642222
25634,1825.0005106642222
25635,1825.0005106642222
25636,1825.0005106642222
25637,1825.0005106642222
25638,1825.0005106642222
25639,1825.0005106642222
25640,1825.0005106642222
25641,1825.0005106642222
25642,1825.0005106642222
25643,1825.0005106642222
25644,1825.0005106642222
25645,1825.0005106642222
25646,1825.0005106642222
25647,1825.0005106642222
25648,1825.0005106642222
25649,1825.0005106642222
25650,1825.0005106642222
25651,1825.0005106642222
25652,1825.0005106642222
25653,1825.0005106642222
25654,1825.0005106642222
25655,1825.0005106642222
25656,1825.0005106642222
25657,1825.0005106642222
25658,1825.0005106642222
25659,1825.0005106642222
25660,1825.0005106642222
25661,1825.0005106642222
25662,1825.0005106642222
25663,1825.0005106642222
25664,1825.0005106642222
25665,1825.0005106642222
25666,1825.0005106642222
25667,1825.0005106642222
25668,1825.0005106642222
25669,1825.0005106642222
25670,1825.0005106642222
25671,1825.0005106642222
25672,1825.0005106642222
25673,1825.0005106642222
25674,1825.0005106642222
25675,1825.0005106642222
25676,1825.0005106642222
25677,1825.0005106642222
25678,1825.0005106642222
25679,1825.0005106642222
25680,1825.0005106642222
25681,1825.0005106642222
25682,1825.0005106642222
25683,1825.0005106642222
25684,1825.0005106642222
25685,1825.0005106642222
25686,1825.0005106642222
25687,1825.0005106642222
25688,1825.0005106642222
25689,1825.0005106642222
25690,1825.0005106642222
25691,1825.0005106642222
25692,1825.0005106642222
25693,1825.0005106642222
25694,1825.0005106642222
25695,1825.0005106642222
25696,1825.0005106642222
25697,1825.0005106642222
25698,1825.0005106642222
25699,1825.0005106642222
25700,1825.0005106642222
25701,1825.0005106642222
25702,1825.0005106642222
25703,1825.0005106642222
25704,1825.0005106642222
25705,1825.0005106642222
25706,1825.0005106642222
25707,1825.0005106642222
25708,1825.0005106642222
25709,1825.0005106642222
25710,1825.0005106642222
25711,1825.0005106642222
25712,1825.0005106642222
25713,1825.0005106642222
25714,1825.0005106642222
25715,1825.0005106642222
25716,1825.0005106642222
25717,1825.0005106642222
25718,1825.0005106642222
25719,1825.0005106642222
25720,1825.0005106642222
25721,1825.0005106642222
25722,1825.0005106642222
25723,1825.0005106642222
25724,1825.0005106642222
25725,1825.0005106642222
25726,1825.0005106642222
25727,1825.0005106642222
25728,1825.0005106642222
25729,1825.0005106642222
25730,1825.0005106642222
25731,1825.0005106642222
25732,1825.0005106642222
25733,1825.0005106642222
25734,1825.0005106642222
25735,1825.0005106642222
25736,1825.0005106642222
25737,1825.0005106642222
25738,1825.0005106642222
25739,1825.0005106642222
25740,1825.0005106642222
25741,1825.0005106642222
25742,1825.0005106642222
25743,1825.0005106642222
25744,1825.0005106642222
25745,1825.0005106642222
25746,1825.0005106642222
25747,1825.0005106642222
25748,1825.0005106642222
25749,1825.0005106642222
25750,1825.0005106642222
25751,1825.0005106642222
25752,1825.0005106642222
25753,1825.0005106642222
25754,1825.0005106642222
25755,1825.0005106642222
25756,1825.0005106642222
25757,1825.0005106642222
25758,1825.0005106642222
25759,1825.0005106642222
25760,1825.0005106642222
25761,1825.0005106642222
25762,1825.0005106642222
25763,1825.0005106642222
25764,1825.0005106642222
25765,1825.0005106642222
25766,1825.0005106642222
25767,1825.0005106642222
25768,1825.0005106642222
25769,1825.0005106642222
25770,1825.0005106642222
25771,1825.0005106642222
25772,1825.0005106642222
25773,1825.0005106642222
25774,1825.0005106642222
25775,1825.0005106642222
25776,1825.0005106642222
25777,1825.0005106642222
25778,1825.0005106642222
25779,1825.0005106642222
25780,1825.0005106642222
25781,1825.0005106642222
25782,1825.0005106642222
25783,1825.0005106642222
25784,1825.0005106642222
25785,1825.0005106642222
25786,1825.0005106642222
25787,1825.0005106642222
25788,1825.0005106642222
25789,1825.0005106642222
25790,1825.0005106642222
25791,1825.0005106642222
25792,1825.0005106642222
25793,1825.0005106642222
25794,1825.0005106642222
25795,1825.0005106642222
25796,1825.0005106642222
25797,1825.0005106642222
25798,1825.0005106642222
25799,1825.0005106642222
25800,1825.0005106642222
25801,1825.0005106642222
25802,1825.0005106642222
25803,1825.0005106642222
25804,1825.0005106642222
25805,1825.0005106642222
25806,1825.0005106642222
25807,1825.0005106642222
25808,1825.0005106642222
25809,1825.0005106642222
25810,1825.0005106642222
25811,1825.0005106642222
25812,1825.0005106642222
25813,1825.0005106642222
25814,1825.0005106642222
25815,1825.0005106642222
25816,1825.0005106642222
25817,1825.0005106642222
25818,1825.0005106642222
25819,1825.0005106642222
25820,1825.0005106642222
25821,1825.0005106642222
25822,1825.0005106642222
25823,1825.0005106642222
25824,1825.0005106642222
25825,1825.0005106642222
25826,1825.0005106642222
25827,1825.0005106642222
25828,1825.0005106642222
25829,1825.0005106642222
25830,1825.0005106642222
25831,1825.0005106642222
25832,1825.0005106642222
25833,1825.0005106642222
25834,1825.0005106642222
25835,1825.0005106642222
25836,1825.0005106642222
25837,1825.0005106642222
25838,1825.0005106642222
25839,1825.0005106642222
25840,1825.0005106642222
25841,1825.0005106642222
25842,1825.0005106642222
25843,1825.0005106642222
25844,1825.0005106642222
25845,1825.0005106642222
25846,1825.0005106642222
25847,1825.0005106642222
25848,1825.0005106642222
25849,1825.0005106642222
25850,1825.0005106642222
25851,1825.0005106642222
25852,1825.0005106642222
25853,1825.0005106642222
25854,1825.0005106642222
25855,1825.0005106642222
25856,1825.0005106642222
25857,1825.0005106642222
25858,1825.0005106642222
25859,1825.0005106642222
25860,1825.0005106642222
25861,1825.0005106642222
25862,1825.0005106642222
25863,1825.0005106642222
25864,1825.0005106642222
25865,1825.0005106642222
25866,1825.0005106642222
25867,1825.0005106642222
25868,1825.0005106642222
25869,1825.0005106642222
25870,1825.0005106642222
25871,1825.0005106642222
25872,1825.0005106642222
25873,1825.0005106642222
25874,1825.0005106642222
25875,1825.0005106642222
25876,1825.0005106642222
25877,1825.0005106642222
25878,1825.0005106642222
25879,1825.0005106642222
25880,1825.0005106642222
25881,1825.0005106642222
25882,1825.0005106642222
25883,1825.0005106642222
25884,1825.0005106642222
25885,1825.0005106642222
25886,1825.0005106642222
25887,1825.0005106642222
25888,1825.0005106642222
25889,1825.0005106642222
25890,1825.0005106642222
25891,1825.0005106642222
25892,1825.0005106642222
25893,1825.0005106642222
25894,1825.0005106642222
25895,1825.0005106642222
25896,1825.0005106642222
25897,1825.0005106642222
25898,1825.0005106642222
25899,1825.0005106642222
25900,1825.0005106642222
25901,1825.0005106642222
25902,1825.0005106642222
25903,1825.0005106642222
25904,1825.0005106642222
25905,1825.0005106642222
25906,1825.0005106642222
25907,1825.0005106642222
25908,1825.0005106642222
25909,1825.0005106642222
25910,1825.0005106642222
25911,1825.0005106642222
25912,1825.0005106642222
25913,1825.0005106642222
25914,1825.0005106642222
25915,1825.0005106642222
25916,1825.0005106642222
25917,1825.0005106642222
25918,1825.0005106642222
25919,1825.0005106642222
25920,1825.0005106642222
25921,1825.0005106642222
25922,1825.0005106642222
25923,1825.0005106642222
25924,1825.0005106642222
25925,1825.0005106642222
25926,1825.0005106642222
25927,1825.0005106642222
25928,1825.0005106642222
25929,1825.0005106642222
25930,1825.0005106642222
25931,1825.0005106642222
25932,1825.0005106642222
25933,1825.0005106642222
25934,1825.0005106642222
25935,1825.0005106642222
25936,1825.0005106642222
25937,1825.0005106642222
25938,1825.0005106642222
25939,1825.0005106642222
25940,1825.0005106642222
25941,1825.0005106642222
25942,1825.0005106642222
25943,1825.0005106642222
25944,1825.0005106642222
25945,1825.0005106642222
25946,1825.0005106642222
25947,1825.0005106642222
25948,1825.0005106642222
25949,1825.0005106642222
25950,1825.0005106642222
25951,1825.0005106642222
25952,1825.0005106642222
25953,1825.0005106642222
25954,1825.0005106642222
25955,1825.0005106642222
25956,1825.0005106642222
25957,1825.0005106642222
25958,1825.0005106642222
25959,1825.0005106642222
25960,1825.0005106642222
25961,1825.0005106642222
25962,1825.0005106642222
25963,1825.0005106642222
25964,1825.0005106642222
25965,1825.0005106642222
25966,1825.0005106642222
25967,1825.0005106642222
25968,1825.0005106642222
25969,1825.0005106642222
25970,1825.0005106642222
25971,1825.0005106642222
25972,1825.0005106642222
25973,1825.0005106642222
25974,1825.0005106642222
25975,1825.0005106642222
25976,1825.0005106642222
25977,1825.0005106642222
25978,1825.0005106642222
25979,1825.0005106642222
25980,1825.0005106642222
25981,1825.0005106642222
25982,1825.0005106642222
25983,1825.0005106642222
25984,1825.0005106642222
25985,1825.0005106642222
25986,1825.0005106642222
25987,1825.0005106642222
25988,1825.0005106642222
25989,1825.0005106642222
25990,1825.0005106642222
25991,1825.0005106642222
25992,1825.0005106642222
25993,1825.0005106642222
25994,1825.0005106642222
25995,1825.0005106642222
25996,1825.0005106642222
25997,1825.0005106642222
25998,1825.0005106642222
25999,1825.0005106642222
26000,1825.0005106642222
26001,1825.0005106642222
26002,1825.0005106642222
26003,1825.0005106642222
26004,1825.0005106642222
26005,1825.0005106642222
26006,1825.0005106642222
26007,1825.0005106642222
26008,1825.0005106642222
26009,1825.0005106642222
26010,1825.0005106642222
26011,1825.0005106642222
26012,1825.0005106642222
26013,1825.0005106642222
26014,1825.0005106642222
26015,1825.0005106642222
26016,1825.0005106642222
26017,1825.0005106642222
26018,1825.0005106642222
26019,1825.0005106642222
26020,1825.0005106642222
26021,1825.0005106642222
26022,1825.0005106642222
26023,1825.0005106642222
26024,1825.0005106642222
26025,1825.0005106642222
26026,1825.0005106642222
26027,1825.0005106642222
26028,1825.0005106642222
26029,1825.0005106642222
26030,1825.0005106642222
26031,1825.0005106642222
26032,1825.0005106642222
26033,1825.0005106642222
26034,1825.0005106642222
26035,1825.0005106642222
26036,1825.0005106642222
26037,1825.0005106642222
26038,1825.0005106642222
26039,1825.0005106642222
26040,1825.0005106642222
26041,1825.0005106642222
26042,1825.0005106642222
26043,1825.0005106642222
26044,1825.0005106642222
26045,1825.0005106642222
26046,1825.0005106642222
26047,1825.0005106642222
26048,1825.0005106642222
26049,1825.0005106642222
26050,1825.0005106642222
26051,1825.0005106642222
26052,1825.0005106642222
26053,1825.0005106642222
26054,1825.0005106642222
26055,1825.0005106642222
26056,1825.0005106642222
26057,1825.0005106642222
26058,1825.0005106642222
26059,1825.0005106642222
26060,1825.0005106642222
26061,1825.0005106642222
26062,1825.0005106642222
26063,1825.0005106642222
26064,1825.0005106642222
26065,1825.0005106642222
26066,1825.0005106642222
26067,1825.0005106642222
26068,1825.0005106642222
26069,1825.0005106642222
26070,1825.0005106642222
26071,1825.0005106642222
26072,1825.0005106642222
26073,1825.0005106642222
26074,1825.0005106642222
26075,1825.0005106642222
26076,1825.0005106642222
26077,1825.0005106642222
26078,1825.0005106642222
26079,1825.0005106642222
26080,1825.0005106642222
26081,1825.0005106642222
26082,1825.0005106642222
26083,1825.0005106642222
26084,1825.0005106642222
26085,1825.0005106642222
26086,1825.0005106642222
26087,1825.0005106642222
26088,1825.0005106642222
26089,1825.0005106642222
26090,1825.0005106642222
26091,1825.0005106642222
26092,1825.0005106642222
26093,1825.0005106642222
26094,1825.0005106642222
26095,1825.0005106642222
26096,1825.0005106642222
26097,1825.0005106642222
26098,1825.0005106642222
26099,1825.0005106642222
26100,1825.0005106642222
26101,1825.0005106642222
26102,1825.0005106642222
26103,1825.0005106642222
26104,1825.0005106642222
26105,1825.0005106642222
26106,1825.0005106642222
26107,1825.0005106642222
26108,1825.0005106642222
26109,1825.0005106642222
26110,1825.0005106642222
26111,1825.0005106642222
26112,1825.0005106642222
26113,1825.0005106642222
26114,1825.0005106642222
26115,1825.0005106642222
26116,1825.0005106642222
26117,1825.0005106642222
26118,1825.0005106642222
26119,1825.0005106642222
26120,1825.0005106642222
26121,1825.0005106642222
26122,1825.0005106642222
26123,1825.0005106642222
26124,1825.0005106642222
26125,1825.0005106642222
26126,1825.0005106642222
26127,1825.0005106642222
26128,1825.0005106642222
26129,1825.0005106642222
26130,1825.0005106642222
26131,1825.0005106642222
26132,1825.0005106642222
26133,1825.0005106642222
26134,1825.0005106642222
26135,1825.0005106642222
26136,1825.0005106642222
26137,1825.0005106642222
26138,1825.0005106642222
26139,1825.0005106642222
26140,1825.0005106642222
26141,1825.0005106642222
26142,1825.0005106642222
26143,1825.0005106642222
26144,1825.0005106642222
26145,1825.0005106642222
26146,1825.0005106642222
26147,1825.0005106642222
26148,1825.0005106642222
26149,1825.0005106642222
26150,1825.0005106642222
26151,1825.0005106642222
26152,1825.0005106642222
26153,1825.0005106642222
26154,1825.0005106642222
26155,1825.0005106642222
26156,1825.0005106642222
26157,1825.0005106642222
26158,1825.0005106642222
26159,1825.0005106642222
26160,1825.0005106642222
26161,1825.0005106642222
26162,1825.0005106642222
26163,1825.0005106642222
26164,1825.0005106642222
26165,1825.0005106642222
26166,1825.0005106642222
26167,1825.0005106642222
26168,1825.0005106642222
26169,1825.0005106642222
26170,1825.0005106642222
26171,1825.0005106642222
26172,1825.0005106642222
26173,1825.0005106642222
26174,1825.0005106642222
26175,1825.0005106642222
26176,1825.0005106642222
26177,1825.0005106642222
26178,1825.0005106642222
26179,1825.0005106642222
26180,1825.0005106642222
26181,1825.0005106642222
26182,1825.0005106642222
26183,1825.0005106642222
26184,1825.0005106642222
26185,1825.0005106642222
26186,1825.0005106642222
26187,1825.0005106642222
26188,1825.0005106642222
26189,1825.0005106642222
26190,1825.0005106642222
26191,1825.0005106642222
26192,1825.0005106642222
26193,1825.0005106642222
26194,1825.0005106642222
26195,1825.0005106642222
26196,1825.0005106642222
26197,1825.0005106642222
26198,1825.0005106642222
26199,1825.0005106642222
26200,1825.0005106642222
26201,1825.0005106642222
26202,1825.0005106642222
26203,1825.0005106642222
26204,1825.0005106642222
26205,1825.0005106642222
26206,1825.0005106642222
26207,1825.0005106642222
26208,1825.0005106642222
26209,1825.0005106642222
26210,1825.0005106642222
26211,1825.0005106642222
26212,1825.0005106642222
26213,1825.0005106642222
26214,1825.0005106642222
26215,1825.0005106642222
26216,1825.0005106642222
26217,1825.0005106642222
26218,1825.0005106642222
26219,1825.0005106642222
26220,1825.0005106642222
26221,1825.0005106642222
26222,1825.0005106642222
26223,1825.0005106642222
26224,1825.0005106642222
26225,1825.0005106642222
26226,1825.0005106642222
26227,1825.0005106642222
26228,1825.0005106642222
26229,1825.0005106642222
26230,1825.0005106642222
26231,1825.0005106642222
26232,1825.0005106642222
26233,1825.0005106642222
26234,1825.0005106642222
26235,1825.0005106642222
26236,1825.0005106642222
26237,1825.0005106642222
26238,1825.0005106642222
26239,1825.0005106642222
26240,1825.0005106642222
26241,1825.0005106642222
26242,1825.0005106642222
26243,1825.0005106642222
26244,1825.0005106642222
26245,1825.0005106642222
26246,1825.0005106642222
26247,1825.0005106642222
26248,1825.0005106642222
26249,1825.0005106642222
26250,1825.0005106642222
26251,1825.0005106642222
26252,1825.0005106642222
26253,1825.0005106642222
26254,1825.0005106642222
26255,1825.0005106642222
26256,1825.0005106642222
26257,1825.0005106642222
26258,1825.0005106642222
26259,1825.0005106642222
26260,1825.0005106642222
26261,1825.0005106642222
26262,1825.0005106642222
26263,1825.0005106642222
26264,1825.0005106642222
26265,1825.0005106642222
26266,1825.0005106642222
26267,1825.0005106642222
26268,1825.0005106642222
26269,1825.0005106642222
26270,1825.0005106642222
26271,1825.0005106642222
26272,1825.0005106642222
26273,1825.0005106642222
26274,1825.0005106642222
26275,1825.0005106642222
26276,1825.0005106642222
26277,1825.0005106642222
26278,1825.0005106642222
26279,1825.0005106642222
26280,1825.0005106642222
26281,1825.0005106642222
26282,1825.0005106642222
26283,1825.0005106642222
26284,1825.0005106642222
26285,1825.0005106642222
26286,1825.0005106642222
26287,1825.0005106642222
26288,1825.0005106642222
26289,1825.0005106642222
26290,1825.0005106642222
26291,1825.0005106642222
26292,1825.0005106642222
26293,1825.0005106642222
26294,1825.0005106642222
26295,1825.0005106642222
26296,1825.0005106642222
26297,1825.0005106642222
26298,1825.0005106642222
26299,1825.0005106642222
26300,1825.0005106642222
26301,1825.0005106642222
26302,1825.0005106642222
26303,1825.0005106642222
26304,1825.0005106642222
26305,1825.0005106642222
26306,1825.0005106642222
26307,1825.0005106642222
26308,1825.0005106642222
26309,1825.0005106642222
26310,1825.0005106642222
26311,1825.0005106642222
26312,1825.0005106642222
26313,1825.0005106642222
26314,1825.0005106642222
26315,1825.0005106642222
26316,1825.0005106642222
26317,1825.0005106642222
26318,1825.0005106642222
26319,1825.0005106642222
26320,1825.0005106642222
26321,1825.0005106642222
26322,1825.0005106642222
26323,1825.0005106642222
26324,1825.0005106642222
26325,1825.0005106642222
26326,1825.0005106642222
26327,1825.0005106642222
26328,1825.0005106642222
26329,1825.0005106642222
26330,1825.0005106642222
26331,1825.0005106642222
26332,1825.0005106642222
26333,1825.0005106642222
26334,1825.0005106642222
26335,1825.0005106642222
26336,1825.0005106642222
26337,1825.0005106642222
26338,1825.0005106642222
26339,1825.0005106642222
26340,1825.0005106642222
26341,1825.0005106642222
26342,1825.0005106642222
26343,1825.0005106642222
26344,1825.0005106642222
26345,1825.0005106642222
26346,1825.0005106642222
26347,1825.0005106642222
26348,1825.0005106642222
26349,1825.0005106642222
26350,1825.0005106642222
26351,1825.0005106642222
26352,1825.0005106642222
26353,1825.0005106642222
26354,1825.0005106642222
26355,1825.0005106642222
26356,1825.0005106642222
26357,1825.0005106642222
26358,1825.0005106642222
26359,1825.0005106642222
26360,1825.0005106642222
26361,1825.0005106642222
26362,1825.0005106642222
26363,1825.0005106642222
26364,1825.0005106642222
26365,1825.0005106642222
26366,1825.0005106642222
26367,1825.0005106642222
26368,1825.0005106642222
26369,1825.0005106642222
26370,1825.0005106642222
26371,1825.0005106642222
26372,1825.0005106642222
26373,1825.0005106642222
26374,1825.0005106642222
26375,1825.0005106642222
26376,1825.0005106642222
26377,1825.0005106642222
26378,1825.0005106642222
26379,1825.0005106642222
26380,1825.0005106642222
26381,1825.0005106642222
26382,1825.0005106642222
26383,1825.0005106642222
26384,1825.0005106642222
26385,1825.0005106642222
26386,1825.0005106642222
26387,1825.0005106642222
26388,1825.0005106642222
26389,1825.0005106642222
26390,1825.0005106642222
26391,1825.0005106642222
26392,1825.0005106642222
26393,1825.0005106642222
26394,1825.0005106642222
26395,1825.0005106642222
26396,1825.0005106642222
26397,1825.0005106642222
26398,1825.0005106642222
26399,1825.0005106642222
26400,1825.0005106642222
26401,1825.0005106642222
26402,1825.0005106642222
26403,1825.0005106642222
26404,1825.0005106642222
26405,1825.0005106642222
26406,1825.0005106642222
26407,1825.0005106642222
26408,1825.0005106642222
26409,1825.0005106642222
26410,1825.0005106642222
26411,1825.0005106642222
26412,1825.0005106642222
26413,1825.0005106642222
26414,1825.0005106642222
26415,1825.0005106642222
26416,1825.0005106642222
26417,1825.0005106642222
26418,1825.0005106642222
26419,1825.0005106642222
26420,1825.0005106642222
26421,1825.0005106642222
26422,1825.0005106642222
26423,1825.0005106642222
26424,1825.0005106642222
26425,1825.0005106642222
26426,1825.0005106642222
26427,1825.0005106642222
26428,1825.0005106642222
26429,1825.0005106642222
26430,1825.0005106642222
26431,1825.0005106642222
26432,1825.0005106642222
26433,1825.0005106642222
26434,1825.0005106642222
26435,1825.0005106642222
26436,1825.0005106642222
26437,1825.0005106642222
26438,1825.0005106642222
26439,1825.0005106642222
26440,1825.0005106642222
26441,1825.0005106642222
26442,1825.0005106642222
26443,1825.0005106642222
26444,1825.0005106642222
26445,1825.0005106642222
26446,1825.0005106642222
26447,1825.0005106642222
26448,1825.0005106642222
26449,1825.0005106642222
26450,1825.0005106642222
26451,1825.0005106642222
26452,1825.0005106642222
26453,1825.0005106642222
26454,1825.0005106642222
26455,1825.0005106642222
26456,1825.0005106642222
26457,1825.0005106642222
26458,1825.0005106642222
26459,1825.0005106642222
26460,1825.0005106642222
26461,1825.0005106642222
26462,1825.0005106642222
26463,1825.0005106642222
26464,1825.0005106642222
26465,1825.0005106642222
26466,1825.0005106642222
26467,1825.0005106642222
26468,1825.0005106642222
26469,1825.0005106642222
26470,1825.0005106642222
26471,1825.0005106642222
26472,1825.0005106642222
26473,1825.0005106642222
26474,1825.0005106642222
26475,1825.0005106642222
26476,1825.0005106642222
26477,1825.0005106642222
26478,1825.0005106642222
26479,1825.0005106642222
26480,1825.0005106642222
26481,1825.0005106642222
26482,1825.0005106642222
26483,1825.0005106642222
26484,1825.0005106642222
26485,1825.0005106642222
26486,1825.0005106642222
26487,1825.0005106642222
26488,1825.0005106642222
26489,1825.0005106642222
26490,1825.0005106642222
26491,1825.0005106642222
26492,1825.0005106642222
26493,1825.0005106642222
26494,1825.0005106642222
26495,1825.0005106642222
26496,1825.0005106642222
26497,1825.0005106642222
26498,1825.0005106642222
26499,1825.0005106642222
26500,1825.0005106642222
26501,1825.0005106642222
26502,1825.0005106642222
26503,1825.0005106642222
26504,1825.0005106642222
26505,1825.0005106642222
26506,1825.0005106642222
26507,1825.0005106642222
26508,1825.0005106642222
26509,1825.0005106642222
26510,1825.0005106642222
26511,1825.0005106642222
26512,1825.0005106642222
26513,1825.0005106642222
26514,1825.0005106642222
26515,1825.0005106642222
26516,1825.0005106642222
26517,1825.0005106642222
26518,1825.0005106642222
26519,1825.0005106642222
26520,1825.0005106642222
26521,1825.0005106642222
26522,1825.0005106642222
26523,1825.0005106642222
26524,1825.0005106642222
26525,1825.0005106642222
26526,1825.0005106642222
26527,1825.0005106642222
26528,1825.0005106642222
26529,1825.0005106642222
26530,1825.0005106642222
26531,1825.0005106642222
26532,1825.0005106642222
26533,1825.0005106642222
26534,1825.0005106642222
26535,1825.0005106642222
26536,1825.0005106642222
26537,1825.0005106642222
26538,1825.0005106642222
26539,1825.0005106642222
26540,1825.0005106642222
26541,1825.0005106642222
26542,1825.0005106642222
26543,1825.0005106642222
26544,1825.0005106642222
26545,1825.0005106642222
26546,1825.0005106642222
26547,1825.0005106642222
26548,1825.0005106642222
26549,1825.0005106642222
26550,1825.0005106642222
26551,1825.0005106642222
26552,1825.0005106642222
26553,1825.0005106642222
26554,1825.0005106642222
26555,1825.0005106642222
26556,1825.0005106642222
26557,1825.0005106642222
26558,1825.0005106642222
26559,1825.0005106642222
26560,1825.0005106642222
26561,1825.0005106642222
26562,1825.0005106642222
26563,1825.0005106642222
26564,1825.0005106642222
26565,1825.0005106642222
26566,1825.0005106642222
26567,1825.0005106642222
26568,1825.0005106642222
26569,1825.0005106642222
26570,1825.0005106642222
26571,1825.0005106642222
26572,1825.0005106642222
26573,1825.0005106642222
26574,1825.0005106642222
26575,1825.0005106642222
26576,1825.0005106642222
26577,1825.0005106642222
26578,1825.0005106642222
26579,1825.0005106642222
26580,1825.0005106642222
26581,1825.0005106642222
26582,1825.0005106642222
26583,1825.0005106642222
26584,1825.0005106642222
26585,1825.0005106642222
26586,1825.0005106642222
26587,1825.0005106642222
26588,1825.0005106642222
26589,1825.0005106642222
26590,1825.0005106642222
26591,1825.0005106642222
26592,1825.0005106642222
26593,1825.0005106642222
26594,1825.0005106642222
26595,1825.0005106642222
26596,1825.0005106642222
26597,1825.0005106642222
26598,1825.0005106642222
26599,1825.0005106642222
26600,1825.0005106642222
26601,1825.0005106642222
26602,1825.0005106642222
26603,1825.0005106642222
26604,1825.0005106642222
26605,1825.0005106642222
26606,1825.0005106642222
26607,1825.0005106642222
26608,1825.0005106642222
26609,1825.0005106642222
26610,1825.0005106642222
26611,1825.0005106642222
26612,1825.0005106642222
26613,1825.0005106642222
26614,1825.0005106642222
26615,1825.0005106642222
26616,1825.0005106642222
26617,1825.0005106642222
26618,1825.0005106642222
26619,1825.0005106642222
26620,1825.0005106642222
26621,1825.0005106642222
26622,1825.0005106642222
26623,1825.0005106642222
26624,1825.0005106642222
26625,1825.0005106642222
26626,1825.0005106642222
26627,1825.0005106642222
26628,1825.0005106642222
26629,1825.0005106642222
26630,1825.0005106642222
26631,1825.0005106642222
26632,1825.0005106642222
26633,1825.0005106642222
26634,1825.0005106642222
26635,1825.0005106642222
26636,1825.0005106642222
26637,1825.0005106642222
26638,1825.0005106642222
26639,1825.0005106642222
26640,1825.0005106642222
26641,1825.0005106642222
26642,1825.0005106642222
26643,1825.0005106642222
26644,1825.0005106642222
26645,1825.0005106642222
26646,1825.0005106642222
26647,1825.0005106642222
26648,1825.0005106642222
26649,1825.0005106642222
26650,1825.0005106642222
26651,1825.0005106642222
26652,1825.0005106642222
26653,1825.0005106642222
26654,1825.0005106642222
26655,1825.0005106642222
26656,1825.0005106642222
26657,1825.0005106642222
26658,1825.0005106642222
26659,1825.0005106642222
26660,1825.0005106642222
26661,1825.0005106642222
26662,1825.0005106642222
26663,1825.0005106642222
26664,1825.0005106642222
26665,1825.0005106642222
26666,1825.0005106642222
26667,1825.0005106642222
26668,1825.0005106642222
26669,1825.0005106642222
26670,1825.0005106642222
26671,1825.0005106642222
26672,1825.0005106642222
26673,1825.0005106642222
26674,1825.0005106642222
26675,1825.0005106642222
26676,1825.0005106642222
26677,1825.0005106642222
26678,1825.0005106642222
26679,1825.0005106642222
26680,1825.0005106642222
26681,1825.0005106642222
26682,1825.0005106642222
26683,1825.0005106642222
26684,1825.0005106642222
26685,1825.0005106642222
26686,1825.0005106642222
26687,1825.0005106642222
26688,1825.0005106642222
26689,1825.0005106642222
26690,1825.0005106642222
26691,1825.0005106642222
26692,1825.0005106642222
26693,1825.0005106642222
26694,1825.0005106642222
26695,1825.0005106642222
26696,1825.0005106642222
26697,1825.0005106642222
26698,1825.0005106642222
26699,1825.0005106642222
26700,1825.0005106642222
26701,1825.0005106642222
26702,1825.0005106642222
26703,1825.0005106642222
26704,1825.0005106642222
26705,1825.0005106642222
26706,1825.0005106642222
26707,1825.0005106642222
26708,1825.0005106642222
26709,1825.0005106642222
26710,1825.0005106642222
26711,1825.0005106642222
26712,1825.0005106642222
26713,1825.0005106642222
26714,1825.0005106642222
26715,1825.0005106642222
26716,1825.0005106642222
26717,1825.0005106642222
26718,1825.0005106642222
26719,1825.0005106642222
26720,1825.0005106642222
26721,1825.0005106642222
26722,1825.0005106642222
26723,1825.0005106642222
26724,1825.0005106642222
26725,1825.0005106642222
26726,1825.0005106642222
26727,1825.0005106642222
26728,1825.0005106642222
26729,1825.0005106642222
26730,1825.0005106642222
26731,1825.0005106642222
26732,1825.0005106642222
26733,1825.0005106642222
26734,1825.0005106642222
26735,1825.0005106642222
26736,1825.0005106642222
26737,1825.0005106642222
26738,1825.0005106642222
26739,1825.0005106642222
26740,1825.0005106642222
26741,1825.0005106642222
26742,1825.0005106642222
26743,1825.0005106642222
26744,1825.0005106642222
26745,1825.0005106642222
26746,1825.0005106642222
26747,1825.0005106642222
26748,1825.0005106642222
26749,1825.0005106642222
26750,1825.0005106642222
26751,1825.0005106642222
26752,1825.0005106642222
26753,1825.0005106642222
26754,1825.0005106642222
26755,1825.0005106642222
26756,1825.0005106642222
26757,1825.0005106642222
26758,1825.0005106642222
26759,1825.0005106642222
26760,1825.0005106642222
26761,1825.0005106642222
26762,1825.0005106642222
26763,1825.0005106642222
26764,1825.0005106642222
26765,1825.0005106642222
26766,1825.0005106642222
26767,1825.0005106642222
26768,1825.0005106642222
26769,1825.0005106642222
26770,1825.0005106642222
26771,1825.0005106642222
26772,1825.0005106642222
26773,1825.0005106642222
26774,1825.0005106642222
26775,1825.0005106642222
26776,1825.0005106642222
26777,1825.0005106642222
26778,1825.0005106642222
26779,1825.0005106642222
26780,1825.0005106642222
26781,1825.0005106642222
26782,1825.0005106642222
26783,1825.0005106642222
26784,1825.0005106642222
26785,1825.0005106642222
26786,1825.0005106642222
26787,1825.0005106642222
26788,1825.0005106642222
26789,1825.0005106642222
26790,1825.0005106642222
26791,1825.0005106642222
26792,1825.0005106642222
26793,1825.0005106642222
26794,1825.0005106642222
26795,1825.0005106642222
26796,1825.0005106642222
26797,1825.0005106642222
26798,1825.0005106642222
26799,1825.0005106642222
26800,1825.0005106642222
26801,1825.0005106642222
26802,1825.0005106642222
26803,1825.0005106642222
26804,1825.0005106642222
26805,1825.0005106642222
26806,1825.0005106642222
26807,1825.0005106642222
26808,1825.0005106642222
26809,1825.0005106642222
26810,1825.0005106642222
26811,1825.0005106642222
26812,1825.0005106642222
26813,1825.0005106642222
26814,1825.0005106642222
26815,1825.0005106642222
26816,1825.0005106642222
26817,1825.0005106642222
26818,1825.0005106642222
26819,1825.0005106642222
26820,1825.0005106642222
26821,1825.0005106642222
26822,1825.0005106642222
26823,1825.0005106642222
26824,1825.0005106642222
26825,1825.0005106642222
26826,1825.0005106642222
26827,1825.0005106642222
26828,1825.0005106642222
26829,1825.0005106642222
26830,1825.0005106642222
26831,1825.0005106642222
26832,1825.0005106642222
26833,1825.0005106642222
26834,1825.0005106642222
26835,1825.0005106642222
26836,1825.0005106642222
26837,1825.0005106642222
26838,1825.0005106642222
26839,1825.0005106642222
26840,1825.0005106642222
26841,1825.0005106642222
26842,1825.0005106642222
26843,1825.0005106642222
26844,1825.0005106642222
26845,1825.0005106642222
26846,1825.0005106642222
26847,1825.0005106642222
26848,1825.0005106642222
26849,1825.0005106642222
26850,1825.0005106642222
26851,1825.0005106642222
26852,1825.0005106642222
26853,1825.0005106642222
26854,1825.0005106642222
26855,1825.0005106642222
26856,1825.0005106642222
26857,1825.0005106642222
26858,1825.0005106642222
26859,1825.0005106642222
26860,1825.0005106642222
26861,1825.0005106642222
26862,1825.0005106642222
26863,1825.0005106642222
26864,1825.0005106642222
26865,1825.0005106642222
26866,1825.0005106642222
26867,1825.0005106642222
26868,1825.0005106642222
26869,1825.0005106642222
26870,1825.0005106642222
26871,1825.0005106642222
26872,1825.0005106642222
26873,1825.0005106642222
26874,1825.0005106642222
26875,1825.0005106642222
26876,1825.0005106642222
26877,1825.0005106642222
26878,1825.0005106642222
26879,1825.0005106642222
26880,1825.0005106642222
26881,1825.0005106642222
26882,1825.0005106642222
26883,1825.0005106642222
26884,1825.0005106642222
26885,1825.0005106642222
26886,1825.0005106642222
26887,1825.0005106642222
26888,1825.0005106642222
26889,1825.0005106642222
26890,1825.0005106642222
26891,1825.0005106642222
26892,1825.0005106642222
26893,1825.0005106642222
26894,1825.0005106642222
26895,1825.0005106642222
26896,1825.0005106642222
26897,1825.0005106642222
26898,1825.0005106642222
26899,1825.0005106642222
26900,1825.0005106642222
26901,1825.0005106642222
26902,1825.0005106642222
26903,1825.0005106642222
26904,1825.0005106642222
26905,1825.0005106642222
26906,1825.0005106642222
26907,1825.0005106642222
26908,1825.0005106642222
26909,1825.0005106642222
26910,1825.0005106642222
26911,1825.0005106642222
26912,1825.0005106642222
26913,1825.0005106642222
26914,1825.0005106642222
26915,1825.0005106642222
26916,1825.0005106642222
26917,1825.0005106642222
26918,1825.0005106642222
26919,1825.0005106642222
26920,1825.0005106642222
26921,1825.0005106642222
26922,1825.0005106642222
26923,1825.0005106642222
26924,1825.0005106642222
26925,1825.0005106642222
26926,1825.0005106642222
26927,1825.0005106642222
26928,1825.0005106642222
26929,1825.0005106642222
26930,1825.0005106642222
26931,1825.0005106642222
26932,1825.0005106642222
26933,1825.0005106642222
26934,1825.0005106642222
26935,1825.0005106642222
26936,1825.0005106642222
26937,1825.0005106642222
26938,1825.0005106642222
26939,1825.0005106642222
26940,1825.0005106642222
26941,1825.0005106642222
26942,1825.0005106642222
26943,1825.0005106642222
26944,1825.0005106642222
26945,1825.0005106642222
26946,1825.0005106642222
26947,1825.0005106642222
26948,1825.0005106642222
26949,1825.0005106642222
26950,1825.0005106642222
26951,1825.0005106642222
26952,1825.0005106642222
26953,1825.0005106642222
26954,1825.0005106642222
26955,1825.0005106642222
26956,1825.0005106642222
26957,1825.0005106642222
26958,1825.0005106642222
26959,1825.0005106642222
26960,1825.0005106642222
26961,1825.0005106642222
26962,1825.0005106642222
26963,1825.0005106642222
26964,1825.0005106642222
26965,1825.0005106642222
26966,1825.0005106642222
26967,1825.0005106642222
26968,1825.0005106642222
26969,1825.0005106642222
26970,1825.0005106642222
26971,1825.0005106642222
26972,1825.0005106642222
26973,1825.0005106642222
26974,1825.0005106642222
26975,1825.0005106642222
26976,1825.0005106642222
26977,1825.0005106642222
26978,1825.0005106642222
26979,1825.0005106642222
26980,1825.0005106642222
26981,1825.0005106642222
26982,1825.0005106642222
26983,1825.0005106642222
26984,1825.0005106642222
26985,1825.0005106642222
26986,1825.0005106642222
26987,1825.0005106642222
26988,1825.0005106642222
26989,1825.0005106642222
26990,1825.0005106642222
26991,1825.0005106642222
26992,1825.0005106642222
26993,1825.0005106642222
26994,1825.0005106642222
26995,1825.0005106642222
26996,1825.0005106642222
26997,1825.0005106642222
26998,1825.0005106642222
26999,1825.0005106642222
27000,1825.0005106642222
27001,1825.0005106642222
27002,1825.0005106642222
27003,1825.0005106642222
27004,1825.0005106642222
27005,1825.0005106642222
27006,1825.0005106642222
27007,1825.0005106642222
27008,1825.0005106642222
27009,1825.0005106642222
27010,1825.0005106642222
27011,1825.0005106642222
27012,1825.0005106642222
27013,1825.0005106642222
27014,1825.0005106642222
27015,1825.0005106642222
27016,1825.0005106642222
27017,1825.0005106642222
27018,1825.0005106642222
27019,1825.0005106642222
27020,1825.0005106642222
27021,1825.0005106642222
27022,1825.0005106642222
27023,1825.0005106642222
27024,1825.0005106642222
27025,1825.0005106642222
27026,1825.0005106642222
27027,1825.0005106642222
27028,1825.0005106642222
27029,1825.0005106642222
27030,1825.0005106642222
27031,1825.0005106642222
27032,1825.0005106642222
27033,1825.0005106642222
27034,1825.0005106642222
27035,1825.0005106642222
27036,1825.0005106642222
27037,1825.0005106642222
27038,1825.0005106642222
27039,1825.0005106642222
27040,1825.0005106642222
27041,1825.0005106642222
27042,1825.0005106642222
27043,1825.0005106642222
27044,1825.0005106642222
27045,1825.0005106642222
27046,1825.0005106642222
27047,1825.0005106642222
27048,1825.0005106642222
27049,1825.0005106642222
27050,1825.0005106642222
27051,1825.0005106642222
27052,1825.0005106642222
27053,1825.0005106642222
27054,1825.0005106642222
27055,1825.0005106642222
27056,1825.0005106642222
27057,1825.0005106642222
27058,1825.0005106642222
27059,1825.0005106642222
27060,1825.0005106642222
27061,1825.0005106642222
27062,1825.0005106642222
27063,1825.0005106642222
27064,1825.0005106642222
27065,1825.0005106642222
27066,1825.0005106642222
27067,1825.0005106642222
27068,1825.0005106642222
27069,1825.0005106642222
27070,1825.0005106642222
27071,1825.0005106642222
27072,1825.0005106642222
27073,1825.0005106642222
27074,1825.0005106642222
27075,1825.0005106642222
27076,1825.0005106642222
27077,1825.0005106642222
27078,1825.0005106642222
27079,1825.0005106642222
27080,1825.0005106642222
27081,1825.0005106642222
27082,1825.0005106642222
27083,1825.0005106642222
27084,1825.0005106642222
27085,1825.0005106642222
27086,1825.0005106642222
27087,1825.0005106642222
27088,1825.0005106642222
27089,1825.0005106642222
27090,1825.0005106642222
27091,1825.0005106642222
27092,1825.0005106642222
27093,1825.0005106642222
27094,1825.0005106642222
27095,1825.0005106642222
27096,1825.0005106642222
27097,1825.0005106642222
27098,1825.0005106642222
27099,1825.0005106642222
27100,1825.0005106642222
27101,1825.0005106642222
27102,1825.0005106642222
27103,1825.0005106642222
27104,1825.0005106642222
27105,1825.0005106642222
27106,1825.0005106642222
27107,1825.0005106642222
27108,1825.0005106642222
27109,1825.0005106642222
27110,1825.0005106642222
27111,1825.0005106642222
27112,1825.0005106642222
27113,1825.0005106642222
27114,1825.0005106642222
27115,1825.0005106642222
27116,1825.0005106642222
27117,1825.0005106642222
27118,1825.0005106642222
27119,1825.0005106642222
27120,1825.0005106642222
27121,1825.0005106642222
27122,1825.0005106642222
27123,1825.0005106642222
27124,1825.0005106642222
27125,1825.0005106642222
27126,1825.0005106642222
27127,1825.0005106642222
27128,1825.0005106642222
27129,1825.0005106642222
27130,1825.0005106642222
27131,1825.0005106642222
27132,1825.0005106642222
27133,1825.0005106642222
27134,1825.0005106642222
27135,1825.0005106642222
27136,1825.0005106642222
27137,1825.0005106642222
27138,1825.0005106642222
27139,1825.0005106642222
27140,1825.0005106642222
27141,1825.0005106642222
27142,1825.0005106642222
27143,1825.0005106642222
27144,1825.0005106642222
27145,1825.0005106642222
27146,1825.0005106642222
27147,1825.0005106642222
27148,1825.0005106642222
27149,1825.0005106642222
27150,1825.0005106642222
27151,1825.0005106642222
27152,1825.0005106642222
27153,1825.0005106642222
27154,1825.0005106642222
27155,1825.0005106642222
27156,1825.0005106642222
27157,1825.0005106642222
27158,1825.0005106642222
27159,1825.0005106642222
27160,1825.0005106642222
27161,1825.0005106642222
27162,1825.0005106642222
27163,1825.0005106642222
27164,1825.0005106642222
27165,1825.0005106642222
27166,1825.0005106642222
27167,1825.0005106642222
27168,1825.0005106642222
27169,1825.0005106642222
27170,1825.0005106642222
27171,1825.0005106642222
27172,1825.0005106642222
27173,1825.0005106642222
27174,1825.0005106642222
27175,1825.0005106642222
27176,1825.0005106642222
27177,1825.0005106642222
27178,1825.0005106642222
27179,1825.0005106642222
27180,1825.0005106642222
27181,1825.0005106642222
27182,1825.0005106642222
27183,1825.0005106642222
27184,1825.0005106642222
27185,1825.0005106642222
27186,1825.0005106642222
27187,1825.0005106642222
27188,1825.0005106642222
27189,1825.0005106642222
27190,1825.0005106642222
27191,1825.0005106642222
27192,1825.0005106642222
27193,1825.0005106642222
27194,1825.0005106642222
27195,1825.0005106642222
27196,1825.0005106642222
27197,1825.0005106642222
27198,1825.0005106642222
27199,1825.0005106642222
27200,1825.0005106642222
27201,1825.0005106642222
27202,1825.0005106642222
27203,1825.0005106642222
27204,1825.0005106642222
27205,1825.0005106642222
27206,1825.0005106642222
27207,1825.0005106642222
27208,1825.0005106642222
27209,1825.0005106642222
27210,1825.0005106642222
27211,1825.0005106642222
27212,1825.0005106642222
27213,1825.0005106642222
27214,1825.0005106642222
27215,1825.0005106642222
27216,1825.0005106642222
27217,1825.0005106642222
27218,1825.0005106642222
27219,1825.0005106642222
27220,1825.0005106642222
27221,1825.0005106642222
27222,1825.0005106642222
27223,1825.0005106642222
27224,1825.0005106642222
27225,1825.0005106642222
27226,1825.0005106642222
27227,1825.0005106642222
27228,1825.0005106642222
27229,1825.0005106642222
27230,1825.0005106642222
27231,1825.0005106642222
27232,1825.0005106642222
27233,1825.0005106642222
27234,1825.0005106642222
27235,1825.0005106642222
27236,1825.0005106642222
27237,1825.0005106642222
27238,1825.0005106642222
27239,1825.0005106642222
27240,1825.0005106642222
27241,1825.0005106642222
27242,1825.0005106642222
27243,1825.0005106642222
27244,1825.0005106642222
27245,1825.0005106642222
27246,1825.0005106642222
27247,1825.0005106642222
27248,1825.0005106642222
27249,1825.0005106642222
27250,1825.0005106642222
27251,1825.0005106642222
27252,1825.0005106642222
27253,1825.0005106642222
27254,1825.0005106642222
27255,1825.0005106642222
27256,1825.0005106642222
27257,1825.0005106642222
27258,1825.0005106642222
27259,1825.0005106642222
27260,1825.0005106642222
27261,1825.0005106642222
27262,1825.0005106642222
27263,1825.0005106642222
27264,1825.0005106642222
27265,1825.0005106642222
27266,1825.0005106642222
27267,1825.0005106642222
27268,1825.0005106642222
27269,1825.0005106642222
27270,1825.0005106642222
27271,1825.0005106642222
27272,1825.0005106642222
27273,1825.0005106642222
27274,1825.0005106642222
27275,1825.0005106642222
27276,1825.0005106642222
27277,1825.0005106642222
27278,1825.0005106642222
27279,1825.0005106642222
27280,1825.0005106642222
27281,1825.0005106642222
27282,1825.0005106642222
27283,1825.0005106642222
27284,1825.0005106642222
27285,1825.0005106642222
27286,1825.0005106642222
27287,1825.0005106642222
27288,1825.0005106642222
27289,1825.0005106642222
27290,1825.0005106642222
27291,1825.0005106642222
27292,1825.0005106642222
27293,1825.0005106642222
27294,1825.0005106642222
27295,1825.0005106642222
27296,1825.0005106642222
27297,1825.0005106642222
27298,1825.0005106642222
27299,1825.0005106642222
27300,1825.0005106642222
27301,1825.0005106642222
27302,1825.0005106642222
27303,1825.0005106642222
27304,1825.0005106642222
27305,1825.0005106642222
27306,1825.0005106642222
27307,1825.0005106642222
27308,1825.0005106642222
27309,1825.0005106642222
27310,1825.0005106642222
27311,1825.0005106642222
27312,1825.0005106642222
27313,1825.0005106642222
27314,1825.0005106642222
27315,1825.0005106642222
27316,1825.0005106642222
27317,1825.0005106642222
27318,1825.0005106642222
27319,1825.0005106642222
27320,1825.0005106642222
27321,1825.0005106642222
27322,1825.0005106642222
27323,1825.0005106642222
27324,1825.0005106642222
27325,1825.0005106642222
27326,1825.0005106642222
27327,1825.0005106642222
27328,1825.0005106642222
27329,1825.0005106642222
27330,1825.0005106642222
27331,1825.0005106642222
27332,1825.0005106642222
27333,1825.0005106642222
27334,1825.0005106642222
27335,1825.0005106642222
27336,1825.0005106642222
27337,1825.0005106642222
27338,1825.0005106642222
27339,1825.0005106642222
27340,1825.0005106642222
27341,1825.0005106642222
27342,1825.0005106642222
27343,1825.0005106642222
27344,1825.0005106642222
27345,1825.0005106642222
27346,1825.0005106642222
27347,1825.0005106642222
27348,1825.0005106642222
27349,1825.0005106642222
27350,1825.0005106642222
27351,1825.0005106642222
27352,1825.0005106642222
27353,1825.0005106642222
27354,1825.0005106642222
27355,1825.0005106642222
27356,1825.0005106642222
27357,1825.0005106642222
27358,1825.0005106642222
27359,1825.0005106642222
27360,1825.0005106642222
27361,1825.0005106642222
27362,1825.0005106642222
27363,1825.0005106642222
27364,1825.0005106642222
27365,1825.0005106642222
27366,1825.0005106642222
27367,1825.0005106642222
27368,1825.0005106642222
27369,1825.0005106642222
27370,1825.0005106642222
27371,1825.0005106642222
27372,1825.0005106642222
27373,1825.0005106642222
27374,1825.0005106642222
27375,1825.0005106642222
27376,1825.0005106642222
27377,1825.0005106642222
27378,1825.0005106642222
27379,1825.0005106642222
27380,1825.0005106642222
27381,1825.0005106642222
27382,1825.0005106642222
27383,1825.0005106642222
27384,1825.0005106642222
27385,1825.0005106642222
27386,1825.0005106642222
27387,1825.0005106642222
27388,1825.0005106642222
27389,1825.0005106642222
27390,1825.0005106642222
27391,1825.0005106642222
27392,1825.0005106642222
27393,1825.0005106642222
27394,1825.0005106642222
27395,1825.0005106642222
27396,1825.0005106642222
27397,1825.0005106642222
27398,1825.0005106642222
27399,1825.0005106642222
27400,1825.0005106642222
27401,1825.0005106642222
27402,1825.0005106642222
27403,1825.0005106642222
27404,1825.0005106642222
27405,1825.0005106642222
27406,1825.0005106642222
27407,1825.0005106642222
27408,1825.0005106642222
27409,1825.0005106642222
27410,1825.0005106642222
27411,1825.0005106642222
27412,1825.0005106642222
27413,1825.0005106642222
27414,1825.0005106642222
27415,1825.0005106642222
27416,1825.0005106642222
27417,1825.0005106642222
27418,1825.0005106642222
27419,1825.0005106642222
27420,1825.0005106642222
27421,1825.0005106642222
27422,1825.0005106642222
27423,1825.0005106642222
27424,1825.0005106642222
27425,1825.0005106642222
27426,1825.0005106642222
27427,1825.0005106642222
27428,1825.0005106642222
27429,1825.0005106642222
27430,1825.0005106642222
27431,1825.0005106642222
27432,1825.0005106642222
27433,1825.0005106642222
27434,1825.0005106642222
27435,1825.0005106642222
27436,1825.0005106642222
27437,1825.0005106642222
27438,1825.0005106642222
27439,1825.0005106642222
27440,1825.0005106642222
27441,1825.0005106642222
27442,1825.0005106642222
27443,1825.0005106642222
27444,1825.0005106642222
27445,1825.0005106642222
27446,1825.0005106642222
27447,1825.0005106642222
27448,1825.0005106642222
27449,1825.0005106642222
27450,1825.0005106642222
27451,1825.0005106642222
27452,1825.0005106642222
27453,1825.0005106642222
27454,1825.0005106642222
27455,1825.0005106642222
27456,1825.0005106642222
27457,1825.0005106642222
27458,1825.0005106642222
27459,1825.0005106642222
27460,1825.0005106642222
27461,1825.0005106642222
27462,1825.0005106642222
27463,1825.0005106642222
27464,1825.0005106642222
27465,1825.0005106642222
27466,1825.0005106642222
27467,1825.0005106642222
27468,1825.0005106642222
27469,1825.0005106642222
27470,1825.0005106642222
27471,1825.0005106642222
27472,1825.0005106642222
27473,1825.0005106642222
27474,1825.0005106642222
27475,1825.0005106642222
27476,1825.0005106642222
27477,1825.0005106642222
27478,1825.0005106642222
27479,1825.0005106642222
27480,1825.0005106642222
27481,1825.0005106642222
27482,1825.0005106642222
27483,1825.0005106642222
27484,1825.0005106642222
27485,1825.0005106642222
27486,1825.0005106642222
27487,1825.0005106642222
27488,1825.0005106642222
27489,1825.0005106642222
27490,1825.0005106642222
27491,1825.0005106642222
27492,1825.0005106642222
27493,1825.0005106642222
27494,1825.0005106642222
27495,1825.0005106642222
27496,1825.0005106642222
27497,1825.0005106642222
27498,1825.0005106642222
27499,1825.0005106642222
27500,1825.0005106642222
27501,1825.0005106642222
27502,1825.0005106642222
27503,1825.0005106642222
27504,1825.0005106642222
27505,1825.0005106642222
27506,1825.0005106642222
27507,1825.0005106642222
27508,1825.0005106642222
27509,1825.0005106642222
27510,1825.0005106642222
27511,1825.0005106642222
27512,1825.0005106642222
27513,1825.0005106642222
27514,1825.0005106642222
27515,1825.0005106642222
27516,1825.0005106642222
27517,1825.0005106642222
27518,1825.0005106642222
27519,1825.0005106642222
27520,1825.0005106642222
27521,1825.0005106642222
27522,1825.0005106642222
27523,1825.0005106642222
27524,1825.0005106642222
27525,1825.0005106642222
27526,1825.0005106642222
27527,1825.0005106642222
27528,1825.0005106642222
27529,1825.0005106642222
27530,1825.0005106642222
27531,1825.0005106642222
27532,1825.0005106642222
27533,1825.0005106642222
27534,1825.0005106642222
27535,1825.0005106642222
27536,1825.0005106642222
27537,1825.0005106642222
27538,1825.0005106642222
27539,1825.0005106642222
27540,1825.0005106642222
27541,1825.0005106642222
27542,1825.0005106642222
27543,1825.0005106642222
27544,1825.0005106642222
27545,1825.0005106642222
27546,1825.0005106642222
27547,1825.0005106642222
27548,1825.0005106642222
27549,1825.0005106642222
27550,1825.0005106642222
27551,1825.0005106642222
27552,1825.0005106642222
27553,1825.0005106642222
27554,1825.0005106642222
27555,1825.0005106642222
27556,1825.0005106642222
27557,1825.0005106642222
27558,1825.0005106642222
27559,1825.0005106642222
27560,1825.0005106642222
27561,1825.0005106642222
27562,1825.0005106642222
27563,1825.0005106642222
27564,1825.0005106642222
27565,1825.0005106642222
27566,1825.0005106642222
27567,1825.0005106642222
27568,1825.0005106642222
27569,1825.0005106642222
27570,1825.0005106642222
27571,1825.0005106642222
27572,1825.0005106642222
27573,1825.0005106642222
27574,1825.0005106642222
27575,1825.0005106642222
27576,1825.0005106642222
27577,1825.0005106642222
27578,1825.0005106642222
27579,1825.0005106642222
27580,1825.0005106642222
27581,1825.0005106642222
27582,1825.0005106642222
27583,1825.0005106642222
27584,1825.0005106642222
27585,1825.0005106642222
27586,1825.0005106642222
27587,1825.0005106642222
27588,1825.0005106642222
27589,1825.0005106642222
27590,1825.0005106642222
27591,1825.0005106642222
27592,1825.0005106642222
27593,1825.0005106642222
27594,1825.0005106642222
27595,1825.0005106642222
27596,1825.0005106642222
27597,1825.0005106642222
27598,1825.0005106642222
27599,1825.0005106642222
27600,1825.0005106642222
27601,1825.0005106642222
27602,1825.0005106642222
27603,1825.0005106642222
27604,1825.0005106642222
27605,1825.0005106642222
27606,1825.0005106642222
27607,1825.0005106642222
27608,1825.0005106642222
27609,1825.0005106642222
27610,1825.0005106642222
27611,1825.0005106642222
27612,1825.0005106642222
27613,1825.0005106642222
27614,1825.0005106642222
27615,1825.0005106642222
27616,1825.0005106642222
27617,1825.0005106642222
27618,1825.0005106642222
27619,1825.0005106642222
27620,1825.0005106642222
27621,1825.0005106642222
27622,1825.0005106642222
27623,1825.0005106642222
27624,1825.0005106642222
27625,1825.0005106642222
27626,1825.0005106642222
27627,1825.0005106642222
27628,1825.0005106642222
27629,1825.0005106642222
27630,1825.0005106642222
27631,1825.0005106642222
27632,1825.0005106642222
27633,1825.0005106642222
27634,1825.0005106642222
27635,1825.0005106642222
27636,1825.0005106642222
27637,1825.0005106642222
27638,1825.0005106642222
27639,1825.0005106642222
27640,1825.0005106642222
27641,1825.0005106642222
27642,1825.0005106642222
27643,1825.0005106642222
27644,1825.0005106642222
27645,1825.0005106642222
27646,1825.0005106642222
27647,1825.0005106642222
27648,1825.0005106642222
27649,1825.0005106642222
27650,1825.0005106642222
27651,1825.0005106642222
27652,1825.0005106642222
27653,1825.0005106642222
27654,1825.0005106642222
27655,1825.0005106642222
27656,1825.0005106642222
27657,1825.0005106642222
27658,1825.0005106642222
27659,1825.0005106642222
27660,1825.0005106642222
27661,1825.0005106642222
27662,1825.0005106642222
27663,1825.0005106642222
27664,1825.0005106642222
27665,1825.0005106642222
27666,1825.0005106642222
27667,1825.0005106642222
27668,1825.0005106642222
27669,1825.0005106642222
27670,1825.0005106642222
27671,1825.0005106642222
27672,1825.0005106642222
27673,1825.0005106642222
27674,1825.0005106642222
27675,1825.0005106642222
27676,1825.0005106642222
27677,1825.0005106642222
27678,1825.0005106642222
27679,1825.0005106642222
27680,1825.0005106642222
27681,1825.0005106642222
27682,1825.0005106642222
27683,1825.0005106642222
27684,1825.0005106642222
27685,1825.0005106642222
27686,1825.0005106642222
27687,1825.0005106642222
27688,1825.0005106642222
27689,1825.0005106642222
27690,1825.0005106642222
27691,1825.0005106642222
27692,1825.0005106642222
27693,1825.0005106642222
27694,1825.0005106642222
27695,1825.0005106642222
27696,1825.0005106642222
27697,1825.0005106642222
27698,1825.0005106642222
27699,1825.0005106642222
27700,1825.0005106642222
27701,1825.0005106642222
27702,1825.0005106642222
27703,1825.0005106642222
27704,1825.0005106642222
27705,1825.0005106642222
27706,1825.0005106642222
27707,1825.0005106642222
27708,1825.0005106642222
27709,1825.0005106642222
27710,1825.0005106642222
27711,1825.0005106642222
27712,1825.0005106642222
27713,1825.0005106642222
27714,1825.0005106642222
27715,1825.0005106642222
27716,1825.0005106642222
27717,1825.0005106642222
27718,1825.0005106642222
27719,1825.0005106642222
27720,1825.0005106642222
27721,1825.0005106642222
27722,1825.0005106642222
27723,1825.0005106642222
27724,1825.0005106642222
27725,1825.0005106642222
27726,1825.0005106642222
27727,1825.0005106642222
27728,1825.0005106642222
27729,1825.0005106642222
27730,1825.0005106642222
27731,1825.0005106642222
27732,1825.0005106642222
27733,1825.0005106642222
27734,1825.0005106642222
27735,1825.0005106642222
27736,1825.0005106642222
27737,1825.0005106642222
27738,1825.0005106642222
27739,1825.0005106642222
27740,1825.0005106642222
27741,1825.0005106642222
27742,1825.0005106642222
27743,1825.0005106642222
27744,1825.0005106642222
27745,1825.0005106642222
27746,1825.0005106642222
27747,1825.0005106642222
27748,1825.0005106642222
27749,1825.0005106642222
27750,1825.0005106642222
27751,1825.0005106642222
27752,1825.0005106642222
27753,1825.0005106642222
27754,1825.0005106642222
27755,1825.0005106642222
27756,1825.0005106642222
27757,1825.0005106642222
27758,1825.0005106642222
27759,1825.0005106642222
27760,1825.0005106642222
27761,1825.0005106642222
27762,1825.0005106642222
27763,1825.0005106642222
27764,1825.0005106642222
27765,1825.0005106642222
27766,1825.0005106642222
27767,1825.0005106642222
27768,1825.0005106642222
27769,1825.0005106642222
27770,1825.0005106642222
27771,1825.0005106642222
27772,1825.0005106642222
27773,1825.0005106642222
27774,1825.0005106642222
27775,1825.0005106642222
27776,1825.0005106642222
27777,1825.0005106642222
27778,1825.0005106642222
27779,1825.0005106642222
27780,1825.0005106642222
27781,1825.0005106642222
27782,1825.0005106642222
27783,1825.0005106642222
27784,1825.0005106642222
27785,1825.0005106642222
27786,1825.0005106642222
27787,1825.0005106642222
27788,1825.0005106642222
27789,1825.0005106642222
27790,1825.0005106642222
27791,1825.0005106642222
27792,1825.0005106642222
27793,1825.0005106642222
27794,1825.0005106642222
27795,1825.0005106642222
27796,1825.0005106642222
27797,1825.0005106642222
27798,1825.0005106642222
27799,1825.0005106642222
27800,1825.0005106642222
27801,1825.0005106642222
27802,1825.0005106642222
27803,1825.0005106642222
27804,1825.0005106642222
27805,1825.0005106642222
27806,1825.0005106642222
27807,1825.0005106642222
27808,1825.0005106642222
27809,1825.0005106642222
27810,1825.0005106642222
27811,1825.0005106642222
27812,1825.0005106642222
27813,1825.0005106642222
27814,1825.0005106642222
27815,1825.0005106642222
27816,1825.0005106642222
27817,1825.0005106642222
27818,1825.0005106642222
27819,1825.0005106642222
27820,1825.0005106642222
27821,1825.0005106642222
27822,1825.0005106642222
27823,1825.0005106642222
27824,1825.0005106642222
27825,1825.0005106642222
27826,1825.0005106642222
27827,1825.0005106642222
27828,1825.0005106642222
27829,1825.0005106642222
27830,1825.0005106642222
27831,1825.0005106642222
27832,1825.0005106642222
27833,1825.0005106642222
27834,1825.0005106642222
27835,1825.0005106642222
27836,1825.0005106642222
27837,1825.0005106642222
27838,1825.0005106642222
27839,1825.0005106642222
27840,1825.0005106642222
27841,1825.0005106642222
27842,1825.0005106642222
27843,1825.0005106642222
27844,1825.0005106642222
27845,1825.0005106642222
27846,1825.0005106642222
27847,1825.0005106642222
27848,1825.0005106642222
27849,1825.0005106642222
27850,1825.0005106642222
27851,1825.0005106642222
27852,1825.0005106642222
27853,1825.0005106642222
27854,1825.0005106642222
27855,1825.0005106642222
27856,1825.0005106642222
27857,1825.0005106642222
27858,1825.0005106642222
27859,1825.0005106642222
27860,1825.0005106642222
27861,1825.0005106642222
27862,1825.0005106642222
27863,1825.0005106642222
27864,1825.0005106642222
27865,1825.0005106642222
27866,1825.0005106642222
27867,1825.0005106642222
27868,1825.0005106642222
27869,1825.0005106642222
27870,1825.0005106642222
27871,1825.0005106642222
27872,1825.0005106642222
27873,1825.0005106642222
27874,1825.0005106642222
27875,1825.0005106642222
27876,1825.0005106642222
27877,1825.0005106642222
27878,1825.0005106642222
27879,1825.0005106642222
27880,1825.0005106642222
27881,1825.0005106642222
27882,1825.0005106642222
27883,1825.0005106642222
27884,1825.0005106642222
27885,1825.0005106642222
27886,1825.0005106642222
27887,1825.0005106642222
27888,1825.0005106642222
27889,1825.0005106642222
27890,1825.0005106642222
27891,1825.0005106642222
27892,1825.0005106642222
27893,1825.0005106642222
27894,1825.0005106642222
27895,1825.0005106642222
27896,1825.0005106642222
27897,1825.0005106642222
27898,1825.0005106642222
27899,1825.0005106642222
27900,1825.0005106642222
27901,1825.0005106642222
27902,1825.0005106642222
27903,1825.0005106642222
27904,1825.0005106642222
27905,1825.0005106642222
27906,1825.0005106642222
27907,1825.0005106642222
27908,1825.0005106642222
27909,1825.0005106642222
27910,1825.0005106642222
27911,1825.0005106642222
27912,1825.0005106642222
27913,1825.0005106642222
27914,1825.0005106642222
27915,1825.0005106642222
27916,1825.0005106642222
27917,1825.0005106642222
27918,1825.0005106642222
27919,1825.0005106642222
27920,1825.0005106642222
27921,1825.0005106642222
27922,1825.0005106642222
27923,1825.0005106642222
27924,1825.0005106642222
27925,1825.0005106642222
27926,1825.0005106642222
27927,1825.0005106642222
27928,1825.0005106642222
27929,1825.0005106642222
27930,1825.0005106642222
27931,1825.0005106642222
27932,1825.0005106642222
27933,1825.0005106642222
27934,1825.0005106642222
27935,1825.0005106642222
27936,1825.0005106642222
27937,1825.0005106642222
27938,1825.0005106642222
27939,1825.0005106642222
27940,1825.0005106642222
27941,1825.0005106642222
27942,1825.0005106642222
27943,1825.0005106642222
27944,1825.0005106642222
27945,1825.0005106642222
27946,1825.0005106642222
27947,1825.0005106642222
27948,1825.0005106642222
27949,1825.0005106642222
27950,1825.0005106642222
27951,1825.0005106642222
27952,1825.0005106642222
27953,1825.0005106642222
27954,1825.0005106642222
27955,1825.0005106642222
27956,1825.0005106642222
27957,1825.0005106642222
27958,1825.0005106642222
27959,1825.0005106642222
27960,1825.0005106642222
27961,1825.0005106642222
27962,1825.0005106642222
27963,1825.0005106642222
27964,1825.0005106642222
27965,1825.0005106642222
27966,1825.0005106642222
27967,1825.0005106642222
27968,1825.0005106642222
27969,1825.0005106642222
27970,1825.0005106642222
27971,1825.0005106642222
27972,1825.0005106642222
27973,1825.0005106642222
27974,1825.0005106642222
27975,1825.0005106642222
27976,1825.0005106642222
27977,1825.0005106642222
27978,1825.0005106642222
27979,1825.0005106642222
27980,1825.0005106642222
27981,1825.0005106642222
27982,1825.0005106642222
27983,1825.0005106642222
27984,1825.0005106642222
27985,1825.0005106642222
27986,1825.0005106642222
27987,1825.0005106642222
27988,1825.0005106642222
27989,1825.0005106642222
27990,1825.0005106642222
27991,1825.0005106642222
27992,1825.0005106642222
27993,1825.0005106642222
27994,1825.0005106642222
27995,1825.0005106642222
27996,1825.0005106642222
27997,1825.0005106642222
27998,1825.0005106642222
27999,1825.0005106642222
28000,1825.0005106642222
28001,1825.0005106642222
28002,1825.0005106642222
28003,1825.0005106642222
28004,1825.0005106642222
28005,1825.0005106642222
28006,1825.0005106642222
28007,1825.0005106642222
28008,1825.0005106642222
28009,1825.0005106642222
28010,1825.0005106642222
28011,1825.0005106642222
28012,1825.0005106642222
28013,1825.0005106642222
28014,1825.0005106642222
28015,1825.0005106642222
28016,1825.0005106642222
28017,1825.0005106642222
28018,1825.0005106642222
28019,1825.0005106642222
28020,1825.0005106642222
28021,1825.0005106642222
28022,1825.0005106642222
28023,1825.0005106642222
28024,1825.0005106642222
28025,1825.0005106642222
28026,1825.0005106642222
28027,1825.0005106642222
28028,1825.0005106642222
28029,1825.0005106642222
28030,1825.0005106642222
28031,1825.0005106642222
28032,1825.0005106642222
28033,1825.0005106642222
28034,1825.0005106642222
28035,1825.0005106642222
28036,1825.0005106642222
28037,1825.0005106642222
28038,1825.0005106642222
28039,1825.0005106642222
28040,1825.0005106642222
28041,1825.0005106642222
28042,1825.0005106642222
28043,1825.0005106642222
28044,1825.0005106642222
28045,1825.0005106642222
28046,1825.0005106642222
28047,1825.0005106642222
28048,1825.0005106642222
28049,1825.0005106642222
28050,1825.0005106642222
28051,1825.0005106642222
28052,1825.0005106642222
28053,1825.0005106642222
28054,1825.0005106642222
28055,1825.0005106642222
28056,1825.0005106642222
28057,1825.0005106642222
28058,1825.0005106642222
28059,1825.0005106642222
28060,1825.0005106642222
28061,1825.0005106642222
28062,1825.0005106642222
28063,1825.0005106642222
28064,1825.0005106642222
28065,1825.0005106642222
28066,1825.0005106642222
28067,1825.0005106642222
28068,1825.0005106642222
28069,1825.0005106642222
28070,1825.0005106642222
28071,1825.0005106642222
28072,1825.0005106642222
28073,1825.0005106642222
28074,1825.0005106642222
28075,1825.0005106642222
28076,1825.0005106642222
28077,1825.0005106642222
28078,1825.0005106642222
28079,1825.0005106642222
28080,1825.0005106642222
28081,1825.0005106642222
28082,1825.0005106642222
28083,1825.0005106642222
28084,1825.0005106642222
28085,1825.0005106642222
28086,1825.0005106642222
28087,1825.0005106642222
28088,1825.0005106642222
28089,1825.0005106642222
28090,1825.0005106642222
28091,1825.0005106642222
28092,1825.0005106642222
28093,1825.0005106642222
28094,1825.0005106642222
28095,1825.0005106642222
28096,1825.0005106642222
28097,1825.0005106642222
28098,1825.0005106642222
28099,1825.0005106642222
28100,1825.0005106642222
28101,1825.0005106642222
28102,1825.0005106642222
28103,1825.0005106642222
28104,1825.0005106642222
28105,1825.0005106642222
28106,1825.0005106642222
28107,1825.0005106642222
28108,1825.0005106642222
28109,1825.0005106642222
28110,1825.0005106642222
28111,1825.0005106642222
28112,1825.0005106642222
28113,1825.0005106642222
28114,1825.0005106642222
28115,1825.0005106642222
28116,1825.0005106642222
28117,1825.0005106642222
28118,1825.0005106642222
28119,1825.0005106642222
28120,1825.0005106642222
28121,1825.0005106642222
28122,1825.0005106642222
28123,1825.0005106642222
28124,1825.0005106642222
28125,1825.0005106642222
28126,1825.0005106642222
28127,1825.0005106642222
28128,1825.0005106642222
28129,1825.0005106642222
28130,1825.0005106642222
28131,1825.0005106642222
28132,1825.0005106642222
28133,1825.0005106642222
28134,1825.0005106642222
28135,1825.0005106642222
28136,1825.0005106642222
28137,1825.0005106642222
28138,1825.0005106642222
28139,1825.0005106642222
28140,1825.0005106642222
28141,1825.0005106642222
28142,1825.0005106642222
28143,1825.0005106642222
28144,1825.0005106642222
28145,1825.0005106642222
28146,1825.0005106642222
28147,1825.0005106642222
28148,1825.0005106642222
28149,1825.0005106642222
28150,1825.0005106642222
28151,1825.0005106642222
28152,1825.0005106642222
28153,1825.0005106642222
28154,1825.0005106642222
28155,1825.0005106642222
28156,1825.0005106642222
28157,1825.0005106642222
28158,1825.0005106642222
28159,1825.0005106642222
28160,1825.0005106642222
28161,1825.0005106642222
28162,1825.0005106642222
28163,1825.0005106642222
28164,1825.0005106642222
28165,1825.0005106642222
28166,1825.0005106642222
28167,1825.0005106642222
28168,1825.0005106642222
28169,1825.0005106642222
28170,1825.0005106642222
28171,1825.0005106642222
28172,1825.0005106642222
28173,1825.0005106642222
28174,1825.0005106642222
28175,1825.0005106642222
28176,1825.0005106642222
28177,1825.0005106642222
28178,1825.0005106642222
28179,1825.0005106642222
28180,1825.0005106642222
28181,1825.0005106642222
28182,1825.0005106642222
28183,1825.0005106642222
28184,1825.0005106642222
28185,1825.0005106642222
28186,1825.0005106642222
28187,1825.0005106642222
28188,1825.0005106642222
28189,1825.0005106642222
28190,1825.0005106642222
28191,1825.0005106642222
28192,1825.0005106642222
28193,1825.0005106642222
28194,1825.0005106642222
28195,1825.0005106642222
28196,1825.0005106642222
28197,1825.0005106642222
28198,1825.0005106642222
28199,1825.0005106642222
28200,1825.0005106642222
28201,1825.0005106642222
28202,1825.0005106642222
28203,1825.0005106642222
28204,1825.0005106642222
28205,1825.0005106642222
28206,1825.0005106642222
28207,1825.0005106642222
28208,1825.0005106642222
28209,1825.0005106642222
28210,1825.0005106642222
28211,1825.0005106642222
28212,1825.0005106642222
28213,1825.0005106642222
28214,1825.0005106642222
28215,1825.0005106642222
28216,1825.0005106642222
28217,1825.0005106642222
28218,1825.0005106642222
28219,1825.0005106642222
28220,1825.0005106642222
28221,1825.0005106642222
28222,1825.0005106642222
28223,1825.0005106642222
28224,1825.0005106642222
28225,1825.0005106642222
28226,1825.0005106642222
28227,1825.0005106642222
28228,1825.0005106642222
28229,1825.0005106642222
28230,1825.0005106642222
28231,1825.0005106642222
28232,1825.0005106642222
28233,1825.0005106642222
28234,1825.0005106642222
28235,1825.0005106642222
28236,1825.0005106642222
28237,1825.0005106642222
28238,1825.0005106642222
28239,1825.0005106642222
28240,1825.0005106642222
28241,1825.0005106642222
28242,1825.0005106642222
28243,1825.0005106642222
28244,1825.0005106642222
28245,1825.0005106642222
28246,1825.0005106642222
28247,1825.0005106642222
28248,1825.0005106642222
28249,1825.0005106642222
28250,1825.0005106642222
28251,1825.0005106642222
28252,1825.0005106642222
28253,1825.0005106642222
28254,1825.0005106642222
28255,1825.0005106642222
28256,1825.0005106642222
28257,1825.0005106642222
28258,1825.0005106642222
28259,1825.0005106642222
28260,1825.0005106642222
28261,1825.0005106642222
28262,1825.0005106642222
28263,1825.0005106642222
28264,1825.0005106642222
28265,1825.0005106642222
28266,1825.0005106642222
28267,1825.0005106642222
28268,1825.0005106642222
28269,1825.0005106642222
28270,1825.0005106642222
28271,1825.0005106642222
28272,1825.0005106642222
28273,1825.0005106642222
28274,1825.0005106642222
28275,1825.0005106642222
28276,1825.0005106642222
28277,1825.0005106642222
28278,1825.0005106642222
28279,1825.0005106642222
28280,1825.0005106642222
28281,1825.0005106642222
28282,1825.0005106642222
28283,1825.0005106642222
28284,1825.0005106642222
28285,1825.0005106642222
28286,1825.0005106642222
28287,1825.0005106642222
28288,1825.0005106642222
28289,1825.0005106642222
28290,1825.0005106642222
28291,1825.0005106642222
28292,1825.0005106642222
28293,1825.0005106642222
28294,1825.0005106642222
28295,1825.0005106642222
28296,1825.0005106642222
28297,1825.0005106642222
28298,1825.0005106642222
28299,1825.0005106642222
28300,1825.0005106642222
28301,1825.0005106642222
28302,1825.0005106642222
28303,1825.0005106642222
28304,1825.0005106642222
28305,1825.0005106642222
28306,1825.0005106642222
28307,1825.0005106642222
28308,1825.0005106642222
28309,1825.0005106642222
28310,1825.0005106642222
28311,1825.0005106642222
28312,1825.0005106642222
28313,1825.0005106642222
28314,1825.0005106642222
28315,1825.0005106642222
28316,1825.0005106642222
28317,1825.0005106642222
28318,1825.0005106642222
28319,1825.0005106642222
28320,1825.0005106642222
28321,1825.0005106642222
28322,1825.0005106642222
28323,1825.0005106642222
28324,1825.0005106642222
28325,1825.0005106642222
28326,1825.0005106642222
28327,1825.0005106642222
28328,1825.0005106642222
28329,1825.0005106642222
28330,1825.0005106642222
28331,1825.0005106642222
28332,1825.0005106642222
28333,1825.0005106642222
28334,1825.0005106642222
28335,1825.0005106642222
28336,1825.0005106642222
28337,1825.0005106642222
28338,1825.0005106642222
28339,1825.0005106642222
28340,1825.0005106642222
28341,1825.0005106642222
28342,1825.0005106642222
28343,1825.0005106642222
28344,1825.0005106642222
28345,1825.0005106642222
28346,1825.0005106642222
28347,1825.0005106642222
28348,1825.0005106642222
28349,1825.0005106642222
28350,1825.0005106642222
28351,1825.0005106642222
28352,1825.0005106642222
28353,1825.0005106642222
28354,1825.0005106642222
28355,1825.0005106642222
28356,1825.0005106642222
28357,1825.0005106642222
28358,1825.0005106642222
28359,1825.0005106642222
28360,1825.0005106642222
28361,1825.0005106642222
28362,1825.0005106642222
28363,1825.0005106642222
28364,1825.0005106642222
28365,1825.0005106642222
28366,1825.0005106642222
28367,1825.0005106642222
28368,1825.0005106642222
28369,1825.0005106642222
28370,1825.0005106642222
28371,1825.0005106642222
28372,1825.0005106642222
28373,1825.0005106642222
28374,1825.0005106642222
28375,1825.0005106642222
28376,1825.0005106642222
28377,1825.0005106642222
28378,1825.0005106642222
28379,1825.0005106642222
28380,1825.0005106642222
28381,1825.0005106642222
28382,1825.0005106642222
28383,1825.0005106642222
28384,1825.0005106642222
28385,1825.0005106642222
28386,1825.0005106642222
28387,1825.0005106642222
28388,1825.0005106642222
28389,1825.0005106642222
28390,1825.0005106642222
28391,1825.0005106642222
28392,1825.0005106642222
28393,1825.0005106642222
28394,1825.0005106642222
28395,1825.0005106642222
28396,1825.0005106642222
28397,1825.0005106642222
28398,1825.0005106642222
28399,1825.0005106642222
28400,1825.0005106642222
28401,1825.0005106642222
28402,1825.0005106642222
28403,1825.0005106642222
28404,1825.0005106642222
28405,1825.0005106642222
28406,1825.0005106642222
28407,1825.0005106642222
28408,1825.0005106642222
28409,1825.0005106642222
28410,1825.0005106642222
28411,1825.0005106642222
28412,1825.0005106642222
28413,1825.0005106642222
28414,1825.0005106642222
28415,1825.0005106642222
28416,1825.0005106642222
28417,1825.0005106642222
28418,1825.0005106642222
28419,1825.0005106642222
28420,1825.0005106642222
28421,1825.0005106642222
28422,1825.0005106642222
28423,1825.0005106642222
28424,1825.0005106642222
28425,1825.0005106642222
28426,1825.0005106642222
28427,1825.0005106642222
28428,1825.0005106642222
28429,1825.0005106642222
28430,1825.0005106642222
28431,1825.0005106642222
28432,1825.0005106642222
28433,1825.0005106642222
28434,1825.0005106642222
28435,1825.0005106642222
28436,1825.0005106642222
28437,1825.0005106642222
28438,1825.0005106642222
28439,1825.0005106642222
28440,1825.0005106642222
28441,1825.0005106642222
28442,1825.0005106642222
28443,1825.0005106642222
28444,1825.0005106642222
28445,1825.0005106642222
28446,1825.0005106642222
28447,1825.0005106642222
28448,1825.0005106642222
28449,1825.0005106642222
28450,1825.0005106642222
28451,1825.0005106642222
28452,1825.0005106642222
28453,1825.0005106642222
28454,1825.0005106642222
28455,1825.0005106642222
28456,1825.0005106642222
28457,1825.0005106642222
28458,1825.0005106642222
28459,1825.0005106642222
28460,1825.0005106642222
28461,1825.0005106642222
28462,1825.0005106642222
28463,1825.0005106642222
28464,1825.0005106642222
28465,1825.0005106642222
28466,1825.0005106642222
28467,1825.0005106642222
28468,1825.0005106642222
28469,1825.0005106642222
28470,1825.0005106642222
28471,1825.0005106642222
28472,1825.0005106642222
28473,1825.0005106642222
28474,1825.0005106642222
28475,1825.0005106642222
28476,1825.0005106642222
28477,1825.0005106642222
28478,1825.0005106642222
28479,1825.0005106642222
28480,1825.0005106642222
28481,1825.0005106642222
28482,1825.0005106642222
28483,1825.0005106642222
28484,1825.0005106642222
28485,1825.0005106642222
28486,1825.0005106642222
28487,1825.0005106642222
28488,1825.0005106642222
28489,1825.0005106642222
28490,1825.0005106642222
28491,1825.0005106642222
28492,1825.0005106642222
28493,1825.0005106642222
28494,1825.0005106642222
28495,1825.0005106642222
28496,1825.0005106642222
28497,1825.0005106642222
28498,1825.0005106642222
28499,1825.0005106642222
28500,1825.0005106642222
28501,1825.0005106642222
28502,1825.0005106642222
28503,1825.0005106642222
28504,1825.0005106642222
28505,1825.0005106642222
28506,1825.0005106642222
28507,1825.0005106642222
28508,1825.0005106642222
28509,1825.0005106642222
28510,1825.0005106642222
28511,1825.0005106642222
28512,1825.0005106642222
28513,1825.0005106642222
28514,1825.0005106642222
28515,1825.0005106642222
28516,1825.0005106642222
28517,1825.0005106642222
28518,1825.0005106642222
28519,1825.0005106642222
28520,1825.0005106642222
28521,1825.0005106642222
28522,1825.0005106642222
28523,1825.0005106642222
28524,1825.0005106642222
28525,1825.0005106642222
28526,1825.0005106642222
28527,1825.0005106642222
28528,1825.0005106642222
28529,1825.0005106642222
28530,1825.0005106642222
28531,1825.0005106642222
28532,1825.0005106642222
28533,1825.0005106642222
28534,1825.0005106642222
28535,1825.0005106642222
28536,1825.0005106642222
28537,1825.0005106642222
28538,1825.0005106642222
28539,1825.0005106642222
28540,1825.0005106642222
28541,1825.0005106642222
28542,1825.0005106642222
28543,1825.0005106642222
28544,1825.0005106642222
28545,1825.0005106642222
28546,1825.0005106642222
28547,1825.0005106642222
28548,1825.0005106642222
28549,1825.0005106642222
28550,1825.0005106642222
28551,1825.0005106642222
28552,1825.0005106642222
28553,1825.0005106642222
28554,1825.0005106642222
28555,1825.0005106642222
28556,1825.0005106642222
28557,1825.0005106642222
28558,1825.0005106642222
28559,1825.0005106642222
28560,1825.0005106642222
28561,1825.0005106642222
28562,1825.0005106642222
28563,1825.0005106642222
28564,1825.0005106642222
28565,1825.0005106642222
28566,1825.0005106642222
28567,1825.0005106642222
28568,1825.0005106642222
28569,1825.0005106642222
28570,1825.0005106642222
28571,1825.0005106642222
28572,1825.0005106642222
28573,1825.0005106642222
28574,1825.0005106642222
28575,1825.0005106642222
28576,1825.0005106642222
28577,1825.0005106642222
28578,1825.0005106642222
28579,1825.0005106642222
28580,1825.0005106642222
28581,1825.0005106642222
28582,1825.0005106642222
28583,1825.0005106642222
28584,1825.0005106642222
28585,1825.0005106642222
28586,1825.0005106642222
28587,1825.0005106642222
28588,1825.0005106642222
28589,1825.0005106642222
28590,1825.0005106642222
28591,1825.0005106642222
28592,1825.0005106642222
28593,1825.0005106642222
28594,1825.0005106642222
28595,1825.0005106642222
28596,1825.0005106642222
28597,1825.0005106642222
28598,1825.0005106642222
28599,1825.0005106642222
28600,1825.0005106642222
28601,1825.0005106642222
28602,1825.0005106642222
28603,1825.0005106642222
28604,1825.0005106642222
28605,1825.0005106642222
28606,1825.0005106642222
28607,1825.0005106642222
28608,1825.0005106642222
28609,1825.0005106642222
28610,1825.0005106642222
28611,1825.0005106642222
28612,1825.0005106642222
28613,1825.0005106642222
28614,1825.0005106642222
28615,1825.0005106642222
28616,1825.0005106642222
28617,1825.0005106642222
28618,1825.0005106642222
28619,1825.0005106642222
28620,1825.0005106642222
28621,1825.0005106642222
28622,1825.0005106642222
28623,1825.0005106642222
28624,1825.0005106642222
28625,1825.0005106642222
28626,1825.0005106642222
28627,1825.0005106642222
28628,1825.0005106642222
28629,1825.0005106642222
28630,1825.0005106642222
28631,1825.0005106642222
28632,1825.0005106642222
28633,1825.0005106642222
28634,1825.0005106642222
28635,1825.0005106642222
28636,1825.0005106642222
28637,1825.0005106642222
28638,1825.0005106642222
28639,1825.0005106642222
28640,1825.0005106642222
28641,1825.0005106642222
28642,1825.0005106642222
28643,1825.0005106642222
28644,1825.0005106642222
28645,1825.0005106642222
28646,1825.0005106642222
28647,1825.0005106642222
28648,1825.0005106642222
28649,1825.0005106642222
28650,1825.0005106642222
28651,1825.0005106642222
28652,1825.0005106642222
28653,1825.0005106642222
28654,1825.0005106642222
28655,1825.0005106642222
28656,1825.0005106642222
28657,1825.0005106642222
28658,1825.0005106642222
28659,1825.0005106642222
28660,1825.0005106642222
28661,1825.0005106642222
28662,1825.0005106642222
28663,1825.0005106642222
28664,1825.0005106642222
28665,1825.0005106642222
28666,1825.0005106642222
28667,1825.0005106642222
28668,1825.0005106642222
28669,1825.0005106642222
28670,1825.0005106642222
28671,1825.0005106642222
28672,1825.0005106642222
28673,1825.0005106642222
28674,1825.0005106642222
28675,1825.0005106642222
28676,1825.0005106642222
28677,1825.0005106642222
28678,1825.0005106642222
28679,1825.0005106642222
28680,1825.0005106642222
28681,1825.0005106642222
28682,1825.0005106642222
28683,1825.0005106642222
28684,1825.0005106642222
28685,1825.0005106642222
28686,1825.0005106642222
28687,1825.0005106642222
28688,1825.0005106642222
28689,1825.0005106642222
28690,1825.0005106642222
28691,1825.0005106642222
28692,1825.0005106642222
28693,1825.0005106642222
28694,1825.0005106642222
28695,1825.0005106642222
28696,1825.0005106642222
28697,1825.0005106642222
28698,1825.0005106642222
28699,1825.0005106642222
28700,1825.0005106642222
28701,1825.0005106642222
28702,1825.0005106642222
28703,1825.0005106642222
28704,1825.0005106642222
28705,1825.0005106642222
28706,1825.0005106642222
28707,1825.0005106642222
28708,1825.0005106642222
28709,1825.0005106642222
28710,1825.0005106642222
28711,1825.0005106642222
28712,1825.0005106642222
28713,1825.0005106642222
28714,1825.0005106642222
28715,1825.0005106642222
28716,1825.0005106642222
28717,1825.0005106642222
28718,1825.0005106642222
28719,1825.0005106642222
28720,1825.0005106642222
28721,1825.0005106642222
28722,1825.0005106642222
28723,1825.0005106642222
28724,1825.0005106642222
28725,1825.0005106642222
28726,1825.0005106642222
28727,1825.0005106642222
28728,1825.0005106642222
28729,1825.0005106642222
28730,1825.0005106642222
28731,1825.0005106642222
28732,1825.0005106642222
28733,1825.0005106642222
28734,1825.0005106642222
28735,1825.0005106642222
28736,1825.0005106642222
28737,1825.0005106642222
28738,1825.0005106642222
28739,1825.0005106642222
28740,1825.0005106642222
28741,1825.0005106642222
28742,1825.0005106642222
28743,1825.0005106642222
28744,1825.0005106642222
28745,1825.0005106642222
28746,1825.0005106642222
28747,1825.0005106642222
28748,1825.0005106642222
28749,1825.0005106642222
28750,1825.0005106642222
28751,1825.0005106642222
28752,1825.0005106642222
28753,1825.0005106642222
28754,1825.0005106642222
28755,1825.0005106642222
28756,1825.0005106642222
28757,1825.0005106642222
28758,1825.0005106642222
28759,1825.0005106642222
28760,1825.0005106642222
28761,1825.0005106642222
28762,1825.0005106642222
28763,1825.0005106642222
28764,1825.0005106642222
28765,1825.0005106642222
28766,1825.0005106642222
28767,1825.0005106642222
28768,1825.0005106642222
28769,1825.0005106642222
28770,1825.0005106642222
28771,1825.0005106642222
28772,1825.0005106642222
28773,1825.0005106642222
28774,1825.0005106642222
28775,1825.0005106642222
28776,1825.0005106642222
28777,1825.0005106642222
28778,1825.0005106642222
28779,1825.0005106642222
28780,1825.0005106642222
28781,1825.0005106642222
28782,1825.0005106642222
28783,1825.0005106642222
28784,1825.0005106642222
28785,1825.0005106642222
28786,1825.0005106642222
28787,1825.0005106642222
28788,1825.0005106642222
28789,1825.0005106642222
28790,1825.0005106642222
28791,1825.0005106642222
28792,1825.0005106642222
28793,1825.0005106642222
28794,1825.0005106642222
28795,1825.0005106642222
28796,1825.0005106642222
28797,1825.0005106642222
28798,1825.0005106642222
28799,1825.0005106642222
28800,1825.0005106642222
28801,1825.0005106642222
28802,1825.0005106642222
28803,1825.0005106642222
28804,1825.0005106642222
28805,1825.0005106642222
28806,1825.0005106642222
28807,1825.0005106642222
28808,1825.0005106642222
28809,1825.0005106642222
28810,1825.0005106642222
28811,1825.0005106642222
28812,1825.0005106642222
28813,1825.0005106642222
28814,1825.0005106642222
28815,1825.0005106642222
28816,1825.0005106642222
28817,1825.0005106642222
28818,1825.0005106642222
28819,1825.0005106642222
28820,1825.0005106642222
28821,1825.0005106642222
28822,1825.0005106642222
28823,1825.0005106642222
28824,1825.0005106642222
28825,1825.0005106642222
28826,1825.0005106642222
28827,1825.0005106642222
28828,1825.0005106642222
28829,1825.0005106642222
28830,1825.0005106642222
28831,1825.0005106642222
28832,1825.0005106642222
28833,1825.0005106642222
28834,1825.0005106642222
28835,1825.0005106642222
28836,1825.0005106642222
28837,1825.0005106642222
28838,1825.0005106642222
28839,1825.0005106642222
28840,1825.0005106642222
28841,1825.0005106642222
28842,1825.0005106642222
28843,1825.0005106642222
28844,1825.0005106642222
28845,1825.0005106642222
28846,1825.0005106642222
28847,1825.0005106642222
28848,1825.0005106642222
28849,1825.0005106642222
28850,1825.0005106642222
28851,1825.0005106642222
28852,1825.0005106642222
28853,1825.0005106642222
28854,1825.0005106642222
28855,1825.0005106642222
28856,1825.0005106642222
28857,1825.0005106642222
28858,1825.0005106642222
28859,1825.0005106642222
28860,1825.0005106642222
28861,1825.0005106642222
28862,1825.0005106642222
28863,1825.0005106642222
28864,1825.0005106642222
28865,1825.0005106642222
28866,1825.0005106642222
28867,1825.0005106642222
28868,1825.0005106642222
28869,1825.0005106642222
28870,1825.0005106642222
28871,1825.0005106642222
28872,1825.0005106642222
28873,1825.0005106642222
28874,1825.0005106642222
28875,1825.0005106642222
28876,1825.0005106642222
28877,1825.0005106642222
28878,1825.0005106642222
28879,1825.0005106642222
28880,1825.0005106642222
28881,1825.0005106642222
28882,1825.0005106642222
28883,1825.0005106642222
28884,1825.0005106642222
28885,1825.0005106642222
28886,1825.0005106642222
28887,1825.0005106642222
28888,1825.0005106642222
28889,1825.0005106642222
28890,1825.0005106642222
28891,1825.0005106642222
28892,1825.0005106642222
28893,1825.0005106642222
28894,1825.0005106642222
28895,1825.0005106642222
28896,1825.0005106642222
28897,1825.0005106642222
28898,1825.0005106642222
28899,1825.0005106642222
28900,1825.0005106642222
28901,1825.0005106642222
28902,1825.0005106642222
28903,1825.0005106642222
28904,1825.0005106642222
28905,1825.0005106642222
28906,1825.0005106642222
28907,1825.0005106642222
28908,1825.0005106642222
28909,1825.0005106642222
28910,1825.0005106642222
28911,1825.0005106642222
28912,1825.0005106642222
28913,1825.0005106642222
28914,1825.0005106642222
28915,1825.0005106642222
28916,1825.0005106642222
28917,1825.0005106642222
28918,1825.0005106642222
28919,1825.0005106642222
28920,1825.0005106642222
28921,1825.0005106642222
28922,1825.0005106642222
28923,1825.0005106642222
28924,1825.0005106642222
28925,1825.0005106642222
28926,1825.0005106642222
28927,1825.0005106642222
28928,1825.0005106642222
28929,1825.0005106642222
28930,1825.0005106642222
28931,1825.0005106642222
28932,1825.0005106642222
28933,1825.0005106642222
28934,1825.0005106642222
28935,1825.0005106642222
28936,1825.0005106642222
28937,1825.0005106642222
28938,1825.0005106642222
28939,1825.0005106642222
28940,1825.0005106642222
28941,1825.0005106642222
28942,1825.0005106642222
28943,1825.0005106642222
28944,1825.0005106642222
28945,1825.0005106642222
28946,1825.0005106642222
28947,1825.0005106642222
28948,1825.0005106642222
28949,1825.0005106642222
28950,1825.0005106642222
28951,1825.0005106642222
28952,1825.0005106642222
28953,1825.0005106642222
28954,1825.0005106642222
28955,1825.0005106642222
28956,1825.0005106642222
28957,1825.0005106642222
28958,1825.0005106642222
28959,1825.0005106642222
28960,1825.0005106642222
28961,1825.0005106642222
28962,1825.0005106642222
28963,1825.0005106642222
28964,1825.0005106642222
28965,1825.0005106642222
28966,1825.0005106642222
28967,1825.0005106642222
28968,1825.0005106642222
28969,1825.0005106642222
28970,1825.0005106642222
28971,1825.0005106642222
28972,1825.0005106642222
28973,1825.0005106642222
28974,1825.0005106642222
28975,1825.0005106642222
28976,1825.0005106642222
28977,1825.0005106642222
28978,1825.0005106642222
28979,1825.0005106642222
28980,1825.0005106642222
28981,1825.0005106642222
28982,1825.0005106642222
28983,1825.0005106642222
28984,1825.0005106642222
28985,1825.0005106642222
28986,1825.0005106642222
28987,1825.0005106642222
28988,1825.0005106642222
28989,1825.0005106642222
28990,1825.0005106642222
28991,1825.0005106642222
28992,1825.0005106642222
28993,1825.0005106642222
28994,1825.0005106642222
28995,1825.0005106642222
28996,1825.0005106642222
28997,1825.0005106642222
28998,1825.0005106642222
28999,1825.0005106642222
29000,1825.0005106642222
29001,1825.0005106642222
29002,1825.0005106642222
29003,1825.0005106642222
29004,1825.0005106642222
29005,1825.0005106642222
29006,1825.0005106642222
29007,1825.0005106642222
29008,1825.0005106642222
29009,1825.0005106642222
29010,1825.0005106642222
29011,1825.0005106642222
29012,1825.0005106642222
29013,1825.0005106642222
29014,1825.0005106642222
29015,1825.0005106642222
29016,1825.0005106642222
29017,1825.0005106642222
29018,1825.0005106642222
29019,1825.0005106642222
29020,1825.0005106642222
29021,1825.0005106642222
29022,1825.0005106642222
29023,1825.0005106642222
29024,1825.0005106642222
29025,1825.0005106642222
29026,1825.0005106642222
29027,1825.0005106642222
29028,1825.0005106642222
29029,1825.0005106642222
29030,1825.0005106642222
29031,1825.0005106642222
29032,1825.0005106642222
29033,1825.0005106642222
29034,1825.0005106642222
29035,1825.0005106642222
29036,1825.0005106642222
29037,1825.0005106642222
29038,1825.0005106642222
29039,1825.0005106642222
29040,1825.0005106642222
29041,1825.0005106642222
29042,1825.0005106642222
29043,1825.0005106642222
29044,1825.0005106642222
29045,1825.0005106642222
29046,1825.0005106642222
29047,1825.0005106642222
29048,1825.0005106642222
29049,1825.0005106642222
29050,1825.0005106642222
29051,1825.0005106642222
29052,1825.0005106642222
29053,1825.0005106642222
29054,1825.0005106642222
29055,1825.0005106642222
29056,1825.0005106642222
29057,1825.0005106642222
29058,1825.0005106642222
29059,1825.0005106642222
29060,1825.0005106642222
29061,1825.0005106642222
29062,1825.0005106642222
29063,1825.0005106642222
29064,1825.0005106642222
29065,1825.0005106642222
29066,1825.0005106642222
29067,1825.0005106642222
29068,1825.0005106642222
29069,1825.0005106642222
29070,1825.0005106642222
29071,1825.0005106642222
29072,1825.0005106642222
29073,1825.0005106642222
29074,1825.0005106642222
29075,1825.0005106642222
29076,1825.0005106642222
29077,1825.0005106642222
29078,1825.0005106642222
29079,1825.0005106642222
29080,1825.0005106642222
29081,1825.0005106642222
29082,1825.0005106642222
29083,1825.0005106642222
29084,1825.0005106642222
29085,1825.0005106642222
29086,1825.0005106642222
29087,1825.0005106642222
29088,1825.0005106642222
29089,1825.0005106642222
29090,1825.0005106642222
29091,1825.0005106642222
29092,1825.0005106642222
29093,1825.0005106642222
29094,1825.0005106642222
29095,1825.0005106642222
29096,1825.0005106642222
29097,1825.0005106642222
29098,1825.0005106642222
29099,1825.0005106642222
29100,1825.0005106642222
29101,1825.0005106642222
29102,1825.0005106642222
29103,1825.0005106642222
29104,1825.0005106642222
29105,1825.0005106642222
29106,1825.0005106642222
29107,1825.0005106642222
29108,1825.0005106642222
29109,1825.0005106642222
29110,1825.0005106642222
29111,1825.0005106642222
29112,1825.0005106642222
29113,1825.0005106642222
29114,1825.0005106642222
29115,1825.0005106642222
29116,1825.0005106642222
29117,1825.0005106642222
29118,1825.0005106642222
29119,1825.0005106642222
29120,1825.0005106642222
29121,1825.0005106642222
29122,1825.0005106642222
29123,1825.0005106642222
29124,1825.0005106642222
29125,1825.0005106642222
29126,1825.0005106642222
29127,1825.0005106642222
29128,1825.0005106642222
29129,1825.0005106642222
29130,1825.0005106642222
29131,1825.0005106642222
29132,1825.0005106642222
29133,1825.0005106642222
29134,1825.0005106642222
29135,1825.0005106642222
29136,1825.0005106642222
29137,1825.0005106642222
29138,1825.0005106642222
29139,1825.0005106642222
29140,1825.0005106642222
29141,1825.0005106642222
29142,1825.0005106642222
29143,1825.0005106642222
29144,1825.0005106642222
29145,1825.0005106642222
29146,1825.0005106642222
29147,1825.0005106642222
29148,1825.0005106642222
29149,1825.0005106642222
29150,1825.0005106642222
29151,1825.0005106642222
29152,1825.0005106642222
29153,1825.0005106642222
29154,1825.0005106642222
29155,1825.0005106642222
29156,1825.0005106642222
29157,1825.0005106642222
29158,1825.0005106642222
29159,1825.0005106642222
29160,1825.0005106642222
29161,1825.0005106642222
29162,1825.0005106642222
29163,1825.0005106642222
29164,1825.0005106642222
29165,1825.0005106642222
29166,1825.0005106642222
29167,1825.0005106642222
29168,1825.0005106642222
29169,1825.0005106642222
29170,1825.0005106642222
29171,1825.0005106642222
29172,1825.0005106642222
29173,1825.0005106642222
29174,1825.0005106642222
29175,1825.0005106642222
29176,1825.0005106642222
29177,1825.0005106642222
29178,1825.0005106642222
29179,1825.0005106642222
29180,1825.0005106642222
29181,1825.0005106642222
29182,1825.0005106642222
29183,1825.0005106642222
29184,1825.0005106642222
29185,1825.0005106642222
29186,1825.0005106642222
29187,1825.0005106642222
29188,1825.0005106642222
29189,1825.0005106642222
29190,1825.0005106642222
29191,1825.0005106642222
29192,1825.0005106642222
29193,1825.0005106642222
29194,1825.0005106642222
29195,1825.0005106642222
29196,1825.0005106642222
29197,1825.0005106642222
29198,1825.0005106642222
29199,1825.0005106642222
29200,1825.0005106642222
29201,1825.0005106642222
29202,1825.0005106642222
29203,1825.0005106642222
29204,1825.0005106642222
29205,1825.0005106642222
29206,1825.0005106642222
29207,1825.0005106642222
29208,1825.0005106642222
29209,1825.0005106642222
29210,1825.0005106642222
29211,1825.0005106642222
29212,1825.0005106642222
29213,1825.0005106642222
29214,1825.0005106642222
29215,1825.0005106642222
29216,1825.0005106642222
29217,1825.0005106642222
29218,1825.0005106642222
29219,1825.0005106642222
29220,1825.0005106642222
29221,1825.0005106642222
29222,1825.0005106642222
29223,1825.0005106642222
29224,1825.0005106642222
29225,1825.0005106642222
29226,1825.0005106642222
29227,1825.0005106642222
29228,1825.0005106642222
29229,1825.0005106642222
29230,1825.0005106642222
29231,1825.0005106642222
29232,1825.0005106642222
29233,1825.0005106642222
29234,1825.0005106642222
29235,1825.0005106642222
29236,1825.0005106642222
29237,1825.0005106642222
29238,1825.0005106642222
29239,1825.0005106642222
29240,1825.0005106642222
29241,1825.0005106642222
29242,1825.0005106642222
29243,1825.0005106642222
29244,1825.0005106642222
29245,1825.0005106642222
29246,1825.0005106642222
29247,1825.0005106642222
29248,1825.0005106642222
29249,1825.0005106642222
29250,1825.0005106642222
29251,1825.0005106642222
29252,1825.0005106642222
29253,1825.0005106642222
29254,1825.0005106642222
29255,1825.0005106642222
29256,1825.0005106642222
29257,1825.0005106642222
29258,1825.0005106642222
29259,1825.0005106642222
29260,1825.0005106642222
29261,1825.0005106642222
29262,1825.0005106642222
29263,1825.0005106642222
29264,1825.0005106642222
29265,1825.0005106642222
29266,1825.0005106642222
29267,1825.0005106642222
29268,1825.0005106642222
29269,1825.0005106642222
29270,1825.0005106642222
29271,1825.0005106642222
29272,1825.0005106642222
29273,1825.0005106642222
29274,1825.0005106642222
29275,1825.0005106642222
29276,1825.0005106642222
29277,1825.0005106642222
29278,1825.0005106642222
29279,1825.0005106642222
29280,1825.0005106642222
29281,1825.0005106642222
29282,1825.0005106642222
29283,1825.0005106642222
29284,1825.0005106642222
29285,1825.0005106642222
29286,1825.0005106642222
29287,1825.0005106642222
29288,1825.0005106642222
29289,1825.0005106642222
29290,1825.0005106642222
29291,1825.0005106642222
29292,1825.0005106642222
29293,1825.0005106642222
29294,1825.0005106642222
29295,1825.0005106642222
29296,1825.0005106642222
29297,1825.0005106642222
29298,1825.0005106642222
29299,1825.0005106642222
29300,1825.0005106642222
29301,1825.0005106642222
29302,1825.0005106642222
29303,1825.0005106642222
29304,1825.0005106642222
29305,1825.0005106642222
29306,1825.0005106642222
29307,1825.0005106642222
29308,1825.0005106642222
29309,1825.0005106642222
29310,1825.0005106642222
29311,1825.0005106642222
29312,1825.0005106642222
29313,1825.0005106642222
29314,1825.0005106642222
29315,1825.0005106642222
29316,1825.0005106642222
29317,1825.0005106642222
29318,1825.0005106642222
29319,1825.0005106642222
29320,1825.0005106642222
29321,1825.0005106642222
29322,1825.0005106642222
29323,1825.0005106642222
29324,1825.0005106642222
29325,1825.0005106642222
29326,1825.0005106642222
29327,1825.0005106642222
29328,1825.0005106642222
29329,1825.0005106642222
29330,1825.0005106642222
29331,1825.0005106642222
29332,1825.0005106642222
29333,1825.0005106642222
29334,1825.0005106642222
29335,1825.0005106642222
29336,1825.0005106642222
29337,1825.0005106642222
29338,1825.0005106642222
29339,1825.0005106642222
29340,1825.0005106642222
29341,1825.0005106642222
29342,1825.0005106642222
29343,1825.0005106642222
29344,1825.0005106642222
29345,1825.0005106642222
29346,1825.0005106642222
29347,1825.0005106642222
29348,1825.0005106642222
29349,1825.0005106642222
29350,1825.0005106642222
29351,1825.0005106642222
29352,1825.0005106642222
29353,1825.0005106642222
29354,1825.0005106642222
29355,1825.0005106642222
29356,1825.0005106642222
29357,1825.0005106642222
29358,1825.0005106642222
29359,1825.0005106642222
29360,1825.0005106642222
29361,1825.0005106642222
29362,1825.0005106642222
29363,1825.0005106642222
29364,1825.0005106642222
29365,1825.0005106642222
29366,1825.0005106642222
29367,1825.0005106642222
29368,1825.0005106642222
29369,1825.0005106642222
29370,1825.0005106642222
29371,1825.0005106642222
29372,1825.0005106642222
29373,1825.0005106642222
29374,1825.0005106642222
29375,1825.0005106642222
29376,1825.0005106642222
29377,1825.0005106642222
29378,1825.0005106642222
29379,1825.0005106642222
29380,1825.0005106642222
29381,1825.0005106642222
29382,1825.0005106642222
29383,1825.0005106642222
29384,1825.0005106642222
29385,1825.0005106642222
29386,1825.0005106642222
29387,1825.0005106642222
29388,1825.0005106642222
29389,1825.0005106642222
29390,1825.0005106642222
29391,1825.0005106642222
29392,1825.0005106642222
29393,1825.0005106642222
29394,1825.0005106642222
29395,1825.0005106642222
29396,1825.0005106642222
29397,1825.0005106642222
29398,1825.0005106642222
29399,1825.0005106642222
29400,1825.0005106642222
29401,1825.0005106642222
29402,1825.0005106642222
29403,1825.0005106642222
29404,1825.0005106642222
29405,1825.0005106642222
29406,1825.0005106642222
29407,1825.0005106642222
29408,1825.0005106642222
29409,1825.0005106642222
29410,1825.0005106642222
29411,1825.0005106642222
29412,1825.0005106642222
29413,1825.0005106642222
29414,1825.0005106642222
29415,1825.0005106642222
29416,1825.0005106642222
29417,1825.0005106642222
29418,1825.0005106642222
29419,1825.0005106642222
29420,1825.0005106642222
29421,1825.0005106642222
29422,1825.0005106642222
29423,1825.0005106642222
29424,1825.0005106642222
29425,1825.0005106642222
29426,1825.0005106642222
29427,1825.0005106642222
29428,1825.0005106642222
29429,1825.0005106642222
29430,1825.0005106642222
29431,1825.0005106642222
29432,1825.0005106642222
29433,1825.0005106642222
29434,1825.0005106642222
29435,1825.0005106642222
29436,1825.0005106642222
29437,1825.0005106642222
29438,1825.0005106642222
29439,1825.0005106642222
29440,1825.0005106642222
29441,1825.0005106642222
29442,1825.0005106642222
29443,1825.0005106642222
29444,1825.0005106642222
29445,1825.0005106642222
29446,1825.0005106642222
29447,1825.0005106642222
29448,1825.0005106642222
29449,1825.0005106642222
29450,1825.0005106642222
29451,1825.0005106642222
29452,1825.0005106642222
29453,1825.0005106642222
29454,1825.0005106642222
29455,1825.0005106642222
29456,1825.0005106642222
29457,1825.0005106642222
29458,1825.0005106642222
29459,1825.0005106642222
29460,1825.0005106642222
29461,1825.0005106642222
29462,1825.0005106642222
29463,1825.0005106642222
29464,1825.0005106642222
29465,1825.0005106642222
29466,1825.0005106642222
29467,1825.0005106642222
29468,1825.0005106642222
29469,1825.0005106642222
29470,1825.0005106642222
29471,1825.0005106642222
29472,1825.0005106642222
29473,1825.0005106642222
29474,1825.0005106642222
29475,1825.0005106642222
29476,1825.0005106642222
29477,1825.0005106642222
29478,1825.0005106642222
29479,1825.0005106642222
29480,1825.0005106642222
29481,1825.0005106642222
29482,1825.0005106642222
29483,1825.0005106642222
29484,1825.0005106642222
29485,1825.0005106642222
29486,1825.0005106642222
29487,1825.0005106642222
29488,1825.0005106642222
29489,1825.0005106642222
29490,1825.0005106642222
29491,1825.0005106642222
29492,1825.0005106642222
29493,1825.0005106642222
29494,1825.0005106642222
29495,1825.0005106642222
29496,1825.0005106642222
29497,1825.0005106642222
29498,1825.0005106642222
29499,1825.0005106642222
29500,1825.0005106642222
29501,1825.0005106642222
29502,1825.0005106642222
29503,1825.0005106642222
29504,1825.0005106642222
29505,1825.0005106642222
29506,1825.0005106642222
29507,1825.0005106642222
29508,1825.0005106642222
29509,1825.0005106642222
29510,1825.0005106642222
29511,1825.0005106642222
29512,1825.0005106642222
29513,1825.0005106642222
29514,1825.0005106642222
29515,1825.0005106642222
29516,1825.0005106642222
29517,1825.0005106642222
29518,1825.0005106642222
29519,1825.0005106642222
29520,1825.0005106642222
29521,1825.0005106642222
29522,1825.0005106642222
29523,1825.0005106642222
29524,1825.0005106642222
29525,1825.0005106642222
29526,1825.0005106642222
29527,1825.0005106642222
29528,1825.0005106642222
29529,1825.0005106642222
29530,1825.0005106642222
29531,1825.0005106642222
29532,1825.0005106642222
29533,1825.0005106642222
29534,1825.0005106642222
29535,1825.0005106642222
29536,1825.0005106642222
29537,1825.0005106642222
29538,1825.0005106642222
29539,1825.0005106642222
29540,1825.0005106642222
29541,1825.0005106642222
29542,1825.0005106642222
29543,1825.0005106642222
29544,1825.0005106642222
29545,1825.0005106642222
29546,1825.0005106642222
29547,1825.0005106642222
29548,1825.0005106642222
29549,1825.0005106642222
29550,1825.0005106642222
29551,1825.0005106642222
29552,1825.0005106642222
29553,1825.0005106642222
29554,1825.0005106642222
29555,1825.0005106642222
29556,1825.0005106642222
29557,1825.0005106642222
29558,1825.0005106642222
29559,1825.0005106642222
29560,1825.0005106642222
29561,1825.0005106642222
29562,1825.0005106642222
29563,1825.0005106642222
29564,1825.0005106642222
29565,1825.0005106642222
29566,1825.0005106642222
29567,1825.0005106642222
29568,1825.0005106642222
29569,1825.0005106642222
29570,1825.0005106642222
29571,1825.0005106642222
29572,1825.0005106642222
29573,1825.0005106642222
29574,1825.0005106642222
29575,1825.0005106642222
29576,1825.0005106642222
29577,1825.0005106642222
29578,1825.0005106642222
29579,1825.0005106642222
29580,1825.0005106642222
29581,1825.0005106642222
29582,1825.0005106642222
29583,1825.0005106642222
29584,1825.0005106642222
29585,1825.0005106642222
29586,1825.0005106642222
29587,1825.0005106642222
29588,1825.0005106642222
29589,1825.0005106642222
29590,1825.0005106642222
29591,1825.0005106642222
29592,1825.0005106642222
29593,1825.0005106642222
29594,1825.0005106642222
29595,1825.0005106642222
29596,1825.0005106642222
29597,1825.0005106642222
29598,1825.0005106642222
29599,1825.0005106642222
29600,1825.0005106642222
29601,1825.0005106642222
29602,1825.0005106642222
29603,1825.0005106642222
29604,1825.0005106642222
29605,1825.0005106642222
29606,1825.0005106642222
29607,1825.0005106642222
29608,1825.0005106642222
29609,1825.0005106642222
29610,1825.0005106642222
29611,1825.0005106642222
29612,1825.0005106642222
29613,1825.0005106642222
29614,1825.0005106642222
29615,1825.0005106642222
29616,1825.0005106642222
29617,1825.0005106642222
29618,1825.0005106642222
29619,1825.0005106642222
29620,1825.0005106642222
29621,1825.0005106642222
29622,1825.0005106642222
29623,1825.0005106642222
29624,1825.0005106642222
29625,1825.0005106642222
29626,1825.0005106642222
29627,1825.0005106642222
29628,1825.0005106642222
29629,1825.0005106642222
29630,1825.0005106642222
29631,1825.0005106642222
29632,1825.0005106642222
29633,1825.0005106642222
29634,1825.0005106642222
29635,1825.0005106642222
29636,1825.0005106642222
29637,1825.0005106642222
29638,1825.0005106642222
29639,1825.0005106642222
29640,1825.0005106642222
29641,1825.0005106642222
29642,1825.0005106642222
29643,1825.0005106642222
29644,1825.0005106642222
29645,1825.0005106642222
29646,1825.0005106642222
29647,1825.0005106642222
29648,1825.0005106642222
29649,1825.0005106642222
29650,1825.0005106642222
29651,1825.0005106642222
29652,1825.0005106642222
29653,1825.0005106642222
29654,1825.0005106642222
29655,1825.0005106642222
29656,1825.0005106642222
29657,1825.0005106642222
29658,1825.0005106642222
29659,1825.0005106642222
29660,1825.0005106642222
29661,1825.0005106642222
29662,1825.0005106642222
29663,1825.0005106642222
29664,1825.0005106642222
29665,1825.0005106642222
29666,1825.0005106642222
29667,1825.0005106642222
29668,1825.0005106642222
29669,1825.0005106642222
29670,1825.0005106642222
29671,1825.0005106642222
29672,1825.0005106642222
29673,1825.0005106642222
29674,1825.0005106642222
29675,1825.0005106642222
29676,1825.0005106642222
29677,1825.0005106642222
29678,1825.0005106642222
29679,1825.0005106642222
29680,1825.0005106642222
29681,1825.0005106642222
29682,1825.0005106642222
29683,1825.0005106642222
29684,1825.0005106642222
29685,1825.0005106642222
29686,1825.0005106642222
29687,1825.0005106642222
29688,1825.0005106642222
29689,1825.0005106642222
29690,1825.0005106642222
29691,1825.0005106642222
29692,1825.0005106642222
29693,1825.0005106642222
29694,1825.0005106642222
29695,1825.0005106642222
29696,1825.0005106642222
29697,1825.0005106642222
29698,1825.0005106642222
29699,1825.0005106642222
29700,1825.0005106642222
29701,1825.0005106642222
29702,1825.0005106642222
29703,1825.0005106642222
29704,1825.0005106642222
29705,1825.0005106642222
29706,1825.0005106642222
29707,1825.0005106642222
29708,1825.0005106642222
29709,1825.0005106642222
29710,1825.0005106642222
29711,1825.0005106642222
29712,1825.0005106642222
29713,1825.0005106642222
29714,1825.0005106642222
29715,1825.0005106642222
29716,1825.0005106642222
29717,1825.0005106642222
29718,1825.0005106642222
29719,1825.0005106642222
29720,1825.0005106642222
29721,1825.0005106642222
29722,1825.0005106642222
29723,1825.0005106642222
29724,1825.0005106642222
29725,1825.0005106642222
29726,1825.0005106642222
29727,1825.0005106642222
29728,1825.0005106642222
29729,1825.0005106642222
29730,1825.0005106642222
29731,1825.0005106642222
29732,1825.0005106642222
29733,1825.0005106642222
29734,1825.0005106642222
29735,1825.0005106642222
29736,1825.0005106642222
29737,1825.0005106642222
29738,1825.0005106642222
29739,1825.0005106642222
29740,1825.0005106642222
29741,1825.0005106642222
29742,1825.0005106642222
29743,1825.0005106642222
29744,1825.0005106642222
29745,1825.0005106642222
29746,1825.0005106642222
29747,1825.0005106642222
29748,1825.0005106642222
29749,1825.0005106642222
29750,1825.0005106642222
29751,1825.0005106642222
29752,1825.0005106642222
29753,1825.0005106642222
29754,1825.0005106642222
29755,1825.0005106642222
29756,1825.0005106642222
29757,1825.0005106642222
29758,1825.0005106642222
29759,1825.0005106642222
29760,1825.0005106642222
29761,1825.0005106642222
29762,1825.0005106642222
29763,1825.0005106642222
29764,1825.0005106642222
29765,1825.0005106642222
29766,1825.0005106642222
29767,1825.0005106642222
29768,1825.0005106642222
29769,1825.0005106642222
29770,1825.0005106642222
29771,1825.0005106642222
29772,1825.0005106642222
29773,1825.0005106642222
29774,1825.0005106642222
29775,1825.0005106642222
29776,1825.0005106642222
29777,1825.0005106642222
29778,1825.0005106642222
29779,1825.0005106642222
29780,1825.0005106642222
29781,1825.0005106642222
29782,1825.0005106642222
29783,1825.0005106642222
29784,1825.0005106642222
29785,1825.0005106642222
29786,1825.0005106642222
29787,1825.0005106642222
29788,1825.0005106642222
29789,1825.0005106642222
29790,1825.0005106642222
29791,1825.0005106642222
29792,1825.0005106642222
29793,1825.0005106642222
29794,1825.0005106642222
29795,1825.0005106642222
29796,1825.0005106642222
29797,1825.0005106642222
29798,1825.0005106642222
29799,1825.0005106642222
29800,1825.0005106642222
29801,1825.0005106642222
29802,1825.0005106642222
29803,1825.0005106642222
29804,1825.0005106642222
29805,1825.0005106642222
29806,1825.0005106642222
29807,1825.0005106642222
29808,1825.0005106642222
29809,1825.0005106642222
29810,1825.0005106642222
29811,1825.0005106642222
29812,1825.0005106642222
29813,1825.0005106642222
29814,1825.0005106642222
29815,1825.0005106642222
29816,1825.0005106642222
29817,1825.0005106642222
29818,1825.0005106642222
29819,1825.0005106642222
29820,1825.0005106642222
29821,1825.0005106642222
29822,1825.0005106642222
29823,1825.0005106642222
29824,1825.0005106642222
29825,1825.0005106642222
29826,1825.0005106642222
29827,1825.0005106642222
29828,1825.0005106642222
29829,1825.0005106642222
29830,1825.0005106642222
29831,1825.0005106642222
29832,1825.0005106642222
29833,1825.0005106642222
29834,1825.0005106642222
29835,1825.0005106642222
29836,1825.0005106642222
29837,1825.0005106642222
29838,1825.0005106642222
29839,1825.0005106642222
29840,1825.0005106642222
29841,1825.0005106642222
29842,1825.0005106642222
29843,1825.0005106642222
29844,1825.0005106642222
29845,1825.0005106642222
29846,1825.0005106642222
29847,1825.0005106642222
29848,1825.0005106642222
29849,1825.0005106642222
29850,1825.0005106642222
29851,1825.0005106642222
29852,1825.0005106642222
29853,1825.0005106642222
29854,1825.0005106642222
29855,1825.0005106642222
29856,1825.0005106642222
29857,1825.0005106642222
29858,1825.0005106642222
29859,1825.0005106642222
29860,1825.0005106642222
29861,1825.0005106642222
29862,1825.0005106642222
29863,1825.0005106642222
29864,1825.0005106642222
29865,1825.0005106642222
29866,1825.0005106642222
29867,1825.0005106642222
29868,1825.0005106642222
29869,1825.0005106642222
29870,1825.0005106642222
29871,1825.0005106642222
29872,1825.0005106642222
29873,1825.0005106642222
29874,1825.0005106642222
29875,1825.0005106642222
29876,1825.0005106642222
29877,1825.0005106642222
29878,1825.0005106642222
29879,1825.0005106642222
29880,1825.0005106642222
29881,1825.0005106642222
29882,1825.0005106642222
29883,1825.0005106642222
29884,1825.0005106642222
29885,1825.0005106642222
29886,1825.0005106642222
29887,1825.0005106642222
29888,1825.0005106642222
29889,1825.0005106642222
29890,1825.0005106642222
29891,1825.0005106642222
29892,1825.0005106642222
29893,1825.0005106642222
29894,1825.0005106642222
29895,1825.0005106642222
29896,1825.0005106642222
29897,1825.0005106642222
29898,1825.0005106642222
29899,1825.0005106642222
29900,1825.0005106642222
29901,1825.0005106642222
29902,1825.0005106642222
29903,1825.0005106642222
29904,1825.0005106642222
29905,1825.0005106642222
29906,1825.0005106642222
29907,1825.0005106642222
29908,1825.0005106642222
29909,1825.0005106642222
29910,1825.0005106642222
29911,1825.0005106642222
29912,1825.0005106642222
29913,1825.0005106642222
29914,1825.0005106642222
29915,1825.0005106642222
29916,1825.0005106642222
29917,1825.0005106642222
29918,1825.0005106642222
29919,1825.0005106642222
29920,1825.0005106642222
29921,1825.0005106642222
29922,1825.0005106642222
29923,1825.0005106642222
29924,1825.0005106642222
29925,1825.0005106642222
29926,1825.0005106642222
29927,1825.0005106642222
29928,1825.0005106642222
29929,1825.0005106642222
29930,1825.0005106642222
29931,1825.0005106642222
29932,1825.0005106642222
29933,1825.0005106642222
29934,1825.0005106642222
29935,1825.0005106642222
29936,1825.0005106642222
29937,1825.0005106642222
29938,1825.0005106642222
29939,1825.0005106642222
29940,1825.0005106642222
29941,1825.0005106642222
29942,1825.0005106642222
29943,1825.0005106642222
29944,1825.0005106642222
29945,1825.0005106642222
29946,1825.0005106642222
29947,1825.0005106642222
29948,1825.0005106642222
29949,1825.0005106642222
29950,1825.0005106642222
29951,1825.0005106642222
29952,1825.0005106642222
29953,1825.0005106642222
29954,1825.0005106642222
29955,1825.0005106642222
29956,1825.0005106642222
29957,1825.0005106642222
29958,1825.0005106642222
29959,1825.0005106642222
29960,1825.0005106642222
29961,1825.0005106642222
29962,1825.0005106642222
29963,1825.0005106642222
29964,1825.0005106642222
29965,1825.0005106642222
29966,1825.0005106642222
29967,1825.0005106642222
29968,1825.0005106642222
29969,1825.0005106642222
29970,1825.0005106642222
29971,1825.0005106642222
29972,1825.0005106642222
29973,1825.0005106642222
29974,1825.0005106642222
29975,1825.0005106642222
29976,1825.0005106642222
29977,1825.0005106642222
29978,1825.0005106642222
29979,1825.0005106642222
29980,1825.0005106642222
29981,1825.0005106642222
29982,1825.0005106642222
29983,1825.0005106642222
29984,1825.0005106642222
29985,1825.0005106642222
29986,1825.0005106642222
29987,1825.0005106642222
29988,1825.0005106642222
29989,1825.0005106642222
29990,1825.0005106642222
29991,1825.0005106642222
29992,1825.0005106642222
29993,1825.0005106642222
29994,1825.0005106642222
29995,1825.0005106642222
29996,1825.0005106642222
29997,1825.0005106642222
29998,1825.0005106642222
29999,1825.0005106642222
30000,1825.0005106642222
30001,1825.0005106642222
30002,1825.0005106642222
30003,1825.0005106642222
30004,1825.0005106642222
30005,1825.0005106642222
30006,1825.0005106642222
30007,1825.0005106642222
30008,1825.0005106642222
30009,1825.0005106642222
30010,1825.0005106642222
30011,1825.0005106642222
30012,1825.0005106642222
30013,1825.0005106642222
30014,1825.0005106642222
30015,1825.0005106642222
30016,1825.0005106642222
30017,1825.0005106642222
30018,1825.0005106642222
30019,1825.0005106642222
30020,1825.0005106642222
30021,1825.0005106642222
30022,1825.0005106642222
30023,1825.0005106642222
30024,1825.0005106642222
30025,1825.0005106642222
30026,1825.0005106642222
30027,1825.0005106642222
30028,1825.0005106642222
30029,1825.0005106642222
30030,1825.0005106642222
30031,1825.0005106642222
30032,1825.0005106642222
30033,1825.0005106642222
30034,1825.0005106642222
30035,1825.0005106642222
30036,1825.0005106642222
30037,1825.0005106642222
30038,1825.0005106642222
30039,1825.0005106642222
30040,1825.0005106642222
30041,1825.0005106642222
30042,1825.0005106642222
30043,1825.0005106642222
30044,1825.0005106642222
30045,1825.0005106642222
30046,1825.0005106642222
30047,1825.0005106642222
30048,1825.0005106642222
30049,1825.0005106642222
30050,1825.0005106642222
30051,1825.0005106642222
30052,1825.0005106642222
30053,1825.0005106642222
30054,1825.0005106642222
30055,1825.0005106642222
30056,1825.0005106642222
30057,1825.0005106642222
30058,1825.0005106642222
30059,1825.0005106642222
30060,1825.0005106642222
30061,1825.0005106642222
30062,1825.0005106642222
30063,1825.0005106642222
30064,1825.0005106642222
30065,1825.0005106642222
30066,1825.0005106642222
30067,1825.0005106642222
30068,1825.0005106642222
30069,1825.0005106642222
30070,1825.0005106642222
30071,1825.0005106642222
30072,1825.0005106642222
30073,1825.0005106642222
30074,1825.0005106642222
30075,1825.0005106642222
30076,1825.0005106642222
30077,1825.0005106642222
30078,1825.0005106642222
30079,1825.0005106642222
30080,1825.0005106642222
30081,1825.0005106642222
30082,1825.0005106642222
30083,1825.0005106642222
30084,1825.0005106642222
30085,1825.0005106642222
30086,1825.0005106642222
30087,1825.0005106642222
30088,1825.0005106642222
30089,1825.0005106642222
30090,1825.0005106642222
30091,1825.0005106642222
30092,1825.0005106642222
30093,1825.0005106642222
30094,1825.0005106642222
30095,1825.0005106642222
30096,1825.0005106642222
30097,1825.0005106642222
30098,1825.0005106642222
30099,1825.0005106642222
30100,1825.0005106642222
30101,1825.0005106642222
30102,1825.0005106642222
30103,1825.0005106642222
30104,1825.0005106642222
30105,1825.0005106642222
30106,1825.0005106642222
30107,1825.0005106642222
30108,1825.0005106642222
30109,1825.0005106642222
30110,1825.0005106642222
30111,1825.0005106642222
30112,1825.0005106642222
30113,1825.0005106642222
30114,1825.0005106642222
30115,1825.0005106642222
30116,1825.0005106642222
30117,1825.0005106642222
30118,1825.0005106642222
30119,1825.0005106642222
30120,1825.0005106642222
30121,1825.0005106642222
30122,1825.0005106642222
30123,1825.0005106642222
30124,1825.0005106642222
30125,1825.0005106642222
30126,1825.0005106642222
30127,1825.0005106642222
30128,1825.0005106642222
30129,1825.0005106642222
30130,1825.0005106642222
30131,1825.0005106642222
30132,1825.0005106642222
30133,1825.0005106642222
30134,1825.0005106642222
30135,1825.0005106642222
30136,1825.0005106642222
30137,1825.0005106642222
30138,1825.0005106642222
30139,1825.0005106642222
30140,1825.0005106642222
30141,1825.0005106642222
30142,1825.0005106642222
30143,1825.0005106642222
30144,1825.0005106642222
30145,1825.0005106642222
30146,1825.0005106642222
30147,1825.0005106642222
30148,1825.0005106642222
30149,1825.0005106642222
30150,1825.0005106642222
30151,1825.0005106642222
30152,1825.0005106642222
30153,1825.0005106642222
30154,1825.0005106642222
30155,1825.0005106642222
30156,1825.0005106642222
30157,1825.0005106642222
30158,1825.0005106642222
30159,1825.0005106642222
30160,1825.0005106642222
30161,1825.0005106642222
30162,1825.0005106642222
30163,1825.0005106642222
30164,1825.0005106642222
30165,1825.0005106642222
30166,1825.0005106642222
30167,1825.0005106642222
30168,1825.0005106642222
30169,1825.0005106642222
30170,1825.0005106642222
30171,1825.0005106642222
30172,1825.0005106642222
30173,1825.0005106642222
30174,1825.0005106642222
30175,1825.0005106642222
30176,1825.0005106642222
30177,1825.0005106642222
30178,1825.0005106642222
30179,1825.0005106642222
30180,1825.0005106642222
30181,1825.0005106642222
30182,1825.0005106642222
30183,1825.0005106642222
30184,1825.0005106642222
30185,1825.0005106642222
30186,1825.0005106642222
30187,1825.0005106642222
30188,1825.0005106642222
30189,1825.0005106642222
30190,1825.0005106642222
30191,1825.0005106642222
30192,1825.0005106642222
30193,1825.0005106642222
30194,1825.0005106642222
30195,1825.0005106642222
30196,1825.0005106642222
30197,1825.0005106642222
30198,1825.0005106642222
30199,1825.0005106642222
30200,1825.0005106642222
30201,1825.0005106642222
30202,1825.0005106642222
30203,1825.0005106642222
30204,1825.0005106642222
30205,1825.0005106642222
30206,1825.0005106642222
30207,1825.0005106642222
30208,1825.0005106642222
30209,1825.0005106642222
30210,1825.0005106642222
30211,1825.0005106642222
30212,1825.0005106642222
30213,1825.0005106642222
30214,1825.0005106642222
30215,1825.0005106642222
30216,1825.0005106642222
30217,1825.0005106642222
30218,1825.0005106642222
30219,1825.0005106642222
30220,1825.0005106642222
30221,1825.0005106642222
30222,1825.0005106642222
30223,1825.0005106642222
30224,1825.0005106642222
30225,1825.0005106642222
30226,1825.0005106642222
30227,1825.0005106642222
30228,1825.0005106642222
30229,1825.0005106642222
30230,1825.0005106642222
30231,1825.0005106642222
30232,1825.0005106642222
30233,1825.0005106642222
30234,1825.0005106642222
30235,1825.0005106642222
30236,1825.0005106642222
30237,1825.0005106642222
30238,1825.0005106642222
30239,1825.0005106642222
30240,1825.0005106642222
30241,1825.0005106642222
30242,1825.0005106642222
30243,1825.0005106642222
30244,1825.0005106642222
30245,1825.0005106642222
30246,1825.0005106642222
30247,1825.0005106642222
30248,1825.0005106642222
30249,1825.0005106642222
30250,1825.0005106642222
30251,1825.0005106642222
30252,1825.0005106642222
30253,1825.0005106642222
30254,1825.0005106642222
30255,1825.0005106642222
30256,1825.0005106642222
30257,1825.0005106642222
30258,1825.0005106642222
30259,1825.0005106642222
30260,1825.0005106642222
30261,1825.0005106642222
30262,1825.0005106642222
30263,1825.0005106642222
30264,1825.0005106642222
30265,1825.0005106642222
30266,1825.0005106642222
30267,1825.0005106642222
30268,1825.0005106642222
30269,1825.0005106642222
30270,1825.0005106642222
30271,1825.0005106642222
30272,1825.0005106642222
30273,1825.0005106642222
30274,1825.0005106642222
30275,1825.0005106642222
30276,1825.0005106642222
30277,1825.0005106642222
30278,1825.0005106642222
30279,1825.0005106642222
30280,1825.0005106642222
30281,1825.0005106642222
30282,1825.0005106642222
30283,1825.0005106642222
30284,1825.0005106642222
30285,1825.0005106642222
30286,1825.0005106642222
30287,1825.0005106642222
30288,1825.0005106642222
30289,1825.0005106642222
30290,1825.0005106642222
30291,1825.0005106642222
30292,1825.0005106642222
30293,1825.0005106642222
30294,1825.0005106642222
30295,1825.0005106642222
30296,1825.0005106642222
30297,1825.0005106642222
30298,1825.0005106642222
30299,1825.0005106642222
30300,1825.0005106642222
30301,1825.0005106642222
30302,1825.0005106642222
30303,1825.0005106642222
30304,1825.0005106642222
30305,1825.0005106642222
30306,1825.0005106642222
30307,1825.0005106642222
30308,1825.0005106642222
30309,1825.0005106642222
30310,1825.0005106642222
30311,1825.0005106642222
30312,1825.0005106642222
30313,1825.0005106642222
30314,1825.0005106642222
30315,1825.0005106642222
30316,1825.0005106642222
30317,1825.0005106642222
30318,1825.0005106642222
30319,1825.0005106642222
30320,1825.0005106642222
30321,1825.0005106642222
30322,1825.0005106642222
30323,1825.0005106642222
30324,1825.0005106642222
30325,1825.0005106642222
30326,1825.0005106642222
30327,1825.0005106642222
30328,1825.0005106642222
30329,1825.0005106642222
30330,1825.0005106642222
30331,1825.0005106642222
30332,1825.0005106642222
30333,1825.0005106642222
30334,1825.0005106642222
30335,1825.0005106642222
30336,1825.0005106642222
30337,1825.0005106642222
30338,1825.0005106642222
30339,1825.0005106642222
30340,1825.0005106642222
30341,1825.0005106642222
30342,1825.0005106642222
30343,1825.0005106642222
30344,1825.0005106642222
30345,1825.0005106642222
30346,1825.0005106642222
30347,1825.0005106642222
30348,1825.0005106642222
30349,1825.0005106642222
30350,1825.0005106642222
30351,1825.0005106642222
30352,1825.0005106642222
30353,1825.0005106642222
30354,1825.0005106642222
30355,1825.0005106642222
30356,1825.0005106642222
30357,1825.0005106642222
30358,1825.0005106642222
30359,1825.0005106642222
30360,1825.0005106642222
30361,1825.0005106642222
30362,1825.0005106642222
30363,1825.0005106642222
30364,1825.0005106642222
30365,1825.0005106642222
30366,1825.0005106642222
30367,1825.0005106642222
30368,1825.0005106642222
30369,1825.0005106642222
30370,1825.0005106642222
30371,1825.0005106642222
30372,1825.0005106642222
30373,1825.0005106642222
30374,1825.0005106642222
30375,1825.0005106642222
30376,1825.0005106642222
30377,1825.0005106642222
30378,1825.0005106642222
30379,1825.0005106642222
30380,1825.0005106642222
30381,1825.0005106642222
30382,1825.0005106642222
30383,1825.0005106642222
30384,1825.0005106642222
30385,1825.0005106642222
30386,1825.0005106642222
30387,1825.0005106642222
30388,1825.0005106642222
30389,1825.0005106642222
30390,1825.0005106642222
30391,1825.0005106642222
30392,1825.0005106642222
30393,1825.0005106642222
30394,1825.0005106642222
30395,1825.0005106642222
30396,1825.0005106642222
30397,1825.0005106642222
30398,1825.0005106642222
30399,1825.0005106642222
30400,1825.0005106642222
30401,1825.0005106642222
30402,1825.0005106642222
30403,1825.0005106642222
30404,1825.0005106642222
30405,1825.0005106642222
30406,1825.0005106642222
30407,1825.0005106642222
30408,1825.0005106642222
30409,1825.0005106642222
30410,1825.0005106642222
30411,1825.0005106642222
30412,1825.0005106642222
30413,1825.0005106642222
30414,1825.0005106642222
30415,1825.0005106642222
30416,1825.0005106642222
30417,1825.0005106642222
30418,1825.0005106642222
30419,1825.0005106642222
30420,1825.0005106642222
30421,1825.0005106642222
30422,1825.0005106642222
30423,1825.0005106642222
30424,1825.0005106642222
30425,1825.0005106642222
30426,1825.0005106642222
30427,1825.0005106642222
30428,1825.0005106642222
30429,1825.0005106642222
30430,1825.0005106642222
30431,1825.0005106642222
30432,1825.0005106642222
30433,1825.0005106642222
30434,1825.0005106642222
30435,1825.0005106642222
30436,1825.0005106642222
30437,1825.0005106642222
30438,1825.0005106642222
30439,1825.0005106642222
30440,1825.0005106642222
30441,1825.0005106642222
30442,1825.0005106642222
30443,1825.0005106642222
30444,1825.0005106642222
30445,1825.0005106642222
30446,1825.0005106642222
30447,1825.0005106642222
30448,1825.0005106642222
30449,1825.0005106642222
30450,1825.0005106642222
30451,1825.0005106642222
30452,1825.0005106642222
30453,1825.0005106642222
30454,1825.0005106642222
30455,1825.0005106642222
30456,1825.0005106642222
30457,1825.0005106642222
30458,1825.0005106642222
30459,1825.0005106642222
30460,1825.0005106642222
30461,1825.0005106642222
30462,1825.0005106642222
30463,1825.0005106642222
30464,1825.0005106642222
30465,1825.0005106642222
30466,1825.0005106642222
30467,1825.0005106642222
30468,1825.0005106642222
30469,1825.0005106642222
30470,1825.0005106642222
30471,1825.0005106642222
30472,1825.0005106642222
30473,1825.0005106642222
30474,1825.0005106642222
30475,1825.0005106642222
30476,1825.0005106642222
30477,1825.0005106642222
30478,1825.0005106642222
30479,1825.0005106642222
30480,1825.0005106642222
30481,1825.0005106642222
30482,1825.0005106642222
30483,1825.0005106642222
30484,1825.0005106642222
30485,1825.0005106642222
30486,1825.0005106642222
30487,1825.0005106642222
30488,1825.0005106642222
30489,1825.0005106642222
30490,1825.0005106642222
30491,1825.0005106642222
30492,1825.0005106642222
30493,1825.0005106642222
30494,1825.0005106642222
30495,1825.0005106642222
30496,1825.0005106642222
30497,1825.0005106642222
30498,1825.0005106642222
30499,1825.0005106642222
30500,1825.0005106642222
30501,1825.0005106642222
30502,1825.0005106642222
30503,1825.0005106642222
30504,1825.0005106642222
30505,1825.0005106642222
30506,1825.0005106642222
30507,1825.0005106642222
30508,1825.0005106642222
30509,1825.0005106642222
30510,1825.0005106642222
30511,1825.0005106642222
30512,1825.0005106642222
30513,1825.0005106642222
30514,1825.0005106642222
30515,1825.0005106642222
30516,1825.0005106642222
30517,1825.0005106642222
30518,1825.0005106642222
30519,1825.0005106642222
30520,1825.0005106642222
30521,1825.0005106642222
30522,1825.0005106642222
30523,1825.0005106642222
30524,1825.0005106642222
30525,1825.0005106642222
30526,1825.0005106642222
30527,1825.0005106642222
30528,1825.0005106642222
30529,1825.0005106642222
30530,1825.0005106642222
30531,1825.0005106642222
30532,1825.0005106642222
30533,1825.0005106642222
30534,1825.0005106642222
30535,1825.0005106642222
30536,1825.0005106642222
30537,1825.0005106642222
30538,1825.0005106642222
30539,1825.0005106642222
30540,1825.0005106642222
30541,1825.0005106642222
30542,1825.0005106642222
30543,1825.0005106642222
30544,1825.0005106642222
30545,1825.0005106642222
30546,1825.0005106642222
30547,1825.0005106642222
30548,1825.0005106642222
30549,1825.0005106642222
30550,1825.0005106642222
30551,1825.0005106642222
30552,1825.0005106642222
30553,1825.0005106642222
30554,1825.0005106642222
30555,1825.0005106642222
30556,1825.0005106642222
30557,1825.0005106642222
30558,1825.0005106642222
30559,1825.0005106642222
30560,1825.0005106642222
30561,1825.0005106642222
30562,1825.0005106642222
30563,1825.0005106642222
30564,1825.0005106642222
30565,1825.0005106642222
30566,1825.0005106642222
30567,1825.0005106642222
30568,1825.0005106642222
30569,1825.0005106642222
30570,1825.0005106642222
30571,1825.0005106642222
30572,1825.0005106642222
30573,1825.0005106642222
30574,1825.0005106642222
30575,1825.0005106642222
30576,1825.0005106642222
30577,1825.0005106642222
30578,1825.0005106642222
30579,1825.0005106642222
30580,1825.0005106642222
30581,1825.0005106642222
30582,1825.0005106642222
30583,1825.0005106642222
30584,1825.0005106642222
30585,1825.0005106642222
30586,1825.0005106642222
30587,1825.0005106642222
30588,1825.0005106642222
30589,1825.0005106642222
30590,1825.0005106642222
30591,1825.0005106642222
30592,1825.0005106642222
30593,1825.0005106642222
30594,1825.0005106642222
30595,1825.0005106642222
30596,1825.0005106642222
30597,1825.0005106642222
30598,1825.0005106642222
30599,1825.0005106642222
30600,1825.0005106642222
30601,1825.0005106642222
30602,1825.0005106642222
30603,1825.0005106642222
30604,1825.0005106642222
30605,1825.0005106642222
30606,1825.0005106642222
30607,1825.0005106642222
30608,1825.0005106642222
30609,1825.0005106642222
30610,1825.0005106642222
30611,1825.0005106642222
30612,1825.0005106642222
30613,1825.0005106642222
30614,1825.0005106642222
30615,1825.0005106642222
30616,1825.0005106642222
30617,1825.0005106642222
30618,1825.0005106642222
30619,1825.0005106642222
30620,1825.0005106642222
30621,1825.0005106642222
30622,1825.0005106642222
30623,1825.0005106642222
30624,1825.0005106642222
30625,1825.0005106642222
30626,1825.0005106642222
30627,1825.0005106642222
30628,1825.0005106642222
30629,1825.0005106642222
30630,1825.0005106642222
30631,1825.0005106642222
30632,1825.0005106642222
30633,1825.0005106642222
30634,1825.0005106642222
30635,1825.0005106642222
30636,1825.0005106642222
30637,1825.0005106642222
30638,1825.0005106642222
30639,1825.0005106642222
30640,1825.0005106642222
30641,1825.0005106642222
30642,1825.0005106642222
30643,1825.0005106642222
30644,1825.0005106642222
30645,1825.0005106642222
30646,1825.0005106642222
30647,1825.0005106642222
30648,1825.0005106642222
30649,1825.0005106642222
30650,1825.0005106642222
30651,1825.0005106642222
30652,1825.0005106642222
30653,1825.0005106642222
30654,1825.0005106642222
30655,1825.0005106642222
30656,1825.0005106642222
30657,1825.0005106642222
30658,1825.0005106642222
30659,1825.0005106642222
30660,1825.0005106642222
30661,1825.0005106642222
30662,1825.0005106642222
30663,1825.0005106642222
30664,1825.0005106642222
30665,1825.0005106642222
30666,1825.0005106642222
30667,1825.0005106642222
30668,1825.0005106642222
30669,1825.0005106642222
30670,1825.0005106642222
30671,1825.0005106642222
30672,1825.0005106642222
30673,1825.0005106642222
30674,1825.0005106642222
30675,1825.0005106642222
30676,1825.0005106642222
30677,1825.0005106642222
30678,1825.0005106642222
30679,1825.0005106642222
30680,1825.0005106642222
30681,1825.0005106642222
30682,1825.0005106642222
30683,1825.0005106642222
30684,1825.0005106642222
30685,1825.0005106642222
30686,1825.0005106642222
30687,1825.0005106642222
30688,1825.0005106642222
30689,1825.0005106642222
30690,1825.0005106642222
30691,1825.0005106642222
30692,1825.0005106642222
30693,1825.0005106642222
30694,1825.0005106642222
30695,1825.0005106642222
30696,1825.0005106642222
30697,1825.0005106642222
30698,1825.0005106642222
30699,1825.0005106642222
30700,1825.0005106642222
30701,1825.0005106642222
30702,1825.0005106642222
30703,1825.0005106642222
30704,1825.0005106642222
30705,1825.0005106642222
30706,1825.0005106642222
30707,1825.0005106642222
30708,1825.0005106642222
30709,1825.0005106642222
30710,1825.0005106642222
30711,1825.0005106642222
30712,1825.0005106642222
30713,1825.0005106642222
30714,1825.0005106642222
30715,1825.0005106642222
30716,1825.0005106642222
30717,1825.0005106642222
30718,1825.0005106642222
30719,1825.0005106642222
30720,1825.0005106642222
30721,1825.0005106642222
30722,1825.0005106642222
30723,1825.0005106642222
30724,1825.0005106642222
30725,1825.0005106642222
30726,1825.0005106642222
30727,1825.0005106642222
30728,1825.0005106642222
30729,1825.0005106642222
30730,1825.0005106642222
30731,1825.0005106642222
30732,1825.0005106642222
30733,1825.0005106642222
30734,1825.0005106642222
30735,1825.0005106642222
30736,1825.0005106642222
30737,1825.0005106642222
30738,1825.0005106642222
30739,1825.0005106642222
30740,1825.0005106642222
30741,1825.0005106642222
30742,1825.0005106642222
30743,1825.0005106642222
30744,1825.0005106642222
30745,1825.0005106642222
30746,1825.0005106642222
30747,1825.0005106642222
30748,1825.0005106642222
30749,1825.0005106642222
30750,1825.0005106642222
30751,1825.0005106642222
30752,1825.0005106642222
30753,1825.0005106642222
30754,1825.0005106642222
30755,1825.0005106642222
30756,1825.0005106642222
30757,1825.0005106642222
30758,1825.0005106642222
30759,1825.0005106642222
30760,1825.0005106642222
30761,1825.0005106642222
30762,1825.0005106642222
30763,1825.0005106642222
30764,1825.0005106642222
30765,1825.0005106642222
30766,1825.0005106642222
30767,1825.0005106642222
30768,1825.0005106642222
30769,1825.0005106642222
30770,1825.0005106642222
30771,1825.0005106642222
30772,1825.0005106642222
30773,1825.0005106642222
30774,1825.0005106642222
30775,1825.0005106642222
30776,1825.0005106642222
30777,1825.0005106642222
30778,1825.0005106642222
30779,1825.0005106642222
30780,1825.0005106642222
30781,1825.0005106642222
30782,1825.0005106642222
30783,1825.0005106642222
30784,1825.0005106642222
30785,1825.0005106642222
30786,1825.0005106642222
30787,1825.0005106642222
30788,1825.0005106642222
30789,1825.0005106642222
30790,1825.0005106642222
30791,1825.0005106642222
30792,1825.0005106642222
30793,1825.0005106642222
30794,1825.0005106642222
30795,1825.0005106642222
30796,1825.0005106642222
30797,1825.0005106642222
30798,1825.0005106642222
30799,1825.0005106642222
30800,1825.0005106642222
30801,1825.0005106642222
30802,1825.0005106642222
30803,1825.0005106642222
30804,1825.0005106642222
30805,1825.0005106642222
30806,1825.0005106642222
30807,1825.0005106642222
30808,1825.0005106642222
30809,1825.0005106642222
30810,1825.0005106642222
30811,1825.0005106642222
30812,1825.0005106642222
30813,1825.0005106642222
30814,1825.0005106642222
30815,1825.0005106642222
30816,1825.0005106642222
30817,1825.0005106642222
30818,1825.0005106642222
30819,1825.0005106642222
30820,1825.0005106642222
30821,1825.0005106642222
30822,1825.0005106642222
30823,1825.0005106642222
30824,1825.0005106642222
30825,1825.0005106642222
30826,1825.0005106642222
30827,1825.0005106642222
30828,1825.0005106642222
30829,1825.0005106642222
30830,1825.0005106642222
30831,1825.0005106642222
30832,1825.0005106642222
30833,1825.0005106642222
30834,1825.0005106642222
30835,1825.0005106642222
30836,1825.0005106642222
30837,1825.0005106642222
30838,1825.0005106642222
30839,1825.0005106642222
30840,1825.0005106642222
30841,1825.0005106642222
30842,1825.0005106642222
30843,1825.0005106642222
30844,1825.0005106642222
30845,1825.0005106642222
30846,1825.0005106642222
30847,1825.0005106642222
30848,1825.0005106642222
30849,1825.0005106642222
30850,1825.0005106642222
30851,1825.0005106642222
30852,1825.0005106642222
30853,1825.0005106642222
30854,1825.0005106642222
30855,1825.0005106642222
30856,1825.0005106642222
30857,1825.0005106642222
30858,1825.0005106642222
30859,1825.0005106642222
30860,1825.0005106642222
30861,1825.0005106642222
30862,1825.0005106642222
30863,1825.0005106642222
30864,1825.0005106642222
30865,1825.0005106642222
30866,1825.0005106642222
30867,1825.0005106642222
30868,1825.0005106642222
30869,1825.0005106642222
30870,1825.0005106642222
30871,1825.0005106642222
30872,1825.0005106642222
30873,1825.0005106642222
30874,1825.0005106642222
30875,1825.0005106642222
30876,1825.0005106642222
30877,1825.0005106642222
30878,1825.0005106642222
30879,1825.0005106642222
30880,1825.0005106642222
30881,1825.0005106642222
30882,1825.0005106642222
30883,1825.0005106642222
30884,1825.0005106642222
30885,1825.0005106642222
30886,1825.0005106642222
30887,1825.0005106642222
30888,1825.0005106642222
30889,1825.0005106642222
30890,1825.0005106642222
30891,1825.0005106642222
30892,1825.0005106642222
30893,1825.0005106642222
30894,1825.0005106642222
30895,1825.0005106642222
30896,1825.0005106642222
30897,1825.0005106642222
30898,1825.0005106642222
30899,1825.0005106642222
30900,1825.0005106642222
30901,1825.0005106642222
30902,1825.0005106642222
30903,1825.0005106642222
30904,1825.0005106642222
30905,1825.0005106642222
30906,1825.0005106642222
30907,1825.0005106642222
30908,1825.0005106642222
30909,1825.0005106642222
30910,1825.0005106642222
30911,1825.0005106642222
30912,1825.0005106642222
30913,1825.0005106642222
30914,1825.0005106642222
30915,1825.0005106642222
30916,1825.0005106642222
30917,1825.0005106642222
30918,1825.0005106642222
30919,1825.0005106642222
30920,1825.0005106642222
30921,1825.0005106642222
30922,1825.0005106642222
30923,1825.0005106642222
30924,1825.0005106642222
30925,1825.0005106642222
30926,1825.0005106642222
30927,1825.0005106642222
30928,1825.0005106642222
30929,1825.0005106642222
30930,1825.0005106642222
30931,1825.0005106642222
30932,1825.0005106642222
30933,1825.0005106642222
30934,1825.0005106642222
30935,1825.0005106642222
30936,1825.0005106642222
30937,1825.0005106642222
30938,1825.0005106642222
30939,1825.0005106642222
30940,1825.0005106642222
30941,1825.0005106642222
30942,1825.0005106642222
30943,1825.0005106642222
30944,1825.0005106642222
30945,1825.0005106642222
30946,1825.0005106642222
30947,1825.0005106642222
30948,1825.0005106642222
30949,1825.0005106642222
30950,1825.0005106642222
30951,1825.0005106642222
30952,1825.0005106642222
30953,1825.0005106642222
30954,1825.0005106642222
30955,1825.0005106642222
30956,1825.0005106642222
30957,1825.0005106642222
30958,1825.0005106642222
30959,1825.0005106642222
30960,1825.0005106642222
30961,1825.0005106642222
30962,1825.0005106642222
30963,1825.0005106642222
30964,1825.0005106642222
30965,1825.0005106642222
30966,1825.0005106642222
30967,1825.0005106642222
30968,1825.0005106642222
30969,1825.0005106642222
30970,1825.0005106642222
30971,1825.0005106642222
30972,1825.0005106642222
30973,1825.0005106642222
30974,1825.0005106642222
30975,1825.0005106642222
30976,1825.0005106642222
30977,1825.0005106642222
30978,1825.0005106642222
30979,1825.0005106642222
30980,1825.0005106642222
30981,1825.0005106642222
30982,1825.0005106642222
30983,1825.0005106642222
30984,1825.0005106642222
30985,1825.0005106642222
30986,1825.0005106642222
30987,1825.0005106642222
30988,1825.0005106642222
30989,1825.0005106642222
30990,1825.0005106642222
30991,1825.0005106642222
30992,1825.0005106642222
30993,1825.0005106642222
30994,1825.0005106642222
30995,1825.0005106642222
30996,1825.0005106642222
30997,1825.0005106642222
30998,1825.0005106642222
30999,1825.0005106642222
31000,1825.0005106642222
31001,1825.0005106642222
31002,1825.0005106642222
31003,1825.0005106642222
31004,1825.0005106642222
31005,1825.0005106642222
31006,1825.0005106642222
31007,1825.0005106642222
31008,1825.0005106642222
31009,1825.0005106642222
31010,1825.0005106642222
31011,1825.0005106642222
31012,1825.0005106642222
31013,1825.0005106642222
31014,1825.0005106642222
31015,1825.0005106642222
31016,1825.0005106642222
31017,1825.0005106642222
31018,1825.0005106642222
31019,1825.0005106642222
31020,1825.0005106642222
31021,1825.0005106642222
31022,1825.0005106642222
31023,1825.0005106642222
31024,1825.0005106642222
31025,1825.0005106642222
31026,1825.0005106642222
31027,1825.0005106642222
31028,1825.0005106642222
31029,1825.0005106642222
31030,1825.0005106642222
31031,1825.0005106642222
31032,1825.0005106642222
31033,1825.0005106642222
31034,1825.0005106642222
31035,1825.0005106642222
31036,1825.0005106642222
31037,1825.0005106642222
31038,1825.0005106642222
31039,1825.0005106642222
31040,1825.0005106642222
31041,1825.0005106642222
31042,1825.0005106642222
31043,1825.0005106642222
31044,1825.0005106642222
31045,1825.0005106642222
31046,1825.0005106642222
31047,1825.0005106642222
31048,1825.0005106642222
31049,1825.0005106642222
31050,1825.0005106642222
31051,1825.0005106642222
31052,1825.0005106642222
31053,1825.0005106642222
31054,1825.0005106642222
31055,1825.0005106642222
31056,1825.0005106642222
31057,1825.0005106642222
31058,1825.0005106642222
31059,1825.0005106642222
31060,1825.0005106642222
31061,1825.0005106642222
31062,1825.0005106642222
31063,1825.0005106642222
31064,1825.0005106642222
31065,1825.0005106642222
31066,1825.0005106642222
31067,1825.0005106642222
31068,1825.0005106642222
31069,1825.0005106642222
31070,1825.0005106642222
31071,1825.0005106642222
31072,1825.0005106642222
31073,1825.0005106642222
31074,1825.0005106642222
31075,1825.0005106642222
31076,1825.0005106642222
31077,1825.0005106642222
31078,1825.0005106642222
31079,1825.0005106642222
31080,1825.0005106642222
31081,1825.0005106642222
31082,1825.0005106642222
31083,1825.0005106642222
31084,1825.0005106642222
31085,1825.0005106642222
31086,1825.0005106642222
31087,1825.0005106642222
31088,1825.0005106642222
31089,1825.0005106642222
31090,1825.0005106642222
31091,1825.0005106642222
31092,1825.0005106642222
31093,1825.0005106642222
31094,1825.0005106642222
31095,1825.0005106642222
31096,1825.0005106642222
31097,1825.0005106642222
31098,1825.0005106642222
31099,1825.0005106642222
31100,1825.0005106642222
31101,1825.0005106642222
31102,1825.0005106642222
31103,1825.0005106642222
31104,1825.0005106642222
31105,1825.0005106642222
31106,1825.0005106642222
31107,1825.0005106642222
31108,1825.0005106642222
31109,1825.0005106642222
31110,1825.0005106642222
31111,1825.0005106642222
31112,1825.0005106642222
31113,1825.0005106642222
31114,1825.0005106642222
31115,1825.0005106642222
31116,1825.0005106642222
31117,1825.0005106642222
31118,1825.0005106642222
31119,1825.0005106642222
31120,1825.0005106642222
31121,1825.0005106642222
31122,1825.0005106642222
31123,1825.0005106642222
31124,1825.0005106642222
31125,1825.0005106642222
31126,1825.0005106642222
31127,1825.0005106642222
31128,1825.0005106642222
31129,1825.0005106642222
31130,1825.0005106642222
31131,1825.0005106642222
31132,1825.0005106642222
31133,1825.0005106642222
31134,1825.0005106642222
31135,1825.0005106642222
31136,1825.0005106642222
31137,1825.0005106642222
31138,1825.0005106642222
31139,1825.0005106642222
31140,1825.0005106642222
31141,1825.0005106642222
31142,1825.0005106642222
31143,1825.0005106642222
31144,1825.0005106642222
31145,1825.0005106642222
31146,1825.0005106642222
31147,1825.0005106642222
31148,1825.0005106642222
31149,1825.0005106642222
31150,1825.0005106642222
31151,1825.0005106642222
31152,1825.0005106642222
31153,1825.0005106642222
31154,1825.0005106642222
31155,1825.0005106642222
31156,1825.0005106642222
31157,1825.0005106642222
31158,1825.0005106642222
31159,1825.0005106642222
31160,1825.0005106642222
31161,1825.0005106642222
31162,1825.0005106642222
31163,1825.0005106642222
31164,1825.0005106642222
31165,1825.0005106642222
31166,1825.0005106642222
31167,1825.0005106642222
31168,1825.0005106642222
31169,1825.0005106642222
31170,1825.0005106642222
31171,1825.0005106642222
31172,1825.0005106642222
31173,1825.0005106642222
31174,1825.0005106642222
31175,1825.0005106642222
31176,1825.0005106642222
31177,1825.0005106642222
31178,1825.0005106642222
31179,1825.0005106642222
31180,1825.0005106642222
31181,1825.0005106642222
31182,1825.0005106642222
31183,1825.0005106642222
31184,1825.0005106642222
31185,1825.0005106642222
31186,1825.0005106642222
31187,1825.0005106642222
31188,1825.0005106642222
31189,1825.0005106642222
31190,1825.0005106642222
31191,1825.0005106642222
31192,1825.0005106642222
31193,1825.0005106642222
31194,1825.0005106642222
31195,1825.0005106642222
31196,1825.0005106642222
31197,1825.0005106642222
31198,1825.0005106642222
31199,1825.0005106642222
31200,1825.0005106642222
31201,1825.0005106642222
31202,1825.0005106642222
31203,1825.0005106642222
31204,1825.0005106642222
31205,1825.0005106642222
31206,1825.0005106642222
31207,1825.0005106642222
31208,1825.0005106642222
31209,1825.0005106642222
31210,1825.0005106642222
31211,1825.0005106642222
31212,1825.0005106642222
31213,1825.0005106642222
31214,1825.0005106642222
31215,1825.0005106642222
31216,1825.0005106642222
31217,1825.0005106642222
31218,1825.0005106642222
31219,1825.0005106642222
31220,1825.0005106642222
31221,1825.0005106642222
31222,1825.0005106642222
31223,1825.0005106642222
31224,1825.0005106642222
31225,1825.0005106642222
31226,1825.0005106642222
31227,1825.0005106642222
31228,1825.0005106642222
31229,1825.0005106642222
31230,1825.0005106642222
31231,1825.0005106642222
31232,1825.0005106642222
31233,1825.0005106642222
31234,1825.0005106642222
31235,1825.0005106642222
31236,1825.0005106642222
31237,1825.0005106642222
31238,1825.0005106642222
31239,1825.0005106642222
31240,1825.0005106642222
31241,1825.0005106642222
31242,1825.0005106642222
31243,1825.0005106642222
31244,1825.0005106642222
31245,1825.0005106642222
31246,1825.0005106642222
31247,1825.0005106642222
31248,1825.0005106642222
31249,1825.0005106642222
31250,1825.0005106642222
31251,1825.0005106642222
31252,1825.0005106642222
31253,1825.0005106642222
31254,1825.0005106642222
31255,1825.0005106642222
31256,1825.0005106642222
31257,1825.0005106642222
31258,1825.0005106642222
31259,1825.0005106642222
31260,1825.0005106642222
31261,1825.0005106642222
31262,1825.0005106642222
31263,1825.0005106642222
31264,1825.0005106642222
31265,1825.0005106642222
31266,1825.0005106642222
31267,1825.0005106642222
31268,1825.0005106642222
31269,1825.0005106642222
31270,1825.0005106642222
31271,1825.0005106642222
31272,1825.0005106642222
31273,1825.0005106642222
31274,1825.0005106642222
31275,1825.0005106642222
31276,1825.0005106642222
31277,1825.0005106642222
31278,1825.0005106642222
31279,1825.0005106642222
31280,1825.0005106642222
31281,1825.0005106642222
31282,1825.0005106642222
31283,1825.0005106642222
31284,1825.0005106642222
31285,1825.0005106642222
31286,1825.0005106642222
31287,1825.0005106642222
31288,1825.0005106642222
31289,1825.0005106642222
31290,1825.0005106642222
31291,1825.0005106642222
31292,1825.0005106642222
31293,1825.0005106642222
31294,1825.0005106642222
31295,1825.0005106642222
31296,1825.0005106642222
31297,1825.0005106642222
31298,1825.0005106642222
31299,1825.0005106642222
31300,1825.0005106642222
31301,1825.0005106642222
31302,1825.0005106642222
31303,1825.0005106642222
31304,1825.0005106642222
31305,1825.0005106642222
31306,1825.0005106642222
31307,1825.0005106642222
31308,1825.0005106642222
31309,1825.0005106642222
31310,1825.0005106642222
31311,1825.0005106642222
31312,1825.0005106642222
31313,1825.0005106642222
31314,1825.0005106642222
31315,1825.0005106642222
31316,1825.0005106642222
31317,1825.0005106642222
31318,1825.0005106642222
31319,1825.0005106642222
31320,1825.0005106642222
31321,1825.0005106642222
31322,1825.0005106642222
31323,1825.0005106642222
31324,1825.0005106642222
31325,1825.0005106642222
31326,1825.0005106642222
31327,1825.0005106642222
31328,1825.0005106642222
31329,1825.0005106642222
31330,1825.0005106642222
31331,1825.0005106642222
31332,1825.0005106642222
31333,1825.0005106642222
31334,1825.0005106642222
31335,1825.0005106642222
31336,1825.0005106642222
31337,1825.0005106642222
31338,1825.0005106642222
31339,1825.0005106642222
31340,1825.0005106642222
31341,1825.0005106642222
31342,1825.0005106642222
31343,1825.0005106642222
31344,1825.0005106642222
31345,1825.0005106642222
31346,1825.0005106642222
31347,1825.0005106642222
31348,1825.0005106642222
31349,1825.0005106642222
31350,1825.0005106642222
31351,1825.0005106642222
31352,1825.0005106642222
31353,1825.0005106642222
31354,1825.0005106642222
31355,1825.0005106642222
31356,1825.0005106642222
31357,1825.0005106642222
31358,1825.0005106642222
31359,1825.0005106642222
31360,1825.0005106642222
31361,1825.0005106642222
31362,1825.0005106642222
31363,1825.0005106642222
31364,1825.0005106642222
31365,1825.0005106642222
31366,1825.0005106642222
31367,1825.0005106642222
31368,1825.0005106642222
31369,1825.0005106642222
31370,1825.0005106642222
31371,1825.0005106642222
31372,1825.0005106642222
31373,1825.0005106642222
31374,1825.0005106642222
31375,1825.0005106642222
31376,1825.0005106642222
31377,1825.0005106642222
31378,1825.0005106642222
31379,1825.0005106642222
31380,1825.0005106642222
31381,1825.0005106642222
31382,1825.0005106642222
31383,1825.0005106642222
31384,1825.0005106642222
31385,1825.0005106642222
31386,1825.0005106642222
31387,1825.0005106642222
31388,1825.0005106642222
31389,1825.0005106642222
31390,1825.0005106642222
31391,1825.0005106642222
31392,1825.0005106642222
31393,1825.0005106642222
31394,1825.0005106642222
31395,1825.0005106642222
31396,1825.0005106642222
31397,1825.0005106642222
31398,1825.0005106642222
31399,1825.0005106642222
31400,1825.0005106642222
31401,1825.0005106642222
31402,1825.0005106642222
31403,1825.0005106642222
31404,1825.0005106642222
31405,1825.0005106642222
31406,1825.0005106642222
31407,1825.0005106642222
31408,1825.0005106642222
31409,1825.0005106642222
31410,1825.0005106642222
31411,1825.0005106642222
31412,1825.0005106642222
31413,1825.0005106642222
31414,1825.0005106642222
31415,1825.0005106642222
31416,1825.0005106642222
31417,1825.0005106642222
31418,1825.0005106642222
31419,1825.0005106642222
31420,1825.0005106642222
31421,1825.0005106642222
31422,1825.0005106642222
31423,1825.0005106642222
31424,1825.0005106642222
31425,1825.0005106642222
31426,1825.0005106642222
31427,1825.0005106642222
31428,1825.0005106642222
31429,1825.0005106642222
31430,1825.0005106642222
31431,1825.0005106642222
31432,1825.0005106642222
31433,1825.0005106642222
31434,1825.0005106642222
31435,1825.0005106642222
31436,1825.0005106642222
31437,1825.0005106642222
31438,1825.0005106642222
31439,1825.0005106642222
31440,1825.0005106642222
31441,1825.0005106642222
31442,1825.0005106642222
31443,1825.0005106642222
31444,1825.0005106642222
31445,1825.0005106642222
31446,1825.0005106642222
31447,1825.0005106642222
31448,1825.0005106642222
31449,1825.0005106642222
31450,1825.0005106642222
31451,1825.0005106642222
31452,1825.0005106642222
31453,1825.0005106642222
31454,1825.0005106642222
31455,1825.0005106642222
31456,1825.0005106642222
31457,1825.0005106642222
31458,1825.0005106642222
31459,1825.0005106642222
31460,1825.0005106642222
31461,1825.0005106642222
31462,1825.0005106642222
31463,1825.0005106642222
31464,1825.0005106642222
31465,1825.0005106642222
31466,1825.0005106642222
31467,1825.0005106642222
31468,1825.0005106642222
31469,1825.0005106642222
31470,1825.0005106642222
31471,1825.0005106642222
31472,1825.0005106642222
31473,1825.0005106642222
31474,1825.0005106642222
31475,1825.0005106642222
31476,1825.0005106642222
31477,1825.0005106642222
31478,1825.0005106642222
31479,1825.0005106642222
31480,1825.0005106642222
31481,1825.0005106642222
31482,1825.0005106642222
31483,1825.0005106642222
31484,1825.0005106642222
31485,1825.0005106642222
31486,1825.0005106642222
31487,1825.0005106642222
31488,1825.0005106642222
31489,1825.0005106642222
31490,1825.0005106642222
31491,1825.0005106642222
31492,1825.0005106642222
31493,1825.0005106642222
31494,1825.0005106642222
31495,1825.0005106642222
31496,1825.0005106642222
31497,1825.0005106642222
31498,1825.0005106642222
31499,1825.0005106642222
31500,1825.0005106642222
31501,1825.0005106642222
31502,1825.0005106642222
31503,1825.0005106642222
31504,1825.0005106642222
31505,1825.0005106642222
31506,1825.0005106642222
31507,1825.0005106642222
31508,1825.0005106642222
31509,1825.0005106642222
31510,1825.0005106642222
31511,1825.0005106642222
31512,1825.0005106642222
31513,1825.0005106642222
31514,1825.0005106642222
31515,1825.0005106642222
31516,1825.0005106642222
31517,1825.0005106642222
31518,1825.0005106642222
31519,1825.0005106642222
31520,1825.0005106642222
31521,1825.0005106642222
31522,1825.0005106642222
31523,1825.0005106642222
31524,1825.0005106642222
31525,1825.0005106642222
31526,1825.0005106642222
31527,1825.0005106642222
31528,1825.0005106642222
31529,1825.0005106642222
31530,1825.0005106642222
31531,1825.0005106642222
31532,1825.0005106642222
31533,1825.0005106642222
31534,1825.0005106642222
31535,1825.0005106642222
31536,1825.0005106642222
31537,1825.0005106642222
31538,1825.0005106642222
31539,1825.0005106642222
31540,1825.0005106642222
31541,1825.0005106642222
31542,1825.0005106642222
31543,1825.0005106642222
31544,1825.0005106642222
31545,1825.0005106642222
31546,1825.0005106642222
31547,1825.0005106642222
31548,1825.0005106642222
31549,1825.0005106642222
31550,1825.0005106642222
31551,1825.0005106642222
31552,1825.0005106642222
31553,1825.0005106642222
31554,1825.0005106642222
31555,1825.0005106642222
31556,1825.0005106642222
31557,1825.0005106642222
31558,1825.0005106642222
31559,1825.0005106642222
31560,1825.0005106642222
31561,1825.0005106642222
31562,1825.0005106642222
31563,1825.0005106642222
31564,1825.0005106642222
31565,1825.0005106642222
31566,1825.0005106642222
31567,1825.0005106642222
31568,1825.0005106642222
31569,1825.0005106642222
31570,1825.0005106642222
31571,1825.0005106642222
31572,1825.0005106642222
31573,1825.0005106642222
31574,1825.0005106642222
31575,1825.0005106642222
31576,1825.0005106642222
31577,1825.0005106642222
31578,1825.0005106642222
31579,1825.0005106642222
31580,1825.0005106642222
31581,1825.0005106642222
31582,1825.0005106642222
31583,1825.0005106642222
31584,1825.0005106642222
31585,1825.0005106642222
31586,1825.0005106642222
31587,1825.0005106642222
31588,1825.0005106642222
31589,1825.0005106642222
31590,1825.0005106642222
31591,1825.0005106642222
31592,1825.0005106642222
31593,1825.0005106642222
31594,1825.0005106642222
31595,1825.0005106642222
31596,1825.0005106642222
31597,1825.0005106642222
31598,1825.0005106642222
31599,1825.0005106642222
31600,1825.0005106642222
31601,1825.0005106642222
31602,1825.0005106642222
31603,1825.0005106642222
31604,1825.0005106642222
31605,1825.0005106642222
31606,1825.0005106642222
31607,1825.0005106642222
31608,1825.0005106642222
31609,1825.0005106642222
31610,1825.0005106642222
31611,1825.0005106642222
31612,1825.0005106642222
31613,1825.0005106642222
31614,1825.0005106642222
31615,1825.0005106642222
31616,1825.0005106642222
31617,1825.0005106642222
31618,1825.0005106642222
31619,1825.0005106642222
31620,1825.0005106642222
31621,1825.0005106642222
31622,1825.0005106642222
31623,1825.0005106642222
31624,1825.0005106642222
31625,1825.0005106642222
31626,1825.0005106642222
31627,1825.0005106642222
31628,1825.0005106642222
31629,1825.0005106642222
31630,1825.0005106642222
31631,1825.0005106642222
31632,1825.0005106642222
31633,1825.0005106642222
31634,1825.0005106642222
31635,1825.0005106642222
31636,1825.0005106642222
31637,1825.0005106642222
31638,1825.0005106642222
31639,1825.0005106642222
31640,1825.0005106642222
31641,1825.0005106642222
31642,1825.0005106642222
31643,1825.0005106642222
31644,1825.0005106642222
31645,1825.0005106642222
31646,1825.0005106642222
31647,1825.0005106642222
31648,1825.0005106642222
31649,1825.0005106642222
31650,1825.0005106642222
31651,1825.0005106642222
31652,1825.0005106642222
31653,1825.0005106642222
31654,1825.0005106642222
31655,1825.0005106642222
31656,1825.0005106642222
31657,1825.0005106642222
31658,1825.0005106642222
31659,1825.0005106642222
31660,1825.0005106642222
31661,1825.0005106642222
31662,1825.0005106642222
31663,1825.0005106642222
31664,1825.0005106642222
31665,1825.0005106642222
31666,1825.0005106642222
31667,1825.0005106642222
31668,1825.0005106642222
31669,1825.0005106642222
31670,1825.0005106642222
31671,1825.0005106642222
31672,1825.0005106642222
31673,1825.0005106642222
31674,1825.0005106642222
31675,1825.0005106642222
31676,1825.0005106642222
31677,1825.0005106642222
31678,1825.0005106642222
31679,1825.0005106642222
31680,1825.0005106642222
31681,1825.0005106642222
31682,1825.0005106642222
31683,1825.0005106642222
31684,1825.0005106642222
31685,1825.0005106642222
31686,1825.0005106642222
31687,1825.0005106642222
31688,1825.0005106642222
31689,1825.0005106642222
31690,1825.0005106642222
31691,1825.0005106642222
31692,1825.0005106642222
31693,1825.0005106642222
31694,1825.0005106642222
31695,1825.0005106642222
31696,1825.0005106642222
31697,1825.0005106642222
31698,1825.0005106642222
31699,1825.0005106642222
31700,1825.0005106642222
31701,1825.0005106642222
31702,1825.0005106642222
31703,1825.0005106642222
31704,1825.0005106642222
31705,1825.0005106642222
31706,1825.0005106642222
31707,1825.0005106642222
31708,1825.0005106642222
31709,1825.0005106642222
31710,1825.0005106642222
31711,1825.0005106642222
31712,1825.0005106642222
31713,1825.0005106642222
31714,1825.0005106642222
31715,1825.0005106642222
31716,1825.0005106642222
31717,1825.0005106642222
31718,1825.0005106642222
31719,1825.0005106642222
31720,1825.0005106642222
31721,1825.0005106642222
31722,1825.0005106642222
31723,1825.0005106642222
31724,1825.0005106642222
31725,1825.0005106642222
31726,1825.0005106642222
31727,1825.0005106642222
31728,1825.0005106642222
31729,1825.0005106642222
31730,1825.0005106642222
31731,1825.0005106642222
31732,1825.0005106642222
31733,1825.0005106642222
31734,1825.0005106642222
31735,1825.0005106642222
31736,1825.0005106642222
31737,1825.0005106642222
31738,1825.0005106642222
31739,1825.0005106642222
31740,1825.0005106642222
31741,1825.0005106642222
31742,1825.0005106642222
31743,1825.0005106642222
31744,1825.0005106642222
31745,1825.0005106642222
31746,1825.0005106642222
31747,1825.0005106642222
31748,1825.0005106642222
31749,1825.0005106642222
31750,1825.0005106642222
31751,1825.0005106642222
31752,1825.0005106642222
31753,1825.0005106642222
31754,1825.0005106642222
31755,1825.0005106642222
31756,1825.0005106642222
31757,1825.0005106642222
31758,1825.0005106642222
31759,1825.0005106642222
31760,1825.0005106642222
31761,1825.0005106642222
31762,1825.0005106642222
31763,1825.0005106642222
31764,1825.0005106642222
31765,1825.0005106642222
31766,1825.0005106642222
31767,1825.0005106642222
31768,1825.0005106642222
31769,1825.0005106642222
31770,1825.0005106642222
31771,1825.0005106642222
31772,1825.0005106642222
31773,1825.0005106642222
31774,1825.0005106642222
31775,1825.0005106642222
31776,1825.0005106642222
31777,1825.0005106642222
31778,1825.0005106642222
31779,1825.0005106642222
31780,1825.0005106642222
31781,1825.0005106642222
31782,1825.0005106642222
31783,1825.0005106642222
31784,1825.0005106642222
31785,1825.0005106642222
31786,1825.0005106642222
31787,1825.0005106642222
31788,1825.0005106642222
31789,1825.0005106642222
31790,1825.0005106642222
31791,1825.0005106642222
31792,1825.0005106642222
31793,1825.0005106642222
31794,1825.0005106642222
31795,1825.0005106642222
31796,1825.0005106642222
31797,1825.0005106642222
31798,1825.0005106642222
31799,1825.0005106642222
31800,1825.0005106642222
31801,1825.0005106642222
31802,1825.0005106642222
31803,1825.0005106642222
31804,1825.0005106642222
31805,1825.0005106642222
31806,1825.0005106642222
31807,1825.0005106642222
31808,1825.0005106642222
31809,1825.0005106642222
31810,1825.0005106642222
31811,1825.0005106642222
31812,1825.0005106642222
31813,1825.0005106642222
31814,1825.0005106642222
31815,1825.0005106642222
31816,1825.0005106642222
31817,1825.0005106642222
31818,1825.0005106642222
31819,1825.0005106642222
31820,1825.0005106642222
31821,1825.0005106642222
31822,1825.0005106642222
31823,1825.0005106642222
31824,1825.0005106642222
31825,1825.0005106642222
31826,1825.0005106642222
31827,1825.0005106642222
31828,1825.0005106642222
31829,1825.0005106642222
31830,1825.0005106642222
31831,1825.0005106642222
31832,1825.0005106642222
31833,1825.0005106642222
31834,1825.0005106642222
31835,1825.0005106642222
31836,1825.0005106642222
31837,1825.0005106642222
31838,1825.0005106642222
31839,1825.0005106642222
31840,1825.0005106642222
31841,1825.0005106642222
31842,1825.0005106642222
31843,1825.0005106642222
31844,1825.0005106642222
31845,1825.0005106642222
31846,1825.0005106642222
31847,1825.0005106642222
31848,1825.0005106642222
31849,1825.0005106642222
31850,1825.0005106642222
31851,1825.0005106642222
31852,1825.0005106642222
31853,1825.0005106642222
31854,1825.0005106642222
31855,1825.0005106642222
31856,1825.0005106642222
31857,1825.0005106642222
31858,1825.0005106642222
31859,1825.0005106642222
31860,1825.0005106642222
31861,1825.0005106642222
31862,1825.0005106642222
31863,1825.0005106642222
31864,1825.0005106642222
31865,1825.0005106642222
31866,1825.0005106642222
31867,1825.0005106642222
31868,1825.0005106642222
31869,1825.0005106642222
31870,1825.0005106642222
31871,1825.0005106642222
31872,1825.0005106642222
31873,1825.0005106642222
31874,1825.0005106642222
31875,1825.0005106642222
31876,1825.0005106642222
31877,1825.0005106642222
31878,1825.0005106642222
31879,1825.0005106642222
31880,1825.0005106642222
31881,1825.0005106642222
31882,1825.0005106642222
31883,1825.0005106642222
31884,1825.0005106642222
31885,1825.0005106642222
31886,1825.0005106642222
31887,1825.0005106642222
31888,1825.0005106642222
31889,1825.0005106642222
31890,1825.0005106642222
31891,1825.0005106642222
31892,1825.0005106642222
31893,1825.0005106642222
31894,1825.0005106642222
31895,1825.0005106642222
31896,1825.0005106642222
31897,1825.0005106642222
31898,1825.0005106642222
31899,1825.0005106642222
31900,1825.0005106642222
31901,1825.0005106642222
31902,1825.0005106642222
31903,1825.0005106642222
31904,1825.0005106642222
31905,1825.0005106642222
31906,1825.0005106642222
31907,1825.0005106642222
31908,1825.0005106642222
31909,1825.0005106642222
31910,1825.0005106642222
31911,1825.0005106642222
31912,1825.0005106642222
31913,1825.0005106642222
31914,1825.0005106642222
31915,1825.0005106642222
31916,1825.0005106642222
31917,1825.0005106642222
31918,1825.0005106642222
31919,1825.0005106642222
31920,1825.0005106642222
31921,1825.0005106642222
31922,1825.0005106642222
31923,1825.0005106642222
31924,1825.0005106642222
31925,1825.0005106642222
31926,1825.0005106642222
31927,1825.0005106642222
31928,1825.0005106642222
31929,1825.0005106642222
31930,1825.0005106642222
31931,1825.0005106642222
31932,1825.0005106642222
31933,1825.0005106642222
31934,1825.0005106642222
31935,1825.0005106642222
31936,1825.0005106642222
31937,1825.0005106642222
31938,1825.0005106642222
31939,1825.0005106642222
31940,1825.0005106642222
31941,1825.0005106642222
31942,1825.0005106642222
31943,1825.0005106642222
31944,1825.0005106642222
31945,1825.0005106642222
31946,1825.0005106642222
31947,1825.0005106642222
31948,1825.0005106642222
31949,1825.0005106642222
31950,1825.0005106642222
31951,1825.0005106642222
31952,1825.0005106642222
31953,1825.0005106642222
31954,1825.0005106642222
31955,1825.0005106642222
31956,1825.0005106642222
31957,1825.0005106642222
31958,1825.0005106642222
31959,1825.0005106642222
31960,1825.0005106642222
31961,1825.0005106642222
31962,1825.0005106642222
31963,1825.0005106642222
31964,1825.0005106642222
31965,1825.0005106642222
31966,1825.0005106642222
31967,1825.0005106642222
31968,1825.0005106642222
31969,1825.0005106642222
31970,1825.0005106642222
31971,1825.0005106642222
31972,1825.0005106642222
31973,1825.0005106642222
31974,1825.0005106642222
31975,1825.0005106642222
31976,1825.0005106642222
31977,1825.0005106642222
31978,1825.0005106642222
31979,1825.0005106642222
31980,1825.0005106642222
31981,1825.0005106642222
31982,1825.0005106642222
31983,1825.0005106642222
31984,1825.0005106642222
31985,1825.0005106642222
31986,1825.0005106642222
31987,1825.0005106642222
31988,1825.0005106642222
31989,1825.0005106642222
31990,1825.0005106642222
31991,1825.0005106642222
31992,1825.0005106642222
31993,1825.0005106642222
31994,1825.0005106642222
31995,1825.0005106642222
31996,1825.0005106642222
31997,1825.0005106642222
31998,1825.0005106642222
31999,1825.0005106642222
32000,1825.0005106642222
32001,1825.0005106642222
32002,1825.0005106642222
32003,1825.0005106642222
32004,1825.0005106642222
32005,1825.0005106642222
32006,1825.0005106642222
32007,1825.0005106642222
32008,1825.0005106642222
32009,1825.0005106642222
32010,1825.0005106642222
32011,1825.0005106642222
32012,1825.0005106642222
32013,1825.0005106642222
32014,1825.0005106642222
32015,1825.0005106642222
32016,1825.0005106642222
32017,1825.0005106642222
32018,1825.0005106642222
32019,1825.0005106642222
32020,1825.0005106642222
32021,1825.0005106642222
32022,1825.0005106642222
32023,1825.0005106642222
32024,1825.0005106642222
32025,1825.0005106642222
32026,1825.0005106642222
32027,1825.0005106642222
32028,1825.0005106642222
32029,1825.0005106642222
32030,1825.0005106642222
32031,1825.0005106642222
32032,1825.0005106642222
32033,1825.0005106642222
32034,1825.0005106642222
32035,1825.0005106642222
32036,1825.0005106642222
32037,1825.0005106642222
32038,1825.0005106642222
32039,1825.0005106642222
32040,1825.0005106642222
32041,1825.0005106642222
32042,1825.0005106642222
32043,1825.0005106642222
32044,1825.0005106642222
32045,1825.0005106642222
32046,1825.0005106642222
32047,1825.0005106642222
32048,1825.0005106642222
32049,1825.0005106642222
32050,1825.0005106642222
32051,1825.0005106642222
32052,1825.0005106642222
32053,1825.0005106642222
32054,1825.0005106642222
32055,1825.0005106642222
32056,1825.0005106642222
32057,1825.0005106642222
32058,1825.0005106642222
32059,1825.0005106642222
32060,1825.0005106642222
32061,1825.0005106642222
32062,1825.0005106642222
32063,1825.0005106642222
32064,1825.0005106642222
32065,1825.0005106642222
32066,1825.0005106642222
32067,1825.0005106642222
32068,1825.0005106642222
32069,1825.0005106642222
32070,1825.0005106642222
32071,1825.0005106642222
32072,1825.0005106642222
32073,1825.0005106642222
32074,1825.0005106642222
32075,1825.0005106642222
32076,1825.0005106642222
32077,1825.0005106642222
32078,1825.0005106642222
32079,1825.0005106642222
32080,1825.0005106642222
32081,1825.0005106642222
32082,1825.0005106642222
32083,1825.0005106642222
32084,1825.0005106642222
32085,1825.0005106642222
32086,1825.0005106642222
32087,1825.0005106642222
32088,1825.0005106642222
32089,1825.0005106642222
32090,1825.0005106642222
32091,1825.0005106642222
32092,1825.0005106642222
32093,1825.0005106642222
32094,1825.0005106642222
32095,1825.0005106642222
32096,1825.0005106642222
32097,1825.0005106642222
32098,1825.0005106642222
32099,1825.0005106642222
32100,1825.0005106642222
32101,1825.0005106642222
32102,1825.0005106642222
32103,1825.0005106642222
32104,1825.0005106642222
32105,1825.0005106642222
32106,1825.0005106642222
32107,1825.0005106642222
32108,1825.0005106642222
32109,1825.0005106642222
32110,1825.0005106642222
32111,1825.0005106642222
32112,1825.0005106642222
32113,1825.0005106642222
32114,1825.0005106642222
32115,1825.0005106642222
32116,1825.0005106642222
32117,1825.0005106642222
32118,1825.0005106642222
32119,1825.0005106642222
32120,1825.0005106642222
32121,1825.0005106642222
32122,1825.0005106642222
32123,1825.0005106642222
32124,1825.0005106642222
32125,1825.0005106642222
32126,1825.0005106642222
32127,1825.0005106642222
32128,1825.0005106642222
32129,1825.0005106642222
32130,1825.0005106642222
32131,1825.0005106642222
32132,1825.0005106642222
32133,1825.0005106642222
32134,1825.0005106642222
32135,1825.0005106642222
32136,1825.0005106642222
32137,1825.0005106642222
32138,1825.0005106642222
32139,1825.0005106642222
32140,1825.0005106642222
32141,1825.0005106642222
32142,1825.0005106642222
32143,1825.0005106642222
32144,1825.0005106642222
32145,1825.0005106642222
32146,1825.0005106642222
32147,1825.0005106642222
32148,1825.0005106642222
32149,1825.0005106642222
32150,1825.0005106642222
32151,1825.0005106642222
32152,1825.0005106642222
32153,1825.0005106642222
32154,1825.0005106642222
32155,1825.0005106642222
32156,1825.0005106642222
32157,1825.0005106642222
32158,1825.0005106642222
32159,1825.0005106642222
32160,1825.0005106642222
32161,1825.0005106642222
32162,1825.0005106642222
32163,1825.0005106642222
32164,1825.0005106642222
32165,1825.0005106642222
32166,1825.0005106642222
32167,1825.0005106642222
32168,1825.0005106642222
32169,1825.0005106642222
32170,1825.0005106642222
32171,1825.0005106642222
32172,1825.0005106642222
32173,1825.0005106642222
32174,1825.0005106642222
32175,1825.0005106642222
32176,1825.0005106642222
32177,1825.0005106642222
32178,1825.0005106642222
32179,1825.0005106642222
32180,1825.0005106642222
32181,1825.0005106642222
32182,1825.0005106642222
32183,1825.0005106642222
32184,1825.0005106642222
32185,1825.0005106642222
32186,1825.0005106642222
32187,1825.0005106642222
32188,1825.0005106642222
32189,1825.0005106642222
32190,1825.0005106642222
32191,1825.0005106642222
32192,1825.0005106642222
32193,1825.0005106642222
32194,1825.0005106642222
32195,1825.0005106642222
32196,1825.0005106642222
32197,1825.0005106642222
32198,1825.0005106642222
32199,1825.0005106642222
32200,1825.0005106642222
32201,1825.0005106642222
32202,1825.0005106642222
32203,1825.0005106642222
32204,1825.0005106642222
32205,1825.0005106642222
32206,1825.0005106642222
32207,1825.0005106642222
32208,1825.0005106642222
32209,1825.0005106642222
32210,1825.0005106642222
32211,1825.0005106642222
32212,1825.0005106642222
32213,1825.0005106642222
32214,1825.0005106642222
32215,1825.0005106642222
32216,1825.0005106642222
32217,1825.0005106642222
32218,1825.0005106642222
32219,1825.0005106642222
32220,1825.0005106642222
32221,1825.0005106642222
32222,1825.0005106642222
32223,1825.0005106642222
32224,1825.0005106642222
32225,1825.0005106642222
32226,1825.0005106642222
32227,1825.0005106642222
32228,1825.0005106642222
32229,1825.0005106642222
32230,1825.0005106642222
32231,1825.0005106642222
32232,1825.0005106642222
32233,1825.0005106642222
32234,1825.0005106642222
32235,1825.0005106642222
32236,1825.0005106642222
32237,1825.0005106642222
32238,1825.0005106642222
32239,1825.0005106642222
32240,1825.0005106642222
32241,1825.0005106642222
32242,1825.0005106642222
32243,1825.0005106642222
32244,1825.0005106642222
32245,1825.0005106642222
32246,1825.0005106642222
32247,1825.0005106642222
32248,1825.0005106642222
32249,1825.0005106642222
32250,1825.0005106642222
32251,1825.0005106642222
32252,1825.0005106642222
32253,1825.0005106642222
32254,1825.0005106642222
32255,1825.0005106642222
32256,1825.0005106642222
32257,1825.0005106642222
32258,1825.0005106642222
32259,1825.0005106642222
32260,1825.0005106642222
32261,1825.0005106642222
32262,1825.0005106642222
32263,1825.0005106642222
32264,1825.0005106642222
32265,1825.0005106642222
32266,1825.0005106642222
32267,1825.0005106642222
32268,1825.0005106642222
32269,1825.0005106642222
32270,1825.0005106642222
32271,1825.0005106642222
32272,1825.0005106642222
32273,1825.0005106642222
32274,1825.0005106642222
32275,1825.0005106642222
32276,1825.0005106642222
32277,1825.0005106642222
32278,1825.0005106642222
32279,1825.0005106642222
32280,1825.0005106642222
32281,1825.0005106642222
32282,1825.0005106642222
32283,1825.0005106642222
32284,1825.0005106642222
32285,1825.0005106642222
32286,1825.0005106642222
32287,1825.0005106642222
32288,1825.0005106642222
32289,1825.0005106642222
32290,1825.0005106642222
32291,1825.0005106642222
32292,1825.0005106642222
32293,1825.0005106642222
32294,1825.0005106642222
32295,1825.0005106642222
32296,1825.0005106642222
32297,1825.0005106642222
32298,1825.0005106642222
32299,1825.0005106642222
32300,1825.0005106642222
32301,1825.0005106642222
32302,1825.0005106642222
32303,1825.0005106642222
32304,1825.0005106642222
32305,1825.0005106642222
32306,1825.0005106642222
32307,1825.0005106642222
32308,1825.0005106642222
32309,1825.0005106642222
32310,1825.0005106642222
32311,1825.0005106642222
32312,1825.0005106642222
32313,1825.0005106642222
32314,1825.0005106642222
32315,1825.0005106642222
32316,1825.0005106642222
32317,1825.0005106642222
32318,1825.0005106642222
32319,1825.0005106642222
32320,1825.0005106642222
32321,1825.0005106642222
32322,1825.0005106642222
32323,1825.0005106642222
32324,1825.0005106642222
32325,1825.0005106642222
32326,1825.0005106642222
32327,1825.0005106642222
32328,1825.0005106642222
32329,1825.0005106642222
32330,1825.0005106642222
32331,1825.0005106642222
32332,1825.0005106642222
32333,1825.0005106642222
32334,1825.0005106642222
32335,1825.0005106642222
32336,1825.0005106642222
32337,1825.0005106642222
32338,1825.0005106642222
32339,1825.0005106642222
32340,1825.0005106642222
32341,1825.0005106642222
32342,1825.0005106642222
32343,1825.0005106642222
32344,1825.0005106642222
32345,1825.0005106642222
32346,1825.0005106642222
32347,1825.0005106642222
32348,1825.0005106642222
32349,1825.0005106642222
32350,1825.0005106642222
32351,1825.0005106642222
32352,1825.0005106642222
32353,1825.0005106642222
32354,1825.0005106642222
32355,1825.0005106642222
32356,1825.0005106642222
32357,1825.0005106642222
32358,1825.0005106642222
32359,1825.0005106642222
32360,1825.0005106642222
32361,1825.0005106642222
32362,1825.0005106642222
32363,1825.0005106642222
32364,1825.0005106642222
32365,1825.0005106642222
32366,1825.0005106642222
32367,1825.0005106642222
32368,1825.0005106642222
32369,1825.0005106642222
32370,1825.0005106642222
32371,1825.0005106642222
32372,1825.0005106642222
32373,1825.0005106642222
32374,1825.0005106642222
32375,1825.0005106642222
32376,1825.0005106642222
32377,1825.0005106642222
32378,1825.0005106642222
32379,1825.0005106642222
32380,1825.0005106642222
32381,1825.0005106642222
32382,1825.0005106642222
32383,1825.0005106642222
32384,1825.0005106642222
32385,1825.0005106642222
32386,1825.0005106642222
32387,1825.0005106642222
32388,1825.0005106642222
32389,1825.0005106642222
32390,1825.0005106642222
32391,1825.0005106642222
32392,1825.0005106642222
32393,1825.0005106642222
32394,1825.0005106642222
32395,1825.0005106642222
32396,1825.0005106642222
32397,1825.0005106642222
32398,1825.0005106642222
32399,1825.0005106642222
32400,1825.0005106642222
32401,1825.0005106642222
32402,1825.0005106642222
32403,1825.0005106642222
32404,1825.0005106642222
32405,1825.0005106642222
32406,1825.0005106642222
32407,1825.0005106642222
32408,1825.0005106642222
32409,1825.0005106642222
32410,1825.0005106642222
32411,1825.0005106642222
32412,1825.0005106642222
32413,1825.0005106642222
32414,1825.0005106642222
32415,1825.0005106642222
32416,1825.0005106642222
32417,1825.0005106642222
32418,1825.0005106642222
32419,1825.0005106642222
32420,1825.0005106642222
32421,1825.0005106642222
32422,1825.0005106642222
32423,1825.0005106642222
32424,1825.0005106642222
32425,1825.0005106642222
32426,1825.0005106642222
32427,1825.0005106642222
32428,1825.0005106642222
32429,1825.0005106642222
32430,1825.0005106642222
32431,1825.0005106642222
32432,1825.0005106642222
32433,1825.0005106642222
32434,1825.0005106642222
32435,1825.0005106642222
32436,1825.0005106642222
32437,1825.0005106642222
32438,1825.0005106642222
32439,1825.0005106642222
32440,1825.0005106642222
32441,1825.0005106642222
32442,1825.0005106642222
32443,1825.0005106642222
32444,1825.0005106642222
32445,1825.0005106642222
32446,1825.0005106642222
32447,1825.0005106642222
32448,1825.0005106642222
32449,1825.0005106642222
32450,1825.0005106642222
32451,1825.0005106642222
32452,1825.0005106642222
32453,1825.0005106642222
32454,1825.0005106642222
32455,1825.0005106642222
32456,1825.0005106642222
32457,1825.0005106642222
32458,1825.0005106642222
32459,1825.0005106642222
32460,1825.0005106642222
32461,1825.0005106642222
32462,1825.0005106642222
32463,1825.0005106642222
32464,1825.0005106642222
32465,1825.0005106642222
32466,1825.0005106642222
32467,1825.0005106642222
32468,1825.0005106642222
32469,1825.0005106642222
32470,1825.0005106642222
32471,1825.0005106642222
32472,1825.0005106642222
32473,1825.0005106642222
32474,1825.0005106642222
32475,1825.0005106642222
32476,1825.0005106642222
32477,1825.0005106642222
32478,1825.0005106642222
32479,1825.0005106642222
32480,1825.0005106642222
32481,1825.0005106642222
32482,1825.0005106642222
32483,1825.0005106642222
32484,1825.0005106642222
32485,1825.0005106642222
32486,1825.0005106642222
32487,1825.0005106642222
32488,1825.0005106642222
32489,1825.0005106642222
32490,1825.0005106642222
32491,1825.0005106642222
32492,1825.0005106642222
32493,1825.0005106642222
32494,1825.0005106642222
32495,1825.0005106642222
32496,1825.0005106642222
32497,1825.0005106642222
32498,1825.0005106642222
32499,1825.0005106642222
32500,1825.0005106642222
32501,1825.0005106642222
32502,1825.0005106642222
32503,1825.0005106642222
32504,1825.0005106642222
32505,1825.0005106642222
32506,1825.0005106642222
32507,1825.0005106642222
32508,1825.0005106642222
32509,1825.0005106642222
32510,1825.0005106642222
32511,1825.0005106642222
32512,1825.0005106642222
32513,1825.0005106642222
32514,1825.0005106642222
32515,1825.0005106642222
32516,1825.0005106642222
32517,1825.0005106642222
32518,1825.0005106642222
32519,1825.0005106642222
32520,1825.0005106642222
32521,1825.0005106642222
32522,1825.0005106642222
32523,1825.0005106642222
32524,1825.0005106642222
32525,1825.0005106642222
32526,1825.0005106642222
32527,1825.0005106642222
32528,1825.0005106642222
32529,1825.0005106642222
32530,1825.0005106642222
32531,1825.0005106642222
32532,1825.0005106642222
32533,1825.0005106642222
32534,1825.0005106642222
32535,1825.0005106642222
32536,1825.0005106642222
32537,1825.0005106642222
32538,1825.0005106642222
32539,1825.0005106642222
32540,1825.0005106642222
32541,1825.0005106642222
32542,1825.0005106642222
32543,1825.0005106642222
32544,1825.0005106642222
32545,1825.0005106642222
32546,1825.0005106642222
32547,1825.0005106642222
32548,1825.0005106642222
32549,1825.0005106642222
32550,1825.0005106642222
32551,1825.0005106642222
32552,1825.0005106642222
32553,1825.0005106642222
32554,1825.0005106642222
32555,1825.0005106642222
32556,1825.0005106642222
32557,1825.0005106642222
32558,1825.0005106642222
32559,1825.0005106642222
32560,1825.0005106642222
32561,1825.0005106642222
32562,1825.0005106642222
32563,1825.0005106642222
32564,1825.0005106642222
32565,1825.0005106642222
32566,1825.0005106642222
32567,1825.0005106642222
32568,1825.0005106642222
32569,1825.0005106642222
32570,1825.0005106642222
32571,1825.0005106642222
32572,1825.0005106642222
32573,1825.0005106642222
32574,1825.0005106642222
32575,1825.0005106642222
32576,1825.0005106642222
32577,1825.0005106642222
32578,1825.0005106642222
32579,1825.0005106642222
32580,1825.0005106642222
32581,1825.0005106642222
32582,1825.0005106642222
32583,1825.0005106642222
32584,1825.0005106642222
32585,1825.0005106642222
32586,1825.0005106642222
32587,1825.0005106642222
32588,1825.0005106642222
32589,1825.0005106642222
32590,1825.0005106642222
32591,1825.0005106642222
32592,1825.0005106642222
32593,1825.0005106642222
32594,1825.0005106642222
32595,1825.0005106642222
32596,1825.0005106642222
32597,1825.0005106642222
32598,1825.0005106642222
32599,1825.0005106642222
32600,1825.0005106642222
32601,1825.0005106642222
32602,1825.0005106642222
32603,1825.0005106642222
32604,1825.0005106642222
32605,1825.0005106642222
32606,1825.0005106642222
32607,1825.0005106642222
32608,1825.0005106642222
32609,1825.0005106642222
32610,1825.0005106642222
32611,1825.0005106642222
32612,1825.0005106642222
32613,1825.0005106642222
32614,1825.0005106642222
32615,1825.0005106642222
32616,1825.0005106642222
32617,1825.0005106642222
32618,1825.0005106642222
32619,1825.0005106642222
32620,1825.0005106642222
32621,1825.0005106642222
32622,1825.0005106642222
32623,1825.0005106642222
32624,1825.0005106642222
32625,1825.0005106642222
32626,1825.0005106642222
32627,1825.0005106642222
32628,1825.0005106642222
32629,1825.0005106642222
32630,1825.0005106642222
32631,1825.0005106642222
32632,1825.0005106642222
32633,1825.0005106642222
32634,1825.0005106642222
32635,1825.0005106642222
32636,1825.0005106642222
32637,1825.0005106642222
32638,1825.0005106642222
32639,1825.0005106642222
32640,1825.0005106642222
32641,1825.0005106642222
32642,1825.0005106642222
32643,1825.0005106642222
32644,1825.0005106642222
32645,1825.0005106642222
32646,1825.0005106642222
32647,1825.0005106642222
32648,1825.0005106642222
32649,1825.0005106642222
32650,1825.0005106642222
32651,1825.0005106642222
32652,1825.0005106642222
32653,1825.0005106642222
32654,1825.0005106642222
32655,1825.0005106642222
32656,1825.0005106642222
32657,1825.0005106642222
32658,1825.0005106642222
32659,1825.0005106642222
32660,1825.0005106642222
32661,1825.0005106642222
32662,1825.0005106642222
32663,1825.0005106642222
32664,1825.0005106642222
32665,1825.0005106642222
32666,1825.0005106642222
32667,1825.0005106642222
32668,1825.0005106642222
32669,1825.0005106642222
32670,1825.0005106642222
32671,1825.0005106642222
32672,1825.0005106642222
32673,1825.0005106642222
32674,1825.0005106642222
32675,1825.0005106642222
32676,1825.0005106642222
32677,1825.0005106642222
32678,1825.0005106642222
32679,1825.0005106642222
32680,1825.0005106642222
32681,1825.0005106642222
32682,1825.0005106642222
32683,1825.0005106642222
32684,1825.0005106642222
32685,1825.0005106642222
32686,1825.0005106642222
32687,1825.0005106642222
32688,1825.0005106642222
32689,1825.0005106642222
32690,1825.0005106642222
32691,1825.0005106642222
32692,1825.0005106642222
32693,1825.0005106642222
32694,1825.0005106642222
32695,1825.0005106642222
32696,1825.0005106642222
32697,1825.0005106642222
32698,1825.0005106642222
32699,1825.0005106642222
32700,1825.0005106642222
32701,1825.0005106642222
32702,1825.0005106642222
32703,1825.0005106642222
32704,1825.0005106642222
32705,1825.0005106642222
32706,1825.0005106642222
32707,1825.0005106642222
32708,1825.0005106642222
32709,1825.0005106642222
32710,1825.0005106642222
32711,1825.0005106642222
32712,1825.0005106642222
32713,1825.0005106642222
32714,1825.0005106642222
32715,1825.0005106642222
32716,1825.0005106642222
32717,1825.0005106642222
32718,1825.0005106642222
32719,1825.0005106642222
32720,1825.0005106642222
32721,1825.0005106642222
32722,1825.0005106642222
32723,1825.0005106642222
32724,1825.0005106642222
32725,1825.0005106642222
32726,1825.0005106642222
32727,1825.0005106642222
32728,1825.0005106642222
32729,1825.0005106642222
32730,1825.0005106642222
32731,1825.0005106642222
32732,1825.0005106642222
32733,1825.0005106642222
32734,1825.0005106642222
32735,1825.0005106642222
32736,1825.0005106642222
32737,1825.0005106642222
32738,1825.0005106642222
32739,1825.0005106642222
32740,1825.0005106642222
32741,1825.0005106642222
32742,1825.0005106642222
32743,1825.0005106642222
32744,1825.0005106642222
32745,1825.0005106642222
32746,1825.0005106642222
32747,1825.0005106642222
32748,1825.0005106642222
32749,1825.0005106642222
32750,1825.0005106642222
32751,1825.0005106642222
32752,1825.0005106642222
32753,1825.0005106642222
32754,1825.0005106642222
32755,1825.0005106642222
32756,1825.0005106642222
32757,1825.0005106642222
32758,1825.0005106642222
32759,1825.0005106642222
32760,1825.0005106642222
32761,1825.0005106642222
32762,1825.0005106642222
32763,1825.0005106642222
32764,1825.0005106642222
32765,1825.0005106642222
32766,1825.0005106642222
32767,1825.0005106642222
32768,1825.0005106642222
32769,1825.0005106642222
32770,1825.0005106642222
32771,1825.0005106642222
32772,1825.0005106642222
32773,1825.0005106642222
32774,1825.0005106642222
32775,1825.0005106642222
32776,1825.0005106642222
32777,1825.0005106642222
32778,1825.0005106642222
32779,1825.0005106642222
32780,1825.0005106642222
32781,1825.0005106642222
32782,1825.0005106642222
32783,1825.0005106642222
32784,1825.0005106642222
32785,1825.0005106642222
32786,1825.0005106642222
32787,1825.0005106642222
32788,1825.0005106642222
32789,1825.0005106642222
32790,1825.0005106642222
32791,1825.0005106642222
32792,1825.0005106642222
32793,1825.0005106642222
32794,1825.0005106642222
32795,1825.0005106642222
32796,1825.0005106642222
32797,1825.0005106642222
32798,1825.0005106642222
32799,1825.0005106642222
32800,1825.0005106642222
32801,1825.0005106642222
32802,1825.0005106642222
32803,1825.0005106642222
32804,1825.0005106642222
32805,1825.0005106642222
32806,1825.0005106642222
32807,1825.0005106642222
32808,1825.0005106642222
32809,1825.0005106642222
32810,1825.0005106642222
32811,1825.0005106642222
32812,1825.0005106642222
32813,1825.0005106642222
32814,1825.0005106642222
32815,1825.0005106642222
32816,1825.0005106642222
32817,1825.0005106642222
32818,1825.0005106642222
32819,1825.0005106642222
32820,1825.0005106642222
32821,1825.0005106642222
32822,1825.0005106642222
32823,1825.0005106642222
32824,1825.0005106642222
32825,1825.0005106642222
32826,1825.0005106642222
32827,1825.0005106642222
32828,1825.0005106642222
32829,1825.0005106642222
32830,1825.0005106642222
32831,1825.0005106642222
32832,1825.0005106642222
32833,1825.0005106642222
32834,1825.0005106642222
32835,1825.0005106642222
32836,1825.0005106642222
32837,1825.0005106642222
32838,1825.0005106642222
32839,1825.0005106642222
32840,1825.0005106642222
32841,1825.0005106642222
32842,1825.0005106642222
32843,1825.0005106642222
32844,1825.0005106642222
32845,1825.0005106642222
32846,1825.0005106642222
32847,1825.0005106642222
32848,1825.0005106642222
32849,1825.0005106642222
32850,1825.0005106642222
32851,1825.0005106642222
32852,1825.0005106642222
32853,1825.0005106642222
32854,1825.0005106642222
32855,1825.0005106642222
32856,1825.0005106642222
32857,1825.0005106642222
32858,1825.0005106642222
32859,1825.0005106642222
32860,1825.0005106642222
32861,1825.0005106642222
32862,1825.0005106642222
32863,1825.0005106642222
32864,1825.0005106642222
32865,1825.0005106642222
32866,1825.0005106642222
32867,1825.0005106642222
32868,1825.0005106642222
32869,1825.0005106642222
32870,1825.0005106642222
32871,1825.0005106642222
32872,1825.0005106642222
32873,1825.0005106642222
32874,1825.0005106642222
32875,1825.0005106642222
32876,1825.0005106642222
32877,1825.0005106642222
32878,1825.0005106642222
32879,1825.0005106642222
32880,1825.0005106642222
32881,1825.0005106642222
32882,1825.0005106642222
32883,1825.0005106642222
32884,1825.0005106642222
32885,1825.0005106642222
32886,1825.0005106642222
32887,1825.0005106642222
32888,1825.0005106642222
32889,1825.0005106642222
32890,1825.0005106642222
32891,1825.0005106642222
32892,1825.0005106642222
32893,1825.0005106642222
32894,1825.0005106642222
32895,1825.0005106642222
32896,1825.0005106642222
32897,1825.0005106642222
32898,1825.0005106642222
32899,1825.0005106642222
32900,1825.0005106642222
32901,1825.0005106642222
32902,1825.0005106642222
32903,1825.0005106642222
32904,1825.0005106642222
32905,1825.0005106642222
32906,1825.0005106642222
32907,1825.0005106642222
32908,1825.0005106642222
32909,1825.0005106642222
32910,1825.0005106642222
32911,1825.0005106642222
32912,1825.0005106642222
32913,1825.0005106642222
32914,1825.0005106642222
32915,1825.0005106642222
32916,1825.0005106642222
32917,1825.0005106642222
32918,1825.0005106642222
32919,1825.0005106642222
32920,1825.0005106642222
32921,1825.0005106642222
32922,1825.0005106642222
32923,1825.0005106642222
32924,1825.0005106642222
32925,1825.0005106642222
32926,1825.0005106642222
32927,1825.0005106642222
32928,1825.0005106642222
32929,1825.0005106642222
32930,1825.0005106642222
32931,1825.0005106642222
32932,1825.0005106642222
32933,1825.0005106642222
32934,1825.0005106642222
32935,1825.0005106642222
32936,1825.0005106642222
32937,1825.0005106642222
32938,1825.0005106642222
32939,1825.0005106642222
32940,1825.0005106642222
32941,1825.0005106642222
32942,1825.0005106642222
32943,1825.0005106642222
32944,1825.0005106642222
32945,1825.0005106642222
32946,1825.0005106642222
32947,1825.0005106642222
32948,1825.0005106642222
32949,1825.0005106642222
32950,1825.0005106642222
32951,1825.0005106642222
32952,1825.0005106642222
32953,1825.0005106642222
32954,1825.0005106642222
32955,1825.0005106642222
32956,1825.0005106642222
32957,1825.0005106642222
32958,1825.0005106642222
32959,1825.0005106642222
32960,1825.0005106642222
32961,1825.0005106642222
32962,1825.0005106642222
32963,1825.0005106642222
32964,1825.0005106642222
32965,1825.0005106642222
32966,1825.0005106642222
32967,1825.0005106642222
32968,1825.0005106642222
32969,1825.0005106642222
32970,1825.0005106642222
32971,1825.0005106642222
32972,1825.0005106642222
32973,1825.0005106642222
32974,1825.0005106642222
32975,1825.0005106642222
32976,1825.0005106642222
32977,1825.0005106642222
32978,1825.0005106642222
32979,1825.0005106642222
32980,1825.0005106642222
32981,1825.0005106642222
32982,1825.0005106642222
32983,1825.0005106642222
32984,1825.0005106642222
32985,1825.0005106642222
32986,1825.0005106642222
32987,1825.0005106642222
32988,1825.0005106642222
32989,1825.0005106642222
32990,1825.0005106642222
32991,1825.0005106642222
32992,1825.0005106642222
32993,1825.0005106642222
32994,1825.0005106642222
32995,1825.0005106642222
32996,1825.0005106642222
32997,1825.0005106642222
32998,1825.0005106642222
32999,1825.0005106642222
33000,1825.0005106642222
33001,1825.0005106642222
33002,1825.0005106642222
33003,1825.0005106642222
33004,1825.0005106642222
33005,1825.0005106642222
33006,1825.0005106642222
33007,1825.0005106642222
33008,1825.0005106642222
33009,1825.0005106642222
33010,1825.0005106642222
33011,1825.0005106642222
33012,1825.0005106642222
33013,1825.0005106642222
33014,1825.0005106642222
33015,1825.0005106642222
33016,1825.0005106642222
33017,1825.0005106642222
33018,1825.0005106642222
33019,1825.0005106642222
33020,1825.0005106642222
33021,1825.0005106642222
33022,1825.0005106642222
33023,1825.0005106642222
33024,1825.0005106642222
33025,1825.0005106642222
33026,1825.0005106642222
33027,1825.0005106642222
33028,1825.0005106642222
33029,1825.0005106642222
33030,1825.0005106642222
33031,1825.0005106642222
33032,1825.0005106642222
33033,1825.0005106642222
33034,1825.0005106642222
33035,1825.0005106642222
33036,1825.0005106642222
33037,1825.0005106642222
33038,1825.0005106642222
33039,1825.0005106642222
33040,1825.0005106642222
33041,1825.0005106642222
33042,1825.0005106642222
33043,1825.0005106642222
33044,1825.0005106642222
33045,1825.0005106642222
33046,1825.0005106642222
33047,1825.0005106642222
33048,1825.0005106642222
33049,1825.0005106642222
33050,1825.0005106642222
33051,1825.0005106642222
33052,1825.0005106642222
33053,1825.0005106642222
33054,1825.0005106642222
33055,1825.0005106642222
33056,1825.0005106642222
33057,1825.0005106642222
33058,1825.0005106642222
33059,1825.0005106642222
33060,1825.0005106642222
33061,1825.0005106642222
33062,1825.0005106642222
33063,1825.0005106642222
33064,1825.0005106642222
33065,1825.0005106642222
33066,1825.0005106642222
33067,1825.0005106642222
33068,1825.0005106642222
33069,1825.0005106642222
33070,1825.0005106642222
33071,1825.0005106642222
33072,1825.0005106642222
33073,1825.0005106642222
33074,1825.0005106642222
33075,1825.0005106642222
33076,1825.0005106642222
33077,1825.0005106642222
33078,1825.0005106642222
33079,1825.0005106642222
33080,1825.0005106642222
33081,1825.0005106642222
33082,1825.0005106642222
33083,1825.0005106642222
33084,1825.0005106642222
33085,1825.0005106642222
33086,1825.0005106642222
33087,1825.0005106642222
33088,1825.0005106642222
33089,1825.0005106642222
33090,1825.0005106642222
33091,1825.0005106642222
33092,1825.0005106642222
33093,1825.0005106642222
33094,1825.0005106642222
33095,1825.0005106642222
33096,1825.0005106642222
33097,1825.0005106642222
33098,1825.0005106642222
33099,1825.0005106642222
33100,1825.0005106642222
33101,1825.0005106642222
33102,1825.0005106642222
33103,1825.0005106642222
33104,1825.0005106642222
33105,1825.0005106642222
33106,1825.0005106642222
33107,1825.0005106642222
33108,1825.0005106642222
33109,1825.0005106642222
33110,1825.0005106642222
33111,1825.0005106642222
33112,1825.0005106642222
33113,1825.0005106642222
33114,1825.0005106642222
33115,1825.0005106642222
33116,1825.0005106642222
33117,1825.0005106642222
33118,1825.0005106642222
33119,1825.0005106642222
33120,1825.0005106642222
33121,1825.0005106642222
33122,1825.0005106642222
33123,1825.0005106642222
33124,1825.0005106642222
33125,1825.0005106642222
33126,1825.0005106642222
33127,1825.0005106642222
33128,1825.0005106642222
33129,1825.0005106642222
33130,1825.0005106642222
33131,1825.0005106642222
33132,1825.0005106642222
33133,1825.0005106642222
33134,1825.0005106642222
33135,1825.0005106642222
33136,1825.0005106642222
33137,1825.0005106642222
33138,1825.0005106642222
33139,1825.0005106642222
33140,1825.0005106642222
33141,1825.0005106642222
33142,1825.0005106642222
33143,1825.0005106642222
33144,1825.0005106642222
33145,1825.0005106642222
33146,1825.0005106642222
33147,1825.0005106642222
33148,1825.0005106642222
33149,1825.0005106642222
33150,1825.0005106642222
33151,1825.0005106642222
33152,1825.0005106642222
33153,1825.0005106642222
33154,1825.0005106642222
33155,1825.0005106642222
33156,1825.0005106642222
33157,1825.0005106642222
33158,1825.0005106642222
33159,1825.0005106642222
33160,1825.0005106642222
33161,1825.0005106642222
33162,1825.0005106642222
33163,1825.0005106642222
33164,1825.0005106642222
33165,1825.0005106642222
33166,1825.0005106642222
33167,1825.0005106642222
33168,1825.0005106642222
33169,1825.0005106642222
33170,1825.0005106642222
33171,1825.0005106642222
33172,1825.0005106642222
33173,1825.0005106642222
33174,1825.0005106642222
33175,1825.0005106642222
33176,1825.0005106642222
33177,1825.0005106642222
33178,1825.0005106642222
33179,1825.0005106642222
33180,1825.0005106642222
33181,1825.0005106642222
33182,1825.0005106642222
33183,1825.0005106642222
33184,1825.0005106642222
33185,1825.0005106642222
33186,1825.0005106642222
33187,1825.0005106642222
33188,1825.0005106642222
33189,1825.0005106642222
33190,1825.0005106642222
33191,1825.0005106642222
33192,1825.0005106642222
33193,1825.0005106642222
33194,1825.0005106642222
33195,1825.0005106642222
33196,1825.0005106642222
33197,1825.0005106642222
33198,1825.0005106642222
33199,1825.0005106642222
33200,1825.0005106642222
33201,1825.0005106642222
33202,1825.0005106642222
33203,1825.0005106642222
33204,1825.0005106642222
33205,1825.0005106642222
33206,1825.0005106642222
33207,1825.0005106642222
33208,1825.0005106642222
33209,1825.0005106642222
33210,1825.0005106642222
33211,1825.0005106642222
33212,1825.0005106642222
33213,1825.0005106642222
33214,1825.0005106642222
33215,1825.0005106642222
33216,1825.0005106642222
33217,1825.0005106642222
33218,1825.0005106642222
33219,1825.0005106642222
33220,1825.0005106642222
33221,1825.0005106642222
33222,1825.0005106642222
33223,1825.0005106642222
33224,1825.0005106642222
33225,1825.0005106642222
33226,1825.0005106642222
33227,1825.0005106642222
33228,1825.0005106642222
33229,1825.0005106642222
33230,1825.0005106642222
33231,1825.0005106642222
33232,1825.0005106642222
33233,1825.0005106642222
33234,1825.0005106642222
33235,1825.0005106642222
33236,1825.0005106642222
33237,1825.0005106642222
33238,1825.0005106642222
33239,1825.0005106642222
33240,1825.0005106642222
33241,1825.0005106642222
33242,1825.0005106642222
33243,1825.0005106642222
33244,1825.0005106642222
33245,1825.0005106642222
33246,1825.0005106642222
33247,1825.0005106642222
33248,1825.0005106642222
33249,1825.0005106642222
33250,1825.0005106642222
33251,1825.0005106642222
33252,1825.0005106642222
33253,1825.0005106642222
33254,1825.0005106642222
33255,1825.0005106642222
33256,1825.0005106642222
33257,1825.0005106642222
33258,1825.0005106642222
33259,1825.0005106642222
33260,1825.0005106642222
33261,1825.0005106642222
33262,1825.0005106642222
33263,1825.0005106642222
33264,1825.0005106642222
33265,1825.0005106642222
33266,1825.0005106642222
33267,1825.0005106642222
33268,1825.0005106642222
33269,1825.0005106642222
33270,1825.0005106642222
33271,1825.0005106642222
33272,1825.0005106642222
33273,1825.0005106642222
33274,1825.0005106642222
33275,1825.0005106642222
33276,1825.0005106642222
33277,1825.0005106642222
33278,1825.0005106642222
33279,1825.0005106642222
33280,1825.0005106642222
33281,1825.0005106642222
33282,1825.0005106642222
33283,1825.0005106642222
33284,1825.0005106642222
33285,1825.0005106642222
33286,1825.0005106642222
33287,1825.0005106642222
33288,1825.0005106642222
33289,1825.0005106642222
33290,1825.0005106642222
33291,1825.0005106642222
33292,1825.0005106642222
33293,1825.0005106642222
33294,1825.0005106642222
33295,1825.0005106642222
33296,1825.0005106642222
33297,1825.0005106642222
33298,1825.0005106642222
33299,1825.0005106642222
33300,1825.0005106642222
33301,1825.0005106642222
33302,1825.0005106642222
33303,1825.0005106642222
33304,1825.0005106642222
33305,1825.0005106642222
33306,1825.0005106642222
33307,1825.0005106642222
33308,1825.0005106642222
33309,1825.0005106642222
33310,1825.0005106642222
33311,1825.0005106642222
33312,1825.0005106642222
33313,1825.0005106642222
33314,1825.0005106642222
33315,1825.0005106642222
33316,1825.0005106642222
33317,1825.0005106642222
33318,1825.0005106642222
33319,1825.0005106642222
33320,1825.0005106642222
33321,1825.0005106642222
33322,1825.0005106642222
33323,1825.0005106642222
33324,1825.0005106642222
33325,1825.0005106642222
33326,1825.0005106642222
33327,1825.0005106642222
33328,1825.0005106642222
33329,1825.0005106642222
33330,1825.0005106642222
33331,1825.0005106642222
33332,1825.0005106642222
33333,1825.0005106642222
33334,1825.0005106642222
33335,1825.0005106642222
33336,1825.0005106642222
33337,1825.0005106642222
33338,1825.0005106642222
33339,1825.0005106642222
33340,1825.0005106642222
33341,1825.0005106642222
33342,1825.0005106642222
33343,1825.0005106642222
33344,1825.0005106642222
33345,1825.0005106642222
33346,1825.0005106642222
33347,1825.0005106642222
33348,1825.0005106642222
33349,1825.0005106642222
33350,1825.0005106642222
33351,1825.0005106642222
33352,1825.0005106642222
33353,1825.0005106642222
33354,1825.0005106642222
33355,1825.0005106642222
33356,1825.0005106642222
33357,1825.0005106642222
33358,1825.0005106642222
33359,1825.0005106642222
33360,1825.0005106642222
33361,1825.0005106642222
33362,1825.0005106642222
33363,1825.0005106642222
33364,1825.0005106642222
33365,1825.0005106642222
33366,1825.0005106642222
33367,1825.0005106642222
33368,1825.0005106642222
33369,1825.0005106642222
33370,1825.0005106642222
33371,1825.0005106642222
33372,1825.0005106642222
33373,1825.0005106642222
33374,1825.0005106642222
33375,1825.0005106642222
33376,1825.0005106642222
33377,1825.0005106642222
33378,1825.0005106642222
33379,1825.0005106642222
33380,1825.0005106642222
33381,1825.0005106642222
33382,1825.0005106642222
33383,1825.0005106642222
33384,1825.0005106642222
33385,1825.0005106642222
33386,1825.0005106642222
33387,1825.0005106642222
33388,1825.0005106642222
33389,1825.0005106642222
33390,1825.0005106642222
33391,1825.0005106642222
33392,1825.0005106642222
33393,1825.0005106642222
33394,1825.0005106642222
33395,1825.0005106642222
33396,1825.0005106642222
33397,1825.0005106642222
33398,1825.0005106642222
33399,1825.0005106642222
33400,1825.0005106642222
33401,1825.0005106642222
33402,1825.0005106642222
33403,1825.0005106642222
33404,1825.0005106642222
33405,1825.0005106642222
33406,1825.0005106642222
33407,1825.0005106642222
33408,1825.0005106642222
33409,1825.0005106642222
33410,1825.0005106642222
33411,1825.0005106642222
33412,1825.0005106642222
33413,1825.0005106642222
33414,1825.0005106642222
33415,1825.0005106642222
33416,1825.0005106642222
33417,1825.0005106642222
33418,1825.0005106642222
33419,1825.0005106642222
33420,1825.0005106642222
33421,1825.0005106642222
33422,1825.0005106642222
33423,1825.0005106642222
33424,1825.0005106642222
33425,1825.0005106642222
33426,1825.0005106642222
33427,1825.0005106642222
33428,1825.0005106642222
33429,1825.0005106642222
33430,1825.0005106642222
33431,1825.0005106642222
33432,1825.0005106642222
33433,1825.0005106642222
33434,1825.0005106642222
33435,1825.0005106642222
33436,1825.0005106642222
33437,1825.0005106642222
33438,1825.0005106642222
33439,1825.0005106642222
33440,1825.0005106642222
33441,1825.0005106642222
33442,1825.0005106642222
33443,1825.0005106642222
33444,1825.0005106642222
33445,1825.0005106642222
33446,1825.0005106642222
33447,1825.0005106642222
33448,1825.0005106642222
33449,1825.0005106642222
33450,1825.0005106642222
33451,1825.0005106642222
33452,1825.0005106642222
33453,1825.0005106642222
33454,1825.0005106642222
33455,1825.0005106642222
33456,1825.0005106642222
33457,1825.0005106642222
33458,1825.0005106642222
33459,1825.0005106642222
33460,1825.0005106642222
33461,1825.0005106642222
33462,1825.0005106642222
33463,1825.0005106642222
33464,1825.0005106642222
33465,1825.0005106642222
33466,1825.0005106642222
33467,1825.0005106642222
33468,1825.0005106642222
33469,1825.0005106642222
33470,1825.0005106642222
33471,1825.0005106642222
33472,1825.0005106642222
33473,1825.0005106642222
33474,1825.0005106642222
33475,1825.0005106642222
33476,1825.0005106642222
33477,1825.0005106642222
33478,1825.0005106642222
33479,1825.0005106642222
33480,1825.0005106642222
33481,1825.0005106642222
33482,1825.0005106642222
33483,1825.0005106642222
33484,1825.0005106642222
33485,1825.0005106642222
33486,1825.0005106642222
33487,1825.0005106642222
33488,1825.0005106642222
33489,1825.0005106642222
33490,1825.0005106642222
33491,1825.0005106642222
33492,1825.0005106642222
33493,1825.0005106642222
33494,1825.0005106642222
33495,1825.0005106642222
33496,1825.0005106642222
33497,1825.0005106642222
33498,1825.0005106642222
33499,1825.0005106642222
33500,1825.0005106642222
33501,1825.0005106642222
33502,1825.0005106642222
33503,1825.0005106642222
33504,1825.0005106642222
33505,1825.0005106642222
33506,1825.0005106642222
33507,1825.0005106642222
33508,1825.0005106642222
33509,1825.0005106642222
33510,1825.0005106642222
33511,1825.0005106642222
33512,1825.0005106642222
33513,1825.0005106642222
33514,1825.0005106642222
33515,1825.0005106642222
33516,1825.0005106642222
33517,1825.0005106642222
33518,1825.0005106642222
33519,1825.0005106642222
33520,1825.0005106642222
33521,1825.0005106642222
33522,1825.0005106642222
33523,1825.0005106642222
33524,1825.0005106642222
33525,1825.0005106642222
33526,1825.0005106642222
33527,1825.0005106642222
33528,1825.0005106642222
33529,1825.0005106642222
33530,1825.0005106642222
33531,1825.0005106642222
33532,1825.0005106642222
33533,1825.0005106642222
33534,1825.0005106642222
33535,1825.0005106642222
33536,1825.0005106642222
33537,1825.0005106642222
33538,1825.0005106642222
33539,1825.0005106642222
33540,1825.0005106642222
33541,1825.0005106642222
33542,1825.0005106642222
33543,1825.0005106642222
33544,1825.0005106642222
33545,1825.0005106642222
33546,1825.0005106642222
33547,1825.0005106642222
33548,1825.0005106642222
33549,1825.0005106642222
33550,1825.0005106642222
33551,1825.0005106642222
33552,1825.0005106642222
33553,1825.0005106642222
33554,1825.0005106642222
33555,1825.0005106642222
33556,1825.0005106642222
33557,1825.0005106642222
33558,1825.0005106642222
33559,1825.0005106642222
33560,1825.0005106642222
33561,1825.0005106642222
33562,1825.0005106642222
33563,1825.0005106642222
33564,1825.0005106642222
33565,1825.0005106642222
33566,1825.0005106642222
33567,1825.0005106642222
33568,1825.0005106642222
33569,1825.0005106642222
33570,1825.0005106642222
33571,1825.0005106642222
33572,1825.0005106642222
33573,1825.0005106642222
33574,1825.0005106642222
33575,1825.0005106642222
33576,1825.0005106642222
33577,1825.0005106642222
33578,1825.0005106642222
33579,1825.0005106642222
33580,1825.0005106642222
33581,1825.0005106642222
33582,1825.0005106642222
33583,1825.0005106642222
33584,1825.0005106642222
33585,1825.0005106642222
33586,1825.0005106642222
33587,1825.0005106642222
33588,1825.0005106642222
33589,1825.0005106642222
33590,1825.0005106642222
33591,1825.0005106642222
33592,1825.0005106642222
33593,1825.0005106642222
33594,1825.0005106642222
33595,1825.0005106642222
33596,1825.0005106642222
33597,1825.0005106642222
33598,1825.0005106642222
33599,1825.0005106642222
33600,1825.0005106642222
33601,1825.0005106642222
33602,1825.0005106642222
33603,1825.0005106642222
33604,1825.0005106642222
33605,1825.0005106642222
33606,1825.0005106642222
33607,1825.0005106642222
33608,1825.0005106642222
33609,1825.0005106642222
33610,1825.0005106642222
33611,1825.0005106642222
33612,1825.0005106642222
33613,1825.0005106642222
33614,1825.0005106642222
33615,1825.0005106642222
33616,1825.0005106642222
33617,1825.0005106642222
33618,1825.0005106642222
33619,1825.0005106642222
33620,1825.0005106642222
33621,1825.0005106642222
33622,1825.0005106642222
33623,1825.0005106642222
33624,1825.0005106642222
33625,1825.0005106642222
33626,1825.0005106642222
33627,1825.0005106642222
33628,1825.0005106642222
33629,1825.0005106642222
33630,1825.0005106642222
33631,1825.0005106642222
33632,1825.0005106642222
33633,1825.0005106642222
33634,1825.0005106642222
33635,1825.0005106642222
33636,1825.0005106642222
33637,1825.0005106642222
33638,1825.0005106642222
33639,1825.0005106642222
33640,1825.0005106642222
33641,1825.0005106642222
33642,1825.0005106642222
33643,1825.0005106642222
33644,1825.0005106642222
33645,1825.0005106642222
33646,1825.0005106642222
33647,1825.0005106642222
33648,1825.0005106642222
33649,1825.0005106642222
33650,1825.0005106642222
33651,1825.0005106642222
33652,1825.0005106642222
33653,1825.0005106642222
33654,1825.0005106642222
33655,1825.0005106642222
33656,1825.0005106642222
33657,1825.0005106642222
33658,1825.0005106642222
33659,1825.0005106642222
33660,1825.0005106642222
33661,1825.0005106642222
33662,1825.0005106642222
33663,1825.0005106642222
33664,1825.0005106642222
33665,1825.0005106642222
33666,1825.0005106642222
33667,1825.0005106642222
33668,1825.0005106642222
33669,1825.0005106642222
33670,1825.0005106642222
33671,1825.0005106642222
33672,1825.0005106642222
33673,1825.0005106642222
33674,1825.0005106642222
33675,1825.0005106642222
33676,1825.0005106642222
33677,1825.0005106642222
33678,1825.0005106642222
33679,1825.0005106642222
33680,1825.0005106642222
33681,1825.0005106642222
33682,1825.0005106642222
33683,1825.0005106642222
33684,1825.0005106642222
33685,1825.0005106642222
33686,1825.0005106642222
33687,1825.0005106642222
33688,1825.0005106642222
33689,1825.0005106642222
33690,1825.0005106642222
33691,1825.0005106642222
33692,1825.0005106642222
33693,1825.0005106642222
33694,1825.0005106642222
33695,1825.0005106642222
33696,1825.0005106642222
33697,1825.0005106642222
33698,1825.0005106642222
33699,1825.0005106642222
33700,1825.0005106642222
33701,1825.0005106642222
33702,1825.0005106642222
33703,1825.0005106642222
33704,1825.0005106642222
33705,1825.0005106642222
33706,1825.0005106642222
33707,1825.0005106642222
33708,1825.0005106642222
33709,1825.0005106642222
33710,1825.0005106642222
33711,1825.0005106642222
33712,1825.0005106642222
33713,1825.0005106642222
33714,1825.0005106642222
33715,1825.0005106642222
33716,1825.0005106642222
33717,1825.0005106642222
33718,1825.0005106642222
33719,1825.0005106642222
33720,1825.0005106642222
33721,1825.0005106642222
33722,1825.0005106642222
33723,1825.0005106642222
33724,1825.0005106642222
33725,1825.0005106642222
33726,1825.0005106642222
33727,1825.0005106642222
33728,1825.0005106642222
33729,1825.0005106642222
33730,1825.0005106642222
33731,1825.0005106642222
33732,1825.0005106642222
33733,1825.0005106642222
33734,1825.0005106642222
33735,1825.0005106642222
33736,1825.0005106642222
33737,1825.0005106642222
33738,1825.0005106642222
33739,1825.0005106642222
33740,1825.0005106642222
33741,1825.0005106642222
33742,1825.0005106642222
33743,1825.0005106642222
33744,1825.0005106642222
33745,1825.0005106642222
33746,1825.0005106642222
33747,1825.0005106642222
33748,1825.0005106642222
33749,1825.0005106642222
33750,1825.0005106642222
33751,1825.0005106642222
33752,1825.0005106642222
33753,1825.0005106642222
33754,1825.0005106642222
33755,1825.0005106642222
33756,1825.0005106642222
33757,1825.0005106642222
33758,1825.0005106642222
33759,1825.0005106642222
33760,1825.0005106642222
33761,1825.0005106642222
33762,1825.0005106642222
33763,1825.0005106642222
33764,1825.0005106642222
33765,1825.0005106642222
33766,1825.0005106642222
33767,1825.0005106642222
33768,1825.0005106642222
33769,1825.0005106642222
33770,1825.0005106642222
33771,1825.0005106642222
33772,1825.0005106642222
33773,1825.0005106642222
33774,1825.0005106642222
33775,1825.0005106642222
33776,1825.0005106642222
33777,1825.0005106642222
33778,1825.0005106642222
33779,1825.0005106642222
33780,1825.0005106642222
33781,1825.0005106642222
33782,1825.0005106642222
33783,1825.0005106642222
33784,1825.0005106642222
33785,1825.0005106642222
33786,1825.0005106642222
33787,1825.0005106642222
33788,1825.0005106642222
33789,1825.0005106642222
33790,1825.0005106642222
33791,1825.0005106642222
33792,1825.0005106642222
33793,1825.0005106642222
33794,1825.0005106642222
33795,1825.0005106642222
33796,1825.0005106642222
33797,1825.0005106642222
33798,1825.0005106642222
33799,1825.0005106642222
33800,1825.0005106642222
33801,1825.0005106642222
33802,1825.0005106642222
33803,1825.0005106642222
33804,1825.0005106642222
33805,1825.0005106642222
33806,1825.0005106642222
33807,1825.0005106642222
33808,1825.0005106642222
33809,1825.0005106642222
33810,1825.0005106642222
33811,1825.0005106642222
33812,1825.0005106642222
33813,1825.0005106642222
33814,1825.0005106642222
33815,1825.0005106642222
33816,1825.0005106642222
33817,1825.0005106642222
33818,1825.0005106642222
33819,1825.0005106642222
33820,1825.0005106642222
33821,1825.0005106642222
33822,1825.0005106642222
33823,1825.0005106642222
33824,1825.0005106642222
33825,1825.0005106642222
33826,1825.0005106642222
33827,1825.0005106642222
33828,1825.0005106642222
33829,1825.0005106642222
33830,1825.0005106642222
33831,1825.0005106642222
33832,1825.0005106642222
33833,1825.0005106642222
33834,1825.0005106642222
33835,1825.0005106642222
33836,1825.0005106642222
33837,1825.0005106642222
33838,1825.0005106642222
33839,1825.0005106642222
33840,1825.0005106642222
33841,1825.0005106642222
33842,1825.0005106642222
33843,1825.0005106642222
33844,1825.0005106642222
33845,1825.0005106642222
33846,1825.0005106642222
33847,1825.0005106642222
33848,1825.0005106642222
33849,1825.0005106642222
33850,1825.0005106642222
33851,1825.0005106642222
33852,1825.0005106642222
33853,1825.0005106642222
33854,1825.0005106642222
33855,1825.0005106642222
33856,1825.0005106642222
33857,1825.0005106642222
33858,1825.0005106642222
33859,1825.0005106642222
33860,1825.0005106642222
33861,1825.0005106642222
33862,1825.0005106642222
33863,1825.0005106642222
33864,1825.0005106642222
33865,1825.0005106642222
33866,1825.0005106642222
33867,1825.0005106642222
33868,1825.0005106642222
33869,1825.0005106642222
33870,1825.0005106642222
33871,1825.0005106642222
33872,1825.0005106642222
33873,1825.0005106642222
33874,1825.0005106642222
33875,1825.0005106642222
33876,1825.0005106642222
33877,1825.0005106642222
33878,1825.0005106642222
33879,1825.0005106642222
33880,1825.0005106642222
33881,1825.0005106642222
33882,1825.0005106642222
33883,1825.0005106642222
33884,1825.0005106642222
33885,1825.0005106642222
33886,1825.0005106642222
33887,1825.0005106642222
33888,1825.0005106642222
33889,1825.0005106642222
33890,1825.0005106642222
33891,1825.0005106642222
33892,1825.0005106642222
33893,1825.0005106642222
33894,1825.0005106642222
33895,1825.0005106642222
33896,1825.0005106642222
33897,1825.0005106642222
33898,1825.0005106642222
33899,1825.0005106642222
33900,1825.0005106642222
33901,1825.0005106642222
33902,1825.0005106642222
33903,1825.0005106642222
33904,1825.0005106642222
33905,1825.0005106642222
33906,1825.0005106642222
33907,1825.0005106642222
33908,1825.0005106642222
33909,1825.0005106642222
33910,1825.0005106642222
33911,1825.0005106642222
33912,1825.0005106642222
33913,1825.0005106642222
33914,1825.0005106642222
33915,1825.0005106642222
33916,1825.0005106642222
33917,1825.0005106642222
33918,1825.0005106642222
33919,1825.0005106642222
33920,1825.0005106642222
33921,1825.0005106642222
33922,1825.0005106642222
33923,1825.0005106642222
33924,1825.0005106642222
33925,1825.0005106642222
33926,1825.0005106642222
33927,1825.0005106642222
33928,1825.0005106642222
33929,1825.0005106642222
33930,1825.0005106642222
33931,1825.0005106642222
33932,1825.0005106642222
33933,1825.0005106642222
33934,1825.0005106642222
33935,1825.0005106642222
33936,1825.0005106642222
33937,1825.0005106642222
33938,1825.0005106642222
33939,1825.0005106642222
33940,1825.0005106642222
33941,1825.0005106642222
33942,1825.0005106642222
33943,1825.0005106642222
33944,1825.0005106642222
33945,1825.0005106642222
33946,1825.0005106642222
33947,1825.0005106642222
33948,1825.0005106642222
33949,1825.0005106642222
33950,1825.0005106642222
33951,1825.0005106642222
33952,1825.0005106642222
33953,1825.0005106642222
33954,1825.0005106642222
33955,1825.0005106642222
33956,1825.0005106642222
33957,1825.0005106642222
33958,1825.0005106642222
33959,1825.0005106642222
33960,1825.0005106642222
33961,1825.0005106642222
33962,1825.0005106642222
33963,1825.0005106642222
33964,1825.0005106642222
33965,1825.0005106642222
33966,1825.0005106642222
33967,1825.0005106642222
33968,1825.0005106642222
33969,1825.0005106642222
33970,1825.0005106642222
33971,1825.0005106642222
33972,1825.0005106642222
33973,1825.0005106642222
33974,1825.0005106642222
33975,1825.0005106642222
33976,1825.0005106642222
33977,1825.0005106642222
33978,1825.0005106642222
33979,1825.0005106642222
33980,1825.0005106642222
33981,1825.0005106642222
33982,1825.0005106642222
33983,1825.0005106642222
33984,1825.0005106642222
33985,1825.0005106642222
33986,1825.0005106642222
33987,1825.0005106642222
33988,1825.0005106642222
33989,1825.0005106642222
33990,1825.0005106642222
33991,1825.0005106642222
33992,1825.0005106642222
33993,1825.0005106642222
33994,1825.0005106642222
33995,1825.0005106642222
33996,1825.0005106642222
33997,1825.0005106642222
33998,1825.0005106642222
33999,1825.0005106642222
34000,1825.0005106642222
34001,1825.0005106642222
34002,1825.0005106642222
34003,1825.0005106642222
34004,1825.0005106642222
34005,1825.0005106642222
34006,1825.0005106642222
34007,1825.0005106642222
34008,1825.0005106642222
34009,1825.0005106642222
34010,1825.0005106642222
34011,1825.0005106642222
34012,1825.0005106642222
34013,1825.0005106642222
34014,1825.0005106642222
34015,1825.0005106642222
34016,1825.0005106642222
34017,1825.0005106642222
34018,1825.0005106642222
34019,1825.0005106642222
34020,1825.0005106642222
34021,1825.0005106642222
34022,1825.0005106642222
34023,1825.0005106642222
34024,1825.0005106642222
34025,1825.0005106642222
34026,1825.0005106642222
34027,1825.0005106642222
34028,1825.0005106642222
34029,1825.0005106642222
34030,1825.0005106642222
34031,1825.0005106642222
34032,1825.0005106642222
34033,1825.0005106642222
34034,1825.0005106642222
34035,1825.0005106642222
34036,1825.0005106642222
34037,1825.0005106642222
34038,1825.0005106642222
34039,1825.0005106642222
34040,1825.0005106642222
34041,1825.0005106642222
34042,1825.0005106642222
34043,1825.0005106642222
34044,1825.0005106642222
34045,1825.0005106642222
34046,1825.0005106642222
34047,1825.0005106642222
34048,1825.0005106642222
34049,1825.0005106642222
34050,1825.0005106642222
34051,1825.0005106642222
34052,1825.0005106642222
34053,1825.0005106642222
34054,1825.0005106642222
34055,1825.0005106642222
34056,1825.0005106642222
34057,1825.0005106642222
34058,1825.0005106642222
34059,1825.0005106642222
34060,1825.0005106642222
34061,1825.0005106642222
34062,1825.0005106642222
34063,1825.0005106642222
34064,1825.0005106642222
34065,1825.0005106642222
34066,1825.0005106642222
34067,1825.0005106642222
34068,1825.0005106642222
34069,1825.0005106642222
34070,1825.0005106642222
34071,1825.0005106642222
34072,1825.0005106642222
34073,1825.0005106642222
34074,1825.0005106642222
34075,1825.0005106642222
34076,1825.0005106642222
34077,1825.0005106642222
34078,1825.0005106642222
34079,1825.0005106642222
34080,1825.0005106642222
34081,1825.0005106642222
34082,1825.0005106642222
34083,1825.0005106642222
34084,1825.0005106642222
34085,1825.0005106642222
34086,1825.0005106642222
34087,1825.0005106642222
34088,1825.0005106642222
34089,1825.0005106642222
34090,1825.0005106642222
34091,1825.0005106642222
34092,1825.0005106642222
34093,1825.0005106642222
34094,1825.0005106642222
34095,1825.0005106642222
34096,1825.0005106642222
34097,1825.0005106642222
34098,1825.0005106642222
34099,1825.0005106642222
34100,1825.0005106642222
34101,1825.0005106642222
34102,1825.0005106642222
34103,1825.0005106642222
34104,1825.0005106642222
34105,1825.0005106642222
34106,1825.0005106642222
34107,1825.0005106642222
34108,1825.0005106642222
34109,1825.0005106642222
34110,1825.0005106642222
34111,1825.0005106642222
34112,1825.0005106642222
34113,1825.0005106642222
34114,1825.0005106642222
34115,1825.0005106642222
34116,1825.0005106642222
34117,1825.0005106642222
34118,1825.0005106642222
34119,1825.0005106642222
34120,1825.0005106642222
34121,1825.0005106642222
34122,1825.0005106642222
34123,1825.0005106642222
34124,1825.0005106642222
34125,1825.0005106642222
34126,1825.0005106642222
34127,1825.0005106642222
34128,1825.0005106642222
34129,1825.0005106642222
34130,1825.0005106642222
34131,1825.0005106642222
34132,1825.0005106642222
34133,1825.0005106642222
34134,1825.0005106642222
34135,1825.0005106642222
34136,1825.0005106642222
34137,1825.0005106642222
34138,1825.0005106642222
34139,1825.0005106642222
34140,1825.0005106642222
34141,1825.0005106642222
34142,1825.0005106642222
34143,1825.0005106642222
34144,1825.0005106642222
34145,1825.0005106642222
34146,1825.0005106642222
34147,1825.0005106642222
34148,1825.0005106642222
34149,1825.0005106642222
34150,1825.0005106642222
34151,1825.0005106642222
34152,1825.0005106642222
34153,1825.0005106642222
34154,1825.0005106642222
34155,1825.0005106642222
34156,1825.0005106642222
34157,1825.0005106642222
34158,1825.0005106642222
34159,1825.0005106642222
34160,1825.0005106642222
34161,1825.0005106642222
34162,1825.0005106642222
34163,1825.0005106642222
34164,1825.0005106642222
34165,1825.0005106642222
34166,1825.0005106642222
34167,1825.0005106642222
34168,1825.0005106642222
34169,1825.0005106642222
34170,1825.0005106642222
34171,1825.0005106642222
34172,1825.0005106642222
34173,1825.0005106642222
34174,1825.0005106642222
34175,1825.0005106642222
34176,1825.0005106642222
34177,1825.0005106642222
34178,1825.0005106642222
34179,1825.0005106642222
34180,1825.0005106642222
34181,1825.0005106642222
34182,1825.0005106642222
34183,1825.0005106642222
34184,1825.0005106642222
34185,1825.0005106642222
34186,1825.0005106642222
34187,1825.0005106642222
34188,1825.0005106642222
34189,1825.0005106642222
34190,1825.0005106642222
34191,1825.0005106642222
34192,1825.0005106642222
34193,1825.0005106642222
34194,1825.0005106642222
34195,1825.0005106642222
34196,1825.0005106642222
34197,1825.0005106642222
34198,1825.0005106642222
34199,1825.0005106642222
34200,1825.0005106642222
34201,1825.0005106642222
34202,1825.0005106642222
34203,1825.0005106642222
34204,1825.0005106642222
34205,1825.0005106642222
34206,1825.0005106642222
34207,1825.0005106642222
34208,1825.0005106642222
34209,1825.0005106642222
34210,1825.0005106642222
34211,1825.0005106642222
34212,1825.0005106642222
34213,1825.0005106642222
34214,1825.0005106642222
34215,1825.0005106642222
34216,1825.0005106642222
34217,1825.0005106642222
34218,1825.0005106642222
34219,1825.0005106642222
34220,1825.0005106642222
34221,1825.0005106642222
34222,1825.0005106642222
34223,1825.0005106642222
34224,1825.0005106642222
34225,1825.0005106642222
34226,1825.0005106642222
34227,1825.0005106642222
34228,1825.0005106642222
34229,1825.0005106642222
34230,1825.0005106642222
34231,1825.0005106642222
34232,1825.0005106642222
34233,1825.0005106642222
34234,1825.0005106642222
34235,1825.0005106642222
34236,1825.0005106642222
34237,1825.0005106642222
34238,1825.0005106642222
34239,1825.0005106642222
34240,1825.0005106642222
34241,1825.0005106642222
34242,1825.0005106642222
34243,1825.0005106642222
34244,1825.0005106642222
34245,1825.0005106642222
34246,1825.0005106642222
34247,1825.0005106642222
34248,1825.0005106642222
34249,1825.0005106642222
34250,1825.0005106642222
34251,1825.0005106642222
34252,1825.0005106642222
34253,1825.0005106642222
34254,1825.0005106642222
34255,1825.0005106642222
34256,1825.0005106642222
34257,1825.0005106642222
34258,1825.0005106642222
34259,1825.0005106642222
34260,1825.0005106642222
34261,1825.0005106642222
34262,1825.0005106642222
34263,1825.0005106642222
34264,1825.0005106642222
34265,1825.0005106642222
34266,1825.0005106642222
34267,1825.0005106642222
34268,1825.0005106642222
34269,1825.0005106642222
34270,1825.0005106642222
34271,1825.0005106642222
34272,1825.0005106642222
34273,1825.0005106642222
34274,1825.0005106642222
34275,1825.0005106642222
34276,1825.0005106642222
34277,1825.0005106642222
34278,1825.0005106642222
34279,1825.0005106642222
34280,1825.0005106642222
34281,1825.0005106642222
34282,1825.0005106642222
34283,1825.0005106642222
34284,1825.0005106642222
34285,1825.0005106642222
34286,1825.0005106642222
34287,1825.0005106642222
34288,1825.0005106642222
34289,1825.0005106642222
34290,1825.0005106642222
34291,1825.0005106642222
34292,1825.0005106642222
34293,1825.0005106642222
34294,1825.0005106642222
34295,1825.0005106642222
34296,1825.0005106642222
34297,1825.0005106642222
34298,1825.0005106642222
34299,1825.0005106642222
34300,1825.0005106642222
34301,1825.0005106642222
34302,1825.0005106642222
34303,1825.0005106642222
34304,1825.0005106642222
34305,1825.0005106642222
34306,1825.0005106642222
34307,1825.0005106642222
34308,1825.0005106642222
34309,1825.0005106642222
34310,1825.0005106642222
34311,1825.0005106642222
34312,1825.0005106642222
34313,1825.0005106642222
34314,1825.0005106642222
34315,1825.0005106642222
34316,1825.0005106642222
34317,1825.0005106642222
34318,1825.0005106642222
34319,1825.0005106642222
34320,1825.0005106642222
34321,1825.0005106642222
34322,1825.0005106642222
34323,1825.0005106642222
34324,1825.0005106642222
34325,1825.0005106642222
34326,1825.0005106642222
34327,1825.0005106642222
34328,1825.0005106642222
34329,1825.0005106642222
34330,1825.0005106642222
34331,1825.0005106642222
34332,1825.0005106642222
34333,1825.0005106642222
34334,1825.0005106642222
34335,1825.0005106642222
34336,1825.0005106642222
34337,1825.0005106642222
34338,1825.0005106642222
34339,1825.0005106642222
34340,1825.0005106642222
34341,1825.0005106642222
34342,1825.0005106642222
34343,1825.0005106642222
34344,1825.0005106642222
34345,1825.0005106642222
34346,1825.0005106642222
34347,1825.0005106642222
34348,1825.0005106642222
34349,1825.0005106642222
34350,1825.0005106642222
34351,1825.0005106642222
34352,1825.0005106642222
34353,1825.0005106642222
34354,1825.0005106642222
34355,1825.0005106642222
34356,1825.0005106642222
34357,1825.0005106642222
34358,1825.0005106642222
34359,1825.0005106642222
34360,1825.0005106642222
34361,1825.0005106642222
34362,1825.0005106642222
34363,1825.0005106642222
34364,1825.0005106642222
34365,1825.0005106642222
34366,1825.0005106642222
34367,1825.0005106642222
34368,1825.0005106642222
34369,1825.0005106642222
34370,1825.0005106642222
34371,1825.0005106642222
34372,1825.0005106642222
34373,1825.0005106642222
34374,1825.0005106642222
34375,1825.0005106642222
34376,1825.0005106642222
34377,1825.0005106642222
34378,1825.0005106642222
34379,1825.0005106642222
34380,1825.0005106642222
34381,1825.0005106642222
34382,1825.0005106642222
34383,1825.0005106642222
34384,1825.0005106642222
34385,1825.0005106642222
34386,1825.0005106642222
34387,1825.0005106642222
34388,1825.0005106642222
34389,1825.0005106642222
34390,1825.0005106642222
34391,1825.0005106642222
34392,1825.0005106642222
34393,1825.0005106642222
34394,1825.0005106642222
34395,1825.0005106642222
34396,1825.0005106642222
34397,1825.0005106642222
34398,1825.0005106642222
34399,1825.0005106642222
34400,1825.0005106642222
34401,1825.0005106642222
34402,1825.0005106642222
34403,1825.0005106642222
34404,1825.0005106642222
34405,1825.0005106642222
34406,1825.0005106642222
34407,1825.0005106642222
34408,1825.0005106642222
34409,1825.0005106642222
34410,1825.0005106642222
34411,1825.0005106642222
34412,1825.0005106642222
34413,1825.0005106642222
34414,1825.0005106642222
34415,1825.0005106642222
34416,1825.0005106642222
34417,1825.0005106642222
34418,1825.0005106642222
34419,1825.0005106642222
34420,1825.0005106642222
34421,1825.0005106642222
34422,1825.0005106642222
34423,1825.0005106642222
34424,1825.0005106642222
34425,1825.0005106642222
34426,1825.0005106642222
34427,1825.0005106642222
34428,1825.0005106642222
34429,1825.0005106642222
34430,1825.0005106642222
34431,1825.0005106642222
34432,1825.0005106642222
34433,1825.0005106642222
34434,1825.0005106642222
34435,1825.0005106642222
34436,1825.0005106642222
34437,1825.0005106642222
34438,1825.0005106642222
34439,1825.0005106642222
34440,1825.0005106642222
34441,1825.0005106642222
34442,1825.0005106642222
34443,1825.0005106642222
34444,1825.0005106642222
34445,1825.0005106642222
34446,1825.0005106642222
34447,1825.0005106642222
34448,1825.0005106642222
34449,1825.0005106642222
34450,1825.0005106642222
34451,1825.0005106642222
34452,1825.0005106642222
34453,1825.0005106642222
34454,1825.0005106642222
34455,1825.0005106642222
34456,1825.0005106642222
34457,1825.0005106642222
34458,1825.0005106642222
34459,1825.0005106642222
34460,1825.0005106642222
34461,1825.0005106642222
34462,1825.0005106642222
34463,1825.0005106642222
34464,1825.0005106642222
34465,1825.0005106642222
34466,1825.0005106642222
34467,1825.0005106642222
34468,1825.0005106642222
34469,1825.0005106642222
34470,1825.0005106642222
34471,1825.0005106642222
34472,1825.0005106642222
34473,1825.0005106642222
34474,1825.0005106642222
34475,1825.0005106642222
34476,1825.0005106642222
34477,1825.0005106642222
34478,1825.0005106642222
34479,1825.0005106642222
34480,1825.0005106642222
34481,1825.0005106642222
34482,1825.0005106642222
34483,1825.0005106642222
34484,1825.0005106642222
34485,1825.0005106642222
34486,1825.0005106642222
34487,1825.0005106642222
34488,1825.0005106642222
34489,1825.0005106642222
34490,1825.0005106642222
34491,1825.0005106642222
34492,1825.0005106642222
34493,1825.0005106642222
34494,1825.0005106642222
34495,1825.0005106642222
34496,1825.0005106642222
34497,1825.0005106642222
34498,1825.0005106642222
34499,1825.0005106642222
34500,1825.0005106642222
34501,1825.0005106642222
34502,1825.0005106642222
34503,1825.0005106642222
34504,1825.0005106642222
34505,1825.0005106642222
34506,1825.0005106642222
34507,1825.0005106642222
34508,1825.0005106642222
34509,1825.0005106642222
34510,1825.0005106642222
34511,1825.0005106642222
34512,1825.0005106642222
34513,1825.0005106642222
34514,1825.0005106642222
34515,1825.0005106642222
34516,1825.0005106642222
34517,1825.0005106642222
34518,1825.0005106642222
34519,1825.0005106642222
34520,1825.0005106642222
34521,1825.0005106642222
34522,1825.0005106642222
34523,1825.0005106642222
34524,1825.0005106642222
34525,1825.0005106642222
34526,1825.0005106642222
34527,1825.0005106642222
34528,1825.0005106642222
34529,1825.0005106642222
34530,1825.0005106642222
34531,1825.0005106642222
34532,1825.0005106642222
34533,1825.0005106642222
34534,1825.0005106642222
34535,1825.0005106642222
34536,1825.0005106642222
34537,1825.0005106642222
34538,1825.0005106642222
34539,1825.0005106642222
34540,1825.0005106642222
34541,1825.0005106642222
34542,1825.0005106642222
34543,1825.0005106642222
34544,1825.0005106642222
34545,1825.0005106642222
34546,1825.0005106642222
34547,1825.0005106642222
34548,1825.0005106642222
34549,1825.0005106642222
34550,1825.0005106642222
34551,1825.0005106642222
34552,1825.0005106642222
34553,1825.0005106642222
34554,1825.0005106642222
34555,1825.0005106642222
34556,1825.0005106642222
34557,1825.0005106642222
34558,1825.0005106642222
34559,1825.0005106642222
34560,1825.0005106642222
34561,1825.0005106642222
34562,1825.0005106642222
34563,1825.0005106642222
34564,1825.0005106642222
34565,1825.0005106642222
34566,1825.0005106642222
34567,1825.0005106642222
34568,1825.0005106642222
34569,1825.0005106642222
34570,1825.0005106642222
34571,1825.0005106642222
34572,1825.0005106642222
34573,1825.0005106642222
34574,1825.0005106642222
34575,1825.0005106642222
34576,1825.0005106642222
34577,1825.0005106642222
34578,1825.0005106642222
34579,1825.0005106642222
34580,1825.0005106642222
34581,1825.0005106642222
34582,1825.0005106642222
34583,1825.0005106642222
34584,1825.0005106642222
34585,1825.0005106642222
34586,1825.0005106642222
34587,1825.0005106642222
34588,1825.0005106642222
34589,1825.0005106642222
34590,1825.0005106642222
34591,1825.0005106642222
34592,1825.0005106642222
34593,1825.0005106642222
34594,1825.0005106642222
34595,1825.0005106642222
34596,1825.0005106642222
34597,1825.0005106642222
34598,1825.0005106642222
34599,1825.0005106642222
34600,1825.0005106642222
34601,1825.0005106642222
34602,1825.0005106642222
34603,1825.0005106642222
34604,1825.0005106642222
34605,1825.0005106642222
34606,1825.0005106642222
34607,1825.0005106642222
34608,1825.0005106642222
34609,1825.0005106642222
34610,1825.0005106642222
34611,1825.0005106642222
34612,1825.0005106642222
34613,1825.0005106642222
34614,1825.0005106642222
34615,1825.0005106642222
34616,1825.0005106642222
34617,1825.0005106642222
34618,1825.0005106642222
34619,1825.0005106642222
34620,1825.0005106642222
34621,1825.0005106642222
34622,1825.0005106642222
34623,1825.0005106642222
34624,1825.0005106642222
34625,1825.0005106642222
34626,1825.0005106642222
34627,1825.0005106642222
34628,1825.0005106642222
34629,1825.0005106642222
34630,1825.0005106642222
34631,1825.0005106642222
34632,1825.0005106642222
34633,1825.0005106642222
34634,1825.0005106642222
34635,1825.0005106642222
34636,1825.0005106642222
34637,1825.0005106642222
34638,1825.0005106642222
34639,1825.0005106642222
34640,1825.0005106642222
34641,1825.0005106642222
34642,1825.0005106642222
34643,1825.0005106642222
34644,1825.0005106642222
34645,1825.0005106642222
34646,1825.0005106642222
34647,1825.0005106642222
34648,1825.0005106642222
34649,1825.0005106642222
34650,1825.0005106642222
34651,1825.0005106642222
34652,1825.0005106642222
34653,1825.0005106642222
34654,1825.0005106642222
34655,1825.0005106642222
34656,1825.0005106642222
34657,1825.0005106642222
34658,1825.0005106642222
34659,1825.0005106642222
34660,1825.0005106642222
34661,1825.0005106642222
34662,1825.0005106642222
34663,1825.0005106642222
34664,1825.0005106642222
34665,1825.0005106642222
34666,1825.0005106642222
34667,1825.0005106642222
34668,1825.0005106642222
34669,1825.0005106642222
34670,1825.0005106642222
34671,1825.0005106642222
34672,1825.0005106642222
34673,1825.0005106642222
34674,1825.0005106642222
34675,1825.0005106642222
34676,1825.0005106642222
34677,1825.0005106642222
34678,1825.0005106642222
34679,1825.0005106642222
34680,1825.0005106642222
34681,1825.0005106642222
34682,1825.0005106642222
34683,1825.0005106642222
34684,1825.0005106642222
34685,1825.0005106642222
34686,1825.0005106642222
34687,1825.0005106642222
34688,1825.0005106642222
34689,1825.0005106642222
34690,1825.0005106642222
34691,1825.0005106642222
34692,1825.0005106642222
34693,1825.0005106642222
34694,1825.0005106642222
34695,1825.0005106642222
34696,1825.0005106642222
34697,1825.0005106642222
34698,1825.0005106642222
34699,1825.0005106642222
34700,1825.0005106642222
34701,1825.0005106642222
34702,1825.0005106642222
34703,1825.0005106642222
34704,1825.0005106642222
34705,1825.0005106642222
34706,1825.0005106642222
34707,1825.0005106642222
34708,1825.0005106642222
34709,1825.0005106642222
34710,1825.0005106642222
34711,1825.0005106642222
34712,1825.0005106642222
34713,1825.0005106642222
34714,1825.0005106642222
34715,1825.0005106642222
34716,1825.0005106642222
34717,1825.0005106642222
34718,1825.0005106642222
34719,1825.0005106642222
34720,1825.0005106642222
34721,1825.0005106642222
34722,1825.0005106642222
34723,1825.0005106642222
34724,1825.0005106642222
34725,1825.0005106642222
34726,1825.0005106642222
34727,1825.0005106642222
34728,1825.0005106642222
34729,1825.0005106642222
34730,1825.0005106642222
34731,1825.0005106642222
34732,1825.0005106642222
34733,1825.0005106642222
34734,1825.0005106642222
34735,1825.0005106642222
34736,1825.0005106642222
34737,1825.0005106642222
34738,1825.0005106642222
34739,1825.0005106642222
34740,1825.0005106642222
34741,1825.0005106642222
34742,1825.0005106642222
34743,1825.0005106642222
34744,1825.0005106642222
34745,1825.0005106642222
34746,1825.0005106642222
34747,1825.0005106642222
34748,1825.0005106642222
34749,1825.0005106642222
34750,1825.0005106642222
34751,1825.0005106642222
34752,1825.0005106642222
34753,1825.0005106642222
34754,1825.0005106642222
34755,1825.0005106642222
34756,1825.0005106642222
34757,1825.0005106642222
34758,1825.0005106642222
34759,1825.0005106642222
34760,1825.0005106642222
34761,1825.0005106642222
34762,1825.0005106642222
34763,1825.0005106642222
34764,1825.0005106642222
34765,1825.0005106642222
34766,1825.0005106642222
34767,1825.0005106642222
34768,1825.0005106642222
34769,1825.0005106642222
34770,1825.0005106642222
34771,1825.0005106642222
34772,1825.0005106642222
34773,1825.0005106642222
34774,1825.0005106642222
34775,1825.0005106642222
34776,1825.0005106642222
34777,1825.0005106642222
34778,1825.0005106642222
34779,1825.0005106642222
34780,1825.0005106642222
34781,1825.0005106642222
34782,1825.0005106642222
34783,1825.0005106642222
34784,1825.0005106642222
34785,1825.0005106642222
34786,1825.0005106642222
34787,1825.0005106642222
34788,1825.0005106642222
34789,1825.0005106642222
34790,1825.0005106642222
34791,1825.0005106642222
34792,1825.0005106642222
34793,1825.0005106642222
34794,1825.0005106642222
34795,1825.0005106642222
34796,1825.0005106642222
34797,1825.0005106642222
34798,1825.0005106642222
34799,1825.0005106642222
34800,1825.0005106642222
34801,1825.0005106642222
34802,1825.0005106642222
34803,1825.0005106642222
34804,1825.0005106642222
34805,1825.0005106642222
34806,1825.0005106642222
34807,1825.0005106642222
34808,1825.0005106642222
34809,1825.0005106642222
34810,1825.0005106642222
34811,1825.0005106642222
34812,1825.0005106642222
34813,1825.0005106642222
34814,1825.0005106642222
34815,1825.0005106642222
34816,1825.0005106642222
34817,1825.0005106642222
34818,1825.0005106642222
34819,1825.0005106642222
34820,1825.0005106642222
34821,1825.0005106642222
34822,1825.0005106642222
34823,1825.0005106642222
34824,1825.0005106642222
34825,1825.0005106642222
34826,1825.0005106642222
34827,1825.0005106642222
34828,1825.0005106642222
34829,1825.0005106642222
34830,1825.0005106642222
34831,1825.0005106642222
34832,1825.0005106642222
34833,1825.0005106642222
34834,1825.0005106642222
34835,1825.0005106642222
34836,1825.0005106642222
34837,1825.0005106642222
34838,1825.0005106642222
34839,1825.0005106642222
34840,1825.0005106642222
34841,1825.0005106642222
34842,1825.0005106642222
34843,1825.0005106642222
34844,1825.0005106642222
34845,1825.0005106642222
34846,1825.0005106642222
34847,1825.0005106642222
34848,1825.0005106642222
34849,1825.0005106642222
34850,1825.0005106642222
34851,1825.0005106642222
34852,1825.0005106642222
34853,1825.0005106642222
34854,1825.0005106642222
34855,1825.0005106642222
34856,1825.0005106642222
34857,1825.0005106642222
34858,1825.0005106642222
34859,1825.0005106642222
34860,1825.0005106642222
34861,1825.0005106642222
34862,1825.0005106642222
34863,1825.0005106642222
34864,1825.0005106642222
34865,1825.0005106642222
34866,1825.0005106642222
34867,1825.0005106642222
34868,1825.0005106642222
34869,1825.0005106642222
34870,1825.0005106642222
34871,1825.0005106642222
34872,1825.0005106642222
34873,1825.0005106642222
34874,1825.0005106642222
34875,1825.0005106642222
34876,1825.0005106642222
34877,1825.0005106642222
34878,1825.0005106642222
34879,1825.0005106642222
34880,1825.0005106642222
34881,1825.0005106642222
34882,1825.0005106642222
34883,1825.0005106642222
34884,1825.0005106642222
34885,1825.0005106642222
34886,1825.0005106642222
34887,1825.0005106642222
34888,1825.0005106642222
34889,1825.0005106642222
34890,1825.0005106642222
34891,1825.0005106642222
34892,1825.0005106642222
34893,1825.0005106642222
34894,1825.0005106642222
34895,1825.0005106642222
34896,1825.0005106642222
34897,1825.0005106642222
34898,1825.0005106642222
34899,1825.0005106642222
34900,1825.0005106642222
34901,1825.0005106642222
34902,1825.0005106642222
34903,1825.0005106642222
34904,1825.0005106642222
34905,1825.0005106642222
34906,1825.0005106642222
34907,1825.0005106642222
34908,1825.0005106642222
34909,1825.0005106642222
34910,1825.0005106642222
34911,1825.0005106642222
34912,1825.0005106642222
34913,1825.0005106642222
34914,1825.0005106642222
34915,1825.0005106642222
34916,1825.0005106642222
34917,1825.0005106642222
34918,1825.0005106642222
34919,1825.0005106642222
34920,1825.0005106642222
34921,1825.0005106642222
34922,1825.0005106642222
34923,1825.0005106642222
34924,1825.0005106642222
34925,1825.0005106642222
34926,1825.0005106642222
34927,1825.0005106642222
34928,1825.0005106642222
34929,1825.0005106642222
34930,1825.0005106642222
34931,1825.0005106642222
34932,1825.0005106642222
34933,1825.0005106642222
34934,1825.0005106642222
34935,1825.0005106642222
34936,1825.0005106642222
34937,1825.0005106642222
34938,1825.0005106642222
34939,1825.0005106642222
34940,1825.0005106642222
34941,1825.0005106642222
34942,1825.0005106642222
34943,1825.0005106642222
34944,1825.0005106642222
34945,1825.0005106642222
34946,1825.0005106642222
34947,1825.0005106642222
34948,1825.0005106642222
34949,1825.0005106642222
34950,1825.0005106642222
34951,1825.0005106642222
34952,1825.0005106642222
34953,1825.0005106642222
34954,1825.0005106642222
34955,1825.0005106642222
34956,1825.0005106642222
34957,1825.0005106642222
34958,1825.0005106642222
34959,1825.0005106642222
34960,1825.0005106642222
34961,1825.0005106642222
34962,1825.0005106642222
34963,1825.0005106642222
34964,1825.0005106642222
34965,1825.0005106642222
34966,1825.0005106642222
34967,1825.0005106642222
34968,1825.0005106642222
34969,1825.0005106642222
34970,1825.0005106642222
34971,1825.0005106642222
34972,1825.0005106642222
34973,1825.0005106642222
34974,1825.0005106642222
34975,1825.0005106642222
34976,1825.0005106642222
34977,1825.0005106642222
34978,1825.0005106642222
34979,1825.0005106642222
34980,1825.0005106642222
34981,1825.0005106642222
34982,1825.0005106642222
34983,1825.0005106642222
34984,1825.0005106642222
34985,1825.0005106642222
34986,1825.0005106642222
34987,1825.0005106642222
34988,1825.0005106642222
34989,1825.0005106642222
34990,1825.0005106642222
34991,1825.0005106642222
34992,1825.0005106642222
34993,1825.0005106642222
34994,1825.0005106642222
34995,1825.0005106642222
34996,1825.0005106642222
34997,1825.0005106642222
34998,1825.0005106642222
34999,1825.0005106642222
35000,1825.0005106642222
35001,1825.0005106642222
35002,1825.0005106642222
35003,1825.0005106642222
35004,1825.0005106642222
35005,1825.0005106642222
35006,1825.0005106642222
35007,1825.0005106642222
35008,1825.0005106642222
35009,1825.0005106642222
35010,1825.0005106642222
35011,1825.0005106642222
35012,1825.0005106642222
35013,1825.0005106642222
35014,1825.0005106642222
35015,1825.0005106642222
35016,1825.0005106642222
35017,1825.0005106642222
35018,1825.0005106642222
35019,1825.0005106642222
35020,1825.0005106642222
35021,1825.0005106642222
35022,1825.0005106642222
35023,1825.0005106642222
35024,1825.0005106642222
35025,1825.0005106642222
35026,1825.0005106642222
35027,1825.0005106642222
35028,1825.0005106642222
35029,1825.0005106642222
35030,1825.0005106642222
35031,1825.0005106642222
35032,1825.0005106642222
35033,1825.0005106642222
35034,1825.0005106642222
35035,1825.0005106642222
35036,1825.0005106642222
35037,1825.0005106642222
35038,1825.0005106642222
35039,1825.0005106642222
35040,1825.0005106642222
35041,1825.0005106642222
35042,1825.0005106642222
35043,1825.0005106642222
35044,1825.0005106642222
35045,1825.0005106642222
35046,1825.0005106642222
35047,1825.0005106642222
35048,1825.0005106642222
35049,1825.0005106642222
35050,1825.0005106642222
35051,1825.0005106642222
35052,1825.0005106642222
35053,1825.0005106642222
35054,1825.0005106642222
35055,1825.0005106642222
35056,1825.0005106642222
35057,1825.0005106642222
35058,1825.0005106642222
35059,1825.0005106642222
35060,1825.0005106642222
35061,1825.0005106642222
35062,1825.0005106642222
35063,1825.0005106642222
35064,1825.0005106642222
35065,1825.0005106642222
35066,1825.0005106642222
35067,1825.0005106642222
35068,1825.0005106642222
35069,1825.0005106642222
35070,1825.0005106642222
35071,1825.0005106642222
35072,1825.0005106642222
35073,1825.0005106642222
35074,1825.0005106642222
35075,1825.0005106642222
35076,1825.0005106642222
35077,1825.0005106642222
35078,1825.0005106642222
35079,1825.0005106642222
35080,1825.0005106642222
35081,1825.0005106642222
35082,1825.0005106642222
35083,1825.0005106642222
35084,1825.0005106642222
35085,1825.0005106642222
35086,1825.0005106642222
35087,1825.0005106642222
35088,1825.0005106642222
35089,1825.0005106642222
35090,1825.0005106642222
35091,1825.0005106642222
35092,1825.0005106642222
35093,1825.0005106642222
35094,1825.0005106642222
35095,1825.0005106642222
35096,1825.0005106642222
35097,1825.0005106642222
35098,1825.0005106642222
35099,1825.0005106642222
35100,1825.0005106642222
35101,1825.0005106642222
35102,1825.0005106642222
35103,1825.0005106642222
35104,1825.0005106642222
35105,1825.0005106642222
35106,1825.0005106642222
35107,1825.0005106642222
35108,1825.0005106642222
35109,1825.0005106642222
35110,1825.0005106642222
35111,1825.0005106642222
35112,1825.0005106642222
35113,1825.0005106642222
35114,1825.0005106642222
35115,1825.0005106642222
35116,1825.0005106642222
35117,1825.0005106642222
35118,1825.0005106642222
35119,1825.0005106642222
35120,1825.0005106642222
35121,1825.0005106642222
35122,1825.0005106642222
35123,1825.0005106642222
35124,1825.0005106642222
35125,1825.0005106642222
35126,1825.0005106642222
35127,1825.0005106642222
35128,1825.0005106642222
35129,1825.0005106642222
35130,1825.0005106642222
35131,1825.0005106642222
35132,1825.0005106642222
35133,1825.0005106642222
35134,1825.0005106642222
35135,1825.0005106642222
35136,1825.0005106642222
35137,1825.0005106642222
35138,1825.0005106642222
35139,1825.0005106642222
35140,1825.0005106642222
35141,1825.0005106642222
35142,1825.0005106642222
35143,1825.0005106642222
35144,1825.0005106642222
35145,1825.0005106642222
35146,1825.0005106642222
35147,1825.0005106642222
35148,1825.0005106642222
35149,1825.0005106642222
35150,1825.0005106642222
35151,1825.0005106642222
35152,1825.0005106642222
35153,1825.0005106642222
35154,1825.0005106642222
35155,1825.0005106642222
35156,1825.0005106642222
35157,1825.0005106642222
35158,1825.0005106642222
35159,1825.0005106642222
35160,1825.0005106642222
35161,1825.0005106642222
35162,1825.0005106642222
35163,1825.0005106642222
35164,1825.0005106642222
35165,1825.0005106642222
35166,1825.0005106642222
35167,1825.0005106642222
35168,1825.0005106642222
35169,1825.0005106642222
35170,1825.0005106642222
35171,1825.0005106642222
35172,1825.0005106642222
35173,1825.0005106642222
35174,1825.0005106642222
35175,1825.0005106642222
35176,1825.0005106642222
35177,1825.0005106642222
35178,1825.0005106642222
35179,1825.0005106642222
35180,1825.0005106642222
35181,1825.0005106642222
35182,1825.0005106642222
35183,1825.0005106642222
35184,1825.0005106642222
35185,1825.0005106642222
35186,1825.0005106642222
35187,1825.0005106642222
35188,1825.0005106642222
35189,1825.0005106642222
35190,1825.0005106642222
35191,1825.0005106642222
35192,1825.0005106642222
35193,1825.0005106642222
35194,1825.0005106642222
35195,1825.0005106642222
35196,1825.0005106642222
35197,1825.0005106642222
35198,1825.0005106642222
35199,1825.0005106642222
35200,1825.0005106642222
35201,1825.0005106642222
35202,1825.0005106642222
35203,1825.0005106642222
35204,1825.0005106642222
35205,1825.0005106642222
35206,1825.0005106642222
35207,1825.0005106642222
35208,1825.0005106642222
35209,1825.0005106642222
35210,1825.0005106642222
35211,1825.0005106642222
35212,1825.0005106642222
35213,1825.0005106642222
35214,1825.0005106642222
35215,1825.0005106642222
35216,1825.0005106642222
35217,1825.0005106642222
35218,1825.0005106642222
35219,1825.0005106642222
35220,1825.0005106642222
35221,1825.0005106642222
35222,1825.0005106642222
35223,1825.0005106642222
35224,1825.0005106642222
35225,1825.0005106642222
35226,1825.0005106642222
35227,1825.0005106642222
35228,1825.0005106642222
35229,1825.0005106642222
35230,1825.0005106642222
35231,1825.0005106642222
35232,1825.0005106642222
35233,1825.0005106642222
35234,1825.0005106642222
35235,1825.0005106642222
35236,1825.0005106642222
35237,1825.0005106642222
35238,1825.0005106642222
35239,1825.0005106642222
35240,1825.0005106642222
35241,1825.0005106642222
35242,1825.0005106642222
35243,1825.0005106642222
35244,1825.0005106642222
35245,1825.0005106642222
35246,1825.0005106642222
35247,1825.0005106642222
35248,1825.0005106642222
35249,1825.0005106642222
35250,1825.0005106642222
35251,1825.0005106642222
35252,1825.0005106642222
35253,1825.0005106642222
35254,1825.0005106642222
35255,1825.0005106642222
35256,1825.0005106642222
35257,1825.0005106642222
35258,1825.0005106642222
35259,1825.0005106642222
35260,1825.0005106642222
35261,1825.0005106642222
35262,1825.0005106642222
35263,1825.0005106642222
35264,1825.0005106642222
35265,1825.0005106642222
35266,1825.0005106642222
35267,1825.0005106642222
35268,1825.0005106642222
35269,1825.0005106642222
35270,1825.0005106642222
35271,1825.0005106642222
35272,1825.0005106642222
35273,1825.0005106642222
35274,1825.0005106642222
35275,1825.0005106642222
35276,1825.0005106642222
35277,1825.0005106642222
35278,1825.0005106642222
35279,1825.0005106642222
35280,1825.0005106642222
35281,1825.0005106642222
35282,1825.0005106642222
35283,1825.0005106642222
35284,1825.0005106642222
35285,1825.0005106642222
35286,1825.0005106642222
35287,1825.0005106642222
35288,1825.0005106642222
35289,1825.0005106642222
35290,1825.0005106642222
35291,1825.0005106642222
35292,1825.0005106642222
35293,1825.0005106642222
35294,1825.0005106642222
35295,1825.0005106642222
35296,1825.0005106642222
35297,1825.0005106642222
35298,1825.0005106642222
35299,1825.0005106642222
35300,1825.0005106642222
35301,1825.0005106642222
35302,1825.0005106642222
35303,1825.0005106642222
35304,1825.0005106642222
35305,1825.0005106642222
35306,1825.0005106642222
35307,1825.0005106642222
35308,1825.0005106642222
35309,1825.0005106642222
35310,1825.0005106642222
35311,1825.0005106642222
35312,1825.0005106642222
35313,1825.0005106642222
35314,1825.0005106642222
35315,1825.0005106642222
35316,1825.0005106642222
35317,1825.0005106642222
35318,1825.0005106642222
35319,1825.0005106642222
35320,1825.0005106642222
35321,1825.0005106642222
35322,1825.0005106642222
35323,1825.0005106642222
35324,1825.0005106642222
35325,1825.0005106642222
35326,1825.0005106642222
35327,1825.0005106642222
35328,1825.0005106642222
35329,1825.0005106642222
35330,1825.0005106642222
35331,1825.0005106642222
35332,1825.0005106642222
35333,1825.0005106642222
35334,1825.0005106642222
35335,1825.0005106642222
35336,1825.0005106642222
35337,1825.0005106642222
35338,1825.0005106642222
35339,1825.0005106642222
35340,1825.0005106642222
35341,1825.0005106642222
35342,1825.0005106642222
35343,1825.0005106642222
35344,1825.0005106642222
35345,1825.0005106642222
35346,1825.0005106642222
35347,1825.0005106642222
35348,1825.0005106642222
35349,1825.0005106642222
35350,1825.0005106642222
35351,1825.0005106642222
35352,1825.0005106642222
35353,1825.0005106642222
35354,1825.0005106642222
35355,1825.0005106642222
35356,1825.0005106642222
35357,1825.0005106642222
35358,1825.0005106642222
35359,1825.0005106642222
35360,1825.0005106642222
35361,1825.0005106642222
35362,1825.0005106642222
35363,1825.0005106642222
35364,1825.0005106642222
35365,1825.0005106642222
35366,1825.0005106642222
35367,1825.0005106642222
35368,1825.0005106642222
35369,1825.0005106642222
35370,1825.0005106642222
35371,1825.0005106642222
35372,1825.0005106642222
35373,1825.0005106642222
35374,1825.0005106642222
35375,1825.0005106642222
35376,1825.0005106642222
35377,1825.0005106642222
35378,1825.0005106642222
35379,1825.0005106642222
35380,1825.0005106642222
35381,1825.0005106642222
35382,1825.0005106642222
35383,1825.0005106642222
35384,1825.0005106642222
35385,1825.0005106642222
35386,1825.0005106642222
35387,1825.0005106642222
35388,1825.0005106642222
35389,1825.0005106642222
35390,1825.0005106642222
35391,1825.0005106642222
35392,1825.0005106642222
35393,1825.0005106642222
35394,1825.0005106642222
35395,1825.0005106642222
35396,1825.0005106642222
35397,1825.0005106642222
35398,1825.0005106642222
35399,1825.0005106642222
35400,1825.0005106642222
35401,1825.0005106642222
35402,1825.0005106642222
35403,1825.0005106642222
35404,1825.0005106642222
35405,1825.0005106642222
35406,1825.0005106642222
35407,1825.0005106642222
35408,1825.0005106642222
35409,1825.0005106642222
35410,1825.0005106642222
35411,1825.0005106642222
35412,1825.0005106642222
35413,1825.0005106642222
35414,1825.0005106642222
35415,1825.0005106642222
35416,1825.0005106642222
35417,1825.0005106642222
35418,1825.0005106642222
35419,1825.0005106642222
35420,1825.0005106642222
35421,1825.0005106642222
35422,1825.0005106642222
35423,1825.0005106642222
35424,1825.0005106642222
35425,1825.0005106642222
35426,1825.0005106642222
35427,1825.0005106642222
35428,1825.0005106642222
35429,1825.0005106642222
35430,1825.0005106642222
35431,1825.0005106642222
35432,1825.0005106642222
35433,1825.0005106642222
35434,1825.0005106642222
35435,1825.0005106642222
35436,1825.0005106642222
35437,1825.0005106642222
35438,1825.0005106642222
35439,1825.0005106642222
35440,1825.0005106642222
35441,1825.0005106642222
35442,1825.0005106642222
35443,1825.0005106642222
35444,1825.0005106642222
35445,1825.0005106642222
35446,1825.0005106642222
35447,1825.0005106642222
35448,1825.0005106642222
35449,1825.0005106642222
35450,1825.0005106642222
35451,1825.0005106642222
35452,1825.0005106642222
35453,1825.0005106642222
35454,1825.0005106642222
35455,1825.0005106642222
35456,1825.0005106642222
35457,1825.0005106642222
35458,1825.0005106642222
35459,1825.0005106642222
35460,1825.0005106642222
35461,1825.0005106642222
35462,1825.0005106642222
35463,1825.0005106642222
35464,1825.0005106642222
35465,1825.0005106642222
35466,1825.0005106642222
35467,1825.0005106642222
35468,1825.0005106642222
35469,1825.0005106642222
35470,1825.0005106642222
35471,1825.0005106642222
35472,1825.0005106642222
35473,1825.0005106642222
35474,1825.0005106642222
35475,1825.0005106642222
35476,1825.0005106642222
35477,1825.0005106642222
35478,1825.0005106642222
35479,1825.0005106642222
35480,1825.0005106642222
35481,1825.0005106642222
35482,1825.0005106642222
35483,1825.0005106642222
35484,1825.0005106642222
35485,1825.0005106642222
35486,1825.0005106642222
35487,1825.0005106642222
35488,1825.0005106642222
35489,1825.0005106642222
35490,1825.0005106642222
35491,1825.0005106642222
35492,1825.0005106642222
35493,1825.0005106642222
35494,1825.0005106642222
35495,1825.0005106642222
35496,1825.0005106642222
35497,1825.0005106642222
35498,1825.0005106642222
35499,1825.0005106642222
35500,1825.0005106642222
35501,1825.0005106642222
35502,1825.0005106642222
35503,1825.0005106642222
35504,1825.0005106642222
35505,1825.0005106642222
35506,1825.0005106642222
35507,1825.0005106642222
35508,1825.0005106642222
35509,1825.0005106642222
35510,1825.0005106642222
35511,1825.0005106642222
35512,1825.0005106642222
35513,1825.0005106642222
35514,1825.0005106642222
35515,1825.0005106642222
35516,1825.0005106642222
35517,1825.0005106642222
35518,1825.0005106642222
35519,1825.0005106642222
35520,1825.0005106642222
35521,1825.0005106642222
35522,1825.0005106642222
35523,1825.0005106642222
35524,1825.0005106642222
35525,1825.0005106642222
35526,1825.0005106642222
35527,1825.0005106642222
35528,1825.0005106642222
35529,1825.0005106642222
35530,1825.0005106642222
35531,1825.0005106642222
35532,1825.0005106642222
35533,1825.0005106642222
35534,1825.0005106642222
35535,1825.0005106642222
35536,1825.0005106642222
35537,1825.0005106642222
35538,1825.0005106642222
35539,1825.0005106642222
35540,1825.0005106642222
35541,1825.0005106642222
35542,1825.0005106642222
35543,1825.0005106642222
35544,1825.0005106642222
35545,1825.0005106642222
35546,1825.0005106642222
35547,1825.0005106642222
35548,1825.0005106642222
35549,1825.0005106642222
35550,1825.0005106642222
35551,1825.0005106642222
35552,1825.0005106642222
35553,1825.0005106642222
35554,1825.0005106642222
35555,1825.0005106642222
35556,1825.0005106642222
35557,1825.0005106642222
35558,1825.0005106642222
35559,1825.0005106642222
35560,1825.0005106642222
35561,1825.0005106642222
35562,1825.0005106642222
35563,1825.0005106642222
35564,1825.0005106642222
35565,1825.0005106642222
35566,1825.0005106642222
35567,1825.0005106642222
35568,1825.0005106642222
35569,1825.0005106642222
35570,1825.0005106642222
35571,1825.0005106642222
35572,1825.0005106642222
35573,1825.0005106642222
35574,1825.0005106642222
35575,1825.0005106642222
35576,1825.0005106642222
35577,1825.0005106642222
35578,1825.0005106642222
35579,1825.0005106642222
35580,1825.0005106642222
35581,1825.0005106642222
35582,1825.0005106642222
35583,1825.0005106642222
35584,1825.0005106642222
35585,1825.0005106642222
35586,1825.0005106642222
35587,1825.0005106642222
35588,1825.0005106642222
35589,1825.0005106642222
35590,1825.0005106642222
35591,1825.0005106642222
35592,1825.0005106642222
35593,1825.0005106642222
35594,1825.0005106642222
35595,1825.0005106642222
35596,1825.0005106642222
35597,1825.0005106642222
35598,1825.0005106642222
35599,1825.0005106642222
35600,1825.0005106642222
35601,1825.0005106642222
35602,1825.0005106642222
35603,1825.0005106642222
35604,1825.0005106642222
35605,1825.0005106642222
35606,1825.0005106642222
35607,1825.0005106642222
35608,1825.0005106642222
35609,1825.0005106642222
35610,1825.0005106642222
35611,1825.0005106642222
35612,1825.0005106642222
35613,1825.0005106642222
35614,1825.0005106642222
35615,1825.0005106642222
35616,1825.0005106642222
35617,1825.0005106642222
35618,1825.0005106642222
35619,1825.0005106642222
35620,1825.0005106642222
35621,1825.0005106642222
35622,1825.0005106642222
35623,1825.0005106642222
35624,1825.0005106642222
35625,1825.0005106642222
35626,1825.0005106642222
35627,1825.0005106642222
35628,1825.0005106642222
35629,1825.0005106642222
35630,1825.0005106642222
35631,1825.0005106642222
35632,1825.0005106642222
35633,1825.0005106642222
35634,1825.0005106642222
35635,1825.0005106642222
35636,1825.0005106642222
35637,1825.0005106642222
35638,1825.0005106642222
35639,1825.0005106642222
35640,1825.0005106642222
35641,1825.0005106642222
35642,1825.0005106642222
35643,1825.0005106642222
35644,1825.0005106642222
35645,1825.0005106642222
35646,1825.0005106642222
35647,1825.0005106642222
35648,1825.0005106642222
35649,1825.0005106642222
35650,1825.0005106642222
35651,1825.0005106642222
35652,1825.0005106642222
35653,1825.0005106642222
35654,1825.0005106642222
35655,1825.0005106642222
35656,1825.0005106642222
35657,1825.0005106642222
35658,1825.0005106642222
35659,1825.0005106642222
35660,1825.0005106642222
35661,1825.0005106642222
35662,1825.0005106642222
35663,1825.0005106642222
35664,1825.0005106642222
35665,1825.0005106642222
35666,1825.0005106642222
35667,1825.0005106642222
35668,1825.0005106642222
35669,1825.0005106642222
35670,1825.0005106642222
35671,1825.0005106642222
35672,1825.0005106642222
35673,1825.0005106642222
35674,1825.0005106642222
35675,1825.0005106642222
35676,1825.0005106642222
35677,1825.0005106642222
35678,1825.0005106642222
35679,1825.0005106642222
35680,1825.0005106642222
35681,1825.0005106642222
35682,1825.0005106642222
35683,1825.0005106642222
35684,1825.0005106642222
35685,1825.0005106642222
35686,1825.0005106642222
35687,1825.0005106642222
35688,1825.0005106642222
35689,1825.0005106642222
35690,1825.0005106642222
35691,1825.0005106642222
35692,1825.0005106642222
35693,1825.0005106642222
35694,1825.0005106642222
35695,1825.0005106642222
35696,1825.0005106642222
35697,1825.0005106642222
35698,1825.0005106642222
35699,1825.0005106642222
35700,1825.0005106642222
35701,1825.0005106642222
35702,1825.0005106642222
35703,1825.0005106642222
35704,1825.0005106642222
35705,1825.0005106642222
35706,1825.0005106642222
35707,1825.0005106642222
35708,1825.0005106642222
35709,1825.0005106642222
35710,1825.0005106642222
35711,1825.0005106642222
35712,1825.0005106642222
35713,1825.0005106642222
35714,1825.0005106642222
35715,1825.0005106642222
35716,1825.0005106642222
35717,1825.0005106642222
35718,1825.0005106642222
35719,1825.0005106642222
35720,1825.0005106642222
35721,1825.0005106642222
35722,1825.0005106642222
35723,1825.0005106642222
35724,1825.0005106642222
35725,1825.0005106642222
35726,1825.0005106642222
35727,1825.0005106642222
35728,1825.0005106642222
35729,1825.0005106642222
35730,1825.0005106642222
35731,1825.0005106642222
35732,1825.0005106642222
35733,1825.0005106642222
35734,1825.0005106642222
35735,1825.0005106642222
35736,1825.0005106642222
35737,1825.0005106642222
35738,1825.0005106642222
35739,1825.0005106642222
35740,1825.0005106642222
35741,1825.0005106642222
35742,1825.0005106642222
35743,1825.0005106642222
35744,1825.0005106642222
35745,1825.0005106642222
35746,1825.0005106642222
35747,1825.0005106642222
35748,1825.0005106642222
35749,1825.0005106642222
35750,1825.0005106642222
35751,1825.0005106642222
35752,1825.0005106642222
35753,1825.0005106642222
35754,1825.0005106642222
35755,1825.0005106642222
35756,1825.0005106642222
35757,1825.0005106642222
35758,1825.0005106642222
35759,1825.0005106642222
35760,1825.0005106642222
35761,1825.0005106642222
35762,1825.0005106642222
35763,1825.0005106642222
35764,1825.0005106642222
35765,1825.0005106642222
35766,1825.0005106642222
35767,1825.0005106642222
35768,1825.0005106642222
35769,1825.0005106642222
35770,1825.0005106642222
35771,1825.0005106642222
35772,1825.0005106642222
35773,1825.0005106642222
35774,1825.0005106642222
35775,1825.0005106642222
35776,1825.0005106642222
35777,1825.0005106642222
35778,1825.0005106642222
35779,1825.0005106642222
35780,1825.0005106642222
35781,1825.0005106642222
35782,1825.0005106642222
35783,1825.0005106642222
35784,1825.0005106642222
35785,1825.0005106642222
35786,1825.0005106642222
35787,1825.0005106642222
35788,1825.0005106642222
35789,1825.0005106642222
35790,1825.0005106642222
35791,1825.0005106642222
35792,1825.0005106642222
35793,1825.0005106642222
35794,1825.0005106642222
35795,1825.0005106642222
35796,1825.0005106642222
35797,1825.0005106642222
35798,1825.0005106642222
35799,1825.0005106642222
35800,1825.0005106642222
35801,1825.0005106642222
35802,1825.0005106642222
35803,1825.0005106642222
35804,1825.0005106642222
35805,1825.0005106642222
35806,1825.0005106642222
35807,1825.0005106642222
35808,1825.0005106642222
35809,1825.0005106642222
35810,1825.0005106642222
35811,1825.0005106642222
35812,1825.0005106642222
35813,1825.0005106642222
35814,1825.0005106642222
35815,1825.0005106642222
35816,1825.0005106642222
35817,1825.0005106642222
35818,1825.0005106642222
35819,1825.0005106642222
35820,1825.0005106642222
35821,1825.0005106642222
35822,1825.0005106642222
35823,1825.0005106642222
35824,1825.0005106642222
35825,1825.0005106642222
35826,1825.0005106642222
35827,1825.0005106642222
35828,1825.0005106642222
35829,1825.0005106642222
35830,1825.0005106642222
35831,1825.0005106642222
35832,1825.0005106642222
35833,1825.0005106642222
35834,1825.0005106642222
35835,1825.0005106642222
35836,1825.0005106642222
35837,1825.0005106642222
35838,1825.0005106642222
35839,1825.0005106642222
35840,1825.0005106642222
35841,1825.0005106642222
35842,1825.0005106642222
35843,1825.0005106642222
35844,1825.0005106642222
35845,1825.0005106642222
35846,1825.0005106642222
35847,1825.0005106642222
35848,1825.0005106642222
35849,1825.0005106642222
35850,1825.0005106642222
35851,1825.0005106642222
35852,1825.0005106642222
35853,1825.0005106642222
35854,1825.0005106642222
35855,1825.0005106642222
35856,1825.0005106642222
35857,1825.0005106642222
35858,1825.0005106642222
35859,1825.0005106642222
35860,1825.0005106642222
35861,1825.0005106642222
35862,1825.0005106642222
35863,1825.0005106642222
35864,1825.0005106642222
35865,1825.0005106642222
35866,1825.0005106642222
35867,1825.0005106642222
35868,1825.0005106642222
35869,1825.0005106642222
35870,1825.0005106642222
35871,1825.0005106642222
35872,1825.0005106642222
35873,1825.0005106642222
35874,1825.0005106642222
35875,1825.0005106642222
35876,1825.0005106642222
35877,1825.0005106642222
35878,1825.0005106642222
35879,1825.0005106642222
35880,1825.0005106642222
35881,1825.0005106642222
35882,1825.0005106642222
35883,1825.0005106642222
35884,1825.0005106642222
35885,1825.0005106642222
35886,1825.0005106642222
35887,1825.0005106642222
35888,1825.0005106642222
35889,1825.0005106642222
35890,1825.0005106642222
35891,1825.0005106642222
35892,1825.0005106642222
35893,1825.0005106642222
35894,1825.0005106642222
35895,1825.0005106642222
35896,1825.0005106642222
35897,1825.0005106642222
35898,1825.0005106642222
35899,1825.0005106642222
35900,1825.0005106642222
35901,1825.0005106642222
35902,1825.0005106642222
35903,1825.0005106642222
35904,1825.0005106642222
35905,1825.0005106642222
35906,1825.0005106642222
35907,1825.0005106642222
35908,1825.0005106642222
35909,1825.0005106642222
35910,1825.0005106642222
35911,1825.0005106642222
35912,1825.0005106642222
35913,1825.0005106642222
35914,1825.0005106642222
35915,1825.0005106642222
35916,1825.0005106642222
35917,1825.0005106642222
35918,1825.0005106642222
35919,1825.0005106642222
35920,1825.0005106642222
35921,1825.0005106642222
35922,1825.0005106642222
35923,1825.0005106642222
35924,1825.0005106642222
35925,1825.0005106642222
35926,1825.0005106642222
35927,1825.0005106642222
35928,1825.0005106642222
35929,1825.0005106642222
35930,1825.0005106642222
35931,1825.0005106642222
35932,1825.0005106642222
35933,1825.0005106642222
35934,1825.0005106642222
35935,1825.0005106642222
35936,1825.0005106642222
35937,1825.0005106642222
35938,1825.0005106642222
35939,1825.0005106642222
35940,1825.0005106642222
35941,1825.0005106642222
35942,1825.0005106642222
35943,1825.0005106642222
35944,1825.0005106642222
35945,1825.0005106642222
35946,1825.0005106642222
35947,1825.0005106642222
35948,1825.0005106642222
35949,1825.0005106642222
35950,1825.0005106642222
35951,1825.0005106642222
35952,1825.0005106642222
35953,1825.0005106642222
35954,1825.0005106642222
35955,1825.0005106642222
35956,1825.0005106642222
35957,1825.0005106642222
35958,1825.0005106642222
35959,1825.0005106642222
35960,1825.0005106642222
35961,1825.0005106642222
35962,1825.0005106642222
35963,1825.0005106642222
35964,1825.0005106642222
35965,1825.0005106642222
35966,1825.0005106642222
35967,1825.0005106642222
35968,1825.0005106642222
35969,1825.0005106642222
35970,1825.0005106642222
35971,1825.0005106642222
35972,1825.0005106642222
35973,1825.0005106642222
35974,1825.0005106642222
35975,1825.0005106642222
35976,1825.0005106642222
35977,1825.0005106642222
35978,1825.0005106642222
35979,1825.0005106642222
35980,1825.0005106642222
35981,1825.0005106642222
35982,1825.0005106642222
35983,1825.0005106642222
35984,1825.0005106642222
35985,1825.0005106642222
35986,1825.0005106642222
35987,1825.0005106642222
35988,1825.0005106642222
35989,1825.0005106642222
35990,1825.0005106642222
35991,1825.0005106642222
35992,1825.0005106642222
35993,1825.0005106642222
35994,1825.0005106642222
35995,1825.0005106642222
35996,1825.0005106642222
35997,1825.0005106642222
35998,1825.0005106642222
35999,1825.0005106642222
36000,1825.0005106642222
36001,1825.0005106642222
36002,1825.0005106642222
36003,1825.0005106642222
36004,1825.0005106642222
36005,1825.0005106642222
36006,1825.0005106642222
36007,1825.0005106642222
36008,1825.0005106642222
36009,1825.0005106642222
36010,1825.0005106642222
36011,1825.0005106642222
36012,1825.0005106642222
36013,1825.0005106642222
36014,1825.0005106642222
36015,1825.0005106642222
36016,1825.0005106642222
36017,1825.0005106642222
36018,1825.0005106642222
36019,1825.0005106642222
36020,1825.0005106642222
36021,1825.0005106642222
36022,1825.0005106642222
36023,1825.0005106642222
36024,1825.0005106642222
36025,1825.0005106642222
36026,1825.0005106642222
36027,1825.0005106642222
36028,1825.0005106642222
36029,1825.0005106642222
36030,1825.0005106642222
36031,1825.0005106642222
36032,1825.0005106642222
36033,1825.0005106642222
36034,1825.0005106642222
36035,1825.0005106642222
36036,1825.0005106642222
36037,1825.0005106642222
36038,1825.0005106642222
36039,1825.0005106642222
36040,1825.0005106642222
36041,1825.0005106642222
36042,1825.0005106642222
36043,1825.0005106642222
36044,1825.0005106642222
36045,1825.0005106642222
36046,1825.0005106642222
36047,1825.0005106642222
36048,1825.0005106642222
36049,1825.0005106642222
36050,1825.0005106642222
36051,1825.0005106642222
36052,1825.0005106642222
36053,1825.0005106642222
36054,1825.0005106642222
36055,1825.0005106642222
36056,1825.0005106642222
36057,1825.0005106642222
36058,1825.0005106642222
36059,1825.0005106642222
36060,1825.0005106642222
36061,1825.0005106642222
36062,1825.0005106642222
36063,1825.0005106642222
36064,1825.0005106642222
36065,1825.0005106642222
36066,1825.0005106642222
36067,1825.0005106642222
36068,1825.0005106642222
36069,1825.0005106642222
36070,1825.0005106642222
36071,1825.0005106642222
36072,1825.0005106642222
36073,1825.0005106642222
36074,1825.0005106642222
36075,1825.0005106642222
36076,1825.0005106642222
36077,1825.0005106642222
36078,1825.0005106642222
36079,1825.0005106642222
36080,1825.0005106642222
36081,1825.0005106642222
36082,1825.0005106642222
36083,1825.0005106642222
36084,1825.0005106642222
36085,1825.0005106642222
36086,1825.0005106642222
36087,1825.0005106642222
36088,1825.0005106642222
36089,1825.0005106642222
36090,1825.0005106642222
36091,1825.0005106642222
36092,1825.0005106642222
36093,1825.0005106642222
36094,1825.0005106642222
36095,1825.0005106642222
36096,1825.0005106642222
36097,1825.0005106642222
36098,1825.0005106642222
36099,1825.0005106642222
36100,1825.0005106642222
36101,1825.0005106642222
36102,1825.0005106642222
36103,1825.0005106642222
36104,1825.0005106642222
36105,1825.0005106642222
36106,1825.0005106642222
36107,1825.0005106642222
36108,1825.0005106642222
36109,1825.0005106642222
36110,1825.0005106642222
36111,1825.0005106642222
36112,1825.0005106642222
36113,1825.0005106642222
36114,1825.0005106642222
36115,1825.0005106642222
36116,1825.0005106642222
36117,1825.0005106642222
36118,1825.0005106642222
36119,1825.0005106642222
36120,1825.0005106642222
36121,1825.0005106642222
36122,1825.0005106642222
36123,1825.0005106642222
36124,1825.0005106642222
36125,1825.0005106642222
36126,1825.0005106642222
36127,1825.0005106642222
36128,1825.0005106642222
36129,1825.0005106642222
36130,1825.0005106642222
36131,1825.0005106642222
36132,1825.0005106642222
36133,1825.0005106642222
36134,1825.0005106642222
36135,1825.0005106642222
36136,1825.0005106642222
36137,1825.0005106642222
36138,1825.0005106642222
36139,1825.0005106642222
36140,1825.0005106642222
36141,1825.0005106642222
36142,1825.0005106642222
36143,1825.0005106642222
36144,1825.0005106642222
36145,1825.0005106642222
36146,1825.0005106642222
36147,1825.0005106642222
36148,1825.0005106642222
36149,1825.0005106642222
36150,1825.0005106642222
36151,1825.0005106642222
36152,1825.0005106642222
36153,1825.0005106642222
36154,1825.0005106642222
36155,1825.0005106642222
36156,1825.0005106642222
36157,1825.0005106642222
36158,1825.0005106642222
36159,1825.0005106642222
36160,1825.0005106642222
36161,1825.0005106642222
36162,1825.0005106642222
36163,1825.0005106642222
36164,1825.0005106642222
36165,1825.0005106642222
36166,1825.0005106642222
36167,1825.0005106642222
36168,1825.0005106642222
36169,1825.0005106642222
36170,1825.0005106642222
36171,1825.0005106642222
36172,1825.0005106642222
36173,1825.0005106642222
36174,1825.0005106642222
36175,1825.0005106642222
36176,1825.0005106642222
36177,1825.0005106642222
36178,1825.0005106642222
36179,1825.0005106642222
36180,1825.0005106642222
36181,1825.0005106642222
36182,1825.0005106642222
36183,1825.0005106642222
36184,1825.0005106642222
36185,1825.0005106642222
36186,1825.0005106642222
36187,1825.0005106642222
36188,1825.0005106642222
36189,1825.0005106642222
36190,1825.0005106642222
36191,1825.0005106642222
36192,1825.0005106642222
36193,1825.0005106642222
36194,1825.0005106642222
36195,1825.0005106642222
36196,1825.0005106642222
36197,1825.0005106642222
36198,1825.0005106642222
36199,1825.0005106642222
36200,1825.0005106642222
36201,1825.0005106642222
36202,1825.0005106642222
36203,1825.0005106642222
36204,1825.0005106642222
36205,1825.0005106642222
36206,1825.0005106642222
36207,1825.0005106642222
36208,1825.0005106642222
36209,1825.0005106642222
36210,1825.0005106642222
36211,1825.0005106642222
36212,1825.0005106642222
36213,1825.0005106642222
36214,1825.0005106642222
36215,1825.0005106642222
36216,1825.0005106642222
36217,1825.0005106642222
36218,1825.0005106642222
36219,1825.0005106642222
36220,1825.0005106642222
36221,1825.0005106642222
36222,1825.0005106642222
36223,1825.0005106642222
36224,1825.0005106642222
36225,1825.0005106642222
36226,1825.0005106642222
36227,1825.0005106642222
36228,1825.0005106642222
36229,1825.0005106642222
36230,1825.0005106642222
36231,1825.0005106642222
36232,1825.0005106642222
36233,1825.0005106642222
36234,1825.0005106642222
36235,1825.0005106642222
36236,1825.0005106642222
36237,1825.0005106642222
36238,1825.0005106642222
36239,1825.0005106642222
36240,1825.0005106642222
36241,1825.0005106642222
36242,1825.0005106642222
36243,1825.0005106642222
36244,1825.0005106642222
36245,1825.0005106642222
36246,1825.0005106642222
36247,1825.0005106642222
36248,1825.0005106642222
36249,1825.0005106642222
36250,1825.0005106642222
36251,1825.0005106642222
36252,1825.0005106642222
36253,1825.0005106642222
36254,1825.0005106642222
36255,1825.0005106642222
36256,1825.0005106642222
36257,1825.0005106642222
36258,1825.0005106642222
36259,1825.0005106642222
36260,1825.0005106642222
36261,1825.0005106642222
36262,1825.0005106642222
36263,1825.0005106642222
36264,1825.0005106642222
36265,1825.0005106642222
36266,1825.0005106642222
36267,1825.0005106642222
36268,1825.0005106642222
36269,1825.0005106642222
36270,1825.0005106642222
36271,1825.0005106642222
36272,1825.0005106642222
36273,1825.0005106642222
36274,1825.0005106642222
36275,1825.0005106642222
36276,1825.0005106642222
36277,1825.0005106642222
36278,1825.0005106642222
36279,1825.0005106642222
36280,1825.0005106642222
36281,1825.0005106642222
36282,1825.0005106642222
36283,1825.0005106642222
36284,1825.0005106642222
36285,1825.0005106642222
36286,1825.0005106642222
36287,1825.0005106642222
36288,1825.0005106642222
36289,1825.0005106642222
36290,1825.0005106642222
36291,1825.0005106642222
36292,1825.0005106642222
36293,1825.0005106642222
36294,1825.0005106642222
36295,1825.0005106642222
36296,1825.0005106642222
36297,1825.0005106642222
36298,1825.0005106642222
36299,1825.0005106642222
36300,1825.0005106642222
36301,1825.0005106642222
36302,1825.0005106642222
36303,1825.0005106642222
36304,1825.0005106642222
36305,1825.0005106642222
36306,1825.0005106642222
36307,1825.0005106642222
36308,1825.0005106642222
36309,1825.0005106642222
36310,1825.0005106642222
36311,1825.0005106642222
36312,1825.0005106642222
36313,1825.0005106642222
36314,1825.0005106642222
36315,1825.0005106642222
36316,1825.0005106642222
36317,1825.0005106642222
36318,1825.0005106642222
36319,1825.0005106642222
36320,1825.0005106642222
36321,1825.0005106642222
36322,1825.0005106642222
36323,1825.0005106642222
36324,1825.0005106642222
36325,1825.0005106642222
36326,1825.0005106642222
36327,1825.0005106642222
36328,1825.0005106642222
36329,1825.0005106642222
36330,1825.0005106642222
36331,1825.0005106642222
36332,1825.0005106642222
36333,1825.0005106642222
36334,1825.0005106642222
36335,1825.0005106642222
36336,1825.0005106642222
36337,1825.0005106642222
36338,1825.0005106642222
36339,1825.0005106642222
36340,1825.0005106642222
36341,1825.0005106642222
36342,1825.0005106642222
36343,1825.0005106642222
36344,1825.0005106642222
36345,1825.0005106642222
36346,1825.0005106642222
36347,1825.0005106642222
36348,1825.0005106642222
36349,1825.0005106642222
36350,1825.0005106642222
36351,1825.0005106642222
36352,1825.0005106642222
36353,1825.0005106642222
36354,1825.0005106642222
36355,1825.0005106642222
36356,1825.0005106642222
36357,1825.0005106642222
36358,1825.0005106642222
36359,1825.0005106642222
36360,1825.0005106642222
36361,1825.0005106642222
36362,1825.0005106642222
36363,1825.0005106642222
36364,1825.0005106642222
36365,1825.0005106642222
36366,1825.0005106642222
36367,1825.0005106642222
36368,1825.0005106642222
36369,1825.0005106642222
36370,1825.0005106642222
36371,1825.0005106642222
36372,1825.0005106642222
36373,1825.0005106642222
36374,1825.0005106642222
36375,1825.0005106642222
36376,1825.0005106642222
36377,1825.0005106642222
36378,1825.0005106642222
36379,1825.0005106642222
36380,1825.0005106642222
36381,1825.0005106642222
36382,1825.0005106642222
36383,1825.0005106642222
36384,1825.0005106642222
36385,1825.0005106642222
36386,1825.0005106642222
36387,1825.0005106642222
36388,1825.0005106642222
36389,1825.0005106642222
36390,1825.0005106642222
36391,1825.0005106642222
36392,1825.0005106642222
36393,1825.0005106642222
36394,1825.0005106642222
36395,1825.0005106642222
36396,1825.0005106642222
36397,1825.0005106642222
36398,1825.0005106642222
36399,1825.0005106642222
36400,1825.0005106642222
36401,1825.0005106642222
36402,1825.0005106642222
36403,1825.0005106642222
36404,1825.0005106642222
36405,1825.0005106642222
36406,1825.0005106642222
36407,1825.0005106642222
36408,1825.0005106642222
36409,1825.0005106642222
36410,1825.0005106642222
36411,1825.0005106642222
36412,1825.0005106642222
36413,1825.0005106642222
36414,1825.0005106642222
36415,1825.0005106642222
36416,1825.0005106642222
36417,1825.0005106642222
36418,1825.0005106642222
36419,1825.0005106642222
36420,1825.0005106642222
36421,1825.0005106642222
36422,1825.0005106642222
36423,1825.0005106642222
36424,1825.0005106642222
36425,1825.0005106642222
36426,1825.0005106642222
36427,1825.0005106642222
36428,1825.0005106642222
36429,1825.0005106642222
36430,1825.0005106642222
36431,1825.0005106642222
36432,1825.0005106642222
36433,1825.0005106642222
36434,1825.0005106642222
36435,1825.0005106642222
36436,1825.0005106642222
36437,1825.0005106642222
36438,1825.0005106642222
36439,1825.0005106642222
36440,1825.0005106642222
36441,1825.0005106642222
36442,1825.0005106642222
36443,1825.0005106642222
36444,1825.0005106642222
36445,1825.0005106642222
36446,1825.0005106642222
36447,1825.0005106642222
36448,1825.0005106642222
36449,1825.0005106642222
36450,1825.0005106642222
36451,1825.0005106642222
36452,1825.0005106642222
36453,1825.0005106642222
36454,1825.0005106642222
36455,1825.0005106642222
36456,1825.0005106642222
36457,1825.0005106642222
36458,1825.0005106642222
36459,1825.0005106642222
36460,1825.0005106642222
36461,1825.0005106642222
36462,1825.0005106642222
36463,1825.0005106642222
36464,1825.0005106642222
36465,1825.0005106642222
36466,1825.0005106642222
36467,1825.0005106642222
36468,1825.0005106642222
36469,1825.0005106642222
36470,1825.0005106642222
36471,1825.0005106642222
36472,1825.0005106642222
36473,1825.0005106642222
36474,1825.0005106642222
36475,1825.0005106642222
36476,1825.0005106642222
36477,1825.0005106642222
36478,1825.0005106642222
36479,1825.0005106642222
36480,1825.0005106642222
36481,1825.0005106642222
36482,1825.0005106642222
36483,1825.0005106642222
36484,1825.0005106642222
36485,1825.0005106642222
36486,1825.0005106642222
36487,1825.0005106642222
36488,1825.0005106642222
36489,1825.0005106642222
36490,1825.0005106642222
36491,1825.0005106642222
36492,1825.0005106642222
36493,1825.0005106642222
36494,1825.0005106642222
36495,1825.0005106642222
36496,1825.0005106642222
36497,1825.0005106642222
36498,1825.0005106642222
36499,1825.0005106642222
36500,1825.0005106642222
36501,1825.0005106642222
36502,1825.0005106642222
36503,1825.0005106642222
36504,1825.0005106642222
36505,1825.0005106642222
36506,1825.0005106642222
36507,1825.0005106642222
36508,1825.0005106642222
36509,1825.0005106642222
36510,1825.0005106642222
36511,1825.0005106642222
36512,1825.0005106642222
36513,1825.0005106642222
36514,1825.0005106642222
36515,1825.0005106642222
36516,1825.0005106642222
36517,1825.0005106642222
36518,1825.0005106642222
36519,1825.0005106642222
36520,1825.0005106642222
36521,1825.0005106642222
36522,1825.0005106642222
36523,1825.0005106642222
36524,1825.0005106642222
36525,1825.0005106642222
36526,1825.0005106642222
36527,1825.0005106642222
36528,1825.0005106642222
36529,1825.0005106642222
36530,1825.0005106642222
36531,1825.0005106642222
36532,1825.0005106642222
36533,1825.0005106642222
36534,1825.0005106642222
36535,1825.0005106642222
36536,1825.0005106642222
36537,1825.0005106642222
36538,1825.0005106642222
36539,1825.0005106642222
36540,1825.0005106642222
36541,1825.0005106642222
36542,1825.0005106642222
36543,1825.0005106642222
36544,1825.0005106642222
36545,1825.0005106642222
36546,1825.0005106642222
36547,1825.0005106642222
36548,1825.0005106642222
36549,1825.0005106642222
36550,1825.0005106642222
36551,1825.0005106642222
36552,1825.0005106642222
36553,1825.0005106642222
36554,1825.0005106642222
36555,1825.0005106642222
36556,1825.0005106642222
36557,1825.0005106642222
36558,1825.0005106642222
36559,1825.0005106642222
36560,1825.0005106642222
36561,1825.0005106642222
36562,1825.0005106642222
36563,1825.0005106642222
36564,1825.0005106642222
36565,1825.0005106642222
36566,1825.0005106642222
36567,1825.0005106642222
36568,1825.0005106642222
36569,1825.0005106642222
36570,1825.0005106642222
36571,1825.0005106642222
36572,1825.0005106642222
36573,1825.0005106642222
36574,1825.0005106642222
36575,1825.0005106642222
36576,1825.0005106642222
36577,1825.0005106642222
36578,1825.0005106642222
36579,1825.0005106642222
36580,1825.0005106642222
36581,1825.0005106642222
36582,1825.0005106642222
36583,1825.0005106642222
36584,1825.0005106642222
36585,1825.0005106642222
36586,1825.0005106642222
36587,1825.0005106642222
36588,1825.0005106642222
36589,1825.0005106642222
36590,1825.0005106642222
36591,1825.0005106642222
36592,1825.0005106642222
36593,1825.0005106642222
36594,1825.0005106642222
36595,1825.0005106642222
36596,1825.0005106642222
36597,1825.0005106642222
36598,1825.0005106642222
36599,1825.0005106642222
36600,1825.0005106642222
36601,1825.0005106642222
36602,1825.0005106642222
36603,1825.0005106642222
36604,1825.0005106642222
36605,1825.0005106642222
36606,1825.0005106642222
36607,1825.0005106642222
36608,1825.0005106642222
36609,1825.0005106642222
36610,1825.0005106642222
36611,1825.0005106642222
36612,1825.0005106642222
36613,1825.0005106642222
36614,1825.0005106642222
36615,1825.0005106642222
36616,1825.0005106642222
36617,1825.0005106642222
36618,1825.0005106642222
36619,1825.0005106642222
36620,1825.0005106642222
36621,1825.0005106642222
36622,1825.0005106642222
36623,1825.0005106642222
36624,1825.0005106642222
36625,1825.0005106642222
36626,1825.0005106642222
36627,1825.0005106642222
36628,1825.0005106642222
36629,1825.0005106642222
36630,1825.0005106642222
36631,1825.0005106642222
36632,1825.0005106642222
36633,1825.0005106642222
36634,1825.0005106642222
36635,1825.0005106642222
36636,1825.0005106642222
36637,1825.0005106642222
36638,1825.0005106642222
36639,1825.0005106642222
36640,1825.0005106642222
36641,1825.0005106642222
36642,1825.0005106642222
36643,1825.0005106642222
36644,1825.0005106642222
36645,1825.0005106642222
36646,1825.0005106642222
36647,1825.0005106642222
36648,1825.0005106642222
36649,1825.0005106642222
36650,1825.0005106642222
36651,1825.0005106642222
36652,1825.0005106642222
36653,1825.0005106642222
36654,1825.0005106642222
36655,1825.0005106642222
36656,1825.0005106642222
36657,1825.0005106642222
36658,1825.0005106642222
36659,1825.0005106642222
36660,1825.0005106642222
36661,1825.0005106642222
36662,1825.0005106642222
36663,1825.0005106642222
36664,1825.0005106642222
36665,1825.0005106642222
36666,1825.0005106642222
36667,1825.0005106642222
36668,1825.0005106642222
36669,1825.0005106642222
36670,1825.0005106642222
36671,1825.0005106642222
36672,1825.0005106642222
36673,1825.0005106642222
36674,1825.0005106642222
36675,1825.0005106642222
36676,1825.0005106642222
36677,1825.0005106642222
36678,1825.0005106642222
36679,1825.0005106642222
36680,1825.0005106642222
36681,1825.0005106642222
36682,1825.0005106642222
36683,1825.0005106642222
36684,1825.0005106642222
36685,1825.0005106642222
36686,1825.0005106642222
36687,1825.0005106642222
36688,1825.0005106642222
36689,1825.0005106642222
36690,1825.0005106642222
36691,1825.0005106642222
36692,1825.0005106642222
36693,1825.0005106642222
36694,1825.0005106642222
36695,1825.0005106642222
36696,1825.0005106642222
36697,1825.0005106642222
36698,1825.0005106642222
36699,1825.0005106642222
36700,1825.0005106642222
36701,1825.0005106642222
36702,1825.0005106642222
36703,1825.0005106642222
36704,1825.0005106642222
36705,1825.0005106642222
36706,1825.0005106642222
36707,1825.0005106642222
36708,1825.0005106642222
36709,1825.0005106642222
36710,1825.0005106642222
36711,1825.0005106642222
36712,1825.0005106642222
36713,1825.0005106642222
36714,1825.0005106642222
36715,1825.0005106642222
36716,1825.0005106642222
36717,1825.0005106642222
36718,1825.0005106642222
36719,1825.0005106642222
36720,1825.0005106642222
36721,1825.0005106642222
36722,1825.0005106642222
36723,1825.0005106642222
36724,1825.0005106642222
36725,1825.0005106642222
36726,1825.0005106642222
36727,1825.0005106642222
36728,1825.0005106642222
36729,1825.0005106642222
36730,1825.0005106642222
36731,1825.0005106642222
36732,1825.0005106642222
36733,1825.0005106642222
36734,1825.0005106642222
36735,1825.0005106642222
36736,1825.0005106642222
36737,1825.0005106642222
36738,1825.0005106642222
36739,1825.0005106642222
36740,1825.0005106642222
36741,1825.0005106642222
36742,1825.0005106642222
36743,1825.0005106642222
36744,1825.0005106642222
36745,1825.0005106642222
36746,1825.0005106642222
36747,1825.0005106642222
36748,1825.0005106642222
36749,1825.0005106642222
36750,1825.0005106642222
36751,1825.0005106642222
36752,1825.0005106642222
36753,1825.0005106642222
36754,1825.0005106642222
36755,1825.0005106642222
36756,1825.0005106642222
36757,1825.0005106642222
36758,1825.0005106642222
36759,1825.0005106642222
36760,1825.0005106642222
36761,1825.0005106642222
36762,1825.0005106642222
36763,1825.0005106642222
36764,1825.0005106642222
36765,1825.0005106642222
36766,1825.0005106642222
36767,1825.0005106642222
36768,1825.0005106642222
36769,1825.0005106642222
36770,1825.0005106642222
36771,1825.0005106642222
36772,1825.0005106642222
36773,1825.0005106642222
36774,1825.0005106642222
36775,1825.0005106642222
36776,1825.0005106642222
36777,1825.0005106642222
36778,1825.0005106642222
36779,1825.0005106642222
36780,1825.0005106642222
36781,1825.0005106642222
36782,1825.0005106642222
36783,1825.0005106642222
36784,1825.0005106642222
36785,1825.0005106642222
36786,1825.0005106642222
36787,1825.0005106642222
36788,1825.0005106642222
36789,1825.0005106642222
36790,1825.0005106642222
36791,1825.0005106642222
36792,1825.0005106642222
36793,1825.0005106642222
36794,1825.0005106642222
36795,1825.0005106642222
36796,1825.0005106642222
36797,1825.0005106642222
36798,1825.0005106642222
36799,1825.0005106642222
36800,1825.0005106642222
36801,1825.0005106642222
36802,1825.0005106642222
36803,1825.0005106642222
36804,1825.0005106642222
36805,1825.0005106642222
36806,1825.0005106642222
36807,1825.0005106642222
36808,1825.0005106642222
36809,1825.0005106642222
36810,1825.0005106642222
36811,1825.0005106642222
36812,1825.0005106642222
36813,1825.0005106642222
36814,1825.0005106642222
36815,1825.0005106642222
36816,1825.0005106642222
36817,1825.0005106642222
36818,1825.0005106642222
36819,1825.0005106642222
36820,1825.0005106642222
36821,1825.0005106642222
36822,1825.0005106642222
36823,1825.0005106642222
36824,1825.0005106642222
36825,1825.0005106642222
36826,1825.0005106642222
36827,1825.0005106642222
36828,1825.0005106642222
36829,1825.0005106642222
36830,1825.0005106642222
36831,1825.0005106642222
36832,1825.0005106642222
36833,1825.0005106642222
36834,1825.0005106642222
36835,1825.0005106642222
36836,1825.0005106642222
36837,1825.0005106642222
36838,1825.0005106642222
36839,1825.0005106642222
36840,1825.0005106642222
36841,1825.0005106642222
36842,1825.0005106642222
36843,1825.0005106642222
36844,1825.0005106642222
36845,1825.0005106642222
36846,1825.0005106642222
36847,1825.0005106642222
36848,1825.0005106642222
36849,1825.0005106642222
36850,1825.0005106642222
36851,1825.0005106642222
36852,1825.0005106642222
36853,1825.0005106642222
36854,1825.0005106642222
36855,1825.0005106642222
36856,1825.0005106642222
36857,1825.0005106642222
36858,1825.0005106642222
36859,1825.0005106642222
36860,1825.0005106642222
36861,1825.0005106642222
36862,1825.0005106642222
36863,1825.0005106642222
36864,1825.0005106642222
36865,1825.0005106642222
36866,1825.0005106642222
36867,1825.0005106642222
36868,1825.0005106642222
36869,1825.0005106642222
36870,1825.0005106642222
36871,1825.0005106642222
36872,1825.0005106642222
36873,1825.0005106642222
36874,1825.0005106642222
36875,1825.0005106642222
36876,1825.0005106642222
36877,1825.0005106642222
36878,1825.0005106642222
36879,1825.0005106642222
36880,1825.0005106642222
36881,1825.0005106642222
36882,1825.0005106642222
36883,1825.0005106642222
36884,1825.0005106642222
36885,1825.0005106642222
36886,1825.0005106642222
36887,1825.0005106642222
36888,1825.0005106642222
36889,1825.0005106642222
36890,1825.0005106642222
36891,1825.0005106642222
36892,1825.0005106642222
36893,1825.0005106642222
36894,1825.0005106642222
36895,1825.0005106642222
36896,1825.0005106642222
36897,1825.0005106642222
36898,1825.0005106642222
36899,1825.0005106642222
36900,1825.0005106642222
36901,1825.0005106642222
36902,1825.0005106642222
36903,1825.0005106642222
36904,1825.0005106642222
36905,1825.0005106642222
36906,1825.0005106642222
36907,1825.0005106642222
36908,1825.0005106642222
36909,1825.0005106642222
36910,1825.0005106642222
36911,1825.0005106642222
36912,1825.0005106642222
36913,1825.0005106642222
36914,1825.0005106642222
36915,1825.0005106642222
36916,1825.0005106642222
36917,1825.0005106642222
36918,1825.0005106642222
36919,1825.0005106642222
36920,1825.0005106642222
36921,1825.0005106642222
36922,1825.0005106642222
36923,1825.0005106642222
36924,1825.0005106642222
36925,1825.0005106642222
36926,1825.0005106642222
36927,1825.0005106642222
36928,1825.0005106642222
36929,1825.0005106642222
36930,1825.0005106642222
36931,1825.0005106642222
36932,1825.0005106642222
36933,1825.0005106642222
36934,1825.0005106642222
36935,1825.0005106642222
36936,1825.0005106642222
36937,1825.0005106642222
36938,1825.0005106642222
36939,1825.0005106642222
36940,1825.0005106642222
36941,1825.0005106642222
36942,1825.0005106642222
36943,1825.0005106642222
36944,1825.0005106642222
36945,1825.0005106642222
36946,1825.0005106642222
36947,1825.0005106642222
36948,1825.0005106642222
36949,1825.0005106642222
36950,1825.0005106642222
36951,1825.0005106642222
36952,1825.0005106642222
36953,1825.0005106642222
36954,1825.0005106642222
36955,1825.0005106642222
36956,1825.0005106642222
36957,1825.0005106642222
36958,1825.0005106642222
36959,1825.0005106642222
36960,1825.0005106642222
36961,1825.0005106642222
36962,1825.0005106642222
36963,1825.0005106642222
36964,1825.0005106642222
36965,1825.0005106642222
36966,1825.0005106642222
36967,1825.0005106642222
36968,1825.0005106642222
36969,1825.0005106642222
36970,1825.0005106642222
36971,1825.0005106642222
36972,1825.0005106642222
36973,1825.0005106642222
36974,1825.0005106642222
36975,1825.0005106642222
36976,1825.0005106642222
36977,1825.0005106642222
36978,1825.0005106642222
36979,1825.0005106642222
36980,1825.0005106642222
36981,1825.0005106642222
36982,1825.0005106642222
36983,1825.0005106642222
36984,1825.0005106642222
36985,1825.0005106642222
36986,1825.0005106642222
36987,1825.0005106642222
36988,1825.0005106642222
36989,1825.0005106642222
36990,1825.0005106642222
36991,1825.0005106642222
36992,1825.0005106642222
36993,1825.0005106642222
36994,1825.0005106642222
36995,1825.0005106642222
36996,1825.0005106642222
36997,1825.0005106642222
36998,1825.0005106642222
36999,1825.0005106642222
37000,1825.0005106642222
37001,1825.0005106642222
37002,1825.0005106642222
37003,1825.0005106642222
37004,1825.0005106642222
37005,1825.0005106642222
37006,1825.0005106642222
37007,1825.0005106642222
37008,1825.0005106642222
37009,1825.0005106642222
37010,1825.0005106642222
37011,1825.0005106642222
37012,1825.0005106642222
37013,1825.0005106642222
37014,1825.0005106642222
37015,1825.0005106642222
37016,1825.0005106642222
37017,1825.0005106642222
37018,1825.0005106642222
37019,1825.0005106642222
37020,1825.0005106642222
37021,1825.0005106642222
37022,1825.0005106642222
37023,1825.0005106642222
37024,1825.0005106642222
37025,1825.0005106642222
37026,1825.0005106642222
37027,1825.0005106642222
37028,1825.0005106642222
37029,1825.0005106642222
37030,1825.0005106642222
37031,1825.0005106642222
37032,1825.0005106642222
37033,1825.0005106642222
37034,1825.0005106642222
37035,1825.0005106642222
37036,1825.0005106642222
37037,1825.0005106642222
37038,1825.0005106642222
37039,1825.0005106642222
37040,1825.0005106642222
37041,1825.0005106642222
37042,1825.0005106642222
37043,1825.0005106642222
37044,1825.0005106642222
37045,1825.0005106642222
37046,1825.0005106642222
37047,1825.0005106642222
37048,1825.0005106642222
37049,1825.0005106642222
37050,1825.0005106642222
37051,1825.0005106642222
37052,1825.0005106642222
37053,1825.0005106642222
37054,1825.0005106642222
37055,1825.0005106642222
37056,1825.0005106642222
37057,1825.0005106642222
37058,1825.0005106642222
37059,1825.0005106642222
37060,1825.0005106642222
37061,1825.0005106642222
37062,1825.0005106642222
37063,1825.0005106642222
37064,1825.0005106642222
37065,1825.0005106642222
37066,1825.0005106642222
37067,1825.0005106642222
37068,1825.0005106642222
37069,1825.0005106642222
37070,1825.0005106642222
37071,1825.0005106642222
37072,1825.0005106642222
37073,1825.0005106642222
37074,1825.0005106642222
37075,1825.0005106642222
37076,1825.0005106642222
37077,1825.0005106642222
37078,1825.0005106642222
37079,1825.0005106642222
37080,1825.0005106642222
37081,1825.0005106642222
37082,1825.0005106642222
37083,1825.0005106642222
37084,1825.0005106642222
37085,1825.0005106642222
37086,1825.0005106642222
37087,1825.0005106642222
37088,1825.0005106642222
37089,1825.0005106642222
37090,1825.0005106642222
37091,1825.0005106642222
37092,1825.0005106642222
37093,1825.0005106642222
37094,1825.0005106642222
37095,1825.0005106642222
37096,1825.0005106642222
37097,1825.0005106642222
37098,1825.0005106642222
37099,1825.0005106642222
37100,1825.0005106642222
37101,1825.0005106642222
37102,1825.0005106642222
37103,1825.0005106642222
37104,1825.0005106642222
37105,1825.0005106642222
37106,1825.0005106642222
37107,1825.0005106642222
37108,1825.0005106642222
37109,1825.0005106642222
37110,1825.0005106642222
37111,1825.0005106642222
37112,1825.0005106642222
37113,1825.0005106642222
37114,1825.0005106642222
37115,1825.0005106642222
37116,1825.0005106642222
37117,1825.0005106642222
37118,1825.0005106642222
37119,1825.0005106642222
37120,1825.0005106642222
37121,1825.0005106642222
37122,1825.0005106642222
37123,1825.0005106642222
37124,1825.0005106642222
37125,1825.0005106642222
37126,1825.0005106642222
37127,1825.0005106642222
37128,1825.0005106642222
37129,1825.0005106642222
37130,1825.0005106642222
37131,1825.0005106642222
37132,1825.0005106642222
37133,1825.0005106642222
37134,1825.0005106642222
37135,1825.0005106642222
37136,1825.0005106642222
37137,1825.0005106642222
37138,1825.0005106642222
37139,1825.0005106642222
37140,1825.0005106642222
37141,1825.0005106642222
37142,1825.0005106642222
37143,1825.0005106642222
37144,1825.0005106642222
37145,1825.0005106642222
37146,1825.0005106642222
37147,1825.0005106642222
37148,1825.0005106642222
37149,1825.0005106642222
37150,1825.0005106642222
37151,1825.0005106642222
37152,1825.0005106642222
37153,1825.0005106642222
37154,1825.0005106642222
37155,1825.0005106642222
37156,1825.0005106642222
37157,1825.0005106642222
37158,1825.0005106642222
37159,1825.0005106642222
37160,1825.0005106642222
37161,1825.0005106642222
37162,1825.0005106642222
37163,1825.0005106642222
37164,1825.0005106642222
37165,1825.0005106642222
37166,1825.0005106642222
37167,1825.0005106642222
37168,1825.0005106642222
37169,1825.0005106642222
37170,1825.0005106642222
37171,1825.0005106642222
37172,1825.0005106642222
37173,1825.0005106642222
37174,1825.0005106642222
37175,1825.0005106642222
37176,1825.0005106642222
37177,1825.0005106642222
37178,1825.0005106642222
37179,1825.0005106642222
37180,1825.0005106642222
37181,1825.0005106642222
37182,1825.0005106642222
37183,1825.0005106642222
37184,1825.0005106642222
37185,1825.0005106642222
37186,1825.0005106642222
37187,1825.0005106642222
37188,1825.0005106642222
37189,1825.0005106642222
37190,1825.0005106642222
37191,1825.0005106642222
37192,1825.0005106642222
37193,1825.0005106642222
37194,1825.0005106642222
37195,1825.0005106642222
37196,1825.0005106642222
37197,1825.0005106642222
37198,1825.0005106642222
37199,1825.0005106642222
37200,1825.0005106642222
37201,1825.0005106642222
37202,1825.0005106642222
37203,1825.0005106642222
37204,1825.0005106642222
37205,1825.0005106642222
37206,1825.0005106642222
37207,1825.0005106642222
37208,1825.0005106642222
37209,1825.0005106642222
37210,1825.0005106642222
37211,1825.0005106642222
37212,1825.0005106642222
37213,1825.0005106642222
37214,1825.0005106642222
37215,1825.0005106642222
37216,1825.0005106642222
37217,1825.0005106642222
37218,1825.0005106642222
37219,1825.0005106642222
37220,1825.0005106642222
37221,1825.0005106642222
37222,1825.0005106642222
37223,1825.0005106642222
37224,1825.0005106642222
37225,1825.0005106642222
37226,1825.0005106642222
37227,1825.0005106642222
37228,1825.0005106642222
37229,1825.0005106642222
37230,1825.0005106642222
37231,1825.0005106642222
37232,1825.0005106642222
37233,1825.0005106642222
37234,1825.0005106642222
37235,1825.0005106642222
37236,1825.0005106642222
37237,1825.0005106642222
37238,1825.0005106642222
37239,1825.0005106642222
37240,1825.0005106642222
37241,1825.0005106642222
37242,1825.0005106642222
37243,1825.0005106642222
37244,1825.0005106642222
37245,1825.0005106642222
37246,1825.0005106642222
37247,1825.0005106642222
37248,1825.0005106642222
37249,1825.0005106642222
37250,1825.0005106642222
37251,1825.0005106642222
37252,1825.0005106642222
37253,1825.0005106642222
37254,1825.0005106642222
37255,1825.0005106642222
37256,1825.0005106642222
37257,1825.0005106642222
37258,1825.0005106642222
37259,1825.0005106642222
37260,1825.0005106642222
37261,1825.0005106642222
37262,1825.0005106642222
37263,1825.0005106642222
37264,1825.0005106642222
37265,1825.0005106642222
37266,1825.0005106642222
37267,1825.0005106642222
37268,1825.0005106642222
37269,1825.0005106642222
37270,1825.0005106642222
37271,1825.0005106642222
37272,1825.0005106642222
37273,1825.0005106642222
37274,1825.0005106642222
37275,1825.0005106642222
37276,1825.0005106642222
37277,1825.0005106642222
37278,1825.0005106642222
37279,1825.0005106642222
37280,1825.0005106642222
37281,1825.0005106642222
37282,1825.0005106642222
37283,1825.0005106642222
37284,1825.0005106642222
37285,1825.0005106642222
37286,1825.0005106642222
37287,1825.0005106642222
37288,1825.0005106642222
37289,1825.0005106642222
37290,1825.0005106642222
37291,1825.0005106642222
37292,1825.0005106642222
37293,1825.0005106642222
37294,1825.0005106642222
37295,1825.0005106642222
37296,1825.0005106642222
37297,1825.0005106642222
37298,1825.0005106642222
37299,1825.0005106642222
37300,1825.0005106642222
37301,1825.0005106642222
37302,1825.0005106642222
37303,1825.0005106642222
37304,1825.0005106642222
37305,1825.0005106642222
37306,1825.0005106642222
37307,1825.0005106642222
37308,1825.0005106642222
37309,1825.0005106642222
37310,1825.0005106642222
37311,1825.0005106642222
37312,1825.0005106642222
37313,1825.0005106642222
37314,1825.0005106642222
37315,1825.0005106642222
37316,1825.0005106642222
37317,1825.0005106642222
37318,1825.0005106642222
37319,1825.0005106642222
37320,1825.0005106642222
37321,1825.0005106642222
37322,1825.0005106642222
37323,1825.0005106642222
37324,1825.0005106642222
37325,1825.0005106642222
37326,1825.0005106642222
37327,1825.0005106642222
37328,1825.0005106642222
37329,1825.0005106642222
37330,1825.0005106642222
37331,1825.0005106642222
37332,1825.0005106642222
37333,1825.0005106642222
37334,1825.0005106642222
37335,1825.0005106642222
37336,1825.0005106642222
37337,1825.0005106642222
37338,1825.0005106642222
37339,1825.0005106642222
37340,1825.0005106642222
37341,1825.0005106642222
37342,1825.0005106642222
37343,1825.0005106642222
37344,1825.0005106642222
37345,1825.0005106642222
37346,1825.0005106642222
37347,1825.0005106642222
37348,1825.0005106642222
37349,1825.0005106642222
37350,1825.0005106642222
37351,1825.0005106642222
37352,1825.0005106642222
37353,1825.0005106642222
37354,1825.0005106642222
37355,1825.0005106642222
37356,1825.0005106642222
37357,1825.0005106642222
37358,1825.0005106642222
37359,1825.0005106642222
37360,1825.0005106642222
37361,1825.0005106642222
37362,1825.0005106642222
37363,1825.0005106642222
37364,1825.0005106642222
37365,1825.0005106642222
37366,1825.0005106642222
37367,1825.0005106642222
37368,1825.0005106642222
37369,1825.0005106642222
37370,1825.0005106642222
37371,1825.0005106642222
37372,1825.0005106642222
37373,1825.0005106642222
37374,1825.0005106642222
37375,1825.0005106642222
37376,1825.0005106642222
37377,1825.0005106642222
37378,1825.0005106642222
37379,1825.0005106642222
37380,1825.0005106642222
37381,1825.0005106642222
37382,1825.0005106642222
37383,1825.0005106642222
37384,1825.0005106642222
37385,1825.0005106642222
37386,1825.0005106642222
37387,1825.0005106642222
37388,1825.0005106642222
37389,1825.0005106642222
37390,1825.0005106642222
37391,1825.0005106642222
37392,1825.0005106642222
37393,1825.0005106642222
37394,1825.0005106642222
37395,1825.0005106642222
37396,1825.0005106642222
37397,1825.0005106642222
37398,1825.0005106642222
37399,1825.0005106642222
37400,1825.0005106642222
37401,1825.0005106642222
37402,1825.0005106642222
37403,1825.0005106642222
37404,1825.0005106642222
37405,1825.0005106642222
37406,1825.0005106642222
37407,1825.0005106642222
37408,1825.0005106642222
37409,1825.0005106642222
37410,1825.0005106642222
37411,1825.0005106642222
37412,1825.0005106642222
37413,1825.0005106642222
37414,1825.0005106642222
37415,1825.0005106642222
37416,1825.0005106642222
37417,1825.0005106642222
37418,1825.0005106642222
37419,1825.0005106642222
37420,1825.0005106642222
37421,1825.0005106642222
37422,1825.0005106642222
37423,1825.0005106642222
37424,1825.0005106642222
37425,1825.0005106642222
37426,1825.0005106642222
37427,1825.0005106642222
37428,1825.0005106642222
37429,1825.0005106642222
37430,1825.0005106642222
37431,1825.0005106642222
37432,1825.0005106642222
37433,1825.0005106642222
37434,1825.0005106642222
37435,1825.0005106642222
37436,1825.0005106642222
37437,1825.0005106642222
37438,1825.0005106642222
37439,1825.0005106642222
37440,1825.0005106642222
37441,1825.0005106642222
37442,1825.0005106642222
37443,1825.0005106642222
37444,1825.0005106642222
37445,1825.0005106642222
37446,1825.0005106642222
37447,1825.0005106642222
37448,1825.0005106642222
37449,1825.0005106642222
37450,1825.0005106642222
37451,1825.0005106642222
37452,1825.0005106642222
37453,1825.0005106642222
37454,1825.0005106642222
37455,1825.0005106642222
37456,1825.0005106642222
37457,1825.0005106642222
37458,1825.0005106642222
37459,1825.0005106642222
37460,1825.0005106642222
37461,1825.0005106642222
37462,1825.0005106642222
37463,1825.0005106642222
37464,1825.0005106642222
37465,1825.0005106642222
37466,1825.0005106642222
37467,1825.0005106642222
37468,1825.0005106642222
37469,1825.0005106642222
37470,1825.0005106642222
37471,1825.0005106642222
37472,1825.0005106642222
37473,1825.0005106642222
37474,1825.0005106642222
37475,1825.0005106642222
37476,1825.0005106642222
37477,1825.0005106642222
37478,1825.0005106642222
37479,1825.0005106642222
37480,1825.0005106642222
37481,1825.0005106642222
37482,1825.0005106642222
37483,1825.0005106642222
37484,1825.0005106642222
37485,1825.0005106642222
37486,1825.0005106642222
37487,1825.0005106642222
37488,1825.0005106642222
37489,1825.0005106642222
37490,1825.0005106642222
37491,1825.0005106642222
37492,1825.0005106642222
37493,1825.0005106642222
37494,1825.0005106642222
37495,1825.0005106642222
37496,1825.0005106642222
37497,1825.0005106642222
37498,1825.0005106642222
37499,1825.0005106642222
37500,1825.0005106642222
37501,1825.0005106642222
37502,1825.0005106642222
37503,1825.0005106642222
37504,1825.0005106642222
37505,1825.0005106642222
37506,1825.0005106642222
37507,1825.0005106642222
37508,1825.0005106642222
37509,1825.0005106642222
37510,1825.0005106642222
37511,1825.0005106642222
37512,1825.0005106642222
37513,1825.0005106642222
37514,1825.0005106642222
37515,1825.0005106642222
37516,1825.0005106642222
37517,1825.0005106642222
37518,1825.0005106642222
37519,1825.0005106642222
37520,1825.0005106642222
37521,1825.0005106642222
37522,1825.0005106642222
37523,1825.0005106642222
37524,1825.0005106642222
37525,1825.0005106642222
37526,1825.0005106642222
37527,1825.0005106642222
37528,1825.0005106642222
37529,1825.0005106642222
37530,1825.0005106642222
37531,1825.0005106642222
37532,1825.0005106642222
37533,1825.0005106642222
37534,1825.0005106642222
37535,1825.0005106642222
37536,1825.0005106642222
37537,1825.0005106642222
37538,1825.0005106642222
37539,1825.0005106642222
37540,1825.0005106642222
37541,1825.0005106642222
37542,1825.0005106642222
37543,1825.0005106642222
37544,1825.0005106642222
37545,1825.0005106642222
37546,1825.0005106642222
37547,1825.0005106642222
37548,1825.0005106642222
37549,1825.0005106642222
37550,1825.0005106642222
37551,1825.0005106642222
37552,1825.0005106642222
37553,1825.0005106642222
37554,1825.0005106642222
37555,1825.0005106642222
37556,1825.0005106642222
37557,1825.0005106642222
37558,1825.0005106642222
37559,1825.0005106642222
37560,1825.0005106642222
37561,1825.0005106642222
37562,1825.0005106642222
37563,1825.0005106642222
37564,1825.0005106642222
37565,1825.0005106642222
37566,1825.0005106642222
37567,1825.0005106642222
37568,1825.0005106642222
37569,1825.0005106642222
37570,1825.0005106642222
37571,1825.0005106642222
37572,1825.0005106642222
37573,1825.0005106642222
37574,1825.0005106642222
37575,1825.0005106642222
37576,1825.0005106642222
37577,1825.0005106642222
37578,1825.0005106642222
37579,1825.0005106642222
37580,1825.0005106642222
37581,1825.0005106642222
37582,1825.0005106642222
37583,1825.0005106642222
37584,1825.0005106642222
37585,1825.0005106642222
37586,1825.0005106642222
37587,1825.0005106642222
37588,1825.0005106642222
37589,1825.0005106642222
37590,1825.0005106642222
37591,1825.0005106642222
37592,1825.0005106642222
37593,1825.0005106642222
37594,1825.0005106642222
37595,1825.0005106642222
37596,1825.0005106642222
37597,1825.0005106642222
37598,1825.0005106642222
37599,1825.0005106642222
37600,1825.0005106642222
37601,1825.0005106642222
37602,1825.0005106642222
37603,1825.0005106642222
37604,1825.0005106642222
37605,1825.0005106642222
37606,1825.0005106642222
37607,1825.0005106642222
37608,1825.0005106642222
37609,1825.0005106642222
37610,1825.0005106642222
37611,1825.0005106642222
37612,1825.0005106642222
37613,1825.0005106642222
37614,1825.0005106642222
37615,1825.0005106642222
37616,1825.0005106642222
37617,1825.0005106642222
37618,1825.0005106642222
37619,1825.0005106642222
37620,1825.0005106642222
37621,1825.0005106642222
37622,1825.0005106642222
37623,1825.0005106642222
37624,1825.0005106642222
37625,1825.0005106642222
37626,1825.0005106642222
37627,1825.0005106642222
37628,1825.0005106642222
37629,1825.0005106642222
37630,1825.0005106642222
37631,1825.0005106642222
37632,1825.0005106642222
37633,1825.0005106642222
37634,1825.0005106642222
37635,1825.0005106642222
37636,1825.0005106642222
37637,1825.0005106642222
37638,1825.0005106642222
37639,1825.0005106642222
37640,1825.0005106642222
37641,1825.0005106642222
37642,1825.0005106642222
37643,1825.0005106642222
37644,1825.0005106642222
37645,1825.0005106642222
37646,1825.0005106642222
37647,1825.0005106642222
37648,1825.0005106642222
37649,1825.0005106642222
37650,1825.0005106642222
37651,1825.0005106642222
37652,1825.0005106642222
37653,1825.0005106642222
37654,1825.0005106642222
37655,1825.0005106642222
37656,1825.0005106642222
37657,1825.0005106642222
37658,1825.0005106642222
37659,1825.0005106642222
37660,1825.0005106642222
37661,1825.0005106642222
37662,1825.0005106642222
37663,1825.0005106642222
37664,1825.0005106642222
37665,1825.0005106642222
37666,1825.0005106642222
37667,1825.0005106642222
37668,1825.0005106642222
37669,1825.0005106642222
37670,1825.0005106642222
37671,1825.0005106642222
37672,1825.0005106642222
37673,1825.0005106642222
37674,1825.0005106642222
37675,1825.0005106642222
37676,1825.0005106642222
37677,1825.0005106642222
37678,1825.0005106642222
37679,1825.0005106642222
37680,1825.0005106642222
37681,1825.0005106642222
37682,1825.0005106642222
37683,1825.0005106642222
37684,1825.0005106642222
37685,1825.0005106642222
37686,1825.0005106642222
37687,1825.0005106642222
37688,1825.0005106642222
37689,1825.0005106642222
37690,1825.0005106642222
37691,1825.0005106642222
37692,1825.0005106642222
37693,1825.0005106642222
37694,1825.0005106642222
37695,1825.0005106642222
37696,1825.0005106642222
37697,1825.0005106642222
37698,1825.0005106642222
37699,1825.0005106642222
37700,1825.0005106642222
37701,1825.0005106642222
37702,1825.0005106642222
37703,1825.0005106642222
37704,1825.0005106642222
37705,1825.0005106642222
37706,1825.0005106642222
37707,1825.0005106642222
37708,1825.0005106642222
37709,1825.0005106642222
37710,1825.0005106642222
37711,1825.0005106642222
37712,1825.0005106642222
37713,1825.0005106642222
37714,1825.0005106642222
37715,1825.0005106642222
37716,1825.0005106642222
37717,1825.0005106642222
37718,1825.0005106642222
37719,1825.0005106642222
37720,1825.0005106642222
37721,1825.0005106642222
37722,1825.0005106642222
37723,1825.0005106642222
37724,1825.0005106642222
37725,1825.0005106642222
37726,1825.0005106642222
37727,1825.0005106642222
37728,1825.0005106642222
37729,1825.0005106642222
37730,1825.0005106642222
37731,1825.0005106642222
37732,1825.0005106642222
37733,1825.0005106642222
37734,1825.0005106642222
37735,1825.0005106642222
37736,1825.0005106642222
37737,1825.0005106642222
37738,1825.0005106642222
37739,1825.0005106642222
37740,1825.0005106642222
37741,1825.0005106642222
37742,1825.0005106642222
37743,1825.0005106642222
37744,1825.0005106642222
37745,1825.0005106642222
37746,1825.0005106642222
37747,1825.0005106642222
37748,1825.0005106642222
37749,1825.0005106642222
37750,1825.0005106642222
37751,1825.0005106642222
37752,1825.0005106642222
37753,1825.0005106642222
37754,1825.0005106642222
37755,1825.0005106642222
37756,1825.0005106642222
37757,1825.0005106642222
37758,1825.0005106642222
37759,1825.0005106642222
37760,1825.0005106642222
37761,1825.0005106642222
37762,1825.0005106642222
37763,1825.0005106642222
37764,1825.0005106642222
37765,1825.0005106642222
37766,1825.0005106642222
37767,1825.0005106642222
37768,1825.0005106642222
37769,1825.0005106642222
37770,1825.0005106642222
37771,1825.0005106642222
37772,1825.0005106642222
37773,1825.0005106642222
37774,1825.0005106642222
37775,1825.0005106642222
37776,1825.0005106642222
37777,1825.0005106642222
37778,1825.0005106642222
37779,1825.0005106642222
37780,1825.0005106642222
37781,1825.0005106642222
37782,1825.0005106642222
37783,1825.0005106642222
37784,1825.0005106642222
37785,1825.0005106642222
37786,1825.0005106642222
37787,1825.0005106642222
37788,1825.0005106642222
37789,1825.0005106642222
37790,1825.0005106642222
37791,1825.0005106642222
37792,1825.0005106642222
37793,1825.0005106642222
37794,1825.0005106642222
37795,1825.0005106642222
37796,1825.0005106642222
37797,1825.0005106642222
37798,1825.0005106642222
37799,1825.0005106642222
37800,1825.0005106642222
37801,1825.0005106642222
37802,1825.0005106642222
37803,1825.0005106642222
37804,1825.0005106642222
37805,1825.0005106642222
37806,1825.0005106642222
37807,1825.0005106642222
37808,1825.0005106642222
37809,1825.0005106642222
37810,1825.0005106642222
37811,1825.0005106642222
37812,1825.0005106642222
37813,1825.0005106642222
37814,1825.0005106642222
37815,1825.0005106642222
37816,1825.0005106642222
37817,1825.0005106642222
37818,1825.0005106642222
37819,1825.0005106642222
37820,1825.0005106642222
37821,1825.0005106642222
37822,1825.0005106642222
37823,1825.0005106642222
37824,1825.0005106642222
37825,1825.0005106642222
37826,1825.0005106642222
37827,1825.0005106642222
37828,1825.0005106642222
37829,1825.0005106642222
37830,1825.0005106642222
37831,1825.0005106642222
37832,1825.0005106642222
37833,1825.0005106642222
37834,1825.0005106642222
37835,1825.0005106642222
37836,1825.0005106642222
37837,1825.0005106642222
37838,1825.0005106642222
37839,1825.0005106642222
37840,1825.0005106642222
37841,1825.0005106642222
37842,1825.0005106642222
37843,1825.0005106642222
37844,1825.0005106642222
37845,1825.0005106642222
37846,1825.0005106642222
37847,1825.0005106642222
37848,1825.0005106642222
37849,1825.0005106642222
37850,1825.0005106642222
37851,1825.0005106642222
37852,1825.0005106642222
37853,1825.0005106642222
37854,1825.0005106642222
37855,1825.0005106642222
37856,1825.0005106642222
37857,1825.0005106642222
37858,1825.0005106642222
37859,1825.0005106642222
37860,1825.0005106642222
37861,1825.0005106642222
37862,1825.0005106642222
37863,1825.0005106642222
37864,1825.0005106642222
37865,1825.0005106642222
37866,1825.0005106642222
37867,1825.0005106642222
37868,1825.0005106642222
37869,1825.0005106642222
37870,1825.0005106642222
37871,1825.0005106642222
37872,1825.0005106642222
37873,1825.0005106642222
37874,1825.0005106642222
37875,1825.0005106642222
37876,1825.0005106642222
37877,1825.0005106642222
37878,1825.0005106642222
37879,1825.0005106642222
37880,1825.0005106642222
37881,1825.0005106642222
37882,1825.0005106642222
37883,1825.0005106642222
37884,1825.0005106642222
37885,1825.0005106642222
37886,1825.0005106642222
37887,1825.0005106642222
37888,1825.0005106642222
37889,1825.0005106642222
37890,1825.0005106642222
37891,1825.0005106642222
37892,1825.0005106642222
37893,1825.0005106642222
37894,1825.0005106642222
37895,1825.0005106642222
37896,1825.0005106642222
37897,1825.0005106642222
37898,1825.0005106642222
37899,1825.0005106642222
37900,1825.0005106642222
37901,1825.0005106642222
37902,1825.0005106642222
37903,1825.0005106642222
37904,1825.0005106642222
37905,1825.0005106642222
37906,1825.0005106642222
37907,1825.0005106642222
37908,1825.0005106642222
37909,1825.0005106642222
37910,1825.0005106642222
37911,1825.0005106642222
37912,1825.0005106642222
37913,1825.0005106642222
37914,1825.0005106642222
37915,1825.0005106642222
37916,1825.0005106642222
37917,1825.0005106642222
37918,1825.0005106642222
37919,1825.0005106642222
37920,1825.0005106642222
37921,1825.0005106642222
37922,1825.0005106642222
37923,1825.0005106642222
37924,1825.0005106642222
37925,1825.0005106642222
37926,1825.0005106642222
37927,1825.0005106642222
37928,1825.0005106642222
37929,1825.0005106642222
37930,1825.0005106642222
37931,1825.0005106642222
37932,1825.0005106642222
37933,1825.0005106642222
37934,1825.0005106642222
37935,1825.0005106642222
37936,1825.0005106642222
37937,1825.0005106642222
37938,1825.0005106642222
37939,1825.0005106642222
37940,1825.0005106642222
37941,1825.0005106642222
37942,1825.0005106642222
37943,1825.0005106642222
37944,1825.0005106642222
37945,1825.0005106642222
37946,1825.0005106642222
37947,1825.0005106642222
37948,1825.0005106642222
37949,1825.0005106642222
37950,1825.0005106642222
37951,1825.0005106642222
37952,1825.0005106642222
37953,1825.0005106642222
37954,1825.0005106642222
37955,1825.0005106642222
37956,1825.0005106642222
37957,1825.0005106642222
37958,1825.0005106642222
37959,1825.0005106642222
37960,1825.0005106642222
37961,1825.0005106642222
37962,1825.0005106642222
37963,1825.0005106642222
37964,1825.0005106642222
37965,1825.0005106642222
37966,1825.0005106642222
37967,1825.0005106642222
37968,1825.0005106642222
37969,1825.0005106642222
37970,1825.0005106642222
37971,1825.0005106642222
37972,1825.0005106642222
37973,1825.0005106642222
37974,1825.0005106642222
37975,1825.0005106642222
37976,1825.0005106642222
37977,1825.0005106642222
37978,1825.0005106642222
37979,1825.0005106642222
37980,1825.0005106642222
37981,1825.0005106642222
37982,1825.0005106642222
37983,1825.0005106642222
37984,1825.0005106642222
37985,1825.0005106642222
37986,1825.0005106642222
37987,1825.0005106642222
37988,1825.0005106642222
37989,1825.0005106642222
37990,1825.0005106642222
37991,1825.0005106642222
37992,1825.0005106642222
37993,1825.0005106642222
37994,1825.0005106642222
37995,1825.0005106642222
37996,1825.0005106642222
37997,1825.0005106642222
37998,1825.0005106642222
37999,1825.0005106642222
38000,1825.0005106642222
38001,1825.0005106642222
38002,1825.0005106642222
38003,1825.0005106642222
38004,1825.0005106642222
38005,1825.0005106642222
38006,1825.0005106642222
38007,1825.0005106642222
38008,1825.0005106642222
38009,1825.0005106642222
38010,1825.0005106642222
38011,1825.0005106642222
38012,1825.0005106642222
38013,1825.0005106642222
38014,1825.0005106642222
38015,1825.0005106642222
38016,1825.0005106642222
38017,1825.0005106642222
38018,1825.0005106642222
38019,1825.0005106642222
38020,1825.0005106642222
38021,1825.0005106642222
38022,1825.0005106642222
38023,1825.0005106642222
38024,1825.0005106642222
38025,1825.0005106642222
38026,1825.0005106642222
38027,1825.0005106642222
38028,1825.0005106642222
38029,1825.0005106642222
38030,1825.0005106642222
38031,1825.0005106642222
38032,1825.0005106642222
38033,1825.0005106642222
38034,1825.0005106642222
38035,1825.0005106642222
38036,1825.0005106642222
38037,1825.0005106642222
38038,1825.0005106642222
38039,1825.0005106642222
38040,1825.0005106642222
38041,1825.0005106642222
38042,1825.0005106642222
38043,1825.0005106642222
38044,1825.0005106642222
38045,1825.0005106642222
38046,1825.0005106642222
38047,1825.0005106642222
38048,1825.0005106642222
38049,1825.0005106642222
38050,1825.0005106642222
38051,1825.0005106642222
38052,1825.0005106642222
38053,1825.0005106642222
38054,1825.0005106642222
38055,1825.0005106642222
38056,1825.0005106642222
38057,1825.0005106642222
38058,1825.0005106642222
38059,1825.0005106642222
38060,1825.0005106642222
38061,1825.0005106642222
38062,1825.0005106642222
38063,1825.0005106642222
38064,1825.0005106642222
38065,1825.0005106642222
38066,1825.0005106642222
38067,1825.0005106642222
38068,1825.0005106642222
38069,1825.0005106642222
38070,1825.0005106642222
38071,1825.0005106642222
38072,1825.0005106642222
38073,1825.0005106642222
38074,1825.0005106642222
38075,1825.0005106642222
38076,1825.0005106642222
38077,1825.0005106642222
38078,1825.0005106642222
38079,1825.0005106642222
38080,1825.0005106642222
38081,1825.0005106642222
38082,1825.0005106642222
38083,1825.0005106642222
38084,1825.0005106642222
38085,1825.0005106642222
38086,1825.0005106642222
38087,1825.0005106642222
38088,1825.0005106642222
38089,1825.0005106642222
38090,1825.0005106642222
38091,1825.0005106642222
38092,1825.0005106642222
38093,1825.0005106642222
38094,1825.0005106642222
38095,1825.0005106642222
38096,1825.0005106642222
38097,1825.0005106642222
38098,1825.0005106642222
38099,1825.0005106642222
38100,1825.0005106642222
38101,1825.0005106642222
38102,1825.0005106642222
38103,1825.0005106642222
38104,1825.0005106642222
38105,1825.0005106642222
38106,1825.0005106642222
38107,1825.0005106642222
38108,1825.0005106642222
38109,1825.0005106642222
38110,1825.0005106642222
38111,1825.0005106642222
38112,1825.0005106642222
38113,1825.0005106642222
38114,1825.0005106642222
38115,1825.0005106642222
38116,1825.0005106642222
38117,1825.0005106642222
38118,1825.0005106642222
38119,1825.0005106642222
38120,1825.0005106642222
38121,1825.0005106642222
38122,1825.0005106642222
38123,1825.0005106642222
38124,1825.0005106642222
38125,1825.0005106642222
38126,1825.0005106642222
38127,1825.0005106642222
38128,1825.0005106642222
38129,1825.0005106642222
38130,1825.0005106642222
38131,1825.0005106642222
38132,1825.0005106642222
38133,1825.0005106642222
38134,1825.0005106642222
38135,1825.0005106642222
38136,1825.0005106642222
38137,1825.0005106642222
38138,1825.0005106642222
38139,1825.0005106642222
38140,1825.0005106642222
38141,1825.0005106642222
38142,1825.0005106642222
38143,1825.0005106642222
38144,1825.0005106642222
38145,1825.0005106642222
38146,1825.0005106642222
38147,1825.0005106642222
38148,1825.0005106642222
38149,1825.0005106642222
38150,1825.0005106642222
38151,1825.0005106642222
38152,1825.0005106642222
38153,1825.0005106642222
38154,1825.0005106642222
38155,1825.0005106642222
38156,1825.0005106642222
38157,1825.0005106642222
38158,1825.0005106642222
38159,1825.0005106642222
38160,1825.0005106642222
38161,1825.0005106642222
38162,1825.0005106642222
38163,1825.0005106642222
38164,1825.0005106642222
38165,1825.0005106642222
38166,1825.0005106642222
38167,1825.0005106642222
38168,1825.0005106642222
38169,1825.0005106642222
38170,1825.0005106642222
38171,1825.0005106642222
38172,1825.0005106642222
38173,1825.0005106642222
38174,1825.0005106642222
38175,1825.0005106642222
38176,1825.0005106642222
38177,1825.0005106642222
38178,1825.0005106642222
38179,1825.0005106642222
38180,1825.0005106642222
38181,1825.0005106642222
38182,1825.0005106642222
38183,1825.0005106642222
38184,1825.0005106642222
38185,1825.0005106642222
38186,1825.0005106642222
38187,1825.0005106642222
38188,1825.0005106642222
38189,1825.0005106642222
38190,1825.0005106642222
38191,1825.0005106642222
38192,1825.0005106642222
38193,1825.0005106642222
38194,1825.0005106642222
38195,1825.0005106642222
38196,1825.0005106642222
38197,1825.0005106642222
38198,1825.0005106642222
38199,1825.0005106642222
38200,1825.0005106642222
38201,1825.0005106642222
38202,1825.0005106642222
38203,1825.0005106642222
38204,1825.0005106642222
38205,1825.0005106642222
38206,1825.0005106642222
38207,1825.0005106642222
38208,1825.0005106642222
38209,1825.0005106642222
38210,1825.0005106642222
38211,1825.0005106642222
38212,1825.0005106642222
38213,1825.0005106642222
38214,1825.0005106642222
38215,1825.0005106642222
38216,1825.0005106642222
38217,1825.0005106642222
38218,1825.0005106642222
38219,1825.0005106642222
38220,1825.0005106642222
38221,1825.0005106642222
38222,1825.0005106642222
38223,1825.0005106642222
38224,1825.0005106642222
38225,1825.0005106642222
38226,1825.0005106642222
38227,1825.0005106642222
38228,1825.0005106642222
38229,1825.0005106642222
38230,1825.0005106642222
38231,1825.0005106642222
38232,1825.0005106642222
38233,1825.0005106642222
38234,1825.0005106642222
38235,1825.0005106642222
38236,1825.0005106642222
38237,1825.0005106642222
38238,1825.0005106642222
38239,1825.0005106642222
38240,1825.0005106642222
38241,1825.0005106642222
38242,1825.0005106642222
38243,1825.0005106642222
38244,1825.0005106642222
38245,1825.0005106642222
38246,1825.0005106642222
38247,1825.0005106642222
38248,1825.0005106642222
38249,1825.0005106642222
38250,1825.0005106642222
38251,1825.0005106642222
38252,1825.0005106642222
38253,1825.0005106642222
38254,1825.0005106642222
38255,1825.0005106642222
38256,1825.0005106642222
38257,1825.0005106642222
38258,1825.0005106642222
38259,1825.0005106642222
38260,1825.0005106642222
38261,1825.0005106642222
38262,1825.0005106642222
38263,1825.0005106642222
38264,1825.0005106642222
38265,1825.0005106642222
38266,1825.0005106642222
38267,1825.0005106642222
38268,1825.0005106642222
38269,1825.0005106642222
38270,1825.0005106642222
38271,1825.0005106642222
38272,1825.0005106642222
38273,1825.0005106642222
38274,1825.0005106642222
38275,1825.0005106642222
38276,1825.0005106642222
38277,1825.0005106642222
38278,1825.0005106642222
38279,1825.0005106642222
38280,1825.0005106642222
38281,1825.0005106642222
38282,1825.0005106642222
38283,1825.0005106642222
38284,1825.0005106642222
38285,1825.0005106642222
38286,1825.0005106642222
38287,1825.0005106642222
38288,1825.0005106642222
38289,1825.0005106642222
38290,1825.0005106642222
38291,1825.0005106642222
38292,1825.0005106642222
38293,1825.0005106642222
38294,1825.0005106642222
38295,1825.0005106642222
38296,1825.0005106642222
38297,1825.0005106642222
38298,1825.0005106642222
38299,1825.0005106642222
38300,1825.0005106642222
38301,1825.0005106642222
38302,1825.0005106642222
38303,1825.0005106642222
38304,1825.0005106642222
38305,1825.0005106642222
38306,1825.0005106642222
38307,1825.0005106642222
38308,1825.0005106642222
38309,1825.0005106642222
38310,1825.0005106642222
38311,1825.0005106642222
38312,1825.0005106642222
38313,1825.0005106642222
38314,1825.0005106642222
38315,1825.0005106642222
38316,1825.0005106642222
38317,1825.0005106642222
38318,1825.0005106642222
38319,1825.0005106642222
38320,1825.0005106642222
38321,1825.0005106642222
38322,1825.0005106642222
38323,1825.0005106642222
38324,1825.0005106642222
38325,1825.0005106642222
38326,1825.0005106642222
38327,1825.0005106642222
38328,1825.0005106642222
38329,1825.0005106642222
38330,1825.0005106642222
38331,1825.0005106642222
38332,1825.0005106642222
38333,1825.0005106642222
38334,1825.0005106642222
38335,1825.0005106642222
38336,1825.0005106642222
38337,1825.0005106642222
38338,1825.0005106642222
38339,1825.0005106642222
38340,1825.0005106642222
38341,1825.0005106642222
38342,1825.0005106642222
38343,1825.0005106642222
38344,1825.0005106642222
38345,1825.0005106642222
38346,1825.0005106642222
38347,1825.0005106642222
38348,1825.0005106642222
38349,1825.0005106642222
38350,1825.0005106642222
38351,1825.0005106642222
38352,1825.0005106642222
38353,1825.0005106642222
38354,1825.0005106642222
38355,1825.0005106642222
38356,1825.0005106642222
38357,1825.0005106642222
38358,1825.0005106642222
38359,1825.0005106642222
38360,1825.0005106642222
38361,1825.0005106642222
38362,1825.0005106642222
38363,1825.0005106642222
38364,1825.0005106642222
38365,1825.0005106642222
38366,1825.0005106642222
38367,1825.0005106642222
38368,1825.0005106642222
38369,1825.0005106642222
38370,1825.0005106642222
38371,1825.0005106642222
38372,1825.0005106642222
38373,1825.0005106642222
38374,1825.0005106642222
38375,1825.0005106642222
38376,1825.0005106642222
38377,1825.0005106642222
38378,1825.0005106642222
38379,1825.0005106642222
38380,1825.0005106642222
38381,1825.0005106642222
38382,1825.0005106642222
38383,1825.0005106642222
38384,1825.0005106642222
38385,1825.0005106642222
38386,1825.0005106642222
38387,1825.0005106642222
38388,1825.0005106642222
38389,1825.0005106642222
38390,1825.0005106642222
38391,1825.0005106642222
38392,1825.0005106642222
38393,1825.0005106642222
38394,1825.0005106642222
38395,1825.0005106642222
38396,1825.0005106642222
38397,1825.0005106642222
38398,1825.0005106642222
38399,1825.0005106642222
38400,1825.0005106642222
38401,1825.0005106642222
38402,1825.0005106642222
38403,1825.0005106642222
38404,1825.0005106642222
38405,1825.0005106642222
38406,1825.0005106642222
38407,1825.0005106642222
38408,1825.0005106642222
38409,1825.0005106642222
38410,1825.0005106642222
38411,1825.0005106642222
38412,1825.0005106642222
38413,1825.0005106642222
38414,1825.0005106642222
38415,1825.0005106642222
38416,1825.0005106642222
38417,1825.0005106642222
38418,1825.0005106642222
38419,1825.0005106642222
38420,1825.0005106642222
38421,1825.0005106642222
38422,1825.0005106642222
38423,1825.0005106642222
38424,1825.0005106642222
38425,1825.0005106642222
38426,1825.0005106642222
38427,1825.0005106642222
38428,1825.0005106642222
38429,1825.0005106642222
38430,1825.0005106642222
38431,1825.0005106642222
38432,1825.0005106642222
38433,1825.0005106642222
38434,1825.0005106642222
38435,1825.0005106642222
38436,1825.0005106642222
38437,1825.0005106642222
38438,1825.0005106642222
38439,1825.0005106642222
38440,1825.0005106642222
38441,1825.0005106642222
38442,1825.0005106642222
38443,1825.0005106642222
38444,1825.0005106642222
38445,1825.0005106642222
38446,1825.0005106642222
38447,1825.0005106642222
38448,1825.0005106642222
38449,1825.0005106642222
38450,1825.0005106642222
38451,1825.0005106642222
38452,1825.0005106642222
38453,1825.0005106642222
38454,1825.0005106642222
38455,1825.0005106642222
38456,1825.0005106642222
38457,1825.0005106642222
38458,1825.0005106642222
38459,1825.0005106642222
38460,1825.0005106642222
38461,1825.0005106642222
38462,1825.0005106642222
38463,1825.0005106642222
38464,1825.0005106642222
38465,1825.0005106642222
38466,1825.0005106642222
38467,1825.0005106642222
38468,1825.0005106642222
38469,1825.0005106642222
38470,1825.0005106642222
38471,1825.0005106642222
38472,1825.0005106642222
38473,1825.0005106642222
38474,1825.0005106642222
38475,1825.0005106642222
38476,1825.0005106642222
38477,1825.0005106642222
38478,1825.0005106642222
38479,1825.0005106642222
38480,1825.0005106642222
38481,1825.0005106642222
38482,1825.0005106642222
38483,1825.0005106642222
38484,1825.0005106642222
38485,1825.0005106642222
38486,1825.0005106642222
38487,1825.0005106642222
38488,1825.0005106642222
38489,1825.0005106642222
38490,1825.0005106642222
38491,1825.0005106642222
38492,1825.0005106642222
38493,1825.0005106642222
38494,1825.0005106642222
38495,1825.0005106642222
38496,1825.0005106642222
38497,1825.0005106642222
38498,1825.0005106642222
38499,1825.0005106642222
38500,1825.0005106642222
38501,1825.0005106642222
38502,1825.0005106642222
38503,1825.0005106642222
38504,1825.0005106642222
38505,1825.0005106642222
38506,1825.0005106642222
38507,1825.0005106642222
38508,1825.0005106642222
38509,1825.0005106642222
38510,1825.0005106642222
38511,1825.0005106642222
38512,1825.0005106642222
38513,1825.0005106642222
38514,1825.0005106642222
38515,1825.0005106642222
38516,1825.0005106642222
38517,1825.0005106642222
38518,1825.0005106642222
38519,1825.0005106642222
38520,1825.0005106642222
38521,1825.0005106642222
38522,1825.0005106642222
38523,1825.0005106642222
38524,1825.0005106642222
38525,1825.0005106642222
38526,1825.0005106642222
38527,1825.0005106642222
38528,1825.0005106642222
38529,1825.0005106642222
38530,1825.0005106642222
38531,1825.0005106642222
38532,1825.0005106642222
38533,1825.0005106642222
38534,1825.0005106642222
38535,1825.0005106642222
38536,1825.0005106642222
38537,1825.0005106642222
38538,1825.0005106642222
38539,1825.0005106642222
38540,1825.0005106642222
38541,1825.0005106642222
38542,1825.0005106642222
38543,1825.0005106642222
38544,1825.0005106642222
38545,1825.0005106642222
38546,1825.0005106642222
38547,1825.0005106642222
38548,1825.0005106642222
38549,1825.0005106642222
38550,1825.0005106642222
38551,1825.0005106642222
38552,1825.0005106642222
38553,1825.0005106642222
38554,1825.0005106642222
38555,1825.0005106642222
38556,1825.0005106642222
38557,1825.0005106642222
38558,1825.0005106642222
38559,1825.0005106642222
38560,1825.0005106642222
38561,1825.0005106642222
38562,1825.0005106642222
38563,1825.0005106642222
38564,1825.0005106642222
38565,1825.0005106642222
38566,1825.0005106642222
38567,1825.0005106642222
38568,1825.0005106642222
38569,1825.0005106642222
38570,1825.0005106642222
38571,1825.0005106642222
38572,1825.0005106642222
38573,1825.0005106642222
38574,1825.0005106642222
38575,1825.0005106642222
38576,1825.0005106642222
38577,1825.0005106642222
38578,1825.0005106642222
38579,1825.0005106642222
38580,1825.0005106642222
38581,1825.0005106642222
38582,1825.0005106642222
38583,1825.0005106642222
38584,1825.0005106642222
38585,1825.0005106642222
38586,1825.0005106642222
38587,1825.0005106642222
38588,1825.0005106642222
38589,1825.0005106642222
38590,1825.0005106642222
38591,1825.0005106642222
38592,1825.0005106642222
38593,1825.0005106642222
38594,1825.0005106642222
38595,1825.0005106642222
38596,1825.0005106642222
38597,1825.0005106642222
38598,1825.0005106642222
38599,1825.0005106642222
38600,1825.0005106642222
38601,1825.0005106642222
38602,1825.0005106642222
38603,1825.0005106642222
38604,1825.0005106642222
38605,1825.0005106642222
38606,1825.0005106642222
38607,1825.0005106642222
38608,1825.0005106642222
38609,1825.0005106642222
38610,1825.0005106642222
38611,1825.0005106642222
38612,1825.0005106642222
38613,1825.0005106642222
38614,1825.0005106642222
38615,1825.0005106642222
38616,1825.0005106642222
38617,1825.0005106642222
38618,1825.0005106642222
38619,1825.0005106642222
38620,1825.0005106642222
38621,1825.0005106642222
38622,1825.0005106642222
38623,1825.0005106642222
38624,1825.0005106642222
38625,1825.0005106642222
38626,1825.0005106642222
38627,1825.0005106642222
38628,1825.0005106642222
38629,1825.0005106642222
38630,1825.0005106642222
38631,1825.0005106642222
38632,1825.0005106642222
38633,1825.0005106642222
38634,1825.0005106642222
38635,1825.0005106642222
38636,1825.0005106642222
38637,1825.0005106642222
38638,1825.0005106642222
38639,1825.0005106642222
38640,1825.0005106642222
38641,1825.0005106642222
38642,1825.0005106642222
38643,1825.0005106642222
38644,1825.0005106642222
38645,1825.0005106642222
38646,1825.0005106642222
38647,1825.0005106642222
38648,1825.0005106642222
38649,1825.0005106642222
38650,1825.0005106642222
38651,1825.0005106642222
38652,1825.0005106642222
38653,1825.0005106642222
38654,1825.0005106642222
38655,1825.0005106642222
38656,1825.0005106642222
38657,1825.0005106642222
38658,1825.0005106642222
38659,1825.0005106642222
38660,1825.0005106642222
38661,1825.0005106642222
38662,1825.0005106642222
38663,1825.0005106642222
38664,1825.0005106642222
38665,1825.0005106642222
38666,1825.0005106642222
38667,1825.0005106642222
38668,1825.0005106642222
38669,1825.0005106642222
38670,1825.0005106642222
38671,1825.0005106642222
38672,1825.0005106642222
38673,1825.0005106642222
38674,1825.0005106642222
38675,1825.0005106642222
38676,1825.0005106642222
38677,1825.0005106642222
38678,1825.0005106642222
38679,1825.0005106642222
38680,1825.0005106642222
38681,1825.0005106642222
38682,1825.0005106642222
38683,1825.0005106642222
38684,1825.0005106642222
38685,1825.0005106642222
38686,1825.0005106642222
38687,1825.0005106642222
38688,1825.0005106642222
38689,1825.0005106642222
38690,1825.0005106642222
38691,1825.0005106642222
38692,1825.0005106642222
38693,1825.0005106642222
38694,1825.0005106642222
38695,1825.0005106642222
38696,1825.0005106642222
38697,1825.0005106642222
38698,1825.0005106642222
38699,1825.0005106642222
38700,1825.0005106642222
38701,1825.0005106642222
38702,1825.0005106642222
38703,1825.0005106642222
38704,1825.0005106642222
38705,1825.0005106642222
38706,1825.0005106642222
38707,1825.0005106642222
38708,1825.0005106642222
38709,1825.0005106642222
38710,1825.0005106642222
38711,1825.0005106642222
38712,1825.0005106642222
38713,1825.0005106642222
38714,1825.0005106642222
38715,1825.0005106642222
38716,1825.0005106642222
38717,1825.0005106642222
38718,1825.0005106642222
38719,1825.0005106642222
38720,1825.0005106642222
38721,1825.0005106642222
38722,1825.0005106642222
38723,1825.0005106642222
38724,1825.0005106642222
38725,1825.0005106642222
38726,1825.0005106642222
38727,1825.0005106642222
38728,1825.0005106642222
38729,1825.0005106642222
38730,1825.0005106642222
38731,1825.0005106642222
38732,1825.0005106642222
38733,1825.0005106642222
38734,1825.0005106642222
38735,1825.0005106642222
38736,1825.0005106642222
38737,1825.0005106642222
38738,1825.0005106642222
38739,1825.0005106642222
38740,1825.0005106642222
38741,1825.0005106642222
38742,1825.0005106642222
38743,1825.0005106642222
38744,1825.0005106642222
38745,1825.0005106642222
38746,1825.0005106642222
38747,1825.0005106642222
38748,1825.0005106642222
38749,1825.0005106642222
38750,1825.0005106642222
38751,1825.0005106642222
38752,1825.0005106642222
38753,1825.0005106642222
38754,1825.0005106642222
38755,1825.0005106642222
38756,1825.0005106642222
38757,1825.0005106642222
38758,1825.0005106642222
38759,1825.0005106642222
38760,1825.0005106642222
38761,1825.0005106642222
38762,1825.0005106642222
38763,1825.0005106642222
38764,1825.0005106642222
38765,1825.0005106642222
38766,1825.0005106642222
38767,1825.0005106642222
38768,1825.0005106642222
38769,1825.0005106642222
38770,1825.0005106642222
38771,1825.0005106642222
38772,1825.0005106642222
38773,1825.0005106642222
38774,1825.0005106642222
38775,1825.0005106642222
38776,1825.0005106642222
38777,1825.0005106642222
38778,1825.0005106642222
38779,1825.0005106642222
38780,1825.0005106642222
38781,1825.0005106642222
38782,1825.0005106642222
38783,1825.0005106642222
38784,1825.0005106642222
38785,1825.0005106642222
38786,1825.0005106642222
38787,1825.0005106642222
38788,1825.0005106642222
38789,1825.0005106642222
38790,1825.0005106642222
38791,1825.0005106642222
38792,1825.0005106642222
38793,1825.0005106642222
38794,1825.0005106642222
38795,1825.0005106642222
38796,1825.0005106642222
38797,1825.0005106642222
38798,1825.0005106642222
38799,1825.0005106642222
38800,1825.0005106642222
38801,1825.0005106642222
38802,1825.0005106642222
38803,1825.0005106642222
38804,1825.0005106642222
38805,1825.0005106642222
38806,1825.0005106642222
38807,1825.0005106642222
38808,1825.0005106642222
38809,1825.0005106642222
38810,1825.0005106642222
38811,1825.0005106642222
38812,1825.0005106642222
38813,1825.0005106642222
38814,1825.0005106642222
38815,1825.0005106642222
38816,1825.0005106642222
38817,1825.0005106642222
38818,1825.0005106642222
38819,1825.0005106642222
38820,1825.0005106642222
38821,1825.0005106642222
38822,1825.0005106642222
38823,1825.0005106642222
38824,1825.0005106642222
38825,1825.0005106642222
38826,1825.0005106642222
38827,1825.0005106642222
38828,1825.0005106642222
38829,1825.0005106642222
38830,1825.0005106642222
38831,1825.0005106642222
38832,1825.0005106642222
38833,1825.0005106642222
38834,1825.0005106642222
38835,1825.0005106642222
38836,1825.0005106642222
38837,1825.0005106642222
38838,1825.0005106642222
38839,1825.0005106642222
38840,1825.0005106642222
38841,1825.0005106642222
38842,1825.0005106642222
38843,1825.0005106642222
38844,1825.0005106642222
38845,1825.0005106642222
38846,1825.0005106642222
38847,1825.0005106642222
38848,1825.0005106642222
38849,1825.0005106642222
38850,1825.0005106642222
38851,1825.0005106642222
38852,1825.0005106642222
38853,1825.0005106642222
38854,1825.0005106642222
38855,1825.0005106642222
38856,1825.0005106642222
38857,1825.0005106642222
38858,1825.0005106642222
38859,1825.0005106642222
38860,1825.0005106642222
38861,1825.0005106642222
38862,1825.0005106642222
38863,1825.0005106642222
38864,1825.0005106642222
38865,1825.0005106642222
38866,1825.0005106642222
38867,1825.0005106642222
38868,1825.0005106642222
38869,1825.0005106642222
38870,1825.0005106642222
38871,1825.0005106642222
38872,1825.0005106642222
38873,1825.0005106642222
38874,1825.0005106642222
38875,1825.0005106642222
38876,1825.0005106642222
38877,1825.0005106642222
38878,1825.0005106642222
38879,1825.0005106642222
38880,1825.0005106642222
38881,1825.0005106642222
38882,1825.0005106642222
38883,1825.0005106642222
38884,1825.0005106642222
38885,1825.0005106642222
38886,1825.0005106642222
38887,1825.0005106642222
38888,1825.0005106642222
38889,1825.0005106642222
38890,1825.0005106642222
38891,1825.0005106642222
38892,1825.0005106642222
38893,1825.0005106642222
38894,1825.0005106642222
38895,1825.0005106642222
38896,1825.0005106642222
38897,1825.0005106642222
38898,1825.0005106642222
38899,1825.0005106642222
38900,1825.0005106642222
38901,1825.0005106642222
38902,1825.0005106642222
38903,1825.0005106642222
38904,1825.0005106642222
38905,1825.0005106642222
38906,1825.0005106642222
38907,1825.0005106642222
38908,1825.0005106642222
38909,1825.0005106642222
38910,1825.0005106642222
38911,1825.0005106642222
38912,1825.0005106642222
38913,1825.0005106642222
38914,1825.0005106642222
38915,1825.0005106642222
38916,1825.0005106642222
38917,1825.0005106642222
38918,1825.0005106642222
38919,1825.0005106642222
38920,1825.0005106642222
38921,1825.0005106642222
38922,1825.0005106642222
38923,1825.0005106642222
38924,1825.0005106642222
38925,1825.0005106642222
38926,1825.0005106642222
38927,1825.0005106642222
38928,1825.0005106642222
38929,1825.0005106642222
38930,1825.0005106642222
38931,1825.0005106642222
38932,1825.0005106642222
38933,1825.0005106642222
38934,1825.0005106642222
38935,1825.0005106642222
38936,1825.0005106642222
38937,1825.0005106642222
38938,1825.0005106642222
38939,1825.0005106642222
38940,1825.0005106642222
38941,1825.0005106642222
38942,1825.0005106642222
38943,1825.0005106642222
38944,1825.0005106642222
38945,1825.0005106642222
38946,1825.0005106642222
38947,1825.0005106642222
38948,1825.0005106642222
38949,1825.0005106642222
38950,1825.0005106642222
38951,1825.0005106642222
38952,1825.0005106642222
38953,1825.0005106642222
38954,1825.0005106642222
38955,1825.0005106642222
38956,1825.0005106642222
38957,1825.0005106642222
38958,1825.0005106642222
38959,1825.0005106642222
38960,1825.0005106642222
38961,1825.0005106642222
38962,1825.0005106642222
38963,1825.0005106642222
38964,1825.0005106642222
38965,1825.0005106642222
38966,1825.0005106642222
38967,1825.0005106642222
38968,1825.0005106642222
38969,1825.0005106642222
38970,1825.0005106642222
38971,1825.0005106642222
38972,1825.0005106642222
38973,1825.0005106642222
38974,1825.0005106642222
38975,1825.0005106642222
38976,1825.0005106642222
38977,1825.0005106642222
38978,1825.0005106642222
38979,1825.0005106642222
38980,1825.0005106642222
38981,1825.0005106642222
38982,1825.0005106642222
38983,1825.0005106642222
38984,1825.0005106642222
38985,1825.0005106642222
38986,1825.0005106642222
38987,1825.0005106642222
38988,1825.0005106642222
38989,1825.0005106642222
38990,1825.0005106642222
38991,1825.0005106642222
38992,1825.0005106642222
38993,1825.0005106642222
38994,1825.0005106642222
38995,1825.0005106642222
38996,1825.0005106642222
38997,1825.0005106642222
38998,1825.0005106642222
38999,1825.0005106642222
39000,1825.0005106642222
39001,1825.0005106642222
39002,1825.0005106642222
39003,1825.0005106642222
39004,1825.0005106642222
39005,1825.0005106642222
39006,1825.0005106642222
39007,1825.0005106642222
39008,1825.0005106642222
39009,1825.0005106642222
39010,1825.0005106642222
39011,1825.0005106642222
39012,1825.0005106642222
39013,1825.0005106642222
39014,1825.0005106642222
39015,1825.0005106642222
39016,1825.0005106642222
39017,1825.0005106642222
39018,1825.0005106642222
39019,1825.0005106642222
39020,1825.0005106642222
39021,1825.0005106642222
39022,1825.0005106642222
39023,1825.0005106642222
39024,1825.0005106642222
39025,1825.0005106642222
39026,1825.0005106642222
39027,1825.0005106642222
39028,1825.0005106642222
39029,1825.0005106642222
39030,1825.0005106642222
39031,1825.0005106642222
39032,1825.0005106642222
39033,1825.0005106642222
39034,1825.0005106642222
39035,1825.0005106642222
39036,1825.0005106642222
39037,1825.0005106642222
39038,1825.0005106642222
39039,1825.0005106642222
39040,1825.0005106642222
39041,1825.0005106642222
39042,1825.0005106642222
39043,1825.0005106642222
39044,1825.0005106642222
39045,1825.0005106642222
39046,1825.0005106642222
39047,1825.0005106642222
39048,1825.0005106642222
39049,1825.0005106642222
39050,1825.0005106642222
39051,1825.0005106642222
39052,1825.0005106642222
39053,1825.0005106642222
39054,1825.0005106642222
39055,1825.0005106642222
39056,1825.0005106642222
39057,1825.0005106642222
39058,1825.0005106642222
39059,1825.0005106642222
39060,1825.0005106642222
39061,1825.0005106642222
39062,1825.0005106642222
39063,1825.0005106642222
39064,1825.0005106642222
39065,1825.0005106642222
39066,1825.0005106642222
39067,1825.0005106642222
39068,1825.0005106642222
39069,1825.0005106642222
39070,1825.0005106642222
39071,1825.0005106642222
39072,1825.0005106642222
39073,1825.0005106642222
39074,1825.0005106642222
39075,1825.0005106642222
39076,1825.0005106642222
39077,1825.0005106642222
39078,1825.0005106642222
39079,1825.0005106642222
39080,1825.0005106642222
39081,1825.0005106642222
39082,1825.0005106642222
39083,1825.0005106642222
39084,1825.0005106642222
39085,1825.0005106642222
39086,1825.0005106642222
39087,1825.0005106642222
39088,1825.0005106642222
39089,1825.0005106642222
39090,1825.0005106642222
39091,1825.0005106642222
39092,1825.0005106642222
39093,1825.0005106642222
39094,1825.0005106642222
39095,1825.0005106642222
39096,1825.0005106642222
39097,1825.0005106642222
39098,1825.0005106642222
39099,1825.0005106642222
39100,1825.0005106642222
39101,1825.0005106642222
39102,1825.0005106642222
39103,1825.0005106642222
39104,1825.0005106642222
39105,1825.0005106642222
39106,1825.0005106642222
39107,1825.0005106642222
39108,1825.0005106642222
39109,1825.0005106642222
39110,1825.0005106642222
39111,1825.0005106642222
39112,1825.0005106642222
39113,1825.0005106642222
39114,1825.0005106642222
39115,1825.0005106642222
39116,1825.0005106642222
39117,1825.0005106642222
39118,1825.0005106642222
39119,1825.0005106642222
39120,1825.0005106642222
39121,1825.0005106642222
39122,1825.0005106642222
39123,1825.0005106642222
39124,1825.0005106642222
39125,1825.0005106642222
39126,1825.0005106642222
39127,1825.0005106642222
39128,1825.0005106642222
39129,1825.0005106642222
39130,1825.0005106642222
39131,1825.0005106642222
39132,1825.0005106642222
39133,1825.0005106642222
39134,1825.0005106642222
39135,1825.0005106642222
39136,1825.0005106642222
39137,1825.0005106642222
39138,1825.0005106642222
39139,1825.0005106642222
39140,1825.0005106642222
39141,1825.0005106642222
39142,1825.0005106642222
39143,1825.0005106642222
39144,1825.0005106642222
39145,1825.0005106642222
39146,1825.0005106642222
39147,1825.0005106642222
39148,1825.0005106642222
39149,1825.0005106642222
39150,1825.0005106642222
39151,1825.0005106642222
39152,1825.0005106642222
39153,1825.0005106642222
39154,1825.0005106642222
39155,1825.0005106642222
39156,1825.0005106642222
39157,1825.0005106642222
39158,1825.0005106642222
39159,1825.0005106642222
39160,1825.0005106642222
39161,1825.0005106642222
39162,1825.0005106642222
39163,1825.0005106642222
39164,1825.0005106642222
39165,1825.0005106642222
39166,1825.0005106642222
39167,1825.0005106642222
39168,1825.0005106642222
39169,1825.0005106642222
39170,1825.0005106642222
39171,1825.0005106642222
39172,1825.0005106642222
39173,1825.0005106642222
39174,1825.0005106642222
39175,1825.0005106642222
39176,1825.0005106642222
39177,1825.0005106642222
39178,1825.0005106642222
39179,1825.0005106642222
39180,1825.0005106642222
39181,1825.0005106642222
39182,1825.0005106642222
39183,1825.0005106642222
39184,1825.0005106642222
39185,1825.0005106642222
39186,1825.0005106642222
39187,1825.0005106642222
39188,1825.0005106642222
39189,1825.0005106642222
39190,1825.0005106642222
39191,1825.0005106642222
39192,1825.0005106642222
39193,1825.0005106642222
39194,1825.0005106642222
39195,1825.0005106642222
39196,1825.0005106642222
39197,1825.0005106642222
39198,1825.0005106642222
39199,1825.0005106642222
39200,1825.0005106642222
39201,1825.0005106642222
39202,1825.0005106642222
39203,1825.0005106642222
39204,1825.0005106642222
39205,1825.0005106642222
39206,1825.0005106642222
39207,1825.0005106642222
39208,1825.0005106642222
39209,1825.0005106642222
39210,1825.0005106642222
39211,1825.0005106642222
39212,1825.0005106642222
39213,1825.0005106642222
39214,1825.0005106642222
39215,1825.0005106642222
39216,1825.0005106642222
39217,1825.0005106642222
39218,1825.0005106642222
39219,1825.0005106642222
39220,1825.0005106642222
39221,1825.0005106642222
39222,1825.0005106642222
39223,1825.0005106642222
39224,1825.0005106642222
39225,1825.0005106642222
39226,1825.0005106642222
39227,1825.0005106642222
39228,1825.0005106642222
39229,1825.0005106642222
39230,1825.0005106642222
39231,1825.0005106642222
39232,1825.0005106642222
39233,1825.0005106642222
39234,1825.0005106642222
39235,1825.0005106642222
39236,1825.0005106642222
39237,1825.0005106642222
39238,1825.0005106642222
39239,1825.0005106642222
39240,1825.0005106642222
39241,1825.0005106642222
39242,1825.0005106642222
39243,1825.0005106642222
39244,1825.0005106642222
39245,1825.0005106642222
39246,1825.0005106642222
39247,1825.0005106642222
39248,1825.0005106642222
39249,1825.0005106642222
39250,1825.0005106642222
39251,1825.0005106642222
39252,1825.0005106642222
39253,1825.0005106642222
39254,1825.0005106642222
39255,1825.0005106642222
39256,1825.0005106642222
39257,1825.0005106642222
39258,1825.0005106642222
39259,1825.0005106642222
39260,1825.0005106642222
39261,1825.0005106642222
39262,1825.0005106642222
39263,1825.0005106642222
39264,1825.0005106642222
39265,1825.0005106642222
39266,1825.0005106642222
39267,1825.0005106642222
39268,1825.0005106642222
39269,1825.0005106642222
39270,1825.0005106642222
39271,1825.0005106642222
39272,1825.0005106642222
39273,1825.0005106642222
39274,1825.0005106642222
39275,1825.0005106642222
39276,1825.0005106642222
39277,1825.0005106642222
39278,1825.0005106642222
39279,1825.0005106642222
39280,1825.0005106642222
39281,1825.0005106642222
39282,1825.0005106642222
39283,1825.0005106642222
39284,1825.0005106642222
39285,1825.0005106642222
39286,1825.0005106642222
39287,1825.0005106642222
39288,1825.0005106642222
39289,1825.0005106642222
39290,1825.0005106642222
39291,1825.0005106642222
39292,1825.0005106642222
39293,1825.0005106642222
39294,1825.0005106642222
39295,1825.0005106642222
39296,1825.0005106642222
39297,1825.0005106642222
39298,1825.0005106642222
39299,1825.0005106642222
39300,1825.0005106642222
39301,1825.0005106642222
39302,1825.0005106642222
39303,1825.0005106642222
39304,1825.0005106642222
39305,1825.0005106642222
39306,1825.0005106642222
39307,1825.0005106642222
39308,1825.0005106642222
39309,1825.0005106642222
39310,1825.0005106642222
39311,1825.0005106642222
39312,1825.0005106642222
39313,1825.0005106642222
39314,1825.0005106642222
39315,1825.0005106642222
39316,1825.0005106642222
39317,1825.0005106642222
39318,1825.0005106642222
39319,1825.0005106642222
39320,1825.0005106642222
39321,1825.0005106642222
39322,1825.0005106642222
39323,1825.0005106642222
39324,1825.0005106642222
39325,1825.0005106642222
39326,1825.0005106642222
39327,1825.0005106642222
39328,1825.0005106642222
39329,1825.0005106642222
39330,1825.0005106642222
39331,1825.0005106642222
39332,1825.0005106642222
39333,1825.0005106642222
39334,1825.0005106642222
39335,1825.0005106642222
39336,1825.0005106642222
39337,1825.0005106642222
39338,1825.0005106642222
39339,1825.0005106642222
39340,1825.0005106642222
39341,1825.0005106642222
39342,1825.0005106642222
39343,1825.0005106642222
39344,1825.0005106642222
39345,1825.0005106642222
39346,1825.0005106642222
39347,1825.0005106642222
39348,1825.0005106642222
39349,1825.0005106642222
39350,1825.0005106642222
39351,1825.0005106642222
39352,1825.0005106642222
39353,1825.0005106642222
39354,1825.0005106642222
39355,1825.0005106642222
39356,1825.0005106642222
39357,1825.0005106642222
39358,1825.0005106642222
39359,1825.0005106642222
39360,1825.0005106642222
39361,1825.0005106642222
39362,1825.0005106642222
39363,1825.0005106642222
39364,1825.0005106642222
39365,1825.0005106642222
39366,1825.0005106642222
39367,1825.0005106642222
39368,1825.0005106642222
39369,1825.0005106642222
39370,1825.0005106642222
39371,1825.0005106642222
39372,1825.0005106642222
39373,1825.0005106642222
39374,1825.0005106642222
39375,1825.0005106642222
39376,1825.0005106642222
39377,1825.0005106642222
39378,1825.0005106642222
39379,1825.0005106642222
39380,1825.0005106642222
39381,1825.0005106642222
39382,1825.0005106642222
39383,1825.0005106642222
39384,1825.0005106642222
39385,1825.0005106642222
39386,1825.0005106642222
39387,1825.0005106642222
39388,1825.0005106642222
39389,1825.0005106642222
39390,1825.0005106642222
39391,1825.0005106642222
39392,1825.0005106642222
39393,1825.0005106642222
39394,1825.0005106642222
39395,1825.0005106642222
39396,1825.0005106642222
39397,1825.0005106642222
39398,1825.0005106642222
39399,1825.0005106642222
39400,1825.0005106642222
39401,1825.0005106642222
39402,1825.0005106642222
39403,1825.0005106642222
39404,1825.0005106642222
39405,1825.0005106642222
39406,1825.0005106642222
39407,1825.0005106642222
39408,1825.0005106642222
39409,1825.0005106642222
39410,1825.0005106642222
39411,1825.0005106642222
39412,1825.0005106642222
39413,1825.0005106642222
39414,1825.0005106642222
39415,1825.0005106642222
39416,1825.0005106642222
39417,1825.0005106642222
39418,1825.0005106642222
39419,1825.0005106642222
39420,1825.0005106642222
39421,1825.0005106642222
39422,1825.0005106642222
39423,1825.0005106642222
39424,1825.0005106642222
39425,1825.0005106642222
39426,1825.0005106642222
39427,1825.0005106642222
39428,1825.0005106642222
39429,1825.0005106642222
39430,1825.0005106642222
39431,1825.0005106642222
39432,1825.0005106642222
39433,1825.0005106642222
39434,1825.0005106642222
39435,1825.0005106642222
39436,1825.0005106642222
39437,1825.0005106642222
39438,1825.0005106642222
39439,1825.0005106642222
39440,1825.0005106642222
39441,1825.0005106642222
39442,1825.0005106642222
39443,1825.0005106642222
39444,1825.0005106642222
39445,1825.0005106642222
39446,1825.0005106642222
39447,1825.0005106642222
39448,1825.0005106642222
39449,1825.0005106642222
39450,1825.0005106642222
39451,1825.0005106642222
39452,1825.0005106642222
39453,1825.0005106642222
39454,1825.0005106642222
39455,1825.0005106642222
39456,1825.0005106642222
39457,1825.0005106642222
39458,1825.0005106642222
39459,1825.0005106642222
39460,1825.0005106642222
39461,1825.0005106642222
39462,1825.0005106642222
39463,1825.0005106642222
39464,1825.0005106642222
39465,1825.0005106642222
39466,1825.0005106642222
39467,1825.0005106642222
39468,1825.0005106642222
39469,1825.0005106642222
39470,1825.0005106642222
39471,1825.0005106642222
39472,1825.0005106642222
39473,1825.0005106642222
39474,1825.0005106642222
39475,1825.0005106642222
39476,1825.0005106642222
39477,1825.0005106642222
39478,1825.0005106642222
39479,1825.0005106642222
39480,1825.0005106642222
39481,1825.0005106642222
39482,1825.0005106642222
39483,1825.0005106642222
39484,1825.0005106642222
39485,1825.0005106642222
39486,1825.0005106642222
39487,1825.0005106642222
39488,1825.0005106642222
39489,1825.0005106642222
39490,1825.0005106642222
39491,1825.0005106642222
39492,1825.0005106642222
39493,1825.0005106642222
39494,1825.0005106642222
39495,1825.0005106642222
39496,1825.0005106642222
39497,1825.0005106642222
39498,1825.0005106642222
39499,1825.0005106642222
39500,1825.0005106642222
39501,1825.0005106642222
39502,1825.0005106642222
39503,1825.0005106642222
39504,1825.0005106642222
39505,1825.0005106642222
39506,1825.0005106642222
39507,1825.0005106642222
39508,1825.0005106642222
39509,1825.0005106642222
39510,1825.0005106642222
39511,1825.0005106642222
39512,1825.0005106642222
39513,1825.0005106642222
39514,1825.0005106642222
39515,1825.0005106642222
39516,1825.0005106642222
39517,1825.0005106642222
39518,1825.0005106642222
39519,1825.0005106642222
39520,1825.0005106642222
39521,1825.0005106642222
39522,1825.0005106642222
39523,1825.0005106642222
39524,1825.0005106642222
39525,1825.0005106642222
39526,1825.0005106642222
39527,1825.0005106642222
39528,1825.0005106642222
39529,1825.0005106642222
39530,1825.0005106642222
39531,1825.0005106642222
39532,1825.0005106642222
39533,1825.0005106642222
39534,1825.0005106642222
39535,1825.0005106642222
39536,1825.0005106642222
39537,1825.0005106642222
39538,1825.0005106642222
39539,1825.0005106642222
39540,1825.0005106642222
39541,1825.0005106642222
39542,1825.0005106642222
39543,1825.0005106642222
39544,1825.0005106642222
39545,1825.0005106642222
39546,1825.0005106642222
39547,1825.0005106642222
39548,1825.0005106642222
39549,1825.0005106642222
39550,1825.0005106642222
39551,1825.0005106642222
39552,1825.0005106642222
39553,1825.0005106642222
39554,1825.0005106642222
39555,1825.0005106642222
39556,1825.0005106642222
39557,1825.0005106642222
39558,1825.0005106642222
39559,1825.0005106642222
39560,1825.0005106642222
39561,1825.0005106642222
39562,1825.0005106642222
39563,1825.0005106642222
39564,1825.0005106642222
39565,1825.0005106642222
39566,1825.0005106642222
39567,1825.0005106642222
39568,1825.0005106642222
39569,1825.0005106642222
39570,1825.0005106642222
39571,1825.0005106642222
39572,1825.0005106642222
39573,1825.0005106642222
39574,1825.0005106642222
39575,1825.0005106642222
39576,1825.0005106642222
39577,1825.0005106642222
39578,1825.0005106642222
39579,1825.0005106642222
39580,1825.0005106642222
39581,1825.0005106642222
39582,1825.0005106642222
39583,1825.0005106642222
39584,1825.0005106642222
39585,1825.0005106642222
39586,1825.0005106642222
39587,1825.0005106642222
39588,1825.0005106642222
39589,1825.0005106642222
39590,1825.0005106642222
39591,1825.0005106642222
39592,1825.0005106642222
39593,1825.0005106642222
39594,1825.0005106642222
39595,1825.0005106642222
39596,1825.0005106642222
39597,1825.0005106642222
39598,1825.0005106642222
39599,1825.0005106642222
39600,1825.0005106642222
39601,1825.0005106642222
39602,1825.0005106642222
39603,1825.0005106642222
39604,1825.0005106642222
39605,1825.0005106642222
39606,1825.0005106642222
39607,1825.0005106642222
39608,1825.0005106642222
39609,1825.0005106642222
39610,1825.0005106642222
39611,1825.0005106642222
39612,1825.0005106642222
39613,1825.0005106642222
39614,1825.0005106642222
39615,1825.0005106642222
39616,1825.0005106642222
39617,1825.0005106642222
39618,1825.0005106642222
39619,1825.0005106642222
39620,1825.0005106642222
39621,1825.0005106642222
39622,1825.0005106642222
39623,1825.0005106642222
39624,1825.0005106642222
39625,1825.0005106642222
39626,1825.0005106642222
39627,1825.0005106642222
39628,1825.0005106642222
39629,1825.0005106642222
39630,1825.0005106642222
39631,1825.0005106642222
39632,1825.0005106642222
39633,1825.0005106642222
39634,1825.0005106642222
39635,1825.0005106642222
39636,1825.0005106642222
39637,1825.0005106642222
39638,1825.0005106642222
39639,1825.0005106642222
39640,1825.0005106642222
39641,1825.0005106642222
39642,1825.0005106642222
39643,1825.0005106642222
39644,1825.0005106642222
39645,1825.0005106642222
39646,1825.0005106642222
39647,1825.0005106642222
39648,1825.0005106642222
39649,1825.0005106642222
39650,1825.0005106642222
39651,1825.0005106642222
39652,1825.0005106642222
39653,1825.0005106642222
39654,1825.0005106642222
39655,1825.0005106642222
39656,1825.0005106642222
39657,1825.0005106642222
39658,1825.0005106642222
39659,1825.0005106642222
39660,1825.0005106642222
39661,1825.0005106642222
39662,1825.0005106642222
39663,1825.0005106642222
39664,1825.0005106642222
39665,1825.0005106642222
39666,1825.0005106642222
39667,1825.0005106642222
39668,1825.0005106642222
39669,1825.0005106642222
39670,1825.0005106642222
39671,1825.0005106642222
39672,1825.0005106642222
39673,1825.0005106642222
39674,1825.0005106642222
39675,1825.0005106642222
39676,1825.0005106642222
39677,1825.0005106642222
39678,1825.0005106642222
39679,1825.0005106642222
39680,1825.0005106642222
39681,1825.0005106642222
39682,1825.0005106642222
39683,1825.0005106642222
39684,1825.0005106642222
39685,1825.0005106642222
39686,1825.0005106642222
39687,1825.0005106642222
39688,1825.0005106642222
39689,1825.0005106642222
39690,1825.0005106642222
39691,1825.0005106642222
39692,1825.0005106642222
39693,1825.0005106642222
39694,1825.0005106642222
39695,1825.0005106642222
39696,1825.0005106642222
39697,1825.0005106642222
39698,1825.0005106642222
39699,1825.0005106642222
39700,1825.0005106642222
39701,1825.0005106642222
39702,1825.0005106642222
39703,1825.0005106642222
39704,1825.0005106642222
39705,1825.0005106642222
39706,1825.0005106642222
39707,1825.0005106642222
39708,1825.0005106642222
39709,1825.0005106642222
39710,1825.0005106642222
39711,1825.0005106642222
39712,1825.0005106642222
39713,1825.0005106642222
39714,1825.0005106642222
39715,1825.0005106642222
39716,1825.0005106642222
39717,1825.0005106642222
39718,1825.0005106642222
39719,1825.0005106642222
39720,1825.0005106642222
39721,1825.0005106642222
39722,1825.0005106642222
39723,1825.0005106642222
39724,1825.0005106642222
39725,1825.0005106642222
39726,1825.0005106642222
39727,1825.0005106642222
39728,1825.0005106642222
39729,1825.0005106642222
39730,1825.0005106642222
39731,1825.0005106642222
39732,1825.0005106642222
39733,1825.0005106642222
39734,1825.0005106642222
39735,1825.0005106642222
39736,1825.0005106642222
39737,1825.0005106642222
39738,1825.0005106642222
39739,1825.0005106642222
39740,1825.0005106642222
39741,1825.0005106642222
39742,1825.0005106642222
39743,1825.0005106642222
39744,1825.0005106642222
39745,1825.0005106642222
39746,1825.0005106642222
39747,1825.0005106642222
39748,1825.0005106642222
39749,1825.0005106642222
39750,1825.0005106642222
39751,1825.0005106642222
39752,1825.0005106642222
39753,1825.0005106642222
39754,1825.0005106642222
39755,1825.0005106642222
39756,1825.0005106642222
39757,1825.0005106642222
39758,1825.0005106642222
39759,1825.0005106642222
39760,1825.0005106642222
39761,1825.0005106642222
39762,1825.0005106642222
39763,1825.0005106642222
39764,1825.0005106642222
39765,1825.0005106642222
39766,1825.0005106642222
39767,1825.0005106642222
39768,1825.0005106642222
39769,1825.0005106642222
39770,1825.0005106642222
39771,1825.0005106642222
39772,1825.0005106642222
39773,1825.0005106642222
39774,1825.0005106642222
39775,1825.0005106642222
39776,1825.0005106642222
39777,1825.0005106642222
39778,1825.0005106642222
39779,1825.0005106642222
39780,1825.0005106642222
39781,1825.0005106642222
39782,1825.0005106642222
39783,1825.0005106642222
39784,1825.0005106642222
39785,1825.0005106642222
39786,1825.0005106642222
39787,1825.0005106642222
39788,1825.0005106642222
39789,1825.0005106642222
39790,1825.0005106642222
39791,1825.0005106642222
39792,1825.0005106642222
39793,1825.0005106642222
39794,1825.0005106642222
39795,1825.0005106642222
39796,1825.0005106642222
39797,1825.0005106642222
39798,1825.0005106642222
39799,1825.0005106642222
39800,1825.0005106642222
39801,1825.0005106642222
39802,1825.0005106642222
39803,1825.0005106642222
39804,1825.0005106642222
39805,1825.0005106642222
39806,1825.0005106642222
39807,1825.0005106642222
39808,1825.0005106642222
39809,1825.0005106642222
39810,1825.0005106642222
39811,1825.0005106642222
39812,1825.0005106642222
39813,1825.0005106642222
39814,1825.0005106642222
39815,1825.0005106642222
39816,1825.0005106642222
39817,1825.0005106642222
39818,1825.0005106642222
39819,1825.0005106642222
39820,1825.0005106642222
39821,1825.0005106642222
39822,1825.0005106642222
39823,1825.0005106642222
39824,1825.0005106642222
39825,1825.0005106642222
39826,1825.0005106642222
39827,1825.0005106642222
39828,1825.0005106642222
39829,1825.0005106642222
39830,1825.0005106642222
39831,1825.0005106642222
39832,1825.0005106642222
39833,1825.0005106642222
39834,1825.0005106642222
39835,1825.0005106642222
39836,1825.0005106642222
39837,1825.0005106642222
39838,1825.0005106642222
39839,1825.0005106642222
39840,1825.0005106642222
39841,1825.0005106642222
39842,1825.0005106642222
39843,1825.0005106642222
39844,1825.0005106642222
39845,1825.0005106642222
39846,1825.0005106642222
39847,1825.0005106642222
39848,1825.0005106642222
39849,1825.0005106642222
39850,1825.0005106642222
39851,1825.0005106642222
39852,1825.0005106642222
39853,1825.0005106642222
39854,1825.0005106642222
39855,1825.0005106642222
39856,1825.0005106642222
39857,1825.0005106642222
39858,1825.0005106642222
39859,1825.0005106642222
39860,1825.0005106642222
39861,1825.0005106642222
39862,1825.0005106642222
39863,1825.0005106642222
39864,1825.0005106642222
39865,1825.0005106642222
39866,1825.0005106642222
39867,1825.0005106642222
39868,1825.0005106642222
39869,1825.0005106642222
39870,1825.0005106642222
39871,1825.0005106642222
39872,1825.0005106642222
39873,1825.0005106642222
39874,1825.0005106642222
39875,1825.0005106642222
39876,1825.0005106642222
39877,1825.0005106642222
39878,1825.0005106642222
39879,1825.0005106642222
39880,1825.0005106642222
39881,1825.0005106642222
39882,1825.0005106642222
39883,1825.0005106642222
39884,1825.0005106642222
39885,1825.0005106642222
39886,1825.0005106642222
39887,1825.0005106642222
39888,1825.0005106642222
39889,1825.0005106642222
39890,1825.0005106642222
39891,1825.0005106642222
39892,1825.0005106642222
39893,1825.0005106642222
39894,1825.0005106642222
39895,1825.0005106642222
39896,1825.0005106642222
39897,1825.0005106642222
39898,1825.0005106642222
39899,1825.0005106642222
39900,1825.0005106642222
39901,1825.0005106642222
39902,1825.0005106642222
39903,1825.0005106642222
39904,1825.0005106642222
39905,1825.0005106642222
39906,1825.0005106642222
39907,1825.0005106642222
39908,1825.0005106642222
39909,1825.0005106642222
39910,1825.0005106642222
39911,1825.0005106642222
39912,1825.0005106642222
39913,1825.0005106642222
39914,1825.0005106642222
39915,1825.0005106642222
39916,1825.0005106642222
39917,1825.0005106642222
39918,1825.0005106642222
39919,1825.0005106642222
39920,1825.0005106642222
39921,1825.0005106642222
39922,1825.0005106642222
39923,1825.0005106642222
39924,1825.0005106642222
39925,1825.0005106642222
39926,1825.0005106642222
39927,1825.0005106642222
39928,1825.0005106642222
39929,1825.0005106642222
39930,1825.0005106642222
39931,1825.0005106642222
39932,1825.0005106642222
39933,1825.0005106642222
39934,1825.0005106642222
39935,1825.0005106642222
39936,1825.0005106642222
39937,1825.0005106642222
39938,1825.0005106642222
39939,1825.0005106642222
39940,1825.0005106642222
39941,1825.0005106642222
39942,1825.0005106642222
39943,1825.0005106642222
39944,1825.0005106642222
39945,1825.0005106642222
39946,1825.0005106642222
39947,1825.0005106642222
39948,1825.0005106642222
39949,1825.0005106642222
39950,1825.0005106642222
39951,1825.0005106642222
39952,1825.0005106642222
39953,1825.0005106642222
39954,1825.0005106642222
39955,1825.0005106642222
39956,1825.0005106642222
39957,1825.0005106642222
39958,1825.0005106642222
39959,1825.0005106642222
39960,1825.0005106642222
39961,1825.0005106642222
39962,1825.0005106642222
39963,1825.0005106642222
39964,1825.0005106642222
39965,1825.0005106642222
39966,1825.0005106642222
39967,1825.0005106642222
39968,1825.0005106642222
39969,1825.0005106642222
39970,1825.0005106642222
39971,1825.0005106642222
39972,1825.0005106642222
39973,1825.0005106642222
39974,1825.0005106642222
39975,1825.0005106642222
39976,1825.0005106642222
39977,1825.0005106642222
39978,1825.0005106642222
39979,1825.0005106642222
39980,1825.0005106642222
39981,1825.0005106642222
39982,1825.0005106642222
39983,1825.0005106642222
39984,1825.0005106642222
39985,1825.0005106642222
39986,1825.0005106642222
39987,1825.0005106642222
39988,1825.0005106642222
39989,1825.0005106642222
39990,1825.0005106642222
39991,1825.0005106642222
39992,1825.0005106642222
39993,1825.0005106642222
39994,1825.0005106642222
39995,1825.0005106642222
39996,1825.0005106642222
39997,1825.0005106642222
39998,1825.0005106642222
39999,1825.0005106642222
40000,1825.0005106642222
40001,1825.0005106642222
40002,1825.0005106642222
40003,1825.0005106642222
40004,1825.0005106642222
40005,1825.0005106642222
40006,1825.0005106642222
40007,1825.0005106642222
40008,1825.0005106642222
40009,1825.0005106642222
40010,1825.0005106642222
40011,1825.0005106642222
40012,1825.0005106642222
40013,1825.0005106642222
40014,1825.0005106642222
40015,1825.0005106642222
40016,1825.0005106642222
40017,1825.0005106642222
40018,1825.0005106642222
40019,1825.0005106642222
40020,1825.0005106642222
40021,1825.0005106642222
40022,1825.0005106642222
40023,1825.0005106642222
40024,1825.0005106642222
40025,1825.0005106642222
40026,1825.0005106642222
40027,1825.0005106642222
40028,1825.0005106642222
40029,1825.0005106642222
40030,1825.0005106642222
40031,1825.0005106642222
40032,1825.0005106642222
40033,1825.0005106642222
40034,1825.0005106642222
40035,1825.0005106642222
40036,1825.0005106642222
40037,1825.0005106642222
40038,1825.0005106642222
40039,1825.0005106642222
40040,1825.0005106642222
40041,1825.0005106642222
40042,1825.0005106642222
40043,1825.0005106642222
40044,1825.0005106642222
40045,1825.0005106642222
40046,1825.0005106642222
40047,1825.0005106642222
40048,1825.0005106642222
40049,1825.0005106642222
40050,1825.0005106642222
40051,1825.0005106642222
40052,1825.0005106642222
40053,1825.0005106642222
40054,1825.0005106642222
40055,1825.0005106642222
40056,1825.0005106642222
40057,1825.0005106642222
40058,1825.0005106642222
40059,1825.0005106642222
40060,1825.0005106642222
40061,1825.0005106642222
40062,1825.0005106642222
40063,1825.0005106642222
40064,1825.0005106642222
40065,1825.0005106642222
40066,1825.0005106642222
40067,1825.0005106642222
40068,1825.0005106642222
40069,1825.0005106642222
40070,1825.0005106642222
40071,1825.0005106642222
40072,1825.0005106642222
40073,1825.0005106642222
40074,1825.0005106642222
40075,1825.0005106642222
40076,1825.0005106642222
40077,1825.0005106642222
40078,1825.0005106642222
40079,1825.0005106642222
40080,1825.0005106642222
40081,1825.0005106642222
40082,1825.0005106642222
40083,1825.0005106642222
40084,1825.0005106642222
40085,1825.0005106642222
40086,1825.0005106642222
40087,1825.0005106642222
40088,1825.0005106642222
40089,1825.0005106642222
40090,1825.0005106642222
40091,1825.0005106642222
40092,1825.0005106642222
40093,1825.0005106642222
40094,1825.0005106642222
40095,1825.0005106642222
40096,1825.0005106642222
40097,1825.0005106642222
40098,1825.0005106642222
40099,1825.0005106642222
40100,1825.0005106642222
40101,1825.0005106642222
40102,1825.0005106642222
40103,1825.0005106642222
40104,1825.0005106642222
40105,1825.0005106642222
40106,1825.0005106642222
40107,1825.0005106642222
40108,1825.0005106642222
40109,1825.0005106642222
40110,1825.0005106642222
40111,1825.0005106642222
40112,1825.0005106642222
40113,1825.0005106642222
40114,1825.0005106642222
40115,1825.0005106642222
40116,1825.0005106642222
40117,1825.0005106642222
40118,1825.0005106642222
40119,1825.0005106642222
40120,1825.0005106642222
40121,1825.0005106642222
40122,1825.0005106642222
40123,1825.0005106642222
40124,1825.0005106642222
40125,1825.0005106642222
40126,1825.0005106642222
40127,1825.0005106642222
40128,1825.0005106642222
40129,1825.0005106642222
40130,1825.0005106642222
40131,1825.0005106642222
40132,1825.0005106642222
40133,1825.0005106642222
40134,1825.0005106642222
40135,1825.0005106642222
40136,1825.0005106642222
40137,1825.0005106642222
40138,1825.0005106642222
40139,1825.0005106642222
40140,1825.0005106642222
40141,1825.0005106642222
40142,1825.0005106642222
40143,1825.0005106642222
40144,1825.0005106642222
40145,1825.0005106642222
40146,1825.0005106642222
40147,1825.0005106642222
40148,1825.0005106642222
40149,1825.0005106642222
40150,1825.0005106642222
40151,1825.0005106642222
40152,1825.0005106642222
40153,1825.0005106642222
40154,1825.0005106642222
40155,1825.0005106642222
40156,1825.0005106642222
40157,1825.0005106642222
40158,1825.0005106642222
40159,1825.0005106642222
40160,1825.0005106642222
40161,1825.0005106642222
40162,1825.0005106642222
40163,1825.0005106642222
40164,1825.0005106642222
40165,1825.0005106642222
40166,1825.0005106642222
40167,1825.0005106642222
40168,1825.0005106642222
40169,1825.0005106642222
40170,1825.0005106642222
40171,1825.0005106642222
40172,1825.0005106642222
40173,1825.0005106642222
40174,1825.0005106642222
40175,1825.0005106642222
40176,1825.0005106642222
40177,1825.0005106642222
40178,1825.0005106642222
40179,1825.0005106642222
40180,1825.0005106642222
40181,1825.0005106642222
40182,1825.0005106642222
40183,1825.0005106642222
40184,1825.0005106642222
40185,1825.0005106642222
40186,1825.0005106642222
40187,1825.0005106642222
40188,1825.0005106642222
40189,1825.0005106642222
40190,1825.0005106642222
40191,1825.0005106642222
40192,1825.0005106642222
40193,1825.0005106642222
40194,1825.0005106642222
40195,1825.0005106642222
40196,1825.0005106642222
40197,1825.0005106642222
40198,1825.0005106642222
40199,1825.0005106642222
40200,1825.0005106642222
40201,1825.0005106642222
40202,1825.0005106642222
40203,1825.0005106642222
40204,1825.0005106642222
40205,1825.0005106642222
40206,1825.0005106642222
40207,1825.0005106642222
40208,1825.0005106642222
40209,1825.0005106642222
40210,1825.0005106642222
40211,1825.0005106642222
40212,1825.0005106642222
40213,1825.0005106642222
40214,1825.0005106642222
40215,1825.0005106642222
40216,1825.0005106642222
40217,1825.0005106642222
40218,1825.0005106642222
40219,1825.0005106642222
40220,1825.0005106642222
40221,1825.0005106642222
40222,1825.0005106642222
40223,1825.0005106642222
40224,1825.0005106642222
40225,1825.0005106642222
40226,1825.0005106642222
40227,1825.0005106642222
40228,1825.0005106642222
40229,1825.0005106642222
40230,1825.0005106642222
40231,1825.0005106642222
40232,1825.0005106642222
40233,1825.0005106642222
40234,1825.0005106642222
40235,1825.0005106642222
40236,1825.0005106642222
40237,1825.0005106642222
40238,1825.0005106642222
40239,1825.0005106642222
40240,1825.0005106642222
40241,1825.0005106642222
40242,1825.0005106642222
40243,1825.0005106642222
40244,1825.0005106642222
40245,1825.0005106642222
40246,1825.0005106642222
40247,1825.0005106642222
40248,1825.0005106642222
40249,1825.0005106642222
40250,1825.0005106642222
40251,1825.0005106642222
40252,1825.0005106642222
40253,1825.0005106642222
40254,1825.0005106642222
40255,1825.0005106642222
40256,1825.0005106642222
40257,1825.0005106642222
40258,1825.0005106642222
40259,1825.0005106642222
40260,1825.0005106642222
40261,1825.0005106642222
40262,1825.0005106642222
40263,1825.0005106642222
40264,1825.0005106642222
40265,1825.0005106642222
40266,1825.0005106642222
40267,1825.0005106642222
40268,1825.0005106642222
40269,1825.0005106642222
40270,1825.0005106642222
40271,1825.0005106642222
40272,1825.0005106642222
40273,1825.0005106642222
40274,1825.0005106642222
40275,1825.0005106642222
40276,1825.0005106642222
40277,1825.0005106642222
40278,1825.0005106642222
40279,1825.0005106642222
40280,1825.0005106642222
40281,1825.0005106642222
40282,1825.0005106642222
40283,1825.0005106642222
40284,1825.0005106642222
40285,1825.0005106642222
40286,1825.0005106642222
40287,1825.0005106642222
40288,1825.0005106642222
40289,1825.0005106642222
40290,1825.0005106642222
40291,1825.0005106642222
40292,1825.0005106642222
40293,1825.0005106642222
40294,1825.0005106642222
40295,1825.0005106642222
40296,1825.0005106642222
40297,1825.0005106642222
40298,1825.0005106642222
40299,1825.0005106642222
40300,1825.0005106642222
40301,1825.0005106642222
40302,1825.0005106642222
40303,1825.0005106642222
40304,1825.0005106642222
40305,1825.0005106642222
40306,1825.0005106642222
40307,1825.0005106642222
40308,1825.0005106642222
40309,1825.0005106642222
40310,1825.0005106642222
40311,1825.0005106642222
40312,1825.0005106642222
40313,1825.0005106642222
40314,1825.0005106642222
40315,1825.0005106642222
40316,1825.0005106642222
40317,1825.0005106642222
40318,1825.0005106642222
40319,1825.0005106642222
40320,1825.0005106642222
40321,1825.0005106642222
40322,1825.0005106642222
40323,1825.0005106642222
40324,1825.0005106642222
40325,1825.0005106642222
40326,1825.0005106642222
40327,1825.0005106642222
40328,1825.0005106642222
40329,1825.0005106642222
40330,1825.0005106642222
40331,1825.0005106642222
40332,1825.0005106642222
40333,1825.0005106642222
40334,1825.0005106642222
40335,1825.0005106642222
40336,1825.0005106642222
40337,1825.0005106642222
40338,1825.0005106642222
40339,1825.0005106642222
40340,1825.0005106642222
40341,1825.0005106642222
40342,1825.0005106642222
40343,1825.0005106642222
40344,1825.0005106642222
40345,1825.0005106642222
40346,1825.0005106642222
40347,1825.0005106642222
40348,1825.0005106642222
40349,1825.0005106642222
40350,1825.0005106642222
40351,1825.0005106642222
40352,1825.0005106642222
40353,1825.0005106642222
40354,1825.0005106642222
40355,1825.0005106642222
40356,1825.0005106642222
40357,1825.0005106642222
40358,1825.0005106642222
40359,1825.0005106642222
40360,1825.0005106642222
40361,1825.0005106642222
40362,1825.0005106642222
40363,1825.0005106642222
40364,1825.0005106642222
40365,1825.0005106642222
40366,1825.0005106642222
40367,1825.0005106642222
40368,1825.0005106642222
40369,1825.0005106642222
40370,1825.0005106642222
40371,1825.0005106642222
40372,1825.0005106642222
40373,1825.0005106642222
40374,1825.0005106642222
40375,1825.0005106642222
40376,1825.0005106642222
40377,1825.0005106642222
40378,1825.0005106642222
40379,1825.0005106642222
40380,1825.0005106642222
40381,1825.0005106642222
40382,1825.0005106642222
40383,1825.0005106642222
40384,1825.0005106642222
40385,1825.0005106642222
40386,1825.0005106642222
40387,1825.0005106642222
40388,1825.0005106642222
40389,1825.0005106642222
40390,1825.0005106642222
40391,1825.0005106642222
40392,1825.0005106642222
40393,1825.0005106642222
40394,1825.0005106642222
40395,1825.0005106642222
40396,1825.0005106642222
40397,1825.0005106642222
40398,1825.0005106642222
40399,1825.0005106642222
40400,1825.0005106642222
40401,1825.0005106642222
40402,1825.0005106642222
40403,1825.0005106642222
40404,1825.0005106642222
40405,1825.0005106642222
40406,1825.0005106642222
40407,1825.0005106642222
40408,1825.0005106642222
40409,1825.0005106642222
40410,1825.0005106642222
40411,1825.0005106642222
40412,1825.0005106642222
40413,1825.0005106642222
40414,1825.0005106642222
40415,1825.0005106642222
40416,1825.0005106642222
40417,1825.0005106642222
40418,1825.0005106642222
40419,1825.0005106642222
40420,1825.0005106642222
40421,1825.0005106642222
40422,1825.0005106642222
40423,1825.0005106642222
40424,1825.0005106642222
40425,1825.0005106642222
40426,1825.0005106642222
40427,1825.0005106642222
40428,1825.0005106642222
40429,1825.0005106642222
40430,1825.0005106642222
40431,1825.0005106642222
40432,1825.0005106642222
40433,1825.0005106642222
40434,1825.0005106642222
40435,1825.0005106642222
40436,1825.0005106642222
40437,1825.0005106642222
40438,1825.0005106642222
40439,1825.0005106642222
40440,1825.0005106642222
40441,1825.0005106642222
40442,1825.0005106642222
40443,1825.0005106642222
40444,1825.0005106642222
40445,1825.0005106642222
40446,1825.0005106642222
40447,1825.0005106642222
40448,1825.0005106642222
40449,1825.0005106642222
40450,1825.0005106642222
40451,1825.0005106642222
40452,1825.0005106642222
40453,1825.0005106642222
40454,1825.0005106642222
40455,1825.0005106642222
40456,1825.0005106642222
40457,1825.0005106642222
40458,1825.0005106642222
40459,1825.0005106642222
40460,1825.0005106642222
40461,1825.0005106642222
40462,1825.0005106642222
40463,1825.0005106642222
40464,1825.0005106642222
40465,1825.0005106642222
40466,1825.0005106642222
40467,1825.0005106642222
40468,1825.0005106642222
40469,1825.0005106642222
40470,1825.0005106642222
40471,1825.0005106642222
40472,1825.0005106642222
40473,1825.0005106642222
40474,1825.0005106642222
40475,1825.0005106642222
40476,1825.0005106642222
40477,1825.0005106642222
40478,1825.0005106642222
40479,1825.0005106642222
40480,1825.0005106642222
40481,1825.0005106642222
40482,1825.0005106642222
40483,1825.0005106642222
40484,1825.0005106642222
40485,1825.0005106642222
40486,1825.0005106642222
40487,1825.0005106642222
40488,1825.0005106642222
40489,1825.0005106642222
40490,1825.0005106642222
40491,1825.0005106642222
40492,1825.0005106642222
40493,1825.0005106642222
40494,1825.0005106642222
40495,1825.0005106642222
40496,1825.0005106642222
40497,1825.0005106642222
40498,1825.0005106642222
40499,1825.0005106642222
40500,1825.0005106642222
40501,1825.0005106642222
40502,1825.0005106642222
40503,1825.0005106642222
40504,1825.0005106642222
40505,1825.0005106642222
40506,1825.0005106642222
40507,1825.0005106642222
40508,1825.0005106642222
40509,1825.0005106642222
40510,1825.0005106642222
40511,1825.0005106642222
40512,1825.0005106642222
40513,1825.0005106642222
40514,1825.0005106642222
40515,1825.0005106642222
40516,1825.0005106642222
40517,1825.0005106642222
40518,1825.0005106642222
40519,1825.0005106642222
40520,1825.0005106642222
40521,1825.0005106642222
40522,1825.0005106642222
40523,1825.0005106642222
40524,1825.0005106642222
40525,1825.0005106642222
40526,1825.0005106642222
40527,1825.0005106642222
40528,1825.0005106642222
40529,1825.0005106642222
40530,1825.0005106642222
40531,1825.0005106642222
40532,1825.0005106642222
40533,1825.0005106642222
40534,1825.0005106642222
40535,1825.0005106642222
40536,1825.0005106642222
40537,1825.0005106642222
40538,1825.0005106642222
40539,1825.0005106642222
40540,1825.0005106642222
40541,1825.0005106642222
40542,1825.0005106642222
40543,1825.0005106642222
40544,1825.0005106642222
40545,1825.0005106642222
40546,1825.0005106642222
40547,1825.0005106642222
40548,1825.0005106642222
40549,1825.0005106642222
40550,1825.0005106642222
40551,1825.0005106642222
40552,1825.0005106642222
40553,1825.0005106642222
40554,1825.0005106642222
40555,1825.0005106642222
40556,1825.0005106642222
40557,1825.0005106642222
40558,1825.0005106642222
40559,1825.0005106642222
40560,1825.0005106642222
40561,1825.0005106642222
40562,1825.0005106642222
40563,1825.0005106642222
40564,1825.0005106642222
40565,1825.0005106642222
40566,1825.0005106642222
40567,1825.0005106642222
40568,1825.0005106642222
40569,1825.0005106642222
40570,1825.0005106642222
40571,1825.0005106642222
40572,1825.0005106642222
40573,1825.0005106642222
40574,1825.0005106642222
40575,1825.0005106642222
40576,1825.0005106642222
40577,1825.0005106642222
40578,1825.0005106642222
40579,1825.0005106642222
40580,1825.0005106642222
40581,1825.0005106642222
40582,1825.0005106642222
40583,1825.0005106642222
40584,1825.0005106642222
40585,1825.0005106642222
40586,1825.0005106642222
40587,1825.0005106642222
40588,1825.0005106642222
40589,1825.0005106642222
40590,1825.0005106642222
40591,1825.0005106642222
40592,1825.0005106642222
40593,1825.0005106642222
40594,1825.0005106642222
40595,1825.0005106642222
40596,1825.0005106642222
40597,1825.0005106642222
40598,1825.0005106642222
40599,1825.0005106642222
40600,1825.0005106642222
40601,1825.0005106642222
40602,1825.0005106642222
40603,1825.0005106642222
40604,1825.0005106642222
40605,1825.0005106642222
40606,1825.0005106642222
40607,1825.0005106642222
40608,1825.0005106642222
40609,1825.0005106642222
40610,1825.0005106642222
40611,1825.0005106642222
40612,1825.0005106642222
40613,1825.0005106642222
40614,1825.0005106642222
40615,1825.0005106642222
40616,1825.0005106642222
40617,1825.0005106642222
40618,1825.0005106642222
40619,1825.0005106642222
40620,1825.0005106642222
40621,1825.0005106642222
40622,1825.0005106642222
40623,1825.0005106642222
40624,1825.0005106642222
40625,1825.0005106642222
40626,1825.0005106642222
40627,1825.0005106642222
40628,1825.0005106642222
40629,1825.0005106642222
40630,1825.0005106642222
40631,1825.0005106642222
40632,1825.0005106642222
40633,1825.0005106642222
40634,1825.0005106642222
40635,1825.0005106642222
40636,1825.0005106642222
40637,1825.0005106642222
40638,1825.0005106642222
40639,1825.0005106642222
40640,1825.0005106642222
40641,1825.0005106642222
40642,1825.0005106642222
40643,1825.0005106642222
40644,1825.0005106642222
40645,1825.0005106642222
40646,1825.0005106642222
40647,1825.0005106642222
40648,1825.0005106642222
40649,1825.0005106642222
40650,1825.0005106642222
40651,1825.0005106642222
40652,1825.0005106642222
40653,1825.0005106642222
40654,1825.0005106642222
40655,1825.0005106642222
40656,1825.0005106642222
40657,1825.0005106642222
40658,1825.0005106642222
40659,1825.0005106642222
40660,1825.0005106642222
40661,1825.0005106642222
40662,1825.0005106642222
40663,1825.0005106642222
40664,1825.0005106642222
40665,1825.0005106642222
40666,1825.0005106642222
40667,1825.0005106642222
40668,1825.0005106642222
40669,1825.0005106642222
40670,1825.0005106642222
40671,1825.0005106642222
40672,1825.0005106642222
40673,1825.0005106642222
40674,1825.0005106642222
40675,1825.0005106642222
40676,1825.0005106642222
40677,1825.0005106642222
40678,1825.0005106642222
40679,1825.0005106642222
40680,1825.0005106642222
40681,1825.0005106642222
40682,1825.0005106642222
40683,1825.0005106642222
40684,1825.0005106642222
40685,1825.0005106642222
40686,1825.0005106642222
40687,1825.0005106642222
40688,1825.0005106642222
40689,1825.0005106642222
40690,1825.0005106642222
40691,1825.0005106642222
40692,1825.0005106642222
40693,1825.0005106642222
40694,1825.0005106642222
40695,1825.0005106642222
40696,1825.0005106642222
40697,1825.0005106642222
40698,1825.0005106642222
40699,1825.0005106642222
40700,1825.0005106642222
40701,1825.0005106642222
40702,1825.0005106642222
40703,1825.0005106642222
40704,1825.0005106642222
40705,1825.0005106642222
40706,1825.0005106642222
40707,1825.0005106642222
40708,1825.0005106642222
40709,1825.0005106642222
40710,1825.0005106642222
40711,1825.0005106642222
40712,1825.0005106642222
40713,1825.0005106642222
40714,1825.0005106642222
40715,1825.0005106642222
40716,1825.0005106642222
40717,1825.0005106642222
40718,1825.0005106642222
40719,1825.0005106642222
40720,1825.0005106642222
40721,1825.0005106642222
40722,1825.0005106642222
40723,1825.0005106642222
40724,1825.0005106642222
40725,1825.0005106642222
40726,1825.0005106642222
40727,1825.0005106642222
40728,1825.0005106642222
40729,1825.0005106642222
40730,1825.0005106642222
40731,1825.0005106642222
40732,1825.0005106642222
40733,1825.0005106642222
40734,1825.0005106642222
40735,1825.0005106642222
40736,1825.0005106642222
40737,1825.0005106642222
40738,1825.0005106642222
40739,1825.0005106642222
40740,1825.0005106642222
40741,1825.0005106642222
40742,1825.0005106642222
40743,1825.0005106642222
40744,1825.0005106642222
40745,1825.0005106642222
40746,1825.0005106642222
40747,1825.0005106642222
40748,1825.0005106642222
40749,1825.0005106642222
40750,1825.0005106642222
40751,1825.0005106642222
40752,1825.0005106642222
40753,1825.0005106642222
40754,1825.0005106642222
40755,1825.0005106642222
40756,1825.0005106642222
40757,1825.0005106642222
40758,1825.0005106642222
40759,1825.0005106642222
40760,1825.0005106642222
40761,1825.0005106642222
40762,1825.0005106642222
40763,1825.0005106642222
40764,1825.0005106642222
40765,1825.0005106642222
40766,1825.0005106642222
40767,1825.0005106642222
40768,1825.0005106642222
40769,1825.0005106642222
40770,1825.0005106642222
40771,1825.0005106642222
40772,1825.0005106642222
40773,1825.0005106642222
40774,1825.0005106642222
40775,1825.0005106642222
40776,1825.0005106642222
40777,1825.0005106642222
40778,1825.0005106642222
40779,1825.0005106642222
40780,1825.0005106642222
40781,1825.0005106642222
40782,1825.0005106642222
40783,1825.0005106642222
40784,1825.0005106642222
40785,1825.0005106642222
40786,1825.0005106642222
40787,1825.0005106642222
40788,1825.0005106642222
40789,1825.0005106642222
40790,1825.0005106642222
40791,1825.0005106642222
40792,1825.0005106642222
40793,1825.0005106642222
40794,1825.0005106642222
40795,1825.0005106642222
40796,1825.0005106642222
40797,1825.0005106642222
40798,1825.0005106642222
40799,1825.0005106642222
40800,1825.0005106642222
40801,1825.0005106642222
40802,1825.0005106642222
40803,1825.0005106642222
40804,1825.0005106642222
40805,1825.0005106642222
40806,1825.0005106642222
40807,1825.0005106642222
40808,1825.0005106642222
40809,1825.0005106642222
40810,1825.0005106642222
40811,1825.0005106642222
40812,1825.0005106642222
40813,1825.0005106642222
40814,1825.0005106642222
40815,1825.0005106642222
40816,1825.0005106642222
40817,1825.0005106642222
40818,1825.0005106642222
40819,1825.0005106642222
40820,1825.0005106642222
40821,1825.0005106642222
40822,1825.0005106642222
40823,1825.0005106642222
40824,1825.0005106642222
40825,1825.0005106642222
40826,1825.0005106642222
40827,1825.0005106642222
40828,1825.0005106642222
40829,1825.0005106642222
40830,1825.0005106642222
40831,1825.0005106642222
40832,1825.0005106642222
40833,1825.0005106642222
40834,1825.0005106642222
40835,1825.0005106642222
40836,1825.0005106642222
40837,1825.0005106642222
40838,1825.0005106642222
40839,1825.0005106642222
40840,1825.0005106642222
40841,1825.0005106642222
40842,1825.0005106642222
40843,1825.0005106642222
40844,1825.0005106642222
40845,1825.0005106642222
40846,1825.0005106642222
40847,1825.0005106642222
40848,1825.0005106642222
40849,1825.0005106642222
40850,1825.0005106642222
40851,1825.0005106642222
40852,1825.0005106642222
40853,1825.0005106642222
40854,1825.0005106642222
40855,1825.0005106642222
40856,1825.0005106642222
40857,1825.0005106642222
40858,1825.0005106642222
40859,1825.0005106642222
40860,1825.0005106642222
40861,1825.0005106642222
40862,1825.0005106642222
40863,1825.0005106642222
40864,1825.0005106642222
40865,1825.0005106642222
40866,1825.0005106642222
40867,1825.0005106642222
40868,1825.0005106642222
40869,1825.0005106642222
40870,1825.0005106642222
40871,1825.0005106642222
40872,1825.0005106642222
40873,1825.0005106642222
40874,1825.0005106642222
40875,1825.0005106642222
40876,1825.0005106642222
40877,1825.0005106642222
40878,1825.0005106642222
40879,1825.0005106642222
40880,1825.0005106642222
40881,1825.0005106642222
40882,1825.0005106642222
40883,1825.0005106642222
40884,1825.0005106642222
40885,1825.0005106642222
40886,1825.0005106642222
40887,1825.0005106642222
40888,1825.0005106642222
40889,1825.0005106642222
40890,1825.0005106642222
40891,1825.0005106642222
40892,1825.0005106642222
40893,1825.0005106642222
40894,1825.0005106642222
40895,1825.0005106642222
40896,1825.0005106642222
40897,1825.0005106642222
40898,1825.0005106642222
40899,1825.0005106642222
40900,1825.0005106642222
40901,1825.0005106642222
40902,1825.0005106642222
40903,1825.0005106642222
40904,1825.0005106642222
40905,1825.0005106642222
40906,1825.0005106642222
40907,1825.0005106642222
40908,1825.0005106642222
40909,1825.0005106642222
40910,1825.0005106642222
40911,1825.0005106642222
40912,1825.0005106642222
40913,1825.0005106642222
40914,1825.0005106642222
40915,1825.0005106642222
40916,1825.0005106642222
40917,1825.0005106642222
40918,1825.0005106642222
40919,1825.0005106642222
40920,1825.0005106642222
40921,1825.0005106642222
40922,1825.0005106642222
40923,1825.0005106642222
40924,1825.0005106642222
40925,1825.0005106642222
40926,1825.0005106642222
40927,1825.0005106642222
40928,1825.0005106642222
40929,1825.0005106642222
40930,1825.0005106642222
40931,1825.0005106642222
40932,1825.0005106642222
40933,1825.0005106642222
40934,1825.0005106642222
40935,1825.0005106642222
40936,1825.0005106642222
40937,1825.0005106642222
40938,1825.0005106642222
40939,1825.0005106642222
40940,1825.0005106642222
40941,1825.0005106642222
40942,1825.0005106642222
40943,1825.0005106642222
40944,1825.0005106642222
40945,1825.0005106642222
40946,1825.0005106642222
40947,1825.0005106642222
40948,1825.0005106642222
40949,1825.0005106642222
40950,1825.0005106642222
40951,1825.0005106642222
40952,1825.0005106642222
40953,1825.0005106642222
40954,1825.0005106642222
40955,1825.0005106642222
40956,1825.0005106642222
40957,1825.0005106642222
40958,1825.0005106642222
40959,1825.0005106642222
40960,1825.0005106642222
40961,1825.0005106642222
40962,1825.0005106642222
40963,1825.0005106642222
40964,1825.0005106642222
40965,1825.0005106642222
40966,1825.0005106642222
40967,1825.0005106642222
40968,1825.0005106642222
40969,1825.0005106642222
40970,1825.0005106642222
40971,1825.0005106642222
40972,1825.0005106642222
40973,1825.0005106642222
40974,1825.0005106642222
40975,1825.0005106642222
40976,1825.0005106642222
40977,1825.0005106642222
40978,1825.0005106642222
40979,1825.0005106642222
40980,1825.0005106642222
40981,1825.0005106642222
40982,1825.0005106642222
40983,1825.0005106642222
40984,1825.0005106642222
40985,1825.0005106642222
40986,1825.0005106642222
40987,1825.0005106642222
40988,1825.0005106642222
40989,1825.0005106642222
40990,1825.0005106642222
40991,1825.0005106642222
40992,1825.0005106642222
40993,1825.0005106642222
40994,1825.0005106642222
40995,1825.0005106642222
40996,1825.0005106642222
40997,1825.0005106642222
40998,1825.0005106642222
40999,1825.0005106642222
41000,1825.0005106642222
41001,1825.0005106642222
41002,1825.0005106642222
41003,1825.0005106642222
41004,1825.0005106642222
41005,1825.0005106642222
41006,1825.0005106642222
41007,1825.0005106642222
41008,1825.0005106642222
41009,1825.0005106642222
41010,1825.0005106642222
41011,1825.0005106642222
41012,1825.0005106642222
41013,1825.0005106642222
41014,1825.0005106642222
41015,1825.0005106642222
41016,1825.0005106642222
41017,1825.0005106642222
41018,1825.0005106642222
41019,1825.0005106642222
41020,1825.0005106642222
41021,1825.0005106642222
41022,1825.0005106642222
41023,1825.0005106642222
41024,1825.0005106642222
41025,1825.0005106642222
41026,1825.0005106642222
41027,1825.0005106642222
41028,1825.0005106642222
41029,1825.0005106642222
41030,1825.0005106642222
41031,1825.0005106642222
41032,1825.0005106642222
41033,1825.0005106642222
41034,1825.0005106642222
41035,1825.0005106642222
41036,1825.0005106642222
41037,1825.0005106642222
41038,1825.0005106642222
41039,1825.0005106642222
41040,1825.0005106642222
41041,1825.0005106642222
41042,1825.0005106642222
41043,1825.0005106642222
41044,1825.0005106642222
41045,1825.0005106642222
41046,1825.0005106642222
41047,1825.0005106642222
41048,1825.0005106642222
41049,1825.0005106642222
41050,1825.0005106642222
41051,1825.0005106642222
41052,1825.0005106642222
41053,1825.0005106642222
41054,1825.0005106642222
41055,1825.0005106642222
41056,1825.0005106642222
41057,1825.0005106642222
41058,1825.0005106642222
41059,1825.0005106642222
41060,1825.0005106642222
41061,1825.0005106642222
41062,1825.0005106642222
41063,1825.0005106642222
41064,1825.0005106642222
41065,1825.0005106642222
41066,1825.0005106642222
41067,1825.0005106642222
41068,1825.0005106642222
41069,1825.0005106642222
41070,1825.0005106642222
41071,1825.0005106642222
41072,1825.0005106642222
41073,1825.0005106642222
41074,1825.0005106642222
41075,1825.0005106642222
41076,1825.0005106642222
41077,1825.0005106642222
41078,1825.0005106642222
41079,1825.0005106642222
41080,1825.0005106642222
41081,1825.0005106642222
41082,1825.0005106642222
41083,1825.0005106642222
41084,1825.0005106642222
41085,1825.0005106642222
41086,1825.0005106642222
41087,1825.0005106642222
41088,1825.0005106642222
41089,1825.0005106642222
41090,1825.0005106642222
41091,1825.0005106642222
41092,1825.0005106642222
41093,1825.0005106642222
41094,1825.0005106642222
41095,1825.0005106642222
41096,1825.0005106642222
41097,1825.0005106642222
41098,1825.0005106642222
41099,1825.0005106642222
41100,1825.0005106642222
41101,1825.0005106642222
41102,1825.0005106642222
41103,1825.0005106642222
41104,1825.0005106642222
41105,1825.0005106642222
41106,1825.0005106642222
41107,1825.0005106642222
41108,1825.0005106642222
41109,1825.0005106642222
41110,1825.0005106642222
41111,1825.0005106642222
41112,1825.0005106642222
41113,1825.0005106642222
41114,1825.0005106642222
41115,1825.0005106642222
41116,1825.0005106642222
41117,1825.0005106642222
41118,1825.0005106642222
41119,1825.0005106642222
41120,1825.0005106642222
41121,1825.0005106642222
41122,1825.0005106642222
41123,1825.0005106642222
41124,1825.0005106642222
41125,1825.0005106642222
41126,1825.0005106642222
41127,1825.0005106642222
41128,1825.0005106642222
41129,1825.0005106642222
41130,1825.0005106642222
41131,1825.0005106642222
41132,1825.0005106642222
41133,1825.0005106642222
41134,1825.0005106642222
41135,1825.0005106642222
41136,1825.0005106642222
41137,1825.0005106642222
41138,1825.0005106642222
41139,1825.0005106642222
41140,1825.0005106642222
41141,1825.0005106642222
41142,1825.0005106642222
41143,1825.0005106642222
41144,1825.0005106642222
41145,1825.0005106642222
41146,1825.0005106642222
41147,1825.0005106642222
41148,1825.0005106642222
41149,1825.0005106642222
41150,1825.0005106642222
41151,1825.0005106642222
41152,1825.0005106642222
41153,1825.0005106642222
41154,1825.0005106642222
41155,1825.0005106642222
41156,1825.0005106642222
41157,1825.0005106642222
41158,1825.0005106642222
41159,1825.0005106642222
41160,1825.0005106642222
41161,1825.0005106642222
41162,1825.0005106642222
41163,1825.0005106642222
41164,1825.0005106642222
41165,1825.0005106642222
41166,1825.0005106642222
41167,1825.0005106642222
41168,1825.0005106642222
41169,1825.0005106642222
41170,1825.0005106642222
41171,1825.0005106642222
41172,1825.0005106642222
41173,1825.0005106642222
41174,1825.0005106642222
41175,1825.0005106642222
41176,1825.0005106642222
41177,1825.0005106642222
41178,1825.0005106642222
41179,1825.0005106642222
41180,1825.0005106642222
41181,1825.0005106642222
41182,1825.0005106642222
41183,1825.0005106642222
41184,1825.0005106642222
41185,1825.0005106642222
41186,1825.0005106642222
41187,1825.0005106642222
41188,1825.0005106642222
41189,1825.0005106642222
41190,1825.0005106642222
41191,1825.0005106642222
41192,1825.0005106642222
41193,1825.0005106642222
41194,1825.0005106642222
41195,1825.0005106642222
41196,1825.0005106642222
41197,1825.0005106642222
41198,1825.0005106642222
41199,1825.0005106642222
41200,1825.0005106642222
41201,1825.0005106642222
41202,1825.0005106642222
41203,1825.0005106642222
41204,1825.0005106642222
41205,1825.0005106642222
41206,1825.0005106642222
41207,1825.0005106642222
41208,1825.0005106642222
41209,1825.0005106642222
41210,1825.0005106642222
41211,1825.0005106642222
41212,1825.0005106642222
41213,1825.0005106642222
41214,1825.0005106642222
41215,1825.0005106642222
41216,1825.0005106642222
41217,1825.0005106642222
41218,1825.0005106642222
41219,1825.0005106642222
41220,1825.0005106642222
41221,1825.0005106642222
41222,1825.0005106642222
41223,1825.0005106642222
41224,1825.0005106642222
41225,1825.0005106642222
41226,1825.0005106642222
41227,1825.0005106642222
41228,1825.0005106642222
41229,1825.0005106642222
41230,1825.0005106642222
41231,1825.0005106642222
41232,1825.0005106642222
41233,1825.0005106642222
41234,1825.0005106642222
41235,1825.0005106642222
41236,1825.0005106642222
41237,1825.0005106642222
41238,1825.0005106642222
41239,1825.0005106642222
41240,1825.0005106642222
41241,1825.0005106642222
41242,1825.0005106642222
41243,1825.0005106642222
41244,1825.0005106642222
41245,1825.0005106642222
41246,1825.0005106642222
41247,1825.0005106642222
41248,1825.0005106642222
41249,1825.0005106642222
41250,1825.0005106642222
41251,1825.0005106642222
41252,1825.0005106642222
41253,1825.0005106642222
41254,1825.0005106642222
41255,1825.0005106642222
41256,1825.0005106642222
41257,1825.0005106642222
41258,1825.0005106642222
41259,1825.0005106642222
41260,1825.0005106642222
41261,1825.0005106642222
41262,1825.0005106642222
41263,1825.0005106642222
41264,1825.0005106642222
41265,1825.0005106642222
41266,1825.0005106642222
41267,1825.0005106642222
41268,1825.0005106642222
41269,1825.0005106642222
41270,1825.0005106642222
41271,1825.0005106642222
41272,1825.0005106642222
41273,1825.0005106642222
41274,1825.0005106642222
41275,1825.0005106642222
41276,1825.0005106642222
41277,1825.0005106642222
41278,1825.0005106642222
41279,1825.0005106642222
41280,1825.0005106642222
41281,1825.0005106642222
41282,1825.0005106642222
41283,1825.0005106642222
41284,1825.0005106642222
41285,1825.0005106642222
41286,1825.0005106642222
41287,1825.0005106642222
41288,1825.0005106642222
41289,1825.0005106642222
41290,1825.0005106642222
41291,1825.0005106642222
41292,1825.0005106642222
41293,1825.0005106642222
41294,1825.0005106642222
41295,1825.0005106642222
41296,1825.0005106642222
41297,1825.0005106642222
41298,1825.0005106642222
41299,1825.0005106642222
41300,1825.0005106642222
41301,1825.0005106642222
41302,1825.0005106642222
41303,1825.0005106642222
41304,1825.0005106642222
41305,1825.0005106642222
41306,1825.0005106642222
41307,1825.0005106642222
41308,1825.0005106642222
41309,1825.0005106642222
41310,1825.0005106642222
41311,1825.0005106642222
41312,1825.0005106642222
41313,1825.0005106642222
41314,1825.0005106642222
41315,1825.0005106642222
41316,1825.0005106642222
41317,1825.0005106642222
41318,1825.0005106642222
41319,1825.0005106642222
41320,1825.0005106642222
41321,1825.0005106642222
41322,1825.0005106642222
41323,1825.0005106642222
41324,1825.0005106642222
41325,1825.0005106642222
41326,1825.0005106642222
41327,1825.0005106642222
41328,1825.0005106642222
41329,1825.0005106642222
41330,1825.0005106642222
41331,1825.0005106642222
41332,1825.0005106642222
41333,1825.0005106642222
41334,1825.0005106642222
41335,1825.0005106642222
41336,1825.0005106642222
41337,1825.0005106642222
41338,1825.0005106642222
41339,1825.0005106642222
41340,1825.0005106642222
41341,1825.0005106642222
41342,1825.0005106642222
41343,1825.0005106642222
41344,1825.0005106642222
41345,1825.0005106642222
41346,1825.0005106642222
41347,1825.0005106642222
41348,1825.0005106642222
41349,1825.0005106642222
41350,1825.0005106642222
41351,1825.0005106642222
41352,1825.0005106642222
41353,1825.0005106642222
41354,1825.0005106642222
41355,1825.0005106642222
41356,1825.0005106642222
41357,1825.0005106642222
41358,1825.0005106642222
41359,1825.0005106642222
41360,1825.0005106642222
41361,1825.0005106642222
41362,1825.0005106642222
41363,1825.0005106642222
41364,1825.0005106642222
41365,1825.0005106642222
41366,1825.0005106642222
41367,1825.0005106642222
41368,1825.0005106642222
41369,1825.0005106642222
41370,1825.0005106642222
41371,1825.0005106642222
41372,1825.0005106642222
41373,1825.0005106642222
41374,1825.0005106642222
41375,1825.0005106642222
41376,1825.0005106642222
41377,1825.0005106642222
41378,1825.0005106642222
41379,1825.0005106642222
41380,1825.0005106642222
41381,1825.0005106642222
41382,1825.0005106642222
41383,1825.0005106642222
41384,1825.0005106642222
41385,1825.0005106642222
41386,1825.0005106642222
41387,1825.0005106642222
41388,1825.0005106642222
41389,1825.0005106642222
41390,1825.0005106642222
41391,1825.0005106642222
41392,1825.0005106642222
41393,1825.0005106642222
41394,1825.0005106642222
41395,1825.0005106642222
41396,1825.0005106642222
41397,1825.0005106642222
41398,1825.0005106642222
41399,1825.0005106642222
41400,1825.0005106642222
41401,1825.0005106642222
41402,1825.0005106642222
41403,1825.0005106642222
41404,1825.0005106642222
41405,1825.0005106642222
41406,1825.0005106642222
41407,1825.0005106642222
41408,1825.0005106642222
41409,1825.0005106642222
41410,1825.0005106642222
41411,1825.0005106642222
41412,1825.0005106642222
41413,1825.0005106642222
41414,1825.0005106642222
41415,1825.0005106642222
41416,1825.0005106642222
41417,1825.0005106642222
41418,1825.0005106642222
41419,1825.0005106642222
41420,1825.0005106642222
41421,1825.0005106642222
41422,1825.0005106642222
41423,1825.0005106642222
41424,1825.0005106642222
41425,1825.0005106642222
41426,1825.0005106642222
41427,1825.0005106642222
41428,1825.0005106642222
41429,1825.0005106642222
41430,1825.0005106642222
41431,1825.0005106642222
41432,1825.0005106642222
41433,1825.0005106642222
41434,1825.0005106642222
41435,1825.0005106642222
41436,1825.0005106642222
41437,1825.0005106642222
41438,1825.0005106642222
41439,1825.0005106642222
41440,1825.0005106642222
41441,1825.0005106642222
41442,1825.0005106642222
41443,1825.0005106642222
41444,1825.0005106642222
41445,1825.0005106642222
41446,1825.0005106642222
41447,1825.0005106642222
41448,1825.0005106642222
41449,1825.0005106642222
41450,1825.0005106642222
41451,1825.0005106642222
41452,1825.0005106642222
41453,1825.0005106642222
41454,1825.0005106642222
41455,1825.0005106642222
41456,1825.0005106642222
41457,1825.0005106642222
41458,1825.0005106642222
41459,1825.0005106642222
41460,1825.0005106642222
41461,1825.0005106642222
41462,1825.0005106642222
41463,1825.0005106642222
41464,1825.0005106642222
41465,1825.0005106642222
41466,1825.0005106642222
41467,1825.0005106642222
41468,1825.0005106642222
41469,1825.0005106642222
41470,1825.0005106642222
41471,1825.0005106642222
41472,1825.0005106642222
41473,1825.0005106642222
41474,1825.0005106642222
41475,1825.0005106642222
41476,1825.0005106642222
41477,1825.0005106642222
41478,1825.0005106642222
41479,1825.0005106642222
41480,1825.0005106642222
41481,1825.0005106642222
41482,1825.0005106642222
41483,1825.0005106642222
41484,1825.0005106642222
41485,1825.0005106642222
41486,1825.0005106642222
41487,1825.0005106642222
41488,1825.0005106642222
41489,1825.0005106642222
41490,1825.0005106642222
41491,1825.0005106642222
41492,1825.0005106642222
41493,1825.0005106642222
41494,1825.0005106642222
41495,1825.0005106642222
41496,1825.0005106642222
41497,1825.0005106642222
41498,1825.0005106642222
41499,1825.0005106642222
41500,1825.0005106642222
41501,1825.0005106642222
41502,1825.0005106642222
41503,1825.0005106642222
41504,1825.0005106642222
41505,1825.0005106642222
41506,1825.0005106642222
41507,1825.0005106642222
41508,1825.0005106642222
41509,1825.0005106642222
41510,1825.0005106642222
41511,1825.0005106642222
41512,1825.0005106642222
41513,1825.0005106642222
41514,1825.0005106642222
41515,1825.0005106642222
41516,1825.0005106642222
41517,1825.0005106642222
41518,1825.0005106642222
41519,1825.0005106642222
41520,1825.0005106642222
41521,1825.0005106642222
41522,1825.0005106642222
41523,1825.0005106642222
41524,1825.0005106642222
41525,1825.0005106642222
41526,1825.0005106642222
41527,1825.0005106642222
41528,1825.0005106642222
41529,1825.0005106642222
41530,1825.0005106642222
41531,1825.0005106642222
41532,1825.0005106642222
41533,1825.0005106642222
41534,1825.0005106642222
41535,1825.0005106642222
41536,1825.0005106642222
41537,1825.0005106642222
41538,1825.0005106642222
41539,1825.0005106642222
41540,1825.0005106642222
41541,1825.0005106642222
41542,1825.0005106642222
41543,1825.0005106642222
41544,1825.0005106642222
41545,1825.0005106642222
41546,1825.0005106642222
41547,1825.0005106642222
41548,1825.0005106642222
41549,1825.0005106642222
41550,1825.0005106642222
41551,1825.0005106642222
41552,1825.0005106642222
41553,1825.0005106642222
41554,1825.0005106642222
41555,1825.0005106642222
41556,1825.0005106642222
41557,1825.0005106642222
41558,1825.0005106642222
41559,1825.0005106642222
41560,1825.0005106642222
41561,1825.0005106642222
41562,1825.0005106642222
41563,1825.0005106642222
41564,1825.0005106642222
41565,1825.0005106642222
41566,1825.0005106642222
41567,1825.0005106642222
41568,1825.0005106642222
41569,1825.0005106642222
41570,1825.0005106642222
41571,1825.0005106642222
41572,1825.0005106642222
41573,1825.0005106642222
41574,1825.0005106642222
41575,1825.0005106642222
41576,1825.0005106642222
41577,1825.0005106642222
41578,1825.0005106642222
41579,1825.0005106642222
41580,1825.0005106642222
41581,1825.0005106642222
41582,1825.0005106642222
41583,1825.0005106642222
41584,1825.0005106642222
41585,1825.0005106642222
41586,1825.0005106642222
41587,1825.0005106642222
41588,1825.0005106642222
41589,1825.0005106642222
41590,1825.0005106642222
41591,1825.0005106642222
41592,1825.0005106642222
41593,1825.0005106642222
41594,1825.0005106642222
41595,1825.0005106642222
41596,1825.0005106642222
41597,1825.0005106642222
41598,1825.0005106642222
41599,1825.0005106642222
41600,1825.0005106642222
41601,1825.0005106642222
41602,1825.0005106642222
41603,1825.0005106642222
41604,1825.0005106642222
41605,1825.0005106642222
41606,1825.0005106642222
41607,1825.0005106642222
41608,1825.0005106642222
41609,1825.0005106642222
41610,1825.0005106642222
41611,1825.0005106642222
41612,1825.0005106642222
41613,1825.0005106642222
41614,1825.0005106642222
41615,1825.0005106642222
41616,1825.0005106642222
41617,1825.0005106642222
41618,1825.0005106642222
41619,1825.0005106642222
41620,1825.0005106642222
41621,1825.0005106642222
41622,1825.0005106642222
41623,1825.0005106642222
41624,1825.0005106642222
41625,1825.0005106642222
41626,1825.0005106642222
41627,1825.0005106642222
41628,1825.0005106642222
41629,1825.0005106642222
41630,1825.0005106642222
41631,1825.0005106642222
41632,1825.0005106642222
41633,1825.0005106642222
41634,1825.0005106642222
41635,1825.0005106642222
41636,1825.0005106642222
41637,1825.0005106642222
41638,1825.0005106642222
41639,1825.0005106642222
41640,1825.0005106642222
41641,1825.0005106642222
41642,1825.0005106642222
41643,1825.0005106642222
41644,1825.0005106642222
41645,1825.0005106642222
41646,1825.0005106642222
41647,1825.0005106642222
41648,1825.0005106642222
41649,1825.0005106642222
41650,1825.0005106642222
41651,1825.0005106642222
41652,1825.0005106642222
41653,1825.0005106642222
41654,1825.0005106642222
41655,1825.0005106642222
41656,1825.0005106642222
41657,1825.0005106642222
41658,1825.0005106642222
41659,1825.0005106642222
41660,1825.0005106642222
41661,1825.0005106642222
41662,1825.0005106642222
41663,1825.0005106642222
41664,1825.0005106642222
41665,1825.0005106642222
41666,1825.0005106642222
41667,1825.0005106642222
41668,1825.0005106642222
41669,1825.0005106642222
41670,1825.0005106642222
41671,1825.0005106642222
41672,1825.0005106642222
41673,1825.0005106642222
41674,1825.0005106642222
41675,1825.0005106642222
41676,1825.0005106642222
41677,1825.0005106642222
41678,1825.0005106642222
41679,1825.0005106642222
41680,1825.0005106642222
41681,1825.0005106642222
41682,1825.0005106642222
41683,1825.0005106642222
41684,1825.0005106642222
41685,1825.0005106642222
41686,1825.0005106642222
41687,1825.0005106642222
41688,1825.0005106642222
41689,1825.0005106642222
41690,1825.0005106642222
41691,1825.0005106642222
41692,1825.0005106642222
41693,1825.0005106642222
41694,1825.0005106642222
41695,1825.0005106642222
41696,1825.0005106642222
41697,1825.0005106642222
41698,1825.0005106642222
41699,1825.0005106642222
41700,1825.0005106642222
41701,1825.0005106642222
41702,1825.0005106642222
41703,1825.0005106642222
41704,1825.0005106642222
41705,1825.0005106642222
41706,1825.0005106642222
41707,1825.0005106642222
41708,1825.0005106642222
41709,1825.0005106642222
41710,1825.0005106642222
41711,1825.0005106642222
41712,1825.0005106642222
41713,1825.0005106642222
41714,1825.0005106642222
41715,1825.0005106642222
41716,1825.0005106642222
41717,1825.0005106642222
41718,1825.0005106642222
41719,1825.0005106642222
41720,1825.0005106642222
41721,1825.0005106642222
41722,1825.0005106642222
41723,1825.0005106642222
41724,1825.0005106642222
41725,1825.0005106642222
41726,1825.0005106642222
41727,1825.0005106642222
41728,1825.0005106642222
41729,1825.0005106642222
41730,1825.0005106642222
41731,1825.0005106642222
41732,1825.0005106642222
41733,1825.0005106642222
41734,1825.0005106642222
41735,1825.0005106642222
41736,1825.0005106642222
41737,1825.0005106642222
41738,1825.0005106642222
41739,1825.0005106642222
41740,1825.0005106642222
41741,1825.0005106642222
41742,1825.0005106642222
41743,1825.0005106642222
41744,1825.0005106642222
41745,1825.0005106642222
41746,1825.0005106642222
41747,1825.0005106642222
41748,1825.0005106642222
41749,1825.0005106642222
41750,1825.0005106642222
41751,1825.0005106642222
41752,1825.0005106642222
41753,1825.0005106642222
41754,1825.0005106642222
41755,1825.0005106642222
41756,1825.0005106642222
41757,1825.0005106642222
41758,1825.0005106642222
41759,1825.0005106642222
41760,1825.0005106642222
41761,1825.0005106642222
41762,1825.0005106642222
41763,1825.0005106642222
41764,1825.0005106642222
41765,1825.0005106642222
41766,1825.0005106642222
41767,1825.0005106642222
41768,1825.0005106642222
41769,1825.0005106642222
41770,1825.0005106642222
41771,1825.0005106642222
41772,1825.0005106642222
41773,1825.0005106642222
41774,1825.0005106642222
41775,1825.0005106642222
41776,1825.0005106642222
41777,1825.0005106642222
41778,1825.0005106642222
41779,1825.0005106642222
41780,1825.0005106642222
41781,1825.0005106642222
41782,1825.0005106642222
41783,1825.0005106642222
41784,1825.0005106642222
41785,1825.0005106642222
41786,1825.0005106642222
41787,1825.0005106642222
41788,1825.0005106642222
41789,1825.0005106642222
41790,1825.0005106642222
41791,1825.0005106642222
41792,1825.0005106642222
41793,1825.0005106642222
41794,1825.0005106642222
41795,1825.0005106642222
41796,1825.0005106642222
41797,1825.0005106642222
41798,1825.0005106642222
41799,1825.0005106642222
41800,1825.0005106642222
41801,1825.0005106642222
41802,1825.0005106642222
41803,1825.0005106642222
41804,1825.0005106642222
41805,1825.0005106642222
41806,1825.0005106642222
41807,1825.0005106642222
41808,1825.0005106642222
41809,1825.0005106642222
41810,1825.0005106642222
41811,1825.0005106642222
41812,1825.0005106642222
41813,1825.0005106642222
41814,1825.0005106642222
41815,1825.0005106642222
41816,1825.0005106642222
41817,1825.0005106642222
41818,1825.0005106642222
41819,1825.0005106642222
41820,1825.0005106642222
41821,1825.0005106642222
41822,1825.0005106642222
41823,1825.0005106642222
41824,1825.0005106642222
41825,1825.0005106642222
41826,1825.0005106642222
41827,1825.0005106642222
41828,1825.0005106642222
41829,1825.0005106642222
41830,1825.0005106642222
41831,1825.0005106642222
41832,1825.0005106642222
41833,1825.0005106642222
41834,1825.0005106642222
41835,1825.0005106642222
41836,1825.0005106642222
41837,1825.0005106642222
41838,1825.0005106642222
41839,1825.0005106642222
41840,1825.0005106642222
41841,1825.0005106642222
41842,1825.0005106642222
41843,1825.0005106642222
41844,1825.0005106642222
41845,1825.0005106642222
41846,1825.0005106642222
41847,1825.0005106642222
41848,1825.0005106642222
41849,1825.0005106642222
41850,1825.0005106642222
41851,1825.0005106642222
41852,1825.0005106642222
41853,1825.0005106642222
41854,1825.0005106642222
41855,1825.0005106642222
41856,1825.0005106642222
41857,1825.0005106642222
41858,1825.0005106642222
41859,1825.0005106642222
41860,1825.0005106642222
41861,1825.0005106642222
41862,1825.0005106642222
41863,1825.0005106642222
41864,1825.0005106642222
41865,1825.0005106642222
41866,1825.0005106642222
41867,1825.0005106642222
41868,1825.0005106642222
41869,1825.0005106642222
41870,1825.0005106642222
41871,1825.0005106642222
41872,1825.0005106642222
41873,1825.0005106642222
41874,1825.0005106642222
41875,1825.0005106642222
41876,1825.0005106642222
41877,1825.0005106642222
41878,1825.0005106642222
41879,1825.0005106642222
41880,1825.0005106642222
41881,1825.0005106642222
41882,1825.0005106642222
41883,1825.0005106642222
41884,1825.0005106642222
41885,1825.0005106642222
41886,1825.0005106642222
41887,1825.0005106642222
41888,1825.0005106642222
41889,1825.0005106642222
41890,1825.0005106642222
41891,1825.0005106642222
41892,1825.0005106642222
41893,1825.0005106642222
41894,1825.0005106642222
41895,1825.0005106642222
41896,1825.0005106642222
41897,1825.0005106642222
41898,1825.0005106642222
41899,1825.0005106642222
41900,1825.0005106642222
41901,1825.0005106642222
41902,1825.0005106642222
41903,1825.0005106642222
41904,1825.0005106642222
41905,1825.0005106642222
41906,1825.0005106642222
41907,1825.0005106642222
41908,1825.0005106642222
41909,1825.0005106642222
41910,1825.0005106642222
41911,1825.0005106642222
41912,1825.0005106642222
41913,1825.0005106642222
41914,1825.0005106642222
41915,1825.0005106642222
41916,1825.0005106642222
41917,1825.0005106642222
41918,1825.0005106642222
41919,1825.0005106642222
41920,1825.0005106642222
41921,1825.0005106642222
41922,1825.0005106642222
41923,1825.0005106642222
41924,1825.0005106642222
41925,1825.0005106642222
41926,1825.0005106642222
41927,1825.0005106642222
41928,1825.0005106642222
41929,1825.0005106642222
41930,1825.0005106642222
41931,1825.0005106642222
41932,1825.0005106642222
41933,1825.0005106642222
41934,1825.0005106642222
41935,1825.0005106642222
41936,1825.0005106642222
41937,1825.0005106642222
41938,1825.0005106642222
41939,1825.0005106642222
41940,1825.0005106642222
41941,1825.0005106642222
41942,1825.0005106642222
41943,1825.0005106642222
41944,1825.0005106642222
41945,1825.0005106642222
41946,1825.0005106642222
41947,1825.0005106642222
41948,1825.0005106642222
41949,1825.0005106642222
41950,1825.0005106642222
41951,1825.0005106642222
41952,1825.0005106642222
41953,1825.0005106642222
41954,1825.0005106642222
41955,1825.0005106642222
41956,1825.0005106642222
41957,1825.0005106642222
41958,1825.0005106642222
41959,1825.0005106642222
41960,1825.0005106642222
41961,1825.0005106642222
41962,1825.0005106642222
41963,1825.0005106642222
41964,1825.0005106642222
41965,1825.0005106642222
41966,1825.0005106642222
41967,1825.0005106642222
41968,1825.0005106642222
41969,1825.0005106642222
41970,1825.0005106642222
41971,1825.0005106642222
41972,1825.0005106642222
41973,1825.0005106642222
41974,1825.0005106642222
41975,1825.0005106642222
41976,1825.0005106642222
41977,1825.0005106642222
41978,1825.0005106642222
41979,1825.0005106642222
41980,1825.0005106642222
41981,1825.0005106642222
41982,1825.0005106642222
41983,1825.0005106642222
41984,1825.0005106642222
41985,1825.0005106642222
41986,1825.0005106642222
41987,1825.0005106642222
41988,1825.0005106642222
41989,1825.0005106642222
41990,1825.0005106642222
41991,1825.0005106642222
41992,1825.0005106642222
41993,1825.0005106642222
41994,1825.0005106642222
41995,1825.0005106642222
41996,1825.0005106642222
41997,1825.0005106642222
41998,1825.0005106642222
41999,1825.0005106642222
42000,1825.0005106642222
42001,1825.0005106642222
42002,1825.0005106642222
42003,1825.0005106642222
42004,1825.0005106642222
42005,1825.0005106642222
42006,1825.0005106642222
42007,1825.0005106642222
42008,1825.0005106642222
42009,1825.0005106642222
42010,1825.0005106642222
42011,1825.0005106642222
42012,1825.0005106642222
42013,1825.0005106642222
42014,1825.0005106642222
42015,1825.0005106642222
42016,1825.0005106642222
42017,1825.0005106642222
42018,1825.0005106642222
42019,1825.0005106642222
42020,1825.0005106642222
42021,1825.0005106642222
42022,1825.0005106642222
42023,1825.0005106642222
42024,1825.0005106642222
42025,1825.0005106642222
42026,1825.0005106642222
42027,1825.0005106642222
42028,1825.0005106642222
42029,1825.0005106642222
42030,1825.0005106642222
42031,1825.0005106642222
42032,1825.0005106642222
42033,1825.0005106642222
42034,1825.0005106642222
42035,1825.0005106642222
42036,1825.0005106642222
42037,1825.0005106642222
42038,1825.0005106642222
42039,1825.0005106642222
42040,1825.0005106642222
42041,1825.0005106642222
42042,1825.0005106642222
42043,1825.0005106642222
42044,1825.0005106642222
42045,1825.0005106642222
42046,1825.0005106642222
42047,1825.0005106642222
42048,1825.0005106642222
42049,1825.0005106642222
42050,1825.0005106642222
42051,1825.0005106642222
42052,1825.0005106642222
42053,1825.0005106642222
42054,1825.0005106642222
42055,1825.0005106642222
42056,1825.0005106642222
42057,1825.0005106642222
42058,1825.0005106642222
42059,1825.0005106642222
42060,1825.0005106642222
42061,1825.0005106642222
42062,1825.0005106642222
42063,1825.0005106642222
42064,1825.0005106642222
42065,1825.0005106642222
42066,1825.0005106642222
42067,1825.0005106642222
42068,1825.0005106642222
42069,1825.0005106642222
42070,1825.0005106642222
42071,1825.0005106642222
42072,1825.0005106642222
42073,1825.0005106642222
42074,1825.0005106642222
42075,1825.0005106642222
42076,1825.0005106642222
42077,1825.0005106642222
42078,1825.0005106642222
42079,1825.0005106642222
42080,1825.0005106642222
42081,1825.0005106642222
42082,1825.0005106642222
42083,1825.0005106642222
42084,1825.0005106642222
42085,1825.0005106642222
42086,1825.0005106642222
42087,1825.0005106642222
42088,1825.0005106642222
42089,1825.0005106642222
42090,1825.0005106642222
42091,1825.0005106642222
42092,1825.0005106642222
42093,1825.0005106642222
42094,1825.0005106642222
42095,1825.0005106642222
42096,1825.0005106642222
42097,1825.0005106642222
42098,1825.0005106642222
42099,1825.0005106642222
42100,1825.0005106642222
42101,1825.0005106642222
42102,1825.0005106642222
42103,1825.0005106642222
42104,1825.0005106642222
42105,1825.0005106642222
42106,1825.0005106642222
42107,1825.0005106642222
42108,1825.0005106642222
42109,1825.0005106642222
42110,1825.0005106642222
42111,1825.0005106642222
42112,1825.0005106642222
42113,1825.0005106642222
42114,1825.0005106642222
42115,1825.0005106642222
42116,1825.0005106642222
42117,1825.0005106642222
42118,1825.0005106642222
42119,1825.0005106642222
42120,1825.0005106642222
42121,1825.0005106642222
42122,1825.0005106642222
42123,1825.0005106642222
42124,1825.0005106642222
42125,1825.0005106642222
42126,1825.0005106642222
42127,1825.0005106642222
42128,1825.0005106642222
42129,1825.0005106642222
42130,1825.0005106642222
42131,1825.0005106642222
42132,1825.0005106642222
42133,1825.0005106642222
42134,1825.0005106642222
42135,1825.0005106642222
42136,1825.0005106642222
42137,1825.0005106642222
42138,1825.0005106642222
42139,1825.0005106642222
42140,1825.0005106642222
42141,1825.0005106642222
42142,1825.0005106642222
42143,1825.0005106642222
42144,1825.0005106642222
42145,1825.0005106642222
42146,1825.0005106642222
42147,1825.0005106642222
42148,1825.0005106642222
42149,1825.0005106642222
42150,1825.0005106642222
42151,1825.0005106642222
42152,1825.0005106642222
42153,1825.0005106642222
42154,1825.0005106642222
42155,1825.0005106642222
42156,1825.0005106642222
42157,1825.0005106642222
42158,1825.0005106642222
42159,1825.0005106642222
42160,1825.0005106642222
42161,1825.0005106642222
42162,1825.0005106642222
42163,1825.0005106642222
42164,1825.0005106642222
42165,1825.0005106642222
42166,1825.0005106642222
42167,1825.0005106642222
42168,1825.0005106642222
42169,1825.0005106642222
42170,1825.0005106642222
42171,1825.0005106642222
42172,1825.0005106642222
42173,1825.0005106642222
42174,1825.0005106642222
42175,1825.0005106642222
42176,1825.0005106642222
42177,1825.0005106642222
42178,1825.0005106642222
42179,1825.0005106642222
42180,1825.0005106642222
42181,1825.0005106642222
42182,1825.0005106642222
42183,1825.0005106642222
42184,1825.0005106642222
42185,1825.0005106642222
42186,1825.0005106642222
42187,1825.0005106642222
42188,1825.0005106642222
42189,1825.0005106642222
42190,1825.0005106642222
42191,1825.0005106642222
42192,1825.0005106642222
42193,1825.0005106642222
42194,1825.0005106642222
42195,1825.0005106642222
42196,1825.0005106642222
42197,1825.0005106642222
42198,1825.0005106642222
42199,1825.0005106642222
42200,1825.0005106642222
42201,1825.0005106642222
42202,1825.0005106642222
42203,1825.0005106642222
42204,1825.0005106642222
42205,1825.0005106642222
42206,1825.0005106642222
42207,1825.0005106642222
42208,1825.0005106642222
42209,1825.0005106642222
42210,1825.0005106642222
42211,1825.0005106642222
42212,1825.0005106642222
42213,1825.0005106642222
42214,1825.0005106642222
42215,1825.0005106642222
42216,1825.0005106642222
42217,1825.0005106642222
42218,1825.0005106642222
42219,1825.0005106642222
42220,1825.0005106642222
42221,1825.0005106642222
42222,1825.0005106642222
42223,1825.0005106642222
42224,1825.0005106642222
42225,1825.0005106642222
42226,1825.0005106642222
42227,1825.0005106642222
42228,1825.0005106642222
42229,1825.0005106642222
42230,1825.0005106642222
42231,1825.0005106642222
42232,1825.0005106642222
42233,1825.0005106642222
42234,1825.0005106642222
42235,1825.0005106642222
42236,1825.0005106642222
42237,1825.0005106642222
42238,1825.0005106642222
42239,1825.0005106642222
42240,1825.0005106642222
42241,1825.0005106642222
42242,1825.0005106642222
42243,1825.0005106642222
42244,1825.0005106642222
42245,1825.0005106642222
42246,1825.0005106642222
42247,1825.0005106642222
42248,1825.0005106642222
42249,1825.0005106642222
42250,1825.0005106642222
42251,1825.0005106642222
42252,1825.0005106642222
42253,1825.0005106642222
42254,1825.0005106642222
42255,1825.0005106642222
42256,1825.0005106642222
42257,1825.0005106642222
42258,1825.0005106642222
42259,1825.0005106642222
42260,1825.0005106642222
42261,1825.0005106642222
42262,1825.0005106642222
42263,1825.0005106642222
42264,1825.0005106642222
42265,1825.0005106642222
42266,1825.0005106642222
42267,1825.0005106642222
42268,1825.0005106642222
42269,1825.0005106642222
42270,1825.0005106642222
42271,1825.0005106642222
42272,1825.0005106642222
42273,1825.0005106642222
42274,1825.0005106642222
42275,1825.0005106642222
42276,1825.0005106642222
42277,1825.0005106642222
42278,1825.0005106642222
42279,1825.0005106642222
42280,1825.0005106642222
42281,1825.0005106642222
42282,1825.0005106642222
42283,1825.0005106642222
42284,1825.0005106642222
42285,1825.0005106642222
42286,1825.0005106642222
42287,1825.0005106642222
42288,1825.0005106642222
42289,1825.0005106642222
42290,1825.0005106642222
42291,1825.0005106642222
42292,1825.0005106642222
42293,1825.0005106642222
42294,1825.0005106642222
42295,1825.0005106642222
42296,1825.0005106642222
42297,1825.0005106642222
42298,1825.0005106642222
42299,1825.0005106642222
42300,1825.0005106642222
42301,1825.0005106642222
42302,1825.0005106642222
42303,1825.0005106642222
42304,1825.0005106642222
42305,1825.0005106642222
42306,1825.0005106642222
42307,1825.0005106642222
42308,1825.0005106642222
42309,1825.0005106642222
42310,1825.0005106642222
42311,1825.0005106642222
42312,1825.0005106642222
42313,1825.0005106642222
42314,1825.0005106642222
42315,1825.0005106642222
42316,1825.0005106642222
42317,1825.0005106642222
42318,1825.0005106642222
42319,1825.0005106642222
42320,1825.0005106642222
42321,1825.0005106642222
42322,1825.0005106642222
42323,1825.0005106642222
42324,1825.0005106642222
42325,1825.0005106642222
42326,1825.0005106642222
42327,1825.0005106642222
42328,1825.0005106642222
42329,1825.0005106642222
42330,1825.0005106642222
42331,1825.0005106642222
42332,1825.0005106642222
42333,1825.0005106642222
42334,1825.0005106642222
42335,1825.0005106642222
42336,1825.0005106642222
42337,1825.0005106642222
42338,1825.0005106642222
42339,1825.0005106642222
42340,1825.0005106642222
42341,1825.0005106642222
42342,1825.0005106642222
42343,1825.0005106642222
42344,1825.0005106642222
42345,1825.0005106642222
42346,1825.0005106642222
42347,1825.0005106642222
42348,1825.0005106642222
42349,1825.0005106642222
42350,1825.0005106642222
42351,1825.0005106642222
42352,1825.0005106642222
42353,1825.0005106642222
42354,1825.0005106642222
42355,1825.0005106642222
42356,1825.0005106642222
42357,1825.0005106642222
42358,1825.0005106642222
42359,1825.0005106642222
42360,1825.0005106642222
42361,1825.0005106642222
42362,1825.0005106642222
42363,1825.0005106642222
42364,1825.0005106642222
42365,1825.0005106642222
42366,1825.0005106642222
42367,1825.0005106642222
42368,1825.0005106642222
42369,1825.0005106642222
42370,1825.0005106642222
42371,1825.0005106642222
42372,1825.0005106642222
42373,1825.0005106642222
42374,1825.0005106642222
42375,1825.0005106642222
42376,1825.0005106642222
42377,1825.0005106642222
42378,1825.0005106642222
42379,1825.0005106642222
42380,1825.0005106642222
42381,1825.0005106642222
42382,1825.0005106642222
42383,1825.0005106642222
42384,1825.0005106642222
42385,1825.0005106642222
42386,1825.0005106642222
42387,1825.0005106642222
42388,1825.0005106642222
42389,1825.0005106642222
42390,1825.0005106642222
42391,1825.0005106642222
42392,1825.0005106642222
42393,1825.0005106642222
42394,1825.0005106642222
42395,1825.0005106642222
42396,1825.0005106642222
42397,1825.0005106642222
42398,1825.0005106642222
42399,1825.0005106642222
42400,1825.0005106642222
42401,1825.0005106642222
42402,1825.0005106642222
42403,1825.0005106642222
42404,1825.0005106642222
42405,1825.0005106642222
42406,1825.0005106642222
42407,1825.0005106642222
42408,1825.0005106642222
42409,1825.0005106642222
42410,1825.0005106642222
42411,1825.0005106642222
42412,1825.0005106642222
42413,1825.0005106642222
42414,1825.0005106642222
42415,1825.0005106642222
42416,1825.0005106642222
42417,1825.0005106642222
42418,1825.0005106642222
42419,1825.0005106642222
42420,1825.0005106642222
42421,1825.0005106642222
42422,1825.0005106642222
42423,1825.0005106642222
42424,1825.0005106642222
42425,1825.0005106642222
42426,1825.0005106642222
42427,1825.0005106642222
42428,1825.0005106642222
42429,1825.0005106642222
42430,1825.0005106642222
42431,1825.0005106642222
42432,1825.0005106642222
42433,1825.0005106642222
42434,1825.0005106642222
42435,1825.0005106642222
42436,1825.0005106642222
42437,1825.0005106642222
42438,1825.0005106642222
42439,1825.0005106642222
42440,1825.0005106642222
42441,1825.0005106642222
42442,1825.0005106642222
42443,1825.0005106642222
42444,1825.0005106642222
42445,1825.0005106642222
42446,1825.0005106642222
42447,1825.0005106642222
42448,1825.0005106642222
42449,1825.0005106642222
42450,1825.0005106642222
42451,1825.0005106642222
42452,1825.0005106642222
42453,1825.0005106642222
42454,1825.0005106642222
42455,1825.0005106642222
42456,1825.0005106642222
42457,1825.0005106642222
42458,1825.0005106642222
42459,1825.0005106642222
42460,1825.0005106642222
42461,1825.0005106642222
42462,1825.0005106642222
42463,1825.0005106642222
42464,1825.0005106642222
42465,1825.0005106642222
42466,1825.0005106642222
42467,1825.0005106642222
42468,1825.0005106642222
42469,1825.0005106642222
42470,1825.0005106642222
42471,1825.0005106642222
42472,1825.0005106642222
42473,1825.0005106642222
42474,1825.0005106642222
42475,1825.0005106642222
42476,1825.0005106642222
42477,1825.0005106642222
42478,1825.0005106642222
42479,1825.0005106642222
42480,1825.0005106642222
42481,1825.0005106642222
42482,1825.0005106642222
42483,1825.0005106642222
42484,1825.0005106642222
42485,1825.0005106642222
42486,1825.0005106642222
42487,1825.0005106642222
42488,1825.0005106642222
42489,1825.0005106642222
42490,1825.0005106642222
42491,1825.0005106642222
42492,1825.0005106642222
42493,1825.0005106642222
42494,1825.0005106642222
42495,1825.0005106642222
42496,1825.0005106642222
42497,1825.0005106642222
42498,1825.0005106642222
42499,1825.0005106642222
42500,1825.0005106642222
42501,1825.0005106642222
42502,1825.0005106642222
42503,1825.0005106642222
42504,1825.0005106642222
42505,1825.0005106642222
42506,1825.0005106642222
42507,1825.0005106642222
42508,1825.0005106642222
42509,1825.0005106642222
42510,1825.0005106642222
42511,1825.0005106642222
42512,1825.0005106642222
42513,1825.0005106642222
42514,1825.0005106642222
42515,1825.0005106642222
42516,1825.0005106642222
42517,1825.0005106642222
42518,1825.0005106642222
42519,1825.0005106642222
42520,1825.0005106642222
42521,1825.0005106642222
42522,1825.0005106642222
42523,1825.0005106642222
42524,1825.0005106642222
42525,1825.0005106642222
42526,1825.0005106642222
42527,1825.0005106642222
42528,1825.0005106642222
42529,1825.0005106642222
42530,1825.0005106642222
42531,1825.0005106642222
42532,1825.0005106642222
42533,1825.0005106642222
42534,1825.0005106642222
42535,1825.0005106642222
42536,1825.0005106642222
42537,1825.0005106642222
42538,1825.0005106642222
42539,1825.0005106642222
42540,1825.0005106642222
42541,1825.0005106642222
42542,1825.0005106642222
42543,1825.0005106642222
42544,1825.0005106642222
42545,1825.0005106642222
42546,1825.0005106642222
42547,1825.0005106642222
42548,1825.0005106642222
42549,1825.0005106642222
42550,1825.0005106642222
42551,1825.0005106642222
42552,1825.0005106642222
42553,1825.0005106642222
42554,1825.0005106642222
42555,1825.0005106642222
42556,1825.0005106642222
42557,1825.0005106642222
42558,1825.0005106642222
42559,1825.0005106642222
42560,1825.0005106642222
42561,1825.0005106642222
42562,1825.0005106642222
42563,1825.0005106642222
42564,1825.0005106642222
42565,1825.0005106642222
42566,1825.0005106642222
42567,1825.0005106642222
42568,1825.0005106642222
42569,1825.0005106642222
42570,1825.0005106642222
42571,1825.0005106642222
42572,1825.0005106642222
42573,1825.0005106642222
42574,1825.0005106642222
42575,1825.0005106642222
42576,1825.0005106642222
42577,1825.0005106642222
42578,1825.0005106642222
42579,1825.0005106642222
42580,1825.0005106642222
42581,1825.0005106642222
42582,1825.0005106642222
42583,1825.0005106642222
42584,1825.0005106642222
42585,1825.0005106642222
42586,1825.0005106642222
42587,1825.0005106642222
42588,1825.0005106642222
42589,1825.0005106642222
42590,1825.0005106642222
42591,1825.0005106642222
42592,1825.0005106642222
42593,1825.0005106642222
42594,1825.0005106642222
42595,1825.0005106642222
42596,1825.0005106642222
42597,1825.0005106642222
42598,1825.0005106642222
42599,1825.0005106642222
42600,1825.0005106642222
42601,1825.0005106642222
42602,1825.0005106642222
42603,1825.0005106642222
42604,1825.0005106642222
42605,1825.0005106642222
42606,1825.0005106642222
42607,1825.0005106642222
42608,1825.0005106642222
42609,1825.0005106642222
42610,1825.0005106642222
42611,1825.0005106642222
42612,1825.0005106642222
42613,1825.0005106642222
42614,1825.0005106642222
42615,1825.0005106642222
42616,1825.0005106642222
42617,1825.0005106642222
42618,1825.0005106642222
42619,1825.0005106642222
42620,1825.0005106642222
42621,1825.0005106642222
42622,1825.0005106642222
42623,1825.0005106642222
42624,1825.0005106642222
42625,1825.0005106642222
42626,1825.0005106642222
42627,1825.0005106642222
42628,1825.0005106642222
42629,1825.0005106642222
42630,1825.0005106642222
42631,1825.0005106642222
42632,1825.0005106642222
42633,1825.0005106642222
42634,1825.0005106642222
42635,1825.0005106642222
42636,1825.0005106642222
42637,1825.0005106642222
42638,1825.0005106642222
42639,1825.0005106642222
42640,1825.0005106642222
42641,1825.0005106642222
42642,1825.0005106642222
42643,1825.0005106642222
42644,1825.0005106642222
42645,1825.0005106642222
42646,1825.0005106642222
42647,1825.0005106642222
42648,1825.0005106642222
42649,1825.0005106642222
42650,1825.0005106642222
42651,1825.0005106642222
42652,1825.0005106642222
42653,1825.0005106642222
42654,1825.0005106642222
42655,1825.0005106642222
42656,1825.0005106642222
42657,1825.0005106642222
42658,1825.0005106642222
42659,1825.0005106642222
42660,1825.0005106642222
42661,1825.0005106642222
42662,1825.0005106642222
42663,1825.0005106642222
42664,1825.0005106642222
42665,1825.0005106642222
42666,1825.0005106642222
42667,1825.0005106642222
42668,1825.0005106642222
42669,1825.0005106642222
42670,1825.0005106642222
42671,1825.0005106642222
42672,1825.0005106642222
42673,1825.0005106642222
42674,1825.0005106642222
42675,1825.0005106642222
42676,1825.0005106642222
42677,1825.0005106642222
42678,1825.0005106642222
42679,1825.0005106642222
42680,1825.0005106642222
42681,1825.0005106642222
42682,1825.0005106642222
42683,1825.0005106642222
42684,1825.0005106642222
42685,1825.0005106642222
42686,1825.0005106642222
42687,1825.0005106642222
42688,1825.0005106642222
42689,1825.0005106642222
42690,1825.0005106642222
42691,1825.0005106642222
42692,1825.0005106642222
42693,1825.0005106642222
42694,1825.0005106642222
42695,1825.0005106642222
42696,1825.0005106642222
42697,1825.0005106642222
42698,1825.0005106642222
42699,1825.0005106642222
42700,1825.0005106642222
42701,1825.0005106642222
42702,1825.0005106642222
42703,1825.0005106642222
42704,1825.0005106642222
42705,1825.0005106642222
42706,1825.0005106642222
42707,1825.0005106642222
42708,1825.0005106642222
42709,1825.0005106642222
42710,1825.0005106642222
42711,1825.0005106642222
42712,1825.0005106642222
42713,1825.0005106642222
42714,1825.0005106642222
42715,1825.0005106642222
42716,1825.0005106642222
42717,1825.0005106642222
42718,1825.0005106642222
42719,1825.0005106642222
42720,1825.0005106642222
42721,1825.0005106642222
42722,1825.0005106642222
42723,1825.0005106642222
42724,1825.0005106642222
42725,1825.0005106642222
42726,1825.0005106642222
42727,1825.0005106642222
42728,1825.0005106642222
42729,1825.0005106642222
42730,1825.0005106642222
42731,1825.0005106642222
42732,1825.0005106642222
42733,1825.0005106642222
42734,1825.0005106642222
42735,1825.0005106642222
42736,1825.0005106642222
42737,1825.0005106642222
42738,1825.0005106642222
42739,1825.0005106642222
42740,1825.0005106642222
42741,1825.0005106642222
42742,1825.0005106642222
42743,1825.0005106642222
42744,1825.0005106642222
42745,1825.0005106642222
42746,1825.0005106642222
42747,1825.0005106642222
42748,1825.0005106642222
42749,1825.0005106642222
42750,1825.0005106642222
42751,1825.0005106642222
42752,1825.0005106642222
42753,1825.0005106642222
42754,1825.0005106642222
42755,1825.0005106642222
42756,1825.0005106642222
42757,1825.0005106642222
42758,1825.0005106642222
42759,1825.0005106642222
42760,1825.0005106642222
42761,1825.0005106642222
42762,1825.0005106642222
42763,1825.0005106642222
42764,1825.0005106642222
42765,1825.0005106642222
42766,1825.0005106642222
42767,1825.0005106642222
42768,1825.0005106642222
42769,1825.0005106642222
42770,1825.0005106642222
42771,1825.0005106642222
42772,1825.0005106642222
42773,1825.0005106642222
42774,1825.0005106642222
42775,1825.0005106642222
42776,1825.0005106642222
42777,1825.0005106642222
42778,1825.0005106642222
42779,1825.0005106642222
42780,1825.0005106642222
42781,1825.0005106642222
42782,1825.0005106642222
42783,1825.0005106642222
42784,1825.0005106642222
42785,1825.0005106642222
42786,1825.0005106642222
42787,1825.0005106642222
42788,1825.0005106642222
42789,1825.0005106642222
42790,1825.0005106642222
42791,1825.0005106642222
42792,1825.0005106642222
42793,1825.0005106642222
42794,1825.0005106642222
42795,1825.0005106642222
42796,1825.0005106642222
42797,1825.0005106642222
42798,1825.0005106642222
42799,1825.0005106642222
42800,1825.0005106642222
42801,1825.0005106642222
42802,1825.0005106642222
42803,1825.0005106642222
42804,1825.0005106642222
42805,1825.0005106642222
42806,1825.0005106642222
42807,1825.0005106642222
42808,1825.0005106642222
42809,1825.0005106642222
42810,1825.0005106642222
42811,1825.0005106642222
42812,1825.0005106642222
42813,1825.0005106642222
42814,1825.0005106642222
42815,1825.0005106642222
42816,1825.0005106642222
42817,1825.0005106642222
42818,1825.0005106642222
42819,1825.0005106642222
42820,1825.0005106642222
42821,1825.0005106642222
42822,1825.0005106642222
42823,1825.0005106642222
42824,1825.0005106642222
42825,1825.0005106642222
42826,1825.0005106642222
42827,1825.0005106642222
42828,1825.0005106642222
42829,1825.0005106642222
42830,1825.0005106642222
42831,1825.0005106642222
42832,1825.0005106642222
42833,1825.0005106642222
42834,1825.0005106642222
42835,1825.0005106642222
42836,1825.0005106642222
42837,1825.0005106642222
42838,1825.0005106642222
42839,1825.0005106642222
42840,1825.0005106642222
42841,1825.0005106642222
42842,1825.0005106642222
42843,1825.0005106642222
42844,1825.0005106642222
42845,1825.0005106642222
42846,1825.0005106642222
42847,1825.0005106642222
42848,1825.0005106642222
42849,1825.0005106642222
42850,1825.0005106642222
42851,1825.0005106642222
42852,1825.0005106642222
42853,1825.0005106642222
42854,1825.0005106642222
42855,1825.0005106642222
42856,1825.0005106642222
42857,1825.0005106642222
42858,1825.0005106642222
42859,1825.0005106642222
42860,1825.0005106642222
42861,1825.0005106642222
42862,1825.0005106642222
42863,1825.0005106642222
42864,1825.0005106642222
42865,1825.0005106642222
42866,1825.0005106642222
42867,1825.0005106642222
42868,1825.0005106642222
42869,1825.0005106642222
42870,1825.0005106642222
42871,1825.0005106642222
42872,1825.0005106642222
42873,1825.0005106642222
42874,1825.0005106642222
42875,1825.0005106642222
42876,1825.0005106642222
42877,1825.0005106642222
42878,1825.0005106642222
42879,1825.0005106642222
42880,1825.0005106642222
42881,1825.0005106642222
42882,1825.0005106642222
42883,1825.0005106642222
42884,1825.0005106642222
42885,1825.0005106642222
42886,1825.0005106642222
42887,1825.0005106642222
42888,1825.0005106642222
42889,1825.0005106642222
42890,1825.0005106642222
42891,1825.0005106642222
42892,1825.0005106642222
42893,1825.0005106642222
42894,1825.0005106642222
42895,1825.0005106642222
42896,1825.0005106642222
42897,1825.0005106642222
42898,1825.0005106642222
42899,1825.0005106642222
42900,1825.0005106642222
42901,1825.0005106642222
42902,1825.0005106642222
42903,1825.0005106642222
42904,1825.0005106642222
42905,1825.0005106642222
42906,1825.0005106642222
42907,1825.0005106642222
42908,1825.0005106642222
42909,1825.0005106642222
42910,1825.0005106642222
42911,1825.0005106642222
42912,1825.0005106642222
42913,1825.0005106642222
42914,1825.0005106642222
42915,1825.0005106642222
42916,1825.0005106642222
42917,1825.0005106642222
42918,1825.0005106642222
42919,1825.0005106642222
42920,1825.0005106642222
42921,1825.0005106642222
42922,1825.0005106642222
42923,1825.0005106642222
42924,1825.0005106642222
42925,1825.0005106642222
42926,1825.0005106642222
42927,1825.0005106642222
42928,1825.0005106642222
42929,1825.0005106642222
42930,1825.0005106642222
42931,1825.0005106642222
42932,1825.0005106642222
42933,1825.0005106642222
42934,1825.0005106642222
42935,1825.0005106642222
42936,1825.0005106642222
42937,1825.0005106642222
42938,1825.0005106642222
42939,1825.0005106642222
42940,1825.0005106642222
42941,1825.0005106642222
42942,1825.0005106642222
42943,1825.0005106642222
42944,1825.0005106642222
42945,1825.0005106642222
42946,1825.0005106642222
42947,1825.0005106642222
42948,1825.0005106642222
42949,1825.0005106642222
42950,1825.0005106642222
42951,1825.0005106642222
42952,1825.0005106642222
42953,1825.0005106642222
42954,1825.0005106642222
42955,1825.0005106642222
42956,1825.0005106642222
42957,1825.0005106642222
42958,1825.0005106642222
42959,1825.0005106642222
42960,1825.0005106642222
42961,1825.0005106642222
42962,1825.0005106642222
42963,1825.0005106642222
42964,1825.0005106642222
42965,1825.0005106642222
42966,1825.0005106642222
42967,1825.0005106642222
42968,1825.0005106642222
42969,1825.0005106642222
42970,1825.0005106642222
42971,1825.0005106642222
42972,1825.0005106642222
42973,1825.0005106642222
42974,1825.0005106642222
42975,1825.0005106642222
42976,1825.0005106642222
42977,1825.0005106642222
42978,1825.0005106642222
42979,1825.0005106642222
42980,1825.0005106642222
42981,1825.0005106642222
42982,1825.0005106642222
42983,1825.0005106642222
42984,1825.0005106642222
42985,1825.0005106642222
42986,1825.0005106642222
42987,1825.0005106642222
42988,1825.0005106642222
42989,1825.0005106642222
42990,1825.0005106642222
42991,1825.0005106642222
42992,1825.0005106642222
42993,1825.0005106642222
42994,1825.0005106642222
42995,1825.0005106642222
42996,1825.0005106642222
42997,1825.0005106642222
42998,1825.0005106642222
42999,1825.0005106642222
43000,1825.0005106642222
43001,1825.0005106642222
43002,1825.0005106642222
43003,1825.0005106642222
43004,1825.0005106642222
43005,1825.0005106642222
43006,1825.0005106642222
43007,1825.0005106642222
43008,1825.0005106642222
43009,1825.0005106642222
43010,1825.0005106642222
43011,1825.0005106642222
43012,1825.0005106642222
43013,1825.0005106642222
43014,1825.0005106642222
43015,1825.0005106642222
43016,1825.0005106642222
43017,1825.0005106642222
43018,1825.0005106642222
43019,1825.0005106642222
43020,1825.0005106642222
43021,1825.0005106642222
43022,1825.0005106642222
43023,1825.0005106642222
43024,1825.0005106642222
43025,1825.0005106642222
43026,1825.0005106642222
43027,1825.0005106642222
43028,1825.0005106642222
43029,1825.0005106642222
43030,1825.0005106642222
43031,1825.0005106642222
43032,1825.0005106642222
43033,1825.0005106642222
43034,1825.0005106642222
43035,1825.0005106642222
43036,1825.0005106642222
43037,1825.0005106642222
43038,1825.0005106642222
43039,1825.0005106642222
43040,1825.0005106642222
43041,1825.0005106642222
43042,1825.0005106642222
43043,1825.0005106642222
43044,1825.0005106642222
43045,1825.0005106642222
43046,1825.0005106642222
43047,1825.0005106642222
43048,1825.0005106642222
43049,1825.0005106642222
43050,1825.0005106642222
43051,1825.0005106642222
43052,1825.0005106642222
43053,1825.0005106642222
43054,1825.0005106642222
43055,1825.0005106642222
43056,1825.0005106642222
43057,1825.0005106642222
43058,1825.0005106642222
43059,1825.0005106642222
43060,1825.0005106642222
43061,1825.0005106642222
43062,1825.0005106642222
43063,1825.0005106642222
43064,1825.0005106642222
43065,1825.0005106642222
43066,1825.0005106642222
43067,1825.0005106642222
43068,1825.0005106642222
43069,1825.0005106642222
43070,1825.0005106642222
43071,1825.0005106642222
43072,1825.0005106642222
43073,1825.0005106642222
43074,1825.0005106642222
43075,1825.0005106642222
43076,1825.0005106642222
43077,1825.0005106642222
43078,1825.0005106642222
43079,1825.0005106642222
43080,1825.0005106642222
43081,1825.0005106642222
43082,1825.0005106642222
43083,1825.0005106642222
43084,1825.0005106642222
43085,1825.0005106642222
43086,1825.0005106642222
43087,1825.0005106642222
43088,1825.0005106642222
43089,1825.0005106642222
43090,1825.0005106642222
43091,1825.0005106642222
43092,1825.0005106642222
43093,1825.0005106642222
43094,1825.0005106642222
43095,1825.0005106642222
43096,1825.0005106642222
43097,1825.0005106642222
43098,1825.0005106642222
43099,1825.0005106642222
43100,1825.0005106642222
43101,1825.0005106642222
43102,1825.0005106642222
43103,1825.0005106642222
43104,1825.0005106642222
43105,1825.0005106642222
43106,1825.0005106642222
43107,1825.0005106642222
43108,1825.0005106642222
43109,1825.0005106642222
43110,1825.0005106642222
43111,1825.0005106642222
43112,1825.0005106642222
43113,1825.0005106642222
43114,1825.0005106642222
43115,1825.0005106642222
43116,1825.0005106642222
43117,1825.0005106642222
43118,1825.0005106642222
43119,1825.0005106642222
43120,1825.0005106642222
43121,1825.0005106642222
43122,1825.0005106642222
43123,1825.0005106642222
43124,1825.0005106642222
43125,1825.0005106642222
43126,1825.0005106642222
43127,1825.0005106642222
43128,1825.0005106642222
43129,1825.0005106642222
43130,1825.0005106642222
43131,1825.0005106642222
43132,1825.0005106642222
43133,1825.0005106642222
43134,1825.0005106642222
43135,1825.0005106642222
43136,1825.0005106642222
43137,1825.0005106642222
43138,1825.0005106642222
43139,1825.0005106642222
43140,1825.0005106642222
43141,1825.0005106642222
43142,1825.0005106642222
43143,1825.0005106642222
43144,1825.0005106642222
43145,1825.0005106642222
43146,1825.0005106642222
43147,1825.0005106642222
43148,1825.0005106642222
43149,1825.0005106642222
43150,1825.0005106642222
43151,1825.0005106642222
43152,1825.0005106642222
43153,1825.0005106642222
43154,1825.0005106642222
43155,1825.0005106642222
43156,1825.0005106642222
43157,1825.0005106642222
43158,1825.0005106642222
43159,1825.0005106642222
43160,1825.0005106642222
43161,1825.0005106642222
43162,1825.0005106642222
43163,1825.0005106642222
43164,1825.0005106642222
43165,1825.0005106642222
43166,1825.0005106642222
43167,1825.0005106642222
43168,1825.0005106642222
43169,1825.0005106642222
43170,1825.0005106642222
43171,1825.0005106642222
43172,1825.0005106642222
43173,1825.0005106642222
43174,1825.0005106642222
43175,1825.0005106642222
43176,1825.0005106642222
43177,1825.0005106642222
43178,1825.0005106642222
43179,1825.0005106642222
43180,1825.0005106642222
43181,1825.0005106642222
43182,1825.0005106642222
43183,1825.0005106642222
43184,1825.0005106642222
43185,1825.0005106642222
43186,1825.0005106642222
43187,1825.0005106642222
43188,1825.0005106642222
43189,1825.0005106642222
43190,1825.0005106642222
43191,1825.0005106642222
43192,1825.0005106642222
43193,1825.0005106642222
43194,1825.0005106642222
43195,1825.0005106642222
43196,1825.0005106642222
43197,1825.0005106642222
43198,1825.0005106642222
43199,1825.0005106642222
43200,1825.0005106642222
43201,1825.0005106642222
43202,1825.0005106642222
43203,1825.0005106642222
43204,1825.0005106642222
43205,1825.0005106642222
43206,1825.0005106642222
43207,1825.0005106642222
43208,1825.0005106642222
43209,1825.0005106642222
43210,1825.0005106642222
43211,1825.0005106642222
43212,1825.0005106642222
43213,1825.0005106642222
43214,1825.0005106642222
43215,1825.0005106642222
43216,1825.0005106642222
43217,1825.0005106642222
43218,1825.0005106642222
43219,1825.0005106642222
43220,1825.0005106642222
43221,1825.0005106642222
43222,1825.0005106642222
43223,1825.0005106642222
43224,1825.0005106642222
43225,1825.0005106642222
43226,1825.0005106642222
43227,1825.0005106642222
43228,1825.0005106642222
43229,1825.0005106642222
43230,1825.0005106642222
43231,1825.0005106642222
43232,1825.0005106642222
43233,1825.0005106642222
43234,1825.0005106642222
43235,1825.0005106642222
43236,1825.0005106642222
43237,1825.0005106642222
43238,1825.0005106642222
43239,1825.0005106642222
43240,1825.0005106642222
43241,1825.0005106642222
43242,1825.0005106642222
43243,1825.0005106642222
43244,1825.0005106642222
43245,1825.0005106642222
43246,1825.0005106642222
43247,1825.0005106642222
43248,1825.0005106642222
43249,1825.0005106642222
43250,1825.0005106642222
43251,1825.0005106642222
43252,1825.0005106642222
43253,1825.0005106642222
43254,1825.0005106642222
43255,1825.0005106642222
43256,1825.0005106642222
43257,1825.0005106642222
43258,1825.0005106642222
43259,1825.0005106642222
43260,1825.0005106642222
43261,1825.0005106642222
43262,1825.0005106642222
43263,1825.0005106642222
43264,1825.0005106642222
43265,1825.0005106642222
43266,1825.0005106642222
43267,1825.0005106642222
43268,1825.0005106642222
43269,1825.0005106642222
43270,1825.0005106642222
43271,1825.0005106642222
43272,1825.0005106642222
43273,1825.0005106642222
43274,1825.0005106642222
43275,1825.0005106642222
43276,1825.0005106642222
43277,1825.0005106642222
43278,1825.0005106642222
43279,1825.0005106642222
43280,1825.0005106642222
43281,1825.0005106642222
43282,1825.0005106642222
43283,1825.0005106642222
43284,1825.0005106642222
43285,1825.0005106642222
43286,1825.0005106642222
43287,1825.0005106642222
43288,1825.0005106642222
43289,1825.0005106642222
43290,1825.0005106642222
43291,1825.0005106642222
43292,1825.0005106642222
43293,1825.0005106642222
43294,1825.0005106642222
43295,1825.0005106642222
43296,1825.0005106642222
43297,1825.0005106642222
43298,1825.0005106642222
43299,1825.0005106642222
43300,1825.0005106642222
43301,1825.0005106642222
43302,1825.0005106642222
43303,1825.0005106642222
43304,1825.0005106642222
43305,1825.0005106642222
43306,1825.0005106642222
43307,1825.0005106642222
43308,1825.0005106642222
43309,1825.0005106642222
43310,1825.0005106642222
43311,1825.0005106642222
43312,1825.0005106642222
43313,1825.0005106642222
43314,1825.0005106642222
43315,1825.0005106642222
43316,1825.0005106642222
43317,1825.0005106642222
43318,1825.0005106642222
43319,1825.0005106642222
43320,1825.0005106642222
43321,1825.0005106642222
43322,1825.0005106642222
43323,1825.0005106642222
43324,1825.0005106642222
43325,1825.0005106642222
43326,1825.0005106642222
43327,1825.0005106642222
43328,1825.0005106642222
43329,1825.0005106642222
43330,1825.0005106642222
43331,1825.0005106642222
43332,1825.0005106642222
43333,1825.0005106642222
43334,1825.0005106642222
43335,1825.0005106642222
43336,1825.0005106642222
43337,1825.0005106642222
43338,1825.0005106642222
43339,1825.0005106642222
43340,1825.0005106642222
43341,1825.0005106642222
43342,1825.0005106642222
43343,1825.0005106642222
43344,1825.0005106642222
43345,1825.0005106642222
43346,1825.0005106642222
43347,1825.0005106642222
43348,1825.0005106642222
43349,1825.0005106642222
43350,1825.0005106642222
43351,1825.0005106642222
43352,1825.0005106642222
43353,1825.0005106642222
43354,1825.0005106642222
43355,1825.0005106642222
43356,1825.0005106642222
43357,1825.0005106642222
43358,1825.0005106642222
43359,1825.0005106642222
43360,1825.0005106642222
43361,1825.0005106642222
43362,1825.0005106642222
43363,1825.0005106642222
43364,1825.0005106642222
43365,1825.0005106642222
43366,1825.0005106642222
43367,1825.0005106642222
43368,1825.0005106642222
43369,1825.0005106642222
43370,1825.0005106642222
43371,1825.0005106642222
43372,1825.0005106642222
43373,1825.0005106642222
43374,1825.0005106642222
43375,1825.0005106642222
43376,1825.0005106642222
43377,1825.0005106642222
43378,1825.0005106642222
43379,1825.0005106642222
43380,1825.0005106642222
43381,1825.0005106642222
43382,1825.0005106642222
43383,1825.0005106642222
43384,1825.0005106642222
43385,1825.0005106642222
43386,1825.0005106642222
43387,1825.0005106642222
43388,1825.0005106642222
43389,1825.0005106642222
43390,1825.0005106642222
43391,1825.0005106642222
43392,1825.0005106642222
43393,1825.0005106642222
43394,1825.0005106642222
43395,1825.0005106642222
43396,1825.0005106642222
43397,1825.0005106642222
43398,1825.0005106642222
43399,1825.0005106642222
43400,1825.0005106642222
43401,1825.0005106642222
43402,1825.0005106642222
43403,1825.0005106642222
43404,1825.0005106642222
43405,1825.0005106642222
43406,1825.0005106642222
43407,1825.0005106642222
43408,1825.0005106642222
43409,1825.0005106642222
43410,1825.0005106642222
43411,1825.0005106642222
43412,1825.0005106642222
43413,1825.0005106642222
43414,1825.0005106642222
43415,1825.0005106642222
43416,1825.0005106642222
43417,1825.0005106642222
43418,1825.0005106642222
43419,1825.0005106642222
43420,1825.0005106642222
43421,1825.0005106642222
43422,1825.0005106642222
43423,1825.0005106642222
43424,1825.0005106642222
43425,1825.0005106642222
43426,1825.0005106642222
43427,1825.0005106642222
43428,1825.0005106642222
43429,1825.0005106642222
43430,1825.0005106642222
43431,1825.0005106642222
43432,1825.0005106642222
43433,1825.0005106642222
43434,1825.0005106642222
43435,1825.0005106642222
43436,1825.0005106642222
43437,1825.0005106642222
43438,1825.0005106642222
43439,1825.0005106642222
43440,1825.0005106642222
43441,1825.0005106642222
43442,1825.0005106642222
43443,1825.0005106642222
43444,1825.0005106642222
43445,1825.0005106642222
43446,1825.0005106642222
43447,1825.0005106642222
43448,1825.0005106642222
43449,1825.0005106642222
43450,1825.0005106642222
43451,1825.0005106642222
43452,1825.0005106642222
43453,1825.0005106642222
43454,1825.0005106642222
43455,1825.0005106642222
43456,1825.0005106642222
43457,1825.0005106642222
43458,1825.0005106642222
43459,1825.0005106642222
43460,1825.0005106642222
43461,1825.0005106642222
43462,1825.0005106642222
43463,1825.0005106642222
43464,1825.0005106642222
43465,1825.0005106642222
43466,1825.0005106642222
43467,1825.0005106642222
43468,1825.0005106642222
43469,1825.0005106642222
43470,1825.0005106642222
43471,1825.0005106642222
43472,1825.0005106642222
43473,1825.0005106642222
43474,1825.0005106642222
43475,1825.0005106642222
43476,1825.0005106642222
43477,1825.0005106642222
43478,1825.0005106642222
43479,1825.0005106642222
43480,1825.0005106642222
43481,1825.0005106642222
43482,1825.0005106642222
43483,1825.0005106642222
43484,1825.0005106642222
43485,1825.0005106642222
43486,1825.0005106642222
43487,1825.0005106642222
43488,1825.0005106642222
43489,1825.0005106642222
43490,1825.0005106642222
43491,1825.0005106642222
43492,1825.0005106642222
43493,1825.0005106642222
43494,1825.0005106642222
43495,1825.0005106642222
43496,1825.0005106642222
43497,1825.0005106642222
43498,1825.0005106642222
43499,1825.0005106642222
43500,1825.0005106642222
43501,1825.0005106642222
43502,1825.0005106642222
43503,1825.0005106642222
43504,1825.0005106642222
43505,1825.0005106642222
43506,1825.0005106642222
43507,1825.0005106642222
43508,1825.0005106642222
43509,1825.0005106642222
43510,1825.0005106642222
43511,1825.0005106642222
43512,1825.0005106642222
43513,1825.0005106642222
43514,1825.0005106642222
43515,1825.0005106642222
43516,1825.0005106642222
43517,1825.0005106642222
43518,1825.0005106642222
43519,1825.0005106642222
43520,1825.0005106642222
43521,1825.0005106642222
43522,1825.0005106642222
43523,1825.0005106642222
43524,1825.0005106642222
43525,1825.0005106642222
43526,1825.0005106642222
43527,1825.0005106642222
43528,1825.0005106642222
43529,1825.0005106642222
43530,1825.0005106642222
43531,1825.0005106642222
43532,1825.0005106642222
43533,1825.0005106642222
43534,1825.0005106642222
43535,1825.0005106642222
43536,1825.0005106642222
43537,1825.0005106642222
43538,1825.0005106642222
43539,1825.0005106642222
43540,1825.0005106642222
43541,1825.0005106642222
43542,1825.0005106642222
43543,1825.0005106642222
43544,1825.0005106642222
43545,1825.0005106642222
43546,1825.0005106642222
43547,1825.0005106642222
43548,1825.0005106642222
43549,1825.0005106642222
43550,1825.0005106642222
43551,1825.0005106642222
43552,1825.0005106642222
43553,1825.0005106642222
43554,1825.0005106642222
43555,1825.0005106642222
43556,1825.0005106642222
43557,1825.0005106642222
43558,1825.0005106642222
43559,1825.0005106642222
43560,1825.0005106642222
43561,1825.0005106642222
43562,1825.0005106642222
43563,1825.0005106642222
43564,1825.0005106642222
43565,1825.0005106642222
43566,1825.0005106642222
43567,1825.0005106642222
43568,1825.0005106642222
43569,1825.0005106642222
43570,1825.0005106642222
43571,1825.0005106642222
43572,1825.0005106642222
43573,1825.0005106642222
43574,1825.0005106642222
43575,1825.0005106642222
43576,1825.0005106642222
43577,1825.0005106642222
43578,1825.0005106642222
43579,1825.0005106642222
43580,1825.0005106642222
43581,1825.0005106642222
43582,1825.0005106642222
43583,1825.0005106642222
43584,1825.0005106642222
43585,1825.0005106642222
43586,1825.0005106642222
43587,1825.0005106642222
43588,1825.0005106642222
43589,1825.0005106642222
43590,1825.0005106642222
43591,1825.0005106642222
43592,1825.0005106642222
43593,1825.0005106642222
43594,1825.0005106642222
43595,1825.0005106642222
43596,1825.0005106642222
43597,1825.0005106642222
43598,1825.0005106642222
43599,1825.0005106642222
43600,1825.0005106642222
43601,1825.0005106642222
43602,1825.0005106642222
43603,1825.0005106642222
43604,1825.0005106642222
43605,1825.0005106642222
43606,1825.0005106642222
43607,1825.0005106642222
43608,1825.0005106642222
43609,1825.0005106642222
43610,1825.0005106642222
43611,1825.0005106642222
43612,1825.0005106642222
43613,1825.0005106642222
43614,1825.0005106642222
43615,1825.0005106642222
43616,1825.0005106642222
43617,1825.0005106642222
43618,1825.0005106642222
43619,1825.0005106642222
43620,1825.0005106642222
43621,1825.0005106642222
43622,1825.0005106642222
43623,1825.0005106642222
43624,1825.0005106642222
43625,1825.0005106642222
43626,1825.0005106642222
43627,1825.0005106642222
43628,1825.0005106642222
43629,1825.0005106642222
43630,1825.0005106642222
43631,1825.0005106642222
43632,1825.0005106642222
43633,1825.0005106642222
43634,1825.0005106642222
43635,1825.0005106642222
43636,1825.0005106642222
43637,1825.0005106642222
43638,1825.0005106642222
43639,1825.0005106642222
43640,1825.0005106642222
43641,1825.0005106642222
43642,1825.0005106642222
43643,1825.0005106642222
43644,1825.0005106642222
43645,1825.0005106642222
43646,1825.0005106642222
43647,1825.0005106642222
43648,1825.0005106642222
43649,1825.0005106642222
43650,1825.0005106642222
43651,1825.0005106642222
43652,1825.0005106642222
43653,1825.0005106642222
43654,1825.0005106642222
43655,1825.0005106642222
43656,1825.0005106642222
43657,1825.0005106642222
43658,1825.0005106642222
43659,1825.0005106642222
43660,1825.0005106642222
43661,1825.0005106642222
43662,1825.0005106642222
43663,1825.0005106642222
43664,1825.0005106642222
43665,1825.0005106642222
43666,1825.0005106642222
43667,1825.0005106642222
43668,1825.0005106642222
43669,1825.0005106642222
43670,1825.0005106642222
43671,1825.0005106642222
43672,1825.0005106642222
43673,1825.0005106642222
43674,1825.0005106642222
43675,1825.0005106642222
43676,1825.0005106642222
43677,1825.0005106642222
43678,1825.0005106642222
43679,1825.0005106642222
43680,1825.0005106642222
43681,1825.0005106642222
43682,1825.0005106642222
43683,1825.0005106642222
43684,1825.0005106642222
43685,1825.0005106642222
43686,1825.0005106642222
43687,1825.0005106642222
43688,1825.0005106642222
43689,1825.0005106642222
43690,1825.0005106642222
43691,1825.0005106642222
43692,1825.0005106642222
43693,1825.0005106642222
43694,1825.0005106642222
43695,1825.0005106642222
43696,1825.0005106642222
43697,1825.0005106642222
43698,1825.0005106642222
43699,1825.0005106642222
43700,1825.0005106642222
43701,1825.0005106642222
43702,1825.0005106642222
43703,1825.0005106642222
43704,1825.0005106642222
43705,1825.0005106642222
43706,1825.0005106642222
43707,1825.0005106642222
43708,1825.0005106642222
43709,1825.0005106642222
43710,1825.0005106642222
43711,1825.0005106642222
43712,1825.0005106642222
43713,1825.0005106642222
43714,1825.0005106642222
43715,1825.0005106642222
43716,1825.0005106642222
43717,1825.0005106642222
43718,1825.0005106642222
43719,1825.0005106642222
43720,1825.0005106642222
43721,1825.0005106642222
43722,1825.0005106642222
43723,1825.0005106642222
43724,1825.0005106642222
43725,1825.0005106642222
43726,1825.0005106642222
43727,1825.0005106642222
43728,1825.0005106642222
43729,1825.0005106642222
43730,1825.0005106642222
43731,1825.0005106642222
43732,1825.0005106642222
43733,1825.0005106642222
43734,1825.0005106642222
43735,1825.0005106642222
43736,1825.0005106642222
43737,1825.0005106642222
43738,1825.0005106642222
43739,1825.0005106642222
43740,1825.0005106642222
43741,1825.0005106642222
43742,1825.0005106642222
43743,1825.0005106642222
43744,1825.0005106642222
43745,1825.0005106642222
43746,1825.0005106642222
43747,1825.0005106642222
43748,1825.0005106642222
43749,1825.0005106642222
43750,1825.0005106642222
43751,1825.0005106642222
43752,1825.0005106642222
43753,1825.0005106642222
43754,1825.0005106642222
43755,1825.0005106642222
43756,1825.0005106642222
43757,1825.0005106642222
43758,1825.0005106642222
43759,1825.0005106642222
43760,1825.0005106642222
43761,1825.0005106642222
43762,1825.0005106642222
43763,1825.0005106642222
43764,1825.0005106642222
43765,1825.0005106642222
43766,1825.0005106642222
43767,1825.0005106642222
43768,1825.0005106642222
43769,1825.0005106642222
43770,1825.0005106642222
43771,1825.0005106642222
43772,1825.0005106642222
43773,1825.0005106642222
43774,1825.0005106642222
43775,1825.0005106642222
43776,1825.0005106642222
43777,1825.0005106642222
43778,1825.0005106642222
43779,1825.0005106642222
43780,1825.0005106642222
43781,1825.0005106642222
43782,1825.0005106642222
43783,1825.0005106642222
43784,1825.0005106642222
43785,1825.0005106642222
43786,1825.0005106642222
43787,1825.0005106642222
43788,1825.0005106642222
43789,1825.0005106642222
43790,1825.0005106642222
43791,1825.0005106642222
43792,1825.0005106642222
43793,1825.0005106642222
43794,1825.0005106642222
43795,1825.0005106642222
43796,1825.0005106642222
43797,1825.0005106642222
43798,1825.0005106642222
43799,1825.0005106642222
43800,1825.0005106642222
43801,1825.0005106642222
43802,1825.0005106642222
43803,1825.0005106642222
43804,1825.0005106642222
43805,1825.0005106642222
43806,1825.0005106642222
43807,1825.0005106642222
43808,1825.0005106642222
43809,1825.0005106642222
43810,1825.0005106642222
43811,1825.0005106642222
43812,1825.0005106642222
43813,1825.0005106642222
43814,1825.0005106642222
43815,1825.0005106642222
43816,1825.0005106642222
43817,1825.0005106642222
43818,1825.0005106642222
43819,1825.0005106642222
43820,1825.0005106642222
43821,1825.0005106642222
43822,1825.0005106642222
43823,1825.0005106642222
43824,1825.0005106642222
43825,1825.0005106642222
43826,1825.0005106642222
43827,1825.0005106642222
43828,1825.0005106642222
43829,1825.0005106642222
43830,1825.0005106642222
43831,1825.0005106642222
43832,1825.0005106642222
43833,1825.0005106642222
43834,1825.0005106642222
43835,1825.0005106642222
43836,1825.0005106642222
43837,1825.0005106642222
43838,1825.0005106642222
43839,1825.0005106642222
43840,1825.0005106642222
43841,1825.0005106642222
43842,1825.0005106642222
43843,1825.0005106642222
43844,1825.0005106642222
43845,1825.0005106642222
43846,1825.0005106642222
43847,1825.0005106642222
43848,1825.0005106642222
43849,1825.0005106642222
43850,1825.0005106642222
43851,1825.0005106642222
43852,1825.0005106642222
43853,1825.0005106642222
43854,1825.0005106642222
43855,1825.0005106642222
43856,1825.0005106642222
43857,1825.0005106642222
43858,1825.0005106642222
43859,1825.0005106642222
43860,1825.0005106642222
43861,1825.0005106642222
43862,1825.0005106642222
43863,1825.0005106642222
43864,1825.0005106642222
43865,1825.0005106642222
43866,1825.0005106642222
43867,1825.0005106642222
43868,1825.0005106642222
43869,1825.0005106642222
43870,1825.0005106642222
43871,1825.0005106642222
43872,1825.0005106642222
43873,1825.0005106642222
43874,1825.0005106642222
43875,1825.0005106642222
43876,1825.0005106642222
43877,1825.0005106642222
43878,1825.0005106642222
43879,1825.0005106642222
43880,1825.0005106642222
43881,1825.0005106642222
43882,1825.0005106642222
43883,1825.0005106642222
43884,1825.0005106642222
43885,1825.0005106642222
43886,1825.0005106642222
43887,1825.0005106642222
43888,1825.0005106642222
43889,1825.0005106642222
43890,1825.0005106642222
43891,1825.0005106642222
43892,1825.0005106642222
43893,1825.0005106642222
43894,1825.0005106642222
43895,1825.0005106642222
43896,1825.0005106642222
43897,1825.0005106642222
43898,1825.0005106642222
43899,1825.0005106642222
43900,1825.0005106642222
43901,1825.0005106642222
43902,1825.0005106642222
43903,1825.0005106642222
43904,1825.0005106642222
43905,1825.0005106642222
43906,1825.0005106642222
43907,1825.0005106642222
43908,1825.0005106642222
43909,1825.0005106642222
43910,1825.0005106642222
43911,1825.0005106642222
43912,1825.0005106642222
43913,1825.0005106642222
43914,1825.0005106642222
43915,1825.0005106642222
43916,1825.0005106642222
43917,1825.0005106642222
43918,1825.0005106642222
43919,1825.0005106642222
43920,1825.0005106642222
43921,1825.0005106642222
43922,1825.0005106642222
43923,1825.0005106642222
43924,1825.0005106642222
43925,1825.0005106642222
43926,1825.0005106642222
43927,1825.0005106642222
43928,1825.0005106642222
43929,1825.0005106642222
43930,1825.0005106642222
43931,1825.0005106642222
43932,1825.0005106642222
43933,1825.0005106642222
43934,1825.0005106642222
43935,1825.0005106642222
43936,1825.0005106642222
43937,1825.0005106642222
43938,1825.0005106642222
43939,1825.0005106642222
43940,1825.0005106642222
43941,1825.0005106642222
43942,1825.0005106642222
43943,1825.0005106642222
43944,1825.0005106642222
43945,1825.0005106642222
43946,1825.0005106642222
43947,1825.0005106642222
43948,1825.0005106642222
43949,1825.0005106642222
43950,1825.0005106642222
43951,1825.0005106642222
43952,1825.0005106642222
43953,1825.0005106642222
43954,1825.0005106642222
43955,1825.0005106642222
43956,1825.0005106642222
43957,1825.0005106642222
43958,1825.0005106642222
43959,1825.0005106642222
43960,1825.0005106642222
43961,1825.0005106642222
43962,1825.0005106642222
43963,1825.0005106642222
43964,1825.0005106642222
43965,1825.0005106642222
43966,1825.0005106642222
43967,1825.0005106642222
43968,1825.0005106642222
43969,1825.0005106642222
43970,1825.0005106642222
43971,1825.0005106642222
43972,1825.0005106642222
43973,1825.0005106642222
43974,1825.0005106642222
43975,1825.0005106642222
43976,1825.0005106642222
43977,1825.0005106642222
43978,1825.0005106642222
43979,1825.0005106642222
43980,1825.0005106642222
43981,1825.0005106642222
43982,1825.0005106642222
43983,1825.0005106642222
43984,1825.0005106642222
43985,1825.0005106642222
43986,1825.0005106642222
43987,1825.0005106642222
43988,1825.0005106642222
43989,1825.0005106642222
43990,1825.0005106642222
43991,1825.0005106642222
43992,1825.0005106642222
43993,1825.0005106642222
43994,1825.0005106642222
43995,1825.0005106642222
43996,1825.0005106642222
43997,1825.0005106642222
43998,1825.0005106642222
43999,1825.0005106642222
44000,1825.0005106642222
44001,1825.0005106642222
44002,1825.0005106642222
44003,1825.0005106642222
44004,1825.0005106642222
44005,1825.0005106642222
44006,1825.0005106642222
44007,1825.0005106642222
44008,1825.0005106642222
44009,1825.0005106642222
44010,1825.0005106642222
44011,1825.0005106642222
44012,1825.0005106642222
44013,1825.0005106642222
44014,1825.0005106642222
44015,1825.0005106642222
44016,1825.0005106642222
44017,1825.0005106642222
44018,1825.0005106642222
44019,1825.0005106642222
44020,1825.0005106642222
44021,1825.0005106642222
44022,1825.0005106642222
44023,1825.0005106642222
44024,1825.0005106642222
44025,1825.0005106642222
44026,1825.0005106642222
44027,1825.0005106642222
44028,1825.0005106642222
44029,1825.0005106642222
44030,1825.0005106642222
44031,1825.0005106642222
44032,1825.0005106642222
44033,1825.0005106642222
44034,1825.0005106642222
44035,1825.0005106642222
44036,1825.0005106642222
44037,1825.0005106642222
44038,1825.0005106642222
44039,1825.0005106642222
44040,1825.0005106642222
44041,1825.0005106642222
44042,1825.0005106642222
44043,1825.0005106642222
44044,1825.0005106642222
44045,1825.0005106642222
44046,1825.0005106642222
44047,1825.0005106642222
44048,1825.0005106642222
44049,1825.0005106642222
44050,1825.0005106642222
44051,1825.0005106642222
44052,1825.0005106642222
44053,1825.0005106642222
44054,1825.0005106642222
44055,1825.0005106642222
44056,1825.0005106642222
44057,1825.0005106642222
44058,1825.0005106642222
44059,1825.0005106642222
44060,1825.0005106642222
44061,1825.0005106642222
44062,1825.0005106642222
44063,1825.0005106642222
44064,1825.0005106642222
44065,1825.0005106642222
44066,1825.0005106642222
44067,1825.0005106642222
44068,1825.0005106642222
44069,1825.0005106642222
44070,1825.0005106642222
44071,1825.0005106642222
44072,1825.0005106642222
44073,1825.0005106642222
44074,1825.0005106642222
44075,1825.0005106642222
44076,1825.0005106642222
44077,1825.0005106642222
44078,1825.0005106642222
44079,1825.0005106642222
44080,1825.0005106642222
44081,1825.0005106642222
44082,1825.0005106642222
44083,1825.0005106642222
44084,1825.0005106642222
44085,1825.0005106642222
44086,1825.0005106642222
44087,1825.0005106642222
44088,1825.0005106642222
44089,1825.0005106642222
44090,1825.0005106642222
44091,1825.0005106642222
44092,1825.0005106642222
44093,1825.0005106642222
44094,1825.0005106642222
44095,1825.0005106642222
44096,1825.0005106642222
44097,1825.0005106642222
44098,1825.0005106642222
44099,1825.0005106642222
44100,1825.0005106642222
44101,1825.0005106642222
44102,1825.0005106642222
44103,1825.0005106642222
44104,1825.0005106642222
44105,1825.0005106642222
44106,1825.0005106642222
44107,1825.0005106642222
44108,1825.0005106642222
44109,1825.0005106642222
44110,1825.0005106642222
44111,1825.0005106642222
44112,1825.0005106642222
44113,1825.0005106642222
44114,1825.0005106642222
44115,1825.0005106642222
44116,1825.0005106642222
44117,1825.0005106642222
44118,1825.0005106642222
44119,1825.0005106642222
44120,1825.0005106642222
44121,1825.0005106642222
44122,1825.0005106642222
44123,1825.0005106642222
44124,1825.0005106642222
44125,1825.0005106642222
44126,1825.0005106642222
44127,1825.0005106642222
44128,1825.0005106642222
44129,1825.0005106642222
44130,1825.0005106642222
44131,1825.0005106642222
44132,1825.0005106642222
44133,1825.0005106642222
44134,1825.0005106642222
44135,1825.0005106642222
44136,1825.0005106642222
44137,1825.0005106642222
44138,1825.0005106642222
44139,1825.0005106642222
44140,1825.0005106642222
44141,1825.0005106642222
44142,1825.0005106642222
44143,1825.0005106642222
44144,1825.0005106642222
44145,1825.0005106642222
44146,1825.0005106642222
44147,1825.0005106642222
44148,1825.0005106642222
44149,1825.0005106642222
44150,1825.0005106642222
44151,1825.0005106642222
44152,1825.0005106642222
44153,1825.0005106642222
44154,1825.0005106642222
44155,1825.0005106642222
44156,1825.0005106642222
44157,1825.0005106642222
44158,1825.0005106642222
44159,1825.0005106642222
44160,1825.0005106642222
44161,1825.0005106642222
44162,1825.0005106642222
44163,1825.0005106642222
44164,1825.0005106642222
44165,1825.0005106642222
44166,1825.0005106642222
44167,1825.0005106642222
44168,1825.0005106642222
44169,1825.0005106642222
44170,1825.0005106642222
44171,1825.0005106642222
44172,1825.0005106642222
44173,1825.0005106642222
44174,1825.0005106642222
44175,1825.0005106642222
44176,1825.0005106642222
44177,1825.0005106642222
44178,1825.0005106642222
44179,1825.0005106642222
44180,1825.0005106642222
44181,1825.0005106642222
44182,1825.0005106642222
44183,1825.0005106642222
44184,1825.0005106642222
44185,1825.0005106642222
44186,1825.0005106642222
44187,1825.0005106642222
44188,1825.0005106642222
44189,1825.0005106642222
44190,1825.0005106642222
44191,1825.0005106642222
44192,1825.0005106642222
44193,1825.0005106642222
44194,1825.0005106642222
44195,1825.0005106642222
44196,1825.0005106642222
44197,1825.0005106642222
44198,1825.0005106642222
44199,1825.0005106642222
44200,1825.0005106642222
44201,1825.0005106642222
44202,1825.0005106642222
44203,1825.0005106642222
44204,1825.0005106642222
44205,1825.0005106642222
44206,1825.0005106642222
44207,1825.0005106642222
44208,1825.0005106642222
44209,1825.0005106642222
44210,1825.0005106642222
44211,1825.0005106642222
44212,1825.0005106642222
44213,1825.0005106642222
44214,1825.0005106642222
44215,1825.0005106642222
44216,1825.0005106642222
44217,1825.0005106642222
44218,1825.0005106642222
44219,1825.0005106642222
44220,1825.0005106642222
44221,1825.0005106642222
44222,1825.0005106642222
44223,1825.0005106642222
44224,1825.0005106642222
44225,1825.0005106642222
44226,1825.0005106642222
44227,1825.0005106642222
44228,1825.0005106642222
44229,1825.0005106642222
44230,1825.0005106642222
44231,1825.0005106642222
44232,1825.0005106642222
44233,1825.0005106642222
44234,1825.0005106642222
44235,1825.0005106642222
44236,1825.0005106642222
44237,1825.0005106642222
44238,1825.0005106642222
44239,1825.0005106642222
44240,1825.0005106642222
44241,1825.0005106642222
44242,1825.0005106642222
44243,1825.0005106642222
44244,1825.0005106642222
44245,1825.0005106642222
44246,1825.0005106642222
44247,1825.0005106642222
44248,1825.0005106642222
44249,1825.0005106642222
44250,1825.0005106642222
44251,1825.0005106642222
44252,1825.0005106642222
44253,1825.0005106642222
44254,1825.0005106642222
44255,1825.0005106642222
44256,1825.0005106642222
44257,1825.0005106642222
44258,1825.0005106642222
44259,1825.0005106642222
44260,1825.0005106642222
44261,1825.0005106642222
44262,1825.0005106642222
44263,1825.0005106642222
44264,1825.0005106642222
44265,1825.0005106642222
44266,1825.0005106642222
44267,1825.0005106642222
44268,1825.0005106642222
44269,1825.0005106642222
44270,1825.0005106642222
44271,1825.0005106642222
44272,1825.0005106642222
44273,1825.0005106642222
44274,1825.0005106642222
44275,1825.0005106642222
44276,1825.0005106642222
44277,1825.0005106642222
44278,1825.0005106642222
44279,1825.0005106642222
44280,1825.0005106642222
44281,1825.0005106642222
44282,1825.0005106642222
44283,1825.0005106642222
44284,1825.0005106642222
44285,1825.0005106642222
44286,1825.0005106642222
44287,1825.0005106642222
44288,1825.0005106642222
44289,1825.0005106642222
44290,1825.0005106642222
44291,1825.0005106642222
44292,1825.0005106642222
44293,1825.0005106642222
44294,1825.0005106642222
44295,1825.0005106642222
44296,1825.0005106642222
44297,1825.0005106642222
44298,1825.0005106642222
44299,1825.0005106642222
44300,1825.0005106642222
44301,1825.0005106642222
44302,1825.0005106642222
44303,1825.0005106642222
44304,1825.0005106642222
44305,1825.0005106642222
44306,1825.0005106642222
44307,1825.0005106642222
44308,1825.0005106642222
44309,1825.0005106642222
44310,1825.0005106642222
44311,1825.0005106642222
44312,1825.0005106642222
44313,1825.0005106642222
44314,1825.0005106642222
44315,1825.0005106642222
44316,1825.0005106642222
44317,1825.0005106642222
44318,1825.0005106642222
44319,1825.0005106642222
44320,1825.0005106642222
44321,1825.0005106642222
44322,1825.0005106642222
44323,1825.0005106642222
44324,1825.0005106642222
44325,1825.0005106642222
44326,1825.0005106642222
44327,1825.0005106642222
44328,1825.0005106642222
44329,1825.0005106642222
44330,1825.0005106642222
44331,1825.0005106642222
44332,1825.0005106642222
44333,1825.0005106642222
44334,1825.0005106642222
44335,1825.0005106642222
44336,1825.0005106642222
44337,1825.0005106642222
44338,1825.0005106642222
44339,1825.0005106642222
44340,1825.0005106642222
44341,1825.0005106642222
44342,1825.0005106642222
44343,1825.0005106642222
44344,1825.0005106642222
44345,1825.0005106642222
44346,1825.0005106642222
44347,1825.0005106642222
44348,1825.0005106642222
44349,1825.0005106642222
44350,1825.0005106642222
44351,1825.0005106642222
44352,1825.0005106642222
44353,1825.0005106642222
44354,1825.0005106642222
44355,1825.0005106642222
44356,1825.0005106642222
44357,1825.0005106642222
44358,1825.0005106642222
44359,1825.0005106642222
44360,1825.0005106642222
44361,1825.0005106642222
44362,1825.0005106642222
44363,1825.0005106642222
44364,1825.0005106642222
44365,1825.0005106642222
44366,1825.0005106642222
44367,1825.0005106642222
44368,1825.0005106642222
44369,1825.0005106642222
44370,1825.0005106642222
44371,1825.0005106642222
44372,1825.0005106642222
44373,1825.0005106642222
44374,1825.0005106642222
44375,1825.0005106642222
44376,1825.0005106642222
44377,1825.0005106642222
44378,1825.0005106642222
44379,1825.0005106642222
44380,1825.0005106642222
44381,1825.0005106642222
44382,1825.0005106642222
44383,1825.0005106642222
44384,1825.0005106642222
44385,1825.0005106642222
44386,1825.0005106642222
44387,1825.0005106642222
44388,1825.0005106642222
44389,1825.0005106642222
44390,1825.0005106642222
44391,1825.0005106642222
44392,1825.0005106642222
44393,1825.0005106642222
44394,1825.0005106642222
44395,1825.0005106642222
44396,1825.0005106642222
44397,1825.0005106642222
44398,1825.0005106642222
44399,1825.0005106642222
44400,1825.0005106642222
44401,1825.0005106642222
44402,1825.0005106642222
44403,1825.0005106642222
44404,1825.0005106642222
44405,1825.0005106642222
44406,1825.0005106642222
44407,1825.0005106642222
44408,1825.0005106642222
44409,1825.0005106642222
44410,1825.0005106642222
44411,1825.0005106642222
44412,1825.0005106642222
44413,1825.0005106642222
44414,1825.0005106642222
44415,1825.0005106642222
44416,1825.0005106642222
44417,1825.0005106642222
44418,1825.0005106642222
44419,1825.0005106642222
44420,1825.0005106642222
44421,1825.0005106642222
44422,1825.0005106642222
44423,1825.0005106642222
44424,1825.0005106642222
44425,1825.0005106642222
44426,1825.0005106642222
44427,1825.0005106642222
44428,1825.0005106642222
44429,1825.0005106642222
44430,1825.0005106642222
44431,1825.0005106642222
44432,1825.0005106642222
44433,1825.0005106642222
44434,1825.0005106642222
44435,1825.0005106642222
44436,1825.0005106642222
44437,1825.0005106642222
44438,1825.0005106642222
44439,1825.0005106642222
44440,1825.0005106642222
44441,1825.0005106642222
44442,1825.0005106642222
44443,1825.0005106642222
44444,1825.0005106642222
44445,1825.0005106642222
44446,1825.0005106642222
44447,1825.0005106642222
44448,1825.0005106642222
44449,1825.0005106642222
44450,1825.0005106642222
44451,1825.0005106642222
44452,1825.0005106642222
44453,1825.0005106642222
44454,1825.0005106642222
44455,1825.0005106642222
44456,1825.0005106642222
44457,1825.0005106642222
44458,1825.0005106642222
44459,1825.0005106642222
44460,1825.0005106642222
44461,1825.0005106642222
44462,1825.0005106642222
44463,1825.0005106642222
44464,1825.0005106642222
44465,1825.0005106642222
44466,1825.0005106642222
44467,1825.0005106642222
44468,1825.0005106642222
44469,1825.0005106642222
44470,1825.0005106642222
44471,1825.0005106642222
44472,1825.0005106642222
44473,1825.0005106642222
44474,1825.0005106642222
44475,1825.0005106642222
44476,1825.0005106642222
44477,1825.0005106642222
44478,1825.0005106642222
44479,1825.0005106642222
44480,1825.0005106642222
44481,1825.0005106642222
44482,1825.0005106642222
44483,1825.0005106642222
44484,1825.0005106642222
44485,1825.0005106642222
44486,1825.0005106642222
44487,1825.0005106642222
44488,1825.0005106642222
44489,1825.0005106642222
44490,1825.0005106642222
44491,1825.0005106642222
44492,1825.0005106642222
44493,1825.0005106642222
44494,1825.0005106642222
44495,1825.0005106642222
44496,1825.0005106642222
44497,1825.0005106642222
44498,1825.0005106642222
44499,1825.0005106642222
44500,1825.0005106642222
44501,1825.0005106642222
44502,1825.0005106642222
44503,1825.0005106642222
44504,1825.0005106642222
44505,1825.0005106642222
44506,1825.0005106642222
44507,1825.0005106642222
44508,1825.0005106642222
44509,1825.0005106642222
44510,1825.0005106642222
44511,1825.0005106642222
44512,1825.0005106642222
44513,1825.0005106642222
44514,1825.0005106642222
44515,1825.0005106642222
44516,1825.0005106642222
44517,1825.0005106642222
44518,1825.0005106642222
44519,1825.0005106642222
44520,1825.0005106642222
44521,1825.0005106642222
44522,1825.0005106642222
44523,1825.0005106642222
44524,1825.0005106642222
44525,1825.0005106642222
44526,1825.0005106642222
44527,1825.0005106642222
44528,1825.0005106642222
44529,1825.0005106642222
44530,1825.0005106642222
44531,1825.0005106642222
44532,1825.0005106642222
44533,1825.0005106642222
44534,1825.0005106642222
44535,1825.0005106642222
44536,1825.0005106642222
44537,1825.0005106642222
44538,1825.0005106642222
44539,1825.0005106642222
44540,1825.0005106642222
44541,1825.0005106642222
44542,1825.0005106642222
44543,1825.0005106642222
44544,1825.0005106642222
44545,1825.0005106642222
44546,1825.0005106642222
44547,1825.0005106642222
44548,1825.0005106642222
44549,1825.0005106642222
44550,1825.0005106642222
44551,1825.0005106642222
44552,1825.0005106642222
44553,1825.0005106642222
44554,1825.0005106642222
44555,1825.0005106642222
44556,1825.0005106642222
44557,1825.0005106642222
44558,1825.0005106642222
44559,1825.0005106642222
44560,1825.0005106642222
44561,1825.0005106642222
44562,1825.0005106642222
44563,1825.0005106642222
44564,1825.0005106642222
44565,1825.0005106642222
44566,1825.0005106642222
44567,1825.0005106642222
44568,1825.0005106642222
44569,1825.0005106642222
44570,1825.0005106642222
44571,1825.0005106642222
44572,1825.0005106642222
44573,1825.0005106642222
44574,1825.0005106642222
44575,1825.0005106642222
44576,1825.0005106642222
44577,1825.0005106642222
44578,1825.0005106642222
44579,1825.0005106642222
44580,1825.0005106642222
44581,1825.0005106642222
44582,1825.0005106642222
44583,1825.0005106642222
44584,1825.0005106642222
44585,1825.0005106642222
44586,1825.0005106642222
44587,1825.0005106642222
44588,1825.0005106642222
44589,1825.0005106642222
44590,1825.0005106642222
44591,1825.0005106642222
44592,1825.0005106642222
44593,1825.0005106642222
44594,1825.0005106642222
44595,1825.0005106642222
44596,1825.0005106642222
44597,1825.0005106642222
44598,1825.0005106642222
44599,1825.0005106642222
44600,1825.0005106642222
44601,1825.0005106642222
44602,1825.0005106642222
44603,1825.0005106642222
44604,1825.0005106642222
44605,1825.0005106642222
44606,1825.0005106642222
44607,1825.0005106642222
44608,1825.0005106642222
44609,1825.0005106642222
44610,1825.0005106642222
44611,1825.0005106642222
44612,1825.0005106642222
44613,1825.0005106642222
44614,1825.0005106642222
44615,1825.0005106642222
44616,1825.0005106642222
44617,1825.0005106642222
44618,1825.0005106642222
44619,1825.0005106642222
44620,1825.0005106642222
44621,1825.0005106642222
44622,1825.0005106642222
44623,1825.0005106642222
44624,1825.0005106642222
44625,1825.0005106642222
44626,1825.0005106642222
44627,1825.0005106642222
44628,1825.0005106642222
44629,1825.0005106642222
44630,1825.0005106642222
44631,1825.0005106642222
44632,1825.0005106642222
44633,1825.0005106642222
44634,1825.0005106642222
44635,1825.0005106642222
44636,1825.0005106642222
44637,1825.0005106642222
44638,1825.0005106642222
44639,1825.0005106642222
44640,1825.0005106642222
44641,1825.0005106642222
44642,1825.0005106642222
44643,1825.0005106642222
44644,1825.0005106642222
44645,1825.0005106642222
44646,1825.0005106642222
44647,1825.0005106642222
44648,1825.0005106642222
44649,1825.0005106642222
44650,1825.0005106642222
44651,1825.0005106642222
44652,1825.0005106642222
44653,1825.0005106642222
44654,1825.0005106642222
44655,1825.0005106642222
44656,1825.0005106642222
44657,1825.0005106642222
44658,1825.0005106642222
44659,1825.0005106642222
44660,1825.0005106642222
44661,1825.0005106642222
44662,1825.0005106642222
44663,1825.0005106642222
44664,1825.0005106642222
44665,1825.0005106642222
44666,1825.0005106642222
44667,1825.0005106642222
44668,1825.0005106642222
44669,1825.0005106642222
44670,1825.0005106642222
44671,1825.0005106642222
44672,1825.0005106642222
44673,1825.0005106642222
44674,1825.0005106642222
44675,1825.0005106642222
44676,1825.0005106642222
44677,1825.0005106642222
44678,1825.0005106642222
44679,1825.0005106642222
44680,1825.0005106642222
44681,1825.0005106642222
44682,1825.0005106642222
44683,1825.0005106642222
44684,1825.0005106642222
44685,1825.0005106642222
44686,1825.0005106642222
44687,1825.0005106642222
44688,1825.0005106642222
44689,1825.0005106642222
44690,1825.0005106642222
44691,1825.0005106642222
44692,1825.0005106642222
44693,1825.0005106642222
44694,1825.0005106642222
44695,1825.0005106642222
44696,1825.0005106642222
44697,1825.0005106642222
44698,1825.0005106642222
44699,1825.0005106642222
44700,1825.0005106642222
44701,1825.0005106642222
44702,1825.0005106642222
44703,1825.0005106642222
44704,1825.0005106642222
44705,1825.0005106642222
44706,1825.0005106642222
44707,1825.0005106642222
44708,1825.0005106642222
44709,1825.0005106642222
44710,1825.0005106642222
44711,1825.0005106642222
44712,1825.0005106642222
44713,1825.0005106642222
44714,1825.0005106642222
44715,1825.0005106642222
44716,1825.0005106642222
44717,1825.0005106642222
44718,1825.0005106642222
44719,1825.0005106642222
44720,1825.0005106642222
44721,1825.0005106642222
44722,1825.0005106642222
44723,1825.0005106642222
44724,1825.0005106642222
44725,1825.0005106642222
44726,1825.0005106642222
44727,1825.0005106642222
44728,1825.0005106642222
44729,1825.0005106642222
44730,1825.0005106642222
44731,1825.0005106642222
44732,1825.0005106642222
44733,1825.0005106642222
44734,1825.0005106642222
44735,1825.0005106642222
44736,1825.0005106642222
44737,1825.0005106642222
44738,1825.0005106642222
44739,1825.0005106642222
44740,1825.0005106642222
44741,1825.0005106642222
44742,1825.0005106642222
44743,1825.0005106642222
44744,1825.0005106642222
44745,1825.0005106642222
44746,1825.0005106642222
44747,1825.0005106642222
44748,1825.0005106642222
44749,1825.0005106642222
44750,1825.0005106642222
44751,1825.0005106642222
44752,1825.0005106642222
44753,1825.0005106642222
44754,1825.0005106642222
44755,1825.0005106642222
44756,1825.0005106642222
44757,1825.0005106642222
44758,1825.0005106642222
44759,1825.0005106642222
44760,1825.0005106642222
44761,1825.0005106642222
44762,1825.0005106642222
44763,1825.0005106642222
44764,1825.0005106642222
44765,1825.0005106642222
44766,1825.0005106642222
44767,1825.0005106642222
44768,1825.0005106642222
44769,1825.0005106642222
44770,1825.0005106642222
44771,1825.0005106642222
44772,1825.0005106642222
44773,1825.0005106642222
44774,1825.0005106642222
44775,1825.0005106642222
44776,1825.0005106642222
44777,1825.0005106642222
44778,1825.0005106642222
44779,1825.0005106642222
44780,1825.0005106642222
44781,1825.0005106642222
44782,1825.0005106642222
44783,1825.0005106642222
44784,1825.0005106642222
44785,1825.0005106642222
44786,1825.0005106642222
44787,1825.0005106642222
44788,1825.0005106642222
44789,1825.0005106642222
44790,1825.0005106642222
44791,1825.0005106642222
44792,1825.0005106642222
44793,1825.0005106642222
44794,1825.0005106642222
44795,1825.0005106642222
44796,1825.0005106642222
44797,1825.0005106642222
44798,1825.0005106642222
44799,1825.0005106642222
44800,1825.0005106642222
44801,1825.0005106642222
44802,1825.0005106642222
44803,1825.0005106642222
44804,1825.0005106642222
44805,1825.0005106642222
44806,1825.0005106642222
44807,1825.0005106642222
44808,1825.0005106642222
44809,1825.0005106642222
44810,1825.0005106642222
44811,1825.0005106642222
44812,1825.0005106642222
44813,1825.0005106642222
44814,1825.0005106642222
44815,1825.0005106642222
44816,1825.0005106642222
44817,1825.0005106642222
44818,1825.0005106642222
44819,1825.0005106642222
44820,1825.0005106642222
44821,1825.0005106642222
44822,1825.0005106642222
44823,1825.0005106642222
44824,1825.0005106642222
44825,1825.0005106642222
44826,1825.0005106642222
44827,1825.0005106642222
44828,1825.0005106642222
44829,1825.0005106642222
44830,1825.0005106642222
44831,1825.0005106642222
44832,1825.0005106642222
44833,1825.0005106642222
44834,1825.0005106642222
44835,1825.0005106642222
44836,1825.0005106642222
44837,1825.0005106642222
44838,1825.0005106642222
44839,1825.0005106642222
44840,1825.0005106642222
44841,1825.0005106642222
44842,1825.0005106642222
44843,1825.0005106642222
44844,1825.0005106642222
44845,1825.0005106642222
44846,1825.0005106642222
44847,1825.0005106642222
44848,1825.0005106642222
44849,1825.0005106642222
44850,1825.0005106642222
44851,1825.0005106642222
44852,1825.0005106642222
44853,1825.0005106642222
44854,1825.0005106642222
44855,1825.0005106642222
44856,1825.0005106642222
44857,1825.0005106642222
44858,1825.0005106642222
44859,1825.0005106642222
44860,1825.0005106642222
44861,1825.0005106642222
44862,1825.0005106642222
44863,1825.0005106642222
44864,1825.0005106642222
44865,1825.0005106642222
44866,1825.0005106642222
44867,1825.0005106642222
44868,1825.0005106642222
44869,1825.0005106642222
44870,1825.0005106642222
44871,1825.0005106642222
44872,1825.0005106642222
44873,1825.0005106642222
44874,1825.0005106642222
44875,1825.0005106642222
44876,1825.0005106642222
44877,1825.0005106642222
44878,1825.0005106642222
44879,1825.0005106642222
44880,1825.0005106642222
44881,1825.0005106642222
44882,1825.0005106642222
44883,1825.0005106642222
44884,1825.0005106642222
44885,1825.0005106642222
44886,1825.0005106642222
44887,1825.0005106642222
44888,1825.0005106642222
44889,1825.0005106642222
44890,1825.0005106642222
44891,1825.0005106642222
44892,1825.0005106642222
44893,1825.0005106642222
44894,1825.0005106642222
44895,1825.0005106642222
44896,1825.0005106642222
44897,1825.0005106642222
44898,1825.0005106642222
44899,1825.0005106642222
44900,1825.0005106642222
44901,1825.0005106642222
44902,1825.0005106642222
44903,1825.0005106642222
44904,1825.0005106642222
44905,1825.0005106642222
44906,1825.0005106642222
44907,1825.0005106642222
44908,1825.0005106642222
44909,1825.0005106642222
44910,1825.0005106642222
44911,1825.0005106642222
44912,1825.0005106642222
44913,1825.0005106642222
44914,1825.0005106642222
44915,1825.0005106642222
44916,1825.0005106642222
44917,1825.0005106642222
44918,1825.0005106642222
44919,1825.0005106642222
44920,1825.0005106642222
44921,1825.0005106642222
44922,1825.0005106642222
44923,1825.0005106642222
44924,1825.0005106642222
44925,1825.0005106642222
44926,1825.0005106642222
44927,1825.0005106642222
44928,1825.0005106642222
44929,1825.0005106642222
44930,1825.0005106642222
44931,1825.0005106642222
44932,1825.0005106642222
44933,1825.0005106642222
44934,1825.0005106642222
44935,1825.0005106642222
44936,1825.0005106642222
44937,1825.0005106642222
44938,1825.0005106642222
44939,1825.0005106642222
44940,1825.0005106642222
44941,1825.0005106642222
44942,1825.0005106642222
44943,1825.0005106642222
44944,1825.0005106642222
44945,1825.0005106642222
44946,1825.0005106642222
44947,1825.0005106642222
44948,1825.0005106642222
44949,1825.0005106642222
44950,1825.0005106642222
44951,1825.0005106642222
44952,1825.0005106642222
44953,1825.0005106642222
44954,1825.0005106642222
44955,1825.0005106642222
44956,1825.0005106642222
44957,1825.0005106642222
44958,1825.0005106642222
44959,1825.0005106642222
44960,1825.0005106642222
44961,1825.0005106642222
44962,1825.0005106642222
44963,1825.0005106642222
44964,1825.0005106642222
44965,1825.0005106642222
44966,1825.0005106642222
44967,1825.0005106642222
44968,1825.0005106642222
44969,1825.0005106642222
44970,1825.0005106642222
44971,1825.0005106642222
44972,1825.0005106642222
44973,1825.0005106642222
44974,1825.0005106642222
44975,1825.0005106642222
44976,1825.0005106642222
44977,1825.0005106642222
44978,1825.0005106642222
44979,1825.0005106642222
44980,1825.0005106642222
44981,1825.0005106642222
44982,1825.0005106642222
44983,1825.0005106642222
44984,1825.0005106642222
44985,1825.0005106642222
44986,1825.0005106642222
44987,1825.0005106642222
44988,1825.0005106642222
44989,1825.0005106642222
44990,1825.0005106642222
44991,1825.0005106642222
44992,1825.0005106642222
44993,1825.0005106642222
44994,1825.0005106642222
44995,1825.0005106642222
44996,1825.0005106642222
44997,1825.0005106642222
44998,1825.0005106642222
44999,1825.0005106642222
45000,1825.0005106642222
45001,1825.0005106642222
45002,1825.0005106642222
45003,1825.0005106642222
45004,1825.0005106642222
45005,1825.0005106642222
45006,1825.0005106642222
45007,1825.0005106642222
45008,1825.0005106642222
45009,1825.0005106642222
45010,1825.0005106642222
45011,1825.0005106642222
45012,1825.0005106642222
45013,1825.0005106642222
45014,1825.0005106642222
45015,1825.0005106642222
45016,1825.0005106642222
45017,1825.0005106642222
45018,1825.0005106642222
45019,1825.0005106642222
45020,1825.0005106642222
45021,1825.0005106642222
45022,1825.0005106642222
45023,1825.0005106642222
45024,1825.0005106642222
45025,1825.0005106642222
45026,1825.0005106642222
45027,1825.0005106642222
45028,1825.0005106642222
45029,1825.0005106642222
45030,1825.0005106642222
45031,1825.0005106642222
45032,1825.0005106642222
45033,1825.0005106642222
45034,1825.0005106642222
45035,1825.0005106642222
45036,1825.0005106642222
45037,1825.0005106642222
45038,1825.0005106642222
45039,1825.0005106642222
45040,1825.0005106642222
45041,1825.0005106642222
45042,1825.0005106642222
45043,1825.0005106642222
45044,1825.0005106642222
45045,1825.0005106642222
45046,1825.0005106642222
45047,1825.0005106642222
45048,1825.0005106642222
45049,1825.0005106642222
45050,1825.0005106642222
45051,1825.0005106642222
45052,1825.0005106642222
45053,1825.0005106642222
45054,1825.0005106642222
45055,1825.0005106642222
45056,1825.0005106642222
45057,1825.0005106642222
45058,1825.0005106642222
45059,1825.0005106642222
45060,1825.0005106642222
45061,1825.0005106642222
45062,1825.0005106642222
45063,1825.0005106642222
45064,1825.0005106642222
45065,1825.0005106642222
45066,1825.0005106642222
45067,1825.0005106642222
45068,1825.0005106642222
45069,1825.0005106642222
45070,1825.0005106642222
45071,1825.0005106642222
45072,1825.0005106642222
45073,1825.0005106642222
45074,1825.0005106642222
45075,1825.0005106642222
45076,1825.0005106642222
45077,1825.0005106642222
45078,1825.0005106642222
45079,1825.0005106642222
45080,1825.0005106642222
45081,1825.0005106642222
45082,1825.0005106642222
45083,1825.0005106642222
45084,1825.0005106642222
45085,1825.0005106642222
45086,1825.0005106642222
45087,1825.0005106642222
45088,1825.0005106642222
45089,1825.0005106642222
45090,1825.0005106642222
45091,1825.0005106642222
45092,1825.0005106642222
45093,1825.0005106642222
45094,1825.0005106642222
45095,1825.0005106642222
45096,1825.0005106642222
45097,1825.0005106642222
45098,1825.0005106642222
45099,1825.0005106642222
45100,1825.0005106642222
45101,1825.0005106642222
45102,1825.0005106642222
45103,1825.0005106642222
45104,1825.0005106642222
45105,1825.0005106642222
45106,1825.0005106642222
45107,1825.0005106642222
45108,1825.0005106642222
45109,1825.0005106642222
45110,1825.0005106642222
45111,1825.0005106642222
45112,1825.0005106642222
45113,1825.0005106642222
45114,1825.0005106642222
45115,1825.0005106642222
45116,1825.0005106642222
45117,1825.0005106642222
45118,1825.0005106642222
45119,1825.0005106642222
45120,1825.0005106642222
45121,1825.0005106642222
45122,1825.0005106642222
45123,1825.0005106642222
45124,1825.0005106642222
45125,1825.0005106642222
45126,1825.0005106642222
45127,1825.0005106642222
45128,1825.0005106642222
45129,1825.0005106642222
45130,1825.0005106642222
45131,1825.0005106642222
45132,1825.0005106642222
45133,1825.0005106642222
45134,1825.0005106642222
45135,1825.0005106642222
45136,1825.0005106642222
45137,1825.0005106642222
45138,1825.0005106642222
45139,1825.0005106642222
45140,1825.0005106642222
45141,1825.0005106642222
45142,1825.0005106642222
45143,1825.0005106642222
45144,1825.0005106642222
45145,1825.0005106642222
45146,1825.0005106642222
45147,1825.0005106642222
45148,1825.0005106642222
45149,1825.0005106642222
45150,1825.0005106642222
45151,1825.0005106642222
45152,1825.0005106642222
45153,1825.0005106642222
45154,1825.0005106642222
45155,1825.0005106642222
45156,1825.0005106642222
45157,1825.0005106642222
45158,1825.0005106642222
45159,1825.0005106642222
45160,1825.0005106642222
45161,1825.0005106642222
45162,1825.0005106642222
45163,1825.0005106642222
45164,1825.0005106642222
45165,1825.0005106642222
45166,1825.0005106642222
45167,1825.0005106642222
45168,1825.0005106642222
45169,1825.0005106642222
45170,1825.0005106642222
45171,1825.0005106642222
45172,1825.0005106642222
45173,1825.0005106642222
45174,1825.0005106642222
45175,1825.0005106642222
45176,1825.0005106642222
45177,1825.0005106642222
45178,1825.0005106642222
45179,1825.0005106642222
45180,1825.0005106642222
45181,1825.0005106642222
45182,1825.0005106642222
45183,1825.0005106642222
45184,1825.0005106642222
45185,1825.0005106642222
45186,1825.0005106642222
45187,1825.0005106642222
45188,1825.0005106642222
45189,1825.0005106642222
45190,1825.0005106642222
45191,1825.0005106642222
45192,1825.0005106642222
45193,1825.0005106642222
45194,1825.0005106642222
45195,1825.0005106642222
45196,1825.0005106642222
45197,1825.0005106642222
45198,1825.0005106642222
45199,1825.0005106642222
45200,1825.0005106642222
45201,1825.0005106642222
45202,1825.0005106642222
45203,1825.0005106642222
45204,1825.0005106642222
45205,1825.0005106642222
45206,1825.0005106642222
45207,1825.0005106642222
45208,1825.0005106642222
45209,1825.0005106642222
45210,1825.0005106642222
45211,1825.0005106642222
45212,1825.0005106642222
45213,1825.0005106642222
45214,1825.0005106642222
45215,1825.0005106642222
45216,1825.0005106642222
45217,1825.0005106642222
45218,1825.0005106642222
45219,1825.0005106642222
45220,1825.0005106642222
45221,1825.0005106642222
45222,1825.0005106642222
45223,1825.0005106642222
45224,1825.0005106642222
45225,1825.0005106642222
45226,1825.0005106642222
45227,1825.0005106642222
45228,1825.0005106642222
45229,1825.0005106642222
45230,1825.0005106642222
45231,1825.0005106642222
45232,1825.0005106642222
45233,1825.0005106642222
45234,1825.0005106642222
45235,1825.0005106642222
45236,1825.0005106642222
45237,1825.0005106642222
45238,1825.0005106642222
45239,1825.0005106642222
45240,1825.0005106642222
45241,1825.0005106642222
45242,1825.0005106642222
45243,1825.0005106642222
45244,1825.0005106642222
45245,1825.0005106642222
45246,1825.0005106642222
45247,1825.0005106642222
45248,1825.0005106642222
45249,1825.0005106642222
45250,1825.0005106642222
45251,1825.0005106642222
45252,1825.0005106642222
45253,1825.0005106642222
45254,1825.0005106642222
45255,1825.0005106642222
45256,1825.0005106642222
45257,1825.0005106642222
45258,1825.0005106642222
45259,1825.0005106642222
45260,1825.0005106642222
45261,1825.0005106642222
45262,1825.0005106642222
45263,1825.0005106642222
45264,1825.0005106642222
45265,1825.0005106642222
45266,1825.0005106642222
45267,1825.0005106642222
45268,1825.0005106642222
45269,1825.0005106642222
45270,1825.0005106642222
45271,1825.0005106642222
45272,1825.0005106642222
45273,1825.0005106642222
45274,1825.0005106642222
45275,1825.0005106642222
45276,1825.0005106642222
45277,1825.0005106642222
45278,1825.0005106642222
45279,1825.0005106642222
45280,1825.0005106642222
45281,1825.0005106642222
45282,1825.0005106642222
45283,1825.0005106642222
45284,1825.0005106642222
45285,1825.0005106642222
45286,1825.0005106642222
45287,1825.0005106642222
45288,1825.0005106642222
45289,1825.0005106642222
45290,1825.0005106642222
45291,1825.0005106642222
45292,1825.0005106642222
45293,1825.0005106642222
45294,1825.0005106642222
45295,1825.0005106642222
45296,1825.0005106642222
45297,1825.0005106642222
45298,1825.0005106642222
45299,1825.0005106642222
45300,1825.0005106642222
45301,1825.0005106642222
45302,1825.0005106642222
45303,1825.0005106642222
45304,1825.0005106642222
45305,1825.0005106642222
45306,1825.0005106642222
45307,1825.0005106642222
45308,1825.0005106642222
45309,1825.0005106642222
45310,1825.0005106642222
45311,1825.0005106642222
45312,1825.0005106642222
45313,1825.0005106642222
45314,1825.0005106642222
45315,1825.0005106642222
45316,1825.0005106642222
45317,1825.0005106642222
45318,1825.0005106642222
45319,1825.0005106642222
45320,1825.0005106642222
45321,1825.0005106642222
45322,1825.0005106642222
45323,1825.0005106642222
45324,1825.0005106642222
45325,1825.0005106642222
45326,1825.0005106642222
45327,1825.0005106642222
45328,1825.0005106642222
45329,1825.0005106642222
45330,1825.0005106642222
45331,1825.0005106642222
45332,1825.0005106642222
45333,1825.0005106642222
45334,1825.0005106642222
45335,1825.0005106642222
45336,1825.0005106642222
45337,1825.0005106642222
45338,1825.0005106642222
45339,1825.0005106642222
45340,1825.0005106642222
45341,1825.0005106642222
45342,1825.0005106642222
45343,1825.0005106642222
45344,1825.0005106642222
45345,1825.0005106642222
45346,1825.0005106642222
45347,1825.0005106642222
45348,1825.0005106642222
45349,1825.0005106642222
45350,1825.0005106642222
45351,1825.0005106642222
45352,1825.0005106642222
45353,1825.0005106642222
45354,1825.0005106642222
45355,1825.0005106642222
45356,1825.0005106642222
45357,1825.0005106642222
45358,1825.0005106642222
45359,1825.0005106642222
45360,1825.0005106642222
45361,1825.0005106642222
45362,1825.0005106642222
45363,1825.0005106642222
45364,1825.0005106642222
45365,1825.0005106642222
45366,1825.0005106642222
45367,1825.0005106642222
45368,1825.0005106642222
45369,1825.0005106642222
45370,1825.0005106642222
45371,1825.0005106642222
45372,1825.0005106642222
45373,1825.0005106642222
45374,1825.0005106642222
45375,1825.0005106642222
45376,1825.0005106642222
45377,1825.0005106642222
45378,1825.0005106642222
45379,1825.0005106642222
45380,1825.0005106642222
45381,1825.0005106642222
45382,1825.0005106642222
45383,1825.0005106642222
45384,1825.0005106642222
45385,1825.0005106642222
45386,1825.0005106642222
45387,1825.0005106642222
45388,1825.0005106642222
45389,1825.0005106642222
45390,1825.0005106642222
45391,1825.0005106642222
45392,1825.0005106642222
45393,1825.0005106642222
45394,1825.0005106642222
45395,1825.0005106642222
45396,1825.0005106642222
45397,1825.0005106642222
45398,1825.0005106642222
45399,1825.0005106642222
45400,1825.0005106642222
45401,1825.0005106642222
45402,1825.0005106642222
45403,1825.0005106642222
45404,1825.0005106642222
45405,1825.0005106642222
45406,1825.0005106642222
45407,1825.0005106642222
45408,1825.0005106642222
45409,1825.0005106642222
45410,1825.0005106642222
45411,1825.0005106642222
45412,1825.0005106642222
45413,1825.0005106642222
45414,1825.0005106642222
45415,1825.0005106642222
45416,1825.0005106642222
45417,1825.0005106642222
45418,1825.0005106642222
45419,1825.0005106642222
45420,1825.0005106642222
45421,1825.0005106642222
45422,1825.0005106642222
45423,1825.0005106642222
45424,1825.0005106642222
45425,1825.0005106642222
45426,1825.0005106642222
45427,1825.0005106642222
45428,1825.0005106642222
45429,1825.0005106642222
45430,1825.0005106642222
45431,1825.0005106642222
45432,1825.0005106642222
45433,1825.0005106642222
45434,1825.0005106642222
45435,1825.0005106642222
45436,1825.0005106642222
45437,1825.0005106642222
45438,1825.0005106642222
45439,1825.0005106642222
45440,1825.0005106642222
45441,1825.0005106642222
45442,1825.0005106642222
45443,1825.0005106642222
45444,1825.0005106642222
45445,1825.0005106642222
45446,1825.0005106642222
45447,1825.0005106642222
45448,1825.0005106642222
45449,1825.0005106642222
45450,1825.0005106642222
45451,1825.0005106642222
45452,1825.0005106642222
45453,1825.0005106642222
45454,1825.0005106642222
45455,1825.0005106642222
45456,1825.0005106642222
45457,1825.0005106642222
45458,1825.0005106642222
45459,1825.0005106642222
45460,1825.0005106642222
45461,1825.0005106642222
45462,1825.0005106642222
45463,1825.0005106642222
45464,1825.0005106642222
45465,1825.0005106642222
45466,1825.0005106642222
45467,1825.0005106642222
45468,1825.0005106642222
45469,1825.0005106642222
45470,1825.0005106642222
45471,1825.0005106642222
45472,1825.0005106642222
45473,1825.0005106642222
45474,1825.0005106642222
45475,1825.0005106642222
45476,1825.0005106642222
45477,1825.0005106642222
45478,1825.0005106642222
45479,1825.0005106642222
45480,1825.0005106642222
45481,1825.0005106642222
45482,1825.0005106642222
45483,1825.0005106642222
45484,1825.0005106642222
45485,1825.0005106642222
45486,1825.0005106642222
45487,1825.0005106642222
45488,1825.0005106642222
45489,1825.0005106642222
45490,1825.0005106642222
45491,1825.0005106642222
45492,1825.0005106642222
45493,1825.0005106642222
45494,1825.0005106642222
45495,1825.0005106642222
45496,1825.0005106642222
45497,1825.0005106642222
45498,1825.0005106642222
45499,1825.0005106642222
45500,1825.0005106642222
45501,1825.0005106642222
45502,1825.0005106642222
45503,1825.0005106642222
45504,1825.0005106642222
45505,1825.0005106642222
45506,1825.0005106642222
45507,1825.0005106642222
45508,1825.0005106642222
45509,1825.0005106642222
45510,1825.0005106642222
45511,1825.0005106642222
45512,1825.0005106642222
45513,1825.0005106642222
45514,1825.0005106642222
45515,1825.0005106642222
45516,1825.0005106642222
45517,1825.0005106642222
45518,1825.0005106642222
45519,1825.0005106642222
45520,1825.0005106642222
45521,1825.0005106642222
45522,1825.0005106642222
45523,1825.0005106642222
45524,1825.0005106642222
45525,1825.0005106642222
45526,1825.0005106642222
45527,1825.0005106642222
45528,1825.0005106642222
45529,1825.0005106642222
45530,1825.0005106642222
45531,1825.0005106642222
45532,1825.0005106642222
45533,1825.0005106642222
45534,1825.0005106642222
45535,1825.0005106642222
45536,1825.0005106642222
45537,1825.0005106642222
45538,1825.0005106642222
45539,1825.0005106642222
45540,1825.0005106642222
45541,1825.0005106642222
45542,1825.0005106642222
45543,1825.0005106642222
45544,1825.0005106642222
45545,1825.0005106642222
45546,1825.0005106642222
45547,1825.0005106642222
45548,1825.0005106642222
45549,1825.0005106642222
45550,1825.0005106642222
45551,1825.0005106642222
45552,1825.0005106642222
45553,1825.0005106642222
45554,1825.0005106642222
45555,1825.0005106642222
45556,1825.0005106642222
45557,1825.0005106642222
45558,1825.0005106642222
45559,1825.0005106642222
45560,1825.0005106642222
45561,1825.0005106642222
45562,1825.0005106642222
45563,1825.0005106642222
45564,1825.0005106642222
45565,1825.0005106642222
45566,1825.0005106642222
45567,1825.0005106642222
45568,1825.0005106642222
45569,1825.0005106642222
45570,1825.0005106642222
45571,1825.0005106642222
45572,1825.0005106642222
45573,1825.0005106642222
45574,1825.0005106642222
45575,1825.0005106642222
45576,1825.0005106642222
45577,1825.0005106642222
45578,1825.0005106642222
45579,1825.0005106642222
45580,1825.0005106642222
45581,1825.0005106642222
45582,1825.0005106642222
45583,1825.0005106642222
45584,1825.0005106642222
45585,1825.0005106642222
45586,1825.0005106642222
45587,1825.0005106642222
45588,1825.0005106642222
45589,1825.0005106642222
45590,1825.0005106642222
45591,1825.0005106642222
45592,1825.0005106642222
45593,1825.0005106642222
45594,1825.0005106642222
45595,1825.0005106642222
45596,1825.0005106642222
45597,1825.0005106642222
45598,1825.0005106642222
45599,1825.0005106642222
45600,1825.0005106642222
45601,1825.0005106642222
45602,1825.0005106642222
45603,1825.0005106642222
45604,1825.0005106642222
45605,1825.0005106642222
45606,1825.0005106642222
45607,1825.0005106642222
45608,1825.0005106642222
45609,1825.0005106642222
45610,1825.0005106642222
45611,1825.0005106642222
45612,1825.0005106642222
45613,1825.0005106642222
45614,1825.0005106642222
45615,1825.0005106642222
45616,1825.0005106642222
45617,1825.0005106642222
45618,1825.0005106642222
45619,1825.0005106642222
45620,1825.0005106642222
45621,1825.0005106642222
45622,1825.0005106642222
45623,1825.0005106642222
45624,1825.0005106642222
45625,1825.0005106642222
45626,1825.0005106642222
45627,1825.0005106642222
45628,1825.0005106642222
45629,1825.0005106642222
45630,1825.0005106642222
45631,1825.0005106642222
45632,1825.0005106642222
45633,1825.0005106642222
45634,1825.0005106642222
45635,1825.0005106642222
45636,1825.0005106642222
45637,1825.0005106642222
45638,1825.0005106642222
45639,1825.0005106642222
45640,1825.0005106642222
45641,1825.0005106642222
45642,1825.0005106642222
45643,1825.0005106642222
45644,1825.0005106642222
45645,1825.0005106642222
45646,1825.0005106642222
45647,1825.0005106642222
45648,1825.0005106642222
45649,1825.0005106642222
45650,1825.0005106642222
45651,1825.0005106642222
45652,1825.0005106642222
45653,1825.0005106642222
45654,1825.0005106642222
45655,1825.0005106642222
45656,1825.0005106642222
45657,1825.0005106642222
45658,1825.0005106642222
45659,1825.0005106642222
45660,1825.0005106642222
45661,1825.0005106642222
45662,1825.0005106642222
45663,1825.0005106642222
45664,1825.0005106642222
45665,1825.0005106642222
45666,1825.0005106642222
45667,1825.0005106642222
45668,1825.0005106642222
45669,1825.0005106642222
45670,1825.0005106642222
45671,1825.0005106642222
45672,1825.0005106642222
45673,1825.0005106642222
45674,1825.0005106642222
45675,1825.0005106642222
45676,1825.0005106642222
45677,1825.0005106642222
45678,1825.0005106642222
45679,1825.0005106642222
45680,1825.0005106642222
45681,1825.0005106642222
45682,1825.0005106642222
45683,1825.0005106642222
45684,1825.0005106642222
45685,1825.0005106642222
45686,1825.0005106642222
45687,1825.0005106642222
45688,1825.0005106642222
45689,1825.0005106642222
45690,1825.0005106642222
45691,1825.0005106642222
45692,1825.0005106642222
45693,1825.0005106642222
45694,1825.0005106642222
45695,1825.0005106642222
45696,1825.0005106642222
45697,1825.0005106642222
45698,1825.0005106642222
45699,1825.0005106642222
45700,1825.0005106642222
45701,1825.0005106642222
45702,1825.0005106642222
45703,1825.0005106642222
45704,1825.0005106642222
45705,1825.0005106642222
45706,1825.0005106642222
45707,1825.0005106642222
45708,1825.0005106642222
45709,1825.0005106642222
45710,1825.0005106642222
45711,1825.0005106642222
45712,1825.0005106642222
45713,1825.0005106642222
45714,1825.0005106642222
45715,1825.0005106642222
45716,1825.0005106642222
45717,1825.0005106642222
45718,1825.0005106642222
45719,1825.0005106642222
45720,1825.0005106642222
45721,1825.0005106642222
45722,1825.0005106642222
45723,1825.0005106642222
45724,1825.0005106642222
45725,1825.0005106642222
45726,1825.0005106642222
45727,1825.0005106642222
45728,1825.0005106642222
45729,1825.0005106642222
45730,1825.0005106642222
45731,1825.0005106642222
45732,1825.0005106642222
45733,1825.0005106642222
45734,1825.0005106642222
45735,1825.0005106642222
45736,1825.0005106642222
45737,1825.0005106642222
45738,1825.0005106642222
45739,1825.0005106642222
45740,1825.0005106642222
45741,1825.0005106642222
45742,1825.0005106642222
45743,1825.0005106642222
45744,1825.0005106642222
45745,1825.0005106642222
45746,1825.0005106642222
45747,1825.0005106642222
45748,1825.0005106642222
45749,1825.0005106642222
45750,1825.0005106642222
45751,1825.0005106642222
45752,1825.0005106642222
45753,1825.0005106642222
45754,1825.0005106642222
45755,1825.0005106642222
45756,1825.0005106642222
45757,1825.0005106642222
45758,1825.0005106642222
45759,1825.0005106642222
45760,1825.0005106642222
45761,1825.0005106642222
45762,1825.0005106642222
45763,1825.0005106642222
45764,1825.0005106642222
45765,1825.0005106642222
45766,1825.0005106642222
45767,1825.0005106642222
45768,1825.0005106642222
45769,1825.0005106642222
45770,1825.0005106642222
45771,1825.0005106642222
45772,1825.0005106642222
45773,1825.0005106642222
45774,1825.0005106642222
45775,1825.0005106642222
45776,1825.0005106642222
45777,1825.0005106642222
45778,1825.0005106642222
45779,1825.0005106642222
45780,1825.0005106642222
45781,1825.0005106642222
45782,1825.0005106642222
45783,1825.0005106642222
45784,1825.0005106642222
45785,1825.0005106642222
45786,1825.0005106642222
45787,1825.0005106642222
45788,1825.0005106642222
45789,1825.0005106642222
45790,1825.0005106642222
45791,1825.0005106642222
45792,1825.0005106642222
45793,1825.0005106642222
45794,1825.0005106642222
45795,1825.0005106642222
45796,1825.0005106642222
45797,1825.0005106642222
45798,1825.0005106642222
45799,1825.0005106642222
45800,1825.0005106642222
45801,1825.0005106642222
45802,1825.0005106642222
45803,1825.0005106642222
45804,1825.0005106642222
45805,1825.0005106642222
45806,1825.0005106642222
45807,1825.0005106642222
45808,1825.0005106642222
45809,1825.0005106642222
45810,1825.0005106642222
45811,1825.0005106642222
45812,1825.0005106642222
45813,1825.0005106642222
45814,1825.0005106642222
45815,1825.0005106642222
45816,1825.0005106642222
45817,1825.0005106642222
45818,1825.0005106642222
45819,1825.0005106642222
45820,1825.0005106642222
45821,1825.0005106642222
45822,1825.0005106642222
45823,1825.0005106642222
45824,1825.0005106642222
45825,1825.0005106642222
45826,1825.0005106642222
45827,1825.0005106642222
45828,1825.0005106642222
45829,1825.0005106642222
45830,1825.0005106642222
45831,1825.0005106642222
45832,1825.0005106642222
45833,1825.0005106642222
45834,1825.0005106642222
45835,1825.0005106642222
45836,1825.0005106642222
45837,1825.0005106642222
45838,1825.0005106642222
45839,1825.0005106642222
45840,1825.0005106642222
45841,1825.0005106642222
45842,1825.0005106642222
45843,1825.0005106642222
45844,1825.0005106642222
45845,1825.0005106642222
45846,1825.0005106642222
45847,1825.0005106642222
45848,1825.0005106642222
45849,1825.0005106642222
45850,1825.0005106642222
45851,1825.0005106642222
45852,1825.0005106642222
45853,1825.0005106642222
45854,1825.0005106642222
45855,1825.0005106642222
45856,1825.0005106642222
45857,1825.0005106642222
45858,1825.0005106642222
45859,1825.0005106642222
45860,1825.0005106642222
45861,1825.0005106642222
45862,1825.0005106642222
45863,1825.0005106642222
45864,1825.0005106642222
45865,1825.0005106642222
45866,1825.0005106642222
45867,1825.0005106642222
45868,1825.0005106642222
45869,1825.0005106642222
45870,1825.0005106642222
45871,1825.0005106642222
45872,1825.0005106642222
45873,1825.0005106642222
45874,1825.0005106642222
45875,1825.0005106642222
45876,1825.0005106642222
45877,1825.0005106642222
45878,1825.0005106642222
45879,1825.0005106642222
45880,1825.0005106642222
45881,1825.0005106642222
45882,1825.0005106642222
45883,1825.0005106642222
45884,1825.0005106642222
45885,1825.0005106642222
45886,1825.0005106642222
45887,1825.0005106642222
45888,1825.0005106642222
45889,1825.0005106642222
45890,1825.0005106642222
45891,1825.0005106642222
45892,1825.0005106642222
45893,1825.0005106642222
45894,1825.0005106642222
45895,1825.0005106642222
45896,1825.0005106642222
45897,1825.0005106642222
45898,1825.0005106642222
45899,1825.0005106642222
45900,1825.0005106642222
45901,1825.0005106642222
45902,1825.0005106642222
45903,1825.0005106642222
45904,1825.0005106642222
45905,1825.0005106642222
45906,1825.0005106642222
45907,1825.0005106642222
45908,1825.0005106642222
45909,1825.0005106642222
45910,1825.0005106642222
45911,1825.0005106642222
45912,1825.0005106642222
45913,1825.0005106642222
45914,1825.0005106642222
45915,1825.0005106642222
45916,1825.0005106642222
45917,1825.0005106642222
45918,1825.0005106642222
45919,1825.0005106642222
45920,1825.0005106642222
45921,1825.0005106642222
45922,1825.0005106642222
45923,1825.0005106642222
45924,1825.0005106642222
45925,1825.0005106642222
45926,1825.0005106642222
45927,1825.0005106642222
45928,1825.0005106642222
45929,1825.0005106642222
45930,1825.0005106642222
45931,1825.0005106642222
45932,1825.0005106642222
45933,1825.0005106642222
45934,1825.0005106642222
45935,1825.0005106642222
45936,1825.0005106642222
45937,1825.0005106642222
45938,1825.0005106642222
45939,1825.0005106642222
45940,1825.0005106642222
45941,1825.0005106642222
45942,1825.0005106642222
45943,1825.0005106642222
45944,1825.0005106642222
45945,1825.0005106642222
45946,1825.0005106642222
45947,1825.0005106642222
45948,1825.0005106642222
45949,1825.0005106642222
45950,1825.0005106642222
45951,1825.0005106642222
45952,1825.0005106642222
45953,1825.0005106642222
45954,1825.0005106642222
45955,1825.0005106642222
45956,1825.0005106642222
45957,1825.0005106642222
45958,1825.0005106642222
45959,1825.0005106642222
45960,1825.0005106642222
45961,1825.0005106642222
45962,1825.0005106642222
45963,1825.0005106642222
45964,1825.0005106642222
45965,1825.0005106642222
45966,1825.0005106642222
45967,1825.0005106642222
45968,1825.0005106642222
45969,1825.0005106642222
45970,1825.0005106642222
45971,1825.0005106642222
45972,1825.0005106642222
45973,1825.0005106642222
45974,1825.0005106642222
45975,1825.0005106642222
45976,1825.0005106642222
45977,1825.0005106642222
45978,1825.0005106642222
45979,1825.0005106642222
45980,1825.0005106642222
45981,1825.0005106642222
45982,1825.0005106642222
45983,1825.0005106642222
45984,1825.0005106642222
45985,1825.0005106642222
45986,1825.0005106642222
45987,1825.0005106642222
45988,1825.0005106642222
45989,1825.0005106642222
45990,1825.0005106642222
45991,1825.0005106642222
45992,1825.0005106642222
45993,1825.0005106642222
45994,1825.0005106642222
45995,1825.0005106642222
45996,1825.0005106642222
45997,1825.0005106642222
45998,1825.0005106642222
45999,1825.0005106642222
46000,1825.0005106642222
46001,1825.0005106642222
46002,1825.0005106642222
46003,1825.0005106642222
46004,1825.0005106642222
46005,1825.0005106642222
46006,1825.0005106642222
46007,1825.0005106642222
46008,1825.0005106642222
46009,1825.0005106642222
46010,1825.0005106642222
46011,1825.0005106642222
46012,1825.0005106642222
46013,1825.0005106642222
46014,1825.0005106642222
46015,1825.0005106642222
46016,1825.0005106642222
46017,1825.0005106642222
46018,1825.0005106642222
46019,1825.0005106642222
46020,1825.0005106642222
46021,1825.0005106642222
46022,1825.0005106642222
46023,1825.0005106642222
46024,1825.0005106642222
46025,1825.0005106642222
46026,1825.0005106642222
46027,1825.0005106642222
46028,1825.0005106642222
46029,1825.0005106642222
46030,1825.0005106642222
46031,1825.0005106642222
46032,1825.0005106642222
46033,1825.0005106642222
46034,1825.0005106642222
46035,1825.0005106642222
46036,1825.0005106642222
46037,1825.0005106642222
46038,1825.0005106642222
46039,1825.0005106642222
46040,1825.0005106642222
46041,1825.0005106642222
46042,1825.0005106642222
46043,1825.0005106642222
46044,1825.0005106642222
46045,1825.0005106642222
46046,1825.0005106642222
46047,1825.0005106642222
46048,1825.0005106642222
46049,1825.0005106642222
46050,1825.0005106642222
46051,1825.0005106642222
46052,1825.0005106642222
46053,1825.0005106642222
46054,1825.0005106642222
46055,1825.0005106642222
46056,1825.0005106642222
46057,1825.0005106642222
46058,1825.0005106642222
46059,1825.0005106642222
46060,1825.0005106642222
46061,1825.0005106642222
46062,1825.0005106642222
46063,1825.0005106642222
46064,1825.0005106642222
46065,1825.0005106642222
46066,1825.0005106642222
46067,1825.0005106642222
46068,1825.0005106642222
46069,1825.0005106642222
46070,1825.0005106642222
46071,1825.0005106642222
46072,1825.0005106642222
46073,1825.0005106642222
46074,1825.0005106642222
46075,1825.0005106642222
46076,1825.0005106642222
46077,1825.0005106642222
46078,1825.0005106642222
46079,1825.0005106642222
46080,1825.0005106642222
46081,1825.0005106642222
46082,1825.0005106642222
46083,1825.0005106642222
46084,1825.0005106642222
46085,1825.0005106642222
46086,1825.0005106642222
46087,1825.0005106642222
46088,1825.0005106642222
46089,1825.0005106642222
46090,1825.0005106642222
46091,1825.0005106642222
46092,1825.0005106642222
46093,1825.0005106642222
46094,1825.0005106642222
46095,1825.0005106642222
46096,1825.0005106642222
46097,1825.0005106642222
46098,1825.0005106642222
46099,1825.0005106642222
46100,1825.0005106642222
46101,1825.0005106642222
46102,1825.0005106642222
46103,1825.0005106642222
46104,1825.0005106642222
46105,1825.0005106642222
46106,1825.0005106642222
46107,1825.0005106642222
46108,1825.0005106642222
46109,1825.0005106642222
46110,1825.0005106642222
46111,1825.0005106642222
46112,1825.0005106642222
46113,1825.0005106642222
46114,1825.0005106642222
46115,1825.0005106642222
46116,1825.0005106642222
46117,1825.0005106642222
46118,1825.0005106642222
46119,1825.0005106642222
46120,1825.0005106642222
46121,1825.0005106642222
46122,1825.0005106642222
46123,1825.0005106642222
46124,1825.0005106642222
46125,1825.0005106642222
46126,1825.0005106642222
46127,1825.0005106642222
46128,1825.0005106642222
46129,1825.0005106642222
46130,1825.0005106642222
46131,1825.0005106642222
46132,1825.0005106642222
46133,1825.0005106642222
46134,1825.0005106642222
46135,1825.0005106642222
46136,1825.0005106642222
46137,1825.0005106642222
46138,1825.0005106642222
46139,1825.0005106642222
46140,1825.0005106642222
46141,1825.0005106642222
46142,1825.0005106642222
46143,1825.0005106642222
46144,1825.0005106642222
46145,1825.0005106642222
46146,1825.0005106642222
46147,1825.0005106642222
46148,1825.0005106642222
46149,1825.0005106642222
46150,1825.0005106642222
46151,1825.0005106642222
46152,1825.0005106642222
46153,1825.0005106642222
46154,1825.0005106642222
46155,1825.0005106642222
46156,1825.0005106642222
46157,1825.0005106642222
46158,1825.0005106642222
46159,1825.0005106642222
46160,1825.0005106642222
46161,1825.0005106642222
46162,1825.0005106642222
46163,1825.0005106642222
46164,1825.0005106642222
46165,1825.0005106642222
46166,1825.0005106642222
46167,1825.0005106642222
46168,1825.0005106642222
46169,1825.0005106642222
46170,1825.0005106642222
46171,1825.0005106642222
46172,1825.0005106642222
46173,1825.0005106642222
46174,1825.0005106642222
46175,1825.0005106642222
46176,1825.0005106642222
46177,1825.0005106642222
46178,1825.0005106642222
46179,1825.0005106642222
46180,1825.0005106642222
46181,1825.0005106642222
46182,1825.0005106642222
46183,1825.0005106642222
46184,1825.0005106642222
46185,1825.0005106642222
46186,1825.0005106642222
46187,1825.0005106642222
46188,1825.0005106642222
46189,1825.0005106642222
46190,1825.0005106642222
46191,1825.0005106642222
46192,1825.0005106642222
46193,1825.0005106642222
46194,1825.0005106642222
46195,1825.0005106642222
46196,1825.0005106642222
46197,1825.0005106642222
46198,1825.0005106642222
46199,1825.0005106642222
46200,1825.0005106642222
46201,1825.0005106642222
46202,1825.0005106642222
46203,1825.0005106642222
46204,1825.0005106642222
46205,1825.0005106642222
46206,1825.0005106642222
46207,1825.0005106642222
46208,1825.0005106642222
46209,1825.0005106642222
46210,1825.0005106642222
46211,1825.0005106642222
46212,1825.0005106642222
46213,1825.0005106642222
46214,1825.0005106642222
46215,1825.0005106642222
46216,1825.0005106642222
46217,1825.0005106642222
46218,1825.0005106642222
46219,1825.0005106642222
46220,1825.0005106642222
46221,1825.0005106642222
46222,1825.0005106642222
46223,1825.0005106642222
46224,1825.0005106642222
46225,1825.0005106642222
46226,1825.0005106642222
46227,1825.0005106642222
46228,1825.0005106642222
46229,1825.0005106642222
46230,1825.0005106642222
46231,1825.0005106642222
46232,1825.0005106642222
46233,1825.0005106642222
46234,1825.0005106642222
46235,1825.0005106642222
46236,1825.0005106642222
46237,1825.0005106642222
46238,1825.0005106642222
46239,1825.0005106642222
46240,1825.0005106642222
46241,1825.0005106642222
46242,1825.0005106642222
46243,1825.0005106642222
46244,1825.0005106642222
46245,1825.0005106642222
46246,1825.0005106642222
46247,1825.0005106642222
46248,1825.0005106642222
46249,1825.0005106642222
46250,1825.0005106642222
46251,1825.0005106642222
46252,1825.0005106642222
46253,1825.0005106642222
46254,1825.0005106642222
46255,1825.0005106642222
46256,1825.0005106642222
46257,1825.0005106642222
46258,1825.0005106642222
46259,1825.0005106642222
46260,1825.0005106642222
46261,1825.0005106642222
46262,1825.0005106642222
46263,1825.0005106642222
46264,1825.0005106642222
46265,1825.0005106642222
46266,1825.0005106642222
46267,1825.0005106642222
46268,1825.0005106642222
46269,1825.0005106642222
46270,1825.0005106642222
46271,1825.0005106642222
46272,1825.0005106642222
46273,1825.0005106642222
46274,1825.0005106642222
46275,1825.0005106642222
46276,1825.0005106642222
46277,1825.0005106642222
46278,1825.0005106642222
46279,1825.0005106642222
46280,1825.0005106642222
46281,1825.0005106642222
46282,1825.0005106642222
46283,1825.0005106642222
46284,1825.0005106642222
46285,1825.0005106642222
46286,1825.0005106642222
46287,1825.0005106642222
46288,1825.0005106642222
46289,1825.0005106642222
46290,1825.0005106642222
46291,1825.0005106642222
46292,1825.0005106642222
46293,1825.0005106642222
46294,1825.0005106642222
46295,1825.0005106642222
46296,1825.0005106642222
46297,1825.0005106642222
46298,1825.0005106642222
46299,1825.0005106642222
46300,1825.0005106642222
46301,1825.0005106642222
46302,1825.0005106642222
46303,1825.0005106642222
46304,1825.0005106642222
46305,1825.0005106642222
46306,1825.0005106642222
46307,1825.0005106642222
46308,1825.0005106642222
46309,1825.0005106642222
46310,1825.0005106642222
46311,1825.0005106642222
46312,1825.0005106642222
46313,1825.0005106642222
46314,1825.0005106642222
46315,1825.0005106642222
46316,1825.0005106642222
46317,1825.0005106642222
46318,1825.0005106642222
46319,1825.0005106642222
46320,1825.0005106642222
46321,1825.0005106642222
46322,1825.0005106642222
46323,1825.0005106642222
46324,1825.0005106642222
46325,1825.0005106642222
46326,1825.0005106642222
46327,1825.0005106642222
46328,1825.0005106642222
46329,1825.0005106642222
46330,1825.0005106642222
46331,1825.0005106642222
46332,1825.0005106642222
46333,1825.0005106642222
46334,1825.0005106642222
46335,1825.0005106642222
46336,1825.0005106642222
46337,1825.0005106642222
46338,1825.0005106642222
46339,1825.0005106642222
46340,1825.0005106642222
46341,1825.0005106642222
46342,1825.0005106642222
46343,1825.0005106642222
46344,1825.0005106642222
46345,1825.0005106642222
46346,1825.0005106642222
46347,1825.0005106642222
46348,1825.0005106642222
46349,1825.0005106642222
46350,1825.0005106642222
46351,1825.0005106642222
46352,1825.0005106642222
46353,1825.0005106642222
46354,1825.0005106642222
46355,1825.0005106642222
46356,1825.0005106642222
46357,1825.0005106642222
46358,1825.0005106642222
46359,1825.0005106642222
46360,1825.0005106642222
46361,1825.0005106642222
46362,1825.0005106642222
46363,1825.0005106642222
46364,1825.0005106642222
46365,1825.0005106642222
46366,1825.0005106642222
46367,1825.0005106642222
46368,1825.0005106642222
46369,1825.0005106642222
46370,1825.0005106642222
46371,1825.0005106642222
46372,1825.0005106642222
46373,1825.0005106642222
46374,1825.0005106642222
46375,1825.0005106642222
46376,1825.0005106642222
46377,1825.0005106642222
46378,1825.0005106642222
46379,1825.0005106642222
46380,1825.0005106642222
46381,1825.0005106642222
46382,1825.0005106642222
46383,1825.0005106642222
46384,1825.0005106642222
46385,1825.0005106642222
46386,1825.0005106642222
46387,1825.0005106642222
46388,1825.0005106642222
46389,1825.0005106642222
46390,1825.0005106642222
46391,1825.0005106642222
46392,1825.0005106642222
46393,1825.0005106642222
46394,1825.0005106642222
46395,1825.0005106642222
46396,1825.0005106642222
46397,1825.0005106642222
46398,1825.0005106642222
46399,1825.0005106642222
46400,1825.0005106642222
46401,1825.0005106642222
46402,1825.0005106642222
46403,1825.0005106642222
46404,1825.0005106642222
46405,1825.0005106642222
46406,1825.0005106642222
46407,1825.0005106642222
46408,1825.0005106642222
46409,1825.0005106642222
46410,1825.0005106642222
46411,1825.0005106642222
46412,1825.0005106642222
46413,1825.0005106642222
46414,1825.0005106642222
46415,1825.0005106642222
46416,1825.0005106642222
46417,1825.0005106642222
46418,1825.0005106642222
46419,1825.0005106642222
46420,1825.0005106642222
46421,1825.0005106642222
46422,1825.0005106642222
46423,1825.0005106642222
46424,1825.0005106642222
46425,1825.0005106642222
46426,1825.0005106642222
46427,1825.0005106642222
46428,1825.0005106642222
46429,1825.0005106642222
46430,1825.0005106642222
46431,1825.0005106642222
46432,1825.0005106642222
46433,1825.0005106642222
46434,1825.0005106642222
46435,1825.0005106642222
46436,1825.0005106642222
46437,1825.0005106642222
46438,1825.0005106642222
46439,1825.0005106642222
46440,1825.0005106642222
46441,1825.0005106642222
46442,1825.0005106642222
46443,1825.0005106642222
46444,1825.0005106642222
46445,1825.0005106642222
46446,1825.0005106642222
46447,1825.0005106642222
46448,1825.0005106642222
46449,1825.0005106642222
46450,1825.0005106642222
46451,1825.0005106642222
46452,1825.0005106642222
46453,1825.0005106642222
46454,1825.0005106642222
46455,1825.0005106642222
46456,1825.0005106642222
46457,1825.0005106642222
46458,1825.0005106642222
46459,1825.0005106642222
46460,1825.0005106642222
46461,1825.0005106642222
46462,1825.0005106642222
46463,1825.0005106642222
46464,1825.0005106642222
46465,1825.0005106642222
46466,1825.0005106642222
46467,1825.0005106642222
46468,1825.0005106642222
46469,1825.0005106642222
46470,1825.0005106642222
46471,1825.0005106642222
46472,1825.0005106642222
46473,1825.0005106642222
46474,1825.0005106642222
46475,1825.0005106642222
46476,1825.0005106642222
46477,1825.0005106642222
46478,1825.0005106642222
46479,1825.0005106642222
46480,1825.0005106642222
46481,1825.0005106642222
46482,1825.0005106642222
46483,1825.0005106642222
46484,1825.0005106642222
46485,1825.0005106642222
46486,1825.0005106642222
46487,1825.0005106642222
46488,1825.0005106642222
46489,1825.0005106642222
46490,1825.0005106642222
46491,1825.0005106642222
46492,1825.0005106642222
46493,1825.0005106642222
46494,1825.0005106642222
46495,1825.0005106642222
46496,1825.0005106642222
46497,1825.0005106642222
46498,1825.0005106642222
46499,1825.0005106642222
46500,1825.0005106642222
46501,1825.0005106642222
46502,1825.0005106642222
46503,1825.0005106642222
46504,1825.0005106642222
46505,1825.0005106642222
46506,1825.0005106642222
46507,1825.0005106642222
46508,1825.0005106642222
46509,1825.0005106642222
46510,1825.0005106642222
46511,1825.0005106642222
46512,1825.0005106642222
46513,1825.0005106642222
46514,1825.0005106642222
46515,1825.0005106642222
46516,1825.0005106642222
46517,1825.0005106642222
46518,1825.0005106642222
46519,1825.0005106642222
46520,1825.0005106642222
46521,1825.0005106642222
46522,1825.0005106642222
46523,1825.0005106642222
46524,1825.0005106642222
46525,1825.0005106642222
46526,1825.0005106642222
46527,1825.0005106642222
46528,1825.0005106642222
46529,1825.0005106642222
46530,1825.0005106642222
46531,1825.0005106642222
46532,1825.0005106642222
46533,1825.0005106642222
46534,1825.0005106642222
46535,1825.0005106642222
46536,1825.0005106642222
46537,1825.0005106642222
46538,1825.0005106642222
46539,1825.0005106642222
46540,1825.0005106642222
46541,1825.0005106642222
46542,1825.0005106642222
46543,1825.0005106642222
46544,1825.0005106642222
46545,1825.0005106642222
46546,1825.0005106642222
46547,1825.0005106642222
46548,1825.0005106642222
46549,1825.0005106642222
46550,1825.0005106642222
46551,1825.0005106642222
46552,1825.0005106642222
46553,1825.0005106642222
46554,1825.0005106642222
46555,1825.0005106642222
46556,1825.0005106642222
46557,1825.0005106642222
46558,1825.0005106642222
46559,1825.0005106642222
46560,1825.0005106642222
46561,1825.0005106642222
46562,1825.0005106642222
46563,1825.0005106642222
46564,1825.0005106642222
46565,1825.0005106642222
46566,1825.0005106642222
46567,1825.0005106642222
46568,1825.0005106642222
46569,1825.0005106642222
46570,1825.0005106642222
46571,1825.0005106642222
46572,1825.0005106642222
46573,1825.0005106642222
46574,1825.0005106642222
46575,1825.0005106642222
46576,1825.0005106642222
46577,1825.0005106642222
46578,1825.0005106642222
46579,1825.0005106642222
46580,1825.0005106642222
46581,1825.0005106642222
46582,1825.0005106642222
46583,1825.0005106642222
46584,1825.0005106642222
46585,1825.0005106642222
46586,1825.0005106642222
46587,1825.0005106642222
46588,1825.0005106642222
46589,1825.0005106642222
46590,1825.0005106642222
46591,1825.0005106642222
46592,1825.0005106642222
46593,1825.0005106642222
46594,1825.0005106642222
46595,1825.0005106642222
46596,1825.0005106642222
46597,1825.0005106642222
46598,1825.0005106642222
46599,1825.0005106642222
46600,1825.0005106642222
46601,1825.0005106642222
46602,1825.0005106642222
46603,1825.0005106642222
46604,1825.0005106642222
46605,1825.0005106642222
46606,1825.0005106642222
46607,1825.0005106642222
46608,1825.0005106642222
46609,1825.0005106642222
46610,1825.0005106642222
46611,1825.0005106642222
46612,1825.0005106642222
46613,1825.0005106642222
46614,1825.0005106642222
46615,1825.0005106642222
46616,1825.0005106642222
46617,1825.0005106642222
46618,1825.0005106642222
46619,1825.0005106642222
46620,1825.0005106642222
46621,1825.0005106642222
46622,1825.0005106642222
46623,1825.0005106642222
46624,1825.0005106642222
46625,1825.0005106642222
46626,1825.0005106642222
46627,1825.0005106642222
46628,1825.0005106642222
46629,1825.0005106642222
46630,1825.0005106642222
46631,1825.0005106642222
46632,1825.0005106642222
46633,1825.0005106642222
46634,1825.0005106642222
46635,1825.0005106642222
46636,1825.0005106642222
46637,1825.0005106642222
46638,1825.0005106642222
46639,1825.0005106642222
46640,1825.0005106642222
46641,1825.0005106642222
46642,1825.0005106642222
46643,1825.0005106642222
46644,1825.0005106642222
46645,1825.0005106642222
46646,1825.0005106642222
46647,1825.0005106642222
46648,1825.0005106642222
46649,1825.0005106642222
46650,1825.0005106642222
46651,1825.0005106642222
46652,1825.0005106642222
46653,1825.0005106642222
46654,1825.0005106642222
46655,1825.0005106642222
46656,1825.0005106642222
46657,1825.0005106642222
46658,1825.0005106642222
46659,1825.0005106642222
46660,1825.0005106642222
46661,1825.0005106642222
46662,1825.0005106642222
46663,1825.0005106642222
46664,1825.0005106642222
46665,1825.0005106642222
46666,1825.0005106642222
46667,1825.0005106642222
46668,1825.0005106642222
46669,1825.0005106642222
46670,1825.0005106642222
46671,1825.0005106642222
46672,1825.0005106642222
46673,1825.0005106642222
46674,1825.0005106642222
46675,1825.0005106642222
46676,1825.0005106642222
46677,1825.0005106642222
46678,1825.0005106642222
46679,1825.0005106642222
46680,1825.0005106642222
46681,1825.0005106642222
46682,1825.0005106642222
46683,1825.0005106642222
46684,1825.0005106642222
46685,1825.0005106642222
46686,1825.0005106642222
46687,1825.0005106642222
46688,1825.0005106642222
46689,1825.0005106642222
46690,1825.0005106642222
46691,1825.0005106642222
46692,1825.0005106642222
46693,1825.0005106642222
46694,1825.0005106642222
46695,1825.0005106642222
46696,1825.0005106642222
46697,1825.0005106642222
46698,1825.0005106642222
46699,1825.0005106642222
46700,1825.0005106642222
46701,1825.0005106642222
46702,1825.0005106642222
46703,1825.0005106642222
46704,1825.0005106642222
46705,1825.0005106642222
46706,1825.0005106642222
46707,1825.0005106642222
46708,1825.0005106642222
46709,1825.0005106642222
46710,1825.0005106642222
46711,1825.0005106642222
46712,1825.0005106642222
46713,1825.0005106642222
46714,1825.0005106642222
46715,1825.0005106642222
46716,1825.0005106642222
46717,1825.0005106642222
46718,1825.0005106642222
46719,1825.0005106642222
46720,1825.0005106642222
46721,1825.0005106642222
46722,1825.0005106642222
46723,1825.0005106642222
46724,1825.0005106642222
46725,1825.0005106642222
46726,1825.0005106642222
46727,1825.0005106642222
46728,1825.0005106642222
46729,1825.0005106642222
46730,1825.0005106642222
46731,1825.0005106642222
46732,1825.0005106642222
46733,1825.0005106642222
46734,1825.0005106642222
46735,1825.0005106642222
46736,1825.0005106642222
46737,1825.0005106642222
46738,1825.0005106642222
46739,1825.0005106642222
46740,1825.0005106642222
46741,1825.0005106642222
46742,1825.0005106642222
46743,1825.0005106642222
46744,1825.0005106642222
46745,1825.0005106642222
46746,1825.0005106642222
46747,1825.0005106642222
46748,1825.0005106642222
46749,1825.0005106642222
46750,1825.0005106642222
46751,1825.0005106642222
46752,1825.0005106642222
46753,1825.0005106642222
46754,1825.0005106642222
46755,1825.0005106642222
46756,1825.0005106642222
46757,1825.0005106642222
46758,1825.0005106642222
46759,1825.0005106642222
46760,1825.0005106642222
46761,1825.0005106642222
46762,1825.0005106642222
46763,1825.0005106642222
46764,1825.0005106642222
46765,1825.0005106642222
46766,1825.0005106642222
46767,1825.0005106642222
46768,1825.0005106642222
46769,1825.0005106642222
46770,1825.0005106642222
46771,1825.0005106642222
46772,1825.0005106642222
46773,1825.0005106642222
46774,1825.0005106642222
46775,1825.0005106642222
46776,1825.0005106642222
46777,1825.0005106642222
46778,1825.0005106642222
46779,1825.0005106642222
46780,1825.0005106642222
46781,1825.0005106642222
46782,1825.0005106642222
46783,1825.0005106642222
46784,1825.0005106642222
46785,1825.0005106642222
46786,1825.0005106642222
46787,1825.0005106642222
46788,1825.0005106642222
46789,1825.0005106642222
46790,1825.0005106642222
46791,1825.0005106642222
46792,1825.0005106642222
46793,1825.0005106642222
46794,1825.0005106642222
46795,1825.0005106642222
46796,1825.0005106642222
46797,1825.0005106642222
46798,1825.0005106642222
46799,1825.0005106642222
46800,1825.0005106642222
46801,1825.0005106642222
46802,1825.0005106642222
46803,1825.0005106642222
46804,1825.0005106642222
46805,1825.0005106642222
46806,1825.0005106642222
46807,1825.0005106642222
46808,1825.0005106642222
46809,1825.0005106642222
46810,1825.0005106642222
46811,1825.0005106642222
46812,1825.0005106642222
46813,1825.0005106642222
46814,1825.0005106642222
46815,1825.0005106642222
46816,1825.0005106642222
46817,1825.0005106642222
46818,1825.0005106642222
46819,1825.0005106642222
46820,1825.0005106642222
46821,1825.0005106642222
46822,1825.0005106642222
46823,1825.0005106642222
46824,1825.0005106642222
46825,1825.0005106642222
46826,1825.0005106642222
46827,1825.0005106642222
46828,1825.0005106642222
46829,1825.0005106642222
46830,1825.0005106642222
46831,1825.0005106642222
46832,1825.0005106642222
46833,1825.0005106642222
46834,1825.0005106642222
46835,1825.0005106642222
46836,1825.0005106642222
46837,1825.0005106642222
46838,1825.0005106642222
46839,1825.0005106642222
46840,1825.0005106642222
46841,1825.0005106642222
46842,1825.0005106642222
46843,1825.0005106642222
46844,1825.0005106642222
46845,1825.0005106642222
46846,1825.0005106642222
46847,1825.0005106642222
46848,1825.0005106642222
46849,1825.0005106642222
46850,1825.0005106642222
46851,1825.0005106642222
46852,1825.0005106642222
46853,1825.0005106642222
46854,1825.0005106642222
46855,1825.0005106642222
46856,1825.0005106642222
46857,1825.0005106642222
46858,1825.0005106642222
46859,1825.0005106642222
46860,1825.0005106642222
46861,1825.0005106642222
46862,1825.0005106642222
46863,1825.0005106642222
46864,1825.0005106642222
46865,1825.0005106642222
46866,1825.0005106642222
46867,1825.0005106642222
46868,1825.0005106642222
46869,1825.0005106642222
46870,1825.0005106642222
46871,1825.0005106642222
46872,1825.0005106642222
46873,1825.0005106642222
46874,1825.0005106642222
46875,1825.0005106642222
46876,1825.0005106642222
46877,1825.0005106642222
46878,1825.0005106642222
46879,1825.0005106642222
46880,1825.0005106642222
46881,1825.0005106642222
46882,1825.0005106642222
46883,1825.0005106642222
46884,1825.0005106642222
46885,1825.0005106642222
46886,1825.0005106642222
46887,1825.0005106642222
46888,1825.0005106642222
46889,1825.0005106642222
46890,1825.0005106642222
46891,1825.0005106642222
46892,1825.0005106642222
46893,1825.0005106642222
46894,1825.0005106642222
46895,1825.0005106642222
46896,1825.0005106642222
46897,1825.0005106642222
46898,1825.0005106642222
46899,1825.0005106642222
46900,1825.0005106642222
46901,1825.0005106642222
46902,1825.0005106642222
46903,1825.0005106642222
46904,1825.0005106642222
46905,1825.0005106642222
46906,1825.0005106642222
46907,1825.0005106642222
46908,1825.0005106642222
46909,1825.0005106642222
46910,1825.0005106642222
46911,1825.0005106642222
46912,1825.0005106642222
46913,1825.0005106642222
46914,1825.0005106642222
46915,1825.0005106642222
46916,1825.0005106642222
46917,1825.0005106642222
46918,1825.0005106642222
46919,1825.0005106642222
46920,1825.0005106642222
46921,1825.0005106642222
46922,1825.0005106642222
46923,1825.0005106642222
46924,1825.0005106642222
46925,1825.0005106642222
46926,1825.0005106642222
46927,1825.0005106642222
46928,1825.0005106642222
46929,1825.0005106642222
46930,1825.0005106642222
46931,1825.0005106642222
46932,1825.0005106642222
46933,1825.0005106642222
46934,1825.0005106642222
46935,1825.0005106642222
46936,1825.0005106642222
46937,1825.0005106642222
46938,1825.0005106642222
46939,1825.0005106642222
46940,1825.0005106642222
46941,1825.0005106642222
46942,1825.0005106642222
46943,1825.0005106642222
46944,1825.0005106642222
46945,1825.0005106642222
46946,1825.0005106642222
46947,1825.0005106642222
46948,1825.0005106642222
46949,1825.0005106642222
46950,1825.0005106642222
46951,1825.0005106642222
46952,1825.0005106642222
46953,1825.0005106642222
46954,1825.0005106642222
46955,1825.0005106642222
46956,1825.0005106642222
46957,1825.0005106642222
46958,1825.0005106642222
46959,1825.0005106642222
46960,1825.0005106642222
46961,1825.0005106642222
46962,1825.0005106642222
46963,1825.0005106642222
46964,1825.0005106642222
46965,1825.0005106642222
46966,1825.0005106642222
46967,1825.0005106642222
46968,1825.0005106642222
46969,1825.0005106642222
46970,1825.0005106642222
46971,1825.0005106642222
46972,1825.0005106642222
46973,1825.0005106642222
46974,1825.0005106642222
46975,1825.0005106642222
46976,1825.0005106642222
46977,1825.0005106642222
46978,1825.0005106642222
46979,1825.0005106642222
46980,1825.0005106642222
46981,1825.0005106642222
46982,1825.0005106642222
46983,1825.0005106642222
46984,1825.0005106642222
46985,1825.0005106642222
46986,1825.0005106642222
46987,1825.0005106642222
46988,1825.0005106642222
46989,1825.0005106642222
46990,1825.0005106642222
46991,1825.0005106642222
46992,1825.0005106642222
46993,1825.0005106642222
46994,1825.0005106642222
46995,1825.0005106642222
46996,1825.0005106642222
46997,1825.0005106642222
46998,1825.0005106642222
46999,1825.0005106642222
47000,1825.0005106642222
47001,1825.0005106642222
47002,1825.0005106642222
47003,1825.0005106642222
47004,1825.0005106642222
47005,1825.0005106642222
47006,1825.0005106642222
47007,1825.0005106642222
47008,1825.0005106642222
47009,1825.0005106642222
47010,1825.0005106642222
47011,1825.0005106642222
47012,1825.0005106642222
47013,1825.0005106642222
47014,1825.0005106642222
47015,1825.0005106642222
47016,1825.0005106642222
47017,1825.0005106642222
47018,1825.0005106642222
47019,1825.0005106642222
47020,1825.0005106642222
47021,1825.0005106642222
47022,1825.0005106642222
47023,1825.0005106642222
47024,1825.0005106642222
47025,1825.0005106642222
47026,1825.0005106642222
47027,1825.0005106642222
47028,1825.0005106642222
47029,1825.0005106642222
47030,1825.0005106642222
47031,1825.0005106642222
47032,1825.0005106642222
47033,1825.0005106642222
47034,1825.0005106642222
47035,1825.0005106642222
47036,1825.0005106642222
47037,1825.0005106642222
47038,1825.0005106642222
47039,1825.0005106642222
47040,1825.0005106642222
47041,1825.0005106642222
47042,1825.0005106642222
47043,1825.0005106642222
47044,1825.0005106642222
47045,1825.0005106642222
47046,1825.0005106642222
47047,1825.0005106642222
47048,1825.0005106642222
47049,1825.0005106642222
47050,1825.0005106642222
47051,1825.0005106642222
47052,1825.0005106642222
47053,1825.0005106642222
47054,1825.0005106642222
47055,1825.0005106642222
47056,1825.0005106642222
47057,1825.0005106642222
47058,1825.0005106642222
47059,1825.0005106642222
47060,1825.0005106642222
47061,1825.0005106642222
47062,1825.0005106642222
47063,1825.0005106642222
47064,1825.0005106642222
47065,1825.0005106642222
47066,1825.0005106642222
47067,1825.0005106642222
47068,1825.0005106642222
47069,1825.0005106642222
47070,1825.0005106642222
47071,1825.0005106642222
47072,1825.0005106642222
47073,1825.0005106642222
47074,1825.0005106642222
47075,1825.0005106642222
47076,1825.0005106642222
47077,1825.0005106642222
47078,1825.0005106642222
47079,1825.0005106642222
47080,1825.0005106642222
47081,1825.0005106642222
47082,1825.0005106642222
47083,1825.0005106642222
47084,1825.0005106642222
47085,1825.0005106642222
47086,1825.0005106642222
47087,1825.0005106642222
47088,1825.0005106642222
47089,1825.0005106642222
47090,1825.0005106642222
47091,1825.0005106642222
47092,1825.0005106642222
47093,1825.0005106642222
47094,1825.0005106642222
47095,1825.0005106642222
47096,1825.0005106642222
47097,1825.0005106642222
47098,1825.0005106642222
47099,1825.0005106642222
47100,1825.0005106642222
47101,1825.0005106642222
47102,1825.0005106642222
47103,1825.0005106642222
47104,1825.0005106642222
47105,1825.0005106642222
47106,1825.0005106642222
47107,1825.0005106642222
47108,1825.0005106642222
47109,1825.0005106642222
47110,1825.0005106642222
47111,1825.0005106642222
47112,1825.0005106642222
47113,1825.0005106642222
47114,1825.0005106642222
47115,1825.0005106642222
47116,1825.0005106642222
47117,1825.0005106642222
47118,1825.0005106642222
47119,1825.0005106642222
47120,1825.0005106642222
47121,1825.0005106642222
47122,1825.0005106642222
47123,1825.0005106642222
47124,1825.0005106642222
47125,1825.0005106642222
47126,1825.0005106642222
47127,1825.0005106642222
47128,1825.0005106642222
47129,1825.0005106642222
47130,1825.0005106642222
47131,1825.0005106642222
47132,1825.0005106642222
47133,1825.0005106642222
47134,1825.0005106642222
47135,1825.0005106642222
47136,1825.0005106642222
47137,1825.0005106642222
47138,1825.0005106642222
47139,1825.0005106642222
47140,1825.0005106642222
47141,1825.0005106642222
47142,1825.0005106642222
47143,1825.0005106642222
47144,1825.0005106642222
47145,1825.0005106642222
47146,1825.0005106642222
47147,1825.0005106642222
47148,1825.0005106642222
47149,1825.0005106642222
47150,1825.0005106642222
47151,1825.0005106642222
47152,1825.0005106642222
47153,1825.0005106642222
47154,1825.0005106642222
47155,1825.0005106642222
47156,1825.0005106642222
47157,1825.0005106642222
47158,1825.0005106642222
47159,1825.0005106642222
47160,1825.0005106642222
47161,1825.0005106642222
47162,1825.0005106642222
47163,1825.0005106642222
47164,1825.0005106642222
47165,1825.0005106642222
47166,1825.0005106642222
47167,1825.0005106642222
47168,1825.0005106642222
47169,1825.0005106642222
47170,1825.0005106642222
47171,1825.0005106642222
47172,1825.0005106642222
47173,1825.0005106642222
47174,1825.0005106642222
47175,1825.0005106642222
47176,1825.0005106642222
47177,1825.0005106642222
47178,1825.0005106642222
47179,1825.0005106642222
47180,1825.0005106642222
47181,1825.0005106642222
47182,1825.0005106642222
47183,1825.0005106642222
47184,1825.0005106642222
47185,1825.0005106642222
47186,1825.0005106642222
47187,1825.0005106642222
47188,1825.0005106642222
47189,1825.0005106642222
47190,1825.0005106642222
47191,1825.0005106642222
47192,1825.0005106642222
47193,1825.0005106642222
47194,1825.0005106642222
47195,1825.0005106642222
47196,1825.0005106642222
47197,1825.0005106642222
47198,1825.0005106642222
47199,1825.0005106642222
47200,1825.0005106642222
47201,1825.0005106642222
47202,1825.0005106642222
47203,1825.0005106642222
47204,1825.0005106642222
47205,1825.0005106642222
47206,1825.0005106642222
47207,1825.0005106642222
47208,1825.0005106642222
47209,1825.0005106642222
47210,1825.0005106642222
47211,1825.0005106642222
47212,1825.0005106642222
47213,1825.0005106642222
47214,1825.0005106642222
47215,1825.0005106642222
47216,1825.0005106642222
47217,1825.0005106642222
47218,1825.0005106642222
47219,1825.0005106642222
47220,1825.0005106642222
47221,1825.0005106642222
47222,1825.0005106642222
47223,1825.0005106642222
47224,1825.0005106642222
47225,1825.0005106642222
47226,1825.0005106642222
47227,1825.0005106642222
47228,1825.0005106642222
47229,1825.0005106642222
47230,1825.0005106642222
47231,1825.0005106642222
47232,1825.0005106642222
47233,1825.0005106642222
47234,1825.0005106642222
47235,1825.0005106642222
47236,1825.0005106642222
47237,1825.0005106642222
47238,1825.0005106642222
47239,1825.0005106642222
47240,1825.0005106642222
47241,1825.0005106642222
47242,1825.0005106642222
47243,1825.0005106642222
47244,1825.0005106642222
47245,1825.0005106642222
47246,1825.0005106642222
47247,1825.0005106642222
47248,1825.0005106642222
47249,1825.0005106642222
47250,1825.0005106642222
47251,1825.0005106642222
47252,1825.0005106642222
47253,1825.0005106642222
47254,1825.0005106642222
47255,1825.0005106642222
47256,1825.0005106642222
47257,1825.0005106642222
47258,1825.0005106642222
47259,1825.0005106642222
47260,1825.0005106642222
47261,1825.0005106642222
47262,1825.0005106642222
47263,1825.0005106642222
47264,1825.0005106642222
47265,1825.0005106642222
47266,1825.0005106642222
47267,1825.0005106642222
47268,1825.0005106642222
47269,1825.0005106642222
47270,1825.0005106642222
47271,1825.0005106642222
47272,1825.0005106642222
47273,1825.0005106642222
47274,1825.0005106642222
47275,1825.0005106642222
47276,1825.0005106642222
47277,1825.0005106642222
47278,1825.0005106642222
47279,1825.0005106642222
47280,1825.0005106642222
47281,1825.0005106642222
47282,1825.0005106642222
47283,1825.0005106642222
47284,1825.0005106642222
47285,1825.0005106642222
47286,1825.0005106642222
47287,1825.0005106642222
47288,1825.0005106642222
47289,1825.0005106642222
47290,1825.0005106642222
47291,1825.0005106642222
47292,1825.0005106642222
47293,1825.0005106642222
47294,1825.0005106642222
47295,1825.0005106642222
47296,1825.0005106642222
47297,1825.0005106642222
47298,1825.0005106642222
47299,1825.0005106642222
47300,1825.0005106642222
47301,1825.0005106642222
47302,1825.0005106642222
47303,1825.0005106642222
47304,1825.0005106642222
47305,1825.0005106642222
47306,1825.0005106642222
47307,1825.0005106642222
47308,1825.0005106642222
47309,1825.0005106642222
47310,1825.0005106642222
47311,1825.0005106642222
47312,1825.0005106642222
47313,1825.0005106642222
47314,1825.0005106642222
47315,1825.0005106642222
47316,1825.0005106642222
47317,1825.0005106642222
47318,1825.0005106642222
47319,1825.0005106642222
47320,1825.0005106642222
47321,1825.0005106642222
47322,1825.0005106642222
47323,1825.0005106642222
47324,1825.0005106642222
47325,1825.0005106642222
47326,1825.0005106642222
47327,1825.0005106642222
47328,1825.0005106642222
47329,1825.0005106642222
47330,1825.0005106642222
47331,1825.0005106642222
47332,1825.0005106642222
47333,1825.0005106642222
47334,1825.0005106642222
47335,1825.0005106642222
47336,1825.0005106642222
47337,1825.0005106642222
47338,1825.0005106642222
47339,1825.0005106642222
47340,1825.0005106642222
47341,1825.0005106642222
47342,1825.0005106642222
47343,1825.0005106642222
47344,1825.0005106642222
47345,1825.0005106642222
47346,1825.0005106642222
47347,1825.0005106642222
47348,1825.0005106642222
47349,1825.0005106642222
47350,1825.0005106642222
47351,1825.0005106642222
47352,1825.0005106642222
47353,1825.0005106642222
47354,1825.0005106642222
47355,1825.0005106642222
47356,1825.0005106642222
47357,1825.0005106642222
47358,1825.0005106642222
47359,1825.0005106642222
47360,1825.0005106642222
47361,1825.0005106642222
47362,1825.0005106642222
47363,1825.0005106642222
47364,1825.0005106642222
47365,1825.0005106642222
47366,1825.0005106642222
47367,1825.0005106642222
47368,1825.0005106642222
47369,1825.0005106642222
47370,1825.0005106642222
47371,1825.0005106642222
47372,1825.0005106642222
47373,1825.0005106642222
47374,1825.0005106642222
47375,1825.0005106642222
47376,1825.0005106642222
47377,1825.0005106642222
47378,1825.0005106642222
47379,1825.0005106642222
47380,1825.0005106642222
47381,1825.0005106642222
47382,1825.0005106642222
47383,1825.0005106642222
47384,1825.0005106642222
47385,1825.0005106642222
47386,1825.0005106642222
47387,1825.0005106642222
47388,1825.0005106642222
47389,1825.0005106642222
47390,1825.0005106642222
47391,1825.0005106642222
47392,1825.0005106642222
47393,1825.0005106642222
47394,1825.0005106642222
47395,1825.0005106642222
47396,1825.0005106642222
47397,1825.0005106642222
47398,1825.0005106642222
47399,1825.0005106642222
47400,1825.0005106642222
47401,1825.0005106642222
47402,1825.0005106642222
47403,1825.0005106642222
47404,1825.0005106642222
47405,1825.0005106642222
47406,1825.0005106642222
47407,1825.0005106642222
47408,1825.0005106642222
47409,1825.0005106642222
47410,1825.0005106642222
47411,1825.0005106642222
47412,1825.0005106642222
47413,1825.0005106642222
47414,1825.0005106642222
47415,1825.0005106642222
47416,1825.0005106642222
47417,1825.0005106642222
47418,1825.0005106642222
47419,1825.0005106642222
47420,1825.0005106642222
47421,1825.0005106642222
47422,1825.0005106642222
47423,1825.0005106642222
47424,1825.0005106642222
47425,1825.0005106642222
47426,1825.0005106642222
47427,1825.0005106642222
47428,1825.0005106642222
47429,1825.0005106642222
47430,1825.0005106642222
47431,1825.0005106642222
47432,1825.0005106642222
47433,1825.0005106642222
47434,1825.0005106642222
47435,1825.0005106642222
47436,1825.0005106642222
47437,1825.0005106642222
47438,1825.0005106642222
47439,1825.0005106642222
47440,1825.0005106642222
47441,1825.0005106642222
47442,1825.0005106642222
47443,1825.0005106642222
47444,1825.0005106642222
47445,1825.0005106642222
47446,1825.0005106642222
47447,1825.0005106642222
47448,1825.0005106642222
47449,1825.0005106642222
47450,1825.0005106642222
47451,1825.0005106642222
47452,1825.0005106642222
47453,1825.0005106642222
47454,1825.0005106642222
47455,1825.0005106642222
47456,1825.0005106642222
47457,1825.0005106642222
47458,1825.0005106642222
47459,1825.0005106642222
47460,1825.0005106642222
47461,1825.0005106642222
47462,1825.0005106642222
47463,1825.0005106642222
47464,1825.0005106642222
47465,1825.0005106642222
47466,1825.0005106642222
47467,1825.0005106642222
47468,1825.0005106642222
47469,1825.0005106642222
47470,1825.0005106642222
47471,1825.0005106642222
47472,1825.0005106642222
47473,1825.0005106642222
47474,1825.0005106642222
47475,1825.0005106642222
47476,1825.0005106642222
47477,1825.0005106642222
47478,1825.0005106642222
47479,1825.0005106642222
47480,1825.0005106642222
47481,1825.0005106642222
47482,1825.0005106642222
47483,1825.0005106642222
47484,1825.0005106642222
47485,1825.0005106642222
47486,1825.0005106642222
47487,1825.0005106642222
47488,1825.0005106642222
47489,1825.0005106642222
47490,1825.0005106642222
47491,1825.0005106642222
47492,1825.0005106642222
47493,1825.0005106642222
47494,1825.0005106642222
47495,1825.0005106642222
47496,1825.0005106642222
47497,1825.0005106642222
47498,1825.0005106642222
47499,1825.0005106642222
47500,1825.0005106642222
47501,1825.0005106642222
47502,1825.0005106642222
47503,1825.0005106642222
47504,1825.0005106642222
47505,1825.0005106642222
47506,1825.0005106642222
47507,1825.0005106642222
47508,1825.0005106642222
47509,1825.0005106642222
47510,1825.0005106642222
47511,1825.0005106642222
47512,1825.0005106642222
47513,1825.0005106642222
47514,1825.0005106642222
47515,1825.0005106642222
47516,1825.0005106642222
47517,1825.0005106642222
47518,1825.0005106642222
47519,1825.0005106642222
47520,1825.0005106642222
47521,1825.0005106642222
47522,1825.0005106642222
47523,1825.0005106642222
47524,1825.0005106642222
47525,1825.0005106642222
47526,1825.0005106642222
47527,1825.0005106642222
47528,1825.0005106642222
47529,1825.0005106642222
47530,1825.0005106642222
47531,1825.0005106642222
47532,1825.0005106642222
47533,1825.0005106642222
47534,1825.0005106642222
47535,1825.0005106642222
47536,1825.0005106642222
47537,1825.0005106642222
47538,1825.0005106642222
47539,1825.0005106642222
47540,1825.0005106642222
47541,1825.0005106642222
47542,1825.0005106642222
47543,1825.0005106642222
47544,1825.0005106642222
47545,1825.0005106642222
47546,1825.0005106642222
47547,1825.0005106642222
47548,1825.0005106642222
47549,1825.0005106642222
47550,1825.0005106642222
47551,1825.0005106642222
47552,1825.0005106642222
47553,1825.0005106642222
47554,1825.0005106642222
47555,1825.0005106642222
47556,1825.0005106642222
47557,1825.0005106642222
47558,1825.0005106642222
47559,1825.0005106642222
47560,1825.0005106642222
47561,1825.0005106642222
47562,1825.0005106642222
47563,1825.0005106642222
47564,1825.0005106642222
47565,1825.0005106642222
47566,1825.0005106642222
47567,1825.0005106642222
47568,1825.0005106642222
47569,1825.0005106642222
47570,1825.0005106642222
47571,1825.0005106642222
47572,1825.0005106642222
47573,1825.0005106642222
47574,1825.0005106642222
47575,1825.0005106642222
47576,1825.0005106642222
47577,1825.0005106642222
47578,1825.0005106642222
47579,1825.0005106642222
47580,1825.0005106642222
47581,1825.0005106642222
47582,1825.0005106642222
47583,1825.0005106642222
47584,1825.0005106642222
47585,1825.0005106642222
47586,1825.0005106642222
47587,1825.0005106642222
47588,1825.0005106642222
47589,1825.0005106642222
47590,1825.0005106642222
47591,1825.0005106642222
47592,1825.0005106642222
47593,1825.0005106642222
47594,1825.0005106642222
47595,1825.0005106642222
47596,1825.0005106642222
47597,1825.0005106642222
47598,1825.0005106642222
47599,1825.0005106642222
47600,1825.0005106642222
47601,1825.0005106642222
47602,1825.0005106642222
47603,1825.0005106642222
47604,1825.0005106642222
47605,1825.0005106642222
47606,1825.0005106642222
47607,1825.0005106642222
47608,1825.0005106642222
47609,1825.0005106642222
47610,1825.0005106642222
47611,1825.0005106642222
47612,1825.0005106642222
47613,1825.0005106642222
47614,1825.0005106642222
47615,1825.0005106642222
47616,1825.0005106642222
47617,1825.0005106642222
47618,1825.0005106642222
47619,1825.0005106642222
47620,1825.0005106642222
47621,1825.0005106642222
47622,1825.0005106642222
47623,1825.0005106642222
47624,1825.0005106642222
47625,1825.0005106642222
47626,1825.0005106642222
47627,1825.0005106642222
47628,1825.0005106642222
47629,1825.0005106642222
47630,1825.0005106642222
47631,1825.0005106642222
47632,1825.0005106642222
47633,1825.0005106642222
47634,1825.0005106642222
47635,1825.0005106642222
47636,1825.0005106642222
47637,1825.0005106642222
47638,1825.0005106642222
47639,1825.0005106642222
47640,1825.0005106642222
47641,1825.0005106642222
47642,1825.0005106642222
47643,1825.0005106642222
47644,1825.0005106642222
47645,1825.0005106642222
47646,1825.0005106642222
47647,1825.0005106642222
47648,1825.0005106642222
47649,1825.0005106642222
47650,1825.0005106642222
47651,1825.0005106642222
47652,1825.0005106642222
47653,1825.0005106642222
47654,1825.0005106642222
47655,1825.0005106642222
47656,1825.0005106642222
47657,1825.0005106642222
47658,1825.0005106642222
47659,1825.0005106642222
47660,1825.0005106642222
47661,1825.0005106642222
47662,1825.0005106642222
47663,1825.0005106642222
47664,1825.0005106642222
47665,1825.0005106642222
47666,1825.0005106642222
47667,1825.0005106642222
47668,1825.0005106642222
47669,1825.0005106642222
47670,1825.0005106642222
47671,1825.0005106642222
47672,1825.0005106642222
47673,1825.0005106642222
47674,1825.0005106642222
47675,1825.0005106642222
47676,1825.0005106642222
47677,1825.0005106642222
47678,1825.0005106642222
47679,1825.0005106642222
47680,1825.0005106642222
47681,1825.0005106642222
47682,1825.0005106642222
47683,1825.0005106642222
47684,1825.0005106642222
47685,1825.0005106642222
47686,1825.0005106642222
47687,1825.0005106642222
47688,1825.0005106642222
47689,1825.0005106642222
47690,1825.0005106642222
47691,1825.0005106642222
47692,1825.0005106642222
47693,1825.0005106642222
47694,1825.0005106642222
47695,1825.0005106642222
47696,1825.0005106642222
47697,1825.0005106642222
47698,1825.0005106642222
47699,1825.0005106642222
47700,1825.0005106642222
47701,1825.0005106642222
47702,1825.0005106642222
47703,1825.0005106642222
47704,1825.0005106642222
47705,1825.0005106642222
47706,1825.0005106642222
47707,1825.0005106642222
47708,1825.0005106642222
47709,1825.0005106642222
47710,1825.0005106642222
47711,1825.0005106642222
47712,1825.0005106642222
47713,1825.0005106642222
47714,1825.0005106642222
47715,1825.0005106642222
47716,1825.0005106642222
47717,1825.0005106642222
47718,1825.0005106642222
47719,1825.0005106642222
47720,1825.0005106642222
47721,1825.0005106642222
47722,1825.0005106642222
47723,1825.0005106642222
47724,1825.0005106642222
47725,1825.0005106642222
47726,1825.0005106642222
47727,1825.0005106642222
47728,1825.0005106642222
47729,1825.0005106642222
47730,1825.0005106642222
47731,1825.0005106642222
47732,1825.0005106642222
47733,1825.0005106642222
47734,1825.0005106642222
47735,1825.0005106642222
47736,1825.0005106642222
47737,1825.0005106642222
47738,1825.0005106642222
47739,1825.0005106642222
47740,1825.0005106642222
47741,1825.0005106642222
47742,1825.0005106642222
47743,1825.0005106642222
47744,1825.0005106642222
47745,1825.0005106642222
47746,1825.0005106642222
47747,1825.0005106642222
47748,1825.0005106642222
47749,1825.0005106642222
47750,1825.0005106642222
47751,1825.0005106642222
47752,1825.0005106642222
47753,1825.0005106642222
47754,1825.0005106642222
47755,1825.0005106642222
47756,1825.0005106642222
47757,1825.0005106642222
47758,1825.0005106642222
47759,1825.0005106642222
47760,1825.0005106642222
47761,1825.0005106642222
47762,1825.0005106642222
47763,1825.0005106642222
47764,1825.0005106642222
47765,1825.0005106642222
47766,1825.0005106642222
47767,1825.0005106642222
47768,1825.0005106642222
47769,1825.0005106642222
47770,1825.0005106642222
47771,1825.0005106642222
47772,1825.0005106642222
47773,1825.0005106642222
47774,1825.0005106642222
47775,1825.0005106642222
47776,1825.0005106642222
47777,1825.0005106642222
47778,1825.0005106642222
47779,1825.0005106642222
47780,1825.0005106642222
47781,1825.0005106642222
47782,1825.0005106642222
47783,1825.0005106642222
47784,1825.0005106642222
47785,1825.0005106642222
47786,1825.0005106642222
47787,1825.0005106642222
47788,1825.0005106642222
47789,1825.0005106642222
47790,1825.0005106642222
47791,1825.0005106642222
47792,1825.0005106642222
47793,1825.0005106642222
47794,1825.0005106642222
47795,1825.0005106642222
47796,1825.0005106642222
47797,1825.0005106642222
47798,1825.0005106642222
47799,1825.0005106642222
47800,1825.0005106642222
47801,1825.0005106642222
47802,1825.0005106642222
47803,1825.0005106642222
47804,1825.0005106642222
47805,1825.0005106642222
47806,1825.0005106642222
47807,1825.0005106642222
47808,1825.0005106642222
47809,1825.0005106642222
47810,1825.0005106642222
47811,1825.0005106642222
47812,1825.0005106642222
47813,1825.0005106642222
47814,1825.0005106642222
47815,1825.0005106642222
47816,1825.0005106642222
47817,1825.0005106642222
47818,1825.0005106642222
47819,1825.0005106642222
47820,1825.0005106642222
47821,1825.0005106642222
47822,1825.0005106642222
47823,1825.0005106642222
47824,1825.0005106642222
47825,1825.0005106642222
47826,1825.0005106642222
47827,1825.0005106642222
47828,1825.0005106642222
47829,1825.0005106642222
47830,1825.0005106642222
47831,1825.0005106642222
47832,1825.0005106642222
47833,1825.0005106642222
47834,1825.0005106642222
47835,1825.0005106642222
47836,1825.0005106642222
47837,1825.0005106642222
47838,1825.0005106642222
47839,1825.0005106642222
47840,1825.0005106642222
47841,1825.0005106642222
47842,1825.0005106642222
47843,1825.0005106642222
47844,1825.0005106642222
47845,1825.0005106642222
47846,1825.0005106642222
47847,1825.0005106642222
47848,1825.0005106642222
47849,1825.0005106642222
47850,1825.0005106642222
47851,1825.0005106642222
47852,1825.0005106642222
47853,1825.0005106642222
47854,1825.0005106642222
47855,1825.0005106642222
47856,1825.0005106642222
47857,1825.0005106642222
47858,1825.0005106642222
47859,1825.0005106642222
47860,1825.0005106642222
47861,1825.0005106642222
47862,1825.0005106642222
47863,1825.0005106642222
47864,1825.0005106642222
47865,1825.0005106642222
47866,1825.0005106642222
47867,1825.0005106642222
47868,1825.0005106642222
47869,1825.0005106642222
47870,1825.0005106642222
47871,1825.0005106642222
47872,1825.0005106642222
47873,1825.0005106642222
47874,1825.0005106642222
47875,1825.0005106642222
47876,1825.0005106642222
47877,1825.0005106642222
47878,1825.0005106642222
47879,1825.0005106642222
47880,1825.0005106642222
47881,1825.0005106642222
47882,1825.0005106642222
47883,1825.0005106642222
47884,1825.0005106642222
47885,1825.0005106642222
47886,1825.0005106642222
47887,1825.0005106642222
47888,1825.0005106642222
47889,1825.0005106642222
47890,1825.0005106642222
47891,1825.0005106642222
47892,1825.0005106642222
47893,1825.0005106642222
47894,1825.0005106642222
47895,1825.0005106642222
47896,1825.0005106642222
47897,1825.0005106642222
47898,1825.0005106642222
47899,1825.0005106642222
47900,1825.0005106642222
47901,1825.0005106642222
47902,1825.0005106642222
47903,1825.0005106642222
47904,1825.0005106642222
47905,1825.0005106642222
47906,1825.0005106642222
47907,1825.0005106642222
47908,1825.0005106642222
47909,1825.0005106642222
47910,1825.0005106642222
47911,1825.0005106642222
47912,1825.0005106642222
47913,1825.0005106642222
47914,1825.0005106642222
47915,1825.0005106642222
47916,1825.0005106642222
47917,1825.0005106642222
47918,1825.0005106642222
47919,1825.0005106642222
47920,1825.0005106642222
47921,1825.0005106642222
47922,1825.0005106642222
47923,1825.0005106642222
47924,1825.0005106642222
47925,1825.0005106642222
47926,1825.0005106642222
47927,1825.0005106642222
47928,1825.0005106642222
47929,1825.0005106642222
47930,1825.0005106642222
47931,1825.0005106642222
47932,1825.0005106642222
47933,1825.0005106642222
47934,1825.0005106642222
47935,1825.0005106642222
47936,1825.0005106642222
47937,1825.0005106642222
47938,1825.0005106642222
47939,1825.0005106642222
47940,1825.0005106642222
47941,1825.0005106642222
47942,1825.0005106642222
47943,1825.0005106642222
47944,1825.0005106642222
47945,1825.0005106642222
47946,1825.0005106642222
47947,1825.0005106642222
47948,1825.0005106642222
47949,1825.0005106642222
47950,1825.0005106642222
47951,1825.0005106642222
47952,1825.0005106642222
47953,1825.0005106642222
47954,1825.0005106642222
47955,1825.0005106642222
47956,1825.0005106642222
47957,1825.0005106642222
47958,1825.0005106642222
47959,1825.0005106642222
47960,1825.0005106642222
47961,1825.0005106642222
47962,1825.0005106642222
47963,1825.0005106642222
47964,1825.0005106642222
47965,1825.0005106642222
47966,1825.0005106642222
47967,1825.0005106642222
47968,1825.0005106642222
47969,1825.0005106642222
47970,1825.0005106642222
47971,1825.0005106642222
47972,1825.0005106642222
47973,1825.0005106642222
47974,1825.0005106642222
47975,1825.0005106642222
47976,1825.0005106642222
47977,1825.0005106642222
47978,1825.0005106642222
47979,1825.0005106642222
47980,1825.0005106642222
47981,1825.0005106642222
47982,1825.0005106642222
47983,1825.0005106642222
47984,1825.0005106642222
47985,1825.0005106642222
47986,1825.0005106642222
47987,1825.0005106642222
47988,1825.0005106642222
47989,1825.0005106642222
47990,1825.0005106642222
47991,1825.0005106642222
47992,1825.0005106642222
47993,1825.0005106642222
47994,1825.0005106642222
47995,1825.0005106642222
47996,1825.0005106642222
47997,1825.0005106642222
47998,1825.0005106642222
47999,1825.0005106642222
48000,1825.0005106642222
48001,1825.0005106642222
48002,1825.0005106642222
48003,1825.0005106642222
48004,1825.0005106642222
48005,1825.0005106642222
48006,1825.0005106642222
48007,1825.0005106642222
48008,1825.0005106642222
48009,1825.0005106642222
48010,1825.0005106642222
48011,1825.0005106642222
48012,1825.0005106642222
48013,1825.0005106642222
48014,1825.0005106642222
48015,1825.0005106642222
48016,1825.0005106642222
48017,1825.0005106642222
48018,1825.0005106642222
48019,1825.0005106642222
48020,1825.0005106642222
48021,1825.0005106642222
48022,1825.0005106642222
48023,1825.0005106642222
48024,1825.0005106642222
48025,1825.0005106642222
48026,1825.0005106642222
48027,1825.0005106642222
48028,1825.0005106642222
48029,1825.0005106642222
48030,1825.0005106642222
48031,1825.0005106642222
48032,1825.0005106642222
48033,1825.0005106642222
48034,1825.0005106642222
48035,1825.0005106642222
48036,1825.0005106642222
48037,1825.0005106642222
48038,1825.0005106642222
48039,1825.0005106642222
48040,1825.0005106642222
48041,1825.0005106642222
48042,1825.0005106642222
48043,1825.0005106642222
48044,1825.0005106642222
48045,1825.0005106642222
48046,1825.0005106642222
48047,1825.0005106642222
48048,1825.0005106642222
48049,1825.0005106642222
48050,1825.0005106642222
48051,1825.0005106642222
48052,1825.0005106642222
48053,1825.0005106642222
48054,1825.0005106642222
48055,1825.0005106642222
48056,1825.0005106642222
48057,1825.0005106642222
48058,1825.0005106642222
48059,1825.0005106642222
48060,1825.0005106642222
48061,1825.0005106642222
48062,1825.0005106642222
48063,1825.0005106642222
48064,1825.0005106642222
48065,1825.0005106642222
48066,1825.0005106642222
48067,1825.0005106642222
48068,1825.0005106642222
48069,1825.0005106642222
48070,1825.0005106642222
48071,1825.0005106642222
48072,1825.0005106642222
48073,1825.0005106642222
48074,1825.0005106642222
48075,1825.0005106642222
48076,1825.0005106642222
48077,1825.0005106642222
48078,1825.0005106642222
48079,1825.0005106642222
48080,1825.0005106642222
48081,1825.0005106642222
48082,1825.0005106642222
48083,1825.0005106642222
48084,1825.0005106642222
48085,1825.0005106642222
48086,1825.0005106642222
48087,1825.0005106642222
48088,1825.0005106642222
48089,1825.0005106642222
48090,1825.0005106642222
48091,1825.0005106642222
48092,1825.0005106642222
48093,1825.0005106642222
48094,1825.0005106642222
48095,1825.0005106642222
48096,1825.0005106642222
48097,1825.0005106642222
48098,1825.0005106642222
48099,1825.0005106642222
48100,1825.0005106642222
48101,1825.0005106642222
48102,1825.0005106642222
48103,1825.0005106642222
48104,1825.0005106642222
48105,1825.0005106642222
48106,1825.0005106642222
48107,1825.0005106642222
48108,1825.0005106642222
48109,1825.0005106642222
48110,1825.0005106642222
48111,1825.0005106642222
48112,1825.0005106642222
48113,1825.0005106642222
48114,1825.0005106642222
48115,1825.0005106642222
48116,1825.0005106642222
48117,1825.0005106642222
48118,1825.0005106642222
48119,1825.0005106642222
48120,1825.0005106642222
48121,1825.0005106642222
48122,1825.0005106642222
48123,1825.0005106642222
48124,1825.0005106642222
48125,1825.0005106642222
48126,1825.0005106642222
48127,1825.0005106642222
48128,1825.0005106642222
48129,1825.0005106642222
48130,1825.0005106642222
48131,1825.0005106642222
48132,1825.0005106642222
48133,1825.0005106642222
48134,1825.0005106642222
48135,1825.0005106642222
48136,1825.0005106642222
48137,1825.0005106642222
48138,1825.0005106642222
48139,1825.0005106642222
48140,1825.0005106642222
48141,1825.0005106642222
48142,1825.0005106642222
48143,1825.0005106642222
48144,1825.0005106642222
48145,1825.0005106642222
48146,1825.0005106642222
48147,1825.0005106642222
48148,1825.0005106642222
48149,1825.0005106642222
48150,1825.0005106642222
48151,1825.0005106642222
48152,1825.0005106642222
48153,1825.0005106642222
48154,1825.0005106642222
48155,1825.0005106642222
48156,1825.0005106642222
48157,1825.0005106642222
48158,1825.0005106642222
48159,1825.0005106642222
48160,1825.0005106642222
48161,1825.0005106642222
48162,1825.0005106642222
48163,1825.0005106642222
48164,1825.0005106642222
48165,1825.0005106642222
48166,1825.0005106642222
48167,1825.0005106642222
48168,1825.0005106642222
48169,1825.0005106642222
48170,1825.0005106642222
48171,1825.0005106642222
48172,1825.0005106642222
48173,1825.0005106642222
48174,1825.0005106642222
48175,1825.0005106642222
48176,1825.0005106642222
48177,1825.0005106642222
48178,1825.0005106642222
48179,1825.0005106642222
48180,1825.0005106642222
48181,1825.0005106642222
48182,1825.0005106642222
48183,1825.0005106642222
48184,1825.0005106642222
48185,1825.0005106642222
48186,1825.0005106642222
48187,1825.0005106642222
48188,1825.0005106642222
48189,1825.0005106642222
48190,1825.0005106642222
48191,1825.0005106642222
48192,1825.0005106642222
48193,1825.0005106642222
48194,1825.0005106642222
48195,1825.0005106642222
48196,1825.0005106642222
48197,1825.0005106642222
48198,1825.0005106642222
48199,1825.0005106642222
48200,1825.0005106642222
48201,1825.0005106642222
48202,1825.0005106642222
48203,1825.0005106642222
48204,1825.0005106642222
48205,1825.0005106642222
48206,1825.0005106642222
48207,1825.0005106642222
48208,1825.0005106642222
48209,1825.0005106642222
48210,1825.0005106642222
48211,1825.0005106642222
48212,1825.0005106642222
48213,1825.0005106642222
48214,1825.0005106642222
48215,1825.0005106642222
48216,1825.0005106642222
48217,1825.0005106642222
48218,1825.0005106642222
48219,1825.0005106642222
48220,1825.0005106642222
48221,1825.0005106642222
48222,1825.0005106642222
48223,1825.0005106642222
48224,1825.0005106642222
48225,1825.0005106642222
48226,1825.0005106642222
48227,1825.0005106642222
48228,1825.0005106642222
48229,1825.0005106642222
48230,1825.0005106642222
48231,1825.0005106642222
48232,1825.0005106642222
48233,1825.0005106642222
48234,1825.0005106642222
48235,1825.0005106642222
48236,1825.0005106642222
48237,1825.0005106642222
48238,1825.0005106642222
48239,1825.0005106642222
48240,1825.0005106642222
48241,1825.0005106642222
48242,1825.0005106642222
48243,1825.0005106642222
48244,1825.0005106642222
48245,1825.0005106642222
48246,1825.0005106642222
48247,1825.0005106642222
48248,1825.0005106642222
48249,1825.0005106642222
48250,1825.0005106642222
48251,1825.0005106642222
48252,1825.0005106642222
48253,1825.0005106642222
48254,1825.0005106642222
48255,1825.0005106642222
48256,1825.0005106642222
48257,1825.0005106642222
48258,1825.0005106642222
48259,1825.0005106642222
48260,1825.0005106642222
48261,1825.0005106642222
48262,1825.0005106642222
48263,1825.0005106642222
48264,1825.0005106642222
48265,1825.0005106642222
48266,1825.0005106642222
48267,1825.0005106642222
48268,1825.0005106642222
48269,1825.0005106642222
48270,1825.0005106642222
48271,1825.0005106642222
48272,1825.0005106642222
48273,1825.0005106642222
48274,1825.0005106642222
48275,1825.0005106642222
48276,1825.0005106642222
48277,1825.0005106642222
48278,1825.0005106642222
48279,1825.0005106642222
48280,1825.0005106642222
48281,1825.0005106642222
48282,1825.0005106642222
48283,1825.0005106642222
48284,1825.0005106642222
48285,1825.0005106642222
48286,1825.0005106642222
48287,1825.0005106642222
48288,1825.0005106642222
48289,1825.0005106642222
48290,1825.0005106642222
48291,1825.0005106642222
48292,1825.0005106642222
48293,1825.0005106642222
48294,1825.0005106642222
48295,1825.0005106642222
48296,1825.0005106642222
48297,1825.0005106642222
48298,1825.0005106642222
48299,1825.0005106642222
48300,1825.0005106642222
48301,1825.0005106642222
48302,1825.0005106642222
48303,1825.0005106642222
48304,1825.0005106642222
48305,1825.0005106642222
48306,1825.0005106642222
48307,1825.0005106642222
48308,1825.0005106642222
48309,1825.0005106642222
48310,1825.0005106642222
48311,1825.0005106642222
48312,1825.0005106642222
48313,1825.0005106642222
48314,1825.0005106642222
48315,1825.0005106642222
48316,1825.0005106642222
48317,1825.0005106642222
48318,1825.0005106642222
48319,1825.0005106642222
48320,1825.0005106642222
48321,1825.0005106642222
48322,1825.0005106642222
48323,1825.0005106642222
48324,1825.0005106642222
48325,1825.0005106642222
48326,1825.0005106642222
48327,1825.0005106642222
48328,1825.0005106642222
48329,1825.0005106642222
48330,1825.0005106642222
48331,1825.0005106642222
48332,1825.0005106642222
48333,1825.0005106642222
48334,1825.0005106642222
48335,1825.0005106642222
48336,1825.0005106642222
48337,1825.0005106642222
48338,1825.0005106642222
48339,1825.0005106642222
48340,1825.0005106642222
48341,1825.0005106642222
48342,1825.0005106642222
48343,1825.0005106642222
48344,1825.0005106642222
48345,1825.0005106642222
48346,1825.0005106642222
48347,1825.0005106642222
48348,1825.0005106642222
48349,1825.0005106642222
48350,1825.0005106642222
48351,1825.0005106642222
48352,1825.0005106642222
48353,1825.0005106642222
48354,1825.0005106642222
48355,1825.0005106642222
48356,1825.0005106642222
48357,1825.0005106642222
48358,1825.0005106642222
48359,1825.0005106642222
48360,1825.0005106642222
48361,1825.0005106642222
48362,1825.0005106642222
48363,1825.0005106642222
48364,1825.0005106642222
48365,1825.0005106642222
48366,1825.0005106642222
48367,1825.0005106642222
48368,1825.0005106642222
48369,1825.0005106642222
48370,1825.0005106642222
48371,1825.0005106642222
48372,1825.0005106642222
48373,1825.0005106642222
48374,1825.0005106642222
48375,1825.0005106642222
48376,1825.0005106642222
48377,1825.0005106642222
48378,1825.0005106642222
48379,1825.0005106642222
48380,1825.0005106642222
48381,1825.0005106642222
48382,1825.0005106642222
48383,1825.0005106642222
48384,1825.0005106642222
48385,1825.0005106642222
48386,1825.0005106642222
48387,1825.0005106642222
48388,1825.0005106642222
48389,1825.0005106642222
48390,1825.0005106642222
48391,1825.0005106642222
48392,1825.0005106642222
48393,1825.0005106642222
48394,1825.0005106642222
48395,1825.0005106642222
48396,1825.0005106642222
48397,1825.0005106642222
48398,1825.0005106642222
48399,1825.0005106642222
48400,1825.0005106642222
48401,1825.0005106642222
48402,1825.0005106642222
48403,1825.0005106642222
48404,1825.0005106642222
48405,1825.0005106642222
48406,1825.0005106642222
48407,1825.0005106642222
48408,1825.0005106642222
48409,1825.0005106642222
48410,1825.0005106642222
48411,1825.0005106642222
48412,1825.0005106642222
48413,1825.0005106642222
48414,1825.0005106642222
48415,1825.0005106642222
48416,1825.0005106642222
48417,1825.0005106642222
48418,1825.0005106642222
48419,1825.0005106642222
48420,1825.0005106642222
48421,1825.0005106642222
48422,1825.0005106642222
48423,1825.0005106642222
48424,1825.0005106642222
48425,1825.0005106642222
48426,1825.0005106642222
48427,1825.0005106642222
48428,1825.0005106642222
48429,1825.0005106642222
48430,1825.0005106642222
48431,1825.0005106642222
48432,1825.0005106642222
48433,1825.0005106642222
48434,1825.0005106642222
48435,1825.0005106642222
48436,1825.0005106642222
48437,1825.0005106642222
48438,1825.0005106642222
48439,1825.0005106642222
48440,1825.0005106642222
48441,1825.0005106642222
48442,1825.0005106642222
48443,1825.0005106642222
48444,1825.0005106642222
48445,1825.0005106642222
48446,1825.0005106642222
48447,1825.0005106642222
48448,1825.0005106642222
48449,1825.0005106642222
48450,1825.0005106642222
48451,1825.0005106642222
48452,1825.0005106642222
48453,1825.0005106642222
48454,1825.0005106642222
48455,1825.0005106642222
48456,1825.0005106642222
48457,1825.0005106642222
48458,1825.0005106642222
48459,1825.0005106642222
48460,1825.0005106642222
48461,1825.0005106642222
48462,1825.0005106642222
48463,1825.0005106642222
48464,1825.0005106642222
48465,1825.0005106642222
48466,1825.0005106642222
48467,1825.0005106642222
48468,1825.0005106642222
48469,1825.0005106642222
48470,1825.0005106642222
48471,1825.0005106642222
48472,1825.0005106642222
48473,1825.0005106642222
48474,1825.0005106642222
48475,1825.0005106642222
48476,1825.0005106642222
48477,1825.0005106642222
48478,1825.0005106642222
48479,1825.0005106642222
48480,1825.0005106642222
48481,1825.0005106642222
48482,1825.0005106642222
48483,1825.0005106642222
48484,1825.0005106642222
48485,1825.0005106642222
48486,1825.0005106642222
48487,1825.0005106642222
48488,1825.0005106642222
48489,1825.0005106642222
48490,1825.0005106642222
48491,1825.0005106642222
48492,1825.0005106642222
48493,1825.0005106642222
48494,1825.0005106642222
48495,1825.0005106642222
48496,1825.0005106642222
48497,1825.0005106642222
48498,1825.0005106642222
48499,1825.0005106642222
48500,1825.0005106642222
48501,1825.0005106642222
48502,1825.0005106642222
48503,1825.0005106642222
48504,1825.0005106642222
48505,1825.0005106642222
48506,1825.0005106642222
48507,1825.0005106642222
48508,1825.0005106642222
48509,1825.0005106642222
48510,1825.0005106642222
48511,1825.0005106642222
48512,1825.0005106642222
48513,1825.0005106642222
48514,1825.0005106642222
48515,1825.0005106642222
48516,1825.0005106642222
48517,1825.0005106642222
48518,1825.0005106642222
48519,1825.0005106642222
48520,1825.0005106642222
48521,1825.0005106642222
48522,1825.0005106642222
48523,1825.0005106642222
48524,1825.0005106642222
48525,1825.0005106642222
48526,1825.0005106642222
48527,1825.0005106642222
48528,1825.0005106642222
48529,1825.0005106642222
48530,1825.0005106642222
48531,1825.0005106642222
48532,1825.0005106642222
48533,1825.0005106642222
48534,1825.0005106642222
48535,1825.0005106642222
48536,1825.0005106642222
48537,1825.0005106642222
48538,1825.0005106642222
48539,1825.0005106642222
48540,1825.0005106642222
48541,1825.0005106642222
48542,1825.0005106642222
48543,1825.0005106642222
48544,1825.0005106642222
48545,1825.0005106642222
48546,1825.0005106642222
48547,1825.0005106642222
48548,1825.0005106642222
48549,1825.0005106642222
48550,1825.0005106642222
48551,1825.0005106642222
48552,1825.0005106642222
48553,1825.0005106642222
48554,1825.0005106642222
48555,1825.0005106642222
48556,1825.0005106642222
48557,1825.0005106642222
48558,1825.0005106642222
48559,1825.0005106642222
48560,1825.0005106642222
48561,1825.0005106642222
48562,1825.0005106642222
48563,1825.0005106642222
48564,1825.0005106642222
48565,1825.0005106642222
48566,1825.0005106642222
48567,1825.0005106642222
48568,1825.0005106642222
48569,1825.0005106642222
48570,1825.0005106642222
48571,1825.0005106642222
48572,1825.0005106642222
48573,1825.0005106642222
48574,1825.0005106642222
48575,1825.0005106642222
48576,1825.0005106642222
48577,1825.0005106642222
48578,1825.0005106642222
48579,1825.0005106642222
48580,1825.0005106642222
48581,1825.0005106642222
48582,1825.0005106642222
48583,1825.0005106642222
48584,1825.0005106642222
48585,1825.0005106642222
48586,1825.0005106642222
48587,1825.0005106642222
48588,1825.0005106642222
48589,1825.0005106642222
48590,1825.0005106642222
48591,1825.0005106642222
48592,1825.0005106642222
48593,1825.0005106642222
48594,1825.0005106642222
48595,1825.0005106642222
48596,1825.0005106642222
48597,1825.0005106642222
48598,1825.0005106642222
48599,1825.0005106642222
48600,1825.0005106642222
48601,1825.0005106642222
48602,1825.0005106642222
48603,1825.0005106642222
48604,1825.0005106642222
48605,1825.0005106642222
48606,1825.0005106642222
48607,1825.0005106642222
48608,1825.0005106642222
48609,1825.0005106642222
48610,1825.0005106642222
48611,1825.0005106642222
48612,1825.0005106642222
48613,1825.0005106642222
48614,1825.0005106642222
48615,1825.0005106642222
48616,1825.0005106642222
48617,1825.0005106642222
48618,1825.0005106642222
48619,1825.0005106642222
48620,1825.0005106642222
48621,1825.0005106642222
48622,1825.0005106642222
48623,1825.0005106642222
48624,1825.0005106642222
48625,1825.0005106642222
48626,1825.0005106642222
48627,1825.0005106642222
48628,1825.0005106642222
48629,1825.0005106642222
48630,1825.0005106642222
48631,1825.0005106642222
48632,1825.0005106642222
48633,1825.0005106642222
48634,1825.0005106642222
48635,1825.0005106642222
48636,1825.0005106642222
48637,1825.0005106642222
48638,1825.0005106642222
48639,1825.0005106642222
48640,1825.0005106642222
48641,1825.0005106642222
48642,1825.0005106642222
48643,1825.0005106642222
48644,1825.0005106642222
48645,1825.0005106642222
48646,1825.0005106642222
48647,1825.0005106642222
48648,1825.0005106642222
48649,1825.0005106642222
48650,1825.0005106642222
48651,1825.0005106642222
48652,1825.0005106642222
48653,1825.0005106642222
48654,1825.0005106642222
48655,1825.0005106642222
48656,1825.0005106642222
48657,1825.0005106642222
48658,1825.0005106642222
48659,1825.0005106642222
48660,1825.0005106642222
48661,1825.0005106642222
48662,1825.0005106642222
48663,1825.0005106642222
48664,1825.0005106642222
48665,1825.0005106642222
48666,1825.0005106642222
48667,1825.0005106642222
48668,1825.0005106642222
48669,1825.0005106642222
48670,1825.0005106642222
48671,1825.0005106642222
48672,1825.0005106642222
48673,1825.0005106642222
48674,1825.0005106642222
48675,1825.0005106642222
48676,1825.0005106642222
48677,1825.0005106642222
48678,1825.0005106642222
48679,1825.0005106642222
48680,1825.0005106642222
48681,1825.0005106642222
48682,1825.0005106642222
48683,1825.0005106642222
48684,1825.0005106642222
48685,1825.0005106642222
48686,1825.0005106642222
48687,1825.0005106642222
48688,1825.0005106642222
48689,1825.0005106642222
48690,1825.0005106642222
48691,1825.0005106642222
48692,1825.0005106642222
48693,1825.0005106642222
48694,1825.0005106642222
48695,1825.0005106642222
48696,1825.0005106642222
48697,1825.0005106642222
48698,1825.0005106642222
48699,1825.0005106642222
48700,1825.0005106642222
48701,1825.0005106642222
48702,1825.0005106642222
48703,1825.0005106642222
48704,1825.0005106642222
48705,1825.0005106642222
48706,1825.0005106642222
48707,1825.0005106642222
48708,1825.0005106642222
48709,1825.0005106642222
48710,1825.0005106642222
48711,1825.0005106642222
48712,1825.0005106642222
48713,1825.0005106642222
48714,1825.0005106642222
48715,1825.0005106642222
48716,1825.0005106642222
48717,1825.0005106642222
48718,1825.0005106642222
48719,1825.0005106642222
48720,1825.0005106642222
48721,1825.0005106642222
48722,1825.0005106642222
48723,1825.0005106642222
48724,1825.0005106642222
48725,1825.0005106642222
48726,1825.0005106642222
48727,1825.0005106642222
48728,1825.0005106642222
48729,1825.0005106642222
48730,1825.0005106642222
48731,1825.0005106642222
48732,1825.0005106642222
48733,1825.0005106642222
48734,1825.0005106642222
48735,1825.0005106642222
48736,1825.0005106642222
48737,1825.0005106642222
48738,1825.0005106642222
48739,1825.0005106642222
48740,1825.0005106642222
48741,1825.0005106642222
48742,1825.0005106642222
48743,1825.0005106642222
48744,1825.0005106642222
48745,1825.0005106642222
48746,1825.0005106642222
48747,1825.0005106642222
48748,1825.0005106642222
48749,1825.0005106642222
48750,1825.0005106642222
48751,1825.0005106642222
48752,1825.0005106642222
48753,1825.0005106642222
48754,1825.0005106642222
48755,1825.0005106642222
48756,1825.0005106642222
48757,1825.0005106642222
48758,1825.0005106642222
48759,1825.0005106642222
48760,1825.0005106642222
48761,1825.0005106642222
48762,1825.0005106642222
48763,1825.0005106642222
48764,1825.0005106642222
48765,1825.0005106642222
48766,1825.0005106642222
48767,1825.0005106642222
48768,1825.0005106642222
48769,1825.0005106642222
48770,1825.0005106642222
48771,1825.0005106642222
48772,1825.0005106642222
48773,1825.0005106642222
48774,1825.0005106642222
48775,1825.0005106642222
48776,1825.0005106642222
48777,1825.0005106642222
48778,1825.0005106642222
48779,1825.0005106642222
48780,1825.0005106642222
48781,1825.0005106642222
48782,1825.0005106642222
48783,1825.0005106642222
48784,1825.0005106642222
48785,1825.0005106642222
48786,1825.0005106642222
48787,1825.0005106642222
48788,1825.0005106642222
48789,1825.0005106642222
48790,1825.0005106642222
48791,1825.0005106642222
48792,1825.0005106642222
48793,1825.0005106642222
48794,1825.0005106642222
48795,1825.0005106642222
48796,1825.0005106642222
48797,1825.0005106642222
48798,1825.0005106642222
48799,1825.0005106642222
48800,1825.0005106642222
48801,1825.0005106642222
48802,1825.0005106642222
48803,1825.0005106642222
48804,1825.0005106642222
48805,1825.0005106642222
48806,1825.0005106642222
48807,1825.0005106642222
48808,1825.0005106642222
48809,1825.0005106642222
48810,1825.0005106642222
48811,1825.0005106642222
48812,1825.0005106642222
48813,1825.0005106642222
48814,1825.0005106642222
48815,1825.0005106642222
48816,1825.0005106642222
48817,1825.0005106642222
48818,1825.0005106642222
48819,1825.0005106642222
48820,1825.0005106642222
48821,1825.0005106642222
48822,1825.0005106642222
48823,1825.0005106642222
48824,1825.0005106642222
48825,1825.0005106642222
48826,1825.0005106642222
48827,1825.0005106642222
48828,1825.0005106642222
48829,1825.0005106642222
48830,1825.0005106642222
48831,1825.0005106642222
48832,1825.0005106642222
48833,1825.0005106642222
48834,1825.0005106642222
48835,1825.0005106642222
48836,1825.0005106642222
48837,1825.0005106642222
48838,1825.0005106642222
48839,1825.0005106642222
48840,1825.0005106642222
48841,1825.0005106642222
48842,1825.0005106642222
48843,1825.0005106642222
48844,1825.0005106642222
48845,1825.0005106642222
48846,1825.0005106642222
48847,1825.0005106642222
48848,1825.0005106642222
48849,1825.0005106642222
48850,1825.0005106642222
48851,1825.0005106642222
48852,1825.0005106642222
48853,1825.0005106642222
48854,1825.0005106642222
48855,1825.0005106642222
48856,1825.0005106642222
48857,1825.0005106642222
48858,1825.0005106642222
48859,1825.0005106642222
48860,1825.0005106642222
48861,1825.0005106642222
48862,1825.0005106642222
48863,1825.0005106642222
48864,1825.0005106642222
48865,1825.0005106642222
48866,1825.0005106642222
48867,1825.0005106642222
48868,1825.0005106642222
48869,1825.0005106642222
48870,1825.0005106642222
48871,1825.0005106642222
48872,1825.0005106642222
48873,1825.0005106642222
48874,1825.0005106642222
48875,1825.0005106642222
48876,1825.0005106642222
48877,1825.0005106642222
48878,1825.0005106642222
48879,1825.0005106642222
48880,1825.0005106642222
48881,1825.0005106642222
48882,1825.0005106642222
48883,1825.0005106642222
48884,1825.0005106642222
48885,1825.0005106642222
48886,1825.0005106642222
48887,1825.0005106642222
48888,1825.0005106642222
48889,1825.0005106642222
48890,1825.0005106642222
48891,1825.0005106642222
48892,1825.0005106642222
48893,1825.0005106642222
48894,1825.0005106642222
48895,1825.0005106642222
48896,1825.0005106642222
48897,1825.0005106642222
48898,1825.0005106642222
48899,1825.0005106642222
48900,1825.0005106642222
48901,1825.0005106642222
48902,1825.0005106642222
48903,1825.0005106642222
48904,1825.0005106642222
48905,1825.0005106642222
48906,1825.0005106642222
48907,1825.0005106642222
48908,1825.0005106642222
48909,1825.0005106642222
48910,1825.0005106642222
48911,1825.0005106642222
48912,1825.0005106642222
48913,1825.0005106642222
48914,1825.0005106642222
48915,1825.0005106642222
48916,1825.0005106642222
48917,1825.0005106642222
48918,1825.0005106642222
48919,1825.0005106642222
48920,1825.0005106642222
48921,1825.0005106642222
48922,1825.0005106642222
48923,1825.0005106642222
48924,1825.0005106642222
48925,1825.0005106642222
48926,1825.0005106642222
48927,1825.0005106642222
48928,1825.0005106642222
48929,1825.0005106642222
48930,1825.0005106642222
48931,1825.0005106642222
48932,1825.0005106642222
48933,1825.0005106642222
48934,1825.0005106642222
48935,1825.0005106642222
48936,1825.0005106642222
48937,1825.0005106642222
48938,1825.0005106642222
48939,1825.0005106642222
48940,1825.0005106642222
48941,1825.0005106642222
48942,1825.0005106642222
48943,1825.0005106642222
48944,1825.0005106642222
48945,1825.0005106642222
48946,1825.0005106642222
48947,1825.0005106642222
48948,1825.0005106642222
48949,1825.0005106642222
48950,1825.0005106642222
48951,1825.0005106642222
48952,1825.0005106642222
48953,1825.0005106642222
48954,1825.0005106642222
48955,1825.0005106642222
48956,1825.0005106642222
48957,1825.0005106642222
48958,1825.0005106642222
48959,1825.0005106642222
48960,1825.0005106642222
48961,1825.0005106642222
48962,1825.0005106642222
48963,1825.0005106642222
48964,1825.0005106642222
48965,1825.0005106642222
48966,1825.0005106642222
48967,1825.0005106642222
48968,1825.0005106642222
48969,1825.0005106642222
48970,1825.0005106642222
48971,1825.0005106642222
48972,1825.0005106642222
48973,1825.0005106642222
48974,1825.0005106642222
48975,1825.0005106642222
48976,1825.0005106642222
48977,1825.0005106642222
48978,1825.0005106642222
48979,1825.0005106642222
48980,1825.0005106642222
48981,1825.0005106642222
48982,1825.0005106642222
48983,1825.0005106642222
48984,1825.0005106642222
48985,1825.0005106642222
48986,1825.0005106642222
48987,1825.0005106642222
48988,1825.0005106642222
48989,1825.0005106642222
48990,1825.0005106642222
48991,1825.0005106642222
48992,1825.0005106642222
48993,1825.0005106642222
48994,1825.0005106642222
48995,1825.0005106642222
48996,1825.0005106642222
48997,1825.0005106642222
48998,1825.0005106642222
48999,1825.0005106642222
49000,1825.0005106642222
49001,1825.0005106642222
49002,1825.0005106642222
49003,1825.0005106642222
49004,1825.0005106642222
49005,1825.0005106642222
49006,1825.0005106642222
49007,1825.0005106642222
49008,1825.0005106642222
49009,1825.0005106642222
49010,1825.0005106642222
49011,1825.0005106642222
49012,1825.0005106642222
49013,1825.0005106642222
49014,1825.0005106642222
49015,1825.0005106642222
49016,1825.0005106642222
49017,1825.0005106642222
49018,1825.0005106642222
49019,1825.0005106642222
49020,1825.0005106642222
49021,1825.0005106642222
49022,1825.0005106642222
49023,1825.0005106642222
49024,1825.0005106642222
49025,1825.0005106642222
49026,1825.0005106642222
49027,1825.0005106642222
49028,1825.0005106642222
49029,1825.0005106642222
49030,1825.0005106642222
49031,1825.0005106642222
49032,1825.0005106642222
49033,1825.0005106642222
49034,1825.0005106642222
49035,1825.0005106642222
49036,1825.0005106642222
49037,1825.0005106642222
49038,1825.0005106642222
49039,1825.0005106642222
49040,1825.0005106642222
49041,1825.0005106642222
49042,1825.0005106642222
49043,1825.0005106642222
49044,1825.0005106642222
49045,1825.0005106642222
49046,1825.0005106642222
49047,1825.0005106642222
49048,1825.0005106642222
49049,1825.0005106642222
49050,1825.0005106642222
49051,1825.0005106642222
49052,1825.0005106642222
49053,1825.0005106642222
49054,1825.0005106642222
49055,1825.0005106642222
49056,1825.0005106642222
49057,1825.0005106642222
49058,1825.0005106642222
49059,1825.0005106642222
49060,1825.0005106642222
49061,1825.0005106642222
49062,1825.0005106642222
49063,1825.0005106642222
49064,1825.0005106642222
49065,1825.0005106642222
49066,1825.0005106642222
49067,1825.0005106642222
49068,1825.0005106642222
49069,1825.0005106642222
49070,1825.0005106642222
49071,1825.0005106642222
49072,1825.0005106642222
49073,1825.0005106642222
49074,1825.0005106642222
49075,1825.0005106642222
49076,1825.0005106642222
49077,1825.0005106642222
49078,1825.0005106642222
49079,1825.0005106642222
49080,1825.0005106642222
49081,1825.0005106642222
49082,1825.0005106642222
49083,1825.0005106642222
49084,1825.0005106642222
49085,1825.0005106642222
49086,1825.0005106642222
49087,1825.0005106642222
49088,1825.0005106642222
49089,1825.0005106642222
49090,1825.0005106642222
49091,1825.0005106642222
49092,1825.0005106642222
49093,1825.0005106642222
49094,1825.0005106642222
49095,1825.0005106642222
49096,1825.0005106642222
49097,1825.0005106642222
49098,1825.0005106642222
49099,1825.0005106642222
49100,1825.0005106642222
49101,1825.0005106642222
49102,1825.0005106642222
49103,1825.0005106642222
49104,1825.0005106642222
49105,1825.0005106642222
49106,1825.0005106642222
49107,1825.0005106642222
49108,1825.0005106642222
49109,1825.0005106642222
49110,1825.0005106642222
49111,1825.0005106642222
49112,1825.0005106642222
49113,1825.0005106642222
49114,1825.0005106642222
49115,1825.0005106642222
49116,1825.0005106642222
49117,1825.0005106642222
49118,1825.0005106642222
49119,1825.0005106642222
49120,1825.0005106642222
49121,1825.0005106642222
49122,1825.0005106642222
49123,1825.0005106642222
49124,1825.0005106642222
49125,1825.0005106642222
49126,1825.0005106642222
49127,1825.0005106642222
49128,1825.0005106642222
49129,1825.0005106642222
49130,1825.0005106642222
49131,1825.0005106642222
49132,1825.0005106642222
49133,1825.0005106642222
49134,1825.0005106642222
49135,1825.0005106642222
49136,1825.0005106642222
49137,1825.0005106642222
49138,1825.0005106642222
49139,1825.0005106642222
49140,1825.0005106642222
49141,1825.0005106642222
49142,1825.0005106642222
49143,1825.0005106642222
49144,1825.0005106642222
49145,1825.0005106642222
49146,1825.0005106642222
49147,1825.0005106642222
49148,1825.0005106642222
49149,1825.0005106642222
49150,1825.0005106642222
49151,1825.0005106642222
49152,1825.0005106642222
49153,1825.0005106642222
49154,1825.0005106642222
49155,1825.0005106642222
49156,1825.0005106642222
49157,1825.0005106642222
49158,1825.0005106642222
49159,1825.0005106642222
49160,1825.0005106642222
49161,1825.0005106642222
49162,1825.0005106642222
49163,1825.0005106642222
49164,1825.0005106642222
49165,1825.0005106642222
49166,1825.0005106642222
49167,1825.0005106642222
49168,1825.0005106642222
49169,1825.0005106642222
49170,1825.0005106642222
49171,1825.0005106642222
49172,1825.0005106642222
49173,1825.0005106642222
49174,1825.0005106642222
49175,1825.0005106642222
49176,1825.0005106642222
49177,1825.0005106642222
49178,1825.0005106642222
49179,1825.0005106642222
49180,1825.0005106642222
49181,1825.0005106642222
49182,1825.0005106642222
49183,1825.0005106642222
49184,1825.0005106642222
49185,1825.0005106642222
49186,1825.0005106642222
49187,1825.0005106642222
49188,1825.0005106642222
49189,1825.0005106642222
49190,1825.0005106642222
49191,1825.0005106642222
49192,1825.0005106642222
49193,1825.0005106642222
49194,1825.0005106642222
49195,1825.0005106642222
49196,1825.0005106642222
49197,1825.0005106642222
49198,1825.0005106642222
49199,1825.0005106642222
49200,1825.0005106642222
49201,1825.0005106642222
49202,1825.0005106642222
49203,1825.0005106642222
49204,1825.0005106642222
49205,1825.0005106642222
49206,1825.0005106642222
49207,1825.0005106642222
49208,1825.0005106642222
49209,1825.0005106642222
49210,1825.0005106642222
49211,1825.0005106642222
49212,1825.0005106642222
49213,1825.0005106642222
49214,1825.0005106642222
49215,1825.0005106642222
49216,1825.0005106642222
49217,1825.0005106642222
49218,1825.0005106642222
49219,1825.0005106642222
49220,1825.0005106642222
49221,1825.0005106642222
49222,1825.0005106642222
49223,1825.0005106642222
49224,1825.0005106642222
49225,1825.0005106642222
49226,1825.0005106642222
49227,1825.0005106642222
49228,1825.0005106642222
49229,1825.0005106642222
49230,1825.0005106642222
49231,1825.0005106642222
49232,1825.0005106642222
49233,1825.0005106642222
49234,1825.0005106642222
49235,1825.0005106642222
49236,1825.0005106642222
49237,1825.0005106642222
49238,1825.0005106642222
49239,1825.0005106642222
49240,1825.0005106642222
49241,1825.0005106642222
49242,1825.0005106642222
49243,1825.0005106642222
49244,1825.0005106642222
49245,1825.0005106642222
49246,1825.0005106642222
49247,1825.0005106642222
49248,1825.0005106642222
49249,1825.0005106642222
49250,1825.0005106642222
49251,1825.0005106642222
49252,1825.0005106642222
49253,1825.0005106642222
49254,1825.0005106642222
49255,1825.0005106642222
49256,1825.0005106642222
49257,1825.0005106642222
49258,1825.0005106642222
49259,1825.0005106642222
49260,1825.0005106642222
49261,1825.0005106642222
49262,1825.0005106642222
49263,1825.0005106642222
49264,1825.0005106642222
49265,1825.0005106642222
49266,1825.0005106642222
49267,1825.0005106642222
49268,1825.0005106642222
49269,1825.0005106642222
49270,1825.0005106642222
49271,1825.0005106642222
49272,1825.0005106642222
49273,1825.0005106642222
49274,1825.0005106642222
49275,1825.0005106642222
49276,1825.0005106642222
49277,1825.0005106642222
49278,1825.0005106642222
49279,1825.0005106642222
49280,1825.0005106642222
49281,1825.0005106642222
49282,1825.0005106642222
49283,1825.0005106642222
49284,1825.0005106642222
49285,1825.0005106642222
49286,1825.0005106642222
49287,1825.0005106642222
49288,1825.0005106642222
49289,1825.0005106642222
49290,1825.0005106642222
49291,1825.0005106642222
49292,1825.0005106642222
49293,1825.0005106642222
49294,1825.0005106642222
49295,1825.0005106642222
49296,1825.0005106642222
49297,1825.0005106642222
49298,1825.0005106642222
49299,1825.0005106642222
49300,1825.0005106642222
49301,1825.0005106642222
49302,1825.0005106642222
49303,1825.0005106642222
49304,1825.0005106642222
49305,1825.0005106642222
49306,1825.0005106642222
49307,1825.0005106642222
49308,1825.0005106642222
49309,1825.0005106642222
49310,1825.0005106642222
49311,1825.0005106642222
49312,1825.0005106642222
49313,1825.0005106642222
49314,1825.0005106642222
49315,1825.0005106642222
49316,1825.0005106642222
49317,1825.0005106642222
49318,1825.0005106642222
49319,1825.0005106642222
49320,1825.0005106642222
49321,1825.0005106642222
49322,1825.0005106642222
49323,1825.0005106642222
49324,1825.0005106642222
49325,1825.0005106642222
49326,1825.0005106642222
49327,1825.0005106642222
49328,1825.0005106642222
49329,1825.0005106642222
49330,1825.0005106642222
49331,1825.0005106642222
49332,1825.0005106642222
49333,1825.0005106642222
49334,1825.0005106642222
49335,1825.0005106642222
49336,1825.0005106642222
49337,1825.0005106642222
49338,1825.0005106642222
49339,1825.0005106642222
49340,1825.0005106642222
49341,1825.0005106642222
49342,1825.0005106642222
49343,1825.0005106642222
49344,1825.0005106642222
49345,1825.0005106642222
49346,1825.0005106642222
49347,1825.0005106642222
49348,1825.0005106642222
49349,1825.0005106642222
49350,1825.0005106642222
49351,1825.0005106642222
49352,1825.0005106642222
49353,1825.0005106642222
49354,1825.0005106642222
49355,1825.0005106642222
49356,1825.0005106642222
49357,1825.0005106642222
49358,1825.0005106642222
49359,1825.0005106642222
49360,1825.0005106642222
49361,1825.0005106642222
49362,1825.0005106642222
49363,1825.0005106642222
49364,1825.0005106642222
49365,1825.0005106642222
49366,1825.0005106642222
49367,1825.0005106642222
49368,1825.0005106642222
49369,1825.0005106642222
49370,1825.0005106642222
49371,1825.0005106642222
49372,1825.0005106642222
49373,1825.0005106642222
49374,1825.0005106642222
49375,1825.0005106642222
49376,1825.0005106642222
49377,1825.0005106642222
49378,1825.0005106642222
49379,1825.0005106642222
49380,1825.0005106642222
49381,1825.0005106642222
49382,1825.0005106642222
49383,1825.0005106642222
49384,1825.0005106642222
49385,1825.0005106642222
49386,1825.0005106642222
49387,1825.0005106642222
49388,1825.0005106642222
49389,1825.0005106642222
49390,1825.0005106642222
49391,1825.0005106642222
49392,1825.0005106642222
49393,1825.0005106642222
49394,1825.0005106642222
49395,1825.0005106642222
49396,1825.0005106642222
49397,1825.0005106642222
49398,1825.0005106642222
49399,1825.0005106642222
49400,1825.0005106642222
49401,1825.0005106642222
49402,1825.0005106642222
49403,1825.0005106642222
49404,1825.0005106642222
49405,1825.0005106642222
49406,1825.0005106642222
49407,1825.0005106642222
49408,1825.0005106642222
49409,1825.0005106642222
49410,1825.0005106642222
49411,1825.0005106642222
49412,1825.0005106642222
49413,1825.0005106642222
49414,1825.0005106642222
49415,1825.0005106642222
49416,1825.0005106642222
49417,1825.0005106642222
49418,1825.0005106642222
49419,1825.0005106642222
49420,1825.0005106642222
49421,1825.0005106642222
49422,1825.0005106642222
49423,1825.0005106642222
49424,1825.0005106642222
49425,1825.0005106642222
49426,1825.0005106642222
49427,1825.0005106642222
49428,1825.0005106642222
49429,1825.0005106642222
49430,1825.0005106642222
49431,1825.0005106642222
49432,1825.0005106642222
49433,1825.0005106642222
49434,1825.0005106642222
49435,1825.0005106642222
49436,1825.0005106642222
49437,1825.0005106642222
49438,1825.0005106642222
49439,1825.0005106642222
49440,1825.0005106642222
49441,1825.0005106642222
49442,1825.0005106642222
49443,1825.0005106642222
49444,1825.0005106642222
49445,1825.0005106642222
49446,1825.0005106642222
49447,1825.0005106642222
49448,1825.0005106642222
49449,1825.0005106642222
49450,1825.0005106642222
49451,1825.0005106642222
49452,1825.0005106642222
49453,1825.0005106642222
49454,1825.0005106642222
49455,1825.0005106642222
49456,1825.0005106642222
49457,1825.0005106642222
49458,1825.0005106642222
49459,1825.0005106642222
49460,1825.0005106642222
49461,1825.0005106642222
49462,1825.0005106642222
49463,1825.0005106642222
49464,1825.0005106642222
49465,1825.0005106642222
49466,1825.0005106642222
49467,1825.0005106642222
49468,1825.0005106642222
49469,1825.0005106642222
49470,1825.0005106642222
49471,1825.0005106642222
49472,1825.0005106642222
49473,1825.0005106642222
49474,1825.0005106642222
49475,1825.0005106642222
49476,1825.0005106642222
49477,1825.0005106642222
49478,1825.0005106642222
49479,1825.0005106642222
49480,1825.0005106642222
49481,1825.0005106642222
49482,1825.0005106642222
49483,1825.0005106642222
49484,1825.0005106642222
49485,1825.0005106642222
49486,1825.0005106642222
49487,1825.0005106642222
49488,1825.0005106642222
49489,1825.0005106642222
49490,1825.0005106642222
49491,1825.0005106642222
49492,1825.0005106642222
49493,1825.0005106642222
49494,1825.0005106642222
49495,1825.0005106642222
49496,1825.0005106642222
49497,1825.0005106642222
49498,1825.0005106642222
49499,1825.0005106642222
49500,1825.0005106642222
49501,1825.0005106642222
49502,1825.0005106642222
49503,1825.0005106642222
49504,1825.0005106642222
49505,1825.0005106642222
49506,1825.0005106642222
49507,1825.0005106642222
49508,1825.0005106642222
49509,1825.0005106642222
49510,1825.0005106642222
49511,1825.0005106642222
49512,1825.0005106642222
49513,1825.0005106642222
49514,1825.0005106642222
49515,1825.0005106642222
49516,1825.0005106642222
49517,1825.0005106642222
49518,1825.0005106642222
49519,1825.0005106642222
49520,1825.0005106642222
49521,1825.0005106642222
49522,1825.0005106642222
49523,1825.0005106642222
49524,1825.0005106642222
49525,1825.0005106642222
49526,1825.0005106642222
49527,1825.0005106642222
49528,1825.0005106642222
49529,1825.0005106642222
49530,1825.0005106642222
49531,1825.0005106642222
49532,1825.0005106642222
49533,1825.0005106642222
49534,1825.0005106642222
49535,1825.0005106642222
49536,1825.0005106642222
49537,1825.0005106642222
49538,1825.0005106642222
49539,1825.0005106642222
49540,1825.0005106642222
49541,1825.0005106642222
49542,1825.0005106642222
49543,1825.0005106642222
49544,1825.0005106642222
49545,1825.0005106642222
49546,1825.0005106642222
49547,1825.0005106642222
49548,1825.0005106642222
49549,1825.0005106642222
49550,1825.0005106642222
49551,1825.0005106642222
49552,1825.0005106642222
49553,1825.0005106642222
49554,1825.0005106642222
49555,1825.0005106642222
49556,1825.0005106642222
49557,1825.0005106642222
49558,1825.0005106642222
49559,1825.0005106642222
49560,1825.0005106642222
49561,1825.0005106642222
49562,1825.0005106642222
49563,1825.0005106642222
49564,1825.0005106642222
49565,1825.0005106642222
49566,1825.0005106642222
49567,1825.0005106642222
49568,1825.0005106642222
49569,1825.0005106642222
49570,1825.0005106642222
49571,1825.0005106642222
49572,1825.0005106642222
49573,1825.0005106642222
49574,1825.0005106642222
49575,1825.0005106642222
49576,1825.0005106642222
49577,1825.0005106642222
49578,1825.0005106642222
49579,1825.0005106642222
49580,1825.0005106642222
49581,1825.0005106642222
49582,1825.0005106642222
49583,1825.0005106642222
49584,1825.0005106642222
49585,1825.0005106642222
49586,1825.0005106642222
49587,1825.0005106642222
49588,1825.0005106642222
49589,1825.0005106642222
49590,1825.0005106642222
49591,1825.0005106642222
49592,1825.0005106642222
49593,1825.0005106642222
49594,1825.0005106642222
49595,1825.0005106642222
49596,1825.0005106642222
49597,1825.0005106642222
49598,1825.0005106642222
49599,1825.0005106642222
49600,1825.0005106642222
49601,1825.0005106642222
49602,1825.0005106642222
49603,1825.0005106642222
49604,1825.0005106642222
49605,1825.0005106642222
49606,1825.0005106642222
49607,1825.0005106642222
49608,1825.0005106642222
49609,1825.0005106642222
49610,1825.0005106642222
49611,1825.0005106642222
49612,1825.0005106642222
49613,1825.0005106642222
49614,1825.0005106642222
49615,1825.0005106642222
49616,1825.0005106642222
49617,1825.0005106642222
49618,1825.0005106642222
49619,1825.0005106642222
49620,1825.0005106642222
49621,1825.0005106642222
49622,1825.0005106642222
49623,1825.0005106642222
49624,1825.0005106642222
49625,1825.0005106642222
49626,1825.0005106642222
49627,1825.0005106642222
49628,1825.0005106642222
49629,1825.0005106642222
49630,1825.0005106642222
49631,1825.0005106642222
49632,1825.0005106642222
49633,1825.0005106642222
49634,1825.0005106642222
49635,1825.0005106642222
49636,1825.0005106642222
49637,1825.0005106642222
49638,1825.0005106642222
49639,1825.0005106642222
49640,1825.0005106642222
49641,1825.0005106642222
49642,1825.0005106642222
49643,1825.0005106642222
49644,1825.0005106642222
49645,1825.0005106642222
49646,1825.0005106642222
49647,1825.0005106642222
49648,1825.0005106642222
49649,1825.0005106642222
49650,1825.0005106642222
49651,1825.0005106642222
49652,1825.0005106642222
49653,1825.0005106642222
49654,1825.0005106642222
49655,1825.0005106642222
49656,1825.0005106642222
49657,1825.0005106642222
49658,1825.0005106642222
49659,1825.0005106642222
49660,1825.0005106642222
49661,1825.0005106642222
49662,1825.0005106642222
49663,1825.0005106642222
49664,1825.0005106642222
49665,1825.0005106642222
49666,1825.0005106642222
49667,1825.0005106642222
49668,1825.0005106642222
49669,1825.0005106642222
49670,1825.0005106642222
49671,1825.0005106642222
49672,1825.0005106642222
49673,1825.0005106642222
49674,1825.0005106642222
49675,1825.0005106642222
49676,1825.0005106642222
49677,1825.0005106642222
49678,1825.0005106642222
49679,1825.0005106642222
49680,1825.0005106642222
49681,1825.0005106642222
49682,1825.0005106642222
49683,1825.0005106642222
49684,1825.0005106642222
49685,1825.0005106642222
49686,1825.0005106642222
49687,1825.0005106642222
49688,1825.0005106642222
49689,1825.0005106642222
49690,1825.0005106642222
49691,1825.0005106642222
49692,1825.0005106642222
49693,1825.0005106642222
49694,1825.0005106642222
49695,1825.0005106642222
49696,1825.0005106642222
49697,1825.0005106642222
49698,1825.0005106642222
49699,1825.0005106642222
49700,1825.0005106642222
49701,1825.0005106642222
49702,1825.0005106642222
49703,1825.0005106642222
49704,1825.0005106642222
49705,1825.0005106642222
49706,1825.0005106642222
49707,1825.0005106642222
49708,1825.0005106642222
49709,1825.0005106642222
49710,1825.0005106642222
49711,1825.0005106642222
49712,1825.0005106642222
49713,1825.0005106642222
49714,1825.0005106642222
49715,1825.0005106642222
49716,1825.0005106642222
49717,1825.0005106642222
49718,1825.0005106642222
49719,1825.0005106642222
49720,1825.0005106642222
49721,1825.0005106642222
49722,1825.0005106642222
49723,1825.0005106642222
49724,1825.0005106642222
49725,1825.0005106642222
49726,1825.0005106642222
49727,1825.0005106642222
49728,1825.0005106642222
49729,1825.0005106642222
49730,1825.0005106642222
49731,1825.0005106642222
49732,1825.0005106642222
49733,1825.0005106642222
49734,1825.0005106642222
49735,1825.0005106642222
49736,1825.0005106642222
49737,1825.0005106642222
49738,1825.0005106642222
49739,1825.0005106642222
49740,1825.0005106642222
49741,1825.0005106642222
49742,1825.0005106642222
49743,1825.0005106642222
49744,1825.0005106642222
49745,1825.0005106642222
49746,1825.0005106642222
49747,1825.0005106642222
49748,1825.0005106642222
49749,1825.0005106642222
49750,1825.0005106642222
49751,1825.0005106642222
49752,1825.0005106642222
49753,1825.0005106642222
49754,1825.0005106642222
49755,1825.0005106642222
49756,1825.0005106642222
49757,1825.0005106642222
49758,1825.0005106642222
49759,1825.0005106642222
49760,1825.0005106642222
49761,1825.0005106642222
49762,1825.0005106642222
49763,1825.0005106642222
49764,1825.0005106642222
49765,1825.0005106642222
49766,1825.0005106642222
49767,1825.0005106642222
49768,1825.0005106642222
49769,1825.0005106642222
49770,1825.0005106642222
49771,1825.0005106642222
49772,1825.0005106642222
49773,1825.0005106642222
49774,1825.0005106642222
49775,1825.0005106642222
49776,1825.0005106642222
49777,1825.0005106642222
49778,1825.0005106642222
49779,1825.0005106642222
49780,1825.0005106642222
49781,1825.0005106642222
49782,1825.0005106642222
49783,1825.0005106642222
49784,1825.0005106642222
49785,1825.0005106642222
49786,1825.0005106642222
49787,1825.0005106642222
49788,1825.0005106642222
49789,1825.0005106642222
49790,1825.0005106642222
49791,1825.0005106642222
49792,1825.0005106642222
49793,1825.0005106642222
49794,1825.0005106642222
49795,1825.0005106642222
49796,1825.0005106642222
49797,1825.0005106642222
49798,1825.0005106642222
49799,1825.0005106642222
49800,1825.0005106642222
49801,1825.0005106642222
49802,1825.0005106642222
49803,1825.0005106642222
49804,1825.0005106642222
49805,1825.0005106642222
49806,1825.0005106642222
49807,1825.0005106642222
49808,1825.0005106642222
49809,1825.0005106642222
49810,1825.0005106642222
49811,1825.0005106642222
49812,1825.0005106642222
49813,1825.0005106642222
49814,1825.0005106642222
49815,1825.0005106642222
49816,1825.0005106642222
49817,1825.0005106642222
49818,1825.0005106642222
49819,1825.0005106642222
49820,1825.0005106642222
49821,1825.0005106642222
49822,1825.0005106642222
49823,1825.0005106642222
49824,1825.0005106642222
49825,1825.0005106642222
49826,1825.0005106642222
49827,1825.0005106642222
49828,1825.0005106642222
49829,1825.0005106642222
49830,1825.0005106642222
49831,1825.0005106642222
49832,1825.0005106642222
49833,1825.0005106642222
49834,1825.0005106642222
49835,1825.0005106642222
49836,1825.0005106642222
49837,1825.0005106642222
49838,1825.0005106642222
49839,1825.0005106642222
49840,1825.0005106642222
49841,1825.0005106642222
49842,1825.0005106642222
49843,1825.0005106642222
49844,1825.0005106642222
49845,1825.0005106642222
49846,1825.0005106642222
49847,1825.0005106642222
49848,1825.0005106642222
49849,1825.0005106642222
49850,1825.0005106642222
49851,1825.0005106642222
49852,1825.0005106642222
49853,1825.0005106642222
49854,1825.0005106642222
49855,1825.0005106642222
49856,1825.0005106642222
49857,1825.0005106642222
49858,1825.0005106642222
49859,1825.0005106642222
49860,1825.0005106642222
49861,1825.0005106642222
49862,1825.0005106642222
49863,1825.0005106642222
49864,1825.0005106642222
49865,1825.0005106642222
49866,1825.0005106642222
49867,1825.0005106642222
49868,1825.0005106642222
49869,1825.0005106642222
49870,1825.0005106642222
49871,1825.0005106642222
49872,1825.0005106642222
49873,1825.0005106642222
49874,1825.0005106642222
49875,1825.0005106642222
49876,1825.0005106642222
49877,1825.0005106642222
49878,1825.0005106642222
49879,1825.0005106642222
49880,1825.0005106642222
49881,1825.0005106642222
49882,1825.0005106642222
49883,1825.0005106642222
49884,1825.0005106642222
49885,1825.0005106642222
49886,1825.0005106642222
49887,1825.0005106642222
49888,1825.0005106642222
49889,1825.0005106642222
49890,1825.0005106642222
49891,1825.0005106642222
49892,1825.0005106642222
49893,1825.0005106642222
49894,1825.0005106642222
49895,1825.0005106642222
49896,1825.0005106642222
49897,1825.0005106642222
49898,1825.0005106642222
49899,1825.0005106642222
49900,1825.0005106642222
49901,1825.0005106642222
49902,1825.0005106642222
49903,1825.0005106642222
49904,1825.0005106642222
49905,1825.0005106642222
49906,1825.0005106642222
49907,1825.0005106642222
49908,1825.0005106642222
49909,1825.0005106642222
49910,1825.0005106642222
49911,1825.0005106642222
49912,1825.0005106642222
49913,1825.0005106642222
49914,1825.0005106642222
49915,1825.0005106642222
49916,1825.0005106642222
49917,1825.0005106642222
49918,1825.0005106642222
49919,1825.0005106642222
49920,1825.0005106642222
49921,1825.0005106642222
49922,1825.0005106642222
49923,1825.0005106642222
49924,1825.0005106642222
49925,1825.0005106642222
49926,1825.0005106642222
49927,1825.0005106642222
49928,1825.0005106642222
49929,1825.0005106642222
49930,1825.0005106642222
49931,1825.0005106642222
49932,1825.0005106642222
49933,1825.0005106642222
49934,1825.0005106642222
49935,1825.0005106642222
49936,1825.0005106642222
49937,1825.0005106642222
49938,1825.0005106642222
49939,1825.0005106642222
49940,1825.0005106642222
49941,1825.0005106642222
49942,1825.0005106642222
49943,1825.0005106642222
49944,1825.0005106642222
49945,1825.0005106642222
49946,1825.0005106642222
49947,1825.0005106642222
49948,1825.0005106642222
49949,1825.0005106642222
49950,1825.0005106642222
49951,1825.0005106642222
49952,1825.0005106642222
49953,1825.0005106642222
49954,1825.0005106642222
49955,1825.0005106642222
49956,1825.0005106642222
49957,1825.0005106642222
49958,1825.0005106642222
49959,1825.0005106642222
49960,1825.0005106642222
49961,1825.0005106642222
49962,1825.0005106642222
49963,1825.0005106642222
49964,1825.0005106642222
49965,1825.0005106642222
49966,1825.0005106642222
49967,1825.0005106642222
49968,1825.0005106642222
49969,1825.0005106642222
49970,1825.0005106642222
49971,1825.0005106642222
49972,1825.0005106642222
49973,1825.0005106642222
49974,1825.0005106642222
49975,1825.0005106642222
49976,1825.0005106642222
49977,1825.0005106642222
49978,1825.0005106642222
49979,1825.0005106642222
49980,1825.0005106642222
49981,1825.0005106642222
49982,1825.0005106642222
49983,1825.0005106642222
49984,1825.0005106642222
49985,1825.0005106642222
49986,1825.0005106642222
49987,1825.0005106642222
49988,1825.0005106642222
49989,1825.0005106642222
49990,1825.0005106642222
49991,1825.0005106642222
49992,1825.0005106642222
49993,1825.0005106642222
49994,1825.0005106642222
49995,1825.0005106642222
49996,1825.0005106642222
49997,1825.0005106642222
49998,1825.0005106642222
49999,1825.0005106642222
50000,1825.0005106642222
50001,1825.0005106642222
50002,1825.0005106642222
50003,1825.0005106642222
50004,1825.0005106642222
50005,1825.0005106642222
50006,1825.0005106642222
50007,1825.0005106642222
50008,1825.0005106642222
50009,1825.0005106642222
50010,1825.0005106642222
50011,1825.0005106642222
50012,1825.0005106642222
50013,1825.0005106642222
50014,1825.0005106642222
50015,1825.0005106642222
50016,1825.0005106642222
50017,1825.0005106642222
50018,1825.0005106642222
50019,1825.0005106642222
50020,1825.0005106642222
50021,1825.0005106642222
50022,1825.0005106642222
50023,1825.0005106642222
50024,1825.0005106642222
50025,1825.0005106642222
50026,1825.0005106642222
50027,1825.0005106642222
50028,1825.0005106642222
50029,1825.0005106642222
50030,1825.0005106642222
50031,1825.0005106642222
50032,1825.0005106642222
50033,1825.0005106642222
50034,1825.0005106642222
50035,1825.0005106642222
50036,1825.0005106642222
50037,1825.0005106642222
50038,1825.0005106642222
50039,1825.0005106642222
50040,1825.0005106642222
50041,1825.0005106642222
50042,1825.0005106642222
50043,1825.0005106642222
50044,1825.0005106642222
50045,1825.0005106642222
50046,1825.0005106642222
50047,1825.0005106642222
50048,1825.0005106642222
50049,1825.0005106642222
50050,1825.0005106642222
50051,1825.0005106642222
50052,1825.0005106642222
50053,1825.0005106642222
50054,1825.0005106642222
50055,1825.0005106642222
50056,1825.0005106642222
50057,1825.0005106642222
50058,1825.0005106642222
50059,1825.0005106642222
50060,1825.0005106642222
50061,1825.0005106642222
50062,1825.0005106642222
50063,1825.0005106642222
50064,1825.0005106642222
50065,1825.0005106642222
50066,1825.0005106642222
50067,1825.0005106642222
50068,1825.0005106642222
50069,1825.0005106642222
50070,1825.0005106642222
50071,1825.0005106642222
50072,1825.0005106642222
50073,1825.0005106642222
50074,1825.0005106642222
50075,1825.0005106642222
50076,1825.0005106642222
50077,1825.0005106642222
50078,1825.0005106642222
50079,1825.0005106642222
50080,1825.0005106642222
50081,1825.0005106642222
50082,1825.0005106642222
50083,1825.0005106642222
50084,1825.0005106642222
50085,1825.0005106642222
50086,1825.0005106642222
50087,1825.0005106642222
50088,1825.0005106642222
50089,1825.0005106642222
50090,1825.0005106642222
50091,1825.0005106642222
50092,1825.0005106642222
50093,1825.0005106642222
50094,1825.0005106642222
50095,1825.0005106642222
50096,1825.0005106642222
50097,1825.0005106642222
50098,1825.0005106642222
50099,1825.0005106642222
50100,1825.0005106642222
50101,1825.0005106642222
50102,1825.0005106642222
50103,1825.0005106642222
50104,1825.0005106642222
50105,1825.0005106642222
50106,1825.0005106642222
50107,1825.0005106642222
50108,1825.0005106642222
50109,1825.0005106642222
50110,1825.0005106642222
50111,1825.0005106642222
50112,1825.0005106642222
50113,1825.0005106642222
50114,1825.0005106642222
50115,1825.0005106642222
50116,1825.0005106642222
50117,1825.0005106642222
50118,1825.0005106642222
50119,1825.0005106642222
50120,1825.0005106642222
50121,1825.0005106642222
50122,1825.0005106642222
50123,1825.0005106642222
50124,1825.0005106642222
50125,1825.0005106642222
50126,1825.0005106642222
50127,1825.0005106642222
50128,1825.0005106642222
50129,1825.0005106642222
50130,1825.0005106642222
50131,1825.0005106642222
50132,1825.0005106642222
50133,1825.0005106642222
50134,1825.0005106642222
50135,1825.0005106642222
50136,1825.0005106642222
50137,1825.0005106642222
50138,1825.0005106642222
50139,1825.0005106642222
50140,1825.0005106642222
50141,1825.0005106642222
50142,1825.0005106642222
50143,1825.0005106642222
50144,1825.0005106642222
50145,1825.0005106642222
50146,1825.0005106642222
50147,1825.0005106642222
50148,1825.0005106642222
50149,1825.0005106642222
50150,1825.0005106642222
50151,1825.0005106642222
50152,1825.0005106642222
50153,1825.0005106642222
50154,1825.0005106642222
50155,1825.0005106642222
50156,1825.0005106642222
50157,1825.0005106642222
50158,1825.0005106642222
50159,1825.0005106642222
50160,1825.0005106642222
50161,1825.0005106642222
50162,1825.0005106642222
50163,1825.0005106642222
50164,1825.0005106642222
50165,1825.0005106642222
50166,1825.0005106642222
50167,1825.0005106642222
50168,1825.0005106642222
50169,1825.0005106642222
50170,1825.0005106642222
50171,1825.0005106642222
50172,1825.0005106642222
50173,1825.0005106642222
50174,1825.0005106642222
50175,1825.0005106642222
50176,1825.0005106642222
50177,1825.0005106642222
50178,1825.0005106642222
50179,1825.0005106642222
50180,1825.0005106642222
50181,1825.0005106642222
50182,1825.0005106642222
50183,1825.0005106642222
50184,1825.0005106642222
50185,1825.0005106642222
50186,1825.0005106642222
50187,1825.0005106642222
50188,1825.0005106642222
50189,1825.0005106642222
50190,1825.0005106642222
50191,1825.0005106642222
50192,1825.0005106642222
50193,1825.0005106642222
50194,1825.0005106642222
50195,1825.0005106642222
50196,1825.0005106642222
50197,1825.0005106642222
50198,1825.0005106642222
50199,1825.0005106642222
50200,1825.0005106642222
50201,1825.0005106642222
50202,1825.0005106642222
50203,1825.0005106642222
50204,1825.0005106642222
50205,1825.0005106642222
50206,1825.0005106642222
50207,1825.0005106642222
50208,1825.0005106642222
50209,1825.0005106642222
50210,1825.0005106642222
50211,1825.0005106642222
50212,1825.0005106642222
50213,1825.0005106642222
50214,1825.0005106642222
50215,1825.0005106642222
50216,1825.0005106642222
50217,1825.0005106642222
50218,1825.0005106642222
50219,1825.0005106642222
50220,1825.0005106642222
50221,1825.0005106642222
50222,1825.0005106642222
50223,1825.0005106642222
50224,1825.0005106642222
50225,1825.0005106642222
50226,1825.0005106642222
50227,1825.0005106642222
50228,1825.0005106642222
50229,1825.0005106642222
50230,1825.0005106642222
50231,1825.0005106642222
50232,1825.0005106642222
50233,1825.0005106642222
50234,1825.0005106642222
50235,1825.0005106642222
50236,1825.0005106642222
50237,1825.0005106642222
50238,1825.0005106642222
50239,1825.0005106642222
50240,1825.0005106642222
50241,1825.0005106642222
50242,1825.0005106642222
50243,1825.0005106642222
50244,1825.0005106642222
50245,1825.0005106642222
50246,1825.0005106642222
50247,1825.0005106642222
50248,1825.0005106642222
50249,1825.0005106642222
50250,1825.0005106642222
50251,1825.0005106642222
50252,1825.0005106642222
50253,1825.0005106642222
50254,1825.0005106642222
50255,1825.0005106642222
50256,1825.0005106642222
50257,1825.0005106642222
50258,1825.0005106642222
50259,1825.0005106642222
50260,1825.0005106642222
50261,1825.0005106642222
50262,1825.0005106642222
50263,1825.0005106642222
50264,1825.0005106642222
50265,1825.0005106642222
50266,1825.0005106642222
50267,1825.0005106642222
50268,1825.0005106642222
50269,1825.0005106642222
50270,1825.0005106642222
50271,1825.0005106642222
50272,1825.0005106642222
50273,1825.0005106642222
50274,1825.0005106642222
50275,1825.0005106642222
50276,1825.0005106642222
50277,1825.0005106642222
50278,1825.0005106642222
50279,1825.0005106642222
50280,1825.0005106642222
50281,1825.0005106642222
50282,1825.0005106642222
50283,1825.0005106642222
50284,1825.0005106642222
50285,1825.0005106642222
50286,1825.0005106642222
50287,1825.0005106642222
50288,1825.0005106642222
50289,1825.0005106642222
50290,1825.0005106642222
50291,1825.0005106642222
50292,1825.0005106642222
50293,1825.0005106642222
50294,1825.0005106642222
50295,1825.0005106642222
50296,1825.0005106642222
50297,1825.0005106642222
50298,1825.0005106642222
50299,1825.0005106642222
50300,1825.0005106642222
50301,1825.0005106642222
50302,1825.0005106642222
50303,1825.0005106642222
50304,1825.0005106642222
50305,1825.0005106642222
50306,1825.0005106642222
50307,1825.0005106642222
50308,1825.0005106642222
50309,1825.0005106642222
50310,1825.0005106642222
50311,1825.0005106642222
50312,1825.0005106642222
50313,1825.0005106642222
50314,1825.0005106642222
50315,1825.0005106642222
50316,1825.0005106642222
50317,1825.0005106642222
50318,1825.0005106642222
50319,1825.0005106642222
50320,1825.0005106642222
50321,1825.0005106642222
50322,1825.0005106642222
50323,1825.0005106642222
50324,1825.0005106642222
50325,1825.0005106642222
50326,1825.0005106642222
50327,1825.0005106642222
50328,1825.0005106642222
50329,1825.0005106642222
50330,1825.0005106642222
50331,1825.0005106642222
50332,1825.0005106642222
50333,1825.0005106642222
50334,1825.0005106642222
50335,1825.0005106642222
50336,1825.0005106642222
50337,1825.0005106642222
50338,1825.0005106642222
50339,1825.0005106642222
50340,1825.0005106642222
50341,1825.0005106642222
50342,1825.0005106642222
50343,1825.0005106642222
50344,1825.0005106642222
50345,1825.0005106642222
50346,1825.0005106642222
50347,1825.0005106642222
50348,1825.0005106642222
50349,1825.0005106642222
50350,1825.0005106642222
50351,1825.0005106642222
50352,1825.0005106642222
50353,1825.0005106642222
50354,1825.0005106642222
50355,1825.0005106642222
50356,1825.0005106642222
50357,1825.0005106642222
50358,1825.0005106642222
50359,1825.0005106642222
50360,1825.0005106642222
50361,1825.0005106642222
50362,1825.0005106642222
50363,1825.0005106642222
50364,1825.0005106642222
50365,1825.0005106642222
50366,1825.0005106642222
50367,1825.0005106642222
50368,1825.0005106642222
50369,1825.0005106642222
50370,1825.0005106642222
50371,1825.0005106642222
50372,1825.0005106642222
50373,1825.0005106642222
50374,1825.0005106642222
50375,1825.0005106642222
50376,1825.0005106642222
50377,1825.0005106642222
50378,1825.0005106642222
50379,1825.0005106642222
50380,1825.0005106642222
50381,1825.0005106642222
50382,1825.0005106642222
50383,1825.0005106642222
50384,1825.0005106642222
50385,1825.0005106642222
50386,1825.0005106642222
50387,1825.0005106642222
50388,1825.0005106642222
50389,1825.0005106642222
50390,1825.0005106642222
50391,1825.0005106642222
50392,1825.0005106642222
50393,1825.0005106642222
50394,1825.0005106642222
50395,1825.0005106642222
50396,1825.0005106642222
50397,1825.0005106642222
50398,1825.0005106642222
50399,1825.0005106642222
50400,1825.0005106642222
50401,1825.0005106642222
50402,1825.0005106642222
50403,1825.0005106642222
50404,1825.0005106642222
50405,1825.0005106642222
50406,1825.0005106642222
50407,1825.0005106642222
50408,1825.0005106642222
50409,1825.0005106642222
50410,1825.0005106642222
50411,1825.0005106642222
50412,1825.0005106642222
50413,1825.0005106642222
50414,1825.0005106642222
50415,1825.0005106642222
50416,1825.0005106642222
50417,1825.0005106642222
50418,1825.0005106642222
50419,1825.0005106642222
50420,1825.0005106642222
50421,1825.0005106642222
50422,1825.0005106642222
50423,1825.0005106642222
50424,1825.0005106642222
50425,1825.0005106642222
50426,1825.0005106642222
50427,1825.0005106642222
50428,1825.0005106642222
50429,1825.0005106642222
50430,1825.0005106642222
50431,1825.0005106642222
50432,1825.0005106642222
50433,1825.0005106642222
50434,1825.0005106642222
50435,1825.0005106642222
50436,1825.0005106642222
50437,1825.0005106642222
50438,1825.0005106642222
50439,1825.0005106642222
50440,1825.0005106642222
50441,1825.0005106642222
50442,1825.0005106642222
50443,1825.0005106642222
50444,1825.0005106642222
50445,1825.0005106642222
50446,1825.0005106642222
50447,1825.0005106642222
50448,1825.0005106642222
50449,1825.0005106642222
50450,1825.0005106642222
50451,1825.0005106642222
50452,1825.0005106642222
50453,1825.0005106642222
50454,1825.0005106642222
50455,1825.0005106642222
50456,1825.0005106642222
50457,1825.0005106642222
50458,1825.0005106642222
50459,1825.0005106642222
50460,1825.0005106642222
50461,1825.0005106642222
50462,1825.0005106642222
50463,1825.0005106642222
50464,1825.0005106642222
50465,1825.0005106642222
50466,1825.0005106642222
50467,1825.0005106642222
50468,1825.0005106642222
50469,1825.0005106642222
50470,1825.0005106642222
50471,1825.0005106642222
50472,1825.0005106642222
50473,1825.0005106642222
50474,1825.0005106642222
50475,1825.0005106642222
50476,1825.0005106642222
50477,1825.0005106642222
50478,1825.0005106642222
50479,1825.0005106642222
50480,1825.0005106642222
50481,1825.0005106642222
50482,1825.0005106642222
50483,1825.0005106642222
50484,1825.0005106642222
50485,1825.0005106642222
50486,1825.0005106642222
50487,1825.0005106642222
50488,1825.0005106642222
50489,1825.0005106642222
50490,1825.0005106642222
50491,1825.0005106642222
50492,1825.0005106642222
50493,1825.0005106642222
50494,1825.0005106642222
50495,1825.0005106642222
50496,1825.0005106642222
50497,1825.0005106642222
50498,1825.0005106642222
50499,1825.0005106642222
50500,1825.0005106642222
50501,1825.0005106642222
50502,1825.0005106642222
50503,1825.0005106642222
50504,1825.0005106642222
50505,1825.0005106642222
50506,1825.0005106642222
50507,1825.0005106642222
50508,1825.0005106642222
50509,1825.0005106642222
50510,1825.0005106642222
50511,1825.0005106642222
50512,1825.0005106642222
50513,1825.0005106642222
50514,1825.0005106642222
50515,1825.0005106642222
50516,1825.0005106642222
50517,1825.0005106642222
50518,1825.0005106642222
50519,1825.0005106642222
50520,1825.0005106642222
50521,1825.0005106642222
50522,1825.0005106642222
50523,1825.0005106642222
50524,1825.0005106642222
50525,1825.0005106642222
50526,1825.0005106642222
50527,1825.0005106642222
50528,1825.0005106642222
50529,1825.0005106642222
50530,1825.0005106642222
50531,1825.0005106642222
50532,1825.0005106642222
50533,1825.0005106642222
50534,1825.0005106642222
50535,1825.0005106642222
50536,1825.0005106642222
50537,1825.0005106642222
50538,1825.0005106642222
50539,1825.0005106642222
50540,1825.0005106642222
50541,1825.0005106642222
50542,1825.0005106642222
50543,1825.0005106642222
50544,1825.0005106642222
50545,1825.0005106642222
50546,1825.0005106642222
50547,1825.0005106642222
50548,1825.0005106642222
50549,1825.0005106642222
50550,1825.0005106642222
50551,1825.0005106642222
50552,1825.0005106642222
50553,1825.0005106642222
50554,1825.0005106642222
50555,1825.0005106642222
50556,1825.0005106642222
50557,1825.0005106642222
50558,1825.0005106642222
50559,1825.0005106642222
50560,1825.0005106642222
50561,1825.0005106642222
50562,1825.0005106642222
50563,1825.0005106642222
50564,1825.0005106642222
50565,1825.0005106642222
50566,1825.0005106642222
50567,1825.0005106642222
50568,1825.0005106642222
50569,1825.0005106642222
50570,1825.0005106642222
50571,1825.0005106642222
50572,1825.0005106642222
50573,1825.0005106642222
50574,1825.0005106642222
50575,1825.0005106642222
50576,1825.0005106642222
50577,1825.0005106642222
50578,1825.0005106642222
50579,1825.0005106642222
50580,1825.0005106642222
50581,1825.0005106642222
50582,1825.0005106642222
50583,1825.0005106642222
50584,1825.0005106642222
50585,1825.0005106642222
50586,1825.0005106642222
50587,1825.0005106642222
50588,1825.0005106642222
50589,1825.0005106642222
50590,1825.0005106642222
50591,1825.0005106642222
50592,1825.0005106642222
50593,1825.0005106642222
50594,1825.0005106642222
50595,1825.0005106642222
50596,1825.0005106642222
50597,1825.0005106642222
50598,1825.0005106642222
50599,1825.0005106642222
50600,1825.0005106642222
50601,1825.0005106642222
50602,1825.0005106642222
50603,1825.0005106642222
50604,1825.0005106642222
50605,1825.0005106642222
50606,1825.0005106642222
50607,1825.0005106642222
50608,1825.0005106642222
50609,1825.0005106642222
50610,1825.0005106642222
50611,1825.0005106642222
50612,1825.0005106642222
50613,1825.0005106642222
50614,1825.0005106642222
50615,1825.0005106642222
50616,1825.0005106642222
50617,1825.0005106642222
50618,1825.0005106642222
50619,1825.0005106642222
50620,1825.0005106642222
50621,1825.0005106642222
50622,1825.0005106642222
50623,1825.0005106642222
50624,1825.0005106642222
50625,1825.0005106642222
50626,1825.0005106642222
50627,1825.0005106642222
50628,1825.0005106642222
50629,1825.0005106642222
50630,1825.0005106642222
50631,1825.0005106642222
50632,1825.0005106642222
50633,1825.0005106642222
50634,1825.0005106642222
50635,1825.0005106642222
50636,1825.0005106642222
50637,1825.0005106642222
50638,1825.0005106642222
50639,1825.0005106642222
50640,1825.0005106642222
50641,1825.0005106642222
50642,1825.0005106642222
50643,1825.0005106642222
50644,1825.0005106642222
50645,1825.0005106642222
50646,1825.0005106642222
50647,1825.0005106642222
50648,1825.0005106642222
50649,1825.0005106642222
50650,1825.0005106642222
50651,1825.0005106642222
50652,1825.0005106642222
50653,1825.0005106642222
50654,1825.0005106642222
50655,1825.0005106642222
50656,1825.0005106642222
50657,1825.0005106642222
50658,1825.0005106642222
50659,1825.0005106642222
50660,1825.0005106642222
50661,1825.0005106642222
50662,1825.0005106642222
50663,1825.0005106642222
50664,1825.0005106642222
50665,1825.0005106642222
50666,1825.0005106642222
50667,1825.0005106642222
50668,1825.0005106642222
50669,1825.0005106642222
50670,1825.0005106642222
50671,1825.0005106642222
50672,1825.0005106642222
50673,1825.0005106642222
50674,1825.0005106642222
50675,1825.0005106642222
50676,1825.0005106642222
50677,1825.0005106642222
50678,1825.0005106642222
50679,1825.0005106642222
50680,1825.0005106642222
50681,1825.0005106642222
50682,1825.0005106642222
50683,1825.0005106642222
50684,1825.0005106642222
50685,1825.0005106642222
50686,1825.0005106642222
50687,1825.0005106642222
50688,1825.0005106642222
50689,1825.0005106642222
50690,1825.0005106642222
50691,1825.0005106642222
50692,1825.0005106642222
50693,1825.0005106642222
50694,1825.0005106642222
50695,1825.0005106642222
50696,1825.0005106642222
50697,1825.0005106642222
50698,1825.0005106642222
50699,1825.0005106642222
50700,1825.0005106642222
50701,1825.0005106642222
50702,1825.0005106642222
50703,1825.0005106642222
50704,1825.0005106642222
50705,1825.0005106642222
50706,1825.0005106642222
50707,1825.0005106642222
50708,1825.0005106642222
50709,1825.0005106642222
50710,1825.0005106642222
50711,1825.0005106642222
50712,1825.0005106642222
50713,1825.0005106642222
50714,1825.0005106642222
50715,1825.0005106642222
50716,1825.0005106642222
50717,1825.0005106642222
50718,1825.0005106642222
50719,1825.0005106642222
50720,1825.0005106642222
50721,1825.0005106642222
50722,1825.0005106642222
50723,1825.0005106642222
50724,1825.0005106642222
50725,1825.0005106642222
50726,1825.0005106642222
50727,1825.0005106642222
50728,1825.0005106642222
50729,1825.0005106642222
50730,1825.0005106642222
50731,1825.0005106642222
50732,1825.0005106642222
50733,1825.0005106642222
50734,1825.0005106642222
50735,1825.0005106642222
50736,1825.0005106642222
50737,1825.0005106642222
50738,1825.0005106642222
50739,1825.0005106642222
50740,1825.0005106642222
50741,1825.0005106642222
50742,1825.0005106642222
50743,1825.0005106642222
50744,1825.0005106642222
50745,1825.0005106642222
50746,1825.0005106642222
50747,1825.0005106642222
50748,1825.0005106642222
50749,1825.0005106642222
50750,1825.0005106642222
50751,1825.0005106642222
50752,1825.0005106642222
50753,1825.0005106642222
50754,1825.0005106642222
50755,1825.0005106642222
50756,1825.0005106642222
50757,1825.0005106642222
50758,1825.0005106642222
50759,1825.0005106642222
50760,1825.0005106642222
50761,1825.0005106642222
50762,1825.0005106642222
50763,1825.0005106642222
50764,1825.0005106642222
50765,1825.0005106642222
50766,1825.0005106642222
50767,1825.0005106642222
50768,1825.0005106642222
50769,1825.0005106642222
50770,1825.0005106642222
50771,1825.0005106642222
50772,1825.0005106642222
50773,1825.0005106642222
50774,1825.0005106642222
50775,1825.0005106642222
50776,1825.0005106642222
50777,1825.0005106642222
50778,1825.0005106642222
50779,1825.0005106642222
50780,1825.0005106642222
50781,1825.0005106642222
50782,1825.0005106642222
50783,1825.0005106642222
50784,1825.0005106642222
50785,1825.0005106642222
50786,1825.0005106642222
50787,1825.0005106642222
50788,1825.0005106642222
50789,1825.0005106642222
50790,1825.0005106642222
50791,1825.0005106642222
50792,1825.0005106642222
50793,1825.0005106642222
50794,1825.0005106642222
50795,1825.0005106642222
50796,1825.0005106642222
50797,1825.0005106642222
50798,1825.0005106642222
50799,1825.0005106642222
50800,1825.0005106642222
50801,1825.0005106642222
50802,1825.0005106642222
50803,1825.0005106642222
50804,1825.0005106642222
50805,1825.0005106642222
50806,1825.0005106642222
50807,1825.0005106642222
50808,1825.0005106642222
50809,1825.0005106642222
50810,1825.0005106642222
50811,1825.0005106642222
50812,1825.0005106642222
50813,1825.0005106642222
50814,1825.0005106642222
50815,1825.0005106642222
50816,1825.0005106642222
50817,1825.0005106642222
50818,1825.0005106642222
50819,1825.0005106642222
50820,1825.0005106642222
50821,1825.0005106642222
50822,1825.0005106642222
50823,1825.0005106642222
50824,1825.0005106642222
50825,1825.0005106642222
50826,1825.0005106642222
50827,1825.0005106642222
50828,1825.0005106642222
50829,1825.0005106642222
50830,1825.0005106642222
50831,1825.0005106642222
50832,1825.0005106642222
50833,1825.0005106642222
50834,1825.0005106642222
50835,1825.0005106642222
50836,1825.0005106642222
50837,1825.0005106642222
50838,1825.0005106642222
50839,1825.0005106642222
50840,1825.0005106642222
50841,1825.0005106642222
50842,1825.0005106642222
50843,1825.0005106642222
50844,1825.0005106642222
50845,1825.0005106642222
50846,1825.0005106642222
50847,1825.0005106642222
50848,1825.0005106642222
50849,1825.0005106642222
50850,1825.0005106642222
50851,1825.0005106642222
50852,1825.0005106642222
50853,1825.0005106642222
50854,1825.0005106642222
50855,1825.0005106642222
50856,1825.0005106642222
50857,1825.0005106642222
50858,1825.0005106642222
50859,1825.0005106642222
50860,1825.0005106642222
50861,1825.0005106642222
50862,1825.0005106642222
50863,1825.0005106642222
50864,1825.0005106642222
50865,1825.0005106642222
50866,1825.0005106642222
50867,1825.0005106642222
50868,1825.0005106642222
50869,1825.0005106642222
50870,1825.0005106642222
50871,1825.0005106642222
50872,1825.0005106642222
50873,1825.0005106642222
50874,1825.0005106642222
50875,1825.0005106642222
50876,1825.0005106642222
50877,1825.0005106642222
50878,1825.0005106642222
50879,1825.0005106642222
50880,1825.0005106642222
50881,1825.0005106642222
50882,1825.0005106642222
50883,1825.0005106642222
50884,1825.0005106642222
50885,1825.0005106642222
50886,1825.0005106642222
50887,1825.0005106642222
50888,1825.0005106642222
50889,1825.0005106642222
50890,1825.0005106642222
50891,1825.0005106642222
50892,1825.0005106642222
50893,1825.0005106642222
50894,1825.0005106642222
50895,1825.0005106642222
50896,1825.0005106642222
50897,1825.0005106642222
50898,1825.0005106642222
50899,1825.0005106642222
50900,1825.0005106642222
50901,1825.0005106642222
50902,1825.0005106642222
50903,1825.0005106642222
50904,1825.0005106642222
50905,1825.0005106642222
50906,1825.0005106642222
50907,1825.0005106642222
50908,1825.0005106642222
50909,1825.0005106642222
50910,1825.0005106642222
50911,1825.0005106642222
50912,1825.0005106642222
50913,1825.0005106642222
50914,1825.0005106642222
50915,1825.0005106642222
50916,1825.0005106642222
50917,1825.0005106642222
50918,1825.0005106642222
50919,1825.0005106642222
50920,1825.0005106642222
50921,1825.0005106642222
50922,1825.0005106642222
50923,1825.0005106642222
50924,1825.0005106642222
50925,1825.0005106642222
50926,1825.0005106642222
50927,1825.0005106642222
50928,1825.0005106642222
50929,1825.0005106642222
50930,1825.0005106642222
50931,1825.0005106642222
50932,1825.0005106642222
50933,1825.0005106642222
50934,1825.0005106642222
50935,1825.0005106642222
50936,1825.0005106642222
50937,1825.0005106642222
50938,1825.0005106642222
50939,1825.0005106642222
50940,1825.0005106642222
50941,1825.0005106642222
50942,1825.0005106642222
50943,1825.0005106642222
50944,1825.0005106642222
50945,1825.0005106642222
50946,1825.0005106642222
50947,1825.0005106642222
50948,1825.0005106642222
50949,1825.0005106642222
50950,1825.0005106642222
50951,1825.0005106642222
50952,1825.0005106642222
50953,1825.0005106642222
50954,1825.0005106642222
50955,1825.0005106642222
50956,1825.0005106642222
50957,1825.0005106642222
50958,1825.0005106642222
50959,1825.0005106642222
50960,1825.0005106642222
50961,1825.0005106642222
50962,1825.0005106642222
50963,1825.0005106642222
50964,1825.0005106642222
50965,1825.0005106642222
50966,1825.0005106642222
50967,1825.0005106642222
50968,1825.0005106642222
50969,1825.0005106642222
50970,1825.0005106642222
50971,1825.0005106642222
50972,1825.0005106642222
50973,1825.0005106642222
50974,1825.0005106642222
50975,1825.0005106642222
50976,1825.0005106642222
50977,1825.0005106642222
50978,1825.0005106642222
50979,1825.0005106642222
50980,1825.0005106642222
50981,1825.0005106642222
50982,1825.0005106642222
50983,1825.0005106642222
50984,1825.0005106642222
50985,1825.0005106642222
50986,1825.0005106642222
50987,1825.0005106642222
50988,1825.0005106642222
50989,1825.0005106642222
50990,1825.0005106642222
50991,1825.0005106642222
50992,1825.0005106642222
50993,1825.0005106642222
50994,1825.0005106642222
50995,1825.0005106642222
50996,1825.0005106642222
50997,1825.0005106642222
50998,1825.0005106642222
50999,1825.0005106642222
51000,1825.0005106642222
51001,1825.0005106642222
51002,1825.0005106642222
51003,1825.0005106642222
51004,1825.0005106642222
51005,1825.0005106642222
51006,1825.0005106642222
51007,1825.0005106642222
51008,1825.0005106642222
51009,1825.0005106642222
51010,1825.0005106642222
51011,1825.0005106642222
51012,1825.0005106642222
51013,1825.0005106642222
51014,1825.0005106642222
51015,1825.0005106642222
51016,1825.0005106642222
51017,1825.0005106642222
51018,1825.0005106642222
51019,1825.0005106642222
51020,1825.0005106642222
51021,1825.0005106642222
51022,1825.0005106642222
51023,1825.0005106642222
51024,1825.0005106642222
51025,1825.0005106642222
51026,1825.0005106642222
51027,1825.0005106642222
51028,1825.0005106642222
51029,1825.0005106642222
51030,1825.0005106642222
51031,1825.0005106642222
51032,1825.0005106642222
51033,1825.0005106642222
51034,1825.0005106642222
51035,1825.0005106642222
51036,1825.0005106642222
51037,1825.0005106642222
51038,1825.0005106642222
51039,1825.0005106642222
51040,1825.0005106642222
51041,1825.0005106642222
51042,1825.0005106642222
51043,1825.0005106642222
51044,1825.0005106642222
51045,1825.0005106642222
51046,1825.0005106642222
51047,1825.0005106642222
51048,1825.0005106642222
51049,1825.0005106642222
51050,1825.0005106642222
51051,1825.0005106642222
51052,1825.0005106642222
51053,1825.0005106642222
51054,1825.0005106642222
51055,1825.0005106642222
51056,1825.0005106642222
51057,1825.0005106642222
51058,1825.0005106642222
51059,1825.0005106642222
51060,1825.0005106642222
51061,1825.0005106642222
51062,1825.0005106642222
51063,1825.0005106642222
51064,1825.0005106642222
51065,1825.0005106642222
51066,1825.0005106642222
51067,1825.0005106642222
51068,1825.0005106642222
51069,1825.0005106642222
51070,1825.0005106642222
51071,1825.0005106642222
51072,1825.0005106642222
51073,1825.0005106642222
51074,1825.0005106642222
51075,1825.0005106642222
51076,1825.0005106642222
51077,1825.0005106642222
51078,1825.0005106642222
51079,1825.0005106642222
51080,1825.0005106642222
51081,1825.0005106642222
51082,1825.0005106642222
51083,1825.0005106642222
51084,1825.0005106642222
51085,1825.0005106642222
51086,1825.0005106642222
51087,1825.0005106642222
51088,1825.0005106642222
51089,1825.0005106642222
51090,1825.0005106642222
51091,1825.0005106642222
51092,1825.0005106642222
51093,1825.0005106642222
51094,1825.0005106642222
51095,1825.0005106642222
51096,1825.0005106642222
51097,1825.0005106642222
51098,1825.0005106642222
51099,1825.0005106642222
51100,1825.0005106642222
51101,1825.0005106642222
51102,1825.0005106642222
51103,1825.0005106642222
51104,1825.0005106642222
51105,1825.0005106642222
51106,1825.0005106642222
51107,1825.0005106642222
51108,1825.0005106642222
51109,1825.0005106642222
51110,1825.0005106642222
51111,1825.0005106642222
51112,1825.0005106642222
51113,1825.0005106642222
51114,1825.0005106642222
51115,1825.0005106642222
51116,1825.0005106642222
51117,1825.0005106642222
51118,1825.0005106642222
51119,1825.0005106642222
51120,1825.0005106642222
51121,1825.0005106642222
51122,1825.0005106642222
51123,1825.0005106642222
51124,1825.0005106642222
51125,1825.0005106642222
51126,1825.0005106642222
51127,1825.0005106642222
51128,1825.0005106642222
51129,1825.0005106642222
51130,1825.0005106642222
51131,1825.0005106642222
51132,1825.0005106642222
51133,1825.0005106642222
51134,1825.0005106642222
51135,1825.0005106642222
51136,1825.0005106642222
51137,1825.0005106642222
51138,1825.0005106642222
51139,1825.0005106642222
51140,1825.0005106642222
51141,1825.0005106642222
51142,1825.0005106642222
51143,1825.0005106642222
51144,1825.0005106642222
51145,1825.0005106642222
51146,1825.0005106642222
51147,1825.0005106642222
51148,1825.0005106642222
51149,1825.0005106642222
51150,1825.0005106642222
51151,1825.0005106642222
51152,1825.0005106642222
51153,1825.0005106642222
51154,1825.0005106642222
51155,1825.0005106642222
51156,1825.0005106642222
51157,1825.0005106642222
51158,1825.0005106642222
51159,1825.0005106642222
51160,1825.0005106642222
51161,1825.0005106642222
51162,1825.0005106642222
51163,1825.0005106642222
51164,1825.0005106642222
51165,1825.0005106642222
51166,1825.0005106642222
51167,1825.0005106642222
51168,1825.0005106642222
51169,1825.0005106642222
51170,1825.0005106642222
51171,1825.0005106642222
51172,1825.0005106642222
51173,1825.0005106642222
51174,1825.0005106642222
51175,1825.0005106642222
51176,1825.0005106642222
51177,1825.0005106642222
51178,1825.0005106642222
51179,1825.0005106642222
51180,1825.0005106642222
51181,1825.0005106642222
51182,1825.0005106642222
51183,1825.0005106642222
51184,1825.0005106642222
51185,1825.0005106642222
51186,1825.0005106642222
51187,1825.0005106642222
51188,1825.0005106642222
51189,1825.0005106642222
51190,1825.0005106642222
51191,1825.0005106642222
51192,1825.0005106642222
51193,1825.0005106642222
51194,1825.0005106642222
51195,1825.0005106642222
51196,1825.0005106642222
51197,1825.0005106642222
51198,1825.0005106642222
51199,1825.0005106642222
51200,1825.0005106642222
51201,1825.0005106642222
51202,1825.0005106642222
51203,1825.0005106642222
51204,1825.0005106642222
51205,1825.0005106642222
51206,1825.0005106642222
51207,1825.0005106642222
51208,1825.0005106642222
51209,1825.0005106642222
51210,1825.0005106642222
51211,1825.0005106642222
51212,1825.0005106642222
51213,1825.0005106642222
51214,1825.0005106642222
51215,1825.0005106642222
51216,1825.0005106642222
51217,1825.0005106642222
51218,1825.0005106642222
51219,1825.0005106642222
51220,1825.0005106642222
51221,1825.0005106642222
51222,1825.0005106642222
51223,1825.0005106642222
51224,1825.0005106642222
51225,1825.0005106642222
51226,1825.0005106642222
51227,1825.0005106642222
51228,1825.0005106642222
51229,1825.0005106642222
51230,1825.0005106642222
51231,1825.0005106642222
51232,1825.0005106642222
51233,1825.0005106642222
51234,1825.0005106642222
51235,1825.0005106642222
51236,1825.0005106642222
51237,1825.0005106642222
51238,1825.0005106642222
51239,1825.0005106642222
51240,1825.0005106642222
51241,1825.0005106642222
51242,1825.0005106642222
51243,1825.0005106642222
51244,1825.0005106642222
51245,1825.0005106642222
51246,1825.0005106642222
51247,1825.0005106642222
51248,1825.0005106642222
51249,1825.0005106642222
51250,1825.0005106642222
51251,1825.0005106642222
51252,1825.0005106642222
51253,1825.0005106642222
51254,1825.0005106642222
51255,1825.0005106642222
51256,1825.0005106642222
51257,1825.0005106642222
51258,1825.0005106642222
51259,1825.0005106642222
51260,1825.0005106642222
51261,1825.0005106642222
51262,1825.0005106642222
51263,1825.0005106642222
51264,1825.0005106642222
51265,1825.0005106642222
51266,1825.0005106642222
51267,1825.0005106642222
51268,1825.0005106642222
51269,1825.0005106642222
51270,1825.0005106642222
51271,1825.0005106642222
51272,1825.0005106642222
51273,1825.0005106642222
51274,1825.0005106642222
51275,1825.0005106642222
51276,1825.0005106642222
51277,1825.0005106642222
51278,1825.0005106642222
51279,1825.0005106642222
51280,1825.0005106642222
51281,1825.0005106642222
51282,1825.0005106642222
51283,1825.0005106642222
51284,1825.0005106642222
51285,1825.0005106642222
51286,1825.0005106642222
51287,1825.0005106642222
51288,1825.0005106642222
51289,1825.0005106642222
51290,1825.0005106642222
51291,1825.0005106642222
51292,1825.0005106642222
51293,1825.0005106642222
51294,1825.0005106642222
51295,1825.0005106642222
51296,1825.0005106642222
51297,1825.0005106642222
51298,1825.0005106642222
51299,1825.0005106642222
51300,1825.0005106642222
51301,1825.0005106642222
51302,1825.0005106642222
51303,1825.0005106642222
51304,1825.0005106642222
51305,1825.0005106642222
51306,1825.0005106642222
51307,1825.0005106642222
51308,1825.0005106642222
51309,1825.0005106642222
51310,1825.0005106642222
51311,1825.0005106642222
51312,1825.0005106642222
51313,1825.0005106642222
51314,1825.0005106642222
51315,1825.0005106642222
51316,1825.0005106642222
51317,1825.0005106642222
51318,1825.0005106642222
51319,1825.0005106642222
51320,1825.0005106642222
51321,1825.0005106642222
51322,1825.0005106642222
51323,1825.0005106642222
51324,1825.0005106642222
51325,1825.0005106642222
51326,1825.0005106642222
51327,1825.0005106642222
51328,1825.0005106642222
51329,1825.0005106642222
51330,1825.0005106642222
51331,1825.0005106642222
51332,1825.0005106642222
51333,1825.0005106642222
51334,1825.0005106642222
51335,1825.0005106642222
51336,1825.0005106642222
51337,1825.0005106642222
51338,1825.0005106642222
51339,1825.0005106642222
51340,1825.0005106642222
51341,1825.0005106642222
51342,1825.0005106642222
51343,1825.0005106642222
51344,1825.0005106642222
51345,1825.0005106642222
51346,1825.0005106642222
51347,1825.0005106642222
51348,1825.0005106642222
51349,1825.0005106642222
51350,1825.0005106642222
51351,1825.0005106642222
51352,1825.0005106642222
51353,1825.0005106642222
51354,1825.0005106642222
51355,1825.0005106642222
51356,1825.0005106642222
51357,1825.0005106642222
51358,1825.0005106642222
51359,1825.0005106642222
51360,1825.0005106642222
51361,1825.0005106642222
51362,1825.0005106642222
51363,1825.0005106642222
51364,1825.0005106642222
51365,1825.0005106642222
51366,1825.0005106642222
51367,1825.0005106642222
51368,1825.0005106642222
51369,1825.0005106642222
51370,1825.0005106642222
51371,1825.0005106642222
51372,1825.0005106642222
51373,1825.0005106642222
51374,1825.0005106642222
51375,1825.0005106642222
51376,1825.0005106642222
51377,1825.0005106642222
51378,1825.0005106642222
51379,1825.0005106642222
51380,1825.0005106642222
51381,1825.0005106642222
51382,1825.0005106642222
51383,1825.0005106642222
51384,1825.0005106642222
51385,1825.0005106642222
51386,1825.0005106642222
51387,1825.0005106642222
51388,1825.0005106642222
51389,1825.0005106642222
51390,1825.0005106642222
51391,1825.0005106642222
51392,1825.0005106642222
51393,1825.0005106642222
51394,1825.0005106642222
51395,1825.0005106642222
51396,1825.0005106642222
51397,1825.0005106642222
51398,1825.0005106642222
51399,1825.0005106642222
51400,1825.0005106642222
51401,1825.0005106642222
51402,1825.0005106642222
51403,1825.0005106642222
51404,1825.0005106642222
51405,1825.0005106642222
51406,1825.0005106642222
51407,1825.0005106642222
51408,1825.0005106642222
51409,1825.0005106642222
51410,1825.0005106642222
51411,1825.0005106642222
51412,1825.0005106642222
51413,1825.0005106642222
51414,1825.0005106642222
51415,1825.0005106642222
51416,1825.0005106642222
51417,1825.0005106642222
51418,1825.0005106642222
51419,1825.0005106642222
51420,1825.0005106642222
51421,1825.0005106642222
51422,1825.0005106642222
51423,1825.0005106642222
51424,1825.0005106642222
51425,1825.0005106642222
51426,1825.0005106642222
51427,1825.0005106642222
51428,1825.0005106642222
51429,1825.0005106642222
51430,1825.0005106642222
51431,1825.0005106642222
51432,1825.0005106642222
51433,1825.0005106642222
51434,1825.0005106642222
51435,1825.0005106642222
51436,1825.0005106642222
51437,1825.0005106642222
51438,1825.0005106642222
51439,1825.0005106642222
51440,1825.0005106642222
51441,1825.0005106642222
51442,1825.0005106642222
51443,1825.0005106642222
51444,1825.0005106642222
51445,1825.0005106642222
51446,1825.0005106642222
51447,1825.0005106642222
51448,1825.0005106642222
51449,1825.0005106642222
51450,1825.0005106642222
51451,1825.0005106642222
51452,1825.0005106642222
51453,1825.0005106642222
51454,1825.0005106642222
51455,1825.0005106642222
51456,1825.0005106642222
51457,1825.0005106642222
51458,1825.0005106642222
51459,1825.0005106642222
51460,1825.0005106642222
51461,1825.0005106642222
51462,1825.0005106642222
51463,1825.0005106642222
51464,1825.0005106642222
51465,1825.0005106642222
51466,1825.0005106642222
51467,1825.0005106642222
51468,1825.0005106642222
51469,1825.0005106642222
51470,1825.0005106642222
51471,1825.0005106642222
51472,1825.0005106642222
51473,1825.0005106642222
51474,1825.0005106642222
51475,1825.0005106642222
51476,1825.0005106642222
51477,1825.0005106642222
51478,1825.0005106642222
51479,1825.0005106642222
51480,1825.0005106642222
51481,1825.0005106642222
51482,1825.0005106642222
51483,1825.0005106642222
51484,1825.0005106642222
51485,1825.0005106642222
51486,1825.0005106642222
51487,1825.0005106642222
51488,1825.0005106642222
51489,1825.0005106642222
51490,1825.0005106642222
51491,1825.0005106642222
51492,1825.0005106642222
51493,1825.0005106642222
51494,1825.0005106642222
51495,1825.0005106642222
51496,1825.0005106642222
51497,1825.0005106642222
51498,1825.0005106642222
51499,1825.0005106642222
51500,1825.0005106642222
51501,1825.0005106642222
51502,1825.0005106642222
51503,1825.0005106642222
51504,1825.0005106642222
51505,1825.0005106642222
51506,1825.0005106642222
51507,1825.0005106642222
51508,1825.0005106642222
51509,1825.0005106642222
51510,1825.0005106642222
51511,1825.0005106642222
51512,1825.0005106642222
51513,1825.0005106642222
51514,1825.0005106642222
51515,1825.0005106642222
51516,1825.0005106642222
51517,1825.0005106642222
51518,1825.0005106642222
51519,1825.0005106642222
51520,1825.0005106642222
51521,1825.0005106642222
51522,1825.0005106642222
51523,1825.0005106642222
51524,1825.0005106642222
51525,1825.0005106642222
51526,1825.0005106642222
51527,1825.0005106642222
51528,1825.0005106642222
51529,1825.0005106642222
51530,1825.0005106642222
51531,1825.0005106642222
51532,1825.0005106642222
51533,1825.0005106642222
51534,1825.0005106642222
51535,1825.0005106642222
51536,1825.0005106642222
51537,1825.0005106642222
51538,1825.0005106642222
51539,1825.0005106642222
51540,1825.0005106642222
51541,1825.0005106642222
51542,1825.0005106642222
51543,1825.0005106642222
51544,1825.0005106642222
51545,1825.0005106642222
51546,1825.0005106642222
51547,1825.0005106642222
51548,1825.0005106642222
51549,1825.0005106642222
51550,1825.0005106642222
51551,1825.0005106642222
51552,1825.0005106642222
51553,1825.0005106642222
51554,1825.0005106642222
51555,1825.0005106642222
51556,1825.0005106642222
51557,1825.0005106642222
51558,1825.0005106642222
51559,1825.0005106642222
51560,1825.0005106642222
51561,1825.0005106642222
51562,1825.0005106642222
51563,1825.0005106642222
51564,1825.0005106642222
51565,1825.0005106642222
51566,1825.0005106642222
51567,1825.0005106642222
51568,1825.0005106642222
51569,1825.0005106642222
51570,1825.0005106642222
51571,1825.0005106642222
51572,1825.0005106642222
51573,1825.0005106642222
51574,1825.0005106642222
51575,1825.0005106642222
51576,1825.0005106642222
51577,1825.0005106642222
51578,1825.0005106642222
51579,1825.0005106642222
51580,1825.0005106642222
51581,1825.0005106642222
51582,1825.0005106642222
51583,1825.0005106642222
51584,1825.0005106642222
51585,1825.0005106642222
51586,1825.0005106642222
51587,1825.0005106642222
51588,1825.0005106642222
51589,1825.0005106642222
51590,1825.0005106642222
51591,1825.0005106642222
51592,1825.0005106642222
51593,1825.0005106642222
51594,1825.0005106642222
51595,1825.0005106642222
51596,1825.0005106642222
51597,1825.0005106642222
51598,1825.0005106642222
51599,1825.0005106642222
51600,1825.0005106642222
51601,1825.0005106642222
51602,1825.0005106642222
51603,1825.0005106642222
51604,1825.0005106642222
51605,1825.0005106642222
51606,1825.0005106642222
51607,1825.0005106642222
51608,1825.0005106642222
51609,1825.0005106642222
51610,1825.0005106642222
51611,1825.0005106642222
51612,1825.0005106642222
51613,1825.0005106642222
51614,1825.0005106642222
51615,1825.0005106642222
51616,1825.0005106642222
51617,1825.0005106642222
51618,1825.0005106642222
51619,1825.0005106642222
51620,1825.0005106642222
51621,1825.0005106642222
51622,1825.0005106642222
51623,1825.0005106642222
51624,1825.0005106642222
51625,1825.0005106642222
51626,1825.0005106642222
51627,1825.0005106642222
51628,1825.0005106642222
51629,1825.0005106642222
51630,1825.0005106642222
51631,1825.0005106642222
51632,1825.0005106642222
51633,1825.0005106642222
51634,1825.0005106642222
51635,1825.0005106642222
51636,1825.0005106642222
51637,1825.0005106642222
51638,1825.0005106642222
51639,1825.0005106642222
51640,1825.0005106642222
51641,1825.0005106642222
51642,1825.0005106642222
51643,1825.0005106642222
51644,1825.0005106642222
51645,1825.0005106642222
51646,1825.0005106642222
51647,1825.0005106642222
51648,1825.0005106642222
51649,1825.0005106642222
51650,1825.0005106642222
51651,1825.0005106642222
51652,1825.0005106642222
51653,1825.0005106642222
51654,1825.0005106642222
51655,1825.0005106642222
51656,1825.0005106642222
51657,1825.0005106642222
51658,1825.0005106642222
51659,1825.0005106642222
51660,1825.0005106642222
51661,1825.0005106642222
51662,1825.0005106642222
51663,1825.0005106642222
51664,1825.0005106642222
51665,1825.0005106642222
51666,1825.0005106642222
51667,1825.0005106642222
51668,1825.0005106642222
51669,1825.0005106642222
51670,1825.0005106642222
51671,1825.0005106642222
51672,1825.0005106642222
51673,1825.0005106642222
51674,1825.0005106642222
51675,1825.0005106642222
51676,1825.0005106642222
51677,1825.0005106642222
51678,1825.0005106642222
51679,1825.0005106642222
51680,1825.0005106642222
51681,1825.0005106642222
51682,1825.0005106642222
51683,1825.0005106642222
51684,1825.0005106642222
51685,1825.0005106642222
51686,1825.0005106642222
51687,1825.0005106642222
51688,1825.0005106642222
51689,1825.0005106642222
51690,1825.0005106642222
51691,1825.0005106642222
51692,1825.0005106642222
51693,1825.0005106642222
51694,1825.0005106642222
51695,1825.0005106642222
51696,1825.0005106642222
51697,1825.0005106642222
51698,1825.0005106642222
51699,1825.0005106642222
51700,1825.0005106642222
51701,1825.0005106642222
51702,1825.0005106642222
51703,1825.0005106642222
51704,1825.0005106642222
51705,1825.0005106642222
51706,1825.0005106642222
51707,1825.0005106642222
51708,1825.0005106642222
51709,1825.0005106642222
51710,1825.0005106642222
51711,1825.0005106642222
51712,1825.0005106642222
51713,1825.0005106642222
51714,1825.0005106642222
51715,1825.0005106642222
51716,1825.0005106642222
51717,1825.0005106642222
51718,1825.0005106642222
51719,1825.0005106642222
51720,1825.0005106642222
51721,1825.0005106642222
51722,1825.0005106642222
51723,1825.0005106642222
51724,1825.0005106642222
51725,1825.0005106642222
51726,1825.0005106642222
51727,1825.0005106642222
51728,1825.0005106642222
51729,1825.0005106642222
51730,1825.0005106642222
51731,1825.0005106642222
51732,1825.0005106642222
51733,1825.0005106642222
51734,1825.0005106642222
51735,1825.0005106642222
51736,1825.0005106642222
51737,1825.0005106642222
51738,1825.0005106642222
51739,1825.0005106642222
51740,1825.0005106642222
51741,1825.0005106642222
51742,1825.0005106642222
51743,1825.0005106642222
51744,1825.0005106642222
51745,1825.0005106642222
51746,1825.0005106642222
51747,1825.0005106642222
51748,1825.0005106642222
51749,1825.0005106642222
51750,1825.0005106642222
51751,1825.0005106642222
51752,1825.0005106642222
51753,1825.0005106642222
51754,1825.0005106642222
51755,1825.0005106642222
51756,1825.0005106642222
51757,1825.0005106642222
51758,1825.0005106642222
51759,1825.0005106642222
51760,1825.0005106642222
51761,1825.0005106642222
51762,1825.0005106642222
51763,1825.0005106642222
51764,1825.0005106642222
51765,1825.0005106642222
51766,1825.0005106642222
51767,1825.0005106642222
51768,1825.0005106642222
51769,1825.0005106642222
51770,1825.0005106642222
51771,1825.0005106642222
51772,1825.0005106642222
51773,1825.0005106642222
51774,1825.0005106642222
51775,1825.0005106642222
51776,1825.0005106642222
51777,1825.0005106642222
51778,1825.0005106642222
51779,1825.0005106642222
51780,1825.0005106642222
51781,1825.0005106642222
51782,1825.0005106642222
51783,1825.0005106642222
51784,1825.0005106642222
51785,1825.0005106642222
51786,1825.0005106642222
51787,1825.0005106642222
51788,1825.0005106642222
51789,1825.0005106642222
51790,1825.0005106642222
51791,1825.0005106642222
51792,1825.0005106642222
51793,1825.0005106642222
51794,1825.0005106642222
51795,1825.0005106642222
51796,1825.0005106642222
51797,1825.0005106642222
51798,1825.0005106642222
51799,1825.0005106642222
51800,1825.0005106642222
51801,1825.0005106642222
51802,1825.0005106642222
51803,1825.0005106642222
51804,1825.0005106642222
51805,1825.0005106642222
51806,1825.0005106642222
51807,1825.0005106642222
51808,1825.0005106642222
51809,1825.0005106642222
51810,1825.0005106642222
51811,1825.0005106642222
51812,1825.0005106642222
51813,1825.0005106642222
51814,1825.0005106642222
51815,1825.0005106642222
51816,1825.0005106642222
51817,1825.0005106642222
51818,1825.0005106642222
51819,1825.0005106642222
51820,1825.0005106642222
51821,1825.0005106642222
51822,1825.0005106642222
51823,1825.0005106642222
51824,1825.0005106642222
51825,1825.0005106642222
51826,1825.0005106642222
51827,1825.0005106642222
51828,1825.0005106642222
51829,1825.0005106642222
51830,1825.0005106642222
51831,1825.0005106642222
51832,1825.0005106642222
51833,1825.0005106642222
51834,1825.0005106642222
51835,1825.0005106642222
51836,1825.0005106642222
51837,1825.0005106642222
51838,1825.0005106642222
51839,1825.0005106642222
51840,1825.0005106642222
51841,1825.0005106642222
51842,1825.0005106642222
51843,1825.0005106642222
51844,1825.0005106642222
51845,1825.0005106642222
51846,1825.0005106642222
51847,1825.0005106642222
51848,1825.0005106642222
51849,1825.0005106642222
51850,1825.0005106642222
51851,1825.0005106642222
51852,1825.0005106642222
51853,1825.0005106642222
51854,1825.0005106642222
51855,1825.0005106642222
51856,1825.0005106642222
51857,1825.0005106642222
51858,1825.0005106642222
51859,1825.0005106642222
51860,1825.0005106642222
51861,1825.0005106642222
51862,1825.0005106642222
51863,1825.0005106642222
51864,1825.0005106642222
51865,1825.0005106642222
51866,1825.0005106642222
51867,1825.0005106642222
51868,1825.0005106642222
51869,1825.0005106642222
51870,1825.0005106642222
51871,1825.0005106642222
51872,1825.0005106642222
51873,1825.0005106642222
51874,1825.0005106642222
51875,1825.0005106642222
51876,1825.0005106642222
51877,1825.0005106642222
51878,1825.0005106642222
51879,1825.0005106642222
51880,1825.0005106642222
51881,1825.0005106642222
51882,1825.0005106642222
51883,1825.0005106642222
51884,1825.0005106642222
51885,1825.0005106642222
51886,1825.0005106642222
51887,1825.0005106642222
51888,1825.0005106642222
51889,1825.0005106642222
51890,1825.0005106642222
51891,1825.0005106642222
51892,1825.0005106642222
51893,1825.0005106642222
51894,1825.0005106642222
51895,1825.0005106642222
51896,1825.0005106642222
51897,1825.0005106642222
51898,1825.0005106642222
51899,1825.0005106642222
51900,1825.0005106642222
51901,1825.0005106642222
51902,1825.0005106642222
51903,1825.0005106642222
51904,1825.0005106642222
51905,1825.0005106642222
51906,1825.0005106642222
51907,1825.0005106642222
51908,1825.0005106642222
51909,1825.0005106642222
51910,1825.0005106642222
51911,1825.0005106642222
51912,1825.0005106642222
51913,1825.0005106642222
51914,1825.0005106642222
51915,1825.0005106642222
51916,1825.0005106642222
51917,1825.0005106642222
51918,1825.0005106642222
51919,1825.0005106642222
51920,1825.0005106642222
51921,1825.0005106642222
51922,1825.0005106642222
51923,1825.0005106642222
51924,1825.0005106642222
51925,1825.0005106642222
51926,1825.0005106642222
51927,1825.0005106642222
51928,1825.0005106642222
51929,1825.0005106642222
51930,1825.0005106642222
51931,1825.0005106642222
51932,1825.0005106642222
51933,1825.0005106642222
51934,1825.0005106642222
51935,1825.0005106642222
51936,1825.0005106642222
51937,1825.0005106642222
51938,1825.0005106642222
51939,1825.0005106642222
51940,1825.0005106642222
51941,1825.0005106642222
51942,1825.0005106642222
51943,1825.0005106642222
51944,1825.0005106642222
51945,1825.0005106642222
51946,1825.0005106642222
51947,1825.0005106642222
51948,1825.0005106642222
51949,1825.0005106642222
51950,1825.0005106642222
51951,1825.0005106642222
51952,1825.0005106642222
51953,1825.0005106642222
51954,1825.0005106642222
51955,1825.0005106642222
51956,1825.0005106642222
51957,1825.0005106642222
51958,1825.0005106642222
51959,1825.0005106642222
51960,1825.0005106642222
51961,1825.0005106642222
51962,1825.0005106642222
51963,1825.0005106642222
51964,1825.0005106642222
51965,1825.0005106642222
51966,1825.0005106642222
51967,1825.0005106642222
51968,1825.0005106642222
51969,1825.0005106642222
51970,1825.0005106642222
51971,1825.0005106642222
51972,1825.0005106642222
51973,1825.0005106642222
51974,1825.0005106642222
51975,1825.0005106642222
51976,1825.0005106642222
51977,1825.0005106642222
51978,1825.0005106642222
51979,1825.0005106642222
51980,1825.0005106642222
51981,1825.0005106642222
51982,1825.0005106642222
51983,1825.0005106642222
51984,1825.0005106642222
51985,1825.0005106642222
51986,1825.0005106642222
51987,1825.0005106642222
51988,1825.0005106642222
51989,1825.0005106642222
51990,1825.0005106642222
51991,1825.0005106642222
51992,1825.0005106642222
51993,1825.0005106642222
51994,1825.0005106642222
51995,1825.0005106642222
51996,1825.0005106642222
51997,1825.0005106642222
51998,1825.0005106642222
51999,1825.0005106642222
52000,1825.0005106642222
52001,1825.0005106642222
52002,1825.0005106642222
52003,1825.0005106642222
52004,1825.0005106642222
52005,1825.0005106642222
52006,1825.0005106642222
52007,1825.0005106642222
52008,1825.0005106642222
52009,1825.0005106642222
52010,1825.0005106642222
52011,1825.0005106642222
52012,1825.0005106642222
52013,1825.0005106642222
52014,1825.0005106642222
52015,1825.0005106642222
52016,1825.0005106642222
52017,1825.0005106642222
52018,1825.0005106642222
52019,1825.0005106642222
52020,1825.0005106642222
52021,1825.0005106642222
52022,1825.0005106642222
52023,1825.0005106642222
52024,1825.0005106642222
52025,1825.0005106642222
52026,1825.0005106642222
52027,1825.0005106642222
52028,1825.0005106642222
52029,1825.0005106642222
52030,1825.0005106642222
52031,1825.0005106642222
52032,1825.0005106642222
52033,1825.0005106642222
52034,1825.0005106642222
52035,1825.0005106642222
52036,1825.0005106642222
52037,1825.0005106642222
52038,1825.0005106642222
52039,1825.0005106642222
52040,1825.0005106642222
52041,1825.0005106642222
52042,1825.0005106642222
52043,1825.0005106642222
52044,1825.0005106642222
52045,1825.0005106642222
52046,1825.0005106642222
52047,1825.0005106642222
52048,1825.0005106642222
52049,1825.0005106642222
52050,1825.0005106642222
52051,1825.0005106642222
52052,1825.0005106642222
52053,1825.0005106642222
52054,1825.0005106642222
52055,1825.0005106642222
52056,1825.0005106642222
52057,1825.0005106642222
52058,1825.0005106642222
52059,1825.0005106642222
52060,1825.0005106642222
52061,1825.0005106642222
52062,1825.0005106642222
52063,1825.0005106642222
52064,1825.0005106642222
52065,1825.0005106642222
52066,1825.0005106642222
52067,1825.0005106642222
52068,1825.0005106642222
52069,1825.0005106642222
52070,1825.0005106642222
52071,1825.0005106642222
52072,1825.0005106642222
52073,1825.0005106642222
52074,1825.0005106642222
52075,1825.0005106642222
52076,1825.0005106642222
52077,1825.0005106642222
52078,1825.0005106642222
52079,1825.0005106642222
52080,1825.0005106642222
52081,1825.0005106642222
52082,1825.0005106642222
52083,1825.0005106642222
52084,1825.0005106642222
52085,1825.0005106642222
52086,1825.0005106642222
52087,1825.0005106642222
52088,1825.0005106642222
52089,1825.0005106642222
52090,1825.0005106642222
52091,1825.0005106642222
52092,1825.0005106642222
52093,1825.0005106642222
52094,1825.0005106642222
52095,1825.0005106642222
52096,1825.0005106642222
52097,1825.0005106642222
52098,1825.0005106642222
52099,1825.0005106642222
52100,1825.0005106642222
52101,1825.0005106642222
52102,1825.0005106642222
52103,1825.0005106642222
52104,1825.0005106642222
52105,1825.0005106642222
52106,1825.0005106642222
52107,1825.0005106642222
52108,1825.0005106642222
52109,1825.0005106642222
52110,1825.0005106642222
52111,1825.0005106642222
52112,1825.0005106642222
52113,1825.0005106642222
52114,1825.0005106642222
52115,1825.0005106642222
52116,1825.0005106642222
52117,1825.0005106642222
52118,1825.0005106642222
52119,1825.0005106642222
52120,1825.0005106642222
52121,1825.0005106642222
52122,1825.0005106642222
52123,1825.0005106642222
52124,1825.0005106642222
52125,1825.0005106642222
52126,1825.0005106642222
52127,1825.0005106642222
52128,1825.0005106642222
52129,1825.0005106642222
52130,1825.0005106642222
52131,1825.0005106642222
52132,1825.0005106642222
52133,1825.0005106642222
52134,1825.0005106642222
52135,1825.0005106642222
52136,1825.0005106642222
52137,1825.0005106642222
52138,1825.0005106642222
52139,1825.0005106642222
52140,1825.0005106642222
52141,1825.0005106642222
52142,1825.0005106642222
52143,1825.0005106642222
52144,1825.0005106642222
52145,1825.0005106642222
52146,1825.0005106642222
52147,1825.0005106642222
52148,1825.0005106642222
52149,1825.0005106642222
52150,1825.0005106642222
52151,1825.0005106642222
52152,1825.0005106642222
52153,1825.0005106642222
52154,1825.0005106642222
52155,1825.0005106642222
52156,1825.0005106642222
52157,1825.0005106642222
52158,1825.0005106642222
52159,1825.0005106642222
52160,1825.0005106642222
52161,1825.0005106642222
52162,1825.0005106642222
52163,1825.0005106642222
52164,1825.0005106642222
52165,1825.0005106642222
52166,1825.0005106642222
52167,1825.0005106642222
52168,1825.0005106642222
52169,1825.0005106642222
52170,1825.0005106642222
52171,1825.0005106642222
52172,1825.0005106642222
52173,1825.0005106642222
52174,1825.0005106642222
52175,1825.0005106642222
52176,1825.0005106642222
52177,1825.0005106642222
52178,1825.0005106642222
52179,1825.0005106642222
52180,1825.0005106642222
52181,1825.0005106642222
52182,1825.0005106642222
52183,1825.0005106642222
52184,1825.0005106642222
52185,1825.0005106642222
52186,1825.0005106642222
52187,1825.0005106642222
52188,1825.0005106642222
52189,1825.0005106642222
52190,1825.0005106642222
52191,1825.0005106642222
52192,1825.0005106642222
52193,1825.0005106642222
52194,1825.0005106642222
52195,1825.0005106642222
52196,1825.0005106642222
52197,1825.0005106642222
52198,1825.0005106642222
52199,1825.0005106642222
52200,1825.0005106642222
52201,1825.0005106642222
52202,1825.0005106642222
52203,1825.0005106642222
52204,1825.0005106642222
52205,1825.0005106642222
52206,1825.0005106642222
52207,1825.0005106642222
52208,1825.0005106642222
52209,1825.0005106642222
52210,1825.0005106642222
52211,1825.0005106642222
52212,1825.0005106642222
52213,1825.0005106642222
52214,1825.0005106642222
52215,1825.0005106642222
52216,1825.0005106642222
52217,1825.0005106642222
52218,1825.0005106642222
52219,1825.0005106642222
52220,1825.0005106642222
52221,1825.0005106642222
52222,1825.0005106642222
52223,1825.0005106642222
52224,1825.0005106642222
52225,1825.0005106642222
52226,1825.0005106642222
52227,1825.0005106642222
52228,1825.0005106642222
52229,1825.0005106642222
52230,1825.0005106642222
52231,1825.0005106642222
52232,1825.0005106642222
52233,1825.0005106642222
52234,1825.0005106642222
52235,1825.0005106642222
52236,1825.0005106642222
52237,1825.0005106642222
52238,1825.0005106642222
52239,1825.0005106642222
52240,1825.0005106642222
52241,1825.0005106642222
52242,1825.0005106642222
52243,1825.0005106642222
52244,1825.0005106642222
52245,1825.0005106642222
52246,1825.0005106642222
52247,1825.0005106642222
52248,1825.0005106642222
52249,1825.0005106642222
52250,1825.0005106642222
52251,1825.0005106642222
52252,1825.0005106642222
52253,1825.0005106642222
52254,1825.0005106642222
52255,1825.0005106642222
52256,1825.0005106642222
52257,1825.0005106642222
52258,1825.0005106642222
52259,1825.0005106642222
52260,1825.0005106642222
52261,1825.0005106642222
52262,1825.0005106642222
52263,1825.0005106642222
52264,1825.0005106642222
52265,1825.0005106642222
52266,1825.0005106642222
52267,1825.0005106642222
52268,1825.0005106642222
52269,1825.0005106642222
52270,1825.0005106642222
52271,1825.0005106642222
52272,1825.0005106642222
52273,1825.0005106642222
52274,1825.0005106642222
52275,1825.0005106642222
52276,1825.0005106642222
52277,1825.0005106642222
52278,1825.0005106642222
52279,1825.0005106642222
52280,1825.0005106642222
52281,1825.0005106642222
52282,1825.0005106642222
52283,1825.0005106642222
52284,1825.0005106642222
52285,1825.0005106642222
52286,1825.0005106642222
52287,1825.0005106642222
52288,1825.0005106642222
52289,1825.0005106642222
52290,1825.0005106642222
52291,1825.0005106642222
52292,1825.0005106642222
52293,1825.0005106642222
52294,1825.0005106642222
52295,1825.0005106642222
52296,1825.0005106642222
52297,1825.0005106642222
52298,1825.0005106642222
52299,1825.0005106642222
52300,1825.0005106642222
52301,1825.0005106642222
52302,1825.0005106642222
52303,1825.0005106642222
52304,1825.0005106642222
52305,1825.0005106642222
52306,1825.0005106642222
52307,1825.0005106642222
52308,1825.0005106642222
52309,1825.0005106642222
52310,1825.0005106642222
52311,1825.0005106642222
52312,1825.0005106642222
52313,1825.0005106642222
52314,1825.0005106642222
52315,1825.0005106642222
52316,1825.0005106642222
52317,1825.0005106642222
52318,1825.0005106642222
52319,1825.0005106642222
52320,1825.0005106642222
52321,1825.0005106642222
52322,1825.0005106642222
52323,1825.0005106642222
52324,1825.0005106642222
52325,1825.0005106642222
52326,1825.0005106642222
52327,1825.0005106642222
52328,1825.0005106642222
52329,1825.0005106642222
52330,1825.0005106642222
52331,1825.0005106642222
52332,1825.0005106642222
52333,1825.0005106642222
52334,1825.0005106642222
52335,1825.0005106642222
52336,1825.0005106642222
52337,1825.0005106642222
52338,1825.0005106642222
52339,1825.0005106642222
52340,1825.0005106642222
52341,1825.0005106642222
52342,1825.0005106642222
52343,1825.0005106642222
52344,1825.0005106642222
52345,1825.0005106642222
52346,1825.0005106642222
52347,1825.0005106642222
52348,1825.0005106642222
52349,1825.0005106642222
52350,1825.0005106642222
52351,1825.0005106642222
52352,1825.0005106642222
52353,1825.0005106642222
52354,1825.0005106642222
52355,1825.0005106642222
52356,1825.0005106642222
52357,1825.0005106642222
52358,1825.0005106642222
52359,1825.0005106642222
52360,1825.0005106642222
52361,1825.0005106642222
52362,1825.0005106642222
52363,1825.0005106642222
52364,1825.0005106642222
52365,1825.0005106642222
52366,1825.0005106642222
52367,1825.0005106642222
52368,1825.0005106642222
52369,1825.0005106642222
52370,1825.0005106642222
52371,1825.0005106642222
52372,1825.0005106642222
52373,1825.0005106642222
52374,1825.0005106642222
52375,1825.0005106642222
52376,1825.0005106642222
52377,1825.0005106642222
52378,1825.0005106642222
52379,1825.0005106642222
52380,1825.0005106642222
52381,1825.0005106642222
52382,1825.0005106642222
52383,1825.0005106642222
52384,1825.0005106642222
52385,1825.0005106642222
52386,1825.0005106642222
52387,1825.0005106642222
52388,1825.0005106642222
52389,1825.0005106642222
52390,1825.0005106642222
52391,1825.0005106642222
52392,1825.0005106642222
52393,1825.0005106642222
52394,1825.0005106642222
52395,1825.0005106642222
52396,1825.0005106642222
52397,1825.0005106642222
52398,1825.0005106642222
52399,1825.0005106642222
52400,1825.0005106642222
52401,1825.0005106642222
52402,1825.0005106642222
52403,1825.0005106642222
52404,1825.0005106642222
52405,1825.0005106642222
52406,1825.0005106642222
52407,1825.0005106642222
52408,1825.0005106642222
52409,1825.0005106642222
52410,1825.0005106642222
52411,1825.0005106642222
52412,1825.0005106642222
52413,1825.0005106642222
52414,1825.0005106642222
52415,1825.0005106642222
52416,1825.0005106642222
52417,1825.0005106642222
52418,1825.0005106642222
52419,1825.0005106642222
52420,1825.0005106642222
52421,1825.0005106642222
52422,1825.0005106642222
52423,1825.0005106642222
52424,1825.0005106642222
52425,1825.0005106642222
52426,1825.0005106642222
52427,1825.0005106642222
52428,1825.0005106642222
52429,1825.0005106642222
52430,1825.0005106642222
52431,1825.0005106642222
52432,1825.0005106642222
52433,1825.0005106642222
52434,1825.0005106642222
52435,1825.0005106642222
52436,1825.0005106642222
52437,1825.0005106642222
52438,1825.0005106642222
52439,1825.0005106642222
52440,1825.0005106642222
52441,1825.0005106642222
52442,1825.0005106642222
52443,1825.0005106642222
52444,1825.0005106642222
52445,1825.0005106642222
52446,1825.0005106642222
52447,1825.0005106642222
52448,1825.0005106642222
52449,1825.0005106642222
52450,1825.0005106642222
52451,1825.0005106642222
52452,1825.0005106642222
52453,1825.0005106642222
52454,1825.0005106642222
52455,1825.0005106642222
52456,1825.0005106642222
52457,1825.0005106642222
52458,1825.0005106642222
52459,1825.0005106642222
52460,1825.0005106642222
52461,1825.0005106642222
52462,1825.0005106642222
52463,1825.0005106642222
52464,1825.0005106642222
52465,1825.0005106642222
52466,1825.0005106642222
52467,1825.0005106642222
52468,1825.0005106642222
52469,1825.0005106642222
52470,1825.0005106642222
52471,1825.0005106642222
52472,1825.0005106642222
52473,1825.0005106642222
52474,1825.0005106642222
52475,1825.0005106642222
52476,1825.0005106642222
52477,1825.0005106642222
52478,1825.0005106642222
52479,1825.0005106642222
52480,1825.0005106642222
52481,1825.0005106642222
52482,1825.0005106642222
52483,1825.0005106642222
52484,1825.0005106642222
52485,1825.0005106642222
52486,1825.0005106642222
52487,1825.0005106642222
52488,1825.0005106642222
52489,1825.0005106642222
52490,1825.0005106642222
52491,1825.0005106642222
52492,1825.0005106642222
52493,1825.0005106642222
52494,1825.0005106642222
52495,1825.0005106642222
52496,1825.0005106642222
52497,1825.0005106642222
52498,1825.0005106642222
52499,1825.0005106642222
52500,1825.0005106642222
52501,1825.0005106642222
52502,1825.0005106642222
52503,1825.0005106642222
52504,1825.0005106642222
52505,1825.0005106642222
52506,1825.0005106642222
52507,1825.0005106642222
52508,1825.0005106642222
52509,1825.0005106642222
52510,1825.0005106642222
52511,1825.0005106642222
52512,1825.0005106642222
52513,1825.0005106642222
52514,1825.0005106642222
52515,1825.0005106642222
52516,1825.0005106642222
52517,1825.0005106642222
52518,1825.0005106642222
52519,1825.0005106642222
52520,1825.0005106642222
52521,1825.0005106642222
52522,1825.0005106642222
52523,1825.0005106642222
52524,1825.0005106642222
52525,1825.0005106642222
52526,1825.0005106642222
52527,1825.0005106642222
52528,1825.0005106642222
52529,1825.0005106642222
52530,1825.0005106642222
52531,1825.0005106642222
52532,1825.0005106642222
52533,1825.0005106642222
52534,1825.0005106642222
52535,1825.0005106642222
52536,1825.0005106642222
52537,1825.0005106642222
52538,1825.0005106642222
52539,1825.0005106642222
52540,1825.0005106642222
52541,1825.0005106642222
52542,1825.0005106642222
52543,1825.0005106642222
52544,1825.0005106642222
52545,1825.0005106642222
52546,1825.0005106642222
52547,1825.0005106642222
52548,1825.0005106642222
52549,1825.0005106642222
52550,1825.0005106642222
52551,1825.0005106642222
52552,1825.0005106642222
52553,1825.0005106642222
52554,1825.0005106642222
52555,1825.0005106642222
52556,1825.0005106642222
52557,1825.0005106642222
52558,1825.0005106642222
52559,1825.0005106642222
52560,1825.0005106642222
52561,1825.0005106642222
52562,1825.0005106642222
52563,1825.0005106642222
52564,1825.0005106642222
52565,1825.0005106642222
52566,1825.0005106642222
52567,1825.0005106642222
52568,1825.0005106642222
52569,1825.0005106642222
52570,1825.0005106642222
52571,1825.0005106642222
52572,1825.0005106642222
52573,1825.0005106642222
52574,1825.0005106642222
52575,1825.0005106642222
52576,1825.0005106642222
52577,1825.0005106642222
52578,1825.0005106642222
52579,1825.0005106642222
52580,1825.0005106642222
52581,1825.0005106642222
52582,1825.0005106642222
52583,1825.0005106642222
52584,1825.0005106642222
52585,1825.0005106642222
52586,1825.0005106642222
52587,1825.0005106642222
52588,1825.0005106642222
52589,1825.0005106642222
52590,1825.0005106642222
52591,1825.0005106642222
52592,1825.0005106642222
52593,1825.0005106642222
52594,1825.0005106642222
52595,1825.0005106642222
52596,1825.0005106642222
52597,1825.0005106642222
52598,1825.0005106642222
52599,1825.0005106642222
52600,1825.0005106642222
52601,1825.0005106642222
52602,1825.0005106642222
52603,1825.0005106642222
52604,1825.0005106642222
52605,1825.0005106642222
52606,1825.0005106642222
52607,1825.0005106642222
52608,1825.0005106642222
52609,1825.0005106642222
52610,1825.0005106642222
52611,1825.0005106642222
52612,1825.0005106642222
52613,1825.0005106642222
52614,1825.0005106642222
52615,1825.0005106642222
52616,1825.0005106642222
52617,1825.0005106642222
52618,1825.0005106642222
52619,1825.0005106642222
52620,1825.0005106642222
52621,1825.0005106642222
52622,1825.0005106642222
52623,1825.0005106642222
52624,1825.0005106642222
52625,1825.0005106642222
52626,1825.0005106642222
52627,1825.0005106642222
52628,1825.0005106642222
52629,1825.0005106642222
52630,1825.0005106642222
52631,1825.0005106642222
52632,1825.0005106642222
52633,1825.0005106642222
52634,1825.0005106642222
52635,1825.0005106642222
52636,1825.0005106642222
52637,1825.0005106642222
52638,1825.0005106642222
52639,1825.0005106642222
52640,1825.0005106642222
52641,1825.0005106642222
52642,1825.0005106642222
52643,1825.0005106642222
52644,1825.0005106642222
52645,1825.0005106642222
52646,1825.0005106642222
52647,1825.0005106642222
52648,1825.0005106642222
52649,1825.0005106642222
52650,1825.0005106642222
52651,1825.0005106642222
52652,1825.0005106642222
52653,1825.0005106642222
52654,1825.0005106642222
52655,1825.0005106642222
52656,1825.0005106642222
52657,1825.0005106642222
52658,1825.0005106642222
52659,1825.0005106642222
52660,1825.0005106642222
52661,1825.0005106642222
52662,1825.0005106642222
52663,1825.0005106642222
52664,1825.0005106642222
52665,1825.0005106642222
52666,1825.0005106642222
52667,1825.0005106642222
52668,1825.0005106642222
52669,1825.0005106642222
52670,1825.0005106642222
52671,1825.0005106642222
52672,1825.0005106642222
52673,1825.0005106642222
52674,1825.0005106642222
52675,1825.0005106642222
52676,1825.0005106642222
52677,1825.0005106642222
52678,1825.0005106642222
52679,1825.0005106642222
52680,1825.0005106642222
52681,1825.0005106642222
52682,1825.0005106642222
52683,1825.0005106642222
52684,1825.0005106642222
52685,1825.0005106642222
52686,1825.0005106642222
52687,1825.0005106642222
52688,1825.0005106642222
52689,1825.0005106642222
52690,1825.0005106642222
52691,1825.0005106642222
52692,1825.0005106642222
52693,1825.0005106642222
52694,1825.0005106642222
52695,1825.0005106642222
52696,1825.0005106642222
52697,1825.0005106642222
52698,1825.0005106642222
52699,1825.0005106642222
52700,1825.0005106642222
52701,1825.0005106642222
52702,1825.0005106642222
52703,1825.0005106642222
52704,1825.0005106642222
52705,1825.0005106642222
52706,1825.0005106642222
52707,1825.0005106642222
52708,1825.0005106642222
52709,1825.0005106642222
52710,1825.0005106642222
52711,1825.0005106642222
52712,1825.0005106642222
52713,1825.0005106642222
52714,1825.0005106642222
52715,1825.0005106642222
52716,1825.0005106642222
52717,1825.0005106642222
52718,1825.0005106642222
52719,1825.0005106642222
52720,1825.0005106642222
52721,1825.0005106642222
52722,1825.0005106642222
52723,1825.0005106642222
52724,1825.0005106642222
52725,1825.0005106642222
52726,1825.0005106642222
52727,1825.0005106642222
52728,1825.0005106642222
52729,1825.0005106642222
52730,1825.0005106642222
52731,1825.0005106642222
52732,1825.0005106642222
52733,1825.0005106642222
52734,1825.0005106642222
52735,1825.0005106642222
52736,1825.0005106642222
52737,1825.0005106642222
52738,1825.0005106642222
52739,1825.0005106642222
52740,1825.0005106642222
52741,1825.0005106642222
52742,1825.0005106642222
52743,1825.0005106642222
52744,1825.0005106642222
52745,1825.0005106642222
52746,1825.0005106642222
52747,1825.0005106642222
52748,1825.0005106642222
52749,1825.0005106642222
52750,1825.0005106642222
52751,1825.0005106642222
52752,1825.0005106642222
52753,1825.0005106642222
52754,1825.0005106642222
52755,1825.0005106642222
52756,1825.0005106642222
52757,1825.0005106642222
52758,1825.0005106642222
52759,1825.0005106642222
52760,1825.0005106642222
52761,1825.0005106642222
52762,1825.0005106642222
52763,1825.0005106642222
52764,1825.0005106642222
52765,1825.0005106642222
52766,1825.0005106642222
52767,1825.0005106642222
52768,1825.0005106642222
52769,1825.0005106642222
52770,1825.0005106642222
52771,1825.0005106642222
52772,1825.0005106642222
52773,1825.0005106642222
52774,1825.0005106642222
52775,1825.0005106642222
52776,1825.0005106642222
52777,1825.0005106642222
52778,1825.0005106642222
52779,1825.0005106642222
52780,1825.0005106642222
52781,1825.0005106642222
52782,1825.0005106642222
52783,1825.0005106642222
52784,1825.0005106642222
52785,1825.0005106642222
52786,1825.0005106642222
52787,1825.0005106642222
52788,1825.0005106642222
52789,1825.0005106642222
52790,1825.0005106642222
52791,1825.0005106642222
52792,1825.0005106642222
52793,1825.0005106642222
52794,1825.0005106642222
52795,1825.0005106642222
52796,1825.0005106642222
52797,1825.0005106642222
52798,1825.0005106642222
52799,1825.0005106642222
52800,1825.0005106642222
52801,1825.0005106642222
52802,1825.0005106642222
52803,1825.0005106642222
52804,1825.0005106642222
52805,1825.0005106642222
52806,1825.0005106642222
52807,1825.0005106642222
52808,1825.0005106642222
52809,1825.0005106642222
52810,1825.0005106642222
52811,1825.0005106642222
52812,1825.0005106642222
52813,1825.0005106642222
52814,1825.0005106642222
52815,1825.0005106642222
52816,1825.0005106642222
52817,1825.0005106642222
52818,1825.0005106642222
52819,1825.0005106642222
52820,1825.0005106642222
52821,1825.0005106642222
52822,1825.0005106642222
52823,1825.0005106642222
52824,1825.0005106642222
52825,1825.0005106642222
52826,1825.0005106642222
52827,1825.0005106642222
52828,1825.0005106642222
52829,1825.0005106642222
52830,1825.0005106642222
52831,1825.0005106642222
52832,1825.0005106642222
52833,1825.0005106642222
52834,1825.0005106642222
52835,1825.0005106642222
52836,1825.0005106642222
52837,1825.0005106642222
52838,1825.0005106642222
52839,1825.0005106642222
52840,1825.0005106642222
52841,1825.0005106642222
52842,1825.0005106642222
52843,1825.0005106642222
52844,1825.0005106642222
52845,1825.0005106642222
52846,1825.0005106642222
52847,1825.0005106642222
52848,1825.0005106642222
52849,1825.0005106642222
52850,1825.0005106642222
52851,1825.0005106642222
52852,1825.0005106642222
52853,1825.0005106642222
52854,1825.0005106642222
52855,1825.0005106642222
52856,1825.0005106642222
52857,1825.0005106642222
52858,1825.0005106642222
52859,1825.0005106642222
52860,1825.0005106642222
52861,1825.0005106642222
52862,1825.0005106642222
52863,1825.0005106642222
52864,1825.0005106642222
52865,1825.0005106642222
52866,1825.0005106642222
52867,1825.0005106642222
52868,1825.0005106642222
52869,1825.0005106642222
52870,1825.0005106642222
52871,1825.0005106642222
52872,1825.0005106642222
52873,1825.0005106642222
52874,1825.0005106642222
52875,1825.0005106642222
52876,1825.0005106642222
52877,1825.0005106642222
52878,1825.0005106642222
52879,1825.0005106642222
52880,1825.0005106642222
52881,1825.0005106642222
52882,1825.0005106642222
52883,1825.0005106642222
52884,1825.0005106642222
52885,1825.0005106642222
52886,1825.0005106642222
52887,1825.0005106642222
52888,1825.0005106642222
52889,1825.0005106642222
52890,1825.0005106642222
52891,1825.0005106642222
52892,1825.0005106642222
52893,1825.0005106642222
52894,1825.0005106642222
52895,1825.0005106642222
52896,1825.0005106642222
52897,1825.0005106642222
52898,1825.0005106642222
52899,1825.0005106642222
52900,1825.0005106642222
52901,1825.0005106642222
52902,1825.0005106642222
52903,1825.0005106642222
52904,1825.0005106642222
52905,1825.0005106642222
52906,1825.0005106642222
52907,1825.0005106642222
52908,1825.0005106642222
52909,1825.0005106642222
52910,1825.0005106642222
52911,1825.0005106642222
52912,1825.0005106642222
52913,1825.0005106642222
52914,1825.0005106642222
52915,1825.0005106642222
52916,1825.0005106642222
52917,1825.0005106642222
52918,1825.0005106642222
52919,1825.0005106642222
52920,1825.0005106642222
52921,1825.0005106642222
52922,1825.0005106642222
52923,1825.0005106642222
52924,1825.0005106642222
52925,1825.0005106642222
52926,1825.0005106642222
52927,1825.0005106642222
52928,1825.0005106642222
52929,1825.0005106642222
52930,1825.0005106642222
52931,1825.0005106642222
52932,1825.0005106642222
52933,1825.0005106642222
52934,1825.0005106642222
52935,1825.0005106642222
52936,1825.0005106642222
52937,1825.0005106642222
52938,1825.0005106642222
52939,1825.0005106642222
52940,1825.0005106642222
52941,1825.0005106642222
52942,1825.0005106642222
52943,1825.0005106642222
52944,1825.0005106642222
52945,1825.0005106642222
52946,1825.0005106642222
52947,1825.0005106642222
52948,1825.0005106642222
52949,1825.0005106642222
52950,1825.0005106642222
52951,1825.0005106642222
52952,1825.0005106642222
52953,1825.0005106642222
52954,1825.0005106642222
52955,1825.0005106642222
52956,1825.0005106642222
52957,1825.0005106642222
52958,1825.0005106642222
52959,1825.0005106642222
52960,1825.0005106642222
52961,1825.0005106642222
52962,1825.0005106642222
52963,1825.0005106642222
52964,1825.0005106642222
52965,1825.0005106642222
52966,1825.0005106642222
52967,1825.0005106642222
52968,1825.0005106642222
52969,1825.0005106642222
52970,1825.0005106642222
52971,1825.0005106642222
52972,1825.0005106642222
52973,1825.0005106642222
52974,1825.0005106642222
52975,1825.0005106642222
52976,1825.0005106642222
52977,1825.0005106642222
52978,1825.0005106642222
52979,1825.0005106642222
52980,1825.0005106642222
52981,1825.0005106642222
52982,1825.0005106642222
52983,1825.0005106642222
52984,1825.0005106642222
52985,1825.0005106642222
52986,1825.0005106642222
52987,1825.0005106642222
52988,1825.0005106642222
52989,1825.0005106642222
52990,1825.0005106642222
52991,1825.0005106642222
52992,1825.0005106642222
52993,1825.0005106642222
52994,1825.0005106642222
52995,1825.0005106642222
52996,1825.0005106642222
52997,1825.0005106642222
52998,1825.0005106642222
52999,1825.0005106642222
53000,1825.0005106642222
53001,1825.0005106642222
53002,1825.0005106642222
53003,1825.0005106642222
53004,1825.0005106642222
53005,1825.0005106642222
53006,1825.0005106642222
53007,1825.0005106642222
53008,1825.0005106642222
53009,1825.0005106642222
53010,1825.0005106642222
53011,1825.0005106642222
53012,1825.0005106642222
53013,1825.0005106642222
53014,1825.0005106642222
53015,1825.0005106642222
53016,1825.0005106642222
53017,1825.0005106642222
53018,1825.0005106642222
53019,1825.0005106642222
53020,1825.0005106642222
53021,1825.0005106642222
53022,1825.0005106642222
53023,1825.0005106642222
53024,1825.0005106642222
53025,1825.0005106642222
53026,1825.0005106642222
53027,1825.0005106642222
53028,1825.0005106642222
53029,1825.0005106642222
53030,1825.0005106642222
53031,1825.0005106642222
53032,1825.0005106642222
53033,1825.0005106642222
53034,1825.0005106642222
53035,1825.0005106642222
53036,1825.0005106642222
53037,1825.0005106642222
53038,1825.0005106642222
53039,1825.0005106642222
53040,1825.0005106642222
53041,1825.0005106642222
53042,1825.0005106642222
53043,1825.0005106642222
53044,1825.0005106642222
53045,1825.0005106642222
53046,1825.0005106642222
53047,1825.0005106642222
53048,1825.0005106642222
53049,1825.0005106642222
53050,1825.0005106642222
53051,1825.0005106642222
53052,1825.0005106642222
53053,1825.0005106642222
53054,1825.0005106642222
53055,1825.0005106642222
53056,1825.0005106642222
53057,1825.0005106642222
53058,1825.0005106642222
53059,1825.0005106642222
53060,1825.0005106642222
53061,1825.0005106642222
53062,1825.0005106642222
53063,1825.0005106642222
53064,1825.0005106642222
53065,1825.0005106642222
53066,1825.0005106642222
53067,1825.0005106642222
53068,1825.0005106642222
53069,1825.0005106642222
53070,1825.0005106642222
53071,1825.0005106642222
53072,1825.0005106642222
53073,1825.0005106642222
53074,1825.0005106642222
53075,1825.0005106642222
53076,1825.0005106642222
53077,1825.0005106642222
53078,1825.0005106642222
53079,1825.0005106642222
53080,1825.0005106642222
53081,1825.0005106642222
53082,1825.0005106642222
53083,1825.0005106642222
53084,1825.0005106642222
53085,1825.0005106642222
53086,1825.0005106642222
53087,1825.0005106642222
53088,1825.0005106642222
53089,1825.0005106642222
53090,1825.0005106642222
53091,1825.0005106642222
53092,1825.0005106642222
53093,1825.0005106642222
53094,1825.0005106642222
53095,1825.0005106642222
53096,1825.0005106642222
53097,1825.0005106642222
53098,1825.0005106642222
53099,1825.0005106642222
53100,1825.0005106642222
53101,1825.0005106642222
53102,1825.0005106642222
53103,1825.0005106642222
53104,1825.0005106642222
53105,1825.0005106642222
53106,1825.0005106642222
53107,1825.0005106642222
53108,1825.0005106642222
53109,1825.0005106642222
53110,1825.0005106642222
53111,1825.0005106642222
53112,1825.0005106642222
53113,1825.0005106642222
53114,1825.0005106642222
53115,1825.0005106642222
53116,1825.0005106642222
53117,1825.0005106642222
53118,1825.0005106642222
53119,1825.0005106642222
53120,1825.0005106642222
53121,1825.0005106642222
53122,1825.0005106642222
53123,1825.0005106642222
53124,1825.0005106642222
53125,1825.0005106642222
53126,1825.0005106642222
53127,1825.0005106642222
53128,1825.0005106642222
53129,1825.0005106642222
53130,1825.0005106642222
53131,1825.0005106642222
53132,1825.0005106642222
53133,1825.0005106642222
53134,1825.0005106642222
53135,1825.0005106642222
53136,1825.0005106642222
53137,1825.0005106642222
53138,1825.0005106642222
53139,1825.0005106642222
53140,1825.0005106642222
53141,1825.0005106642222
53142,1825.0005106642222
53143,1825.0005106642222
53144,1825.0005106642222
53145,1825.0005106642222
53146,1825.0005106642222
53147,1825.0005106642222
53148,1825.0005106642222
53149,1825.0005106642222
53150,1825.0005106642222
53151,1825.0005106642222
53152,1825.0005106642222
53153,1825.0005106642222
53154,1825.0005106642222
53155,1825.0005106642222
53156,1825.0005106642222
53157,1825.0005106642222
53158,1825.0005106642222
53159,1825.0005106642222
53160,1825.0005106642222
53161,1825.0005106642222
53162,1825.0005106642222
53163,1825.0005106642222
53164,1825.0005106642222
53165,1825.0005106642222
53166,1825.0005106642222
53167,1825.0005106642222
53168,1825.0005106642222
53169,1825.0005106642222
53170,1825.0005106642222
53171,1825.0005106642222
53172,1825.0005106642222
53173,1825.0005106642222
53174,1825.0005106642222
53175,1825.0005106642222
53176,1825.0005106642222
53177,1825.0005106642222
53178,1825.0005106642222
53179,1825.0005106642222
53180,1825.0005106642222
53181,1825.0005106642222
53182,1825.0005106642222
53183,1825.0005106642222
53184,1825.0005106642222
53185,1825.0005106642222
53186,1825.0005106642222
53187,1825.0005106642222
53188,1825.0005106642222
53189,1825.0005106642222
53190,1825.0005106642222
53191,1825.0005106642222
53192,1825.0005106642222
53193,1825.0005106642222
53194,1825.0005106642222
53195,1825.0005106642222
53196,1825.0005106642222
53197,1825.0005106642222
53198,1825.0005106642222
53199,1825.0005106642222
53200,1825.0005106642222
53201,1825.0005106642222
53202,1825.0005106642222
53203,1825.0005106642222
53204,1825.0005106642222
53205,1825.0005106642222
53206,1825.0005106642222
53207,1825.0005106642222
53208,1825.0005106642222
53209,1825.0005106642222
53210,1825.0005106642222
53211,1825.0005106642222
53212,1825.0005106642222
53213,1825.0005106642222
53214,1825.0005106642222
53215,1825.0005106642222
53216,1825.0005106642222
53217,1825.0005106642222
53218,1825.0005106642222
53219,1825.0005106642222
53220,1825.0005106642222
53221,1825.0005106642222
53222,1825.0005106642222
53223,1825.0005106642222
53224,1825.0005106642222
53225,1825.0005106642222
53226,1825.0005106642222
53227,1825.0005106642222
53228,1825.0005106642222
53229,1825.0005106642222
53230,1825.0005106642222
53231,1825.0005106642222
53232,1825.0005106642222
53233,1825.0005106642222
53234,1825.0005106642222
53235,1825.0005106642222
53236,1825.0005106642222
53237,1825.0005106642222
53238,1825.0005106642222
53239,1825.0005106642222
53240,1825.0005106642222
53241,1825.0005106642222
53242,1825.0005106642222
53243,1825.0005106642222
53244,1825.0005106642222
53245,1825.0005106642222
53246,1825.0005106642222
53247,1825.0005106642222
53248,1825.0005106642222
53249,1825.0005106642222
53250,1825.0005106642222
53251,1825.0005106642222
53252,1825.0005106642222
53253,1825.0005106642222
53254,1825.0005106642222
53255,1825.0005106642222
53256,1825.0005106642222
53257,1825.0005106642222
53258,1825.0005106642222
53259,1825.0005106642222
53260,1825.0005106642222
53261,1825.0005106642222
53262,1825.0005106642222
53263,1825.0005106642222
53264,1825.0005106642222
53265,1825.0005106642222
53266,1825.0005106642222
53267,1825.0005106642222
53268,1825.0005106642222
53269,1825.0005106642222
53270,1825.0005106642222
53271,1825.0005106642222
53272,1825.0005106642222
53273,1825.0005106642222
53274,1825.0005106642222
53275,1825.0005106642222
53276,1825.0005106642222
53277,1825.0005106642222
53278,1825.0005106642222
53279,1825.0005106642222
53280,1825.0005106642222
53281,1825.0005106642222
53282,1825.0005106642222
53283,1825.0005106642222
53284,1825.0005106642222
53285,1825.0005106642222
53286,1825.0005106642222
53287,1825.0005106642222
53288,1825.0005106642222
53289,1825.0005106642222
53290,1825.0005106642222
53291,1825.0005106642222
53292,1825.0005106642222
53293,1825.0005106642222
53294,1825.0005106642222
53295,1825.0005106642222
53296,1825.0005106642222
53297,1825.0005106642222
53298,1825.0005106642222
53299,1825.0005106642222
53300,1825.0005106642222
53301,1825.0005106642222
53302,1825.0005106642222
53303,1825.0005106642222
53304,1825.0005106642222
53305,1825.0005106642222
53306,1825.0005106642222
53307,1825.0005106642222
53308,1825.0005106642222
53309,1825.0005106642222
53310,1825.0005106642222
53311,1825.0005106642222
53312,1825.0005106642222
53313,1825.0005106642222
53314,1825.0005106642222
53315,1825.0005106642222
53316,1825.0005106642222
53317,1825.0005106642222
53318,1825.0005106642222
53319,1825.0005106642222
53320,1825.0005106642222
53321,1825.0005106642222
53322,1825.0005106642222
53323,1825.0005106642222
53324,1825.0005106642222
53325,1825.0005106642222
53326,1825.0005106642222
53327,1825.0005106642222
53328,1825.0005106642222
53329,1825.0005106642222
53330,1825.0005106642222
53331,1825.0005106642222
53332,1825.0005106642222
53333,1825.0005106642222
53334,1825.0005106642222
53335,1825.0005106642222
53336,1825.0005106642222
53337,1825.0005106642222
53338,1825.0005106642222
53339,1825.0005106642222
53340,1825.0005106642222
53341,1825.0005106642222
53342,1825.0005106642222
53343,1825.0005106642222
53344,1825.0005106642222
53345,1825.0005106642222
53346,1825.0005106642222
53347,1825.0005106642222
53348,1825.0005106642222
53349,1825.0005106642222
53350,1825.0005106642222
53351,1825.0005106642222
53352,1825.0005106642222
53353,1825.0005106642222
53354,1825.0005106642222
53355,1825.0005106642222
53356,1825.0005106642222
53357,1825.0005106642222
53358,1825.0005106642222
53359,1825.0005106642222
53360,1825.0005106642222
53361,1825.0005106642222
53362,1825.0005106642222
53363,1825.0005106642222
53364,1825.0005106642222
53365,1825.0005106642222
53366,1825.0005106642222
53367,1825.0005106642222
53368,1825.0005106642222
53369,1825.0005106642222
53370,1825.0005106642222
53371,1825.0005106642222
53372,1825.0005106642222
53373,1825.0005106642222
53374,1825.0005106642222
53375,1825.0005106642222
53376,1825.0005106642222
53377,1825.0005106642222
53378,1825.0005106642222
53379,1825.0005106642222
53380,1825.0005106642222
53381,1825.0005106642222
53382,1825.0005106642222
53383,1825.0005106642222
53384,1825.0005106642222
53385,1825.0005106642222
53386,1825.0005106642222
53387,1825.0005106642222
53388,1825.0005106642222
53389,1825.0005106642222
53390,1825.0005106642222
53391,1825.0005106642222
53392,1825.0005106642222
53393,1825.0005106642222
53394,1825.0005106642222
53395,1825.0005106642222
53396,1825.0005106642222
53397,1825.0005106642222
53398,1825.0005106642222
53399,1825.0005106642222
53400,1825.0005106642222
53401,1825.0005106642222
53402,1825.0005106642222
53403,1825.0005106642222
53404,1825.0005106642222
53405,1825.0005106642222
53406,1825.0005106642222
53407,1825.0005106642222
53408,1825.0005106642222
53409,1825.0005106642222
53410,1825.0005106642222
53411,1825.0005106642222
53412,1825.0005106642222
53413,1825.0005106642222
53414,1825.0005106642222
53415,1825.0005106642222
53416,1825.0005106642222
53417,1825.0005106642222
53418,1825.0005106642222
53419,1825.0005106642222
53420,1825.0005106642222
53421,1825.0005106642222
53422,1825.0005106642222
53423,1825.0005106642222
53424,1825.0005106642222
53425,1825.0005106642222
53426,1825.0005106642222
53427,1825.0005106642222
53428,1825.0005106642222
53429,1825.0005106642222
53430,1825.0005106642222
53431,1825.0005106642222
53432,1825.0005106642222
53433,1825.0005106642222
53434,1825.0005106642222
53435,1825.0005106642222
53436,1825.0005106642222
53437,1825.0005106642222
53438,1825.0005106642222
53439,1825.0005106642222
53440,1825.0005106642222
53441,1825.0005106642222
53442,1825.0005106642222
53443,1825.0005106642222
53444,1825.0005106642222
53445,1825.0005106642222
53446,1825.0005106642222
53447,1825.0005106642222
53448,1825.0005106642222
53449,1825.0005106642222
53450,1825.0005106642222
53451,1825.0005106642222
53452,1825.0005106642222
53453,1825.0005106642222
53454,1825.0005106642222
53455,1825.0005106642222
53456,1825.0005106642222
53457,1825.0005106642222
53458,1825.0005106642222
53459,1825.0005106642222
53460,1825.0005106642222
53461,1825.0005106642222
53462,1825.0005106642222
53463,1825.0005106642222
53464,1825.0005106642222
53465,1825.0005106642222
53466,1825.0005106642222
53467,1825.0005106642222
53468,1825.0005106642222
53469,1825.0005106642222
53470,1825.0005106642222
53471,1825.0005106642222
53472,1825.0005106642222
53473,1825.0005106642222
53474,1825.0005106642222
53475,1825.0005106642222
53476,1825.0005106642222
53477,1825.0005106642222
53478,1825.0005106642222
53479,1825.0005106642222
53480,1825.0005106642222
53481,1825.0005106642222
53482,1825.0005106642222
53483,1825.0005106642222
53484,1825.0005106642222
53485,1825.0005106642222
53486,1825.0005106642222
53487,1825.0005106642222
53488,1825.0005106642222
53489,1825.0005106642222
53490,1825.0005106642222
53491,1825.0005106642222
53492,1825.0005106642222
53493,1825.0005106642222
53494,1825.0005106642222
53495,1825.0005106642222
53496,1825.0005106642222
53497,1825.0005106642222
53498,1825.0005106642222
53499,1825.0005106642222
53500,1825.0005106642222
53501,1825.0005106642222
53502,1825.0005106642222
53503,1825.0005106642222
53504,1825.0005106642222
53505,1825.0005106642222
53506,1825.0005106642222
53507,1825.0005106642222
53508,1825.0005106642222
53509,1825.0005106642222
53510,1825.0005106642222
53511,1825.0005106642222
53512,1825.0005106642222
53513,1825.0005106642222
53514,1825.0005106642222
53515,1825.0005106642222
53516,1825.0005106642222
53517,1825.0005106642222
53518,1825.0005106642222
53519,1825.0005106642222
53520,1825.0005106642222
53521,1825.0005106642222
53522,1825.0005106642222
53523,1825.0005106642222
53524,1825.0005106642222
53525,1825.0005106642222
53526,1825.0005106642222
53527,1825.0005106642222
53528,1825.0005106642222
53529,1825.0005106642222
53530,1825.0005106642222
53531,1825.0005106642222
53532,1825.0005106642222
53533,1825.0005106642222
53534,1825.0005106642222
53535,1825.0005106642222
53536,1825.0005106642222
53537,1825.0005106642222
53538,1825.0005106642222
53539,1825.0005106642222
53540,1825.0005106642222
53541,1825.0005106642222
53542,1825.0005106642222
53543,1825.0005106642222
53544,1825.0005106642222
53545,1825.0005106642222
53546,1825.0005106642222
53547,1825.0005106642222
53548,1825.0005106642222
53549,1825.0005106642222
53550,1825.0005106642222
53551,1825.0005106642222
53552,1825.0005106642222
53553,1825.0005106642222
53554,1825.0005106642222
53555,1825.0005106642222
53556,1825.0005106642222
53557,1825.0005106642222
53558,1825.0005106642222
53559,1825.0005106642222
53560,1825.0005106642222
53561,1825.0005106642222
53562,1825.0005106642222
53563,1825.0005106642222
53564,1825.0005106642222
53565,1825.0005106642222
53566,1825.0005106642222
53567,1825.0005106642222
53568,1825.0005106642222
53569,1825.0005106642222
53570,1825.0005106642222
53571,1825.0005106642222
53572,1825.0005106642222
53573,1825.0005106642222
53574,1825.0005106642222
53575,1825.0005106642222
53576,1825.0005106642222
53577,1825.0005106642222
53578,1825.0005106642222
53579,1825.0005106642222
53580,1825.0005106642222
53581,1825.0005106642222
53582,1825.0005106642222
53583,1825.0005106642222
53584,1825.0005106642222
53585,1825.0005106642222
53586,1825.0005106642222
53587,1825.0005106642222
53588,1825.0005106642222
53589,1825.0005106642222
53590,1825.0005106642222
53591,1825.0005106642222
53592,1825.0005106642222
53593,1825.0005106642222
53594,1825.0005106642222
53595,1825.0005106642222
53596,1825.0005106642222
53597,1825.0005106642222
53598,1825.0005106642222
53599,1825.0005106642222
53600,1825.0005106642222
53601,1825.0005106642222
53602,1825.0005106642222
53603,1825.0005106642222
53604,1825.0005106642222
53605,1825.0005106642222
53606,1825.0005106642222
53607,1825.0005106642222
53608,1825.0005106642222
53609,1825.0005106642222
53610,1825.0005106642222
53611,1825.0005106642222
53612,1825.0005106642222
53613,1825.0005106642222
53614,1825.0005106642222
53615,1825.0005106642222
53616,1825.0005106642222
53617,1825.0005106642222
53618,1825.0005106642222
53619,1825.0005106642222
53620,1825.0005106642222
53621,1825.0005106642222
53622,1825.0005106642222
53623,1825.0005106642222
53624,1825.0005106642222
53625,1825.0005106642222
53626,1825.0005106642222
53627,1825.0005106642222
53628,1825.0005106642222
53629,1825.0005106642222
53630,1825.0005106642222
53631,1825.0005106642222
53632,1825.0005106642222
53633,1825.0005106642222
53634,1825.0005106642222
53635,1825.0005106642222
53636,1825.0005106642222
53637,1825.0005106642222
53638,1825.0005106642222
53639,1825.0005106642222
53640,1825.0005106642222
53641,1825.0005106642222
53642,1825.0005106642222
53643,1825.0005106642222
53644,1825.0005106642222
53645,1825.0005106642222
53646,1825.0005106642222
53647,1825.0005106642222
53648,1825.0005106642222
53649,1825.0005106642222
53650,1825.0005106642222
53651,1825.0005106642222
53652,1825.0005106642222
53653,1825.0005106642222
53654,1825.0005106642222
53655,1825.0005106642222
53656,1825.0005106642222
53657,1825.0005106642222
53658,1825.0005106642222
53659,1825.0005106642222
53660,1825.0005106642222
53661,1825.0005106642222
53662,1825.0005106642222
53663,1825.0005106642222
53664,1825.0005106642222
53665,1825.0005106642222
53666,1825.0005106642222
53667,1825.0005106642222
53668,1825.0005106642222
53669,1825.0005106642222
53670,1825.0005106642222
53671,1825.0005106642222
53672,1825.0005106642222
53673,1825.0005106642222
53674,1825.0005106642222
53675,1825.0005106642222
53676,1825.0005106642222
53677,1825.0005106642222
53678,1825.0005106642222
53679,1825.0005106642222
53680,1825.0005106642222
53681,1825.0005106642222
53682,1825.0005106642222
53683,1825.0005106642222
53684,1825.0005106642222
53685,1825.0005106642222
53686,1825.0005106642222
53687,1825.0005106642222
53688,1825.0005106642222
53689,1825.0005106642222
53690,1825.0005106642222
53691,1825.0005106642222
53692,1825.0005106642222
53693,1825.0005106642222
53694,1825.0005106642222
53695,1825.0005106642222
53696,1825.0005106642222
53697,1825.0005106642222
53698,1825.0005106642222
53699,1825.0005106642222
53700,1825.0005106642222
53701,1825.0005106642222
53702,1825.0005106642222
53703,1825.0005106642222
53704,1825.0005106642222
53705,1825.0005106642222
53706,1825.0005106642222
53707,1825.0005106642222
53708,1825.0005106642222
53709,1825.0005106642222
53710,1825.0005106642222
53711,1825.0005106642222
53712,1825.0005106642222
53713,1825.0005106642222
53714,1825.0005106642222
53715,1825.0005106642222
53716,1825.0005106642222
53717,1825.0005106642222
53718,1825.0005106642222
53719,1825.0005106642222
53720,1825.0005106642222
53721,1825.0005106642222
53722,1825.0005106642222
53723,1825.0005106642222
53724,1825.0005106642222
53725,1825.0005106642222
53726,1825.0005106642222
53727,1825.0005106642222
53728,1825.0005106642222
53729,1825.0005106642222
53730,1825.0005106642222
53731,1825.0005106642222
53732,1825.0005106642222
53733,1825.0005106642222
53734,1825.0005106642222
53735,1825.0005106642222
53736,1825.0005106642222
53737,1825.0005106642222
53738,1825.0005106642222
53739,1825.0005106642222
53740,1825.0005106642222
53741,1825.0005106642222
53742,1825.0005106642222
53743,1825.0005106642222
53744,1825.0005106642222
53745,1825.0005106642222
53746,1825.0005106642222
53747,1825.0005106642222
53748,1825.0005106642222
53749,1825.0005106642222
53750,1825.0005106642222
53751,1825.0005106642222
53752,1825.0005106642222
53753,1825.0005106642222
53754,1825.0005106642222
53755,1825.0005106642222
53756,1825.0005106642222
53757,1825.0005106642222
53758,1825.0005106642222
53759,1825.0005106642222
53760,1825.0005106642222
53761,1825.0005106642222
53762,1825.0005106642222
53763,1825.0005106642222
53764,1825.0005106642222
53765,1825.0005106642222
53766,1825.0005106642222
53767,1825.0005106642222
53768,1825.0005106642222
53769,1825.0005106642222
53770,1825.0005106642222
53771,1825.0005106642222
53772,1825.0005106642222
53773,1825.0005106642222
53774,1825.0005106642222
53775,1825.0005106642222
53776,1825.0005106642222
53777,1825.0005106642222
53778,1825.0005106642222
53779,1825.0005106642222
53780,1825.0005106642222
53781,1825.0005106642222
53782,1825.0005106642222
53783,1825.0005106642222
53784,1825.0005106642222
53785,1825.0005106642222
53786,1825.0005106642222
53787,1825.0005106642222
53788,1825.0005106642222
53789,1825.0005106642222
53790,1825.0005106642222
53791,1825.0005106642222
53792,1825.0005106642222
53793,1825.0005106642222
53794,1825.0005106642222
53795,1825.0005106642222
53796,1825.0005106642222
53797,1825.0005106642222
53798,1825.0005106642222
53799,1825.0005106642222
53800,1825.0005106642222
53801,1825.0005106642222
53802,1825.0005106642222
53803,1825.0005106642222
53804,1825.0005106642222
53805,1825.0005106642222
53806,1825.0005106642222
53807,1825.0005106642222
53808,1825.0005106642222
53809,1825.0005106642222
53810,1825.0005106642222
53811,1825.0005106642222
53812,1825.0005106642222
53813,1825.0005106642222
53814,1825.0005106642222
53815,1825.0005106642222
53816,1825.0005106642222
53817,1825.0005106642222
53818,1825.0005106642222
53819,1825.0005106642222
53820,1825.0005106642222
53821,1825.0005106642222
53822,1825.0005106642222
53823,1825.0005106642222
53824,1825.0005106642222
53825,1825.0005106642222
53826,1825.0005106642222
53827,1825.0005106642222
53828,1825.0005106642222
53829,1825.0005106642222
53830,1825.0005106642222
53831,1825.0005106642222
53832,1825.0005106642222
53833,1825.0005106642222
53834,1825.0005106642222
53835,1825.0005106642222
53836,1825.0005106642222
53837,1825.0005106642222
53838,1825.0005106642222
53839,1825.0005106642222
53840,1825.0005106642222
53841,1825.0005106642222
53842,1825.0005106642222
53843,1825.0005106642222
53844,1825.0005106642222
53845,1825.0005106642222
53846,1825.0005106642222
53847,1825.0005106642222
53848,1825.0005106642222
53849,1825.0005106642222
53850,1825.0005106642222
53851,1825.0005106642222
53852,1825.0005106642222
53853,1825.0005106642222
53854,1825.0005106642222
53855,1825.0005106642222
53856,1825.0005106642222
53857,1825.0005106642222
53858,1825.0005106642222
53859,1825.0005106642222
53860,1825.0005106642222
53861,1825.0005106642222
53862,1825.0005106642222
53863,1825.0005106642222
53864,1825.0005106642222
53865,1825.0005106642222
53866,1825.0005106642222
53867,1825.0005106642222
53868,1825.0005106642222
53869,1825.0005106642222
53870,1825.0005106642222
53871,1825.0005106642222
53872,1825.0005106642222
53873,1825.0005106642222
53874,1825.0005106642222
53875,1825.0005106642222
53876,1825.0005106642222
53877,1825.0005106642222
53878,1825.0005106642222
53879,1825.0005106642222
53880,1825.0005106642222
53881,1825.0005106642222
53882,1825.0005106642222
53883,1825.0005106642222
53884,1825.0005106642222
53885,1825.0005106642222
53886,1825.0005106642222
53887,1825.0005106642222
53888,1825.0005106642222
53889,1825.0005106642222
53890,1825.0005106642222
53891,1825.0005106642222
53892,1825.0005106642222
53893,1825.0005106642222
53894,1825.0005106642222
53895,1825.0005106642222
53896,1825.0005106642222
53897,1825.0005106642222
53898,1825.0005106642222
53899,1825.0005106642222
53900,1825.0005106642222
53901,1825.0005106642222
53902,1825.0005106642222
53903,1825.0005106642222
53904,1825.0005106642222
53905,1825.0005106642222
53906,1825.0005106642222
53907,1825.0005106642222
53908,1825.0005106642222
53909,1825.0005106642222
53910,1825.0005106642222
53911,1825.0005106642222
53912,1825.0005106642222
53913,1825.0005106642222
53914,1825.0005106642222
53915,1825.0005106642222
53916,1825.0005106642222
53917,1825.0005106642222
53918,1825.0005106642222
53919,1825.0005106642222
53920,1825.0005106642222
53921,1825.0005106642222
53922,1825.0005106642222
53923,1825.0005106642222
53924,1825.0005106642222
53925,1825.0005106642222
53926,1825.0005106642222
53927,1825.0005106642222
53928,1825.0005106642222
53929,1825.0005106642222
53930,1825.0005106642222
53931,1825.0005106642222
53932,1825.0005106642222
53933,1825.0005106642222
53934,1825.0005106642222
53935,1825.0005106642222
53936,1825.0005106642222
53937,1825.0005106642222
53938,1825.0005106642222
53939,1825.0005106642222
53940,1825.0005106642222
53941,1825.0005106642222
53942,1825.0005106642222
53943,1825.0005106642222
53944,1825.0005106642222
53945,1825.0005106642222
53946,1825.0005106642222
53947,1825.0005106642222
53948,1825.0005106642222
53949,1825.0005106642222
53950,1825.0005106642222
53951,1825.0005106642222
53952,1825.0005106642222
53953,1825.0005106642222
53954,1825.0005106642222
53955,1825.0005106642222
53956,1825.0005106642222
53957,1825.0005106642222
53958,1825.0005106642222
53959,1825.0005106642222
53960,1825.0005106642222
53961,1825.0005106642222
53962,1825.0005106642222
53963,1825.0005106642222
53964,1825.0005106642222
53965,1825.0005106642222
53966,1825.0005106642222
53967,1825.0005106642222
53968,1825.0005106642222
53969,1825.0005106642222
53970,1825.0005106642222
53971,1825.0005106642222
53972,1825.0005106642222
53973,1825.0005106642222
53974,1825.0005106642222
53975,1825.0005106642222
53976,1825.0005106642222
53977,1825.0005106642222
53978,1825.0005106642222
53979,1825.0005106642222
53980,1825.0005106642222
53981,1825.0005106642222
53982,1825.0005106642222
53983,1825.0005106642222
53984,1825.0005106642222
53985,1825.0005106642222
53986,1825.0005106642222
53987,1825.0005106642222
53988,1825.0005106642222
53989,1825.0005106642222
53990,1825.0005106642222
53991,1825.0005106642222
53992,1825.0005106642222
53993,1825.0005106642222
53994,1825.0005106642222
53995,1825.0005106642222
53996,1825.0005106642222
53997,1825.0005106642222
53998,1825.0005106642222
53999,1825.0005106642222
54000,1825.0005106642222
54001,1825.0005106642222
54002,1825.0005106642222
54003,1825.0005106642222
54004,1825.0005106642222
54005,1825.0005106642222
54006,1825.0005106642222
54007,1825.0005106642222
54008,1825.0005106642222
54009,1825.0005106642222
54010,1825.0005106642222
54011,1825.0005106642222
54012,1825.0005106642222
54013,1825.0005106642222
54014,1825.0005106642222
54015,1825.0005106642222
54016,1825.0005106642222
54017,1825.0005106642222
54018,1825.0005106642222
54019,1825.0005106642222
54020,1825.0005106642222
54021,1825.0005106642222
54022,1825.0005106642222
54023,1825.0005106642222
54024,1825.0005106642222
54025,1825.0005106642222
54026,1825.0005106642222
54027,1825.0005106642222
54028,1825.0005106642222
54029,1825.0005106642222
54030,1825.0005106642222
54031,1825.0005106642222
54032,1825.0005106642222
54033,1825.0005106642222
54034,1825.0005106642222
54035,1825.0005106642222
54036,1825.0005106642222
54037,1825.0005106642222
54038,1825.0005106642222
54039,1825.0005106642222
54040,1825.0005106642222
54041,1825.0005106642222
54042,1825.0005106642222
54043,1825.0005106642222
54044,1825.0005106642222
54045,1825.0005106642222
54046,1825.0005106642222
54047,1825.0005106642222
54048,1825.0005106642222
54049,1825.0005106642222
54050,1825.0005106642222
54051,1825.0005106642222
54052,1825.0005106642222
54053,1825.0005106642222
54054,1825.0005106642222
54055,1825.0005106642222
54056,1825.0005106642222
54057,1825.0005106642222
54058,1825.0005106642222
54059,1825.0005106642222
54060,1825.0005106642222
54061,1825.0005106642222
54062,1825.0005106642222
54063,1825.0005106642222
54064,1825.0005106642222
54065,1825.0005106642222
54066,1825.0005106642222
54067,1825.0005106642222
54068,1825.0005106642222
54069,1825.0005106642222
54070,1825.0005106642222
54071,1825.0005106642222
54072,1825.0005106642222
54073,1825.0005106642222
54074,1825.0005106642222
54075,1825.0005106642222
54076,1825.0005106642222
54077,1825.0005106642222
54078,1825.0005106642222
54079,1825.0005106642222
54080,1825.0005106642222
54081,1825.0005106642222
54082,1825.0005106642222
54083,1825.0005106642222
54084,1825.0005106642222
54085,1825.0005106642222
54086,1825.0005106642222
54087,1825.0005106642222
54088,1825.0005106642222
54089,1825.0005106642222
54090,1825.0005106642222
54091,1825.0005106642222
54092,1825.0005106642222
54093,1825.0005106642222
54094,1825.0005106642222
54095,1825.0005106642222
54096,1825.0005106642222
54097,1825.0005106642222
54098,1825.0005106642222
54099,1825.0005106642222
54100,1825.0005106642222
54101,1825.0005106642222
54102,1825.0005106642222
54103,1825.0005106642222
54104,1825.0005106642222
54105,1825.0005106642222
54106,1825.0005106642222
54107,1825.0005106642222
54108,1825.0005106642222
54109,1825.0005106642222
54110,1825.0005106642222
54111,1825.0005106642222
54112,1825.0005106642222
54113,1825.0005106642222
54114,1825.0005106642222
54115,1825.0005106642222
54116,1825.0005106642222
54117,1825.0005106642222
54118,1825.0005106642222
54119,1825.0005106642222
54120,1825.0005106642222
54121,1825.0005106642222
54122,1825.0005106642222
54123,1825.0005106642222
54124,1825.0005106642222
54125,1825.0005106642222
54126,1825.0005106642222
54127,1825.0005106642222
54128,1825.0005106642222
54129,1825.0005106642222
54130,1825.0005106642222
54131,1825.0005106642222
54132,1825.0005106642222
54133,1825.0005106642222
54134,1825.0005106642222
54135,1825.0005106642222
54136,1825.0005106642222
54137,1825.0005106642222
54138,1825.0005106642222
54139,1825.0005106642222
54140,1825.0005106642222
54141,1825.0005106642222
54142,1825.0005106642222
54143,1825.0005106642222
54144,1825.0005106642222
54145,1825.0005106642222
54146,1825.0005106642222
54147,1825.0005106642222
54148,1825.0005106642222
54149,1825.0005106642222
54150,1825.0005106642222
54151,1825.0005106642222
54152,1825.0005106642222
54153,1825.0005106642222
54154,1825.0005106642222
54155,1825.0005106642222
54156,1825.0005106642222
54157,1825.0005106642222
54158,1825.0005106642222
54159,1825.0005106642222
54160,1825.0005106642222
54161,1825.0005106642222
54162,1825.0005106642222
54163,1825.0005106642222
54164,1825.0005106642222
54165,1825.0005106642222
54166,1825.0005106642222
54167,1825.0005106642222
54168,1825.0005106642222
54169,1825.0005106642222
54170,1825.0005106642222
54171,1825.0005106642222
54172,1825.0005106642222
54173,1825.0005106642222
54174,1825.0005106642222
54175,1825.0005106642222
54176,1825.0005106642222
54177,1825.0005106642222
54178,1825.0005106642222
54179,1825.0005106642222
54180,1825.0005106642222
54181,1825.0005106642222
54182,1825.0005106642222
54183,1825.0005106642222
54184,1825.0005106642222
54185,1825.0005106642222
54186,1825.0005106642222
54187,1825.0005106642222
54188,1825.0005106642222
54189,1825.0005106642222
54190,1825.0005106642222
54191,1825.0005106642222
54192,1825.0005106642222
54193,1825.0005106642222
54194,1825.0005106642222
54195,1825.0005106642222
54196,1825.0005106642222
54197,1825.0005106642222
54198,1825.0005106642222
54199,1825.0005106642222
54200,1825.0005106642222
54201,1825.0005106642222
54202,1825.0005106642222
54203,1825.0005106642222
54204,1825.0005106642222
54205,1825.0005106642222
54206,1825.0005106642222
54207,1825.0005106642222
54208,1825.0005106642222
54209,1825.0005106642222
54210,1825.0005106642222
54211,1825.0005106642222
54212,1825.0005106642222
54213,1825.0005106642222
54214,1825.0005106642222
54215,1825.0005106642222
54216,1825.0005106642222
54217,1825.0005106642222
54218,1825.0005106642222
54219,1825.0005106642222
54220,1825.0005106642222
54221,1825.0005106642222
54222,1825.0005106642222
54223,1825.0005106642222
54224,1825.0005106642222
54225,1825.0005106642222
54226,1825.0005106642222
54227,1825.0005106642222
54228,1825.0005106642222
54229,1825.0005106642222
54230,1825.0005106642222
54231,1825.0005106642222
54232,1825.0005106642222
54233,1825.0005106642222
54234,1825.0005106642222
54235,1825.0005106642222
54236,1825.0005106642222
54237,1825.0005106642222
54238,1825.0005106642222
54239,1825.0005106642222
54240,1825.0005106642222
54241,1825.0005106642222
54242,1825.0005106642222
54243,1825.0005106642222
54244,1825.0005106642222
54245,1825.0005106642222
54246,1825.0005106642222
54247,1825.0005106642222
54248,1825.0005106642222
54249,1825.0005106642222
54250,1825.0005106642222
54251,1825.0005106642222
54252,1825.0005106642222
54253,1825.0005106642222
54254,1825.0005106642222
54255,1825.0005106642222
54256,1825.0005106642222
54257,1825.0005106642222
54258,1825.0005106642222
54259,1825.0005106642222
54260,1825.0005106642222
54261,1825.0005106642222
54262,1825.0005106642222
54263,1825.0005106642222
54264,1825.0005106642222
54265,1825.0005106642222
54266,1825.0005106642222
54267,1825.0005106642222
54268,1825.0005106642222
54269,1825.0005106642222
54270,1825.0005106642222
54271,1825.0005106642222
54272,1825.0005106642222
54273,1825.0005106642222
54274,1825.0005106642222
54275,1825.0005106642222
54276,1825.0005106642222
54277,1825.0005106642222
54278,1825.0005106642222
54279,1825.0005106642222
54280,1825.0005106642222
54281,1825.0005106642222
54282,1825.0005106642222
54283,1825.0005106642222
54284,1825.0005106642222
54285,1825.0005106642222
54286,1825.0005106642222
54287,1825.0005106642222
54288,1825.0005106642222
54289,1825.0005106642222
54290,1825.0005106642222
54291,1825.0005106642222
54292,1825.0005106642222
54293,1825.0005106642222
54294,1825.0005106642222
54295,1825.0005106642222
54296,1825.0005106642222
54297,1825.0005106642222
54298,1825.0005106642222
54299,1825.0005106642222
54300,1825.0005106642222
54301,1825.0005106642222
54302,1825.0005106642222
54303,1825.0005106642222
54304,1825.0005106642222
54305,1825.0005106642222
54306,1825.0005106642222
54307,1825.0005106642222
54308,1825.0005106642222
54309,1825.0005106642222
54310,1825.0005106642222
54311,1825.0005106642222
54312,1825.0005106642222
54313,1825.0005106642222
54314,1825.0005106642222
54315,1825.0005106642222
54316,1825.0005106642222
54317,1825.0005106642222
54318,1825.0005106642222
54319,1825.0005106642222
54320,1825.0005106642222
54321,1825.0005106642222
54322,1825.0005106642222
54323,1825.0005106642222
54324,1825.0005106642222
54325,1825.0005106642222
54326,1825.0005106642222
54327,1825.0005106642222
54328,1825.0005106642222
54329,1825.0005106642222
54330,1825.0005106642222
54331,1825.0005106642222
54332,1825.0005106642222
54333,1825.0005106642222
54334,1825.0005106642222
54335,1825.0005106642222
54336,1825.0005106642222
54337,1825.0005106642222
54338,1825.0005106642222
54339,1825.0005106642222
54340,1825.0005106642222
54341,1825.0005106642222
54342,1825.0005106642222
54343,1825.0005106642222
54344,1825.0005106642222
54345,1825.0005106642222
54346,1825.0005106642222
54347,1825.0005106642222
54348,1825.0005106642222
54349,1825.0005106642222
54350,1825.0005106642222
54351,1825.0005106642222
54352,1825.0005106642222
54353,1825.0005106642222
54354,1825.0005106642222
54355,1825.0005106642222
54356,1825.0005106642222
54357,1825.0005106642222
54358,1825.0005106642222
54359,1825.0005106642222
54360,1825.0005106642222
54361,1825.0005106642222
54362,1825.0005106642222
54363,1825.0005106642222
54364,1825.0005106642222
54365,1825.0005106642222
54366,1825.0005106642222
54367,1825.0005106642222
54368,1825.0005106642222
54369,1825.0005106642222
54370,1825.0005106642222
54371,1825.0005106642222
54372,1825.0005106642222
54373,1825.0005106642222
54374,1825.0005106642222
54375,1825.0005106642222
54376,1825.0005106642222
54377,1825.0005106642222
54378,1825.0005106642222
54379,1825.0005106642222
54380,1825.0005106642222
54381,1825.0005106642222
54382,1825.0005106642222
54383,1825.0005106642222
54384,1825.0005106642222
54385,1825.0005106642222
54386,1825.0005106642222
54387,1825.0005106642222
54388,1825.0005106642222
54389,1825.0005106642222
54390,1825.0005106642222
54391,1825.0005106642222
54392,1825.0005106642222
54393,1825.0005106642222
54394,1825.0005106642222
54395,1825.0005106642222
54396,1825.0005106642222
54397,1825.0005106642222
54398,1825.0005106642222
54399,1825.0005106642222
54400,1825.0005106642222
54401,1825.0005106642222
54402,1825.0005106642222
54403,1825.0005106642222
54404,1825.0005106642222
54405,1825.0005106642222
54406,1825.0005106642222
54407,1825.0005106642222
54408,1825.0005106642222
54409,1825.0005106642222
54410,1825.0005106642222
54411,1825.0005106642222
54412,1825.0005106642222
54413,1825.0005106642222
54414,1825.0005106642222
54415,1825.0005106642222
54416,1825.0005106642222
54417,1825.0005106642222
54418,1825.0005106642222
54419,1825.0005106642222
54420,1825.0005106642222
54421,1825.0005106642222
54422,1825.0005106642222
54423,1825.0005106642222
54424,1825.0005106642222
54425,1825.0005106642222
54426,1825.0005106642222
54427,1825.0005106642222
54428,1825.0005106642222
54429,1825.0005106642222
54430,1825.0005106642222
54431,1825.0005106642222
54432,1825.0005106642222
54433,1825.0005106642222
54434,1825.0005106642222
54435,1825.0005106642222
54436,1825.0005106642222
54437,1825.0005106642222
54438,1825.0005106642222
54439,1825.0005106642222
54440,1825.0005106642222
54441,1825.0005106642222
54442,1825.0005106642222
54443,1825.0005106642222
54444,1825.0005106642222
54445,1825.0005106642222
54446,1825.0005106642222
54447,1825.0005106642222
54448,1825.0005106642222
54449,1825.0005106642222
54450,1825.0005106642222
54451,1825.0005106642222
54452,1825.0005106642222
54453,1825.0005106642222
54454,1825.0005106642222
54455,1825.0005106642222
54456,1825.0005106642222
54457,1825.0005106642222
54458,1825.0005106642222
54459,1825.0005106642222
54460,1825.0005106642222
54461,1825.0005106642222
54462,1825.0005106642222
54463,1825.0005106642222
54464,1825.0005106642222
54465,1825.0005106642222
54466,1825.0005106642222
54467,1825.0005106642222
54468,1825.0005106642222
54469,1825.0005106642222
54470,1825.0005106642222
54471,1825.0005106642222
54472,1825.0005106642222
54473,1825.0005106642222
54474,1825.0005106642222
54475,1825.0005106642222
54476,1825.0005106642222
54477,1825.0005106642222
54478,1825.0005106642222
54479,1825.0005106642222
54480,1825.0005106642222
54481,1825.0005106642222
54482,1825.0005106642222
54483,1825.0005106642222
54484,1825.0005106642222
54485,1825.0005106642222
54486,1825.0005106642222
54487,1825.0005106642222
54488,1825.0005106642222
54489,1825.0005106642222
54490,1825.0005106642222
54491,1825.0005106642222
54492,1825.0005106642222
54493,1825.0005106642222
54494,1825.0005106642222
54495,1825.0005106642222
54496,1825.0005106642222
54497,1825.0005106642222
54498,1825.0005106642222
54499,1825.0005106642222
54500,1825.0005106642222
54501,1825.0005106642222
54502,1825.0005106642222
54503,1825.0005106642222
54504,1825.0005106642222
54505,1825.0005106642222
54506,1825.0005106642222
54507,1825.0005106642222
54508,1825.0005106642222
54509,1825.0005106642222
54510,1825.0005106642222
54511,1825.0005106642222
54512,1825.0005106642222
54513,1825.0005106642222
54514,1825.0005106642222
54515,1825.0005106642222
54516,1825.0005106642222
54517,1825.0005106642222
54518,1825.0005106642222
54519,1825.0005106642222
54520,1825.0005106642222
54521,1825.0005106642222
54522,1825.0005106642222
54523,1825.0005106642222
54524,1825.0005106642222
54525,1825.0005106642222
54526,1825.0005106642222
54527,1825.0005106642222
54528,1825.0005106642222
54529,1825.0005106642222
54530,1825.0005106642222
54531,1825.0005106642222
54532,1825.0005106642222
54533,1825.0005106642222
54534,1825.0005106642222
54535,1825.0005106642222
54536,1825.0005106642222
54537,1825.0005106642222
54538,1825.0005106642222
54539,1825.0005106642222
54540,1825.0005106642222
54541,1825.0005106642222
54542,1825.0005106642222
54543,1825.0005106642222
54544,1825.0005106642222
54545,1825.0005106642222
54546,1825.0005106642222
54547,1825.0005106642222
54548,1825.0005106642222
54549,1825.0005106642222
54550,1825.0005106642222
54551,1825.0005106642222
54552,1825.0005106642222
54553,1825.0005106642222
54554,1825.0005106642222
54555,1825.0005106642222
54556,1825.0005106642222
54557,1825.0005106642222
54558,1825.0005106642222
54559,1825.0005106642222
54560,1825.0005106642222
54561,1825.0005106642222
54562,1825.0005106642222
54563,1825.0005106642222
54564,1825.0005106642222
54565,1825.0005106642222
54566,1825.0005106642222
54567,1825.0005106642222
54568,1825.0005106642222
54569,1825.0005106642222
54570,1825.0005106642222
54571,1825.0005106642222
54572,1825.0005106642222
54573,1825.0005106642222
54574,1825.0005106642222
54575,1825.0005106642222
54576,1825.0005106642222
54577,1825.0005106642222
54578,1825.0005106642222
54579,1825.0005106642222
54580,1825.0005106642222
54581,1825.0005106642222
54582,1825.0005106642222
54583,1825.0005106642222
54584,1825.0005106642222
54585,1825.0005106642222
54586,1825.0005106642222
54587,1825.0005106642222
54588,1825.0005106642222
54589,1825.0005106642222
54590,1825.0005106642222
54591,1825.0005106642222
54592,1825.0005106642222
54593,1825.0005106642222
54594,1825.0005106642222
54595,1825.0005106642222
54596,1825.0005106642222
54597,1825.0005106642222
54598,1825.0005106642222
54599,1825.0005106642222
54600,1825.0005106642222
54601,1825.0005106642222
54602,1825.0005106642222
54603,1825.0005106642222
54604,1825.0005106642222
54605,1825.0005106642222
54606,1825.0005106642222
54607,1825.0005106642222
54608,1825.0005106642222
54609,1825.0005106642222
54610,1825.0005106642222
54611,1825.0005106642222
54612,1825.0005106642222
54613,1825.0005106642222
54614,1825.0005106642222
54615,1825.0005106642222
54616,1825.0005106642222
54617,1825.0005106642222
54618,1825.0005106642222
54619,1825.0005106642222
54620,1825.0005106642222
54621,1825.0005106642222
54622,1825.0005106642222
54623,1825.0005106642222
54624,1825.0005106642222
54625,1825.0005106642222
54626,1825.0005106642222
54627,1825.0005106642222
54628,1825.0005106642222
54629,1825.0005106642222
54630,1825.0005106642222
54631,1825.0005106642222
54632,1825.0005106642222
54633,1825.0005106642222
54634,1825.0005106642222
54635,1825.0005106642222
54636,1825.0005106642222
54637,1825.0005106642222
54638,1825.0005106642222
54639,1825.0005106642222
54640,1825.0005106642222
54641,1825.0005106642222
54642,1825.0005106642222
54643,1825.0005106642222
54644,1825.0005106642222
54645,1825.0005106642222
54646,1825.0005106642222
54647,1825.0005106642222
54648,1825.0005106642222
54649,1825.0005106642222
54650,1825.0005106642222
54651,1825.0005106642222
54652,1825.0005106642222
54653,1825.0005106642222
54654,1825.0005106642222
54655,1825.0005106642222
54656,1825.0005106642222
54657,1825.0005106642222
54658,1825.0005106642222
54659,1825.0005106642222
54660,1825.0005106642222
54661,1825.0005106642222
54662,1825.0005106642222
54663,1825.0005106642222
54664,1825.0005106642222
54665,1825.0005106642222
54666,1825.0005106642222
54667,1825.0005106642222
54668,1825.0005106642222
54669,1825.0005106642222
54670,1825.0005106642222
54671,1825.0005106642222
54672,1825.0005106642222
54673,1825.0005106642222
54674,1825.0005106642222
54675,1825.0005106642222
54676,1825.0005106642222
54677,1825.0005106642222
54678,1825.0005106642222
54679,1825.0005106642222
54680,1825.0005106642222
54681,1825.0005106642222
54682,1825.0005106642222
54683,1825.0005106642222
54684,1825.0005106642222
54685,1825.0005106642222
54686,1825.0005106642222
54687,1825.0005106642222
54688,1825.0005106642222
54689,1825.0005106642222
54690,1825.0005106642222
54691,1825.0005106642222
54692,1825.0005106642222
54693,1825.0005106642222
54694,1825.0005106642222
54695,1825.0005106642222
54696,1825.0005106642222
54697,1825.0005106642222
54698,1825.0005106642222
54699,1825.0005106642222
54700,1825.0005106642222
54701,1825.0005106642222
54702,1825.0005106642222
54703,1825.0005106642222
54704,1825.0005106642222
54705,1825.0005106642222
54706,1825.0005106642222
54707,1825.0005106642222
54708,1825.0005106642222
54709,1825.0005106642222
54710,1825.0005106642222
54711,1825.0005106642222
54712,1825.0005106642222
54713,1825.0005106642222
54714,1825.0005106642222
54715,1825.0005106642222
54716,1825.0005106642222
54717,1825.0005106642222
54718,1825.0005106642222
54719,1825.0005106642222
54720,1825.0005106642222
54721,1825.0005106642222
54722,1825.0005106642222
54723,1825.0005106642222
54724,1825.0005106642222
54725,1825.0005106642222
54726,1825.0005106642222
54727,1825.0005106642222
54728,1825.0005106642222
54729,1825.0005106642222
54730,1825.0005106642222
54731,1825.0005106642222
54732,1825.0005106642222
54733,1825.0005106642222
54734,1825.0005106642222
54735,1825.0005106642222
54736,1825.0005106642222
54737,1825.0005106642222
54738,1825.0005106642222
54739,1825.0005106642222
54740,1825.0005106642222
54741,1825.0005106642222
54742,1825.0005106642222
54743,1825.0005106642222
54744,1825.0005106642222
54745,1825.0005106642222
54746,1825.0005106642222
54747,1825.0005106642222
54748,1825.0005106642222
54749,1825.0005106642222
54750,1825.0005106642222
54751,1825.0005106642222
54752,1825.0005106642222
54753,1825.0005106642222
54754,1825.0005106642222
54755,1825.0005106642222
54756,1825.0005106642222
54757,1825.0005106642222
54758,1825.0005106642222
54759,1825.0005106642222
54760,1825.0005106642222
54761,1825.0005106642222
54762,1825.0005106642222
54763,1825.0005106642222
54764,1825.0005106642222
54765,1825.0005106642222
54766,1825.0005106642222
54767,1825.0005106642222
54768,1825.0005106642222
54769,1825.0005106642222
54770,1825.0005106642222
54771,1825.0005106642222
54772,1825.0005106642222
54773,1825.0005106642222
54774,1825.0005106642222
54775,1825.0005106642222
54776,1825.0005106642222
54777,1825.0005106642222
54778,1825.0005106642222
54779,1825.0005106642222
54780,1825.0005106642222
54781,1825.0005106642222
54782,1825.0005106642222
54783,1825.0005106642222
54784,1825.0005106642222
54785,1825.0005106642222
54786,1825.0005106642222
54787,1825.0005106642222
54788,1825.0005106642222
54789,1825.0005106642222
54790,1825.0005106642222
54791,1825.0005106642222
54792,1825.0005106642222
54793,1825.0005106642222
54794,1825.0005106642222
54795,1825.0005106642222
54796,1825.0005106642222
54797,1825.0005106642222
54798,1825.0005106642222
54799,1825.0005106642222
54800,1825.0005106642222
54801,1825.0005106642222
54802,1825.0005106642222
54803,1825.0005106642222
54804,1825.0005106642222
54805,1825.0005106642222
54806,1825.0005106642222
54807,1825.0005106642222
54808,1825.0005106642222
54809,1825.0005106642222
54810,1825.0005106642222
54811,1825.0005106642222
54812,1825.0005106642222
54813,1825.0005106642222
54814,1825.0005106642222
54815,1825.0005106642222
54816,1825.0005106642222
54817,1825.0005106642222
54818,1825.0005106642222
54819,1825.0005106642222
54820,1825.0005106642222
54821,1825.0005106642222
54822,1825.0005106642222
54823,1825.0005106642222
54824,1825.0005106642222
54825,1825.0005106642222
54826,1825.0005106642222
54827,1825.0005106642222
54828,1825.0005106642222
54829,1825.0005106642222
54830,1825.0005106642222
54831,1825.0005106642222
54832,1825.0005106642222
54833,1825.0005106642222
54834,1825.0005106642222
54835,1825.0005106642222
54836,1825.0005106642222
54837,1825.0005106642222
54838,1825.0005106642222
54839,1825.0005106642222
54840,1825.0005106642222
54841,1825.0005106642222
54842,1825.0005106642222
54843,1825.0005106642222
54844,1825.0005106642222
54845,1825.0005106642222
54846,1825.0005106642222
54847,1825.0005106642222
54848,1825.0005106642222
54849,1825.0005106642222
54850,1825.0005106642222
54851,1825.0005106642222
54852,1825.0005106642222
54853,1825.0005106642222
54854,1825.0005106642222
54855,1825.0005106642222
54856,1825.0005106642222
54857,1825.0005106642222
54858,1825.0005106642222
54859,1825.0005106642222
54860,1825.0005106642222
54861,1825.0005106642222
54862,1825.0005106642222
54863,1825.0005106642222
54864,1825.0005106642222
54865,1825.0005106642222
54866,1825.0005106642222
54867,1825.0005106642222
54868,1825.0005106642222
54869,1825.0005106642222
54870,1825.0005106642222
54871,1825.0005106642222
54872,1825.0005106642222
54873,1825.0005106642222
54874,1825.0005106642222
54875,1825.0005106642222
54876,1825.0005106642222
54877,1825.0005106642222
54878,1825.0005106642222
54879,1825.0005106642222
54880,1825.0005106642222
54881,1825.0005106642222
54882,1825.0005106642222
54883,1825.0005106642222
54884,1825.0005106642222
54885,1825.0005106642222
54886,1825.0005106642222
54887,1825.0005106642222
54888,1825.0005106642222
54889,1825.0005106642222
54890,1825.0005106642222
54891,1825.0005106642222
54892,1825.0005106642222
54893,1825.0005106642222
54894,1825.0005106642222
54895,1825.0005106642222
54896,1825.0005106642222
54897,1825.0005106642222
54898,1825.0005106642222
54899,1825.0005106642222
54900,1825.0005106642222
54901,1825.0005106642222
54902,1825.0005106642222
54903,1825.0005106642222
54904,1825.0005106642222
54905,1825.0005106642222
54906,1825.0005106642222
54907,1825.0005106642222
54908,1825.0005106642222
54909,1825.0005106642222
54910,1825.0005106642222
54911,1825.0005106642222
54912,1825.0005106642222
54913,1825.0005106642222
54914,1825.0005106642222
54915,1825.0005106642222
54916,1825.0005106642222
54917,1825.0005106642222
54918,1825.0005106642222
54919,1825.0005106642222
54920,1825.0005106642222
54921,1825.0005106642222
54922,1825.0005106642222
54923,1825.0005106642222
54924,1825.0005106642222
54925,1825.0005106642222
54926,1825.0005106642222
54927,1825.0005106642222
54928,1825.0005106642222
54929,1825.0005106642222
54930,1825.0005106642222
54931,1825.0005106642222
54932,1825.0005106642222
54933,1825.0005106642222
54934,1825.0005106642222
54935,1825.0005106642222
54936,1825.0005106642222
54937,1825.0005106642222
54938,1825.0005106642222
54939,1825.0005106642222
54940,1825.0005106642222
54941,1825.0005106642222
54942,1825.0005106642222
54943,1825.0005106642222
54944,1825.0005106642222
54945,1825.0005106642222
54946,1825.0005106642222
54947,1825.0005106642222
54948,1825.0005106642222
54949,1825.0005106642222
54950,1825.0005106642222
54951,1825.0005106642222
54952,1825.0005106642222
54953,1825.0005106642222
54954,1825.0005106642222
54955,1825.0005106642222
54956,1825.0005106642222
54957,1825.0005106642222
54958,1825.0005106642222
54959,1825.0005106642222
54960,1825.0005106642222
54961,1825.0005106642222
54962,1825.0005106642222
54963,1825.0005106642222
54964,1825.0005106642222
54965,1825.0005106642222
54966,1825.0005106642222
54967,1825.0005106642222
54968,1825.0005106642222
54969,1825.0005106642222
54970,1825.0005106642222
54971,1825.0005106642222
54972,1825.0005106642222
54973,1825.0005106642222
54974,1825.0005106642222
54975,1825.0005106642222
54976,1825.0005106642222
54977,1825.0005106642222
54978,1825.0005106642222
54979,1825.0005106642222
54980,1825.0005106642222
54981,1825.0005106642222
54982,1825.0005106642222
54983,1825.0005106642222
54984,1825.0005106642222
54985,1825.0005106642222
54986,1825.0005106642222
54987,1825.0005106642222
54988,1825.0005106642222
54989,1825.0005106642222
54990,1825.0005106642222
54991,1825.0005106642222
54992,1825.0005106642222
54993,1825.0005106642222
54994,1825.0005106642222
54995,1825.0005106642222
54996,1825.0005106642222
54997,1825.0005106642222
54998,1825.0005106642222
54999,1825.0005106642222
55000,1825.0005106642222
55001,1825.0005106642222
55002,1825.0005106642222
55003,1825.0005106642222
55004,1825.0005106642222
55005,1825.0005106642222
55006,1825.0005106642222
55007,1825.0005106642222
55008,1825.0005106642222
55009,1825.0005106642222
55010,1825.0005106642222
55011,1825.0005106642222
55012,1825.0005106642222
55013,1825.0005106642222
55014,1825.0005106642222
55015,1825.0005106642222
55016,1825.0005106642222
55017,1825.0005106642222
55018,1825.0005106642222
55019,1825.0005106642222
55020,1825.0005106642222
55021,1825.0005106642222
55022,1825.0005106642222
55023,1825.0005106642222
55024,1825.0005106642222
55025,1825.0005106642222
55026,1825.0005106642222
55027,1825.0005106642222
55028,1825.0005106642222
55029,1825.0005106642222
55030,1825.0005106642222
55031,1825.0005106642222
55032,1825.0005106642222
55033,1825.0005106642222
55034,1825.0005106642222
55035,1825.0005106642222
55036,1825.0005106642222
55037,1825.0005106642222
55038,1825.0005106642222
55039,1825.0005106642222
55040,1825.0005106642222
55041,1825.0005106642222
55042,1825.0005106642222
55043,1825.0005106642222
55044,1825.0005106642222
55045,1825.0005106642222
55046,1825.0005106642222
55047,1825.0005106642222
55048,1825.0005106642222
55049,1825.0005106642222
55050,1825.0005106642222
55051,1825.0005106642222
55052,1825.0005106642222
55053,1825.0005106642222
55054,1825.0005106642222
55055,1825.0005106642222
55056,1825.0005106642222
55057,1825.0005106642222
55058,1825.0005106642222
55059,1825.0005106642222
55060,1825.0005106642222
55061,1825.0005106642222
55062,1825.0005106642222
55063,1825.0005106642222
55064,1825.0005106642222
55065,1825.0005106642222
55066,1825.0005106642222
55067,1825.0005106642222
55068,1825.0005106642222
55069,1825.0005106642222
55070,1825.0005106642222
55071,1825.0005106642222
55072,1825.0005106642222
55073,1825.0005106642222
55074,1825.0005106642222
55075,1825.0005106642222
55076,1825.0005106642222
55077,1825.0005106642222
55078,1825.0005106642222
55079,1825.0005106642222
55080,1825.0005106642222
55081,1825.0005106642222
55082,1825.0005106642222
55083,1825.0005106642222
55084,1825.0005106642222
55085,1825.0005106642222
55086,1825.0005106642222
55087,1825.0005106642222
55088,1825.0005106642222
55089,1825.0005106642222
55090,1825.0005106642222
55091,1825.0005106642222
55092,1825.0005106642222
55093,1825.0005106642222
55094,1825.0005106642222
55095,1825.0005106642222
55096,1825.0005106642222
55097,1825.0005106642222
55098,1825.0005106642222
55099,1825.0005106642222
55100,1825.0005106642222
55101,1825.0005106642222
55102,1825.0005106642222
55103,1825.0005106642222
55104,1825.0005106642222
55105,1825.0005106642222
55106,1825.0005106642222
55107,1825.0005106642222
55108,1825.0005106642222
55109,1825.0005106642222
55110,1825.0005106642222
55111,1825.0005106642222
55112,1825.0005106642222
55113,1825.0005106642222
55114,1825.0005106642222
55115,1825.0005106642222
55116,1825.0005106642222
55117,1825.0005106642222
55118,1825.0005106642222
55119,1825.0005106642222
55120,1825.0005106642222
55121,1825.0005106642222
55122,1825.0005106642222
55123,1825.0005106642222
55124,1825.0005106642222
55125,1825.0005106642222
55126,1825.0005106642222
55127,1825.0005106642222
55128,1825.0005106642222
55129,1825.0005106642222
55130,1825.0005106642222
55131,1825.0005106642222
55132,1825.0005106642222
55133,1825.0005106642222
55134,1825.0005106642222
55135,1825.0005106642222
55136,1825.0005106642222
55137,1825.0005106642222
55138,1825.0005106642222
55139,1825.0005106642222
55140,1825.0005106642222
55141,1825.0005106642222
55142,1825.0005106642222
55143,1825.0005106642222
55144,1825.0005106642222
55145,1825.0005106642222
55146,1825.0005106642222
55147,1825.0005106642222
55148,1825.0005106642222
55149,1825.0005106642222
55150,1825.0005106642222
55151,1825.0005106642222
55152,1825.0005106642222
55153,1825.0005106642222
55154,1825.0005106642222
55155,1825.0005106642222
55156,1825.0005106642222
55157,1825.0005106642222
55158,1825.0005106642222
55159,1825.0005106642222
55160,1825.0005106642222
55161,1825.0005106642222
55162,1825.0005106642222
55163,1825.0005106642222
55164,1825.0005106642222
55165,1825.0005106642222
55166,1825.0005106642222
55167,1825.0005106642222
55168,1825.0005106642222
55169,1825.0005106642222
55170,1825.0005106642222
55171,1825.0005106642222
55172,1825.0005106642222
55173,1825.0005106642222
55174,1825.0005106642222
55175,1825.0005106642222
55176,1825.0005106642222
55177,1825.0005106642222
55178,1825.0005106642222
55179,1825.0005106642222
55180,1825.0005106642222
55181,1825.0005106642222
55182,1825.0005106642222
55183,1825.0005106642222
55184,1825.0005106642222
55185,1825.0005106642222
55186,1825.0005106642222
55187,1825.0005106642222
55188,1825.0005106642222
55189,1825.0005106642222
55190,1825.0005106642222
55191,1825.0005106642222
55192,1825.0005106642222
55193,1825.0005106642222
55194,1825.0005106642222
55195,1825.0005106642222
55196,1825.0005106642222
55197,1825.0005106642222
55198,1825.0005106642222
55199,1825.0005106642222
55200,1825.0005106642222
55201,1825.0005106642222
55202,1825.0005106642222
55203,1825.0005106642222
55204,1825.0005106642222
55205,1825.0005106642222
55206,1825.0005106642222
55207,1825.0005106642222
55208,1825.0005106642222
55209,1825.0005106642222
55210,1825.0005106642222
55211,1825.0005106642222
55212,1825.0005106642222
55213,1825.0005106642222
55214,1825.0005106642222
55215,1825.0005106642222
55216,1825.0005106642222
55217,1825.0005106642222
55218,1825.0005106642222
55219,1825.0005106642222
55220,1825.0005106642222
55221,1825.0005106642222
55222,1825.0005106642222
55223,1825.0005106642222
55224,1825.0005106642222
55225,1825.0005106642222
55226,1825.0005106642222
55227,1825.0005106642222
55228,1825.0005106642222
55229,1825.0005106642222
55230,1825.0005106642222
55231,1825.0005106642222
55232,1825.0005106642222
55233,1825.0005106642222
55234,1825.0005106642222
55235,1825.0005106642222
55236,1825.0005106642222
55237,1825.0005106642222
55238,1825.0005106642222
55239,1825.0005106642222
55240,1825.0005106642222
55241,1825.0005106642222
55242,1825.0005106642222
55243,1825.0005106642222
55244,1825.0005106642222
55245,1825.0005106642222
55246,1825.0005106642222
55247,1825.0005106642222
55248,1825.0005106642222
55249,1825.0005106642222
55250,1825.0005106642222
55251,1825.0005106642222
55252,1825.0005106642222
55253,1825.0005106642222
55254,1825.0005106642222
55255,1825.0005106642222
55256,1825.0005106642222
55257,1825.0005106642222
55258,1825.0005106642222
55259,1825.0005106642222
55260,1825.0005106642222
55261,1825.0005106642222
55262,1825.0005106642222
55263,1825.0005106642222
55264,1825.0005106642222
55265,1825.0005106642222
55266,1825.0005106642222
55267,1825.0005106642222
55268,1825.0005106642222
55269,1825.0005106642222
55270,1825.0005106642222
55271,1825.0005106642222
55272,1825.0005106642222
55273,1825.0005106642222
55274,1825.0005106642222
55275,1825.0005106642222
55276,1825.0005106642222
55277,1825.0005106642222
55278,1825.0005106642222
55279,1825.0005106642222
55280,1825.0005106642222
55281,1825.0005106642222
55282,1825.0005106642222
55283,1825.0005106642222
55284,1825.0005106642222
55285,1825.0005106642222
55286,1825.0005106642222
55287,1825.0005106642222
55288,1825.0005106642222
55289,1825.0005106642222
55290,1825.0005106642222
55291,1825.0005106642222
55292,1825.0005106642222
55293,1825.0005106642222
55294,1825.0005106642222
55295,1825.0005106642222
55296,1825.0005106642222
55297,1825.0005106642222
55298,1825.0005106642222
55299,1825.0005106642222
55300,1825.0005106642222
55301,1825.0005106642222
55302,1825.0005106642222
55303,1825.0005106642222
55304,1825.0005106642222
55305,1825.0005106642222
55306,1825.0005106642222
55307,1825.0005106642222
55308,1825.0005106642222
55309,1825.0005106642222
55310,1825.0005106642222
55311,1825.0005106642222
55312,1825.0005106642222
55313,1825.0005106642222
55314,1825.0005106642222
55315,1825.0005106642222
55316,1825.0005106642222
55317,1825.0005106642222
55318,1825.0005106642222
55319,1825.0005106642222
55320,1825.0005106642222
55321,1825.0005106642222
55322,1825.0005106642222
55323,1825.0005106642222
55324,1825.0005106642222
55325,1825.0005106642222
55326,1825.0005106642222
55327,1825.0005106642222
55328,1825.0005106642222
55329,1825.0005106642222
55330,1825.0005106642222
55331,1825.0005106642222
55332,1825.0005106642222
55333,1825.0005106642222
55334,1825.0005106642222
55335,1825.0005106642222
55336,1825.0005106642222
55337,1825.0005106642222
55338,1825.0005106642222
55339,1825.0005106642222
55340,1825.0005106642222
55341,1825.0005106642222
55342,1825.0005106642222
55343,1825.0005106642222
55344,1825.0005106642222
55345,1825.0005106642222
55346,1825.0005106642222
55347,1825.0005106642222
55348,1825.0005106642222
55349,1825.0005106642222
55350,1825.0005106642222
55351,1825.0005106642222
55352,1825.0005106642222
55353,1825.0005106642222
55354,1825.0005106642222
55355,1825.0005106642222
55356,1825.0005106642222
55357,1825.0005106642222
55358,1825.0005106642222
55359,1825.0005106642222
55360,1825.0005106642222
55361,1825.0005106642222
55362,1825.0005106642222
55363,1825.0005106642222
55364,1825.0005106642222
55365,1825.0005106642222
55366,1825.0005106642222
55367,1825.0005106642222
55368,1825.0005106642222
55369,1825.0005106642222
55370,1825.0005106642222
55371,1825.0005106642222
55372,1825.0005106642222
55373,1825.0005106642222
55374,1825.0005106642222
55375,1825.0005106642222
55376,1825.0005106642222
55377,1825.0005106642222
55378,1825.0005106642222
55379,1825.0005106642222
55380,1825.0005106642222
55381,1825.0005106642222
55382,1825.0005106642222
55383,1825.0005106642222
55384,1825.0005106642222
55385,1825.0005106642222
55386,1825.0005106642222
55387,1825.0005106642222
55388,1825.0005106642222
55389,1825.0005106642222
55390,1825.0005106642222
55391,1825.0005106642222
55392,1825.0005106642222
55393,1825.0005106642222
55394,1825.0005106642222
55395,1825.0005106642222
55396,1825.0005106642222
55397,1825.0005106642222
55398,1825.0005106642222
55399,1825.0005106642222
55400,1825.0005106642222
55401,1825.0005106642222
55402,1825.0005106642222
55403,1825.0005106642222
55404,1825.0005106642222
55405,1825.0005106642222
55406,1825.0005106642222
55407,1825.0005106642222
55408,1825.0005106642222
55409,1825.0005106642222
55410,1825.0005106642222
55411,1825.0005106642222
55412,1825.0005106642222
55413,1825.0005106642222
55414,1825.0005106642222
55415,1825.0005106642222
55416,1825.0005106642222
55417,1825.0005106642222
55418,1825.0005106642222
55419,1825.0005106642222
55420,1825.0005106642222
55421,1825.0005106642222
55422,1825.0005106642222
55423,1825.0005106642222
55424,1825.0005106642222
55425,1825.0005106642222
55426,1825.0005106642222
55427,1825.0005106642222
55428,1825.0005106642222
55429,1825.0005106642222
55430,1825.0005106642222
55431,1825.0005106642222
55432,1825.0005106642222
55433,1825.0005106642222
55434,1825.0005106642222
55435,1825.0005106642222
55436,1825.0005106642222
55437,1825.0005106642222
55438,1825.0005106642222
55439,1825.0005106642222
55440,1825.0005106642222
55441,1825.0005106642222
55442,1825.0005106642222
55443,1825.0005106642222
55444,1825.0005106642222
55445,1825.0005106642222
55446,1825.0005106642222
55447,1825.0005106642222
55448,1825.0005106642222
55449,1825.0005106642222
55450,1825.0005106642222
55451,1825.0005106642222
55452,1825.0005106642222
55453,1825.0005106642222
55454,1825.0005106642222
55455,1825.0005106642222
55456,1825.0005106642222
55457,1825.0005106642222
55458,1825.0005106642222
55459,1825.0005106642222
55460,1825.0005106642222
55461,1825.0005106642222
55462,1825.0005106642222
55463,1825.0005106642222
55464,1825.0005106642222
55465,1825.0005106642222
55466,1825.0005106642222
55467,1825.0005106642222
55468,1825.0005106642222
55469,1825.0005106642222
55470,1825.0005106642222
55471,1825.0005106642222
55472,1825.0005106642222
55473,1825.0005106642222
55474,1825.0005106642222
55475,1825.0005106642222
55476,1825.0005106642222
55477,1825.0005106642222
55478,1825.0005106642222
55479,1825.0005106642222
55480,1825.0005106642222
55481,1825.0005106642222
55482,1825.0005106642222
55483,1825.0005106642222
55484,1825.0005106642222
55485,1825.0005106642222
55486,1825.0005106642222
55487,1825.0005106642222
55488,1825.0005106642222
55489,1825.0005106642222
55490,1825.0005106642222
55491,1825.0005106642222
55492,1825.0005106642222
55493,1825.0005106642222
55494,1825.0005106642222
55495,1825.0005106642222
55496,1825.0005106642222
55497,1825.0005106642222
55498,1825.0005106642222
55499,1825.0005106642222
55500,1825.0005106642222
55501,1825.0005106642222
55502,1825.0005106642222
55503,1825.0005106642222
55504,1825.0005106642222
55505,1825.0005106642222
55506,1825.0005106642222
55507,1825.0005106642222
55508,1825.0005106642222
55509,1825.0005106642222
55510,1825.0005106642222
55511,1825.0005106642222
55512,1825.0005106642222
55513,1825.0005106642222
55514,1825.0005106642222
55515,1825.0005106642222
55516,1825.0005106642222
55517,1825.0005106642222
55518,1825.0005106642222
55519,1825.0005106642222
55520,1825.0005106642222
55521,1825.0005106642222
55522,1825.0005106642222
55523,1825.0005106642222
55524,1825.0005106642222
55525,1825.0005106642222
55526,1825.0005106642222
55527,1825.0005106642222
55528,1825.0005106642222
55529,1825.0005106642222
55530,1825.0005106642222
55531,1825.0005106642222
55532,1825.0005106642222
55533,1825.0005106642222
55534,1825.0005106642222
55535,1825.0005106642222
55536,1825.0005106642222
55537,1825.0005106642222
55538,1825.0005106642222
55539,1825.0005106642222
55540,1825.0005106642222
55541,1825.0005106642222
55542,1825.0005106642222
55543,1825.0005106642222
55544,1825.0005106642222
55545,1825.0005106642222
55546,1825.0005106642222
55547,1825.0005106642222
55548,1825.0005106642222
55549,1825.0005106642222
55550,1825.0005106642222
55551,1825.0005106642222
55552,1825.0005106642222
55553,1825.0005106642222
55554,1825.0005106642222
55555,1825.0005106642222
55556,1825.0005106642222
55557,1825.0005106642222
55558,1825.0005106642222
55559,1825.0005106642222
55560,1825.0005106642222
55561,1825.0005106642222
55562,1825.0005106642222
55563,1825.0005106642222
55564,1825.0005106642222
55565,1825.0005106642222
55566,1825.0005106642222
55567,1825.0005106642222
55568,1825.0005106642222
55569,1825.0005106642222
55570,1825.0005106642222
55571,1825.0005106642222
55572,1825.0005106642222
55573,1825.0005106642222
55574,1825.0005106642222
55575,1825.0005106642222
55576,1825.0005106642222
55577,1825.0005106642222
55578,1825.0005106642222
55579,1825.0005106642222
55580,1825.0005106642222
55581,1825.0005106642222
55582,1825.0005106642222
55583,1825.0005106642222
55584,1825.0005106642222
55585,1825.0005106642222
55586,1825.0005106642222
55587,1825.0005106642222
55588,1825.0005106642222
55589,1825.0005106642222
55590,1825.0005106642222
55591,1825.0005106642222
55592,1825.0005106642222
55593,1825.0005106642222
55594,1825.0005106642222
55595,1825.0005106642222
55596,1825.0005106642222
55597,1825.0005106642222
55598,1825.0005106642222
55599,1825.0005106642222
55600,1825.0005106642222
55601,1825.0005106642222
55602,1825.0005106642222
55603,1825.0005106642222
55604,1825.0005106642222
55605,1825.0005106642222
55606,1825.0005106642222
55607,1825.0005106642222
55608,1825.0005106642222
55609,1825.0005106642222
55610,1825.0005106642222
55611,1825.0005106642222
55612,1825.0005106642222
55613,1825.0005106642222
55614,1825.0005106642222
55615,1825.0005106642222
55616,1825.0005106642222
55617,1825.0005106642222
55618,1825.0005106642222
55619,1825.0005106642222
55620,1825.0005106642222
55621,1825.0005106642222
55622,1825.0005106642222
55623,1825.0005106642222
55624,1825.0005106642222
55625,1825.0005106642222
55626,1825.0005106642222
55627,1825.0005106642222
55628,1825.0005106642222
55629,1825.0005106642222
55630,1825.0005106642222
55631,1825.0005106642222
55632,1825.0005106642222
55633,1825.0005106642222
55634,1825.0005106642222
55635,1825.0005106642222
55636,1825.0005106642222
55637,1825.0005106642222
55638,1825.0005106642222
55639,1825.0005106642222
55640,1825.0005106642222
55641,1825.0005106642222
55642,1825.0005106642222
55643,1825.0005106642222
55644,1825.0005106642222
55645,1825.0005106642222
55646,1825.0005106642222
55647,1825.0005106642222
55648,1825.0005106642222
55649,1825.0005106642222
55650,1825.0005106642222
55651,1825.0005106642222
55652,1825.0005106642222
55653,1825.0005106642222
55654,1825.0005106642222
55655,1825.0005106642222
55656,1825.0005106642222
55657,1825.0005106642222
55658,1825.0005106642222
55659,1825.0005106642222
55660,1825.0005106642222
55661,1825.0005106642222
55662,1825.0005106642222
55663,1825.0005106642222
55664,1825.0005106642222
55665,1825.0005106642222
55666,1825.0005106642222
55667,1825.0005106642222
55668,1825.0005106642222
55669,1825.0005106642222
55670,1825.0005106642222
55671,1825.0005106642222
55672,1825.0005106642222
55673,1825.0005106642222
55674,1825.0005106642222
55675,1825.0005106642222
55676,1825.0005106642222
55677,1825.0005106642222
55678,1825.0005106642222
55679,1825.0005106642222
55680,1825.0005106642222
55681,1825.0005106642222
55682,1825.0005106642222
55683,1825.0005106642222
55684,1825.0005106642222
55685,1825.0005106642222
55686,1825.0005106642222
55687,1825.0005106642222
55688,1825.0005106642222
55689,1825.0005106642222
55690,1825.0005106642222
55691,1825.0005106642222
55692,1825.0005106642222
55693,1825.0005106642222
55694,1825.0005106642222
55695,1825.0005106642222
55696,1825.0005106642222
55697,1825.0005106642222
55698,1825.0005106642222
55699,1825.0005106642222
55700,1825.0005106642222
55701,1825.0005106642222
55702,1825.0005106642222
55703,1825.0005106642222
55704,1825.0005106642222
55705,1825.0005106642222
55706,1825.0005106642222
55707,1825.0005106642222
55708,1825.0005106642222
55709,1825.0005106642222
55710,1825.0005106642222
55711,1825.0005106642222
55712,1825.0005106642222
55713,1825.0005106642222
55714,1825.0005106642222
55715,1825.0005106642222
55716,1825.0005106642222
55717,1825.0005106642222
55718,1825.0005106642222
55719,1825.0005106642222
55720,1825.0005106642222
55721,1825.0005106642222
55722,1825.0005106642222
55723,1825.0005106642222
55724,1825.0005106642222
55725,1825.0005106642222
55726,1825.0005106642222
55727,1825.0005106642222
55728,1825.0005106642222
55729,1825.0005106642222
55730,1825.0005106642222
55731,1825.0005106642222
55732,1825.0005106642222
55733,1825.0005106642222
55734,1825.0005106642222
55735,1825.0005106642222
55736,1825.0005106642222
55737,1825.0005106642222
55738,1825.0005106642222
55739,1825.0005106642222
55740,1825.0005106642222
55741,1825.0005106642222
55742,1825.0005106642222
55743,1825.0005106642222
55744,1825.0005106642222
55745,1825.0005106642222
55746,1825.0005106642222
55747,1825.0005106642222
55748,1825.0005106642222
55749,1825.0005106642222
55750,1825.0005106642222
55751,1825.0005106642222
55752,1825.0005106642222
55753,1825.0005106642222
55754,1825.0005106642222
55755,1825.0005106642222
55756,1825.0005106642222
55757,1825.0005106642222
55758,1825.0005106642222
55759,1825.0005106642222
55760,1825.0005106642222
55761,1825.0005106642222
55762,1825.0005106642222
55763,1825.0005106642222
55764,1825.0005106642222
55765,1825.0005106642222
55766,1825.0005106642222
55767,1825.0005106642222
55768,1825.0005106642222
55769,1825.0005106642222
55770,1825.0005106642222
55771,1825.0005106642222
55772,1825.0005106642222
55773,1825.0005106642222
55774,1825.0005106642222
55775,1825.0005106642222
55776,1825.0005106642222
55777,1825.0005106642222
55778,1825.0005106642222
55779,1825.0005106642222
55780,1825.0005106642222
55781,1825.0005106642222
55782,1825.0005106642222
55783,1825.0005106642222
55784,1825.0005106642222
55785,1825.0005106642222
55786,1825.0005106642222
55787,1825.0005106642222
55788,1825.0005106642222
55789,1825.0005106642222
55790,1825.0005106642222
55791,1825.0005106642222
55792,1825.0005106642222
55793,1825.0005106642222
55794,1825.0005106642222
55795,1825.0005106642222
55796,1825.0005106642222
55797,1825.0005106642222
55798,1825.0005106642222
55799,1825.0005106642222
55800,1825.0005106642222
55801,1825.0005106642222
55802,1825.0005106642222
55803,1825.0005106642222
55804,1825.0005106642222
55805,1825.0005106642222
55806,1825.0005106642222
55807,1825.0005106642222
55808,1825.0005106642222
55809,1825.0005106642222
55810,1825.0005106642222
55811,1825.0005106642222
55812,1825.0005106642222
55813,1825.0005106642222
55814,1825.0005106642222
55815,1825.0005106642222
55816,1825.0005106642222
55817,1825.0005106642222
55818,1825.0005106642222
55819,1825.0005106642222
55820,1825.0005106642222
55821,1825.0005106642222
55822,1825.0005106642222
55823,1825.0005106642222
55824,1825.0005106642222
55825,1825.0005106642222
55826,1825.0005106642222
55827,1825.0005106642222
55828,1825.0005106642222
55829,1825.0005106642222
55830,1825.0005106642222
55831,1825.0005106642222
55832,1825.0005106642222
55833,1825.0005106642222
55834,1825.0005106642222
55835,1825.0005106642222
55836,1825.0005106642222
55837,1825.0005106642222
55838,1825.0005106642222
55839,1825.0005106642222
55840,1825.0005106642222
55841,1825.0005106642222
55842,1825.0005106642222
55843,1825.0005106642222
55844,1825.0005106642222
55845,1825.0005106642222
55846,1825.0005106642222
55847,1825.0005106642222
55848,1825.0005106642222
55849,1825.0005106642222
55850,1825.0005106642222
55851,1825.0005106642222
55852,1825.0005106642222
55853,1825.0005106642222
55854,1825.0005106642222
55855,1825.0005106642222
55856,1825.0005106642222
55857,1825.0005106642222
55858,1825.0005106642222
55859,1825.0005106642222
55860,1825.0005106642222
55861,1825.0005106642222
55862,1825.0005106642222
55863,1825.0005106642222
55864,1825.0005106642222
55865,1825.0005106642222
55866,1825.0005106642222
55867,1825.0005106642222
55868,1825.0005106642222
55869,1825.0005106642222
55870,1825.0005106642222
55871,1825.0005106642222
55872,1825.0005106642222
55873,1825.0005106642222
55874,1825.0005106642222
55875,1825.0005106642222
55876,1825.0005106642222
55877,1825.0005106642222
55878,1825.0005106642222
55879,1825.0005106642222
55880,1825.0005106642222
55881,1825.0005106642222
55882,1825.0005106642222
55883,1825.0005106642222
55884,1825.0005106642222
55885,1825.0005106642222
55886,1825.0005106642222
55887,1825.0005106642222
55888,1825.0005106642222
55889,1825.0005106642222
55890,1825.0005106642222
55891,1825.0005106642222
55892,1825.0005106642222
55893,1825.0005106642222
55894,1825.0005106642222
55895,1825.0005106642222
55896,1825.0005106642222
55897,1825.0005106642222
55898,1825.0005106642222
55899,1825.0005106642222
55900,1825.0005106642222
55901,1825.0005106642222
55902,1825.0005106642222
55903,1825.0005106642222
55904,1825.0005106642222
55905,1825.0005106642222
55906,1825.0005106642222
55907,1825.0005106642222
55908,1825.0005106642222
55909,1825.0005106642222
55910,1825.0005106642222
55911,1825.0005106642222
55912,1825.0005106642222
55913,1825.0005106642222
55914,1825.0005106642222
55915,1825.0005106642222
55916,1825.0005106642222
55917,1825.0005106642222
55918,1825.0005106642222
55919,1825.0005106642222
55920,1825.0005106642222
55921,1825.0005106642222
55922,1825.0005106642222
55923,1825.0005106642222
55924,1825.0005106642222
55925,1825.0005106642222
55926,1825.0005106642222
55927,1825.0005106642222
55928,1825.0005106642222
55929,1825.0005106642222
55930,1825.0005106642222
55931,1825.0005106642222
55932,1825.0005106642222
55933,1825.0005106642222
55934,1825.0005106642222
55935,1825.0005106642222
55936,1825.0005106642222
55937,1825.0005106642222
55938,1825.0005106642222
55939,1825.0005106642222
55940,1825.0005106642222
55941,1825.0005106642222
55942,1825.0005106642222
55943,1825.0005106642222
55944,1825.0005106642222
55945,1825.0005106642222
55946,1825.0005106642222
55947,1825.0005106642222
55948,1825.0005106642222
55949,1825.0005106642222
55950,1825.0005106642222
55951,1825.0005106642222
55952,1825.0005106642222
55953,1825.0005106642222
55954,1825.0005106642222
55955,1825.0005106642222
55956,1825.0005106642222
55957,1825.0005106642222
55958,1825.0005106642222
55959,1825.0005106642222
55960,1825.0005106642222
55961,1825.0005106642222
55962,1825.0005106642222
55963,1825.0005106642222
55964,1825.0005106642222
55965,1825.0005106642222
55966,1825.0005106642222
55967,1825.0005106642222
55968,1825.0005106642222
55969,1825.0005106642222
55970,1825.0005106642222
55971,1825.0005106642222
55972,1825.0005106642222
55973,1825.0005106642222
55974,1825.0005106642222
55975,1825.0005106642222
55976,1825.0005106642222
55977,1825.0005106642222
55978,1825.0005106642222
55979,1825.0005106642222
55980,1825.0005106642222
55981,1825.0005106642222
55982,1825.0005106642222
55983,1825.0005106642222
55984,1825.0005106642222
55985,1825.0005106642222
55986,1825.0005106642222
55987,1825.0005106642222
55988,1825.0005106642222
55989,1825.0005106642222
55990,1825.0005106642222
55991,1825.0005106642222
55992,1825.0005106642222
55993,1825.0005106642222
55994,1825.0005106642222
55995,1825.0005106642222
55996,1825.0005106642222
55997,1825.0005106642222
55998,1825.0005106642222
55999,1825.0005106642222
56000,1825.0005106642222
56001,1825.0005106642222
56002,1825.0005106642222
56003,1825.0005106642222
56004,1825.0005106642222
56005,1825.0005106642222
56006,1825.0005106642222
56007,1825.0005106642222
56008,1825.0005106642222
56009,1825.0005106642222
56010,1825.0005106642222
56011,1825.0005106642222
56012,1825.0005106642222
56013,1825.0005106642222
56014,1825.0005106642222
56015,1825.0005106642222
56016,1825.0005106642222
56017,1825.0005106642222
56018,1825.0005106642222
56019,1825.0005106642222
56020,1825.0005106642222
56021,1825.0005106642222
56022,1825.0005106642222
56023,1825.0005106642222
56024,1825.0005106642222
56025,1825.0005106642222
56026,1825.0005106642222
56027,1825.0005106642222
56028,1825.0005106642222
56029,1825.0005106642222
56030,1825.0005106642222
56031,1825.0005106642222
56032,1825.0005106642222
56033,1825.0005106642222
56034,1825.0005106642222
56035,1825.0005106642222
56036,1825.0005106642222
56037,1825.0005106642222
56038,1825.0005106642222
56039,1825.0005106642222
56040,1825.0005106642222
56041,1825.0005106642222
56042,1825.0005106642222
56043,1825.0005106642222
56044,1825.0005106642222
56045,1825.0005106642222
56046,1825.0005106642222
56047,1825.0005106642222
56048,1825.0005106642222
56049,1825.0005106642222
56050,1825.0005106642222
56051,1825.0005106642222
56052,1825.0005106642222
56053,1825.0005106642222
56054,1825.0005106642222
56055,1825.0005106642222
56056,1825.0005106642222
56057,1825.0005106642222
56058,1825.0005106642222
56059,1825.0005106642222
56060,1825.0005106642222
56061,1825.0005106642222
56062,1825.0005106642222
56063,1825.0005106642222
56064,1825.0005106642222
56065,1825.0005106642222
56066,1825.0005106642222
56067,1825.0005106642222
56068,1825.0005106642222
56069,1825.0005106642222
56070,1825.0005106642222
56071,1825.0005106642222
56072,1825.0005106642222
56073,1825.0005106642222
56074,1825.0005106642222
56075,1825.0005106642222
56076,1825.0005106642222
56077,1825.0005106642222
56078,1825.0005106642222
56079,1825.0005106642222
56080,1825.0005106642222
56081,1825.0005106642222
56082,1825.0005106642222
56083,1825.0005106642222
56084,1825.0005106642222
56085,1825.0005106642222
56086,1825.0005106642222
56087,1825.0005106642222
56088,1825.0005106642222
56089,1825.0005106642222
56090,1825.0005106642222
56091,1825.0005106642222
56092,1825.0005106642222
56093,1825.0005106642222
56094,1825.0005106642222
56095,1825.0005106642222
56096,1825.0005106642222
56097,1825.0005106642222
56098,1825.0005106642222
56099,1825.0005106642222
56100,1825.0005106642222
56101,1825.0005106642222
56102,1825.0005106642222
56103,1825.0005106642222
56104,1825.0005106642222
56105,1825.0005106642222
56106,1825.0005106642222
56107,1825.0005106642222
56108,1825.0005106642222
56109,1825.0005106642222
56110,1825.0005106642222
56111,1825.0005106642222
56112,1825.0005106642222
56113,1825.0005106642222
56114,1825.0005106642222
56115,1825.0005106642222
56116,1825.0005106642222
56117,1825.0005106642222
56118,1825.0005106642222
56119,1825.0005106642222
56120,1825.0005106642222
56121,1825.0005106642222
56122,1825.0005106642222
56123,1825.0005106642222
56124,1825.0005106642222
56125,1825.0005106642222
56126,1825.0005106642222
56127,1825.0005106642222
56128,1825.0005106642222
56129,1825.0005106642222
56130,1825.0005106642222
56131,1825.0005106642222
56132,1825.0005106642222
56133,1825.0005106642222
56134,1825.0005106642222
56135,1825.0005106642222
56136,1825.0005106642222
56137,1825.0005106642222
56138,1825.0005106642222
56139,1825.0005106642222
56140,1825.0005106642222
56141,1825.0005106642222
56142,1825.0005106642222
56143,1825.0005106642222
56144,1825.0005106642222
56145,1825.0005106642222
56146,1825.0005106642222
56147,1825.0005106642222
56148,1825.0005106642222
56149,1825.0005106642222
56150,1825.0005106642222
56151,1825.0005106642222
56152,1825.0005106642222
56153,1825.0005106642222
56154,1825.0005106642222
56155,1825.0005106642222
56156,1825.0005106642222
56157,1825.0005106642222
56158,1825.0005106642222
56159,1825.0005106642222
56160,1825.0005106642222
56161,1825.0005106642222
56162,1825.0005106642222
56163,1825.0005106642222
56164,1825.0005106642222
56165,1825.0005106642222
56166,1825.0005106642222
56167,1825.0005106642222
56168,1825.0005106642222
56169,1825.0005106642222
56170,1825.0005106642222
56171,1825.0005106642222
56172,1825.0005106642222
56173,1825.0005106642222
56174,1825.0005106642222
56175,1825.0005106642222
56176,1825.0005106642222
56177,1825.0005106642222
56178,1825.0005106642222
56179,1825.0005106642222
56180,1825.0005106642222
56181,1825.0005106642222
56182,1825.0005106642222
56183,1825.0005106642222
56184,1825.0005106642222
56185,1825.0005106642222
56186,1825.0005106642222
56187,1825.0005106642222
56188,1825.0005106642222
56189,1825.0005106642222
56190,1825.0005106642222
56191,1825.0005106642222
56192,1825.0005106642222
56193,1825.0005106642222
56194,1825.0005106642222
56195,1825.0005106642222
56196,1825.0005106642222
56197,1825.0005106642222
56198,1825.0005106642222
56199,1825.0005106642222
56200,1825.0005106642222
56201,1825.0005106642222
56202,1825.0005106642222
56203,1825.0005106642222
56204,1825.0005106642222
56205,1825.0005106642222
56206,1825.0005106642222
56207,1825.0005106642222
56208,1825.0005106642222
56209,1825.0005106642222
56210,1825.0005106642222
56211,1825.0005106642222
56212,1825.0005106642222
56213,1825.0005106642222
56214,1825.0005106642222
56215,1825.0005106642222
56216,1825.0005106642222
56217,1825.0005106642222
56218,1825.0005106642222
56219,1825.0005106642222
56220,1825.0005106642222
56221,1825.0005106642222
56222,1825.0005106642222
56223,1825.0005106642222
56224,1825.0005106642222
56225,1825.0005106642222
56226,1825.0005106642222
56227,1825.0005106642222
56228,1825.0005106642222
56229,1825.0005106642222
56230,1825.0005106642222
56231,1825.0005106642222
56232,1825.0005106642222
56233,1825.0005106642222
56234,1825.0005106642222
56235,1825.0005106642222
56236,1825.0005106642222
56237,1825.0005106642222
56238,1825.0005106642222
56239,1825.0005106642222
56240,1825.0005106642222
56241,1825.0005106642222
56242,1825.0005106642222
56243,1825.0005106642222
56244,1825.0005106642222
56245,1825.0005106642222
56246,1825.0005106642222
56247,1825.0005106642222
56248,1825.0005106642222
56249,1825.0005106642222
56250,1825.0005106642222
56251,1825.0005106642222
56252,1825.0005106642222
56253,1825.0005106642222
56254,1825.0005106642222
56255,1825.0005106642222
56256,1825.0005106642222
56257,1825.0005106642222
56258,1825.0005106642222
56259,1825.0005106642222
56260,1825.0005106642222
56261,1825.0005106642222
56262,1825.0005106642222
56263,1825.0005106642222
56264,1825.0005106642222
56265,1825.0005106642222
56266,1825.0005106642222
56267,1825.0005106642222
56268,1825.0005106642222
56269,1825.0005106642222
56270,1825.0005106642222
56271,1825.0005106642222
56272,1825.0005106642222
56273,1825.0005106642222
56274,1825.0005106642222
56275,1825.0005106642222
56276,1825.0005106642222
56277,1825.0005106642222
56278,1825.0005106642222
56279,1825.0005106642222
56280,1825.0005106642222
56281,1825.0005106642222
56282,1825.0005106642222
56283,1825.0005106642222
56284,1825.0005106642222
56285,1825.0005106642222
56286,1825.0005106642222
56287,1825.0005106642222
56288,1825.0005106642222
56289,1825.0005106642222
56290,1825.0005106642222
56291,1825.0005106642222
56292,1825.0005106642222
56293,1825.0005106642222
56294,1825.0005106642222
56295,1825.0005106642222
56296,1825.0005106642222
56297,1825.0005106642222
56298,1825.0005106642222
56299,1825.0005106642222
56300,1825.0005106642222
56301,1825.0005106642222
56302,1825.0005106642222
56303,1825.0005106642222
56304,1825.0005106642222
56305,1825.0005106642222
56306,1825.0005106642222
56307,1825.0005106642222
56308,1825.0005106642222
56309,1825.0005106642222
56310,1825.0005106642222
56311,1825.0005106642222
56312,1825.0005106642222
56313,1825.0005106642222
56314,1825.0005106642222
56315,1825.0005106642222
56316,1825.0005106642222
56317,1825.0005106642222
56318,1825.0005106642222
56319,1825.0005106642222
56320,1825.0005106642222
56321,1825.0005106642222
56322,1825.0005106642222
56323,1825.0005106642222
56324,1825.0005106642222
56325,1825.0005106642222
56326,1825.0005106642222
56327,1825.0005106642222
56328,1825.0005106642222
56329,1825.0005106642222
56330,1825.0005106642222
56331,1825.0005106642222
56332,1825.0005106642222
56333,1825.0005106642222
56334,1825.0005106642222
56335,1825.0005106642222
56336,1825.0005106642222
56337,1825.0005106642222
56338,1825.0005106642222
56339,1825.0005106642222
56340,1825.0005106642222
56341,1825.0005106642222
56342,1825.0005106642222
56343,1825.0005106642222
56344,1825.0005106642222
56345,1825.0005106642222
56346,1825.0005106642222
56347,1825.0005106642222
56348,1825.0005106642222
56349,1825.0005106642222
56350,1825.0005106642222
56351,1825.0005106642222
56352,1825.0005106642222
56353,1825.0005106642222
56354,1825.0005106642222
56355,1825.0005106642222
56356,1825.0005106642222
56357,1825.0005106642222
56358,1825.0005106642222
56359,1825.0005106642222
56360,1825.0005106642222
56361,1825.0005106642222
56362,1825.0005106642222
56363,1825.0005106642222
56364,1825.0005106642222
56365,1825.0005106642222
56366,1825.0005106642222
56367,1825.0005106642222
56368,1825.0005106642222
56369,1825.0005106642222
56370,1825.0005106642222
56371,1825.0005106642222
56372,1825.0005106642222
56373,1825.0005106642222
56374,1825.0005106642222
56375,1825.0005106642222
56376,1825.0005106642222
56377,1825.0005106642222
56378,1825.0005106642222
56379,1825.0005106642222
56380,1825.0005106642222
56381,1825.0005106642222
56382,1825.0005106642222
56383,1825.0005106642222
56384,1825.0005106642222
56385,1825.0005106642222
56386,1825.0005106642222
56387,1825.0005106642222
56388,1825.0005106642222
56389,1825.0005106642222
56390,1825.0005106642222
56391,1825.0005106642222
56392,1825.0005106642222
56393,1825.0005106642222
56394,1825.0005106642222
56395,1825.0005106642222
56396,1825.0005106642222
56397,1825.0005106642222
56398,1825.0005106642222
56399,1825.0005106642222
56400,1825.0005106642222
56401,1825.0005106642222
56402,1825.0005106642222
56403,1825.0005106642222
56404,1825.0005106642222
56405,1825.0005106642222
56406,1825.0005106642222
56407,1825.0005106642222
56408,1825.0005106642222
56409,1825.0005106642222
56410,1825.0005106642222
56411,1825.0005106642222
56412,1825.0005106642222
56413,1825.0005106642222
56414,1825.0005106642222
56415,1825.0005106642222
56416,1825.0005106642222
56417,1825.0005106642222
56418,1825.0005106642222
56419,1825.0005106642222
56420,1825.0005106642222
56421,1825.0005106642222
56422,1825.0005106642222
56423,1825.0005106642222
56424,1825.0005106642222
56425,1825.0005106642222
56426,1825.0005106642222
56427,1825.0005106642222
56428,1825.0005106642222
56429,1825.0005106642222
56430,1825.0005106642222
56431,1825.0005106642222
56432,1825.0005106642222
56433,1825.0005106642222
56434,1825.0005106642222
56435,1825.0005106642222
56436,1825.0005106642222
56437,1825.0005106642222
56438,1825.0005106642222
56439,1825.0005106642222
56440,1825.0005106642222
56441,1825.0005106642222
56442,1825.0005106642222
56443,1825.0005106642222
56444,1825.0005106642222
56445,1825.0005106642222
56446,1825.0005106642222
56447,1825.0005106642222
56448,1825.0005106642222
56449,1825.0005106642222
56450,1825.0005106642222
56451,1825.0005106642222
56452,1825.0005106642222
56453,1825.0005106642222
56454,1825.0005106642222
56455,1825.0005106642222
56456,1825.0005106642222
56457,1825.0005106642222
56458,1825.0005106642222
56459,1825.0005106642222
56460,1825.0005106642222
56461,1825.0005106642222
56462,1825.0005106642222
56463,1825.0005106642222
56464,1825.0005106642222
56465,1825.0005106642222
56466,1825.0005106642222
56467,1825.0005106642222
56468,1825.0005106642222
56469,1825.0005106642222
56470,1825.0005106642222
56471,1825.0005106642222
56472,1825.0005106642222
56473,1825.0005106642222
56474,1825.0005106642222
56475,1825.0005106642222
56476,1825.0005106642222
56477,1825.0005106642222
56478,1825.0005106642222
56479,1825.0005106642222
56480,1825.0005106642222
56481,1825.0005106642222
56482,1825.0005106642222
56483,1825.0005106642222
56484,1825.0005106642222
56485,1825.0005106642222
56486,1825.0005106642222
56487,1825.0005106642222
56488,1825.0005106642222
56489,1825.0005106642222
56490,1825.0005106642222
56491,1825.0005106642222
56492,1825.0005106642222
56493,1825.0005106642222
56494,1825.0005106642222
56495,1825.0005106642222
56496,1825.0005106642222
56497,1825.0005106642222
56498,1825.0005106642222
56499,1825.0005106642222
56500,1825.0005106642222
56501,1825.0005106642222
56502,1825.0005106642222
56503,1825.0005106642222
56504,1825.0005106642222
56505,1825.0005106642222
56506,1825.0005106642222
56507,1825.0005106642222
56508,1825.0005106642222
56509,1825.0005106642222
56510,1825.0005106642222
56511,1825.0005106642222
56512,1825.0005106642222
56513,1825.0005106642222
56514,1825.0005106642222
56515,1825.0005106642222
56516,1825.0005106642222
56517,1825.0005106642222
56518,1825.0005106642222
56519,1825.0005106642222
56520,1825.0005106642222
56521,1825.0005106642222
56522,1825.0005106642222
56523,1825.0005106642222
56524,1825.0005106642222
56525,1825.0005106642222
56526,1825.0005106642222
56527,1825.0005106642222
56528,1825.0005106642222
56529,1825.0005106642222
56530,1825.0005106642222
56531,1825.0005106642222
56532,1825.0005106642222
56533,1825.0005106642222
56534,1825.0005106642222
56535,1825.0005106642222
56536,1825.0005106642222
56537,1825.0005106642222
56538,1825.0005106642222
56539,1825.0005106642222
56540,1825.0005106642222
56541,1825.0005106642222
56542,1825.0005106642222
56543,1825.0005106642222
56544,1825.0005106642222
56545,1825.0005106642222
56546,1825.0005106642222
56547,1825.0005106642222
56548,1825.0005106642222
56549,1825.0005106642222
56550,1825.0005106642222
56551,1825.0005106642222
56552,1825.0005106642222
56553,1825.0005106642222
56554,1825.0005106642222
56555,1825.0005106642222
56556,1825.0005106642222
56557,1825.0005106642222
56558,1825.0005106642222
56559,1825.0005106642222
56560,1825.0005106642222
56561,1825.0005106642222
56562,1825.0005106642222
56563,1825.0005106642222
56564,1825.0005106642222
56565,1825.0005106642222
56566,1825.0005106642222
56567,1825.0005106642222
56568,1825.0005106642222
56569,1825.0005106642222
56570,1825.0005106642222
56571,1825.0005106642222
56572,1825.0005106642222
56573,1825.0005106642222
56574,1825.0005106642222
56575,1825.0005106642222
56576,1825.0005106642222
56577,1825.0005106642222
56578,1825.0005106642222
56579,1825.0005106642222
56580,1825.0005106642222
56581,1825.0005106642222
56582,1825.0005106642222
56583,1825.0005106642222
56584,1825.0005106642222
56585,1825.0005106642222
56586,1825.0005106642222
56587,1825.0005106642222
56588,1825.0005106642222
56589,1825.0005106642222
56590,1825.0005106642222
56591,1825.0005106642222
56592,1825.0005106642222
56593,1825.0005106642222
56594,1825.0005106642222
56595,1825.0005106642222
56596,1825.0005106642222
56597,1825.0005106642222
56598,1825.0005106642222
56599,1825.0005106642222
56600,1825.0005106642222
56601,1825.0005106642222
56602,1825.0005106642222
56603,1825.0005106642222
56604,1825.0005106642222
56605,1825.0005106642222
56606,1825.0005106642222
56607,1825.0005106642222
56608,1825.0005106642222
56609,1825.0005106642222
56610,1825.0005106642222
56611,1825.0005106642222
56612,1825.0005106642222
56613,1825.0005106642222
56614,1825.0005106642222
56615,1825.0005106642222
56616,1825.0005106642222
56617,1825.0005106642222
56618,1825.0005106642222
56619,1825.0005106642222
56620,1825.0005106642222
56621,1825.0005106642222
56622,1825.0005106642222
56623,1825.0005106642222
56624,1825.0005106642222
56625,1825.0005106642222
56626,1825.0005106642222
56627,1825.0005106642222
56628,1825.0005106642222
56629,1825.0005106642222
56630,1825.0005106642222
56631,1825.0005106642222
56632,1825.0005106642222
56633,1825.0005106642222
56634,1825.0005106642222
56635,1825.0005106642222
56636,1825.0005106642222
56637,1825.0005106642222
56638,1825.0005106642222
56639,1825.0005106642222
56640,1825.0005106642222
56641,1825.0005106642222
56642,1825.0005106642222
56643,1825.0005106642222
56644,1825.0005106642222
56645,1825.0005106642222
56646,1825.0005106642222
56647,1825.0005106642222
56648,1825.0005106642222
56649,1825.0005106642222
56650,1825.0005106642222
56651,1825.0005106642222
56652,1825.0005106642222
56653,1825.0005106642222
56654,1825.0005106642222
56655,1825.0005106642222
56656,1825.0005106642222
56657,1825.0005106642222
56658,1825.0005106642222
56659,1825.0005106642222
56660,1825.0005106642222
56661,1825.0005106642222
56662,1825.0005106642222
56663,1825.0005106642222
56664,1825.0005106642222
56665,1825.0005106642222
56666,1825.0005106642222
56667,1825.0005106642222
56668,1825.0005106642222
56669,1825.0005106642222
56670,1825.0005106642222
56671,1825.0005106642222
56672,1825.0005106642222
56673,1825.0005106642222
56674,1825.0005106642222
56675,1825.0005106642222
56676,1825.0005106642222
56677,1825.0005106642222
56678,1825.0005106642222
56679,1825.0005106642222
56680,1825.0005106642222
56681,1825.0005106642222
56682,1825.0005106642222
56683,1825.0005106642222
56684,1825.0005106642222
56685,1825.0005106642222
56686,1825.0005106642222
56687,1825.0005106642222
56688,1825.0005106642222
56689,1825.0005106642222
56690,1825.0005106642222
56691,1825.0005106642222
56692,1825.0005106642222
56693,1825.0005106642222
56694,1825.0005106642222
56695,1825.0005106642222
56696,1825.0005106642222
56697,1825.0005106642222
56698,1825.0005106642222
56699,1825.0005106642222
56700,1825.0005106642222
56701,1825.0005106642222
56702,1825.0005106642222
56703,1825.0005106642222
56704,1825.0005106642222
56705,1825.0005106642222
56706,1825.0005106642222
56707,1825.0005106642222
56708,1825.0005106642222
56709,1825.0005106642222
56710,1825.0005106642222
56711,1825.0005106642222
56712,1825.0005106642222
56713,1825.0005106642222
56714,1825.0005106642222
56715,1825.0005106642222
56716,1825.0005106642222
56717,1825.0005106642222
56718,1825.0005106642222
56719,1825.0005106642222
56720,1825.0005106642222
56721,1825.0005106642222
56722,1825.0005106642222
56723,1825.0005106642222
56724,1825.0005106642222
56725,1825.0005106642222
56726,1825.0005106642222
56727,1825.0005106642222
56728,1825.0005106642222
56729,1825.0005106642222
56730,1825.0005106642222
56731,1825.0005106642222
56732,1825.0005106642222
56733,1825.0005106642222
56734,1825.0005106642222
56735,1825.0005106642222
56736,1825.0005106642222
56737,1825.0005106642222
56738,1825.0005106642222
56739,1825.0005106642222
56740,1825.0005106642222
56741,1825.0005106642222
56742,1825.0005106642222
56743,1825.0005106642222
56744,1825.0005106642222
56745,1825.0005106642222
56746,1825.0005106642222
56747,1825.0005106642222
56748,1825.0005106642222
56749,1825.0005106642222
56750,1825.0005106642222
56751,1825.0005106642222
56752,1825.0005106642222
56753,1825.0005106642222
56754,1825.0005106642222
56755,1825.0005106642222
56756,1825.0005106642222
56757,1825.0005106642222
56758,1825.0005106642222
56759,1825.0005106642222
56760,1825.0005106642222
56761,1825.0005106642222
56762,1825.0005106642222
56763,1825.0005106642222
56764,1825.0005106642222
56765,1825.0005106642222
56766,1825.0005106642222
56767,1825.0005106642222
56768,1825.0005106642222
56769,1825.0005106642222
56770,1825.0005106642222
56771,1825.0005106642222
56772,1825.0005106642222
56773,1825.0005106642222
56774,1825.0005106642222
56775,1825.0005106642222
56776,1825.0005106642222
56777,1825.0005106642222
56778,1825.0005106642222
56779,1825.0005106642222
56780,1825.0005106642222
56781,1825.0005106642222
56782,1825.0005106642222
56783,1825.0005106642222
56784,1825.0005106642222
56785,1825.0005106642222
56786,1825.0005106642222
56787,1825.0005106642222
56788,1825.0005106642222
56789,1825.0005106642222
56790,1825.0005106642222
56791,1825.0005106642222
56792,1825.0005106642222
56793,1825.0005106642222
56794,1825.0005106642222
56795,1825.0005106642222
56796,1825.0005106642222
56797,1825.0005106642222
56798,1825.0005106642222
56799,1825.0005106642222
56800,1825.0005106642222
56801,1825.0005106642222
56802,1825.0005106642222
56803,1825.0005106642222
56804,1825.0005106642222
56805,1825.0005106642222
56806,1825.0005106642222
56807,1825.0005106642222
56808,1825.0005106642222
56809,1825.0005106642222
56810,1825.0005106642222
56811,1825.0005106642222
56812,1825.0005106642222
56813,1825.0005106642222
56814,1825.0005106642222
56815,1825.0005106642222
56816,1825.0005106642222
56817,1825.0005106642222
56818,1825.0005106642222
56819,1825.0005106642222
56820,1825.0005106642222
56821,1825.0005106642222
56822,1825.0005106642222
56823,1825.0005106642222
56824,1825.0005106642222
56825,1825.0005106642222
56826,1825.0005106642222
56827,1825.0005106642222
56828,1825.0005106642222
56829,1825.0005106642222
56830,1825.0005106642222
56831,1825.0005106642222
56832,1825.0005106642222
56833,1825.0005106642222
56834,1825.0005106642222
56835,1825.0005106642222
56836,1825.0005106642222
56837,1825.0005106642222
56838,1825.0005106642222
56839,1825.0005106642222
56840,1825.0005106642222
56841,1825.0005106642222
56842,1825.0005106642222
56843,1825.0005106642222
56844,1825.0005106642222
56845,1825.0005106642222
56846,1825.0005106642222
56847,1825.0005106642222
56848,1825.0005106642222
56849,1825.0005106642222
56850,1825.0005106642222
56851,1825.0005106642222
56852,1825.0005106642222
56853,1825.0005106642222
56854,1825.0005106642222
56855,1825.0005106642222
56856,1825.0005106642222
56857,1825.0005106642222
56858,1825.0005106642222
56859,1825.0005106642222
56860,1825.0005106642222
56861,1825.0005106642222
56862,1825.0005106642222
56863,1825.0005106642222
56864,1825.0005106642222
56865,1825.0005106642222
56866,1825.0005106642222
56867,1825.0005106642222
56868,1825.0005106642222
56869,1825.0005106642222
56870,1825.0005106642222
56871,1825.0005106642222
56872,1825.0005106642222
56873,1825.0005106642222
56874,1825.0005106642222
56875,1825.0005106642222
56876,1825.0005106642222
56877,1825.0005106642222
56878,1825.0005106642222
56879,1825.0005106642222
56880,1825.0005106642222
56881,1825.0005106642222
56882,1825.0005106642222
56883,1825.0005106642222
56884,1825.0005106642222
56885,1825.0005106642222
56886,1825.0005106642222
56887,1825.0005106642222
56888,1825.0005106642222
56889,1825.0005106642222
56890,1825.0005106642222
56891,1825.0005106642222
56892,1825.0005106642222
56893,1825.0005106642222
56894,1825.0005106642222
56895,1825.0005106642222
56896,1825.0005106642222
56897,1825.0005106642222
56898,1825.0005106642222
56899,1825.0005106642222
56900,1825.0005106642222
56901,1825.0005106642222
56902,1825.0005106642222
56903,1825.0005106642222
56904,1825.0005106642222
56905,1825.0005106642222
56906,1825.0005106642222
56907,1825.0005106642222
56908,1825.0005106642222
56909,1825.0005106642222
56910,1825.0005106642222
56911,1825.0005106642222
56912,1825.0005106642222
56913,1825.0005106642222
56914,1825.0005106642222
56915,1825.0005106642222
56916,1825.0005106642222
56917,1825.0005106642222
56918,1825.0005106642222
56919,1825.0005106642222
56920,1825.0005106642222
56921,1825.0005106642222
56922,1825.0005106642222
56923,1825.0005106642222
56924,1825.0005106642222
56925,1825.0005106642222
56926,1825.0005106642222
56927,1825.0005106642222
56928,1825.0005106642222
56929,1825.0005106642222
56930,1825.0005106642222
56931,1825.0005106642222
56932,1825.0005106642222
56933,1825.0005106642222
56934,1825.0005106642222
56935,1825.0005106642222
56936,1825.0005106642222
56937,1825.0005106642222
56938,1825.0005106642222
56939,1825.0005106642222
56940,1825.0005106642222
56941,1825.0005106642222
56942,1825.0005106642222
56943,1825.0005106642222
56944,1825.0005106642222
56945,1825.0005106642222
56946,1825.0005106642222
56947,1825.0005106642222
56948,1825.0005106642222
56949,1825.0005106642222
56950,1825.0005106642222
56951,1825.0005106642222
56952,1825.0005106642222
56953,1825.0005106642222
56954,1825.0005106642222
56955,1825.0005106642222
56956,1825.0005106642222
56957,1825.0005106642222
56958,1825.0005106642222
56959,1825.0005106642222
56960,1825.0005106642222
56961,1825.0005106642222
56962,1825.0005106642222
56963,1825.0005106642222
56964,1825.0005106642222
56965,1825.0005106642222
56966,1825.0005106642222
56967,1825.0005106642222
56968,1825.0005106642222
56969,1825.0005106642222
56970,1825.0005106642222
56971,1825.0005106642222
56972,1825.0005106642222
56973,1825.0005106642222
56974,1825.0005106642222
56975,1825.0005106642222
56976,1825.0005106642222
56977,1825.0005106642222
56978,1825.0005106642222
56979,1825.0005106642222
56980,1825.0005106642222
56981,1825.0005106642222
56982,1825.0005106642222
56983,1825.0005106642222
56984,1825.0005106642222
56985,1825.0005106642222
56986,1825.0005106642222
56987,1825.0005106642222
56988,1825.0005106642222
56989,1825.0005106642222
56990,1825.0005106642222
56991,1825.0005106642222
56992,1825.0005106642222
56993,1825.0005106642222
56994,1825.0005106642222
56995,1825.0005106642222
56996,1825.0005106642222
56997,1825.0005106642222
56998,1825.0005106642222
56999,1825.0005106642222
57000,1825.0005106642222
57001,1825.0005106642222
57002,1825.0005106642222
57003,1825.0005106642222
57004,1825.0005106642222
57005,1825.0005106642222
57006,1825.0005106642222
57007,1825.0005106642222
57008,1825.0005106642222
57009,1825.0005106642222
57010,1825.0005106642222
57011,1825.0005106642222
57012,1825.0005106642222
57013,1825.0005106642222
57014,1825.0005106642222
57015,1825.0005106642222
57016,1825.0005106642222
57017,1825.0005106642222
57018,1825.0005106642222
57019,1825.0005106642222
57020,1825.0005106642222
57021,1825.0005106642222
57022,1825.0005106642222
57023,1825.0005106642222
57024,1825.0005106642222
57025,1825.0005106642222
57026,1825.0005106642222
57027,1825.0005106642222
57028,1825.0005106642222
57029,1825.0005106642222
57030,1825.0005106642222
57031,1825.0005106642222
57032,1825.0005106642222
57033,1825.0005106642222
57034,1825.0005106642222
57035,1825.0005106642222
57036,1825.0005106642222
57037,1825.0005106642222
57038,1825.0005106642222
57039,1825.0005106642222
57040,1825.0005106642222
57041,1825.0005106642222
57042,1825.0005106642222
57043,1825.0005106642222
57044,1825.0005106642222
57045,1825.0005106642222
57046,1825.0005106642222
57047,1825.0005106642222
57048,1825.0005106642222
57049,1825.0005106642222
57050,1825.0005106642222
57051,1825.0005106642222
57052,1825.0005106642222
57053,1825.0005106642222
57054,1825.0005106642222
57055,1825.0005106642222
57056,1825.0005106642222
57057,1825.0005106642222
57058,1825.0005106642222
57059,1825.0005106642222
57060,1825.0005106642222
57061,1825.0005106642222
57062,1825.0005106642222
57063,1825.0005106642222
57064,1825.0005106642222
57065,1825.0005106642222
57066,1825.0005106642222
57067,1825.0005106642222
57068,1825.0005106642222
57069,1825.0005106642222
57070,1825.0005106642222
57071,1825.0005106642222
57072,1825.0005106642222
57073,1825.0005106642222
57074,1825.0005106642222
57075,1825.0005106642222
57076,1825.0005106642222
57077,1825.0005106642222
57078,1825.0005106642222
57079,1825.0005106642222
57080,1825.0005106642222
57081,1825.0005106642222
57082,1825.0005106642222
57083,1825.0005106642222
57084,1825.0005106642222
57085,1825.0005106642222
57086,1825.0005106642222
57087,1825.0005106642222
57088,1825.0005106642222
57089,1825.0005106642222
57090,1825.0005106642222
57091,1825.0005106642222
57092,1825.0005106642222
57093,1825.0005106642222
57094,1825.0005106642222
57095,1825.0005106642222
57096,1825.0005106642222
57097,1825.0005106642222
57098,1825.0005106642222
57099,1825.0005106642222
57100,1825.0005106642222
57101,1825.0005106642222
57102,1825.0005106642222
57103,1825.0005106642222
57104,1825.0005106642222
57105,1825.0005106642222
57106,1825.0005106642222
57107,1825.0005106642222
57108,1825.0005106642222
57109,1825.0005106642222
57110,1825.0005106642222
57111,1825.0005106642222
57112,1825.0005106642222
57113,1825.0005106642222
57114,1825.0005106642222
57115,1825.0005106642222
57116,1825.0005106642222
57117,1825.0005106642222
57118,1825.0005106642222
57119,1825.0005106642222
57120,1825.0005106642222
57121,1825.0005106642222
57122,1825.0005106642222
57123,1825.0005106642222
57124,1825.0005106642222
57125,1825.0005106642222
57126,1825.0005106642222
57127,1825.0005106642222
57128,1825.0005106642222
57129,1825.0005106642222
57130,1825.0005106642222
57131,1825.0005106642222
57132,1825.0005106642222
57133,1825.0005106642222
57134,1825.0005106642222
57135,1825.0005106642222
57136,1825.0005106642222
57137,1825.0005106642222
57138,1825.0005106642222
57139,1825.0005106642222
57140,1825.0005106642222
57141,1825.0005106642222
57142,1825.0005106642222
57143,1825.0005106642222
57144,1825.0005106642222
57145,1825.0005106642222
57146,1825.0005106642222
57147,1825.0005106642222
57148,1825.0005106642222
57149,1825.0005106642222
57150,1825.0005106642222
57151,1825.0005106642222
57152,1825.0005106642222
57153,1825.0005106642222
57154,1825.0005106642222
57155,1825.0005106642222
57156,1825.0005106642222
57157,1825.0005106642222
57158,1825.0005106642222
57159,1825.0005106642222
57160,1825.0005106642222
57161,1825.0005106642222
57162,1825.0005106642222
57163,1825.0005106642222
57164,1825.0005106642222
57165,1825.0005106642222
57166,1825.0005106642222
57167,1825.0005106642222
57168,1825.0005106642222
57169,1825.0005106642222
57170,1825.0005106642222
57171,1825.0005106642222
57172,1825.0005106642222
57173,1825.0005106642222
57174,1825.0005106642222
57175,1825.0005106642222
57176,1825.0005106642222
57177,1825.0005106642222
57178,1825.0005106642222
57179,1825.0005106642222
57180,1825.0005106642222
57181,1825.0005106642222
57182,1825.0005106642222
57183,1825.0005106642222
57184,1825.0005106642222
57185,1825.0005106642222
57186,1825.0005106642222
57187,1825.0005106642222
57188,1825.0005106642222
57189,1825.0005106642222
57190,1825.0005106642222
57191,1825.0005106642222
57192,1825.0005106642222
57193,1825.0005106642222
57194,1825.0005106642222
57195,1825.0005106642222
57196,1825.0005106642222
57197,1825.0005106642222
57198,1825.0005106642222
57199,1825.0005106642222
57200,1825.0005106642222
57201,1825.0005106642222
57202,1825.0005106642222
57203,1825.0005106642222
57204,1825.0005106642222
57205,1825.0005106642222
57206,1825.0005106642222
57207,1825.0005106642222
57208,1825.0005106642222
57209,1825.0005106642222
57210,1825.0005106642222
57211,1825.0005106642222
57212,1825.0005106642222
57213,1825.0005106642222
57214,1825.0005106642222
57215,1825.0005106642222
57216,1825.0005106642222
57217,1825.0005106642222
57218,1825.0005106642222
57219,1825.0005106642222
57220,1825.0005106642222
57221,1825.0005106642222
57222,1825.0005106642222
57223,1825.0005106642222
57224,1825.0005106642222
57225,1825.0005106642222
57226,1825.0005106642222
57227,1825.0005106642222
57228,1825.0005106642222
57229,1825.0005106642222
57230,1825.0005106642222
57231,1825.0005106642222
57232,1825.0005106642222
57233,1825.0005106642222
57234,1825.0005106642222
57235,1825.0005106642222
57236,1825.0005106642222
57237,1825.0005106642222
57238,1825.0005106642222
57239,1825.0005106642222
57240,1825.0005106642222
57241,1825.0005106642222
57242,1825.0005106642222
57243,1825.0005106642222
57244,1825.0005106642222
57245,1825.0005106642222
57246,1825.0005106642222
57247,1825.0005106642222
57248,1825.0005106642222
57249,1825.0005106642222
57250,1825.0005106642222
57251,1825.0005106642222
57252,1825.0005106642222
57253,1825.0005106642222
57254,1825.0005106642222
57255,1825.0005106642222
57256,1825.0005106642222
57257,1825.0005106642222
57258,1825.0005106642222
57259,1825.0005106642222
57260,1825.0005106642222
57261,1825.0005106642222
57262,1825.0005106642222
57263,1825.0005106642222
57264,1825.0005106642222
57265,1825.0005106642222
57266,1825.0005106642222
57267,1825.0005106642222
57268,1825.0005106642222
57269,1825.0005106642222
57270,1825.0005106642222
57271,1825.0005106642222
57272,1825.0005106642222
57273,1825.0005106642222
57274,1825.0005106642222
57275,1825.0005106642222
57276,1825.0005106642222
57277,1825.0005106642222
57278,1825.0005106642222
57279,1825.0005106642222
57280,1825.0005106642222
57281,1825.0005106642222
57282,1825.0005106642222
57283,1825.0005106642222
57284,1825.0005106642222
57285,1825.0005106642222
57286,1825.0005106642222
57287,1825.0005106642222
57288,1825.0005106642222
57289,1825.0005106642222
57290,1825.0005106642222
57291,1825.0005106642222
57292,1825.0005106642222
57293,1825.0005106642222
57294,1825.0005106642222
57295,1825.0005106642222
57296,1825.0005106642222
57297,1825.0005106642222
57298,1825.0005106642222
57299,1825.0005106642222
57300,1825.0005106642222
57301,1825.0005106642222
57302,1825.0005106642222
57303,1825.0005106642222
57304,1825.0005106642222
57305,1825.0005106642222
57306,1825.0005106642222
57307,1825.0005106642222
57308,1825.0005106642222
57309,1825.0005106642222
57310,1825.0005106642222
57311,1825.0005106642222
57312,1825.0005106642222
57313,1825.0005106642222
57314,1825.0005106642222
57315,1825.0005106642222
57316,1825.0005106642222
57317,1825.0005106642222
57318,1825.0005106642222
57319,1825.0005106642222
57320,1825.0005106642222
57321,1825.0005106642222
57322,1825.0005106642222
57323,1825.0005106642222
57324,1825.0005106642222
57325,1825.0005106642222
57326,1825.0005106642222
57327,1825.0005106642222
57328,1825.0005106642222
57329,1825.0005106642222
57330,1825.0005106642222
57331,1825.0005106642222
57332,1825.0005106642222
57333,1825.0005106642222
57334,1825.0005106642222
57335,1825.0005106642222
57336,1825.0005106642222
57337,1825.0005106642222
57338,1825.0005106642222
57339,1825.0005106642222
57340,1825.0005106642222
57341,1825.0005106642222
57342,1825.0005106642222
57343,1825.0005106642222
57344,1825.0005106642222
57345,1825.0005106642222
57346,1825.0005106642222
57347,1825.0005106642222
57348,1825.0005106642222
57349,1825.0005106642222
57350,1825.0005106642222
57351,1825.0005106642222
57352,1825.0005106642222
57353,1825.0005106642222
57354,1825.0005106642222
57355,1825.0005106642222
57356,1825.0005106642222
57357,1825.0005106642222
57358,1825.0005106642222
57359,1825.0005106642222
57360,1825.0005106642222
57361,1825.0005106642222
57362,1825.0005106642222
57363,1825.0005106642222
57364,1825.0005106642222
57365,1825.0005106642222
57366,1825.0005106642222
57367,1825.0005106642222
57368,1825.0005106642222
57369,1825.0005106642222
57370,1825.0005106642222
57371,1825.0005106642222
57372,1825.0005106642222
57373,1825.0005106642222
57374,1825.0005106642222
57375,1825.0005106642222
57376,1825.0005106642222
57377,1825.0005106642222
57378,1825.0005106642222
57379,1825.0005106642222
57380,1825.0005106642222
57381,1825.0005106642222
57382,1825.0005106642222
57383,1825.0005106642222
57384,1825.0005106642222
57385,1825.0005106642222
57386,1825.0005106642222
57387,1825.0005106642222
57388,1825.0005106642222
57389,1825.0005106642222
57390,1825.0005106642222
57391,1825.0005106642222
57392,1825.0005106642222
57393,1825.0005106642222
57394,1825.0005106642222
57395,1825.0005106642222
57396,1825.0005106642222
57397,1825.0005106642222
57398,1825.0005106642222
57399,1825.0005106642222
57400,1825.0005106642222
57401,1825.0005106642222
57402,1825.0005106642222
57403,1825.0005106642222
57404,1825.0005106642222
57405,1825.0005106642222
57406,1825.0005106642222
57407,1825.0005106642222
57408,1825.0005106642222
57409,1825.0005106642222
57410,1825.0005106642222
57411,1825.0005106642222
57412,1825.0005106642222
57413,1825.0005106642222
57414,1825.0005106642222
57415,1825.0005106642222
57416,1825.0005106642222
57417,1825.0005106642222
57418,1825.0005106642222
57419,1825.0005106642222
57420,1825.0005106642222
57421,1825.0005106642222
57422,1825.0005106642222
57423,1825.0005106642222
57424,1825.0005106642222
57425,1825.0005106642222
57426,1825.0005106642222
57427,1825.0005106642222
57428,1825.0005106642222
57429,1825.0005106642222
57430,1825.0005106642222
57431,1825.0005106642222
57432,1825.0005106642222
57433,1825.0005106642222
57434,1825.0005106642222
57435,1825.0005106642222
57436,1825.0005106642222
57437,1825.0005106642222
57438,1825.0005106642222
57439,1825.0005106642222
57440,1825.0005106642222
57441,1825.0005106642222
57442,1825.0005106642222
57443,1825.0005106642222
57444,1825.0005106642222
57445,1825.0005106642222
57446,1825.0005106642222
57447,1825.0005106642222
57448,1825.0005106642222
57449,1825.0005106642222
57450,1825.0005106642222
57451,1825.0005106642222
57452,1825.0005106642222
57453,1825.0005106642222
57454,1825.0005106642222
57455,1825.0005106642222
57456,1825.0005106642222
57457,1825.0005106642222
57458,1825.0005106642222
57459,1825.0005106642222
57460,1825.0005106642222
57461,1825.0005106642222
57462,1825.0005106642222
57463,1825.0005106642222
57464,1825.0005106642222
57465,1825.0005106642222
57466,1825.0005106642222
57467,1825.0005106642222
57468,1825.0005106642222
57469,1825.0005106642222
57470,1825.0005106642222
57471,1825.0005106642222
57472,1825.0005106642222
57473,1825.0005106642222
57474,1825.0005106642222
57475,1825.0005106642222
57476,1825.0005106642222
57477,1825.0005106642222
57478,1825.0005106642222
57479,1825.0005106642222
57480,1825.0005106642222
57481,1825.0005106642222
57482,1825.0005106642222
57483,1825.0005106642222
57484,1825.0005106642222
57485,1825.0005106642222
57486,1825.0005106642222
57487,1825.0005106642222
57488,1825.0005106642222
57489,1825.0005106642222
57490,1825.0005106642222
57491,1825.0005106642222
57492,1825.0005106642222
57493,1825.0005106642222
57494,1825.0005106642222
57495,1825.0005106642222
57496,1825.0005106642222
57497,1825.0005106642222
57498,1825.0005106642222
57499,1825.0005106642222
57500,1825.0005106642222
57501,1825.0005106642222
57502,1825.0005106642222
57503,1825.0005106642222
57504,1825.0005106642222
57505,1825.0005106642222
57506,1825.0005106642222
57507,1825.0005106642222
57508,1825.0005106642222
57509,1825.0005106642222
57510,1825.0005106642222
57511,1825.0005106642222
57512,1825.0005106642222
57513,1825.0005106642222
57514,1825.0005106642222
57515,1825.0005106642222
57516,1825.0005106642222
57517,1825.0005106642222
57518,1825.0005106642222
57519,1825.0005106642222
57520,1825.0005106642222
57521,1825.0005106642222
57522,1825.0005106642222
57523,1825.0005106642222
57524,1825.0005106642222
57525,1825.0005106642222
57526,1825.0005106642222
57527,1825.0005106642222
57528,1825.0005106642222
57529,1825.0005106642222
57530,1825.0005106642222
57531,1825.0005106642222
57532,1825.0005106642222
57533,1825.0005106642222
57534,1825.0005106642222
57535,1825.0005106642222
57536,1825.0005106642222
57537,1825.0005106642222
57538,1825.0005106642222
57539,1825.0005106642222
57540,1825.0005106642222
57541,1825.0005106642222
57542,1825.0005106642222
57543,1825.0005106642222
57544,1825.0005106642222
57545,1825.0005106642222
57546,1825.0005106642222
57547,1825.0005106642222
57548,1825.0005106642222
57549,1825.0005106642222
57550,1825.0005106642222
57551,1825.0005106642222
57552,1825.0005106642222
57553,1825.0005106642222
57554,1825.0005106642222
57555,1825.0005106642222
57556,1825.0005106642222
57557,1825.0005106642222
57558,1825.0005106642222
57559,1825.0005106642222
57560,1825.0005106642222
57561,1825.0005106642222
57562,1825.0005106642222
57563,1825.0005106642222
57564,1825.0005106642222
57565,1825.0005106642222
57566,1825.0005106642222
57567,1825.0005106642222
57568,1825.0005106642222
57569,1825.0005106642222
57570,1825.0005106642222
57571,1825.0005106642222
57572,1825.0005106642222
57573,1825.0005106642222
57574,1825.0005106642222
57575,1825.0005106642222
57576,1825.0005106642222
57577,1825.0005106642222
57578,1825.0005106642222
57579,1825.0005106642222
57580,1825.0005106642222
57581,1825.0005106642222
57582,1825.0005106642222
57583,1825.0005106642222
57584,1825.0005106642222
57585,1825.0005106642222
57586,1825.0005106642222
57587,1825.0005106642222
57588,1825.0005106642222
57589,1825.0005106642222
57590,1825.0005106642222
57591,1825.0005106642222
57592,1825.0005106642222
57593,1825.0005106642222
57594,1825.0005106642222
57595,1825.0005106642222
57596,1825.0005106642222
57597,1825.0005106642222
57598,1825.0005106642222
57599,1825.0005106642222
57600,1825.0005106642222
57601,1825.0005106642222
57602,1825.0005106642222
57603,1825.0005106642222
57604,1825.0005106642222
57605,1825.0005106642222
57606,1825.0005106642222
57607,1825.0005106642222
57608,1825.0005106642222
57609,1825.0005106642222
57610,1825.0005106642222
57611,1825.0005106642222
57612,1825.0005106642222
57613,1825.0005106642222
57614,1825.0005106642222
57615,1825.0005106642222
57616,1825.0005106642222
57617,1825.0005106642222
57618,1825.0005106642222
57619,1825.0005106642222
57620,1825.0005106642222
57621,1825.0005106642222
57622,1825.0005106642222
57623,1825.0005106642222
57624,1825.0005106642222
57625,1825.0005106642222
57626,1825.0005106642222
57627,1825.0005106642222
57628,1825.0005106642222
57629,1825.0005106642222
57630,1825.0005106642222
57631,1825.0005106642222
57632,1825.0005106642222
57633,1825.0005106642222
57634,1825.0005106642222
57635,1825.0005106642222
57636,1825.0005106642222
57637,1825.0005106642222
57638,1825.0005106642222
57639,1825.0005106642222
57640,1825.0005106642222
57641,1825.0005106642222
57642,1825.0005106642222
57643,1825.0005106642222
57644,1825.0005106642222
57645,1825.0005106642222
57646,1825.0005106642222
57647,1825.0005106642222
57648,1825.0005106642222
57649,1825.0005106642222
57650,1825.0005106642222
57651,1825.0005106642222
57652,1825.0005106642222
57653,1825.0005106642222
57654,1825.0005106642222
57655,1825.0005106642222
57656,1825.0005106642222
57657,1825.0005106642222
57658,1825.0005106642222
57659,1825.0005106642222
57660,1825.0005106642222
57661,1825.0005106642222
57662,1825.0005106642222
57663,1825.0005106642222
57664,1825.0005106642222
57665,1825.0005106642222
57666,1825.0005106642222
57667,1825.0005106642222
57668,1825.0005106642222
57669,1825.0005106642222
57670,1825.0005106642222
57671,1825.0005106642222
57672,1825.0005106642222
57673,1825.0005106642222
57674,1825.0005106642222
57675,1825.0005106642222
57676,1825.0005106642222
57677,1825.0005106642222
57678,1825.0005106642222
57679,1825.0005106642222
57680,1825.0005106642222
57681,1825.0005106642222
57682,1825.0005106642222
57683,1825.0005106642222
57684,1825.0005106642222
57685,1825.0005106642222
57686,1825.0005106642222
57687,1825.0005106642222
57688,1825.0005106642222
57689,1825.0005106642222
57690,1825.0005106642222
57691,1825.0005106642222
57692,1825.0005106642222
57693,1825.0005106642222
57694,1825.0005106642222
57695,1825.0005106642222
57696,1825.0005106642222
57697,1825.0005106642222
57698,1825.0005106642222
57699,1825.0005106642222
57700,1825.0005106642222
57701,1825.0005106642222
57702,1825.0005106642222
57703,1825.0005106642222
57704,1825.0005106642222
57705,1825.0005106642222
57706,1825.0005106642222
57707,1825.0005106642222
57708,1825.0005106642222
57709,1825.0005106642222
57710,1825.0005106642222
57711,1825.0005106642222
57712,1825.0005106642222
57713,1825.0005106642222
57714,1825.0005106642222
57715,1825.0005106642222
57716,1825.0005106642222
57717,1825.0005106642222
57718,1825.0005106642222
57719,1825.0005106642222
57720,1825.0005106642222
57721,1825.0005106642222
57722,1825.0005106642222
57723,1825.0005106642222
57724,1825.0005106642222
57725,1825.0005106642222
57726,1825.0005106642222
57727,1825.0005106642222
57728,1825.0005106642222
57729,1825.0005106642222
57730,1825.0005106642222
57731,1825.0005106642222
57732,1825.0005106642222
57733,1825.0005106642222
57734,1825.0005106642222
57735,1825.0005106642222
57736,1825.0005106642222
57737,1825.0005106642222
57738,1825.0005106642222
57739,1825.0005106642222
57740,1825.0005106642222
57741,1825.0005106642222
57742,1825.0005106642222
57743,1825.0005106642222
57744,1825.0005106642222
57745,1825.0005106642222
57746,1825.0005106642222
57747,1825.0005106642222
57748,1825.0005106642222
57749,1825.0005106642222
57750,1825.0005106642222
57751,1825.0005106642222
57752,1825.0005106642222
57753,1825.0005106642222
57754,1825.0005106642222
57755,1825.0005106642222
57756,1825.0005106642222
57757,1825.0005106642222
57758,1825.0005106642222
57759,1825.0005106642222
57760,1825.0005106642222
57761,1825.0005106642222
57762,1825.0005106642222
57763,1825.0005106642222
57764,1825.0005106642222
57765,1825.0005106642222
57766,1825.0005106642222
57767,1825.0005106642222
57768,1825.0005106642222
57769,1825.0005106642222
57770,1825.0005106642222
57771,1825.0005106642222
57772,1825.0005106642222
57773,1825.0005106642222
57774,1825.0005106642222
57775,1825.0005106642222
57776,1825.0005106642222
57777,1825.0005106642222
57778,1825.0005106642222
57779,1825.0005106642222
57780,1825.0005106642222
57781,1825.0005106642222
57782,1825.0005106642222
57783,1825.0005106642222
57784,1825.0005106642222
57785,1825.0005106642222
57786,1825.0005106642222
57787,1825.0005106642222
57788,1825.0005106642222
57789,1825.0005106642222
57790,1825.0005106642222
57791,1825.0005106642222
57792,1825.0005106642222
57793,1825.0005106642222
57794,1825.0005106642222
57795,1825.0005106642222
57796,1825.0005106642222
57797,1825.0005106642222
57798,1825.0005106642222
57799,1825.0005106642222
57800,1825.0005106642222
57801,1825.0005106642222
57802,1825.0005106642222
57803,1825.0005106642222
57804,1825.0005106642222
57805,1825.0005106642222
57806,1825.0005106642222
57807,1825.0005106642222
57808,1825.0005106642222
57809,1825.0005106642222
57810,1825.0005106642222
57811,1825.0005106642222
57812,1825.0005106642222
57813,1825.0005106642222
57814,1825.0005106642222
57815,1825.0005106642222
57816,1825.0005106642222
57817,1825.0005106642222
57818,1825.0005106642222
57819,1825.0005106642222
57820,1825.0005106642222
57821,1825.0005106642222
57822,1825.0005106642222
57823,1825.0005106642222
57824,1825.0005106642222
57825,1825.0005106642222
57826,1825.0005106642222
57827,1825.0005106642222
57828,1825.0005106642222
57829,1825.0005106642222
57830,1825.0005106642222
57831,1825.0005106642222
57832,1825.0005106642222
57833,1825.0005106642222
57834,1825.0005106642222
57835,1825.0005106642222
57836,1825.0005106642222
57837,1825.0005106642222
57838,1825.0005106642222
57839,1825.0005106642222
57840,1825.0005106642222
57841,1825.0005106642222
57842,1825.0005106642222
57843,1825.0005106642222
57844,1825.0005106642222
57845,1825.0005106642222
57846,1825.0005106642222
57847,1825.0005106642222
57848,1825.0005106642222
57849,1825.0005106642222
57850,1825.0005106642222
57851,1825.0005106642222
57852,1825.0005106642222
57853,1825.0005106642222
57854,1825.0005106642222
57855,1825.0005106642222
57856,1825.0005106642222
57857,1825.0005106642222
57858,1825.0005106642222
57859,1825.0005106642222
57860,1825.0005106642222
57861,1825.0005106642222
57862,1825.0005106642222
57863,1825.0005106642222
57864,1825.0005106642222
57865,1825.0005106642222
57866,1825.0005106642222
57867,1825.0005106642222
57868,1825.0005106642222
57869,1825.0005106642222
57870,1825.0005106642222
57871,1825.0005106642222
57872,1825.0005106642222
57873,1825.0005106642222
57874,1825.0005106642222
57875,1825.0005106642222
57876,1825.0005106642222
57877,1825.0005106642222
57878,1825.0005106642222
57879,1825.0005106642222
57880,1825.0005106642222
57881,1825.0005106642222
57882,1825.0005106642222
57883,1825.0005106642222
57884,1825.0005106642222
57885,1825.0005106642222
57886,1825.0005106642222
57887,1825.0005106642222
57888,1825.0005106642222
57889,1825.0005106642222
57890,1825.0005106642222
57891,1825.0005106642222
57892,1825.0005106642222
57893,1825.0005106642222
57894,1825.0005106642222
57895,1825.0005106642222
57896,1825.0005106642222
57897,1825.0005106642222
57898,1825.0005106642222
57899,1825.0005106642222
57900,1825.0005106642222
57901,1825.0005106642222
57902,1825.0005106642222
57903,1825.0005106642222
57904,1825.0005106642222
57905,1825.0005106642222
57906,1825.0005106642222
57907,1825.0005106642222
57908,1825.0005106642222
57909,1825.0005106642222
57910,1825.0005106642222
57911,1825.0005106642222
57912,1825.0005106642222
57913,1825.0005106642222
57914,1825.0005106642222
57915,1825.0005106642222
57916,1825.0005106642222
57917,1825.0005106642222
57918,1825.0005106642222
57919,1825.0005106642222
57920,1825.0005106642222
57921,1825.0005106642222
57922,1825.0005106642222
57923,1825.0005106642222
57924,1825.0005106642222
57925,1825.0005106642222
57926,1825.0005106642222
57927,1825.0005106642222
57928,1825.0005106642222
57929,1825.0005106642222
57930,1825.0005106642222
57931,1825.0005106642222
57932,1825.0005106642222
57933,1825.0005106642222
57934,1825.0005106642222
57935,1825.0005106642222
57936,1825.0005106642222
57937,1825.0005106642222
57938,1825.0005106642222
57939,1825.0005106642222
57940,1825.0005106642222
57941,1825.0005106642222
57942,1825.0005106642222
57943,1825.0005106642222
57944,1825.0005106642222
57945,1825.0005106642222
57946,1825.0005106642222
57947,1825.0005106642222
57948,1825.0005106642222
57949,1825.0005106642222
57950,1825.0005106642222
57951,1825.0005106642222
57952,1825.0005106642222
57953,1825.0005106642222
57954,1825.0005106642222
57955,1825.0005106642222
57956,1825.0005106642222
57957,1825.0005106642222
57958,1825.0005106642222
57959,1825.0005106642222
57960,1825.0005106642222
57961,1825.0005106642222
57962,1825.0005106642222
57963,1825.0005106642222
57964,1825.0005106642222
57965,1825.0005106642222
57966,1825.0005106642222
57967,1825.0005106642222
57968,1825.0005106642222
57969,1825.0005106642222
57970,1825.0005106642222
57971,1825.0005106642222
57972,1825.0005106642222
57973,1825.0005106642222
57974,1825.0005106642222
57975,1825.0005106642222
57976,1825.0005106642222
57977,1825.0005106642222
57978,1825.0005106642222
57979,1825.0005106642222
57980,1825.0005106642222
57981,1825.0005106642222
57982,1825.0005106642222
57983,1825.0005106642222
57984,1825.0005106642222
57985,1825.0005106642222
57986,1825.0005106642222
57987,1825.0005106642222
57988,1825.0005106642222
57989,1825.0005106642222
57990,1825.0005106642222
57991,1825.0005106642222
57992,1825.0005106642222
57993,1825.0005106642222
57994,1825.0005106642222
57995,1825.0005106642222
57996,1825.0005106642222
57997,1825.0005106642222
57998,1825.0005106642222
57999,1825.0005106642222
58000,1825.0005106642222
58001,1825.0005106642222
58002,1825.0005106642222
58003,1825.0005106642222
58004,1825.0005106642222
58005,1825.0005106642222
58006,1825.0005106642222
58007,1825.0005106642222
58008,1825.0005106642222
58009,1825.0005106642222
58010,1825.0005106642222
58011,1825.0005106642222
58012,1825.0005106642222
58013,1825.0005106642222
58014,1825.0005106642222
58015,1825.0005106642222
58016,1825.0005106642222
58017,1825.0005106642222
58018,1825.0005106642222
58019,1825.0005106642222
58020,1825.0005106642222
58021,1825.0005106642222
58022,1825.0005106642222
58023,1825.0005106642222
58024,1825.0005106642222
58025,1825.0005106642222
58026,1825.0005106642222
58027,1825.0005106642222
58028,1825.0005106642222
58029,1825.0005106642222
58030,1825.0005106642222
58031,1825.0005106642222
58032,1825.0005106642222
58033,1825.0005106642222
58034,1825.0005106642222
58035,1825.0005106642222
58036,1825.0005106642222
58037,1825.0005106642222
58038,1825.0005106642222
58039,1825.0005106642222
58040,1825.0005106642222
58041,1825.0005106642222
58042,1825.0005106642222
58043,1825.0005106642222
58044,1825.0005106642222
58045,1825.0005106642222
58046,1825.0005106642222
58047,1825.0005106642222
58048,1825.0005106642222
58049,1825.0005106642222
58050,1825.0005106642222
58051,1825.0005106642222
58052,1825.0005106642222
58053,1825.0005106642222
58054,1825.0005106642222
58055,1825.0005106642222
58056,1825.0005106642222
58057,1825.0005106642222
58058,1825.0005106642222
58059,1825.0005106642222
58060,1825.0005106642222
58061,1825.0005106642222
58062,1825.0005106642222
58063,1825.0005106642222
58064,1825.0005106642222
58065,1825.0005106642222
58066,1825.0005106642222
58067,1825.0005106642222
58068,1825.0005106642222
58069,1825.0005106642222
58070,1825.0005106642222
58071,1825.0005106642222
58072,1825.0005106642222
58073,1825.0005106642222
58074,1825.0005106642222
58075,1825.0005106642222
58076,1825.0005106642222
58077,1825.0005106642222
58078,1825.0005106642222
58079,1825.0005106642222
58080,1825.0005106642222
58081,1825.0005106642222
58082,1825.0005106642222
58083,1825.0005106642222
58084,1825.0005106642222
58085,1825.0005106642222
58086,1825.0005106642222
58087,1825.0005106642222
58088,1825.0005106642222
58089,1825.0005106642222
58090,1825.0005106642222
58091,1825.0005106642222
58092,1825.0005106642222
58093,1825.0005106642222
58094,1825.0005106642222
58095,1825.0005106642222
58096,1825.0005106642222
58097,1825.0005106642222
58098,1825.0005106642222
58099,1825.0005106642222
58100,1825.0005106642222
58101,1825.0005106642222
58102,1825.0005106642222
58103,1825.0005106642222
58104,1825.0005106642222
58105,1825.0005106642222
58106,1825.0005106642222
58107,1825.0005106642222
58108,1825.0005106642222
58109,1825.0005106642222
58110,1825.0005106642222
58111,1825.0005106642222
58112,1825.0005106642222
58113,1825.0005106642222
58114,1825.0005106642222
58115,1825.0005106642222
58116,1825.0005106642222
58117,1825.0005106642222
58118,1825.0005106642222
58119,1825.0005106642222
58120,1825.0005106642222
58121,1825.0005106642222
58122,1825.0005106642222
58123,1825.0005106642222
58124,1825.0005106642222
58125,1825.0005106642222
58126,1825.0005106642222
58127,1825.0005106642222
58128,1825.0005106642222
58129,1825.0005106642222
58130,1825.0005106642222
58131,1825.0005106642222
58132,1825.0005106642222
58133,1825.0005106642222
58134,1825.0005106642222
58135,1825.0005106642222
58136,1825.0005106642222
58137,1825.0005106642222
58138,1825.0005106642222
58139,1825.0005106642222
58140,1825.0005106642222
58141,1825.0005106642222
58142,1825.0005106642222
58143,1825.0005106642222
58144,1825.0005106642222
58145,1825.0005106642222
58146,1825.0005106642222
58147,1825.0005106642222
58148,1825.0005106642222
58149,1825.0005106642222
58150,1825.0005106642222
58151,1825.0005106642222
58152,1825.0005106642222
58153,1825.0005106642222
58154,1825.0005106642222
58155,1825.0005106642222
58156,1825.0005106642222
58157,1825.0005106642222
58158,1825.0005106642222
58159,1825.0005106642222
58160,1825.0005106642222
58161,1825.0005106642222
58162,1825.0005106642222
58163,1825.0005106642222
58164,1825.0005106642222
58165,1825.0005106642222
58166,1825.0005106642222
58167,1825.0005106642222
58168,1825.0005106642222
58169,1825.0005106642222
58170,1825.0005106642222
58171,1825.0005106642222
58172,1825.0005106642222
58173,1825.0005106642222
58174,1825.0005106642222
58175,1825.0005106642222
58176,1825.0005106642222
58177,1825.0005106642222
58178,1825.0005106642222
58179,1825.0005106642222
58180,1825.0005106642222
58181,1825.0005106642222
58182,1825.0005106642222
58183,1825.0005106642222
58184,1825.0005106642222
58185,1825.0005106642222
58186,1825.0005106642222
58187,1825.0005106642222
58188,1825.0005106642222
58189,1825.0005106642222
58190,1825.0005106642222
58191,1825.0005106642222
58192,1825.0005106642222
58193,1825.0005106642222
58194,1825.0005106642222
58195,1825.0005106642222
58196,1825.0005106642222
58197,1825.0005106642222
58198,1825.0005106642222
58199,1825.0005106642222
58200,1825.0005106642222
58201,1825.0005106642222
58202,1825.0005106642222
58203,1825.0005106642222
58204,1825.0005106642222
58205,1825.0005106642222
58206,1825.0005106642222
58207,1825.0005106642222
58208,1825.0005106642222
58209,1825.0005106642222
58210,1825.0005106642222
58211,1825.0005106642222
58212,1825.0005106642222
58213,1825.0005106642222
58214,1825.0005106642222
58215,1825.0005106642222
58216,1825.0005106642222
58217,1825.0005106642222
58218,1825.0005106642222
58219,1825.0005106642222
58220,1825.0005106642222
58221,1825.0005106642222
58222,1825.0005106642222
58223,1825.0005106642222
58224,1825.0005106642222
58225,1825.0005106642222
58226,1825.0005106642222
58227,1825.0005106642222
58228,1825.0005106642222
58229,1825.0005106642222
58230,1825.0005106642222
58231,1825.0005106642222
58232,1825.0005106642222
58233,1825.0005106642222
58234,1825.0005106642222
58235,1825.0005106642222
58236,1825.0005106642222
58237,1825.0005106642222
58238,1825.0005106642222
58239,1825.0005106642222
58240,1825.0005106642222
58241,1825.0005106642222
58242,1825.0005106642222
58243,1825.0005106642222
58244,1825.0005106642222
58245,1825.0005106642222
58246,1825.0005106642222
58247,1825.0005106642222
58248,1825.0005106642222
58249,1825.0005106642222
58250,1825.0005106642222
58251,1825.0005106642222
58252,1825.0005106642222
58253,1825.0005106642222
58254,1825.0005106642222
58255,1825.0005106642222
58256,1825.0005106642222
58257,1825.0005106642222
58258,1825.0005106642222
58259,1825.0005106642222
58260,1825.0005106642222
58261,1825.0005106642222
58262,1825.0005106642222
58263,1825.0005106642222
58264,1825.0005106642222
58265,1825.0005106642222
58266,1825.0005106642222
58267,1825.0005106642222
58268,1825.0005106642222
58269,1825.0005106642222
58270,1825.0005106642222
58271,1825.0005106642222
58272,1825.0005106642222
58273,1825.0005106642222
58274,1825.0005106642222
58275,1825.0005106642222
58276,1825.0005106642222
58277,1825.0005106642222
58278,1825.0005106642222
58279,1825.0005106642222
58280,1825.0005106642222
58281,1825.0005106642222
58282,1825.0005106642222
58283,1825.0005106642222
58284,1825.0005106642222
58285,1825.0005106642222
58286,1825.0005106642222
58287,1825.0005106642222
58288,1825.0005106642222
58289,1825.0005106642222
58290,1825.0005106642222
58291,1825.0005106642222
58292,1825.0005106642222
58293,1825.0005106642222
58294,1825.0005106642222
58295,1825.0005106642222
58296,1825.0005106642222
58297,1825.0005106642222
58298,1825.0005106642222
58299,1825.0005106642222
58300,1825.0005106642222
58301,1825.0005106642222
58302,1825.0005106642222
58303,1825.0005106642222
58304,1825.0005106642222
58305,1825.0005106642222
58306,1825.0005106642222
58307,1825.0005106642222
58308,1825.0005106642222
58309,1825.0005106642222
58310,1825.0005106642222
58311,1825.0005106642222
58312,1825.0005106642222
58313,1825.0005106642222
58314,1825.0005106642222
58315,1825.0005106642222
58316,1825.0005106642222
58317,1825.0005106642222
58318,1825.0005106642222
58319,1825.0005106642222
58320,1825.0005106642222
58321,1825.0005106642222
58322,1825.0005106642222
58323,1825.0005106642222
58324,1825.0005106642222
58325,1825.0005106642222
58326,1825.0005106642222
58327,1825.0005106642222
58328,1825.0005106642222
58329,1825.0005106642222
58330,1825.0005106642222
58331,1825.0005106642222
58332,1825.0005106642222
58333,1825.0005106642222
58334,1825.0005106642222
58335,1825.0005106642222
58336,1825.0005106642222
58337,1825.0005106642222
58338,1825.0005106642222
58339,1825.0005106642222
58340,1825.0005106642222
58341,1825.0005106642222
58342,1825.0005106642222
58343,1825.0005106642222
58344,1825.0005106642222
58345,1825.0005106642222
58346,1825.0005106642222
58347,1825.0005106642222
58348,1825.0005106642222
58349,1825.0005106642222
58350,1825.0005106642222
58351,1825.0005106642222
58352,1825.0005106642222
58353,1825.0005106642222
58354,1825.0005106642222
58355,1825.0005106642222
58356,1825.0005106642222
58357,1825.0005106642222
58358,1825.0005106642222
58359,1825.0005106642222
58360,1825.0005106642222
58361,1825.0005106642222
58362,1825.0005106642222
58363,1825.0005106642222
58364,1825.0005106642222
58365,1825.0005106642222
58366,1825.0005106642222
58367,1825.0005106642222
58368,1825.0005106642222
58369,1825.0005106642222
58370,1825.0005106642222
58371,1825.0005106642222
58372,1825.0005106642222
58373,1825.0005106642222
58374,1825.0005106642222
58375,1825.0005106642222
58376,1825.0005106642222
58377,1825.0005106642222
58378,1825.0005106642222
58379,1825.0005106642222
58380,1825.0005106642222
58381,1825.0005106642222
58382,1825.0005106642222
58383,1825.0005106642222
58384,1825.0005106642222
58385,1825.0005106642222
58386,1825.0005106642222
58387,1825.0005106642222
58388,1825.0005106642222
58389,1825.0005106642222
58390,1825.0005106642222
58391,1825.0005106642222
58392,1825.0005106642222
58393,1825.0005106642222
58394,1825.0005106642222
58395,1825.0005106642222
58396,1825.0005106642222
58397,1825.0005106642222
58398,1825.0005106642222
58399,1825.0005106642222
58400,1825.0005106642222
58401,1825.0005106642222
58402,1825.0005106642222
58403,1825.0005106642222
58404,1825.0005106642222
58405,1825.0005106642222
58406,1825.0005106642222
58407,1825.0005106642222
58408,1825.0005106642222
58409,1825.0005106642222
58410,1825.0005106642222
58411,1825.0005106642222
58412,1825.0005106642222
58413,1825.0005106642222
58414,1825.0005106642222
58415,1825.0005106642222
58416,1825.0005106642222
58417,1825.0005106642222
58418,1825.0005106642222
58419,1825.0005106642222
58420,1825.0005106642222
58421,1825.0005106642222
58422,1825.0005106642222
58423,1825.0005106642222
58424,1825.0005106642222
58425,1825.0005106642222
58426,1825.0005106642222
58427,1825.0005106642222
58428,1825.0005106642222
58429,1825.0005106642222
58430,1825.0005106642222
58431,1825.0005106642222
58432,1825.0005106642222
58433,1825.0005106642222
58434,1825.0005106642222
58435,1825.0005106642222
58436,1825.0005106642222
58437,1825.0005106642222
58438,1825.0005106642222
58439,1825.0005106642222
58440,1825.0005106642222
58441,1825.0005106642222
58442,1825.0005106642222
58443,1825.0005106642222
58444,1825.0005106642222
58445,1825.0005106642222
58446,1825.0005106642222
58447,1825.0005106642222
58448,1825.0005106642222
58449,1825.0005106642222
58450,1825.0005106642222
58451,1825.0005106642222
58452,1825.0005106642222
58453,1825.0005106642222
58454,1825.0005106642222
58455,1825.0005106642222
58456,1825.0005106642222
58457,1825.0005106642222
58458,1825.0005106642222
58459,1825.0005106642222
58460,1825.0005106642222
58461,1825.0005106642222
58462,1825.0005106642222
58463,1825.0005106642222
58464,1825.0005106642222
58465,1825.0005106642222
58466,1825.0005106642222
58467,1825.0005106642222
58468,1825.0005106642222
58469,1825.0005106642222
58470,1825.0005106642222
58471,1825.0005106642222
58472,1825.0005106642222
58473,1825.0005106642222
58474,1825.0005106642222
58475,1825.0005106642222
58476,1825.0005106642222
58477,1825.0005106642222
58478,1825.0005106642222
58479,1825.0005106642222
58480,1825.0005106642222
58481,1825.0005106642222
58482,1825.0005106642222
58483,1825.0005106642222
58484,1825.0005106642222
58485,1825.0005106642222
58486,1825.0005106642222
58487,1825.0005106642222
58488,1825.0005106642222
58489,1825.0005106642222
58490,1825.0005106642222
58491,1825.0005106642222
58492,1825.0005106642222
58493,1825.0005106642222
58494,1825.0005106642222
58495,1825.0005106642222
58496,1825.0005106642222
58497,1825.0005106642222
58498,1825.0005106642222
58499,1825.0005106642222
58500,1825.0005106642222
58501,1825.0005106642222
58502,1825.0005106642222
58503,1825.0005106642222
58504,1825.0005106642222
58505,1825.0005106642222
58506,1825.0005106642222
58507,1825.0005106642222
58508,1825.0005106642222
58509,1825.0005106642222
58510,1825.0005106642222
58511,1825.0005106642222
58512,1825.0005106642222
58513,1825.0005106642222
58514,1825.0005106642222
58515,1825.0005106642222
58516,1825.0005106642222
58517,1825.0005106642222
58518,1825.0005106642222
58519,1825.0005106642222
58520,1825.0005106642222
58521,1825.0005106642222
58522,1825.0005106642222
58523,1825.0005106642222
58524,1825.0005106642222
58525,1825.0005106642222
58526,1825.0005106642222
58527,1825.0005106642222
58528,1825.0005106642222
58529,1825.0005106642222
58530,1825.0005106642222
58531,1825.0005106642222
58532,1825.0005106642222
58533,1825.0005106642222
58534,1825.0005106642222
58535,1825.0005106642222
58536,1825.0005106642222
58537,1825.0005106642222
58538,1825.0005106642222
58539,1825.0005106642222
58540,1825.0005106642222
58541,1825.0005106642222
58542,1825.0005106642222
58543,1825.0005106642222
58544,1825.0005106642222
58545,1825.0005106642222
58546,1825.0005106642222
58547,1825.0005106642222
58548,1825.0005106642222
58549,1825.0005106642222
58550,1825.0005106642222
58551,1825.0005106642222
58552,1825.0005106642222
58553,1825.0005106642222
58554,1825.0005106642222
58555,1825.0005106642222
58556,1825.0005106642222
58557,1825.0005106642222
58558,1825.0005106642222
58559,1825.0005106642222
58560,1825.0005106642222
58561,1825.0005106642222
58562,1825.0005106642222
58563,1825.0005106642222
58564,1825.0005106642222
58565,1825.0005106642222
58566,1825.0005106642222
58567,1825.0005106642222
58568,1825.0005106642222
58569,1825.0005106642222
58570,1825.0005106642222
58571,1825.0005106642222
58572,1825.0005106642222
58573,1825.0005106642222
58574,1825.0005106642222
58575,1825.0005106642222
58576,1825.0005106642222
58577,1825.0005106642222
58578,1825.0005106642222
58579,1825.0005106642222
58580,1825.0005106642222
58581,1825.0005106642222
58582,1825.0005106642222
58583,1825.0005106642222
58584,1825.0005106642222
58585,1825.0005106642222
58586,1825.0005106642222
58587,1825.0005106642222
58588,1825.0005106642222
58589,1825.0005106642222
58590,1825.0005106642222
58591,1825.0005106642222
58592,1825.0005106642222
58593,1825.0005106642222
58594,1825.0005106642222
58595,1825.0005106642222
58596,1825.0005106642222
58597,1825.0005106642222
58598,1825.0005106642222
58599,1825.0005106642222
58600,1825.0005106642222
58601,1825.0005106642222
58602,1825.0005106642222
58603,1825.0005106642222
58604,1825.0005106642222
58605,1825.0005106642222
58606,1825.0005106642222
58607,1825.0005106642222
58608,1825.0005106642222
58609,1825.0005106642222
58610,1825.0005106642222
58611,1825.0005106642222
58612,1825.0005106642222
58613,1825.0005106642222
58614,1825.0005106642222
58615,1825.0005106642222
58616,1825.0005106642222
58617,1825.0005106642222
58618,1825.0005106642222
58619,1825.0005106642222
58620,1825.0005106642222
58621,1825.0005106642222
58622,1825.0005106642222
58623,1825.0005106642222
58624,1825.0005106642222
58625,1825.0005106642222
58626,1825.0005106642222
58627,1825.0005106642222
58628,1825.0005106642222
58629,1825.0005106642222
58630,1825.0005106642222
58631,1825.0005106642222
58632,1825.0005106642222
58633,1825.0005106642222
58634,1825.0005106642222
58635,1825.0005106642222
58636,1825.0005106642222
58637,1825.0005106642222
58638,1825.0005106642222
58639,1825.0005106642222
58640,1825.0005106642222
58641,1825.0005106642222
58642,1825.0005106642222
58643,1825.0005106642222
58644,1825.0005106642222
58645,1825.0005106642222
58646,1825.0005106642222
58647,1825.0005106642222
58648,1825.0005106642222
58649,1825.0005106642222
58650,1825.0005106642222
58651,1825.0005106642222
58652,1825.0005106642222
58653,1825.0005106642222
58654,1825.0005106642222
58655,1825.0005106642222
58656,1825.0005106642222
58657,1825.0005106642222
58658,1825.0005106642222
58659,1825.0005106642222
58660,1825.0005106642222
58661,1825.0005106642222
58662,1825.0005106642222
58663,1825.0005106642222
58664,1825.0005106642222
58665,1825.0005106642222
58666,1825.0005106642222
58667,1825.0005106642222
58668,1825.0005106642222
58669,1825.0005106642222
58670,1825.0005106642222
58671,1825.0005106642222
58672,1825.0005106642222
58673,1825.0005106642222
58674,1825.0005106642222
58675,1825.0005106642222
58676,1825.0005106642222
58677,1825.0005106642222
58678,1825.0005106642222
58679,1825.0005106642222
58680,1825.0005106642222
58681,1825.0005106642222
58682,1825.0005106642222
58683,1825.0005106642222
58684,1825.0005106642222
58685,1825.0005106642222
58686,1825.0005106642222
58687,1825.0005106642222
58688,1825.0005106642222
58689,1825.0005106642222
58690,1825.0005106642222
58691,1825.0005106642222
58692,1825.0005106642222
58693,1825.0005106642222
58694,1825.0005106642222
58695,1825.0005106642222
58696,1825.0005106642222
58697,1825.0005106642222
58698,1825.0005106642222
58699,1825.0005106642222
58700,1825.0005106642222
58701,1825.0005106642222
58702,1825.0005106642222
58703,1825.0005106642222
58704,1825.0005106642222
58705,1825.0005106642222
58706,1825.0005106642222
58707,1825.0005106642222
58708,1825.0005106642222
58709,1825.0005106642222
58710,1825.0005106642222
58711,1825.0005106642222
58712,1825.0005106642222
58713,1825.0005106642222
58714,1825.0005106642222
58715,1825.0005106642222
58716,1825.0005106642222
58717,1825.0005106642222
58718,1825.0005106642222
58719,1825.0005106642222
58720,1825.0005106642222
58721,1825.0005106642222
58722,1825.0005106642222
58723,1825.0005106642222
58724,1825.0005106642222
58725,1825.0005106642222
58726,1825.0005106642222
58727,1825.0005106642222
58728,1825.0005106642222
58729,1825.0005106642222
58730,1825.0005106642222
58731,1825.0005106642222
58732,1825.0005106642222
58733,1825.0005106642222
58734,1825.0005106642222
58735,1825.0005106642222
58736,1825.0005106642222
58737,1825.0005106642222
58738,1825.0005106642222
58739,1825.0005106642222
58740,1825.0005106642222
58741,1825.0005106642222
58742,1825.0005106642222
58743,1825.0005106642222
58744,1825.0005106642222
58745,1825.0005106642222
58746,1825.0005106642222
58747,1825.0005106642222
58748,1825.0005106642222
58749,1825.0005106642222
58750,1825.0005106642222
58751,1825.0005106642222
58752,1825.0005106642222
58753,1825.0005106642222
58754,1825.0005106642222
58755,1825.0005106642222
58756,1825.0005106642222
58757,1825.0005106642222
58758,1825.0005106642222
58759,1825.0005106642222
58760,1825.0005106642222
58761,1825.0005106642222
58762,1825.0005106642222
58763,1825.0005106642222
58764,1825.0005106642222
58765,1825.0005106642222
58766,1825.0005106642222
58767,1825.0005106642222
58768,1825.0005106642222
58769,1825.0005106642222
58770,1825.0005106642222
58771,1825.0005106642222
58772,1825.0005106642222
58773,1825.0005106642222
58774,1825.0005106642222
58775,1825.0005106642222
58776,1825.0005106642222
58777,1825.0005106642222
58778,1825.0005106642222
58779,1825.0005106642222
58780,1825.0005106642222
58781,1825.0005106642222
58782,1825.0005106642222
58783,1825.0005106642222
58784,1825.0005106642222
58785,1825.0005106642222
58786,1825.0005106642222
58787,1825.0005106642222
58788,1825.0005106642222
58789,1825.0005106642222
58790,1825.0005106642222
58791,1825.0005106642222
58792,1825.0005106642222
58793,1825.0005106642222
58794,1825.0005106642222
58795,1825.0005106642222
58796,1825.0005106642222
58797,1825.0005106642222
58798,1825.0005106642222
58799,1825.0005106642222
58800,1825.0005106642222
58801,1825.0005106642222
58802,1825.0005106642222
58803,1825.0005106642222
58804,1825.0005106642222
58805,1825.0005106642222
58806,1825.0005106642222
58807,1825.0005106642222
58808,1825.0005106642222
58809,1825.0005106642222
58810,1825.0005106642222
58811,1825.0005106642222
58812,1825.0005106642222
58813,1825.0005106642222
58814,1825.0005106642222
58815,1825.0005106642222
58816,1825.0005106642222
58817,1825.0005106642222
58818,1825.0005106642222
58819,1825.0005106642222
58820,1825.0005106642222
58821,1825.0005106642222
58822,1825.0005106642222
58823,1825.0005106642222
58824,1825.0005106642222
58825,1825.0005106642222
58826,1825.0005106642222
58827,1825.0005106642222
58828,1825.0005106642222
58829,1825.0005106642222
58830,1825.0005106642222
58831,1825.0005106642222
58832,1825.0005106642222
58833,1825.0005106642222
58834,1825.0005106642222
58835,1825.0005106642222
58836,1825.0005106642222
58837,1825.0005106642222
58838,1825.0005106642222
58839,1825.0005106642222
58840,1825.0005106642222
58841,1825.0005106642222
58842,1825.0005106642222
58843,1825.0005106642222
58844,1825.0005106642222
58845,1825.0005106642222
58846,1825.0005106642222
58847,1825.0005106642222
58848,1825.0005106642222
58849,1825.0005106642222
58850,1825.0005106642222
58851,1825.0005106642222
58852,1825.0005106642222
58853,1825.0005106642222
58854,1825.0005106642222
58855,1825.0005106642222
58856,1825.0005106642222
58857,1825.0005106642222
58858,1825.0005106642222
58859,1825.0005106642222
58860,1825.0005106642222
58861,1825.0005106642222
58862,1825.0005106642222
58863,1825.0005106642222
58864,1825.0005106642222
58865,1825.0005106642222
58866,1825.0005106642222
58867,1825.0005106642222
58868,1825.0005106642222
58869,1825.0005106642222
58870,1825.0005106642222
58871,1825.0005106642222
58872,1825.0005106642222
58873,1825.0005106642222
58874,1825.0005106642222
58875,1825.0005106642222
58876,1825.0005106642222
58877,1825.0005106642222
58878,1825.0005106642222
58879,1825.0005106642222
58880,1825.0005106642222
58881,1825.0005106642222
58882,1825.0005106642222
58883,1825.0005106642222
58884,1825.0005106642222
58885,1825.0005106642222
58886,1825.0005106642222
58887,1825.0005106642222
58888,1825.0005106642222
58889,1825.0005106642222
58890,1825.0005106642222
58891,1825.0005106642222
58892,1825.0005106642222
58893,1825.0005106642222
58894,1825.0005106642222
58895,1825.0005106642222
58896,1825.0005106642222
58897,1825.0005106642222
58898,1825.0005106642222
58899,1825.0005106642222
58900,1825.0005106642222
58901,1825.0005106642222
58902,1825.0005106642222
58903,1825.0005106642222
58904,1825.0005106642222
58905,1825.0005106642222
58906,1825.0005106642222
58907,1825.0005106642222
58908,1825.0005106642222
58909,1825.0005106642222
58910,1825.0005106642222
58911,1825.0005106642222
58912,1825.0005106642222
58913,1825.0005106642222
58914,1825.0005106642222
58915,1825.0005106642222
58916,1825.0005106642222
58917,1825.0005106642222
58918,1825.0005106642222
58919,1825.0005106642222
58920,1825.0005106642222
58921,1825.0005106642222
58922,1825.0005106642222
58923,1825.0005106642222
58924,1825.0005106642222
58925,1825.0005106642222
58926,1825.0005106642222
58927,1825.0005106642222
58928,1825.0005106642222
58929,1825.0005106642222
58930,1825.0005106642222
58931,1825.0005106642222
58932,1825.0005106642222
58933,1825.0005106642222
58934,1825.0005106642222
58935,1825.0005106642222
58936,1825.0005106642222
58937,1825.0005106642222
58938,1825.0005106642222
58939,1825.0005106642222
58940,1825.0005106642222
58941,1825.0005106642222
58942,1825.0005106642222
58943,1825.0005106642222
58944,1825.0005106642222
58945,1825.0005106642222
58946,1825.0005106642222
58947,1825.0005106642222
58948,1825.0005106642222
58949,1825.0005106642222
58950,1825.0005106642222
58951,1825.0005106642222
58952,1825.0005106642222
58953,1825.0005106642222
58954,1825.0005106642222
58955,1825.0005106642222
58956,1825.0005106642222
58957,1825.0005106642222
58958,1825.0005106642222
58959,1825.0005106642222
58960,1825.0005106642222
58961,1825.0005106642222
58962,1825.0005106642222
58963,1825.0005106642222
58964,1825.0005106642222
58965,1825.0005106642222
58966,1825.0005106642222
58967,1825.0005106642222
58968,1825.0005106642222
58969,1825.0005106642222
58970,1825.0005106642222
58971,1825.0005106642222
58972,1825.0005106642222
58973,1825.0005106642222
58974,1825.0005106642222
58975,1825.0005106642222
58976,1825.0005106642222
58977,1825.0005106642222
58978,1825.0005106642222
58979,1825.0005106642222
58980,1825.0005106642222
58981,1825.0005106642222
58982,1825.0005106642222
58983,1825.0005106642222
58984,1825.0005106642222
58985,1825.0005106642222
58986,1825.0005106642222
58987,1825.0005106642222
58988,1825.0005106642222
58989,1825.0005106642222
58990,1825.0005106642222
58991,1825.0005106642222
58992,1825.0005106642222
58993,1825.0005106642222
58994,1825.0005106642222
58995,1825.0005106642222
58996,1825.0005106642222
58997,1825.0005106642222
58998,1825.0005106642222
58999,1825.0005106642222
59000,1825.0005106642222
59001,1825.0005106642222
59002,1825.0005106642222
59003,1825.0005106642222
59004,1825.0005106642222
59005,1825.0005106642222
59006,1825.0005106642222
59007,1825.0005106642222
59008,1825.0005106642222
59009,1825.0005106642222
59010,1825.0005106642222
59011,1825.0005106642222
59012,1825.0005106642222
59013,1825.0005106642222
59014,1825.0005106642222
59015,1825.0005106642222
59016,1825.0005106642222
59017,1825.0005106642222
59018,1825.0005106642222
59019,1825.0005106642222
59020,1825.0005106642222
59021,1825.0005106642222
59022,1825.0005106642222
59023,1825.0005106642222
59024,1825.0005106642222
59025,1825.0005106642222
59026,1825.0005106642222
59027,1825.0005106642222
59028,1825.0005106642222
59029,1825.0005106642222
59030,1825.0005106642222
59031,1825.0005106642222
59032,1825.0005106642222
59033,1825.0005106642222
59034,1825.0005106642222
59035,1825.0005106642222
59036,1825.0005106642222
59037,1825.0005106642222
59038,1825.0005106642222
59039,1825.0005106642222
59040,1825.0005106642222
59041,1825.0005106642222
59042,1825.0005106642222
59043,1825.0005106642222
59044,1825.0005106642222
59045,1825.0005106642222
59046,1825.0005106642222
59047,1825.0005106642222
59048,1825.0005106642222
59049,1825.0005106642222
59050,1825.0005106642222
59051,1825.0005106642222
59052,1825.0005106642222
59053,1825.0005106642222
59054,1825.0005106642222
59055,1825.0005106642222
59056,1825.0005106642222
59057,1825.0005106642222
59058,1825.0005106642222
59059,1825.0005106642222
59060,1825.0005106642222
59061,1825.0005106642222
59062,1825.0005106642222
59063,1825.0005106642222
59064,1825.0005106642222
59065,1825.0005106642222
59066,1825.0005106642222
59067,1825.0005106642222
59068,1825.0005106642222
59069,1825.0005106642222
59070,1825.0005106642222
59071,1825.0005106642222
59072,1825.0005106642222
59073,1825.0005106642222
59074,1825.0005106642222
59075,1825.0005106642222
59076,1825.0005106642222
59077,1825.0005106642222
59078,1825.0005106642222
59079,1825.0005106642222
59080,1825.0005106642222
59081,1825.0005106642222
59082,1825.0005106642222
59083,1825.0005106642222
59084,1825.0005106642222
59085,1825.0005106642222
59086,1825.0005106642222
59087,1825.0005106642222
59088,1825.0005106642222
59089,1825.0005106642222
59090,1825.0005106642222
59091,1825.0005106642222
59092,1825.0005106642222
59093,1825.0005106642222
59094,1825.0005106642222
59095,1825.0005106642222
59096,1825.0005106642222
59097,1825.0005106642222
59098,1825.0005106642222
59099,1825.0005106642222
59100,1825.0005106642222
59101,1825.0005106642222
59102,1825.0005106642222
59103,1825.0005106642222
59104,1825.0005106642222
59105,1825.0005106642222
59106,1825.0005106642222
59107,1825.0005106642222
59108,1825.0005106642222
59109,1825.0005106642222
59110,1825.0005106642222
59111,1825.0005106642222
59112,1825.0005106642222
59113,1825.0005106642222
59114,1825.0005106642222
59115,1825.0005106642222
59116,1825.0005106642222
59117,1825.0005106642222
59118,1825.0005106642222
59119,1825.0005106642222
59120,1825.0005106642222
59121,1825.0005106642222
59122,1825.0005106642222
59123,1825.0005106642222
59124,1825.0005106642222
59125,1825.0005106642222
59126,1825.0005106642222
59127,1825.0005106642222
59128,1825.0005106642222
59129,1825.0005106642222
59130,1825.0005106642222
59131,1825.0005106642222
59132,1825.0005106642222
59133,1825.0005106642222
59134,1825.0005106642222
59135,1825.0005106642222
59136,1825.0005106642222
59137,1825.0005106642222
59138,1825.0005106642222
59139,1825.0005106642222
59140,1825.0005106642222
59141,1825.0005106642222
59142,1825.0005106642222
59143,1825.0005106642222
59144,1825.0005106642222
59145,1825.0005106642222
59146,1825.0005106642222
59147,1825.0005106642222
59148,1825.0005106642222
59149,1825.0005106642222
59150,1825.0005106642222
59151,1825.0005106642222
59152,1825.0005106642222
59153,1825.0005106642222
59154,1825.0005106642222
59155,1825.0005106642222
59156,1825.0005106642222
59157,1825.0005106642222
59158,1825.0005106642222
59159,1825.0005106642222
59160,1825.0005106642222
59161,1825.0005106642222
59162,1825.0005106642222
59163,1825.0005106642222
59164,1825.0005106642222
59165,1825.0005106642222
59166,1825.0005106642222
59167,1825.0005106642222
59168,1825.0005106642222
59169,1825.0005106642222
59170,1825.0005106642222
59171,1825.0005106642222
59172,1825.0005106642222
59173,1825.0005106642222
59174,1825.0005106642222
59175,1825.0005106642222
59176,1825.0005106642222
59177,1825.0005106642222
59178,1825.0005106642222
59179,1825.0005106642222
59180,1825.0005106642222
59181,1825.0005106642222
59182,1825.0005106642222
59183,1825.0005106642222
59184,1825.0005106642222
59185,1825.0005106642222
59186,1825.0005106642222
59187,1825.0005106642222
59188,1825.0005106642222
59189,1825.0005106642222
59190,1825.0005106642222
59191,1825.0005106642222
59192,1825.0005106642222
59193,1825.0005106642222
59194,1825.0005106642222
59195,1825.0005106642222
59196,1825.0005106642222
59197,1825.0005106642222
59198,1825.0005106642222
59199,1825.0005106642222
59200,1825.0005106642222
59201,1825.0005106642222
59202,1825.0005106642222
59203,1825.0005106642222
59204,1825.0005106642222
59205,1825.0005106642222
59206,1825.0005106642222
59207,1825.0005106642222
59208,1825.0005106642222
59209,1825.0005106642222
59210,1825.0005106642222
59211,1825.0005106642222
59212,1825.0005106642222
59213,1825.0005106642222
59214,1825.0005106642222
59215,1825.0005106642222
59216,1825.0005106642222
59217,1825.0005106642222
59218,1825.0005106642222
59219,1825.0005106642222
59220,1825.0005106642222
59221,1825.0005106642222
59222,1825.0005106642222
59223,1825.0005106642222
59224,1825.0005106642222
59225,1825.0005106642222
59226,1825.0005106642222
59227,1825.0005106642222
59228,1825.0005106642222
59229,1825.0005106642222
59230,1825.0005106642222
59231,1825.0005106642222
59232,1825.0005106642222
59233,1825.0005106642222
59234,1825.0005106642222
59235,1825.0005106642222
59236,1825.0005106642222
59237,1825.0005106642222
59238,1825.0005106642222
59239,1825.0005106642222
59240,1825.0005106642222
59241,1825.0005106642222
59242,1825.0005106642222
59243,1825.0005106642222
59244,1825.0005106642222
59245,1825.0005106642222
59246,1825.0005106642222
59247,1825.0005106642222
59248,1825.0005106642222
59249,1825.0005106642222
59250,1825.0005106642222
59251,1825.0005106642222
59252,1825.0005106642222
59253,1825.0005106642222
59254,1825.0005106642222
59255,1825.0005106642222
59256,1825.0005106642222
59257,1825.0005106642222
59258,1825.0005106642222
59259,1825.0005106642222
59260,1825.0005106642222
59261,1825.0005106642222
59262,1825.0005106642222
59263,1825.0005106642222
59264,1825.0005106642222
59265,1825.0005106642222
59266,1825.0005106642222
59267,1825.0005106642222
59268,1825.0005106642222
59269,1825.0005106642222
59270,1825.0005106642222
59271,1825.0005106642222
59272,1825.0005106642222
59273,1825.0005106642222
59274,1825.0005106642222
59275,1825.0005106642222
59276,1825.0005106642222
59277,1825.0005106642222
59278,1825.0005106642222
59279,1825.0005106642222
59280,1825.0005106642222
59281,1825.0005106642222
59282,1825.0005106642222
59283,1825.0005106642222
59284,1825.0005106642222
59285,1825.0005106642222
59286,1825.0005106642222
59287,1825.0005106642222
59288,1825.0005106642222
59289,1825.0005106642222
59290,1825.0005106642222
59291,1825.0005106642222
59292,1825.0005106642222
59293,1825.0005106642222
59294,1825.0005106642222
59295,1825.0005106642222
59296,1825.0005106642222
59297,1825.0005106642222
59298,1825.0005106642222
59299,1825.0005106642222
59300,1825.0005106642222
59301,1825.0005106642222
59302,1825.0005106642222
59303,1825.0005106642222
59304,1825.0005106642222
59305,1825.0005106642222
59306,1825.0005106642222
59307,1825.0005106642222
59308,1825.0005106642222
59309,1825.0005106642222
59310,1825.0005106642222
59311,1825.0005106642222
59312,1825.0005106642222
59313,1825.0005106642222
59314,1825.0005106642222
59315,1825.0005106642222
59316,1825.0005106642222
59317,1825.0005106642222
59318,1825.0005106642222
59319,1825.0005106642222
59320,1825.0005106642222
59321,1825.0005106642222
59322,1825.0005106642222
59323,1825.0005106642222
59324,1825.0005106642222
59325,1825.0005106642222
59326,1825.0005106642222
59327,1825.0005106642222
59328,1825.0005106642222
59329,1825.0005106642222
59330,1825.0005106642222
59331,1825.0005106642222
59332,1825.0005106642222
59333,1825.0005106642222
59334,1825.0005106642222
59335,1825.0005106642222
59336,1825.0005106642222
59337,1825.0005106642222
59338,1825.0005106642222
59339,1825.0005106642222
59340,1825.0005106642222
59341,1825.0005106642222
59342,1825.0005106642222
59343,1825.0005106642222
59344,1825.0005106642222
59345,1825.0005106642222
59346,1825.0005106642222
59347,1825.0005106642222
59348,1825.0005106642222
59349,1825.0005106642222
59350,1825.0005106642222
59351,1825.0005106642222
59352,1825.0005106642222
59353,1825.0005106642222
59354,1825.0005106642222
59355,1825.0005106642222
59356,1825.0005106642222
59357,1825.0005106642222
59358,1825.0005106642222
59359,1825.0005106642222
59360,1825.0005106642222
59361,1825.0005106642222
59362,1825.0005106642222
59363,1825.0005106642222
59364,1825.0005106642222
59365,1825.0005106642222
59366,1825.0005106642222
59367,1825.0005106642222
59368,1825.0005106642222
59369,1825.0005106642222
59370,1825.0005106642222
59371,1825.0005106642222
59372,1825.0005106642222
59373,1825.0005106642222
59374,1825.0005106642222
59375,1825.0005106642222
59376,1825.0005106642222
59377,1825.0005106642222
59378,1825.0005106642222
59379,1825.0005106642222
59380,1825.0005106642222
59381,1825.0005106642222
59382,1825.0005106642222
59383,1825.0005106642222
59384,1825.0005106642222
59385,1825.0005106642222
59386,1825.0005106642222
59387,1825.0005106642222
59388,1825.0005106642222
59389,1825.0005106642222
59390,1825.0005106642222
59391,1825.0005106642222
59392,1825.0005106642222
59393,1825.0005106642222
59394,1825.0005106642222
59395,1825.0005106642222
59396,1825.0005106642222
59397,1825.0005106642222
59398,1825.0005106642222
59399,1825.0005106642222
59400,1825.0005106642222
59401,1825.0005106642222
59402,1825.0005106642222
59403,1825.0005106642222
59404,1825.0005106642222
59405,1825.0005106642222
59406,1825.0005106642222
59407,1825.0005106642222
59408,1825.0005106642222
59409,1825.0005106642222
59410,1825.0005106642222
59411,1825.0005106642222
59412,1825.0005106642222
59413,1825.0005106642222
59414,1825.0005106642222
59415,1825.0005106642222
59416,1825.0005106642222
59417,1825.0005106642222
59418,1825.0005106642222
59419,1825.0005106642222
59420,1825.0005106642222
59421,1825.0005106642222
59422,1825.0005106642222
59423,1825.0005106642222
59424,1825.0005106642222
59425,1825.0005106642222
59426,1825.0005106642222
59427,1825.0005106642222
59428,1825.0005106642222
59429,1825.0005106642222
59430,1825.0005106642222
59431,1825.0005106642222
59432,1825.0005106642222
59433,1825.0005106642222
59434,1825.0005106642222
59435,1825.0005106642222
59436,1825.0005106642222
59437,1825.0005106642222
59438,1825.0005106642222
59439,1825.0005106642222
59440,1825.0005106642222
59441,1825.0005106642222
59442,1825.0005106642222
59443,1825.0005106642222
59444,1825.0005106642222
59445,1825.0005106642222
59446,1825.0005106642222
59447,1825.0005106642222
59448,1825.0005106642222
59449,1825.0005106642222
59450,1825.0005106642222
59451,1825.0005106642222
59452,1825.0005106642222
59453,1825.0005106642222
59454,1825.0005106642222
59455,1825.0005106642222
59456,1825.0005106642222
59457,1825.0005106642222
59458,1825.0005106642222
59459,1825.0005106642222
59460,1825.0005106642222
59461,1825.0005106642222
59462,1825.0005106642222
59463,1825.0005106642222
59464,1825.0005106642222
59465,1825.0005106642222
59466,1825.0005106642222
59467,1825.0005106642222
59468,1825.0005106642222
59469,1825.0005106642222
59470,1825.0005106642222
59471,1825.0005106642222
59472,1825.0005106642222
59473,1825.0005106642222
59474,1825.0005106642222
59475,1825.0005106642222
59476,1825.0005106642222
59477,1825.0005106642222
59478,1825.0005106642222
59479,1825.0005106642222
59480,1825.0005106642222
59481,1825.0005106642222
59482,1825.0005106642222
59483,1825.0005106642222
59484,1825.0005106642222
59485,1825.0005106642222
59486,1825.0005106642222
59487,1825.0005106642222
59488,1825.0005106642222
59489,1825.0005106642222
59490,1825.0005106642222
59491,1825.0005106642222
59492,1825.0005106642222
59493,1825.0005106642222
59494,1825.0005106642222
59495,1825.0005106642222
59496,1825.0005106642222
59497,1825.0005106642222
59498,1825.0005106642222
59499,1825.0005106642222
59500,1825.0005106642222
59501,1825.0005106642222
59502,1825.0005106642222
59503,1825.0005106642222
59504,1825.0005106642222
59505,1825.0005106642222
59506,1825.0005106642222
59507,1825.0005106642222
59508,1825.0005106642222
59509,1825.0005106642222
59510,1825.0005106642222
59511,1825.0005106642222
59512,1825.0005106642222
59513,1825.0005106642222
59514,1825.0005106642222
59515,1825.0005106642222
59516,1825.0005106642222
59517,1825.0005106642222
59518,1825.0005106642222
59519,1825.0005106642222
59520,1825.0005106642222
59521,1825.0005106642222
59522,1825.0005106642222
59523,1825.0005106642222
59524,1825.0005106642222
59525,1825.0005106642222
59526,1825.0005106642222
59527,1825.0005106642222
59528,1825.0005106642222
59529,1825.0005106642222
59530,1825.0005106642222
59531,1825.0005106642222
59532,1825.0005106642222
59533,1825.0005106642222
59534,1825.0005106642222
59535,1825.0005106642222
59536,1825.0005106642222
59537,1825.0005106642222
59538,1825.0005106642222
59539,1825.0005106642222
59540,1825.0005106642222
59541,1825.0005106642222
59542,1825.0005106642222
59543,1825.0005106642222
59544,1825.0005106642222
59545,1825.0005106642222
59546,1825.0005106642222
59547,1825.0005106642222
59548,1825.0005106642222
59549,1825.0005106642222
59550,1825.0005106642222
59551,1825.0005106642222
59552,1825.0005106642222
59553,1825.0005106642222
59554,1825.0005106642222
59555,1825.0005106642222
59556,1825.0005106642222
59557,1825.0005106642222
59558,1825.0005106642222
59559,1825.0005106642222
59560,1825.0005106642222
59561,1825.0005106642222
59562,1825.0005106642222
59563,1825.0005106642222
59564,1825.0005106642222
59565,1825.0005106642222
59566,1825.0005106642222
59567,1825.0005106642222
59568,1825.0005106642222
59569,1825.0005106642222
59570,1825.0005106642222
59571,1825.0005106642222
59572,1825.0005106642222
59573,1825.0005106642222
59574,1825.0005106642222
59575,1825.0005106642222
59576,1825.0005106642222
59577,1825.0005106642222
59578,1825.0005106642222
59579,1825.0005106642222
59580,1825.0005106642222
59581,1825.0005106642222
59582,1825.0005106642222
59583,1825.0005106642222
59584,1825.0005106642222
59585,1825.0005106642222
59586,1825.0005106642222
59587,1825.0005106642222
59588,1825.0005106642222
59589,1825.0005106642222
59590,1825.0005106642222
59591,1825.0005106642222
59592,1825.0005106642222
59593,1825.0005106642222
59594,1825.0005106642222
59595,1825.0005106642222
59596,1825.0005106642222
59597,1825.0005106642222
59598,1825.0005106642222
59599,1825.0005106642222
59600,1825.0005106642222
59601,1825.0005106642222
59602,1825.0005106642222
59603,1825.0005106642222
59604,1825.0005106642222
59605,1825.0005106642222
59606,1825.0005106642222
59607,1825.0005106642222
59608,1825.0005106642222
59609,1825.0005106642222
59610,1825.0005106642222
59611,1825.0005106642222
59612,1825.0005106642222
59613,1825.0005106642222
59614,1825.0005106642222
59615,1825.0005106642222
59616,1825.0005106642222
59617,1825.0005106642222
59618,1825.0005106642222
59619,1825.0005106642222
59620,1825.0005106642222
59621,1825.0005106642222
59622,1825.0005106642222
59623,1825.0005106642222
59624,1825.0005106642222
59625,1825.0005106642222
59626,1825.0005106642222
59627,1825.0005106642222
59628,1825.0005106642222
59629,1825.0005106642222
59630,1825.0005106642222
59631,1825.0005106642222
59632,1825.0005106642222
59633,1825.0005106642222
59634,1825.0005106642222
59635,1825.0005106642222
59636,1825.0005106642222
59637,1825.0005106642222
59638,1825.0005106642222
59639,1825.0005106642222
59640,1825.0005106642222
59641,1825.0005106642222
59642,1825.0005106642222
59643,1825.0005106642222
59644,1825.0005106642222
59645,1825.0005106642222
59646,1825.0005106642222
59647,1825.0005106642222
59648,1825.0005106642222
59649,1825.0005106642222
59650,1825.0005106642222
59651,1825.0005106642222
59652,1825.0005106642222
59653,1825.0005106642222
59654,1825.0005106642222
59655,1825.0005106642222
59656,1825.0005106642222
59657,1825.0005106642222
59658,1825.0005106642222
59659,1825.0005106642222
59660,1825.0005106642222
59661,1825.0005106642222
59662,1825.0005106642222
59663,1825.0005106642222
59664,1825.0005106642222
59665,1825.0005106642222
59666,1825.0005106642222
59667,1825.0005106642222
59668,1825.0005106642222
59669,1825.0005106642222
59670,1825.0005106642222
59671,1825.0005106642222
59672,1825.0005106642222
59673,1825.0005106642222
59674,1825.0005106642222
59675,1825.0005106642222
59676,1825.0005106642222
59677,1825.0005106642222
59678,1825.0005106642222
59679,1825.0005106642222
59680,1825.0005106642222
59681,1825.0005106642222
59682,1825.0005106642222
59683,1825.0005106642222
59684,1825.0005106642222
59685,1825.0005106642222
59686,1825.0005106642222
59687,1825.0005106642222
59688,1825.0005106642222
59689,1825.0005106642222
59690,1825.0005106642222
59691,1825.0005106642222
59692,1825.0005106642222
59693,1825.0005106642222
59694,1825.0005106642222
59695,1825.0005106642222
59696,1825.0005106642222
59697,1825.0005106642222
59698,1825.0005106642222
59699,1825.0005106642222
59700,1825.0005106642222
59701,1825.0005106642222
59702,1825.0005106642222
59703,1825.0005106642222
59704,1825.0005106642222
59705,1825.0005106642222
59706,1825.0005106642222
59707,1825.0005106642222
59708,1825.0005106642222
59709,1825.0005106642222
59710,1825.0005106642222
59711,1825.0005106642222
59712,1825.0005106642222
59713,1825.0005106642222
59714,1825.0005106642222
59715,1825.0005106642222
59716,1825.0005106642222
59717,1825.0005106642222
59718,1825.0005106642222
59719,1825.0005106642222
59720,1825.0005106642222
59721,1825.0005106642222
59722,1825.0005106642222
59723,1825.0005106642222
59724,1825.0005106642222
59725,1825.0005106642222
59726,1825.0005106642222
59727,1825.0005106642222
59728,1825.0005106642222
59729,1825.0005106642222
59730,1825.0005106642222
59731,1825.0005106642222
59732,1825.0005106642222
59733,1825.0005106642222
59734,1825.0005106642222
59735,1825.0005106642222
59736,1825.0005106642222
59737,1825.0005106642222
59738,1825.0005106642222
59739,1825.0005106642222
59740,1825.0005106642222
59741,1825.0005106642222
59742,1825.0005106642222
59743,1825.0005106642222
59744,1825.0005106642222
59745,1825.0005106642222
59746,1825.0005106642222
59747,1825.0005106642222
59748,1825.0005106642222
59749,1825.0005106642222
59750,1825.0005106642222
59751,1825.0005106642222
59752,1825.0005106642222
59753,1825.0005106642222
59754,1825.0005106642222
59755,1825.0005106642222
59756,1825.0005106642222
59757,1825.0005106642222
59758,1825.0005106642222
59759,1825.0005106642222
59760,1825.0005106642222
59761,1825.0005106642222
59762,1825.0005106642222
59763,1825.0005106642222
59764,1825.0005106642222
59765,1825.0005106642222
59766,1825.0005106642222
59767,1825.0005106642222
59768,1825.0005106642222
59769,1825.0005106642222
59770,1825.0005106642222
59771,1825.0005106642222
59772,1825.0005106642222
59773,1825.0005106642222
59774,1825.0005106642222
59775,1825.0005106642222
59776,1825.0005106642222
59777,1825.0005106642222
59778,1825.0005106642222
59779,1825.0005106642222
59780,1825.0005106642222
59781,1825.0005106642222
59782,1825.0005106642222
59783,1825.0005106642222
59784,1825.0005106642222
59785,1825.0005106642222
59786,1825.0005106642222
59787,1825.0005106642222
59788,1825.0005106642222
59789,1825.0005106642222
59790,1825.0005106642222
59791,1825.0005106642222
59792,1825.0005106642222
59793,1825.0005106642222
59794,1825.0005106642222
59795,1825.0005106642222
59796,1825.0005106642222
59797,1825.0005106642222
59798,1825.0005106642222
59799,1825.0005106642222
59800,1825.0005106642222
59801,1825.0005106642222
59802,1825.0005106642222
59803,1825.0005106642222
59804,1825.0005106642222
59805,1825.0005106642222
59806,1825.0005106642222
59807,1825.0005106642222
59808,1825.0005106642222
59809,1825.0005106642222
59810,1825.0005106642222
59811,1825.0005106642222
59812,1825.0005106642222
59813,1825.0005106642222
59814,1825.0005106642222
59815,1825.0005106642222
59816,1825.0005106642222
59817,1825.0005106642222
59818,1825.0005106642222
59819,1825.0005106642222
59820,1825.0005106642222
59821,1825.0005106642222
59822,1825.0005106642222
59823,1825.0005106642222
59824,1825.0005106642222
59825,1825.0005106642222
59826,1825.0005106642222
59827,1825.0005106642222
59828,1825.0005106642222
59829,1825.0005106642222
59830,1825.0005106642222
59831,1825.0005106642222
59832,1825.0005106642222
59833,1825.0005106642222
59834,1825.0005106642222
59835,1825.0005106642222
59836,1825.0005106642222
59837,1825.0005106642222
59838,1825.0005106642222
59839,1825.0005106642222
59840,1825.0005106642222
59841,1825.0005106642222
59842,1825.0005106642222
59843,1825.0005106642222
59844,1825.0005106642222
59845,1825.0005106642222
59846,1825.0005106642222
59847,1825.0005106642222
59848,1825.0005106642222
59849,1825.0005106642222
59850,1825.0005106642222
59851,1825.0005106642222
59852,1825.0005106642222
59853,1825.0005106642222
59854,1825.0005106642222
59855,1825.0005106642222
59856,1825.0005106642222
59857,1825.0005106642222
59858,1825.0005106642222
59859,1825.0005106642222
59860,1825.0005106642222
59861,1825.0005106642222
59862,1825.0005106642222
59863,1825.0005106642222
59864,1825.0005106642222
59865,1825.0005106642222
59866,1825.0005106642222
59867,1825.0005106642222
59868,1825.0005106642222
59869,1825.0005106642222
59870,1825.0005106642222
59871,1825.0005106642222
59872,1825.0005106642222
59873,1825.0005106642222
59874,1825.0005106642222
59875,1825.0005106642222
59876,1825.0005106642222
59877,1825.0005106642222
59878,1825.0005106642222
59879,1825.0005106642222
59880,1825.0005106642222
59881,1825.0005106642222
59882,1825.0005106642222
59883,1825.0005106642222
59884,1825.0005106642222
59885,1825.0005106642222
59886,1825.0005106642222
59887,1825.0005106642222
59888,1825.0005106642222
59889,1825.0005106642222
59890,1825.0005106642222
59891,1825.0005106642222
59892,1825.0005106642222
59893,1825.0005106642222
59894,1825.0005106642222
59895,1825.0005106642222
59896,1825.0005106642222
59897,1825.0005106642222
59898,1825.0005106642222
59899,1825.0005106642222
59900,1825.0005106642222
59901,1825.0005106642222
59902,1825.0005106642222
59903,1825.0005106642222
59904,1825.0005106642222
59905,1825.0005106642222
59906,1825.0005106642222
59907,1825.0005106642222
59908,1825.0005106642222
59909,1825.0005106642222
59910,1825.0005106642222
59911,1825.0005106642222
59912,1825.0005106642222
59913,1825.0005106642222
59914,1825.0005106642222
59915,1825.0005106642222
59916,1825.0005106642222
59917,1825.0005106642222
59918,1825.0005106642222
59919,1825.0005106642222
59920,1825.0005106642222
59921,1825.0005106642222
59922,1825.0005106642222
59923,1825.0005106642222
59924,1825.0005106642222
59925,1825.0005106642222
59926,1825.0005106642222
59927,1825.0005106642222
59928,1825.0005106642222
59929,1825.0005106642222
59930,1825.0005106642222
59931,1825.0005106642222
59932,1825.0005106642222
59933,1825.0005106642222
59934,1825.0005106642222
59935,1825.0005106642222
59936,1825.0005106642222
59937,1825.0005106642222
59938,1825.0005106642222
59939,1825.0005106642222
59940,1825.0005106642222
59941,1825.0005106642222
59942,1825.0005106642222
59943,1825.0005106642222
59944,1825.0005106642222
59945,1825.0005106642222
59946,1825.0005106642222
59947,1825.0005106642222
59948,1825.0005106642222
59949,1825.0005106642222
59950,1825.0005106642222
59951,1825.0005106642222
59952,1825.0005106642222
59953,1825.0005106642222
59954,1825.0005106642222
59955,1825.0005106642222
59956,1825.0005106642222
59957,1825.0005106642222
59958,1825.0005106642222
59959,1825.0005106642222
59960,1825.0005106642222
59961,1825.0005106642222
59962,1825.0005106642222
59963,1825.0005106642222
59964,1825.0005106642222
59965,1825.0005106642222
59966,1825.0005106642222
59967,1825.0005106642222
59968,1825.0005106642222
59969,1825.0005106642222
59970,1825.0005106642222
59971,1825.0005106642222
59972,1825.0005106642222
59973,1825.0005106642222
59974,1825.0005106642222
59975,1825.0005106642222
59976,1825.0005106642222
59977,1825.0005106642222
59978,1825.0005106642222
59979,1825.0005106642222
59980,1825.0005106642222
59981,1825.0005106642222
59982,1825.0005106642222
59983,1825.0005106642222
59984,1825.0005106642222
59985,1825.0005106642222
59986,1825.0005106642222
59987,1825.0005106642222
59988,1825.0005106642222
59989,1825.0005106642222
59990,1825.0005106642222
59991,1825.0005106642222
59992,1825.0005106642222
59993,1825.0005106642222
59994,1825.0005106642222
59995,1825.0005106642222
59996,1825.0005106642222
59997,1825.0005106642222
59998,1825.0005106642222
59999,1825.0005106642222
60000,1825.0005106642222
60001,1825.0005106642222
60002,1825.0005106642222
60003,1825.0005106642222
60004,1825.0005106642222
60005,1825.0005106642222
60006,1825.0005106642222
60007,1825.0005106642222
60008,1825.0005106642222
60009,1825.0005106642222
60010,1825.0005106642222
60011,1825.0005106642222
60012,1825.0005106642222
60013,1825.0005106642222
60014,1825.0005106642222
60015,1825.0005106642222
60016,1825.0005106642222
60017,1825.0005106642222
60018,1825.0005106642222
60019,1825.0005106642222
60020,1825.0005106642222
60021,1825.0005106642222
60022,1825.0005106642222
60023,1825.0005106642222
60024,1825.0005106642222
60025,1825.0005106642222
60026,1825.0005106642222
60027,1825.0005106642222
60028,1825.0005106642222
60029,1825.0005106642222
60030,1825.0005106642222
60031,1825.0005106642222
60032,1825.0005106642222
60033,1825.0005106642222
60034,1825.0005106642222
60035,1825.0005106642222
60036,1825.0005106642222
60037,1825.0005106642222
60038,1825.0005106642222
60039,1825.0005106642222
60040,1825.0005106642222
60041,1825.0005106642222
60042,1825.0005106642222
60043,1825.0005106642222
60044,1825.0005106642222
60045,1825.0005106642222
60046,1825.0005106642222
60047,1825.0005106642222
60048,1825.0005106642222
60049,1825.0005106642222
60050,1825.0005106642222
60051,1825.0005106642222
60052,1825.0005106642222
60053,1825.0005106642222
60054,1825.0005106642222
60055,1825.0005106642222
60056,1825.0005106642222
60057,1825.0005106642222
60058,1825.0005106642222
60059,1825.0005106642222
60060,1825.0005106642222
60061,1825.0005106642222
60062,1825.0005106642222
60063,1825.0005106642222
60064,1825.0005106642222
60065,1825.0005106642222
60066,1825.0005106642222
60067,1825.0005106642222
60068,1825.0005106642222
60069,1825.0005106642222
60070,1825.0005106642222
60071,1825.0005106642222
60072,1825.0005106642222
60073,1825.0005106642222
60074,1825.0005106642222
60075,1825.0005106642222
60076,1825.0005106642222
60077,1825.0005106642222
60078,1825.0005106642222
60079,1825.0005106642222
60080,1825.0005106642222
60081,1825.0005106642222
60082,1825.0005106642222
60083,1825.0005106642222
60084,1825.0005106642222
60085,1825.0005106642222
60086,1825.0005106642222
60087,1825.0005106642222
60088,1825.0005106642222
60089,1825.0005106642222
60090,1825.0005106642222
60091,1825.0005106642222
60092,1825.0005106642222
60093,1825.0005106642222
60094,1825.0005106642222
60095,1825.0005106642222
60096,1825.0005106642222
60097,1825.0005106642222
60098,1825.0005106642222
60099,1825.0005106642222
60100,1825.0005106642222
60101,1825.0005106642222
60102,1825.0005106642222
60103,1825.0005106642222
60104,1825.0005106642222
60105,1825.0005106642222
60106,1825.0005106642222
60107,1825.0005106642222
60108,1825.0005106642222
60109,1825.0005106642222
60110,1825.0005106642222
60111,1825.0005106642222
60112,1825.0005106642222
60113,1825.0005106642222
60114,1825.0005106642222
60115,1825.0005106642222
60116,1825.0005106642222
60117,1825.0005106642222
60118,1825.0005106642222
60119,1825.0005106642222
60120,1825.0005106642222
60121,1825.0005106642222
60122,1825.0005106642222
60123,1825.0005106642222
60124,1825.0005106642222
60125,1825.0005106642222
60126,1825.0005106642222
60127,1825.0005106642222
60128,1825.0005106642222
60129,1825.0005106642222
60130,1825.0005106642222
60131,1825.0005106642222
60132,1825.0005106642222
60133,1825.0005106642222
60134,1825.0005106642222
60135,1825.0005106642222
60136,1825.0005106642222
60137,1825.0005106642222
60138,1825.0005106642222
60139,1825.0005106642222
60140,1825.0005106642222
60141,1825.0005106642222
60142,1825.0005106642222
60143,1825.0005106642222
60144,1825.0005106642222
60145,1825.0005106642222
60146,1825.0005106642222
60147,1825.0005106642222
60148,1825.0005106642222
60149,1825.0005106642222
60150,1825.0005106642222
60151,1825.0005106642222
60152,1825.0005106642222
60153,1825.0005106642222
60154,1825.0005106642222
60155,1825.0005106642222
60156,1825.0005106642222
60157,1825.0005106642222
60158,1825.0005106642222
60159,1825.0005106642222
60160,1825.0005106642222
60161,1825.0005106642222
60162,1825.0005106642222
60163,1825.0005106642222
60164,1825.0005106642222
60165,1825.0005106642222
60166,1825.0005106642222
60167,1825.0005106642222
60168,1825.0005106642222
60169,1825.0005106642222
60170,1825.0005106642222
60171,1825.0005106642222
60172,1825.0005106642222
60173,1825.0005106642222
60174,1825.0005106642222
60175,1825.0005106642222
60176,1825.0005106642222
60177,1825.0005106642222
60178,1825.0005106642222
60179,1825.0005106642222
60180,1825.0005106642222
60181,1825.0005106642222
60182,1825.0005106642222
60183,1825.0005106642222
60184,1825.0005106642222
60185,1825.0005106642222
60186,1825.0005106642222
60187,1825.0005106642222
60188,1825.0005106642222
60189,1825.0005106642222
60190,1825.0005106642222
60191,1825.0005106642222
60192,1825.0005106642222
60193,1825.0005106642222
60194,1825.0005106642222
60195,1825.0005106642222
60196,1825.0005106642222
60197,1825.0005106642222
60198,1825.0005106642222
60199,1825.0005106642222
60200,1825.0005106642222
60201,1825.0005106642222
60202,1825.0005106642222
60203,1825.0005106642222
60204,1825.0005106642222
60205,1825.0005106642222
60206,1825.0005106642222
60207,1825.0005106642222
60208,1825.0005106642222
60209,1825.0005106642222
60210,1825.0005106642222
60211,1825.0005106642222
60212,1825.0005106642222
60213,1825.0005106642222
60214,1825.0005106642222
60215,1825.0005106642222
60216,1825.0005106642222
60217,1825.0005106642222
60218,1825.0005106642222
60219,1825.0005106642222
60220,1825.0005106642222
60221,1825.0005106642222
60222,1825.0005106642222
60223,1825.0005106642222
60224,1825.0005106642222
60225,1825.0005106642222
60226,1825.0005106642222
60227,1825.0005106642222
60228,1825.0005106642222
60229,1825.0005106642222
60230,1825.0005106642222
60231,1825.0005106642222
60232,1825.0005106642222
60233,1825.0005106642222
60234,1825.0005106642222
60235,1825.0005106642222
60236,1825.0005106642222
60237,1825.0005106642222
60238,1825.0005106642222
60239,1825.0005106642222
60240,1825.0005106642222
60241,1825.0005106642222
60242,1825.0005106642222
60243,1825.0005106642222
60244,1825.0005106642222
60245,1825.0005106642222
60246,1825.0005106642222
60247,1825.0005106642222
60248,1825.0005106642222
60249,1825.0005106642222
60250,1825.0005106642222
60251,1825.0005106642222
60252,1825.0005106642222
60253,1825.0005106642222
60254,1825.0005106642222
60255,1825.0005106642222
60256,1825.0005106642222
60257,1825.0005106642222
60258,1825.0005106642222
60259,1825.0005106642222
60260,1825.0005106642222
60261,1825.0005106642222
60262,1825.0005106642222
60263,1825.0005106642222
60264,1825.0005106642222
60265,1825.0005106642222
60266,1825.0005106642222
60267,1825.0005106642222
60268,1825.0005106642222
60269,1825.0005106642222
60270,1825.0005106642222
60271,1825.0005106642222
60272,1825.0005106642222
60273,1825.0005106642222
60274,1825.0005106642222
60275,1825.0005106642222
60276,1825.0005106642222
60277,1825.0005106642222
60278,1825.0005106642222
60279,1825.0005106642222
60280,1825.0005106642222
60281,1825.0005106642222
60282,1825.0005106642222
60283,1825.0005106642222
60284,1825.0005106642222
60285,1825.0005106642222
60286,1825.0005106642222
60287,1825.0005106642222
60288,1825.0005106642222
60289,1825.0005106642222
60290,1825.0005106642222
60291,1825.0005106642222
60292,1825.0005106642222
60293,1825.0005106642222
60294,1825.0005106642222
60295,1825.0005106642222
60296,1825.0005106642222
60297,1825.0005106642222
60298,1825.0005106642222
60299,1825.0005106642222
60300,1825.0005106642222
60301,1825.0005106642222
60302,1825.0005106642222
60303,1825.0005106642222
60304,1825.0005106642222
60305,1825.0005106642222
60306,1825.0005106642222
60307,1825.0005106642222
60308,1825.0005106642222
60309,1825.0005106642222
60310,1825.0005106642222
60311,1825.0005106642222
60312,1825.0005106642222
60313,1825.0005106642222
60314,1825.0005106642222
60315,1825.0005106642222
60316,1825.0005106642222
60317,1825.0005106642222
60318,1825.0005106642222
60319,1825.0005106642222
60320,1825.0005106642222
60321,1825.0005106642222
60322,1825.0005106642222
60323,1825.0005106642222
60324,1825.0005106642222
60325,1825.0005106642222
60326,1825.0005106642222
60327,1825.0005106642222
60328,1825.0005106642222
60329,1825.0005106642222
60330,1825.0005106642222
60331,1825.0005106642222
60332,1825.0005106642222
60333,1825.0005106642222
60334,1825.0005106642222
60335,1825.0005106642222
60336,1825.0005106642222
60337,1825.0005106642222
60338,1825.0005106642222
60339,1825.0005106642222
60340,1825.0005106642222
60341,1825.0005106642222
60342,1825.0005106642222
60343,1825.0005106642222
60344,1825.0005106642222
60345,1825.0005106642222
60346,1825.0005106642222
60347,1825.0005106642222
60348,1825.0005106642222
60349,1825.0005106642222
60350,1825.0005106642222
60351,1825.0005106642222
60352,1825.0005106642222
60353,1825.0005106642222
60354,1825.0005106642222
60355,1825.0005106642222
60356,1825.0005106642222
60357,1825.0005106642222
60358,1825.0005106642222
60359,1825.0005106642222
60360,1825.0005106642222
60361,1825.0005106642222
60362,1825.0005106642222
60363,1825.0005106642222
60364,1825.0005106642222
60365,1825.0005106642222
60366,1825.0005106642222
60367,1825.0005106642222
60368,1825.0005106642222
60369,1825.0005106642222
60370,1825.0005106642222
60371,1825.0005106642222
60372,1825.0005106642222
60373,1825.0005106642222
60374,1825.0005106642222
60375,1825.0005106642222
60376,1825.0005106642222
60377,1825.0005106642222
60378,1825.0005106642222
60379,1825.0005106642222
60380,1825.0005106642222
60381,1825.0005106642222
60382,1825.0005106642222
60383,1825.0005106642222
60384,1825.0005106642222
60385,1825.0005106642222
60386,1825.0005106642222
60387,1825.0005106642222
60388,1825.0005106642222
60389,1825.0005106642222
60390,1825.0005106642222
60391,1825.0005106642222
60392,1825.0005106642222
60393,1825.0005106642222
60394,1825.0005106642222
60395,1825.0005106642222
60396,1825.0005106642222
60397,1825.0005106642222
60398,1825.0005106642222
60399,1825.0005106642222
60400,1825.0005106642222
60401,1825.0005106642222
60402,1825.0005106642222
60403,1825.0005106642222
60404,1825.0005106642222
60405,1825.0005106642222
60406,1825.0005106642222
60407,1825.0005106642222
60408,1825.0005106642222
60409,1825.0005106642222
60410,1825.0005106642222
60411,1825.0005106642222
60412,1825.0005106642222
60413,1825.0005106642222
60414,1825.0005106642222
60415,1825.0005106642222
60416,1825.0005106642222
60417,1825.0005106642222
60418,1825.0005106642222
60419,1825.0005106642222
60420,1825.0005106642222
60421,1825.0005106642222
60422,1825.0005106642222
60423,1825.0005106642222
60424,1825.0005106642222
60425,1825.0005106642222
60426,1825.0005106642222
60427,1825.0005106642222
60428,1825.0005106642222
60429,1825.0005106642222
60430,1825.0005106642222
60431,1825.0005106642222
60432,1825.0005106642222
60433,1825.0005106642222
60434,1825.0005106642222
60435,1825.0005106642222
60436,1825.0005106642222
60437,1825.0005106642222
60438,1825.0005106642222
60439,1825.0005106642222
60440,1825.0005106642222
60441,1825.0005106642222
60442,1825.0005106642222
60443,1825.0005106642222
60444,1825.0005106642222
60445,1825.0005106642222
60446,1825.0005106642222
60447,1825.0005106642222
60448,1825.0005106642222
60449,1825.0005106642222
60450,1825.0005106642222
60451,1825.0005106642222
60452,1825.0005106642222
60453,1825.0005106642222
60454,1825.0005106642222
60455,1825.0005106642222
60456,1825.0005106642222
60457,1825.0005106642222
60458,1825.0005106642222
60459,1825.0005106642222
60460,1825.0005106642222
60461,1825.0005106642222
60462,1825.0005106642222
60463,1825.0005106642222
60464,1825.0005106642222
60465,1825.0005106642222
60466,1825.0005106642222
60467,1825.0005106642222
60468,1825.0005106642222
60469,1825.0005106642222
60470,1825.0005106642222
60471,1825.0005106642222
60472,1825.0005106642222
60473,1825.0005106642222
60474,1825.0005106642222
60475,1825.0005106642222
60476,1825.0005106642222
60477,1825.0005106642222
60478,1825.0005106642222
60479,1825.0005106642222
60480,1825.0005106642222
60481,1825.0005106642222
60482,1825.0005106642222
60483,1825.0005106642222
60484,1825.0005106642222
60485,1825.0005106642222
60486,1825.0005106642222
60487,1825.0005106642222
60488,1825.0005106642222
60489,1825.0005106642222
60490,1825.0005106642222
60491,1825.0005106642222
60492,1825.0005106642222
60493,1825.0005106642222
60494,1825.0005106642222
60495,1825.0005106642222
60496,1825.0005106642222
60497,1825.0005106642222
60498,1825.0005106642222
60499,1825.0005106642222
60500,1825.0005106642222
60501,1825.0005106642222
60502,1825.0005106642222
60503,1825.0005106642222
60504,1825.0005106642222
60505,1825.0005106642222
60506,1825.0005106642222
60507,1825.0005106642222
60508,1825.0005106642222
60509,1825.0005106642222
60510,1825.0005106642222
60511,1825.0005106642222
60512,1825.0005106642222
60513,1825.0005106642222
60514,1825.0005106642222
60515,1825.0005106642222
60516,1825.0005106642222
60517,1825.0005106642222
60518,1825.0005106642222
60519,1825.0005106642222
60520,1825.0005106642222
60521,1825.0005106642222
60522,1825.0005106642222
60523,1825.0005106642222
60524,1825.0005106642222
60525,1825.0005106642222
60526,1825.0005106642222
60527,1825.0005106642222
60528,1825.0005106642222
60529,1825.0005106642222
60530,1825.0005106642222
60531,1825.0005106642222
60532,1825.0005106642222
60533,1825.0005106642222
60534,1825.0005106642222
60535,1825.0005106642222
60536,1825.0005106642222
60537,1825.0005106642222
60538,1825.0005106642222
60539,1825.0005106642222
60540,1825.0005106642222
60541,1825.0005106642222
60542,1825.0005106642222
60543,1825.0005106642222
60544,1825.0005106642222
60545,1825.0005106642222
60546,1825.0005106642222
60547,1825.0005106642222
60548,1825.0005106642222
60549,1825.0005106642222
60550,1825.0005106642222
60551,1825.0005106642222
60552,1825.0005106642222
60553,1825.0005106642222
60554,1825.0005106642222
60555,1825.0005106642222
60556,1825.0005106642222
60557,1825.0005106642222
60558,1825.0005106642222
60559,1825.0005106642222
60560,1825.0005106642222
60561,1825.0005106642222
60562,1825.0005106642222
60563,1825.0005106642222
60564,1825.0005106642222
60565,1825.0005106642222
60566,1825.0005106642222
60567,1825.0005106642222
60568,1825.0005106642222
60569,1825.0005106642222
60570,1825.0005106642222
60571,1825.0005106642222
60572,1825.0005106642222
60573,1825.0005106642222
60574,1825.0005106642222
60575,1825.0005106642222
60576,1825.0005106642222
60577,1825.0005106642222
60578,1825.0005106642222
60579,1825.0005106642222
60580,1825.0005106642222
60581,1825.0005106642222
60582,1825.0005106642222
60583,1825.0005106642222
60584,1825.0005106642222
60585,1825.0005106642222
60586,1825.0005106642222
60587,1825.0005106642222
60588,1825.0005106642222
60589,1825.0005106642222
60590,1825.0005106642222
60591,1825.0005106642222
60592,1825.0005106642222
60593,1825.0005106642222
60594,1825.0005106642222
60595,1825.0005106642222
60596,1825.0005106642222
60597,1825.0005106642222
60598,1825.0005106642222
60599,1825.0005106642222
60600,1825.0005106642222
60601,1825.0005106642222
60602,1825.0005106642222
60603,1825.0005106642222
60604,1825.0005106642222
60605,1825.0005106642222
60606,1825.0005106642222
60607,1825.0005106642222
60608,1825.0005106642222
60609,1825.0005106642222
60610,1825.0005106642222
60611,1825.0005106642222
60612,1825.0005106642222
60613,1825.0005106642222
60614,1825.0005106642222
60615,1825.0005106642222
60616,1825.0005106642222
60617,1825.0005106642222
60618,1825.0005106642222
60619,1825.0005106642222
60620,1825.0005106642222
60621,1825.0005106642222
60622,1825.0005106642222
60623,1825.0005106642222
60624,1825.0005106642222
60625,1825.0005106642222
60626,1825.0005106642222
60627,1825.0005106642222
60628,1825.0005106642222
60629,1825.0005106642222
60630,1825.0005106642222
60631,1825.0005106642222
60632,1825.0005106642222
60633,1825.0005106642222
60634,1825.0005106642222
60635,1825.0005106642222
60636,1825.0005106642222
60637,1825.0005106642222
60638,1825.0005106642222
60639,1825.0005106642222
60640,1825.0005106642222
60641,1825.0005106642222
60642,1825.0005106642222
60643,1825.0005106642222
60644,1825.0005106642222
60645,1825.0005106642222
60646,1825.0005106642222
60647,1825.0005106642222
60648,1825.0005106642222
60649,1825.0005106642222
60650,1825.0005106642222
60651,1825.0005106642222
60652,1825.0005106642222
60653,1825.0005106642222
60654,1825.0005106642222
60655,1825.0005106642222
60656,1825.0005106642222
60657,1825.0005106642222
60658,1825.0005106642222
60659,1825.0005106642222
60660,1825.0005106642222
60661,1825.0005106642222
60662,1825.0005106642222
60663,1825.0005106642222
60664,1825.0005106642222
60665,1825.0005106642222
60666,1825.0005106642222
60667,1825.0005106642222
60668,1825.0005106642222
60669,1825.0005106642222
60670,1825.0005106642222
60671,1825.0005106642222
60672,1825.0005106642222
60673,1825.0005106642222
60674,1825.0005106642222
60675,1825.0005106642222
60676,1825.0005106642222
60677,1825.0005106642222
60678,1825.0005106642222
60679,1825.0005106642222
60680,1825.0005106642222
60681,1825.0005106642222
60682,1825.0005106642222
60683,1825.0005106642222
60684,1825.0005106642222
60685,1825.0005106642222
60686,1825.0005106642222
60687,1825.0005106642222
60688,1825.0005106642222
60689,1825.0005106642222
60690,1825.0005106642222
60691,1825.0005106642222
60692,1825.0005106642222
60693,1825.0005106642222
60694,1825.0005106642222
60695,1825.0005106642222
60696,1825.0005106642222
60697,1825.0005106642222
60698,1825.0005106642222
60699,1825.0005106642222
60700,1825.0005106642222
60701,1825.0005106642222
60702,1825.0005106642222
60703,1825.0005106642222
60704,1825.0005106642222
60705,1825.0005106642222
60706,1825.0005106642222
60707,1825.0005106642222
60708,1825.0005106642222
60709,1825.0005106642222
60710,1825.0005106642222
60711,1825.0005106642222
60712,1825.0005106642222
60713,1825.0005106642222
60714,1825.0005106642222
60715,1825.0005106642222
60716,1825.0005106642222
60717,1825.0005106642222
60718,1825.0005106642222
60719,1825.0005106642222
60720,1825.0005106642222
60721,1825.0005106642222
60722,1825.0005106642222
60723,1825.0005106642222
60724,1825.0005106642222
60725,1825.0005106642222
60726,1825.0005106642222
60727,1825.0005106642222
60728,1825.0005106642222
60729,1825.0005106642222
60730,1825.0005106642222
60731,1825.0005106642222
60732,1825.0005106642222
60733,1825.0005106642222
60734,1825.0005106642222
60735,1825.0005106642222
60736,1825.0005106642222
60737,1825.0005106642222
60738,1825.0005106642222
60739,1825.0005106642222
60740,1825.0005106642222
60741,1825.0005106642222
60742,1825.0005106642222
60743,1825.0005106642222
60744,1825.0005106642222
60745,1825.0005106642222
60746,1825.0005106642222
60747,1825.0005106642222
60748,1825.0005106642222
60749,1825.0005106642222
60750,1825.0005106642222
60751,1825.0005106642222
60752,1825.0005106642222
60753,1825.0005106642222
60754,1825.0005106642222
60755,1825.0005106642222
60756,1825.0005106642222
60757,1825.0005106642222
60758,1825.0005106642222
60759,1825.0005106642222
60760,1825.0005106642222
60761,1825.0005106642222
60762,1825.0005106642222
60763,1825.0005106642222
60764,1825.0005106642222
60765,1825.0005106642222
60766,1825.0005106642222
60767,1825.0005106642222
60768,1825.0005106642222
60769,1825.0005106642222
60770,1825.0005106642222
60771,1825.0005106642222
60772,1825.0005106642222
60773,1825.0005106642222
60774,1825.0005106642222
60775,1825.0005106642222
60776,1825.0005106642222
60777,1825.0005106642222
60778,1825.0005106642222
60779,1825.0005106642222
60780,1825.0005106642222
60781,1825.0005106642222
60782,1825.0005106642222
60783,1825.0005106642222
60784,1825.0005106642222
60785,1825.0005106642222
60786,1825.0005106642222
60787,1825.0005106642222
60788,1825.0005106642222
60789,1825.0005106642222
60790,1825.0005106642222
60791,1825.0005106642222
60792,1825.0005106642222
60793,1825.0005106642222
60794,1825.0005106642222
60795,1825.0005106642222
60796,1825.0005106642222
60797,1825.0005106642222
60798,1825.0005106642222
60799,1825.0005106642222
60800,1825.0005106642222
60801,1825.0005106642222
60802,1825.0005106642222
60803,1825.0005106642222
60804,1825.0005106642222
60805,1825.0005106642222
60806,1825.0005106642222
60807,1825.0005106642222
60808,1825.0005106642222
60809,1825.0005106642222
60810,1825.0005106642222
60811,1825.0005106642222
60812,1825.0005106642222
60813,1825.0005106642222
60814,1825.0005106642222
60815,1825.0005106642222
60816,1825.0005106642222
60817,1825.0005106642222
60818,1825.0005106642222
60819,1825.0005106642222
60820,1825.0005106642222
60821,1825.0005106642222
60822,1825.0005106642222
60823,1825.0005106642222
60824,1825.0005106642222
60825,1825.0005106642222
60826,1825.0005106642222
60827,1825.0005106642222
60828,1825.0005106642222
60829,1825.0005106642222
60830,1825.0005106642222
60831,1825.0005106642222
60832,1825.0005106642222
60833,1825.0005106642222
60834,1825.0005106642222
60835,1825.0005106642222
60836,1825.0005106642222
60837,1825.0005106642222
60838,1825.0005106642222
60839,1825.0005106642222
60840,1825.0005106642222
60841,1825.0005106642222
60842,1825.0005106642222
60843,1825.0005106642222
60844,1825.0005106642222
60845,1825.0005106642222
60846,1825.0005106642222
60847,1825.0005106642222
60848,1825.0005106642222
60849,1825.0005106642222
60850,1825.0005106642222
60851,1825.0005106642222
60852,1825.0005106642222
60853,1825.0005106642222
60854,1825.0005106642222
60855,1825.0005106642222
60856,1825.0005106642222
60857,1825.0005106642222
60858,1825.0005106642222
60859,1825.0005106642222
60860,1825.0005106642222
60861,1825.0005106642222
60862,1825.0005106642222
60863,1825.0005106642222
60864,1825.0005106642222
60865,1825.0005106642222
60866,1825.0005106642222
60867,1825.0005106642222
60868,1825.0005106642222
60869,1825.0005106642222
60870,1825.0005106642222
60871,1825.0005106642222
60872,1825.0005106642222
60873,1825.0005106642222
60874,1825.0005106642222
60875,1825.0005106642222
60876,1825.0005106642222
60877,1825.0005106642222
60878,1825.0005106642222
60879,1825.0005106642222
60880,1825.0005106642222
60881,1825.0005106642222
60882,1825.0005106642222
60883,1825.0005106642222
60884,1825.0005106642222
60885,1825.0005106642222
60886,1825.0005106642222
60887,1825.0005106642222
60888,1825.0005106642222
60889,1825.0005106642222
60890,1825.0005106642222
60891,1825.0005106642222
60892,1825.0005106642222
60893,1825.0005106642222
60894,1825.0005106642222
60895,1825.0005106642222
60896,1825.0005106642222
60897,1825.0005106642222
60898,1825.0005106642222
60899,1825.0005106642222
60900,1825.0005106642222
60901,1825.0005106642222
60902,1825.0005106642222
60903,1825.0005106642222
60904,1825.0005106642222
60905,1825.0005106642222
60906,1825.0005106642222
60907,1825.0005106642222
60908,1825.0005106642222
60909,1825.0005106642222
60910,1825.0005106642222
60911,1825.0005106642222
60912,1825.0005106642222
60913,1825.0005106642222
60914,1825.0005106642222
60915,1825.0005106642222
60916,1825.0005106642222
60917,1825.0005106642222
60918,1825.0005106642222
60919,1825.0005106642222
60920,1825.0005106642222
60921,1825.0005106642222
60922,1825.0005106642222
60923,1825.0005106642222
60924,1825.0005106642222
60925,1825.0005106642222
60926,1825.0005106642222
60927,1825.0005106642222
60928,1825.0005106642222
60929,1825.0005106642222
60930,1825.0005106642222
60931,1825.0005106642222
60932,1825.0005106642222
60933,1825.0005106642222
60934,1825.0005106642222
60935,1825.0005106642222
60936,1825.0005106642222
60937,1825.0005106642222
60938,1825.0005106642222
60939,1825.0005106642222
60940,1825.0005106642222
60941,1825.0005106642222
60942,1825.0005106642222
60943,1825.0005106642222
60944,1825.0005106642222
60945,1825.0005106642222
60946,1825.0005106642222
60947,1825.0005106642222
60948,1825.0005106642222
60949,1825.0005106642222
60950,1825.0005106642222
60951,1825.0005106642222
60952,1825.0005106642222
60953,1825.0005106642222
60954,1825.0005106642222
60955,1825.0005106642222
60956,1825.0005106642222
60957,1825.0005106642222
60958,1825.0005106642222
60959,1825.0005106642222
60960,1825.0005106642222
60961,1825.0005106642222
60962,1825.0005106642222
60963,1825.0005106642222
60964,1825.0005106642222
60965,1825.0005106642222
60966,1825.0005106642222
60967,1825.0005106642222
60968,1825.0005106642222
60969,1825.0005106642222
60970,1825.0005106642222
60971,1825.0005106642222
60972,1825.0005106642222
60973,1825.0005106642222
60974,1825.0005106642222
60975,1825.0005106642222
60976,1825.0005106642222
60977,1825.0005106642222
60978,1825.0005106642222
60979,1825.0005106642222
60980,1825.0005106642222
60981,1825.0005106642222
60982,1825.0005106642222
60983,1825.0005106642222
60984,1825.0005106642222
60985,1825.0005106642222
60986,1825.0005106642222
60987,1825.0005106642222
60988,1825.0005106642222
60989,1825.0005106642222
60990,1825.0005106642222
60991,1825.0005106642222
60992,1825.0005106642222
60993,1825.0005106642222
60994,1825.0005106642222
60995,1825.0005106642222
60996,1825.0005106642222
60997,1825.0005106642222
60998,1825.0005106642222
60999,1825.0005106642222
61000,1825.0005106642222
61001,1825.0005106642222
61002,1825.0005106642222
61003,1825.0005106642222
61004,1825.0005106642222
61005,1825.0005106642222
61006,1825.0005106642222
61007,1825.0005106642222
61008,1825.0005106642222
61009,1825.0005106642222
61010,1825.0005106642222
61011,1825.0005106642222
61012,1825.0005106642222
61013,1825.0005106642222
61014,1825.0005106642222
61015,1825.0005106642222
61016,1825.0005106642222
61017,1825.0005106642222
61018,1825.0005106642222
61019,1825.0005106642222
61020,1825.0005106642222
61021,1825.0005106642222
61022,1825.0005106642222
61023,1825.0005106642222
61024,1825.0005106642222
61025,1825.0005106642222
61026,1825.0005106642222
61027,1825.0005106642222
61028,1825.0005106642222
61029,1825.0005106642222
61030,1825.0005106642222
61031,1825.0005106642222
61032,1825.0005106642222
61033,1825.0005106642222
61034,1825.0005106642222
61035,1825.0005106642222
61036,1825.0005106642222
61037,1825.0005106642222
61038,1825.0005106642222
61039,1825.0005106642222
61040,1825.0005106642222
61041,1825.0005106642222
61042,1825.0005106642222
61043,1825.0005106642222
61044,1825.0005106642222
61045,1825.0005106642222
61046,1825.0005106642222
61047,1825.0005106642222
61048,1825.0005106642222
61049,1825.0005106642222
61050,1825.0005106642222
61051,1825.0005106642222
61052,1825.0005106642222
61053,1825.0005106642222
61054,1825.0005106642222
61055,1825.0005106642222
61056,1825.0005106642222
61057,1825.0005106642222
61058,1825.0005106642222
61059,1825.0005106642222
61060,1825.0005106642222
61061,1825.0005106642222
61062,1825.0005106642222
61063,1825.0005106642222
61064,1825.0005106642222
61065,1825.0005106642222
61066,1825.0005106642222
61067,1825.0005106642222
61068,1825.0005106642222
61069,1825.0005106642222
61070,1825.0005106642222
61071,1825.0005106642222
61072,1825.0005106642222
61073,1825.0005106642222
61074,1825.0005106642222
61075,1825.0005106642222
61076,1825.0005106642222
61077,1825.0005106642222
61078,1825.0005106642222
61079,1825.0005106642222
61080,1825.0005106642222
61081,1825.0005106642222
61082,1825.0005106642222
61083,1825.0005106642222
61084,1825.0005106642222
61085,1825.0005106642222
61086,1825.0005106642222
61087,1825.0005106642222
61088,1825.0005106642222
61089,1825.0005106642222
61090,1825.0005106642222
61091,1825.0005106642222
61092,1825.0005106642222
61093,1825.0005106642222
61094,1825.0005106642222
61095,1825.0005106642222
61096,1825.0005106642222
61097,1825.0005106642222
61098,1825.0005106642222
61099,1825.0005106642222
61100,1825.0005106642222
61101,1825.0005106642222
61102,1825.0005106642222
61103,1825.0005106642222
61104,1825.0005106642222
61105,1825.0005106642222
61106,1825.0005106642222
61107,1825.0005106642222
61108,1825.0005106642222
61109,1825.0005106642222
61110,1825.0005106642222
61111,1825.0005106642222
61112,1825.0005106642222
61113,1825.0005106642222
61114,1825.0005106642222
61115,1825.0005106642222
61116,1825.0005106642222
61117,1825.0005106642222
61118,1825.0005106642222
61119,1825.0005106642222
61120,1825.0005106642222
61121,1825.0005106642222
61122,1825.0005106642222
61123,1825.0005106642222
61124,1825.0005106642222
61125,1825.0005106642222
61126,1825.0005106642222
61127,1825.0005106642222
61128,1825.0005106642222
61129,1825.0005106642222
61130,1825.0005106642222
61131,1825.0005106642222
61132,1825.0005106642222
61133,1825.0005106642222
61134,1825.0005106642222
61135,1825.0005106642222
61136,1825.0005106642222
61137,1825.0005106642222
61138,1825.0005106642222
61139,1825.0005106642222
61140,1825.0005106642222
61141,1825.0005106642222
61142,1825.0005106642222
61143,1825.0005106642222
61144,1825.0005106642222
61145,1825.0005106642222
61146,1825.0005106642222
61147,1825.0005106642222
61148,1825.0005106642222
61149,1825.0005106642222
61150,1825.0005106642222
61151,1825.0005106642222
61152,1825.0005106642222
61153,1825.0005106642222
61154,1825.0005106642222
61155,1825.0005106642222
61156,1825.0005106642222
61157,1825.0005106642222
61158,1825.0005106642222
61159,1825.0005106642222
61160,1825.0005106642222
61161,1825.0005106642222
61162,1825.0005106642222
61163,1825.0005106642222
61164,1825.0005106642222
61165,1825.0005106642222
61166,1825.0005106642222
61167,1825.0005106642222
61168,1825.0005106642222
61169,1825.0005106642222
61170,1825.0005106642222
61171,1825.0005106642222
61172,1825.0005106642222
61173,1825.0005106642222
61174,1825.0005106642222
61175,1825.0005106642222
61176,1825.0005106642222
61177,1825.0005106642222
61178,1825.0005106642222
61179,1825.0005106642222
61180,1825.0005106642222
61181,1825.0005106642222
61182,1825.0005106642222
61183,1825.0005106642222
61184,1825.0005106642222
61185,1825.0005106642222
61186,1825.0005106642222
61187,1825.0005106642222
61188,1825.0005106642222
61189,1825.0005106642222
61190,1825.0005106642222
61191,1825.0005106642222
61192,1825.0005106642222
61193,1825.0005106642222
61194,1825.0005106642222
61195,1825.0005106642222
61196,1825.0005106642222
61197,1825.0005106642222
61198,1825.0005106642222
61199,1825.0005106642222
61200,1825.0005106642222
61201,1825.0005106642222
61202,1825.0005106642222
61203,1825.0005106642222
61204,1825.0005106642222
61205,1825.0005106642222
61206,1825.0005106642222
61207,1825.0005106642222
61208,1825.0005106642222
61209,1825.0005106642222
61210,1825.0005106642222
61211,1825.0005106642222
61212,1825.0005106642222
61213,1825.0005106642222
61214,1825.0005106642222
61215,1825.0005106642222
61216,1825.0005106642222
61217,1825.0005106642222
61218,1825.0005106642222
61219,1825.0005106642222
61220,1825.0005106642222
61221,1825.0005106642222
61222,1825.0005106642222
61223,1825.0005106642222
61224,1825.0005106642222
61225,1825.0005106642222
61226,1825.0005106642222
61227,1825.0005106642222
61228,1825.0005106642222
61229,1825.0005106642222
61230,1825.0005106642222
61231,1825.0005106642222
61232,1825.0005106642222
61233,1825.0005106642222
61234,1825.0005106642222
61235,1825.0005106642222
61236,1825.0005106642222
61237,1825.0005106642222
61238,1825.0005106642222
61239,1825.0005106642222
61240,1825.0005106642222
61241,1825.0005106642222
61242,1825.0005106642222
61243,1825.0005106642222
61244,1825.0005106642222
61245,1825.0005106642222
61246,1825.0005106642222
61247,1825.0005106642222
61248,1825.0005106642222
61249,1825.0005106642222
61250,1825.0005106642222
61251,1825.0005106642222
61252,1825.0005106642222
61253,1825.0005106642222
61254,1825.0005106642222
61255,1825.0005106642222
61256,1825.0005106642222
61257,1825.0005106642222
61258,1825.0005106642222
61259,1825.0005106642222
61260,1825.0005106642222
61261,1825.0005106642222
61262,1825.0005106642222
61263,1825.0005106642222
61264,1825.0005106642222
61265,1825.0005106642222
61266,1825.0005106642222
61267,1825.0005106642222
61268,1825.0005106642222
61269,1825.0005106642222
61270,1825.0005106642222
61271,1825.0005106642222
61272,1825.0005106642222
61273,1825.0005106642222
61274,1825.0005106642222
61275,1825.0005106642222
61276,1825.0005106642222
61277,1825.0005106642222
61278,1825.0005106642222
61279,1825.0005106642222
61280,1825.0005106642222
61281,1825.0005106642222
61282,1825.0005106642222
61283,1825.0005106642222
61284,1825.0005106642222
61285,1825.0005106642222
61286,1825.0005106642222
61287,1825.0005106642222
61288,1825.0005106642222
61289,1825.0005106642222
61290,1825.0005106642222
61291,1825.0005106642222
61292,1825.0005106642222
61293,1825.0005106642222
61294,1825.0005106642222
61295,1825.0005106642222
61296,1825.0005106642222
61297,1825.0005106642222
61298,1825.0005106642222
61299,1825.0005106642222
61300,1825.0005106642222
61301,1825.0005106642222
61302,1825.0005106642222
61303,1825.0005106642222
61304,1825.0005106642222
61305,1825.0005106642222
61306,1825.0005106642222
61307,1825.0005106642222
61308,1825.0005106642222
61309,1825.0005106642222
61310,1825.0005106642222
61311,1825.0005106642222
61312,1825.0005106642222
61313,1825.0005106642222
61314,1825.0005106642222
61315,1825.0005106642222
61316,1825.0005106642222
61317,1825.0005106642222
61318,1825.0005106642222
61319,1825.0005106642222
61320,1825.0005106642222
61321,1825.0005106642222
61322,1825.0005106642222
61323,1825.0005106642222
61324,1825.0005106642222
61325,1825.0005106642222
61326,1825.0005106642222
61327,1825.0005106642222
61328,1825.0005106642222
61329,1825.0005106642222
61330,1825.0005106642222
61331,1825.0005106642222
61332,1825.0005106642222
61333,1825.0005106642222
61334,1825.0005106642222
61335,1825.0005106642222
61336,1825.0005106642222
61337,1825.0005106642222
61338,1825.0005106642222
61339,1825.0005106642222
61340,1825.0005106642222
61341,1825.0005106642222
61342,1825.0005106642222
61343,1825.0005106642222
61344,1825.0005106642222
61345,1825.0005106642222
61346,1825.0005106642222
61347,1825.0005106642222
61348,1825.0005106642222
61349,1825.0005106642222
61350,1825.0005106642222
61351,1825.0005106642222
61352,1825.0005106642222
61353,1825.0005106642222
61354,1825.0005106642222
61355,1825.0005106642222
61356,1825.0005106642222
61357,1825.0005106642222
61358,1825.0005106642222
61359,1825.0005106642222
61360,1825.0005106642222
61361,1825.0005106642222
61362,1825.0005106642222
61363,1825.0005106642222
61364,1825.0005106642222
61365,1825.0005106642222
61366,1825.0005106642222
61367,1825.0005106642222
61368,1825.0005106642222
61369,1825.0005106642222
61370,1825.0005106642222
61371,1825.0005106642222
61372,1825.0005106642222
61373,1825.0005106642222
61374,1825.0005106642222
61375,1825.0005106642222
61376,1825.0005106642222
61377,1825.0005106642222
61378,1825.0005106642222
61379,1825.0005106642222
61380,1825.0005106642222
61381,1825.0005106642222
61382,1825.0005106642222
61383,1825.0005106642222
61384,1825.0005106642222
61385,1825.0005106642222
61386,1825.0005106642222
61387,1825.0005106642222
61388,1825.0005106642222
61389,1825.0005106642222
61390,1825.0005106642222
61391,1825.0005106642222
61392,1825.0005106642222
61393,1825.0005106642222
61394,1825.0005106642222
61395,1825.0005106642222
61396,1825.0005106642222
61397,1825.0005106642222
61398,1825.0005106642222
61399,1825.0005106642222
61400,1825.0005106642222
61401,1825.0005106642222
61402,1825.0005106642222
61403,1825.0005106642222
61404,1825.0005106642222
61405,1825.0005106642222
61406,1825.0005106642222
61407,1825.0005106642222
61408,1825.0005106642222
61409,1825.0005106642222
61410,1825.0005106642222
61411,1825.0005106642222
61412,1825.0005106642222
61413,1825.0005106642222
61414,1825.0005106642222
61415,1825.0005106642222
61416,1825.0005106642222
61417,1825.0005106642222
61418,1825.0005106642222
61419,1825.0005106642222
61420,1825.0005106642222
61421,1825.0005106642222
61422,1825.0005106642222
61423,1825.0005106642222
61424,1825.0005106642222
61425,1825.0005106642222
61426,1825.0005106642222
61427,1825.0005106642222
61428,1825.0005106642222
61429,1825.0005106642222
61430,1825.0005106642222
61431,1825.0005106642222
61432,1825.0005106642222
61433,1825.0005106642222
61434,1825.0005106642222
61435,1825.0005106642222
61436,1825.0005106642222
61437,1825.0005106642222
61438,1825.0005106642222
61439,1825.0005106642222
61440,1825.0005106642222
61441,1825.0005106642222
61442,1825.0005106642222
61443,1825.0005106642222
61444,1825.0005106642222
61445,1825.0005106642222
61446,1825.0005106642222
61447,1825.0005106642222
61448,1825.0005106642222
61449,1825.0005106642222
61450,1825.0005106642222
61451,1825.0005106642222
61452,1825.0005106642222
61453,1825.0005106642222
61454,1825.0005106642222
61455,1825.0005106642222
61456,1825.0005106642222
61457,1825.0005106642222
61458,1825.0005106642222
61459,1825.0005106642222
61460,1825.0005106642222
61461,1825.0005106642222
61462,1825.0005106642222
61463,1825.0005106642222
61464,1825.0005106642222
61465,1825.0005106642222
61466,1825.0005106642222
61467,1825.0005106642222
61468,1825.0005106642222
61469,1825.0005106642222
61470,1825.0005106642222
61471,1825.0005106642222
61472,1825.0005106642222
61473,1825.0005106642222
61474,1825.0005106642222
61475,1825.0005106642222
61476,1825.0005106642222
61477,1825.0005106642222
61478,1825.0005106642222
61479,1825.0005106642222
61480,1825.0005106642222
61481,1825.0005106642222
61482,1825.0005106642222
61483,1825.0005106642222
61484,1825.0005106642222
61485,1825.0005106642222
61486,1825.0005106642222
61487,1825.0005106642222
61488,1825.0005106642222
61489,1825.0005106642222
61490,1825.0005106642222
61491,1825.0005106642222
61492,1825.0005106642222
61493,1825.0005106642222
61494,1825.0005106642222
61495,1825.0005106642222
61496,1825.0005106642222
61497,1825.0005106642222
61498,1825.0005106642222
61499,1825.0005106642222
61500,1825.0005106642222
61501,1825.0005106642222
61502,1825.0005106642222
61503,1825.0005106642222
61504,1825.0005106642222
61505,1825.0005106642222
61506,1825.0005106642222
61507,1825.0005106642222
61508,1825.0005106642222
61509,1825.0005106642222
61510,1825.0005106642222
61511,1825.0005106642222
61512,1825.0005106642222
61513,1825.0005106642222
61514,1825.0005106642222
61515,1825.0005106642222
61516,1825.0005106642222
61517,1825.0005106642222
61518,1825.0005106642222
61519,1825.0005106642222
61520,1825.0005106642222
61521,1825.0005106642222
61522,1825.0005106642222
61523,1825.0005106642222
61524,1825.0005106642222
61525,1825.0005106642222
61526,1825.0005106642222
61527,1825.0005106642222
61528,1825.0005106642222
61529,1825.0005106642222
61530,1825.0005106642222
61531,1825.0005106642222
61532,1825.0005106642222
61533,1825.0005106642222
61534,1825.0005106642222
61535,1825.0005106642222
61536,1825.0005106642222
61537,1825.0005106642222
61538,1825.0005106642222
61539,1825.0005106642222
61540,1825.0005106642222
61541,1825.0005106642222
61542,1825.0005106642222
61543,1825.0005106642222
61544,1825.0005106642222
61545,1825.0005106642222
61546,1825.0005106642222
61547,1825.0005106642222
61548,1825.0005106642222
61549,1825.0005106642222
61550,1825.0005106642222
61551,1825.0005106642222
61552,1825.0005106642222
61553,1825.0005106642222
61554,1825.0005106642222
61555,1825.0005106642222
61556,1825.0005106642222
61557,1825.0005106642222
61558,1825.0005106642222
61559,1825.0005106642222
61560,1825.0005106642222
61561,1825.0005106642222
61562,1825.0005106642222
61563,1825.0005106642222
61564,1825.0005106642222
61565,1825.0005106642222
61566,1825.0005106642222
61567,1825.0005106642222
61568,1825.0005106642222
61569,1825.0005106642222
61570,1825.0005106642222
61571,1825.0005106642222
61572,1825.0005106642222
61573,1825.0005106642222
61574,1825.0005106642222
61575,1825.0005106642222
61576,1825.0005106642222
61577,1825.0005106642222
61578,1825.0005106642222
61579,1825.0005106642222
61580,1825.0005106642222
61581,1825.0005106642222
61582,1825.0005106642222
61583,1825.0005106642222
61584,1825.0005106642222
61585,1825.0005106642222
61586,1825.0005106642222
61587,1825.0005106642222
61588,1825.0005106642222
61589,1825.0005106642222
61590,1825.0005106642222
61591,1825.0005106642222
61592,1825.0005106642222
61593,1825.0005106642222
61594,1825.0005106642222
61595,1825.0005106642222
61596,1825.0005106642222
61597,1825.0005106642222
61598,1825.0005106642222
61599,1825.0005106642222
61600,1825.0005106642222
61601,1825.0005106642222
61602,1825.0005106642222
61603,1825.0005106642222
61604,1825.0005106642222
61605,1825.0005106642222
61606,1825.0005106642222
61607,1825.0005106642222
61608,1825.0005106642222
61609,1825.0005106642222
61610,1825.0005106642222
61611,1825.0005106642222
61612,1825.0005106642222
61613,1825.0005106642222
61614,1825.0005106642222
61615,1825.0005106642222
61616,1825.0005106642222
61617,1825.0005106642222
61618,1825.0005106642222
61619,1825.0005106642222
61620,1825.0005106642222
61621,1825.0005106642222
61622,1825.0005106642222
61623,1825.0005106642222
61624,1825.0005106642222
61625,1825.0005106642222
61626,1825.0005106642222
61627,1825.0005106642222
61628,1825.0005106642222
61629,1825.0005106642222
61630,1825.0005106642222
61631,1825.0005106642222
61632,1825.0005106642222
61633,1825.0005106642222
61634,1825.0005106642222
61635,1825.0005106642222
61636,1825.0005106642222
61637,1825.0005106642222
61638,1825.0005106642222
61639,1825.0005106642222
61640,1825.0005106642222
61641,1825.0005106642222
61642,1825.0005106642222
61643,1825.0005106642222
61644,1825.0005106642222
61645,1825.0005106642222
61646,1825.0005106642222
61647,1825.0005106642222
61648,1825.0005106642222
61649,1825.0005106642222
61650,1825.0005106642222
61651,1825.0005106642222
61652,1825.0005106642222
61653,1825.0005106642222
61654,1825.0005106642222
61655,1825.0005106642222
61656,1825.0005106642222
61657,1825.0005106642222
61658,1825.0005106642222
61659,1825.0005106642222
61660,1825.0005106642222
61661,1825.0005106642222
61662,1825.0005106642222
61663,1825.0005106642222
61664,1825.0005106642222
61665,1825.0005106642222
61666,1825.0005106642222
61667,1825.0005106642222
61668,1825.0005106642222
61669,1825.0005106642222
61670,1825.0005106642222
61671,1825.0005106642222
61672,1825.0005106642222
61673,1825.0005106642222
61674,1825.0005106642222
61675,1825.0005106642222
61676,1825.0005106642222
61677,1825.0005106642222
61678,1825.0005106642222
61679,1825.0005106642222
61680,1825.0005106642222
61681,1825.0005106642222
61682,1825.0005106642222
61683,1825.0005106642222
61684,1825.0005106642222
61685,1825.0005106642222
61686,1825.0005106642222
61687,1825.0005106642222
61688,1825.0005106642222
61689,1825.0005106642222
61690,1825.0005106642222
61691,1825.0005106642222
61692,1825.0005106642222
61693,1825.0005106642222
61694,1825.0005106642222
61695,1825.0005106642222
61696,1825.0005106642222
61697,1825.0005106642222
61698,1825.0005106642222
61699,1825.0005106642222
61700,1825.0005106642222
61701,1825.0005106642222
61702,1825.0005106642222
61703,1825.0005106642222
61704,1825.0005106642222
61705,1825.0005106642222
61706,1825.0005106642222
61707,1825.0005106642222
61708,1825.0005106642222
61709,1825.0005106642222
61710,1825.0005106642222
61711,1825.0005106642222
61712,1825.0005106642222
61713,1825.0005106642222
61714,1825.0005106642222
61715,1825.0005106642222
61716,1825.0005106642222
61717,1825.0005106642222
61718,1825.0005106642222
61719,1825.0005106642222
61720,1825.0005106642222
61721,1825.0005106642222
61722,1825.0005106642222
61723,1825.0005106642222
61724,1825.0005106642222
61725,1825.0005106642222
61726,1825.0005106642222
61727,1825.0005106642222
61728,1825.0005106642222
61729,1825.0005106642222
61730,1825.0005106642222
61731,1825.0005106642222
61732,1825.0005106642222
61733,1825.0005106642222
61734,1825.0005106642222
61735,1825.0005106642222
61736,1825.0005106642222
61737,1825.0005106642222
61738,1825.0005106642222
61739,1825.0005106642222
61740,1825.0005106642222
61741,1825.0005106642222
61742,1825.0005106642222
61743,1825.0005106642222
61744,1825.0005106642222
61745,1825.0005106642222
61746,1825.0005106642222
61747,1825.0005106642222
61748,1825.0005106642222
61749,1825.0005106642222
61750,1825.0005106642222
61751,1825.0005106642222
61752,1825.0005106642222
61753,1825.0005106642222
61754,1825.0005106642222
61755,1825.0005106642222
61756,1825.0005106642222
61757,1825.0005106642222
61758,1825.0005106642222
61759,1825.0005106642222
61760,1825.0005106642222
61761,1825.0005106642222
61762,1825.0005106642222
61763,1825.0005106642222
61764,1825.0005106642222
61765,1825.0005106642222
61766,1825.0005106642222
61767,1825.0005106642222
61768,1825.0005106642222
61769,1825.0005106642222
61770,1825.0005106642222
61771,1825.0005106642222
61772,1825.0005106642222
61773,1825.0005106642222
61774,1825.0005106642222
61775,1825.0005106642222
61776,1825.0005106642222
61777,1825.0005106642222
61778,1825.0005106642222
61779,1825.0005106642222
61780,1825.0005106642222
61781,1825.0005106642222
61782,1825.0005106642222
61783,1825.0005106642222
61784,1825.0005106642222
61785,1825.0005106642222
61786,1825.0005106642222
61787,1825.0005106642222
61788,1825.0005106642222
61789,1825.0005106642222
61790,1825.0005106642222
61791,1825.0005106642222
61792,1825.0005106642222
61793,1825.0005106642222
61794,1825.0005106642222
61795,1825.0005106642222
61796,1825.0005106642222
61797,1825.0005106642222
61798,1825.0005106642222
61799,1825.0005106642222
61800,1825.0005106642222
61801,1825.0005106642222
61802,1825.0005106642222
61803,1825.0005106642222
61804,1825.0005106642222
61805,1825.0005106642222
61806,1825.0005106642222
61807,1825.0005106642222
61808,1825.0005106642222
61809,1825.0005106642222
61810,1825.0005106642222
61811,1825.0005106642222
61812,1825.0005106642222
61813,1825.0005106642222
61814,1825.0005106642222
61815,1825.0005106642222
61816,1825.0005106642222
61817,1825.0005106642222
61818,1825.0005106642222
61819,1825.0005106642222
61820,1825.0005106642222
61821,1825.0005106642222
61822,1825.0005106642222
61823,1825.0005106642222
61824,1825.0005106642222
61825,1825.0005106642222
61826,1825.0005106642222
61827,1825.0005106642222
61828,1825.0005106642222
61829,1825.0005106642222
61830,1825.0005106642222
61831,1825.0005106642222
61832,1825.0005106642222
61833,1825.0005106642222
61834,1825.0005106642222
61835,1825.0005106642222
61836,1825.0005106642222
61837,1825.0005106642222
61838,1825.0005106642222
61839,1825.0005106642222
61840,1825.0005106642222
61841,1825.0005106642222
61842,1825.0005106642222
61843,1825.0005106642222
61844,1825.0005106642222
61845,1825.0005106642222
61846,1825.0005106642222
61847,1825.0005106642222
61848,1825.0005106642222
61849,1825.0005106642222
61850,1825.0005106642222
61851,1825.0005106642222
61852,1825.0005106642222
61853,1825.0005106642222
61854,1825.0005106642222
61855,1825.0005106642222
61856,1825.0005106642222
61857,1825.0005106642222
61858,1825.0005106642222
61859,1825.0005106642222
61860,1825.0005106642222
61861,1825.0005106642222
61862,1825.0005106642222
61863,1825.0005106642222
61864,1825.0005106642222
61865,1825.0005106642222
61866,1825.0005106642222
61867,1825.0005106642222
61868,1825.0005106642222
61869,1825.0005106642222
61870,1825.0005106642222
61871,1825.0005106642222
61872,1825.0005106642222
61873,1825.0005106642222
61874,1825.0005106642222
61875,1825.0005106642222
61876,1825.0005106642222
61877,1825.0005106642222
61878,1825.0005106642222
61879,1825.0005106642222
61880,1825.0005106642222
61881,1825.0005106642222
61882,1825.0005106642222
61883,1825.0005106642222
61884,1825.0005106642222
61885,1825.0005106642222
61886,1825.0005106642222
61887,1825.0005106642222
61888,1825.0005106642222
61889,1825.0005106642222
61890,1825.0005106642222
61891,1825.0005106642222
61892,1825.0005106642222
61893,1825.0005106642222
61894,1825.0005106642222
61895,1825.0005106642222
61896,1825.0005106642222
61897,1825.0005106642222
61898,1825.0005106642222
61899,1825.0005106642222
61900,1825.0005106642222
61901,1825.0005106642222
61902,1825.0005106642222
61903,1825.0005106642222
61904,1825.0005106642222
61905,1825.0005106642222
61906,1825.0005106642222
61907,1825.0005106642222
61908,1825.0005106642222
61909,1825.0005106642222
61910,1825.0005106642222
61911,1825.0005106642222
61912,1825.0005106642222
61913,1825.0005106642222
61914,1825.0005106642222
61915,1825.0005106642222
61916,1825.0005106642222
61917,1825.0005106642222
61918,1825.0005106642222
61919,1825.0005106642222
61920,1825.0005106642222
61921,1825.0005106642222
61922,1825.0005106642222
61923,1825.0005106642222
61924,1825.0005106642222
61925,1825.0005106642222
61926,1825.0005106642222
61927,1825.0005106642222
61928,1825.0005106642222
61929,1825.0005106642222
61930,1825.0005106642222
61931,1825.0005106642222
61932,1825.0005106642222
61933,1825.0005106642222
61934,1825.0005106642222
61935,1825.0005106642222
61936,1825.0005106642222
61937,1825.0005106642222
61938,1825.0005106642222
61939,1825.0005106642222
61940,1825.0005106642222
61941,1825.0005106642222
61942,1825.0005106642222
61943,1825.0005106642222
61944,1825.0005106642222
61945,1825.0005106642222
61946,1825.0005106642222
61947,1825.0005106642222
61948,1825.0005106642222
61949,1825.0005106642222
61950,1825.0005106642222
61951,1825.0005106642222
61952,1825.0005106642222
61953,1825.0005106642222
61954,1825.0005106642222
61955,1825.0005106642222
61956,1825.0005106642222
61957,1825.0005106642222
61958,1825.0005106642222
61959,1825.0005106642222
61960,1825.0005106642222
61961,1825.0005106642222
61962,1825.0005106642222
61963,1825.0005106642222
61964,1825.0005106642222
61965,1825.0005106642222
61966,1825.0005106642222
61967,1825.0005106642222
61968,1825.0005106642222
61969,1825.0005106642222
61970,1825.0005106642222
61971,1825.0005106642222
61972,1825.0005106642222
61973,1825.0005106642222
61974,1825.0005106642222
61975,1825.0005106642222
61976,1825.0005106642222
61977,1825.0005106642222
61978,1825.0005106642222
61979,1825.0005106642222
61980,1825.0005106642222
61981,1825.0005106642222
61982,1825.0005106642222
61983,1825.0005106642222
61984,1825.0005106642222
61985,1825.0005106642222
61986,1825.0005106642222
61987,1825.0005106642222
61988,1825.0005106642222
61989,1825.0005106642222
61990,1825.0005106642222
61991,1825.0005106642222
61992,1825.0005106642222
61993,1825.0005106642222
61994,1825.0005106642222
61995,1825.0005106642222
61996,1825.0005106642222
61997,1825.0005106642222
61998,1825.0005106642222
61999,1825.0005106642222
62000,1825.0005106642222
62001,1825.0005106642222
62002,1825.0005106642222
62003,1825.0005106642222
62004,1825.0005106642222
62005,1825.0005106642222
62006,1825.0005106642222
62007,1825.0005106642222
62008,1825.0005106642222
62009,1825.0005106642222
62010,1825.0005106642222
62011,1825.0005106642222
62012,1825.0005106642222
62013,1825.0005106642222
62014,1825.0005106642222
62015,1825.0005106642222
62016,1825.0005106642222
62017,1825.0005106642222
62018,1825.0005106642222
62019,1825.0005106642222
62020,1825.0005106642222
62021,1825.0005106642222
62022,1825.0005106642222
62023,1825.0005106642222
62024,1825.0005106642222
62025,1825.0005106642222
62026,1825.0005106642222
62027,1825.0005106642222
62028,1825.0005106642222
62029,1825.0005106642222
62030,1825.0005106642222
62031,1825.0005106642222
62032,1825.0005106642222
62033,1825.0005106642222
62034,1825.0005106642222
62035,1825.0005106642222
62036,1825.0005106642222
62037,1825.0005106642222
62038,1825.0005106642222
62039,1825.0005106642222
62040,1825.0005106642222
62041,1825.0005106642222
62042,1825.0005106642222
62043,1825.0005106642222
62044,1825.0005106642222
62045,1825.0005106642222
62046,1825.0005106642222
62047,1825.0005106642222
62048,1825.0005106642222
62049,1825.0005106642222
62050,1825.0005106642222
62051,1825.0005106642222
62052,1825.0005106642222
62053,1825.0005106642222
62054,1825.0005106642222
62055,1825.0005106642222
62056,1825.0005106642222
62057,1825.0005106642222
62058,1825.0005106642222
62059,1825.0005106642222
62060,1825.0005106642222
62061,1825.0005106642222
62062,1825.0005106642222
62063,1825.0005106642222
62064,1825.0005106642222
62065,1825.0005106642222
62066,1825.0005106642222
62067,1825.0005106642222
62068,1825.0005106642222
62069,1825.0005106642222
62070,1825.0005106642222
62071,1825.0005106642222
62072,1825.0005106642222
62073,1825.0005106642222
62074,1825.0005106642222
62075,1825.0005106642222
62076,1825.0005106642222
62077,1825.0005106642222
62078,1825.0005106642222
62079,1825.0005106642222
62080,1825.0005106642222
62081,1825.0005106642222
62082,1825.0005106642222
62083,1825.0005106642222
62084,1825.0005106642222
62085,1825.0005106642222
62086,1825.0005106642222
62087,1825.0005106642222
62088,1825.0005106642222
62089,1825.0005106642222
62090,1825.0005106642222
62091,1825.0005106642222
62092,1825.0005106642222
62093,1825.0005106642222
62094,1825.0005106642222
62095,1825.0005106642222
62096,1825.0005106642222
62097,1825.0005106642222
62098,1825.0005106642222
62099,1825.0005106642222
62100,1825.0005106642222
62101,1825.0005106642222
62102,1825.0005106642222
62103,1825.0005106642222
62104,1825.0005106642222
62105,1825.0005106642222
62106,1825.0005106642222
62107,1825.0005106642222
62108,1825.0005106642222
62109,1825.0005106642222
62110,1825.0005106642222
62111,1825.0005106642222
62112,1825.0005106642222
62113,1825.0005106642222
62114,1825.0005106642222
62115,1825.0005106642222
62116,1825.0005106642222
62117,1825.0005106642222
62118,1825.0005106642222
62119,1825.0005106642222
62120,1825.0005106642222
62121,1825.0005106642222
62122,1825.0005106642222
62123,1825.0005106642222
62124,1825.0005106642222
62125,1825.0005106642222
62126,1825.0005106642222
62127,1825.0005106642222
62128,1825.0005106642222
62129,1825.0005106642222
62130,1825.0005106642222
62131,1825.0005106642222
62132,1825.0005106642222
62133,1825.0005106642222
62134,1825.0005106642222
62135,1825.0005106642222
62136,1825.0005106642222
62137,1825.0005106642222
62138,1825.0005106642222
62139,1825.0005106642222
62140,1825.0005106642222
62141,1825.0005106642222
62142,1825.0005106642222
62143,1825.0005106642222
62144,1825.0005106642222
62145,1825.0005106642222
62146,1825.0005106642222
62147,1825.0005106642222
62148,1825.0005106642222
62149,1825.0005106642222
62150,1825.0005106642222
62151,1825.0005106642222
62152,1825.0005106642222
62153,1825.0005106642222
62154,1825.0005106642222
62155,1825.0005106642222
62156,1825.0005106642222
62157,1825.0005106642222
62158,1825.0005106642222
62159,1825.0005106642222
62160,1825.0005106642222
62161,1825.0005106642222
62162,1825.0005106642222
62163,1825.0005106642222
62164,1825.0005106642222
62165,1825.0005106642222
62166,1825.0005106642222
62167,1825.0005106642222
62168,1825.0005106642222
62169,1825.0005106642222
62170,1825.0005106642222
62171,1825.0005106642222
62172,1825.0005106642222
62173,1825.0005106642222
62174,1825.0005106642222
62175,1825.0005106642222
62176,1825.0005106642222
62177,1825.0005106642222
62178,1825.0005106642222
62179,1825.0005106642222
62180,1825.0005106642222
62181,1825.0005106642222
62182,1825.0005106642222
62183,1825.0005106642222
62184,1825.0005106642222
62185,1825.0005106642222
62186,1825.0005106642222
62187,1825.0005106642222
62188,1825.0005106642222
62189,1825.0005106642222
62190,1825.0005106642222
62191,1825.0005106642222
62192,1825.0005106642222
62193,1825.0005106642222
62194,1825.0005106642222
62195,1825.0005106642222
62196,1825.0005106642222
62197,1825.0005106642222
62198,1825.0005106642222
62199,1825.0005106642222
62200,1825.0005106642222
62201,1825.0005106642222
62202,1825.0005106642222
62203,1825.0005106642222
62204,1825.0005106642222
62205,1825.0005106642222
62206,1825.0005106642222
62207,1825.0005106642222
62208,1825.0005106642222
62209,1825.0005106642222
62210,1825.0005106642222
62211,1825.0005106642222
62212,1825.0005106642222
62213,1825.0005106642222
62214,1825.0005106642222
62215,1825.0005106642222
62216,1825.0005106642222
62217,1825.0005106642222
62218,1825.0005106642222
62219,1825.0005106642222
62220,1825.0005106642222
62221,1825.0005106642222
62222,1825.0005106642222
62223,1825.0005106642222
62224,1825.0005106642222
62225,1825.0005106642222
62226,1825.0005106642222
62227,1825.0005106642222
62228,1825.0005106642222
62229,1825.0005106642222
62230,1825.0005106642222
62231,1825.0005106642222
62232,1825.0005106642222
62233,1825.0005106642222
62234,1825.0005106642222
62235,1825.0005106642222
62236,1825.0005106642222
62237,1825.0005106642222
62238,1825.0005106642222
62239,1825.0005106642222
62240,1825.0005106642222
62241,1825.0005106642222
62242,1825.0005106642222
62243,1825.0005106642222
62244,1825.0005106642222
62245,1825.0005106642222
62246,1825.0005106642222
62247,1825.0005106642222
62248,1825.0005106642222
62249,1825.0005106642222
62250,1825.0005106642222
62251,1825.0005106642222
62252,1825.0005106642222
62253,1825.0005106642222
62254,1825.0005106642222
62255,1825.0005106642222
62256,1825.0005106642222
62257,1825.0005106642222
62258,1825.0005106642222
62259,1825.0005106642222
62260,1825.0005106642222
62261,1825.0005106642222
62262,1825.0005106642222
62263,1825.0005106642222
62264,1825.0005106642222
62265,1825.0005106642222
62266,1825.0005106642222
62267,1825.0005106642222
62268,1825.0005106642222
62269,1825.0005106642222
62270,1825.0005106642222
62271,1825.0005106642222
62272,1825.0005106642222
62273,1825.0005106642222
62274,1825.0005106642222
62275,1825.0005106642222
62276,1825.0005106642222
62277,1825.0005106642222
62278,1825.0005106642222
62279,1825.0005106642222
62280,1825.0005106642222
62281,1825.0005106642222
62282,1825.0005106642222
62283,1825.0005106642222
62284,1825.0005106642222
62285,1825.0005106642222
62286,1825.0005106642222
62287,1825.0005106642222
62288,1825.0005106642222
62289,1825.0005106642222
62290,1825.0005106642222
62291,1825.0005106642222
62292,1825.0005106642222
62293,1825.0005106642222
62294,1825.0005106642222
62295,1825.0005106642222
62296,1825.0005106642222
62297,1825.0005106642222
62298,1825.0005106642222
62299,1825.0005106642222
62300,1825.0005106642222
62301,1825.0005106642222
62302,1825.0005106642222
62303,1825.0005106642222
62304,1825.0005106642222
62305,1825.0005106642222
62306,1825.0005106642222
62307,1825.0005106642222
62308,1825.0005106642222
62309,1825.0005106642222
62310,1825.0005106642222
62311,1825.0005106642222
62312,1825.0005106642222
62313,1825.0005106642222
62314,1825.0005106642222
62315,1825.0005106642222
62316,1825.0005106642222
62317,1825.0005106642222
62318,1825.0005106642222
62319,1825.0005106642222
62320,1825.0005106642222
62321,1825.0005106642222
62322,1825.0005106642222
62323,1825.0005106642222
62324,1825.0005106642222
62325,1825.0005106642222
62326,1825.0005106642222
62327,1825.0005106642222
62328,1825.0005106642222
62329,1825.0005106642222
62330,1825.0005106642222
62331,1825.0005106642222
62332,1825.0005106642222
62333,1825.0005106642222
62334,1825.0005106642222
62335,1825.0005106642222
62336,1825.0005106642222
62337,1825.0005106642222
62338,1825.0005106642222
62339,1825.0005106642222
62340,1825.0005106642222
62341,1825.0005106642222
62342,1825.0005106642222
62343,1825.0005106642222
62344,1825.0005106642222
62345,1825.0005106642222
62346,1825.0005106642222
62347,1825.0005106642222
62348,1825.0005106642222
62349,1825.0005106642222
62350,1825.0005106642222
62351,1825.0005106642222
62352,1825.0005106642222
62353,1825.0005106642222
62354,1825.0005106642222
62355,1825.0005106642222
62356,1825.0005106642222
62357,1825.0005106642222
62358,1825.0005106642222
62359,1825.0005106642222
62360,1825.0005106642222
62361,1825.0005106642222
62362,1825.0005106642222
62363,1825.0005106642222
62364,1825.0005106642222
62365,1825.0005106642222
62366,1825.0005106642222
62367,1825.0005106642222
62368,1825.0005106642222
62369,1825.0005106642222
62370,1825.0005106642222
62371,1825.0005106642222
62372,1825.0005106642222
62373,1825.0005106642222
62374,1825.0005106642222
62375,1825.0005106642222
62376,1825.0005106642222
62377,1825.0005106642222
62378,1825.0005106642222
62379,1825.0005106642222
62380,1825.0005106642222
62381,1825.0005106642222
62382,1825.0005106642222
62383,1825.0005106642222
62384,1825.0005106642222
62385,1825.0005106642222
62386,1825.0005106642222
62387,1825.0005106642222
62388,1825.0005106642222
62389,1825.0005106642222
62390,1825.0005106642222
62391,1825.0005106642222
62392,1825.0005106642222
62393,1825.0005106642222
62394,1825.0005106642222
62395,1825.0005106642222
62396,1825.0005106642222
62397,1825.0005106642222
62398,1825.0005106642222
62399,1825.0005106642222
62400,1825.0005106642222
62401,1825.0005106642222
62402,1825.0005106642222
62403,1825.0005106642222
62404,1825.0005106642222
62405,1825.0005106642222
62406,1825.0005106642222
62407,1825.0005106642222
62408,1825.0005106642222
62409,1825.0005106642222
62410,1825.0005106642222
62411,1825.0005106642222
62412,1825.0005106642222
62413,1825.0005106642222
62414,1825.0005106642222
62415,1825.0005106642222
62416,1825.0005106642222
62417,1825.0005106642222
62418,1825.0005106642222
62419,1825.0005106642222
62420,1825.0005106642222
62421,1825.0005106642222
62422,1825.0005106642222
62423,1825.0005106642222
62424,1825.0005106642222
62425,1825.0005106642222
62426,1825.0005106642222
62427,1825.0005106642222
62428,1825.0005106642222
62429,1825.0005106642222
62430,1825.0005106642222
62431,1825.0005106642222
62432,1825.0005106642222
62433,1825.0005106642222
62434,1825.0005106642222
62435,1825.0005106642222
62436,1825.0005106642222
62437,1825.0005106642222
62438,1825.0005106642222
62439,1825.0005106642222
62440,1825.0005106642222
62441,1825.0005106642222
62442,1825.0005106642222
62443,1825.0005106642222
62444,1825.0005106642222
62445,1825.0005106642222
62446,1825.0005106642222
62447,1825.0005106642222
62448,1825.0005106642222
62449,1825.0005106642222
62450,1825.0005106642222
62451,1825.0005106642222
62452,1825.0005106642222
62453,1825.0005106642222
62454,1825.0005106642222
62455,1825.0005106642222
62456,1825.0005106642222
62457,1825.0005106642222
62458,1825.0005106642222
62459,1825.0005106642222
62460,1825.0005106642222
62461,1825.0005106642222
62462,1825.0005106642222
62463,1825.0005106642222
62464,1825.0005106642222
62465,1825.0005106642222
62466,1825.0005106642222
62467,1825.0005106642222
62468,1825.0005106642222
62469,1825.0005106642222
62470,1825.0005106642222
62471,1825.0005106642222
62472,1825.0005106642222
62473,1825.0005106642222
62474,1825.0005106642222
62475,1825.0005106642222
62476,1825.0005106642222
62477,1825.0005106642222
62478,1825.0005106642222
62479,1825.0005106642222
62480,1825.0005106642222
62481,1825.0005106642222
62482,1825.0005106642222
62483,1825.0005106642222
62484,1825.0005106642222
62485,1825.0005106642222
62486,1825.0005106642222
62487,1825.0005106642222
62488,1825.0005106642222
62489,1825.0005106642222
62490,1825.0005106642222
62491,1825.0005106642222
62492,1825.0005106642222
62493,1825.0005106642222
62494,1825.0005106642222
62495,1825.0005106642222
62496,1825.0005106642222
62497,1825.0005106642222
62498,1825.0005106642222
62499,1825.0005106642222
62500,1825.0005106642222
62501,1825.0005106642222
62502,1825.0005106642222
62503,1825.0005106642222
62504,1825.0005106642222
62505,1825.0005106642222
62506,1825.0005106642222
62507,1825.0005106642222
62508,1825.0005106642222
62509,1825.0005106642222
62510,1825.0005106642222
62511,1825.0005106642222
62512,1825.0005106642222
62513,1825.0005106642222
62514,1825.0005106642222
62515,1825.0005106642222
62516,1825.0005106642222
62517,1825.0005106642222
62518,1825.0005106642222
62519,1825.0005106642222
62520,1825.0005106642222
62521,1825.0005106642222
62522,1825.0005106642222
62523,1825.0005106642222
62524,1825.0005106642222
62525,1825.0005106642222
62526,1825.0005106642222
62527,1825.0005106642222
62528,1825.0005106642222
62529,1825.0005106642222
62530,1825.0005106642222
62531,1825.0005106642222
62532,1825.0005106642222
62533,1825.0005106642222
62534,1825.0005106642222
62535,1825.0005106642222
62536,1825.0005106642222
62537,1825.0005106642222
62538,1825.0005106642222
62539,1825.0005106642222
62540,1825.0005106642222
62541,1825.0005106642222
62542,1825.0005106642222
62543,1825.0005106642222
62544,1825.0005106642222
62545,1825.0005106642222
62546,1825.0005106642222
62547,1825.0005106642222
62548,1825.0005106642222
62549,1825.0005106642222
62550,1825.0005106642222
62551,1825.0005106642222
62552,1825.0005106642222
62553,1825.0005106642222
62554,1825.0005106642222
62555,1825.0005106642222
62556,1825.0005106642222
62557,1825.0005106642222
62558,1825.0005106642222
62559,1825.0005106642222
62560,1825.0005106642222
62561,1825.0005106642222
62562,1825.0005106642222
62563,1825.0005106642222
62564,1825.0005106642222
62565,1825.0005106642222
62566,1825.0005106642222
62567,1825.0005106642222
62568,1825.0005106642222
62569,1825.0005106642222
62570,1825.0005106642222
62571,1825.0005106642222
62572,1825.0005106642222
62573,1825.0005106642222
62574,1825.0005106642222
62575,1825.0005106642222
62576,1825.0005106642222
62577,1825.0005106642222
62578,1825.0005106642222
62579,1825.0005106642222
62580,1825.0005106642222
62581,1825.0005106642222
62582,1825.0005106642222
62583,1825.0005106642222
62584,1825.0005106642222
62585,1825.0005106642222
62586,1825.0005106642222
62587,1825.0005106642222
62588,1825.0005106642222
62589,1825.0005106642222
62590,1825.0005106642222
62591,1825.0005106642222
62592,1825.0005106642222
62593,1825.0005106642222
62594,1825.0005106642222
62595,1825.0005106642222
62596,1825.0005106642222
62597,1825.0005106642222
62598,1825.0005106642222
62599,1825.0005106642222
62600,1825.0005106642222
62601,1825.0005106642222
62602,1825.0005106642222
62603,1825.0005106642222
62604,1825.0005106642222
62605,1825.0005106642222
62606,1825.0005106642222
62607,1825.0005106642222
62608,1825.0005106642222
62609,1825.0005106642222
62610,1825.0005106642222
62611,1825.0005106642222
62612,1825.0005106642222
62613,1825.0005106642222
62614,1825.0005106642222
62615,1825.0005106642222
62616,1825.0005106642222
62617,1825.0005106642222
62618,1825.0005106642222
62619,1825.0005106642222
62620,1825.0005106642222
62621,1825.0005106642222
62622,1825.0005106642222
62623,1825.0005106642222
62624,1825.0005106642222
62625,1825.0005106642222
62626,1825.0005106642222
62627,1825.0005106642222
62628,1825.0005106642222
62629,1825.0005106642222
62630,1825.0005106642222
62631,1825.0005106642222
62632,1825.0005106642222
62633,1825.0005106642222
62634,1825.0005106642222
62635,1825.0005106642222
62636,1825.0005106642222
62637,1825.0005106642222
62638,1825.0005106642222
62639,1825.0005106642222
62640,1825.0005106642222
62641,1825.0005106642222
62642,1825.0005106642222
62643,1825.0005106642222
62644,1825.0005106642222
62645,1825.0005106642222
62646,1825.0005106642222
62647,1825.0005106642222
62648,1825.0005106642222
62649,1825.0005106642222
62650,1825.0005106642222
62651,1825.0005106642222
62652,1825.0005106642222
62653,1825.0005106642222
62654,1825.0005106642222
62655,1825.0005106642222
62656,1825.0005106642222
62657,1825.0005106642222
62658,1825.0005106642222
62659,1825.0005106642222
62660,1825.0005106642222
62661,1825.0005106642222
62662,1825.0005106642222
62663,1825.0005106642222
62664,1825.0005106642222
62665,1825.0005106642222
62666,1825.0005106642222
62667,1825.0005106642222
62668,1825.0005106642222
62669,1825.0005106642222
62670,1825.0005106642222
62671,1825.0005106642222
62672,1825.0005106642222
62673,1825.0005106642222
62674,1825.0005106642222
62675,1825.0005106642222
62676,1825.0005106642222
62677,1825.0005106642222
62678,1825.0005106642222
62679,1825.0005106642222
62680,1825.0005106642222
62681,1825.0005106642222
62682,1825.0005106642222
62683,1825.0005106642222
62684,1825.0005106642222
62685,1825.0005106642222
62686,1825.0005106642222
62687,1825.0005106642222
62688,1825.0005106642222
62689,1825.0005106642222
62690,1825.0005106642222
62691,1825.0005106642222
62692,1825.0005106642222
62693,1825.0005106642222
62694,1825.0005106642222
62695,1825.0005106642222
62696,1825.0005106642222
62697,1825.0005106642222
62698,1825.0005106642222
62699,1825.0005106642222
62700,1825.0005106642222
62701,1825.0005106642222
62702,1825.0005106642222
62703,1825.0005106642222
62704,1825.0005106642222
62705,1825.0005106642222
62706,1825.0005106642222
62707,1825.0005106642222
62708,1825.0005106642222
62709,1825.0005106642222
62710,1825.0005106642222
62711,1825.0005106642222
62712,1825.0005106642222
62713,1825.0005106642222
62714,1825.0005106642222
62715,1825.0005106642222
62716,1825.0005106642222
62717,1825.0005106642222
62718,1825.0005106642222
62719,1825.0005106642222
62720,1825.0005106642222
62721,1825.0005106642222
62722,1825.0005106642222
62723,1825.0005106642222
62724,1825.0005106642222
62725,1825.0005106642222
62726,1825.0005106642222
62727,1825.0005106642222
62728,1825.0005106642222
62729,1825.0005106642222
62730,1825.0005106642222
62731,1825.0005106642222
62732,1825.0005106642222
62733,1825.0005106642222
62734,1825.0005106642222
62735,1825.0005106642222
62736,1825.0005106642222
62737,1825.0005106642222
62738,1825.0005106642222
62739,1825.0005106642222
62740,1825.0005106642222
62741,1825.0005106642222
62742,1825.0005106642222
62743,1825.0005106642222
62744,1825.0005106642222
62745,1825.0005106642222
62746,1825.0005106642222
62747,1825.0005106642222
62748,1825.0005106642222
62749,1825.0005106642222
62750,1825.0005106642222
62751,1825.0005106642222
62752,1825.0005106642222
62753,1825.0005106642222
62754,1825.0005106642222
62755,1825.0005106642222
62756,1825.0005106642222
62757,1825.0005106642222
62758,1825.0005106642222
62759,1825.0005106642222
62760,1825.0005106642222
62761,1825.0005106642222
62762,1825.0005106642222
62763,1825.0005106642222
62764,1825.0005106642222
62765,1825.0005106642222
62766,1825.0005106642222
62767,1825.0005106642222
62768,1825.0005106642222
62769,1825.0005106642222
62770,1825.0005106642222
62771,1825.0005106642222
62772,1825.0005106642222
62773,1825.0005106642222
62774,1825.0005106642222
62775,1825.0005106642222
62776,1825.0005106642222
62777,1825.0005106642222
62778,1825.0005106642222
62779,1825.0005106642222
62780,1825.0005106642222
62781,1825.0005106642222
62782,1825.0005106642222
62783,1825.0005106642222
62784,1825.0005106642222
62785,1825.0005106642222
62786,1825.0005106642222
62787,1825.0005106642222
62788,1825.0005106642222
62789,1825.0005106642222
62790,1825.0005106642222
62791,1825.0005106642222
62792,1825.0005106642222
62793,1825.0005106642222
62794,1825.0005106642222
62795,1825.0005106642222
62796,1825.0005106642222
62797,1825.0005106642222
62798,1825.0005106642222
62799,1825.0005106642222
62800,1825.0005106642222
62801,1825.0005106642222
62802,1825.0005106642222
62803,1825.0005106642222
62804,1825.0005106642222
62805,1825.0005106642222
62806,1825.0005106642222
62807,1825.0005106642222
62808,1825.0005106642222
62809,1825.0005106642222
62810,1825.0005106642222
62811,1825.0005106642222
62812,1825.0005106642222
62813,1825.0005106642222
62814,1825.0005106642222
62815,1825.0005106642222
62816,1825.0005106642222
62817,1825.0005106642222
62818,1825.0005106642222
62819,1825.0005106642222
62820,1825.0005106642222
62821,1825.0005106642222
62822,1825.0005106642222
62823,1825.0005106642222
62824,1825.0005106642222
62825,1825.0005106642222
62826,1825.0005106642222
62827,1825.0005106642222
62828,1825.0005106642222
62829,1825.0005106642222
62830,1825.0005106642222
62831,1825.0005106642222
62832,1825.0005106642222
62833,1825.0005106642222
62834,1825.0005106642222
62835,1825.0005106642222
62836,1825.0005106642222
62837,1825.0005106642222
62838,1825.0005106642222
62839,1825.0005106642222
62840,1825.0005106642222
62841,1825.0005106642222
62842,1825.0005106642222
62843,1825.0005106642222
62844,1825.0005106642222
62845,1825.0005106642222
62846,1825.0005106642222
62847,1825.0005106642222
62848,1825.0005106642222
62849,1825.0005106642222
62850,1825.0005106642222
62851,1825.0005106642222
62852,1825.0005106642222
62853,1825.0005106642222
62854,1825.0005106642222
62855,1825.0005106642222
62856,1825.0005106642222
62857,1825.0005106642222
62858,1825.0005106642222
62859,1825.0005106642222
62860,1825.0005106642222
62861,1825.0005106642222
62862,1825.0005106642222
62863,1825.0005106642222
62864,1825.0005106642222
62865,1825.0005106642222
62866,1825.0005106642222
62867,1825.0005106642222
62868,1825.0005106642222
62869,1825.0005106642222
62870,1825.0005106642222
62871,1825.0005106642222
62872,1825.0005106642222
62873,1825.0005106642222
62874,1825.0005106642222
62875,1825.0005106642222
62876,1825.0005106642222
62877,1825.0005106642222
62878,1825.0005106642222
62879,1825.0005106642222
62880,1825.0005106642222
62881,1825.0005106642222
62882,1825.0005106642222
62883,1825.0005106642222
62884,1825.0005106642222
62885,1825.0005106642222
62886,1825.0005106642222
62887,1825.0005106642222
62888,1825.0005106642222
62889,1825.0005106642222
62890,1825.0005106642222
62891,1825.0005106642222
62892,1825.0005106642222
62893,1825.0005106642222
62894,1825.0005106642222
62895,1825.0005106642222
62896,1825.0005106642222
62897,1825.0005106642222
62898,1825.0005106642222
62899,1825.0005106642222
62900,1825.0005106642222
62901,1825.0005106642222
62902,1825.0005106642222
62903,1825.0005106642222
62904,1825.0005106642222
62905,1825.0005106642222
62906,1825.0005106642222
62907,1825.0005106642222
62908,1825.0005106642222
62909,1825.0005106642222
62910,1825.0005106642222
62911,1825.0005106642222
62912,1825.0005106642222
62913,1825.0005106642222
62914,1825.0005106642222
62915,1825.0005106642222
62916,1825.0005106642222
62917,1825.0005106642222
62918,1825.0005106642222
62919,1825.0005106642222
62920,1825.0005106642222
62921,1825.0005106642222
62922,1825.0005106642222
62923,1825.0005106642222
62924,1825.0005106642222
62925,1825.0005106642222
62926,1825.0005106642222
62927,1825.0005106642222
62928,1825.0005106642222
62929,1825.0005106642222
62930,1825.0005106642222
62931,1825.0005106642222
62932,1825.0005106642222
62933,1825.0005106642222
62934,1825.0005106642222
62935,1825.0005106642222
62936,1825.0005106642222
62937,1825.0005106642222
62938,1825.0005106642222
62939,1825.0005106642222
62940,1825.0005106642222
62941,1825.0005106642222
62942,1825.0005106642222
62943,1825.0005106642222
62944,1825.0005106642222
62945,1825.0005106642222
62946,1825.0005106642222
62947,1825.0005106642222
62948,1825.0005106642222
62949,1825.0005106642222
62950,1825.0005106642222
62951,1825.0005106642222
62952,1825.0005106642222
62953,1825.0005106642222
62954,1825.0005106642222
62955,1825.0005106642222
62956,1825.0005106642222
62957,1825.0005106642222
62958,1825.0005106642222
62959,1825.0005106642222
62960,1825.0005106642222
62961,1825.0005106642222
62962,1825.0005106642222
62963,1825.0005106642222
62964,1825.0005106642222
62965,1825.0005106642222
62966,1825.0005106642222
62967,1825.0005106642222
62968,1825.0005106642222
62969,1825.0005106642222
62970,1825.0005106642222
62971,1825.0005106642222
62972,1825.0005106642222
62973,1825.0005106642222
62974,1825.0005106642222
62975,1825.0005106642222
62976,1825.0005106642222
62977,1825.0005106642222
62978,1825.0005106642222
62979,1825.0005106642222
62980,1825.0005106642222
62981,1825.0005106642222
62982,1825.0005106642222
62983,1825.0005106642222
62984,1825.0005106642222
62985,1825.0005106642222
62986,1825.0005106642222
62987,1825.0005106642222
62988,1825.0005106642222
62989,1825.0005106642222
62990,1825.0005106642222
62991,1825.0005106642222
62992,1825.0005106642222
62993,1825.0005106642222
62994,1825.0005106642222
62995,1825.0005106642222
62996,1825.0005106642222
62997,1825.0005106642222
62998,1825.0005106642222
62999,1825.0005106642222
63000,1825.0005106642222
63001,1825.0005106642222
63002,1825.0005106642222
63003,1825.0005106642222
63004,1825.0005106642222
63005,1825.0005106642222
63006,1825.0005106642222
63007,1825.0005106642222
63008,1825.0005106642222
63009,1825.0005106642222
63010,1825.0005106642222
63011,1825.0005106642222
63012,1825.0005106642222
63013,1825.0005106642222
63014,1825.0005106642222
63015,1825.0005106642222
63016,1825.0005106642222
63017,1825.0005106642222
63018,1825.0005106642222
63019,1825.0005106642222
63020,1825.0005106642222
63021,1825.0005106642222
63022,1825.0005106642222
63023,1825.0005106642222
63024,1825.0005106642222
63025,1825.0005106642222
63026,1825.0005106642222
63027,1825.0005106642222
63028,1825.0005106642222
63029,1825.0005106642222
63030,1825.0005106642222
63031,1825.0005106642222
63032,1825.0005106642222
63033,1825.0005106642222
63034,1825.0005106642222
63035,1825.0005106642222
63036,1825.0005106642222
63037,1825.0005106642222
63038,1825.0005106642222
63039,1825.0005106642222
63040,1825.0005106642222
63041,1825.0005106642222
63042,1825.0005106642222
63043,1825.0005106642222
63044,1825.0005106642222
63045,1825.0005106642222
63046,1825.0005106642222
63047,1825.0005106642222
63048,1825.0005106642222
63049,1825.0005106642222
63050,1825.0005106642222
63051,1825.0005106642222
63052,1825.0005106642222
63053,1825.0005106642222
63054,1825.0005106642222
63055,1825.0005106642222
63056,1825.0005106642222
63057,1825.0005106642222
63058,1825.0005106642222
63059,1825.0005106642222
63060,1825.0005106642222
63061,1825.0005106642222
63062,1825.0005106642222
63063,1825.0005106642222
63064,1825.0005106642222
63065,1825.0005106642222
63066,1825.0005106642222
63067,1825.0005106642222
63068,1825.0005106642222
63069,1825.0005106642222
63070,1825.0005106642222
63071,1825.0005106642222
63072,1825.0005106642222
63073,1825.0005106642222
63074,1825.0005106642222
63075,1825.0005106642222
63076,1825.0005106642222
63077,1825.0005106642222
63078,1825.0005106642222
63079,1825.0005106642222
63080,1825.0005106642222
63081,1825.0005106642222
63082,1825.0005106642222
63083,1825.0005106642222
63084,1825.0005106642222
63085,1825.0005106642222
63086,1825.0005106642222
63087,1825.0005106642222
63088,1825.0005106642222
63089,1825.0005106642222
63090,1825.0005106642222
63091,1825.0005106642222
63092,1825.0005106642222
63093,1825.0005106642222
63094,1825.0005106642222
63095,1825.0005106642222
63096,1825.0005106642222
63097,1825.0005106642222
63098,1825.0005106642222
63099,1825.0005106642222
63100,1825.0005106642222
63101,1825.0005106642222
63102,1825.0005106642222
63103,1825.0005106642222
63104,1825.0005106642222
63105,1825.0005106642222
63106,1825.0005106642222
63107,1825.0005106642222
63108,1825.0005106642222
63109,1825.0005106642222
63110,1825.0005106642222
63111,1825.0005106642222
63112,1825.0005106642222
63113,1825.0005106642222
63114,1825.0005106642222
63115,1825.0005106642222
63116,1825.0005106642222
63117,1825.0005106642222
63118,1825.0005106642222
63119,1825.0005106642222
63120,1825.0005106642222
63121,1825.0005106642222
63122,1825.0005106642222
63123,1825.0005106642222
63124,1825.0005106642222
63125,1825.0005106642222
63126,1825.0005106642222
63127,1825.0005106642222
63128,1825.0005106642222
63129,1825.0005106642222
63130,1825.0005106642222
63131,1825.0005106642222
63132,1825.0005106642222
63133,1825.0005106642222
63134,1825.0005106642222
63135,1825.0005106642222
63136,1825.0005106642222
63137,1825.0005106642222
63138,1825.0005106642222
63139,1825.0005106642222
63140,1825.0005106642222
63141,1825.0005106642222
63142,1825.0005106642222
63143,1825.0005106642222
63144,1825.0005106642222
63145,1825.0005106642222
63146,1825.0005106642222
63147,1825.0005106642222
63148,1825.0005106642222
63149,1825.0005106642222
63150,1825.0005106642222
63151,1825.0005106642222
63152,1825.0005106642222
63153,1825.0005106642222
63154,1825.0005106642222
63155,1825.0005106642222
63156,1825.0005106642222
63157,1825.0005106642222
63158,1825.0005106642222
63159,1825.0005106642222
63160,1825.0005106642222
63161,1825.0005106642222
63162,1825.0005106642222
63163,1825.0005106642222
63164,1825.0005106642222
63165,1825.0005106642222
63166,1825.0005106642222
63167,1825.0005106642222
63168,1825.0005106642222
63169,1825.0005106642222
63170,1825.0005106642222
63171,1825.0005106642222
63172,1825.0005106642222
63173,1825.0005106642222
63174,1825.0005106642222
63175,1825.0005106642222
63176,1825.0005106642222
63177,1825.0005106642222
63178,1825.0005106642222
63179,1825.0005106642222
63180,1825.0005106642222
63181,1825.0005106642222
63182,1825.0005106642222
63183,1825.0005106642222
63184,1825.0005106642222
63185,1825.0005106642222
63186,1825.0005106642222
63187,1825.0005106642222
63188,1825.0005106642222
63189,1825.0005106642222
63190,1825.0005106642222
63191,1825.0005106642222
63192,1825.0005106642222
63193,1825.0005106642222
63194,1825.0005106642222
63195,1825.0005106642222
63196,1825.0005106642222
63197,1825.0005106642222
63198,1825.0005106642222
63199,1825.0005106642222
63200,1825.0005106642222
63201,1825.0005106642222
63202,1825.0005106642222
63203,1825.0005106642222
63204,1825.0005106642222
63205,1825.0005106642222
63206,1825.0005106642222
63207,1825.0005106642222
63208,1825.0005106642222
63209,1825.0005106642222
63210,1825.0005106642222
63211,1825.0005106642222
63212,1825.0005106642222
63213,1825.0005106642222
63214,1825.0005106642222
63215,1825.0005106642222
63216,1825.0005106642222
63217,1825.0005106642222
63218,1825.0005106642222
63219,1825.0005106642222
63220,1825.0005106642222
63221,1825.0005106642222
63222,1825.0005106642222
63223,1825.0005106642222
63224,1825.0005106642222
63225,1825.0005106642222
63226,1825.0005106642222
63227,1825.0005106642222
63228,1825.0005106642222
63229,1825.0005106642222
63230,1825.0005106642222
63231,1825.0005106642222
63232,1825.0005106642222
63233,1825.0005106642222
63234,1825.0005106642222
63235,1825.0005106642222
63236,1825.0005106642222
63237,1825.0005106642222
63238,1825.0005106642222
63239,1825.0005106642222
63240,1825.0005106642222
63241,1825.0005106642222
63242,1825.0005106642222
63243,1825.0005106642222
63244,1825.0005106642222
63245,1825.0005106642222
63246,1825.0005106642222
63247,1825.0005106642222
63248,1825.0005106642222
63249,1825.0005106642222
63250,1825.0005106642222
63251,1825.0005106642222
63252,1825.0005106642222
63253,1825.0005106642222
63254,1825.0005106642222
63255,1825.0005106642222
63256,1825.0005106642222
63257,1825.0005106642222
63258,1825.0005106642222
63259,1825.0005106642222
63260,1825.0005106642222
63261,1825.0005106642222
63262,1825.0005106642222
63263,1825.0005106642222
63264,1825.0005106642222
63265,1825.0005106642222
63266,1825.0005106642222
63267,1825.0005106642222
63268,1825.0005106642222
63269,1825.0005106642222
63270,1825.0005106642222
63271,1825.0005106642222
63272,1825.0005106642222
63273,1825.0005106642222
63274,1825.0005106642222
63275,1825.0005106642222
63276,1825.0005106642222
63277,1825.0005106642222
63278,1825.0005106642222
63279,1825.0005106642222
63280,1825.0005106642222
63281,1825.0005106642222
63282,1825.0005106642222
63283,1825.0005106642222
63284,1825.0005106642222
63285,1825.0005106642222
63286,1825.0005106642222
63287,1825.0005106642222
63288,1825.0005106642222
63289,1825.0005106642222
63290,1825.0005106642222
63291,1825.0005106642222
63292,1825.0005106642222
63293,1825.0005106642222
63294,1825.0005106642222
63295,1825.0005106642222
63296,1825.0005106642222
63297,1825.0005106642222
63298,1825.0005106642222
63299,1825.0005106642222
63300,1825.0005106642222
63301,1825.0005106642222
63302,1825.0005106642222
63303,1825.0005106642222
63304,1825.0005106642222
63305,1825.0005106642222
63306,1825.0005106642222
63307,1825.0005106642222
63308,1825.0005106642222
63309,1825.0005106642222
63310,1825.0005106642222
63311,1825.0005106642222
63312,1825.0005106642222
63313,1825.0005106642222
63314,1825.0005106642222
63315,1825.0005106642222
63316,1825.0005106642222
63317,1825.0005106642222
63318,1825.0005106642222
63319,1825.0005106642222
63320,1825.0005106642222
63321,1825.0005106642222
63322,1825.0005106642222
63323,1825.0005106642222
63324,1825.0005106642222
63325,1825.0005106642222
63326,1825.0005106642222
63327,1825.0005106642222
63328,1825.0005106642222
63329,1825.0005106642222
63330,1825.0005106642222
63331,1825.0005106642222
63332,1825.0005106642222
63333,1825.0005106642222
63334,1825.0005106642222
63335,1825.0005106642222
63336,1825.0005106642222
63337,1825.0005106642222
63338,1825.0005106642222
63339,1825.0005106642222
63340,1825.0005106642222
63341,1825.0005106642222
63342,1825.0005106642222
63343,1825.0005106642222
63344,1825.0005106642222
63345,1825.0005106642222
63346,1825.0005106642222
63347,1825.0005106642222
63348,1825.0005106642222
63349,1825.0005106642222
63350,1825.0005106642222
63351,1825.0005106642222
63352,1825.0005106642222
63353,1825.0005106642222
63354,1825.0005106642222
63355,1825.0005106642222
63356,1825.0005106642222
63357,1825.0005106642222
63358,1825.0005106642222
63359,1825.0005106642222
63360,1825.0005106642222
63361,1825.0005106642222
63362,1825.0005106642222
63363,1825.0005106642222
63364,1825.0005106642222
63365,1825.0005106642222
63366,1825.0005106642222
63367,1825.0005106642222
63368,1825.0005106642222
63369,1825.0005106642222
63370,1825.0005106642222
63371,1825.0005106642222
63372,1825.0005106642222
63373,1825.0005106642222
63374,1825.0005106642222
63375,1825.0005106642222
63376,1825.0005106642222
63377,1825.0005106642222
63378,1825.0005106642222
63379,1825.0005106642222
63380,1825.0005106642222
63381,1825.0005106642222
63382,1825.0005106642222
63383,1825.0005106642222
63384,1825.0005106642222
63385,1825.0005106642222
63386,1825.0005106642222
63387,1825.0005106642222
63388,1825.0005106642222
63389,1825.0005106642222
63390,1825.0005106642222
63391,1825.0005106642222
63392,1825.0005106642222
63393,1825.0005106642222
63394,1825.0005106642222
63395,1825.0005106642222
63396,1825.0005106642222
63397,1825.0005106642222
63398,1825.0005106642222
63399,1825.0005106642222
63400,1825.0005106642222
63401,1825.0005106642222
63402,1825.0005106642222
63403,1825.0005106642222
63404,1825.0005106642222
63405,1825.0005106642222
63406,1825.0005106642222
63407,1825.0005106642222
63408,1825.0005106642222
63409,1825.0005106642222
63410,1825.0005106642222
63411,1825.0005106642222
63412,1825.0005106642222
63413,1825.0005106642222
63414,1825.0005106642222
63415,1825.0005106642222
63416,1825.0005106642222
63417,1825.0005106642222
63418,1825.0005106642222
63419,1825.0005106642222
63420,1825.0005106642222
63421,1825.0005106642222
63422,1825.0005106642222
63423,1825.0005106642222
63424,1825.0005106642222
63425,1825.0005106642222
63426,1825.0005106642222
63427,1825.0005106642222
63428,1825.0005106642222
63429,1825.0005106642222
63430,1825.0005106642222
63431,1825.0005106642222
63432,1825.0005106642222
63433,1825.0005106642222
63434,1825.0005106642222
63435,1825.0005106642222
63436,1825.0005106642222
63437,1825.0005106642222
63438,1825.0005106642222
63439,1825.0005106642222
63440,1825.0005106642222
63441,1825.0005106642222
63442,1825.0005106642222
63443,1825.0005106642222
63444,1825.0005106642222
63445,1825.0005106642222
63446,1825.0005106642222
63447,1825.0005106642222
63448,1825.0005106642222
63449,1825.0005106642222
63450,1825.0005106642222
63451,1825.0005106642222
63452,1825.0005106642222
63453,1825.0005106642222
63454,1825.0005106642222
63455,1825.0005106642222
63456,1825.0005106642222
63457,1825.0005106642222
63458,1825.0005106642222
63459,1825.0005106642222
63460,1825.0005106642222
63461,1825.0005106642222
63462,1825.0005106642222
63463,1825.0005106642222
63464,1825.0005106642222
63465,1825.0005106642222
63466,1825.0005106642222
63467,1825.0005106642222
63468,1825.0005106642222
63469,1825.0005106642222
63470,1825.0005106642222
63471,1825.0005106642222
63472,1825.0005106642222
63473,1825.0005106642222
63474,1825.0005106642222
63475,1825.0005106642222
63476,1825.0005106642222
63477,1825.0005106642222
63478,1825.0005106642222
63479,1825.0005106642222
63480,1825.0005106642222
63481,1825.0005106642222
63482,1825.0005106642222
63483,1825.0005106642222
63484,1825.0005106642222
63485,1825.0005106642222
63486,1825.0005106642222
63487,1825.0005106642222
63488,1825.0005106642222
63489,1825.0005106642222
63490,1825.0005106642222
63491,1825.0005106642222
63492,1825.0005106642222
63493,1825.0005106642222
63494,1825.0005106642222
63495,1825.0005106642222
63496,1825.0005106642222
63497,1825.0005106642222
63498,1825.0005106642222
63499,1825.0005106642222
63500,1825.0005106642222
63501,1825.0005106642222
63502,1825.0005106642222
63503,1825.0005106642222
63504,1825.0005106642222
63505,1825.0005106642222
63506,1825.0005106642222
63507,1825.0005106642222
63508,1825.0005106642222
63509,1825.0005106642222
63510,1825.0005106642222
63511,1825.0005106642222
63512,1825.0005106642222
63513,1825.0005106642222
63514,1825.0005106642222
63515,1825.0005106642222
63516,1825.0005106642222
63517,1825.0005106642222
63518,1825.0005106642222
63519,1825.0005106642222
63520,1825.0005106642222
63521,1825.0005106642222
63522,1825.0005106642222
63523,1825.0005106642222
63524,1825.0005106642222
63525,1825.0005106642222
63526,1825.0005106642222
63527,1825.0005106642222
63528,1825.0005106642222
63529,1825.0005106642222
63530,1825.0005106642222
63531,1825.0005106642222
63532,1825.0005106642222
63533,1825.0005106642222
63534,1825.0005106642222
63535,1825.0005106642222
63536,1825.0005106642222
63537,1825.0005106642222
63538,1825.0005106642222
63539,1825.0005106642222
63540,1825.0005106642222
63541,1825.0005106642222
63542,1825.0005106642222
63543,1825.0005106642222
63544,1825.0005106642222
63545,1825.0005106642222
63546,1825.0005106642222
63547,1825.0005106642222
63548,1825.0005106642222
63549,1825.0005106642222
63550,1825.0005106642222
63551,1825.0005106642222
63552,1825.0005106642222
63553,1825.0005106642222
63554,1825.0005106642222
63555,1825.0005106642222
63556,1825.0005106642222
63557,1825.0005106642222
63558,1825.0005106642222
63559,1825.0005106642222
63560,1825.0005106642222
63561,1825.0005106642222
63562,1825.0005106642222
63563,1825.0005106642222
63564,1825.0005106642222
63565,1825.0005106642222
63566,1825.0005106642222
63567,1825.0005106642222
63568,1825.0005106642222
63569,1825.0005106642222
63570,1825.0005106642222
63571,1825.0005106642222
63572,1825.0005106642222
63573,1825.0005106642222
63574,1825.0005106642222
63575,1825.0005106642222
63576,1825.0005106642222
63577,1825.0005106642222
63578,1825.0005106642222
63579,1825.0005106642222
63580,1825.0005106642222
63581,1825.0005106642222
63582,1825.0005106642222
63583,1825.0005106642222
63584,1825.0005106642222
63585,1825.0005106642222
63586,1825.0005106642222
63587,1825.0005106642222
63588,1825.0005106642222
63589,1825.0005106642222
63590,1825.0005106642222
63591,1825.0005106642222
63592,1825.0005106642222
63593,1825.0005106642222
63594,1825.0005106642222
63595,1825.0005106642222
63596,1825.0005106642222
63597,1825.0005106642222
63598,1825.0005106642222
63599,1825.0005106642222
63600,1825.0005106642222
63601,1825.0005106642222
63602,1825.0005106642222
63603,1825.0005106642222
63604,1825.0005106642222
63605,1825.0005106642222
63606,1825.0005106642222
63607,1825.0005106642222
63608,1825.0005106642222
63609,1825.0005106642222
63610,1825.0005106642222
63611,1825.0005106642222
63612,1825.0005106642222
63613,1825.0005106642222
63614,1825.0005106642222
63615,1825.0005106642222
63616,1825.0005106642222
63617,1825.0005106642222
63618,1825.0005106642222
63619,1825.0005106642222
63620,1825.0005106642222
63621,1825.0005106642222
63622,1825.0005106642222
63623,1825.0005106642222
63624,1825.0005106642222
63625,1825.0005106642222
63626,1825.0005106642222
63627,1825.0005106642222
63628,1825.0005106642222
63629,1825.0005106642222
63630,1825.0005106642222
63631,1825.0005106642222
63632,1825.0005106642222
63633,1825.0005106642222
63634,1825.0005106642222
63635,1825.0005106642222
63636,1825.0005106642222
63637,1825.0005106642222
63638,1825.0005106642222
63639,1825.0005106642222
63640,1825.0005106642222
63641,1825.0005106642222
63642,1825.0005106642222
63643,1825.0005106642222
63644,1825.0005106642222
63645,1825.0005106642222
63646,1825.0005106642222
63647,1825.0005106642222
63648,1825.0005106642222
63649,1825.0005106642222
63650,1825.0005106642222
63651,1825.0005106642222
63652,1825.0005106642222
63653,1825.0005106642222
63654,1825.0005106642222
63655,1825.0005106642222
63656,1825.0005106642222
63657,1825.0005106642222
63658,1825.0005106642222
63659,1825.0005106642222
63660,1825.0005106642222
63661,1825.0005106642222
63662,1825.0005106642222
63663,1825.0005106642222
63664,1825.0005106642222
63665,1825.0005106642222
63666,1825.0005106642222
63667,1825.0005106642222
63668,1825.0005106642222
63669,1825.0005106642222
63670,1825.0005106642222
63671,1825.0005106642222
63672,1825.0005106642222
63673,1825.0005106642222
63674,1825.0005106642222
63675,1825.0005106642222
63676,1825.0005106642222
63677,1825.0005106642222
63678,1825.0005106642222
63679,1825.0005106642222
63680,1825.0005106642222
63681,1825.0005106642222
63682,1825.0005106642222
63683,1825.0005106642222
63684,1825.0005106642222
63685,1825.0005106642222
63686,1825.0005106642222
63687,1825.0005106642222
63688,1825.0005106642222
63689,1825.0005106642222
63690,1825.0005106642222
63691,1825.0005106642222
63692,1825.0005106642222
63693,1825.0005106642222
63694,1825.0005106642222
63695,1825.0005106642222
63696,1825.0005106642222
63697,1825.0005106642222
63698,1825.0005106642222
63699,1825.0005106642222
63700,1825.0005106642222
63701,1825.0005106642222
63702,1825.0005106642222
63703,1825.0005106642222
63704,1825.0005106642222
63705,1825.0005106642222
63706,1825.0005106642222
63707,1825.0005106642222
63708,1825.0005106642222
63709,1825.0005106642222
63710,1825.0005106642222
63711,1825.0005106642222
63712,1825.0005106642222
63713,1825.0005106642222
63714,1825.0005106642222
63715,1825.0005106642222
63716,1825.0005106642222
63717,1825.0005106642222
63718,1825.0005106642222
63719,1825.0005106642222
63720,1825.0005106642222
63721,1825.0005106642222
63722,1825.0005106642222
63723,1825.0005106642222
63724,1825.0005106642222
63725,1825.0005106642222
63726,1825.0005106642222
63727,1825.0005106642222
63728,1825.0005106642222
63729,1825.0005106642222
63730,1825.0005106642222
63731,1825.0005106642222
63732,1825.0005106642222
63733,1825.0005106642222
63734,1825.0005106642222
63735,1825.0005106642222
63736,1825.0005106642222
63737,1825.0005106642222
63738,1825.0005106642222
63739,1825.0005106642222
63740,1825.0005106642222
63741,1825.0005106642222
63742,1825.0005106642222
63743,1825.0005106642222
63744,1825.0005106642222
63745,1825.0005106642222
63746,1825.0005106642222
63747,1825.0005106642222
63748,1825.0005106642222
63749,1825.0005106642222
63750,1825.0005106642222
63751,1825.0005106642222
63752,1825.0005106642222
63753,1825.0005106642222
63754,1825.0005106642222
63755,1825.0005106642222
63756,1825.0005106642222
63757,1825.0005106642222
63758,1825.0005106642222
63759,1825.0005106642222
63760,1825.0005106642222
63761,1825.0005106642222
63762,1825.0005106642222
63763,1825.0005106642222
63764,1825.0005106642222
63765,1825.0005106642222
63766,1825.0005106642222
63767,1825.0005106642222
63768,1825.0005106642222
63769,1825.0005106642222
63770,1825.0005106642222
63771,1825.0005106642222
63772,1825.0005106642222
63773,1825.0005106642222
63774,1825.0005106642222
63775,1825.0005106642222
63776,1825.0005106642222
63777,1825.0005106642222
63778,1825.0005106642222
63779,1825.0005106642222
63780,1825.0005106642222
63781,1825.0005106642222
63782,1825.0005106642222
63783,1825.0005106642222
63784,1825.0005106642222
63785,1825.0005106642222
63786,1825.0005106642222
63787,1825.0005106642222
63788,1825.0005106642222
63789,1825.0005106642222
63790,1825.0005106642222
63791,1825.0005106642222
63792,1825.0005106642222
63793,1825.0005106642222
63794,1825.0005106642222
63795,1825.0005106642222
63796,1825.0005106642222
63797,1825.0005106642222
63798,1825.0005106642222
63799,1825.0005106642222
63800,1825.0005106642222
63801,1825.0005106642222
63802,1825.0005106642222
63803,1825.0005106642222
63804,1825.0005106642222
63805,1825.0005106642222
63806,1825.0005106642222
63807,1825.0005106642222
63808,1825.0005106642222
63809,1825.0005106642222
63810,1825.0005106642222
63811,1825.0005106642222
63812,1825.0005106642222
63813,1825.0005106642222
63814,1825.0005106642222
63815,1825.0005106642222
63816,1825.0005106642222
63817,1825.0005106642222
63818,1825.0005106642222
63819,1825.0005106642222
63820,1825.0005106642222
63821,1825.0005106642222
63822,1825.0005106642222
63823,1825.0005106642222
63824,1825.0005106642222
63825,1825.0005106642222
63826,1825.0005106642222
63827,1825.0005106642222
63828,1825.0005106642222
63829,1825.0005106642222
63830,1825.0005106642222
63831,1825.0005106642222
63832,1825.0005106642222
63833,1825.0005106642222
63834,1825.0005106642222
63835,1825.0005106642222
63836,1825.0005106642222
63837,1825.0005106642222
63838,1825.0005106642222
63839,1825.0005106642222
63840,1825.0005106642222
63841,1825.0005106642222
63842,1825.0005106642222
63843,1825.0005106642222
63844,1825.0005106642222
63845,1825.0005106642222
63846,1825.0005106642222
63847,1825.0005106642222
63848,1825.0005106642222
63849,1825.0005106642222
63850,1825.0005106642222
63851,1825.0005106642222
63852,1825.0005106642222
63853,1825.0005106642222
63854,1825.0005106642222
63855,1825.0005106642222
63856,1825.0005106642222
63857,1825.0005106642222
63858,1825.0005106642222
63859,1825.0005106642222
63860,1825.0005106642222
63861,1825.0005106642222
63862,1825.0005106642222
63863,1825.0005106642222
63864,1825.0005106642222
63865,1825.0005106642222
63866,1825.0005106642222
63867,1825.0005106642222
63868,1825.0005106642222
63869,1825.0005106642222
63870,1825.0005106642222
63871,1825.0005106642222
63872,1825.0005106642222
63873,1825.0005106642222
63874,1825.0005106642222
63875,1825.0005106642222
63876,1825.0005106642222
63877,1825.0005106642222
63878,1825.0005106642222
63879,1825.0005106642222
63880,1825.0005106642222
63881,1825.0005106642222
63882,1825.0005106642222
63883,1825.0005106642222
63884,1825.0005106642222
63885,1825.0005106642222
63886,1825.0005106642222
63887,1825.0005106642222
63888,1825.0005106642222
63889,1825.0005106642222
63890,1825.0005106642222
63891,1825.0005106642222
63892,1825.0005106642222
63893,1825.0005106642222
63894,1825.0005106642222
63895,1825.0005106642222
63896,1825.0005106642222
63897,1825.0005106642222
63898,1825.0005106642222
63899,1825.0005106642222
63900,1825.0005106642222
63901,1825.0005106642222
63902,1825.0005106642222
63903,1825.0005106642222
63904,1825.0005106642222
63905,1825.0005106642222
63906,1825.0005106642222
63907,1825.0005106642222
63908,1825.0005106642222
63909,1825.0005106642222
63910,1825.0005106642222
63911,1825.0005106642222
63912,1825.0005106642222
63913,1825.0005106642222
63914,1825.0005106642222
63915,1825.0005106642222
63916,1825.0005106642222
63917,1825.0005106642222
63918,1825.0005106642222
63919,1825.0005106642222
63920,1825.0005106642222
63921,1825.0005106642222
63922,1825.0005106642222
63923,1825.0005106642222
63924,1825.0005106642222
63925,1825.0005106642222
63926,1825.0005106642222
63927,1825.0005106642222
63928,1825.0005106642222
63929,1825.0005106642222
63930,1825.0005106642222
63931,1825.0005106642222
63932,1825.0005106642222
63933,1825.0005106642222
63934,1825.0005106642222
63935,1825.0005106642222
63936,1825.0005106642222
63937,1825.0005106642222
63938,1825.0005106642222
63939,1825.0005106642222
63940,1825.0005106642222
63941,1825.0005106642222
63942,1825.0005106642222
63943,1825.0005106642222
63944,1825.0005106642222
63945,1825.0005106642222
63946,1825.0005106642222
63947,1825.0005106642222
63948,1825.0005106642222
63949,1825.0005106642222
63950,1825.0005106642222
63951,1825.0005106642222
63952,1825.0005106642222
63953,1825.0005106642222
63954,1825.0005106642222
63955,1825.0005106642222
63956,1825.0005106642222
63957,1825.0005106642222
63958,1825.0005106642222
63959,1825.0005106642222
63960,1825.0005106642222
63961,1825.0005106642222
63962,1825.0005106642222
63963,1825.0005106642222
63964,1825.0005106642222
63965,1825.0005106642222
63966,1825.0005106642222
63967,1825.0005106642222
63968,1825.0005106642222
63969,1825.0005106642222
63970,1825.0005106642222
63971,1825.0005106642222
63972,1825.0005106642222
63973,1825.0005106642222
63974,1825.0005106642222
63975,1825.0005106642222
63976,1825.0005106642222
63977,1825.0005106642222
63978,1825.0005106642222
63979,1825.0005106642222
63980,1825.0005106642222
63981,1825.0005106642222
63982,1825.0005106642222
63983,1825.0005106642222
63984,1825.0005106642222
63985,1825.0005106642222
63986,1825.0005106642222
63987,1825.0005106642222
63988,1825.0005106642222
63989,1825.0005106642222
63990,1825.0005106642222
63991,1825.0005106642222
63992,1825.0005106642222
63993,1825.0005106642222
63994,1825.0005106642222
63995,1825.0005106642222
63996,1825.0005106642222
63997,1825.0005106642222
63998,1825.0005106642222
63999,1825.0005106642222
64000,1825.0005106642222
64001,1825.0005106642222
64002,1825.0005106642222
64003,1825.0005106642222
64004,1825.0005106642222
64005,1825.0005106642222
64006,1825.0005106642222
64007,1825.0005106642222
64008,1825.0005106642222
64009,1825.0005106642222
64010,1825.0005106642222
64011,1825.0005106642222
64012,1825.0005106642222
64013,1825.0005106642222
64014,1825.0005106642222
64015,1825.0005106642222
64016,1825.0005106642222
64017,1825.0005106642222
64018,1825.0005106642222
64019,1825.0005106642222
64020,1825.0005106642222
64021,1825.0005106642222
64022,1825.0005106642222
64023,1825.0005106642222
64024,1825.0005106642222
64025,1825.0005106642222
64026,1825.0005106642222
64027,1825.0005106642222
64028,1825.0005106642222
64029,1825.0005106642222
64030,1825.0005106642222
64031,1825.0005106642222
64032,1825.0005106642222
64033,1825.0005106642222
64034,1825.0005106642222
64035,1825.0005106642222
64036,1825.0005106642222
64037,1825.0005106642222
64038,1825.0005106642222
64039,1825.0005106642222
64040,1825.0005106642222
64041,1825.0005106642222
64042,1825.0005106642222
64043,1825.0005106642222
64044,1825.0005106642222
64045,1825.0005106642222
64046,1825.0005106642222
64047,1825.0005106642222
64048,1825.0005106642222
64049,1825.0005106642222
64050,1825.0005106642222
64051,1825.0005106642222
64052,1825.0005106642222
64053,1825.0005106642222
64054,1825.0005106642222
64055,1825.0005106642222
64056,1825.0005106642222
64057,1825.0005106642222
64058,1825.0005106642222
64059,1825.0005106642222
64060,1825.0005106642222
64061,1825.0005106642222
64062,1825.0005106642222
64063,1825.0005106642222
64064,1825.0005106642222
64065,1825.0005106642222
64066,1825.0005106642222
64067,1825.0005106642222
64068,1825.0005106642222
64069,1825.0005106642222
64070,1825.0005106642222
64071,1825.0005106642222
64072,1825.0005106642222
64073,1825.0005106642222
64074,1825.0005106642222
64075,1825.0005106642222
64076,1825.0005106642222
64077,1825.0005106642222
64078,1825.0005106642222
64079,1825.0005106642222
64080,1825.0005106642222
64081,1825.0005106642222
64082,1825.0005106642222
64083,1825.0005106642222
64084,1825.0005106642222
64085,1825.0005106642222
64086,1825.0005106642222
64087,1825.0005106642222
64088,1825.0005106642222
64089,1825.0005106642222
64090,1825.0005106642222
64091,1825.0005106642222
64092,1825.0005106642222
64093,1825.0005106642222
64094,1825.0005106642222
64095,1825.0005106642222
64096,1825.0005106642222
64097,1825.0005106642222
64098,1825.0005106642222
64099,1825.0005106642222
64100,1825.0005106642222
64101,1825.0005106642222
64102,1825.0005106642222
64103,1825.0005106642222
64104,1825.0005106642222
64105,1825.0005106642222
64106,1825.0005106642222
64107,1825.0005106642222
64108,1825.0005106642222
64109,1825.0005106642222
64110,1825.0005106642222
64111,1825.0005106642222
64112,1825.0005106642222
64113,1825.0005106642222
64114,1825.0005106642222
64115,1825.0005106642222
64116,1825.0005106642222
64117,1825.0005106642222
64118,1825.0005106642222
64119,1825.0005106642222
64120,1825.0005106642222
64121,1825.0005106642222
64122,1825.0005106642222
64123,1825.0005106642222
64124,1825.0005106642222
64125,1825.0005106642222
64126,1825.0005106642222
64127,1825.0005106642222
64128,1825.0005106642222
64129,1825.0005106642222
64130,1825.0005106642222
64131,1825.0005106642222
64132,1825.0005106642222
64133,1825.0005106642222
64134,1825.0005106642222
64135,1825.0005106642222
64136,1825.0005106642222
64137,1825.0005106642222
64138,1825.0005106642222
64139,1825.0005106642222
64140,1825.0005106642222
64141,1825.0005106642222
64142,1825.0005106642222
64143,1825.0005106642222
64144,1825.0005106642222
64145,1825.0005106642222
64146,1825.0005106642222
64147,1825.0005106642222
64148,1825.0005106642222
64149,1825.0005106642222
64150,1825.0005106642222
64151,1825.0005106642222
64152,1825.0005106642222
64153,1825.0005106642222
64154,1825.0005106642222
64155,1825.0005106642222
64156,1825.0005106642222
64157,1825.0005106642222
64158,1825.0005106642222
64159,1825.0005106642222
64160,1825.0005106642222
64161,1825.0005106642222
64162,1825.0005106642222
64163,1825.0005106642222
64164,1825.0005106642222
64165,1825.0005106642222
64166,1825.0005106642222
64167,1825.0005106642222
64168,1825.0005106642222
64169,1825.0005106642222
64170,1825.0005106642222
64171,1825.0005106642222
64172,1825.0005106642222
64173,1825.0005106642222
64174,1825.0005106642222
64175,1825.0005106642222
64176,1825.0005106642222
64177,1825.0005106642222
64178,1825.0005106642222
64179,1825.0005106642222
64180,1825.0005106642222
64181,1825.0005106642222
64182,1825.0005106642222
64183,1825.0005106642222
64184,1825.0005106642222
64185,1825.0005106642222
64186,1825.0005106642222
64187,1825.0005106642222
64188,1825.0005106642222
64189,1825.0005106642222
64190,1825.0005106642222
64191,1825.0005106642222
64192,1825.0005106642222
64193,1825.0005106642222
64194,1825.0005106642222
64195,1825.0005106642222
64196,1825.0005106642222
64197,1825.0005106642222
64198,1825.0005106642222
64199,1825.0005106642222
64200,1825.0005106642222
64201,1825.0005106642222
64202,1825.0005106642222
64203,1825.0005106642222
64204,1825.0005106642222
64205,1825.0005106642222
64206,1825.0005106642222
64207,1825.0005106642222
64208,1825.0005106642222
64209,1825.0005106642222
64210,1825.0005106642222
64211,1825.0005106642222
64212,1825.0005106642222
64213,1825.0005106642222
64214,1825.0005106642222
64215,1825.0005106642222
64216,1825.0005106642222
64217,1825.0005106642222
64218,1825.0005106642222
64219,1825.0005106642222
64220,1825.0005106642222
64221,1825.0005106642222
64222,1825.0005106642222
64223,1825.0005106642222
64224,1825.0005106642222
64225,1825.0005106642222
64226,1825.0005106642222
64227,1825.0005106642222
64228,1825.0005106642222
64229,1825.0005106642222
64230,1825.0005106642222
64231,1825.0005106642222
64232,1825.0005106642222
64233,1825.0005106642222
64234,1825.0005106642222
64235,1825.0005106642222
64236,1825.0005106642222
64237,1825.0005106642222
64238,1825.0005106642222
64239,1825.0005106642222
64240,1825.0005106642222
64241,1825.0005106642222
64242,1825.0005106642222
64243,1825.0005106642222
64244,1825.0005106642222
64245,1825.0005106642222
64246,1825.0005106642222
64247,1825.0005106642222
64248,1825.0005106642222
64249,1825.0005106642222
64250,1825.0005106642222
64251,1825.0005106642222
64252,1825.0005106642222
64253,1825.0005106642222
64254,1825.0005106642222
64255,1825.0005106642222
64256,1825.0005106642222
64257,1825.0005106642222
64258,1825.0005106642222
64259,1825.0005106642222
64260,1825.0005106642222
64261,1825.0005106642222
64262,1825.0005106642222
64263,1825.0005106642222
64264,1825.0005106642222
64265,1825.0005106642222
64266,1825.0005106642222
64267,1825.0005106642222
64268,1825.0005106642222
64269,1825.0005106642222
64270,1825.0005106642222
64271,1825.0005106642222
64272,1825.0005106642222
64273,1825.0005106642222
64274,1825.0005106642222
64275,1825.0005106642222
64276,1825.0005106642222
64277,1825.0005106642222
64278,1825.0005106642222
64279,1825.0005106642222
64280,1825.0005106642222
64281,1825.0005106642222
64282,1825.0005106642222
64283,1825.0005106642222
64284,1825.0005106642222
64285,1825.0005106642222
64286,1825.0005106642222
64287,1825.0005106642222
64288,1825.0005106642222
64289,1825.0005106642222
64290,1825.0005106642222
64291,1825.0005106642222
64292,1825.0005106642222
64293,1825.0005106642222
64294,1825.0005106642222
64295,1825.0005106642222
64296,1825.0005106642222
64297,1825.0005106642222
64298,1825.0005106642222
64299,1825.0005106642222
64300,1825.0005106642222
64301,1825.0005106642222
64302,1825.0005106642222
64303,1825.0005106642222
64304,1825.0005106642222
64305,1825.0005106642222
64306,1825.0005106642222
64307,1825.0005106642222
64308,1825.0005106642222
64309,1825.0005106642222
64310,1825.0005106642222
64311,1825.0005106642222
64312,1825.0005106642222
64313,1825.0005106642222
64314,1825.0005106642222
64315,1825.0005106642222
64316,1825.0005106642222
64317,1825.0005106642222
64318,1825.0005106642222
64319,1825.0005106642222
64320,1825.0005106642222
64321,1825.0005106642222
64322,1825.0005106642222
64323,1825.0005106642222
64324,1825.0005106642222
64325,1825.0005106642222
64326,1825.0005106642222
64327,1825.0005106642222
64328,1825.0005106642222
64329,1825.0005106642222
64330,1825.0005106642222
64331,1825.0005106642222
64332,1825.0005106642222
64333,1825.0005106642222
64334,1825.0005106642222
64335,1825.0005106642222
64336,1825.0005106642222
64337,1825.0005106642222
64338,1825.0005106642222
64339,1825.0005106642222
64340,1825.0005106642222
64341,1825.0005106642222
64342,1825.0005106642222
64343,1825.0005106642222
64344,1825.0005106642222
64345,1825.0005106642222
64346,1825.0005106642222
64347,1825.0005106642222
64348,1825.0005106642222
64349,1825.0005106642222
64350,1825.0005106642222
64351,1825.0005106642222
64352,1825.0005106642222
64353,1825.0005106642222
64354,1825.0005106642222
64355,1825.0005106642222
64356,1825.0005106642222
64357,1825.0005106642222
64358,1825.0005106642222
64359,1825.0005106642222
64360,1825.0005106642222
64361,1825.0005106642222
64362,1825.0005106642222
64363,1825.0005106642222
64364,1825.0005106642222
64365,1825.0005106642222
64366,1825.0005106642222
64367,1825.0005106642222
64368,1825.0005106642222
64369,1825.0005106642222
64370,1825.0005106642222
64371,1825.0005106642222
64372,1825.0005106642222
64373,1825.0005106642222
64374,1825.0005106642222
64375,1825.0005106642222
64376,1825.0005106642222
64377,1825.0005106642222
64378,1825.0005106642222
64379,1825.0005106642222
64380,1825.0005106642222
64381,1825.0005106642222
64382,1825.0005106642222
64383,1825.0005106642222
64384,1825.0005106642222
64385,1825.0005106642222
64386,1825.0005106642222
64387,1825.0005106642222
64388,1825.0005106642222
64389,1825.0005106642222
64390,1825.0005106642222
64391,1825.0005106642222
64392,1825.0005106642222
64393,1825.0005106642222
64394,1825.0005106642222
64395,1825.0005106642222
64396,1825.0005106642222
64397,1825.0005106642222
64398,1825.0005106642222
64399,1825.0005106642222
64400,1825.0005106642222
64401,1825.0005106642222
64402,1825.0005106642222
64403,1825.0005106642222
64404,1825.0005106642222
64405,1825.0005106642222
64406,1825.0005106642222
64407,1825.0005106642222
64408,1825.0005106642222
64409,1825.0005106642222
64410,1825.0005106642222
64411,1825.0005106642222
64412,1825.0005106642222
64413,1825.0005106642222
64414,1825.0005106642222
64415,1825.0005106642222
64416,1825.0005106642222
64417,1825.0005106642222
64418,1825.0005106642222
64419,1825.0005106642222
64420,1825.0005106642222
64421,1825.0005106642222
64422,1825.0005106642222
64423,1825.0005106642222
64424,1825.0005106642222
64425,1825.0005106642222
64426,1825.0005106642222
64427,1825.0005106642222
64428,1825.0005106642222
64429,1825.0005106642222
64430,1825.0005106642222
64431,1825.0005106642222
64432,1825.0005106642222
64433,1825.0005106642222
64434,1825.0005106642222
64435,1825.0005106642222
64436,1825.0005106642222
64437,1825.0005106642222
64438,1825.0005106642222
64439,1825.0005106642222
64440,1825.0005106642222
64441,1825.0005106642222
64442,1825.0005106642222
64443,1825.0005106642222
64444,1825.0005106642222
64445,1825.0005106642222
64446,1825.0005106642222
64447,1825.0005106642222
64448,1825.0005106642222
64449,1825.0005106642222
64450,1825.0005106642222
64451,1825.0005106642222
64452,1825.0005106642222
64453,1825.0005106642222
64454,1825.0005106642222
64455,1825.0005106642222
64456,1825.0005106642222
64457,1825.0005106642222
64458,1825.0005106642222
64459,1825.0005106642222
64460,1825.0005106642222
64461,1825.0005106642222
64462,1825.0005106642222
64463,1825.0005106642222
64464,1825.0005106642222
64465,1825.0005106642222
64466,1825.0005106642222
64467,1825.0005106642222
64468,1825.0005106642222
64469,1825.0005106642222
64470,1825.0005106642222
64471,1825.0005106642222
64472,1825.0005106642222
64473,1825.0005106642222
64474,1825.0005106642222
64475,1825.0005106642222
64476,1825.0005106642222
64477,1825.0005106642222
64478,1825.0005106642222
64479,1825.0005106642222
64480,1825.0005106642222
64481,1825.0005106642222
64482,1825.0005106642222
64483,1825.0005106642222
64484,1825.0005106642222
64485,1825.0005106642222
64486,1825.0005106642222
64487,1825.0005106642222
64488,1825.0005106642222
64489,1825.0005106642222
64490,1825.0005106642222
64491,1825.0005106642222
64492,1825.0005106642222
64493,1825.0005106642222
64494,1825.0005106642222
64495,1825.0005106642222
64496,1825.0005106642222
64497,1825.0005106642222
64498,1825.0005106642222
64499,1825.0005106642222
64500,1825.0005106642222
64501,1825.0005106642222
64502,1825.0005106642222
64503,1825.0005106642222
64504,1825.0005106642222
64505,1825.0005106642222
64506,1825.0005106642222
64507,1825.0005106642222
64508,1825.0005106642222
64509,1825.0005106642222
64510,1825.0005106642222
64511,1825.0005106642222
64512,1825.0005106642222
64513,1825.0005106642222
64514,1825.0005106642222
64515,1825.0005106642222
64516,1825.0005106642222
64517,1825.0005106642222
64518,1825.0005106642222
64519,1825.0005106642222
64520,1825.0005106642222
64521,1825.0005106642222
64522,1825.0005106642222
64523,1825.0005106642222
64524,1825.0005106642222
64525,1825.0005106642222
64526,1825.0005106642222
64527,1825.0005106642222
64528,1825.0005106642222
64529,1825.0005106642222
64530,1825.0005106642222
64531,1825.0005106642222
64532,1825.0005106642222
64533,1825.0005106642222
64534,1825.0005106642222
64535,1825.0005106642222
64536,1825.0005106642222
64537,1825.0005106642222
64538,1825.0005106642222
64539,1825.0005106642222
64540,1825.0005106642222
64541,1825.0005106642222
64542,1825.0005106642222
64543,1825.0005106642222
64544,1825.0005106642222
64545,1825.0005106642222
64546,1825.0005106642222
64547,1825.0005106642222
64548,1825.0005106642222
64549,1825.0005106642222
64550,1825.0005106642222
64551,1825.0005106642222
64552,1825.0005106642222
64553,1825.0005106642222
64554,1825.0005106642222
64555,1825.0005106642222
64556,1825.0005106642222
64557,1825.0005106642222
64558,1825.0005106642222
64559,1825.0005106642222
64560,1825.0005106642222
64561,1825.0005106642222
64562,1825.0005106642222
64563,1825.0005106642222
64564,1825.0005106642222
64565,1825.0005106642222
64566,1825.0005106642222
64567,1825.0005106642222
64568,1825.0005106642222
64569,1825.0005106642222
64570,1825.0005106642222
64571,1825.0005106642222
64572,1825.0005106642222
64573,1825.0005106642222
64574,1825.0005106642222
64575,1825.0005106642222
64576,1825.0005106642222
64577,1825.0005106642222
64578,1825.0005106642222
64579,1825.0005106642222
64580,1825.0005106642222
64581,1825.0005106642222
64582,1825.0005106642222
64583,1825.0005106642222
64584,1825.0005106642222
64585,1825.0005106642222
64586,1825.0005106642222
64587,1825.0005106642222
64588,1825.0005106642222
64589,1825.0005106642222
64590,1825.0005106642222
64591,1825.0005106642222
64592,1825.0005106642222
64593,1825.0005106642222
64594,1825.0005106642222
64595,1825.0005106642222
64596,1825.0005106642222
64597,1825.0005106642222
64598,1825.0005106642222
64599,1825.0005106642222
64600,1825.0005106642222
64601,1825.0005106642222
64602,1825.0005106642222
64603,1825.0005106642222
64604,1825.0005106642222
64605,1825.0005106642222
64606,1825.0005106642222
64607,1825.0005106642222
64608,1825.0005106642222
64609,1825.0005106642222
64610,1825.0005106642222
64611,1825.0005106642222
64612,1825.0005106642222
64613,1825.0005106642222
64614,1825.0005106642222
64615,1825.0005106642222
64616,1825.0005106642222
64617,1825.0005106642222
64618,1825.0005106642222
64619,1825.0005106642222
64620,1825.0005106642222
64621,1825.0005106642222
64622,1825.0005106642222
64623,1825.0005106642222
64624,1825.0005106642222
64625,1825.0005106642222
64626,1825.0005106642222
64627,1825.0005106642222
64628,1825.0005106642222
64629,1825.0005106642222
64630,1825.0005106642222
64631,1825.0005106642222
64632,1825.0005106642222
64633,1825.0005106642222
64634,1825.0005106642222
64635,1825.0005106642222
64636,1825.0005106642222
64637,1825.0005106642222
64638,1825.0005106642222
64639,1825.0005106642222
64640,1825.0005106642222
64641,1825.0005106642222
64642,1825.0005106642222
64643,1825.0005106642222
64644,1825.0005106642222
64645,1825.0005106642222
64646,1825.0005106642222
64647,1825.0005106642222
64648,1825.0005106642222
64649,1825.0005106642222
64650,1825.0005106642222
64651,1825.0005106642222
64652,1825.0005106642222
64653,1825.0005106642222
64654,1825.0005106642222
64655,1825.0005106642222
64656,1825.0005106642222
64657,1825.0005106642222
64658,1825.0005106642222
64659,1825.0005106642222
64660,1825.0005106642222
64661,1825.0005106642222
64662,1825.0005106642222
64663,1825.0005106642222
64664,1825.0005106642222
64665,1825.0005106642222
64666,1825.0005106642222
64667,1825.0005106642222
64668,1825.0005106642222
64669,1825.0005106642222
64670,1825.0005106642222
64671,1825.0005106642222
64672,1825.0005106642222
64673,1825.0005106642222
64674,1825.0005106642222
64675,1825.0005106642222
64676,1825.0005106642222
64677,1825.0005106642222
64678,1825.0005106642222
64679,1825.0005106642222
64680,1825.0005106642222
64681,1825.0005106642222
64682,1825.0005106642222
64683,1825.0005106642222
64684,1825.0005106642222
64685,1825.0005106642222
64686,1825.0005106642222
64687,1825.0005106642222
64688,1825.0005106642222
64689,1825.0005106642222
64690,1825.0005106642222
64691,1825.0005106642222
64692,1825.0005106642222
64693,1825.0005106642222
64694,1825.0005106642222
64695,1825.0005106642222
64696,1825.0005106642222
64697,1825.0005106642222
64698,1825.0005106642222
64699,1825.0005106642222
64700,1825.0005106642222
64701,1825.0005106642222
64702,1825.0005106642222
64703,1825.0005106642222
64704,1825.0005106642222
64705,1825.0005106642222
64706,1825.0005106642222
64707,1825.0005106642222
64708,1825.0005106642222
64709,1825.0005106642222
64710,1825.0005106642222
64711,1825.0005106642222
64712,1825.0005106642222
64713,1825.0005106642222
64714,1825.0005106642222
64715,1825.0005106642222
64716,1825.0005106642222
64717,1825.0005106642222
64718,1825.0005106642222
64719,1825.0005106642222
64720,1825.0005106642222
64721,1825.0005106642222
64722,1825.0005106642222
64723,1825.0005106642222
64724,1825.0005106642222
64725,1825.0005106642222
64726,1825.0005106642222
64727,1825.0005106642222
64728,1825.0005106642222
64729,1825.0005106642222
64730,1825.0005106642222
64731,1825.0005106642222
64732,1825.0005106642222
64733,1825.0005106642222
64734,1825.0005106642222
64735,1825.0005106642222
64736,1825.0005106642222
64737,1825.0005106642222
64738,1825.0005106642222
64739,1825.0005106642222
64740,1825.0005106642222
64741,1825.0005106642222
64742,1825.0005106642222
64743,1825.0005106642222
64744,1825.0005106642222
64745,1825.0005106642222
64746,1825.0005106642222
64747,1825.0005106642222
64748,1825.0005106642222
64749,1825.0005106642222
64750,1825.0005106642222
64751,1825.0005106642222
64752,1825.0005106642222
64753,1825.0005106642222
64754,1825.0005106642222
64755,1825.0005106642222
64756,1825.0005106642222
64757,1825.0005106642222
64758,1825.0005106642222
64759,1825.0005106642222
64760,1825.0005106642222
64761,1825.0005106642222
64762,1825.0005106642222
64763,1825.0005106642222
64764,1825.0005106642222
64765,1825.0005106642222
64766,1825.0005106642222
64767,1825.0005106642222
64768,1825.0005106642222
64769,1825.0005106642222
64770,1825.0005106642222
64771,1825.0005106642222
64772,1825.0005106642222
64773,1825.0005106642222
64774,1825.0005106642222
64775,1825.0005106642222
64776,1825.0005106642222
64777,1825.0005106642222
64778,1825.0005106642222
64779,1825.0005106642222
64780,1825.0005106642222
64781,1825.0005106642222
64782,1825.0005106642222
64783,1825.0005106642222
64784,1825.0005106642222
64785,1825.0005106642222
64786,1825.0005106642222
64787,1825.0005106642222
64788,1825.0005106642222
64789,1825.0005106642222
64790,1825.0005106642222
64791,1825.0005106642222
64792,1825.0005106642222
64793,1825.0005106642222
64794,1825.0005106642222
64795,1825.0005106642222
64796,1825.0005106642222
64797,1825.0005106642222
64798,1825.0005106642222
64799,1825.0005106642222
64800,1825.0005106642222
64801,1825.0005106642222
64802,1825.0005106642222
64803,1825.0005106642222
64804,1825.0005106642222
64805,1825.0005106642222
64806,1825.0005106642222
64807,1825.0005106642222
64808,1825.0005106642222
64809,1825.0005106642222
64810,1825.0005106642222
64811,1825.0005106642222
64812,1825.0005106642222
64813,1825.0005106642222
64814,1825.0005106642222
64815,1825.0005106642222
64816,1825.0005106642222
64817,1825.0005106642222
64818,1825.0005106642222
64819,1825.0005106642222
64820,1825.0005106642222
64821,1825.0005106642222
64822,1825.0005106642222
64823,1825.0005106642222
64824,1825.0005106642222
64825,1825.0005106642222
64826,1825.0005106642222
64827,1825.0005106642222
64828,1825.0005106642222
64829,1825.0005106642222
64830,1825.0005106642222
64831,1825.0005106642222
64832,1825.0005106642222
64833,1825.0005106642222
64834,1825.0005106642222
64835,1825.0005106642222
64836,1825.0005106642222
64837,1825.0005106642222
64838,1825.0005106642222
64839,1825.0005106642222
64840,1825.0005106642222
64841,1825.0005106642222
64842,1825.0005106642222
64843,1825.0005106642222
64844,1825.0005106642222
64845,1825.0005106642222
64846,1825.0005106642222
64847,1825.0005106642222
64848,1825.0005106642222
64849,1825.0005106642222
64850,1825.0005106642222
64851,1825.0005106642222
64852,1825.0005106642222
64853,1825.0005106642222
64854,1825.0005106642222
64855,1825.0005106642222
64856,1825.0005106642222
64857,1825.0005106642222
64858,1825.0005106642222
64859,1825.0005106642222
64860,1825.0005106642222
64861,1825.0005106642222
64862,1825.0005106642222
64863,1825.0005106642222
64864,1825.0005106642222
64865,1825.0005106642222
64866,1825.0005106642222
64867,1825.0005106642222
64868,1825.0005106642222
64869,1825.0005106642222
64870,1825.0005106642222
64871,1825.0005106642222
64872,1825.0005106642222
64873,1825.0005106642222
64874,1825.0005106642222
64875,1825.0005106642222
64876,1825.0005106642222
64877,1825.0005106642222
64878,1825.0005106642222
64879,1825.0005106642222
64880,1825.0005106642222
64881,1825.0005106642222
64882,1825.0005106642222
64883,1825.0005106642222
64884,1825.0005106642222
64885,1825.0005106642222
64886,1825.0005106642222
64887,1825.0005106642222
64888,1825.0005106642222
64889,1825.0005106642222
64890,1825.0005106642222
64891,1825.0005106642222
64892,1825.0005106642222
64893,1825.0005106642222
64894,1825.0005106642222
64895,1825.0005106642222
64896,1825.0005106642222
64897,1825.0005106642222
64898,1825.0005106642222
64899,1825.0005106642222
64900,1825.0005106642222
64901,1825.0005106642222
64902,1825.0005106642222
64903,1825.0005106642222
64904,1825.0005106642222
64905,1825.0005106642222
64906,1825.0005106642222
64907,1825.0005106642222
64908,1825.0005106642222
64909,1825.0005106642222
64910,1825.0005106642222
64911,1825.0005106642222
64912,1825.0005106642222
64913,1825.0005106642222
64914,1825.0005106642222
64915,1825.0005106642222
64916,1825.0005106642222
64917,1825.0005106642222
64918,1825.0005106642222
64919,1825.0005106642222
64920,1825.0005106642222
64921,1825.0005106642222
64922,1825.0005106642222
64923,1825.0005106642222
64924,1825.0005106642222
64925,1825.0005106642222
64926,1825.0005106642222
64927,1825.0005106642222
64928,1825.0005106642222
64929,1825.0005106642222
64930,1825.0005106642222
64931,1825.0005106642222
64932,1825.0005106642222
64933,1825.0005106642222
64934,1825.0005106642222
64935,1825.0005106642222
64936,1825.0005106642222
64937,1825.0005106642222
64938,1825.0005106642222
64939,1825.0005106642222
64940,1825.0005106642222
64941,1825.0005106642222
64942,1825.0005106642222
64943,1825.0005106642222
64944,1825.0005106642222
64945,1825.0005106642222
64946,1825.0005106642222
64947,1825.0005106642222
64948,1825.0005106642222
64949,1825.0005106642222
64950,1825.0005106642222
64951,1825.0005106642222
64952,1825.0005106642222
64953,1825.0005106642222
64954,1825.0005106642222
64955,1825.0005106642222
64956,1825.0005106642222
64957,1825.0005106642222
64958,1825.0005106642222
64959,1825.0005106642222
64960,1825.0005106642222
64961,1825.0005106642222
64962,1825.0005106642222
64963,1825.0005106642222
64964,1825.0005106642222
64965,1825.0005106642222
64966,1825.0005106642222
64967,1825.0005106642222
64968,1825.0005106642222
64969,1825.0005106642222
64970,1825.0005106642222
64971,1825.0005106642222
64972,1825.0005106642222
64973,1825.0005106642222
64974,1825.0005106642222
64975,1825.0005106642222
64976,1825.0005106642222
64977,1825.0005106642222
64978,1825.0005106642222
64979,1825.0005106642222
64980,1825.0005106642222
64981,1825.0005106642222
64982,1825.0005106642222
64983,1825.0005106642222
64984,1825.0005106642222
64985,1825.0005106642222
64986,1825.0005106642222
64987,1825.0005106642222
64988,1825.0005106642222
64989,1825.0005106642222
64990,1825.0005106642222
64991,1825.0005106642222
64992,1825.0005106642222
64993,1825.0005106642222
64994,1825.0005106642222
64995,1825.0005106642222
64996,1825.0005106642222
64997,1825.0005106642222
64998,1825.0005106642222
64999,1825.0005106642222
65000,1825.0005106642222
65001,1825.0005106642222
65002,1825.0005106642222
65003,1825.0005106642222
65004,1825.0005106642222
65005,1825.0005106642222
65006,1825.0005106642222
65007,1825.0005106642222
65008,1825.0005106642222
65009,1825.0005106642222
65010,1825.0005106642222
65011,1825.0005106642222
65012,1825.0005106642222
65013,1825.0005106642222
65014,1825.0005106642222
65015,1825.0005106642222
65016,1825.0005106642222
65017,1825.0005106642222
65018,1825.0005106642222
65019,1825.0005106642222
65020,1825.0005106642222
65021,1825.0005106642222
65022,1825.0005106642222
65023,1825.0005106642222
65024,1825.0005106642222
65025,1825.0005106642222
65026,1825.0005106642222
65027,1825.0005106642222
65028,1825.0005106642222
65029,1825.0005106642222
65030,1825.0005106642222
65031,1825.0005106642222
65032,1825.0005106642222
65033,1825.0005106642222
65034,1825.0005106642222
65035,1825.0005106642222
65036,1825.0005106642222
65037,1825.0005106642222
65038,1825.0005106642222
65039,1825.0005106642222
65040,1825.0005106642222
65041,1825.0005106642222
65042,1825.0005106642222
65043,1825.0005106642222
65044,1825.0005106642222
65045,1825.0005106642222
65046,1825.0005106642222
65047,1825.0005106642222
65048,1825.0005106642222
65049,1825.0005106642222
65050,1825.0005106642222
65051,1825.0005106642222
65052,1825.0005106642222
65053,1825.0005106642222
65054,1825.0005106642222
65055,1825.0005106642222
65056,1825.0005106642222
65057,1825.0005106642222
65058,1825.0005106642222
65059,1825.0005106642222
65060,1825.0005106642222
65061,1825.0005106642222
65062,1825.0005106642222
65063,1825.0005106642222
65064,1825.0005106642222
65065,1825.0005106642222
65066,1825.0005106642222
65067,1825.0005106642222
65068,1825.0005106642222
65069,1825.0005106642222
65070,1825.0005106642222
65071,1825.0005106642222
65072,1825.0005106642222
65073,1825.0005106642222
65074,1825.0005106642222
65075,1825.0005106642222
65076,1825.0005106642222
65077,1825.0005106642222
65078,1825.0005106642222
65079,1825.0005106642222
65080,1825.0005106642222
65081,1825.0005106642222
65082,1825.0005106642222
65083,1825.0005106642222
65084,1825.0005106642222
65085,1825.0005106642222
65086,1825.0005106642222
65087,1825.0005106642222
65088,1825.0005106642222
65089,1825.0005106642222
65090,1825.0005106642222
65091,1825.0005106642222
65092,1825.0005106642222
65093,1825.0005106642222
65094,1825.0005106642222
65095,1825.0005106642222
65096,1825.0005106642222
65097,1825.0005106642222
65098,1825.0005106642222
65099,1825.0005106642222
65100,1825.0005106642222
65101,1825.0005106642222
65102,1825.0005106642222
65103,1825.0005106642222
65104,1825.0005106642222
65105,1825.0005106642222
65106,1825.0005106642222
65107,1825.0005106642222
65108,1825.0005106642222
65109,1825.0005106642222
65110,1825.0005106642222
65111,1825.0005106642222
65112,1825.0005106642222
65113,1825.0005106642222
65114,1825.0005106642222
65115,1825.0005106642222
65116,1825.0005106642222
65117,1825.0005106642222
65118,1825.0005106642222
65119,1825.0005106642222
65120,1825.0005106642222
65121,1825.0005106642222
65122,1825.0005106642222
65123,1825.0005106642222
65124,1825.0005106642222
65125,1825.0005106642222
65126,1825.0005106642222
65127,1825.0005106642222
65128,1825.0005106642222
65129,1825.0005106642222
65130,1825.0005106642222
65131,1825.0005106642222
65132,1825.0005106642222
65133,1825.0005106642222
65134,1825.0005106642222
65135,1825.0005106642222
65136,1825.0005106642222
65137,1825.0005106642222
65138,1825.0005106642222
65139,1825.0005106642222
65140,1825.0005106642222
65141,1825.0005106642222
65142,1825.0005106642222
65143,1825.0005106642222
65144,1825.0005106642222
65145,1825.0005106642222
65146,1825.0005106642222
65147,1825.0005106642222
65148,1825.0005106642222
65149,1825.0005106642222
65150,1825.0005106642222
65151,1825.0005106642222
65152,1825.0005106642222
65153,1825.0005106642222
65154,1825.0005106642222
65155,1825.0005106642222
65156,1825.0005106642222
65157,1825.0005106642222
65158,1825.0005106642222
65159,1825.0005106642222
65160,1825.0005106642222
65161,1825.0005106642222
65162,1825.0005106642222
65163,1825.0005106642222
65164,1825.0005106642222
65165,1825.0005106642222
65166,1825.0005106642222
65167,1825.0005106642222
65168,1825.0005106642222
65169,1825.0005106642222
65170,1825.0005106642222
65171,1825.0005106642222
65172,1825.0005106642222
65173,1825.0005106642222
65174,1825.0005106642222
65175,1825.0005106642222
65176,1825.0005106642222
65177,1825.0005106642222
65178,1825.0005106642222
65179,1825.0005106642222
65180,1825.0005106642222
65181,1825.0005106642222
65182,1825.0005106642222
65183,1825.0005106642222
65184,1825.0005106642222
65185,1825.0005106642222
65186,1825.0005106642222
65187,1825.0005106642222
65188,1825.0005106642222
65189,1825.0005106642222
65190,1825.0005106642222
65191,1825.0005106642222
65192,1825.0005106642222
65193,1825.0005106642222
65194,1825.0005106642222
65195,1825.0005106642222
65196,1825.0005106642222
65197,1825.0005106642222
65198,1825.0005106642222
65199,1825.0005106642222
65200,1825.0005106642222
65201,1825.0005106642222
65202,1825.0005106642222
65203,1825.0005106642222
65204,1825.0005106642222
65205,1825.0005106642222
65206,1825.0005106642222
65207,1825.0005106642222
65208,1825.0005106642222
65209,1825.0005106642222
65210,1825.0005106642222
65211,1825.0005106642222
65212,1825.0005106642222
65213,1825.0005106642222
65214,1825.0005106642222
65215,1825.0005106642222
65216,1825.0005106642222
65217,1825.0005106642222
65218,1825.0005106642222
65219,1825.0005106642222
65220,1825.0005106642222
65221,1825.0005106642222
65222,1825.0005106642222
65223,1825.0005106642222
65224,1825.0005106642222
65225,1825.0005106642222
65226,1825.0005106642222
65227,1825.0005106642222
65228,1825.0005106642222
65229,1825.0005106642222
65230,1825.0005106642222
65231,1825.0005106642222
65232,1825.0005106642222
65233,1825.0005106642222
65234,1825.0005106642222
65235,1825.0005106642222
65236,1825.0005106642222
65237,1825.0005106642222
65238,1825.0005106642222
65239,1825.0005106642222
65240,1825.0005106642222
65241,1825.0005106642222
65242,1825.0005106642222
65243,1825.0005106642222
65244,1825.0005106642222
65245,1825.0005106642222
65246,1825.0005106642222
65247,1825.0005106642222
65248,1825.0005106642222
65249,1825.0005106642222
65250,1825.0005106642222
65251,1825.0005106642222
65252,1825.0005106642222
65253,1825.0005106642222
65254,1825.0005106642222
65255,1825.0005106642222
65256,1825.0005106642222
65257,1825.0005106642222
65258,1825.0005106642222
65259,1825.0005106642222
65260,1825.0005106642222
65261,1825.0005106642222
65262,1825.0005106642222
65263,1825.0005106642222
65264,1825.0005106642222
65265,1825.0005106642222
65266,1825.0005106642222
65267,1825.0005106642222
65268,1825.0005106642222
65269,1825.0005106642222
65270,1825.0005106642222
65271,1825.0005106642222
65272,1825.0005106642222
65273,1825.0005106642222
65274,1825.0005106642222
65275,1825.0005106642222
65276,1825.0005106642222
65277,1825.0005106642222
65278,1825.0005106642222
65279,1825.0005106642222
65280,1825.0005106642222
65281,1825.0005106642222
65282,1825.0005106642222
65283,1825.0005106642222
65284,1825.0005106642222
65285,1825.0005106642222
65286,1825.0005106642222
65287,1825.0005106642222
65288,1825.0005106642222
65289,1825.0005106642222
65290,1825.0005106642222
65291,1825.0005106642222
65292,1825.0005106642222
65293,1825.0005106642222
65294,1825.0005106642222
65295,1825.0005106642222
65296,1825.0005106642222
65297,1825.0005106642222
65298,1825.0005106642222
65299,1825.0005106642222
65300,1825.0005106642222
65301,1825.0005106642222
65302,1825.0005106642222
65303,1825.0005106642222
65304,1825.0005106642222
65305,1825.0005106642222
65306,1825.0005106642222
65307,1825.0005106642222
65308,1825.0005106642222
65309,1825.0005106642222
65310,1825.0005106642222
65311,1825.0005106642222
65312,1825.0005106642222
65313,1825.0005106642222
65314,1825.0005106642222
65315,1825.0005106642222
65316,1825.0005106642222
65317,1825.0005106642222
65318,1825.0005106642222
65319,1825.0005106642222
65320,1825.0005106642222
65321,1825.0005106642222
65322,1825.0005106642222
65323,1825.0005106642222
65324,1825.0005106642222
65325,1825.0005106642222
65326,1825.0005106642222
65327,1825.0005106642222
65328,1825.0005106642222
65329,1825.0005106642222
65330,1825.0005106642222
65331,1825.0005106642222
65332,1825.0005106642222
65333,1825.0005106642222
65334,1825.0005106642222
65335,1825.0005106642222
65336,1825.0005106642222
65337,1825.0005106642222
65338,1825.0005106642222
65339,1825.0005106642222
65340,1825.0005106642222
65341,1825.0005106642222
65342,1825.0005106642222
65343,1825.0005106642222
65344,1825.0005106642222
65345,1825.0005106642222
65346,1825.0005106642222
65347,1825.0005106642222
65348,1825.0005106642222
65349,1825.0005106642222
65350,1825.0005106642222
65351,1825.0005106642222
65352,1825.0005106642222
65353,1825.0005106642222
65354,1825.0005106642222
65355,1825.0005106642222
65356,1825.0005106642222
65357,1825.0005106642222
65358,1825.0005106642222
65359,1825.0005106642222
65360,1825.0005106642222
65361,1825.0005106642222
65362,1825.0005106642222
65363,1825.0005106642222
65364,1825.0005106642222
65365,1825.0005106642222
65366,1825.0005106642222
65367,1825.0005106642222
65368,1825.0005106642222
65369,1825.0005106642222
65370,1825.0005106642222
65371,1825.0005106642222
65372,1825.0005106642222
65373,1825.0005106642222
65374,1825.0005106642222
65375,1825.0005106642222
65376,1825.0005106642222
65377,1825.0005106642222
65378,1825.0005106642222
65379,1825.0005106642222
65380,1825.0005106642222
65381,1825.0005106642222
65382,1825.0005106642222
65383,1825.0005106642222
65384,1825.0005106642222
65385,1825.0005106642222
65386,1825.0005106642222
65387,1825.0005106642222
65388,1825.0005106642222
65389,1825.0005106642222
65390,1825.0005106642222
65391,1825.0005106642222
65392,1825.0005106642222
65393,1825.0005106642222
65394,1825.0005106642222
65395,1825.0005106642222
65396,1825.0005106642222
65397,1825.0005106642222
65398,1825.0005106642222
65399,1825.0005106642222
65400,1825.0005106642222
65401,1825.0005106642222
65402,1825.0005106642222
65403,1825.0005106642222
65404,1825.0005106642222
65405,1825.0005106642222
65406,1825.0005106642222
65407,1825.0005106642222
65408,1825.0005106642222
65409,1825.0005106642222
65410,1825.0005106642222
65411,1825.0005106642222
65412,1825.0005106642222
65413,1825.0005106642222
65414,1825.0005106642222
65415,1825.0005106642222
65416,1825.0005106642222
65417,1825.0005106642222
65418,1825.0005106642222
65419,1825.0005106642222
65420,1825.0005106642222
65421,1825.0005106642222
65422,1825.0005106642222
65423,1825.0005106642222
65424,1825.0005106642222
65425,1825.0005106642222
65426,1825.0005106642222
65427,1825.0005106642222
65428,1825.0005106642222
65429,1825.0005106642222
65430,1825.0005106642222
65431,1825.0005106642222
65432,1825.0005106642222
65433,1825.0005106642222
65434,1825.0005106642222
65435,1825.0005106642222
65436,1825.0005106642222
65437,1825.0005106642222
65438,1825.0005106642222
65439,1825.0005106642222
65440,1825.0005106642222
65441,1825.0005106642222
65442,1825.0005106642222
65443,1825.0005106642222
65444,1825.0005106642222
65445,1825.0005106642222
65446,1825.0005106642222
65447,1825.0005106642222
65448,1825.0005106642222
65449,1825.0005106642222
65450,1825.0005106642222
65451,1825.0005106642222
65452,1825.0005106642222
65453,1825.0005106642222
65454,1825.0005106642222
65455,1825.0005106642222
65456,1825.0005106642222
65457,1825.0005106642222
65458,1825.0005106642222
65459,1825.0005106642222
65460,1825.0005106642222
65461,1825.0005106642222
65462,1825.0005106642222
65463,1825.0005106642222
65464,1825.0005106642222
65465,1825.0005106642222
65466,1825.0005106642222
65467,1825.0005106642222
65468,1825.0005106642222
65469,1825.0005106642222
65470,1825.0005106642222
65471,1825.0005106642222
65472,1825.0005106642222
65473,1825.0005106642222
65474,1825.0005106642222
65475,1825.0005106642222
65476,1825.0005106642222
65477,1825.0005106642222
65478,1825.0005106642222
65479,1825.0005106642222
65480,1825.0005106642222
65481,1825.0005106642222
65482,1825.0005106642222
65483,1825.0005106642222
65484,1825.0005106642222
65485,1825.0005106642222
65486,1825.0005106642222
65487,1825.0005106642222
65488,1825.0005106642222
65489,1825.0005106642222
65490,1825.0005106642222
65491,1825.0005106642222
65492,1825.0005106642222
65493,1825.0005106642222
65494,1825.0005106642222
65495,1825.0005106642222
65496,1825.0005106642222
65497,1825.0005106642222
65498,1825.0005106642222
65499,1825.0005106642222
65500,1825.0005106642222
65501,1825.0005106642222
65502,1825.0005106642222
65503,1825.0005106642222
65504,1825.0005106642222
65505,1825.0005106642222
65506,1825.0005106642222
65507,1825.0005106642222
65508,1825.0005106642222
65509,1825.0005106642222
65510,1825.0005106642222
65511,1825.0005106642222
65512,1825.0005106642222
65513,1825.0005106642222
65514,1825.0005106642222
65515,1825.0005106642222
65516,1825.0005106642222
65517,1825.0005106642222
65518,1825.0005106642222
65519,1825.0005106642222
65520,1825.0005106642222
65521,1825.0005106642222
65522,1825.0005106642222
65523,1825.0005106642222
65524,1825.0005106642222
65525,1825.0005106642222
65526,1825.0005106642222
65527,1825.0005106642222
65528,1825.0005106642222
65529,1825.0005106642222
65530,1825.0005106642222
65531,1825.0005106642222
65532,1825.0005106642222
65533,1825.0005106642222
65534,1825.0005106642222
65535,1825.0005106642222
65536,1825.0005106642222
65537,1825.0005106642222
65538,1825.0005106642222
65539,1825.0005106642222
65540,1825.0005106642222
65541,1825.0005106642222
65542,1825.0005106642222
65543,1825.0005106642222
65544,1825.0005106642222
65545,1825.0005106642222
65546,1825.0005106642222
65547,1825.0005106642222
65548,1825.0005106642222
65549,1825.0005106642222
65550,1825.0005106642222
65551,1825.0005106642222
65552,1825.0005106642222
65553,1825.0005106642222
65554,1825.0005106642222
65555,1825.0005106642222
65556,1825.0005106642222
65557,1825.0005106642222
65558,1825.0005106642222
65559,1825.0005106642222
65560,1825.0005106642222
65561,1825.0005106642222
65562,1825.0005106642222
65563,1825.0005106642222
65564,1825.0005106642222
65565,1825.0005106642222
65566,1825.0005106642222
65567,1825.0005106642222
65568,1825.0005106642222
65569,1825.0005106642222
65570,1825.0005106642222
65571,1825.0005106642222
65572,1825.0005106642222
65573,1825.0005106642222
65574,1825.0005106642222
65575,1825.0005106642222
65576,1825.0005106642222
65577,1825.0005106642222
65578,1825.0005106642222
65579,1825.0005106642222
65580,1825.0005106642222
65581,1825.0005106642222
65582,1825.0005106642222
65583,1825.0005106642222
65584,1825.0005106642222
65585,1825.0005106642222
65586,1825.0005106642222
65587,1825.0005106642222
65588,1825.0005106642222
65589,1825.0005106642222
65590,1825.0005106642222
65591,1825.0005106642222
65592,1825.0005106642222
65593,1825.0005106642222
65594,1825.0005106642222
65595,1825.0005106642222
65596,1825.0005106642222
65597,1825.0005106642222
65598,1825.0005106642222
65599,1825.0005106642222
65600,1825.0005106642222
65601,1825.0005106642222
65602,1825.0005106642222
65603,1825.0005106642222
65604,1825.0005106642222
65605,1825.0005106642222
65606,1825.0005106642222
65607,1825.0005106642222
65608,1825.0005106642222
65609,1825.0005106642222
65610,1825.0005106642222
65611,1825.0005106642222
65612,1825.0005106642222
65613,1825.0005106642222
65614,1825.0005106642222
65615,1825.0005106642222
65616,1825.0005106642222
65617,1825.0005106642222
65618,1825.0005106642222
65619,1825.0005106642222
65620,1825.0005106642222
65621,1825.0005106642222
65622,1825.0005106642222
65623,1825.0005106642222
65624,1825.0005106642222
65625,1825.0005106642222
65626,1825.0005106642222
65627,1825.0005106642222
65628,1825.0005106642222
65629,1825.0005106642222
65630,1825.0005106642222
65631,1825.0005106642222
65632,1825.0005106642222
65633,1825.0005106642222
65634,1825.0005106642222
65635,1825.0005106642222
65636,1825.0005106642222
65637,1825.0005106642222
65638,1825.0005106642222
65639,1825.0005106642222
65640,1825.0005106642222
65641,1825.0005106642222
65642,1825.0005106642222
65643,1825.0005106642222
65644,1825.0005106642222
65645,1825.0005106642222
65646,1825.0005106642222
65647,1825.0005106642222
65648,1825.0005106642222
65649,1825.0005106642222
65650,1825.0005106642222
65651,1825.0005106642222
65652,1825.0005106642222
65653,1825.0005106642222
65654,1825.0005106642222
65655,1825.0005106642222
65656,1825.0005106642222
65657,1825.0005106642222
65658,1825.0005106642222
65659,1825.0005106642222
65660,1825.0005106642222
65661,1825.0005106642222
65662,1825.0005106642222
65663,1825.0005106642222
65664,1825.0005106642222
65665,1825.0005106642222
65666,1825.0005106642222
65667,1825.0005106642222
65668,1825.0005106642222
65669,1825.0005106642222
65670,1825.0005106642222
65671,1825.0005106642222
65672,1825.0005106642222
65673,1825.0005106642222
65674,1825.0005106642222
65675,1825.0005106642222
65676,1825.0005106642222
65677,1825.0005106642222
65678,1825.0005106642222
65679,1825.0005106642222
65680,1825.0005106642222
65681,1825.0005106642222
65682,1825.0005106642222
65683,1825.0005106642222
65684,1825.0005106642222
65685,1825.0005106642222
65686,1825.0005106642222
65687,1825.0005106642222
65688,1825.0005106642222
65689,1825.0005106642222
65690,1825.0005106642222
65691,1825.0005106642222
65692,1825.0005106642222
65693,1825.0005106642222
65694,1825.0005106642222
65695,1825.0005106642222
65696,1825.0005106642222
65697,1825.0005106642222
65698,1825.0005106642222
65699,1825.0005106642222
65700,1825.0005106642222
65701,1825.0005106642222
65702,1825.0005106642222
65703,1825.0005106642222
65704,1825.0005106642222
65705,1825.0005106642222
65706,1825.0005106642222
65707,1825.0005106642222
65708,1825.0005106642222
65709,1825.0005106642222
65710,1825.0005106642222
65711,1825.0005106642222
65712,1825.0005106642222
65713,1825.0005106642222
65714,1825.0005106642222
65715,1825.0005106642222
65716,1825.0005106642222
65717,1825.0005106642222
65718,1825.0005106642222
65719,1825.0005106642222
65720,1825.0005106642222
65721,1825.0005106642222
65722,1825.0005106642222
65723,1825.0005106642222
65724,1825.0005106642222
65725,1825.0005106642222
65726,1825.0005106642222
65727,1825.0005106642222
65728,1825.0005106642222
65729,1825.0005106642222
65730,1825.0005106642222
65731,1825.0005106642222
65732,1825.0005106642222
65733,1825.0005106642222
65734,1825.0005106642222
65735,1825.0005106642222
65736,1825.0005106642222
65737,1825.0005106642222
65738,1825.0005106642222
65739,1825.0005106642222
65740,1825.0005106642222
65741,1825.0005106642222
65742,1825.0005106642222
65743,1825.0005106642222
65744,1825.0005106642222
65745,1825.0005106642222
65746,1825.0005106642222
65747,1825.0005106642222
65748,1825.0005106642222
65749,1825.0005106642222
65750,1825.0005106642222
65751,1825.0005106642222
65752,1825.0005106642222
65753,1825.0005106642222
65754,1825.0005106642222
65755,1825.0005106642222
65756,1825.0005106642222
65757,1825.0005106642222
65758,1825.0005106642222
65759,1825.0005106642222
65760,1825.0005106642222
65761,1825.0005106642222
65762,1825.0005106642222
65763,1825.0005106642222
65764,1825.0005106642222
65765,1825.0005106642222
65766,1825.0005106642222
65767,1825.0005106642222
65768,1825.0005106642222
65769,1825.0005106642222
65770,1825.0005106642222
65771,1825.0005106642222
65772,1825.0005106642222
65773,1825.0005106642222
65774,1825.0005106642222
65775,1825.0005106642222
65776,1825.0005106642222
65777,1825.0005106642222
65778,1825.0005106642222
65779,1825.0005106642222
65780,1825.0005106642222
65781,1825.0005106642222
65782,1825.0005106642222
65783,1825.0005106642222
65784,1825.0005106642222
65785,1825.0005106642222
65786,1825.0005106642222
65787,1825.0005106642222
65788,1825.0005106642222
65789,1825.0005106642222
65790,1825.0005106642222
65791,1825.0005106642222
65792,1825.0005106642222
65793,1825.0005106642222
65794,1825.0005106642222
65795,1825.0005106642222
65796,1825.0005106642222
65797,1825.0005106642222
65798,1825.0005106642222
65799,1825.0005106642222
65800,1825.0005106642222
65801,1825.0005106642222
65802,1825.0005106642222
65803,1825.0005106642222
65804,1825.0005106642222
65805,1825.0005106642222
65806,1825.0005106642222
65807,1825.0005106642222
65808,1825.0005106642222
65809,1825.0005106642222
65810,1825.0005106642222
65811,1825.0005106642222
65812,1825.0005106642222
65813,1825.0005106642222
65814,1825.0005106642222
65815,1825.0005106642222
65816,1825.0005106642222
65817,1825.0005106642222
65818,1825.0005106642222
65819,1825.0005106642222
65820,1825.0005106642222
65821,1825.0005106642222
65822,1825.0005106642222
65823,1825.0005106642222
65824,1825.0005106642222
65825,1825.0005106642222
65826,1825.0005106642222
65827,1825.0005106642222
65828,1825.0005106642222
65829,1825.0005106642222
65830,1825.0005106642222
65831,1825.0005106642222
65832,1825.0005106642222
65833,1825.0005106642222
65834,1825.0005106642222
65835,1825.0005106642222
65836,1825.0005106642222
65837,1825.0005106642222
65838,1825.0005106642222
65839,1825.0005106642222
65840,1825.0005106642222
65841,1825.0005106642222
65842,1825.0005106642222
65843,1825.0005106642222
65844,1825.0005106642222
65845,1825.0005106642222
65846,1825.0005106642222
65847,1825.0005106642222
65848,1825.0005106642222
65849,1825.0005106642222
65850,1825.0005106642222
65851,1825.0005106642222
65852,1825.0005106642222
65853,1825.0005106642222
65854,1825.0005106642222
65855,1825.0005106642222
65856,1825.0005106642222
65857,1825.0005106642222
65858,1825.0005106642222
65859,1825.0005106642222
65860,1825.0005106642222
65861,1825.0005106642222
65862,1825.0005106642222
65863,1825.0005106642222
65864,1825.0005106642222
65865,1825.0005106642222
65866,1825.0005106642222
65867,1825.0005106642222
65868,1825.0005106642222
65869,1825.0005106642222
65870,1825.0005106642222
65871,1825.0005106642222
65872,1825.0005106642222
65873,1825.0005106642222
65874,1825.0005106642222
65875,1825.0005106642222
65876,1825.0005106642222
65877,1825.0005106642222
65878,1825.0005106642222
65879,1825.0005106642222
65880,1825.0005106642222
65881,1825.0005106642222
65882,1825.0005106642222
65883,1825.0005106642222
65884,1825.0005106642222
65885,1825.0005106642222
65886,1825.0005106642222
65887,1825.0005106642222
65888,1825.0005106642222
65889,1825.0005106642222
65890,1825.0005106642222
65891,1825.0005106642222
65892,1825.0005106642222
65893,1825.0005106642222
65894,1825.0005106642222
65895,1825.0005106642222
65896,1825.0005106642222
65897,1825.0005106642222
65898,1825.0005106642222
65899,1825.0005106642222
65900,1825.0005106642222
65901,1825.0005106642222
65902,1825.0005106642222
65903,1825.0005106642222
65904,1825.0005106642222
65905,1825.0005106642222
65906,1825.0005106642222
65907,1825.0005106642222
65908,1825.0005106642222
65909,1825.0005106642222
65910,1825.0005106642222
65911,1825.0005106642222
65912,1825.0005106642222
65913,1825.0005106642222
65914,1825.0005106642222
65915,1825.0005106642222
65916,1825.0005106642222
65917,1825.0005106642222
65918,1825.0005106642222
65919,1825.0005106642222
65920,1825.0005106642222
65921,1825.0005106642222
65922,1825.0005106642222
65923,1825.0005106642222
65924,1825.0005106642222
65925,1825.0005106642222
65926,1825.0005106642222
65927,1825.0005106642222
65928,1825.0005106642222
65929,1825.0005106642222
65930,1825.0005106642222
65931,1825.0005106642222
65932,1825.0005106642222
65933,1825.0005106642222
65934,1825.0005106642222
65935,1825.0005106642222
65936,1825.0005106642222
65937,1825.0005106642222
65938,1825.0005106642222
65939,1825.0005106642222
65940,1825.0005106642222
65941,1825.0005106642222
65942,1825.0005106642222
65943,1825.0005106642222
65944,1825.0005106642222
65945,1825.0005106642222
65946,1825.0005106642222
65947,1825.0005106642222
65948,1825.0005106642222
65949,1825.0005106642222
65950,1825.0005106642222
65951,1825.0005106642222
65952,1825.0005106642222
65953,1825.0005106642222
65954,1825.0005106642222
65955,1825.0005106642222
65956,1825.0005106642222
65957,1825.0005106642222
65958,1825.0005106642222
65959,1825.0005106642222
65960,1825.0005106642222
65961,1825.0005106642222
65962,1825.0005106642222
65963,1825.0005106642222
65964,1825.0005106642222
65965,1825.0005106642222
65966,1825.0005106642222
65967,1825.0005106642222
65968,1825.0005106642222
65969,1825.0005106642222
65970,1825.0005106642222
65971,1825.0005106642222
65972,1825.0005106642222
65973,1825.0005106642222
65974,1825.0005106642222
65975,1825.0005106642222
65976,1825.0005106642222
65977,1825.0005106642222
65978,1825.0005106642222
65979,1825.0005106642222
65980,1825.0005106642222
65981,1825.0005106642222
65982,1825.0005106642222
65983,1825.0005106642222
65984,1825.0005106642222
65985,1825.0005106642222
65986,1825.0005106642222
65987,1825.0005106642222
65988,1825.0005106642222
65989,1825.0005106642222
65990,1825.0005106642222
65991,1825.0005106642222
65992,1825.0005106642222
65993,1825.0005106642222
65994,1825.0005106642222
65995,1825.0005106642222
65996,1825.0005106642222
65997,1825.0005106642222
65998,1825.0005106642222
65999,1825.0005106642222
66000,1825.0005106642222
66001,1825.0005106642222
66002,1825.0005106642222
66003,1825.0005106642222
66004,1825.0005106642222
66005,1825.0005106642222
66006,1825.0005106642222
66007,1825.0005106642222
66008,1825.0005106642222
66009,1825.0005106642222
66010,1825.0005106642222
66011,1825.0005106642222
66012,1825.0005106642222
66013,1825.0005106642222
66014,1825.0005106642222
66015,1825.0005106642222
66016,1825.0005106642222
66017,1825.0005106642222
66018,1825.0005106642222
66019,1825.0005106642222
66020,1825.0005106642222
66021,1825.0005106642222
66022,1825.0005106642222
66023,1825.0005106642222
66024,1825.0005106642222
66025,1825.0005106642222
66026,1825.0005106642222
66027,1825.0005106642222
66028,1825.0005106642222
66029,1825.0005106642222
66030,1825.0005106642222
66031,1825.0005106642222
66032,1825.0005106642222
66033,1825.0005106642222
66034,1825.0005106642222
66035,1825.0005106642222
66036,1825.0005106642222
66037,1825.0005106642222
66038,1825.0005106642222
66039,1825.0005106642222
66040,1825.0005106642222
66041,1825.0005106642222
66042,1825.0005106642222
66043,1825.0005106642222
66044,1825.0005106642222
66045,1825.0005106642222
66046,1825.0005106642222
66047,1825.0005106642222
66048,1825.0005106642222
66049,1825.0005106642222
66050,1825.0005106642222
66051,1825.0005106642222
66052,1825.0005106642222
66053,1825.0005106642222
66054,1825.0005106642222
66055,1825.0005106642222
66056,1825.0005106642222
66057,1825.0005106642222
66058,1825.0005106642222
66059,1825.0005106642222
66060,1825.0005106642222
66061,1825.0005106642222
66062,1825.0005106642222
66063,1825.0005106642222
66064,1825.0005106642222
66065,1825.0005106642222
66066,1825.0005106642222
66067,1825.0005106642222
66068,1825.0005106642222
66069,1825.0005106642222
66070,1825.0005106642222
66071,1825.0005106642222
66072,1825.0005106642222
66073,1825.0005106642222
66074,1825.0005106642222
66075,1825.0005106642222
66076,1825.0005106642222
66077,1825.0005106642222
66078,1825.0005106642222
66079,1825.0005106642222
66080,1825.0005106642222
66081,1825.0005106642222
66082,1825.0005106642222
66083,1825.0005106642222
66084,1825.0005106642222
66085,1825.0005106642222
66086,1825.0005106642222
66087,1825.0005106642222
66088,1825.0005106642222
66089,1825.0005106642222
66090,1825.0005106642222
66091,1825.0005106642222
66092,1825.0005106642222
66093,1825.0005106642222
66094,1825.0005106642222
66095,1825.0005106642222
66096,1825.0005106642222
66097,1825.0005106642222
66098,1825.0005106642222
66099,1825.0005106642222
66100,1825.0005106642222
66101,1825.0005106642222
66102,1825.0005106642222
66103,1825.0005106642222
66104,1825.0005106642222
66105,1825.0005106642222
66106,1825.0005106642222
66107,1825.0005106642222
66108,1825.0005106642222
66109,1825.0005106642222
66110,1825.0005106642222
66111,1825.0005106642222
66112,1825.0005106642222
66113,1825.0005106642222
66114,1825.0005106642222
66115,1825.0005106642222
66116,1825.0005106642222
66117,1825.0005106642222
66118,1825.0005106642222
66119,1825.0005106642222
66120,1825.0005106642222
66121,1825.0005106642222
66122,1825.0005106642222
66123,1825.0005106642222
66124,1825.0005106642222
66125,1825.0005106642222
66126,1825.0005106642222
66127,1825.0005106642222
66128,1825.0005106642222
66129,1825.0005106642222
66130,1825.0005106642222
66131,1825.0005106642222
66132,1825.0005106642222
66133,1825.0005106642222
66134,1825.0005106642222
66135,1825.0005106642222
66136,1825.0005106642222
66137,1825.0005106642222
66138,1825.0005106642222
66139,1825.0005106642222
66140,1825.0005106642222
66141,1825.0005106642222
66142,1825.0005106642222
66143,1825.0005106642222
66144,1825.0005106642222
66145,1825.0005106642222
66146,1825.0005106642222
66147,1825.0005106642222
66148,1825.0005106642222
66149,1825.0005106642222
66150,1825.0005106642222
66151,1825.0005106642222
66152,1825.0005106642222
66153,1825.0005106642222
66154,1825.0005106642222
66155,1825.0005106642222
66156,1825.0005106642222
66157,1825.0005106642222
66158,1825.0005106642222
66159,1825.0005106642222
66160,1825.0005106642222
66161,1825.0005106642222
66162,1825.0005106642222
66163,1825.0005106642222
66164,1825.0005106642222
66165,1825.0005106642222
66166,1825.0005106642222
66167,1825.0005106642222
66168,1825.0005106642222
66169,1825.0005106642222
66170,1825.0005106642222
66171,1825.0005106642222
66172,1825.0005106642222
66173,1825.0005106642222
66174,1825.0005106642222
66175,1825.0005106642222
66176,1825.0005106642222
66177,1825.0005106642222
66178,1825.0005106642222
66179,1825.0005106642222
66180,1825.0005106642222
66181,1825.0005106642222
66182,1825.0005106642222
66183,1825.0005106642222
66184,1825.0005106642222
66185,1825.0005106642222
66186,1825.0005106642222
66187,1825.0005106642222
66188,1825.0005106642222
66189,1825.0005106642222
66190,1825.0005106642222
66191,1825.0005106642222
66192,1825.0005106642222
66193,1825.0005106642222
66194,1825.0005106642222
66195,1825.0005106642222
66196,1825.0005106642222
66197,1825.0005106642222
66198,1825.0005106642222
66199,1825.0005106642222
66200,1825.0005106642222
66201,1825.0005106642222
66202,1825.0005106642222
66203,1825.0005106642222
66204,1825.0005106642222
66205,1825.0005106642222
66206,1825.0005106642222
66207,1825.0005106642222
66208,1825.0005106642222
66209,1825.0005106642222
66210,1825.0005106642222
66211,1825.0005106642222
66212,1825.0005106642222
66213,1825.0005106642222
66214,1825.0005106642222
66215,1825.0005106642222
66216,1825.0005106642222
66217,1825.0005106642222
66218,1825.0005106642222
66219,1825.0005106642222
66220,1825.0005106642222
66221,1825.0005106642222
66222,1825.0005106642222
66223,1825.0005106642222
66224,1825.0005106642222
66225,1825.0005106642222
66226,1825.0005106642222
66227,1825.0005106642222
66228,1825.0005106642222
66229,1825.0005106642222
66230,1825.0005106642222
66231,1825.0005106642222
66232,1825.0005106642222
66233,1825.0005106642222
66234,1825.0005106642222
66235,1825.0005106642222
66236,1825.0005106642222
66237,1825.0005106642222
66238,1825.0005106642222
66239,1825.0005106642222
66240,1825.0005106642222
66241,1825.0005106642222
66242,1825.0005106642222
66243,1825.0005106642222
66244,1825.0005106642222
66245,1825.0005106642222
66246,1825.0005106642222
66247,1825.0005106642222
66248,1825.0005106642222
66249,1825.0005106642222
66250,1825.0005106642222
66251,1825.0005106642222
66252,1825.0005106642222
66253,1825.0005106642222
66254,1825.0005106642222
66255,1825.0005106642222
66256,1825.0005106642222
66257,1825.0005106642222
66258,1825.0005106642222
66259,1825.0005106642222
66260,1825.0005106642222
66261,1825.0005106642222
66262,1825.0005106642222
66263,1825.0005106642222
66264,1825.0005106642222
66265,1825.0005106642222
66266,1825.0005106642222
66267,1825.0005106642222
66268,1825.0005106642222
66269,1825.0005106642222
66270,1825.0005106642222
66271,1825.0005106642222
66272,1825.0005106642222
66273,1825.0005106642222
66274,1825.0005106642222
66275,1825.0005106642222
66276,1825.0005106642222
66277,1825.0005106642222
66278,1825.0005106642222
66279,1825.0005106642222
66280,1825.0005106642222
66281,1825.0005106642222
66282,1825.0005106642222
66283,1825.0005106642222
66284,1825.0005106642222
66285,1825.0005106642222
66286,1825.0005106642222
66287,1825.0005106642222
66288,1825.0005106642222
66289,1825.0005106642222
66290,1825.0005106642222
66291,1825.0005106642222
66292,1825.0005106642222
66293,1825.0005106642222
66294,1825.0005106642222
66295,1825.0005106642222
66296,1825.0005106642222
66297,1825.0005106642222
66298,1825.0005106642222
66299,1825.0005106642222
66300,1825.0005106642222
66301,1825.0005106642222
66302,1825.0005106642222
66303,1825.0005106642222
66304,1825.0005106642222
66305,1825.0005106642222
66306,1825.0005106642222
66307,1825.0005106642222
66308,1825.0005106642222
66309,1825.0005106642222
66310,1825.0005106642222
66311,1825.0005106642222
66312,1825.0005106642222
66313,1825.0005106642222
66314,1825.0005106642222
66315,1825.0005106642222
66316,1825.0005106642222
66317,1825.0005106642222
66318,1825.0005106642222
66319,1825.0005106642222
66320,1825.0005106642222
66321,1825.0005106642222
66322,1825.0005106642222
66323,1825.0005106642222
66324,1825.0005106642222
66325,1825.0005106642222
66326,1825.0005106642222
66327,1825.0005106642222
66328,1825.0005106642222
66329,1825.0005106642222
66330,1825.0005106642222
66331,1825.0005106642222
66332,1825.0005106642222
66333,1825.0005106642222
66334,1825.0005106642222
66335,1825.0005106642222
66336,1825.0005106642222
66337,1825.0005106642222
66338,1825.0005106642222
66339,1825.0005106642222
66340,1825.0005106642222
66341,1825.0005106642222
66342,1825.0005106642222
66343,1825.0005106642222
66344,1825.0005106642222
66345,1825.0005106642222
66346,1825.0005106642222
66347,1825.0005106642222
66348,1825.0005106642222
66349,1825.0005106642222
66350,1825.0005106642222
66351,1825.0005106642222
66352,1825.0005106642222
66353,1825.0005106642222
66354,1825.0005106642222
66355,1825.0005106642222
66356,1825.0005106642222
66357,1825.0005106642222
66358,1825.0005106642222
66359,1825.0005106642222
66360,1825.0005106642222
66361,1825.0005106642222
66362,1825.0005106642222
66363,1825.0005106642222
66364,1825.0005106642222
66365,1825.0005106642222
66366,1825.0005106642222
66367,1825.0005106642222
66368,1825.0005106642222
66369,1825.0005106642222
66370,1825.0005106642222
66371,1825.0005106642222
66372,1825.0005106642222
66373,1825.0005106642222
66374,1825.0005106642222
66375,1825.0005106642222
66376,1825.0005106642222
66377,1825.0005106642222
66378,1825.0005106642222
66379,1825.0005106642222
66380,1825.0005106642222
66381,1825.0005106642222
66382,1825.0005106642222
66383,1825.0005106642222
66384,1825.0005106642222
66385,1825.0005106642222
66386,1825.0005106642222
66387,1825.0005106642222
66388,1825.0005106642222
66389,1825.0005106642222
66390,1825.0005106642222
66391,1825.0005106642222
66392,1825.0005106642222
66393,1825.0005106642222
66394,1825.0005106642222
66395,1825.0005106642222
66396,1825.0005106642222
66397,1825.0005106642222
66398,1825.0005106642222
66399,1825.0005106642222
66400,1825.0005106642222
66401,1825.0005106642222
66402,1825.0005106642222
66403,1825.0005106642222
66404,1825.0005106642222
66405,1825.0005106642222
66406,1825.0005106642222
66407,1825.0005106642222
66408,1825.0005106642222
66409,1825.0005106642222
66410,1825.0005106642222
66411,1825.0005106642222
66412,1825.0005106642222
66413,1825.0005106642222
66414,1825.0005106642222
66415,1825.0005106642222
66416,1825.0005106642222
66417,1825.0005106642222
66418,1825.0005106642222
66419,1825.0005106642222
66420,1825.0005106642222
66421,1825.0005106642222
66422,1825.0005106642222
66423,1825.0005106642222
66424,1825.0005106642222
66425,1825.0005106642222
66426,1825.0005106642222
66427,1825.0005106642222
66428,1825.0005106642222
66429,1825.0005106642222
66430,1825.0005106642222
66431,1825.0005106642222
66432,1825.0005106642222
66433,1825.0005106642222
66434,1825.0005106642222
66435,1825.0005106642222
66436,1825.0005106642222
66437,1825.0005106642222
66438,1825.0005106642222
66439,1825.0005106642222
66440,1825.0005106642222
66441,1825.0005106642222
66442,1825.0005106642222
66443,1825.0005106642222
66444,1825.0005106642222
66445,1825.0005106642222
66446,1825.0005106642222
66447,1825.0005106642222
66448,1825.0005106642222
66449,1825.0005106642222
66450,1825.0005106642222
66451,1825.0005106642222
66452,1825.0005106642222
66453,1825.0005106642222
66454,1825.0005106642222
66455,1825.0005106642222
66456,1825.0005106642222
66457,1825.0005106642222
66458,1825.0005106642222
66459,1825.0005106642222
66460,1825.0005106642222
66461,1825.0005106642222
66462,1825.0005106642222
66463,1825.0005106642222
66464,1825.0005106642222
66465,1825.0005106642222
66466,1825.0005106642222
66467,1825.0005106642222
66468,1825.0005106642222
66469,1825.0005106642222
66470,1825.0005106642222
66471,1825.0005106642222
66472,1825.0005106642222
66473,1825.0005106642222
66474,1825.0005106642222
66475,1825.0005106642222
66476,1825.0005106642222
66477,1825.0005106642222
66478,1825.0005106642222
66479,1825.0005106642222
66480,1825.0005106642222
66481,1825.0005106642222
66482,1825.0005106642222
66483,1825.0005106642222
66484,1825.0005106642222
66485,1825.0005106642222
66486,1825.0005106642222
66487,1825.0005106642222
66488,1825.0005106642222
66489,1825.0005106642222
66490,1825.0005106642222
66491,1825.0005106642222
66492,1825.0005106642222
66493,1825.0005106642222
66494,1825.0005106642222
66495,1825.0005106642222
66496,1825.0005106642222
66497,1825.0005106642222
66498,1825.0005106642222
66499,1825.0005106642222
66500,1825.0005106642222
66501,1825.0005106642222
66502,1825.0005106642222
66503,1825.0005106642222
66504,1825.0005106642222
66505,1825.0005106642222
66506,1825.0005106642222
66507,1825.0005106642222
66508,1825.0005106642222
66509,1825.0005106642222
66510,1825.0005106642222
66511,1825.0005106642222
66512,1825.0005106642222
66513,1825.0005106642222
66514,1825.0005106642222
66515,1825.0005106642222
66516,1825.0005106642222
66517,1825.0005106642222
66518,1825.0005106642222
66519,1825.0005106642222
66520,1825.0005106642222
66521,1825.0005106642222
66522,1825.0005106642222
66523,1825.0005106642222
66524,1825.0005106642222
66525,1825.0005106642222
66526,1825.0005106642222
66527,1825.0005106642222
66528,1825.0005106642222
66529,1825.0005106642222
66530,1825.0005106642222
66531,1825.0005106642222
66532,1825.0005106642222
66533,1825.0005106642222
66534,1825.0005106642222
66535,1825.0005106642222
66536,1825.0005106642222
66537,1825.0005106642222
66538,1825.0005106642222
66539,1825.0005106642222
66540,1825.0005106642222
66541,1825.0005106642222
66542,1825.0005106642222
66543,1825.0005106642222
66544,1825.0005106642222
66545,1825.0005106642222
66546,1825.0005106642222
66547,1825.0005106642222
66548,1825.0005106642222
66549,1825.0005106642222
66550,1825.0005106642222
66551,1825.0005106642222
66552,1825.0005106642222
66553,1825.0005106642222
66554,1825.0005106642222
66555,1825.0005106642222
66556,1825.0005106642222
66557,1825.0005106642222
66558,1825.0005106642222
66559,1825.0005106642222
66560,1825.0005106642222
66561,1825.0005106642222
66562,1825.0005106642222
66563,1825.0005106642222
66564,1825.0005106642222
66565,1825.0005106642222
66566,1825.0005106642222
66567,1825.0005106642222
66568,1825.0005106642222
66569,1825.0005106642222
66570,1825.0005106642222
66571,1825.0005106642222
66572,1825.0005106642222
66573,1825.0005106642222
66574,1825.0005106642222
66575,1825.0005106642222
66576,1825.0005106642222
66577,1825.0005106642222
66578,1825.0005106642222
66579,1825.0005106642222
66580,1825.0005106642222
66581,1825.0005106642222
66582,1825.0005106642222
66583,1825.0005106642222
66584,1825.0005106642222
66585,1825.0005106642222
66586,1825.0005106642222
66587,1825.0005106642222
66588,1825.0005106642222
66589,1825.0005106642222
66590,1825.0005106642222
66591,1825.0005106642222
66592,1825.0005106642222
66593,1825.0005106642222
66594,1825.0005106642222
66595,1825.0005106642222
66596,1825.0005106642222
66597,1825.0005106642222
66598,1825.0005106642222
66599,1825.0005106642222
66600,1825.0005106642222
66601,1825.0005106642222
66602,1825.0005106642222
66603,1825.0005106642222
66604,1825.0005106642222
66605,1825.0005106642222
66606,1825.0005106642222
66607,1825.0005106642222
66608,1825.0005106642222
66609,1825.0005106642222
66610,1825.0005106642222
66611,1825.0005106642222
66612,1825.0005106642222
66613,1825.0005106642222
66614,1825.0005106642222
66615,1825.0005106642222
66616,1825.0005106642222
66617,1825.0005106642222
66618,1825.0005106642222
66619,1825.0005106642222
66620,1825.0005106642222
66621,1825.0005106642222
66622,1825.0005106642222
66623,1825.0005106642222
66624,1825.0005106642222
66625,1825.0005106642222
66626,1825.0005106642222
66627,1825.0005106642222
66628,1825.0005106642222
66629,1825.0005106642222
66630,1825.0005106642222
66631,1825.0005106642222
66632,1825.0005106642222
66633,1825.0005106642222
66634,1825.0005106642222
66635,1825.0005106642222
66636,1825.0005106642222
66637,1825.0005106642222
66638,1825.0005106642222
66639,1825.0005106642222
66640,1825.0005106642222
66641,1825.0005106642222
66642,1825.0005106642222
66643,1825.0005106642222
66644,1825.0005106642222
66645,1825.0005106642222
66646,1825.0005106642222
66647,1825.0005106642222
66648,1825.0005106642222
66649,1825.0005106642222
66650,1825.0005106642222
66651,1825.0005106642222
66652,1825.0005106642222
66653,1825.0005106642222
66654,1825.0005106642222
66655,1825.0005106642222
66656,1825.0005106642222
66657,1825.0005106642222
66658,1825.0005106642222
66659,1825.0005106642222
66660,1825.0005106642222
66661,1825.0005106642222
66662,1825.0005106642222
66663,1825.0005106642222
66664,1825.0005106642222
66665,1825.0005106642222
66666,1825.0005106642222
66667,1825.0005106642222
66668,1825.0005106642222
66669,1825.0005106642222
66670,1825.0005106642222
66671,1825.0005106642222
66672,1825.0005106642222
66673,1825.0005106642222
66674,1825.0005106642222
66675,1825.0005106642222
66676,1825.0005106642222
66677,1825.0005106642222
66678,1825.0005106642222
66679,1825.0005106642222
66680,1825.0005106642222
66681,1825.0005106642222
66682,1825.0005106642222
66683,1825.0005106642222
66684,1825.0005106642222
66685,1825.0005106642222
66686,1825.0005106642222
66687,1825.0005106642222
66688,1825.0005106642222
66689,1825.0005106642222
66690,1825.0005106642222
66691,1825.0005106642222
66692,1825.0005106642222
66693,1825.0005106642222
66694,1825.0005106642222
66695,1825.0005106642222
66696,1825.0005106642222
66697,1825.0005106642222
66698,1825.0005106642222
66699,1825.0005106642222
66700,1825.0005106642222
66701,1825.0005106642222
66702,1825.0005106642222
66703,1825.0005106642222
66704,1825.0005106642222
66705,1825.0005106642222
66706,1825.0005106642222
66707,1825.0005106642222
66708,1825.0005106642222
66709,1825.0005106642222
66710,1825.0005106642222
66711,1825.0005106642222
66712,1825.0005106642222
66713,1825.0005106642222
66714,1825.0005106642222
66715,1825.0005106642222
66716,1825.0005106642222
66717,1825.0005106642222
66718,1825.0005106642222
66719,1825.0005106642222
66720,1825.0005106642222
66721,1825.0005106642222
66722,1825.0005106642222
66723,1825.0005106642222
66724,1825.0005106642222
66725,1825.0005106642222
66726,1825.0005106642222
66727,1825.0005106642222
66728,1825.0005106642222
66729,1825.0005106642222
66730,1825.0005106642222
66731,1825.0005106642222
66732,1825.0005106642222
66733,1825.0005106642222
66734,1825.0005106642222
66735,1825.0005106642222
66736,1825.0005106642222
66737,1825.0005106642222
66738,1825.0005106642222
66739,1825.0005106642222
66740,1825.0005106642222
66741,1825.0005106642222
66742,1825.0005106642222
66743,1825.0005106642222
66744,1825.0005106642222
66745,1825.0005106642222
66746,1825.0005106642222
66747,1825.0005106642222
66748,1825.0005106642222
66749,1825.0005106642222
66750,1825.0005106642222
66751,1825.0005106642222
66752,1825.0005106642222
66753,1825.0005106642222
66754,1825.0005106642222
66755,1825.0005106642222
66756,1825.0005106642222
66757,1825.0005106642222
66758,1825.0005106642222
66759,1825.0005106642222
66760,1825.0005106642222
66761,1825.0005106642222
66762,1825.0005106642222
66763,1825.0005106642222
66764,1825.0005106642222
66765,1825.0005106642222
66766,1825.0005106642222
66767,1825.0005106642222
66768,1825.0005106642222
66769,1825.0005106642222
66770,1825.0005106642222
66771,1825.0005106642222
66772,1825.0005106642222
66773,1825.0005106642222
66774,1825.0005106642222
66775,1825.0005106642222
66776,1825.0005106642222
66777,1825.0005106642222
66778,1825.0005106642222
66779,1825.0005106642222
66780,1825.0005106642222
66781,1825.0005106642222
66782,1825.0005106642222
66783,1825.0005106642222
66784,1825.0005106642222
66785,1825.0005106642222
66786,1825.0005106642222
66787,1825.0005106642222
66788,1825.0005106642222
66789,1825.0005106642222
66790,1825.0005106642222
66791,1825.0005106642222
66792,1825.0005106642222
66793,1825.0005106642222
66794,1825.0005106642222
66795,1825.0005106642222
66796,1825.0005106642222
66797,1825.0005106642222
66798,1825.0005106642222
66799,1825.0005106642222
66800,1825.0005106642222
66801,1825.0005106642222
66802,1825.0005106642222
66803,1825.0005106642222
66804,1825.0005106642222
66805,1825.0005106642222
66806,1825.0005106642222
66807,1825.0005106642222
66808,1825.0005106642222
66809,1825.0005106642222
66810,1825.0005106642222
66811,1825.0005106642222
66812,1825.0005106642222
66813,1825.0005106642222
66814,1825.0005106642222
66815,1825.0005106642222
66816,1825.0005106642222
66817,1825.0005106642222
66818,1825.0005106642222
66819,1825.0005106642222
66820,1825.0005106642222
66821,1825.0005106642222
66822,1825.0005106642222
66823,1825.0005106642222
66824,1825.0005106642222
66825,1825.0005106642222
66826,1825.0005106642222
66827,1825.0005106642222
66828,1825.0005106642222
66829,1825.0005106642222
66830,1825.0005106642222
66831,1825.0005106642222
66832,1825.0005106642222
66833,1825.0005106642222
66834,1825.0005106642222
66835,1825.0005106642222
66836,1825.0005106642222
66837,1825.0005106642222
66838,1825.0005106642222
66839,1825.0005106642222
66840,1825.0005106642222
66841,1825.0005106642222
66842,1825.0005106642222
66843,1825.0005106642222
66844,1825.0005106642222
66845,1825.0005106642222
66846,1825.0005106642222
66847,1825.0005106642222
66848,1825.0005106642222
66849,1825.0005106642222
66850,1825.0005106642222
66851,1825.0005106642222
66852,1825.0005106642222
66853,1825.0005106642222
66854,1825.0005106642222
66855,1825.0005106642222
66856,1825.0005106642222
66857,1825.0005106642222
66858,1825.0005106642222
66859,1825.0005106642222
66860,1825.0005106642222
66861,1825.0005106642222
66862,1825.0005106642222
66863,1825.0005106642222
66864,1825.0005106642222
66865,1825.0005106642222
66866,1825.0005106642222
66867,1825.0005106642222
66868,1825.0005106642222
66869,1825.0005106642222
66870,1825.0005106642222
66871,1825.0005106642222
66872,1825.0005106642222
66873,1825.0005106642222
66874,1825.0005106642222
66875,1825.0005106642222
66876,1825.0005106642222
66877,1825.0005106642222
66878,1825.0005106642222
66879,1825.0005106642222
66880,1825.0005106642222
66881,1825.0005106642222
66882,1825.0005106642222
66883,1825.0005106642222
66884,1825.0005106642222
66885,1825.0005106642222
66886,1825.0005106642222
66887,1825.0005106642222
66888,1825.0005106642222
66889,1825.0005106642222
66890,1825.0005106642222
66891,1825.0005106642222
66892,1825.0005106642222
66893,1825.0005106642222
66894,1825.0005106642222
66895,1825.0005106642222
66896,1825.0005106642222
66897,1825.0005106642222
66898,1825.0005106642222
66899,1825.0005106642222
66900,1825.0005106642222
66901,1825.0005106642222
66902,1825.0005106642222
66903,1825.0005106642222
66904,1825.0005106642222
66905,1825.0005106642222
66906,1825.0005106642222
66907,1825.0005106642222
66908,1825.0005106642222
66909,1825.0005106642222
66910,1825.0005106642222
66911,1825.0005106642222
66912,1825.0005106642222
66913,1825.0005106642222
66914,1825.0005106642222
66915,1825.0005106642222
66916,1825.0005106642222
66917,1825.0005106642222
66918,1825.0005106642222
66919,1825.0005106642222
66920,1825.0005106642222
66921,1825.0005106642222
66922,1825.0005106642222
66923,1825.0005106642222
66924,1825.0005106642222
66925,1825.0005106642222
66926,1825.0005106642222
66927,1825.0005106642222
66928,1825.0005106642222
66929,1825.0005106642222
66930,1825.0005106642222
66931,1825.0005106642222
66932,1825.0005106642222
66933,1825.0005106642222
66934,1825.0005106642222
66935,1825.0005106642222
66936,1825.0005106642222
66937,1825.0005106642222
66938,1825.0005106642222
66939,1825.0005106642222
66940,1825.0005106642222
66941,1825.0005106642222
66942,1825.0005106642222
66943,1825.0005106642222
66944,1825.0005106642222
66945,1825.0005106642222
66946,1825.0005106642222
66947,1825.0005106642222
66948,1825.0005106642222
66949,1825.0005106642222
66950,1825.0005106642222
66951,1825.0005106642222
66952,1825.0005106642222
66953,1825.0005106642222
66954,1825.0005106642222
66955,1825.0005106642222
66956,1825.0005106642222
66957,1825.0005106642222
66958,1825.0005106642222
66959,1825.0005106642222
66960,1825.0005106642222
66961,1825.0005106642222
66962,1825.0005106642222
66963,1825.0005106642222
66964,1825.0005106642222
66965,1825.0005106642222
66966,1825.0005106642222
66967,1825.0005106642222
66968,1825.0005106642222
66969,1825.0005106642222
66970,1825.0005106642222
66971,1825.0005106642222
66972,1825.0005106642222
66973,1825.0005106642222
66974,1825.0005106642222
66975,1825.0005106642222
66976,1825.0005106642222
66977,1825.0005106642222
66978,1825.0005106642222
66979,1825.0005106642222
66980,1825.0005106642222
66981,1825.0005106642222
66982,1825.0005106642222
66983,1825.0005106642222
66984,1825.0005106642222
66985,1825.0005106642222
66986,1825.0005106642222
66987,1825.0005106642222
66988,1825.0005106642222
66989,1825.0005106642222
66990,1825.0005106642222
66991,1825.0005106642222
66992,1825.0005106642222
66993,1825.0005106642222
66994,1825.0005106642222
66995,1825.0005106642222
66996,1825.0005106642222
66997,1825.0005106642222
66998,1825.0005106642222
66999,1825.0005106642222
67000,1825.0005106642222
67001,1825.0005106642222
67002,1825.0005106642222
67003,1825.0005106642222
67004,1825.0005106642222
67005,1825.0005106642222
67006,1825.0005106642222
67007,1825.0005106642222
67008,1825.0005106642222
67009,1825.0005106642222
67010,1825.0005106642222
67011,1825.0005106642222
67012,1825.0005106642222
67013,1825.0005106642222
67014,1825.0005106642222
67015,1825.0005106642222
67016,1825.0005106642222
67017,1825.0005106642222
67018,1825.0005106642222
67019,1825.0005106642222
67020,1825.0005106642222
67021,1825.0005106642222
67022,1825.0005106642222
67023,1825.0005106642222
67024,1825.0005106642222
67025,1825.0005106642222
67026,1825.0005106642222
67027,1825.0005106642222
67028,1825.0005106642222
67029,1825.0005106642222
67030,1825.0005106642222
67031,1825.0005106642222
67032,1825.0005106642222
67033,1825.0005106642222
67034,1825.0005106642222
67035,1825.0005106642222
67036,1825.0005106642222
67037,1825.0005106642222
67038,1825.0005106642222
67039,1825.0005106642222
67040,1825.0005106642222
67041,1825.0005106642222
67042,1825.0005106642222
67043,1825.0005106642222
67044,1825.0005106642222
67045,1825.0005106642222
67046,1825.0005106642222
67047,1825.0005106642222
67048,1825.0005106642222
67049,1825.0005106642222
67050,1825.0005106642222
67051,1825.0005106642222
67052,1825.0005106642222
67053,1825.0005106642222
67054,1825.0005106642222
67055,1825.0005106642222
67056,1825.0005106642222
67057,1825.0005106642222
67058,1825.0005106642222
67059,1825.0005106642222
67060,1825.0005106642222
67061,1825.0005106642222
67062,1825.0005106642222
67063,1825.0005106642222
67064,1825.0005106642222
67065,1825.0005106642222
67066,1825.0005106642222
67067,1825.0005106642222
67068,1825.0005106642222
67069,1825.0005106642222
67070,1825.0005106642222
67071,1825.0005106642222
67072,1825.0005106642222
67073,1825.0005106642222
67074,1825.0005106642222
67075,1825.0005106642222
67076,1825.0005106642222
67077,1825.0005106642222
67078,1825.0005106642222
67079,1825.0005106642222
67080,1825.0005106642222
67081,1825.0005106642222
67082,1825.0005106642222
67083,1825.0005106642222
67084,1825.0005106642222
67085,1825.0005106642222
67086,1825.0005106642222
67087,1825.0005106642222
67088,1825.0005106642222
67089,1825.0005106642222
67090,1825.0005106642222
67091,1825.0005106642222
67092,1825.0005106642222
67093,1825.0005106642222
67094,1825.0005106642222
67095,1825.0005106642222
67096,1825.0005106642222
67097,1825.0005106642222
67098,1825.0005106642222
67099,1825.0005106642222
67100,1825.0005106642222
67101,1825.0005106642222
67102,1825.0005106642222
67103,1825.0005106642222
67104,1825.0005106642222
67105,1825.0005106642222
67106,1825.0005106642222
67107,1825.0005106642222
67108,1825.0005106642222
67109,1825.0005106642222
67110,1825.0005106642222
67111,1825.0005106642222
67112,1825.0005106642222
67113,1825.0005106642222
67114,1825.0005106642222
67115,1825.0005106642222
67116,1825.0005106642222
67117,1825.0005106642222
67118,1825.0005106642222
67119,1825.0005106642222
67120,1825.0005106642222
67121,1825.0005106642222
67122,1825.0005106642222
67123,1825.0005106642222
67124,1825.0005106642222
67125,1825.0005106642222
67126,1825.0005106642222
67127,1825.0005106642222
67128,1825.0005106642222
67129,1825.0005106642222
67130,1825.0005106642222
67131,1825.0005106642222
67132,1825.0005106642222
67133,1825.0005106642222
67134,1825.0005106642222
67135,1825.0005106642222
67136,1825.0005106642222
67137,1825.0005106642222
67138,1825.0005106642222
67139,1825.0005106642222
67140,1825.0005106642222
67141,1825.0005106642222
67142,1825.0005106642222
67143,1825.0005106642222
67144,1825.0005106642222
67145,1825.0005106642222
67146,1825.0005106642222
67147,1825.0005106642222
67148,1825.0005106642222
67149,1825.0005106642222
67150,1825.0005106642222
67151,1825.0005106642222
67152,1825.0005106642222
67153,1825.0005106642222
67154,1825.0005106642222
67155,1825.0005106642222
67156,1825.0005106642222
67157,1825.0005106642222
67158,1825.0005106642222
67159,1825.0005106642222
67160,1825.0005106642222
67161,1825.0005106642222
67162,1825.0005106642222
67163,1825.0005106642222
67164,1825.0005106642222
67165,1825.0005106642222
67166,1825.0005106642222
67167,1825.0005106642222
67168,1825.0005106642222
67169,1825.0005106642222
67170,1825.0005106642222
67171,1825.0005106642222
67172,1825.0005106642222
67173,1825.0005106642222
67174,1825.0005106642222
67175,1825.0005106642222
67176,1825.0005106642222
67177,1825.0005106642222
67178,1825.0005106642222
67179,1825.0005106642222
67180,1825.0005106642222
67181,1825.0005106642222
67182,1825.0005106642222
67183,1825.0005106642222
67184,1825.0005106642222
67185,1825.0005106642222
67186,1825.0005106642222
67187,1825.0005106642222
67188,1825.0005106642222
67189,1825.0005106642222
67190,1825.0005106642222
67191,1825.0005106642222
67192,1825.0005106642222
67193,1825.0005106642222
67194,1825.0005106642222
67195,1825.0005106642222
67196,1825.0005106642222
67197,1825.0005106642222
67198,1825.0005106642222
67199,1825.0005106642222
67200,1825.0005106642222
67201,1825.0005106642222
67202,1825.0005106642222
67203,1825.0005106642222
67204,1825.0005106642222
67205,1825.0005106642222
67206,1825.0005106642222
67207,1825.0005106642222
67208,1825.0005106642222
67209,1825.0005106642222
67210,1825.0005106642222
67211,1825.0005106642222
67212,1825.0005106642222
67213,1825.0005106642222
67214,1825.0005106642222
67215,1825.0005106642222
67216,1825.0005106642222
67217,1825.0005106642222
67218,1825.0005106642222
67219,1825.0005106642222
67220,1825.0005106642222
67221,1825.0005106642222
67222,1825.0005106642222
67223,1825.0005106642222
67224,1825.0005106642222
67225,1825.0005106642222
67226,1825.0005106642222
67227,1825.0005106642222
67228,1825.0005106642222
67229,1825.0005106642222
67230,1825.0005106642222
67231,1825.0005106642222
67232,1825.0005106642222
67233,1825.0005106642222
67234,1825.0005106642222
67235,1825.0005106642222
67236,1825.0005106642222
67237,1825.0005106642222
67238,1825.0005106642222
67239,1825.0005106642222
67240,1825.0005106642222
67241,1825.0005106642222
67242,1825.0005106642222
67243,1825.0005106642222
67244,1825.0005106642222
67245,1825.0005106642222
67246,1825.0005106642222
67247,1825.0005106642222
67248,1825.0005106642222
67249,1825.0005106642222
67250,1825.0005106642222
67251,1825.0005106642222
67252,1825.0005106642222
67253,1825.0005106642222
67254,1825.0005106642222
67255,1825.0005106642222
67256,1825.0005106642222
67257,1825.0005106642222
67258,1825.0005106642222
67259,1825.0005106642222
67260,1825.0005106642222
67261,1825.0005106642222
67262,1825.0005106642222
67263,1825.0005106642222
67264,1825.0005106642222
67265,1825.0005106642222
67266,1825.0005106642222
67267,1825.0005106642222
67268,1825.0005106642222
67269,1825.0005106642222
67270,1825.0005106642222
67271,1825.0005106642222
67272,1825.0005106642222
67273,1825.0005106642222
67274,1825.0005106642222
67275,1825.0005106642222
67276,1825.0005106642222
67277,1825.0005106642222
67278,1825.0005106642222
67279,1825.0005106642222
67280,1825.0005106642222
67281,1825.0005106642222
67282,1825.0005106642222
67283,1825.0005106642222
67284,1825.0005106642222
67285,1825.0005106642222
67286,1825.0005106642222
67287,1825.0005106642222
67288,1825.0005106642222
67289,1825.0005106642222
67290,1825.0005106642222
67291,1825.0005106642222
67292,1825.0005106642222
67293,1825.0005106642222
67294,1825.0005106642222
67295,1825.0005106642222
67296,1825.0005106642222
67297,1825.0005106642222
67298,1825.0005106642222
67299,1825.0005106642222
67300,1825.0005106642222
67301,1825.0005106642222
67302,1825.0005106642222
67303,1825.0005106642222
67304,1825.0005106642222
67305,1825.0005106642222
67306,1825.0005106642222
67307,1825.0005106642222
67308,1825.0005106642222
67309,1825.0005106642222
67310,1825.0005106642222
67311,1825.0005106642222
67312,1825.0005106642222
67313,1825.0005106642222
67314,1825.0005106642222
67315,1825.0005106642222
67316,1825.0005106642222
67317,1825.0005106642222
67318,1825.0005106642222
67319,1825.0005106642222
67320,1825.0005106642222
67321,1825.0005106642222
67322,1825.0005106642222
67323,1825.0005106642222
67324,1825.0005106642222
67325,1825.0005106642222
67326,1825.0005106642222
67327,1825.0005106642222
67328,1825.0005106642222
67329,1825.0005106642222
67330,1825.0005106642222
67331,1825.0005106642222
67332,1825.0005106642222
67333,1825.0005106642222
67334,1825.0005106642222
67335,1825.0005106642222
67336,1825.0005106642222
67337,1825.0005106642222
67338,1825.0005106642222
67339,1825.0005106642222
67340,1825.0005106642222
67341,1825.0005106642222
67342,1825.0005106642222
67343,1825.0005106642222
67344,1825.0005106642222
67345,1825.0005106642222
67346,1825.0005106642222
67347,1825.0005106642222
67348,1825.0005106642222
67349,1825.0005106642222
67350,1825.0005106642222
67351,1825.0005106642222
67352,1825.0005106642222
67353,1825.0005106642222
67354,1825.0005106642222
67355,1825.0005106642222
67356,1825.0005106642222
67357,1825.0005106642222
67358,1825.0005106642222
67359,1825.0005106642222
67360,1825.0005106642222
67361,1825.0005106642222
67362,1825.0005106642222
67363,1825.0005106642222
67364,1825.0005106642222
67365,1825.0005106642222
67366,1825.0005106642222
67367,1825.0005106642222
67368,1825.0005106642222
67369,1825.0005106642222
67370,1825.0005106642222
67371,1825.0005106642222
67372,1825.0005106642222
67373,1825.0005106642222
67374,1825.0005106642222
67375,1825.0005106642222
67376,1825.0005106642222
67377,1825.0005106642222
67378,1825.0005106642222
67379,1825.0005106642222
67380,1825.0005106642222
67381,1825.0005106642222
67382,1825.0005106642222
67383,1825.0005106642222
67384,1825.0005106642222
67385,1825.0005106642222
67386,1825.0005106642222
67387,1825.0005106642222
67388,1825.0005106642222
67389,1825.0005106642222
67390,1825.0005106642222
67391,1825.0005106642222
67392,1825.0005106642222
67393,1825.0005106642222
67394,1825.0005106642222
67395,1825.0005106642222
67396,1825.0005106642222
67397,1825.0005106642222
67398,1825.0005106642222
67399,1825.0005106642222
67400,1825.0005106642222
67401,1825.0005106642222
67402,1825.0005106642222
67403,1825.0005106642222
67404,1825.0005106642222
67405,1825.0005106642222
67406,1825.0005106642222
67407,1825.0005106642222
67408,1825.0005106642222
67409,1825.0005106642222
67410,1825.0005106642222
67411,1825.0005106642222
67412,1825.0005106642222
67413,1825.0005106642222
67414,1825.0005106642222
67415,1825.0005106642222
67416,1825.0005106642222
67417,1825.0005106642222
67418,1825.0005106642222
67419,1825.0005106642222
67420,1825.0005106642222
67421,1825.0005106642222
67422,1825.0005106642222
67423,1825.0005106642222
67424,1825.0005106642222
67425,1825.0005106642222
67426,1825.0005106642222
67427,1825.0005106642222
67428,1825.0005106642222
67429,1825.0005106642222
67430,1825.0005106642222
67431,1825.0005106642222
67432,1825.0005106642222
67433,1825.0005106642222
67434,1825.0005106642222
67435,1825.0005106642222
67436,1825.0005106642222
67437,1825.0005106642222
67438,1825.0005106642222
67439,1825.0005106642222
67440,1825.0005106642222
67441,1825.0005106642222
67442,1825.0005106642222
67443,1825.0005106642222
67444,1825.0005106642222
67445,1825.0005106642222
67446,1825.0005106642222
67447,1825.0005106642222
67448,1825.0005106642222
67449,1825.0005106642222
67450,1825.0005106642222
67451,1825.0005106642222
67452,1825.0005106642222
67453,1825.0005106642222
67454,1825.0005106642222
67455,1825.0005106642222
67456,1825.0005106642222
67457,1825.0005106642222
67458,1825.0005106642222
67459,1825.0005106642222
67460,1825.0005106642222
67461,1825.0005106642222
67462,1825.0005106642222
67463,1825.0005106642222
67464,1825.0005106642222
67465,1825.0005106642222
67466,1825.0005106642222
67467,1825.0005106642222
67468,1825.0005106642222
67469,1825.0005106642222
67470,1825.0005106642222
67471,1825.0005106642222
67472,1825.0005106642222
67473,1825.0005106642222
67474,1825.0005106642222
67475,1825.0005106642222
67476,1825.0005106642222
67477,1825.0005106642222
67478,1825.0005106642222
67479,1825.0005106642222
67480,1825.0005106642222
67481,1825.0005106642222
67482,1825.0005106642222
67483,1825.0005106642222
67484,1825.0005106642222
67485,1825.0005106642222
67486,1825.0005106642222
67487,1825.0005106642222
67488,1825.0005106642222
67489,1825.0005106642222
67490,1825.0005106642222
67491,1825.0005106642222
67492,1825.0005106642222
67493,1825.0005106642222
67494,1825.0005106642222
67495,1825.0005106642222
67496,1825.0005106642222
67497,1825.0005106642222
67498,1825.0005106642222
67499,1825.0005106642222
67500,1825.0005106642222
67501,1825.0005106642222
67502,1825.0005106642222
67503,1825.0005106642222
67504,1825.0005106642222
67505,1825.0005106642222
67506,1825.0005106642222
67507,1825.0005106642222
67508,1825.0005106642222
67509,1825.0005106642222
67510,1825.0005106642222
67511,1825.0005106642222
67512,1825.0005106642222
67513,1825.0005106642222
67514,1825.0005106642222
67515,1825.0005106642222
67516,1825.0005106642222
67517,1825.0005106642222
67518,1825.0005106642222
67519,1825.0005106642222
67520,1825.0005106642222
67521,1825.0005106642222
67522,1825.0005106642222
67523,1825.0005106642222
67524,1825.0005106642222
67525,1825.0005106642222
67526,1825.0005106642222
67527,1825.0005106642222
67528,1825.0005106642222
67529,1825.0005106642222
67530,1825.0005106642222
67531,1825.0005106642222
67532,1825.0005106642222
67533,1825.0005106642222
67534,1825.0005106642222
67535,1825.0005106642222
67536,1825.0005106642222
67537,1825.0005106642222
67538,1825.0005106642222
67539,1825.0005106642222
67540,1825.0005106642222
67541,1825.0005106642222
67542,1825.0005106642222
67543,1825.0005106642222
67544,1825.0005106642222
67545,1825.0005106642222
67546,1825.0005106642222
67547,1825.0005106642222
67548,1825.0005106642222
67549,1825.0005106642222
67550,1825.0005106642222
67551,1825.0005106642222
67552,1825.0005106642222
67553,1825.0005106642222
67554,1825.0005106642222
67555,1825.0005106642222
67556,1825.0005106642222
67557,1825.0005106642222
67558,1825.0005106642222
67559,1825.0005106642222
67560,1825.0005106642222
67561,1825.0005106642222
67562,1825.0005106642222
67563,1825.0005106642222
67564,1825.0005106642222
67565,1825.0005106642222
67566,1825.0005106642222
67567,1825.0005106642222
67568,1825.0005106642222
67569,1825.0005106642222
67570,1825.0005106642222
67571,1825.0005106642222
67572,1825.0005106642222
67573,1825.0005106642222
67574,1825.0005106642222
67575,1825.0005106642222
67576,1825.0005106642222
67577,1825.0005106642222
67578,1825.0005106642222
67579,1825.0005106642222
67580,1825.0005106642222
67581,1825.0005106642222
67582,1825.0005106642222
67583,1825.0005106642222
67584,1825.0005106642222
67585,1825.0005106642222
67586,1825.0005106642222
67587,1825.0005106642222
67588,1825.0005106642222
67589,1825.0005106642222
67590,1825.0005106642222
67591,1825.0005106642222
67592,1825.0005106642222
67593,1825.0005106642222
67594,1825.0005106642222
67595,1825.0005106642222
67596,1825.0005106642222
67597,1825.0005106642222
67598,1825.0005106642222
67599,1825.0005106642222
67600,1825.0005106642222
67601,1825.0005106642222
67602,1825.0005106642222
67603,1825.0005106642222
67604,1825.0005106642222
67605,1825.0005106642222
67606,1825.0005106642222
67607,1825.0005106642222
67608,1825.0005106642222
67609,1825.0005106642222
67610,1825.0005106642222
67611,1825.0005106642222
67612,1825.0005106642222
67613,1825.0005106642222
67614,1825.0005106642222
67615,1825.0005106642222
67616,1825.0005106642222
67617,1825.0005106642222
67618,1825.0005106642222
67619,1825.0005106642222
67620,1825.0005106642222
67621,1825.0005106642222
67622,1825.0005106642222
67623,1825.0005106642222
67624,1825.0005106642222
67625,1825.0005106642222
67626,1825.0005106642222
67627,1825.0005106642222
67628,1825.0005106642222
67629,1825.0005106642222
67630,1825.0005106642222
67631,1825.0005106642222
67632,1825.0005106642222
67633,1825.0005106642222
67634,1825.0005106642222
67635,1825.0005106642222
67636,1825.0005106642222
67637,1825.0005106642222
67638,1825.0005106642222
67639,1825.0005106642222
67640,1825.0005106642222
67641,1825.0005106642222
67642,1825.0005106642222
67643,1825.0005106642222
67644,1825.0005106642222
67645,1825.0005106642222
67646,1825.0005106642222
67647,1825.0005106642222
67648,1825.0005106642222
67649,1825.0005106642222
67650,1825.0005106642222
67651,1825.0005106642222
67652,1825.0005106642222
67653,1825.0005106642222
67654,1825.0005106642222
67655,1825.0005106642222
67656,1825.0005106642222
67657,1825.0005106642222
67658,1825.0005106642222
67659,1825.0005106642222
67660,1825.0005106642222
67661,1825.0005106642222
67662,1825.0005106642222
67663,1825.0005106642222
67664,1825.0005106642222
67665,1825.0005106642222
67666,1825.0005106642222
67667,1825.0005106642222
67668,1825.0005106642222
67669,1825.0005106642222
67670,1825.0005106642222
67671,1825.0005106642222
67672,1825.0005106642222
67673,1825.0005106642222
67674,1825.0005106642222
67675,1825.0005106642222
67676,1825.0005106642222
67677,1825.0005106642222
67678,1825.0005106642222
67679,1825.0005106642222
67680,1825.0005106642222
67681,1825.0005106642222
67682,1825.0005106642222
67683,1825.0005106642222
67684,1825.0005106642222
67685,1825.0005106642222
67686,1825.0005106642222
67687,1825.0005106642222
67688,1825.0005106642222
67689,1825.0005106642222
67690,1825.0005106642222
67691,1825.0005106642222
67692,1825.0005106642222
67693,1825.0005106642222
67694,1825.0005106642222
67695,1825.0005106642222
67696,1825.0005106642222
67697,1825.0005106642222
67698,1825.0005106642222
67699,1825.0005106642222
67700,1825.0005106642222
67701,1825.0005106642222
67702,1825.0005106642222
67703,1825.0005106642222
67704,1825.0005106642222
67705,1825.0005106642222
67706,1825.0005106642222
67707,1825.0005106642222
67708,1825.0005106642222
67709,1825.0005106642222
67710,1825.0005106642222
67711,1825.0005106642222
67712,1825.0005106642222
67713,1825.0005106642222
67714,1825.0005106642222
67715,1825.0005106642222
67716,1825.0005106642222
67717,1825.0005106642222
67718,1825.0005106642222
67719,1825.0005106642222
67720,1825.0005106642222
67721,1825.0005106642222
67722,1825.0005106642222
67723,1825.0005106642222
67724,1825.0005106642222
67725,1825.0005106642222
67726,1825.0005106642222
67727,1825.0005106642222
67728,1825.0005106642222
67729,1825.0005106642222
67730,1825.0005106642222
67731,1825.0005106642222
67732,1825.0005106642222
67733,1825.0005106642222
67734,1825.0005106642222
67735,1825.0005106642222
67736,1825.0005106642222
67737,1825.0005106642222
67738,1825.0005106642222
67739,1825.0005106642222
67740,1825.0005106642222
67741,1825.0005106642222
67742,1825.0005106642222
67743,1825.0005106642222
67744,1825.0005106642222
67745,1825.0005106642222
67746,1825.0005106642222
67747,1825.0005106642222
67748,1825.0005106642222
67749,1825.0005106642222
67750,1825.0005106642222
67751,1825.0005106642222
67752,1825.0005106642222
67753,1825.0005106642222
67754,1825.0005106642222
67755,1825.0005106642222
67756,1825.0005106642222
67757,1825.0005106642222
67758,1825.0005106642222
67759,1825.0005106642222
67760,1825.0005106642222
67761,1825.0005106642222
67762,1825.0005106642222
67763,1825.0005106642222
67764,1825.0005106642222
67765,1825.0005106642222
67766,1825.0005106642222
67767,1825.0005106642222
67768,1825.0005106642222
67769,1825.0005106642222
67770,1825.0005106642222
67771,1825.0005106642222
67772,1825.0005106642222
67773,1825.0005106642222
67774,1825.0005106642222
67775,1825.0005106642222
67776,1825.0005106642222
67777,1825.0005106642222
67778,1825.0005106642222
67779,1825.0005106642222
67780,1825.0005106642222
67781,1825.0005106642222
67782,1825.0005106642222
67783,1825.0005106642222
67784,1825.0005106642222
67785,1825.0005106642222
67786,1825.0005106642222
67787,1825.0005106642222
67788,1825.0005106642222
67789,1825.0005106642222
67790,1825.0005106642222
67791,1825.0005106642222
67792,1825.0005106642222
67793,1825.0005106642222
67794,1825.0005106642222
67795,1825.0005106642222
67796,1825.0005106642222
67797,1825.0005106642222
67798,1825.0005106642222
67799,1825.0005106642222
67800,1825.0005106642222
67801,1825.0005106642222
67802,1825.0005106642222
67803,1825.0005106642222
67804,1825.0005106642222
67805,1825.0005106642222
67806,1825.0005106642222
67807,1825.0005106642222
67808,1825.0005106642222
67809,1825.0005106642222
67810,1825.0005106642222
67811,1825.0005106642222
67812,1825.0005106642222
67813,1825.0005106642222
67814,1825.0005106642222
67815,1825.0005106642222
67816,1825.0005106642222
67817,1825.0005106642222
67818,1825.0005106642222
67819,1825.0005106642222
67820,1825.0005106642222
67821,1825.0005106642222
67822,1825.0005106642222
67823,1825.0005106642222
67824,1825.0005106642222
67825,1825.0005106642222
67826,1825.0005106642222
67827,1825.0005106642222
67828,1825.0005106642222
67829,1825.0005106642222
67830,1825.0005106642222
67831,1825.0005106642222
67832,1825.0005106642222
67833,1825.0005106642222
67834,1825.0005106642222
67835,1825.0005106642222
67836,1825.0005106642222
67837,1825.0005106642222
67838,1825.0005106642222
67839,1825.0005106642222
67840,1825.0005106642222
67841,1825.0005106642222
67842,1825.0005106642222
67843,1825.0005106642222
67844,1825.0005106642222
67845,1825.0005106642222
67846,1825.0005106642222
67847,1825.0005106642222
67848,1825.0005106642222
67849,1825.0005106642222
67850,1825.0005106642222
67851,1825.0005106642222
67852,1825.0005106642222
67853,1825.0005106642222
67854,1825.0005106642222
67855,1825.0005106642222
67856,1825.0005106642222
67857,1825.0005106642222
67858,1825.0005106642222
67859,1825.0005106642222
67860,1825.0005106642222
67861,1825.0005106642222
67862,1825.0005106642222
67863,1825.0005106642222
67864,1825.0005106642222
67865,1825.0005106642222
67866,1825.0005106642222
67867,1825.0005106642222
67868,1825.0005106642222
67869,1825.0005106642222
67870,1825.0005106642222
67871,1825.0005106642222
67872,1825.0005106642222
67873,1825.0005106642222
67874,1825.0005106642222
67875,1825.0005106642222
67876,1825.0005106642222
67877,1825.0005106642222
67878,1825.0005106642222
67879,1825.0005106642222
67880,1825.0005106642222
67881,1825.0005106642222
67882,1825.0005106642222
67883,1825.0005106642222
67884,1825.0005106642222
67885,1825.0005106642222
67886,1825.0005106642222
67887,1825.0005106642222
67888,1825.0005106642222
67889,1825.0005106642222
67890,1825.0005106642222
67891,1825.0005106642222
67892,1825.0005106642222
67893,1825.0005106642222
67894,1825.0005106642222
67895,1825.0005106642222
67896,1825.0005106642222
67897,1825.0005106642222
67898,1825.0005106642222
67899,1825.0005106642222
67900,1825.0005106642222
67901,1825.0005106642222
67902,1825.0005106642222
67903,1825.0005106642222
67904,1825.0005106642222
67905,1825.0005106642222
67906,1825.0005106642222
67907,1825.0005106642222
67908,1825.0005106642222
67909,1825.0005106642222
67910,1825.0005106642222
67911,1825.0005106642222
67912,1825.0005106642222
67913,1825.0005106642222
67914,1825.0005106642222
67915,1825.0005106642222
67916,1825.0005106642222
67917,1825.0005106642222
67918,1825.0005106642222
67919,1825.0005106642222
67920,1825.0005106642222
67921,1825.0005106642222
67922,1825.0005106642222
67923,1825.0005106642222
67924,1825.0005106642222
67925,1825.0005106642222
67926,1825.0005106642222
67927,1825.0005106642222
67928,1825.0005106642222
67929,1825.0005106642222
67930,1825.0005106642222
67931,1825.0005106642222
67932,1825.0005106642222
67933,1825.0005106642222
67934,1825.0005106642222
67935,1825.0005106642222
67936,1825.0005106642222
67937,1825.0005106642222
67938,1825.0005106642222
67939,1825.0005106642222
67940,1825.0005106642222
67941,1825.0005106642222
67942,1825.0005106642222
67943,1825.0005106642222
67944,1825.0005106642222
67945,1825.0005106642222
67946,1825.0005106642222
67947,1825.0005106642222
67948,1825.0005106642222
67949,1825.0005106642222
67950,1825.0005106642222
67951,1825.0005106642222
67952,1825.0005106642222
67953,1825.0005106642222
67954,1825.0005106642222
67955,1825.0005106642222
67956,1825.0005106642222
67957,1825.0005106642222
67958,1825.0005106642222
67959,1825.0005106642222
67960,1825.0005106642222
67961,1825.0005106642222
67962,1825.0005106642222
67963,1825.0005106642222
67964,1825.0005106642222
67965,1825.0005106642222
67966,1825.0005106642222
67967,1825.0005106642222
67968,1825.0005106642222
67969,1825.0005106642222
67970,1825.0005106642222
67971,1825.0005106642222
67972,1825.0005106642222
67973,1825.0005106642222
67974,1825.0005106642222
67975,1825.0005106642222
67976,1825.0005106642222
67977,1825.0005106642222
67978,1825.0005106642222
67979,1825.0005106642222
67980,1825.0005106642222
67981,1825.0005106642222
67982,1825.0005106642222
67983,1825.0005106642222
67984,1825.0005106642222
67985,1825.0005106642222
67986,1825.0005106642222
67987,1825.0005106642222
67988,1825.0005106642222
67989,1825.0005106642222
67990,1825.0005106642222
67991,1825.0005106642222
67992,1825.0005106642222
67993,1825.0005106642222
67994,1825.0005106642222
67995,1825.0005106642222
67996,1825.0005106642222
67997,1825.0005106642222
67998,1825.0005106642222
67999,1825.0005106642222
68000,1825.0005106642222
68001,1825.0005106642222
68002,1825.0005106642222
68003,1825.0005106642222
68004,1825.0005106642222
68005,1825.0005106642222
68006,1825.0005106642222
68007,1825.0005106642222
68008,1825.0005106642222
68009,1825.0005106642222
68010,1825.0005106642222
68011,1825.0005106642222
68012,1825.0005106642222
68013,1825.0005106642222
68014,1825.0005106642222
68015,1825.0005106642222
68016,1825.0005106642222
68017,1825.0005106642222
68018,1825.0005106642222
68019,1825.0005106642222
68020,1825.0005106642222
68021,1825.0005106642222
68022,1825.0005106642222
68023,1825.0005106642222
68024,1825.0005106642222
68025,1825.0005106642222
68026,1825.0005106642222
68027,1825.0005106642222
68028,1825.0005106642222
68029,1825.0005106642222
68030,1825.0005106642222
68031,1825.0005106642222
68032,1825.0005106642222
68033,1825.0005106642222
68034,1825.0005106642222
68035,1825.0005106642222
68036,1825.0005106642222
68037,1825.0005106642222
68038,1825.0005106642222
68039,1825.0005106642222
68040,1825.0005106642222
68041,1825.0005106642222
68042,1825.0005106642222
68043,1825.0005106642222
68044,1825.0005106642222
68045,1825.0005106642222
68046,1825.0005106642222
68047,1825.0005106642222
68048,1825.0005106642222
68049,1825.0005106642222
68050,1825.0005106642222
68051,1825.0005106642222
68052,1825.0005106642222
68053,1825.0005106642222
68054,1825.0005106642222
68055,1825.0005106642222
68056,1825.0005106642222
68057,1825.0005106642222
68058,1825.0005106642222
68059,1825.0005106642222
68060,1825.0005106642222
68061,1825.0005106642222
68062,1825.0005106642222
68063,1825.0005106642222
68064,1825.0005106642222
68065,1825.0005106642222
68066,1825.0005106642222
68067,1825.0005106642222
68068,1825.0005106642222
68069,1825.0005106642222
68070,1825.0005106642222
68071,1825.0005106642222
68072,1825.0005106642222
68073,1825.0005106642222
68074,1825.0005106642222
68075,1825.0005106642222
68076,1825.0005106642222
68077,1825.0005106642222
68078,1825.0005106642222
68079,1825.0005106642222
68080,1825.0005106642222
68081,1825.0005106642222
68082,1825.0005106642222
68083,1825.0005106642222
68084,1825.0005106642222
68085,1825.0005106642222
68086,1825.0005106642222
68087,1825.0005106642222
68088,1825.0005106642222
68089,1825.0005106642222
68090,1825.0005106642222
68091,1825.0005106642222
68092,1825.0005106642222
68093,1825.0005106642222
68094,1825.0005106642222
68095,1825.0005106642222
68096,1825.0005106642222
68097,1825.0005106642222
68098,1825.0005106642222
68099,1825.0005106642222
68100,1825.0005106642222
68101,1825.0005106642222
68102,1825.0005106642222
68103,1825.0005106642222
68104,1825.0005106642222
68105,1825.0005106642222
68106,1825.0005106642222
68107,1825.0005106642222
68108,1825.0005106642222
68109,1825.0005106642222
68110,1825.0005106642222
68111,1825.0005106642222
68112,1825.0005106642222
68113,1825.0005106642222
68114,1825.0005106642222
68115,1825.0005106642222
68116,1825.0005106642222
68117,1825.0005106642222
68118,1825.0005106642222
68119,1825.0005106642222
68120,1825.0005106642222
68121,1825.0005106642222
68122,1825.0005106642222
68123,1825.0005106642222
68124,1825.0005106642222
68125,1825.0005106642222
68126,1825.0005106642222
68127,1825.0005106642222
68128,1825.0005106642222
68129,1825.0005106642222
68130,1825.0005106642222
68131,1825.0005106642222
68132,1825.0005106642222
68133,1825.0005106642222
68134,1825.0005106642222
68135,1825.0005106642222
68136,1825.0005106642222
68137,1825.0005106642222
68138,1825.0005106642222
68139,1825.0005106642222
68140,1825.0005106642222
68141,1825.0005106642222
68142,1825.0005106642222
68143,1825.0005106642222
68144,1825.0005106642222
68145,1825.0005106642222
68146,1825.0005106642222
68147,1825.0005106642222
68148,1825.0005106642222
68149,1825.0005106642222
68150,1825.0005106642222
68151,1825.0005106642222
68152,1825.0005106642222
68153,1825.0005106642222
68154,1825.0005106642222
68155,1825.0005106642222
68156,1825.0005106642222
68157,1825.0005106642222
68158,1825.0005106642222
68159,1825.0005106642222
68160,1825.0005106642222
68161,1825.0005106642222
68162,1825.0005106642222
68163,1825.0005106642222
68164,1825.0005106642222
68165,1825.0005106642222
68166,1825.0005106642222
68167,1825.0005106642222
68168,1825.0005106642222
68169,1825.0005106642222
68170,1825.0005106642222
68171,1825.0005106642222
68172,1825.0005106642222
68173,1825.0005106642222
68174,1825.0005106642222
68175,1825.0005106642222
68176,1825.0005106642222
68177,1825.0005106642222
68178,1825.0005106642222
68179,1825.0005106642222
68180,1825.0005106642222
68181,1825.0005106642222
68182,1825.0005106642222
68183,1825.0005106642222
68184,1825.0005106642222
68185,1825.0005106642222
68186,1825.0005106642222
68187,1825.0005106642222
68188,1825.0005106642222
68189,1825.0005106642222
68190,1825.0005106642222
68191,1825.0005106642222
68192,1825.0005106642222
68193,1825.0005106642222
68194,1825.0005106642222
68195,1825.0005106642222
68196,1825.0005106642222
68197,1825.0005106642222
68198,1825.0005106642222
68199,1825.0005106642222
68200,1825.0005106642222
68201,1825.0005106642222
68202,1825.0005106642222
68203,1825.0005106642222
68204,1825.0005106642222
68205,1825.0005106642222
68206,1825.0005106642222
68207,1825.0005106642222
68208,1825.0005106642222
68209,1825.0005106642222
68210,1825.0005106642222
68211,1825.0005106642222
68212,1825.0005106642222
68213,1825.0005106642222
68214,1825.0005106642222
68215,1825.0005106642222
68216,1825.0005106642222
68217,1825.0005106642222
68218,1825.0005106642222
68219,1825.0005106642222
68220,1825.0005106642222
68221,1825.0005106642222
68222,1825.0005106642222
68223,1825.0005106642222
68224,1825.0005106642222
68225,1825.0005106642222
68226,1825.0005106642222
68227,1825.0005106642222
68228,1825.0005106642222
68229,1825.0005106642222
68230,1825.0005106642222
68231,1825.0005106642222
68232,1825.0005106642222
68233,1825.0005106642222
68234,1825.0005106642222
68235,1825.0005106642222
68236,1825.0005106642222
68237,1825.0005106642222
68238,1825.0005106642222
68239,1825.0005106642222
68240,1825.0005106642222
68241,1825.0005106642222
68242,1825.0005106642222
68243,1825.0005106642222
68244,1825.0005106642222
68245,1825.0005106642222
68246,1825.0005106642222
68247,1825.0005106642222
68248,1825.0005106642222
68249,1825.0005106642222
68250,1825.0005106642222
68251,1825.0005106642222
68252,1825.0005106642222
68253,1825.0005106642222
68254,1825.0005106642222
68255,1825.0005106642222
68256,1825.0005106642222
68257,1825.0005106642222
68258,1825.0005106642222
68259,1825.0005106642222
68260,1825.0005106642222
68261,1825.0005106642222
68262,1825.0005106642222
68263,1825.0005106642222
68264,1825.0005106642222
68265,1825.0005106642222
68266,1825.0005106642222
68267,1825.0005106642222
68268,1825.0005106642222
68269,1825.0005106642222
68270,1825.0005106642222
68271,1825.0005106642222
68272,1825.0005106642222
68273,1825.0005106642222
68274,1825.0005106642222
68275,1825.0005106642222
68276,1825.0005106642222
68277,1825.0005106642222
68278,1825.0005106642222
68279,1825.0005106642222
68280,1825.0005106642222
68281,1825.0005106642222
68282,1825.0005106642222
68283,1825.0005106642222
68284,1825.0005106642222
68285,1825.0005106642222
68286,1825.0005106642222
68287,1825.0005106642222
68288,1825.0005106642222
68289,1825.0005106642222
68290,1825.0005106642222
68291,1825.0005106642222
68292,1825.0005106642222
68293,1825.0005106642222
68294,1825.0005106642222
68295,1825.0005106642222
68296,1825.0005106642222
68297,1825.0005106642222
68298,1825.0005106642222
68299,1825.0005106642222
68300,1825.0005106642222
68301,1825.0005106642222
68302,1825.0005106642222
68303,1825.0005106642222
68304,1825.0005106642222
68305,1825.0005106642222
68306,1825.0005106642222
68307,1825.0005106642222
68308,1825.0005106642222
68309,1825.0005106642222
68310,1825.0005106642222
68311,1825.0005106642222
68312,1825.0005106642222
68313,1825.0005106642222
68314,1825.0005106642222
68315,1825.0005106642222
68316,1825.0005106642222
68317,1825.0005106642222
68318,1825.0005106642222
68319,1825.0005106642222
68320,1825.0005106642222
68321,1825.0005106642222
68322,1825.0005106642222
68323,1825.0005106642222
68324,1825.0005106642222
68325,1825.0005106642222
68326,1825.0005106642222
68327,1825.0005106642222
68328,1825.0005106642222
68329,1825.0005106642222
68330,1825.0005106642222
68331,1825.0005106642222
68332,1825.0005106642222
68333,1825.0005106642222
68334,1825.0005106642222
68335,1825.0005106642222
68336,1825.0005106642222
68337,1825.0005106642222
68338,1825.0005106642222
68339,1825.0005106642222
68340,1825.0005106642222
68341,1825.0005106642222
68342,1825.0005106642222
68343,1825.0005106642222
68344,1825.0005106642222
68345,1825.0005106642222
68346,1825.0005106642222
68347,1825.0005106642222
68348,1825.0005106642222
68349,1825.0005106642222
68350,1825.0005106642222
68351,1825.0005106642222
68352,1825.0005106642222
68353,1825.0005106642222
68354,1825.0005106642222
68355,1825.0005106642222
68356,1825.0005106642222
68357,1825.0005106642222
68358,1825.0005106642222
68359,1825.0005106642222
68360,1825.0005106642222
68361,1825.0005106642222
68362,1825.0005106642222
68363,1825.0005106642222
68364,1825.0005106642222
68365,1825.0005106642222
68366,1825.0005106642222
68367,1825.0005106642222
68368,1825.0005106642222
68369,1825.0005106642222
68370,1825.0005106642222
68371,1825.0005106642222
68372,1825.0005106642222
68373,1825.0005106642222
68374,1825.0005106642222
68375,1825.0005106642222
68376,1825.0005106642222
68377,1825.0005106642222
68378,1825.0005106642222
68379,1825.0005106642222
68380,1825.0005106642222
68381,1825.0005106642222
68382,1825.0005106642222
68383,1825.0005106642222
68384,1825.0005106642222
68385,1825.0005106642222
68386,1825.0005106642222
68387,1825.0005106642222
68388,1825.0005106642222
68389,1825.0005106642222
68390,1825.0005106642222
68391,1825.0005106642222
68392,1825.0005106642222
68393,1825.0005106642222
68394,1825.0005106642222
68395,1825.0005106642222
68396,1825.0005106642222
68397,1825.0005106642222
68398,1825.0005106642222
68399,1825.0005106642222
68400,1825.0005106642222
68401,1825.0005106642222
68402,1825.0005106642222
68403,1825.0005106642222
68404,1825.0005106642222
68405,1825.0005106642222
68406,1825.0005106642222
68407,1825.0005106642222
68408,1825.0005106642222
68409,1825.0005106642222
68410,1825.0005106642222
68411,1825.0005106642222
68412,1825.0005106642222
68413,1825.0005106642222
68414,1825.0005106642222
68415,1825.0005106642222
68416,1825.0005106642222
68417,1825.0005106642222
68418,1825.0005106642222
68419,1825.0005106642222
68420,1825.0005106642222
68421,1825.0005106642222
68422,1825.0005106642222
68423,1825.0005106642222
68424,1825.0005106642222
68425,1825.0005106642222
68426,1825.0005106642222
68427,1825.0005106642222
68428,1825.0005106642222
68429,1825.0005106642222
68430,1825.0005106642222
68431,1825.0005106642222
68432,1825.0005106642222
68433,1825.0005106642222
68434,1825.0005106642222
68435,1825.0005106642222
68436,1825.0005106642222
68437,1825.0005106642222
68438,1825.0005106642222
68439,1825.0005106642222
68440,1825.0005106642222
68441,1825.0005106642222
68442,1825.0005106642222
68443,1825.0005106642222
68444,1825.0005106642222
68445,1825.0005106642222
68446,1825.0005106642222
68447,1825.0005106642222
68448,1825.0005106642222
68449,1825.0005106642222
68450,1825.0005106642222
68451,1825.0005106642222
68452,1825.0005106642222
68453,1825.0005106642222
68454,1825.0005106642222
68455,1825.0005106642222
68456,1825.0005106642222
68457,1825.0005106642222
68458,1825.0005106642222
68459,1825.0005106642222
68460,1825.0005106642222
68461,1825.0005106642222
68462,1825.0005106642222
68463,1825.0005106642222
68464,1825.0005106642222
68465,1825.0005106642222
68466,1825.0005106642222
68467,1825.0005106642222
68468,1825.0005106642222
68469,1825.0005106642222
68470,1825.0005106642222
68471,1825.0005106642222
68472,1825.0005106642222
68473,1825.0005106642222
68474,1825.0005106642222
68475,1825.0005106642222
68476,1825.0005106642222
68477,1825.0005106642222
68478,1825.0005106642222
68479,1825.0005106642222
68480,1825.0005106642222
68481,1825.0005106642222
68482,1825.0005106642222
68483,1825.0005106642222
68484,1825.0005106642222
68485,1825.0005106642222
68486,1825.0005106642222
68487,1825.0005106642222
68488,1825.0005106642222
68489,1825.0005106642222
68490,1825.0005106642222
68491,1825.0005106642222
68492,1825.0005106642222
68493,1825.0005106642222
68494,1825.0005106642222
68495,1825.0005106642222
68496,1825.0005106642222
68497,1825.0005106642222
68498,1825.0005106642222
68499,1825.0005106642222
68500,1825.0005106642222
68501,1825.0005106642222
68502,1825.0005106642222
68503,1825.0005106642222
68504,1825.0005106642222
68505,1825.0005106642222
68506,1825.0005106642222
68507,1825.0005106642222
68508,1825.0005106642222
68509,1825.0005106642222
68510,1825.0005106642222
68511,1825.0005106642222
68512,1825.0005106642222
68513,1825.0005106642222
68514,1825.0005106642222
68515,1825.0005106642222
68516,1825.0005106642222
68517,1825.0005106642222
68518,1825.0005106642222
68519,1825.0005106642222
68520,1825.0005106642222
68521,1825.0005106642222
68522,1825.0005106642222
68523,1825.0005106642222
68524,1825.0005106642222
68525,1825.0005106642222
68526,1825.0005106642222
68527,1825.0005106642222
68528,1825.0005106642222
68529,1825.0005106642222
68530,1825.0005106642222
68531,1825.0005106642222
68532,1825.0005106642222
68533,1825.0005106642222
68534,1825.0005106642222
68535,1825.0005106642222
68536,1825.0005106642222
68537,1825.0005106642222
68538,1825.0005106642222
68539,1825.0005106642222
68540,1825.0005106642222
68541,1825.0005106642222
68542,1825.0005106642222
68543,1825.0005106642222
68544,1825.0005106642222
68545,1825.0005106642222
68546,1825.0005106642222
68547,1825.0005106642222
68548,1825.0005106642222
68549,1825.0005106642222
68550,1825.0005106642222
68551,1825.0005106642222
68552,1825.0005106642222
68553,1825.0005106642222
68554,1825.0005106642222
68555,1825.0005106642222
68556,1825.0005106642222
68557,1825.0005106642222
68558,1825.0005106642222
68559,1825.0005106642222
68560,1825.0005106642222
68561,1825.0005106642222
68562,1825.0005106642222
68563,1825.0005106642222
68564,1825.0005106642222
68565,1825.0005106642222
68566,1825.0005106642222
68567,1825.0005106642222
68568,1825.0005106642222
68569,1825.0005106642222
68570,1825.0005106642222
68571,1825.0005106642222
68572,1825.0005106642222
68573,1825.0005106642222
68574,1825.0005106642222
68575,1825.0005106642222
68576,1825.0005106642222
68577,1825.0005106642222
68578,1825.0005106642222
68579,1825.0005106642222
68580,1825.0005106642222
68581,1825.0005106642222
68582,1825.0005106642222
68583,1825.0005106642222
68584,1825.0005106642222
68585,1825.0005106642222
68586,1825.0005106642222
68587,1825.0005106642222
68588,1825.0005106642222
68589,1825.0005106642222
68590,1825.0005106642222
68591,1825.0005106642222
68592,1825.0005106642222
68593,1825.0005106642222
68594,1825.0005106642222
68595,1825.0005106642222
68596,1825.0005106642222
68597,1825.0005106642222
68598,1825.0005106642222
68599,1825.0005106642222
68600,1825.0005106642222
68601,1825.0005106642222
68602,1825.0005106642222
68603,1825.0005106642222
68604,1825.0005106642222
68605,1825.0005106642222
68606,1825.0005106642222
68607,1825.0005106642222
68608,1825.0005106642222
68609,1825.0005106642222
68610,1825.0005106642222
68611,1825.0005106642222
68612,1825.0005106642222
68613,1825.0005106642222
68614,1825.0005106642222
68615,1825.0005106642222
68616,1825.0005106642222
68617,1825.0005106642222
68618,1825.0005106642222
68619,1825.0005106642222
68620,1825.0005106642222
68621,1825.0005106642222
68622,1825.0005106642222
68623,1825.0005106642222
68624,1825.0005106642222
68625,1825.0005106642222
68626,1825.0005106642222
68627,1825.0005106642222
68628,1825.0005106642222
68629,1825.0005106642222
68630,1825.0005106642222
68631,1825.0005106642222
68632,1825.0005106642222
68633,1825.0005106642222
68634,1825.0005106642222
68635,1825.0005106642222
68636,1825.0005106642222
68637,1825.0005106642222
68638,1825.0005106642222
68639,1825.0005106642222
68640,1825.0005106642222
68641,1825.0005106642222
68642,1825.0005106642222
68643,1825.0005106642222
68644,1825.0005106642222
68645,1825.0005106642222
68646,1825.0005106642222
68647,1825.0005106642222
68648,1825.0005106642222
68649,1825.0005106642222
68650,1825.0005106642222
68651,1825.0005106642222
68652,1825.0005106642222
68653,1825.0005106642222
68654,1825.0005106642222
68655,1825.0005106642222
68656,1825.0005106642222
68657,1825.0005106642222
68658,1825.0005106642222
68659,1825.0005106642222
68660,1825.0005106642222
68661,1825.0005106642222
68662,1825.0005106642222
68663,1825.0005106642222
68664,1825.0005106642222
68665,1825.0005106642222
68666,1825.0005106642222
68667,1825.0005106642222
68668,1825.0005106642222
68669,1825.0005106642222
68670,1825.0005106642222
68671,1825.0005106642222
68672,1825.0005106642222
68673,1825.0005106642222
68674,1825.0005106642222
68675,1825.0005106642222
68676,1825.0005106642222
68677,1825.0005106642222
68678,1825.0005106642222
68679,1825.0005106642222
68680,1825.0005106642222
68681,1825.0005106642222
68682,1825.0005106642222
68683,1825.0005106642222
68684,1825.0005106642222
68685,1825.0005106642222
68686,1825.0005106642222
68687,1825.0005106642222
68688,1825.0005106642222
68689,1825.0005106642222
68690,1825.0005106642222
68691,1825.0005106642222
68692,1825.0005106642222
68693,1825.0005106642222
68694,1825.0005106642222
68695,1825.0005106642222
68696,1825.0005106642222
68697,1825.0005106642222
68698,1825.0005106642222
68699,1825.0005106642222
68700,1825.0005106642222
68701,1825.0005106642222
68702,1825.0005106642222
68703,1825.0005106642222
68704,1825.0005106642222
68705,1825.0005106642222
68706,1825.0005106642222
68707,1825.0005106642222
68708,1825.0005106642222
68709,1825.0005106642222
68710,1825.0005106642222
68711,1825.0005106642222
68712,1825.0005106642222
68713,1825.0005106642222
68714,1825.0005106642222
68715,1825.0005106642222
68716,1825.0005106642222
68717,1825.0005106642222
68718,1825.0005106642222
68719,1825.0005106642222
68720,1825.0005106642222
68721,1825.0005106642222
68722,1825.0005106642222
68723,1825.0005106642222
68724,1825.0005106642222
68725,1825.0005106642222
68726,1825.0005106642222
68727,1825.0005106642222
68728,1825.0005106642222
68729,1825.0005106642222
68730,1825.0005106642222
68731,1825.0005106642222
68732,1825.0005106642222
68733,1825.0005106642222
68734,1825.0005106642222
68735,1825.0005106642222
68736,1825.0005106642222
68737,1825.0005106642222
68738,1825.0005106642222
68739,1825.0005106642222
68740,1825.0005106642222
68741,1825.0005106642222
68742,1825.0005106642222
68743,1825.0005106642222
68744,1825.0005106642222
68745,1825.0005106642222
68746,1825.0005106642222
68747,1825.0005106642222
68748,1825.0005106642222
68749,1825.0005106642222
68750,1825.0005106642222
68751,1825.0005106642222
68752,1825.0005106642222
68753,1825.0005106642222
68754,1825.0005106642222
68755,1825.0005106642222
68756,1825.0005106642222
68757,1825.0005106642222
68758,1825.0005106642222
68759,1825.0005106642222
68760,1825.0005106642222
68761,1825.0005106642222
68762,1825.0005106642222
68763,1825.0005106642222
68764,1825.0005106642222
68765,1825.0005106642222
68766,1825.0005106642222
68767,1825.0005106642222
68768,1825.0005106642222
68769,1825.0005106642222
68770,1825.0005106642222
68771,1825.0005106642222
68772,1825.0005106642222
68773,1825.0005106642222
68774,1825.0005106642222
68775,1825.0005106642222
68776,1825.0005106642222
68777,1825.0005106642222
68778,1825.0005106642222
68779,1825.0005106642222
68780,1825.0005106642222
68781,1825.0005106642222
68782,1825.0005106642222
68783,1825.0005106642222
68784,1825.0005106642222
68785,1825.0005106642222
68786,1825.0005106642222
68787,1825.0005106642222
68788,1825.0005106642222
68789,1825.0005106642222
68790,1825.0005106642222
68791,1825.0005106642222
68792,1825.0005106642222
68793,1825.0005106642222
68794,1825.0005106642222
68795,1825.0005106642222
68796,1825.0005106642222
68797,1825.0005106642222
68798,1825.0005106642222
68799,1825.0005106642222
68800,1825.0005106642222
68801,1825.0005106642222
68802,1825.0005106642222
68803,1825.0005106642222
68804,1825.0005106642222
68805,1825.0005106642222
68806,1825.0005106642222
68807,1825.0005106642222
68808,1825.0005106642222
68809,1825.0005106642222
68810,1825.0005106642222
68811,1825.0005106642222
68812,1825.0005106642222
68813,1825.0005106642222
68814,1825.0005106642222
68815,1825.0005106642222
68816,1825.0005106642222
68817,1825.0005106642222
68818,1825.0005106642222
68819,1825.0005106642222
68820,1825.0005106642222
68821,1825.0005106642222
68822,1825.0005106642222
68823,1825.0005106642222
68824,1825.0005106642222
68825,1825.0005106642222
68826,1825.0005106642222
68827,1825.0005106642222
68828,1825.0005106642222
68829,1825.0005106642222
68830,1825.0005106642222
68831,1825.0005106642222
68832,1825.0005106642222
68833,1825.0005106642222
68834,1825.0005106642222
68835,1825.0005106642222
68836,1825.0005106642222
68837,1825.0005106642222
68838,1825.0005106642222
68839,1825.0005106642222
68840,1825.0005106642222
68841,1825.0005106642222
68842,1825.0005106642222
68843,1825.0005106642222
68844,1825.0005106642222
68845,1825.0005106642222
68846,1825.0005106642222
68847,1825.0005106642222
68848,1825.0005106642222
68849,1825.0005106642222
68850,1825.0005106642222
68851,1825.0005106642222
68852,1825.0005106642222
68853,1825.0005106642222
68854,1825.0005106642222
68855,1825.0005106642222
68856,1825.0005106642222
68857,1825.0005106642222
68858,1825.0005106642222
68859,1825.0005106642222
68860,1825.0005106642222
68861,1825.0005106642222
68862,1825.0005106642222
68863,1825.0005106642222
68864,1825.0005106642222
68865,1825.0005106642222
68866,1825.0005106642222
68867,1825.0005106642222
68868,1825.0005106642222
68869,1825.0005106642222
68870,1825.0005106642222
68871,1825.0005106642222
68872,1825.0005106642222
68873,1825.0005106642222
68874,1825.0005106642222
68875,1825.0005106642222
68876,1825.0005106642222
68877,1825.0005106642222
68878,1825.0005106642222
68879,1825.0005106642222
68880,1825.0005106642222
68881,1825.0005106642222
68882,1825.0005106642222
68883,1825.0005106642222
68884,1825.0005106642222
68885,1825.0005106642222
68886,1825.0005106642222
68887,1825.0005106642222
68888,1825.0005106642222
68889,1825.0005106642222
68890,1825.0005106642222
68891,1825.0005106642222
68892,1825.0005106642222
68893,1825.0005106642222
68894,1825.0005106642222
68895,1825.0005106642222
68896,1825.0005106642222
68897,1825.0005106642222
68898,1825.0005106642222
68899,1825.0005106642222
68900,1825.0005106642222
68901,1825.0005106642222
68902,1825.0005106642222
68903,1825.0005106642222
68904,1825.0005106642222
68905,1825.0005106642222
68906,1825.0005106642222
68907,1825.0005106642222
68908,1825.0005106642222
68909,1825.0005106642222
68910,1825.0005106642222
68911,1825.0005106642222
68912,1825.0005106642222
68913,1825.0005106642222
68914,1825.0005106642222
68915,1825.0005106642222
68916,1825.0005106642222
68917,1825.0005106642222
68918,1825.0005106642222
68919,1825.0005106642222
68920,1825.0005106642222
68921,1825.0005106642222
68922,1825.0005106642222
68923,1825.0005106642222
68924,1825.0005106642222
68925,1825.0005106642222
68926,1825.0005106642222
68927,1825.0005106642222
68928,1825.0005106642222
68929,1825.0005106642222
68930,1825.0005106642222
68931,1825.0005106642222
68932,1825.0005106642222
68933,1825.0005106642222
68934,1825.0005106642222
68935,1825.0005106642222
68936,1825.0005106642222
68937,1825.0005106642222
68938,1825.0005106642222
68939,1825.0005106642222
68940,1825.0005106642222
68941,1825.0005106642222
68942,1825.0005106642222
68943,1825.0005106642222
68944,1825.0005106642222
68945,1825.0005106642222
68946,1825.0005106642222
68947,1825.0005106642222
68948,1825.0005106642222
68949,1825.0005106642222
68950,1825.0005106642222
68951,1825.0005106642222
68952,1825.0005106642222
68953,1825.0005106642222
68954,1825.0005106642222
68955,1825.0005106642222
68956,1825.0005106642222
68957,1825.0005106642222
68958,1825.0005106642222
68959,1825.0005106642222
68960,1825.0005106642222
68961,1825.0005106642222
68962,1825.0005106642222
68963,1825.0005106642222
68964,1825.0005106642222
68965,1825.0005106642222
68966,1825.0005106642222
68967,1825.0005106642222
68968,1825.0005106642222
68969,1825.0005106642222
68970,1825.0005106642222
68971,1825.0005106642222
68972,1825.0005106642222
68973,1825.0005106642222
68974,1825.0005106642222
68975,1825.0005106642222
68976,1825.0005106642222
68977,1825.0005106642222
68978,1825.0005106642222
68979,1825.0005106642222
68980,1825.0005106642222
68981,1825.0005106642222
68982,1825.0005106642222
68983,1825.0005106642222
68984,1825.0005106642222
68985,1825.0005106642222
68986,1825.0005106642222
68987,1825.0005106642222
68988,1825.0005106642222
68989,1825.0005106642222
68990,1825.0005106642222
68991,1825.0005106642222
68992,1825.0005106642222
68993,1825.0005106642222
68994,1825.0005106642222
68995,1825.0005106642222
68996,1825.0005106642222
68997,1825.0005106642222
68998,1825.0005106642222
68999,1825.0005106642222
69000,1825.0005106642222
69001,1825.0005106642222
69002,1825.0005106642222
69003,1825.0005106642222
69004,1825.0005106642222
69005,1825.0005106642222
69006,1825.0005106642222
69007,1825.0005106642222
69008,1825.0005106642222
69009,1825.0005106642222
69010,1825.0005106642222
69011,1825.0005106642222
69012,1825.0005106642222
69013,1825.0005106642222
69014,1825.0005106642222
69015,1825.0005106642222
69016,1825.0005106642222
69017,1825.0005106642222
69018,1825.0005106642222
69019,1825.0005106642222
69020,1825.0005106642222
69021,1825.0005106642222
69022,1825.0005106642222
69023,1825.0005106642222
69024,1825.0005106642222
69025,1825.0005106642222
69026,1825.0005106642222
69027,1825.0005106642222
69028,1825.0005106642222
69029,1825.0005106642222
69030,1825.0005106642222
69031,1825.0005106642222
69032,1825.0005106642222
69033,1825.0005106642222
69034,1825.0005106642222
69035,1825.0005106642222
69036,1825.0005106642222
69037,1825.0005106642222
69038,1825.0005106642222
69039,1825.0005106642222
69040,1825.0005106642222
69041,1825.0005106642222
69042,1825.0005106642222
69043,1825.0005106642222
69044,1825.0005106642222
69045,1825.0005106642222
69046,1825.0005106642222
69047,1825.0005106642222
69048,1825.0005106642222
69049,1825.0005106642222
69050,1825.0005106642222
69051,1825.0005106642222
69052,1825.0005106642222
69053,1825.0005106642222
69054,1825.0005106642222
69055,1825.0005106642222
69056,1825.0005106642222
69057,1825.0005106642222
69058,1825.0005106642222
69059,1825.0005106642222
69060,1825.0005106642222
69061,1825.0005106642222
69062,1825.0005106642222
69063,1825.0005106642222
69064,1825.0005106642222
69065,1825.0005106642222
69066,1825.0005106642222
69067,1825.0005106642222
69068,1825.0005106642222
69069,1825.0005106642222
69070,1825.0005106642222
69071,1825.0005106642222
69072,1825.0005106642222
69073,1825.0005106642222
69074,1825.0005106642222
69075,1825.0005106642222
69076,1825.0005106642222
69077,1825.0005106642222
69078,1825.0005106642222
69079,1825.0005106642222
69080,1825.0005106642222
69081,1825.0005106642222
69082,1825.0005106642222
69083,1825.0005106642222
69084,1825.0005106642222
69085,1825.0005106642222
69086,1825.0005106642222
69087,1825.0005106642222
69088,1825.0005106642222
69089,1825.0005106642222
69090,1825.0005106642222
69091,1825.0005106642222
69092,1825.0005106642222
69093,1825.0005106642222
69094,1825.0005106642222
69095,1825.0005106642222
69096,1825.0005106642222
69097,1825.0005106642222
69098,1825.0005106642222
69099,1825.0005106642222
69100,1825.0005106642222
69101,1825.0005106642222
69102,1825.0005106642222
69103,1825.0005106642222
69104,1825.0005106642222
69105,1825.0005106642222
69106,1825.0005106642222
69107,1825.0005106642222
69108,1825.0005106642222
69109,1825.0005106642222
69110,1825.0005106642222
69111,1825.0005106642222
69112,1825.0005106642222
69113,1825.0005106642222
69114,1825.0005106642222
69115,1825.0005106642222
69116,1825.0005106642222
69117,1825.0005106642222
69118,1825.0005106642222
69119,1825.0005106642222
69120,1825.0005106642222
69121,1825.0005106642222
69122,1825.0005106642222
69123,1825.0005106642222
69124,1825.0005106642222
69125,1825.0005106642222
69126,1825.0005106642222
69127,1825.0005106642222
69128,1825.0005106642222
69129,1825.0005106642222
69130,1825.0005106642222
69131,1825.0005106642222
69132,1825.0005106642222
69133,1825.0005106642222
69134,1825.0005106642222
69135,1825.0005106642222
69136,1825.0005106642222
69137,1825.0005106642222
69138,1825.0005106642222
69139,1825.0005106642222
69140,1825.0005106642222
69141,1825.0005106642222
69142,1825.0005106642222
69143,1825.0005106642222
69144,1825.0005106642222
69145,1825.0005106642222
69146,1825.0005106642222
69147,1825.0005106642222
69148,1825.0005106642222
69149,1825.0005106642222
69150,1825.0005106642222
69151,1825.0005106642222
69152,1825.0005106642222
69153,1825.0005106642222
69154,1825.0005106642222
69155,1825.0005106642222
69156,1825.0005106642222
69157,1825.0005106642222
69158,1825.0005106642222
69159,1825.0005106642222
69160,1825.0005106642222
69161,1825.0005106642222
69162,1825.0005106642222
69163,1825.0005106642222
69164,1825.0005106642222
69165,1825.0005106642222
69166,1825.0005106642222
69167,1825.0005106642222
69168,1825.0005106642222
69169,1825.0005106642222
69170,1825.0005106642222
69171,1825.0005106642222
69172,1825.0005106642222
69173,1825.0005106642222
69174,1825.0005106642222
69175,1825.0005106642222
69176,1825.0005106642222
69177,1825.0005106642222
69178,1825.0005106642222
69179,1825.0005106642222
69180,1825.0005106642222
69181,1825.0005106642222
69182,1825.0005106642222
69183,1825.0005106642222
69184,1825.0005106642222
69185,1825.0005106642222
69186,1825.0005106642222
69187,1825.0005106642222
69188,1825.0005106642222
69189,1825.0005106642222
69190,1825.0005106642222
69191,1825.0005106642222
69192,1825.0005106642222
69193,1825.0005106642222
69194,1825.0005106642222
69195,1825.0005106642222
69196,1825.0005106642222
69197,1825.0005106642222
69198,1825.0005106642222
69199,1825.0005106642222
69200,1825.0005106642222
69201,1825.0005106642222
69202,1825.0005106642222
69203,1825.0005106642222
69204,1825.0005106642222
69205,1825.0005106642222
69206,1825.0005106642222
69207,1825.0005106642222
69208,1825.0005106642222
69209,1825.0005106642222
69210,1825.0005106642222
69211,1825.0005106642222
69212,1825.0005106642222
69213,1825.0005106642222
69214,1825.0005106642222
69215,1825.0005106642222
69216,1825.0005106642222
69217,1825.0005106642222
69218,1825.0005106642222
69219,1825.0005106642222
69220,1825.0005106642222
69221,1825.0005106642222
69222,1825.0005106642222
69223,1825.0005106642222
69224,1825.0005106642222
69225,1825.0005106642222
69226,1825.0005106642222
69227,1825.0005106642222
69228,1825.0005106642222
69229,1825.0005106642222
69230,1825.0005106642222
69231,1825.0005106642222
69232,1825.0005106642222
69233,1825.0005106642222
69234,1825.0005106642222
69235,1825.0005106642222
69236,1825.0005106642222
69237,1825.0005106642222
69238,1825.0005106642222
69239,1825.0005106642222
69240,1825.0005106642222
69241,1825.0005106642222
69242,1825.0005106642222
69243,1825.0005106642222
69244,1825.0005106642222
69245,1825.0005106642222
69246,1825.0005106642222
69247,1825.0005106642222
69248,1825.0005106642222
69249,1825.0005106642222
69250,1825.0005106642222
69251,1825.0005106642222
69252,1825.0005106642222
69253,1825.0005106642222
69254,1825.0005106642222
69255,1825.0005106642222
69256,1825.0005106642222
69257,1825.0005106642222
69258,1825.0005106642222
69259,1825.0005106642222
69260,1825.0005106642222
69261,1825.0005106642222
69262,1825.0005106642222
69263,1825.0005106642222
69264,1825.0005106642222
69265,1825.0005106642222
69266,1825.0005106642222
69267,1825.0005106642222
69268,1825.0005106642222
69269,1825.0005106642222
69270,1825.0005106642222
69271,1825.0005106642222
69272,1825.0005106642222
69273,1825.0005106642222
69274,1825.0005106642222
69275,1825.0005106642222
69276,1825.0005106642222
69277,1825.0005106642222
69278,1825.0005106642222
69279,1825.0005106642222
69280,1825.0005106642222
69281,1825.0005106642222
69282,1825.0005106642222
69283,1825.0005106642222
69284,1825.0005106642222
69285,1825.0005106642222
69286,1825.0005106642222
69287,1825.0005106642222
69288,1825.0005106642222
69289,1825.0005106642222
69290,1825.0005106642222
69291,1825.0005106642222
69292,1825.0005106642222
69293,1825.0005106642222
69294,1825.0005106642222
69295,1825.0005106642222
69296,1825.0005106642222
69297,1825.0005106642222
69298,1825.0005106642222
69299,1825.0005106642222
69300,1825.0005106642222
69301,1825.0005106642222
69302,1825.0005106642222
69303,1825.0005106642222
69304,1825.0005106642222
69305,1825.0005106642222
69306,1825.0005106642222
69307,1825.0005106642222
69308,1825.0005106642222
69309,1825.0005106642222
69310,1825.0005106642222
69311,1825.0005106642222
69312,1825.0005106642222
69313,1825.0005106642222
69314,1825.0005106642222
69315,1825.0005106642222
69316,1825.0005106642222
69317,1825.0005106642222
69318,1825.0005106642222
69319,1825.0005106642222
69320,1825.0005106642222
69321,1825.0005106642222
69322,1825.0005106642222
69323,1825.0005106642222
69324,1825.0005106642222
69325,1825.0005106642222
69326,1825.0005106642222
69327,1825.0005106642222
69328,1825.0005106642222
69329,1825.0005106642222
69330,1825.0005106642222
69331,1825.0005106642222
69332,1825.0005106642222
69333,1825.0005106642222
69334,1825.0005106642222
69335,1825.0005106642222
69336,1825.0005106642222
69337,1825.0005106642222
69338,1825.0005106642222
69339,1825.0005106642222
69340,1825.0005106642222
69341,1825.0005106642222
69342,1825.0005106642222
69343,1825.0005106642222
69344,1825.0005106642222
69345,1825.0005106642222
69346,1825.0005106642222
69347,1825.0005106642222
69348,1825.0005106642222
69349,1825.0005106642222
69350,1825.0005106642222
69351,1825.0005106642222
69352,1825.0005106642222
69353,1825.0005106642222
69354,1825.0005106642222
69355,1825.0005106642222
69356,1825.0005106642222
69357,1825.0005106642222
69358,1825.0005106642222
69359,1825.0005106642222
69360,1825.0005106642222
69361,1825.0005106642222
69362,1825.0005106642222
69363,1825.0005106642222
69364,1825.0005106642222
69365,1825.0005106642222
69366,1825.0005106642222
69367,1825.0005106642222
69368,1825.0005106642222
69369,1825.0005106642222
69370,1825.0005106642222
69371,1825.0005106642222
69372,1825.0005106642222
69373,1825.0005106642222
69374,1825.0005106642222
69375,1825.0005106642222
69376,1825.0005106642222
69377,1825.0005106642222
69378,1825.0005106642222
69379,1825.0005106642222
69380,1825.0005106642222
69381,1825.0005106642222
69382,1825.0005106642222
69383,1825.0005106642222
69384,1825.0005106642222
69385,1825.0005106642222
69386,1825.0005106642222
69387,1825.0005106642222
69388,1825.0005106642222
69389,1825.0005106642222
69390,1825.0005106642222
69391,1825.0005106642222
69392,1825.0005106642222
69393,1825.0005106642222
69394,1825.0005106642222
69395,1825.0005106642222
69396,1825.0005106642222
69397,1825.0005106642222
69398,1825.0005106642222
69399,1825.0005106642222
69400,1825.0005106642222
69401,1825.0005106642222
69402,1825.0005106642222
69403,1825.0005106642222
69404,1825.0005106642222
69405,1825.0005106642222
69406,1825.0005106642222
69407,1825.0005106642222
69408,1825.0005106642222
69409,1825.0005106642222
69410,1825.0005106642222
69411,1825.0005106642222
69412,1825.0005106642222
69413,1825.0005106642222
69414,1825.0005106642222
69415,1825.0005106642222
69416,1825.0005106642222
69417,1825.0005106642222
69418,1825.0005106642222
69419,1825.0005106642222
69420,1825.0005106642222
69421,1825.0005106642222
69422,1825.0005106642222
69423,1825.0005106642222
69424,1825.0005106642222
69425,1825.0005106642222
69426,1825.0005106642222
69427,1825.0005106642222
69428,1825.0005106642222
69429,1825.0005106642222
69430,1825.0005106642222
69431,1825.0005106642222
69432,1825.0005106642222
69433,1825.0005106642222
69434,1825.0005106642222
69435,1825.0005106642222
69436,1825.0005106642222
69437,1825.0005106642222
69438,1825.0005106642222
69439,1825.0005106642222
69440,1825.0005106642222
69441,1825.0005106642222
69442,1825.0005106642222
69443,1825.0005106642222
69444,1825.0005106642222
69445,1825.0005106642222
69446,1825.0005106642222
69447,1825.0005106642222
69448,1825.0005106642222
69449,1825.0005106642222
69450,1825.0005106642222
69451,1825.0005106642222
69452,1825.0005106642222
69453,1825.0005106642222
69454,1825.0005106642222
69455,1825.0005106642222
69456,1825.0005106642222
69457,1825.0005106642222
69458,1825.0005106642222
69459,1825.0005106642222
69460,1825.0005106642222
69461,1825.0005106642222
69462,1825.0005106642222
69463,1825.0005106642222
69464,1825.0005106642222
69465,1825.0005106642222
69466,1825.0005106642222
69467,1825.0005106642222
69468,1825.0005106642222
69469,1825.0005106642222
69470,1825.0005106642222
69471,1825.0005106642222
69472,1825.0005106642222
69473,1825.0005106642222
69474,1825.0005106642222
69475,1825.0005106642222
69476,1825.0005106642222
69477,1825.0005106642222
69478,1825.0005106642222
69479,1825.0005106642222
69480,1825.0005106642222
69481,1825.0005106642222
69482,1825.0005106642222
69483,1825.0005106642222
69484,1825.0005106642222
69485,1825.0005106642222
69486,1825.0005106642222
69487,1825.0005106642222
69488,1825.0005106642222
69489,1825.0005106642222
69490,1825.0005106642222
69491,1825.0005106642222
69492,1825.0005106642222
69493,1825.0005106642222
69494,1825.0005106642222
69495,1825.0005106642222
69496,1825.0005106642222
69497,1825.0005106642222
69498,1825.0005106642222
69499,1825.0005106642222
69500,1825.0005106642222
69501,1825.0005106642222
69502,1825.0005106642222
69503,1825.0005106642222
69504,1825.0005106642222
69505,1825.0005106642222
69506,1825.0005106642222
69507,1825.0005106642222
69508,1825.0005106642222
69509,1825.0005106642222
69510,1825.0005106642222
69511,1825.0005106642222
69512,1825.0005106642222
69513,1825.0005106642222
69514,1825.0005106642222
69515,1825.0005106642222
69516,1825.0005106642222
69517,1825.0005106642222
69518,1825.0005106642222
69519,1825.0005106642222
69520,1825.0005106642222
69521,1825.0005106642222
69522,1825.0005106642222
69523,1825.0005106642222
69524,1825.0005106642222
69525,1825.0005106642222
69526,1825.0005106642222
69527,1825.0005106642222
69528,1825.0005106642222
69529,1825.0005106642222
69530,1825.0005106642222
69531,1825.0005106642222
69532,1825.0005106642222
69533,1825.0005106642222
69534,1825.0005106642222
69535,1825.0005106642222
69536,1825.0005106642222
69537,1825.0005106642222
69538,1825.0005106642222
69539,1825.0005106642222
69540,1825.0005106642222
69541,1825.0005106642222
69542,1825.0005106642222
69543,1825.0005106642222
69544,1825.0005106642222
69545,1825.0005106642222
69546,1825.0005106642222
69547,1825.0005106642222
69548,1825.0005106642222
69549,1825.0005106642222
69550,1825.0005106642222
69551,1825.0005106642222
69552,1825.0005106642222
69553,1825.0005106642222
69554,1825.0005106642222
69555,1825.0005106642222
69556,1825.0005106642222
69557,1825.0005106642222
69558,1825.0005106642222
69559,1825.0005106642222
69560,1825.0005106642222
69561,1825.0005106642222
69562,1825.0005106642222
69563,1825.0005106642222
69564,1825.0005106642222
69565,1825.0005106642222
69566,1825.0005106642222
69567,1825.0005106642222
69568,1825.0005106642222
69569,1825.0005106642222
69570,1825.0005106642222
69571,1825.0005106642222
69572,1825.0005106642222
69573,1825.0005106642222
69574,1825.0005106642222
69575,1825.0005106642222
69576,1825.0005106642222
69577,1825.0005106642222
69578,1825.0005106642222
69579,1825.0005106642222
69580,1825.0005106642222
69581,1825.0005106642222
69582,1825.0005106642222
69583,1825.0005106642222
69584,1825.0005106642222
69585,1825.0005106642222
69586,1825.0005106642222
69587,1825.0005106642222
69588,1825.0005106642222
69589,1825.0005106642222
69590,1825.0005106642222
69591,1825.0005106642222
69592,1825.0005106642222
69593,1825.0005106642222
69594,1825.0005106642222
69595,1825.0005106642222
69596,1825.0005106642222
69597,1825.0005106642222
69598,1825.0005106642222
69599,1825.0005106642222
69600,1825.0005106642222
69601,1825.0005106642222
69602,1825.0005106642222
69603,1825.0005106642222
69604,1825.0005106642222
69605,1825.0005106642222
69606,1825.0005106642222
69607,1825.0005106642222
69608,1825.0005106642222
69609,1825.0005106642222
69610,1825.0005106642222
69611,1825.0005106642222
69612,1825.0005106642222
69613,1825.0005106642222
69614,1825.0005106642222
69615,1825.0005106642222
69616,1825.0005106642222
69617,1825.0005106642222
69618,1825.0005106642222
69619,1825.0005106642222
69620,1825.0005106642222
69621,1825.0005106642222
69622,1825.0005106642222
69623,1825.0005106642222
69624,1825.0005106642222
69625,1825.0005106642222
69626,1825.0005106642222
69627,1825.0005106642222
69628,1825.0005106642222
69629,1825.0005106642222
69630,1825.0005106642222
69631,1825.0005106642222
69632,1825.0005106642222
69633,1825.0005106642222
69634,1825.0005106642222
69635,1825.0005106642222
69636,1825.0005106642222
69637,1825.0005106642222
69638,1825.0005106642222
69639,1825.0005106642222
69640,1825.0005106642222
69641,1825.0005106642222
69642,1825.0005106642222
69643,1825.0005106642222
69644,1825.0005106642222
69645,1825.0005106642222
69646,1825.0005106642222
69647,1825.0005106642222
69648,1825.0005106642222
69649,1825.0005106642222
69650,1825.0005106642222
69651,1825.0005106642222
69652,1825.0005106642222
69653,1825.0005106642222
69654,1825.0005106642222
69655,1825.0005106642222
69656,1825.0005106642222
69657,1825.0005106642222
69658,1825.0005106642222
69659,1825.0005106642222
69660,1825.0005106642222
69661,1825.0005106642222
69662,1825.0005106642222
69663,1825.0005106642222
69664,1825.0005106642222
69665,1825.0005106642222
69666,1825.0005106642222
69667,1825.0005106642222
69668,1825.0005106642222
69669,1825.0005106642222
69670,1825.0005106642222
69671,1825.0005106642222
69672,1825.0005106642222
69673,1825.0005106642222
69674,1825.0005106642222
69675,1825.0005106642222
69676,1825.0005106642222
69677,1825.0005106642222
69678,1825.0005106642222
69679,1825.0005106642222
69680,1825.0005106642222
69681,1825.0005106642222
69682,1825.0005106642222
69683,1825.0005106642222
69684,1825.0005106642222
69685,1825.0005106642222
69686,1825.0005106642222
69687,1825.0005106642222
69688,1825.0005106642222
69689,1825.0005106642222
69690,1825.0005106642222
69691,1825.0005106642222
69692,1825.0005106642222
69693,1825.0005106642222
69694,1825.0005106642222
69695,1825.0005106642222
69696,1825.0005106642222
69697,1825.0005106642222
69698,1825.0005106642222
69699,1825.0005106642222
69700,1825.0005106642222
69701,1825.0005106642222
69702,1825.0005106642222
69703,1825.0005106642222
69704,1825.0005106642222
69705,1825.0005106642222
69706,1825.0005106642222
69707,1825.0005106642222
69708,1825.0005106642222
69709,1825.0005106642222
69710,1825.0005106642222
69711,1825.0005106642222
69712,1825.0005106642222
69713,1825.0005106642222
69714,1825.0005106642222
69715,1825.0005106642222
69716,1825.0005106642222
69717,1825.0005106642222
69718,1825.0005106642222
69719,1825.0005106642222
69720,1825.0005106642222
69721,1825.0005106642222
69722,1825.0005106642222
69723,1825.0005106642222
69724,1825.0005106642222
69725,1825.0005106642222
69726,1825.0005106642222
69727,1825.0005106642222
69728,1825.0005106642222
69729,1825.0005106642222
69730,1825.0005106642222
69731,1825.0005106642222
69732,1825.0005106642222
69733,1825.0005106642222
69734,1825.0005106642222
69735,1825.0005106642222
69736,1825.0005106642222
69737,1825.0005106642222
69738,1825.0005106642222
69739,1825.0005106642222
69740,1825.0005106642222
69741,1825.0005106642222
69742,1825.0005106642222
69743,1825.0005106642222
69744,1825.0005106642222
69745,1825.0005106642222
69746,1825.0005106642222
69747,1825.0005106642222
69748,1825.0005106642222
69749,1825.0005106642222
69750,1825.0005106642222
69751,1825.0005106642222
69752,1825.0005106642222
69753,1825.0005106642222
69754,1825.0005106642222
69755,1825.0005106642222
69756,1825.0005106642222
69757,1825.0005106642222
69758,1825.0005106642222
69759,1825.0005106642222
69760,1825.0005106642222
69761,1825.0005106642222
69762,1825.0005106642222
69763,1825.0005106642222
69764,1825.0005106642222
69765,1825.0005106642222
69766,1825.0005106642222
69767,1825.0005106642222
69768,1825.0005106642222
69769,1825.0005106642222
69770,1825.0005106642222
69771,1825.0005106642222
69772,1825.0005106642222
69773,1825.0005106642222
69774,1825.0005106642222
69775,1825.0005106642222
69776,1825.0005106642222
69777,1825.0005106642222
69778,1825.0005106642222
69779,1825.0005106642222
69780,1825.0005106642222
69781,1825.0005106642222
69782,1825.0005106642222
69783,1825.0005106642222
69784,1825.0005106642222
69785,1825.0005106642222
69786,1825.0005106642222
69787,1825.0005106642222
69788,1825.0005106642222
69789,1825.0005106642222
69790,1825.0005106642222
69791,1825.0005106642222
69792,1825.0005106642222
69793,1825.0005106642222
69794,1825.0005106642222
69795,1825.0005106642222
69796,1825.0005106642222
69797,1825.0005106642222
69798,1825.0005106642222
69799,1825.0005106642222
69800,1825.0005106642222
69801,1825.0005106642222
69802,1825.0005106642222
69803,1825.0005106642222
69804,1825.0005106642222
69805,1825.0005106642222
69806,1825.0005106642222
69807,1825.0005106642222
69808,1825.0005106642222
69809,1825.0005106642222
69810,1825.0005106642222
69811,1825.0005106642222
69812,1825.0005106642222
69813,1825.0005106642222
69814,1825.0005106642222
69815,1825.0005106642222
69816,1825.0005106642222
69817,1825.0005106642222
69818,1825.0005106642222
69819,1825.0005106642222
69820,1825.0005106642222
69821,1825.0005106642222
69822,1825.0005106642222
69823,1825.0005106642222
69824,1825.0005106642222
69825,1825.0005106642222
69826,1825.0005106642222
69827,1825.0005106642222
69828,1825.0005106642222
69829,1825.0005106642222
69830,1825.0005106642222
69831,1825.0005106642222
69832,1825.0005106642222
69833,1825.0005106642222
69834,1825.0005106642222
69835,1825.0005106642222
69836,1825.0005106642222
69837,1825.0005106642222
69838,1825.0005106642222
69839,1825.0005106642222
69840,1825.0005106642222
69841,1825.0005106642222
69842,1825.0005106642222
69843,1825.0005106642222
69844,1825.0005106642222
69845,1825.0005106642222
69846,1825.0005106642222
69847,1825.0005106642222
69848,1825.0005106642222
69849,1825.0005106642222
69850,1825.0005106642222
69851,1825.0005106642222
69852,1825.0005106642222
69853,1825.0005106642222
69854,1825.0005106642222
69855,1825.0005106642222
69856,1825.0005106642222
69857,1825.0005106642222
69858,1825.0005106642222
69859,1825.0005106642222
69860,1825.0005106642222
69861,1825.0005106642222
69862,1825.0005106642222
69863,1825.0005106642222
69864,1825.0005106642222
69865,1825.0005106642222
69866,1825.0005106642222
69867,1825.0005106642222
69868,1825.0005106642222
69869,1825.0005106642222
69870,1825.0005106642222
69871,1825.0005106642222
69872,1825.0005106642222
69873,1825.0005106642222
69874,1825.0005106642222
69875,1825.0005106642222
69876,1825.0005106642222
69877,1825.0005106642222
69878,1825.0005106642222
69879,1825.0005106642222
69880,1825.0005106642222
69881,1825.0005106642222
69882,1825.0005106642222
69883,1825.0005106642222
69884,1825.0005106642222
69885,1825.0005106642222
69886,1825.0005106642222
69887,1825.0005106642222
69888,1825.0005106642222
69889,1825.0005106642222
69890,1825.0005106642222
69891,1825.0005106642222
69892,1825.0005106642222
69893,1825.0005106642222
69894,1825.0005106642222
69895,1825.0005106642222
69896,1825.0005106642222
69897,1825.0005106642222
69898,1825.0005106642222
69899,1825.0005106642222
69900,1825.0005106642222
69901,1825.0005106642222
69902,1825.0005106642222
69903,1825.0005106642222
69904,1825.0005106642222
69905,1825.0005106642222
69906,1825.0005106642222
69907,1825.0005106642222
69908,1825.0005106642222
69909,1825.0005106642222
69910,1825.0005106642222
69911,1825.0005106642222
69912,1825.0005106642222
69913,1825.0005106642222
69914,1825.0005106642222
69915,1825.0005106642222
69916,1825.0005106642222
69917,1825.0005106642222
69918,1825.0005106642222
69919,1825.0005106642222
69920,1825.0005106642222
69921,1825.0005106642222
69922,1825.0005106642222
69923,1825.0005106642222
69924,1825.0005106642222
69925,1825.0005106642222
69926,1825.0005106642222
69927,1825.0005106642222
69928,1825.0005106642222
69929,1825.0005106642222
69930,1825.0005106642222
69931,1825.0005106642222
69932,1825.0005106642222
69933,1825.0005106642222
69934,1825.0005106642222
69935,1825.0005106642222
69936,1825.0005106642222
69937,1825.0005106642222
69938,1825.0005106642222
69939,1825.0005106642222
69940,1825.0005106642222
69941,1825.0005106642222
69942,1825.0005106642222
69943,1825.0005106642222
69944,1825.0005106642222
69945,1825.0005106642222
69946,1825.0005106642222
69947,1825.0005106642222
69948,1825.0005106642222
69949,1825.0005106642222
69950,1825.0005106642222
69951,1825.0005106642222
69952,1825.0005106642222
69953,1825.0005106642222
69954,1825.0005106642222
69955,1825.0005106642222
69956,1825.0005106642222
69957,1825.0005106642222
69958,1825.0005106642222
69959,1825.0005106642222
69960,1825.0005106642222
69961,1825.0005106642222
69962,1825.0005106642222
69963,1825.0005106642222
69964,1825.0005106642222
69965,1825.0005106642222
69966,1825.0005106642222
69967,1825.0005106642222
69968,1825.0005106642222
69969,1825.0005106642222
69970,1825.0005106642222
69971,1825.0005106642222
69972,1825.0005106642222
69973,1825.0005106642222
69974,1825.0005106642222
69975,1825.0005106642222
69976,1825.0005106642222
69977,1825.0005106642222
69978,1825.0005106642222
69979,1825.0005106642222
69980,1825.0005106642222
69981,1825.0005106642222
69982,1825.0005106642222
69983,1825.0005106642222
69984,1825.0005106642222
69985,1825.0005106642222
69986,1825.0005106642222
69987,1825.0005106642222
69988,1825.0005106642222
69989,1825.0005106642222
69990,1825.0005106642222
69991,1825.0005106642222
69992,1825.0005106642222
69993,1825.0005106642222
69994,1825.0005106642222
69995,1825.0005106642222
69996,1825.0005106642222
69997,1825.0005106642222
69998,1825.0005106642222
69999,1825.0005106642222
70000,1825.0005106642222
70001,1825.0005106642222
70002,1825.0005106642222
70003,1825.0005106642222
70004,1825.0005106642222
70005,1825.0005106642222
70006,1825.0005106642222
70007,1825.0005106642222
70008,1825.0005106642222
70009,1825.0005106642222
70010,1825.0005106642222
70011,1825.0005106642222
70012,1825.0005106642222
70013,1825.0005106642222
70014,1825.0005106642222
70015,1825.0005106642222
70016,1825.0005106642222
70017,1825.0005106642222
70018,1825.0005106642222
70019,1825.0005106642222
70020,1825.0005106642222
70021,1825.0005106642222
70022,1825.0005106642222
70023,1825.0005106642222
70024,1825.0005106642222
70025,1825.0005106642222
70026,1825.0005106642222
70027,1825.0005106642222
70028,1825.0005106642222
70029,1825.0005106642222
70030,1825.0005106642222
70031,1825.0005106642222
70032,1825.0005106642222
70033,1825.0005106642222
70034,1825.0005106642222
70035,1825.0005106642222
70036,1825.0005106642222
70037,1825.0005106642222
70038,1825.0005106642222
70039,1825.0005106642222
70040,1825.0005106642222
70041,1825.0005106642222
70042,1825.0005106642222
70043,1825.0005106642222
70044,1825.0005106642222
70045,1825.0005106642222
70046,1825.0005106642222
70047,1825.0005106642222
70048,1825.0005106642222
70049,1825.0005106642222
70050,1825.0005106642222
70051,1825.0005106642222
70052,1825.0005106642222
70053,1825.0005106642222
70054,1825.0005106642222
70055,1825.0005106642222
70056,1825.0005106642222
70057,1825.0005106642222
70058,1825.0005106642222
70059,1825.0005106642222
70060,1825.0005106642222
70061,1825.0005106642222
70062,1825.0005106642222
70063,1825.0005106642222
70064,1825.0005106642222
70065,1825.0005106642222
70066,1825.0005106642222
70067,1825.0005106642222
70068,1825.0005106642222
70069,1825.0005106642222
70070,1825.0005106642222
70071,1825.0005106642222
70072,1825.0005106642222
70073,1825.0005106642222
70074,1825.0005106642222
70075,1825.0005106642222
70076,1825.0005106642222
70077,1825.0005106642222
70078,1825.0005106642222
70079,1825.0005106642222
70080,1825.0005106642222
70081,1825.0005106642222
70082,1825.0005106642222
70083,1825.0005106642222
70084,1825.0005106642222
70085,1825.0005106642222
70086,1825.0005106642222
70087,1825.0005106642222
70088,1825.0005106642222
70089,1825.0005106642222
70090,1825.0005106642222
70091,1825.0005106642222
70092,1825.0005106642222
70093,1825.0005106642222
70094,1825.0005106642222
70095,1825.0005106642222
70096,1825.0005106642222
70097,1825.0005106642222
70098,1825.0005106642222
70099,1825.0005106642222
70100,1825.0005106642222
70101,1825.0005106642222
70102,1825.0005106642222
70103,1825.0005106642222
70104,1825.0005106642222
70105,1825.0005106642222
70106,1825.0005106642222
70107,1825.0005106642222
70108,1825.0005106642222
70109,1825.0005106642222
70110,1825.0005106642222
70111,1825.0005106642222
70112,1825.0005106642222
70113,1825.0005106642222
70114,1825.0005106642222
70115,1825.0005106642222
70116,1825.0005106642222
70117,1825.0005106642222
70118,1825.0005106642222
70119,1825.0005106642222
70120,1825.0005106642222
70121,1825.0005106642222
70122,1825.0005106642222
70123,1825.0005106642222
70124,1825.0005106642222
70125,1825.0005106642222
70126,1825.0005106642222
70127,1825.0005106642222
70128,1825.0005106642222
70129,1825.0005106642222
70130,1825.0005106642222
70131,1825.0005106642222
70132,1825.0005106642222
70133,1825.0005106642222
70134,1825.0005106642222
70135,1825.0005106642222
70136,1825.0005106642222
70137,1825.0005106642222
70138,1825.0005106642222
70139,1825.0005106642222
70140,1825.0005106642222
70141,1825.0005106642222
70142,1825.0005106642222
70143,1825.0005106642222
70144,1825.0005106642222
70145,1825.0005106642222
70146,1825.0005106642222
70147,1825.0005106642222
70148,1825.0005106642222
70149,1825.0005106642222
70150,1825.0005106642222
70151,1825.0005106642222
70152,1825.0005106642222
70153,1825.0005106642222
70154,1825.0005106642222
70155,1825.0005106642222
70156,1825.0005106642222
70157,1825.0005106642222
70158,1825.0005106642222
70159,1825.0005106642222
70160,1825.0005106642222
70161,1825.0005106642222
70162,1825.0005106642222
70163,1825.0005106642222
70164,1825.0005106642222
70165,1825.0005106642222
70166,1825.0005106642222
70167,1825.0005106642222
70168,1825.0005106642222
70169,1825.0005106642222
70170,1825.0005106642222
70171,1825.0005106642222
70172,1825.0005106642222
70173,1825.0005106642222
70174,1825.0005106642222
70175,1825.0005106642222
70176,1825.0005106642222
70177,1825.0005106642222
70178,1825.0005106642222
70179,1825.0005106642222
70180,1825.0005106642222
70181,1825.0005106642222
70182,1825.0005106642222
70183,1825.0005106642222
70184,1825.0005106642222
70185,1825.0005106642222
70186,1825.0005106642222
70187,1825.0005106642222
70188,1825.0005106642222
70189,1825.0005106642222
70190,1825.0005106642222
70191,1825.0005106642222
70192,1825.0005106642222
70193,1825.0005106642222
70194,1825.0005106642222
70195,1825.0005106642222
70196,1825.0005106642222
70197,1825.0005106642222
70198,1825.0005106642222
70199,1825.0005106642222
70200,1825.0005106642222
70201,1825.0005106642222
70202,1825.0005106642222
70203,1825.0005106642222
70204,1825.0005106642222
70205,1825.0005106642222
70206,1825.0005106642222
70207,1825.0005106642222
70208,1825.0005106642222
70209,1825.0005106642222
70210,1825.0005106642222
70211,1825.0005106642222
70212,1825.0005106642222
70213,1825.0005106642222
70214,1825.0005106642222
70215,1825.0005106642222
70216,1825.0005106642222
70217,1825.0005106642222
70218,1825.0005106642222
70219,1825.0005106642222
70220,1825.0005106642222
70221,1825.0005106642222
70222,1825.0005106642222
70223,1825.0005106642222
70224,1825.0005106642222
70225,1825.0005106642222
70226,1825.0005106642222
70227,1825.0005106642222
70228,1825.0005106642222
70229,1825.0005106642222
70230,1825.0005106642222
70231,1825.0005106642222
70232,1825.0005106642222
70233,1825.0005106642222
70234,1825.0005106642222
70235,1825.0005106642222
70236,1825.0005106642222
70237,1825.0005106642222
70238,1825.0005106642222
70239,1825.0005106642222
70240,1825.0005106642222
70241,1825.0005106642222
70242,1825.0005106642222
70243,1825.0005106642222
70244,1825.0005106642222
70245,1825.0005106642222
70246,1825.0005106642222
70247,1825.0005106642222
70248,1825.0005106642222
70249,1825.0005106642222
70250,1825.0005106642222
70251,1825.0005106642222
70252,1825.0005106642222
70253,1825.0005106642222
70254,1825.0005106642222
70255,1825.0005106642222
70256,1825.0005106642222
70257,1825.0005106642222
70258,1825.0005106642222
70259,1825.0005106642222
70260,1825.0005106642222
70261,1825.0005106642222
70262,1825.0005106642222
70263,1825.0005106642222
70264,1825.0005106642222
70265,1825.0005106642222
70266,1825.0005106642222
70267,1825.0005106642222
70268,1825.0005106642222
70269,1825.0005106642222
70270,1825.0005106642222
70271,1825.0005106642222
70272,1825.0005106642222
70273,1825.0005106642222
70274,1825.0005106642222
70275,1825.0005106642222
70276,1825.0005106642222
70277,1825.0005106642222
70278,1825.0005106642222
70279,1825.0005106642222
70280,1825.0005106642222
70281,1825.0005106642222
70282,1825.0005106642222
70283,1825.0005106642222
70284,1825.0005106642222
70285,1825.0005106642222
70286,1825.0005106642222
70287,1825.0005106642222
70288,1825.0005106642222
70289,1825.0005106642222
70290,1825.0005106642222
70291,1825.0005106642222
70292,1825.0005106642222
70293,1825.0005106642222
70294,1825.0005106642222
70295,1825.0005106642222
70296,1825.0005106642222
70297,1825.0005106642222
70298,1825.0005106642222
70299,1825.0005106642222
70300,1825.0005106642222
70301,1825.0005106642222
70302,1825.0005106642222
70303,1825.0005106642222
70304,1825.0005106642222
70305,1825.0005106642222
70306,1825.0005106642222
70307,1825.0005106642222
70308,1825.0005106642222
70309,1825.0005106642222
70310,1825.0005106642222
70311,1825.0005106642222
70312,1825.0005106642222
70313,1825.0005106642222
70314,1825.0005106642222
70315,1825.0005106642222
70316,1825.0005106642222
70317,1825.0005106642222
70318,1825.0005106642222
70319,1825.0005106642222
70320,1825.0005106642222
70321,1825.0005106642222
70322,1825.0005106642222
70323,1825.0005106642222
70324,1825.0005106642222
70325,1825.0005106642222
70326,1825.0005106642222
70327,1825.0005106642222
70328,1825.0005106642222
70329,1825.0005106642222
70330,1825.0005106642222
70331,1825.0005106642222
70332,1825.0005106642222
70333,1825.0005106642222
70334,1825.0005106642222
70335,1825.0005106642222
70336,1825.0005106642222
70337,1825.0005106642222
70338,1825.0005106642222
70339,1825.0005106642222
70340,1825.0005106642222
70341,1825.0005106642222
70342,1825.0005106642222
70343,1825.0005106642222
70344,1825.0005106642222
70345,1825.0005106642222
70346,1825.0005106642222
70347,1825.0005106642222
70348,1825.0005106642222
70349,1825.0005106642222
70350,1825.0005106642222
70351,1825.0005106642222
70352,1825.0005106642222
70353,1825.0005106642222
70354,1825.0005106642222
70355,1825.0005106642222
70356,1825.0005106642222
70357,1825.0005106642222
70358,1825.0005106642222
70359,1825.0005106642222
70360,1825.0005106642222
70361,1825.0005106642222
70362,1825.0005106642222
70363,1825.0005106642222
70364,1825.0005106642222
70365,1825.0005106642222
70366,1825.0005106642222
70367,1825.0005106642222
70368,1825.0005106642222
70369,1825.0005106642222
70370,1825.0005106642222
70371,1825.0005106642222
70372,1825.0005106642222
70373,1825.0005106642222
70374,1825.0005106642222
70375,1825.0005106642222
70376,1825.0005106642222
70377,1825.0005106642222
70378,1825.0005106642222
70379,1825.0005106642222
70380,1825.0005106642222
70381,1825.0005106642222
70382,1825.0005106642222
70383,1825.0005106642222
70384,1825.0005106642222
70385,1825.0005106642222
70386,1825.0005106642222
70387,1825.0005106642222
70388,1825.0005106642222
70389,1825.0005106642222
70390,1825.0005106642222
70391,1825.0005106642222
70392,1825.0005106642222
70393,1825.0005106642222
70394,1825.0005106642222
70395,1825.0005106642222
70396,1825.0005106642222
70397,1825.0005106642222
70398,1825.0005106642222
70399,1825.0005106642222
70400,1825.0005106642222
70401,1825.0005106642222
70402,1825.0005106642222
70403,1825.0005106642222
70404,1825.0005106642222
70405,1825.0005106642222
70406,1825.0005106642222
70407,1825.0005106642222
70408,1825.0005106642222
70409,1825.0005106642222
70410,1825.0005106642222
70411,1825.0005106642222
70412,1825.0005106642222
70413,1825.0005106642222
70414,1825.0005106642222
70415,1825.0005106642222
70416,1825.0005106642222
70417,1825.0005106642222
70418,1825.0005106642222
70419,1825.0005106642222
70420,1825.0005106642222
70421,1825.0005106642222
70422,1825.0005106642222
70423,1825.0005106642222
70424,1825.0005106642222
70425,1825.0005106642222
70426,1825.0005106642222
70427,1825.0005106642222
70428,1825.0005106642222
70429,1825.0005106642222
70430,1825.0005106642222
70431,1825.0005106642222
70432,1825.0005106642222
70433,1825.0005106642222
70434,1825.0005106642222
70435,1825.0005106642222
70436,1825.0005106642222
70437,1825.0005106642222
70438,1825.0005106642222
70439,1825.0005106642222
70440,1825.0005106642222
70441,1825.0005106642222
70442,1825.0005106642222
70443,1825.0005106642222
70444,1825.0005106642222
70445,1825.0005106642222
70446,1825.0005106642222
70447,1825.0005106642222
70448,1825.0005106642222
70449,1825.0005106642222
70450,1825.0005106642222
70451,1825.0005106642222
70452,1825.0005106642222
70453,1825.0005106642222
70454,1825.0005106642222
70455,1825.0005106642222
70456,1825.0005106642222
70457,1825.0005106642222
70458,1825.0005106642222
70459,1825.0005106642222
70460,1825.0005106642222
70461,1825.0005106642222
70462,1825.0005106642222
70463,1825.0005106642222
70464,1825.0005106642222
70465,1825.0005106642222
70466,1825.0005106642222
70467,1825.0005106642222
70468,1825.0005106642222
70469,1825.0005106642222
70470,1825.0005106642222
70471,1825.0005106642222
70472,1825.0005106642222
70473,1825.0005106642222
70474,1825.0005106642222
70475,1825.0005106642222
70476,1825.0005106642222
70477,1825.0005106642222
70478,1825.0005106642222
70479,1825.0005106642222
70480,1825.0005106642222
70481,1825.0005106642222
70482,1825.0005106642222
70483,1825.0005106642222
70484,1825.0005106642222
70485,1825.0005106642222
70486,1825.0005106642222
70487,1825.0005106642222
70488,1825.0005106642222
70489,1825.0005106642222
70490,1825.0005106642222
70491,1825.0005106642222
70492,1825.0005106642222
70493,1825.0005106642222
70494,1825.0005106642222
70495,1825.0005106642222
70496,1825.0005106642222
70497,1825.0005106642222
70498,1825.0005106642222
70499,1825.0005106642222
70500,1825.0005106642222
70501,1825.0005106642222
70502,1825.0005106642222
70503,1825.0005106642222
70504,1825.0005106642222
70505,1825.0005106642222
70506,1825.0005106642222
70507,1825.0005106642222
70508,1825.0005106642222
70509,1825.0005106642222
70510,1825.0005106642222
70511,1825.0005106642222
70512,1825.0005106642222
70513,1825.0005106642222
70514,1825.0005106642222
70515,1825.0005106642222
70516,1825.0005106642222
70517,1825.0005106642222
70518,1825.0005106642222
70519,1825.0005106642222
70520,1825.0005106642222
70521,1825.0005106642222
70522,1825.0005106642222
70523,1825.0005106642222
70524,1825.0005106642222
70525,1825.0005106642222
70526,1825.0005106642222
70527,1825.0005106642222
70528,1825.0005106642222
70529,1825.0005106642222
70530,1825.0005106642222
70531,1825.0005106642222
70532,1825.0005106642222
70533,1825.0005106642222
70534,1825.0005106642222
70535,1825.0005106642222
70536,1825.0005106642222
70537,1825.0005106642222
70538,1825.0005106642222
70539,1825.0005106642222
70540,1825.0005106642222
70541,1825.0005106642222
70542,1825.0005106642222
70543,1825.0005106642222
70544,1825.0005106642222
70545,1825.0005106642222
70546,1825.0005106642222
70547,1825.0005106642222
70548,1825.0005106642222
70549,1825.0005106642222
70550,1825.0005106642222
70551,1825.0005106642222
70552,1825.0005106642222
70553,1825.0005106642222
70554,1825.0005106642222
70555,1825.0005106642222
70556,1825.0005106642222
70557,1825.0005106642222
70558,1825.0005106642222
70559,1825.0005106642222
70560,1825.0005106642222
70561,1825.0005106642222
70562,1825.0005106642222
70563,1825.0005106642222
70564,1825.0005106642222
70565,1825.0005106642222
70566,1825.0005106642222
70567,1825.0005106642222
70568,1825.0005106642222
70569,1825.0005106642222
70570,1825.0005106642222
70571,1825.0005106642222
70572,1825.0005106642222
70573,1825.0005106642222
70574,1825.0005106642222
70575,1825.0005106642222
70576,1825.0005106642222
70577,1825.0005106642222
70578,1825.0005106642222
70579,1825.0005106642222
70580,1825.0005106642222
70581,1825.0005106642222
70582,1825.0005106642222
70583,1825.0005106642222
70584,1825.0005106642222
70585,1825.0005106642222
70586,1825.0005106642222
70587,1825.0005106642222
70588,1825.0005106642222
70589,1825.0005106642222
70590,1825.0005106642222
70591,1825.0005106642222
70592,1825.0005106642222
70593,1825.0005106642222
70594,1825.0005106642222
70595,1825.0005106642222
70596,1825.0005106642222
70597,1825.0005106642222
70598,1825.0005106642222
70599,1825.0005106642222
70600,1825.0005106642222
70601,1825.0005106642222
70602,1825.0005106642222
70603,1825.0005106642222
70604,1825.0005106642222
70605,1825.0005106642222
70606,1825.0005106642222
70607,1825.0005106642222
70608,1825.0005106642222
70609,1825.0005106642222
70610,1825.0005106642222
70611,1825.0005106642222
70612,1825.0005106642222
70613,1825.0005106642222
70614,1825.0005106642222
70615,1825.0005106642222
70616,1825.0005106642222
70617,1825.0005106642222
70618,1825.0005106642222
70619,1825.0005106642222
70620,1825.0005106642222
70621,1825.0005106642222
70622,1825.0005106642222
70623,1825.0005106642222
70624,1825.0005106642222
70625,1825.0005106642222
70626,1825.0005106642222
70627,1825.0005106642222
70628,1825.0005106642222
70629,1825.0005106642222
70630,1825.0005106642222
70631,1825.0005106642222
70632,1825.0005106642222
70633,1825.0005106642222
70634,1825.0005106642222
70635,1825.0005106642222
70636,1825.0005106642222
70637,1825.0005106642222
70638,1825.0005106642222
70639,1825.0005106642222
70640,1825.0005106642222
70641,1825.0005106642222
70642,1825.0005106642222
70643,1825.0005106642222
70644,1825.0005106642222
70645,1825.0005106642222
70646,1825.0005106642222
70647,1825.0005106642222
70648,1825.0005106642222
70649,1825.0005106642222
70650,1825.0005106642222
70651,1825.0005106642222
70652,1825.0005106642222
70653,1825.0005106642222
70654,1825.0005106642222
70655,1825.0005106642222
70656,1825.0005106642222
70657,1825.0005106642222
70658,1825.0005106642222
70659,1825.0005106642222
70660,1825.0005106642222
70661,1825.0005106642222
70662,1825.0005106642222
70663,1825.0005106642222
70664,1825.0005106642222
70665,1825.0005106642222
70666,1825.0005106642222
70667,1825.0005106642222
70668,1825.0005106642222
70669,1825.0005106642222
70670,1825.0005106642222
70671,1825.0005106642222
70672,1825.0005106642222
70673,1825.0005106642222
70674,1825.0005106642222
70675,1825.0005106642222
70676,1825.0005106642222
70677,1825.0005106642222
70678,1825.0005106642222
70679,1825.0005106642222
70680,1825.0005106642222
70681,1825.0005106642222
70682,1825.0005106642222
70683,1825.0005106642222
70684,1825.0005106642222
70685,1825.0005106642222
70686,1825.0005106642222
70687,1825.0005106642222
70688,1825.0005106642222
70689,1825.0005106642222
70690,1825.0005106642222
70691,1825.0005106642222
70692,1825.0005106642222
70693,1825.0005106642222
70694,1825.0005106642222
70695,1825.0005106642222
70696,1825.0005106642222
70697,1825.0005106642222
70698,1825.0005106642222
70699,1825.0005106642222
70700,1825.0005106642222
70701,1825.0005106642222
70702,1825.0005106642222
70703,1825.0005106642222
70704,1825.0005106642222
70705,1825.0005106642222
70706,1825.0005106642222
70707,1825.0005106642222
70708,1825.0005106642222
70709,1825.0005106642222
70710,1825.0005106642222
70711,1825.0005106642222
70712,1825.0005106642222
70713,1825.0005106642222
70714,1825.0005106642222
70715,1825.0005106642222
70716,1825.0005106642222
70717,1825.0005106642222
70718,1825.0005106642222
70719,1825.0005106642222
70720,1825.0005106642222
70721,1825.0005106642222
70722,1825.0005106642222
70723,1825.0005106642222
70724,1825.0005106642222
70725,1825.0005106642222
70726,1825.0005106642222
70727,1825.0005106642222
70728,1825.0005106642222
70729,1825.0005106642222
70730,1825.0005106642222
70731,1825.0005106642222
70732,1825.0005106642222
70733,1825.0005106642222
70734,1825.0005106642222
70735,1825.0005106642222
70736,1825.0005106642222
70737,1825.0005106642222
70738,1825.0005106642222
70739,1825.0005106642222
70740,1825.0005106642222
70741,1825.0005106642222
70742,1825.0005106642222
70743,1825.0005106642222
70744,1825.0005106642222
70745,1825.0005106642222
70746,1825.0005106642222
70747,1825.0005106642222
70748,1825.0005106642222
70749,1825.0005106642222
70750,1825.0005106642222
70751,1825.0005106642222
70752,1825.0005106642222
70753,1825.0005106642222
70754,1825.0005106642222
70755,1825.0005106642222
70756,1825.0005106642222
70757,1825.0005106642222
70758,1825.0005106642222
70759,1825.0005106642222
70760,1825.0005106642222
70761,1825.0005106642222
70762,1825.0005106642222
70763,1825.0005106642222
70764,1825.0005106642222
70765,1825.0005106642222
70766,1825.0005106642222
70767,1825.0005106642222
70768,1825.0005106642222
70769,1825.0005106642222
70770,1825.0005106642222
70771,1825.0005106642222
70772,1825.0005106642222
70773,1825.0005106642222
70774,1825.0005106642222
70775,1825.0005106642222
70776,1825.0005106642222
70777,1825.0005106642222
70778,1825.0005106642222
70779,1825.0005106642222
70780,1825.0005106642222
70781,1825.0005106642222
70782,1825.0005106642222
70783,1825.0005106642222
70784,1825.0005106642222
70785,1825.0005106642222
70786,1825.0005106642222
70787,1825.0005106642222
70788,1825.0005106642222
70789,1825.0005106642222
70790,1825.0005106642222
70791,1825.0005106642222
70792,1825.0005106642222
70793,1825.0005106642222
70794,1825.0005106642222
70795,1825.0005106642222
70796,1825.0005106642222
70797,1825.0005106642222
70798,1825.0005106642222
70799,1825.0005106642222
70800,1825.0005106642222
70801,1825.0005106642222
70802,1825.0005106642222
70803,1825.0005106642222
70804,1825.0005106642222
70805,1825.0005106642222
70806,1825.0005106642222
70807,1825.0005106642222
70808,1825.0005106642222
70809,1825.0005106642222
70810,1825.0005106642222
70811,1825.0005106642222
70812,1825.0005106642222
70813,1825.0005106642222
70814,1825.0005106642222
70815,1825.0005106642222
70816,1825.0005106642222
70817,1825.0005106642222
70818,1825.0005106642222
70819,1825.0005106642222
70820,1825.0005106642222
70821,1825.0005106642222
70822,1825.0005106642222
70823,1825.0005106642222
70824,1825.0005106642222
70825,1825.0005106642222
70826,1825.0005106642222
70827,1825.0005106642222
70828,1825.0005106642222
70829,1825.0005106642222
70830,1825.0005106642222
70831,1825.0005106642222
70832,1825.0005106642222
70833,1825.0005106642222
70834,1825.0005106642222
70835,1825.0005106642222
70836,1825.0005106642222
70837,1825.0005106642222
70838,1825.0005106642222
70839,1825.0005106642222
70840,1825.0005106642222
70841,1825.0005106642222
70842,1825.0005106642222
70843,1825.0005106642222
70844,1825.0005106642222
70845,1825.0005106642222
70846,1825.0005106642222
70847,1825.0005106642222
70848,1825.0005106642222
70849,1825.0005106642222
70850,1825.0005106642222
70851,1825.0005106642222
70852,1825.0005106642222
70853,1825.0005106642222
70854,1825.0005106642222
70855,1825.0005106642222
70856,1825.0005106642222
70857,1825.0005106642222
70858,1825.0005106642222
70859,1825.0005106642222
70860,1825.0005106642222
70861,1825.0005106642222
70862,1825.0005106642222
70863,1825.0005106642222
70864,1825.0005106642222
70865,1825.0005106642222
70866,1825.0005106642222
70867,1825.0005106642222
70868,1825.0005106642222
70869,1825.0005106642222
70870,1825.0005106642222
70871,1825.0005106642222
70872,1825.0005106642222
70873,1825.0005106642222
70874,1825.0005106642222
70875,1825.0005106642222
70876,1825.0005106642222
70877,1825.0005106642222
70878,1825.0005106642222
70879,1825.0005106642222
70880,1825.0005106642222
70881,1825.0005106642222
70882,1825.0005106642222
70883,1825.0005106642222
70884,1825.0005106642222
70885,1825.0005106642222
70886,1825.0005106642222
70887,1825.0005106642222
70888,1825.0005106642222
70889,1825.0005106642222
70890,1825.0005106642222
70891,1825.0005106642222
70892,1825.0005106642222
70893,1825.0005106642222
70894,1825.0005106642222
70895,1825.0005106642222
70896,1825.0005106642222
70897,1825.0005106642222
70898,1825.0005106642222
70899,1825.0005106642222
70900,1825.0005106642222
70901,1825.0005106642222
70902,1825.0005106642222
70903,1825.0005106642222
70904,1825.0005106642222
70905,1825.0005106642222
70906,1825.0005106642222
70907,1825.0005106642222
70908,1825.0005106642222
70909,1825.0005106642222
70910,1825.0005106642222
70911,1825.0005106642222
70912,1825.0005106642222
70913,1825.0005106642222
70914,1825.0005106642222
70915,1825.0005106642222
70916,1825.0005106642222
70917,1825.0005106642222
70918,1825.0005106642222
70919,1825.0005106642222
70920,1825.0005106642222
70921,1825.0005106642222
70922,1825.0005106642222
70923,1825.0005106642222
70924,1825.0005106642222
70925,1825.0005106642222
70926,1825.0005106642222
70927,1825.0005106642222
70928,1825.0005106642222
70929,1825.0005106642222
70930,1825.0005106642222
70931,1825.0005106642222
70932,1825.0005106642222
70933,1825.0005106642222
70934,1825.0005106642222
70935,1825.0005106642222
70936,1825.0005106642222
70937,1825.0005106642222
70938,1825.0005106642222
70939,1825.0005106642222
70940,1825.0005106642222
70941,1825.0005106642222
70942,1825.0005106642222
70943,1825.0005106642222
70944,1825.0005106642222
70945,1825.0005106642222
70946,1825.0005106642222
70947,1825.0005106642222
70948,1825.0005106642222
70949,1825.0005106642222
70950,1825.0005106642222
70951,1825.0005106642222
70952,1825.0005106642222
70953,1825.0005106642222
70954,1825.0005106642222
70955,1825.0005106642222
70956,1825.0005106642222
70957,1825.0005106642222
70958,1825.0005106642222
70959,1825.0005106642222
70960,1825.0005106642222
70961,1825.0005106642222
70962,1825.0005106642222
70963,1825.0005106642222
70964,1825.0005106642222
70965,1825.0005106642222
70966,1825.0005106642222
70967,1825.0005106642222
70968,1825.0005106642222
70969,1825.0005106642222
70970,1825.0005106642222
70971,1825.0005106642222
70972,1825.0005106642222
70973,1825.0005106642222
70974,1825.0005106642222
70975,1825.0005106642222
70976,1825.0005106642222
70977,1825.0005106642222
70978,1825.0005106642222
70979,1825.0005106642222
70980,1825.0005106642222
70981,1825.0005106642222
70982,1825.0005106642222
70983,1825.0005106642222
70984,1825.0005106642222
70985,1825.0005106642222
70986,1825.0005106642222
70987,1825.0005106642222
70988,1825.0005106642222
70989,1825.0005106642222
70990,1825.0005106642222
70991,1825.0005106642222
70992,1825.0005106642222
70993,1825.0005106642222
70994,1825.0005106642222
70995,1825.0005106642222
70996,1825.0005106642222
70997,1825.0005106642222
70998,1825.0005106642222
70999,1825.0005106642222
71000,1825.0005106642222
71001,1825.0005106642222
71002,1825.0005106642222
71003,1825.0005106642222
71004,1825.0005106642222
71005,1825.0005106642222
71006,1825.0005106642222
71007,1825.0005106642222
71008,1825.0005106642222
71009,1825.0005106642222
71010,1825.0005106642222
71011,1825.0005106642222
71012,1825.0005106642222
71013,1825.0005106642222
71014,1825.0005106642222
71015,1825.0005106642222
71016,1825.0005106642222
71017,1825.0005106642222
71018,1825.0005106642222
71019,1825.0005106642222
71020,1825.0005106642222
71021,1825.0005106642222
71022,1825.0005106642222
71023,1825.0005106642222
71024,1825.0005106642222
71025,1825.0005106642222
71026,1825.0005106642222
71027,1825.0005106642222
71028,1825.0005106642222
71029,1825.0005106642222
71030,1825.0005106642222
71031,1825.0005106642222
71032,1825.0005106642222
71033,1825.0005106642222
71034,1825.0005106642222
71035,1825.0005106642222
71036,1825.0005106642222
71037,1825.0005106642222
71038,1825.0005106642222
71039,1825.0005106642222
71040,1825.0005106642222
71041,1825.0005106642222
71042,1825.0005106642222
71043,1825.0005106642222
71044,1825.0005106642222
71045,1825.0005106642222
71046,1825.0005106642222
71047,1825.0005106642222
71048,1825.0005106642222
71049,1825.0005106642222
71050,1825.0005106642222
71051,1825.0005106642222
71052,1825.0005106642222
71053,1825.0005106642222
71054,1825.0005106642222
71055,1825.0005106642222
71056,1825.0005106642222
71057,1825.0005106642222
71058,1825.0005106642222
71059,1825.0005106642222
71060,1825.0005106642222
71061,1825.0005106642222
71062,1825.0005106642222
71063,1825.0005106642222
71064,1825.0005106642222
71065,1825.0005106642222
71066,1825.0005106642222
71067,1825.0005106642222
71068,1825.0005106642222
71069,1825.0005106642222
71070,1825.0005106642222
71071,1825.0005106642222
71072,1825.0005106642222
71073,1825.0005106642222
71074,1825.0005106642222
71075,1825.0005106642222
71076,1825.0005106642222
71077,1825.0005106642222
71078,1825.0005106642222
71079,1825.0005106642222
71080,1825.0005106642222
71081,1825.0005106642222
71082,1825.0005106642222
71083,1825.0005106642222
71084,1825.0005106642222
71085,1825.0005106642222
71086,1825.0005106642222
71087,1825.0005106642222
71088,1825.0005106642222
71089,1825.0005106642222
71090,1825.0005106642222
71091,1825.0005106642222
71092,1825.0005106642222
71093,1825.0005106642222
71094,1825.0005106642222
71095,1825.0005106642222
71096,1825.0005106642222
71097,1825.0005106642222
71098,1825.0005106642222
71099,1825.0005106642222
71100,1825.0005106642222
71101,1825.0005106642222
71102,1825.0005106642222
71103,1825.0005106642222
71104,1825.0005106642222
71105,1825.0005106642222
71106,1825.0005106642222
71107,1825.0005106642222
71108,1825.0005106642222
71109,1825.0005106642222
71110,1825.0005106642222
71111,1825.0005106642222
71112,1825.0005106642222
71113,1825.0005106642222
71114,1825.0005106642222
71115,1825.0005106642222
71116,1825.0005106642222
71117,1825.0005106642222
71118,1825.0005106642222
71119,1825.0005106642222
71120,1825.0005106642222
71121,1825.0005106642222
71122,1825.0005106642222
71123,1825.0005106642222
71124,1825.0005106642222
71125,1825.0005106642222
71126,1825.0005106642222
71127,1825.0005106642222
71128,1825.0005106642222
71129,1825.0005106642222
71130,1825.0005106642222
71131,1825.0005106642222
71132,1825.0005106642222
71133,1825.0005106642222
71134,1825.0005106642222
71135,1825.0005106642222
71136,1825.0005106642222
71137,1825.0005106642222
71138,1825.0005106642222
71139,1825.0005106642222
71140,1825.0005106642222
71141,1825.0005106642222
71142,1825.0005106642222
71143,1825.0005106642222
71144,1825.0005106642222
71145,1825.0005106642222
71146,1825.0005106642222
71147,1825.0005106642222
71148,1825.0005106642222
71149,1825.0005106642222
71150,1825.0005106642222
71151,1825.0005106642222
71152,1825.0005106642222
71153,1825.0005106642222
71154,1825.0005106642222
71155,1825.0005106642222
71156,1825.0005106642222
71157,1825.0005106642222
71158,1825.0005106642222
71159,1825.0005106642222
71160,1825.0005106642222
71161,1825.0005106642222
71162,1825.0005106642222
71163,1825.0005106642222
71164,1825.0005106642222
71165,1825.0005106642222
71166,1825.0005106642222
71167,1825.0005106642222
71168,1825.0005106642222
71169,1825.0005106642222
71170,1825.0005106642222
71171,1825.0005106642222
71172,1825.0005106642222
71173,1825.0005106642222
71174,1825.0005106642222
71175,1825.0005106642222
71176,1825.0005106642222
71177,1825.0005106642222
71178,1825.0005106642222
71179,1825.0005106642222
71180,1825.0005106642222
71181,1825.0005106642222
71182,1825.0005106642222
71183,1825.0005106642222
71184,1825.0005106642222
71185,1825.0005106642222
71186,1825.0005106642222
71187,1825.0005106642222
71188,1825.0005106642222
71189,1825.0005106642222
71190,1825.0005106642222
71191,1825.0005106642222
71192,1825.0005106642222
71193,1825.0005106642222
71194,1825.0005106642222
71195,1825.0005106642222
71196,1825.0005106642222
71197,1825.0005106642222
71198,1825.0005106642222
71199,1825.0005106642222
71200,1825.0005106642222
71201,1825.0005106642222
71202,1825.0005106642222
71203,1825.0005106642222
71204,1825.0005106642222
71205,1825.0005106642222
71206,1825.0005106642222
71207,1825.0005106642222
71208,1825.0005106642222
71209,1825.0005106642222
71210,1825.0005106642222
71211,1825.0005106642222
71212,1825.0005106642222
71213,1825.0005106642222
71214,1825.0005106642222
71215,1825.0005106642222
71216,1825.0005106642222
71217,1825.0005106642222
71218,1825.0005106642222
71219,1825.0005106642222
71220,1825.0005106642222
71221,1825.0005106642222
71222,1825.0005106642222
71223,1825.0005106642222
71224,1825.0005106642222
71225,1825.0005106642222
71226,1825.0005106642222
71227,1825.0005106642222
71228,1825.0005106642222
71229,1825.0005106642222
71230,1825.0005106642222
71231,1825.0005106642222
71232,1825.0005106642222
71233,1825.0005106642222
71234,1825.0005106642222
71235,1825.0005106642222
71236,1825.0005106642222
71237,1825.0005106642222
71238,1825.0005106642222
71239,1825.0005106642222
71240,1825.0005106642222
71241,1825.0005106642222
71242,1825.0005106642222
71243,1825.0005106642222
71244,1825.0005106642222
71245,1825.0005106642222
71246,1825.0005106642222
71247,1825.0005106642222
71248,1825.0005106642222
71249,1825.0005106642222
71250,1825.0005106642222
71251,1825.0005106642222
71252,1825.0005106642222
71253,1825.0005106642222
71254,1825.0005106642222
71255,1825.0005106642222
71256,1825.0005106642222
71257,1825.0005106642222
71258,1825.0005106642222
71259,1825.0005106642222
71260,1825.0005106642222
71261,1825.0005106642222
71262,1825.0005106642222
71263,1825.0005106642222
71264,1825.0005106642222
71265,1825.0005106642222
71266,1825.0005106642222
71267,1825.0005106642222
71268,1825.0005106642222
71269,1825.0005106642222
71270,1825.0005106642222
71271,1825.0005106642222
71272,1825.0005106642222
71273,1825.0005106642222
71274,1825.0005106642222
71275,1825.0005106642222
71276,1825.0005106642222
71277,1825.0005106642222
71278,1825.0005106642222
71279,1825.0005106642222
71280,1825.0005106642222
71281,1825.0005106642222
71282,1825.0005106642222
71283,1825.0005106642222
71284,1825.0005106642222
71285,1825.0005106642222
71286,1825.0005106642222
71287,1825.0005106642222
71288,1825.0005106642222
71289,1825.0005106642222
71290,1825.0005106642222
71291,1825.0005106642222
71292,1825.0005106642222
71293,1825.0005106642222
71294,1825.0005106642222
71295,1825.0005106642222
71296,1825.0005106642222
71297,1825.0005106642222
71298,1825.0005106642222
71299,1825.0005106642222
71300,1825.0005106642222
71301,1825.0005106642222
71302,1825.0005106642222
71303,1825.0005106642222
71304,1825.0005106642222
71305,1825.0005106642222
71306,1825.0005106642222
71307,1825.0005106642222
71308,1825.0005106642222
71309,1825.0005106642222
71310,1825.0005106642222
71311,1825.0005106642222
71312,1825.0005106642222
71313,1825.0005106642222
71314,1825.0005106642222
71315,1825.0005106642222
71316,1825.0005106642222
71317,1825.0005106642222
71318,1825.0005106642222
71319,1825.0005106642222
71320,1825.0005106642222
71321,1825.0005106642222
71322,1825.0005106642222
71323,1825.0005106642222
71324,1825.0005106642222
71325,1825.0005106642222
71326,1825.0005106642222
71327,1825.0005106642222
71328,1825.0005106642222
71329,1825.0005106642222
71330,1825.0005106642222
71331,1825.0005106642222
71332,1825.0005106642222
71333,1825.0005106642222
71334,1825.0005106642222
71335,1825.0005106642222
71336,1825.0005106642222
71337,1825.0005106642222
71338,1825.0005106642222
71339,1825.0005106642222
71340,1825.0005106642222
71341,1825.0005106642222
71342,1825.0005106642222
71343,1825.0005106642222
71344,1825.0005106642222
71345,1825.0005106642222
71346,1825.0005106642222
71347,1825.0005106642222
71348,1825.0005106642222
71349,1825.0005106642222
71350,1825.0005106642222
71351,1825.0005106642222
71352,1825.0005106642222
71353,1825.0005106642222
71354,1825.0005106642222
71355,1825.0005106642222
71356,1825.0005106642222
71357,1825.0005106642222
71358,1825.0005106642222
71359,1825.0005106642222
71360,1825.0005106642222
71361,1825.0005106642222
71362,1825.0005106642222
71363,1825.0005106642222
71364,1825.0005106642222
71365,1825.0005106642222
71366,1825.0005106642222
71367,1825.0005106642222
71368,1825.0005106642222
71369,1825.0005106642222
71370,1825.0005106642222
71371,1825.0005106642222
71372,1825.0005106642222
71373,1825.0005106642222
71374,1825.0005106642222
71375,1825.0005106642222
71376,1825.0005106642222
71377,1825.0005106642222
71378,1825.0005106642222
71379,1825.0005106642222
71380,1825.0005106642222
71381,1825.0005106642222
71382,1825.0005106642222
71383,1825.0005106642222
71384,1825.0005106642222
71385,1825.0005106642222
71386,1825.0005106642222
71387,1825.0005106642222
71388,1825.0005106642222
71389,1825.0005106642222
71390,1825.0005106642222
71391,1825.0005106642222
71392,1825.0005106642222
71393,1825.0005106642222
71394,1825.0005106642222
71395,1825.0005106642222
71396,1825.0005106642222
71397,1825.0005106642222
71398,1825.0005106642222
71399,1825.0005106642222
71400,1825.0005106642222
71401,1825.0005106642222
71402,1825.0005106642222
71403,1825.0005106642222
71404,1825.0005106642222
71405,1825.0005106642222
71406,1825.0005106642222
71407,1825.0005106642222
71408,1825.0005106642222
71409,1825.0005106642222
71410,1825.0005106642222
71411,1825.0005106642222
71412,1825.0005106642222
71413,1825.0005106642222
71414,1825.0005106642222
71415,1825.0005106642222
71416,1825.0005106642222
71417,1825.0005106642222
71418,1825.0005106642222
71419,1825.0005106642222
71420,1825.0005106642222
71421,1825.0005106642222
71422,1825.0005106642222
71423,1825.0005106642222
71424,1825.0005106642222
71425,1825.0005106642222
71426,1825.0005106642222
71427,1825.0005106642222
71428,1825.0005106642222
71429,1825.0005106642222
71430,1825.0005106642222
71431,1825.0005106642222
71432,1825.0005106642222
71433,1825.0005106642222
71434,1825.0005106642222
71435,1825.0005106642222
71436,1825.0005106642222
71437,1825.0005106642222
71438,1825.0005106642222
71439,1825.0005106642222
71440,1825.0005106642222
71441,1825.0005106642222
71442,1825.0005106642222
71443,1825.0005106642222
71444,1825.0005106642222
71445,1825.0005106642222
71446,1825.0005106642222
71447,1825.0005106642222
71448,1825.0005106642222
71449,1825.0005106642222
71450,1825.0005106642222
71451,1825.0005106642222
71452,1825.0005106642222
71453,1825.0005106642222
71454,1825.0005106642222
71455,1825.0005106642222
71456,1825.0005106642222
71457,1825.0005106642222
71458,1825.0005106642222
71459,1825.0005106642222
71460,1825.0005106642222
71461,1825.0005106642222
71462,1825.0005106642222
71463,1825.0005106642222
71464,1825.0005106642222
71465,1825.0005106642222
71466,1825.0005106642222
71467,1825.0005106642222
71468,1825.0005106642222
71469,1825.0005106642222
71470,1825.0005106642222
71471,1825.0005106642222
71472,1825.0005106642222
71473,1825.0005106642222
71474,1825.0005106642222
71475,1825.0005106642222
71476,1825.0005106642222
71477,1825.0005106642222
71478,1825.0005106642222
71479,1825.0005106642222
71480,1825.0005106642222
71481,1825.0005106642222
71482,1825.0005106642222
71483,1825.0005106642222
71484,1825.0005106642222
71485,1825.0005106642222
71486,1825.0005106642222
71487,1825.0005106642222
71488,1825.0005106642222
71489,1825.0005106642222
71490,1825.0005106642222
71491,1825.0005106642222
71492,1825.0005106642222
71493,1825.0005106642222
71494,1825.0005106642222
71495,1825.0005106642222
71496,1825.0005106642222
71497,1825.0005106642222
71498,1825.0005106642222
71499,1825.0005106642222
71500,1825.0005106642222
71501,1825.0005106642222
71502,1825.0005106642222
71503,1825.0005106642222
71504,1825.0005106642222
71505,1825.0005106642222
71506,1825.0005106642222
71507,1825.0005106642222
71508,1825.0005106642222
71509,1825.0005106642222
71510,1825.0005106642222
71511,1825.0005106642222
71512,1825.0005106642222
71513,1825.0005106642222
71514,1825.0005106642222
71515,1825.0005106642222
71516,1825.0005106642222
71517,1825.0005106642222
71518,1825.0005106642222
71519,1825.0005106642222
71520,1825.0005106642222
71521,1825.0005106642222
71522,1825.0005106642222
71523,1825.0005106642222
71524,1825.0005106642222
71525,1825.0005106642222
71526,1825.0005106642222
71527,1825.0005106642222
71528,1825.0005106642222
71529,1825.0005106642222
71530,1825.0005106642222
71531,1825.0005106642222
71532,1825.0005106642222
71533,1825.0005106642222
71534,1825.0005106642222
71535,1825.0005106642222
71536,1825.0005106642222
71537,1825.0005106642222
71538,1825.0005106642222
71539,1825.0005106642222
71540,1825.0005106642222
71541,1825.0005106642222
71542,1825.0005106642222
71543,1825.0005106642222
71544,1825.0005106642222
71545,1825.0005106642222
71546,1825.0005106642222
71547,1825.0005106642222
71548,1825.0005106642222
71549,1825.0005106642222
71550,1825.0005106642222
71551,1825.0005106642222
71552,1825.0005106642222
71553,1825.0005106642222
71554,1825.0005106642222
71555,1825.0005106642222
71556,1825.0005106642222
71557,1825.0005106642222
71558,1825.0005106642222
71559,1825.0005106642222
71560,1825.0005106642222
71561,1825.0005106642222
71562,1825.0005106642222
71563,1825.0005106642222
71564,1825.0005106642222
71565,1825.0005106642222
71566,1825.0005106642222
71567,1825.0005106642222
71568,1825.0005106642222
71569,1825.0005106642222
71570,1825.0005106642222
71571,1825.0005106642222
71572,1825.0005106642222
71573,1825.0005106642222
71574,1825.0005106642222
71575,1825.0005106642222
71576,1825.0005106642222
71577,1825.0005106642222
71578,1825.0005106642222
71579,1825.0005106642222
71580,1825.0005106642222
71581,1825.0005106642222
71582,1825.0005106642222
71583,1825.0005106642222
71584,1825.0005106642222
71585,1825.0005106642222
71586,1825.0005106642222
71587,1825.0005106642222
71588,1825.0005106642222
71589,1825.0005106642222
71590,1825.0005106642222
71591,1825.0005106642222
71592,1825.0005106642222
71593,1825.0005106642222
71594,1825.0005106642222
71595,1825.0005106642222
71596,1825.0005106642222
71597,1825.0005106642222
71598,1825.0005106642222
71599,1825.0005106642222
71600,1825.0005106642222
71601,1825.0005106642222
71602,1825.0005106642222
71603,1825.0005106642222
71604,1825.0005106642222
71605,1825.0005106642222
71606,1825.0005106642222
71607,1825.0005106642222
71608,1825.0005106642222
71609,1825.0005106642222
71610,1825.0005106642222
71611,1825.0005106642222
71612,1825.0005106642222
71613,1825.0005106642222
71614,1825.0005106642222
71615,1825.0005106642222
71616,1825.0005106642222
71617,1825.0005106642222
71618,1825.0005106642222
71619,1825.0005106642222
71620,1825.0005106642222
71621,1825.0005106642222
71622,1825.0005106642222
71623,1825.0005106642222
71624,1825.0005106642222
71625,1825.0005106642222
71626,1825.0005106642222
71627,1825.0005106642222
71628,1825.0005106642222
71629,1825.0005106642222
71630,1825.0005106642222
71631,1825.0005106642222
71632,1825.0005106642222
71633,1825.0005106642222
71634,1825.0005106642222
71635,1825.0005106642222
71636,1825.0005106642222
71637,1825.0005106642222
71638,1825.0005106642222
71639,1825.0005106642222
71640,1825.0005106642222
71641,1825.0005106642222
71642,1825.0005106642222
71643,1825.0005106642222
71644,1825.0005106642222
71645,1825.0005106642222
71646,1825.0005106642222
71647,1825.0005106642222
71648,1825.0005106642222
71649,1825.0005106642222
71650,1825.0005106642222
71651,1825.0005106642222
71652,1825.0005106642222
71653,1825.0005106642222
71654,1825.0005106642222
71655,1825.0005106642222
71656,1825.0005106642222
71657,1825.0005106642222
71658,1825.0005106642222
71659,1825.0005106642222
71660,1825.0005106642222
71661,1825.0005106642222
71662,1825.0005106642222
71663,1825.0005106642222
71664,1825.0005106642222
71665,1825.0005106642222
71666,1825.0005106642222
71667,1825.0005106642222
71668,1825.0005106642222
71669,1825.0005106642222
71670,1825.0005106642222
71671,1825.0005106642222
71672,1825.0005106642222
71673,1825.0005106642222
71674,1825.0005106642222
71675,1825.0005106642222
71676,1825.0005106642222
71677,1825.0005106642222
71678,1825.0005106642222
71679,1825.0005106642222
71680,1825.0005106642222
71681,1825.0005106642222
71682,1825.0005106642222
71683,1825.0005106642222
71684,1825.0005106642222
71685,1825.0005106642222
71686,1825.0005106642222
71687,1825.0005106642222
71688,1825.0005106642222
71689,1825.0005106642222
71690,1825.0005106642222
71691,1825.0005106642222
71692,1825.0005106642222
71693,1825.0005106642222
71694,1825.0005106642222
71695,1825.0005106642222
71696,1825.0005106642222
71697,1825.0005106642222
71698,1825.0005106642222
71699,1825.0005106642222
71700,1825.0005106642222
71701,1825.0005106642222
71702,1825.0005106642222
71703,1825.0005106642222
71704,1825.0005106642222
71705,1825.0005106642222
71706,1825.0005106642222
71707,1825.0005106642222
71708,1825.0005106642222
71709,1825.0005106642222
71710,1825.0005106642222
71711,1825.0005106642222
71712,1825.0005106642222
71713,1825.0005106642222
71714,1825.0005106642222
71715,1825.0005106642222
71716,1825.0005106642222
71717,1825.0005106642222
71718,1825.0005106642222
71719,1825.0005106642222
71720,1825.0005106642222
71721,1825.0005106642222
71722,1825.0005106642222
71723,1825.0005106642222
71724,1825.0005106642222
71725,1825.0005106642222
71726,1825.0005106642222
71727,1825.0005106642222
71728,1825.0005106642222
71729,1825.0005106642222
71730,1825.0005106642222
71731,1825.0005106642222
71732,1825.0005106642222
71733,1825.0005106642222
71734,1825.0005106642222
71735,1825.0005106642222
71736,1825.0005106642222
71737,1825.0005106642222
71738,1825.0005106642222
71739,1825.0005106642222
71740,1825.0005106642222
71741,1825.0005106642222
71742,1825.0005106642222
71743,1825.0005106642222
71744,1825.0005106642222
71745,1825.0005106642222
71746,1825.0005106642222
71747,1825.0005106642222
71748,1825.0005106642222
71749,1825.0005106642222
71750,1825.0005106642222
71751,1825.0005106642222
71752,1825.0005106642222
71753,1825.0005106642222
71754,1825.0005106642222
71755,1825.0005106642222
71756,1825.0005106642222
71757,1825.0005106642222
71758,1825.0005106642222
71759,1825.0005106642222
71760,1825.0005106642222
71761,1825.0005106642222
71762,1825.0005106642222
71763,1825.0005106642222
71764,1825.0005106642222
71765,1825.0005106642222
71766,1825.0005106642222
71767,1825.0005106642222
71768,1825.0005106642222
71769,1825.0005106642222
71770,1825.0005106642222
71771,1825.0005106642222
71772,1825.0005106642222
71773,1825.0005106642222
71774,1825.0005106642222
71775,1825.0005106642222
71776,1825.0005106642222
71777,1825.0005106642222
71778,1825.0005106642222
71779,1825.0005106642222
71780,1825.0005106642222
71781,1825.0005106642222
71782,1825.0005106642222
71783,1825.0005106642222
71784,1825.0005106642222
71785,1825.0005106642222
71786,1825.0005106642222
71787,1825.0005106642222
71788,1825.0005106642222
71789,1825.0005106642222
71790,1825.0005106642222
71791,1825.0005106642222
71792,1825.0005106642222
71793,1825.0005106642222
71794,1825.0005106642222
71795,1825.0005106642222
71796,1825.0005106642222
71797,1825.0005106642222
71798,1825.0005106642222
71799,1825.0005106642222
71800,1825.0005106642222
71801,1825.0005106642222
71802,1825.0005106642222
71803,1825.0005106642222
71804,1825.0005106642222
71805,1825.0005106642222
71806,1825.0005106642222
71807,1825.0005106642222
71808,1825.0005106642222
71809,1825.0005106642222
71810,1825.0005106642222
71811,1825.0005106642222
71812,1825.0005106642222
71813,1825.0005106642222
71814,1825.0005106642222
71815,1825.0005106642222
71816,1825.0005106642222
71817,1825.0005106642222
71818,1825.0005106642222
71819,1825.0005106642222
71820,1825.0005106642222
71821,1825.0005106642222
71822,1825.0005106642222
71823,1825.0005106642222
71824,1825.0005106642222
71825,1825.0005106642222
71826,1825.0005106642222
71827,1825.0005106642222
71828,1825.0005106642222
71829,1825.0005106642222
71830,1825.0005106642222
71831,1825.0005106642222
71832,1825.0005106642222
71833,1825.0005106642222
71834,1825.0005106642222
71835,1825.0005106642222
71836,1825.0005106642222
71837,1825.0005106642222
71838,1825.0005106642222
71839,1825.0005106642222
71840,1825.0005106642222
71841,1825.0005106642222
71842,1825.0005106642222
71843,1825.0005106642222
71844,1825.0005106642222
71845,1825.0005106642222
71846,1825.0005106642222
71847,1825.0005106642222
71848,1825.0005106642222
71849,1825.0005106642222
71850,1825.0005106642222
71851,1825.0005106642222
71852,1825.0005106642222
71853,1825.0005106642222
71854,1825.0005106642222
71855,1825.0005106642222
71856,1825.0005106642222
71857,1825.0005106642222
71858,1825.0005106642222
71859,1825.0005106642222
71860,1825.0005106642222
71861,1825.0005106642222
71862,1825.0005106642222
71863,1825.0005106642222
71864,1825.0005106642222
71865,1825.0005106642222
71866,1825.0005106642222
71867,1825.0005106642222
71868,1825.0005106642222
71869,1825.0005106642222
71870,1825.0005106642222
71871,1825.0005106642222
71872,1825.0005106642222
71873,1825.0005106642222
71874,1825.0005106642222
71875,1825.0005106642222
71876,1825.0005106642222
71877,1825.0005106642222
71878,1825.0005106642222
71879,1825.0005106642222
71880,1825.0005106642222
71881,1825.0005106642222
71882,1825.0005106642222
71883,1825.0005106642222
71884,1825.0005106642222
71885,1825.0005106642222
71886,1825.0005106642222
71887,1825.0005106642222
71888,1825.0005106642222
71889,1825.0005106642222
71890,1825.0005106642222
71891,1825.0005106642222
71892,1825.0005106642222
71893,1825.0005106642222
71894,1825.0005106642222
71895,1825.0005106642222
71896,1825.0005106642222
71897,1825.0005106642222
71898,1825.0005106642222
71899,1825.0005106642222
71900,1825.0005106642222
71901,1825.0005106642222
71902,1825.0005106642222
71903,1825.0005106642222
71904,1825.0005106642222
71905,1825.0005106642222
71906,1825.0005106642222
71907,1825.0005106642222
71908,1825.0005106642222
71909,1825.0005106642222
71910,1825.0005106642222
71911,1825.0005106642222
71912,1825.0005106642222
71913,1825.0005106642222
71914,1825.0005106642222
71915,1825.0005106642222
71916,1825.0005106642222
71917,1825.0005106642222
71918,1825.0005106642222
71919,1825.0005106642222
71920,1825.0005106642222
71921,1825.0005106642222
71922,1825.0005106642222
71923,1825.0005106642222
71924,1825.0005106642222
71925,1825.0005106642222
71926,1825.0005106642222
71927,1825.0005106642222
71928,1825.0005106642222
71929,1825.0005106642222
71930,1825.0005106642222
71931,1825.0005106642222
71932,1825.0005106642222
71933,1825.0005106642222
71934,1825.0005106642222
71935,1825.0005106642222
71936,1825.0005106642222
71937,1825.0005106642222
71938,1825.0005106642222
71939,1825.0005106642222
71940,1825.0005106642222
71941,1825.0005106642222
71942,1825.0005106642222
71943,1825.0005106642222
71944,1825.0005106642222
71945,1825.0005106642222
71946,1825.0005106642222
71947,1825.0005106642222
71948,1825.0005106642222
71949,1825.0005106642222
71950,1825.0005106642222
71951,1825.0005106642222
71952,1825.0005106642222
71953,1825.0005106642222
71954,1825.0005106642222
71955,1825.0005106642222
71956,1825.0005106642222
71957,1825.0005106642222
71958,1825.0005106642222
71959,1825.0005106642222
71960,1825.0005106642222
71961,1825.0005106642222
71962,1825.0005106642222
71963,1825.0005106642222
71964,1825.0005106642222
71965,1825.0005106642222
71966,1825.0005106642222
71967,1825.0005106642222
71968,1825.0005106642222
71969,1825.0005106642222
71970,1825.0005106642222
71971,1825.0005106642222
71972,1825.0005106642222
71973,1825.0005106642222
71974,1825.0005106642222
71975,1825.0005106642222
71976,1825.0005106642222
71977,1825.0005106642222
71978,1825.0005106642222
71979,1825.0005106642222
71980,1825.0005106642222
71981,1825.0005106642222
71982,1825.0005106642222
71983,1825.0005106642222
71984,1825.0005106642222
71985,1825.0005106642222
71986,1825.0005106642222
71987,1825.0005106642222
71988,1825.0005106642222
71989,1825.0005106642222
71990,1825.0005106642222
71991,1825.0005106642222
71992,1825.0005106642222
71993,1825.0005106642222
71994,1825.0005106642222
71995,1825.0005106642222
71996,1825.0005106642222
71997,1825.0005106642222
71998,1825.0005106642222
71999,1825.0005106642222
72000,1825.0005106642222
72001,1825.0005106642222
72002,1825.0005106642222
72003,1825.0005106642222
72004,1825.0005106642222
72005,1825.0005106642222
72006,1825.0005106642222
72007,1825.0005106642222
72008,1825.0005106642222
72009,1825.0005106642222
72010,1825.0005106642222
72011,1825.0005106642222
72012,1825.0005106642222
72013,1825.0005106642222
72014,1825.0005106642222
72015,1825.0005106642222
72016,1825.0005106642222
72017,1825.0005106642222
72018,1825.0005106642222
72019,1825.0005106642222
72020,1825.0005106642222
72021,1825.0005106642222
72022,1825.0005106642222
72023,1825.0005106642222
72024,1825.0005106642222
72025,1825.0005106642222
72026,1825.0005106642222
72027,1825.0005106642222
72028,1825.0005106642222
72029,1825.0005106642222
72030,1825.0005106642222
72031,1825.0005106642222
72032,1825.0005106642222
72033,1825.0005106642222
72034,1825.0005106642222
72035,1825.0005106642222
72036,1825.0005106642222
72037,1825.0005106642222
72038,1825.0005106642222
72039,1825.0005106642222
72040,1825.0005106642222
72041,1825.0005106642222
72042,1825.0005106642222
72043,1825.0005106642222
72044,1825.0005106642222
72045,1825.0005106642222
72046,1825.0005106642222
72047,1825.0005106642222
72048,1825.0005106642222
72049,1825.0005106642222
72050,1825.0005106642222
72051,1825.0005106642222
72052,1825.0005106642222
72053,1825.0005106642222
72054,1825.0005106642222
72055,1825.0005106642222
72056,1825.0005106642222
72057,1825.0005106642222
72058,1825.0005106642222
72059,1825.0005106642222
72060,1825.0005106642222
72061,1825.0005106642222
72062,1825.0005106642222
72063,1825.0005106642222
72064,1825.0005106642222
72065,1825.0005106642222
72066,1825.0005106642222
72067,1825.0005106642222
72068,1825.0005106642222
72069,1825.0005106642222
72070,1825.0005106642222
72071,1825.0005106642222
72072,1825.0005106642222
72073,1825.0005106642222
72074,1825.0005106642222
72075,1825.0005106642222
72076,1825.0005106642222
72077,1825.0005106642222
72078,1825.0005106642222
72079,1825.0005106642222
72080,1825.0005106642222
72081,1825.0005106642222
72082,1825.0005106642222
72083,1825.0005106642222
72084,1825.0005106642222
72085,1825.0005106642222
72086,1825.0005106642222
72087,1825.0005106642222
72088,1825.0005106642222
72089,1825.0005106642222
72090,1825.0005106642222
72091,1825.0005106642222
72092,1825.0005106642222
72093,1825.0005106642222
72094,1825.0005106642222
72095,1825.0005106642222
72096,1825.0005106642222
72097,1825.0005106642222
72098,1825.0005106642222
72099,1825.0005106642222
72100,1825.0005106642222
72101,1825.0005106642222
72102,1825.0005106642222
72103,1825.0005106642222
72104,1825.0005106642222
72105,1825.0005106642222
72106,1825.0005106642222
72107,1825.0005106642222
72108,1825.0005106642222
72109,1825.0005106642222
72110,1825.0005106642222
72111,1825.0005106642222
72112,1825.0005106642222
72113,1825.0005106642222
72114,1825.0005106642222
72115,1825.0005106642222
72116,1825.0005106642222
72117,1825.0005106642222
72118,1825.0005106642222
72119,1825.0005106642222
72120,1825.0005106642222
72121,1825.0005106642222
72122,1825.0005106642222
72123,1825.0005106642222
72124,1825.0005106642222
72125,1825.0005106642222
72126,1825.0005106642222
72127,1825.0005106642222
72128,1825.0005106642222
72129,1825.0005106642222
72130,1825.0005106642222
72131,1825.0005106642222
72132,1825.0005106642222
72133,1825.0005106642222
72134,1825.0005106642222
72135,1825.0005106642222
72136,1825.0005106642222
72137,1825.0005106642222
72138,1825.0005106642222
72139,1825.0005106642222
72140,1825.0005106642222
72141,1825.0005106642222
72142,1825.0005106642222
72143,1825.0005106642222
72144,1825.0005106642222
72145,1825.0005106642222
72146,1825.0005106642222
72147,1825.0005106642222
72148,1825.0005106642222
72149,1825.0005106642222
72150,1825.0005106642222
72151,1825.0005106642222
72152,1825.0005106642222
72153,1825.0005106642222
72154,1825.0005106642222
72155,1825.0005106642222
72156,1825.0005106642222
72157,1825.0005106642222
72158,1825.0005106642222
72159,1825.0005106642222
72160,1825.0005106642222
72161,1825.0005106642222
72162,1825.0005106642222
72163,1825.0005106642222
72164,1825.0005106642222
72165,1825.0005106642222
72166,1825.0005106642222
72167,1825.0005106642222
72168,1825.0005106642222
72169,1825.0005106642222
72170,1825.0005106642222
72171,1825.0005106642222
72172,1825.0005106642222
72173,1825.0005106642222
72174,1825.0005106642222
72175,1825.0005106642222
72176,1825.0005106642222
72177,1825.0005106642222
72178,1825.0005106642222
72179,1825.0005106642222
72180,1825.0005106642222
72181,1825.0005106642222
72182,1825.0005106642222
72183,1825.0005106642222
72184,1825.0005106642222
72185,1825.0005106642222
72186,1825.0005106642222
72187,1825.0005106642222
72188,1825.0005106642222
72189,1825.0005106642222
72190,1825.0005106642222
72191,1825.0005106642222
72192,1825.0005106642222
72193,1825.0005106642222
72194,1825.0005106642222
72195,1825.0005106642222
72196,1825.0005106642222
72197,1825.0005106642222
72198,1825.0005106642222
72199,1825.0005106642222
72200,1825.0005106642222
72201,1825.0005106642222
72202,1825.0005106642222
72203,1825.0005106642222
72204,1825.0005106642222
72205,1825.0005106642222
72206,1825.0005106642222
72207,1825.0005106642222
72208,1825.0005106642222
72209,1825.0005106642222
72210,1825.0005106642222
72211,1825.0005106642222
72212,1825.0005106642222
72213,1825.0005106642222
72214,1825.0005106642222
72215,1825.0005106642222
72216,1825.0005106642222
72217,1825.0005106642222
72218,1825.0005106642222
72219,1825.0005106642222
72220,1825.0005106642222
72221,1825.0005106642222
72222,1825.0005106642222
72223,1825.0005106642222
72224,1825.0005106642222
72225,1825.0005106642222
72226,1825.0005106642222
72227,1825.0005106642222
72228,1825.0005106642222
72229,1825.0005106642222
72230,1825.0005106642222
72231,1825.0005106642222
72232,1825.0005106642222
72233,1825.0005106642222
72234,1825.0005106642222
72235,1825.0005106642222
72236,1825.0005106642222
72237,1825.0005106642222
72238,1825.0005106642222
72239,1825.0005106642222
72240,1825.0005106642222
72241,1825.0005106642222
72242,1825.0005106642222
72243,1825.0005106642222
72244,1825.0005106642222
72245,1825.0005106642222
72246,1825.0005106642222
72247,1825.0005106642222
72248,1825.0005106642222
72249,1825.0005106642222
72250,1825.0005106642222
72251,1825.0005106642222
72252,1825.0005106642222
72253,1825.0005106642222
72254,1825.0005106642222
72255,1825.0005106642222
72256,1825.0005106642222
72257,1825.0005106642222
72258,1825.0005106642222
72259,1825.0005106642222
72260,1825.0005106642222
72261,1825.0005106642222
72262,1825.0005106642222
72263,1825.0005106642222
72264,1825.0005106642222
72265,1825.0005106642222
72266,1825.0005106642222
72267,1825.0005106642222
72268,1825.0005106642222
72269,1825.0005106642222
72270,1825.0005106642222
72271,1825.0005106642222
72272,1825.0005106642222
72273,1825.0005106642222
72274,1825.0005106642222
72275,1825.0005106642222
72276,1825.0005106642222
72277,1825.0005106642222
72278,1825.0005106642222
72279,1825.0005106642222
72280,1825.0005106642222
72281,1825.0005106642222
72282,1825.0005106642222
72283,1825.0005106642222
72284,1825.0005106642222
72285,1825.0005106642222
72286,1825.0005106642222
72287,1825.0005106642222
72288,1825.0005106642222
72289,1825.0005106642222
72290,1825.0005106642222
72291,1825.0005106642222
72292,1825.0005106642222
72293,1825.0005106642222
72294,1825.0005106642222
72295,1825.0005106642222
72296,1825.0005106642222
72297,1825.0005106642222
72298,1825.0005106642222
72299,1825.0005106642222
72300,1825.0005106642222
72301,1825.0005106642222
72302,1825.0005106642222
72303,1825.0005106642222
72304,1825.0005106642222
72305,1825.0005106642222
72306,1825.0005106642222
72307,1825.0005106642222
72308,1825.0005106642222
72309,1825.0005106642222
72310,1825.0005106642222
72311,1825.0005106642222
72312,1825.0005106642222
72313,1825.0005106642222
72314,1825.0005106642222
72315,1825.0005106642222
72316,1825.0005106642222
72317,1825.0005106642222
72318,1825.0005106642222
72319,1825.0005106642222
72320,1825.0005106642222
72321,1825.0005106642222
72322,1825.0005106642222
72323,1825.0005106642222
72324,1825.0005106642222
72325,1825.0005106642222
72326,1825.0005106642222
72327,1825.0005106642222
72328,1825.0005106642222
72329,1825.0005106642222
72330,1825.0005106642222
72331,1825.0005106642222
72332,1825.0005106642222
72333,1825.0005106642222
72334,1825.0005106642222
72335,1825.0005106642222
72336,1825.0005106642222
72337,1825.0005106642222
72338,1825.0005106642222
72339,1825.0005106642222
72340,1825.0005106642222
72341,1825.0005106642222
72342,1825.0005106642222
72343,1825.0005106642222
72344,1825.0005106642222
72345,1825.0005106642222
72346,1825.0005106642222
72347,1825.0005106642222
72348,1825.0005106642222
72349,1825.0005106642222
72350,1825.0005106642222
72351,1825.0005106642222
72352,1825.0005106642222
72353,1825.0005106642222
72354,1825.0005106642222
72355,1825.0005106642222
72356,1825.0005106642222
72357,1825.0005106642222
72358,1825.0005106642222
72359,1825.0005106642222
72360,1825.0005106642222
72361,1825.0005106642222
72362,1825.0005106642222
72363,1825.0005106642222
72364,1825.0005106642222
72365,1825.0005106642222
72366,1825.0005106642222
72367,1825.0005106642222
72368,1825.0005106642222
72369,1825.0005106642222
72370,1825.0005106642222
72371,1825.0005106642222
72372,1825.0005106642222
72373,1825.0005106642222
72374,1825.0005106642222
72375,1825.0005106642222
72376,1825.0005106642222
72377,1825.0005106642222
72378,1825.0005106642222
72379,1825.0005106642222
72380,1825.0005106642222
72381,1825.0005106642222
72382,1825.0005106642222
72383,1825.0005106642222
72384,1825.0005106642222
72385,1825.0005106642222
72386,1825.0005106642222
72387,1825.0005106642222
72388,1825.0005106642222
72389,1825.0005106642222
72390,1825.0005106642222
72391,1825.0005106642222
72392,1825.0005106642222
72393,1825.0005106642222
72394,1825.0005106642222
72395,1825.0005106642222
72396,1825.0005106642222
72397,1825.0005106642222
72398,1825.0005106642222
72399,1825.0005106642222
72400,1825.0005106642222
72401,1825.0005106642222
72402,1825.0005106642222
72403,1825.0005106642222
72404,1825.0005106642222
72405,1825.0005106642222
72406,1825.0005106642222
72407,1825.0005106642222
72408,1825.0005106642222
72409,1825.0005106642222
72410,1825.0005106642222
72411,1825.0005106642222
72412,1825.0005106642222
72413,1825.0005106642222
72414,1825.0005106642222
72415,1825.0005106642222
72416,1825.0005106642222
72417,1825.0005106642222
72418,1825.0005106642222
72419,1825.0005106642222
72420,1825.0005106642222
72421,1825.0005106642222
72422,1825.0005106642222
72423,1825.0005106642222
72424,1825.0005106642222
72425,1825.0005106642222
72426,1825.0005106642222
72427,1825.0005106642222
72428,1825.0005106642222
72429,1825.0005106642222
72430,1825.0005106642222
72431,1825.0005106642222
72432,1825.0005106642222
72433,1825.0005106642222
72434,1825.0005106642222
72435,1825.0005106642222
72436,1825.0005106642222
72437,1825.0005106642222
72438,1825.0005106642222
72439,1825.0005106642222
72440,1825.0005106642222
72441,1825.0005106642222
72442,1825.0005106642222
72443,1825.0005106642222
72444,1825.0005106642222
72445,1825.0005106642222
72446,1825.0005106642222
72447,1825.0005106642222
72448,1825.0005106642222
72449,1825.0005106642222
72450,1825.0005106642222
72451,1825.0005106642222
72452,1825.0005106642222
72453,1825.0005106642222
72454,1825.0005106642222
72455,1825.0005106642222
72456,1825.0005106642222
72457,1825.0005106642222
72458,1825.0005106642222
72459,1825.0005106642222
72460,1825.0005106642222
72461,1825.0005106642222
72462,1825.0005106642222
72463,1825.0005106642222
72464,1825.0005106642222
72465,1825.0005106642222
72466,1825.0005106642222
72467,1825.0005106642222
72468,1825.0005106642222
72469,1825.0005106642222
72470,1825.0005106642222
72471,1825.0005106642222
72472,1825.0005106642222
72473,1825.0005106642222
72474,1825.0005106642222
72475,1825.0005106642222
72476,1825.0005106642222
72477,1825.0005106642222
72478,1825.0005106642222
72479,1825.0005106642222
72480,1825.0005106642222
72481,1825.0005106642222
72482,1825.0005106642222
72483,1825.0005106642222
72484,1825.0005106642222
72485,1825.0005106642222
72486,1825.0005106642222
72487,1825.0005106642222
72488,1825.0005106642222
72489,1825.0005106642222
72490,1825.0005106642222
72491,1825.0005106642222
72492,1825.0005106642222
72493,1825.0005106642222
72494,1825.0005106642222
72495,1825.0005106642222
72496,1825.0005106642222
72497,1825.0005106642222
72498,1825.0005106642222
72499,1825.0005106642222
72500,1825.0005106642222
72501,1825.0005106642222
72502,1825.0005106642222
72503,1825.0005106642222
72504,1825.0005106642222
72505,1825.0005106642222
72506,1825.0005106642222
72507,1825.0005106642222
72508,1825.0005106642222
72509,1825.0005106642222
72510,1825.0005106642222
72511,1825.0005106642222
72512,1825.0005106642222
72513,1825.0005106642222
72514,1825.0005106642222
72515,1825.0005106642222
72516,1825.0005106642222
72517,1825.0005106642222
72518,1825.0005106642222
72519,1825.0005106642222
72520,1825.0005106642222
72521,1825.0005106642222
72522,1825.0005106642222
72523,1825.0005106642222
72524,1825.0005106642222
72525,1825.0005106642222
72526,1825.0005106642222
72527,1825.0005106642222
72528,1825.0005106642222
72529,1825.0005106642222
72530,1825.0005106642222
72531,1825.0005106642222
72532,1825.0005106642222
72533,1825.0005106642222
72534,1825.0005106642222
72535,1825.0005106642222
72536,1825.0005106642222
72537,1825.0005106642222
72538,1825.0005106642222
72539,1825.0005106642222
72540,1825.0005106642222
72541,1825.0005106642222
72542,1825.0005106642222
72543,1825.0005106642222
72544,1825.0005106642222
72545,1825.0005106642222
72546,1825.0005106642222
72547,1825.0005106642222
72548,1825.0005106642222
72549,1825.0005106642222
72550,1825.0005106642222
72551,1825.0005106642222
72552,1825.0005106642222
72553,1825.0005106642222
72554,1825.0005106642222
72555,1825.0005106642222
72556,1825.0005106642222
72557,1825.0005106642222
72558,1825.0005106642222
72559,1825.0005106642222
72560,1825.0005106642222
72561,1825.0005106642222
72562,1825.0005106642222
72563,1825.0005106642222
72564,1825.0005106642222
72565,1825.0005106642222
72566,1825.0005106642222
72567,1825.0005106642222
72568,1825.0005106642222
72569,1825.0005106642222
72570,1825.0005106642222
72571,1825.0005106642222
72572,1825.0005106642222
72573,1825.0005106642222
72574,1825.0005106642222
72575,1825.0005106642222
72576,1825.0005106642222
72577,1825.0005106642222
72578,1825.0005106642222
72579,1825.0005106642222
72580,1825.0005106642222
72581,1825.0005106642222
72582,1825.0005106642222
72583,1825.0005106642222
72584,1825.0005106642222
72585,1825.0005106642222
72586,1825.0005106642222
72587,1825.0005106642222
72588,1825.0005106642222
72589,1825.0005106642222
72590,1825.0005106642222
72591,1825.0005106642222
72592,1825.0005106642222
72593,1825.0005106642222
72594,1825.0005106642222
72595,1825.0005106642222
72596,1825.0005106642222
72597,1825.0005106642222
72598,1825.0005106642222
72599,1825.0005106642222
72600,1825.0005106642222
72601,1825.0005106642222
72602,1825.0005106642222
72603,1825.0005106642222
72604,1825.0005106642222
72605,1825.0005106642222
72606,1825.0005106642222
72607,1825.0005106642222
72608,1825.0005106642222
72609,1825.0005106642222
72610,1825.0005106642222
72611,1825.0005106642222
72612,1825.0005106642222
72613,1825.0005106642222
72614,1825.0005106642222
72615,1825.0005106642222
72616,1825.0005106642222
72617,1825.0005106642222
72618,1825.0005106642222
72619,1825.0005106642222
72620,1825.0005106642222
72621,1825.0005106642222
72622,1825.0005106642222
72623,1825.0005106642222
72624,1825.0005106642222
72625,1825.0005106642222
72626,1825.0005106642222
72627,1825.0005106642222
72628,1825.0005106642222
72629,1825.0005106642222
72630,1825.0005106642222
72631,1825.0005106642222
72632,1825.0005106642222
72633,1825.0005106642222
72634,1825.0005106642222
72635,1825.0005106642222
72636,1825.0005106642222
72637,1825.0005106642222
72638,1825.0005106642222
72639,1825.0005106642222
72640,1825.0005106642222
72641,1825.0005106642222
72642,1825.0005106642222
72643,1825.0005106642222
72644,1825.0005106642222
72645,1825.0005106642222
72646,1825.0005106642222
72647,1825.0005106642222
72648,1825.0005106642222
72649,1825.0005106642222
72650,1825.0005106642222
72651,1825.0005106642222
72652,1825.0005106642222
72653,1825.0005106642222
72654,1825.0005106642222
72655,1825.0005106642222
72656,1825.0005106642222
72657,1825.0005106642222
72658,1825.0005106642222
72659,1825.0005106642222
72660,1825.0005106642222
72661,1825.0005106642222
72662,1825.0005106642222
72663,1825.0005106642222
72664,1825.0005106642222
72665,1825.0005106642222
72666,1825.0005106642222
72667,1825.0005106642222
72668,1825.0005106642222
72669,1825.0005106642222
72670,1825.0005106642222
72671,1825.0005106642222
72672,1825.0005106642222
72673,1825.0005106642222
72674,1825.0005106642222
72675,1825.0005106642222
72676,1825.0005106642222
72677,1825.0005106642222
72678,1825.0005106642222
72679,1825.0005106642222
72680,1825.0005106642222
72681,1825.0005106642222
72682,1825.0005106642222
72683,1825.0005106642222
72684,1825.0005106642222
72685,1825.0005106642222
72686,1825.0005106642222
72687,1825.0005106642222
72688,1825.0005106642222
72689,1825.0005106642222
72690,1825.0005106642222
72691,1825.0005106642222
72692,1825.0005106642222
72693,1825.0005106642222
72694,1825.0005106642222
72695,1825.0005106642222
72696,1825.0005106642222
72697,1825.0005106642222
72698,1825.0005106642222
72699,1825.0005106642222
72700,1825.0005106642222
72701,1825.0005106642222
72702,1825.0005106642222
72703,1825.0005106642222
72704,1825.0005106642222
72705,1825.0005106642222
72706,1825.0005106642222
72707,1825.0005106642222
72708,1825.0005106642222
72709,1825.0005106642222
72710,1825.0005106642222
72711,1825.0005106642222
72712,1825.0005106642222
72713,1825.0005106642222
72714,1825.0005106642222
72715,1825.0005106642222
72716,1825.0005106642222
72717,1825.0005106642222
72718,1825.0005106642222
72719,1825.0005106642222
72720,1825.0005106642222
72721,1825.0005106642222
72722,1825.0005106642222
72723,1825.0005106642222
72724,1825.0005106642222
72725,1825.0005106642222
72726,1825.0005106642222
72727,1825.0005106642222
72728,1825.0005106642222
72729,1825.0005106642222
72730,1825.0005106642222
72731,1825.0005106642222
72732,1825.0005106642222
72733,1825.0005106642222
72734,1825.0005106642222
72735,1825.0005106642222
72736,1825.0005106642222
72737,1825.0005106642222
72738,1825.0005106642222
72739,1825.0005106642222
72740,1825.0005106642222
72741,1825.0005106642222
72742,1825.0005106642222
72743,1825.0005106642222
72744,1825.0005106642222
72745,1825.0005106642222
72746,1825.0005106642222
72747,1825.0005106642222
72748,1825.0005106642222
72749,1825.0005106642222
72750,1825.0005106642222
72751,1825.0005106642222
72752,1825.0005106642222
72753,1825.0005106642222
72754,1825.0005106642222
72755,1825.0005106642222
72756,1825.0005106642222
72757,1825.0005106642222
72758,1825.0005106642222
72759,1825.0005106642222
72760,1825.0005106642222
72761,1825.0005106642222
72762,1825.0005106642222
72763,1825.0005106642222
72764,1825.0005106642222
72765,1825.0005106642222
72766,1825.0005106642222
72767,1825.0005106642222
72768,1825.0005106642222
72769,1825.0005106642222
72770,1825.0005106642222
72771,1825.0005106642222
72772,1825.0005106642222
72773,1825.0005106642222
72774,1825.0005106642222
72775,1825.0005106642222
72776,1825.0005106642222
72777,1825.0005106642222
72778,1825.0005106642222
72779,1825.0005106642222
72780,1825.0005106642222
72781,1825.0005106642222
72782,1825.0005106642222
72783,1825.0005106642222
72784,1825.0005106642222
72785,1825.0005106642222
72786,1825.0005106642222
72787,1825.0005106642222
72788,1825.0005106642222
72789,1825.0005106642222
72790,1825.0005106642222
72791,1825.0005106642222
72792,1825.0005106642222
72793,1825.0005106642222
72794,1825.0005106642222
72795,1825.0005106642222
72796,1825.0005106642222
72797,1825.0005106642222
72798,1825.0005106642222
72799,1825.0005106642222
72800,1825.0005106642222
72801,1825.0005106642222
72802,1825.0005106642222
72803,1825.0005106642222
72804,1825.0005106642222
72805,1825.0005106642222
72806,1825.0005106642222
72807,1825.0005106642222
72808,1825.0005106642222
72809,1825.0005106642222
72810,1825.0005106642222
72811,1825.0005106642222
72812,1825.0005106642222
72813,1825.0005106642222
72814,1825.0005106642222
72815,1825.0005106642222
72816,1825.0005106642222
72817,1825.0005106642222
72818,1825.0005106642222
72819,1825.0005106642222
72820,1825.0005106642222
72821,1825.0005106642222
72822,1825.0005106642222
72823,1825.0005106642222
72824,1825.0005106642222
72825,1825.0005106642222
72826,1825.0005106642222
72827,1825.0005106642222
72828,1825.0005106642222
72829,1825.0005106642222
72830,1825.0005106642222
72831,1825.0005106642222
72832,1825.0005106642222
72833,1825.0005106642222
72834,1825.0005106642222
72835,1825.0005106642222
72836,1825.0005106642222
72837,1825.0005106642222
72838,1825.0005106642222
72839,1825.0005106642222
72840,1825.0005106642222
72841,1825.0005106642222
72842,1825.0005106642222
72843,1825.0005106642222
72844,1825.0005106642222
72845,1825.0005106642222
72846,1825.0005106642222
72847,1825.0005106642222
72848,1825.0005106642222
72849,1825.0005106642222
72850,1825.0005106642222
72851,1825.0005106642222
72852,1825.0005106642222
72853,1825.0005106642222
72854,1825.0005106642222
72855,1825.0005106642222
72856,1825.0005106642222
72857,1825.0005106642222
72858,1825.0005106642222
72859,1825.0005106642222
72860,1825.0005106642222
72861,1825.0005106642222
72862,1825.0005106642222
72863,1825.0005106642222
72864,1825.0005106642222
72865,1825.0005106642222
72866,1825.0005106642222
72867,1825.0005106642222
72868,1825.0005106642222
72869,1825.0005106642222
72870,1825.0005106642222
72871,1825.0005106642222
72872,1825.0005106642222
72873,1825.0005106642222
72874,1825.0005106642222
72875,1825.0005106642222
72876,1825.0005106642222
72877,1825.0005106642222
72878,1825.0005106642222
72879,1825.0005106642222
72880,1825.0005106642222
72881,1825.0005106642222
72882,1825.0005106642222
72883,1825.0005106642222
72884,1825.0005106642222
72885,1825.0005106642222
72886,1825.0005106642222
72887,1825.0005106642222
72888,1825.0005106642222
72889,1825.0005106642222
72890,1825.0005106642222
72891,1825.0005106642222
72892,1825.0005106642222
72893,1825.0005106642222
72894,1825.0005106642222
72895,1825.0005106642222
72896,1825.0005106642222
72897,1825.0005106642222
72898,1825.0005106642222
72899,1825.0005106642222
72900,1825.0005106642222
72901,1825.0005106642222
72902,1825.0005106642222
72903,1825.0005106642222
72904,1825.0005106642222
72905,1825.0005106642222
72906,1825.0005106642222
72907,1825.0005106642222
72908,1825.0005106642222
72909,1825.0005106642222
72910,1825.0005106642222
72911,1825.0005106642222
72912,1825.0005106642222
72913,1825.0005106642222
72914,1825.0005106642222
72915,1825.0005106642222
72916,1825.0005106642222
72917,1825.0005106642222
72918,1825.0005106642222
72919,1825.0005106642222
72920,1825.0005106642222
72921,1825.0005106642222
72922,1825.0005106642222
72923,1825.0005106642222
72924,1825.0005106642222
72925,1825.0005106642222
72926,1825.0005106642222
72927,1825.0005106642222
72928,1825.0005106642222
72929,1825.0005106642222
72930,1825.0005106642222
72931,1825.0005106642222
72932,1825.0005106642222
72933,1825.0005106642222
72934,1825.0005106642222
72935,1825.0005106642222
72936,1825.0005106642222
72937,1825.0005106642222
72938,1825.0005106642222
72939,1825.0005106642222
72940,1825.0005106642222
72941,1825.0005106642222
72942,1825.0005106642222
72943,1825.0005106642222
72944,1825.0005106642222
72945,1825.0005106642222
72946,1825.0005106642222
72947,1825.0005106642222
72948,1825.0005106642222
72949,1825.0005106642222
72950,1825.0005106642222
72951,1825.0005106642222
72952,1825.0005106642222
72953,1825.0005106642222
72954,1825.0005106642222
72955,1825.0005106642222
72956,1825.0005106642222
72957,1825.0005106642222
72958,1825.0005106642222
72959,1825.0005106642222
72960,1825.0005106642222
72961,1825.0005106642222
72962,1825.0005106642222
72963,1825.0005106642222
72964,1825.0005106642222
72965,1825.0005106642222
72966,1825.0005106642222
72967,1825.0005106642222
72968,1825.0005106642222
72969,1825.0005106642222
72970,1825.0005106642222
72971,1825.0005106642222
72972,1825.0005106642222
72973,1825.0005106642222
72974,1825.0005106642222
72975,1825.0005106642222
72976,1825.0005106642222
72977,1825.0005106642222
72978,1825.0005106642222
72979,1825.0005106642222
72980,1825.0005106642222
72981,1825.0005106642222
72982,1825.0005106642222
72983,1825.0005106642222
72984,1825.0005106642222
72985,1825.0005106642222
72986,1825.0005106642222
72987,1825.0005106642222
72988,1825.0005106642222
72989,1825.0005106642222
72990,1825.0005106642222
72991,1825.0005106642222
72992,1825.0005106642222
72993,1825.0005106642222
72994,1825.0005106642222
72995,1825.0005106642222
72996,1825.0005106642222
72997,1825.0005106642222
72998,1825.0005106642222
72999,1825.0005106642222
73000,1825.0005106642222
73001,1825.0005106642222
73002,1825.0005106642222
73003,1825.0005106642222
73004,1825.0005106642222
73005,1825.0005106642222
73006,1825.0005106642222
73007,1825.0005106642222
73008,1825.0005106642222
73009,1825.0005106642222
73010,1825.0005106642222
73011,1825.0005106642222
73012,1825.0005106642222
73013,1825.0005106642222
73014,1825.0005106642222
73015,1825.0005106642222
73016,1825.0005106642222
73017,1825.0005106642222
73018,1825.0005106642222
73019,1825.0005106642222
73020,1825.0005106642222
73021,1825.0005106642222
73022,1825.0005106642222
73023,1825.0005106642222
73024,1825.0005106642222
73025,1825.0005106642222
73026,1825.0005106642222
73027,1825.0005106642222
73028,1825.0005106642222
73029,1825.0005106642222
73030,1825.0005106642222
73031,1825.0005106642222
73032,1825.0005106642222
73033,1825.0005106642222
73034,1825.0005106642222
73035,1825.0005106642222
73036,1825.0005106642222
73037,1825.0005106642222
73038,1825.0005106642222
73039,1825.0005106642222
73040,1825.0005106642222
73041,1825.0005106642222
73042,1825.0005106642222
73043,1825.0005106642222
73044,1825.0005106642222
73045,1825.0005106642222
73046,1825.0005106642222
73047,1825.0005106642222
73048,1825.0005106642222
73049,1825.0005106642222
73050,1825.0005106642222
73051,1825.0005106642222
73052,1825.0005106642222
73053,1825.0005106642222
73054,1825.0005106642222
73055,1825.0005106642222
73056,1825.0005106642222
73057,1825.0005106642222
73058,1825.0005106642222
73059,1825.0005106642222
73060,1825.0005106642222
73061,1825.0005106642222
73062,1825.0005106642222
73063,1825.0005106642222
73064,1825.0005106642222
73065,1825.0005106642222
73066,1825.0005106642222
73067,1825.0005106642222
73068,1825.0005106642222
73069,1825.0005106642222
73070,1825.0005106642222
73071,1825.0005106642222
73072,1825.0005106642222
73073,1825.0005106642222
73074,1825.0005106642222
73075,1825.0005106642222
73076,1825.0005106642222
73077,1825.0005106642222
73078,1825.0005106642222
73079,1825.0005106642222
73080,1825.0005106642222
73081,1825.0005106642222
73082,1825.0005106642222
73083,1825.0005106642222
73084,1825.0005106642222
73085,1825.0005106642222
73086,1825.0005106642222
73087,1825.0005106642222
73088,1825.0005106642222
73089,1825.0005106642222
73090,1825.0005106642222
73091,1825.0005106642222
73092,1825.0005106642222
73093,1825.0005106642222
73094,1825.0005106642222
73095,1825.0005106642222
73096,1825.0005106642222
73097,1825.0005106642222
73098,1825.0005106642222
73099,1825.0005106642222
73100,1825.0005106642222
73101,1825.0005106642222
73102,1825.0005106642222
73103,1825.0005106642222
73104,1825.0005106642222
73105,1825.0005106642222
73106,1825.0005106642222
73107,1825.0005106642222
73108,1825.0005106642222
73109,1825.0005106642222
73110,1825.0005106642222
73111,1825.0005106642222
73112,1825.0005106642222
73113,1825.0005106642222
73114,1825.0005106642222
73115,1825.0005106642222
73116,1825.0005106642222
73117,1825.0005106642222
73118,1825.0005106642222
73119,1825.0005106642222
73120,1825.0005106642222
73121,1825.0005106642222
73122,1825.0005106642222
73123,1825.0005106642222
73124,1825.0005106642222
73125,1825.0005106642222
73126,1825.0005106642222
73127,1825.0005106642222
73128,1825.0005106642222
73129,1825.0005106642222
73130,1825.0005106642222
73131,1825.0005106642222
73132,1825.0005106642222
73133,1825.0005106642222
73134,1825.0005106642222
73135,1825.0005106642222
73136,1825.0005106642222
73137,1825.0005106642222
73138,1825.0005106642222
73139,1825.0005106642222
73140,1825.0005106642222
73141,1825.0005106642222
73142,1825.0005106642222
73143,1825.0005106642222
73144,1825.0005106642222
73145,1825.0005106642222
73146,1825.0005106642222
73147,1825.0005106642222
73148,1825.0005106642222
73149,1825.0005106642222
73150,1825.0005106642222
73151,1825.0005106642222
73152,1825.0005106642222
73153,1825.0005106642222
73154,1825.0005106642222
73155,1825.0005106642222
73156,1825.0005106642222
73157,1825.0005106642222
73158,1825.0005106642222
73159,1825.0005106642222
73160,1825.0005106642222
73161,1825.0005106642222
73162,1825.0005106642222
73163,1825.0005106642222
73164,1825.0005106642222
73165,1825.0005106642222
73166,1825.0005106642222
73167,1825.0005106642222
73168,1825.0005106642222
73169,1825.0005106642222
73170,1825.0005106642222
73171,1825.0005106642222
73172,1825.0005106642222
73173,1825.0005106642222
73174,1825.0005106642222
73175,1825.0005106642222
73176,1825.0005106642222
73177,1825.0005106642222
73178,1825.0005106642222
73179,1825.0005106642222
73180,1825.0005106642222
73181,1825.0005106642222
73182,1825.0005106642222
73183,1825.0005106642222
73184,1825.0005106642222
73185,1825.0005106642222
73186,1825.0005106642222
73187,1825.0005106642222
73188,1825.0005106642222
73189,1825.0005106642222
73190,1825.0005106642222
73191,1825.0005106642222
73192,1825.0005106642222
73193,1825.0005106642222
73194,1825.0005106642222
73195,1825.0005106642222
73196,1825.0005106642222
73197,1825.0005106642222
73198,1825.0005106642222
73199,1825.0005106642222
73200,1825.0005106642222
73201,1825.0005106642222
73202,1825.0005106642222
73203,1825.0005106642222
73204,1825.0005106642222
73205,1825.0005106642222
73206,1825.0005106642222
73207,1825.0005106642222
73208,1825.0005106642222
73209,1825.0005106642222
73210,1825.0005106642222
73211,1825.0005106642222
73212,1825.0005106642222
73213,1825.0005106642222
73214,1825.0005106642222
73215,1825.0005106642222
73216,1825.0005106642222
73217,1825.0005106642222
73218,1825.0005106642222
73219,1825.0005106642222
73220,1825.0005106642222
73221,1825.0005106642222
73222,1825.0005106642222
73223,1825.0005106642222
73224,1825.0005106642222
73225,1825.0005106642222
73226,1825.0005106642222
73227,1825.0005106642222
73228,1825.0005106642222
73229,1825.0005106642222
73230,1825.0005106642222
73231,1825.0005106642222
73232,1825.0005106642222
73233,1825.0005106642222
73234,1825.0005106642222
73235,1825.0005106642222
73236,1825.0005106642222
73237,1825.0005106642222
73238,1825.0005106642222
73239,1825.0005106642222
73240,1825.0005106642222
73241,1825.0005106642222
73242,1825.0005106642222
73243,1825.0005106642222
73244,1825.0005106642222
73245,1825.0005106642222
73246,1825.0005106642222
73247,1825.0005106642222
73248,1825.0005106642222
73249,1825.0005106642222
73250,1825.0005106642222
73251,1825.0005106642222
73252,1825.0005106642222
73253,1825.0005106642222
73254,1825.0005106642222
73255,1825.0005106642222
73256,1825.0005106642222
73257,1825.0005106642222
73258,1825.0005106642222
73259,1825.0005106642222
73260,1825.0005106642222
73261,1825.0005106642222
73262,1825.0005106642222
73263,1825.0005106642222
73264,1825.0005106642222
73265,1825.0005106642222
73266,1825.0005106642222
73267,1825.0005106642222
73268,1825.0005106642222
73269,1825.0005106642222
73270,1825.0005106642222
73271,1825.0005106642222
73272,1825.0005106642222
73273,1825.0005106642222
73274,1825.0005106642222
73275,1825.0005106642222
73276,1825.0005106642222
73277,1825.0005106642222
73278,1825.0005106642222
73279,1825.0005106642222
73280,1825.0005106642222
73281,1825.0005106642222
73282,1825.0005106642222
73283,1825.0005106642222
73284,1825.0005106642222
73285,1825.0005106642222
73286,1825.0005106642222
73287,1825.0005106642222
73288,1825.0005106642222
73289,1825.0005106642222
73290,1825.0005106642222
73291,1825.0005106642222
73292,1825.0005106642222
73293,1825.0005106642222
73294,1825.0005106642222
73295,1825.0005106642222
73296,1825.0005106642222
73297,1825.0005106642222
73298,1825.0005106642222
73299,1825.0005106642222
73300,1825.0005106642222
73301,1825.0005106642222
73302,1825.0005106642222
73303,1825.0005106642222
73304,1825.0005106642222
73305,1825.0005106642222
73306,1825.0005106642222
73307,1825.0005106642222
73308,1825.0005106642222
73309,1825.0005106642222
73310,1825.0005106642222
73311,1825.0005106642222
73312,1825.0005106642222
73313,1825.0005106642222
73314,1825.0005106642222
73315,1825.0005106642222
73316,1825.0005106642222
73317,1825.0005106642222
73318,1825.0005106642222
73319,1825.0005106642222
73320,1825.0005106642222
73321,1825.0005106642222
73322,1825.0005106642222
73323,1825.0005106642222
73324,1825.0005106642222
73325,1825.0005106642222
73326,1825.0005106642222
73327,1825.0005106642222
73328,1825.0005106642222
73329,1825.0005106642222
73330,1825.0005106642222
73331,1825.0005106642222
73332,1825.0005106642222
73333,1825.0005106642222
73334,1825.0005106642222
73335,1825.0005106642222
73336,1825.0005106642222
73337,1825.0005106642222
73338,1825.0005106642222
73339,1825.0005106642222
73340,1825.0005106642222
73341,1825.0005106642222
73342,1825.0005106642222
73343,1825.0005106642222
73344,1825.0005106642222
73345,1825.0005106642222
73346,1825.0005106642222
73347,1825.0005106642222
73348,1825.0005106642222
73349,1825.0005106642222
73350,1825.0005106642222
73351,1825.0005106642222
73352,1825.0005106642222
73353,1825.0005106642222
73354,1825.0005106642222
73355,1825.0005106642222
73356,1825.0005106642222
73357,1825.0005106642222
73358,1825.0005106642222
73359,1825.0005106642222
73360,1825.0005106642222
73361,1825.0005106642222
73362,1825.0005106642222
73363,1825.0005106642222
73364,1825.0005106642222
73365,1825.0005106642222
73366,1825.0005106642222
73367,1825.0005106642222
73368,1825.0005106642222
73369,1825.0005106642222
73370,1825.0005106642222
73371,1825.0005106642222
73372,1825.0005106642222
73373,1825.0005106642222
73374,1825.0005106642222
73375,1825.0005106642222
73376,1825.0005106642222
73377,1825.0005106642222
73378,1825.0005106642222
73379,1825.0005106642222
73380,1825.0005106642222
73381,1825.0005106642222
73382,1825.0005106642222
73383,1825.0005106642222
73384,1825.0005106642222
73385,1825.0005106642222
73386,1825.0005106642222
73387,1825.0005106642222
73388,1825.0005106642222
73389,1825.0005106642222
73390,1825.0005106642222
73391,1825.0005106642222
73392,1825.0005106642222
73393,1825.0005106642222
73394,1825.0005106642222
73395,1825.0005106642222
73396,1825.0005106642222
73397,1825.0005106642222
73398,1825.0005106642222
73399,1825.0005106642222
73400,1825.0005106642222
73401,1825.0005106642222
73402,1825.0005106642222
73403,1825.0005106642222
73404,1825.0005106642222
73405,1825.0005106642222
73406,1825.0005106642222
73407,1825.0005106642222
73408,1825.0005106642222
73409,1825.0005106642222
73410,1825.0005106642222
73411,1825.0005106642222
73412,1825.0005106642222
73413,1825.0005106642222
73414,1825.0005106642222
73415,1825.0005106642222
73416,1825.0005106642222
73417,1825.0005106642222
73418,1825.0005106642222
73419,1825.0005106642222
73420,1825.0005106642222
73421,1825.0005106642222
73422,1825.0005106642222
73423,1825.0005106642222
73424,1825.0005106642222
73425,1825.0005106642222
73426,1825.0005106642222
73427,1825.0005106642222
73428,1825.0005106642222
73429,1825.0005106642222
73430,1825.0005106642222
73431,1825.0005106642222
73432,1825.0005106642222
73433,1825.0005106642222
73434,1825.0005106642222
73435,1825.0005106642222
73436,1825.0005106642222
73437,1825.0005106642222
73438,1825.0005106642222
73439,1825.0005106642222
73440,1825.0005106642222
73441,1825.0005106642222
73442,1825.0005106642222
73443,1825.0005106642222
73444,1825.0005106642222
73445,1825.0005106642222
73446,1825.0005106642222
73447,1825.0005106642222
73448,1825.0005106642222
73449,1825.0005106642222
73450,1825.0005106642222
73451,1825.0005106642222
73452,1825.0005106642222
73453,1825.0005106642222
73454,1825.0005106642222
73455,1825.0005106642222
73456,1825.0005106642222
73457,1825.0005106642222
73458,1825.0005106642222
73459,1825.0005106642222
73460,1825.0005106642222
73461,1825.0005106642222
73462,1825.0005106642222
73463,1825.0005106642222
73464,1825.0005106642222
73465,1825.0005106642222
73466,1825.0005106642222
73467,1825.0005106642222
73468,1825.0005106642222
73469,1825.0005106642222
73470,1825.0005106642222
73471,1825.0005106642222
73472,1825.0005106642222
73473,1825.0005106642222
73474,1825.0005106642222
73475,1825.0005106642222
73476,1825.0005106642222
73477,1825.0005106642222
73478,1825.0005106642222
73479,1825.0005106642222
73480,1825.0005106642222
73481,1825.0005106642222
73482,1825.0005106642222
73483,1825.0005106642222
73484,1825.0005106642222
73485,1825.0005106642222
73486,1825.0005106642222
73487,1825.0005106642222
73488,1825.0005106642222
73489,1825.0005106642222
73490,1825.0005106642222
73491,1825.0005106642222
73492,1825.0005106642222
73493,1825.0005106642222
73494,1825.0005106642222
73495,1825.0005106642222
73496,1825.0005106642222
73497,1825.0005106642222
73498,1825.0005106642222
73499,1825.0005106642222
73500,1825.0005106642222
73501,1825.0005106642222
73502,1825.0005106642222
73503,1825.0005106642222
73504,1825.0005106642222
73505,1825.0005106642222
73506,1825.0005106642222
73507,1825.0005106642222
73508,1825.0005106642222
73509,1825.0005106642222
73510,1825.0005106642222
73511,1825.0005106642222
73512,1825.0005106642222
73513,1825.0005106642222
73514,1825.0005106642222
73515,1825.0005106642222
73516,1825.0005106642222
73517,1825.0005106642222
73518,1825.0005106642222
73519,1825.0005106642222
73520,1825.0005106642222
73521,1825.0005106642222
73522,1825.0005106642222
73523,1825.0005106642222
73524,1825.0005106642222
73525,1825.0005106642222
73526,1825.0005106642222
73527,1825.0005106642222
73528,1825.0005106642222
73529,1825.0005106642222
73530,1825.0005106642222
73531,1825.0005106642222
73532,1825.0005106642222
73533,1825.0005106642222
73534,1825.0005106642222
73535,1825.0005106642222
73536,1825.0005106642222
73537,1825.0005106642222
73538,1825.0005106642222
73539,1825.0005106642222
73540,1825.0005106642222
73541,1825.0005106642222
73542,1825.0005106642222
73543,1825.0005106642222
73544,1825.0005106642222
73545,1825.0005106642222
73546,1825.0005106642222
73547,1825.0005106642222
73548,1825.0005106642222
73549,1825.0005106642222
73550,1825.0005106642222
73551,1825.0005106642222
73552,1825.0005106642222
73553,1825.0005106642222
73554,1825.0005106642222
73555,1825.0005106642222
73556,1825.0005106642222
73557,1825.0005106642222
73558,1825.0005106642222
73559,1825.0005106642222
73560,1825.0005106642222
73561,1825.0005106642222
73562,1825.0005106642222
73563,1825.0005106642222
73564,1825.0005106642222
73565,1825.0005106642222
73566,1825.0005106642222
73567,1825.0005106642222
73568,1825.0005106642222
73569,1825.0005106642222
73570,1825.0005106642222
73571,1825.0005106642222
73572,1825.0005106642222
73573,1825.0005106642222
73574,1825.0005106642222
73575,1825.0005106642222
73576,1825.0005106642222
73577,1825.0005106642222
73578,1825.0005106642222
73579,1825.0005106642222
73580,1825.0005106642222
73581,1825.0005106642222
73582,1825.0005106642222
73583,1825.0005106642222
73584,1825.0005106642222
73585,1825.0005106642222
73586,1825.0005106642222
73587,1825.0005106642222
73588,1825.0005106642222
73589,1825.0005106642222
73590,1825.0005106642222
73591,1825.0005106642222
73592,1825.0005106642222
73593,1825.0005106642222
73594,1825.0005106642222
73595,1825.0005106642222
73596,1825.0005106642222
73597,1825.0005106642222
73598,1825.0005106642222
73599,1825.0005106642222
73600,1825.0005106642222
73601,1825.0005106642222
73602,1825.0005106642222
73603,1825.0005106642222
73604,1825.0005106642222
73605,1825.0005106642222
73606,1825.0005106642222
73607,1825.0005106642222
73608,1825.0005106642222
73609,1825.0005106642222
73610,1825.0005106642222
73611,1825.0005106642222
73612,1825.0005106642222
73613,1825.0005106642222
73614,1825.0005106642222
73615,1825.0005106642222
73616,1825.0005106642222
73617,1825.0005106642222
73618,1825.0005106642222
73619,1825.0005106642222
73620,1825.0005106642222
73621,1825.0005106642222
73622,1825.0005106642222
73623,1825.0005106642222
73624,1825.0005106642222
73625,1825.0005106642222
73626,1825.0005106642222
73627,1825.0005106642222
73628,1825.0005106642222
73629,1825.0005106642222
73630,1825.0005106642222
73631,1825.0005106642222
73632,1825.0005106642222
73633,1825.0005106642222
73634,1825.0005106642222
73635,1825.0005106642222
73636,1825.0005106642222
73637,1825.0005106642222
73638,1825.0005106642222
73639,1825.0005106642222
73640,1825.0005106642222
73641,1825.0005106642222
73642,1825.0005106642222
73643,1825.0005106642222
73644,1825.0005106642222
73645,1825.0005106642222
73646,1825.0005106642222
73647,1825.0005106642222
73648,1825.0005106642222
73649,1825.0005106642222
73650,1825.0005106642222
73651,1825.0005106642222
73652,1825.0005106642222
73653,1825.0005106642222
73654,1825.0005106642222
73655,1825.0005106642222
73656,1825.0005106642222
73657,1825.0005106642222
73658,1825.0005106642222
73659,1825.0005106642222
73660,1825.0005106642222
73661,1825.0005106642222
73662,1825.0005106642222
73663,1825.0005106642222
73664,1825.0005106642222
73665,1825.0005106642222
73666,1825.0005106642222
73667,1825.0005106642222
73668,1825.0005106642222
73669,1825.0005106642222
73670,1825.0005106642222
73671,1825.0005106642222
73672,1825.0005106642222
73673,1825.0005106642222
73674,1825.0005106642222
73675,1825.0005106642222
73676,1825.0005106642222
73677,1825.0005106642222
73678,1825.0005106642222
73679,1825.0005106642222
73680,1825.0005106642222
73681,1825.0005106642222
73682,1825.0005106642222
73683,1825.0005106642222
73684,1825.0005106642222
73685,1825.0005106642222
73686,1825.0005106642222
73687,1825.0005106642222
73688,1825.0005106642222
73689,1825.0005106642222
73690,1825.0005106642222
73691,1825.0005106642222
73692,1825.0005106642222
73693,1825.0005106642222
73694,1825.0005106642222
73695,1825.0005106642222
73696,1825.0005106642222
73697,1825.0005106642222
73698,1825.0005106642222
73699,1825.0005106642222
73700,1825.0005106642222
73701,1825.0005106642222
73702,1825.0005106642222
73703,1825.0005106642222
73704,1825.0005106642222
73705,1825.0005106642222
73706,1825.0005106642222
73707,1825.0005106642222
73708,1825.0005106642222
73709,1825.0005106642222
73710,1825.0005106642222
73711,1825.0005106642222
73712,1825.0005106642222
73713,1825.0005106642222
73714,1825.0005106642222
73715,1825.0005106642222
73716,1825.0005106642222
73717,1825.0005106642222
73718,1825.0005106642222
73719,1825.0005106642222
73720,1825.0005106642222
73721,1825.0005106642222
73722,1825.0005106642222
73723,1825.0005106642222
73724,1825.0005106642222
73725,1825.0005106642222
73726,1825.0005106642222
73727,1825.0005106642222
73728,1825.0005106642222
73729,1825.0005106642222
73730,1825.0005106642222
73731,1825.0005106642222
73732,1825.0005106642222
73733,1825.0005106642222
73734,1825.0005106642222
73735,1825.0005106642222
73736,1825.0005106642222
73737,1825.0005106642222
73738,1825.0005106642222
73739,1825.0005106642222
73740,1825.0005106642222
73741,1825.0005106642222
73742,1825.0005106642222
73743,1825.0005106642222
73744,1825.0005106642222
73745,1825.0005106642222
73746,1825.0005106642222
73747,1825.0005106642222
73748,1825.0005106642222
73749,1825.0005106642222
73750,1825.0005106642222
73751,1825.0005106642222
73752,1825.0005106642222
73753,1825.0005106642222
73754,1825.0005106642222
73755,1825.0005106642222
73756,1825.0005106642222
73757,1825.0005106642222
73758,1825.0005106642222
73759,1825.0005106642222
73760,1825.0005106642222
73761,1825.0005106642222
73762,1825.0005106642222
73763,1825.0005106642222
73764,1825.0005106642222
73765,1825.0005106642222
73766,1825.0005106642222
73767,1825.0005106642222
73768,1825.0005106642222
73769,1825.0005106642222
73770,1825.0005106642222
73771,1825.0005106642222
73772,1825.0005106642222
73773,1825.0005106642222
73774,1825.0005106642222
73775,1825.0005106642222
73776,1825.0005106642222
73777,1825.0005106642222
73778,1825.0005106642222
73779,1825.0005106642222
73780,1825.0005106642222
73781,1825.0005106642222
73782,1825.0005106642222
73783,1825.0005106642222
73784,1825.0005106642222
73785,1825.0005106642222
73786,1825.0005106642222
73787,1825.0005106642222
73788,1825.0005106642222
73789,1825.0005106642222
73790,1825.0005106642222
73791,1825.0005106642222
73792,1825.0005106642222
73793,1825.0005106642222
73794,1825.0005106642222
73795,1825.0005106642222
73796,1825.0005106642222
73797,1825.0005106642222
73798,1825.0005106642222
73799,1825.0005106642222
73800,1825.0005106642222
73801,1825.0005106642222
73802,1825.0005106642222
73803,1825.0005106642222
73804,1825.0005106642222
73805,1825.0005106642222
73806,1825.0005106642222
73807,1825.0005106642222
73808,1825.0005106642222
73809,1825.0005106642222
73810,1825.0005106642222
73811,1825.0005106642222
73812,1825.0005106642222
73813,1825.0005106642222
73814,1825.0005106642222
73815,1825.0005106642222
73816,1825.0005106642222
73817,1825.0005106642222
73818,1825.0005106642222
73819,1825.0005106642222
73820,1825.0005106642222
73821,1825.0005106642222
73822,1825.0005106642222
73823,1825.0005106642222
73824,1825.0005106642222
73825,1825.0005106642222
73826,1825.0005106642222
73827,1825.0005106642222
73828,1825.0005106642222
73829,1825.0005106642222
73830,1825.0005106642222
73831,1825.0005106642222
73832,1825.0005106642222
73833,1825.0005106642222
73834,1825.0005106642222
73835,1825.0005106642222
73836,1825.0005106642222
73837,1825.0005106642222
73838,1825.0005106642222
73839,1825.0005106642222
73840,1825.0005106642222
73841,1825.0005106642222
73842,1825.0005106642222
73843,1825.0005106642222
73844,1825.0005106642222
73845,1825.0005106642222
73846,1825.0005106642222
73847,1825.0005106642222
73848,1825.0005106642222
73849,1825.0005106642222
73850,1825.0005106642222
73851,1825.0005106642222
73852,1825.0005106642222
73853,1825.0005106642222
73854,1825.0005106642222
73855,1825.0005106642222
73856,1825.0005106642222
73857,1825.0005106642222
73858,1825.0005106642222
73859,1825.0005106642222
73860,1825.0005106642222
73861,1825.0005106642222
73862,1825.0005106642222
73863,1825.0005106642222
73864,1825.0005106642222
73865,1825.0005106642222
73866,1825.0005106642222
73867,1825.0005106642222
73868,1825.0005106642222
73869,1825.0005106642222
73870,1825.0005106642222
73871,1825.0005106642222
73872,1825.0005106642222
73873,1825.0005106642222
73874,1825.0005106642222
73875,1825.0005106642222
73876,1825.0005106642222
73877,1825.0005106642222
73878,1825.0005106642222
73879,1825.0005106642222
73880,1825.0005106642222
73881,1825.0005106642222
73882,1825.0005106642222
73883,1825.0005106642222
73884,1825.0005106642222
73885,1825.0005106642222
73886,1825.0005106642222
73887,1825.0005106642222
73888,1825.0005106642222
73889,1825.0005106642222
73890,1825.0005106642222
73891,1825.0005106642222
73892,1825.0005106642222
73893,1825.0005106642222
73894,1825.0005106642222
73895,1825.0005106642222
73896,1825.0005106642222
73897,1825.0005106642222
73898,1825.0005106642222
73899,1825.0005106642222
73900,1825.0005106642222
73901,1825.0005106642222
73902,1825.0005106642222
73903,1825.0005106642222
73904,1825.0005106642222
73905,1825.0005106642222
73906,1825.0005106642222
73907,1825.0005106642222
73908,1825.0005106642222
73909,1825.0005106642222
73910,1825.0005106642222
73911,1825.0005106642222
73912,1825.0005106642222
73913,1825.0005106642222
73914,1825.0005106642222
73915,1825.0005106642222
73916,1825.0005106642222
73917,1825.0005106642222
73918,1825.0005106642222
73919,1825.0005106642222
73920,1825.0005106642222
73921,1825.0005106642222
73922,1825.0005106642222
73923,1825.0005106642222
73924,1825.0005106642222
73925,1825.0005106642222
73926,1825.0005106642222
73927,1825.0005106642222
73928,1825.0005106642222
73929,1825.0005106642222
73930,1825.0005106642222
73931,1825.0005106642222
73932,1825.0005106642222
73933,1825.0005106642222
73934,1825.0005106642222
73935,1825.0005106642222
73936,1825.0005106642222
73937,1825.0005106642222
73938,1825.0005106642222
73939,1825.0005106642222
73940,1825.0005106642222
73941,1825.0005106642222
73942,1825.0005106642222
73943,1825.0005106642222
73944,1825.0005106642222
73945,1825.0005106642222
73946,1825.0005106642222
73947,1825.0005106642222
73948,1825.0005106642222
73949,1825.0005106642222
73950,1825.0005106642222
73951,1825.0005106642222
73952,1825.0005106642222
73953,1825.0005106642222
73954,1825.0005106642222
73955,1825.0005106642222
73956,1825.0005106642222
73957,1825.0005106642222
73958,1825.0005106642222
73959,1825.0005106642222
73960,1825.0005106642222
73961,1825.0005106642222
73962,1825.0005106642222
73963,1825.0005106642222
73964,1825.0005106642222
73965,1825.0005106642222
73966,1825.0005106642222
73967,1825.0005106642222
73968,1825.0005106642222
73969,1825.0005106642222
73970,1825.0005106642222
73971,1825.0005106642222
73972,1825.0005106642222
73973,1825.0005106642222
73974,1825.0005106642222
73975,1825.0005106642222
73976,1825.0005106642222
73977,1825.0005106642222
73978,1825.0005106642222
73979,1825.0005106642222
73980,1825.0005106642222
73981,1825.0005106642222
73982,1825.0005106642222
73983,1825.0005106642222
73984,1825.0005106642222
73985,1825.0005106642222
73986,1825.0005106642222
73987,1825.0005106642222
73988,1825.0005106642222
73989,1825.0005106642222
73990,1825.0005106642222
73991,1825.0005106642222
73992,1825.0005106642222
73993,1825.0005106642222
73994,1825.0005106642222
73995,1825.0005106642222
73996,1825.0005106642222
73997,1825.0005106642222
73998,1825.0005106642222
73999,1825.0005106642222
74000,1825.0005106642222
74001,1825.0005106642222
74002,1825.0005106642222
74003,1825.0005106642222
74004,1825.0005106642222
74005,1825.0005106642222
74006,1825.0005106642222
74007,1825.0005106642222
74008,1825.0005106642222
74009,1825.0005106642222
74010,1825.0005106642222
74011,1825.0005106642222
74012,1825.0005106642222
74013,1825.0005106642222
74014,1825.0005106642222
74015,1825.0005106642222
74016,1825.0005106642222
74017,1825.0005106642222
74018,1825.0005106642222
74019,1825.0005106642222
74020,1825.0005106642222
74021,1825.0005106642222
74022,1825.0005106642222
74023,1825.0005106642222
74024,1825.0005106642222
74025,1825.0005106642222
74026,1825.0005106642222
74027,1825.0005106642222
74028,1825.0005106642222
74029,1825.0005106642222
74030,1825.0005106642222
74031,1825.0005106642222
74032,1825.0005106642222
74033,1825.0005106642222
74034,1825.0005106642222
74035,1825.0005106642222
74036,1825.0005106642222
74037,1825.0005106642222
74038,1825.0005106642222
74039,1825.0005106642222
74040,1825.0005106642222
74041,1825.0005106642222
74042,1825.0005106642222
74043,1825.0005106642222
74044,1825.0005106642222
74045,1825.0005106642222
74046,1825.0005106642222
74047,1825.0005106642222
74048,1825.0005106642222
74049,1825.0005106642222
74050,1825.0005106642222
74051,1825.0005106642222
74052,1825.0005106642222
74053,1825.0005106642222
74054,1825.0005106642222
74055,1825.0005106642222
74056,1825.0005106642222
74057,1825.0005106642222
74058,1825.0005106642222
74059,1825.0005106642222
74060,1825.0005106642222
74061,1825.0005106642222
74062,1825.0005106642222
74063,1825.0005106642222
74064,1825.0005106642222
74065,1825.0005106642222
74066,1825.0005106642222
74067,1825.0005106642222
74068,1825.0005106642222
74069,1825.0005106642222
74070,1825.0005106642222
74071,1825.0005106642222
74072,1825.0005106642222
74073,1825.0005106642222
74074,1825.0005106642222
74075,1825.0005106642222
74076,1825.0005106642222
74077,1825.0005106642222
74078,1825.0005106642222
74079,1825.0005106642222
74080,1825.0005106642222
74081,1825.0005106642222
74082,1825.0005106642222
74083,1825.0005106642222
74084,1825.0005106642222
74085,1825.0005106642222
74086,1825.0005106642222
74087,1825.0005106642222
74088,1825.0005106642222
74089,1825.0005106642222
74090,1825.0005106642222
74091,1825.0005106642222
74092,1825.0005106642222
74093,1825.0005106642222
74094,1825.0005106642222
74095,1825.0005106642222
74096,1825.0005106642222
74097,1825.0005106642222
74098,1825.0005106642222
74099,1825.0005106642222
74100,1825.0005106642222
74101,1825.0005106642222
74102,1825.0005106642222
74103,1825.0005106642222
74104,1825.0005106642222
74105,1825.0005106642222
74106,1825.0005106642222
74107,1825.0005106642222
74108,1825.0005106642222
74109,1825.0005106642222
74110,1825.0005106642222
74111,1825.0005106642222
74112,1825.0005106642222
74113,1825.0005106642222
74114,1825.0005106642222
74115,1825.0005106642222
74116,1825.0005106642222
74117,1825.0005106642222
74118,1825.0005106642222
74119,1825.0005106642222
74120,1825.0005106642222
74121,1825.0005106642222
74122,1825.0005106642222
74123,1825.0005106642222
74124,1825.0005106642222
74125,1825.0005106642222
74126,1825.0005106642222
74127,1825.0005106642222
74128,1825.0005106642222
74129,1825.0005106642222
74130,1825.0005106642222
74131,1825.0005106642222
74132,1825.0005106642222
74133,1825.0005106642222
74134,1825.0005106642222
74135,1825.0005106642222
74136,1825.0005106642222
74137,1825.0005106642222
74138,1825.0005106642222
74139,1825.0005106642222
74140,1825.0005106642222
74141,1825.0005106642222
74142,1825.0005106642222
74143,1825.0005106642222
74144,1825.0005106642222
74145,1825.0005106642222
74146,1825.0005106642222
74147,1825.0005106642222
74148,1825.0005106642222
74149,1825.0005106642222
74150,1825.0005106642222
74151,1825.0005106642222
74152,1825.0005106642222
74153,1825.0005106642222
74154,1825.0005106642222
74155,1825.0005106642222
74156,1825.0005106642222
74157,1825.0005106642222
74158,1825.0005106642222
74159,1825.0005106642222
74160,1825.0005106642222
74161,1825.0005106642222
74162,1825.0005106642222
74163,1825.0005106642222
74164,1825.0005106642222
74165,1825.0005106642222
74166,1825.0005106642222
74167,1825.0005106642222
74168,1825.0005106642222
74169,1825.0005106642222
74170,1825.0005106642222
74171,1825.0005106642222
74172,1825.0005106642222
74173,1825.0005106642222
74174,1825.0005106642222
74175,1825.0005106642222
74176,1825.0005106642222
74177,1825.0005106642222
74178,1825.0005106642222
74179,1825.0005106642222
74180,1825.0005106642222
74181,1825.0005106642222
74182,1825.0005106642222
74183,1825.0005106642222
74184,1825.0005106642222
74185,1825.0005106642222
74186,1825.0005106642222
74187,1825.0005106642222
74188,1825.0005106642222
74189,1825.0005106642222
74190,1825.0005106642222
74191,1825.0005106642222
74192,1825.0005106642222
74193,1825.0005106642222
74194,1825.0005106642222
74195,1825.0005106642222
74196,1825.0005106642222
74197,1825.0005106642222
74198,1825.0005106642222
74199,1825.0005106642222
74200,1825.0005106642222
74201,1825.0005106642222
74202,1825.0005106642222
74203,1825.0005106642222
74204,1825.0005106642222
74205,1825.0005106642222
74206,1825.0005106642222
74207,1825.0005106642222
74208,1825.0005106642222
74209,1825.0005106642222
74210,1825.0005106642222
74211,1825.0005106642222
74212,1825.0005106642222
74213,1825.0005106642222
74214,1825.0005106642222
74215,1825.0005106642222
74216,1825.0005106642222
74217,1825.0005106642222
74218,1825.0005106642222
74219,1825.0005106642222
74220,1825.0005106642222
74221,1825.0005106642222
74222,1825.0005106642222
74223,1825.0005106642222
74224,1825.0005106642222
74225,1825.0005106642222
74226,1825.0005106642222
74227,1825.0005106642222
74228,1825.0005106642222
74229,1825.0005106642222
74230,1825.0005106642222
74231,1825.0005106642222
74232,1825.0005106642222
74233,1825.0005106642222
74234,1825.0005106642222
74235,1825.0005106642222
74236,1825.0005106642222
74237,1825.0005106642222
74238,1825.0005106642222
74239,1825.0005106642222
74240,1825.0005106642222
74241,1825.0005106642222
74242,1825.0005106642222
74243,1825.0005106642222
74244,1825.0005106642222
74245,1825.0005106642222
74246,1825.0005106642222
74247,1825.0005106642222
74248,1825.0005106642222
74249,1825.0005106642222
74250,1825.0005106642222
74251,1825.0005106642222
74252,1825.0005106642222
74253,1825.0005106642222
74254,1825.0005106642222
74255,1825.0005106642222
74256,1825.0005106642222
74257,1825.0005106642222
74258,1825.0005106642222
74259,1825.0005106642222
74260,1825.0005106642222
74261,1825.0005106642222
74262,1825.0005106642222
74263,1825.0005106642222
74264,1825.0005106642222
74265,1825.0005106642222
74266,1825.0005106642222
74267,1825.0005106642222
74268,1825.0005106642222
74269,1825.0005106642222
74270,1825.0005106642222
74271,1825.0005106642222
74272,1825.0005106642222
74273,1825.0005106642222
74274,1825.0005106642222
74275,1825.0005106642222
74276,1825.0005106642222
74277,1825.0005106642222
74278,1825.0005106642222
74279,1825.0005106642222
74280,1825.0005106642222
74281,1825.0005106642222
74282,1825.0005106642222
74283,1825.0005106642222
74284,1825.0005106642222
74285,1825.0005106642222
74286,1825.0005106642222
74287,1825.0005106642222
74288,1825.0005106642222
74289,1825.0005106642222
74290,1825.0005106642222
74291,1825.0005106642222
74292,1825.0005106642222
74293,1825.0005106642222
74294,1825.0005106642222
74295,1825.0005106642222
74296,1825.0005106642222
74297,1825.0005106642222
74298,1825.0005106642222
74299,1825.0005106642222
74300,1825.0005106642222
74301,1825.0005106642222
74302,1825.0005106642222
74303,1825.0005106642222
74304,1825.0005106642222
74305,1825.0005106642222
74306,1825.0005106642222
74307,1825.0005106642222
74308,1825.0005106642222
74309,1825.0005106642222
74310,1825.0005106642222
74311,1825.0005106642222
74312,1825.0005106642222
74313,1825.0005106642222
74314,1825.0005106642222
74315,1825.0005106642222
74316,1825.0005106642222
74317,1825.0005106642222
74318,1825.0005106642222
74319,1825.0005106642222
74320,1825.0005106642222
74321,1825.0005106642222
74322,1825.0005106642222
74323,1825.0005106642222
74324,1825.0005106642222
74325,1825.0005106642222
74326,1825.0005106642222
74327,1825.0005106642222
74328,1825.0005106642222
74329,1825.0005106642222
74330,1825.0005106642222
74331,1825.0005106642222
74332,1825.0005106642222
74333,1825.0005106642222
74334,1825.0005106642222
74335,1825.0005106642222
74336,1825.0005106642222
74337,1825.0005106642222
74338,1825.0005106642222
74339,1825.0005106642222
74340,1825.0005106642222
74341,1825.0005106642222
74342,1825.0005106642222
74343,1825.0005106642222
74344,1825.0005106642222
74345,1825.0005106642222
74346,1825.0005106642222
74347,1825.0005106642222
74348,1825.0005106642222
74349,1825.0005106642222
74350,1825.0005106642222
74351,1825.0005106642222
74352,1825.0005106642222
74353,1825.0005106642222
74354,1825.0005106642222
74355,1825.0005106642222
74356,1825.0005106642222
74357,1825.0005106642222
74358,1825.0005106642222
74359,1825.0005106642222
74360,1825.0005106642222
74361,1825.0005106642222
74362,1825.0005106642222
74363,1825.0005106642222
74364,1825.0005106642222
74365,1825.0005106642222
74366,1825.0005106642222
74367,1825.0005106642222
74368,1825.0005106642222
74369,1825.0005106642222
74370,1825.0005106642222
74371,1825.0005106642222
74372,1825.0005106642222
74373,1825.0005106642222
74374,1825.0005106642222
74375,1825.0005106642222
74376,1825.0005106642222
74377,1825.0005106642222
74378,1825.0005106642222
74379,1825.0005106642222
74380,1825.0005106642222
74381,1825.0005106642222
74382,1825.0005106642222
74383,1825.0005106642222
74384,1825.0005106642222
74385,1825.0005106642222
74386,1825.0005106642222
74387,1825.0005106642222
74388,1825.0005106642222
74389,1825.0005106642222
74390,1825.0005106642222
74391,1825.0005106642222
74392,1825.0005106642222
74393,1825.0005106642222
74394,1825.0005106642222
74395,1825.0005106642222
74396,1825.0005106642222
74397,1825.0005106642222
74398,1825.0005106642222
74399,1825.0005106642222
74400,1825.0005106642222
74401,1825.0005106642222
74402,1825.0005106642222
74403,1825.0005106642222
74404,1825.0005106642222
74405,1825.0005106642222
74406,1825.0005106642222
74407,1825.0005106642222
74408,1825.0005106642222
74409,1825.0005106642222
74410,1825.0005106642222
74411,1825.0005106642222
74412,1825.0005106642222
74413,1825.0005106642222
74414,1825.0005106642222
74415,1825.0005106642222
74416,1825.0005106642222
74417,1825.0005106642222
74418,1825.0005106642222
74419,1825.0005106642222
74420,1825.0005106642222
74421,1825.0005106642222
74422,1825.0005106642222
74423,1825.0005106642222
74424,1825.0005106642222
74425,1825.0005106642222
74426,1825.0005106642222
74427,1825.0005106642222
74428,1825.0005106642222
74429,1825.0005106642222
74430,1825.0005106642222
74431,1825.0005106642222
74432,1825.0005106642222
74433,1825.0005106642222
74434,1825.0005106642222
74435,1825.0005106642222
74436,1825.0005106642222
74437,1825.0005106642222
74438,1825.0005106642222
74439,1825.0005106642222
74440,1825.0005106642222
74441,1825.0005106642222
74442,1825.0005106642222
74443,1825.0005106642222
74444,1825.0005106642222
74445,1825.0005106642222
74446,1825.0005106642222
74447,1825.0005106642222
74448,1825.0005106642222
74449,1825.0005106642222
74450,1825.0005106642222
74451,1825.0005106642222
74452,1825.0005106642222
74453,1825.0005106642222
74454,1825.0005106642222
74455,1825.0005106642222
74456,1825.0005106642222
74457,1825.0005106642222
74458,1825.0005106642222
74459,1825.0005106642222
74460,1825.0005106642222
74461,1825.0005106642222
74462,1825.0005106642222
74463,1825.0005106642222
74464,1825.0005106642222
74465,1825.0005106642222
74466,1825.0005106642222
74467,1825.0005106642222
74468,1825.0005106642222
74469,1825.0005106642222
74470,1825.0005106642222
74471,1825.0005106642222
74472,1825.0005106642222
74473,1825.0005106642222
74474,1825.0005106642222
74475,1825.0005106642222
74476,1825.0005106642222
74477,1825.0005106642222
74478,1825.0005106642222
74479,1825.0005106642222
74480,1825.0005106642222
74481,1825.0005106642222
74482,1825.0005106642222
74483,1825.0005106642222
74484,1825.0005106642222
74485,1825.0005106642222
74486,1825.0005106642222
74487,1825.0005106642222
74488,1825.0005106642222
74489,1825.0005106642222
74490,1825.0005106642222
74491,1825.0005106642222
74492,1825.0005106642222
74493,1825.0005106642222
74494,1825.0005106642222
74495,1825.0005106642222
74496,1825.0005106642222
74497,1825.0005106642222
74498,1825.0005106642222
74499,1825.0005106642222
74500,1825.0005106642222
74501,1825.0005106642222
74502,1825.0005106642222
74503,1825.0005106642222
74504,1825.0005106642222
74505,1825.0005106642222
74506,1825.0005106642222
74507,1825.0005106642222
74508,1825.0005106642222
74509,1825.0005106642222
74510,1825.0005106642222
74511,1825.0005106642222
74512,1825.0005106642222
74513,1825.0005106642222
74514,1825.0005106642222
74515,1825.0005106642222
74516,1825.0005106642222
74517,1825.0005106642222
74518,1825.0005106642222
74519,1825.0005106642222
74520,1825.0005106642222
74521,1825.0005106642222
74522,1825.0005106642222
74523,1825.0005106642222
74524,1825.0005106642222
74525,1825.0005106642222
74526,1825.0005106642222
74527,1825.0005106642222
74528,1825.0005106642222
74529,1825.0005106642222
74530,1825.0005106642222
74531,1825.0005106642222
74532,1825.0005106642222
74533,1825.0005106642222
74534,1825.0005106642222
74535,1825.0005106642222
74536,1825.0005106642222
74537,1825.0005106642222
74538,1825.0005106642222
74539,1825.0005106642222
74540,1825.0005106642222
74541,1825.0005106642222
74542,1825.0005106642222
74543,1825.0005106642222
74544,1825.0005106642222
74545,1825.0005106642222
74546,1825.0005106642222
74547,1825.0005106642222
74548,1825.0005106642222
74549,1825.0005106642222
74550,1825.0005106642222
74551,1825.0005106642222
74552,1825.0005106642222
74553,1825.0005106642222
74554,1825.0005106642222
74555,1825.0005106642222
74556,1825.0005106642222
74557,1825.0005106642222
74558,1825.0005106642222
74559,1825.0005106642222
74560,1825.0005106642222
74561,1825.0005106642222
74562,1825.0005106642222
74563,1825.0005106642222
74564,1825.0005106642222
74565,1825.0005106642222
74566,1825.0005106642222
74567,1825.0005106642222
74568,1825.0005106642222
74569,1825.0005106642222
74570,1825.0005106642222
74571,1825.0005106642222
74572,1825.0005106642222
74573,1825.0005106642222
74574,1825.0005106642222
74575,1825.0005106642222
74576,1825.0005106642222
74577,1825.0005106642222
74578,1825.0005106642222
74579,1825.0005106642222
74580,1825.0005106642222
74581,1825.0005106642222
74582,1825.0005106642222
74583,1825.0005106642222
74584,1825.0005106642222
74585,1825.0005106642222
74586,1825.0005106642222
74587,1825.0005106642222
74588,1825.0005106642222
74589,1825.0005106642222
74590,1825.0005106642222
74591,1825.0005106642222
74592,1825.0005106642222
74593,1825.0005106642222
74594,1825.0005106642222
74595,1825.0005106642222
74596,1825.0005106642222
74597,1825.0005106642222
74598,1825.0005106642222
74599,1825.0005106642222
74600,1825.0005106642222
74601,1825.0005106642222
74602,1825.0005106642222
74603,1825.0005106642222
74604,1825.0005106642222
74605,1825.0005106642222
74606,1825.0005106642222
74607,1825.0005106642222
74608,1825.0005106642222
74609,1825.0005106642222
74610,1825.0005106642222
74611,1825.0005106642222
74612,1825.0005106642222
74613,1825.0005106642222
74614,1825.0005106642222
74615,1825.0005106642222
74616,1825.0005106642222
74617,1825.0005106642222
74618,1825.0005106642222
74619,1825.0005106642222
74620,1825.0005106642222
74621,1825.0005106642222
74622,1825.0005106642222
74623,1825.0005106642222
74624,1825.0005106642222
74625,1825.0005106642222
74626,1825.0005106642222
74627,1825.0005106642222
74628,1825.0005106642222
74629,1825.0005106642222
74630,1825.0005106642222
74631,1825.0005106642222
74632,1825.0005106642222
74633,1825.0005106642222
74634,1825.0005106642222
74635,1825.0005106642222
74636,1825.0005106642222
74637,1825.0005106642222
74638,1825.0005106642222
74639,1825.0005106642222
74640,1825.0005106642222
74641,1825.0005106642222
74642,1825.0005106642222
74643,1825.0005106642222
74644,1825.0005106642222
74645,1825.0005106642222
74646,1825.0005106642222
74647,1825.0005106642222
74648,1825.0005106642222
74649,1825.0005106642222
74650,1825.0005106642222
74651,1825.0005106642222
74652,1825.0005106642222
74653,1825.0005106642222
74654,1825.0005106642222
74655,1825.0005106642222
74656,1825.0005106642222
74657,1825.0005106642222
74658,1825.0005106642222
74659,1825.0005106642222
74660,1825.0005106642222
74661,1825.0005106642222
74662,1825.0005106642222
74663,1825.0005106642222
74664,1825.0005106642222
74665,1825.0005106642222
74666,1825.0005106642222
74667,1825.0005106642222
74668,1825.0005106642222
74669,1825.0005106642222
74670,1825.0005106642222
74671,1825.0005106642222
74672,1825.0005106642222
74673,1825.0005106642222
74674,1825.0005106642222
74675,1825.0005106642222
74676,1825.0005106642222
74677,1825.0005106642222
74678,1825.0005106642222
74679,1825.0005106642222
74680,1825.0005106642222
74681,1825.0005106642222
74682,1825.0005106642222
74683,1825.0005106642222
74684,1825.0005106642222
74685,1825.0005106642222
74686,1825.0005106642222
74687,1825.0005106642222
74688,1825.0005106642222
74689,1825.0005106642222
74690,1825.0005106642222
74691,1825.0005106642222
74692,1825.0005106642222
74693,1825.0005106642222
74694,1825.0005106642222
74695,1825.0005106642222
74696,1825.0005106642222
74697,1825.0005106642222
74698,1825.0005106642222
74699,1825.0005106642222
74700,1825.0005106642222
74701,1825.0005106642222
74702,1825.0005106642222
74703,1825.0005106642222
74704,1825.0005106642222
74705,1825.0005106642222
74706,1825.0005106642222
74707,1825.0005106642222
74708,1825.0005106642222
74709,1825.0005106642222
74710,1825.0005106642222
74711,1825.0005106642222
74712,1825.0005106642222
74713,1825.0005106642222
74714,1825.0005106642222
74715,1825.0005106642222
74716,1825.0005106642222
74717,1825.0005106642222
74718,1825.0005106642222
74719,1825.0005106642222
74720,1825.0005106642222
74721,1825.0005106642222
74722,1825.0005106642222
74723,1825.0005106642222
74724,1825.0005106642222
74725,1825.0005106642222
74726,1825.0005106642222
74727,1825.0005106642222
74728,1825.0005106642222
74729,1825.0005106642222
74730,1825.0005106642222
74731,1825.0005106642222
74732,1825.0005106642222
74733,1825.0005106642222
74734,1825.0005106642222
74735,1825.0005106642222
74736,1825.0005106642222
74737,1825.0005106642222
74738,1825.0005106642222
74739,1825.0005106642222
74740,1825.0005106642222
74741,1825.0005106642222
74742,1825.0005106642222
74743,1825.0005106642222
74744,1825.0005106642222
74745,1825.0005106642222
74746,1825.0005106642222
74747,1825.0005106642222
74748,1825.0005106642222
74749,1825.0005106642222
74750,1825.0005106642222
74751,1825.0005106642222
74752,1825.0005106642222
74753,1825.0005106642222
74754,1825.0005106642222
74755,1825.0005106642222
74756,1825.0005106642222
74757,1825.0005106642222
74758,1825.0005106642222
74759,1825.0005106642222
74760,1825.0005106642222
74761,1825.0005106642222
74762,1825.0005106642222
74763,1825.0005106642222
74764,1825.0005106642222
74765,1825.0005106642222
74766,1825.0005106642222
74767,1825.0005106642222
74768,1825.0005106642222
74769,1825.0005106642222
74770,1825.0005106642222
74771,1825.0005106642222
74772,1825.0005106642222
74773,1825.0005106642222
74774,1825.0005106642222
74775,1825.0005106642222
74776,1825.0005106642222
74777,1825.0005106642222
74778,1825.0005106642222
74779,1825.0005106642222
74780,1825.0005106642222
74781,1825.0005106642222
74782,1825.0005106642222
74783,1825.0005106642222
74784,1825.0005106642222
74785,1825.0005106642222
74786,1825.0005106642222
74787,1825.0005106642222
74788,1825.0005106642222
74789,1825.0005106642222
74790,1825.0005106642222
74791,1825.0005106642222
74792,1825.0005106642222
74793,1825.0005106642222
74794,1825.0005106642222
74795,1825.0005106642222
74796,1825.0005106642222
74797,1825.0005106642222
74798,1825.0005106642222
74799,1825.0005106642222
74800,1825.0005106642222
74801,1825.0005106642222
74802,1825.0005106642222
74803,1825.0005106642222
74804,1825.0005106642222
74805,1825.0005106642222
74806,1825.0005106642222
74807,1825.0005106642222
74808,1825.0005106642222
74809,1825.0005106642222
74810,1825.0005106642222
74811,1825.0005106642222
74812,1825.0005106642222
74813,1825.0005106642222
74814,1825.0005106642222
74815,1825.0005106642222
74816,1825.0005106642222
74817,1825.0005106642222
74818,1825.0005106642222
74819,1825.0005106642222
74820,1825.0005106642222
74821,1825.0005106642222
74822,1825.0005106642222
74823,1825.0005106642222
74824,1825.0005106642222
74825,1825.0005106642222
74826,1825.0005106642222
74827,1825.0005106642222
74828,1825.0005106642222
74829,1825.0005106642222
74830,1825.0005106642222
74831,1825.0005106642222
74832,1825.0005106642222
74833,1825.0005106642222
74834,1825.0005106642222
74835,1825.0005106642222
74836,1825.0005106642222
74837,1825.0005106642222
74838,1825.0005106642222
74839,1825.0005106642222
74840,1825.0005106642222
74841,1825.0005106642222
74842,1825.0005106642222
74843,1825.0005106642222
74844,1825.0005106642222
74845,1825.0005106642222
74846,1825.0005106642222
74847,1825.0005106642222
74848,1825.0005106642222
74849,1825.0005106642222
74850,1825.0005106642222
74851,1825.0005106642222
74852,1825.0005106642222
74853,1825.0005106642222
74854,1825.0005106642222
74855,1825.0005106642222
74856,1825.0005106642222
74857,1825.0005106642222
74858,1825.0005106642222
74859,1825.0005106642222
74860,1825.0005106642222
74861,1825.0005106642222
74862,1825.0005106642222
74863,1825.0005106642222
74864,1825.0005106642222
74865,1825.0005106642222
74866,1825.0005106642222
74867,1825.0005106642222
74868,1825.0005106642222
74869,1825.0005106642222
74870,1825.0005106642222
74871,1825.0005106642222
74872,1825.0005106642222
74873,1825.0005106642222
74874,1825.0005106642222
74875,1825.0005106642222
74876,1825.0005106642222
74877,1825.0005106642222
74878,1825.0005106642222
74879,1825.0005106642222
74880,1825.0005106642222
74881,1825.0005106642222
74882,1825.0005106642222
74883,1825.0005106642222
74884,1825.0005106642222
74885,1825.0005106642222
74886,1825.0005106642222
74887,1825.0005106642222
74888,1825.0005106642222
74889,1825.0005106642222
74890,1825.0005106642222
74891,1825.0005106642222
74892,1825.0005106642222
74893,1825.0005106642222
74894,1825.0005106642222
74895,1825.0005106642222
74896,1825.0005106642222
74897,1825.0005106642222
74898,1825.0005106642222
74899,1825.0005106642222
74900,1825.0005106642222
74901,1825.0005106642222
74902,1825.0005106642222
74903,1825.0005106642222
74904,1825.0005106642222
74905,1825.0005106642222
74906,1825.0005106642222
74907,1825.0005106642222
74908,1825.0005106642222
74909,1825.0005106642222
74910,1825.0005106642222
74911,1825.0005106642222
74912,1825.0005106642222
74913,1825.0005106642222
74914,1825.0005106642222
74915,1825.0005106642222
74916,1825.0005106642222
74917,1825.0005106642222
74918,1825.0005106642222
74919,1825.0005106642222
74920,1825.0005106642222
74921,1825.0005106642222
74922,1825.0005106642222
74923,1825.0005106642222
74924,1825.0005106642222
74925,1825.0005106642222
74926,1825.0005106642222
74927,1825.0005106642222
74928,1825.0005106642222
74929,1825.0005106642222
74930,1825.0005106642222
74931,1825.0005106642222
74932,1825.0005106642222
74933,1825.0005106642222
74934,1825.0005106642222
74935,1825.0005106642222
74936,1825.0005106642222
74937,1825.0005106642222
74938,1825.0005106642222
74939,1825.0005106642222
74940,1825.0005106642222
74941,1825.0005106642222
74942,1825.0005106642222
74943,1825.0005106642222
74944,1825.0005106642222
74945,1825.0005106642222
74946,1825.0005106642222
74947,1825.0005106642222
74948,1825.0005106642222
74949,1825.0005106642222
74950,1825.0005106642222
74951,1825.0005106642222
74952,1825.0005106642222
74953,1825.0005106642222
74954,1825.0005106642222
74955,1825.0005106642222
74956,1825.0005106642222
74957,1825.0005106642222
74958,1825.0005106642222
74959,1825.0005106642222
74960,1825.0005106642222
74961,1825.0005106642222
74962,1825.0005106642222
74963,1825.0005106642222
74964,1825.0005106642222
74965,1825.0005106642222
74966,1825.0005106642222
74967,1825.0005106642222
74968,1825.0005106642222
74969,1825.0005106642222
74970,1825.0005106642222
74971,1825.0005106642222
74972,1825.0005106642222
74973,1825.0005106642222
74974,1825.0005106642222
74975,1825.0005106642222
74976,1825.0005106642222
74977,1825.0005106642222
74978,1825.0005106642222
74979,1825.0005106642222
74980,1825.0005106642222
74981,1825.0005106642222
74982,1825.0005106642222
74983,1825.0005106642222
74984,1825.0005106642222
74985,1825.0005106642222
74986,1825.0005106642222
74987,1825.0005106642222
74988,1825.0005106642222
74989,1825.0005106642222
74990,1825.0005106642222
74991,1825.0005106642222
74992,1825.0005106642222
74993,1825.0005106642222
74994,1825.0005106642222
74995,1825.0005106642222
74996,1825.0005106642222
74997,1825.0005106642222
74998,1825.0005106642222
74999,1825.0005106642222
75000,1825.0005106642222
75001,1825.0005106642222
75002,1825.0005106642222
75003,1825.0005106642222
75004,1825.0005106642222
75005,1825.0005106642222
75006,1825.0005106642222
75007,1825.0005106642222
75008,1825.0005106642222
75009,1825.0005106642222
75010,1825.0005106642222
75011,1825.0005106642222
75012,1825.0005106642222
75013,1825.0005106642222
75014,1825.0005106642222
75015,1825.0005106642222
75016,1825.0005106642222
75017,1825.0005106642222
75018,1825.0005106642222
75019,1825.0005106642222
75020,1825.0005106642222
75021,1825.0005106642222
75022,1825.0005106642222
75023,1825.0005106642222
75024,1825.0005106642222
75025,1825.0005106642222
75026,1825.0005106642222
75027,1825.0005106642222
75028,1825.0005106642222
75029,1825.0005106642222
75030,1825.0005106642222
75031,1825.0005106642222
75032,1825.0005106642222
75033,1825.0005106642222
75034,1825.0005106642222
75035,1825.0005106642222
75036,1825.0005106642222
75037,1825.0005106642222
75038,1825.0005106642222
75039,1825.0005106642222
75040,1825.0005106642222
75041,1825.0005106642222
75042,1825.0005106642222
75043,1825.0005106642222
75044,1825.0005106642222
75045,1825.0005106642222
75046,1825.0005106642222
75047,1825.0005106642222
75048,1825.0005106642222
75049,1825.0005106642222
75050,1825.0005106642222
75051,1825.0005106642222
75052,1825.0005106642222
75053,1825.0005106642222
75054,1825.0005106642222
75055,1825.0005106642222
75056,1825.0005106642222
75057,1825.0005106642222
75058,1825.0005106642222
75059,1825.0005106642222
75060,1825.0005106642222
75061,1825.0005106642222
75062,1825.0005106642222
75063,1825.0005106642222
75064,1825.0005106642222
75065,1825.0005106642222
75066,1825.0005106642222
75067,1825.0005106642222
75068,1825.0005106642222
75069,1825.0005106642222
75070,1825.0005106642222
75071,1825.0005106642222
75072,1825.0005106642222
75073,1825.0005106642222
75074,1825.0005106642222
75075,1825.0005106642222
75076,1825.0005106642222
75077,1825.0005106642222
75078,1825.0005106642222
75079,1825.0005106642222
75080,1825.0005106642222
75081,1825.0005106642222
75082,1825.0005106642222
75083,1825.0005106642222
75084,1825.0005106642222
75085,1825.0005106642222
75086,1825.0005106642222
75087,1825.0005106642222
75088,1825.0005106642222
75089,1825.0005106642222
75090,1825.0005106642222
75091,1825.0005106642222
75092,1825.0005106642222
75093,1825.0005106642222
75094,1825.0005106642222
75095,1825.0005106642222
75096,1825.0005106642222
75097,1825.0005106642222
75098,1825.0005106642222
75099,1825.0005106642222
75100,1825.0005106642222
75101,1825.0005106642222
75102,1825.0005106642222
75103,1825.0005106642222
75104,1825.0005106642222
75105,1825.0005106642222
75106,1825.0005106642222
75107,1825.0005106642222
75108,1825.0005106642222
75109,1825.0005106642222
75110,1825.0005106642222
75111,1825.0005106642222
75112,1825.0005106642222
75113,1825.0005106642222
75114,1825.0005106642222
75115,1825.0005106642222
75116,1825.0005106642222
75117,1825.0005106642222
75118,1825.0005106642222
75119,1825.0005106642222
75120,1825.0005106642222
75121,1825.0005106642222
75122,1825.0005106642222
75123,1825.0005106642222
75124,1825.0005106642222
75125,1825.0005106642222
75126,1825.0005106642222
75127,1825.0005106642222
75128,1825.0005106642222
75129,1825.0005106642222
75130,1825.0005106642222
75131,1825.0005106642222
75132,1825.0005106642222
75133,1825.0005106642222
75134,1825.0005106642222
75135,1825.0005106642222
75136,1825.0005106642222
75137,1825.0005106642222
75138,1825.0005106642222
75139,1825.0005106642222
75140,1825.0005106642222
75141,1825.0005106642222
75142,1825.0005106642222
75143,1825.0005106642222
75144,1825.0005106642222
75145,1825.0005106642222
75146,1825.0005106642222
75147,1825.0005106642222
75148,1825.0005106642222
75149,1825.0005106642222
75150,1825.0005106642222
75151,1825.0005106642222
75152,1825.0005106642222
75153,1825.0005106642222
75154,1825.0005106642222
75155,1825.0005106642222
75156,1825.0005106642222
75157,1825.0005106642222
75158,1825.0005106642222
75159,1825.0005106642222
75160,1825.0005106642222
75161,1825.0005106642222
75162,1825.0005106642222
75163,1825.0005106642222
75164,1825.0005106642222
75165,1825.0005106642222
75166,1825.0005106642222
75167,1825.0005106642222
75168,1825.0005106642222
75169,1825.0005106642222
75170,1825.0005106642222
75171,1825.0005106642222
75172,1825.0005106642222
75173,1825.0005106642222
75174,1825.0005106642222
75175,1825.0005106642222
75176,1825.0005106642222
75177,1825.0005106642222
75178,1825.0005106642222
75179,1825.0005106642222
75180,1825.0005106642222
75181,1825.0005106642222
75182,1825.0005106642222
75183,1825.0005106642222
75184,1825.0005106642222
75185,1825.0005106642222
75186,1825.0005106642222
75187,1825.0005106642222
75188,1825.0005106642222
75189,1825.0005106642222
75190,1825.0005106642222
75191,1825.0005106642222
75192,1825.0005106642222
75193,1825.0005106642222
75194,1825.0005106642222
75195,1825.0005106642222
75196,1825.0005106642222
75197,1825.0005106642222
75198,1825.0005106642222
75199,1825.0005106642222
75200,1825.0005106642222
75201,1825.0005106642222
75202,1825.0005106642222
75203,1825.0005106642222
75204,1825.0005106642222
75205,1825.0005106642222
75206,1825.0005106642222
75207,1825.0005106642222
75208,1825.0005106642222
75209,1825.0005106642222
75210,1825.0005106642222
75211,1825.0005106642222
75212,1825.0005106642222
75213,1825.0005106642222
75214,1825.0005106642222
75215,1825.0005106642222
75216,1825.0005106642222
75217,1825.0005106642222
75218,1825.0005106642222
75219,1825.0005106642222
75220,1825.0005106642222
75221,1825.0005106642222
75222,1825.0005106642222
75223,1825.0005106642222
75224,1825.0005106642222
75225,1825.0005106642222
75226,1825.0005106642222
75227,1825.0005106642222
75228,1825.0005106642222
75229,1825.0005106642222
75230,1825.0005106642222
75231,1825.0005106642222
75232,1825.0005106642222
75233,1825.0005106642222
75234,1825.0005106642222
75235,1825.0005106642222
75236,1825.0005106642222
75237,1825.0005106642222
75238,1825.0005106642222
75239,1825.0005106642222
75240,1825.0005106642222
75241,1825.0005106642222
75242,1825.0005106642222
75243,1825.0005106642222
75244,1825.0005106642222
75245,1825.0005106642222
75246,1825.0005106642222
75247,1825.0005106642222
75248,1825.0005106642222
75249,1825.0005106642222
75250,1825.0005106642222
75251,1825.0005106642222
75252,1825.0005106642222
75253,1825.0005106642222
75254,1825.0005106642222
75255,1825.0005106642222
75256,1825.0005106642222
75257,1825.0005106642222
75258,1825.0005106642222
75259,1825.0005106642222
75260,1825.0005106642222
75261,1825.0005106642222
75262,1825.0005106642222
75263,1825.0005106642222
75264,1825.0005106642222
75265,1825.0005106642222
75266,1825.0005106642222
75267,1825.0005106642222
75268,1825.0005106642222
75269,1825.0005106642222
75270,1825.0005106642222
75271,1825.0005106642222
75272,1825.0005106642222
75273,1825.0005106642222
75274,1825.0005106642222
75275,1825.0005106642222
75276,1825.0005106642222
75277,1825.0005106642222
75278,1825.0005106642222
75279,1825.0005106642222
75280,1825.0005106642222
75281,1825.0005106642222
75282,1825.0005106642222
75283,1825.0005106642222
75284,1825.0005106642222
75285,1825.0005106642222
75286,1825.0005106642222
75287,1825.0005106642222
75288,1825.0005106642222
75289,1825.0005106642222
75290,1825.0005106642222
75291,1825.0005106642222
75292,1825.0005106642222
75293,1825.0005106642222
75294,1825.0005106642222
75295,1825.0005106642222
75296,1825.0005106642222
75297,1825.0005106642222
75298,1825.0005106642222
75299,1825.0005106642222
75300,1825.0005106642222
75301,1825.0005106642222
75302,1825.0005106642222
75303,1825.0005106642222
75304,1825.0005106642222
75305,1825.0005106642222
75306,1825.0005106642222
75307,1825.0005106642222
75308,1825.0005106642222
75309,1825.0005106642222
75310,1825.0005106642222
75311,1825.0005106642222
75312,1825.0005106642222
75313,1825.0005106642222
75314,1825.0005106642222
75315,1825.0005106642222
75316,1825.0005106642222
75317,1825.0005106642222
75318,1825.0005106642222
75319,1825.0005106642222
75320,1825.0005106642222
75321,1825.0005106642222
75322,1825.0005106642222
75323,1825.0005106642222
75324,1825.0005106642222
75325,1825.0005106642222
75326,1825.0005106642222
75327,1825.0005106642222
75328,1825.0005106642222
75329,1825.0005106642222
75330,1825.0005106642222
75331,1825.0005106642222
75332,1825.0005106642222
75333,1825.0005106642222
75334,1825.0005106642222
75335,1825.0005106642222
75336,1825.0005106642222
75337,1825.0005106642222
75338,1825.0005106642222
75339,1825.0005106642222
75340,1825.0005106642222
75341,1825.0005106642222
75342,1825.0005106642222
75343,1825.0005106642222
75344,1825.0005106642222
75345,1825.0005106642222
75346,1825.0005106642222
75347,1825.0005106642222
75348,1825.0005106642222
75349,1825.0005106642222
75350,1825.0005106642222
75351,1825.0005106642222
75352,1825.0005106642222
75353,1825.0005106642222
75354,1825.0005106642222
75355,1825.0005106642222
75356,1825.0005106642222
75357,1825.0005106642222
75358,1825.0005106642222
75359,1825.0005106642222
75360,1825.0005106642222
75361,1825.0005106642222
75362,1825.0005106642222
75363,1825.0005106642222
75364,1825.0005106642222
75365,1825.0005106642222
75366,1825.0005106642222
75367,1825.0005106642222
75368,1825.0005106642222
75369,1825.0005106642222
75370,1825.0005106642222
75371,1825.0005106642222
75372,1825.0005106642222
75373,1825.0005106642222
75374,1825.0005106642222
75375,1825.0005106642222
75376,1825.0005106642222
75377,1825.0005106642222
75378,1825.0005106642222
75379,1825.0005106642222
75380,1825.0005106642222
75381,1825.0005106642222
75382,1825.0005106642222
75383,1825.0005106642222
75384,1825.0005106642222
75385,1825.0005106642222
75386,1825.0005106642222
75387,1825.0005106642222
75388,1825.0005106642222
75389,1825.0005106642222
75390,1825.0005106642222
75391,1825.0005106642222
75392,1825.0005106642222
75393,1825.0005106642222
75394,1825.0005106642222
75395,1825.0005106642222
75396,1825.0005106642222
75397,1825.0005106642222
75398,1825.0005106642222
75399,1825.0005106642222
75400,1825.0005106642222
75401,1825.0005106642222
75402,1825.0005106642222
75403,1825.0005106642222
75404,1825.0005106642222
75405,1825.0005106642222
75406,1825.0005106642222
75407,1825.0005106642222
75408,1825.0005106642222
75409,1825.0005106642222
75410,1825.0005106642222
75411,1825.0005106642222
75412,1825.0005106642222
75413,1825.0005106642222
75414,1825.0005106642222
75415,1825.0005106642222
75416,1825.0005106642222
75417,1825.0005106642222
75418,1825.0005106642222
75419,1825.0005106642222
75420,1825.0005106642222
75421,1825.0005106642222
75422,1825.0005106642222
75423,1825.0005106642222
75424,1825.0005106642222
75425,1825.0005106642222
75426,1825.0005106642222
75427,1825.0005106642222
75428,1825.0005106642222
75429,1825.0005106642222
75430,1825.0005106642222
75431,1825.0005106642222
75432,1825.0005106642222
75433,1825.0005106642222
75434,1825.0005106642222
75435,1825.0005106642222
75436,1825.0005106642222
75437,1825.0005106642222
75438,1825.0005106642222
75439,1825.0005106642222
75440,1825.0005106642222
75441,1825.0005106642222
75442,1825.0005106642222
75443,1825.0005106642222
75444,1825.0005106642222
75445,1825.0005106642222
75446,1825.0005106642222
75447,1825.0005106642222
75448,1825.0005106642222
75449,1825.0005106642222
75450,1825.0005106642222
75451,1825.0005106642222
75452,1825.0005106642222
75453,1825.0005106642222
75454,1825.0005106642222
75455,1825.0005106642222
75456,1825.0005106642222
75457,1825.0005106642222
75458,1825.0005106642222
75459,1825.0005106642222
75460,1825.0005106642222
75461,1825.0005106642222
75462,1825.0005106642222
75463,1825.0005106642222
75464,1825.0005106642222
75465,1825.0005106642222
75466,1825.0005106642222
75467,1825.0005106642222
75468,1825.0005106642222
75469,1825.0005106642222
75470,1825.0005106642222
75471,1825.0005106642222
75472,1825.0005106642222
75473,1825.0005106642222
75474,1825.0005106642222
75475,1825.0005106642222
75476,1825.0005106642222
75477,1825.0005106642222
75478,1825.0005106642222
75479,1825.0005106642222
75480,1825.0005106642222
75481,1825.0005106642222
75482,1825.0005106642222
75483,1825.0005106642222
75484,1825.0005106642222
75485,1825.0005106642222
75486,1825.0005106642222
75487,1825.0005106642222
75488,1825.0005106642222
75489,1825.0005106642222
75490,1825.0005106642222
75491,1825.0005106642222
75492,1825.0005106642222
75493,1825.0005106642222
75494,1825.0005106642222
75495,1825.0005106642222
75496,1825.0005106642222
75497,1825.0005106642222
75498,1825.0005106642222
75499,1825.0005106642222
75500,1825.0005106642222
75501,1825.0005106642222
75502,1825.0005106642222
75503,1825.0005106642222
75504,1825.0005106642222
75505,1825.0005106642222
75506,1825.0005106642222
75507,1825.0005106642222
75508,1825.0005106642222
75509,1825.0005106642222
75510,1825.0005106642222
75511,1825.0005106642222
75512,1825.0005106642222
75513,1825.0005106642222
75514,1825.0005106642222
75515,1825.0005106642222
75516,1825.0005106642222
75517,1825.0005106642222
75518,1825.0005106642222
75519,1825.0005106642222
75520,1825.0005106642222
75521,1825.0005106642222
75522,1825.0005106642222
75523,1825.0005106642222
75524,1825.0005106642222
75525,1825.0005106642222
75526,1825.0005106642222
75527,1825.0005106642222
75528,1825.0005106642222
75529,1825.0005106642222
75530,1825.0005106642222
75531,1825.0005106642222
75532,1825.0005106642222
75533,1825.0005106642222
75534,1825.0005106642222
75535,1825.0005106642222
75536,1825.0005106642222
75537,1825.0005106642222
75538,1825.0005106642222
75539,1825.0005106642222
75540,1825.0005106642222
75541,1825.0005106642222
75542,1825.0005106642222
75543,1825.0005106642222
75544,1825.0005106642222
75545,1825.0005106642222
75546,1825.0005106642222
75547,1825.0005106642222
75548,1825.0005106642222
75549,1825.0005106642222
75550,1825.0005106642222
75551,1825.0005106642222
75552,1825.0005106642222
75553,1825.0005106642222
75554,1825.0005106642222
75555,1825.0005106642222
75556,1825.0005106642222
75557,1825.0005106642222
75558,1825.0005106642222
75559,1825.0005106642222
75560,1825.0005106642222
75561,1825.0005106642222
75562,1825.0005106642222
75563,1825.0005106642222
75564,1825.0005106642222
75565,1825.0005106642222
75566,1825.0005106642222
75567,1825.0005106642222
75568,1825.0005106642222
75569,1825.0005106642222
75570,1825.0005106642222
75571,1825.0005106642222
75572,1825.0005106642222
75573,1825.0005106642222
75574,1825.0005106642222
75575,1825.0005106642222
75576,1825.0005106642222
75577,1825.0005106642222
75578,1825.0005106642222
75579,1825.0005106642222
75580,1825.0005106642222
75581,1825.0005106642222
75582,1825.0005106642222
75583,1825.0005106642222
75584,1825.0005106642222
75585,1825.0005106642222
75586,1825.0005106642222
75587,1825.0005106642222
75588,1825.0005106642222
75589,1825.0005106642222
75590,1825.0005106642222
75591,1825.0005106642222
75592,1825.0005106642222
75593,1825.0005106642222
75594,1825.0005106642222
75595,1825.0005106642222
75596,1825.0005106642222
75597,1825.0005106642222
75598,1825.0005106642222
75599,1825.0005106642222
75600,1825.0005106642222
75601,1825.0005106642222
75602,1825.0005106642222
75603,1825.0005106642222
75604,1825.0005106642222
75605,1825.0005106642222
75606,1825.0005106642222
75607,1825.0005106642222
75608,1825.0005106642222
75609,1825.0005106642222
75610,1825.0005106642222
75611,1825.0005106642222
75612,1825.0005106642222
75613,1825.0005106642222
75614,1825.0005106642222
75615,1825.0005106642222
75616,1825.0005106642222
75617,1825.0005106642222
75618,1825.0005106642222
75619,1825.0005106642222
75620,1825.0005106642222
75621,1825.0005106642222
75622,1825.0005106642222
75623,1825.0005106642222
75624,1825.0005106642222
75625,1825.0005106642222
75626,1825.0005106642222
75627,1825.0005106642222
75628,1825.0005106642222
75629,1825.0005106642222
75630,1825.0005106642222
75631,1825.0005106642222
75632,1825.0005106642222
75633,1825.0005106642222
75634,1825.0005106642222
75635,1825.0005106642222
75636,1825.0005106642222
75637,1825.0005106642222
75638,1825.0005106642222
75639,1825.0005106642222
75640,1825.0005106642222
75641,1825.0005106642222
75642,1825.0005106642222
75643,1825.0005106642222
75644,1825.0005106642222
75645,1825.0005106642222
75646,1825.0005106642222
75647,1825.0005106642222
75648,1825.0005106642222
75649,1825.0005106642222
75650,1825.0005106642222
75651,1825.0005106642222
75652,1825.0005106642222
75653,1825.0005106642222
75654,1825.0005106642222
75655,1825.0005106642222
75656,1825.0005106642222
75657,1825.0005106642222
75658,1825.0005106642222
75659,1825.0005106642222
75660,1825.0005106642222
75661,1825.0005106642222
75662,1825.0005106642222
75663,1825.0005106642222
75664,1825.0005106642222
75665,1825.0005106642222
75666,1825.0005106642222
75667,1825.0005106642222
75668,1825.0005106642222
75669,1825.0005106642222
75670,1825.0005106642222
75671,1825.0005106642222
75672,1825.0005106642222
75673,1825.0005106642222
75674,1825.0005106642222
75675,1825.0005106642222
75676,1825.0005106642222
75677,1825.0005106642222
75678,1825.0005106642222
75679,1825.0005106642222
75680,1825.0005106642222
75681,1825.0005106642222
75682,1825.0005106642222
75683,1825.0005106642222
75684,1825.0005106642222
75685,1825.0005106642222
75686,1825.0005106642222
75687,1825.0005106642222
75688,1825.0005106642222
75689,1825.0005106642222
75690,1825.0005106642222
75691,1825.0005106642222
75692,1825.0005106642222
75693,1825.0005106642222
75694,1825.0005106642222
75695,1825.0005106642222
75696,1825.0005106642222
75697,1825.0005106642222
75698,1825.0005106642222
75699,1825.0005106642222
75700,1825.0005106642222
75701,1825.0005106642222
75702,1825.0005106642222
75703,1825.0005106642222
75704,1825.0005106642222
75705,1825.0005106642222
75706,1825.0005106642222
75707,1825.0005106642222
75708,1825.0005106642222
75709,1825.0005106642222
75710,1825.0005106642222
75711,1825.0005106642222
75712,1825.0005106642222
75713,1825.0005106642222
75714,1825.0005106642222
75715,1825.0005106642222
75716,1825.0005106642222
75717,1825.0005106642222
75718,1825.0005106642222
75719,1825.0005106642222
75720,1825.0005106642222
75721,1825.0005106642222
75722,1825.0005106642222
75723,1825.0005106642222
75724,1825.0005106642222
75725,1825.0005106642222
75726,1825.0005106642222
75727,1825.0005106642222
75728,1825.0005106642222
75729,1825.0005106642222
75730,1825.0005106642222
75731,1825.0005106642222
75732,1825.0005106642222
75733,1825.0005106642222
75734,1825.0005106642222
75735,1825.0005106642222
75736,1825.0005106642222
75737,1825.0005106642222
75738,1825.0005106642222
75739,1825.0005106642222
75740,1825.0005106642222
75741,1825.0005106642222
75742,1825.0005106642222
75743,1825.0005106642222
75744,1825.0005106642222
75745,1825.0005106642222
75746,1825.0005106642222
75747,1825.0005106642222
75748,1825.0005106642222
75749,1825.0005106642222
75750,1825.0005106642222
75751,1825.0005106642222
75752,1825.0005106642222
75753,1825.0005106642222
75754,1825.0005106642222
75755,1825.0005106642222
75756,1825.0005106642222
75757,1825.0005106642222
75758,1825.0005106642222
75759,1825.0005106642222
75760,1825.0005106642222
75761,1825.0005106642222
75762,1825.0005106642222
75763,1825.0005106642222
75764,1825.0005106642222
75765,1825.0005106642222
75766,1825.0005106642222
75767,1825.0005106642222
75768,1825.0005106642222
75769,1825.0005106642222
75770,1825.0005106642222
75771,1825.0005106642222
75772,1825.0005106642222
75773,1825.0005106642222
75774,1825.0005106642222
75775,1825.0005106642222
75776,1825.0005106642222
75777,1825.0005106642222
75778,1825.0005106642222
75779,1825.0005106642222
75780,1825.0005106642222
75781,1825.0005106642222
75782,1825.0005106642222
75783,1825.0005106642222
75784,1825.0005106642222
75785,1825.0005106642222
75786,1825.0005106642222
75787,1825.0005106642222
75788,1825.0005106642222
75789,1825.0005106642222
75790,1825.0005106642222
75791,1825.0005106642222
75792,1825.0005106642222
75793,1825.0005106642222
75794,1825.0005106642222
75795,1825.0005106642222
75796,1825.0005106642222
75797,1825.0005106642222
75798,1825.0005106642222
75799,1825.0005106642222
75800,1825.0005106642222
75801,1825.0005106642222
75802,1825.0005106642222
75803,1825.0005106642222
75804,1825.0005106642222
75805,1825.0005106642222
75806,1825.0005106642222
75807,1825.0005106642222
75808,1825.0005106642222
75809,1825.0005106642222
75810,1825.0005106642222
75811,1825.0005106642222
75812,1825.0005106642222
75813,1825.0005106642222
75814,1825.0005106642222
75815,1825.0005106642222
75816,1825.0005106642222
75817,1825.0005106642222
75818,1825.0005106642222
75819,1825.0005106642222
75820,1825.0005106642222
75821,1825.0005106642222
75822,1825.0005106642222
75823,1825.0005106642222
75824,1825.0005106642222
75825,1825.0005106642222
75826,1825.0005106642222
75827,1825.0005106642222
75828,1825.0005106642222
75829,1825.0005106642222
75830,1825.0005106642222
75831,1825.0005106642222
75832,1825.0005106642222
75833,1825.0005106642222
75834,1825.0005106642222
75835,1825.0005106642222
75836,1825.0005106642222
75837,1825.0005106642222
75838,1825.0005106642222
75839,1825.0005106642222
75840,1825.0005106642222
75841,1825.0005106642222
75842,1825.0005106642222
75843,1825.0005106642222
75844,1825.0005106642222
75845,1825.0005106642222
75846,1825.0005106642222
75847,1825.0005106642222
75848,1825.0005106642222
75849,1825.0005106642222
75850,1825.0005106642222
75851,1825.0005106642222
75852,1825.0005106642222
75853,1825.0005106642222
75854,1825.0005106642222
75855,1825.0005106642222
75856,1825.0005106642222
75857,1825.0005106642222
75858,1825.0005106642222
75859,1825.0005106642222
75860,1825.0005106642222
75861,1825.0005106642222
75862,1825.0005106642222
75863,1825.0005106642222
75864,1825.0005106642222
75865,1825.0005106642222
75866,1825.0005106642222
75867,1825.0005106642222
75868,1825.0005106642222
75869,1825.0005106642222
75870,1825.0005106642222
75871,1825.0005106642222
75872,1825.0005106642222
75873,1825.0005106642222
75874,1825.0005106642222
75875,1825.0005106642222
75876,1825.0005106642222
75877,1825.0005106642222
75878,1825.0005106642222
75879,1825.0005106642222
75880,1825.0005106642222
75881,1825.0005106642222
75882,1825.0005106642222
75883,1825.0005106642222
75884,1825.0005106642222
75885,1825.0005106642222
75886,1825.0005106642222
75887,1825.0005106642222
75888,1825.0005106642222
75889,1825.0005106642222
75890,1825.0005106642222
75891,1825.0005106642222
75892,1825.0005106642222
75893,1825.0005106642222
75894,1825.0005106642222
75895,1825.0005106642222
75896,1825.0005106642222
75897,1825.0005106642222
75898,1825.0005106642222
75899,1825.0005106642222
75900,1825.0005106642222
75901,1825.0005106642222
75902,1825.0005106642222
75903,1825.0005106642222
75904,1825.0005106642222
75905,1825.0005106642222
75906,1825.0005106642222
75907,1825.0005106642222
75908,1825.0005106642222
75909,1825.0005106642222
75910,1825.0005106642222
75911,1825.0005106642222
75912,1825.0005106642222
75913,1825.0005106642222
75914,1825.0005106642222
75915,1825.0005106642222
75916,1825.0005106642222
75917,1825.0005106642222
75918,1825.0005106642222
75919,1825.0005106642222
75920,1825.0005106642222
75921,1825.0005106642222
75922,1825.0005106642222
75923,1825.0005106642222
75924,1825.0005106642222
75925,1825.0005106642222
75926,1825.0005106642222
75927,1825.0005106642222
75928,1825.0005106642222
75929,1825.0005106642222
75930,1825.0005106642222
75931,1825.0005106642222
75932,1825.0005106642222
75933,1825.0005106642222
75934,1825.0005106642222
75935,1825.0005106642222
75936,1825.0005106642222
75937,1825.0005106642222
75938,1825.0005106642222
75939,1825.0005106642222
75940,1825.0005106642222
75941,1825.0005106642222
75942,1825.0005106642222
75943,1825.0005106642222
75944,1825.0005106642222
75945,1825.0005106642222
75946,1825.0005106642222
75947,1825.0005106642222
75948,1825.0005106642222
75949,1825.0005106642222
75950,1825.0005106642222
75951,1825.0005106642222
75952,1825.0005106642222
75953,1825.0005106642222
75954,1825.0005106642222
75955,1825.0005106642222
75956,1825.0005106642222
75957,1825.0005106642222
75958,1825.0005106642222
75959,1825.0005106642222
75960,1825.0005106642222
75961,1825.0005106642222
75962,1825.0005106642222
75963,1825.0005106642222
75964,1825.0005106642222
75965,1825.0005106642222
75966,1825.0005106642222
75967,1825.0005106642222
75968,1825.0005106642222
75969,1825.0005106642222
75970,1825.0005106642222
75971,1825.0005106642222
75972,1825.0005106642222
75973,1825.0005106642222
75974,1825.0005106642222
75975,1825.0005106642222
75976,1825.0005106642222
75977,1825.0005106642222
75978,1825.0005106642222
75979,1825.0005106642222
75980,1825.0005106642222
75981,1825.0005106642222
75982,1825.0005106642222
75983,1825.0005106642222
75984,1825.0005106642222
75985,1825.0005106642222
75986,1825.0005106642222
75987,1825.0005106642222
75988,1825.0005106642222
75989,1825.0005106642222
75990,1825.0005106642222
75991,1825.0005106642222
75992,1825.0005106642222
75993,1825.0005106642222
75994,1825.0005106642222
75995,1825.0005106642222
75996,1825.0005106642222
75997,1825.0005106642222
75998,1825.0005106642222
75999,1825.0005106642222
76000,1825.0005106642222
76001,1825.0005106642222
76002,1825.0005106642222
76003,1825.0005106642222
76004,1825.0005106642222
76005,1825.0005106642222
76006,1825.0005106642222
76007,1825.0005106642222
76008,1825.0005106642222
76009,1825.0005106642222
76010,1825.0005106642222
76011,1825.0005106642222
76012,1825.0005106642222
76013,1825.0005106642222
76014,1825.0005106642222
76015,1825.0005106642222
76016,1825.0005106642222
76017,1825.0005106642222
76018,1825.0005106642222
76019,1825.0005106642222
76020,1825.0005106642222
76021,1825.0005106642222
76022,1825.0005106642222
76023,1825.0005106642222
76024,1825.0005106642222
76025,1825.0005106642222
76026,1825.0005106642222
76027,1825.0005106642222
76028,1825.0005106642222
76029,1825.0005106642222
76030,1825.0005106642222
76031,1825.0005106642222
76032,1825.0005106642222
76033,1825.0005106642222
76034,1825.0005106642222
76035,1825.0005106642222
76036,1825.0005106642222
76037,1825.0005106642222
76038,1825.0005106642222
76039,1825.0005106642222
76040,1825.0005106642222
76041,1825.0005106642222
76042,1825.0005106642222
76043,1825.0005106642222
76044,1825.0005106642222
76045,1825.0005106642222
76046,1825.0005106642222
76047,1825.0005106642222
76048,1825.0005106642222
76049,1825.0005106642222
76050,1825.0005106642222
76051,1825.0005106642222
76052,1825.0005106642222
76053,1825.0005106642222
76054,1825.0005106642222
76055,1825.0005106642222
76056,1825.0005106642222
76057,1825.0005106642222
76058,1825.0005106642222
76059,1825.0005106642222
76060,1825.0005106642222
76061,1825.0005106642222
76062,1825.0005106642222
76063,1825.0005106642222
76064,1825.0005106642222
76065,1825.0005106642222
76066,1825.0005106642222
76067,1825.0005106642222
76068,1825.0005106642222
76069,1825.0005106642222
76070,1825.0005106642222
76071,1825.0005106642222
76072,1825.0005106642222
76073,1825.0005106642222
76074,1825.0005106642222
76075,1825.0005106642222
76076,1825.0005106642222
76077,1825.0005106642222
76078,1825.0005106642222
76079,1825.0005106642222
76080,1825.0005106642222
76081,1825.0005106642222
76082,1825.0005106642222
76083,1825.0005106642222
76084,1825.0005106642222
76085,1825.0005106642222
76086,1825.0005106642222
76087,1825.0005106642222
76088,1825.0005106642222
76089,1825.0005106642222
76090,1825.0005106642222
76091,1825.0005106642222
76092,1825.0005106642222
76093,1825.0005106642222
76094,1825.0005106642222
76095,1825.0005106642222
76096,1825.0005106642222
76097,1825.0005106642222
76098,1825.0005106642222
76099,1825.0005106642222
76100,1825.0005106642222
76101,1825.0005106642222
76102,1825.0005106642222
76103,1825.0005106642222
76104,1825.0005106642222
76105,1825.0005106642222
76106,1825.0005106642222
76107,1825.0005106642222
76108,1825.0005106642222
76109,1825.0005106642222
76110,1825.0005106642222
76111,1825.0005106642222
76112,1825.0005106642222
76113,1825.0005106642222
76114,1825.0005106642222
76115,1825.0005106642222
76116,1825.0005106642222
76117,1825.0005106642222
76118,1825.0005106642222
76119,1825.0005106642222
76120,1825.0005106642222
76121,1825.0005106642222
76122,1825.0005106642222
76123,1825.0005106642222
76124,1825.0005106642222
76125,1825.0005106642222
76126,1825.0005106642222
76127,1825.0005106642222
76128,1825.0005106642222
76129,1825.0005106642222
76130,1825.0005106642222
76131,1825.0005106642222
76132,1825.0005106642222
76133,1825.0005106642222
76134,1825.0005106642222
76135,1825.0005106642222
76136,1825.0005106642222
76137,1825.0005106642222
76138,1825.0005106642222
76139,1825.0005106642222
76140,1825.0005106642222
76141,1825.0005106642222
76142,1825.0005106642222
76143,1825.0005106642222
76144,1825.0005106642222
76145,1825.0005106642222
76146,1825.0005106642222
76147,1825.0005106642222
76148,1825.0005106642222
76149,1825.0005106642222
76150,1825.0005106642222
76151,1825.0005106642222
76152,1825.0005106642222
76153,1825.0005106642222
76154,1825.0005106642222
76155,1825.0005106642222
76156,1825.0005106642222
76157,1825.0005106642222
76158,1825.0005106642222
76159,1825.0005106642222
76160,1825.0005106642222
76161,1825.0005106642222
76162,1825.0005106642222
76163,1825.0005106642222
76164,1825.0005106642222
76165,1825.0005106642222
76166,1825.0005106642222
76167,1825.0005106642222
76168,1825.0005106642222
76169,1825.0005106642222
76170,1825.0005106642222
76171,1825.0005106642222
76172,1825.0005106642222
76173,1825.0005106642222
76174,1825.0005106642222
76175,1825.0005106642222
76176,1825.0005106642222
76177,1825.0005106642222
76178,1825.0005106642222
76179,1825.0005106642222
76180,1825.0005106642222
76181,1825.0005106642222
76182,1825.0005106642222
76183,1825.0005106642222
76184,1825.0005106642222
76185,1825.0005106642222
76186,1825.0005106642222
76187,1825.0005106642222
76188,1825.0005106642222
76189,1825.0005106642222
76190,1825.0005106642222
76191,1825.0005106642222
76192,1825.0005106642222
76193,1825.0005106642222
76194,1825.0005106642222
76195,1825.0005106642222
76196,1825.0005106642222
76197,1825.0005106642222
76198,1825.0005106642222
76199,1825.0005106642222
76200,1825.0005106642222
76201,1825.0005106642222
76202,1825.0005106642222
76203,1825.0005106642222
76204,1825.0005106642222
76205,1825.0005106642222
76206,1825.0005106642222
76207,1825.0005106642222
76208,1825.0005106642222
76209,1825.0005106642222
76210,1825.0005106642222
76211,1825.0005106642222
76212,1825.0005106642222
76213,1825.0005106642222
76214,1825.0005106642222
76215,1825.0005106642222
76216,1825.0005106642222
76217,1825.0005106642222
76218,1825.0005106642222
76219,1825.0005106642222
76220,1825.0005106642222
76221,1825.0005106642222
76222,1825.0005106642222
76223,1825.0005106642222
76224,1825.0005106642222
76225,1825.0005106642222
76226,1825.0005106642222
76227,1825.0005106642222
76228,1825.0005106642222
76229,1825.0005106642222
76230,1825.0005106642222
76231,1825.0005106642222
76232,1825.0005106642222
76233,1825.0005106642222
76234,1825.0005106642222
76235,1825.0005106642222
76236,1825.0005106642222
76237,1825.0005106642222
76238,1825.0005106642222
76239,1825.0005106642222
76240,1825.0005106642222
76241,1825.0005106642222
76242,1825.0005106642222
76243,1825.0005106642222
76244,1825.0005106642222
76245,1825.0005106642222
76246,1825.0005106642222
76247,1825.0005106642222
76248,1825.0005106642222
76249,1825.0005106642222
76250,1825.0005106642222
76251,1825.0005106642222
76252,1825.0005106642222
76253,1825.0005106642222
76254,1825.0005106642222
76255,1825.0005106642222
76256,1825.0005106642222
76257,1825.0005106642222
76258,1825.0005106642222
76259,1825.0005106642222
76260,1825.0005106642222
76261,1825.0005106642222
76262,1825.0005106642222
76263,1825.0005106642222
76264,1825.0005106642222
76265,1825.0005106642222
76266,1825.0005106642222
76267,1825.0005106642222
76268,1825.0005106642222
76269,1825.0005106642222
76270,1825.0005106642222
76271,1825.0005106642222
76272,1825.0005106642222
76273,1825.0005106642222
76274,1825.0005106642222
76275,1825.0005106642222
76276,1825.0005106642222
76277,1825.0005106642222
76278,1825.0005106642222
76279,1825.0005106642222
76280,1825.0005106642222
76281,1825.0005106642222
76282,1825.0005106642222
76283,1825.0005106642222
76284,1825.0005106642222
76285,1825.0005106642222
76286,1825.0005106642222
76287,1825.0005106642222
76288,1825.0005106642222
76289,1825.0005106642222
76290,1825.0005106642222
76291,1825.0005106642222
76292,1825.0005106642222
76293,1825.0005106642222
76294,1825.0005106642222
76295,1825.0005106642222
76296,1825.0005106642222
76297,1825.0005106642222
76298,1825.0005106642222
76299,1825.0005106642222
76300,1825.0005106642222
76301,1825.0005106642222
76302,1825.0005106642222
76303,1825.0005106642222
76304,1825.0005106642222
76305,1825.0005106642222
76306,1825.0005106642222
76307,1825.0005106642222
76308,1825.0005106642222
76309,1825.0005106642222
76310,1825.0005106642222
76311,1825.0005106642222
76312,1825.0005106642222
76313,1825.0005106642222
76314,1825.0005106642222
76315,1825.0005106642222
76316,1825.0005106642222
76317,1825.0005106642222
76318,1825.0005106642222
76319,1825.0005106642222
76320,1825.0005106642222
76321,1825.0005106642222
76322,1825.0005106642222
76323,1825.0005106642222
76324,1825.0005106642222
76325,1825.0005106642222
76326,1825.0005106642222
76327,1825.0005106642222
76328,1825.0005106642222
76329,1825.0005106642222
76330,1825.0005106642222
76331,1825.0005106642222
76332,1825.0005106642222
76333,1825.0005106642222
76334,1825.0005106642222
76335,1825.0005106642222
76336,1825.0005106642222
76337,1825.0005106642222
76338,1825.0005106642222
76339,1825.0005106642222
76340,1825.0005106642222
76341,1825.0005106642222
76342,1825.0005106642222
76343,1825.0005106642222
76344,1825.0005106642222
76345,1825.0005106642222
76346,1825.0005106642222
76347,1825.0005106642222
76348,1825.0005106642222
76349,1825.0005106642222
76350,1825.0005106642222
76351,1825.0005106642222
76352,1825.0005106642222
76353,1825.0005106642222
76354,1825.0005106642222
76355,1825.0005106642222
76356,1825.0005106642222
76357,1825.0005106642222
76358,1825.0005106642222
76359,1825.0005106642222
76360,1825.0005106642222
76361,1825.0005106642222
76362,1825.0005106642222
76363,1825.0005106642222
76364,1825.0005106642222
76365,1825.0005106642222
76366,1825.0005106642222
76367,1825.0005106642222
76368,1825.0005106642222
76369,1825.0005106642222
76370,1825.0005106642222
76371,1825.0005106642222
76372,1825.0005106642222
76373,1825.0005106642222
76374,1825.0005106642222
76375,1825.0005106642222
76376,1825.0005106642222
76377,1825.0005106642222
76378,1825.0005106642222
76379,1825.0005106642222
76380,1825.0005106642222
76381,1825.0005106642222
76382,1825.0005106642222
76383,1825.0005106642222
76384,1825.0005106642222
76385,1825.0005106642222
76386,1825.0005106642222
76387,1825.0005106642222
76388,1825.0005106642222
76389,1825.0005106642222
76390,1825.0005106642222
76391,1825.0005106642222
76392,1825.0005106642222
76393,1825.0005106642222
76394,1825.0005106642222
76395,1825.0005106642222
76396,1825.0005106642222
76397,1825.0005106642222
76398,1825.0005106642222
76399,1825.0005106642222
76400,1825.0005106642222
76401,1825.0005106642222
76402,1825.0005106642222
76403,1825.0005106642222
76404,1825.0005106642222
76405,1825.0005106642222
76406,1825.0005106642222
76407,1825.0005106642222
76408,1825.0005106642222
76409,1825.0005106642222
76410,1825.0005106642222
76411,1825.0005106642222
76412,1825.0005106642222
76413,1825.0005106642222
76414,1825.0005106642222
76415,1825.0005106642222
76416,1825.0005106642222
76417,1825.0005106642222
76418,1825.0005106642222
76419,1825.0005106642222
76420,1825.0005106642222
76421,1825.0005106642222
76422,1825.0005106642222
76423,1825.0005106642222
76424,1825.0005106642222
76425,1825.0005106642222
76426,1825.0005106642222
76427,1825.0005106642222
76428,1825.0005106642222
76429,1825.0005106642222
76430,1825.0005106642222
76431,1825.0005106642222
76432,1825.0005106642222
76433,1825.0005106642222
76434,1825.0005106642222
76435,1825.0005106642222
76436,1825.0005106642222
76437,1825.0005106642222
76438,1825.0005106642222
76439,1825.0005106642222
76440,1825.0005106642222
76441,1825.0005106642222
76442,1825.0005106642222
76443,1825.0005106642222
76444,1825.0005106642222
76445,1825.0005106642222
76446,1825.0005106642222
76447,1825.0005106642222
76448,1825.0005106642222
76449,1825.0005106642222
76450,1825.0005106642222
76451,1825.0005106642222
76452,1825.0005106642222
76453,1825.0005106642222
76454,1825.0005106642222
76455,1825.0005106642222
76456,1825.0005106642222
76457,1825.0005106642222
76458,1825.0005106642222
76459,1825.0005106642222
76460,1825.0005106642222
76461,1825.0005106642222
76462,1825.0005106642222
76463,1825.0005106642222
76464,1825.0005106642222
76465,1825.0005106642222
76466,1825.0005106642222
76467,1825.0005106642222
76468,1825.0005106642222
76469,1825.0005106642222
76470,1825.0005106642222
76471,1825.0005106642222
76472,1825.0005106642222
76473,1825.0005106642222
76474,1825.0005106642222
76475,1825.0005106642222
76476,1825.0005106642222
76477,1825.0005106642222
76478,1825.0005106642222
76479,1825.0005106642222
76480,1825.0005106642222
76481,1825.0005106642222
76482,1825.0005106642222
76483,1825.0005106642222
76484,1825.0005106642222
76485,1825.0005106642222
76486,1825.0005106642222
76487,1825.0005106642222
76488,1825.0005106642222
76489,1825.0005106642222
76490,1825.0005106642222
76491,1825.0005106642222
76492,1825.0005106642222
76493,1825.0005106642222
76494,1825.0005106642222
76495,1825.0005106642222
76496,1825.0005106642222
76497,1825.0005106642222
76498,1825.0005106642222
76499,1825.0005106642222
76500,1825.0005106642222
76501,1825.0005106642222
76502,1825.0005106642222
76503,1825.0005106642222
76504,1825.0005106642222
76505,1825.0005106642222
76506,1825.0005106642222
76507,1825.0005106642222
76508,1825.0005106642222
76509,1825.0005106642222
76510,1825.0005106642222
76511,1825.0005106642222
76512,1825.0005106642222
76513,1825.0005106642222
76514,1825.0005106642222
76515,1825.0005106642222
76516,1825.0005106642222
76517,1825.0005106642222
76518,1825.0005106642222
76519,1825.0005106642222
76520,1825.0005106642222
76521,1825.0005106642222
76522,1825.0005106642222
76523,1825.0005106642222
76524,1825.0005106642222
76525,1825.0005106642222
76526,1825.0005106642222
76527,1825.0005106642222
76528,1825.0005106642222
76529,1825.0005106642222
76530,1825.0005106642222
76531,1825.0005106642222
76532,1825.0005106642222
76533,1825.0005106642222
76534,1825.0005106642222
76535,1825.0005106642222
76536,1825.0005106642222
76537,1825.0005106642222
76538,1825.0005106642222
76539,1825.0005106642222
76540,1825.0005106642222
76541,1825.0005106642222
76542,1825.0005106642222
76543,1825.0005106642222
76544,1825.0005106642222
76545,1825.0005106642222
76546,1825.0005106642222
76547,1825.0005106642222
76548,1825.0005106642222
76549,1825.0005106642222
76550,1825.0005106642222
76551,1825.0005106642222
76552,1825.0005106642222
76553,1825.0005106642222
76554,1825.0005106642222
76555,1825.0005106642222
76556,1825.0005106642222
76557,1825.0005106642222
76558,1825.0005106642222
76559,1825.0005106642222
76560,1825.0005106642222
76561,1825.0005106642222
76562,1825.0005106642222
76563,1825.0005106642222
76564,1825.0005106642222
76565,1825.0005106642222
76566,1825.0005106642222
76567,1825.0005106642222
76568,1825.0005106642222
76569,1825.0005106642222
76570,1825.0005106642222
76571,1825.0005106642222
76572,1825.0005106642222
76573,1825.0005106642222
76574,1825.0005106642222
76575,1825.0005106642222
76576,1825.0005106642222
76577,1825.0005106642222
76578,1825.0005106642222
76579,1825.0005106642222
76580,1825.0005106642222
76581,1825.0005106642222
76582,1825.0005106642222
76583,1825.0005106642222
76584,1825.0005106642222
76585,1825.0005106642222
76586,1825.0005106642222
76587,1825.0005106642222
76588,1825.0005106642222
76589,1825.0005106642222
76590,1825.0005106642222
76591,1825.0005106642222
76592,1825.0005106642222
76593,1825.0005106642222
76594,1825.0005106642222
76595,1825.0005106642222
76596,1825.0005106642222
76597,1825.0005106642222
76598,1825.0005106642222
76599,1825.0005106642222
76600,1825.0005106642222
76601,1825.0005106642222
76602,1825.0005106642222
76603,1825.0005106642222
76604,1825.0005106642222
76605,1825.0005106642222
76606,1825.0005106642222
76607,1825.0005106642222
76608,1825.0005106642222
76609,1825.0005106642222
76610,1825.0005106642222
76611,1825.0005106642222
76612,1825.0005106642222
76613,1825.0005106642222
76614,1825.0005106642222
76615,1825.0005106642222
76616,1825.0005106642222
76617,1825.0005106642222
76618,1825.0005106642222
76619,1825.0005106642222
76620,1825.0005106642222
76621,1825.0005106642222
76622,1825.0005106642222
76623,1825.0005106642222
76624,1825.0005106642222
76625,1825.0005106642222
76626,1825.0005106642222
76627,1825.0005106642222
76628,1825.0005106642222
76629,1825.0005106642222
76630,1825.0005106642222
76631,1825.0005106642222
76632,1825.0005106642222
76633,1825.0005106642222
76634,1825.0005106642222
76635,1825.0005106642222
76636,1825.0005106642222
76637,1825.0005106642222
76638,1825.0005106642222
76639,1825.0005106642222
76640,1825.0005106642222
76641,1825.0005106642222
76642,1825.0005106642222
76643,1825.0005106642222
76644,1825.0005106642222
76645,1825.0005106642222
76646,1825.0005106642222
76647,1825.0005106642222
76648,1825.0005106642222
76649,1825.0005106642222
76650,1825.0005106642222
76651,1825.0005106642222
76652,1825.0005106642222
76653,1825.0005106642222
76654,1825.0005106642222
76655,1825.0005106642222
76656,1825.0005106642222
76657,1825.0005106642222
76658,1825.0005106642222
76659,1825.0005106642222
76660,1825.0005106642222
76661,1825.0005106642222
76662,1825.0005106642222
76663,1825.0005106642222
76664,1825.0005106642222
76665,1825.0005106642222
76666,1825.0005106642222
76667,1825.0005106642222
76668,1825.0005106642222
76669,1825.0005106642222
76670,1825.0005106642222
76671,1825.0005106642222
76672,1825.0005106642222
76673,1825.0005106642222
76674,1825.0005106642222
76675,1825.0005106642222
76676,1825.0005106642222
76677,1825.0005106642222
76678,1825.0005106642222
76679,1825.0005106642222
76680,1825.0005106642222
76681,1825.0005106642222
76682,1825.0005106642222
76683,1825.0005106642222
76684,1825.0005106642222
76685,1825.0005106642222
76686,1825.0005106642222
76687,1825.0005106642222
76688,1825.0005106642222
76689,1825.0005106642222
76690,1825.0005106642222
76691,1825.0005106642222
76692,1825.0005106642222
76693,1825.0005106642222
76694,1825.0005106642222
76695,1825.0005106642222
76696,1825.0005106642222
76697,1825.0005106642222
76698,1825.0005106642222
76699,1825.0005106642222
76700,1825.0005106642222
76701,1825.0005106642222
76702,1825.0005106642222
76703,1825.0005106642222
76704,1825.0005106642222
76705,1825.0005106642222
76706,1825.0005106642222
76707,1825.0005106642222
76708,1825.0005106642222
76709,1825.0005106642222
76710,1825.0005106642222
76711,1825.0005106642222
76712,1825.0005106642222
76713,1825.0005106642222
76714,1825.0005106642222
76715,1825.0005106642222
76716,1825.0005106642222
76717,1825.0005106642222
76718,1825.0005106642222
76719,1825.0005106642222
76720,1825.0005106642222
76721,1825.0005106642222
76722,1825.0005106642222
76723,1825.0005106642222
76724,1825.0005106642222
76725,1825.0005106642222
76726,1825.0005106642222
76727,1825.0005106642222
76728,1825.0005106642222
76729,1825.0005106642222
76730,1825.0005106642222
76731,1825.0005106642222
76732,1825.0005106642222
76733,1825.0005106642222
76734,1825.0005106642222
76735,1825.0005106642222
76736,1825.0005106642222
76737,1825.0005106642222
76738,1825.0005106642222
76739,1825.0005106642222
76740,1825.0005106642222
76741,1825.0005106642222
76742,1825.0005106642222
76743,1825.0005106642222
76744,1825.0005106642222
76745,1825.0005106642222
76746,1825.0005106642222
76747,1825.0005106642222
76748,1825.0005106642222
76749,1825.0005106642222
76750,1825.0005106642222
76751,1825.0005106642222
76752,1825.0005106642222
76753,1825.0005106642222
76754,1825.0005106642222
76755,1825.0005106642222
76756,1825.0005106642222
76757,1825.0005106642222
76758,1825.0005106642222
76759,1825.0005106642222
76760,1825.0005106642222
76761,1825.0005106642222
76762,1825.0005106642222
76763,1825.0005106642222
76764,1825.0005106642222
76765,1825.0005106642222
76766,1825.0005106642222
76767,1825.0005106642222
76768,1825.0005106642222
76769,1825.0005106642222
76770,1825.0005106642222
76771,1825.0005106642222
76772,1825.0005106642222
76773,1825.0005106642222
76774,1825.0005106642222
76775,1825.0005106642222
76776,1825.0005106642222
76777,1825.0005106642222
76778,1825.0005106642222
76779,1825.0005106642222
76780,1825.0005106642222
76781,1825.0005106642222
76782,1825.0005106642222
76783,1825.0005106642222
76784,1825.0005106642222
76785,1825.0005106642222
76786,1825.0005106642222
76787,1825.0005106642222
76788,1825.0005106642222
76789,1825.0005106642222
76790,1825.0005106642222
76791,1825.0005106642222
76792,1825.0005106642222
76793,1825.0005106642222
76794,1825.0005106642222
76795,1825.0005106642222
76796,1825.0005106642222
76797,1825.0005106642222
76798,1825.0005106642222
76799,1825.0005106642222
76800,1825.0005106642222
76801,1825.0005106642222
76802,1825.0005106642222
76803,1825.0005106642222
76804,1825.0005106642222
76805,1825.0005106642222
76806,1825.0005106642222
76807,1825.0005106642222
76808,1825.0005106642222
76809,1825.0005106642222
76810,1825.0005106642222
76811,1825.0005106642222
76812,1825.0005106642222
76813,1825.0005106642222
76814,1825.0005106642222
76815,1825.0005106642222
76816,1825.0005106642222
76817,1825.0005106642222
76818,1825.0005106642222
76819,1825.0005106642222
76820,1825.0005106642222
76821,1825.0005106642222
76822,1825.0005106642222
76823,1825.0005106642222
76824,1825.0005106642222
76825,1825.0005106642222
76826,1825.0005106642222
76827,1825.0005106642222
76828,1825.0005106642222
76829,1825.0005106642222
76830,1825.0005106642222
76831,1825.0005106642222
76832,1825.0005106642222
76833,1825.0005106642222
76834,1825.0005106642222
76835,1825.0005106642222
76836,1825.0005106642222
76837,1825.0005106642222
76838,1825.0005106642222
76839,1825.0005106642222
76840,1825.0005106642222
76841,1825.0005106642222
76842,1825.0005106642222
76843,1825.0005106642222
76844,1825.0005106642222
76845,1825.0005106642222
76846,1825.0005106642222
76847,1825.0005106642222
76848,1825.0005106642222
76849,1825.0005106642222
76850,1825.0005106642222
76851,1825.0005106642222
76852,1825.0005106642222
76853,1825.0005106642222
76854,1825.0005106642222
76855,1825.0005106642222
76856,1825.0005106642222
76857,1825.0005106642222
76858,1825.0005106642222
76859,1825.0005106642222
76860,1825.0005106642222
76861,1825.0005106642222
76862,1825.0005106642222
76863,1825.0005106642222
76864,1825.0005106642222
76865,1825.0005106642222
76866,1825.0005106642222
76867,1825.0005106642222
76868,1825.0005106642222
76869,1825.0005106642222
76870,1825.0005106642222
76871,1825.0005106642222
76872,1825.0005106642222
76873,1825.0005106642222
76874,1825.0005106642222
76875,1825.0005106642222
76876,1825.0005106642222
76877,1825.0005106642222
76878,1825.0005106642222
76879,1825.0005106642222
76880,1825.0005106642222
76881,1825.0005106642222
76882,1825.0005106642222
76883,1825.0005106642222
76884,1825.0005106642222
76885,1825.0005106642222
76886,1825.0005106642222
76887,1825.0005106642222
76888,1825.0005106642222
76889,1825.0005106642222
76890,1825.0005106642222
76891,1825.0005106642222
76892,1825.0005106642222
76893,1825.0005106642222
76894,1825.0005106642222
76895,1825.0005106642222
76896,1825.0005106642222
76897,1825.0005106642222
76898,1825.0005106642222
76899,1825.0005106642222
76900,1825.0005106642222
76901,1825.0005106642222
76902,1825.0005106642222
76903,1825.0005106642222
76904,1825.0005106642222
76905,1825.0005106642222
76906,1825.0005106642222
76907,1825.0005106642222
76908,1825.0005106642222
76909,1825.0005106642222
76910,1825.0005106642222
76911,1825.0005106642222
76912,1825.0005106642222
76913,1825.0005106642222
76914,1825.0005106642222
76915,1825.0005106642222
76916,1825.0005106642222
76917,1825.0005106642222
76918,1825.0005106642222
76919,1825.0005106642222
76920,1825.0005106642222
76921,1825.0005106642222
76922,1825.0005106642222
76923,1825.0005106642222
76924,1825.0005106642222
76925,1825.0005106642222
76926,1825.0005106642222
76927,1825.0005106642222
76928,1825.0005106642222
76929,1825.0005106642222
76930,1825.0005106642222
76931,1825.0005106642222
76932,1825.0005106642222
76933,1825.0005106642222
76934,1825.0005106642222
76935,1825.0005106642222
76936,1825.0005106642222
76937,1825.0005106642222
76938,1825.0005106642222
76939,1825.0005106642222
76940,1825.0005106642222
76941,1825.0005106642222
76942,1825.0005106642222
76943,1825.0005106642222
76944,1825.0005106642222
76945,1825.0005106642222
76946,1825.0005106642222
76947,1825.0005106642222
76948,1825.0005106642222
76949,1825.0005106642222
76950,1825.0005106642222
76951,1825.0005106642222
76952,1825.0005106642222
76953,1825.0005106642222
76954,1825.0005106642222
76955,1825.0005106642222
76956,1825.0005106642222
76957,1825.0005106642222
76958,1825.0005106642222
76959,1825.0005106642222
76960,1825.0005106642222
76961,1825.0005106642222
76962,1825.0005106642222
76963,1825.0005106642222
76964,1825.0005106642222
76965,1825.0005106642222
76966,1825.0005106642222
76967,1825.0005106642222
76968,1825.0005106642222
76969,1825.0005106642222
76970,1825.0005106642222
76971,1825.0005106642222
76972,1825.0005106642222
76973,1825.0005106642222
76974,1825.0005106642222
76975,1825.0005106642222
76976,1825.0005106642222
76977,1825.0005106642222
76978,1825.0005106642222
76979,1825.0005106642222
76980,1825.0005106642222
76981,1825.0005106642222
76982,1825.0005106642222
76983,1825.0005106642222
76984,1825.0005106642222
76985,1825.0005106642222
76986,1825.0005106642222
76987,1825.0005106642222
76988,1825.0005106642222
76989,1825.0005106642222
76990,1825.0005106642222
76991,1825.0005106642222
76992,1825.0005106642222
76993,1825.0005106642222
76994,1825.0005106642222
76995,1825.0005106642222
76996,1825.0005106642222
76997,1825.0005106642222
76998,1825.0005106642222
76999,1825.0005106642222
77000,1825.0005106642222
77001,1825.0005106642222
77002,1825.0005106642222
77003,1825.0005106642222
77004,1825.0005106642222
77005,1825.0005106642222
77006,1825.0005106642222
77007,1825.0005106642222
77008,1825.0005106642222
77009,1825.0005106642222
77010,1825.0005106642222
77011,1825.0005106642222
77012,1825.0005106642222
77013,1825.0005106642222
77014,1825.0005106642222
77015,1825.0005106642222
77016,1825.0005106642222
77017,1825.0005106642222
77018,1825.0005106642222
77019,1825.0005106642222
77020,1825.0005106642222
77021,1825.0005106642222
77022,1825.0005106642222
77023,1825.0005106642222
77024,1825.0005106642222
77025,1825.0005106642222
77026,1825.0005106642222
77027,1825.0005106642222
77028,1825.0005106642222
77029,1825.0005106642222
77030,1825.0005106642222
77031,1825.0005106642222
77032,1825.0005106642222
77033,1825.0005106642222
77034,1825.0005106642222
77035,1825.0005106642222
77036,1825.0005106642222
77037,1825.0005106642222
77038,1825.0005106642222
77039,1825.0005106642222
77040,1825.0005106642222
77041,1825.0005106642222
77042,1825.0005106642222
77043,1825.0005106642222
77044,1825.0005106642222
77045,1825.0005106642222
77046,1825.0005106642222
77047,1825.0005106642222
77048,1825.0005106642222
77049,1825.0005106642222
77050,1825.0005106642222
77051,1825.0005106642222
77052,1825.0005106642222
77053,1825.0005106642222
77054,1825.0005106642222
77055,1825.0005106642222
77056,1825.0005106642222
77057,1825.0005106642222
77058,1825.0005106642222
77059,1825.0005106642222
77060,1825.0005106642222
77061,1825.0005106642222
77062,1825.0005106642222
77063,1825.0005106642222
77064,1825.0005106642222
77065,1825.0005106642222
77066,1825.0005106642222
77067,1825.0005106642222
77068,1825.0005106642222
77069,1825.0005106642222
77070,1825.0005106642222
77071,1825.0005106642222
77072,1825.0005106642222
77073,1825.0005106642222
77074,1825.0005106642222
77075,1825.0005106642222
77076,1825.0005106642222
77077,1825.0005106642222
77078,1825.0005106642222
77079,1825.0005106642222
77080,1825.0005106642222
77081,1825.0005106642222
77082,1825.0005106642222
77083,1825.0005106642222
77084,1825.0005106642222
77085,1825.0005106642222
77086,1825.0005106642222
77087,1825.0005106642222
77088,1825.0005106642222
77089,1825.0005106642222
77090,1825.0005106642222
77091,1825.0005106642222
77092,1825.0005106642222
77093,1825.0005106642222
77094,1825.0005106642222
77095,1825.0005106642222
77096,1825.0005106642222
77097,1825.0005106642222
77098,1825.0005106642222
77099,1825.0005106642222
77100,1825.0005106642222
77101,1825.0005106642222
77102,1825.0005106642222
77103,1825.0005106642222
77104,1825.0005106642222
77105,1825.0005106642222
77106,1825.0005106642222
77107,1825.0005106642222
77108,1825.0005106642222
77109,1825.0005106642222
77110,1825.0005106642222
77111,1825.0005106642222
77112,1825.0005106642222
77113,1825.0005106642222
77114,1825.0005106642222
77115,1825.0005106642222
77116,1825.0005106642222
77117,1825.0005106642222
77118,1825.0005106642222
77119,1825.0005106642222
77120,1825.0005106642222
77121,1825.0005106642222
77122,1825.0005106642222
77123,1825.0005106642222
77124,1825.0005106642222
77125,1825.0005106642222
77126,1825.0005106642222
77127,1825.0005106642222
77128,1825.0005106642222
77129,1825.0005106642222
77130,1825.0005106642222
77131,1825.0005106642222
77132,1825.0005106642222
77133,1825.0005106642222
77134,1825.0005106642222
77135,1825.0005106642222
77136,1825.0005106642222
77137,1825.0005106642222
77138,1825.0005106642222
77139,1825.0005106642222
77140,1825.0005106642222
77141,1825.0005106642222
77142,1825.0005106642222
77143,1825.0005106642222
77144,1825.0005106642222
77145,1825.0005106642222
77146,1825.0005106642222
77147,1825.0005106642222
77148,1825.0005106642222
77149,1825.0005106642222
77150,1825.0005106642222
77151,1825.0005106642222
77152,1825.0005106642222
77153,1825.0005106642222
77154,1825.0005106642222
77155,1825.0005106642222
77156,1825.0005106642222
77157,1825.0005106642222
77158,1825.0005106642222
77159,1825.0005106642222
77160,1825.0005106642222
77161,1825.0005106642222
77162,1825.0005106642222
77163,1825.0005106642222
77164,1825.0005106642222
77165,1825.0005106642222
77166,1825.0005106642222
77167,1825.0005106642222
77168,1825.0005106642222
77169,1825.0005106642222
77170,1825.0005106642222
77171,1825.0005106642222
77172,1825.0005106642222
77173,1825.0005106642222
77174,1825.0005106642222
77175,1825.0005106642222
77176,1825.0005106642222
77177,1825.0005106642222
77178,1825.0005106642222
77179,1825.0005106642222
77180,1825.0005106642222
77181,1825.0005106642222
77182,1825.0005106642222
77183,1825.0005106642222
77184,1825.0005106642222
77185,1825.0005106642222
77186,1825.0005106642222
77187,1825.0005106642222
77188,1825.0005106642222
77189,1825.0005106642222
77190,1825.0005106642222
77191,1825.0005106642222
77192,1825.0005106642222
77193,1825.0005106642222
77194,1825.0005106642222
77195,1825.0005106642222
77196,1825.0005106642222
77197,1825.0005106642222
77198,1825.0005106642222
77199,1825.0005106642222
77200,1825.0005106642222
77201,1825.0005106642222
77202,1825.0005106642222
77203,1825.0005106642222
77204,1825.0005106642222
77205,1825.0005106642222
77206,1825.0005106642222
77207,1825.0005106642222
77208,1825.0005106642222
77209,1825.0005106642222
77210,1825.0005106642222
77211,1825.0005106642222
77212,1825.0005106642222
77213,1825.0005106642222
77214,1825.0005106642222
77215,1825.0005106642222
77216,1825.0005106642222
77217,1825.0005106642222
77218,1825.0005106642222
77219,1825.0005106642222
77220,1825.0005106642222
77221,1825.0005106642222
77222,1825.0005106642222
77223,1825.0005106642222
77224,1825.0005106642222
77225,1825.0005106642222
77226,1825.0005106642222
77227,1825.0005106642222
77228,1825.0005106642222
77229,1825.0005106642222
77230,1825.0005106642222
77231,1825.0005106642222
77232,1825.0005106642222
77233,1825.0005106642222
77234,1825.0005106642222
77235,1825.0005106642222
77236,1825.0005106642222
77237,1825.0005106642222
77238,1825.0005106642222
77239,1825.0005106642222
77240,1825.0005106642222
77241,1825.0005106642222
77242,1825.0005106642222
77243,1825.0005106642222
77244,1825.0005106642222
77245,1825.0005106642222
77246,1825.0005106642222
77247,1825.0005106642222
77248,1825.0005106642222
77249,1825.0005106642222
77250,1825.0005106642222
77251,1825.0005106642222
77252,1825.0005106642222
77253,1825.0005106642222
77254,1825.0005106642222
77255,1825.0005106642222
77256,1825.0005106642222
77257,1825.0005106642222
77258,1825.0005106642222
77259,1825.0005106642222
77260,1825.0005106642222
77261,1825.0005106642222
77262,1825.0005106642222
77263,1825.0005106642222
77264,1825.0005106642222
77265,1825.0005106642222
77266,1825.0005106642222
77267,1825.0005106642222
77268,1825.0005106642222
77269,1825.0005106642222
77270,1825.0005106642222
77271,1825.0005106642222
77272,1825.0005106642222
77273,1825.0005106642222
77274,1825.0005106642222
77275,1825.0005106642222
77276,1825.0005106642222
77277,1825.0005106642222
77278,1825.0005106642222
77279,1825.0005106642222
77280,1825.0005106642222
77281,1825.0005106642222
77282,1825.0005106642222
77283,1825.0005106642222
77284,1825.0005106642222
77285,1825.0005106642222
77286,1825.0005106642222
77287,1825.0005106642222
77288,1825.0005106642222
77289,1825.0005106642222
77290,1825.0005106642222
77291,1825.0005106642222
77292,1825.0005106642222
77293,1825.0005106642222
77294,1825.0005106642222
77295,1825.0005106642222
77296,1825.0005106642222
77297,1825.0005106642222
77298,1825.0005106642222
77299,1825.0005106642222
77300,1825.0005106642222
77301,1825.0005106642222
77302,1825.0005106642222
77303,1825.0005106642222
77304,1825.0005106642222
77305,1825.0005106642222
77306,1825.0005106642222
77307,1825.0005106642222
77308,1825.0005106642222
77309,1825.0005106642222
77310,1825.0005106642222
77311,1825.0005106642222
77312,1825.0005106642222
77313,1825.0005106642222
77314,1825.0005106642222
77315,1825.0005106642222
77316,1825.0005106642222
77317,1825.0005106642222
77318,1825.0005106642222
77319,1825.0005106642222
77320,1825.0005106642222
77321,1825.0005106642222
77322,1825.0005106642222
77323,1825.0005106642222
77324,1825.0005106642222
77325,1825.0005106642222
77326,1825.0005106642222
77327,1825.0005106642222
77328,1825.0005106642222
77329,1825.0005106642222
77330,1825.0005106642222
77331,1825.0005106642222
77332,1825.0005106642222
77333,1825.0005106642222
77334,1825.0005106642222
77335,1825.0005106642222
77336,1825.0005106642222
77337,1825.0005106642222
77338,1825.0005106642222
77339,1825.0005106642222
77340,1825.0005106642222
77341,1825.0005106642222
77342,1825.0005106642222
77343,1825.0005106642222
77344,1825.0005106642222
77345,1825.0005106642222
77346,1825.0005106642222
77347,1825.0005106642222
77348,1825.0005106642222
77349,1825.0005106642222
77350,1825.0005106642222
77351,1825.0005106642222
77352,1825.0005106642222
77353,1825.0005106642222
77354,1825.0005106642222
77355,1825.0005106642222
77356,1825.0005106642222
77357,1825.0005106642222
77358,1825.0005106642222
77359,1825.0005106642222
77360,1825.0005106642222
77361,1825.0005106642222
77362,1825.0005106642222
77363,1825.0005106642222
77364,1825.0005106642222
77365,1825.0005106642222
77366,1825.0005106642222
77367,1825.0005106642222
77368,1825.0005106642222
77369,1825.0005106642222
77370,1825.0005106642222
77371,1825.0005106642222
77372,1825.0005106642222
77373,1825.0005106642222
77374,1825.0005106642222
77375,1825.0005106642222
77376,1825.0005106642222
77377,1825.0005106642222
77378,1825.0005106642222
77379,1825.0005106642222
77380,1825.0005106642222
77381,1825.0005106642222
77382,1825.0005106642222
77383,1825.0005106642222
77384,1825.0005106642222
77385,1825.0005106642222
77386,1825.0005106642222
77387,1825.0005106642222
77388,1825.0005106642222
77389,1825.0005106642222
77390,1825.0005106642222
77391,1825.0005106642222
77392,1825.0005106642222
77393,1825.0005106642222
77394,1825.0005106642222
77395,1825.0005106642222
77396,1825.0005106642222
77397,1825.0005106642222
77398,1825.0005106642222
77399,1825.0005106642222
77400,1825.0005106642222
77401,1825.0005106642222
77402,1825.0005106642222
77403,1825.0005106642222
77404,1825.0005106642222
77405,1825.0005106642222
77406,1825.0005106642222
77407,1825.0005106642222
77408,1825.0005106642222
77409,1825.0005106642222
77410,1825.0005106642222
77411,1825.0005106642222
77412,1825.0005106642222
77413,1825.0005106642222
77414,1825.0005106642222
77415,1825.0005106642222
77416,1825.0005106642222
77417,1825.0005106642222
77418,1825.0005106642222
77419,1825.0005106642222
77420,1825.0005106642222
77421,1825.0005106642222
77422,1825.0005106642222
77423,1825.0005106642222
77424,1825.0005106642222
77425,1825.0005106642222
77426,1825.0005106642222
77427,1825.0005106642222
77428,1825.0005106642222
77429,1825.0005106642222
77430,1825.0005106642222
77431,1825.0005106642222
77432,1825.0005106642222
77433,1825.0005106642222
77434,1825.0005106642222
77435,1825.0005106642222
77436,1825.0005106642222
77437,1825.0005106642222
77438,1825.0005106642222
77439,1825.0005106642222
77440,1825.0005106642222
77441,1825.0005106642222
77442,1825.0005106642222
77443,1825.0005106642222
77444,1825.0005106642222
77445,1825.0005106642222
77446,1825.0005106642222
77447,1825.0005106642222
77448,1825.0005106642222
77449,1825.0005106642222
77450,1825.0005106642222
77451,1825.0005106642222
77452,1825.0005106642222
77453,1825.0005106642222
77454,1825.0005106642222
77455,1825.0005106642222
77456,1825.0005106642222
77457,1825.0005106642222
77458,1825.0005106642222
77459,1825.0005106642222
77460,1825.0005106642222
77461,1825.0005106642222
77462,1825.0005106642222
77463,1825.0005106642222
77464,1825.0005106642222
77465,1825.0005106642222
77466,1825.0005106642222
77467,1825.0005106642222
77468,1825.0005106642222
77469,1825.0005106642222
77470,1825.0005106642222
77471,1825.0005106642222
77472,1825.0005106642222
77473,1825.0005106642222
77474,1825.0005106642222
77475,1825.0005106642222
77476,1825.0005106642222
77477,1825.0005106642222
77478,1825.0005106642222
77479,1825.0005106642222
77480,1825.0005106642222
77481,1825.0005106642222
77482,1825.0005106642222
77483,1825.0005106642222
77484,1825.0005106642222
77485,1825.0005106642222
77486,1825.0005106642222
77487,1825.0005106642222
77488,1825.0005106642222
77489,1825.0005106642222
77490,1825.0005106642222
77491,1825.0005106642222
77492,1825.0005106642222
77493,1825.0005106642222
77494,1825.0005106642222
77495,1825.0005106642222
77496,1825.0005106642222
77497,1825.0005106642222
77498,1825.0005106642222
77499,1825.0005106642222
77500,1825.0005106642222
77501,1825.0005106642222
77502,1825.0005106642222
77503,1825.0005106642222
77504,1825.0005106642222
77505,1825.0005106642222
77506,1825.0005106642222
77507,1825.0005106642222
77508,1825.0005106642222
77509,1825.0005106642222
77510,1825.0005106642222
77511,1825.0005106642222
77512,1825.0005106642222
77513,1825.0005106642222
77514,1825.0005106642222
77515,1825.0005106642222
77516,1825.0005106642222
77517,1825.0005106642222
77518,1825.0005106642222
77519,1825.0005106642222
77520,1825.0005106642222
77521,1825.0005106642222
77522,1825.0005106642222
77523,1825.0005106642222
77524,1825.0005106642222
77525,1825.0005106642222
77526,1825.0005106642222
77527,1825.0005106642222
77528,1825.0005106642222
77529,1825.0005106642222
77530,1825.0005106642222
77531,1825.0005106642222
77532,1825.0005106642222
77533,1825.0005106642222
77534,1825.0005106642222
77535,1825.0005106642222
77536,1825.0005106642222
77537,1825.0005106642222
77538,1825.0005106642222
77539,1825.0005106642222
77540,1825.0005106642222
77541,1825.0005106642222
77542,1825.0005106642222
77543,1825.0005106642222
77544,1825.0005106642222
77545,1825.0005106642222
77546,1825.0005106642222
77547,1825.0005106642222
77548,1825.0005106642222
77549,1825.0005106642222
77550,1825.0005106642222
77551,1825.0005106642222
77552,1825.0005106642222
77553,1825.0005106642222
77554,1825.0005106642222
77555,1825.0005106642222
77556,1825.0005106642222
77557,1825.0005106642222
77558,1825.0005106642222
77559,1825.0005106642222
77560,1825.0005106642222
77561,1825.0005106642222
77562,1825.0005106642222
77563,1825.0005106642222
77564,1825.0005106642222
77565,1825.0005106642222
77566,1825.0005106642222
77567,1825.0005106642222
77568,1825.0005106642222
77569,1825.0005106642222
77570,1825.0005106642222
77571,1825.0005106642222
77572,1825.0005106642222
77573,1825.0005106642222
77574,1825.0005106642222
77575,1825.0005106642222
77576,1825.0005106642222
77577,1825.0005106642222
77578,1825.0005106642222
77579,1825.0005106642222
77580,1825.0005106642222
77581,1825.0005106642222
77582,1825.0005106642222
77583,1825.0005106642222
77584,1825.0005106642222
77585,1825.0005106642222
77586,1825.0005106642222
77587,1825.0005106642222
77588,1825.0005106642222
77589,1825.0005106642222
77590,1825.0005106642222
77591,1825.0005106642222
77592,1825.0005106642222
77593,1825.0005106642222
77594,1825.0005106642222
77595,1825.0005106642222
77596,1825.0005106642222
77597,1825.0005106642222
77598,1825.0005106642222
77599,1825.0005106642222
77600,1825.0005106642222
77601,1825.0005106642222
77602,1825.0005106642222
77603,1825.0005106642222
77604,1825.0005106642222
77605,1825.0005106642222
77606,1825.0005106642222
77607,1825.0005106642222
77608,1825.0005106642222
77609,1825.0005106642222
77610,1825.0005106642222
77611,1825.0005106642222
77612,1825.0005106642222
77613,1825.0005106642222
77614,1825.0005106642222
77615,1825.0005106642222
77616,1825.0005106642222
77617,1825.0005106642222
77618,1825.0005106642222
77619,1825.0005106642222
77620,1825.0005106642222
77621,1825.0005106642222
77622,1825.0005106642222
77623,1825.0005106642222
77624,1825.0005106642222
77625,1825.0005106642222
77626,1825.0005106642222
77627,1825.0005106642222
77628,1825.0005106642222
77629,1825.0005106642222
77630,1825.0005106642222
77631,1825.0005106642222
77632,1825.0005106642222
77633,1825.0005106642222
77634,1825.0005106642222
77635,1825.0005106642222
77636,1825.0005106642222
77637,1825.0005106642222
77638,1825.0005106642222
77639,1825.0005106642222
77640,1825.0005106642222
77641,1825.0005106642222
77642,1825.0005106642222
77643,1825.0005106642222
77644,1825.0005106642222
77645,1825.0005106642222
77646,1825.0005106642222
77647,1825.0005106642222
77648,1825.0005106642222
77649,1825.0005106642222
77650,1825.0005106642222
77651,1825.0005106642222
77652,1825.0005106642222
77653,1825.0005106642222
77654,1825.0005106642222
77655,1825.0005106642222
77656,1825.0005106642222
77657,1825.0005106642222
77658,1825.0005106642222
77659,1825.0005106642222
77660,1825.0005106642222
77661,1825.0005106642222
77662,1825.0005106642222
77663,1825.0005106642222
77664,1825.0005106642222
77665,1825.0005106642222
77666,1825.0005106642222
77667,1825.0005106642222
77668,1825.0005106642222
77669,1825.0005106642222
77670,1825.0005106642222
77671,1825.0005106642222
77672,1825.0005106642222
77673,1825.0005106642222
77674,1825.0005106642222
77675,1825.0005106642222
77676,1825.0005106642222
77677,1825.0005106642222
77678,1825.0005106642222
77679,1825.0005106642222
77680,1825.0005106642222
77681,1825.0005106642222
77682,1825.0005106642222
77683,1825.0005106642222
77684,1825.0005106642222
77685,1825.0005106642222
77686,1825.0005106642222
77687,1825.0005106642222
77688,1825.0005106642222
77689,1825.0005106642222
77690,1825.0005106642222
77691,1825.0005106642222
77692,1825.0005106642222
77693,1825.0005106642222
77694,1825.0005106642222
77695,1825.0005106642222
77696,1825.0005106642222
77697,1825.0005106642222
77698,1825.0005106642222
77699,1825.0005106642222
77700,1825.0005106642222
77701,1825.0005106642222
77702,1825.0005106642222
77703,1825.0005106642222
77704,1825.0005106642222
77705,1825.0005106642222
77706,1825.0005106642222
77707,1825.0005106642222
77708,1825.0005106642222
77709,1825.0005106642222
77710,1825.0005106642222
77711,1825.0005106642222
77712,1825.0005106642222
77713,1825.0005106642222
77714,1825.0005106642222
77715,1825.0005106642222
77716,1825.0005106642222
77717,1825.0005106642222
77718,1825.0005106642222
77719,1825.0005106642222
77720,1825.0005106642222
77721,1825.0005106642222
77722,1825.0005106642222
77723,1825.0005106642222
77724,1825.0005106642222
77725,1825.0005106642222
77726,1825.0005106642222
77727,1825.0005106642222
77728,1825.0005106642222
77729,1825.0005106642222
77730,1825.0005106642222
77731,1825.0005106642222
77732,1825.0005106642222
77733,1825.0005106642222
77734,1825.0005106642222
77735,1825.0005106642222
77736,1825.0005106642222
77737,1825.0005106642222
77738,1825.0005106642222
77739,1825.0005106642222
77740,1825.0005106642222
77741,1825.0005106642222
77742,1825.0005106642222
77743,1825.0005106642222
77744,1825.0005106642222
77745,1825.0005106642222
77746,1825.0005106642222
77747,1825.0005106642222
77748,1825.0005106642222
77749,1825.0005106642222
77750,1825.0005106642222
77751,1825.0005106642222
77752,1825.0005106642222
77753,1825.0005106642222
77754,1825.0005106642222
77755,1825.0005106642222
77756,1825.0005106642222
77757,1825.0005106642222
77758,1825.0005106642222
77759,1825.0005106642222
77760,1825.0005106642222
77761,1825.0005106642222
77762,1825.0005106642222
77763,1825.0005106642222
77764,1825.0005106642222
77765,1825.0005106642222
77766,1825.0005106642222
77767,1825.0005106642222
77768,1825.0005106642222
77769,1825.0005106642222
77770,1825.0005106642222
77771,1825.0005106642222
77772,1825.0005106642222
77773,1825.0005106642222
77774,1825.0005106642222
77775,1825.0005106642222
77776,1825.0005106642222
77777,1825.0005106642222
77778,1825.0005106642222
77779,1825.0005106642222
77780,1825.0005106642222
77781,1825.0005106642222
77782,1825.0005106642222
77783,1825.0005106642222
77784,1825.0005106642222
77785,1825.0005106642222
77786,1825.0005106642222
77787,1825.0005106642222
77788,1825.0005106642222
77789,1825.0005106642222
77790,1825.0005106642222
77791,1825.0005106642222
77792,1825.0005106642222
77793,1825.0005106642222
77794,1825.0005106642222
77795,1825.0005106642222
77796,1825.0005106642222
77797,1825.0005106642222
77798,1825.0005106642222
77799,1825.0005106642222
77800,1825.0005106642222
77801,1825.0005106642222
77802,1825.0005106642222
77803,1825.0005106642222
77804,1825.0005106642222
77805,1825.0005106642222
77806,1825.0005106642222
77807,1825.0005106642222
77808,1825.0005106642222
77809,1825.0005106642222
77810,1825.0005106642222
77811,1825.0005106642222
77812,1825.0005106642222
77813,1825.0005106642222
77814,1825.0005106642222
77815,1825.0005106642222
77816,1825.0005106642222
77817,1825.0005106642222
77818,1825.0005106642222
77819,1825.0005106642222
77820,1825.0005106642222
77821,1825.0005106642222
77822,1825.0005106642222
77823,1825.0005106642222
77824,1825.0005106642222
77825,1825.0005106642222
77826,1825.0005106642222
77827,1825.0005106642222
77828,1825.0005106642222
77829,1825.0005106642222
77830,1825.0005106642222
77831,1825.0005106642222
77832,1825.0005106642222
77833,1825.0005106642222
77834,1825.0005106642222
77835,1825.0005106642222
77836,1825.0005106642222
77837,1825.0005106642222
77838,1825.0005106642222
77839,1825.0005106642222
77840,1825.0005106642222
77841,1825.0005106642222
77842,1825.0005106642222
77843,1825.0005106642222
77844,1825.0005106642222
77845,1825.0005106642222
77846,1825.0005106642222
77847,1825.0005106642222
77848,1825.0005106642222
77849,1825.0005106642222
77850,1825.0005106642222
77851,1825.0005106642222
77852,1825.0005106642222
77853,1825.0005106642222
77854,1825.0005106642222
77855,1825.0005106642222
77856,1825.0005106642222
77857,1825.0005106642222
77858,1825.0005106642222
77859,1825.0005106642222
77860,1825.0005106642222
77861,1825.0005106642222
77862,1825.0005106642222
77863,1825.0005106642222
77864,1825.0005106642222
77865,1825.0005106642222
77866,1825.0005106642222
77867,1825.0005106642222
77868,1825.0005106642222
77869,1825.0005106642222
77870,1825.0005106642222
77871,1825.0005106642222
77872,1825.0005106642222
77873,1825.0005106642222
77874,1825.0005106642222
77875,1825.0005106642222
77876,1825.0005106642222
77877,1825.0005106642222
77878,1825.0005106642222
77879,1825.0005106642222
77880,1825.0005106642222
77881,1825.0005106642222
77882,1825.0005106642222
77883,1825.0005106642222
77884,1825.0005106642222
77885,1825.0005106642222
77886,1825.0005106642222
77887,1825.0005106642222
77888,1825.0005106642222
77889,1825.0005106642222
77890,1825.0005106642222
77891,1825.0005106642222
77892,1825.0005106642222
77893,1825.0005106642222
77894,1825.0005106642222
77895,1825.0005106642222
77896,1825.0005106642222
77897,1825.0005106642222
77898,1825.0005106642222
77899,1825.0005106642222
77900,1825.0005106642222
77901,1825.0005106642222
77902,1825.0005106642222
77903,1825.0005106642222
77904,1825.0005106642222
77905,1825.0005106642222
77906,1825.0005106642222
77907,1825.0005106642222
77908,1825.0005106642222
77909,1825.0005106642222
77910,1825.0005106642222
77911,1825.0005106642222
77912,1825.0005106642222
77913,1825.0005106642222
77914,1825.0005106642222
77915,1825.0005106642222
77916,1825.0005106642222
77917,1825.0005106642222
77918,1825.0005106642222
77919,1825.0005106642222
77920,1825.0005106642222
77921,1825.0005106642222
77922,1825.0005106642222
77923,1825.0005106642222
77924,1825.0005106642222
77925,1825.0005106642222
77926,1825.0005106642222
77927,1825.0005106642222
77928,1825.0005106642222
77929,1825.0005106642222
77930,1825.0005106642222
77931,1825.0005106642222
77932,1825.0005106642222
77933,1825.0005106642222
77934,1825.0005106642222
77935,1825.0005106642222
77936,1825.0005106642222
77937,1825.0005106642222
77938,1825.0005106642222
77939,1825.0005106642222
77940,1825.0005106642222
77941,1825.0005106642222
77942,1825.0005106642222
77943,1825.0005106642222
77944,1825.0005106642222
77945,1825.0005106642222
77946,1825.0005106642222
77947,1825.0005106642222
77948,1825.0005106642222
77949,1825.0005106642222
77950,1825.0005106642222
77951,1825.0005106642222
77952,1825.0005106642222
77953,1825.0005106642222
77954,1825.0005106642222
77955,1825.0005106642222
77956,1825.0005106642222
77957,1825.0005106642222
77958,1825.0005106642222
77959,1825.0005106642222
77960,1825.0005106642222
77961,1825.0005106642222
77962,1825.0005106642222
77963,1825.0005106642222
77964,1825.0005106642222
77965,1825.0005106642222
77966,1825.0005106642222
77967,1825.0005106642222
77968,1825.0005106642222
77969,1825.0005106642222
77970,1825.0005106642222
77971,1825.0005106642222
77972,1825.0005106642222
77973,1825.0005106642222
77974,1825.0005106642222
77975,1825.0005106642222
77976,1825.0005106642222
77977,1825.0005106642222
77978,1825.0005106642222
77979,1825.0005106642222
77980,1825.0005106642222
77981,1825.0005106642222
77982,1825.0005106642222
77983,1825.0005106642222
77984,1825.0005106642222
77985,1825.0005106642222
77986,1825.0005106642222
77987,1825.0005106642222
77988,1825.0005106642222
77989,1825.0005106642222
77990,1825.0005106642222
77991,1825.0005106642222
77992,1825.0005106642222
77993,1825.0005106642222
77994,1825.0005106642222
77995,1825.0005106642222
77996,1825.0005106642222
77997,1825.0005106642222
77998,1825.0005106642222
77999,1825.0005106642222
78000,1825.0005106642222
78001,1825.0005106642222
78002,1825.0005106642222
78003,1825.0005106642222
78004,1825.0005106642222
78005,1825.0005106642222
78006,1825.0005106642222
78007,1825.0005106642222
78008,1825.0005106642222
78009,1825.0005106642222
78010,1825.0005106642222
78011,1825.0005106642222
78012,1825.0005106642222
78013,1825.0005106642222
78014,1825.0005106642222
78015,1825.0005106642222
78016,1825.0005106642222
78017,1825.0005106642222
78018,1825.0005106642222
78019,1825.0005106642222
78020,1825.0005106642222
78021,1825.0005106642222
78022,1825.0005106642222
78023,1825.0005106642222
78024,1825.0005106642222
78025,1825.0005106642222
78026,1825.0005106642222
78027,1825.0005106642222
78028,1825.0005106642222
78029,1825.0005106642222
78030,1825.0005106642222
78031,1825.0005106642222
78032,1825.0005106642222
78033,1825.0005106642222
78034,1825.0005106642222
78035,1825.0005106642222
78036,1825.0005106642222
78037,1825.0005106642222
78038,1825.0005106642222
78039,1825.0005106642222
78040,1825.0005106642222
78041,1825.0005106642222
78042,1825.0005106642222
78043,1825.0005106642222
78044,1825.0005106642222
78045,1825.0005106642222
78046,1825.0005106642222
78047,1825.0005106642222
78048,1825.0005106642222
78049,1825.0005106642222
78050,1825.0005106642222
78051,1825.0005106642222
78052,1825.0005106642222
78053,1825.0005106642222
78054,1825.0005106642222
78055,1825.0005106642222
78056,1825.0005106642222
78057,1825.0005106642222
78058,1825.0005106642222
78059,1825.0005106642222
78060,1825.0005106642222
78061,1825.0005106642222
78062,1825.0005106642222
78063,1825.0005106642222
78064,1825.0005106642222
78065,1825.0005106642222
78066,1825.0005106642222
78067,1825.0005106642222
78068,1825.0005106642222
78069,1825.0005106642222
78070,1825.0005106642222
78071,1825.0005106642222
78072,1825.0005106642222
78073,1825.0005106642222
78074,1825.0005106642222
78075,1825.0005106642222
78076,1825.0005106642222
78077,1825.0005106642222
78078,1825.0005106642222
78079,1825.0005106642222
78080,1825.0005106642222
78081,1825.0005106642222
78082,1825.0005106642222
78083,1825.0005106642222
78084,1825.0005106642222
78085,1825.0005106642222
78086,1825.0005106642222
78087,1825.0005106642222
78088,1825.0005106642222
78089,1825.0005106642222
78090,1825.0005106642222
78091,1825.0005106642222
78092,1825.0005106642222
78093,1825.0005106642222
78094,1825.0005106642222
78095,1825.0005106642222
78096,1825.0005106642222
78097,1825.0005106642222
78098,1825.0005106642222
78099,1825.0005106642222
78100,1825.0005106642222
78101,1825.0005106642222
78102,1825.0005106642222
78103,1825.0005106642222
78104,1825.0005106642222
78105,1825.0005106642222
78106,1825.0005106642222
78107,1825.0005106642222
78108,1825.0005106642222
78109,1825.0005106642222
78110,1825.0005106642222
78111,1825.0005106642222
78112,1825.0005106642222
78113,1825.0005106642222
78114,1825.0005106642222
78115,1825.0005106642222
78116,1825.0005106642222
78117,1825.0005106642222
78118,1825.0005106642222
78119,1825.0005106642222
78120,1825.0005106642222
78121,1825.0005106642222
78122,1825.0005106642222
78123,1825.0005106642222
78124,1825.0005106642222
78125,1825.0005106642222
78126,1825.0005106642222
78127,1825.0005106642222
78128,1825.0005106642222
78129,1825.0005106642222
78130,1825.0005106642222
78131,1825.0005106642222
78132,1825.0005106642222
78133,1825.0005106642222
78134,1825.0005106642222
78135,1825.0005106642222
78136,1825.0005106642222
78137,1825.0005106642222
78138,1825.0005106642222
78139,1825.0005106642222
78140,1825.0005106642222
78141,1825.0005106642222
78142,1825.0005106642222
78143,1825.0005106642222
78144,1825.0005106642222
78145,1825.0005106642222
78146,1825.0005106642222
78147,1825.0005106642222
78148,1825.0005106642222
78149,1825.0005106642222
78150,1825.0005106642222
78151,1825.0005106642222
78152,1825.0005106642222
78153,1825.0005106642222
78154,1825.0005106642222
78155,1825.0005106642222
78156,1825.0005106642222
78157,1825.0005106642222
78158,1825.0005106642222
78159,1825.0005106642222
78160,1825.0005106642222
78161,1825.0005106642222
78162,1825.0005106642222
78163,1825.0005106642222
78164,1825.0005106642222
78165,1825.0005106642222
78166,1825.0005106642222
78167,1825.0005106642222
78168,1825.0005106642222
78169,1825.0005106642222
78170,1825.0005106642222
78171,1825.0005106642222
78172,1825.0005106642222
78173,1825.0005106642222
78174,1825.0005106642222
78175,1825.0005106642222
78176,1825.0005106642222
78177,1825.0005106642222
78178,1825.0005106642222
78179,1825.0005106642222
78180,1825.0005106642222
78181,1825.0005106642222
78182,1825.0005106642222
78183,1825.0005106642222
78184,1825.0005106642222
78185,1825.0005106642222
78186,1825.0005106642222
78187,1825.0005106642222
78188,1825.0005106642222
78189,1825.0005106642222
78190,1825.0005106642222
78191,1825.0005106642222
78192,1825.0005106642222
78193,1825.0005106642222
78194,1825.0005106642222
78195,1825.0005106642222
78196,1825.0005106642222
78197,1825.0005106642222
78198,1825.0005106642222
78199,1825.0005106642222
78200,1825.0005106642222
78201,1825.0005106642222
78202,1825.0005106642222
78203,1825.0005106642222
78204,1825.0005106642222
78205,1825.0005106642222
78206,1825.0005106642222
78207,1825.0005106642222
78208,1825.0005106642222
78209,1825.0005106642222
78210,1825.0005106642222
78211,1825.0005106642222
78212,1825.0005106642222
78213,1825.0005106642222
78214,1825.0005106642222
78215,1825.0005106642222
78216,1825.0005106642222
78217,1825.0005106642222
78218,1825.0005106642222
78219,1825.0005106642222
78220,1825.0005106642222
78221,1825.0005106642222
78222,1825.0005106642222
78223,1825.0005106642222
78224,1825.0005106642222
78225,1825.0005106642222
78226,1825.0005106642222
78227,1825.0005106642222
78228,1825.0005106642222
78229,1825.0005106642222
78230,1825.0005106642222
78231,1825.0005106642222
78232,1825.0005106642222
78233,1825.0005106642222
78234,1825.0005106642222
78235,1825.0005106642222
78236,1825.0005106642222
78237,1825.0005106642222
78238,1825.0005106642222
78239,1825.0005106642222
78240,1825.0005106642222
78241,1825.0005106642222
78242,1825.0005106642222
78243,1825.0005106642222
78244,1825.0005106642222
78245,1825.0005106642222
78246,1825.0005106642222
78247,1825.0005106642222
78248,1825.0005106642222
78249,1825.0005106642222
78250,1825.0005106642222
78251,1825.0005106642222
78252,1825.0005106642222
78253,1825.0005106642222
78254,1825.0005106642222
78255,1825.0005106642222
78256,1825.0005106642222
78257,1825.0005106642222
78258,1825.0005106642222
78259,1825.0005106642222
78260,1825.0005106642222
78261,1825.0005106642222
78262,1825.0005106642222
78263,1825.0005106642222
78264,1825.0005106642222
78265,1825.0005106642222
78266,1825.0005106642222
78267,1825.0005106642222
78268,1825.0005106642222
78269,1825.0005106642222
78270,1825.0005106642222
78271,1825.0005106642222
78272,1825.0005106642222
78273,1825.0005106642222
78274,1825.0005106642222
78275,1825.0005106642222
78276,1825.0005106642222
78277,1825.0005106642222
78278,1825.0005106642222
78279,1825.0005106642222
78280,1825.0005106642222
78281,1825.0005106642222
78282,1825.0005106642222
78283,1825.0005106642222
78284,1825.0005106642222
78285,1825.0005106642222
78286,1825.0005106642222
78287,1825.0005106642222
78288,1825.0005106642222
78289,1825.0005106642222
78290,1825.0005106642222
78291,1825.0005106642222
78292,1825.0005106642222
78293,1825.0005106642222
78294,1825.0005106642222
78295,1825.0005106642222
78296,1825.0005106642222
78297,1825.0005106642222
78298,1825.0005106642222
78299,1825.0005106642222
78300,1825.0005106642222
78301,1825.0005106642222
78302,1825.0005106642222
78303,1825.0005106642222
78304,1825.0005106642222
78305,1825.0005106642222
78306,1825.0005106642222
78307,1825.0005106642222
78308,1825.0005106642222
78309,1825.0005106642222
78310,1825.0005106642222
78311,1825.0005106642222
78312,1825.0005106642222
78313,1825.0005106642222
78314,1825.0005106642222
78315,1825.0005106642222
78316,1825.0005106642222
78317,1825.0005106642222
78318,1825.0005106642222
78319,1825.0005106642222
78320,1825.0005106642222
78321,1825.0005106642222
78322,1825.0005106642222
78323,1825.0005106642222
78324,1825.0005106642222
78325,1825.0005106642222
78326,1825.0005106642222
78327,1825.0005106642222
78328,1825.0005106642222
78329,1825.0005106642222
78330,1825.0005106642222
78331,1825.0005106642222
78332,1825.0005106642222
78333,1825.0005106642222
78334,1825.0005106642222
78335,1825.0005106642222
78336,1825.0005106642222
78337,1825.0005106642222
78338,1825.0005106642222
78339,1825.0005106642222
78340,1825.0005106642222
78341,1825.0005106642222
78342,1825.0005106642222
78343,1825.0005106642222
78344,1825.0005106642222
78345,1825.0005106642222
78346,1825.0005106642222
78347,1825.0005106642222
78348,1825.0005106642222
78349,1825.0005106642222
78350,1825.0005106642222
78351,1825.0005106642222
78352,1825.0005106642222
78353,1825.0005106642222
78354,1825.0005106642222
78355,1825.0005106642222
78356,1825.0005106642222
78357,1825.0005106642222
78358,1825.0005106642222
78359,1825.0005106642222
78360,1825.0005106642222
78361,1825.0005106642222
78362,1825.0005106642222
78363,1825.0005106642222
78364,1825.0005106642222
78365,1825.0005106642222
78366,1825.0005106642222
78367,1825.0005106642222
78368,1825.0005106642222
78369,1825.0005106642222
78370,1825.0005106642222
78371,1825.0005106642222
78372,1825.0005106642222
78373,1825.0005106642222
78374,1825.0005106642222
78375,1825.0005106642222
78376,1825.0005106642222
78377,1825.0005106642222
78378,1825.0005106642222
78379,1825.0005106642222
78380,1825.0005106642222
78381,1825.0005106642222
78382,1825.0005106642222
78383,1825.0005106642222
78384,1825.0005106642222
78385,1825.0005106642222
78386,1825.0005106642222
78387,1825.0005106642222
78388,1825.0005106642222
78389,1825.0005106642222
78390,1825.0005106642222
78391,1825.0005106642222
78392,1825.0005106642222
78393,1825.0005106642222
78394,1825.0005106642222
78395,1825.0005106642222
78396,1825.0005106642222
78397,1825.0005106642222
78398,1825.0005106642222
78399,1825.0005106642222
78400,1825.0005106642222
78401,1825.0005106642222
78402,1825.0005106642222
78403,1825.0005106642222
78404,1825.0005106642222
78405,1825.0005106642222
78406,1825.0005106642222
78407,1825.0005106642222
78408,1825.0005106642222
78409,1825.0005106642222
78410,1825.0005106642222
78411,1825.0005106642222
78412,1825.0005106642222
78413,1825.0005106642222
78414,1825.0005106642222
78415,1825.0005106642222
78416,1825.0005106642222
78417,1825.0005106642222
78418,1825.0005106642222
78419,1825.0005106642222
78420,1825.0005106642222
78421,1825.0005106642222
78422,1825.0005106642222
78423,1825.0005106642222
78424,1825.0005106642222
78425,1825.0005106642222
78426,1825.0005106642222
78427,1825.0005106642222
78428,1825.0005106642222
78429,1825.0005106642222
78430,1825.0005106642222
78431,1825.0005106642222
78432,1825.0005106642222
78433,1825.0005106642222
78434,1825.0005106642222
78435,1825.0005106642222
78436,1825.0005106642222
78437,1825.0005106642222
78438,1825.0005106642222
78439,1825.0005106642222
78440,1825.0005106642222
78441,1825.0005106642222
78442,1825.0005106642222
78443,1825.0005106642222
78444,1825.0005106642222
78445,1825.0005106642222
78446,1825.0005106642222
78447,1825.0005106642222
78448,1825.0005106642222
78449,1825.0005106642222
78450,1825.0005106642222
78451,1825.0005106642222
78452,1825.0005106642222
78453,1825.0005106642222
78454,1825.0005106642222
78455,1825.0005106642222
78456,1825.0005106642222
78457,1825.0005106642222
78458,1825.0005106642222
78459,1825.0005106642222
78460,1825.0005106642222
78461,1825.0005106642222
78462,1825.0005106642222
78463,1825.0005106642222
78464,1825.0005106642222
78465,1825.0005106642222
78466,1825.0005106642222
78467,1825.0005106642222
78468,1825.0005106642222
78469,1825.0005106642222
78470,1825.0005106642222
78471,1825.0005106642222
78472,1825.0005106642222
78473,1825.0005106642222
78474,1825.0005106642222
78475,1825.0005106642222
78476,1825.0005106642222
78477,1825.0005106642222
78478,1825.0005106642222
78479,1825.0005106642222
78480,1825.0005106642222
78481,1825.0005106642222
78482,1825.0005106642222
78483,1825.0005106642222
78484,1825.0005106642222
78485,1825.0005106642222
78486,1825.0005106642222
78487,1825.0005106642222
78488,1825.0005106642222
78489,1825.0005106642222
78490,1825.0005106642222
78491,1825.0005106642222
78492,1825.0005106642222
78493,1825.0005106642222
78494,1825.0005106642222
78495,1825.0005106642222
78496,1825.0005106642222
78497,1825.0005106642222
78498,1825.0005106642222
78499,1825.0005106642222
78500,1825.0005106642222
78501,1825.0005106642222
78502,1825.0005106642222
78503,1825.0005106642222
78504,1825.0005106642222
78505,1825.0005106642222
78506,1825.0005106642222
78507,1825.0005106642222
78508,1825.0005106642222
78509,1825.0005106642222
78510,1825.0005106642222
78511,1825.0005106642222
78512,1825.0005106642222
78513,1825.0005106642222
78514,1825.0005106642222
78515,1825.0005106642222
78516,1825.0005106642222
78517,1825.0005106642222
78518,1825.0005106642222
78519,1825.0005106642222
78520,1825.0005106642222
78521,1825.0005106642222
78522,1825.0005106642222
78523,1825.0005106642222
78524,1825.0005106642222
78525,1825.0005106642222
78526,1825.0005106642222
78527,1825.0005106642222
78528,1825.0005106642222
78529,1825.0005106642222
78530,1825.0005106642222
78531,1825.0005106642222
78532,1825.0005106642222
78533,1825.0005106642222
78534,1825.0005106642222
78535,1825.0005106642222
78536,1825.0005106642222
78537,1825.0005106642222
78538,1825.0005106642222
78539,1825.0005106642222
78540,1825.0005106642222
78541,1825.0005106642222
78542,1825.0005106642222
78543,1825.0005106642222
78544,1825.0005106642222
78545,1825.0005106642222
78546,1825.0005106642222
78547,1825.0005106642222
78548,1825.0005106642222
78549,1825.0005106642222
78550,1825.0005106642222
78551,1825.0005106642222
78552,1825.0005106642222
78553,1825.0005106642222
78554,1825.0005106642222
78555,1825.0005106642222
78556,1825.0005106642222
78557,1825.0005106642222
78558,1825.0005106642222
78559,1825.0005106642222
78560,1825.0005106642222
78561,1825.0005106642222
78562,1825.0005106642222
78563,1825.0005106642222
78564,1825.0005106642222
78565,1825.0005106642222
78566,1825.0005106642222
78567,1825.0005106642222
78568,1825.0005106642222
78569,1825.0005106642222
78570,1825.0005106642222
78571,1825.0005106642222
78572,1825.0005106642222
78573,1825.0005106642222
78574,1825.0005106642222
78575,1825.0005106642222
78576,1825.0005106642222
78577,1825.0005106642222
78578,1825.0005106642222
78579,1825.0005106642222
78580,1825.0005106642222
78581,1825.0005106642222
78582,1825.0005106642222
78583,1825.0005106642222
78584,1825.0005106642222
78585,1825.0005106642222
78586,1825.0005106642222
78587,1825.0005106642222
78588,1825.0005106642222
78589,1825.0005106642222
78590,1825.0005106642222
78591,1825.0005106642222
78592,1825.0005106642222
78593,1825.0005106642222
78594,1825.0005106642222
78595,1825.0005106642222
78596,1825.0005106642222
78597,1825.0005106642222
78598,1825.0005106642222
78599,1825.0005106642222
78600,1825.0005106642222
78601,1825.0005106642222
78602,1825.0005106642222
78603,1825.0005106642222
78604,1825.0005106642222
78605,1825.0005106642222
78606,1825.0005106642222
78607,1825.0005106642222
78608,1825.0005106642222
78609,1825.0005106642222
78610,1825.0005106642222
78611,1825.0005106642222
78612,1825.0005106642222
78613,1825.0005106642222
78614,1825.0005106642222
78615,1825.0005106642222
78616,1825.0005106642222
78617,1825.0005106642222
78618,1825.0005106642222
78619,1825.0005106642222
78620,1825.0005106642222
78621,1825.0005106642222
78622,1825.0005106642222
78623,1825.0005106642222
78624,1825.0005106642222
78625,1825.0005106642222
78626,1825.0005106642222
78627,1825.0005106642222
78628,1825.0005106642222
78629,1825.0005106642222
78630,1825.0005106642222
78631,1825.0005106642222
78632,1825.0005106642222
78633,1825.0005106642222
78634,1825.0005106642222
78635,1825.0005106642222
78636,1825.0005106642222
78637,1825.0005106642222
78638,1825.0005106642222
78639,1825.0005106642222
78640,1825.0005106642222
78641,1825.0005106642222
78642,1825.0005106642222
78643,1825.0005106642222
78644,1825.0005106642222
78645,1825.0005106642222
78646,1825.0005106642222
78647,1825.0005106642222
78648,1825.0005106642222
78649,1825.0005106642222
78650,1825.0005106642222
78651,1825.0005106642222
78652,1825.0005106642222
78653,1825.0005106642222
78654,1825.0005106642222
78655,1825.0005106642222
78656,1825.0005106642222
78657,1825.0005106642222
78658,1825.0005106642222
78659,1825.0005106642222
78660,1825.0005106642222
78661,1825.0005106642222
78662,1825.0005106642222
78663,1825.0005106642222
78664,1825.0005106642222
78665,1825.0005106642222
78666,1825.0005106642222
78667,1825.0005106642222
78668,1825.0005106642222
78669,1825.0005106642222
78670,1825.0005106642222
78671,1825.0005106642222
78672,1825.0005106642222
78673,1825.0005106642222
78674,1825.0005106642222
78675,1825.0005106642222
78676,1825.0005106642222
78677,1825.0005106642222
78678,1825.0005106642222
78679,1825.0005106642222
78680,1825.0005106642222
78681,1825.0005106642222
78682,1825.0005106642222
78683,1825.0005106642222
78684,1825.0005106642222
78685,1825.0005106642222
78686,1825.0005106642222
78687,1825.0005106642222
78688,1825.0005106642222
78689,1825.0005106642222
78690,1825.0005106642222
78691,1825.0005106642222
78692,1825.0005106642222
78693,1825.0005106642222
78694,1825.0005106642222
78695,1825.0005106642222
78696,1825.0005106642222
78697,1825.0005106642222
78698,1825.0005106642222
78699,1825.0005106642222
78700,1825.0005106642222
78701,1825.0005106642222
78702,1825.0005106642222
78703,1825.0005106642222
78704,1825.0005106642222
78705,1825.0005106642222
78706,1825.0005106642222
78707,1825.0005106642222
78708,1825.0005106642222
78709,1825.0005106642222
78710,1825.0005106642222
78711,1825.0005106642222
78712,1825.0005106642222
78713,1825.0005106642222
78714,1825.0005106642222
78715,1825.0005106642222
78716,1825.0005106642222
78717,1825.0005106642222
78718,1825.0005106642222
78719,1825.0005106642222
78720,1825.0005106642222
78721,1825.0005106642222
78722,1825.0005106642222
78723,1825.0005106642222
78724,1825.0005106642222
78725,1825.0005106642222
78726,1825.0005106642222
78727,1825.0005106642222
78728,1825.0005106642222
78729,1825.0005106642222
78730,1825.0005106642222
78731,1825.0005106642222
78732,1825.0005106642222
78733,1825.0005106642222
78734,1825.0005106642222
78735,1825.0005106642222
78736,1825.0005106642222
78737,1825.0005106642222
78738,1825.0005106642222
78739,1825.0005106642222
78740,1825.0005106642222
78741,1825.0005106642222
78742,1825.0005106642222
78743,1825.0005106642222
78744,1825.0005106642222
78745,1825.0005106642222
78746,1825.0005106642222
78747,1825.0005106642222
78748,1825.0005106642222
78749,1825.0005106642222
78750,1825.0005106642222
78751,1825.0005106642222
78752,1825.0005106642222
78753,1825.0005106642222
78754,1825.0005106642222
78755,1825.0005106642222
78756,1825.0005106642222
78757,1825.0005106642222
78758,1825.0005106642222
78759,1825.0005106642222
78760,1825.0005106642222
78761,1825.0005106642222
78762,1825.0005106642222
78763,1825.0005106642222
78764,1825.0005106642222
78765,1825.0005106642222
78766,1825.0005106642222
78767,1825.0005106642222
78768,1825.0005106642222
78769,1825.0005106642222
78770,1825.0005106642222
78771,1825.0005106642222
78772,1825.0005106642222
78773,1825.0005106642222
78774,1825.0005106642222
78775,1825.0005106642222
78776,1825.0005106642222
78777,1825.0005106642222
78778,1825.0005106642222
78779,1825.0005106642222
78780,1825.0005106642222
78781,1825.0005106642222
78782,1825.0005106642222
78783,1825.0005106642222
78784,1825.0005106642222
78785,1825.0005106642222
78786,1825.0005106642222
78787,1825.0005106642222
78788,1825.0005106642222
78789,1825.0005106642222
78790,1825.0005106642222
78791,1825.0005106642222
78792,1825.0005106642222
78793,1825.0005106642222
78794,1825.0005106642222
78795,1825.0005106642222
78796,1825.0005106642222
78797,1825.0005106642222
78798,1825.0005106642222
78799,1825.0005106642222
78800,1825.0005106642222
78801,1825.0005106642222
78802,1825.0005106642222
78803,1825.0005106642222
78804,1825.0005106642222
78805,1825.0005106642222
78806,1825.0005106642222
78807,1825.0005106642222
78808,1825.0005106642222
78809,1825.0005106642222
78810,1825.0005106642222
78811,1825.0005106642222
78812,1825.0005106642222
78813,1825.0005106642222
78814,1825.0005106642222
78815,1825.0005106642222
78816,1825.0005106642222
78817,1825.0005106642222
78818,1825.0005106642222
78819,1825.0005106642222
78820,1825.0005106642222
78821,1825.0005106642222
78822,1825.0005106642222
78823,1825.0005106642222
78824,1825.0005106642222
78825,1825.0005106642222
78826,1825.0005106642222
78827,1825.0005106642222
78828,1825.0005106642222
78829,1825.0005106642222
78830,1825.0005106642222
78831,1825.0005106642222
78832,1825.0005106642222
78833,1825.0005106642222
78834,1825.0005106642222
78835,1825.0005106642222
78836,1825.0005106642222
78837,1825.0005106642222
78838,1825.0005106642222
78839,1825.0005106642222
78840,1825.0005106642222
78841,1825.0005106642222
78842,1825.0005106642222
78843,1825.0005106642222
78844,1825.0005106642222
78845,1825.0005106642222
78846,1825.0005106642222
78847,1825.0005106642222
78848,1825.0005106642222
78849,1825.0005106642222
78850,1825.0005106642222
78851,1825.0005106642222
78852,1825.0005106642222
78853,1825.0005106642222
78854,1825.0005106642222
78855,1825.0005106642222
78856,1825.0005106642222
78857,1825.0005106642222
78858,1825.0005106642222
78859,1825.0005106642222
78860,1825.0005106642222
78861,1825.0005106642222
78862,1825.0005106642222
78863,1825.0005106642222
78864,1825.0005106642222
78865,1825.0005106642222
78866,1825.0005106642222
78867,1825.0005106642222
78868,1825.0005106642222
78869,1825.0005106642222
78870,1825.0005106642222
78871,1825.0005106642222
78872,1825.0005106642222
78873,1825.0005106642222
78874,1825.0005106642222
78875,1825.0005106642222
78876,1825.0005106642222
78877,1825.0005106642222
78878,1825.0005106642222
78879,1825.0005106642222
78880,1825.0005106642222
78881,1825.0005106642222
78882,1825.0005106642222
78883,1825.0005106642222
78884,1825.0005106642222
78885,1825.0005106642222
78886,1825.0005106642222
78887,1825.0005106642222
78888,1825.0005106642222
78889,1825.0005106642222
78890,1825.0005106642222
78891,1825.0005106642222
78892,1825.0005106642222
78893,1825.0005106642222
78894,1825.0005106642222
78895,1825.0005106642222
78896,1825.0005106642222
78897,1825.0005106642222
78898,1825.0005106642222
78899,1825.0005106642222
78900,1825.0005106642222
78901,1825.0005106642222
78902,1825.0005106642222
78903,1825.0005106642222
78904,1825.0005106642222
78905,1825.0005106642222
78906,1825.0005106642222
78907,1825.0005106642222
78908,1825.0005106642222
78909,1825.0005106642222
78910,1825.0005106642222
78911,1825.0005106642222
78912,1825.0005106642222
78913,1825.0005106642222
78914,1825.0005106642222
78915,1825.0005106642222
78916,1825.0005106642222
78917,1825.0005106642222
78918,1825.0005106642222
78919,1825.0005106642222
78920,1825.0005106642222
78921,1825.0005106642222
78922,1825.0005106642222
78923,1825.0005106642222
78924,1825.0005106642222
78925,1825.0005106642222
78926,1825.0005106642222
78927,1825.0005106642222
78928,1825.0005106642222
78929,1825.0005106642222
78930,1825.0005106642222
78931,1825.0005106642222
78932,1825.0005106642222
78933,1825.0005106642222
78934,1825.0005106642222
78935,1825.0005106642222
78936,1825.0005106642222
78937,1825.0005106642222
78938,1825.0005106642222
78939,1825.0005106642222
78940,1825.0005106642222
78941,1825.0005106642222
78942,1825.0005106642222
78943,1825.0005106642222
78944,1825.0005106642222
78945,1825.0005106642222
78946,1825.0005106642222
78947,1825.0005106642222
78948,1825.0005106642222
78949,1825.0005106642222
78950,1825.0005106642222
78951,1825.0005106642222
78952,1825.0005106642222
78953,1825.0005106642222
78954,1825.0005106642222
78955,1825.0005106642222
78956,1825.0005106642222
78957,1825.0005106642222
78958,1825.0005106642222
78959,1825.0005106642222
78960,1825.0005106642222
78961,1825.0005106642222
78962,1825.0005106642222
78963,1825.0005106642222
78964,1825.0005106642222
78965,1825.0005106642222
78966,1825.0005106642222
78967,1825.0005106642222
78968,1825.0005106642222
78969,1825.0005106642222
78970,1825.0005106642222
78971,1825.0005106642222
78972,1825.0005106642222
78973,1825.0005106642222
78974,1825.0005106642222
78975,1825.0005106642222
78976,1825.0005106642222
78977,1825.0005106642222
78978,1825.0005106642222
78979,1825.0005106642222
78980,1825.0005106642222
78981,1825.0005106642222
78982,1825.0005106642222
78983,1825.0005106642222
78984,1825.0005106642222
78985,1825.0005106642222
78986,1825.0005106642222
78987,1825.0005106642222
78988,1825.0005106642222
78989,1825.0005106642222
78990,1825.0005106642222
78991,1825.0005106642222
78992,1825.0005106642222
78993,1825.0005106642222
78994,1825.0005106642222
78995,1825.0005106642222
78996,1825.0005106642222
78997,1825.0005106642222
78998,1825.0005106642222
78999,1825.0005106642222
79000,1825.0005106642222
79001,1825.0005106642222
79002,1825.0005106642222
79003,1825.0005106642222
79004,1825.0005106642222
79005,1825.0005106642222
79006,1825.0005106642222
79007,1825.0005106642222
79008,1825.0005106642222
79009,1825.0005106642222
79010,1825.0005106642222
79011,1825.0005106642222
79012,1825.0005106642222
79013,1825.0005106642222
79014,1825.0005106642222
79015,1825.0005106642222
79016,1825.0005106642222
79017,1825.0005106642222
79018,1825.0005106642222
79019,1825.0005106642222
79020,1825.0005106642222
79021,1825.0005106642222
79022,1825.0005106642222
79023,1825.0005106642222
79024,1825.0005106642222
79025,1825.0005106642222
79026,1825.0005106642222
79027,1825.0005106642222
79028,1825.0005106642222
79029,1825.0005106642222
79030,1825.0005106642222
79031,1825.0005106642222
79032,1825.0005106642222
79033,1825.0005106642222
79034,1825.0005106642222
79035,1825.0005106642222
79036,1825.0005106642222
79037,1825.0005106642222
79038,1825.0005106642222
79039,1825.0005106642222
79040,1825.0005106642222
79041,1825.0005106642222
79042,1825.0005106642222
79043,1825.0005106642222
79044,1825.0005106642222
79045,1825.0005106642222
79046,1825.0005106642222
79047,1825.0005106642222
79048,1825.0005106642222
79049,1825.0005106642222
79050,1825.0005106642222
79051,1825.0005106642222
79052,1825.0005106642222
79053,1825.0005106642222
79054,1825.0005106642222
79055,1825.0005106642222
79056,1825.0005106642222
79057,1825.0005106642222
79058,1825.0005106642222
79059,1825.0005106642222
79060,1825.0005106642222
79061,1825.0005106642222
79062,1825.0005106642222
79063,1825.0005106642222
79064,1825.0005106642222
79065,1825.0005106642222
79066,1825.0005106642222
79067,1825.0005106642222
79068,1825.0005106642222
79069,1825.0005106642222
79070,1825.0005106642222
79071,1825.0005106642222
79072,1825.0005106642222
79073,1825.0005106642222
79074,1825.0005106642222
79075,1825.0005106642222
79076,1825.0005106642222
79077,1825.0005106642222
79078,1825.0005106642222
79079,1825.0005106642222
79080,1825.0005106642222
79081,1825.0005106642222
79082,1825.0005106642222
79083,1825.0005106642222
79084,1825.0005106642222
79085,1825.0005106642222
79086,1825.0005106642222
79087,1825.0005106642222
79088,1825.0005106642222
79089,1825.0005106642222
79090,1825.0005106642222
79091,1825.0005106642222
79092,1825.0005106642222
79093,1825.0005106642222
79094,1825.0005106642222
79095,1825.0005106642222
79096,1825.0005106642222
79097,1825.0005106642222
79098,1825.0005106642222
79099,1825.0005106642222
79100,1825.0005106642222
79101,1825.0005106642222
79102,1825.0005106642222
79103,1825.0005106642222
79104,1825.0005106642222
79105,1825.0005106642222
79106,1825.0005106642222
79107,1825.0005106642222
79108,1825.0005106642222
79109,1825.0005106642222
79110,1825.0005106642222
79111,1825.0005106642222
79112,1825.0005106642222
79113,1825.0005106642222
79114,1825.0005106642222
79115,1825.0005106642222
79116,1825.0005106642222
79117,1825.0005106642222
79118,1825.0005106642222
79119,1825.0005106642222
79120,1825.0005106642222
79121,1825.0005106642222
79122,1825.0005106642222
79123,1825.0005106642222
79124,1825.0005106642222
79125,1825.0005106642222
79126,1825.0005106642222
79127,1825.0005106642222
79128,1825.0005106642222
79129,1825.0005106642222
79130,1825.0005106642222
79131,1825.0005106642222
79132,1825.0005106642222
79133,1825.0005106642222
79134,1825.0005106642222
79135,1825.0005106642222
79136,1825.0005106642222
79137,1825.0005106642222
79138,1825.0005106642222
79139,1825.0005106642222
79140,1825.0005106642222
79141,1825.0005106642222
79142,1825.0005106642222
79143,1825.0005106642222
79144,1825.0005106642222
79145,1825.0005106642222
79146,1825.0005106642222
79147,1825.0005106642222
79148,1825.0005106642222
79149,1825.0005106642222
79150,1825.0005106642222
79151,1825.0005106642222
79152,1825.0005106642222
79153,1825.0005106642222
79154,1825.0005106642222
79155,1825.0005106642222
79156,1825.0005106642222
79157,1825.0005106642222
79158,1825.0005106642222
79159,1825.0005106642222
79160,1825.0005106642222
79161,1825.0005106642222
79162,1825.0005106642222
79163,1825.0005106642222
79164,1825.0005106642222
79165,1825.0005106642222
79166,1825.0005106642222
79167,1825.0005106642222
79168,1825.0005106642222
79169,1825.0005106642222
79170,1825.0005106642222
79171,1825.0005106642222
79172,1825.0005106642222
79173,1825.0005106642222
79174,1825.0005106642222
79175,1825.0005106642222
79176,1825.0005106642222
79177,1825.0005106642222
79178,1825.0005106642222
79179,1825.0005106642222
79180,1825.0005106642222
79181,1825.0005106642222
79182,1825.0005106642222
79183,1825.0005106642222
79184,1825.0005106642222
79185,1825.0005106642222
79186,1825.0005106642222
79187,1825.0005106642222
79188,1825.0005106642222
79189,1825.0005106642222
79190,1825.0005106642222
79191,1825.0005106642222
79192,1825.0005106642222
79193,1825.0005106642222
79194,1825.0005106642222
79195,1825.0005106642222
79196,1825.0005106642222
79197,1825.0005106642222
79198,1825.0005106642222
79199,1825.0005106642222
79200,1825.0005106642222
79201,1825.0005106642222
79202,1825.0005106642222
79203,1825.0005106642222
79204,1825.0005106642222
79205,1825.0005106642222
79206,1825.0005106642222
79207,1825.0005106642222
79208,1825.0005106642222
79209,1825.0005106642222
79210,1825.0005106642222
79211,1825.0005106642222
79212,1825.0005106642222
79213,1825.0005106642222
79214,1825.0005106642222
79215,1825.0005106642222
79216,1825.0005106642222
79217,1825.0005106642222
79218,1825.0005106642222
79219,1825.0005106642222
79220,1825.0005106642222
79221,1825.0005106642222
79222,1825.0005106642222
79223,1825.0005106642222
79224,1825.0005106642222
79225,1825.0005106642222
79226,1825.0005106642222
79227,1825.0005106642222
79228,1825.0005106642222
79229,1825.0005106642222
79230,1825.0005106642222
79231,1825.0005106642222
79232,1825.0005106642222
79233,1825.0005106642222
79234,1825.0005106642222
79235,1825.0005106642222
79236,1825.0005106642222
79237,1825.0005106642222
79238,1825.0005106642222
79239,1825.0005106642222
79240,1825.0005106642222
79241,1825.0005106642222
79242,1825.0005106642222
79243,1825.0005106642222
79244,1825.0005106642222
79245,1825.0005106642222
79246,1825.0005106642222
79247,1825.0005106642222
79248,1825.0005106642222
79249,1825.0005106642222
79250,1825.0005106642222
79251,1825.0005106642222
79252,1825.0005106642222
79253,1825.0005106642222
79254,1825.0005106642222
79255,1825.0005106642222
79256,1825.0005106642222
79257,1825.0005106642222
79258,1825.0005106642222
79259,1825.0005106642222
79260,1825.0005106642222
79261,1825.0005106642222
79262,1825.0005106642222
79263,1825.0005106642222
79264,1825.0005106642222
79265,1825.0005106642222
79266,1825.0005106642222
79267,1825.0005106642222
79268,1825.0005106642222
79269,1825.0005106642222
79270,1825.0005106642222
79271,1825.0005106642222
79272,1825.0005106642222
79273,1825.0005106642222
79274,1825.0005106642222
79275,1825.0005106642222
79276,1825.0005106642222
79277,1825.0005106642222
79278,1825.0005106642222
79279,1825.0005106642222
79280,1825.0005106642222
79281,1825.0005106642222
79282,1825.0005106642222
79283,1825.0005106642222
79284,1825.0005106642222
79285,1825.0005106642222
79286,1825.0005106642222
79287,1825.0005106642222
79288,1825.0005106642222
79289,1825.0005106642222
79290,1825.0005106642222
79291,1825.0005106642222
79292,1825.0005106642222
79293,1825.0005106642222
79294,1825.0005106642222
79295,1825.0005106642222
79296,1825.0005106642222
79297,1825.0005106642222
79298,1825.0005106642222
79299,1825.0005106642222
79300,1825.0005106642222
79301,1825.0005106642222
79302,1825.0005106642222
79303,1825.0005106642222
79304,1825.0005106642222
79305,1825.0005106642222
79306,1825.0005106642222
79307,1825.0005106642222
79308,1825.0005106642222
79309,1825.0005106642222
79310,1825.0005106642222
79311,1825.0005106642222
79312,1825.0005106642222
79313,1825.0005106642222
79314,1825.0005106642222
79315,1825.0005106642222
79316,1825.0005106642222
79317,1825.0005106642222
79318,1825.0005106642222
79319,1825.0005106642222
79320,1825.0005106642222
79321,1825.0005106642222
79322,1825.0005106642222
79323,1825.0005106642222
79324,1825.0005106642222
79325,1825.0005106642222
79326,1825.0005106642222
79327,1825.0005106642222
79328,1825.0005106642222
79329,1825.0005106642222
79330,1825.0005106642222
79331,1825.0005106642222
79332,1825.0005106642222
79333,1825.0005106642222
79334,1825.0005106642222
79335,1825.0005106642222
79336,1825.0005106642222
79337,1825.0005106642222
79338,1825.0005106642222
79339,1825.0005106642222
79340,1825.0005106642222
79341,1825.0005106642222
79342,1825.0005106642222
79343,1825.0005106642222
79344,1825.0005106642222
79345,1825.0005106642222
79346,1825.0005106642222
79347,1825.0005106642222
79348,1825.0005106642222
79349,1825.0005106642222
79350,1825.0005106642222
79351,1825.0005106642222
79352,1825.0005106642222
79353,1825.0005106642222
79354,1825.0005106642222
79355,1825.0005106642222
79356,1825.0005106642222
79357,1825.0005106642222
79358,1825.0005106642222
79359,1825.0005106642222
79360,1825.0005106642222
79361,1825.0005106642222
79362,1825.0005106642222
79363,1825.0005106642222
79364,1825.0005106642222
79365,1825.0005106642222
79366,1825.0005106642222
79367,1825.0005106642222
79368,1825.0005106642222
79369,1825.0005106642222
79370,1825.0005106642222
79371,1825.0005106642222
79372,1825.0005106642222
79373,1825.0005106642222
79374,1825.0005106642222
79375,1825.0005106642222
79376,1825.0005106642222
79377,1825.0005106642222
79378,1825.0005106642222
79379,1825.0005106642222
79380,1825.0005106642222
79381,1825.0005106642222
79382,1825.0005106642222
79383,1825.0005106642222
79384,1825.0005106642222
79385,1825.0005106642222
79386,1825.0005106642222
79387,1825.0005106642222
79388,1825.0005106642222
79389,1825.0005106642222
79390,1825.0005106642222
79391,1825.0005106642222
79392,1825.0005106642222
79393,1825.0005106642222
79394,1825.0005106642222
79395,1825.0005106642222
79396,1825.0005106642222
79397,1825.0005106642222
79398,1825.0005106642222
79399,1825.0005106642222
79400,1825.0005106642222
79401,1825.0005106642222
79402,1825.0005106642222
79403,1825.0005106642222
79404,1825.0005106642222
79405,1825.0005106642222
79406,1825.0005106642222
79407,1825.0005106642222
79408,1825.0005106642222
79409,1825.0005106642222
79410,1825.0005106642222
79411,1825.0005106642222
79412,1825.0005106642222
79413,1825.0005106642222
79414,1825.0005106642222
79415,1825.0005106642222
79416,1825.0005106642222
79417,1825.0005106642222
79418,1825.0005106642222
79419,1825.0005106642222
79420,1825.0005106642222
79421,1825.0005106642222
79422,1825.0005106642222
79423,1825.0005106642222
79424,1825.0005106642222
79425,1825.0005106642222
79426,1825.0005106642222
79427,1825.0005106642222
79428,1825.0005106642222
79429,1825.0005106642222
79430,1825.0005106642222
79431,1825.0005106642222
79432,1825.0005106642222
79433,1825.0005106642222
79434,1825.0005106642222
79435,1825.0005106642222
79436,1825.0005106642222
79437,1825.0005106642222
79438,1825.0005106642222
79439,1825.0005106642222
79440,1825.0005106642222
79441,1825.0005106642222
79442,1825.0005106642222
79443,1825.0005106642222
79444,1825.0005106642222
79445,1825.0005106642222
79446,1825.0005106642222
79447,1825.0005106642222
79448,1825.0005106642222
79449,1825.0005106642222
79450,1825.0005106642222
79451,1825.0005106642222
79452,1825.0005106642222
79453,1825.0005106642222
79454,1825.0005106642222
79455,1825.0005106642222
79456,1825.0005106642222
79457,1825.0005106642222
79458,1825.0005106642222
79459,1825.0005106642222
79460,1825.0005106642222
79461,1825.0005106642222
79462,1825.0005106642222
79463,1825.0005106642222
79464,1825.0005106642222
79465,1825.0005106642222
79466,1825.0005106642222
79467,1825.0005106642222
79468,1825.0005106642222
79469,1825.0005106642222
79470,1825.0005106642222
79471,1825.0005106642222
79472,1825.0005106642222
79473,1825.0005106642222
79474,1825.0005106642222
79475,1825.0005106642222
79476,1825.0005106642222
79477,1825.0005106642222
79478,1825.0005106642222
79479,1825.0005106642222
79480,1825.0005106642222
79481,1825.0005106642222
79482,1825.0005106642222
79483,1825.0005106642222
79484,1825.0005106642222
79485,1825.0005106642222
79486,1825.0005106642222
79487,1825.0005106642222
79488,1825.0005106642222
79489,1825.0005106642222
79490,1825.0005106642222
79491,1825.0005106642222
79492,1825.0005106642222
79493,1825.0005106642222
79494,1825.0005106642222
79495,1825.0005106642222
79496,1825.0005106642222
79497,1825.0005106642222
79498,1825.0005106642222
79499,1825.0005106642222
79500,1825.0005106642222
79501,1825.0005106642222
79502,1825.0005106642222
79503,1825.0005106642222
79504,1825.0005106642222
79505,1825.0005106642222
79506,1825.0005106642222
79507,1825.0005106642222
79508,1825.0005106642222
79509,1825.0005106642222
79510,1825.0005106642222
79511,1825.0005106642222
79512,1825.0005106642222
79513,1825.0005106642222
79514,1825.0005106642222
79515,1825.0005106642222
79516,1825.0005106642222
79517,1825.0005106642222
79518,1825.0005106642222
79519,1825.0005106642222
79520,1825.0005106642222
79521,1825.0005106642222
79522,1825.0005106642222
79523,1825.0005106642222
79524,1825.0005106642222
79525,1825.0005106642222
79526,1825.0005106642222
79527,1825.0005106642222
79528,1825.0005106642222
79529,1825.0005106642222
79530,1825.0005106642222
79531,1825.0005106642222
79532,1825.0005106642222
79533,1825.0005106642222
79534,1825.0005106642222
79535,1825.0005106642222
79536,1825.0005106642222
79537,1825.0005106642222
79538,1825.0005106642222
79539,1825.0005106642222
79540,1825.0005106642222
79541,1825.0005106642222
79542,1825.0005106642222
79543,1825.0005106642222
79544,1825.0005106642222
79545,1825.0005106642222
79546,1825.0005106642222
79547,1825.0005106642222
79548,1825.0005106642222
79549,1825.0005106642222
79550,1825.0005106642222
79551,1825.0005106642222
79552,1825.0005106642222
79553,1825.0005106642222
79554,1825.0005106642222
79555,1825.0005106642222
79556,1825.0005106642222
79557,1825.0005106642222
79558,1825.0005106642222
79559,1825.0005106642222
79560,1825.0005106642222
79561,1825.0005106642222
79562,1825.0005106642222
79563,1825.0005106642222
79564,1825.0005106642222
79565,1825.0005106642222
79566,1825.0005106642222
79567,1825.0005106642222
79568,1825.0005106642222
79569,1825.0005106642222
79570,1825.0005106642222
79571,1825.0005106642222
79572,1825.0005106642222
79573,1825.0005106642222
79574,1825.0005106642222
79575,1825.0005106642222
79576,1825.0005106642222
79577,1825.0005106642222
79578,1825.0005106642222
79579,1825.0005106642222
79580,1825.0005106642222
79581,1825.0005106642222
79582,1825.0005106642222
79583,1825.0005106642222
79584,1825.0005106642222
79585,1825.0005106642222
79586,1825.0005106642222
79587,1825.0005106642222
79588,1825.0005106642222
79589,1825.0005106642222
79590,1825.0005106642222
79591,1825.0005106642222
79592,1825.0005106642222
79593,1825.0005106642222
79594,1825.0005106642222
79595,1825.0005106642222
79596,1825.0005106642222
79597,1825.0005106642222
79598,1825.0005106642222
79599,1825.0005106642222
79600,1825.0005106642222
79601,1825.0005106642222
79602,1825.0005106642222
79603,1825.0005106642222
79604,1825.0005106642222
79605,1825.0005106642222
79606,1825.0005106642222
79607,1825.0005106642222
79608,1825.0005106642222
79609,1825.0005106642222
79610,1825.0005106642222
79611,1825.0005106642222
79612,1825.0005106642222
79613,1825.0005106642222
79614,1825.0005106642222
79615,1825.0005106642222
79616,1825.0005106642222
79617,1825.0005106642222
79618,1825.0005106642222
79619,1825.0005106642222
79620,1825.0005106642222
79621,1825.0005106642222
79622,1825.0005106642222
79623,1825.0005106642222
79624,1825.0005106642222
79625,1825.0005106642222
79626,1825.0005106642222
79627,1825.0005106642222
79628,1825.0005106642222
79629,1825.0005106642222
79630,1825.0005106642222
79631,1825.0005106642222
79632,1825.0005106642222
79633,1825.0005106642222
79634,1825.0005106642222
79635,1825.0005106642222
79636,1825.0005106642222
79637,1825.0005106642222
79638,1825.0005106642222
79639,1825.0005106642222
79640,1825.0005106642222
79641,1825.0005106642222
79642,1825.0005106642222
79643,1825.0005106642222
79644,1825.0005106642222
79645,1825.0005106642222
79646,1825.0005106642222
79647,1825.0005106642222
79648,1825.0005106642222
79649,1825.0005106642222
79650,1825.0005106642222
79651,1825.0005106642222
79652,1825.0005106642222
79653,1825.0005106642222
79654,1825.0005106642222
79655,1825.0005106642222
79656,1825.0005106642222
79657,1825.0005106642222
79658,1825.0005106642222
79659,1825.0005106642222
79660,1825.0005106642222
79661,1825.0005106642222
79662,1825.0005106642222
79663,1825.0005106642222
79664,1825.0005106642222
79665,1825.0005106642222
79666,1825.0005106642222
79667,1825.0005106642222
79668,1825.0005106642222
79669,1825.0005106642222
79670,1825.0005106642222
79671,1825.0005106642222
79672,1825.0005106642222
79673,1825.0005106642222
79674,1825.0005106642222
79675,1825.0005106642222
79676,1825.0005106642222
79677,1825.0005106642222
79678,1825.0005106642222
79679,1825.0005106642222
79680,1825.0005106642222
79681,1825.0005106642222
79682,1825.0005106642222
79683,1825.0005106642222
79684,1825.0005106642222
79685,1825.0005106642222
79686,1825.0005106642222
79687,1825.0005106642222
79688,1825.0005106642222
79689,1825.0005106642222
79690,1825.0005106642222
79691,1825.0005106642222
79692,1825.0005106642222
79693,1825.0005106642222
79694,1825.0005106642222
79695,1825.0005106642222
79696,1825.0005106642222
79697,1825.0005106642222
79698,1825.0005106642222
79699,1825.0005106642222
79700,1825.0005106642222
79701,1825.0005106642222
79702,1825.0005106642222
79703,1825.0005106642222
79704,1825.0005106642222
79705,1825.0005106642222
79706,1825.0005106642222
79707,1825.0005106642222
79708,1825.0005106642222
79709,1825.0005106642222
79710,1825.0005106642222
79711,1825.0005106642222
79712,1825.0005106642222
79713,1825.0005106642222
79714,1825.0005106642222
79715,1825.0005106642222
79716,1825.0005106642222
79717,1825.0005106642222
79718,1825.0005106642222
79719,1825.0005106642222
79720,1825.0005106642222
79721,1825.0005106642222
79722,1825.0005106642222
79723,1825.0005106642222
79724,1825.0005106642222
79725,1825.0005106642222
79726,1825.0005106642222
79727,1825.0005106642222
79728,1825.0005106642222
79729,1825.0005106642222
79730,1825.0005106642222
79731,1825.0005106642222
79732,1825.0005106642222
79733,1825.0005106642222
79734,1825.0005106642222
79735,1825.0005106642222
79736,1825.0005106642222
79737,1825.0005106642222
79738,1825.0005106642222
79739,1825.0005106642222
79740,1825.0005106642222
79741,1825.0005106642222
79742,1825.0005106642222
79743,1825.0005106642222
79744,1825.0005106642222
79745,1825.0005106642222
79746,1825.0005106642222
79747,1825.0005106642222
79748,1825.0005106642222
79749,1825.0005106642222
79750,1825.0005106642222
79751,1825.0005106642222
79752,1825.0005106642222
79753,1825.0005106642222
79754,1825.0005106642222
79755,1825.0005106642222
79756,1825.0005106642222
79757,1825.0005106642222
79758,1825.0005106642222
79759,1825.0005106642222
79760,1825.0005106642222
79761,1825.0005106642222
79762,1825.0005106642222
79763,1825.0005106642222
79764,1825.0005106642222
79765,1825.0005106642222
79766,1825.0005106642222
79767,1825.0005106642222
79768,1825.0005106642222
79769,1825.0005106642222
79770,1825.0005106642222
79771,1825.0005106642222
79772,1825.0005106642222
79773,1825.0005106642222
79774,1825.0005106642222
79775,1825.0005106642222
79776,1825.0005106642222
79777,1825.0005106642222
79778,1825.0005106642222
79779,1825.0005106642222
79780,1825.0005106642222
79781,1825.0005106642222
79782,1825.0005106642222
79783,1825.0005106642222
79784,1825.0005106642222
79785,1825.0005106642222
79786,1825.0005106642222
79787,1825.0005106642222
79788,1825.0005106642222
79789,1825.0005106642222
79790,1825.0005106642222
79791,1825.0005106642222
79792,1825.0005106642222
79793,1825.0005106642222
79794,1825.0005106642222
79795,1825.0005106642222
79796,1825.0005106642222
79797,1825.0005106642222
79798,1825.0005106642222
79799,1825.0005106642222
79800,1825.0005106642222
79801,1825.0005106642222
79802,1825.0005106642222
79803,1825.0005106642222
79804,1825.0005106642222
79805,1825.0005106642222
79806,1825.0005106642222
79807,1825.0005106642222
79808,1825.0005106642222
79809,1825.0005106642222
79810,1825.0005106642222
79811,1825.0005106642222
79812,1825.0005106642222
79813,1825.0005106642222
79814,1825.0005106642222
79815,1825.0005106642222
79816,1825.0005106642222
79817,1825.0005106642222
79818,1825.0005106642222
79819,1825.0005106642222
79820,1825.0005106642222
79821,1825.0005106642222
79822,1825.0005106642222
79823,1825.0005106642222
79824,1825.0005106642222
79825,1825.0005106642222
79826,1825.0005106642222
79827,1825.0005106642222
79828,1825.0005106642222
79829,1825.0005106642222
79830,1825.0005106642222
79831,1825.0005106642222
79832,1825.0005106642222
79833,1825.0005106642222
79834,1825.0005106642222
79835,1825.0005106642222
79836,1825.0005106642222
79837,1825.0005106642222
79838,1825.0005106642222
79839,1825.0005106642222
79840,1825.0005106642222
79841,1825.0005106642222
79842,1825.0005106642222
79843,1825.0005106642222
79844,1825.0005106642222
79845,1825.0005106642222
79846,1825.0005106642222
79847,1825.0005106642222
79848,1825.0005106642222
79849,1825.0005106642222
79850,1825.0005106642222
79851,1825.0005106642222
79852,1825.0005106642222
79853,1825.0005106642222
79854,1825.0005106642222
79855,1825.0005106642222
79856,1825.0005106642222
79857,1825.0005106642222
79858,1825.0005106642222
79859,1825.0005106642222
79860,1825.0005106642222
79861,1825.0005106642222
79862,1825.0005106642222
79863,1825.0005106642222
79864,1825.0005106642222
79865,1825.0005106642222
79866,1825.0005106642222
79867,1825.0005106642222
79868,1825.0005106642222
79869,1825.0005106642222
79870,1825.0005106642222
79871,1825.0005106642222
79872,1825.0005106642222
79873,1825.0005106642222
79874,1825.0005106642222
79875,1825.0005106642222
79876,1825.0005106642222
79877,1825.0005106642222
79878,1825.0005106642222
79879,1825.0005106642222
79880,1825.0005106642222
79881,1825.0005106642222
79882,1825.0005106642222
79883,1825.0005106642222
79884,1825.0005106642222
79885,1825.0005106642222
79886,1825.0005106642222
79887,1825.0005106642222
79888,1825.0005106642222
79889,1825.0005106642222
79890,1825.0005106642222
79891,1825.0005106642222
79892,1825.0005106642222
79893,1825.0005106642222
79894,1825.0005106642222
79895,1825.0005106642222
79896,1825.0005106642222
79897,1825.0005106642222
79898,1825.0005106642222
79899,1825.0005106642222
79900,1825.0005106642222
79901,1825.0005106642222
79902,1825.0005106642222
79903,1825.0005106642222
79904,1825.0005106642222
79905,1825.0005106642222
79906,1825.0005106642222
79907,1825.0005106642222
79908,1825.0005106642222
79909,1825.0005106642222
79910,1825.0005106642222
79911,1825.0005106642222
79912,1825.0005106642222
79913,1825.0005106642222
79914,1825.0005106642222
79915,1825.0005106642222
79916,1825.0005106642222
79917,1825.0005106642222
79918,1825.0005106642222
79919,1825.0005106642222
79920,1825.0005106642222
79921,1825.0005106642222
79922,1825.0005106642222
79923,1825.0005106642222
79924,1825.0005106642222
79925,1825.0005106642222
79926,1825.0005106642222
79927,1825.0005106642222
79928,1825.0005106642222
79929,1825.0005106642222
79930,1825.0005106642222
79931,1825.0005106642222
79932,1825.0005106642222
79933,1825.0005106642222
79934,1825.0005106642222
79935,1825.0005106642222
79936,1825.0005106642222
79937,1825.0005106642222
79938,1825.0005106642222
79939,1825.0005106642222
79940,1825.0005106642222
79941,1825.0005106642222
79942,1825.0005106642222
79943,1825.0005106642222
79944,1825.0005106642222
79945,1825.0005106642222
79946,1825.0005106642222
79947,1825.0005106642222
79948,1825.0005106642222
79949,1825.0005106642222
79950,1825.0005106642222
79951,1825.0005106642222
79952,1825.0005106642222
79953,1825.0005106642222
79954,1825.0005106642222
79955,1825.0005106642222
79956,1825.0005106642222
79957,1825.0005106642222
79958,1825.0005106642222
79959,1825.0005106642222
79960,1825.0005106642222
79961,1825.0005106642222
79962,1825.0005106642222
79963,1825.0005106642222
79964,1825.0005106642222
79965,1825.0005106642222
79966,1825.0005106642222
79967,1825.0005106642222
79968,1825.0005106642222
79969,1825.0005106642222
79970,1825.0005106642222
79971,1825.0005106642222
79972,1825.0005106642222
79973,1825.0005106642222
79974,1825.0005106642222
79975,1825.0005106642222
79976,1825.0005106642222
79977,1825.0005106642222
79978,1825.0005106642222
79979,1825.0005106642222
79980,1825.0005106642222
79981,1825.0005106642222
79982,1825.0005106642222
79983,1825.0005106642222
79984,1825.0005106642222
79985,1825.0005106642222
79986,1825.0005106642222
79987,1825.0005106642222
79988,1825.0005106642222
79989,1825.0005106642222
79990,1825.0005106642222
79991,1825.0005106642222
79992,1825.0005106642222
79993,1825.0005106642222
79994,1825.0005106642222
79995,1825.0005106642222
79996,1825.0005106642222
79997,1825.0005106642222
79998,1825.0005106642222
79999,1825.0005106642222
80000,1825.0005106642222
80001,1825.0005106642222
80002,1825.0005106642222
80003,1825.0005106642222
80004,1825.0005106642222
80005,1825.0005106642222
80006,1825.0005106642222
80007,1825.0005106642222
80008,1825.0005106642222
80009,1825.0005106642222
80010,1825.0005106642222
80011,1825.0005106642222
80012,1825.0005106642222
80013,1825.0005106642222
80014,1825.0005106642222
80015,1825.0005106642222
80016,1825.0005106642222
80017,1825.0005106642222
80018,1825.0005106642222
80019,1825.0005106642222
80020,1825.0005106642222
80021,1825.0005106642222
80022,1825.0005106642222
80023,1825.0005106642222
80024,1825.0005106642222
80025,1825.0005106642222
80026,1825.0005106642222
80027,1825.0005106642222
80028,1825.0005106642222
80029,1825.0005106642222
80030,1825.0005106642222
80031,1825.0005106642222
80032,1825.0005106642222
80033,1825.0005106642222
80034,1825.0005106642222
80035,1825.0005106642222
80036,1825.0005106642222
80037,1825.0005106642222
80038,1825.0005106642222
80039,1825.0005106642222
80040,1825.0005106642222
80041,1825.0005106642222
80042,1825.0005106642222
80043,1825.0005106642222
80044,1825.0005106642222
80045,1825.0005106642222
80046,1825.0005106642222
80047,1825.0005106642222
80048,1825.0005106642222
80049,1825.0005106642222
80050,1825.0005106642222
80051,1825.0005106642222
80052,1825.0005106642222
80053,1825.0005106642222
80054,1825.0005106642222
80055,1825.0005106642222
80056,1825.0005106642222
80057,1825.0005106642222
80058,1825.0005106642222
80059,1825.0005106642222
80060,1825.0005106642222
80061,1825.0005106642222
80062,1825.0005106642222
80063,1825.0005106642222
80064,1825.0005106642222
80065,1825.0005106642222
80066,1825.0005106642222
80067,1825.0005106642222
80068,1825.0005106642222
80069,1825.0005106642222
80070,1825.0005106642222
80071,1825.0005106642222
80072,1825.0005106642222
80073,1825.0005106642222
80074,1825.0005106642222
80075,1825.0005106642222
80076,1825.0005106642222
80077,1825.0005106642222
80078,1825.0005106642222
80079,1825.0005106642222
80080,1825.0005106642222
80081,1825.0005106642222
80082,1825.0005106642222
80083,1825.0005106642222
80084,1825.0005106642222
80085,1825.0005106642222
80086,1825.0005106642222
80087,1825.0005106642222
80088,1825.0005106642222
80089,1825.0005106642222
80090,1825.0005106642222
80091,1825.0005106642222
80092,1825.0005106642222
80093,1825.0005106642222
80094,1825.0005106642222
80095,1825.0005106642222
80096,1825.0005106642222
80097,1825.0005106642222
80098,1825.0005106642222
80099,1825.0005106642222
80100,1825.0005106642222
80101,1825.0005106642222
80102,1825.0005106642222
80103,1825.0005106642222
80104,1825.0005106642222
80105,1825.0005106642222
80106,1825.0005106642222
80107,1825.0005106642222
80108,1825.0005106642222
80109,1825.0005106642222
80110,1825.0005106642222
80111,1825.0005106642222
80112,1825.0005106642222
80113,1825.0005106642222
80114,1825.0005106642222
80115,1825.0005106642222
80116,1825.0005106642222
80117,1825.0005106642222
80118,1825.0005106642222
80119,1825.0005106642222
80120,1825.0005106642222
80121,1825.0005106642222
80122,1825.0005106642222
80123,1825.0005106642222
80124,1825.0005106642222
80125,1825.0005106642222
80126,1825.0005106642222
80127,1825.0005106642222
80128,1825.0005106642222
80129,1825.0005106642222
80130,1825.0005106642222
80131,1825.0005106642222
80132,1825.0005106642222
80133,1825.0005106642222
80134,1825.0005106642222
80135,1825.0005106642222
80136,1825.0005106642222
80137,1825.0005106642222
80138,1825.0005106642222
80139,1825.0005106642222
80140,1825.0005106642222
80141,1825.0005106642222
80142,1825.0005106642222
80143,1825.0005106642222
80144,1825.0005106642222
80145,1825.0005106642222
80146,1825.0005106642222
80147,1825.0005106642222
80148,1825.0005106642222
80149,1825.0005106642222
80150,1825.0005106642222
80151,1825.0005106642222
80152,1825.0005106642222
80153,1825.0005106642222
80154,1825.0005106642222
80155,1825.0005106642222
80156,1825.0005106642222
80157,1825.0005106642222
80158,1825.0005106642222
80159,1825.0005106642222
80160,1825.0005106642222
80161,1825.0005106642222
80162,1825.0005106642222
80163,1825.0005106642222
80164,1825.0005106642222
80165,1825.0005106642222
80166,1825.0005106642222
80167,1825.0005106642222
80168,1825.0005106642222
80169,1825.0005106642222
80170,1825.0005106642222
80171,1825.0005106642222
80172,1825.0005106642222
80173,1825.0005106642222
80174,1825.0005106642222
80175,1825.0005106642222
80176,1825.0005106642222
80177,1825.0005106642222
80178,1825.0005106642222
80179,1825.0005106642222
80180,1825.0005106642222
80181,1825.0005106642222
80182,1825.0005106642222
80183,1825.0005106642222
80184,1825.0005106642222
80185,1825.0005106642222
80186,1825.0005106642222
80187,1825.0005106642222
80188,1825.0005106642222
80189,1825.0005106642222
80190,1825.0005106642222
80191,1825.0005106642222
80192,1825.0005106642222
80193,1825.0005106642222
80194,1825.0005106642222
80195,1825.0005106642222
80196,1825.0005106642222
80197,1825.0005106642222
80198,1825.0005106642222
80199,1825.0005106642222
80200,1825.0005106642222
80201,1825.0005106642222
80202,1825.0005106642222
80203,1825.0005106642222
80204,1825.0005106642222
80205,1825.0005106642222
80206,1825.0005106642222
80207,1825.0005106642222
80208,1825.0005106642222
80209,1825.0005106642222
80210,1825.0005106642222
80211,1825.0005106642222
80212,1825.0005106642222
80213,1825.0005106642222
80214,1825.0005106642222
80215,1825.0005106642222
80216,1825.0005106642222
80217,1825.0005106642222
80218,1825.0005106642222
80219,1825.0005106642222
80220,1825.0005106642222
80221,1825.0005106642222
80222,1825.0005106642222
80223,1825.0005106642222
80224,1825.0005106642222
80225,1825.0005106642222
80226,1825.0005106642222
80227,1825.0005106642222
80228,1825.0005106642222
80229,1825.0005106642222
80230,1825.0005106642222
80231,1825.0005106642222
80232,1825.0005106642222
80233,1825.0005106642222
80234,1825.0005106642222
80235,1825.0005106642222
80236,1825.0005106642222
80237,1825.0005106642222
80238,1825.0005106642222
80239,1825.0005106642222
80240,1825.0005106642222
80241,1825.0005106642222
80242,1825.0005106642222
80243,1825.0005106642222
80244,1825.0005106642222
80245,1825.0005106642222
80246,1825.0005106642222
80247,1825.0005106642222
80248,1825.0005106642222
80249,1825.0005106642222
80250,1825.0005106642222
80251,1825.0005106642222
80252,1825.0005106642222
80253,1825.0005106642222
80254,1825.0005106642222
80255,1825.0005106642222
80256,1825.0005106642222
80257,1825.0005106642222
80258,1825.0005106642222
80259,1825.0005106642222
80260,1825.0005106642222
80261,1825.0005106642222
80262,1825.0005106642222
80263,1825.0005106642222
80264,1825.0005106642222
80265,1825.0005106642222
80266,1825.0005106642222
80267,1825.0005106642222
80268,1825.0005106642222
80269,1825.0005106642222
80270,1825.0005106642222
80271,1825.0005106642222
80272,1825.0005106642222
80273,1825.0005106642222
80274,1825.0005106642222
80275,1825.0005106642222
80276,1825.0005106642222
80277,1825.0005106642222
80278,1825.0005106642222
80279,1825.0005106642222
80280,1825.0005106642222
80281,1825.0005106642222
80282,1825.0005106642222
80283,1825.0005106642222
80284,1825.0005106642222
80285,1825.0005106642222
80286,1825.0005106642222
80287,1825.0005106642222
80288,1825.0005106642222
80289,1825.0005106642222
80290,1825.0005106642222
80291,1825.0005106642222
80292,1825.0005106642222
80293,1825.0005106642222
80294,1825.0005106642222
80295,1825.0005106642222
80296,1825.0005106642222
80297,1825.0005106642222
80298,1825.0005106642222
80299,1825.0005106642222
80300,1825.0005106642222
80301,1825.0005106642222
80302,1825.0005106642222
80303,1825.0005106642222
80304,1825.0005106642222
80305,1825.0005106642222
80306,1825.0005106642222
80307,1825.0005106642222
80308,1825.0005106642222
80309,1825.0005106642222
80310,1825.0005106642222
80311,1825.0005106642222
80312,1825.0005106642222
80313,1825.0005106642222
80314,1825.0005106642222
80315,1825.0005106642222
80316,1825.0005106642222
80317,1825.0005106642222
80318,1825.0005106642222
80319,1825.0005106642222
80320,1825.0005106642222
80321,1825.0005106642222
80322,1825.0005106642222
80323,1825.0005106642222
80324,1825.0005106642222
80325,1825.0005106642222
80326,1825.0005106642222
80327,1825.0005106642222
80328,1825.0005106642222
80329,1825.0005106642222
80330,1825.0005106642222
80331,1825.0005106642222
80332,1825.0005106642222
80333,1825.0005106642222
80334,1825.0005106642222
80335,1825.0005106642222
80336,1825.0005106642222
80337,1825.0005106642222
80338,1825.0005106642222
80339,1825.0005106642222
80340,1825.0005106642222
80341,1825.0005106642222
80342,1825.0005106642222
80343,1825.0005106642222
80344,1825.0005106642222
80345,1825.0005106642222
80346,1825.0005106642222
80347,1825.0005106642222
80348,1825.0005106642222
80349,1825.0005106642222
80350,1825.0005106642222
80351,1825.0005106642222
80352,1825.0005106642222
80353,1825.0005106642222
80354,1825.0005106642222
80355,1825.0005106642222
80356,1825.0005106642222
80357,1825.0005106642222
80358,1825.0005106642222
80359,1825.0005106642222
80360,1825.0005106642222
80361,1825.0005106642222
80362,1825.0005106642222
80363,1825.0005106642222
80364,1825.0005106642222
80365,1825.0005106642222
80366,1825.0005106642222
80367,1825.0005106642222
80368,1825.0005106642222
80369,1825.0005106642222
80370,1825.0005106642222
80371,1825.0005106642222
80372,1825.0005106642222
80373,1825.0005106642222
80374,1825.0005106642222
80375,1825.0005106642222
80376,1825.0005106642222
80377,1825.0005106642222
80378,1825.0005106642222
80379,1825.0005106642222
80380,1825.0005106642222
80381,1825.0005106642222
80382,1825.0005106642222
80383,1825.0005106642222
80384,1825.0005106642222
80385,1825.0005106642222
80386,1825.0005106642222
80387,1825.0005106642222
80388,1825.0005106642222
80389,1825.0005106642222
80390,1825.0005106642222
80391,1825.0005106642222
80392,1825.0005106642222
80393,1825.0005106642222
80394,1825.0005106642222
80395,1825.0005106642222
80396,1825.0005106642222
80397,1825.0005106642222
80398,1825.0005106642222
80399,1825.0005106642222
80400,1825.0005106642222
80401,1825.0005106642222
80402,1825.0005106642222
80403,1825.0005106642222
80404,1825.0005106642222
80405,1825.0005106642222
80406,1825.0005106642222
80407,1825.0005106642222
80408,1825.0005106642222
80409,1825.0005106642222
80410,1825.0005106642222
80411,1825.0005106642222
80412,1825.0005106642222
80413,1825.0005106642222
80414,1825.0005106642222
80415,1825.0005106642222
80416,1825.0005106642222
80417,1825.0005106642222
80418,1825.0005106642222
80419,1825.0005106642222
80420,1825.0005106642222
80421,1825.0005106642222
80422,1825.0005106642222
80423,1825.0005106642222
80424,1825.0005106642222
80425,1825.0005106642222
80426,1825.0005106642222
80427,1825.0005106642222
80428,1825.0005106642222
80429,1825.0005106642222
80430,1825.0005106642222
80431,1825.0005106642222
80432,1825.0005106642222
80433,1825.0005106642222
80434,1825.0005106642222
80435,1825.0005106642222
80436,1825.0005106642222
80437,1825.0005106642222
80438,1825.0005106642222
80439,1825.0005106642222
80440,1825.0005106642222
80441,1825.0005106642222
80442,1825.0005106642222
80443,1825.0005106642222
80444,1825.0005106642222
80445,1825.0005106642222
80446,1825.0005106642222
80447,1825.0005106642222
80448,1825.0005106642222
80449,1825.0005106642222
80450,1825.0005106642222
80451,1825.0005106642222
80452,1825.0005106642222
80453,1825.0005106642222
80454,1825.0005106642222
80455,1825.0005106642222
80456,1825.0005106642222
80457,1825.0005106642222
80458,1825.0005106642222
80459,1825.0005106642222
80460,1825.0005106642222
80461,1825.0005106642222
80462,1825.0005106642222
80463,1825.0005106642222
80464,1825.0005106642222
80465,1825.0005106642222
80466,1825.0005106642222
80467,1825.0005106642222
80468,1825.0005106642222
80469,1825.0005106642222
80470,1825.0005106642222
80471,1825.0005106642222
80472,1825.0005106642222
80473,1825.0005106642222
80474,1825.0005106642222
80475,1825.0005106642222
80476,1825.0005106642222
80477,1825.0005106642222
80478,1825.0005106642222
80479,1825.0005106642222
80480,1825.0005106642222
80481,1825.0005106642222
80482,1825.0005106642222
80483,1825.0005106642222
80484,1825.0005106642222
80485,1825.0005106642222
80486,1825.0005106642222
80487,1825.0005106642222
80488,1825.0005106642222
80489,1825.0005106642222
80490,1825.0005106642222
80491,1825.0005106642222
80492,1825.0005106642222
80493,1825.0005106642222
80494,1825.0005106642222
80495,1825.0005106642222
80496,1825.0005106642222
80497,1825.0005106642222
80498,1825.0005106642222
80499,1825.0005106642222
80500,1825.0005106642222
80501,1825.0005106642222
80502,1825.0005106642222
80503,1825.0005106642222
80504,1825.0005106642222
80505,1825.0005106642222
80506,1825.0005106642222
80507,1825.0005106642222
80508,1825.0005106642222
80509,1825.0005106642222
80510,1825.0005106642222
80511,1825.0005106642222
80512,1825.0005106642222
80513,1825.0005106642222
80514,1825.0005106642222
80515,1825.0005106642222
80516,1825.0005106642222
80517,1825.0005106642222
80518,1825.0005106642222
80519,1825.0005106642222
80520,1825.0005106642222
80521,1825.0005106642222
80522,1825.0005106642222
80523,1825.0005106642222
80524,1825.0005106642222
80525,1825.0005106642222
80526,1825.0005106642222
80527,1825.0005106642222
80528,1825.0005106642222
80529,1825.0005106642222
80530,1825.0005106642222
80531,1825.0005106642222
80532,1825.0005106642222
80533,1825.0005106642222
80534,1825.0005106642222
80535,1825.0005106642222
80536,1825.0005106642222
80537,1825.0005106642222
80538,1825.0005106642222
80539,1825.0005106642222
80540,1825.0005106642222
80541,1825.0005106642222
80542,1825.0005106642222
80543,1825.0005106642222
80544,1825.0005106642222
80545,1825.0005106642222
80546,1825.0005106642222
80547,1825.0005106642222
80548,1825.0005106642222
80549,1825.0005106642222
80550,1825.0005106642222
80551,1825.0005106642222
80552,1825.0005106642222
80553,1825.0005106642222
80554,1825.0005106642222
80555,1825.0005106642222
80556,1825.0005106642222
80557,1825.0005106642222
80558,1825.0005106642222
80559,1825.0005106642222
80560,1825.0005106642222
80561,1825.0005106642222
80562,1825.0005106642222
80563,1825.0005106642222
80564,1825.0005106642222
80565,1825.0005106642222
80566,1825.0005106642222
80567,1825.0005106642222
80568,1825.0005106642222
80569,1825.0005106642222
80570,1825.0005106642222
80571,1825.0005106642222
80572,1825.0005106642222
80573,1825.0005106642222
80574,1825.0005106642222
80575,1825.0005106642222
80576,1825.0005106642222
80577,1825.0005106642222
80578,1825.0005106642222
80579,1825.0005106642222
80580,1825.0005106642222
80581,1825.0005106642222
80582,1825.0005106642222
80583,1825.0005106642222
80584,1825.0005106642222
80585,1825.0005106642222
80586,1825.0005106642222
80587,1825.0005106642222
80588,1825.0005106642222
80589,1825.0005106642222
80590,1825.0005106642222
80591,1825.0005106642222
80592,1825.0005106642222
80593,1825.0005106642222
80594,1825.0005106642222
80595,1825.0005106642222
80596,1825.0005106642222
80597,1825.0005106642222
80598,1825.0005106642222
80599,1825.0005106642222
80600,1825.0005106642222
80601,1825.0005106642222
80602,1825.0005106642222
80603,1825.0005106642222
80604,1825.0005106642222
80605,1825.0005106642222
80606,1825.0005106642222
80607,1825.0005106642222
80608,1825.0005106642222
80609,1825.0005106642222
80610,1825.0005106642222
80611,1825.0005106642222
80612,1825.0005106642222
80613,1825.0005106642222
80614,1825.0005106642222
80615,1825.0005106642222
80616,1825.0005106642222
80617,1825.0005106642222
80618,1825.0005106642222
80619,1825.0005106642222
80620,1825.0005106642222
80621,1825.0005106642222
80622,1825.0005106642222
80623,1825.0005106642222
80624,1825.0005106642222
80625,1825.0005106642222
80626,1825.0005106642222
80627,1825.0005106642222
80628,1825.0005106642222
80629,1825.0005106642222
80630,1825.0005106642222
80631,1825.0005106642222
80632,1825.0005106642222
80633,1825.0005106642222
80634,1825.0005106642222
80635,1825.0005106642222
80636,1825.0005106642222
80637,1825.0005106642222
80638,1825.0005106642222
80639,1825.0005106642222
80640,1825.0005106642222
80641,1825.0005106642222
80642,1825.0005106642222
80643,1825.0005106642222
80644,1825.0005106642222
80645,1825.0005106642222
80646,1825.0005106642222
80647,1825.0005106642222
80648,1825.0005106642222
80649,1825.0005106642222
80650,1825.0005106642222
80651,1825.0005106642222
80652,1825.0005106642222
80653,1825.0005106642222
80654,1825.0005106642222
80655,1825.0005106642222
80656,1825.0005106642222
80657,1825.0005106642222
80658,1825.0005106642222
80659,1825.0005106642222
80660,1825.0005106642222
80661,1825.0005106642222
80662,1825.0005106642222
80663,1825.0005106642222
80664,1825.0005106642222
80665,1825.0005106642222
80666,1825.0005106642222
80667,1825.0005106642222
80668,1825.0005106642222
80669,1825.0005106642222
80670,1825.0005106642222
80671,1825.0005106642222
80672,1825.0005106642222
80673,1825.0005106642222
80674,1825.0005106642222
80675,1825.0005106642222
80676,1825.0005106642222
80677,1825.0005106642222
80678,1825.0005106642222
80679,1825.0005106642222
80680,1825.0005106642222
80681,1825.0005106642222
80682,1825.0005106642222
80683,1825.0005106642222
80684,1825.0005106642222
80685,1825.0005106642222
80686,1825.0005106642222
80687,1825.0005106642222
80688,1825.0005106642222
80689,1825.0005106642222
80690,1825.0005106642222
80691,1825.0005106642222
80692,1825.0005106642222
80693,1825.0005106642222
80694,1825.0005106642222
80695,1825.0005106642222
80696,1825.0005106642222
80697,1825.0005106642222
80698,1825.0005106642222
80699,1825.0005106642222
80700,1825.0005106642222
80701,1825.0005106642222
80702,1825.0005106642222
80703,1825.0005106642222
80704,1825.0005106642222
80705,1825.0005106642222
80706,1825.0005106642222
80707,1825.0005106642222
80708,1825.0005106642222
80709,1825.0005106642222
80710,1825.0005106642222
80711,1825.0005106642222
80712,1825.0005106642222
80713,1825.0005106642222
80714,1825.0005106642222
80715,1825.0005106642222
80716,1825.0005106642222
80717,1825.0005106642222
80718,1825.0005106642222
80719,1825.0005106642222
80720,1825.0005106642222
80721,1825.0005106642222
80722,1825.0005106642222
80723,1825.0005106642222
80724,1825.0005106642222
80725,1825.0005106642222
80726,1825.0005106642222
80727,1825.0005106642222
80728,1825.0005106642222
80729,1825.0005106642222
80730,1825.0005106642222
80731,1825.0005106642222
80732,1825.0005106642222
80733,1825.0005106642222
80734,1825.0005106642222
80735,1825.0005106642222
80736,1825.0005106642222
80737,1825.0005106642222
80738,1825.0005106642222
80739,1825.0005106642222
80740,1825.0005106642222
80741,1825.0005106642222
80742,1825.0005106642222
80743,1825.0005106642222
80744,1825.0005106642222
80745,1825.0005106642222
80746,1825.0005106642222
80747,1825.0005106642222
80748,1825.0005106642222
80749,1825.0005106642222
80750,1825.0005106642222
80751,1825.0005106642222
80752,1825.0005106642222
80753,1825.0005106642222
80754,1825.0005106642222
80755,1825.0005106642222
80756,1825.0005106642222
80757,1825.0005106642222
80758,1825.0005106642222
80759,1825.0005106642222
80760,1825.0005106642222
80761,1825.0005106642222
80762,1825.0005106642222
80763,1825.0005106642222
80764,1825.0005106642222
80765,1825.0005106642222
80766,1825.0005106642222
80767,1825.0005106642222
80768,1825.0005106642222
80769,1825.0005106642222
80770,1825.0005106642222
80771,1825.0005106642222
80772,1825.0005106642222
80773,1825.0005106642222
80774,1825.0005106642222
80775,1825.0005106642222
80776,1825.0005106642222
80777,1825.0005106642222
80778,1825.0005106642222
80779,1825.0005106642222
80780,1825.0005106642222
80781,1825.0005106642222
80782,1825.0005106642222
80783,1825.0005106642222
80784,1825.0005106642222
80785,1825.0005106642222
80786,1825.0005106642222
80787,1825.0005106642222
80788,1825.0005106642222
80789,1825.0005106642222
80790,1825.0005106642222
80791,1825.0005106642222
80792,1825.0005106642222
80793,1825.0005106642222
80794,1825.0005106642222
80795,1825.0005106642222
80796,1825.0005106642222
80797,1825.0005106642222
80798,1825.0005106642222
80799,1825.0005106642222
80800,1825.0005106642222
80801,1825.0005106642222
80802,1825.0005106642222
80803,1825.0005106642222
80804,1825.0005106642222
80805,1825.0005106642222
80806,1825.0005106642222
80807,1825.0005106642222
80808,1825.0005106642222
80809,1825.0005106642222
80810,1825.0005106642222
80811,1825.0005106642222
80812,1825.0005106642222
80813,1825.0005106642222
80814,1825.0005106642222
80815,1825.0005106642222
80816,1825.0005106642222
80817,1825.0005106642222
80818,1825.0005106642222
80819,1825.0005106642222
80820,1825.0005106642222
80821,1825.0005106642222
80822,1825.0005106642222
80823,1825.0005106642222
80824,1825.0005106642222
80825,1825.0005106642222
80826,1825.0005106642222
80827,1825.0005106642222
80828,1825.0005106642222
80829,1825.0005106642222
80830,1825.0005106642222
80831,1825.0005106642222
80832,1825.0005106642222
80833,1825.0005106642222
80834,1825.0005106642222
80835,1825.0005106642222
80836,1825.0005106642222
80837,1825.0005106642222
80838,1825.0005106642222
80839,1825.0005106642222
80840,1825.0005106642222
80841,1825.0005106642222
80842,1825.0005106642222
80843,1825.0005106642222
80844,1825.0005106642222
80845,1825.0005106642222
80846,1825.0005106642222
80847,1825.0005106642222
80848,1825.0005106642222
80849,1825.0005106642222
80850,1825.0005106642222
80851,1825.0005106642222
80852,1825.0005106642222
80853,1825.0005106642222
80854,1825.0005106642222
80855,1825.0005106642222
80856,1825.0005106642222
80857,1825.0005106642222
80858,1825.0005106642222
80859,1825.0005106642222
80860,1825.0005106642222
80861,1825.0005106642222
80862,1825.0005106642222
80863,1825.0005106642222
80864,1825.0005106642222
80865,1825.0005106642222
80866,1825.0005106642222
80867,1825.0005106642222
80868,1825.0005106642222
80869,1825.0005106642222
80870,1825.0005106642222
80871,1825.0005106642222
80872,1825.0005106642222
80873,1825.0005106642222
80874,1825.0005106642222
80875,1825.0005106642222
80876,1825.0005106642222
80877,1825.0005106642222
80878,1825.0005106642222
80879,1825.0005106642222
80880,1825.0005106642222
80881,1825.0005106642222
80882,1825.0005106642222
80883,1825.0005106642222
80884,1825.0005106642222
80885,1825.0005106642222
80886,1825.0005106642222
80887,1825.0005106642222
80888,1825.0005106642222
80889,1825.0005106642222
80890,1825.0005106642222
80891,1825.0005106642222
80892,1825.0005106642222
80893,1825.0005106642222
80894,1825.0005106642222
80895,1825.0005106642222
80896,1825.0005106642222
80897,1825.0005106642222
80898,1825.0005106642222
80899,1825.0005106642222
80900,1825.0005106642222
80901,1825.0005106642222
80902,1825.0005106642222
80903,1825.0005106642222
80904,1825.0005106642222
80905,1825.0005106642222
80906,1825.0005106642222
80907,1825.0005106642222
80908,1825.0005106642222
80909,1825.0005106642222
80910,1825.0005106642222
80911,1825.0005106642222
80912,1825.0005106642222
80913,1825.0005106642222
80914,1825.0005106642222
80915,1825.0005106642222
80916,1825.0005106642222
80917,1825.0005106642222
80918,1825.0005106642222
80919,1825.0005106642222
80920,1825.0005106642222
80921,1825.0005106642222
80922,1825.0005106642222
80923,1825.0005106642222
80924,1825.0005106642222
80925,1825.0005106642222
80926,1825.0005106642222
80927,1825.0005106642222
80928,1825.0005106642222
80929,1825.0005106642222
80930,1825.0005106642222
80931,1825.0005106642222
80932,1825.0005106642222
80933,1825.0005106642222
80934,1825.0005106642222
80935,1825.0005106642222
80936,1825.0005106642222
80937,1825.0005106642222
80938,1825.0005106642222
80939,1825.0005106642222
80940,1825.0005106642222
80941,1825.0005106642222
80942,1825.0005106642222
80943,1825.0005106642222
80944,1825.0005106642222
80945,1825.0005106642222
80946,1825.0005106642222
80947,1825.0005106642222
80948,1825.0005106642222
80949,1825.0005106642222
80950,1825.0005106642222
80951,1825.0005106642222
80952,1825.0005106642222
80953,1825.0005106642222
80954,1825.0005106642222
80955,1825.0005106642222
80956,1825.0005106642222
80957,1825.0005106642222
80958,1825.0005106642222
80959,1825.0005106642222
80960,1825.0005106642222
80961,1825.0005106642222
80962,1825.0005106642222
80963,1825.0005106642222
80964,1825.0005106642222
80965,1825.0005106642222
80966,1825.0005106642222
80967,1825.0005106642222
80968,1825.0005106642222
80969,1825.0005106642222
80970,1825.0005106642222
80971,1825.0005106642222
80972,1825.0005106642222
80973,1825.0005106642222
80974,1825.0005106642222
80975,1825.0005106642222
80976,1825.0005106642222
80977,1825.0005106642222
80978,1825.0005106642222
80979,1825.0005106642222
80980,1825.0005106642222
80981,1825.0005106642222
80982,1825.0005106642222
80983,1825.0005106642222
80984,1825.0005106642222
80985,1825.0005106642222
80986,1825.0005106642222
80987,1825.0005106642222
80988,1825.0005106642222
80989,1825.0005106642222
80990,1825.0005106642222
80991,1825.0005106642222
80992,1825.0005106642222
80993,1825.0005106642222
80994,1825.0005106642222
80995,1825.0005106642222
80996,1825.0005106642222
80997,1825.0005106642222
80998,1825.0005106642222
80999,1825.0005106642222
81000,1825.0005106642222
81001,1825.0005106642222
81002,1825.0005106642222
81003,1825.0005106642222
81004,1825.0005106642222
81005,1825.0005106642222
81006,1825.0005106642222
81007,1825.0005106642222
81008,1825.0005106642222
81009,1825.0005106642222
81010,1825.0005106642222
81011,1825.0005106642222
81012,1825.0005106642222
81013,1825.0005106642222
81014,1825.0005106642222
81015,1825.0005106642222
81016,1825.0005106642222
81017,1825.0005106642222
81018,1825.0005106642222
81019,1825.0005106642222
81020,1825.0005106642222
81021,1825.0005106642222
81022,1825.0005106642222
81023,1825.0005106642222
81024,1825.0005106642222
81025,1825.0005106642222
81026,1825.0005106642222
81027,1825.0005106642222
81028,1825.0005106642222
81029,1825.0005106642222
81030,1825.0005106642222
81031,1825.0005106642222
81032,1825.0005106642222
81033,1825.0005106642222
81034,1825.0005106642222
81035,1825.0005106642222
81036,1825.0005106642222
81037,1825.0005106642222
81038,1825.0005106642222
81039,1825.0005106642222
81040,1825.0005106642222
81041,1825.0005106642222
81042,1825.0005106642222
81043,1825.0005106642222
81044,1825.0005106642222
81045,1825.0005106642222
81046,1825.0005106642222
81047,1825.0005106642222
81048,1825.0005106642222
81049,1825.0005106642222
81050,1825.0005106642222
81051,1825.0005106642222
81052,1825.0005106642222
81053,1825.0005106642222
81054,1825.0005106642222
81055,1825.0005106642222
81056,1825.0005106642222
81057,1825.0005106642222
81058,1825.0005106642222
81059,1825.0005106642222
81060,1825.0005106642222
81061,1825.0005106642222
81062,1825.0005106642222
81063,1825.0005106642222
81064,1825.0005106642222
81065,1825.0005106642222
81066,1825.0005106642222
81067,1825.0005106642222
81068,1825.0005106642222
81069,1825.0005106642222
81070,1825.0005106642222
81071,1825.0005106642222
81072,1825.0005106642222
81073,1825.0005106642222
81074,1825.0005106642222
81075,1825.0005106642222
81076,1825.0005106642222
81077,1825.0005106642222
81078,1825.0005106642222
81079,1825.0005106642222
81080,1825.0005106642222
81081,1825.0005106642222
81082,1825.0005106642222
81083,1825.0005106642222
81084,1825.0005106642222
81085,1825.0005106642222
81086,1825.0005106642222
81087,1825.0005106642222
81088,1825.0005106642222
81089,1825.0005106642222
81090,1825.0005106642222
81091,1825.0005106642222
81092,1825.0005106642222
81093,1825.0005106642222
81094,1825.0005106642222
81095,1825.0005106642222
81096,1825.0005106642222
81097,1825.0005106642222
81098,1825.0005106642222
81099,1825.0005106642222
81100,1825.0005106642222
81101,1825.0005106642222
81102,1825.0005106642222
81103,1825.0005106642222
81104,1825.0005106642222
81105,1825.0005106642222
81106,1825.0005106642222
81107,1825.0005106642222
81108,1825.0005106642222
81109,1825.0005106642222
81110,1825.0005106642222
81111,1825.0005106642222
81112,1825.0005106642222
81113,1825.0005106642222
81114,1825.0005106642222
81115,1825.0005106642222
81116,1825.0005106642222
81117,1825.0005106642222
81118,1825.0005106642222
81119,1825.0005106642222
81120,1825.0005106642222
81121,1825.0005106642222
81122,1825.0005106642222
81123,1825.0005106642222
81124,1825.0005106642222
81125,1825.0005106642222
81126,1825.0005106642222
81127,1825.0005106642222
81128,1825.0005106642222
81129,1825.0005106642222
81130,1825.0005106642222
81131,1825.0005106642222
81132,1825.0005106642222
81133,1825.0005106642222
81134,1825.0005106642222
81135,1825.0005106642222
81136,1825.0005106642222
81137,1825.0005106642222
81138,1825.0005106642222
81139,1825.0005106642222
81140,1825.0005106642222
81141,1825.0005106642222
81142,1825.0005106642222
81143,1825.0005106642222
81144,1825.0005106642222
81145,1825.0005106642222
81146,1825.0005106642222
81147,1825.0005106642222
81148,1825.0005106642222
81149,1825.0005106642222
81150,1825.0005106642222
81151,1825.0005106642222
81152,1825.0005106642222
81153,1825.0005106642222
81154,1825.0005106642222
81155,1825.0005106642222
81156,1825.0005106642222
81157,1825.0005106642222
81158,1825.0005106642222
81159,1825.0005106642222
81160,1825.0005106642222
81161,1825.0005106642222
81162,1825.0005106642222
81163,1825.0005106642222
81164,1825.0005106642222
81165,1825.0005106642222
81166,1825.0005106642222
81167,1825.0005106642222
81168,1825.0005106642222
81169,1825.0005106642222
81170,1825.0005106642222
81171,1825.0005106642222
81172,1825.0005106642222
81173,1825.0005106642222
81174,1825.0005106642222
81175,1825.0005106642222
81176,1825.0005106642222
81177,1825.0005106642222
81178,1825.0005106642222
81179,1825.0005106642222
81180,1825.0005106642222
81181,1825.0005106642222
81182,1825.0005106642222
81183,1825.0005106642222
81184,1825.0005106642222
81185,1825.0005106642222
81186,1825.0005106642222
81187,1825.0005106642222
81188,1825.0005106642222
81189,1825.0005106642222
81190,1825.0005106642222
81191,1825.0005106642222
81192,1825.0005106642222
81193,1825.0005106642222
81194,1825.0005106642222
81195,1825.0005106642222
81196,1825.0005106642222
81197,1825.0005106642222
81198,1825.0005106642222
81199,1825.0005106642222
81200,1825.0005106642222
81201,1825.0005106642222
81202,1825.0005106642222
81203,1825.0005106642222
81204,1825.0005106642222
81205,1825.0005106642222
81206,1825.0005106642222
81207,1825.0005106642222
81208,1825.0005106642222
81209,1825.0005106642222
81210,1825.0005106642222
81211,1825.0005106642222
81212,1825.0005106642222
81213,1825.0005106642222
81214,1825.0005106642222
81215,1825.0005106642222
81216,1825.0005106642222
81217,1825.0005106642222
81218,1825.0005106642222
81219,1825.0005106642222
81220,1825.0005106642222
81221,1825.0005106642222
81222,1825.0005106642222
81223,1825.0005106642222
81224,1825.0005106642222
81225,1825.0005106642222
81226,1825.0005106642222
81227,1825.0005106642222
81228,1825.0005106642222
81229,1825.0005106642222
81230,1825.0005106642222
81231,1825.0005106642222
81232,1825.0005106642222
81233,1825.0005106642222
81234,1825.0005106642222
81235,1825.0005106642222
81236,1825.0005106642222
81237,1825.0005106642222
81238,1825.0005106642222
81239,1825.0005106642222
81240,1825.0005106642222
81241,1825.0005106642222
81242,1825.0005106642222
81243,1825.0005106642222
81244,1825.0005106642222
81245,1825.0005106642222
81246,1825.0005106642222
81247,1825.0005106642222
81248,1825.0005106642222
81249,1825.0005106642222
81250,1825.0005106642222
81251,1825.0005106642222
81252,1825.0005106642222
81253,1825.0005106642222
81254,1825.0005106642222
81255,1825.0005106642222
81256,1825.0005106642222
81257,1825.0005106642222
81258,1825.0005106642222
81259,1825.0005106642222
81260,1825.0005106642222
81261,1825.0005106642222
81262,1825.0005106642222
81263,1825.0005106642222
81264,1825.0005106642222
81265,1825.0005106642222
81266,1825.0005106642222
81267,1825.0005106642222
81268,1825.0005106642222
81269,1825.0005106642222
81270,1825.0005106642222
81271,1825.0005106642222
81272,1825.0005106642222
81273,1825.0005106642222
81274,1825.0005106642222
81275,1825.0005106642222
81276,1825.0005106642222
81277,1825.0005106642222
81278,1825.0005106642222
81279,1825.0005106642222
81280,1825.0005106642222
81281,1825.0005106642222
81282,1825.0005106642222
81283,1825.0005106642222
81284,1825.0005106642222
81285,1825.0005106642222
81286,1825.0005106642222
81287,1825.0005106642222
81288,1825.0005106642222
81289,1825.0005106642222
81290,1825.0005106642222
81291,1825.0005106642222
81292,1825.0005106642222
81293,1825.0005106642222
81294,1825.0005106642222
81295,1825.0005106642222
81296,1825.0005106642222
81297,1825.0005106642222
81298,1825.0005106642222
81299,1825.0005106642222
81300,1825.0005106642222
81301,1825.0005106642222
81302,1825.0005106642222
81303,1825.0005106642222
81304,1825.0005106642222
81305,1825.0005106642222
81306,1825.0005106642222
81307,1825.0005106642222
81308,1825.0005106642222
81309,1825.0005106642222
81310,1825.0005106642222
81311,1825.0005106642222
81312,1825.0005106642222
81313,1825.0005106642222
81314,1825.0005106642222
81315,1825.0005106642222
81316,1825.0005106642222
81317,1825.0005106642222
81318,1825.0005106642222
81319,1825.0005106642222
81320,1825.0005106642222
81321,1825.0005106642222
81322,1825.0005106642222
81323,1825.0005106642222
81324,1825.0005106642222
81325,1825.0005106642222
81326,1825.0005106642222
81327,1825.0005106642222
81328,1825.0005106642222
81329,1825.0005106642222
81330,1825.0005106642222
81331,1825.0005106642222
81332,1825.0005106642222
81333,1825.0005106642222
81334,1825.0005106642222
81335,1825.0005106642222
81336,1825.0005106642222
81337,1825.0005106642222
81338,1825.0005106642222
81339,1825.0005106642222
81340,1825.0005106642222
81341,1825.0005106642222
81342,1825.0005106642222
81343,1825.0005106642222
81344,1825.0005106642222
81345,1825.0005106642222
81346,1825.0005106642222
81347,1825.0005106642222
81348,1825.0005106642222
81349,1825.0005106642222
81350,1825.0005106642222
81351,1825.0005106642222
81352,1825.0005106642222
81353,1825.0005106642222
81354,1825.0005106642222
81355,1825.0005106642222
81356,1825.0005106642222
81357,1825.0005106642222
81358,1825.0005106642222
81359,1825.0005106642222
81360,1825.0005106642222
81361,1825.0005106642222
81362,1825.0005106642222
81363,1825.0005106642222
81364,1825.0005106642222
81365,1825.0005106642222
81366,1825.0005106642222
81367,1825.0005106642222
81368,1825.0005106642222
81369,1825.0005106642222
81370,1825.0005106642222
81371,1825.0005106642222
81372,1825.0005106642222
81373,1825.0005106642222
81374,1825.0005106642222
81375,1825.0005106642222
81376,1825.0005106642222
81377,1825.0005106642222
81378,1825.0005106642222
81379,1825.0005106642222
81380,1825.0005106642222
81381,1825.0005106642222
81382,1825.0005106642222
81383,1825.0005106642222
81384,1825.0005106642222
81385,1825.0005106642222
81386,1825.0005106642222
81387,1825.0005106642222
81388,1825.0005106642222
81389,1825.0005106642222
81390,1825.0005106642222
81391,1825.0005106642222
81392,1825.0005106642222
81393,1825.0005106642222
81394,1825.0005106642222
81395,1825.0005106642222
81396,1825.0005106642222
81397,1825.0005106642222
81398,1825.0005106642222
81399,1825.0005106642222
81400,1825.0005106642222
81401,1825.0005106642222
81402,1825.0005106642222
81403,1825.0005106642222
81404,1825.0005106642222
81405,1825.0005106642222
81406,1825.0005106642222
81407,1825.0005106642222
81408,1825.0005106642222
81409,1825.0005106642222
81410,1825.0005106642222
81411,1825.0005106642222
81412,1825.0005106642222
81413,1825.0005106642222
81414,1825.0005106642222
81415,1825.0005106642222
81416,1825.0005106642222
81417,1825.0005106642222
81418,1825.0005106642222
81419,1825.0005106642222
81420,1825.0005106642222
81421,1825.0005106642222
81422,1825.0005106642222
81423,1825.0005106642222
81424,1825.0005106642222
81425,1825.0005106642222
81426,1825.0005106642222
81427,1825.0005106642222
81428,1825.0005106642222
81429,1825.0005106642222
81430,1825.0005106642222
81431,1825.0005106642222
81432,1825.0005106642222
81433,1825.0005106642222
81434,1825.0005106642222
81435,1825.0005106642222
81436,1825.0005106642222
81437,1825.0005106642222
81438,1825.0005106642222
81439,1825.0005106642222
81440,1825.0005106642222
81441,1825.0005106642222
81442,1825.0005106642222
81443,1825.0005106642222
81444,1825.0005106642222
81445,1825.0005106642222
81446,1825.0005106642222
81447,1825.0005106642222
81448,1825.0005106642222
81449,1825.0005106642222
81450,1825.0005106642222
81451,1825.0005106642222
81452,1825.0005106642222
81453,1825.0005106642222
81454,1825.0005106642222
81455,1825.0005106642222
81456,1825.0005106642222
81457,1825.0005106642222
81458,1825.0005106642222
81459,1825.0005106642222
81460,1825.0005106642222
81461,1825.0005106642222
81462,1825.0005106642222
81463,1825.0005106642222
81464,1825.0005106642222
81465,1825.0005106642222
81466,1825.0005106642222
81467,1825.0005106642222
81468,1825.0005106642222
81469,1825.0005106642222
81470,1825.0005106642222
81471,1825.0005106642222
81472,1825.0005106642222
81473,1825.0005106642222
81474,1825.0005106642222
81475,1825.0005106642222
81476,1825.0005106642222
81477,1825.0005106642222
81478,1825.0005106642222
81479,1825.0005106642222
81480,1825.0005106642222
81481,1825.0005106642222
81482,1825.0005106642222
81483,1825.0005106642222
81484,1825.0005106642222
81485,1825.0005106642222
81486,1825.0005106642222
81487,1825.0005106642222
81488,1825.0005106642222
81489,1825.0005106642222
81490,1825.0005106642222
81491,1825.0005106642222
81492,1825.0005106642222
81493,1825.0005106642222
81494,1825.0005106642222
81495,1825.0005106642222
81496,1825.0005106642222
81497,1825.0005106642222
81498,1825.0005106642222
81499,1825.0005106642222
81500,1825.0005106642222
81501,1825.0005106642222
81502,1825.0005106642222
81503,1825.0005106642222
81504,1825.0005106642222
81505,1825.0005106642222
81506,1825.0005106642222
81507,1825.0005106642222
81508,1825.0005106642222
81509,1825.0005106642222
81510,1825.0005106642222
81511,1825.0005106642222
81512,1825.0005106642222
81513,1825.0005106642222
81514,1825.0005106642222
81515,1825.0005106642222
81516,1825.0005106642222
81517,1825.0005106642222
81518,1825.0005106642222
81519,1825.0005106642222
81520,1825.0005106642222
81521,1825.0005106642222
81522,1825.0005106642222
81523,1825.0005106642222
81524,1825.0005106642222
81525,1825.0005106642222
81526,1825.0005106642222
81527,1825.0005106642222
81528,1825.0005106642222
81529,1825.0005106642222
81530,1825.0005106642222
81531,1825.0005106642222
81532,1825.0005106642222
81533,1825.0005106642222
81534,1825.0005106642222
81535,1825.0005106642222
81536,1825.0005106642222
81537,1825.0005106642222
81538,1825.0005106642222
81539,1825.0005106642222
81540,1825.0005106642222
81541,1825.0005106642222
81542,1825.0005106642222
81543,1825.0005106642222
81544,1825.0005106642222
81545,1825.0005106642222
81546,1825.0005106642222
81547,1825.0005106642222
81548,1825.0005106642222
81549,1825.0005106642222
81550,1825.0005106642222
81551,1825.0005106642222
81552,1825.0005106642222
81553,1825.0005106642222
81554,1825.0005106642222
81555,1825.0005106642222
81556,1825.0005106642222
81557,1825.0005106642222
81558,1825.0005106642222
81559,1825.0005106642222
81560,1825.0005106642222
81561,1825.0005106642222
81562,1825.0005106642222
81563,1825.0005106642222
81564,1825.0005106642222
81565,1825.0005106642222
81566,1825.0005106642222
81567,1825.0005106642222
81568,1825.0005106642222
81569,1825.0005106642222
81570,1825.0005106642222
81571,1825.0005106642222
81572,1825.0005106642222
81573,1825.0005106642222
81574,1825.0005106642222
81575,1825.0005106642222
81576,1825.0005106642222
81577,1825.0005106642222
81578,1825.0005106642222
81579,1825.0005106642222
81580,1825.0005106642222
81581,1825.0005106642222
81582,1825.0005106642222
81583,1825.0005106642222
81584,1825.0005106642222
81585,1825.0005106642222
81586,1825.0005106642222
81587,1825.0005106642222
81588,1825.0005106642222
81589,1825.0005106642222
81590,1825.0005106642222
81591,1825.0005106642222
81592,1825.0005106642222
81593,1825.0005106642222
81594,1825.0005106642222
81595,1825.0005106642222
81596,1825.0005106642222
81597,1825.0005106642222
81598,1825.0005106642222
81599,1825.0005106642222
81600,1825.0005106642222
81601,1825.0005106642222
81602,1825.0005106642222
81603,1825.0005106642222
81604,1825.0005106642222
81605,1825.0005106642222
81606,1825.0005106642222
81607,1825.0005106642222
81608,1825.0005106642222
81609,1825.0005106642222
81610,1825.0005106642222
81611,1825.0005106642222
81612,1825.0005106642222
81613,1825.0005106642222
81614,1825.0005106642222
81615,1825.0005106642222
81616,1825.0005106642222
81617,1825.0005106642222
81618,1825.0005106642222
81619,1825.0005106642222
81620,1825.0005106642222
81621,1825.0005106642222
81622,1825.0005106642222
81623,1825.0005106642222
81624,1825.0005106642222
81625,1825.0005106642222
81626,1825.0005106642222
81627,1825.0005106642222
81628,1825.0005106642222
81629,1825.0005106642222
81630,1825.0005106642222
81631,1825.0005106642222
81632,1825.0005106642222
81633,1825.0005106642222
81634,1825.0005106642222
81635,1825.0005106642222
81636,1825.0005106642222
81637,1825.0005106642222
81638,1825.0005106642222
81639,1825.0005106642222
81640,1825.0005106642222
81641,1825.0005106642222
81642,1825.0005106642222
81643,1825.0005106642222
81644,1825.0005106642222
81645,1825.0005106642222
81646,1825.0005106642222
81647,1825.0005106642222
81648,1825.0005106642222
81649,1825.0005106642222
81650,1825.0005106642222
81651,1825.0005106642222
81652,1825.0005106642222
81653,1825.0005106642222
81654,1825.0005106642222
81655,1825.0005106642222
81656,1825.0005106642222
81657,1825.0005106642222
81658,1825.0005106642222
81659,1825.0005106642222
81660,1825.0005106642222
81661,1825.0005106642222
81662,1825.0005106642222
81663,1825.0005106642222
81664,1825.0005106642222
81665,1825.0005106642222
81666,1825.0005106642222
81667,1825.0005106642222
81668,1825.0005106642222
81669,1825.0005106642222
81670,1825.0005106642222
81671,1825.0005106642222
81672,1825.0005106642222
81673,1825.0005106642222
81674,1825.0005106642222
81675,1825.0005106642222
81676,1825.0005106642222
81677,1825.0005106642222
81678,1825.0005106642222
81679,1825.0005106642222
81680,1825.0005106642222
81681,1825.0005106642222
81682,1825.0005106642222
81683,1825.0005106642222
81684,1825.0005106642222
81685,1825.0005106642222
81686,1825.0005106642222
81687,1825.0005106642222
81688,1825.0005106642222
81689,1825.0005106642222
81690,1825.0005106642222
81691,1825.0005106642222
81692,1825.0005106642222
81693,1825.0005106642222
81694,1825.0005106642222
81695,1825.0005106642222
81696,1825.0005106642222
81697,1825.0005106642222
81698,1825.0005106642222
81699,1825.0005106642222
81700,1825.0005106642222
81701,1825.0005106642222
81702,1825.0005106642222
81703,1825.0005106642222
81704,1825.0005106642222
81705,1825.0005106642222
81706,1825.0005106642222
81707,1825.0005106642222
81708,1825.0005106642222
81709,1825.0005106642222
81710,1825.0005106642222
81711,1825.0005106642222
81712,1825.0005106642222
81713,1825.0005106642222
81714,1825.0005106642222
81715,1825.0005106642222
81716,1825.0005106642222
81717,1825.0005106642222
81718,1825.0005106642222
81719,1825.0005106642222
81720,1825.0005106642222
81721,1825.0005106642222
81722,1825.0005106642222
81723,1825.0005106642222
81724,1825.0005106642222
81725,1825.0005106642222
81726,1825.0005106642222
81727,1825.0005106642222
81728,1825.0005106642222
81729,1825.0005106642222
81730,1825.0005106642222
81731,1825.0005106642222
81732,1825.0005106642222
81733,1825.0005106642222
81734,1825.0005106642222
81735,1825.0005106642222
81736,1825.0005106642222
81737,1825.0005106642222
81738,1825.0005106642222
81739,1825.0005106642222
81740,1825.0005106642222
81741,1825.0005106642222
81742,1825.0005106642222
81743,1825.0005106642222
81744,1825.0005106642222
81745,1825.0005106642222
81746,1825.0005106642222
81747,1825.0005106642222
81748,1825.0005106642222
81749,1825.0005106642222
81750,1825.0005106642222
81751,1825.0005106642222
81752,1825.0005106642222
81753,1825.0005106642222
81754,1825.0005106642222
81755,1825.0005106642222
81756,1825.0005106642222
81757,1825.0005106642222
81758,1825.0005106642222
81759,1825.0005106642222
81760,1825.0005106642222
81761,1825.0005106642222
81762,1825.0005106642222
81763,1825.0005106642222
81764,1825.0005106642222
81765,1825.0005106642222
81766,1825.0005106642222
81767,1825.0005106642222
81768,1825.0005106642222
81769,1825.0005106642222
81770,1825.0005106642222
81771,1825.0005106642222
81772,1825.0005106642222
81773,1825.0005106642222
81774,1825.0005106642222
81775,1825.0005106642222
81776,1825.0005106642222
81777,1825.0005106642222
81778,1825.0005106642222
81779,1825.0005106642222
81780,1825.0005106642222
81781,1825.0005106642222
81782,1825.0005106642222
81783,1825.0005106642222
81784,1825.0005106642222
81785,1825.0005106642222
81786,1825.0005106642222
81787,1825.0005106642222
81788,1825.0005106642222
81789,1825.0005106642222
81790,1825.0005106642222
81791,1825.0005106642222
81792,1825.0005106642222
81793,1825.0005106642222
81794,1825.0005106642222
81795,1825.0005106642222
81796,1825.0005106642222
81797,1825.0005106642222
81798,1825.0005106642222
81799,1825.0005106642222
81800,1825.0005106642222
81801,1825.0005106642222
81802,1825.0005106642222
81803,1825.0005106642222
81804,1825.0005106642222
81805,1825.0005106642222
81806,1825.0005106642222
81807,1825.0005106642222
81808,1825.0005106642222
81809,1825.0005106642222
81810,1825.0005106642222
81811,1825.0005106642222
81812,1825.0005106642222
81813,1825.0005106642222
81814,1825.0005106642222
81815,1825.0005106642222
81816,1825.0005106642222
81817,1825.0005106642222
81818,1825.0005106642222
81819,1825.0005106642222
81820,1825.0005106642222
81821,1825.0005106642222
81822,1825.0005106642222
81823,1825.0005106642222
81824,1825.0005106642222
81825,1825.0005106642222
81826,1825.0005106642222
81827,1825.0005106642222
81828,1825.0005106642222
81829,1825.0005106642222
81830,1825.0005106642222
81831,1825.0005106642222
81832,1825.0005106642222
81833,1825.0005106642222
81834,1825.0005106642222
81835,1825.0005106642222
81836,1825.0005106642222
81837,1825.0005106642222
81838,1825.0005106642222
81839,1825.0005106642222
81840,1825.0005106642222
81841,1825.0005106642222
81842,1825.0005106642222
81843,1825.0005106642222
81844,1825.0005106642222
81845,1825.0005106642222
81846,1825.0005106642222
81847,1825.0005106642222
81848,1825.0005106642222
81849,1825.0005106642222
81850,1825.0005106642222
81851,1825.0005106642222
81852,1825.0005106642222
81853,1825.0005106642222
81854,1825.0005106642222
81855,1825.0005106642222
81856,1825.0005106642222
81857,1825.0005106642222
81858,1825.0005106642222
81859,1825.0005106642222
81860,1825.0005106642222
81861,1825.0005106642222
81862,1825.0005106642222
81863,1825.0005106642222
81864,1825.0005106642222
81865,1825.0005106642222
81866,1825.0005106642222
81867,1825.0005106642222
81868,1825.0005106642222
81869,1825.0005106642222
81870,1825.0005106642222
81871,1825.0005106642222
81872,1825.0005106642222
81873,1825.0005106642222
81874,1825.0005106642222
81875,1825.0005106642222
81876,1825.0005106642222
81877,1825.0005106642222
81878,1825.0005106642222
81879,1825.0005106642222
81880,1825.0005106642222
81881,1825.0005106642222
81882,1825.0005106642222
81883,1825.0005106642222
81884,1825.0005106642222
81885,1825.0005106642222
81886,1825.0005106642222
81887,1825.0005106642222
81888,1825.0005106642222
81889,1825.0005106642222
81890,1825.0005106642222
81891,1825.0005106642222
81892,1825.0005106642222
81893,1825.0005106642222
81894,1825.0005106642222
81895,1825.0005106642222
81896,1825.0005106642222
81897,1825.0005106642222
81898,1825.0005106642222
81899,1825.0005106642222
81900,1825.0005106642222
81901,1825.0005106642222
81902,1825.0005106642222
81903,1825.0005106642222
81904,1825.0005106642222
81905,1825.0005106642222
81906,1825.0005106642222
81907,1825.0005106642222
81908,1825.0005106642222
81909,1825.0005106642222
81910,1825.0005106642222
81911,1825.0005106642222
81912,1825.0005106642222
81913,1825.0005106642222
81914,1825.0005106642222
81915,1825.0005106642222
81916,1825.0005106642222
81917,1825.0005106642222
81918,1825.0005106642222
81919,1825.0005106642222
81920,1825.0005106642222
81921,1825.0005106642222
81922,1825.0005106642222
81923,1825.0005106642222
81924,1825.0005106642222
81925,1825.0005106642222
81926,1825.0005106642222
81927,1825.0005106642222
81928,1825.0005106642222
81929,1825.0005106642222
81930,1825.0005106642222
81931,1825.0005106642222
81932,1825.0005106642222
81933,1825.0005106642222
81934,1825.0005106642222
81935,1825.0005106642222
81936,1825.0005106642222
81937,1825.0005106642222
81938,1825.0005106642222
81939,1825.0005106642222
81940,1825.0005106642222
81941,1825.0005106642222
81942,1825.0005106642222
81943,1825.0005106642222
81944,1825.0005106642222
81945,1825.0005106642222
81946,1825.0005106642222
81947,1825.0005106642222
81948,1825.0005106642222
81949,1825.0005106642222
81950,1825.0005106642222
81951,1825.0005106642222
81952,1825.0005106642222
81953,1825.0005106642222
81954,1825.0005106642222
81955,1825.0005106642222
81956,1825.0005106642222
81957,1825.0005106642222
81958,1825.0005106642222
81959,1825.0005106642222
81960,1825.0005106642222
81961,1825.0005106642222
81962,1825.0005106642222
81963,1825.0005106642222
81964,1825.0005106642222
81965,1825.0005106642222
81966,1825.0005106642222
81967,1825.0005106642222
81968,1825.0005106642222
81969,1825.0005106642222
81970,1825.0005106642222
81971,1825.0005106642222
81972,1825.0005106642222
81973,1825.0005106642222
81974,1825.0005106642222
81975,1825.0005106642222
81976,1825.0005106642222
81977,1825.0005106642222
81978,1825.0005106642222
81979,1825.0005106642222
81980,1825.0005106642222
81981,1825.0005106642222
81982,1825.0005106642222
81983,1825.0005106642222
81984,1825.0005106642222
81985,1825.0005106642222
81986,1825.0005106642222
81987,1825.0005106642222
81988,1825.0005106642222
81989,1825.0005106642222
81990,1825.0005106642222
81991,1825.0005106642222
81992,1825.0005106642222
81993,1825.0005106642222
81994,1825.0005106642222
81995,1825.0005106642222
81996,1825.0005106642222
81997,1825.0005106642222
81998,1825.0005106642222
81999,1825.0005106642222
82000,1825.0005106642222
82001,1825.0005106642222
82002,1825.0005106642222
82003,1825.0005106642222
82004,1825.0005106642222
82005,1825.0005106642222
82006,1825.0005106642222
82007,1825.0005106642222
82008,1825.0005106642222
82009,1825.0005106642222
82010,1825.0005106642222
82011,1825.0005106642222
82012,1825.0005106642222
82013,1825.0005106642222
82014,1825.0005106642222
82015,1825.0005106642222
82016,1825.0005106642222
82017,1825.0005106642222
82018,1825.0005106642222
82019,1825.0005106642222
82020,1825.0005106642222
82021,1825.0005106642222
82022,1825.0005106642222
82023,1825.0005106642222
82024,1825.0005106642222
82025,1825.0005106642222
82026,1825.0005106642222
82027,1825.0005106642222
82028,1825.0005106642222
82029,1825.0005106642222
82030,1825.0005106642222
82031,1825.0005106642222
82032,1825.0005106642222
82033,1825.0005106642222
82034,1825.0005106642222
82035,1825.0005106642222
82036,1825.0005106642222
82037,1825.0005106642222
82038,1825.0005106642222
82039,1825.0005106642222
82040,1825.0005106642222
82041,1825.0005106642222
82042,1825.0005106642222
82043,1825.0005106642222
82044,1825.0005106642222
82045,1825.0005106642222
82046,1825.0005106642222
82047,1825.0005106642222
82048,1825.0005106642222
82049,1825.0005106642222
82050,1825.0005106642222
82051,1825.0005106642222
82052,1825.0005106642222
82053,1825.0005106642222
82054,1825.0005106642222
82055,1825.0005106642222
82056,1825.0005106642222
82057,1825.0005106642222
82058,1825.0005106642222
82059,1825.0005106642222
82060,1825.0005106642222
82061,1825.0005106642222
82062,1825.0005106642222
82063,1825.0005106642222
82064,1825.0005106642222
82065,1825.0005106642222
82066,1825.0005106642222
82067,1825.0005106642222
82068,1825.0005106642222
82069,1825.0005106642222
82070,1825.0005106642222
82071,1825.0005106642222
82072,1825.0005106642222
82073,1825.0005106642222
82074,1825.0005106642222
82075,1825.0005106642222
82076,1825.0005106642222
82077,1825.0005106642222
82078,1825.0005106642222
82079,1825.0005106642222
82080,1825.0005106642222
82081,1825.0005106642222
82082,1825.0005106642222
82083,1825.0005106642222
82084,1825.0005106642222
82085,1825.0005106642222
82086,1825.0005106642222
82087,1825.0005106642222
82088,1825.0005106642222
82089,1825.0005106642222
82090,1825.0005106642222
82091,1825.0005106642222
82092,1825.0005106642222
82093,1825.0005106642222
82094,1825.0005106642222
82095,1825.0005106642222
82096,1825.0005106642222
82097,1825.0005106642222
82098,1825.0005106642222
82099,1825.0005106642222
82100,1825.0005106642222
82101,1825.0005106642222
82102,1825.0005106642222
82103,1825.0005106642222
82104,1825.0005106642222
82105,1825.0005106642222
82106,1825.0005106642222
82107,1825.0005106642222
82108,1825.0005106642222
82109,1825.0005106642222
82110,1825.0005106642222
82111,1825.0005106642222
82112,1825.0005106642222
82113,1825.0005106642222
82114,1825.0005106642222
82115,1825.0005106642222
82116,1825.0005106642222
82117,1825.0005106642222
82118,1825.0005106642222
82119,1825.0005106642222
82120,1825.0005106642222
82121,1825.0005106642222
82122,1825.0005106642222
82123,1825.0005106642222
82124,1825.0005106642222
82125,1825.0005106642222
82126,1825.0005106642222
82127,1825.0005106642222
82128,1825.0005106642222
82129,1825.0005106642222
82130,1825.0005106642222
82131,1825.0005106642222
82132,1825.0005106642222
82133,1825.0005106642222
82134,1825.0005106642222
82135,1825.0005106642222
82136,1825.0005106642222
82137,1825.0005106642222
82138,1825.0005106642222
82139,1825.0005106642222
82140,1825.0005106642222
82141,1825.0005106642222
82142,1825.0005106642222
82143,1825.0005106642222
82144,1825.0005106642222
82145,1825.0005106642222
82146,1825.0005106642222
82147,1825.0005106642222
82148,1825.0005106642222
82149,1825.0005106642222
82150,1825.0005106642222
82151,1825.0005106642222
82152,1825.0005106642222
82153,1825.0005106642222
82154,1825.0005106642222
82155,1825.0005106642222
82156,1825.0005106642222
82157,1825.0005106642222
82158,1825.0005106642222
82159,1825.0005106642222
82160,1825.0005106642222
82161,1825.0005106642222
82162,1825.0005106642222
82163,1825.0005106642222
82164,1825.0005106642222
82165,1825.0005106642222
82166,1825.0005106642222
82167,1825.0005106642222
82168,1825.0005106642222
82169,1825.0005106642222
82170,1825.0005106642222
82171,1825.0005106642222
82172,1825.0005106642222
82173,1825.0005106642222
82174,1825.0005106642222
82175,1825.0005106642222
82176,1825.0005106642222
82177,1825.0005106642222
82178,1825.0005106642222
82179,1825.0005106642222
82180,1825.0005106642222
82181,1825.0005106642222
82182,1825.0005106642222
82183,1825.0005106642222
82184,1825.0005106642222
82185,1825.0005106642222
82186,1825.0005106642222
82187,1825.0005106642222
82188,1825.0005106642222
82189,1825.0005106642222
82190,1825.0005106642222
82191,1825.0005106642222
82192,1825.0005106642222
82193,1825.0005106642222
82194,1825.0005106642222
82195,1825.0005106642222
82196,1825.0005106642222
82197,1825.0005106642222
82198,1825.0005106642222
82199,1825.0005106642222
82200,1825.0005106642222
82201,1825.0005106642222
82202,1825.0005106642222
82203,1825.0005106642222
82204,1825.0005106642222
82205,1825.0005106642222
82206,1825.0005106642222
82207,1825.0005106642222
82208,1825.0005106642222
82209,1825.0005106642222
82210,1825.0005106642222
82211,1825.0005106642222
82212,1825.0005106642222
82213,1825.0005106642222
82214,1825.0005106642222
82215,1825.0005106642222
82216,1825.0005106642222
82217,1825.0005106642222
82218,1825.0005106642222
82219,1825.0005106642222
82220,1825.0005106642222
82221,1825.0005106642222
82222,1825.0005106642222
82223,1825.0005106642222
82224,1825.0005106642222
82225,1825.0005106642222
82226,1825.0005106642222
82227,1825.0005106642222
82228,1825.0005106642222
82229,1825.0005106642222
82230,1825.0005106642222
82231,1825.0005106642222
82232,1825.0005106642222
82233,1825.0005106642222
82234,1825.0005106642222
82235,1825.0005106642222
82236,1825.0005106642222
82237,1825.0005106642222
82238,1825.0005106642222
82239,1825.0005106642222
82240,1825.0005106642222
82241,1825.0005106642222
82242,1825.0005106642222
82243,1825.0005106642222
82244,1825.0005106642222
82245,1825.0005106642222
82246,1825.0005106642222
82247,1825.0005106642222
82248,1825.0005106642222
82249,1825.0005106642222
82250,1825.0005106642222
82251,1825.0005106642222
82252,1825.0005106642222
82253,1825.0005106642222
82254,1825.0005106642222
82255,1825.0005106642222
82256,1825.0005106642222
82257,1825.0005106642222
82258,1825.0005106642222
82259,1825.0005106642222
82260,1825.0005106642222
82261,1825.0005106642222
82262,1825.0005106642222
82263,1825.0005106642222
82264,1825.0005106642222
82265,1825.0005106642222
82266,1825.0005106642222
82267,1825.0005106642222
82268,1825.0005106642222
82269,1825.0005106642222
82270,1825.0005106642222
82271,1825.0005106642222
82272,1825.0005106642222
82273,1825.0005106642222
82274,1825.0005106642222
82275,1825.0005106642222
82276,1825.0005106642222
82277,1825.0005106642222
82278,1825.0005106642222
82279,1825.0005106642222
82280,1825.0005106642222
82281,1825.0005106642222
82282,1825.0005106642222
82283,1825.0005106642222
82284,1825.0005106642222
82285,1825.0005106642222
82286,1825.0005106642222
82287,1825.0005106642222
82288,1825.0005106642222
82289,1825.0005106642222
82290,1825.0005106642222
82291,1825.0005106642222
82292,1825.0005106642222
82293,1825.0005106642222
82294,1825.0005106642222
82295,1825.0005106642222
82296,1825.0005106642222
82297,1825.0005106642222
82298,1825.0005106642222
82299,1825.0005106642222
82300,1825.0005106642222
82301,1825.0005106642222
82302,1825.0005106642222
82303,1825.0005106642222
82304,1825.0005106642222
82305,1825.0005106642222
82306,1825.0005106642222
82307,1825.0005106642222
82308,1825.0005106642222
82309,1825.0005106642222
82310,1825.0005106642222
82311,1825.0005106642222
82312,1825.0005106642222
82313,1825.0005106642222
82314,1825.0005106642222
82315,1825.0005106642222
82316,1825.0005106642222
82317,1825.0005106642222
82318,1825.0005106642222
82319,1825.0005106642222
82320,1825.0005106642222
82321,1825.0005106642222
82322,1825.0005106642222
82323,1825.0005106642222
82324,1825.0005106642222
82325,1825.0005106642222
82326,1825.0005106642222
82327,1825.0005106642222
82328,1825.0005106642222
82329,1825.0005106642222
82330,1825.0005106642222
82331,1825.0005106642222
82332,1825.0005106642222
82333,1825.0005106642222
82334,1825.0005106642222
82335,1825.0005106642222
82336,1825.0005106642222
82337,1825.0005106642222
82338,1825.0005106642222
82339,1825.0005106642222
82340,1825.0005106642222
82341,1825.0005106642222
82342,1825.0005106642222
82343,1825.0005106642222
82344,1825.0005106642222
82345,1825.0005106642222
82346,1825.0005106642222
82347,1825.0005106642222
82348,1825.0005106642222
82349,1825.0005106642222
82350,1825.0005106642222
82351,1825.0005106642222
82352,1825.0005106642222
82353,1825.0005106642222
82354,1825.0005106642222
82355,1825.0005106642222
82356,1825.0005106642222
82357,1825.0005106642222
82358,1825.0005106642222
82359,1825.0005106642222
82360,1825.0005106642222
82361,1825.0005106642222
82362,1825.0005106642222
82363,1825.0005106642222
82364,1825.0005106642222
82365,1825.0005106642222
82366,1825.0005106642222
82367,1825.0005106642222
82368,1825.0005106642222
82369,1825.0005106642222
82370,1825.0005106642222
82371,1825.0005106642222
82372,1825.0005106642222
82373,1825.0005106642222
82374,1825.0005106642222
82375,1825.0005106642222
82376,1825.0005106642222
82377,1825.0005106642222
82378,1825.0005106642222
82379,1825.0005106642222
82380,1825.0005106642222
82381,1825.0005106642222
82382,1825.0005106642222
82383,1825.0005106642222
82384,1825.0005106642222
82385,1825.0005106642222
82386,1825.0005106642222
82387,1825.0005106642222
82388,1825.0005106642222
82389,1825.0005106642222
82390,1825.0005106642222
82391,1825.0005106642222
82392,1825.0005106642222
82393,1825.0005106642222
82394,1825.0005106642222
82395,1825.0005106642222
82396,1825.0005106642222
82397,1825.0005106642222
82398,1825.0005106642222
82399,1825.0005106642222
82400,1825.0005106642222
82401,1825.0005106642222
82402,1825.0005106642222
82403,1825.0005106642222
82404,1825.0005106642222
82405,1825.0005106642222
82406,1825.0005106642222
82407,1825.0005106642222
82408,1825.0005106642222
82409,1825.0005106642222
82410,1825.0005106642222
82411,1825.0005106642222
82412,1825.0005106642222
82413,1825.0005106642222
82414,1825.0005106642222
82415,1825.0005106642222
82416,1825.0005106642222
82417,1825.0005106642222
82418,1825.0005106642222
82419,1825.0005106642222
82420,1825.0005106642222
82421,1825.0005106642222
82422,1825.0005106642222
82423,1825.0005106642222
82424,1825.0005106642222
82425,1825.0005106642222
82426,1825.0005106642222
82427,1825.0005106642222
82428,1825.0005106642222
82429,1825.0005106642222
82430,1825.0005106642222
82431,1825.0005106642222
82432,1825.0005106642222
82433,1825.0005106642222
82434,1825.0005106642222
82435,1825.0005106642222
82436,1825.0005106642222
82437,1825.0005106642222
82438,1825.0005106642222
82439,1825.0005106642222
82440,1825.0005106642222
82441,1825.0005106642222
82442,1825.0005106642222
82443,1825.0005106642222
82444,1825.0005106642222
82445,1825.0005106642222
82446,1825.0005106642222
82447,1825.0005106642222
82448,1825.0005106642222
82449,1825.0005106642222
82450,1825.0005106642222
82451,1825.0005106642222
82452,1825.0005106642222
82453,1825.0005106642222
82454,1825.0005106642222
82455,1825.0005106642222
82456,1825.0005106642222
82457,1825.0005106642222
82458,1825.0005106642222
82459,1825.0005106642222
82460,1825.0005106642222
82461,1825.0005106642222
82462,1825.0005106642222
82463,1825.0005106642222
82464,1825.0005106642222
82465,1825.0005106642222
82466,1825.0005106642222
82467,1825.0005106642222
82468,1825.0005106642222
82469,1825.0005106642222
82470,1825.0005106642222
82471,1825.0005106642222
82472,1825.0005106642222
82473,1825.0005106642222
82474,1825.0005106642222
82475,1825.0005106642222
82476,1825.0005106642222
82477,1825.0005106642222
82478,1825.0005106642222
82479,1825.0005106642222
82480,1825.0005106642222
82481,1825.0005106642222
82482,1825.0005106642222
82483,1825.0005106642222
82484,1825.0005106642222
82485,1825.0005106642222
82486,1825.0005106642222
82487,1825.0005106642222
82488,1825.0005106642222
82489,1825.0005106642222
82490,1825.0005106642222
82491,1825.0005106642222
82492,1825.0005106642222
82493,1825.0005106642222
82494,1825.0005106642222
82495,1825.0005106642222
82496,1825.0005106642222
82497,1825.0005106642222
82498,1825.0005106642222
82499,1825.0005106642222
82500,1825.0005106642222
82501,1825.0005106642222
82502,1825.0005106642222
82503,1825.0005106642222
82504,1825.0005106642222
82505,1825.0005106642222
82506,1825.0005106642222
82507,1825.0005106642222
82508,1825.0005106642222
82509,1825.0005106642222
82510,1825.0005106642222
82511,1825.0005106642222
82512,1825.0005106642222
82513,1825.0005106642222
82514,1825.0005106642222
82515,1825.0005106642222
82516,1825.0005106642222
82517,1825.0005106642222
82518,1825.0005106642222
82519,1825.0005106642222
82520,1825.0005106642222
82521,1825.0005106642222
82522,1825.0005106642222
82523,1825.0005106642222
82524,1825.0005106642222
82525,1825.0005106642222
82526,1825.0005106642222
82527,1825.0005106642222
82528,1825.0005106642222
82529,1825.0005106642222
82530,1825.0005106642222
82531,1825.0005106642222
82532,1825.0005106642222
82533,1825.0005106642222
82534,1825.0005106642222
82535,1825.0005106642222
82536,1825.0005106642222
82537,1825.0005106642222
82538,1825.0005106642222
82539,1825.0005106642222
82540,1825.0005106642222
82541,1825.0005106642222
82542,1825.0005106642222
82543,1825.0005106642222
82544,1825.0005106642222
82545,1825.0005106642222
82546,1825.0005106642222
82547,1825.0005106642222
82548,1825.0005106642222
82549,1825.0005106642222
82550,1825.0005106642222
82551,1825.0005106642222
82552,1825.0005106642222
82553,1825.0005106642222
82554,1825.0005106642222
82555,1825.0005106642222
82556,1825.0005106642222
82557,1825.0005106642222
82558,1825.0005106642222
82559,1825.0005106642222
82560,1825.0005106642222
82561,1825.0005106642222
82562,1825.0005106642222
82563,1825.0005106642222
82564,1825.0005106642222
82565,1825.0005106642222
82566,1825.0005106642222
82567,1825.0005106642222
82568,1825.0005106642222
82569,1825.0005106642222
82570,1825.0005106642222
82571,1825.0005106642222
82572,1825.0005106642222
82573,1825.0005106642222
82574,1825.0005106642222
82575,1825.0005106642222
82576,1825.0005106642222
82577,1825.0005106642222
82578,1825.0005106642222
82579,1825.0005106642222
82580,1825.0005106642222
82581,1825.0005106642222
82582,1825.0005106642222
82583,1825.0005106642222
82584,1825.0005106642222
82585,1825.0005106642222
82586,1825.0005106642222
82587,1825.0005106642222
82588,1825.0005106642222
82589,1825.0005106642222
82590,1825.0005106642222
82591,1825.0005106642222
82592,1825.0005106642222
82593,1825.0005106642222
82594,1825.0005106642222
82595,1825.0005106642222
82596,1825.0005106642222
82597,1825.0005106642222
82598,1825.0005106642222
82599,1825.0005106642222
82600,1825.0005106642222
82601,1825.0005106642222
82602,1825.0005106642222
82603,1825.0005106642222
82604,1825.0005106642222
82605,1825.0005106642222
82606,1825.0005106642222
82607,1825.0005106642222
82608,1825.0005106642222
82609,1825.0005106642222
82610,1825.0005106642222
82611,1825.0005106642222
82612,1825.0005106642222
82613,1825.0005106642222
82614,1825.0005106642222
82615,1825.0005106642222
82616,1825.0005106642222
82617,1825.0005106642222
82618,1825.0005106642222
82619,1825.0005106642222
82620,1825.0005106642222
82621,1825.0005106642222
82622,1825.0005106642222
82623,1825.0005106642222
82624,1825.0005106642222
82625,1825.0005106642222
82626,1825.0005106642222
82627,1825.0005106642222
82628,1825.0005106642222
82629,1825.0005106642222
82630,1825.0005106642222
82631,1825.0005106642222
82632,1825.0005106642222
82633,1825.0005106642222
82634,1825.0005106642222
82635,1825.0005106642222
82636,1825.0005106642222
82637,1825.0005106642222
82638,1825.0005106642222
82639,1825.0005106642222
82640,1825.0005106642222
82641,1825.0005106642222
82642,1825.0005106642222
82643,1825.0005106642222
82644,1825.0005106642222
82645,1825.0005106642222
82646,1825.0005106642222
82647,1825.0005106642222
82648,1825.0005106642222
82649,1825.0005106642222
82650,1825.0005106642222
82651,1825.0005106642222
82652,1825.0005106642222
82653,1825.0005106642222
82654,1825.0005106642222
82655,1825.0005106642222
82656,1825.0005106642222
82657,1825.0005106642222
82658,1825.0005106642222
82659,1825.0005106642222
82660,1825.0005106642222
82661,1825.0005106642222
82662,1825.0005106642222
82663,1825.0005106642222
82664,1825.0005106642222
82665,1825.0005106642222
82666,1825.0005106642222
82667,1825.0005106642222
82668,1825.0005106642222
82669,1825.0005106642222
82670,1825.0005106642222
82671,1825.0005106642222
82672,1825.0005106642222
82673,1825.0005106642222
82674,1825.0005106642222
82675,1825.0005106642222
82676,1825.0005106642222
82677,1825.0005106642222
82678,1825.0005106642222
82679,1825.0005106642222
82680,1825.0005106642222
82681,1825.0005106642222
82682,1825.0005106642222
82683,1825.0005106642222
82684,1825.0005106642222
82685,1825.0005106642222
82686,1825.0005106642222
82687,1825.0005106642222
82688,1825.0005106642222
82689,1825.0005106642222
82690,1825.0005106642222
82691,1825.0005106642222
82692,1825.0005106642222
82693,1825.0005106642222
82694,1825.0005106642222
82695,1825.0005106642222
82696,1825.0005106642222
82697,1825.0005106642222
82698,1825.0005106642222
82699,1825.0005106642222
82700,1825.0005106642222
82701,1825.0005106642222
82702,1825.0005106642222
82703,1825.0005106642222
82704,1825.0005106642222
82705,1825.0005106642222
82706,1825.0005106642222
82707,1825.0005106642222
82708,1825.0005106642222
82709,1825.0005106642222
82710,1825.0005106642222
82711,1825.0005106642222
82712,1825.0005106642222
82713,1825.0005106642222
82714,1825.0005106642222
82715,1825.0005106642222
82716,1825.0005106642222
82717,1825.0005106642222
82718,1825.0005106642222
82719,1825.0005106642222
82720,1825.0005106642222
82721,1825.0005106642222
82722,1825.0005106642222
82723,1825.0005106642222
82724,1825.0005106642222
82725,1825.0005106642222
82726,1825.0005106642222
82727,1825.0005106642222
82728,1825.0005106642222
82729,1825.0005106642222
82730,1825.0005106642222
82731,1825.0005106642222
82732,1825.0005106642222
82733,1825.0005106642222
82734,1825.0005106642222
82735,1825.0005106642222
82736,1825.0005106642222
82737,1825.0005106642222
82738,1825.0005106642222
82739,1825.0005106642222
82740,1825.0005106642222
82741,1825.0005106642222
82742,1825.0005106642222
82743,1825.0005106642222
82744,1825.0005106642222
82745,1825.0005106642222
82746,1825.0005106642222
82747,1825.0005106642222
82748,1825.0005106642222
82749,1825.0005106642222
82750,1825.0005106642222
82751,1825.0005106642222
82752,1825.0005106642222
82753,1825.0005106642222
82754,1825.0005106642222
82755,1825.0005106642222
82756,1825.0005106642222
82757,1825.0005106642222
82758,1825.0005106642222
82759,1825.0005106642222
82760,1825.0005106642222
82761,1825.0005106642222
82762,1825.0005106642222
82763,1825.0005106642222
82764,1825.0005106642222
82765,1825.0005106642222
82766,1825.0005106642222
82767,1825.0005106642222
82768,1825.0005106642222
82769,1825.0005106642222
82770,1825.0005106642222
82771,1825.0005106642222
82772,1825.0005106642222
82773,1825.0005106642222
82774,1825.0005106642222
82775,1825.0005106642222
82776,1825.0005106642222
82777,1825.0005106642222
82778,1825.0005106642222
82779,1825.0005106642222
82780,1825.0005106642222
82781,1825.0005106642222
82782,1825.0005106642222
82783,1825.0005106642222
82784,1825.0005106642222
82785,1825.0005106642222
82786,1825.0005106642222
82787,1825.0005106642222
82788,1825.0005106642222
82789,1825.0005106642222
82790,1825.0005106642222
82791,1825.0005106642222
82792,1825.0005106642222
82793,1825.0005106642222
82794,1825.0005106642222
82795,1825.0005106642222
82796,1825.0005106642222
82797,1825.0005106642222
82798,1825.0005106642222
82799,1825.0005106642222
82800,1825.0005106642222
82801,1825.0005106642222
82802,1825.0005106642222
82803,1825.0005106642222
82804,1825.0005106642222
82805,1825.0005106642222
82806,1825.0005106642222
82807,1825.0005106642222
82808,1825.0005106642222
82809,1825.0005106642222
82810,1825.0005106642222
82811,1825.0005106642222
82812,1825.0005106642222
82813,1825.0005106642222
82814,1825.0005106642222
82815,1825.0005106642222
82816,1825.0005106642222
82817,1825.0005106642222
82818,1825.0005106642222
82819,1825.0005106642222
82820,1825.0005106642222
82821,1825.0005106642222
82822,1825.0005106642222
82823,1825.0005106642222
82824,1825.0005106642222
82825,1825.0005106642222
82826,1825.0005106642222
82827,1825.0005106642222
82828,1825.0005106642222
82829,1825.0005106642222
82830,1825.0005106642222
82831,1825.0005106642222
82832,1825.0005106642222
82833,1825.0005106642222
82834,1825.0005106642222
82835,1825.0005106642222
82836,1825.0005106642222
82837,1825.0005106642222
82838,1825.0005106642222
82839,1825.0005106642222
82840,1825.0005106642222
82841,1825.0005106642222
82842,1825.0005106642222
82843,1825.0005106642222
82844,1825.0005106642222
82845,1825.0005106642222
82846,1825.0005106642222
82847,1825.0005106642222
82848,1825.0005106642222
82849,1825.0005106642222
82850,1825.0005106642222
82851,1825.0005106642222
82852,1825.0005106642222
82853,1825.0005106642222
82854,1825.0005106642222
82855,1825.0005106642222
82856,1825.0005106642222
82857,1825.0005106642222
82858,1825.0005106642222
82859,1825.0005106642222
82860,1825.0005106642222
82861,1825.0005106642222
82862,1825.0005106642222
82863,1825.0005106642222
82864,1825.0005106642222
82865,1825.0005106642222
82866,1825.0005106642222
82867,1825.0005106642222
82868,1825.0005106642222
82869,1825.0005106642222
82870,1825.0005106642222
82871,1825.0005106642222
82872,1825.0005106642222
82873,1825.0005106642222
82874,1825.0005106642222
82875,1825.0005106642222
82876,1825.0005106642222
82877,1825.0005106642222
82878,1825.0005106642222
82879,1825.0005106642222
82880,1825.0005106642222
82881,1825.0005106642222
82882,1825.0005106642222
82883,1825.0005106642222
82884,1825.0005106642222
82885,1825.0005106642222
82886,1825.0005106642222
82887,1825.0005106642222
82888,1825.0005106642222
82889,1825.0005106642222
82890,1825.0005106642222
82891,1825.0005106642222
82892,1825.0005106642222
82893,1825.0005106642222
82894,1825.0005106642222
82895,1825.0005106642222
82896,1825.0005106642222
82897,1825.0005106642222
82898,1825.0005106642222
82899,1825.0005106642222
82900,1825.0005106642222
82901,1825.0005106642222
82902,1825.0005106642222
82903,1825.0005106642222
82904,1825.0005106642222
82905,1825.0005106642222
82906,1825.0005106642222
82907,1825.0005106642222
82908,1825.0005106642222
82909,1825.0005106642222
82910,1825.0005106642222
82911,1825.0005106642222
82912,1825.0005106642222
82913,1825.0005106642222
82914,1825.0005106642222
82915,1825.0005106642222
82916,1825.0005106642222
82917,1825.0005106642222
82918,1825.0005106642222
82919,1825.0005106642222
82920,1825.0005106642222
82921,1825.0005106642222
82922,1825.0005106642222
82923,1825.0005106642222
82924,1825.0005106642222
82925,1825.0005106642222
82926,1825.0005106642222
82927,1825.0005106642222
82928,1825.0005106642222
82929,1825.0005106642222
82930,1825.0005106642222
82931,1825.0005106642222
82932,1825.0005106642222
82933,1825.0005106642222
82934,1825.0005106642222
82935,1825.0005106642222
82936,1825.0005106642222
82937,1825.0005106642222
82938,1825.0005106642222
82939,1825.0005106642222
82940,1825.0005106642222
82941,1825.0005106642222
82942,1825.0005106642222
82943,1825.0005106642222
82944,1825.0005106642222
82945,1825.0005106642222
82946,1825.0005106642222
82947,1825.0005106642222
82948,1825.0005106642222
82949,1825.0005106642222
82950,1825.0005106642222
82951,1825.0005106642222
82952,1825.0005106642222
82953,1825.0005106642222
82954,1825.0005106642222
82955,1825.0005106642222
82956,1825.0005106642222
82957,1825.0005106642222
82958,1825.0005106642222
82959,1825.0005106642222
82960,1825.0005106642222
82961,1825.0005106642222
82962,1825.0005106642222
82963,1825.0005106642222
82964,1825.0005106642222
82965,1825.0005106642222
82966,1825.0005106642222
82967,1825.0005106642222
82968,1825.0005106642222
82969,1825.0005106642222
82970,1825.0005106642222
82971,1825.0005106642222
82972,1825.0005106642222
82973,1825.0005106642222
82974,1825.0005106642222
82975,1825.0005106642222
82976,1825.0005106642222
82977,1825.0005106642222
82978,1825.0005106642222
82979,1825.0005106642222
82980,1825.0005106642222
82981,1825.0005106642222
82982,1825.0005106642222
82983,1825.0005106642222
82984,1825.0005106642222
82985,1825.0005106642222
82986,1825.0005106642222
82987,1825.0005106642222
82988,1825.0005106642222
82989,1825.0005106642222
82990,1825.0005106642222
82991,1825.0005106642222
82992,1825.0005106642222
82993,1825.0005106642222
82994,1825.0005106642222
82995,1825.0005106642222
82996,1825.0005106642222
82997,1825.0005106642222
82998,1825.0005106642222
82999,1825.0005106642222
83000,1825.0005106642222
83001,1825.0005106642222
83002,1825.0005106642222
83003,1825.0005106642222
83004,1825.0005106642222
83005,1825.0005106642222
83006,1825.0005106642222
83007,1825.0005106642222
83008,1825.0005106642222
83009,1825.0005106642222
83010,1825.0005106642222
83011,1825.0005106642222
83012,1825.0005106642222
83013,1825.0005106642222
83014,1825.0005106642222
83015,1825.0005106642222
83016,1825.0005106642222
83017,1825.0005106642222
83018,1825.0005106642222
83019,1825.0005106642222
83020,1825.0005106642222
83021,1825.0005106642222
83022,1825.0005106642222
83023,1825.0005106642222
83024,1825.0005106642222
83025,1825.0005106642222
83026,1825.0005106642222
83027,1825.0005106642222
83028,1825.0005106642222
83029,1825.0005106642222
83030,1825.0005106642222
83031,1825.0005106642222
83032,1825.0005106642222
83033,1825.0005106642222
83034,1825.0005106642222
83035,1825.0005106642222
83036,1825.0005106642222
83037,1825.0005106642222
83038,1825.0005106642222
83039,1825.0005106642222
83040,1825.0005106642222
83041,1825.0005106642222
83042,1825.0005106642222
83043,1825.0005106642222
83044,1825.0005106642222
83045,1825.0005106642222
83046,1825.0005106642222
83047,1825.0005106642222
83048,1825.0005106642222
83049,1825.0005106642222
83050,1825.0005106642222
83051,1825.0005106642222
83052,1825.0005106642222
83053,1825.0005106642222
83054,1825.0005106642222
83055,1825.0005106642222
83056,1825.0005106642222
83057,1825.0005106642222
83058,1825.0005106642222
83059,1825.0005106642222
83060,1825.0005106642222
83061,1825.0005106642222
83062,1825.0005106642222
83063,1825.0005106642222
83064,1825.0005106642222
83065,1825.0005106642222
83066,1825.0005106642222
83067,1825.0005106642222
83068,1825.0005106642222
83069,1825.0005106642222
83070,1825.0005106642222
83071,1825.0005106642222
83072,1825.0005106642222
83073,1825.0005106642222
83074,1825.0005106642222
83075,1825.0005106642222
83076,1825.0005106642222
83077,1825.0005106642222
83078,1825.0005106642222
83079,1825.0005106642222
83080,1825.0005106642222
83081,1825.0005106642222
83082,1825.0005106642222
83083,1825.0005106642222
83084,1825.0005106642222
83085,1825.0005106642222
83086,1825.0005106642222
83087,1825.0005106642222
83088,1825.0005106642222
83089,1825.0005106642222
83090,1825.0005106642222
83091,1825.0005106642222
83092,1825.0005106642222
83093,1825.0005106642222
83094,1825.0005106642222
83095,1825.0005106642222
83096,1825.0005106642222
83097,1825.0005106642222
83098,1825.0005106642222
83099,1825.0005106642222
83100,1825.0005106642222
83101,1825.0005106642222
83102,1825.0005106642222
83103,1825.0005106642222
83104,1825.0005106642222
83105,1825.0005106642222
83106,1825.0005106642222
83107,1825.0005106642222
83108,1825.0005106642222
83109,1825.0005106642222
83110,1825.0005106642222
83111,1825.0005106642222
83112,1825.0005106642222
83113,1825.0005106642222
83114,1825.0005106642222
83115,1825.0005106642222
83116,1825.0005106642222
83117,1825.0005106642222
83118,1825.0005106642222
83119,1825.0005106642222
83120,1825.0005106642222
83121,1825.0005106642222
83122,1825.0005106642222
83123,1825.0005106642222
83124,1825.0005106642222
83125,1825.0005106642222
83126,1825.0005106642222
83127,1825.0005106642222
83128,1825.0005106642222
83129,1825.0005106642222
83130,1825.0005106642222
83131,1825.0005106642222
83132,1825.0005106642222
83133,1825.0005106642222
83134,1825.0005106642222
83135,1825.0005106642222
83136,1825.0005106642222
83137,1825.0005106642222
83138,1825.0005106642222
83139,1825.0005106642222
83140,1825.0005106642222
83141,1825.0005106642222
83142,1825.0005106642222
83143,1825.0005106642222
83144,1825.0005106642222
83145,1825.0005106642222
83146,1825.0005106642222
83147,1825.0005106642222
83148,1825.0005106642222
83149,1825.0005106642222
83150,1825.0005106642222
83151,1825.0005106642222
83152,1825.0005106642222
83153,1825.0005106642222
83154,1825.0005106642222
83155,1825.0005106642222
83156,1825.0005106642222
83157,1825.0005106642222
83158,1825.0005106642222
83159,1825.0005106642222
83160,1825.0005106642222
83161,1825.0005106642222
83162,1825.0005106642222
83163,1825.0005106642222
83164,1825.0005106642222
83165,1825.0005106642222
83166,1825.0005106642222
83167,1825.0005106642222
83168,1825.0005106642222
83169,1825.0005106642222
83170,1825.0005106642222
83171,1825.0005106642222
83172,1825.0005106642222
83173,1825.0005106642222
83174,1825.0005106642222
83175,1825.0005106642222
83176,1825.0005106642222
83177,1825.0005106642222
83178,1825.0005106642222
83179,1825.0005106642222
83180,1825.0005106642222
83181,1825.0005106642222
83182,1825.0005106642222
83183,1825.0005106642222
83184,1825.0005106642222
83185,1825.0005106642222
83186,1825.0005106642222
83187,1825.0005106642222
83188,1825.0005106642222
83189,1825.0005106642222
83190,1825.0005106642222
83191,1825.0005106642222
83192,1825.0005106642222
83193,1825.0005106642222
83194,1825.0005106642222
83195,1825.0005106642222
83196,1825.0005106642222
83197,1825.0005106642222
83198,1825.0005106642222
83199,1825.0005106642222
83200,1825.0005106642222
83201,1825.0005106642222
83202,1825.0005106642222
83203,1825.0005106642222
83204,1825.0005106642222
83205,1825.0005106642222
83206,1825.0005106642222
83207,1825.0005106642222
83208,1825.0005106642222
83209,1825.0005106642222
83210,1825.0005106642222
83211,1825.0005106642222
83212,1825.0005106642222
83213,1825.0005106642222
83214,1825.0005106642222
83215,1825.0005106642222
83216,1825.0005106642222
83217,1825.0005106642222
83218,1825.0005106642222
83219,1825.0005106642222
83220,1825.0005106642222
83221,1825.0005106642222
83222,1825.0005106642222
83223,1825.0005106642222
83224,1825.0005106642222
83225,1825.0005106642222
83226,1825.0005106642222
83227,1825.0005106642222
83228,1825.0005106642222
83229,1825.0005106642222
83230,1825.0005106642222
83231,1825.0005106642222
83232,1825.0005106642222
83233,1825.0005106642222
83234,1825.0005106642222
83235,1825.0005106642222
83236,1825.0005106642222
83237,1825.0005106642222
83238,1825.0005106642222
83239,1825.0005106642222
83240,1825.0005106642222
83241,1825.0005106642222
83242,1825.0005106642222
83243,1825.0005106642222
83244,1825.0005106642222
83245,1825.0005106642222
83246,1825.0005106642222
83247,1825.0005106642222
83248,1825.0005106642222
83249,1825.0005106642222
83250,1825.0005106642222
83251,1825.0005106642222
83252,1825.0005106642222
83253,1825.0005106642222
83254,1825.0005106642222
83255,1825.0005106642222
83256,1825.0005106642222
83257,1825.0005106642222
83258,1825.0005106642222
83259,1825.0005106642222
83260,1825.0005106642222
83261,1825.0005106642222
83262,1825.0005106642222
83263,1825.0005106642222
83264,1825.0005106642222
83265,1825.0005106642222
83266,1825.0005106642222
83267,1825.0005106642222
83268,1825.0005106642222
83269,1825.0005106642222
83270,1825.0005106642222
83271,1825.0005106642222
83272,1825.0005106642222
83273,1825.0005106642222
83274,1825.0005106642222
83275,1825.0005106642222
83276,1825.0005106642222
83277,1825.0005106642222
83278,1825.0005106642222
83279,1825.0005106642222
83280,1825.0005106642222
83281,1825.0005106642222
83282,1825.0005106642222
83283,1825.0005106642222
83284,1825.0005106642222
83285,1825.0005106642222
83286,1825.0005106642222
83287,1825.0005106642222
83288,1825.0005106642222
83289,1825.0005106642222
83290,1825.0005106642222
83291,1825.0005106642222
83292,1825.0005106642222
83293,1825.0005106642222
83294,1825.0005106642222
83295,1825.0005106642222
83296,1825.0005106642222
83297,1825.0005106642222
83298,1825.0005106642222
83299,1825.0005106642222
83300,1825.0005106642222
83301,1825.0005106642222
83302,1825.0005106642222
83303,1825.0005106642222
83304,1825.0005106642222
83305,1825.0005106642222
83306,1825.0005106642222
83307,1825.0005106642222
83308,1825.0005106642222
83309,1825.0005106642222
83310,1825.0005106642222
83311,1825.0005106642222
83312,1825.0005106642222
83313,1825.0005106642222
83314,1825.0005106642222
83315,1825.0005106642222
83316,1825.0005106642222
83317,1825.0005106642222
83318,1825.0005106642222
83319,1825.0005106642222
83320,1825.0005106642222
83321,1825.0005106642222
83322,1825.0005106642222
83323,1825.0005106642222
83324,1825.0005106642222
83325,1825.0005106642222
83326,1825.0005106642222
83327,1825.0005106642222
83328,1825.0005106642222
83329,1825.0005106642222
83330,1825.0005106642222
83331,1825.0005106642222
83332,1825.0005106642222
83333,1825.0005106642222
83334,1825.0005106642222
83335,1825.0005106642222
83336,1825.0005106642222
83337,1825.0005106642222
83338,1825.0005106642222
83339,1825.0005106642222
83340,1825.0005106642222
83341,1825.0005106642222
83342,1825.0005106642222
83343,1825.0005106642222
83344,1825.0005106642222
83345,1825.0005106642222
83346,1825.0005106642222
83347,1825.0005106642222
83348,1825.0005106642222
83349,1825.0005106642222
83350,1825.0005106642222
83351,1825.0005106642222
83352,1825.0005106642222
83353,1825.0005106642222
83354,1825.0005106642222
83355,1825.0005106642222
83356,1825.0005106642222
83357,1825.0005106642222
83358,1825.0005106642222
83359,1825.0005106642222
83360,1825.0005106642222
83361,1825.0005106642222
83362,1825.0005106642222
83363,1825.0005106642222
83364,1825.0005106642222
83365,1825.0005106642222
83366,1825.0005106642222
83367,1825.0005106642222
83368,1825.0005106642222
83369,1825.0005106642222
83370,1825.0005106642222
83371,1825.0005106642222
83372,1825.0005106642222
83373,1825.0005106642222
83374,1825.0005106642222
83375,1825.0005106642222
83376,1825.0005106642222
83377,1825.0005106642222
83378,1825.0005106642222
83379,1825.0005106642222
83380,1825.0005106642222
83381,1825.0005106642222
83382,1825.0005106642222
83383,1825.0005106642222
83384,1825.0005106642222
83385,1825.0005106642222
83386,1825.0005106642222
83387,1825.0005106642222
83388,1825.0005106642222
83389,1825.0005106642222
83390,1825.0005106642222
83391,1825.0005106642222
83392,1825.0005106642222
83393,1825.0005106642222
83394,1825.0005106642222
83395,1825.0005106642222
83396,1825.0005106642222
83397,1825.0005106642222
83398,1825.0005106642222
83399,1825.0005106642222
83400,1825.0005106642222
83401,1825.0005106642222
83402,1825.0005106642222
83403,1825.0005106642222
83404,1825.0005106642222
83405,1825.0005106642222
83406,1825.0005106642222
83407,1825.0005106642222
83408,1825.0005106642222
83409,1825.0005106642222
83410,1825.0005106642222
83411,1825.0005106642222
83412,1825.0005106642222
83413,1825.0005106642222
83414,1825.0005106642222
83415,1825.0005106642222
83416,1825.0005106642222
83417,1825.0005106642222
83418,1825.0005106642222
83419,1825.0005106642222
83420,1825.0005106642222
83421,1825.0005106642222
83422,1825.0005106642222
83423,1825.0005106642222
83424,1825.0005106642222
83425,1825.0005106642222
83426,1825.0005106642222
83427,1825.0005106642222
83428,1825.0005106642222
83429,1825.0005106642222
83430,1825.0005106642222
83431,1825.0005106642222
83432,1825.0005106642222
83433,1825.0005106642222
83434,1825.0005106642222
83435,1825.0005106642222
83436,1825.0005106642222
83437,1825.0005106642222
83438,1825.0005106642222
83439,1825.0005106642222
83440,1825.0005106642222
83441,1825.0005106642222
83442,1825.0005106642222
83443,1825.0005106642222
83444,1825.0005106642222
83445,1825.0005106642222
83446,1825.0005106642222
83447,1825.0005106642222
83448,1825.0005106642222
83449,1825.0005106642222
83450,1825.0005106642222
83451,1825.0005106642222
83452,1825.0005106642222
83453,1825.0005106642222
83454,1825.0005106642222
83455,1825.0005106642222
83456,1825.0005106642222
83457,1825.0005106642222
83458,1825.0005106642222
83459,1825.0005106642222
83460,1825.0005106642222
83461,1825.0005106642222
83462,1825.0005106642222
83463,1825.0005106642222
83464,1825.0005106642222
83465,1825.0005106642222
83466,1825.0005106642222
83467,1825.0005106642222
83468,1825.0005106642222
83469,1825.0005106642222
83470,1825.0005106642222
83471,1825.0005106642222
83472,1825.0005106642222
83473,1825.0005106642222
83474,1825.0005106642222
83475,1825.0005106642222
83476,1825.0005106642222
83477,1825.0005106642222
83478,1825.0005106642222
83479,1825.0005106642222
83480,1825.0005106642222
83481,1825.0005106642222
83482,1825.0005106642222
83483,1825.0005106642222
83484,1825.0005106642222
83485,1825.0005106642222
83486,1825.0005106642222
83487,1825.0005106642222
83488,1825.0005106642222
83489,1825.0005106642222
83490,1825.0005106642222
83491,1825.0005106642222
83492,1825.0005106642222
83493,1825.0005106642222
83494,1825.0005106642222
83495,1825.0005106642222
83496,1825.0005106642222
83497,1825.0005106642222
83498,1825.0005106642222
83499,1825.0005106642222
83500,1825.0005106642222
83501,1825.0005106642222
83502,1825.0005106642222
83503,1825.0005106642222
83504,1825.0005106642222
83505,1825.0005106642222
83506,1825.0005106642222
83507,1825.0005106642222
83508,1825.0005106642222
83509,1825.0005106642222
83510,1825.0005106642222
83511,1825.0005106642222
83512,1825.0005106642222
83513,1825.0005106642222
83514,1825.0005106642222
83515,1825.0005106642222
83516,1825.0005106642222
83517,1825.0005106642222
83518,1825.0005106642222
83519,1825.0005106642222
83520,1825.0005106642222
83521,1825.0005106642222
83522,1825.0005106642222
83523,1825.0005106642222
83524,1825.0005106642222
83525,1825.0005106642222
83526,1825.0005106642222
83527,1825.0005106642222
83528,1825.0005106642222
83529,1825.0005106642222
83530,1825.0005106642222
83531,1825.0005106642222
83532,1825.0005106642222
83533,1825.0005106642222
83534,1825.0005106642222
83535,1825.0005106642222
83536,1825.0005106642222
83537,1825.0005106642222
83538,1825.0005106642222
83539,1825.0005106642222
83540,1825.0005106642222
83541,1825.0005106642222
83542,1825.0005106642222
83543,1825.0005106642222
83544,1825.0005106642222
83545,1825.0005106642222
83546,1825.0005106642222
83547,1825.0005106642222
83548,1825.0005106642222
83549,1825.0005106642222
83550,1825.0005106642222
83551,1825.0005106642222
83552,1825.0005106642222
83553,1825.0005106642222
83554,1825.0005106642222
83555,1825.0005106642222
83556,1825.0005106642222
83557,1825.0005106642222
83558,1825.0005106642222
83559,1825.0005106642222
83560,1825.0005106642222
83561,1825.0005106642222
83562,1825.0005106642222
83563,1825.0005106642222
83564,1825.0005106642222
83565,1825.0005106642222
83566,1825.0005106642222
83567,1825.0005106642222
83568,1825.0005106642222
83569,1825.0005106642222
83570,1825.0005106642222
83571,1825.0005106642222
83572,1825.0005106642222
83573,1825.0005106642222
83574,1825.0005106642222
83575,1825.0005106642222
83576,1825.0005106642222
83577,1825.0005106642222
83578,1825.0005106642222
83579,1825.0005106642222
83580,1825.0005106642222
83581,1825.0005106642222
83582,1825.0005106642222
83583,1825.0005106642222
83584,1825.0005106642222
83585,1825.0005106642222
83586,1825.0005106642222
83587,1825.0005106642222
83588,1825.0005106642222
83589,1825.0005106642222
83590,1825.0005106642222
83591,1825.0005106642222
83592,1825.0005106642222
83593,1825.0005106642222
83594,1825.0005106642222
83595,1825.0005106642222
83596,1825.0005106642222
83597,1825.0005106642222
83598,1825.0005106642222
83599,1825.0005106642222
83600,1825.0005106642222
83601,1825.0005106642222
83602,1825.0005106642222
83603,1825.0005106642222
83604,1825.0005106642222
83605,1825.0005106642222
83606,1825.0005106642222
83607,1825.0005106642222
83608,1825.0005106642222
83609,1825.0005106642222
83610,1825.0005106642222
83611,1825.0005106642222
83612,1825.0005106642222
83613,1825.0005106642222
83614,1825.0005106642222
83615,1825.0005106642222
83616,1825.0005106642222
83617,1825.0005106642222
83618,1825.0005106642222
83619,1825.0005106642222
83620,1825.0005106642222
83621,1825.0005106642222
83622,1825.0005106642222
83623,1825.0005106642222
83624,1825.0005106642222
83625,1825.0005106642222
83626,1825.0005106642222
83627,1825.0005106642222
83628,1825.0005106642222
83629,1825.0005106642222
83630,1825.0005106642222
83631,1825.0005106642222
83632,1825.0005106642222
83633,1825.0005106642222
83634,1825.0005106642222
83635,1825.0005106642222
83636,1825.0005106642222
83637,1825.0005106642222
83638,1825.0005106642222
83639,1825.0005106642222
83640,1825.0005106642222
83641,1825.0005106642222
83642,1825.0005106642222
83643,1825.0005106642222
83644,1825.0005106642222
83645,1825.0005106642222
83646,1825.0005106642222
83647,1825.0005106642222
83648,1825.0005106642222
83649,1825.0005106642222
83650,1825.0005106642222
83651,1825.0005106642222
83652,1825.0005106642222
83653,1825.0005106642222
83654,1825.0005106642222
83655,1825.0005106642222
83656,1825.0005106642222
83657,1825.0005106642222
83658,1825.0005106642222
83659,1825.0005106642222
83660,1825.0005106642222
83661,1825.0005106642222
83662,1825.0005106642222
83663,1825.0005106642222
83664,1825.0005106642222
83665,1825.0005106642222
83666,1825.0005106642222
83667,1825.0005106642222
83668,1825.0005106642222
83669,1825.0005106642222
83670,1825.0005106642222
83671,1825.0005106642222
83672,1825.0005106642222
83673,1825.0005106642222
83674,1825.0005106642222
83675,1825.0005106642222
83676,1825.0005106642222
83677,1825.0005106642222
83678,1825.0005106642222
83679,1825.0005106642222
83680,1825.0005106642222
83681,1825.0005106642222
83682,1825.0005106642222
83683,1825.0005106642222
83684,1825.0005106642222
83685,1825.0005106642222
83686,1825.0005106642222
83687,1825.0005106642222
83688,1825.0005106642222
83689,1825.0005106642222
83690,1825.0005106642222
83691,1825.0005106642222
83692,1825.0005106642222
83693,1825.0005106642222
83694,1825.0005106642222
83695,1825.0005106642222
83696,1825.0005106642222
83697,1825.0005106642222
83698,1825.0005106642222
83699,1825.0005106642222
83700,1825.0005106642222
83701,1825.0005106642222
83702,1825.0005106642222
83703,1825.0005106642222
83704,1825.0005106642222
83705,1825.0005106642222
83706,1825.0005106642222
83707,1825.0005106642222
83708,1825.0005106642222
83709,1825.0005106642222
83710,1825.0005106642222
83711,1825.0005106642222
83712,1825.0005106642222
83713,1825.0005106642222
83714,1825.0005106642222
83715,1825.0005106642222
83716,1825.0005106642222
83717,1825.0005106642222
83718,1825.0005106642222
83719,1825.0005106642222
83720,1825.0005106642222
83721,1825.0005106642222
83722,1825.0005106642222
83723,1825.0005106642222
83724,1825.0005106642222
83725,1825.0005106642222
83726,1825.0005106642222
83727,1825.0005106642222
83728,1825.0005106642222
83729,1825.0005106642222
83730,1825.0005106642222
83731,1825.0005106642222
83732,1825.0005106642222
83733,1825.0005106642222
83734,1825.0005106642222
83735,1825.0005106642222
83736,1825.0005106642222
83737,1825.0005106642222
83738,1825.0005106642222
83739,1825.0005106642222
83740,1825.0005106642222
83741,1825.0005106642222
83742,1825.0005106642222
83743,1825.0005106642222
83744,1825.0005106642222
83745,1825.0005106642222
83746,1825.0005106642222
83747,1825.0005106642222
83748,1825.0005106642222
83749,1825.0005106642222
83750,1825.0005106642222
83751,1825.0005106642222
83752,1825.0005106642222
83753,1825.0005106642222
83754,1825.0005106642222
83755,1825.0005106642222
83756,1825.0005106642222
83757,1825.0005106642222
83758,1825.0005106642222
83759,1825.0005106642222
83760,1825.0005106642222
83761,1825.0005106642222
83762,1825.0005106642222
83763,1825.0005106642222
83764,1825.0005106642222
83765,1825.0005106642222
83766,1825.0005106642222
83767,1825.0005106642222
83768,1825.0005106642222
83769,1825.0005106642222
83770,1825.0005106642222
83771,1825.0005106642222
83772,1825.0005106642222
83773,1825.0005106642222
83774,1825.0005106642222
83775,1825.0005106642222
83776,1825.0005106642222
83777,1825.0005106642222
83778,1825.0005106642222
83779,1825.0005106642222
83780,1825.0005106642222
83781,1825.0005106642222
83782,1825.0005106642222
83783,1825.0005106642222
83784,1825.0005106642222
83785,1825.0005106642222
83786,1825.0005106642222
83787,1825.0005106642222
83788,1825.0005106642222
83789,1825.0005106642222
83790,1825.0005106642222
83791,1825.0005106642222
83792,1825.0005106642222
83793,1825.0005106642222
83794,1825.0005106642222
83795,1825.0005106642222
83796,1825.0005106642222
83797,1825.0005106642222
83798,1825.0005106642222
83799,1825.0005106642222
83800,1825.0005106642222
83801,1825.0005106642222
83802,1825.0005106642222
83803,1825.0005106642222
83804,1825.0005106642222
83805,1825.0005106642222
83806,1825.0005106642222
83807,1825.0005106642222
83808,1825.0005106642222
83809,1825.0005106642222
83810,1825.0005106642222
83811,1825.0005106642222
83812,1825.0005106642222
83813,1825.0005106642222
83814,1825.0005106642222
83815,1825.0005106642222
83816,1825.0005106642222
83817,1825.0005106642222
83818,1825.0005106642222
83819,1825.0005106642222
83820,1825.0005106642222
83821,1825.0005106642222
83822,1825.0005106642222
83823,1825.0005106642222
83824,1825.0005106642222
83825,1825.0005106642222
83826,1825.0005106642222
83827,1825.0005106642222
83828,1825.0005106642222
83829,1825.0005106642222
83830,1825.0005106642222
83831,1825.0005106642222
83832,1825.0005106642222
83833,1825.0005106642222
83834,1825.0005106642222
83835,1825.0005106642222
83836,1825.0005106642222
83837,1825.0005106642222
83838,1825.0005106642222
83839,1825.0005106642222
83840,1825.0005106642222
83841,1825.0005106642222
83842,1825.0005106642222
83843,1825.0005106642222
83844,1825.0005106642222
83845,1825.0005106642222
83846,1825.0005106642222
83847,1825.0005106642222
83848,1825.0005106642222
83849,1825.0005106642222
83850,1825.0005106642222
83851,1825.0005106642222
83852,1825.0005106642222
83853,1825.0005106642222
83854,1825.0005106642222
83855,1825.0005106642222
83856,1825.0005106642222
83857,1825.0005106642222
83858,1825.0005106642222
83859,1825.0005106642222
83860,1825.0005106642222
83861,1825.0005106642222
83862,1825.0005106642222
83863,1825.0005106642222
83864,1825.0005106642222
83865,1825.0005106642222
83866,1825.0005106642222
83867,1825.0005106642222
83868,1825.0005106642222
83869,1825.0005106642222
83870,1825.0005106642222
83871,1825.0005106642222
83872,1825.0005106642222
83873,1825.0005106642222
83874,1825.0005106642222
83875,1825.0005106642222
83876,1825.0005106642222
83877,1825.0005106642222
83878,1825.0005106642222
83879,1825.0005106642222
83880,1825.0005106642222
83881,1825.0005106642222
83882,1825.0005106642222
83883,1825.0005106642222
83884,1825.0005106642222
83885,1825.0005106642222
83886,1825.0005106642222
83887,1825.0005106642222
83888,1825.0005106642222
83889,1825.0005106642222
83890,1825.0005106642222
83891,1825.0005106642222
83892,1825.0005106642222
83893,1825.0005106642222
83894,1825.0005106642222
83895,1825.0005106642222
83896,1825.0005106642222
83897,1825.0005106642222
83898,1825.0005106642222
83899,1825.0005106642222
83900,1825.0005106642222
83901,1825.0005106642222
83902,1825.0005106642222
83903,1825.0005106642222
83904,1825.0005106642222
83905,1825.0005106642222
83906,1825.0005106642222
83907,1825.0005106642222
83908,1825.0005106642222
83909,1825.0005106642222
83910,1825.0005106642222
83911,1825.0005106642222
83912,1825.0005106642222
83913,1825.0005106642222
83914,1825.0005106642222
83915,1825.0005106642222
83916,1825.0005106642222
83917,1825.0005106642222
83918,1825.0005106642222
83919,1825.0005106642222
83920,1825.0005106642222
83921,1825.0005106642222
83922,1825.0005106642222
83923,1825.0005106642222
83924,1825.0005106642222
83925,1825.0005106642222
83926,1825.0005106642222
83927,1825.0005106642222
83928,1825.0005106642222
83929,1825.0005106642222
83930,1825.0005106642222
83931,1825.0005106642222
83932,1825.0005106642222
83933,1825.0005106642222
83934,1825.0005106642222
83935,1825.0005106642222
83936,1825.0005106642222
83937,1825.0005106642222
83938,1825.0005106642222
83939,1825.0005106642222
83940,1825.0005106642222
83941,1825.0005106642222
83942,1825.0005106642222
83943,1825.0005106642222
83944,1825.0005106642222
83945,1825.0005106642222
83946,1825.0005106642222
83947,1825.0005106642222
83948,1825.0005106642222
83949,1825.0005106642222
83950,1825.0005106642222
83951,1825.0005106642222
83952,1825.0005106642222
83953,1825.0005106642222
83954,1825.0005106642222
83955,1825.0005106642222
83956,1825.0005106642222
83957,1825.0005106642222
83958,1825.0005106642222
83959,1825.0005106642222
83960,1825.0005106642222
83961,1825.0005106642222
83962,1825.0005106642222
83963,1825.0005106642222
83964,1825.0005106642222
83965,1825.0005106642222
83966,1825.0005106642222
83967,1825.0005106642222
83968,1825.0005106642222
83969,1825.0005106642222
83970,1825.0005106642222
83971,1825.0005106642222
83972,1825.0005106642222
83973,1825.0005106642222
83974,1825.0005106642222
83975,1825.0005106642222
83976,1825.0005106642222
83977,1825.0005106642222
83978,1825.0005106642222
83979,1825.0005106642222
83980,1825.0005106642222
83981,1825.0005106642222
83982,1825.0005106642222
83983,1825.0005106642222
83984,1825.0005106642222
83985,1825.0005106642222
83986,1825.0005106642222
83987,1825.0005106642222
83988,1825.0005106642222
83989,1825.0005106642222
83990,1825.0005106642222
83991,1825.0005106642222
83992,1825.0005106642222
83993,1825.0005106642222
83994,1825.0005106642222
83995,1825.0005106642222
83996,1825.0005106642222
83997,1825.0005106642222
83998,1825.0005106642222
83999,1825.0005106642222
84000,1825.0005106642222
84001,1825.0005106642222
84002,1825.0005106642222
84003,1825.0005106642222
84004,1825.0005106642222
84005,1825.0005106642222
84006,1825.0005106642222
84007,1825.0005106642222
84008,1825.0005106642222
84009,1825.0005106642222
84010,1825.0005106642222
84011,1825.0005106642222
84012,1825.0005106642222
84013,1825.0005106642222
84014,1825.0005106642222
84015,1825.0005106642222
84016,1825.0005106642222
84017,1825.0005106642222
84018,1825.0005106642222
84019,1825.0005106642222
84020,1825.0005106642222
84021,1825.0005106642222
84022,1825.0005106642222
84023,1825.0005106642222
84024,1825.0005106642222
84025,1825.0005106642222
84026,1825.0005106642222
84027,1825.0005106642222
84028,1825.0005106642222
84029,1825.0005106642222
84030,1825.0005106642222
84031,1825.0005106642222
84032,1825.0005106642222
84033,1825.0005106642222
84034,1825.0005106642222
84035,1825.0005106642222
84036,1825.0005106642222
84037,1825.0005106642222
84038,1825.0005106642222
84039,1825.0005106642222
84040,1825.0005106642222
84041,1825.0005106642222
84042,1825.0005106642222
84043,1825.0005106642222
84044,1825.0005106642222
84045,1825.0005106642222
84046,1825.0005106642222
84047,1825.0005106642222
84048,1825.0005106642222
84049,1825.0005106642222
84050,1825.0005106642222
84051,1825.0005106642222
84052,1825.0005106642222
84053,1825.0005106642222
84054,1825.0005106642222
84055,1825.0005106642222
84056,1825.0005106642222
84057,1825.0005106642222
84058,1825.0005106642222
84059,1825.0005106642222
84060,1825.0005106642222
84061,1825.0005106642222
84062,1825.0005106642222
84063,1825.0005106642222
84064,1825.0005106642222
84065,1825.0005106642222
84066,1825.0005106642222
84067,1825.0005106642222
84068,1825.0005106642222
84069,1825.0005106642222
84070,1825.0005106642222
84071,1825.0005106642222
84072,1825.0005106642222
84073,1825.0005106642222
84074,1825.0005106642222
84075,1825.0005106642222
84076,1825.0005106642222
84077,1825.0005106642222
84078,1825.0005106642222
84079,1825.0005106642222
84080,1825.0005106642222
84081,1825.0005106642222
84082,1825.0005106642222
84083,1825.0005106642222
84084,1825.0005106642222
84085,1825.0005106642222
84086,1825.0005106642222
84087,1825.0005106642222
84088,1825.0005106642222
84089,1825.0005106642222
84090,1825.0005106642222
84091,1825.0005106642222
84092,1825.0005106642222
84093,1825.0005106642222
84094,1825.0005106642222
84095,1825.0005106642222
84096,1825.0005106642222
84097,1825.0005106642222
84098,1825.0005106642222
84099,1825.0005106642222
84100,1825.0005106642222
84101,1825.0005106642222
84102,1825.0005106642222
84103,1825.0005106642222
84104,1825.0005106642222
84105,1825.0005106642222
84106,1825.0005106642222
84107,1825.0005106642222
84108,1825.0005106642222
84109,1825.0005106642222
84110,1825.0005106642222
84111,1825.0005106642222
84112,1825.0005106642222
84113,1825.0005106642222
84114,1825.0005106642222
84115,1825.0005106642222
84116,1825.0005106642222
84117,1825.0005106642222
84118,1825.0005106642222
84119,1825.0005106642222
84120,1825.0005106642222
84121,1825.0005106642222
84122,1825.0005106642222
84123,1825.0005106642222
84124,1825.0005106642222
84125,1825.0005106642222
84126,1825.0005106642222
84127,1825.0005106642222
84128,1825.0005106642222
84129,1825.0005106642222
84130,1825.0005106642222
84131,1825.0005106642222
84132,1825.0005106642222
84133,1825.0005106642222
84134,1825.0005106642222
84135,1825.0005106642222
84136,1825.0005106642222
84137,1825.0005106642222
84138,1825.0005106642222
84139,1825.0005106642222
84140,1825.0005106642222
84141,1825.0005106642222
84142,1825.0005106642222
84143,1825.0005106642222
84144,1825.0005106642222
84145,1825.0005106642222
84146,1825.0005106642222
84147,1825.0005106642222
84148,1825.0005106642222
84149,1825.0005106642222
84150,1825.0005106642222
84151,1825.0005106642222
84152,1825.0005106642222
84153,1825.0005106642222
84154,1825.0005106642222
84155,1825.0005106642222
84156,1825.0005106642222
84157,1825.0005106642222
84158,1825.0005106642222
84159,1825.0005106642222
84160,1825.0005106642222
84161,1825.0005106642222
84162,1825.0005106642222
84163,1825.0005106642222
84164,1825.0005106642222
84165,1825.0005106642222
84166,1825.0005106642222
84167,1825.0005106642222
84168,1825.0005106642222
84169,1825.0005106642222
84170,1825.0005106642222
84171,1825.0005106642222
84172,1825.0005106642222
84173,1825.0005106642222
84174,1825.0005106642222
84175,1825.0005106642222
84176,1825.0005106642222
84177,1825.0005106642222
84178,1825.0005106642222
84179,1825.0005106642222
84180,1825.0005106642222
84181,1825.0005106642222
84182,1825.0005106642222
84183,1825.0005106642222
84184,1825.0005106642222
84185,1825.0005106642222
84186,1825.0005106642222
84187,1825.0005106642222
84188,1825.0005106642222
84189,1825.0005106642222
84190,1825.0005106642222
84191,1825.0005106642222
84192,1825.0005106642222
84193,1825.0005106642222
84194,1825.0005106642222
84195,1825.0005106642222
84196,1825.0005106642222
84197,1825.0005106642222
84198,1825.0005106642222
84199,1825.0005106642222
84200,1825.0005106642222
84201,1825.0005106642222
84202,1825.0005106642222
84203,1825.0005106642222
84204,1825.0005106642222
84205,1825.0005106642222
84206,1825.0005106642222
84207,1825.0005106642222
84208,1825.0005106642222
84209,1825.0005106642222
84210,1825.0005106642222
84211,1825.0005106642222
84212,1825.0005106642222
84213,1825.0005106642222
84214,1825.0005106642222
84215,1825.0005106642222
84216,1825.0005106642222
84217,1825.0005106642222
84218,1825.0005106642222
84219,1825.0005106642222
84220,1825.0005106642222
84221,1825.0005106642222
84222,1825.0005106642222
84223,1825.0005106642222
84224,1825.0005106642222
84225,1825.0005106642222
84226,1825.0005106642222
84227,1825.0005106642222
84228,1825.0005106642222
84229,1825.0005106642222
84230,1825.0005106642222
84231,1825.0005106642222
84232,1825.0005106642222
84233,1825.0005106642222
84234,1825.0005106642222
84235,1825.0005106642222
84236,1825.0005106642222
84237,1825.0005106642222
84238,1825.0005106642222
84239,1825.0005106642222
84240,1825.0005106642222
84241,1825.0005106642222
84242,1825.0005106642222
84243,1825.0005106642222
84244,1825.0005106642222
84245,1825.0005106642222
84246,1825.0005106642222
84247,1825.0005106642222
84248,1825.0005106642222
84249,1825.0005106642222
84250,1825.0005106642222
84251,1825.0005106642222
84252,1825.0005106642222
84253,1825.0005106642222
84254,1825.0005106642222
84255,1825.0005106642222
84256,1825.0005106642222
84257,1825.0005106642222
84258,1825.0005106642222
84259,1825.0005106642222
84260,1825.0005106642222
84261,1825.0005106642222
84262,1825.0005106642222
84263,1825.0005106642222
84264,1825.0005106642222
84265,1825.0005106642222
84266,1825.0005106642222
84267,1825.0005106642222
84268,1825.0005106642222
84269,1825.0005106642222
84270,1825.0005106642222
84271,1825.0005106642222
84272,1825.0005106642222
84273,1825.0005106642222
84274,1825.0005106642222
84275,1825.0005106642222
84276,1825.0005106642222
84277,1825.0005106642222
84278,1825.0005106642222
84279,1825.0005106642222
84280,1825.0005106642222
84281,1825.0005106642222
84282,1825.0005106642222
84283,1825.0005106642222
84284,1825.0005106642222
84285,1825.0005106642222
84286,1825.0005106642222
84287,1825.0005106642222
84288,1825.0005106642222
84289,1825.0005106642222
84290,1825.0005106642222
84291,1825.0005106642222
84292,1825.0005106642222
84293,1825.0005106642222
84294,1825.0005106642222
84295,1825.0005106642222
84296,1825.0005106642222
84297,1825.0005106642222
84298,1825.0005106642222
84299,1825.0005106642222
84300,1825.0005106642222
84301,1825.0005106642222
84302,1825.0005106642222
84303,1825.0005106642222
84304,1825.0005106642222
84305,1825.0005106642222
84306,1825.0005106642222
84307,1825.0005106642222
84308,1825.0005106642222
84309,1825.0005106642222
84310,1825.0005106642222
84311,1825.0005106642222
84312,1825.0005106642222
84313,1825.0005106642222
84314,1825.0005106642222
84315,1825.0005106642222
84316,1825.0005106642222
84317,1825.0005106642222
84318,1825.0005106642222
84319,1825.0005106642222
84320,1825.0005106642222
84321,1825.0005106642222
84322,1825.0005106642222
84323,1825.0005106642222
84324,1825.0005106642222
84325,1825.0005106642222
84326,1825.0005106642222
84327,1825.0005106642222
84328,1825.0005106642222
84329,1825.0005106642222
84330,1825.0005106642222
84331,1825.0005106642222
84332,1825.0005106642222
84333,1825.0005106642222
84334,1825.0005106642222
84335,1825.0005106642222
84336,1825.0005106642222
84337,1825.0005106642222
84338,1825.0005106642222
84339,1825.0005106642222
84340,1825.0005106642222
84341,1825.0005106642222
84342,1825.0005106642222
84343,1825.0005106642222
84344,1825.0005106642222
84345,1825.0005106642222
84346,1825.0005106642222
84347,1825.0005106642222
84348,1825.0005106642222
84349,1825.0005106642222
84350,1825.0005106642222
84351,1825.0005106642222
84352,1825.0005106642222
84353,1825.0005106642222
84354,1825.0005106642222
84355,1825.0005106642222
84356,1825.0005106642222
84357,1825.0005106642222
84358,1825.0005106642222
84359,1825.0005106642222
84360,1825.0005106642222
84361,1825.0005106642222
84362,1825.0005106642222
84363,1825.0005106642222
84364,1825.0005106642222
84365,1825.0005106642222
84366,1825.0005106642222
84367,1825.0005106642222
84368,1825.0005106642222
84369,1825.0005106642222
84370,1825.0005106642222
84371,1825.0005106642222
84372,1825.0005106642222
84373,1825.0005106642222
84374,1825.0005106642222
84375,1825.0005106642222
84376,1825.0005106642222
84377,1825.0005106642222
84378,1825.0005106642222
84379,1825.0005106642222
84380,1825.0005106642222
84381,1825.0005106642222
84382,1825.0005106642222
84383,1825.0005106642222
84384,1825.0005106642222
84385,1825.0005106642222
84386,1825.0005106642222
84387,1825.0005106642222
84388,1825.0005106642222
84389,1825.0005106642222
84390,1825.0005106642222
84391,1825.0005106642222
84392,1825.0005106642222
84393,1825.0005106642222
84394,1825.0005106642222
84395,1825.0005106642222
84396,1825.0005106642222
84397,1825.0005106642222
84398,1825.0005106642222
84399,1825.0005106642222
84400,1825.0005106642222
84401,1825.0005106642222
84402,1825.0005106642222
84403,1825.0005106642222
84404,1825.0005106642222
84405,1825.0005106642222
84406,1825.0005106642222
84407,1825.0005106642222
84408,1825.0005106642222
84409,1825.0005106642222
84410,1825.0005106642222
84411,1825.0005106642222
84412,1825.0005106642222
84413,1825.0005106642222
84414,1825.0005106642222
84415,1825.0005106642222
84416,1825.0005106642222
84417,1825.0005106642222
84418,1825.0005106642222
84419,1825.0005106642222
84420,1825.0005106642222
84421,1825.0005106642222
84422,1825.0005106642222
84423,1825.0005106642222
84424,1825.0005106642222
84425,1825.0005106642222
84426,1825.0005106642222
84427,1825.0005106642222
84428,1825.0005106642222
84429,1825.0005106642222
84430,1825.0005106642222
84431,1825.0005106642222
84432,1825.0005106642222
84433,1825.0005106642222
84434,1825.0005106642222
84435,1825.0005106642222
84436,1825.0005106642222
84437,1825.0005106642222
84438,1825.0005106642222
84439,1825.0005106642222
84440,1825.0005106642222
84441,1825.0005106642222
84442,1825.0005106642222
84443,1825.0005106642222
84444,1825.0005106642222
84445,1825.0005106642222
84446,1825.0005106642222
84447,1825.0005106642222
84448,1825.0005106642222
84449,1825.0005106642222
84450,1825.0005106642222
84451,1825.0005106642222
84452,1825.0005106642222
84453,1825.0005106642222
84454,1825.0005106642222
84455,1825.0005106642222
84456,1825.0005106642222
84457,1825.0005106642222
84458,1825.0005106642222
84459,1825.0005106642222
84460,1825.0005106642222
84461,1825.0005106642222
84462,1825.0005106642222
84463,1825.0005106642222
84464,1825.0005106642222
84465,1825.0005106642222
84466,1825.0005106642222
84467,1825.0005106642222
84468,1825.0005106642222
84469,1825.0005106642222
84470,1825.0005106642222
84471,1825.0005106642222
84472,1825.0005106642222
84473,1825.0005106642222
84474,1825.0005106642222
84475,1825.0005106642222
84476,1825.0005106642222
84477,1825.0005106642222
84478,1825.0005106642222
84479,1825.0005106642222
84480,1825.0005106642222
84481,1825.0005106642222
84482,1825.0005106642222
84483,1825.0005106642222
84484,1825.0005106642222
84485,1825.0005106642222
84486,1825.0005106642222
84487,1825.0005106642222
84488,1825.0005106642222
84489,1825.0005106642222
84490,1825.0005106642222
84491,1825.0005106642222
84492,1825.0005106642222
84493,1825.0005106642222
84494,1825.0005106642222
84495,1825.0005106642222
84496,1825.0005106642222
84497,1825.0005106642222
84498,1825.0005106642222
84499,1825.0005106642222
84500,1825.0005106642222
84501,1825.0005106642222
84502,1825.0005106642222
84503,1825.0005106642222
84504,1825.0005106642222
84505,1825.0005106642222
84506,1825.0005106642222
84507,1825.0005106642222
84508,1825.0005106642222
84509,1825.0005106642222
84510,1825.0005106642222
84511,1825.0005106642222
84512,1825.0005106642222
84513,1825.0005106642222
84514,1825.0005106642222
84515,1825.0005106642222
84516,1825.0005106642222
84517,1825.0005106642222
84518,1825.0005106642222
84519,1825.0005106642222
84520,1825.0005106642222
84521,1825.0005106642222
84522,1825.0005106642222
84523,1825.0005106642222
84524,1825.0005106642222
84525,1825.0005106642222
84526,1825.0005106642222
84527,1825.0005106642222
84528,1825.0005106642222
84529,1825.0005106642222
84530,1825.0005106642222
84531,1825.0005106642222
84532,1825.0005106642222
84533,1825.0005106642222
84534,1825.0005106642222
84535,1825.0005106642222
84536,1825.0005106642222
84537,1825.0005106642222
84538,1825.0005106642222
84539,1825.0005106642222
84540,1825.0005106642222
84541,1825.0005106642222
84542,1825.0005106642222
84543,1825.0005106642222
84544,1825.0005106642222
84545,1825.0005106642222
84546,1825.0005106642222
84547,1825.0005106642222
84548,1825.0005106642222
84549,1825.0005106642222
84550,1825.0005106642222
84551,1825.0005106642222
84552,1825.0005106642222
84553,1825.0005106642222
84554,1825.0005106642222
84555,1825.0005106642222
84556,1825.0005106642222
84557,1825.0005106642222
84558,1825.0005106642222
84559,1825.0005106642222
84560,1825.0005106642222
84561,1825.0005106642222
84562,1825.0005106642222
84563,1825.0005106642222
84564,1825.0005106642222
84565,1825.0005106642222
84566,1825.0005106642222
84567,1825.0005106642222
84568,1825.0005106642222
84569,1825.0005106642222
84570,1825.0005106642222
84571,1825.0005106642222
84572,1825.0005106642222
84573,1825.0005106642222
84574,1825.0005106642222
84575,1825.0005106642222
84576,1825.0005106642222
84577,1825.0005106642222
84578,1825.0005106642222
84579,1825.0005106642222
84580,1825.0005106642222
84581,1825.0005106642222
84582,1825.0005106642222
84583,1825.0005106642222
84584,1825.0005106642222
84585,1825.0005106642222
84586,1825.0005106642222
84587,1825.0005106642222
84588,1825.0005106642222
84589,1825.0005106642222
84590,1825.0005106642222
84591,1825.0005106642222
84592,1825.0005106642222
84593,1825.0005106642222
84594,1825.0005106642222
84595,1825.0005106642222
84596,1825.0005106642222
84597,1825.0005106642222
84598,1825.0005106642222
84599,1825.0005106642222
84600,1825.0005106642222
84601,1825.0005106642222
84602,1825.0005106642222
84603,1825.0005106642222
84604,1825.0005106642222
84605,1825.0005106642222
84606,1825.0005106642222
84607,1825.0005106642222
84608,1825.0005106642222
84609,1825.0005106642222
84610,1825.0005106642222
84611,1825.0005106642222
84612,1825.0005106642222
84613,1825.0005106642222
84614,1825.0005106642222
84615,1825.0005106642222
84616,1825.0005106642222
84617,1825.0005106642222
84618,1825.0005106642222
84619,1825.0005106642222
84620,1825.0005106642222
84621,1825.0005106642222
84622,1825.0005106642222
84623,1825.0005106642222
84624,1825.0005106642222
84625,1825.0005106642222
84626,1825.0005106642222
84627,1825.0005106642222
84628,1825.0005106642222
84629,1825.0005106642222
84630,1825.0005106642222
84631,1825.0005106642222
84632,1825.0005106642222
84633,1825.0005106642222
84634,1825.0005106642222
84635,1825.0005106642222
84636,1825.0005106642222
84637,1825.0005106642222
84638,1825.0005106642222
84639,1825.0005106642222
84640,1825.0005106642222
84641,1825.0005106642222
84642,1825.0005106642222
84643,1825.0005106642222
84644,1825.0005106642222
84645,1825.0005106642222
84646,1825.0005106642222
84647,1825.0005106642222
84648,1825.0005106642222
84649,1825.0005106642222
84650,1825.0005106642222
84651,1825.0005106642222
84652,1825.0005106642222
84653,1825.0005106642222
84654,1825.0005106642222
84655,1825.0005106642222
84656,1825.0005106642222
84657,1825.0005106642222
84658,1825.0005106642222
84659,1825.0005106642222
84660,1825.0005106642222
84661,1825.0005106642222
84662,1825.0005106642222
84663,1825.0005106642222
84664,1825.0005106642222
84665,1825.0005106642222
84666,1825.0005106642222
84667,1825.0005106642222
84668,1825.0005106642222
84669,1825.0005106642222
84670,1825.0005106642222
84671,1825.0005106642222
84672,1825.0005106642222
84673,1825.0005106642222
84674,1825.0005106642222
84675,1825.0005106642222
84676,1825.0005106642222
84677,1825.0005106642222
84678,1825.0005106642222
84679,1825.0005106642222
84680,1825.0005106642222
84681,1825.0005106642222
84682,1825.0005106642222
84683,1825.0005106642222
84684,1825.0005106642222
84685,1825.0005106642222
84686,1825.0005106642222
84687,1825.0005106642222
84688,1825.0005106642222
84689,1825.0005106642222
84690,1825.0005106642222
84691,1825.0005106642222
84692,1825.0005106642222
84693,1825.0005106642222
84694,1825.0005106642222
84695,1825.0005106642222
84696,1825.0005106642222
84697,1825.0005106642222
84698,1825.0005106642222
84699,1825.0005106642222
84700,1825.0005106642222
84701,1825.0005106642222
84702,1825.0005106642222
84703,1825.0005106642222
84704,1825.0005106642222
84705,1825.0005106642222
84706,1825.0005106642222
84707,1825.0005106642222
84708,1825.0005106642222
84709,1825.0005106642222
84710,1825.0005106642222
84711,1825.0005106642222
84712,1825.0005106642222
84713,1825.0005106642222
84714,1825.0005106642222
84715,1825.0005106642222
84716,1825.0005106642222
84717,1825.0005106642222
84718,1825.0005106642222
84719,1825.0005106642222
84720,1825.0005106642222
84721,1825.0005106642222
84722,1825.0005106642222
84723,1825.0005106642222
84724,1825.0005106642222
84725,1825.0005106642222
84726,1825.0005106642222
84727,1825.0005106642222
84728,1825.0005106642222
84729,1825.0005106642222
84730,1825.0005106642222
84731,1825.0005106642222
84732,1825.0005106642222
84733,1825.0005106642222
84734,1825.0005106642222
84735,1825.0005106642222
84736,1825.0005106642222
84737,1825.0005106642222
84738,1825.0005106642222
84739,1825.0005106642222
84740,1825.0005106642222
84741,1825.0005106642222
84742,1825.0005106642222
84743,1825.0005106642222
84744,1825.0005106642222
84745,1825.0005106642222
84746,1825.0005106642222
84747,1825.0005106642222
84748,1825.0005106642222
84749,1825.0005106642222
84750,1825.0005106642222
84751,1825.0005106642222
84752,1825.0005106642222
84753,1825.0005106642222
84754,1825.0005106642222
84755,1825.0005106642222
84756,1825.0005106642222
84757,1825.0005106642222
84758,1825.0005106642222
84759,1825.0005106642222
84760,1825.0005106642222
84761,1825.0005106642222
84762,1825.0005106642222
84763,1825.0005106642222
84764,1825.0005106642222
84765,1825.0005106642222
84766,1825.0005106642222
84767,1825.0005106642222
84768,1825.0005106642222
84769,1825.0005106642222
84770,1825.0005106642222
84771,1825.0005106642222
84772,1825.0005106642222
84773,1825.0005106642222
84774,1825.0005106642222
84775,1825.0005106642222
84776,1825.0005106642222
84777,1825.0005106642222
84778,1825.0005106642222
84779,1825.0005106642222
84780,1825.0005106642222
84781,1825.0005106642222
84782,1825.0005106642222
84783,1825.0005106642222
84784,1825.0005106642222
84785,1825.0005106642222
84786,1825.0005106642222
84787,1825.0005106642222
84788,1825.0005106642222
84789,1825.0005106642222
84790,1825.0005106642222
84791,1825.0005106642222
84792,1825.0005106642222
84793,1825.0005106642222
84794,1825.0005106642222
84795,1825.0005106642222
84796,1825.0005106642222
84797,1825.0005106642222
84798,1825.0005106642222
84799,1825.0005106642222
84800,1825.0005106642222
84801,1825.0005106642222
84802,1825.0005106642222
84803,1825.0005106642222
84804,1825.0005106642222
84805,1825.0005106642222
84806,1825.0005106642222
84807,1825.0005106642222
84808,1825.0005106642222
84809,1825.0005106642222
84810,1825.0005106642222
84811,1825.0005106642222
84812,1825.0005106642222
84813,1825.0005106642222
84814,1825.0005106642222
84815,1825.0005106642222
84816,1825.0005106642222
84817,1825.0005106642222
84818,1825.0005106642222
84819,1825.0005106642222
84820,1825.0005106642222
84821,1825.0005106642222
84822,1825.0005106642222
84823,1825.0005106642222
84824,1825.0005106642222
84825,1825.0005106642222
84826,1825.0005106642222
84827,1825.0005106642222
84828,1825.0005106642222
84829,1825.0005106642222
84830,1825.0005106642222
84831,1825.0005106642222
84832,1825.0005106642222
84833,1825.0005106642222
84834,1825.0005106642222
84835,1825.0005106642222
84836,1825.0005106642222
84837,1825.0005106642222
84838,1825.0005106642222
84839,1825.0005106642222
84840,1825.0005106642222
84841,1825.0005106642222
84842,1825.0005106642222
84843,1825.0005106642222
84844,1825.0005106642222
84845,1825.0005106642222
84846,1825.0005106642222
84847,1825.0005106642222
84848,1825.0005106642222
84849,1825.0005106642222
84850,1825.0005106642222
84851,1825.0005106642222
84852,1825.0005106642222
84853,1825.0005106642222
84854,1825.0005106642222
84855,1825.0005106642222
84856,1825.0005106642222
84857,1825.0005106642222
84858,1825.0005106642222
84859,1825.0005106642222
84860,1825.0005106642222
84861,1825.0005106642222
84862,1825.0005106642222
84863,1825.0005106642222
84864,1825.0005106642222
84865,1825.0005106642222
84866,1825.0005106642222
84867,1825.0005106642222
84868,1825.0005106642222
84869,1825.0005106642222
84870,1825.0005106642222
84871,1825.0005106642222
84872,1825.0005106642222
84873,1825.0005106642222
84874,1825.0005106642222
84875,1825.0005106642222
84876,1825.0005106642222
84877,1825.0005106642222
84878,1825.0005106642222
84879,1825.0005106642222
84880,1825.0005106642222
84881,1825.0005106642222
84882,1825.0005106642222
84883,1825.0005106642222
84884,1825.0005106642222
84885,1825.0005106642222
84886,1825.0005106642222
84887,1825.0005106642222
84888,1825.0005106642222
84889,1825.0005106642222
84890,1825.0005106642222
84891,1825.0005106642222
84892,1825.0005106642222
84893,1825.0005106642222
84894,1825.0005106642222
84895,1825.0005106642222
84896,1825.0005106642222
84897,1825.0005106642222
84898,1825.0005106642222
84899,1825.0005106642222
84900,1825.0005106642222
84901,1825.0005106642222
84902,1825.0005106642222
84903,1825.0005106642222
84904,1825.0005106642222
84905,1825.0005106642222
84906,1825.0005106642222
84907,1825.0005106642222
84908,1825.0005106642222
84909,1825.0005106642222
84910,1825.0005106642222
84911,1825.0005106642222
84912,1825.0005106642222
84913,1825.0005106642222
84914,1825.0005106642222
84915,1825.0005106642222
84916,1825.0005106642222
84917,1825.0005106642222
84918,1825.0005106642222
84919,1825.0005106642222
84920,1825.0005106642222
84921,1825.0005106642222
84922,1825.0005106642222
84923,1825.0005106642222
84924,1825.0005106642222
84925,1825.0005106642222
84926,1825.0005106642222
84927,1825.0005106642222
84928,1825.0005106642222
84929,1825.0005106642222
84930,1825.0005106642222
84931,1825.0005106642222
84932,1825.0005106642222
84933,1825.0005106642222
84934,1825.0005106642222
84935,1825.0005106642222
84936,1825.0005106642222
84937,1825.0005106642222
84938,1825.0005106642222
84939,1825.0005106642222
84940,1825.0005106642222
84941,1825.0005106642222
84942,1825.0005106642222
84943,1825.0005106642222
84944,1825.0005106642222
84945,1825.0005106642222
84946,1825.0005106642222
84947,1825.0005106642222
84948,1825.0005106642222
84949,1825.0005106642222
84950,1825.0005106642222
84951,1825.0005106642222
84952,1825.0005106642222
84953,1825.0005106642222
84954,1825.0005106642222
84955,1825.0005106642222
84956,1825.0005106642222
84957,1825.0005106642222
84958,1825.0005106642222
84959,1825.0005106642222
84960,1825.0005106642222
84961,1825.0005106642222
84962,1825.0005106642222
84963,1825.0005106642222
84964,1825.0005106642222
84965,1825.0005106642222
84966,1825.0005106642222
84967,1825.0005106642222
84968,1825.0005106642222
84969,1825.0005106642222
84970,1825.0005106642222
84971,1825.0005106642222
84972,1825.0005106642222
84973,1825.0005106642222
84974,1825.0005106642222
84975,1825.0005106642222
84976,1825.0005106642222
84977,1825.0005106642222
84978,1825.0005106642222
84979,1825.0005106642222
84980,1825.0005106642222
84981,1825.0005106642222
84982,1825.0005106642222
84983,1825.0005106642222
84984,1825.0005106642222
84985,1825.0005106642222
84986,1825.0005106642222
84987,1825.0005106642222
84988,1825.0005106642222
84989,1825.0005106642222
84990,1825.0005106642222
84991,1825.0005106642222
84992,1825.0005106642222
84993,1825.0005106642222
84994,1825.0005106642222
84995,1825.0005106642222
84996,1825.0005106642222
84997,1825.0005106642222
84998,1825.0005106642222
84999,1825.0005106642222
85000,1825.0005106642222
85001,1825.0005106642222
85002,1825.0005106642222
85003,1825.0005106642222
85004,1825.0005106642222
85005,1825.0005106642222
85006,1825.0005106642222
85007,1825.0005106642222
85008,1825.0005106642222
85009,1825.0005106642222
85010,1825.0005106642222
85011,1825.0005106642222
85012,1825.0005106642222
85013,1825.0005106642222
85014,1825.0005106642222
85015,1825.0005106642222
85016,1825.0005106642222
85017,1825.0005106642222
85018,1825.0005106642222
85019,1825.0005106642222
85020,1825.0005106642222
85021,1825.0005106642222
85022,1825.0005106642222
85023,1825.0005106642222
85024,1825.0005106642222
85025,1825.0005106642222
85026,1825.0005106642222
85027,1825.0005106642222
85028,1825.0005106642222
85029,1825.0005106642222
85030,1825.0005106642222
85031,1825.0005106642222
85032,1825.0005106642222
85033,1825.0005106642222
85034,1825.0005106642222
85035,1825.0005106642222
85036,1825.0005106642222
85037,1825.0005106642222
85038,1825.0005106642222
85039,1825.0005106642222
85040,1825.0005106642222
85041,1825.0005106642222
85042,1825.0005106642222
85043,1825.0005106642222
85044,1825.0005106642222
85045,1825.0005106642222
85046,1825.0005106642222
85047,1825.0005106642222
85048,1825.0005106642222
85049,1825.0005106642222
85050,1825.0005106642222
85051,1825.0005106642222
85052,1825.0005106642222
85053,1825.0005106642222
85054,1825.0005106642222
85055,1825.0005106642222
85056,1825.0005106642222
85057,1825.0005106642222
85058,1825.0005106642222
85059,1825.0005106642222
85060,1825.0005106642222
85061,1825.0005106642222
85062,1825.0005106642222
85063,1825.0005106642222
85064,1825.0005106642222
85065,1825.0005106642222
85066,1825.0005106642222
85067,1825.0005106642222
85068,1825.0005106642222
85069,1825.0005106642222
85070,1825.0005106642222
85071,1825.0005106642222
85072,1825.0005106642222
85073,1825.0005106642222
85074,1825.0005106642222
85075,1825.0005106642222
85076,1825.0005106642222
85077,1825.0005106642222
85078,1825.0005106642222
85079,1825.0005106642222
85080,1825.0005106642222
85081,1825.0005106642222
85082,1825.0005106642222
85083,1825.0005106642222
85084,1825.0005106642222
85085,1825.0005106642222
85086,1825.0005106642222
85087,1825.0005106642222
85088,1825.0005106642222
85089,1825.0005106642222
85090,1825.0005106642222
85091,1825.0005106642222
85092,1825.0005106642222
85093,1825.0005106642222
85094,1825.0005106642222
85095,1825.0005106642222
85096,1825.0005106642222
85097,1825.0005106642222
85098,1825.0005106642222
85099,1825.0005106642222
85100,1825.0005106642222
85101,1825.0005106642222
85102,1825.0005106642222
85103,1825.0005106642222
85104,1825.0005106642222
85105,1825.0005106642222
85106,1825.0005106642222
85107,1825.0005106642222
85108,1825.0005106642222
85109,1825.0005106642222
85110,1825.0005106642222
85111,1825.0005106642222
85112,1825.0005106642222
85113,1825.0005106642222
85114,1825.0005106642222
85115,1825.0005106642222
85116,1825.0005106642222
85117,1825.0005106642222
85118,1825.0005106642222
85119,1825.0005106642222
85120,1825.0005106642222
85121,1825.0005106642222
85122,1825.0005106642222
85123,1825.0005106642222
85124,1825.0005106642222
85125,1825.0005106642222
85126,1825.0005106642222
85127,1825.0005106642222
85128,1825.0005106642222
85129,1825.0005106642222
85130,1825.0005106642222
85131,1825.0005106642222
85132,1825.0005106642222
85133,1825.0005106642222
85134,1825.0005106642222
85135,1825.0005106642222
85136,1825.0005106642222
85137,1825.0005106642222
85138,1825.0005106642222
85139,1825.0005106642222
85140,1825.0005106642222
85141,1825.0005106642222
85142,1825.0005106642222
85143,1825.0005106642222
85144,1825.0005106642222
85145,1825.0005106642222
85146,1825.0005106642222
85147,1825.0005106642222
85148,1825.0005106642222
85149,1825.0005106642222
85150,1825.0005106642222
85151,1825.0005106642222
85152,1825.0005106642222
85153,1825.0005106642222
85154,1825.0005106642222
85155,1825.0005106642222
85156,1825.0005106642222
85157,1825.0005106642222
85158,1825.0005106642222
85159,1825.0005106642222
85160,1825.0005106642222
85161,1825.0005106642222
85162,1825.0005106642222
85163,1825.0005106642222
85164,1825.0005106642222
85165,1825.0005106642222
85166,1825.0005106642222
85167,1825.0005106642222
85168,1825.0005106642222
85169,1825.0005106642222
85170,1825.0005106642222
85171,1825.0005106642222
85172,1825.0005106642222
85173,1825.0005106642222
85174,1825.0005106642222
85175,1825.0005106642222
85176,1825.0005106642222
85177,1825.0005106642222
85178,1825.0005106642222
85179,1825.0005106642222
85180,1825.0005106642222
85181,1825.0005106642222
85182,1825.0005106642222
85183,1825.0005106642222
85184,1825.0005106642222
85185,1825.0005106642222
85186,1825.0005106642222
85187,1825.0005106642222
85188,1825.0005106642222
85189,1825.0005106642222
85190,1825.0005106642222
85191,1825.0005106642222
85192,1825.0005106642222
85193,1825.0005106642222
85194,1825.0005106642222
85195,1825.0005106642222
85196,1825.0005106642222
85197,1825.0005106642222
85198,1825.0005106642222
85199,1825.0005106642222
85200,1825.0005106642222
85201,1825.0005106642222
85202,1825.0005106642222
85203,1825.0005106642222
85204,1825.0005106642222
85205,1825.0005106642222
85206,1825.0005106642222
85207,1825.0005106642222
85208,1825.0005106642222
85209,1825.0005106642222
85210,1825.0005106642222
85211,1825.0005106642222
85212,1825.0005106642222
85213,1825.0005106642222
85214,1825.0005106642222
85215,1825.0005106642222
85216,1825.0005106642222
85217,1825.0005106642222
85218,1825.0005106642222
85219,1825.0005106642222
85220,1825.0005106642222
85221,1825.0005106642222
85222,1825.0005106642222
85223,1825.0005106642222
85224,1825.0005106642222
85225,1825.0005106642222
85226,1825.0005106642222
85227,1825.0005106642222
85228,1825.0005106642222
85229,1825.0005106642222
85230,1825.0005106642222
85231,1825.0005106642222
85232,1825.0005106642222
85233,1825.0005106642222
85234,1825.0005106642222
85235,1825.0005106642222
85236,1825.0005106642222
85237,1825.0005106642222
85238,1825.0005106642222
85239,1825.0005106642222
85240,1825.0005106642222
85241,1825.0005106642222
85242,1825.0005106642222
85243,1825.0005106642222
85244,1825.0005106642222
85245,1825.0005106642222
85246,1825.0005106642222
85247,1825.0005106642222
85248,1825.0005106642222
85249,1825.0005106642222
85250,1825.0005106642222
85251,1825.0005106642222
85252,1825.0005106642222
85253,1825.0005106642222
85254,1825.0005106642222
85255,1825.0005106642222
85256,1825.0005106642222
85257,1825.0005106642222
85258,1825.0005106642222
85259,1825.0005106642222
85260,1825.0005106642222
85261,1825.0005106642222
85262,1825.0005106642222
85263,1825.0005106642222
85264,1825.0005106642222
85265,1825.0005106642222
85266,1825.0005106642222
85267,1825.0005106642222
85268,1825.0005106642222
85269,1825.0005106642222
85270,1825.0005106642222
85271,1825.0005106642222
85272,1825.0005106642222
85273,1825.0005106642222
85274,1825.0005106642222
85275,1825.0005106642222
85276,1825.0005106642222
85277,1825.0005106642222
85278,1825.0005106642222
85279,1825.0005106642222
85280,1825.0005106642222
85281,1825.0005106642222
85282,1825.0005106642222
85283,1825.0005106642222
85284,1825.0005106642222
85285,1825.0005106642222
85286,1825.0005106642222
85287,1825.0005106642222
85288,1825.0005106642222
85289,1825.0005106642222
85290,1825.0005106642222
85291,1825.0005106642222
85292,1825.0005106642222
85293,1825.0005106642222
85294,1825.0005106642222
85295,1825.0005106642222
85296,1825.0005106642222
85297,1825.0005106642222
85298,1825.0005106642222
85299,1825.0005106642222
85300,1825.0005106642222
85301,1825.0005106642222
85302,1825.0005106642222
85303,1825.0005106642222
85304,1825.0005106642222
85305,1825.0005106642222
85306,1825.0005106642222
85307,1825.0005106642222
85308,1825.0005106642222
85309,1825.0005106642222
85310,1825.0005106642222
85311,1825.0005106642222
85312,1825.0005106642222
85313,1825.0005106642222
85314,1825.0005106642222
85315,1825.0005106642222
85316,1825.0005106642222
85317,1825.0005106642222
85318,1825.0005106642222
85319,1825.0005106642222
85320,1825.0005106642222
85321,1825.0005106642222
85322,1825.0005106642222
85323,1825.0005106642222
85324,1825.0005106642222
85325,1825.0005106642222
85326,1825.0005106642222
85327,1825.0005106642222
85328,1825.0005106642222
85329,1825.0005106642222
85330,1825.0005106642222
85331,1825.0005106642222
85332,1825.0005106642222
85333,1825.0005106642222
85334,1825.0005106642222
85335,1825.0005106642222
85336,1825.0005106642222
85337,1825.0005106642222
85338,1825.0005106642222
85339,1825.0005106642222
85340,1825.0005106642222
85341,1825.0005106642222
85342,1825.0005106642222
85343,1825.0005106642222
85344,1825.0005106642222
85345,1825.0005106642222
85346,1825.0005106642222
85347,1825.0005106642222
85348,1825.0005106642222
85349,1825.0005106642222
85350,1825.0005106642222
85351,1825.0005106642222
85352,1825.0005106642222
85353,1825.0005106642222
85354,1825.0005106642222
85355,1825.0005106642222
85356,1825.0005106642222
85357,1825.0005106642222
85358,1825.0005106642222
85359,1825.0005106642222
85360,1825.0005106642222
85361,1825.0005106642222
85362,1825.0005106642222
85363,1825.0005106642222
85364,1825.0005106642222
85365,1825.0005106642222
85366,1825.0005106642222
85367,1825.0005106642222
85368,1825.0005106642222
85369,1825.0005106642222
85370,1825.0005106642222
85371,1825.0005106642222
85372,1825.0005106642222
85373,1825.0005106642222
85374,1825.0005106642222
85375,1825.0005106642222
85376,1825.0005106642222
85377,1825.0005106642222
85378,1825.0005106642222
85379,1825.0005106642222
85380,1825.0005106642222
85381,1825.0005106642222
85382,1825.0005106642222
85383,1825.0005106642222
85384,1825.0005106642222
85385,1825.0005106642222
85386,1825.0005106642222
85387,1825.0005106642222
85388,1825.0005106642222
85389,1825.0005106642222
85390,1825.0005106642222
85391,1825.0005106642222
85392,1825.0005106642222
85393,1825.0005106642222
85394,1825.0005106642222
85395,1825.0005106642222
85396,1825.0005106642222
85397,1825.0005106642222
85398,1825.0005106642222
85399,1825.0005106642222
85400,1825.0005106642222
85401,1825.0005106642222
85402,1825.0005106642222
85403,1825.0005106642222
85404,1825.0005106642222
85405,1825.0005106642222
85406,1825.0005106642222
85407,1825.0005106642222
85408,1825.0005106642222
85409,1825.0005106642222
85410,1825.0005106642222
85411,1825.0005106642222
85412,1825.0005106642222
85413,1825.0005106642222
85414,1825.0005106642222
85415,1825.0005106642222
85416,1825.0005106642222
85417,1825.0005106642222
85418,1825.0005106642222
85419,1825.0005106642222
85420,1825.0005106642222
85421,1825.0005106642222
85422,1825.0005106642222
85423,1825.0005106642222
85424,1825.0005106642222
85425,1825.0005106642222
85426,1825.0005106642222
85427,1825.0005106642222
85428,1825.0005106642222
85429,1825.0005106642222
85430,1825.0005106642222
85431,1825.0005106642222
85432,1825.0005106642222
85433,1825.0005106642222
85434,1825.0005106642222
85435,1825.0005106642222
85436,1825.0005106642222
85437,1825.0005106642222
85438,1825.0005106642222
85439,1825.0005106642222
85440,1825.0005106642222
85441,1825.0005106642222
85442,1825.0005106642222
85443,1825.0005106642222
85444,1825.0005106642222
85445,1825.0005106642222
85446,1825.0005106642222
85447,1825.0005106642222
85448,1825.0005106642222
85449,1825.0005106642222
85450,1825.0005106642222
85451,1825.0005106642222
85452,1825.0005106642222
85453,1825.0005106642222
85454,1825.0005106642222
85455,1825.0005106642222
85456,1825.0005106642222
85457,1825.0005106642222
85458,1825.0005106642222
85459,1825.0005106642222
85460,1825.0005106642222
85461,1825.0005106642222
85462,1825.0005106642222
85463,1825.0005106642222
85464,1825.0005106642222
85465,1825.0005106642222
85466,1825.0005106642222
85467,1825.0005106642222
85468,1825.0005106642222
85469,1825.0005106642222
85470,1825.0005106642222
85471,1825.0005106642222
85472,1825.0005106642222
85473,1825.0005106642222
85474,1825.0005106642222
85475,1825.0005106642222
85476,1825.0005106642222
85477,1825.0005106642222
85478,1825.0005106642222
85479,1825.0005106642222
85480,1825.0005106642222
85481,1825.0005106642222
85482,1825.0005106642222
85483,1825.0005106642222
85484,1825.0005106642222
85485,1825.0005106642222
85486,1825.0005106642222
85487,1825.0005106642222
85488,1825.0005106642222
85489,1825.0005106642222
85490,1825.0005106642222
85491,1825.0005106642222
85492,1825.0005106642222
85493,1825.0005106642222
85494,1825.0005106642222
85495,1825.0005106642222
85496,1825.0005106642222
85497,1825.0005106642222
85498,1825.0005106642222
85499,1825.0005106642222
85500,1825.0005106642222
85501,1825.0005106642222
85502,1825.0005106642222
85503,1825.0005106642222
85504,1825.0005106642222
85505,1825.0005106642222
85506,1825.0005106642222
85507,1825.0005106642222
85508,1825.0005106642222
85509,1825.0005106642222
85510,1825.0005106642222
85511,1825.0005106642222
85512,1825.0005106642222
85513,1825.0005106642222
85514,1825.0005106642222
85515,1825.0005106642222
85516,1825.0005106642222
85517,1825.0005106642222
85518,1825.0005106642222
85519,1825.0005106642222
85520,1825.0005106642222
85521,1825.0005106642222
85522,1825.0005106642222
85523,1825.0005106642222
85524,1825.0005106642222
85525,1825.0005106642222
85526,1825.0005106642222
85527,1825.0005106642222
85528,1825.0005106642222
85529,1825.0005106642222
85530,1825.0005106642222
85531,1825.0005106642222
85532,1825.0005106642222
85533,1825.0005106642222
85534,1825.0005106642222
85535,1825.0005106642222
85536,1825.0005106642222
85537,1825.0005106642222
85538,1825.0005106642222
85539,1825.0005106642222
85540,1825.0005106642222
85541,1825.0005106642222
85542,1825.0005106642222
85543,1825.0005106642222
85544,1825.0005106642222
85545,1825.0005106642222
85546,1825.0005106642222
85547,1825.0005106642222
85548,1825.0005106642222
85549,1825.0005106642222
85550,1825.0005106642222
85551,1825.0005106642222
85552,1825.0005106642222
85553,1825.0005106642222
85554,1825.0005106642222
85555,1825.0005106642222
85556,1825.0005106642222
85557,1825.0005106642222
85558,1825.0005106642222
85559,1825.0005106642222
85560,1825.0005106642222
85561,1825.0005106642222
85562,1825.0005106642222
85563,1825.0005106642222
85564,1825.0005106642222
85565,1825.0005106642222
85566,1825.0005106642222
85567,1825.0005106642222
85568,1825.0005106642222
85569,1825.0005106642222
85570,1825.0005106642222
85571,1825.0005106642222
85572,1825.0005106642222
85573,1825.0005106642222
85574,1825.0005106642222
85575,1825.0005106642222
85576,1825.0005106642222
85577,1825.0005106642222
85578,1825.0005106642222
85579,1825.0005106642222
85580,1825.0005106642222
85581,1825.0005106642222
85582,1825.0005106642222
85583,1825.0005106642222
85584,1825.0005106642222
85585,1825.0005106642222
85586,1825.0005106642222
85587,1825.0005106642222
85588,1825.0005106642222
85589,1825.0005106642222
85590,1825.0005106642222
85591,1825.0005106642222
85592,1825.0005106642222
85593,1825.0005106642222
85594,1825.0005106642222
85595,1825.0005106642222
85596,1825.0005106642222
85597,1825.0005106642222
85598,1825.0005106642222
85599,1825.0005106642222
85600,1825.0005106642222
85601,1825.0005106642222
85602,1825.0005106642222
85603,1825.0005106642222
85604,1825.0005106642222
85605,1825.0005106642222
85606,1825.0005106642222
85607,1825.0005106642222
85608,1825.0005106642222
85609,1825.0005106642222
85610,1825.0005106642222
85611,1825.0005106642222
85612,1825.0005106642222
85613,1825.0005106642222
85614,1825.0005106642222
85615,1825.0005106642222
85616,1825.0005106642222
85617,1825.0005106642222
85618,1825.0005106642222
85619,1825.0005106642222
85620,1825.0005106642222
85621,1825.0005106642222
85622,1825.0005106642222
85623,1825.0005106642222
85624,1825.0005106642222
85625,1825.0005106642222
85626,1825.0005106642222
85627,1825.0005106642222
85628,1825.0005106642222
85629,1825.0005106642222
85630,1825.0005106642222
85631,1825.0005106642222
85632,1825.0005106642222
85633,1825.0005106642222
85634,1825.0005106642222
85635,1825.0005106642222
85636,1825.0005106642222
85637,1825.0005106642222
85638,1825.0005106642222
85639,1825.0005106642222
85640,1825.0005106642222
85641,1825.0005106642222
85642,1825.0005106642222
85643,1825.0005106642222
85644,1825.0005106642222
85645,1825.0005106642222
85646,1825.0005106642222
85647,1825.0005106642222
85648,1825.0005106642222
85649,1825.0005106642222
85650,1825.0005106642222
85651,1825.0005106642222
85652,1825.0005106642222
85653,1825.0005106642222
85654,1825.0005106642222
85655,1825.0005106642222
85656,1825.0005106642222
85657,1825.0005106642222
85658,1825.0005106642222
85659,1825.0005106642222
85660,1825.0005106642222
85661,1825.0005106642222
85662,1825.0005106642222
85663,1825.0005106642222
85664,1825.0005106642222
85665,1825.0005106642222
85666,1825.0005106642222
85667,1825.0005106642222
85668,1825.0005106642222
85669,1825.0005106642222
85670,1825.0005106642222
85671,1825.0005106642222
85672,1825.0005106642222
85673,1825.0005106642222
85674,1825.0005106642222
85675,1825.0005106642222
85676,1825.0005106642222
85677,1825.0005106642222
85678,1825.0005106642222
85679,1825.0005106642222
85680,1825.0005106642222
85681,1825.0005106642222
85682,1825.0005106642222
85683,1825.0005106642222
85684,1825.0005106642222
85685,1825.0005106642222
85686,1825.0005106642222
85687,1825.0005106642222
85688,1825.0005106642222
85689,1825.0005106642222
85690,1825.0005106642222
85691,1825.0005106642222
85692,1825.0005106642222
85693,1825.0005106642222
85694,1825.0005106642222
85695,1825.0005106642222
85696,1825.0005106642222
85697,1825.0005106642222
85698,1825.0005106642222
85699,1825.0005106642222
85700,1825.0005106642222
85701,1825.0005106642222
85702,1825.0005106642222
85703,1825.0005106642222
85704,1825.0005106642222
85705,1825.0005106642222
85706,1825.0005106642222
85707,1825.0005106642222
85708,1825.0005106642222
85709,1825.0005106642222
85710,1825.0005106642222
85711,1825.0005106642222
85712,1825.0005106642222
85713,1825.0005106642222
85714,1825.0005106642222
85715,1825.0005106642222
85716,1825.0005106642222
85717,1825.0005106642222
85718,1825.0005106642222
85719,1825.0005106642222
85720,1825.0005106642222
85721,1825.0005106642222
85722,1825.0005106642222
85723,1825.0005106642222
85724,1825.0005106642222
85725,1825.0005106642222
85726,1825.0005106642222
85727,1825.0005106642222
85728,1825.0005106642222
85729,1825.0005106642222
85730,1825.0005106642222
85731,1825.0005106642222
85732,1825.0005106642222
85733,1825.0005106642222
85734,1825.0005106642222
85735,1825.0005106642222
85736,1825.0005106642222
85737,1825.0005106642222
85738,1825.0005106642222
85739,1825.0005106642222
85740,1825.0005106642222
85741,1825.0005106642222
85742,1825.0005106642222
85743,1825.0005106642222
85744,1825.0005106642222
85745,1825.0005106642222
85746,1825.0005106642222
85747,1825.0005106642222
85748,1825.0005106642222
85749,1825.0005106642222
85750,1825.0005106642222
85751,1825.0005106642222
85752,1825.0005106642222
85753,1825.0005106642222
85754,1825.0005106642222
85755,1825.0005106642222
85756,1825.0005106642222
85757,1825.0005106642222
85758,1825.0005106642222
85759,1825.0005106642222
85760,1825.0005106642222
85761,1825.0005106642222
85762,1825.0005106642222
85763,1825.0005106642222
85764,1825.0005106642222
85765,1825.0005106642222
85766,1825.0005106642222
85767,1825.0005106642222
85768,1825.0005106642222
85769,1825.0005106642222
85770,1825.0005106642222
85771,1825.0005106642222
85772,1825.0005106642222
85773,1825.0005106642222
85774,1825.0005106642222
85775,1825.0005106642222
85776,1825.0005106642222
85777,1825.0005106642222
85778,1825.0005106642222
85779,1825.0005106642222
85780,1825.0005106642222
85781,1825.0005106642222
85782,1825.0005106642222
85783,1825.0005106642222
85784,1825.0005106642222
85785,1825.0005106642222
85786,1825.0005106642222
85787,1825.0005106642222
85788,1825.0005106642222
85789,1825.0005106642222
85790,1825.0005106642222
85791,1825.0005106642222
85792,1825.0005106642222
85793,1825.0005106642222
85794,1825.0005106642222
85795,1825.0005106642222
85796,1825.0005106642222
85797,1825.0005106642222
85798,1825.0005106642222
85799,1825.0005106642222
85800,1825.0005106642222
85801,1825.0005106642222
85802,1825.0005106642222
85803,1825.0005106642222
85804,1825.0005106642222
85805,1825.0005106642222
85806,1825.0005106642222
85807,1825.0005106642222
85808,1825.0005106642222
85809,1825.0005106642222
85810,1825.0005106642222
85811,1825.0005106642222
85812,1825.0005106642222
85813,1825.0005106642222
85814,1825.0005106642222
85815,1825.0005106642222
85816,1825.0005106642222
85817,1825.0005106642222
85818,1825.0005106642222
85819,1825.0005106642222
85820,1825.0005106642222
85821,1825.0005106642222
85822,1825.0005106642222
85823,1825.0005106642222
85824,1825.0005106642222
85825,1825.0005106642222
85826,1825.0005106642222
85827,1825.0005106642222
85828,1825.0005106642222
85829,1825.0005106642222
85830,1825.0005106642222
85831,1825.0005106642222
85832,1825.0005106642222
85833,1825.0005106642222
85834,1825.0005106642222
85835,1825.0005106642222
85836,1825.0005106642222
85837,1825.0005106642222
85838,1825.0005106642222
85839,1825.0005106642222
85840,1825.0005106642222
85841,1825.0005106642222
85842,1825.0005106642222
85843,1825.0005106642222
85844,1825.0005106642222
85845,1825.0005106642222
85846,1825.0005106642222
85847,1825.0005106642222
85848,1825.0005106642222
85849,1825.0005106642222
85850,1825.0005106642222
85851,1825.0005106642222
85852,1825.0005106642222
85853,1825.0005106642222
85854,1825.0005106642222
85855,1825.0005106642222
85856,1825.0005106642222
85857,1825.0005106642222
85858,1825.0005106642222
85859,1825.0005106642222
85860,1825.0005106642222
85861,1825.0005106642222
85862,1825.0005106642222
85863,1825.0005106642222
85864,1825.0005106642222
85865,1825.0005106642222
85866,1825.0005106642222
85867,1825.0005106642222
85868,1825.0005106642222
85869,1825.0005106642222
85870,1825.0005106642222
85871,1825.0005106642222
85872,1825.0005106642222
85873,1825.0005106642222
85874,1825.0005106642222
85875,1825.0005106642222
85876,1825.0005106642222
85877,1825.0005106642222
85878,1825.0005106642222
85879,1825.0005106642222
85880,1825.0005106642222
85881,1825.0005106642222
85882,1825.0005106642222
85883,1825.0005106642222
85884,1825.0005106642222
85885,1825.0005106642222
85886,1825.0005106642222
85887,1825.0005106642222
85888,1825.0005106642222
85889,1825.0005106642222
85890,1825.0005106642222
85891,1825.0005106642222
85892,1825.0005106642222
85893,1825.0005106642222
85894,1825.0005106642222
85895,1825.0005106642222
85896,1825.0005106642222
85897,1825.0005106642222
85898,1825.0005106642222
85899,1825.0005106642222
85900,1825.0005106642222
85901,1825.0005106642222
85902,1825.0005106642222
85903,1825.0005106642222
85904,1825.0005106642222
85905,1825.0005106642222
85906,1825.0005106642222
85907,1825.0005106642222
85908,1825.0005106642222
85909,1825.0005106642222
85910,1825.0005106642222
85911,1825.0005106642222
85912,1825.0005106642222
85913,1825.0005106642222
85914,1825.0005106642222
85915,1825.0005106642222
85916,1825.0005106642222
85917,1825.0005106642222
85918,1825.0005106642222
85919,1825.0005106642222
85920,1825.0005106642222
85921,1825.0005106642222
85922,1825.0005106642222
85923,1825.0005106642222
85924,1825.0005106642222
85925,1825.0005106642222
85926,1825.0005106642222
85927,1825.0005106642222
85928,1825.0005106642222
85929,1825.0005106642222
85930,1825.0005106642222
85931,1825.0005106642222
85932,1825.0005106642222
85933,1825.0005106642222
85934,1825.0005106642222
85935,1825.0005106642222
85936,1825.0005106642222
85937,1825.0005106642222
85938,1825.0005106642222
85939,1825.0005106642222
85940,1825.0005106642222
85941,1825.0005106642222
85942,1825.0005106642222
85943,1825.0005106642222
85944,1825.0005106642222
85945,1825.0005106642222
85946,1825.0005106642222
85947,1825.0005106642222
85948,1825.0005106642222
85949,1825.0005106642222
85950,1825.0005106642222
85951,1825.0005106642222
85952,1825.0005106642222
85953,1825.0005106642222
85954,1825.0005106642222
85955,1825.0005106642222
85956,1825.0005106642222
85957,1825.0005106642222
85958,1825.0005106642222
85959,1825.0005106642222
85960,1825.0005106642222
85961,1825.0005106642222
85962,1825.0005106642222
85963,1825.0005106642222
85964,1825.0005106642222
85965,1825.0005106642222
85966,1825.0005106642222
85967,1825.0005106642222
85968,1825.0005106642222
85969,1825.0005106642222
85970,1825.0005106642222
85971,1825.0005106642222
85972,1825.0005106642222
85973,1825.0005106642222
85974,1825.0005106642222
85975,1825.0005106642222
85976,1825.0005106642222
85977,1825.0005106642222
85978,1825.0005106642222
85979,1825.0005106642222
85980,1825.0005106642222
85981,1825.0005106642222
85982,1825.0005106642222
85983,1825.0005106642222
85984,1825.0005106642222
85985,1825.0005106642222
85986,1825.0005106642222
85987,1825.0005106642222
85988,1825.0005106642222
85989,1825.0005106642222
85990,1825.0005106642222
85991,1825.0005106642222
85992,1825.0005106642222
85993,1825.0005106642222
85994,1825.0005106642222
85995,1825.0005106642222
85996,1825.0005106642222
85997,1825.0005106642222
85998,1825.0005106642222
85999,1825.0005106642222
86000,1825.0005106642222
86001,1825.0005106642222
86002,1825.0005106642222
86003,1825.0005106642222
86004,1825.0005106642222
86005,1825.0005106642222
86006,1825.0005106642222
86007,1825.0005106642222
86008,1825.0005106642222
86009,1825.0005106642222
86010,1825.0005106642222
86011,1825.0005106642222
86012,1825.0005106642222
86013,1825.0005106642222
86014,1825.0005106642222
86015,1825.0005106642222
86016,1825.0005106642222
86017,1825.0005106642222
86018,1825.0005106642222
86019,1825.0005106642222
86020,1825.0005106642222
86021,1825.0005106642222
86022,1825.0005106642222
86023,1825.0005106642222
86024,1825.0005106642222
86025,1825.0005106642222
86026,1825.0005106642222
86027,1825.0005106642222
86028,1825.0005106642222
86029,1825.0005106642222
86030,1825.0005106642222
86031,1825.0005106642222
86032,1825.0005106642222
86033,1825.0005106642222
86034,1825.0005106642222
86035,1825.0005106642222
86036,1825.0005106642222
86037,1825.0005106642222
86038,1825.0005106642222
86039,1825.0005106642222
86040,1825.0005106642222
86041,1825.0005106642222
86042,1825.0005106642222
86043,1825.0005106642222
86044,1825.0005106642222
86045,1825.0005106642222
86046,1825.0005106642222
86047,1825.0005106642222
86048,1825.0005106642222
86049,1825.0005106642222
86050,1825.0005106642222
86051,1825.0005106642222
86052,1825.0005106642222
86053,1825.0005106642222
86054,1825.0005106642222
86055,1825.0005106642222
86056,1825.0005106642222
86057,1825.0005106642222
86058,1825.0005106642222
86059,1825.0005106642222
86060,1825.0005106642222
86061,1825.0005106642222
86062,1825.0005106642222
86063,1825.0005106642222
86064,1825.0005106642222
86065,1825.0005106642222
86066,1825.0005106642222
86067,1825.0005106642222
86068,1825.0005106642222
86069,1825.0005106642222
86070,1825.0005106642222
86071,1825.0005106642222
86072,1825.0005106642222
86073,1825.0005106642222
86074,1825.0005106642222
86075,1825.0005106642222
86076,1825.0005106642222
86077,1825.0005106642222
86078,1825.0005106642222
86079,1825.0005106642222
86080,1825.0005106642222
86081,1825.0005106642222
86082,1825.0005106642222
86083,1825.0005106642222
86084,1825.0005106642222
86085,1825.0005106642222
86086,1825.0005106642222
86087,1825.0005106642222
86088,1825.0005106642222
86089,1825.0005106642222
86090,1825.0005106642222
86091,1825.0005106642222
86092,1825.0005106642222
86093,1825.0005106642222
86094,1825.0005106642222
86095,1825.0005106642222
86096,1825.0005106642222
86097,1825.0005106642222
86098,1825.0005106642222
86099,1825.0005106642222
86100,1825.0005106642222
86101,1825.0005106642222
86102,1825.0005106642222
86103,1825.0005106642222
86104,1825.0005106642222
86105,1825.0005106642222
86106,1825.0005106642222
86107,1825.0005106642222
86108,1825.0005106642222
86109,1825.0005106642222
86110,1825.0005106642222
86111,1825.0005106642222
86112,1825.0005106642222
86113,1825.0005106642222
86114,1825.0005106642222
86115,1825.0005106642222
86116,1825.0005106642222
86117,1825.0005106642222
86118,1825.0005106642222
86119,1825.0005106642222
86120,1825.0005106642222
86121,1825.0005106642222
86122,1825.0005106642222
86123,1825.0005106642222
86124,1825.0005106642222
86125,1825.0005106642222
86126,1825.0005106642222
86127,1825.0005106642222
86128,1825.0005106642222
86129,1825.0005106642222
86130,1825.0005106642222
86131,1825.0005106642222
86132,1825.0005106642222
86133,1825.0005106642222
86134,1825.0005106642222
86135,1825.0005106642222
86136,1825.0005106642222
86137,1825.0005106642222
86138,1825.0005106642222
86139,1825.0005106642222
86140,1825.0005106642222
86141,1825.0005106642222
86142,1825.0005106642222
86143,1825.0005106642222
86144,1825.0005106642222
86145,1825.0005106642222
86146,1825.0005106642222
86147,1825.0005106642222
86148,1825.0005106642222
86149,1825.0005106642222
86150,1825.0005106642222
86151,1825.0005106642222
86152,1825.0005106642222
86153,1825.0005106642222
86154,1825.0005106642222
86155,1825.0005106642222
86156,1825.0005106642222
86157,1825.0005106642222
86158,1825.0005106642222
86159,1825.0005106642222
86160,1825.0005106642222
86161,1825.0005106642222
86162,1825.0005106642222
86163,1825.0005106642222
86164,1825.0005106642222
86165,1825.0005106642222
86166,1825.0005106642222
86167,1825.0005106642222
86168,1825.0005106642222
86169,1825.0005106642222
86170,1825.0005106642222
86171,1825.0005106642222
86172,1825.0005106642222
86173,1825.0005106642222
86174,1825.0005106642222
86175,1825.0005106642222
86176,1825.0005106642222
86177,1825.0005106642222
86178,1825.0005106642222
86179,1825.0005106642222
86180,1825.0005106642222
86181,1825.0005106642222
86182,1825.0005106642222
86183,1825.0005106642222
86184,1825.0005106642222
86185,1825.0005106642222
86186,1825.0005106642222
86187,1825.0005106642222
86188,1825.0005106642222
86189,1825.0005106642222
86190,1825.0005106642222
86191,1825.0005106642222
86192,1825.0005106642222
86193,1825.0005106642222
86194,1825.0005106642222
86195,1825.0005106642222
86196,1825.0005106642222
86197,1825.0005106642222
86198,1825.0005106642222
86199,1825.0005106642222
86200,1825.0005106642222
86201,1825.0005106642222
86202,1825.0005106642222
86203,1825.0005106642222
86204,1825.0005106642222
86205,1825.0005106642222
86206,1825.0005106642222
86207,1825.0005106642222
86208,1825.0005106642222
86209,1825.0005106642222
86210,1825.0005106642222
86211,1825.0005106642222
86212,1825.0005106642222
86213,1825.0005106642222
86214,1825.0005106642222
86215,1825.0005106642222
86216,1825.0005106642222
86217,1825.0005106642222
86218,1825.0005106642222
86219,1825.0005106642222
86220,1825.0005106642222
86221,1825.0005106642222
86222,1825.0005106642222
86223,1825.0005106642222
86224,1825.0005106642222
86225,1825.0005106642222
86226,1825.0005106642222
86227,1825.0005106642222
86228,1825.0005106642222
86229,1825.0005106642222
86230,1825.0005106642222
86231,1825.0005106642222
86232,1825.0005106642222
86233,1825.0005106642222
86234,1825.0005106642222
86235,1825.0005106642222
86236,1825.0005106642222
86237,1825.0005106642222
86238,1825.0005106642222
86239,1825.0005106642222
86240,1825.0005106642222
86241,1825.0005106642222
86242,1825.0005106642222
86243,1825.0005106642222
86244,1825.0005106642222
86245,1825.0005106642222
86246,1825.0005106642222
86247,1825.0005106642222
86248,1825.0005106642222
86249,1825.0005106642222
86250,1825.0005106642222
86251,1825.0005106642222
86252,1825.0005106642222
86253,1825.0005106642222
86254,1825.0005106642222
86255,1825.0005106642222
86256,1825.0005106642222
86257,1825.0005106642222
86258,1825.0005106642222
86259,1825.0005106642222
86260,1825.0005106642222
86261,1825.0005106642222
86262,1825.0005106642222
86263,1825.0005106642222
86264,1825.0005106642222
86265,1825.0005106642222
86266,1825.0005106642222
86267,1825.0005106642222
86268,1825.0005106642222
86269,1825.0005106642222
86270,1825.0005106642222
86271,1825.0005106642222
86272,1825.0005106642222
86273,1825.0005106642222
86274,1825.0005106642222
86275,1825.0005106642222
86276,1825.0005106642222
86277,1825.0005106642222
86278,1825.0005106642222
86279,1825.0005106642222
86280,1825.0005106642222
86281,1825.0005106642222
86282,1825.0005106642222
86283,1825.0005106642222
86284,1825.0005106642222
86285,1825.0005106642222
86286,1825.0005106642222
86287,1825.0005106642222
86288,1825.0005106642222
86289,1825.0005106642222
86290,1825.0005106642222
86291,1825.0005106642222
86292,1825.0005106642222
86293,1825.0005106642222
86294,1825.0005106642222
86295,1825.0005106642222
86296,1825.0005106642222
86297,1825.0005106642222
86298,1825.0005106642222
86299,1825.0005106642222
86300,1825.0005106642222
86301,1825.0005106642222
86302,1825.0005106642222
86303,1825.0005106642222
86304,1825.0005106642222
86305,1825.0005106642222
86306,1825.0005106642222
86307,1825.0005106642222
86308,1825.0005106642222
86309,1825.0005106642222
86310,1825.0005106642222
86311,1825.0005106642222
86312,1825.0005106642222
86313,1825.0005106642222
86314,1825.0005106642222
86315,1825.0005106642222
86316,1825.0005106642222
86317,1825.0005106642222
86318,1825.0005106642222
86319,1825.0005106642222
86320,1825.0005106642222
86321,1825.0005106642222
86322,1825.0005106642222
86323,1825.0005106642222
86324,1825.0005106642222
86325,1825.0005106642222
86326,1825.0005106642222
86327,1825.0005106642222
86328,1825.0005106642222
86329,1825.0005106642222
86330,1825.0005106642222
86331,1825.0005106642222
86332,1825.0005106642222
86333,1825.0005106642222
86334,1825.0005106642222
86335,1825.0005106642222
86336,1825.0005106642222
86337,1825.0005106642222
86338,1825.0005106642222
86339,1825.0005106642222
86340,1825.0005106642222
86341,1825.0005106642222
86342,1825.0005106642222
86343,1825.0005106642222
86344,1825.0005106642222
86345,1825.0005106642222
86346,1825.0005106642222
86347,1825.0005106642222
86348,1825.0005106642222
86349,1825.0005106642222
86350,1825.0005106642222
86351,1825.0005106642222
86352,1825.0005106642222
86353,1825.0005106642222
86354,1825.0005106642222
86355,1825.0005106642222
86356,1825.0005106642222
86357,1825.0005106642222
86358,1825.0005106642222
86359,1825.0005106642222
86360,1825.0005106642222
86361,1825.0005106642222
86362,1825.0005106642222
86363,1825.0005106642222
86364,1825.0005106642222
86365,1825.0005106642222
86366,1825.0005106642222
86367,1825.0005106642222
86368,1825.0005106642222
86369,1825.0005106642222
86370,1825.0005106642222
86371,1825.0005106642222
86372,1825.0005106642222
86373,1825.0005106642222
86374,1825.0005106642222
86375,1825.0005106642222
86376,1825.0005106642222
86377,1825.0005106642222
86378,1825.0005106642222
86379,1825.0005106642222
86380,1825.0005106642222
86381,1825.0005106642222
86382,1825.0005106642222
86383,1825.0005106642222
86384,1825.0005106642222
86385,1825.0005106642222
86386,1825.0005106642222
86387,1825.0005106642222
86388,1825.0005106642222
86389,1825.0005106642222
86390,1825.0005106642222
86391,1825.0005106642222
86392,1825.0005106642222
86393,1825.0005106642222
86394,1825.0005106642222
86395,1825.0005106642222
86396,1825.0005106642222
86397,1825.0005106642222
86398,1825.0005106642222
86399,1825.0005106642222
86400,1825.0005106642222
86401,1825.0005106642222
86402,1825.0005106642222
86403,1825.0005106642222
86404,1825.0005106642222
86405,1825.0005106642222
86406,1825.0005106642222
86407,1825.0005106642222
86408,1825.0005106642222
86409,1825.0005106642222
86410,1825.0005106642222
86411,1825.0005106642222
86412,1825.0005106642222
86413,1825.0005106642222
86414,1825.0005106642222
86415,1825.0005106642222
86416,1825.0005106642222
86417,1825.0005106642222
86418,1825.0005106642222
86419,1825.0005106642222
86420,1825.0005106642222
86421,1825.0005106642222
86422,1825.0005106642222
86423,1825.0005106642222
86424,1825.0005106642222
86425,1825.0005106642222
86426,1825.0005106642222
86427,1825.0005106642222
86428,1825.0005106642222
86429,1825.0005106642222
86430,1825.0005106642222
86431,1825.0005106642222
86432,1825.0005106642222
86433,1825.0005106642222
86434,1825.0005106642222
86435,1825.0005106642222
86436,1825.0005106642222
86437,1825.0005106642222
86438,1825.0005106642222
86439,1825.0005106642222
86440,1825.0005106642222
86441,1825.0005106642222
86442,1825.0005106642222
86443,1825.0005106642222
86444,1825.0005106642222
86445,1825.0005106642222
86446,1825.0005106642222
86447,1825.0005106642222
86448,1825.0005106642222
86449,1825.0005106642222
86450,1825.0005106642222
86451,1825.0005106642222
86452,1825.0005106642222
86453,1825.0005106642222
86454,1825.0005106642222
86455,1825.0005106642222
86456,1825.0005106642222
86457,1825.0005106642222
86458,1825.0005106642222
86459,1825.0005106642222
86460,1825.0005106642222
86461,1825.0005106642222
86462,1825.0005106642222
86463,1825.0005106642222
86464,1825.0005106642222
86465,1825.0005106642222
86466,1825.0005106642222
86467,1825.0005106642222
86468,1825.0005106642222
86469,1825.0005106642222
86470,1825.0005106642222
86471,1825.0005106642222
86472,1825.0005106642222
86473,1825.0005106642222
86474,1825.0005106642222
86475,1825.0005106642222
86476,1825.0005106642222
86477,1825.0005106642222
86478,1825.0005106642222
86479,1825.0005106642222
86480,1825.0005106642222
86481,1825.0005106642222
86482,1825.0005106642222
86483,1825.0005106642222
86484,1825.0005106642222
86485,1825.0005106642222
86486,1825.0005106642222
86487,1825.0005106642222
86488,1825.0005106642222
86489,1825.0005106642222
86490,1825.0005106642222
86491,1825.0005106642222
86492,1825.0005106642222
86493,1825.0005106642222
86494,1825.0005106642222
86495,1825.0005106642222
86496,1825.0005106642222
86497,1825.0005106642222
86498,1825.0005106642222
86499,1825.0005106642222
86500,1825.0005106642222
86501,1825.0005106642222
86502,1825.0005106642222
86503,1825.0005106642222
86504,1825.0005106642222
86505,1825.0005106642222
86506,1825.0005106642222
86507,1825.0005106642222
86508,1825.0005106642222
86509,1825.0005106642222
86510,1825.0005106642222
86511,1825.0005106642222
86512,1825.0005106642222
86513,1825.0005106642222
86514,1825.0005106642222
86515,1825.0005106642222
86516,1825.0005106642222
86517,1825.0005106642222
86518,1825.0005106642222
86519,1825.0005106642222
86520,1825.0005106642222
86521,1825.0005106642222
86522,1825.0005106642222
86523,1825.0005106642222
86524,1825.0005106642222
86525,1825.0005106642222
86526,1825.0005106642222
86527,1825.0005106642222
86528,1825.0005106642222
86529,1825.0005106642222
86530,1825.0005106642222
86531,1825.0005106642222
86532,1825.0005106642222
86533,1825.0005106642222
86534,1825.0005106642222
86535,1825.0005106642222
86536,1825.0005106642222
86537,1825.0005106642222
86538,1825.0005106642222
86539,1825.0005106642222
86540,1825.0005106642222
86541,1825.0005106642222
86542,1825.0005106642222
86543,1825.0005106642222
86544,1825.0005106642222
86545,1825.0005106642222
86546,1825.0005106642222
86547,1825.0005106642222
86548,1825.0005106642222
86549,1825.0005106642222
86550,1825.0005106642222
86551,1825.0005106642222
86552,1825.0005106642222
86553,1825.0005106642222
86554,1825.0005106642222
86555,1825.0005106642222
86556,1825.0005106642222
86557,1825.0005106642222
86558,1825.0005106642222
86559,1825.0005106642222
86560,1825.0005106642222
86561,1825.0005106642222
86562,1825.0005106642222
86563,1825.0005106642222
86564,1825.0005106642222
86565,1825.0005106642222
86566,1825.0005106642222
86567,1825.0005106642222
86568,1825.0005106642222
86569,1825.0005106642222
86570,1825.0005106642222
86571,1825.0005106642222
86572,1825.0005106642222
86573,1825.0005106642222
86574,1825.0005106642222
86575,1825.0005106642222
86576,1825.0005106642222
86577,1825.0005106642222
86578,1825.0005106642222
86579,1825.0005106642222
86580,1825.0005106642222
86581,1825.0005106642222
86582,1825.0005106642222
86583,1825.0005106642222
86584,1825.0005106642222
86585,1825.0005106642222
86586,1825.0005106642222
86587,1825.0005106642222
86588,1825.0005106642222
86589,1825.0005106642222
86590,1825.0005106642222
86591,1825.0005106642222
86592,1825.0005106642222
86593,1825.0005106642222
86594,1825.0005106642222
86595,1825.0005106642222
86596,1825.0005106642222
86597,1825.0005106642222
86598,1825.0005106642222
86599,1825.0005106642222
86600,1825.0005106642222
86601,1825.0005106642222
86602,1825.0005106642222
86603,1825.0005106642222
86604,1825.0005106642222
86605,1825.0005106642222
86606,1825.0005106642222
86607,1825.0005106642222
86608,1825.0005106642222
86609,1825.0005106642222
86610,1825.0005106642222
86611,1825.0005106642222
86612,1825.0005106642222
86613,1825.0005106642222
86614,1825.0005106642222
86615,1825.0005106642222
86616,1825.0005106642222
86617,1825.0005106642222
86618,1825.0005106642222
86619,1825.0005106642222
86620,1825.0005106642222
86621,1825.0005106642222
86622,1825.0005106642222
86623,1825.0005106642222
86624,1825.0005106642222
86625,1825.0005106642222
86626,1825.0005106642222
86627,1825.0005106642222
86628,1825.0005106642222
86629,1825.0005106642222
86630,1825.0005106642222
86631,1825.0005106642222
86632,1825.0005106642222
86633,1825.0005106642222
86634,1825.0005106642222
86635,1825.0005106642222
86636,1825.0005106642222
86637,1825.0005106642222
86638,1825.0005106642222
86639,1825.0005106642222
86640,1825.0005106642222
86641,1825.0005106642222
86642,1825.0005106642222
86643,1825.0005106642222
86644,1825.0005106642222
86645,1825.0005106642222
86646,1825.0005106642222
86647,1825.0005106642222
86648,1825.0005106642222
86649,1825.0005106642222
86650,1825.0005106642222
86651,1825.0005106642222
86652,1825.0005106642222
86653,1825.0005106642222
86654,1825.0005106642222
86655,1825.0005106642222
86656,1825.0005106642222
86657,1825.0005106642222
86658,1825.0005106642222
86659,1825.0005106642222
86660,1825.0005106642222
86661,1825.0005106642222
86662,1825.0005106642222
86663,1825.0005106642222
86664,1825.0005106642222
86665,1825.0005106642222
86666,1825.0005106642222
86667,1825.0005106642222
86668,1825.0005106642222
86669,1825.0005106642222
86670,1825.0005106642222
86671,1825.0005106642222
86672,1825.0005106642222
86673,1825.0005106642222
86674,1825.0005106642222
86675,1825.0005106642222
86676,1825.0005106642222
86677,1825.0005106642222
86678,1825.0005106642222
86679,1825.0005106642222
86680,1825.0005106642222
86681,1825.0005106642222
86682,1825.0005106642222
86683,1825.0005106642222
86684,1825.0005106642222
86685,1825.0005106642222
86686,1825.0005106642222
86687,1825.0005106642222
86688,1825.0005106642222
86689,1825.0005106642222
86690,1825.0005106642222
86691,1825.0005106642222
86692,1825.0005106642222
86693,1825.0005106642222
86694,1825.0005106642222
86695,1825.0005106642222
86696,1825.0005106642222
86697,1825.0005106642222
86698,1825.0005106642222
86699,1825.0005106642222
86700,1825.0005106642222
86701,1825.0005106642222
86702,1825.0005106642222
86703,1825.0005106642222
86704,1825.0005106642222
86705,1825.0005106642222
86706,1825.0005106642222
86707,1825.0005106642222
86708,1825.0005106642222
86709,1825.0005106642222
86710,1825.0005106642222
86711,1825.0005106642222
86712,1825.0005106642222
86713,1825.0005106642222
86714,1825.0005106642222
86715,1825.0005106642222
86716,1825.0005106642222
86717,1825.0005106642222
86718,1825.0005106642222
86719,1825.0005106642222
86720,1825.0005106642222
86721,1825.0005106642222
86722,1825.0005106642222
86723,1825.0005106642222
86724,1825.0005106642222
86725,1825.0005106642222
86726,1825.0005106642222
86727,1825.0005106642222
86728,1825.0005106642222
86729,1825.0005106642222
86730,1825.0005106642222
86731,1825.0005106642222
86732,1825.0005106642222
86733,1825.0005106642222
86734,1825.0005106642222
86735,1825.0005106642222
86736,1825.0005106642222
86737,1825.0005106642222
86738,1825.0005106642222
86739,1825.0005106642222
86740,1825.0005106642222
86741,1825.0005106642222
86742,1825.0005106642222
86743,1825.0005106642222
86744,1825.0005106642222
86745,1825.0005106642222
86746,1825.0005106642222
86747,1825.0005106642222
86748,1825.0005106642222
86749,1825.0005106642222
86750,1825.0005106642222
86751,1825.0005106642222
86752,1825.0005106642222
86753,1825.0005106642222
86754,1825.0005106642222
86755,1825.0005106642222
86756,1825.0005106642222
86757,1825.0005106642222
86758,1825.0005106642222
86759,1825.0005106642222
86760,1825.0005106642222
86761,1825.0005106642222
86762,1825.0005106642222
86763,1825.0005106642222
86764,1825.0005106642222
86765,1825.0005106642222
86766,1825.0005106642222
86767,1825.0005106642222
86768,1825.0005106642222
86769,1825.0005106642222
86770,1825.0005106642222
86771,1825.0005106642222
86772,1825.0005106642222
86773,1825.0005106642222
86774,1825.0005106642222
86775,1825.0005106642222
86776,1825.0005106642222
86777,1825.0005106642222
86778,1825.0005106642222
86779,1825.0005106642222
86780,1825.0005106642222
86781,1825.0005106642222
86782,1825.0005106642222
86783,1825.0005106642222
86784,1825.0005106642222
86785,1825.0005106642222
86786,1825.0005106642222
86787,1825.0005106642222
86788,1825.0005106642222
86789,1825.0005106642222
86790,1825.0005106642222
86791,1825.0005106642222
86792,1825.0005106642222
86793,1825.0005106642222
86794,1825.0005106642222
86795,1825.0005106642222
86796,1825.0005106642222
86797,1825.0005106642222
86798,1825.0005106642222
86799,1825.0005106642222
86800,1825.0005106642222
86801,1825.0005106642222
86802,1825.0005106642222
86803,1825.0005106642222
86804,1825.0005106642222
86805,1825.0005106642222
86806,1825.0005106642222
86807,1825.0005106642222
86808,1825.0005106642222
86809,1825.0005106642222
86810,1825.0005106642222
86811,1825.0005106642222
86812,1825.0005106642222
86813,1825.0005106642222
86814,1825.0005106642222
86815,1825.0005106642222
86816,1825.0005106642222
86817,1825.0005106642222
86818,1825.0005106642222
86819,1825.0005106642222
86820,1825.0005106642222
86821,1825.0005106642222
86822,1825.0005106642222
86823,1825.0005106642222
86824,1825.0005106642222
86825,1825.0005106642222
86826,1825.0005106642222
86827,1825.0005106642222
86828,1825.0005106642222
86829,1825.0005106642222
86830,1825.0005106642222
86831,1825.0005106642222
86832,1825.0005106642222
86833,1825.0005106642222
86834,1825.0005106642222
86835,1825.0005106642222
86836,1825.0005106642222
86837,1825.0005106642222
86838,1825.0005106642222
86839,1825.0005106642222
86840,1825.0005106642222
86841,1825.0005106642222
86842,1825.0005106642222
86843,1825.0005106642222
86844,1825.0005106642222
86845,1825.0005106642222
86846,1825.0005106642222
86847,1825.0005106642222
86848,1825.0005106642222
86849,1825.0005106642222
86850,1825.0005106642222
86851,1825.0005106642222
86852,1825.0005106642222
86853,1825.0005106642222
86854,1825.0005106642222
86855,1825.0005106642222
86856,1825.0005106642222
86857,1825.0005106642222
86858,1825.0005106642222
86859,1825.0005106642222
86860,1825.0005106642222
86861,1825.0005106642222
86862,1825.0005106642222
86863,1825.0005106642222
86864,1825.0005106642222
86865,1825.0005106642222
86866,1825.0005106642222
86867,1825.0005106642222
86868,1825.0005106642222
86869,1825.0005106642222
86870,1825.0005106642222
86871,1825.0005106642222
86872,1825.0005106642222
86873,1825.0005106642222
86874,1825.0005106642222
86875,1825.0005106642222
86876,1825.0005106642222
86877,1825.0005106642222
86878,1825.0005106642222
86879,1825.0005106642222
86880,1825.0005106642222
86881,1825.0005106642222
86882,1825.0005106642222
86883,1825.0005106642222
86884,1825.0005106642222
86885,1825.0005106642222
86886,1825.0005106642222
86887,1825.0005106642222
86888,1825.0005106642222
86889,1825.0005106642222
86890,1825.0005106642222
86891,1825.0005106642222
86892,1825.0005106642222
86893,1825.0005106642222
86894,1825.0005106642222
86895,1825.0005106642222
86896,1825.0005106642222
86897,1825.0005106642222
86898,1825.0005106642222
86899,1825.0005106642222
86900,1825.0005106642222
86901,1825.0005106642222
86902,1825.0005106642222
86903,1825.0005106642222
86904,1825.0005106642222
86905,1825.0005106642222
86906,1825.0005106642222
86907,1825.0005106642222
86908,1825.0005106642222
86909,1825.0005106642222
86910,1825.0005106642222
86911,1825.0005106642222
86912,1825.0005106642222
86913,1825.0005106642222
86914,1825.0005106642222
86915,1825.0005106642222
86916,1825.0005106642222
86917,1825.0005106642222
86918,1825.0005106642222
86919,1825.0005106642222
86920,1825.0005106642222
86921,1825.0005106642222
86922,1825.0005106642222
86923,1825.0005106642222
86924,1825.0005106642222
86925,1825.0005106642222
86926,1825.0005106642222
86927,1825.0005106642222
86928,1825.0005106642222
86929,1825.0005106642222
86930,1825.0005106642222
86931,1825.0005106642222
86932,1825.0005106642222
86933,1825.0005106642222
86934,1825.0005106642222
86935,1825.0005106642222
86936,1825.0005106642222
86937,1825.0005106642222
86938,1825.0005106642222
86939,1825.0005106642222
86940,1825.0005106642222
86941,1825.0005106642222
86942,1825.0005106642222
86943,1825.0005106642222
86944,1825.0005106642222
86945,1825.0005106642222
86946,1825.0005106642222
86947,1825.0005106642222
86948,1825.0005106642222
86949,1825.0005106642222
86950,1825.0005106642222
86951,1825.0005106642222
86952,1825.0005106642222
86953,1825.0005106642222
86954,1825.0005106642222
86955,1825.0005106642222
86956,1825.0005106642222
86957,1825.0005106642222
86958,1825.0005106642222
86959,1825.0005106642222
86960,1825.0005106642222
86961,1825.0005106642222
86962,1825.0005106642222
86963,1825.0005106642222
86964,1825.0005106642222
86965,1825.0005106642222
86966,1825.0005106642222
86967,1825.0005106642222
86968,1825.0005106642222
86969,1825.0005106642222
86970,1825.0005106642222
86971,1825.0005106642222
86972,1825.0005106642222
86973,1825.0005106642222
86974,1825.0005106642222
86975,1825.0005106642222
86976,1825.0005106642222
86977,1825.0005106642222
86978,1825.0005106642222
86979,1825.0005106642222
86980,1825.0005106642222
86981,1825.0005106642222
86982,1825.0005106642222
86983,1825.0005106642222
86984,1825.0005106642222
86985,1825.0005106642222
86986,1825.0005106642222
86987,1825.0005106642222
86988,1825.0005106642222
86989,1825.0005106642222
86990,1825.0005106642222
86991,1825.0005106642222
86992,1825.0005106642222
86993,1825.0005106642222
86994,1825.0005106642222
86995,1825.0005106642222
86996,1825.0005106642222
86997,1825.0005106642222
86998,1825.0005106642222
86999,1825.0005106642222
87000,1825.0005106642222
87001,1825.0005106642222
87002,1825.0005106642222
87003,1825.0005106642222
87004,1825.0005106642222
87005,1825.0005106642222
87006,1825.0005106642222
87007,1825.0005106642222
87008,1825.0005106642222
87009,1825.0005106642222
87010,1825.0005106642222
87011,1825.0005106642222
87012,1825.0005106642222
87013,1825.0005106642222
87014,1825.0005106642222
87015,1825.0005106642222
87016,1825.0005106642222
87017,1825.0005106642222
87018,1825.0005106642222
87019,1825.0005106642222
87020,1825.0005106642222
87021,1825.0005106642222
87022,1825.0005106642222
87023,1825.0005106642222
87024,1825.0005106642222
87025,1825.0005106642222
87026,1825.0005106642222
87027,1825.0005106642222
87028,1825.0005106642222
87029,1825.0005106642222
87030,1825.0005106642222
87031,1825.0005106642222
87032,1825.0005106642222
87033,1825.0005106642222
87034,1825.0005106642222
87035,1825.0005106642222
87036,1825.0005106642222
87037,1825.0005106642222
87038,1825.0005106642222
87039,1825.0005106642222
87040,1825.0005106642222
87041,1825.0005106642222
87042,1825.0005106642222
87043,1825.0005106642222
87044,1825.0005106642222
87045,1825.0005106642222
87046,1825.0005106642222
87047,1825.0005106642222
87048,1825.0005106642222
87049,1825.0005106642222
87050,1825.0005106642222
87051,1825.0005106642222
87052,1825.0005106642222
87053,1825.0005106642222
87054,1825.0005106642222
87055,1825.0005106642222
87056,1825.0005106642222
87057,1825.0005106642222
87058,1825.0005106642222
87059,1825.0005106642222
87060,1825.0005106642222
87061,1825.0005106642222
87062,1825.0005106642222
87063,1825.0005106642222
87064,1825.0005106642222
87065,1825.0005106642222
87066,1825.0005106642222
87067,1825.0005106642222
87068,1825.0005106642222
87069,1825.0005106642222
87070,1825.0005106642222
87071,1825.0005106642222
87072,1825.0005106642222
87073,1825.0005106642222
87074,1825.0005106642222
87075,1825.0005106642222
87076,1825.0005106642222
87077,1825.0005106642222
87078,1825.0005106642222
87079,1825.0005106642222
87080,1825.0005106642222
87081,1825.0005106642222
87082,1825.0005106642222
87083,1825.0005106642222
87084,1825.0005106642222
87085,1825.0005106642222
87086,1825.0005106642222
87087,1825.0005106642222
87088,1825.0005106642222
87089,1825.0005106642222
87090,1825.0005106642222
87091,1825.0005106642222
87092,1825.0005106642222
87093,1825.0005106642222
87094,1825.0005106642222
87095,1825.0005106642222
87096,1825.0005106642222
87097,1825.0005106642222
87098,1825.0005106642222
87099,1825.0005106642222
87100,1825.0005106642222
87101,1825.0005106642222
87102,1825.0005106642222
87103,1825.0005106642222
87104,1825.0005106642222
87105,1825.0005106642222
87106,1825.0005106642222
87107,1825.0005106642222
87108,1825.0005106642222
87109,1825.0005106642222
87110,1825.0005106642222
87111,1825.0005106642222
87112,1825.0005106642222
87113,1825.0005106642222
87114,1825.0005106642222
87115,1825.0005106642222
87116,1825.0005106642222
87117,1825.0005106642222
87118,1825.0005106642222
87119,1825.0005106642222
87120,1825.0005106642222
87121,1825.0005106642222
87122,1825.0005106642222
87123,1825.0005106642222
87124,1825.0005106642222
87125,1825.0005106642222
87126,1825.0005106642222
87127,1825.0005106642222
87128,1825.0005106642222
87129,1825.0005106642222
87130,1825.0005106642222
87131,1825.0005106642222
87132,1825.0005106642222
87133,1825.0005106642222
87134,1825.0005106642222
87135,1825.0005106642222
87136,1825.0005106642222
87137,1825.0005106642222
87138,1825.0005106642222
87139,1825.0005106642222
87140,1825.0005106642222
87141,1825.0005106642222
87142,1825.0005106642222
87143,1825.0005106642222
87144,1825.0005106642222
87145,1825.0005106642222
87146,1825.0005106642222
87147,1825.0005106642222
87148,1825.0005106642222
87149,1825.0005106642222
87150,1825.0005106642222
87151,1825.0005106642222
87152,1825.0005106642222
87153,1825.0005106642222
87154,1825.0005106642222
87155,1825.0005106642222
87156,1825.0005106642222
87157,1825.0005106642222
87158,1825.0005106642222
87159,1825.0005106642222
87160,1825.0005106642222
87161,1825.0005106642222
87162,1825.0005106642222
87163,1825.0005106642222
87164,1825.0005106642222
87165,1825.0005106642222
87166,1825.0005106642222
87167,1825.0005106642222
87168,1825.0005106642222
87169,1825.0005106642222
87170,1825.0005106642222
87171,1825.0005106642222
87172,1825.0005106642222
87173,1825.0005106642222
87174,1825.0005106642222
87175,1825.0005106642222
87176,1825.0005106642222
87177,1825.0005106642222
87178,1825.0005106642222
87179,1825.0005106642222
87180,1825.0005106642222
87181,1825.0005106642222
87182,1825.0005106642222
87183,1825.0005106642222
87184,1825.0005106642222
87185,1825.0005106642222
87186,1825.0005106642222
87187,1825.0005106642222
87188,1825.0005106642222
87189,1825.0005106642222
87190,1825.0005106642222
87191,1825.0005106642222
87192,1825.0005106642222
87193,1825.0005106642222
87194,1825.0005106642222
87195,1825.0005106642222
87196,1825.0005106642222
87197,1825.0005106642222
87198,1825.0005106642222
87199,1825.0005106642222
87200,1825.0005106642222
87201,1825.0005106642222
87202,1825.0005106642222
87203,1825.0005106642222
87204,1825.0005106642222
87205,1825.0005106642222
87206,1825.0005106642222
87207,1825.0005106642222
87208,1825.0005106642222
87209,1825.0005106642222
87210,1825.0005106642222
87211,1825.0005106642222
87212,1825.0005106642222
87213,1825.0005106642222
87214,1825.0005106642222
87215,1825.0005106642222
87216,1825.0005106642222
87217,1825.0005106642222
87218,1825.0005106642222
87219,1825.0005106642222
87220,1825.0005106642222
87221,1825.0005106642222
87222,1825.0005106642222
87223,1825.0005106642222
87224,1825.0005106642222
87225,1825.0005106642222
87226,1825.0005106642222
87227,1825.0005106642222
87228,1825.0005106642222
87229,1825.0005106642222
87230,1825.0005106642222
87231,1825.0005106642222
87232,1825.0005106642222
87233,1825.0005106642222
87234,1825.0005106642222
87235,1825.0005106642222
87236,1825.0005106642222
87237,1825.0005106642222
87238,1825.0005106642222
87239,1825.0005106642222
87240,1825.0005106642222
87241,1825.0005106642222
87242,1825.0005106642222
87243,1825.0005106642222
87244,1825.0005106642222
87245,1825.0005106642222
87246,1825.0005106642222
87247,1825.0005106642222
87248,1825.0005106642222
87249,1825.0005106642222
87250,1825.0005106642222
87251,1825.0005106642222
87252,1825.0005106642222
87253,1825.0005106642222
87254,1825.0005106642222
87255,1825.0005106642222
87256,1825.0005106642222
87257,1825.0005106642222
87258,1825.0005106642222
87259,1825.0005106642222
87260,1825.0005106642222
87261,1825.0005106642222
87262,1825.0005106642222
87263,1825.0005106642222
87264,1825.0005106642222
87265,1825.0005106642222
87266,1825.0005106642222
87267,1825.0005106642222
87268,1825.0005106642222
87269,1825.0005106642222
87270,1825.0005106642222
87271,1825.0005106642222
87272,1825.0005106642222
87273,1825.0005106642222
87274,1825.0005106642222
87275,1825.0005106642222
87276,1825.0005106642222
87277,1825.0005106642222
87278,1825.0005106642222
87279,1825.0005106642222
87280,1825.0005106642222
87281,1825.0005106642222
87282,1825.0005106642222
87283,1825.0005106642222
87284,1825.0005106642222
87285,1825.0005106642222
87286,1825.0005106642222
87287,1825.0005106642222
87288,1825.0005106642222
87289,1825.0005106642222
87290,1825.0005106642222
87291,1825.0005106642222
87292,1825.0005106642222
87293,1825.0005106642222
87294,1825.0005106642222
87295,1825.0005106642222
87296,1825.0005106642222
87297,1825.0005106642222
87298,1825.0005106642222
87299,1825.0005106642222
87300,1825.0005106642222
87301,1825.0005106642222
87302,1825.0005106642222
87303,1825.0005106642222
87304,1825.0005106642222
87305,1825.0005106642222
87306,1825.0005106642222
87307,1825.0005106642222
87308,1825.0005106642222
87309,1825.0005106642222
87310,1825.0005106642222
87311,1825.0005106642222
87312,1825.0005106642222
87313,1825.0005106642222
87314,1825.0005106642222
87315,1825.0005106642222
87316,1825.0005106642222
87317,1825.0005106642222
87318,1825.0005106642222
87319,1825.0005106642222
87320,1825.0005106642222
87321,1825.0005106642222
87322,1825.0005106642222
87323,1825.0005106642222
87324,1825.0005106642222
87325,1825.0005106642222
87326,1825.0005106642222
87327,1825.0005106642222
87328,1825.0005106642222
87329,1825.0005106642222
87330,1825.0005106642222
87331,1825.0005106642222
87332,1825.0005106642222
87333,1825.0005106642222
87334,1825.0005106642222
87335,1825.0005106642222
87336,1825.0005106642222
87337,1825.0005106642222
87338,1825.0005106642222
87339,1825.0005106642222
87340,1825.0005106642222
87341,1825.0005106642222
87342,1825.0005106642222
87343,1825.0005106642222
87344,1825.0005106642222
87345,1825.0005106642222
87346,1825.0005106642222
87347,1825.0005106642222
87348,1825.0005106642222
87349,1825.0005106642222
87350,1825.0005106642222
87351,1825.0005106642222
87352,1825.0005106642222
87353,1825.0005106642222
87354,1825.0005106642222
87355,1825.0005106642222
87356,1825.0005106642222
87357,1825.0005106642222
87358,1825.0005106642222
87359,1825.0005106642222
87360,1825.0005106642222
87361,1825.0005106642222
87362,1825.0005106642222
87363,1825.0005106642222
87364,1825.0005106642222
87365,1825.0005106642222
87366,1825.0005106642222
87367,1825.0005106642222
87368,1825.0005106642222
87369,1825.0005106642222
87370,1825.0005106642222
87371,1825.0005106642222
87372,1825.0005106642222
87373,1825.0005106642222
87374,1825.0005106642222
87375,1825.0005106642222
87376,1825.0005106642222
87377,1825.0005106642222
87378,1825.0005106642222
87379,1825.0005106642222
87380,1825.0005106642222
87381,1825.0005106642222
87382,1825.0005106642222
87383,1825.0005106642222
87384,1825.0005106642222
87385,1825.0005106642222
87386,1825.0005106642222
87387,1825.0005106642222
87388,1825.0005106642222
87389,1825.0005106642222
87390,1825.0005106642222
87391,1825.0005106642222
87392,1825.0005106642222
87393,1825.0005106642222
87394,1825.0005106642222
87395,1825.0005106642222
87396,1825.0005106642222
87397,1825.0005106642222
87398,1825.0005106642222
87399,1825.0005106642222
87400,1825.0005106642222
87401,1825.0005106642222
87402,1825.0005106642222
87403,1825.0005106642222
87404,1825.0005106642222
87405,1825.0005106642222
87406,1825.0005106642222
87407,1825.0005106642222
87408,1825.0005106642222
87409,1825.0005106642222
87410,1825.0005106642222
87411,1825.0005106642222
87412,1825.0005106642222
87413,1825.0005106642222
87414,1825.0005106642222
87415,1825.0005106642222
87416,1825.0005106642222
87417,1825.0005106642222
87418,1825.0005106642222
87419,1825.0005106642222
87420,1825.0005106642222
87421,1825.0005106642222
87422,1825.0005106642222
87423,1825.0005106642222
87424,1825.0005106642222
87425,1825.0005106642222
87426,1825.0005106642222
87427,1825.0005106642222
87428,1825.0005106642222
87429,1825.0005106642222
87430,1825.0005106642222
87431,1825.0005106642222
87432,1825.0005106642222
87433,1825.0005106642222
87434,1825.0005106642222
87435,1825.0005106642222
87436,1825.0005106642222
87437,1825.0005106642222
87438,1825.0005106642222
87439,1825.0005106642222
87440,1825.0005106642222
87441,1825.0005106642222
87442,1825.0005106642222
87443,1825.0005106642222
87444,1825.0005106642222
87445,1825.0005106642222
87446,1825.0005106642222
87447,1825.0005106642222
87448,1825.0005106642222
87449,1825.0005106642222
87450,1825.0005106642222
87451,1825.0005106642222
87452,1825.0005106642222
87453,1825.0005106642222
87454,1825.0005106642222
87455,1825.0005106642222
87456,1825.0005106642222
87457,1825.0005106642222
87458,1825.0005106642222
87459,1825.0005106642222
87460,1825.0005106642222
87461,1825.0005106642222
87462,1825.0005106642222
87463,1825.0005106642222
87464,1825.0005106642222
87465,1825.0005106642222
87466,1825.0005106642222
87467,1825.0005106642222
87468,1825.0005106642222
87469,1825.0005106642222
87470,1825.0005106642222
87471,1825.0005106642222
87472,1825.0005106642222
87473,1825.0005106642222
87474,1825.0005106642222
87475,1825.0005106642222
87476,1825.0005106642222
87477,1825.0005106642222
87478,1825.0005106642222
87479,1825.0005106642222
87480,1825.0005106642222
87481,1825.0005106642222
87482,1825.0005106642222
87483,1825.0005106642222
87484,1825.0005106642222
87485,1825.0005106642222
87486,1825.0005106642222
87487,1825.0005106642222
87488,1825.0005106642222
87489,1825.0005106642222
87490,1825.0005106642222
87491,1825.0005106642222
87492,1825.0005106642222
87493,1825.0005106642222
87494,1825.0005106642222
87495,1825.0005106642222
87496,1825.0005106642222
87497,1825.0005106642222
87498,1825.0005106642222
87499,1825.0005106642222
87500,1825.0005106642222
87501,1825.0005106642222
87502,1825.0005106642222
87503,1825.0005106642222
87504,1825.0005106642222
87505,1825.0005106642222
87506,1825.0005106642222
87507,1825.0005106642222
87508,1825.0005106642222
87509,1825.0005106642222
87510,1825.0005106642222
87511,1825.0005106642222
87512,1825.0005106642222
87513,1825.0005106642222
87514,1825.0005106642222
87515,1825.0005106642222
87516,1825.0005106642222
87517,1825.0005106642222
87518,1825.0005106642222
87519,1825.0005106642222
87520,1825.0005106642222
87521,1825.0005106642222
87522,1825.0005106642222
87523,1825.0005106642222
87524,1825.0005106642222
87525,1825.0005106642222
87526,1825.0005106642222
87527,1825.0005106642222
87528,1825.0005106642222
87529,1825.0005106642222
87530,1825.0005106642222
87531,1825.0005106642222
87532,1825.0005106642222
87533,1825.0005106642222
87534,1825.0005106642222
87535,1825.0005106642222
87536,1825.0005106642222
87537,1825.0005106642222
87538,1825.0005106642222
87539,1825.0005106642222
87540,1825.0005106642222
87541,1825.0005106642222
87542,1825.0005106642222
87543,1825.0005106642222
87544,1825.0005106642222
87545,1825.0005106642222
87546,1825.0005106642222
87547,1825.0005106642222
87548,1825.0005106642222
87549,1825.0005106642222
87550,1825.0005106642222
87551,1825.0005106642222
87552,1825.0005106642222
87553,1825.0005106642222
87554,1825.0005106642222
87555,1825.0005106642222
87556,1825.0005106642222
87557,1825.0005106642222
87558,1825.0005106642222
87559,1825.0005106642222
87560,1825.0005106642222
87561,1825.0005106642222
87562,1825.0005106642222
87563,1825.0005106642222
87564,1825.0005106642222
87565,1825.0005106642222
87566,1825.0005106642222
87567,1825.0005106642222
87568,1825.0005106642222
87569,1825.0005106642222
87570,1825.0005106642222
87571,1825.0005106642222
87572,1825.0005106642222
87573,1825.0005106642222
87574,1825.0005106642222
87575,1825.0005106642222
87576,1825.0005106642222
87577,1825.0005106642222
87578,1825.0005106642222
87579,1825.0005106642222
87580,1825.0005106642222
87581,1825.0005106642222
87582,1825.0005106642222
87583,1825.0005106642222
87584,1825.0005106642222
87585,1825.0005106642222
87586,1825.0005106642222
87587,1825.0005106642222
87588,1825.0005106642222
87589,1825.0005106642222
87590,1825.0005106642222
87591,1825.0005106642222
87592,1825.0005106642222
87593,1825.0005106642222
87594,1825.0005106642222
87595,1825.0005106642222
87596,1825.0005106642222
87597,1825.0005106642222
87598,1825.0005106642222
87599,1825.0005106642222
87600,1825.0005106642222
87601,1825.0005106642222
87602,1825.0005106642222
87603,1825.0005106642222
87604,1825.0005106642222
87605,1825.0005106642222
87606,1825.0005106642222
87607,1825.0005106642222
87608,1825.0005106642222
87609,1825.0005106642222
87610,1825.0005106642222
87611,1825.0005106642222
87612,1825.0005106642222
87613,1825.0005106642222
87614,1825.0005106642222
87615,1825.0005106642222
87616,1825.0005106642222
87617,1825.0005106642222
87618,1825.0005106642222
87619,1825.0005106642222
87620,1825.0005106642222
87621,1825.0005106642222
87622,1825.0005106642222
87623,1825.0005106642222
87624,1825.0005106642222
87625,1825.0005106642222
87626,1825.0005106642222
87627,1825.0005106642222
87628,1825.0005106642222
87629,1825.0005106642222
87630,1825.0005106642222
87631,1825.0005106642222
87632,1825.0005106642222
87633,1825.0005106642222
87634,1825.0005106642222
87635,1825.0005106642222
87636,1825.0005106642222
87637,1825.0005106642222
87638,1825.0005106642222
87639,1825.0005106642222
87640,1825.0005106642222
87641,1825.0005106642222
87642,1825.0005106642222
87643,1825.0005106642222
87644,1825.0005106642222
87645,1825.0005106642222
87646,1825.0005106642222
87647,1825.0005106642222
87648,1825.0005106642222
87649,1825.0005106642222
87650,1825.0005106642222
87651,1825.0005106642222
87652,1825.0005106642222
87653,1825.0005106642222
87654,1825.0005106642222
87655,1825.0005106642222
87656,1825.0005106642222
87657,1825.0005106642222
87658,1825.0005106642222
87659,1825.0005106642222
87660,1825.0005106642222
87661,1825.0005106642222
87662,1825.0005106642222
87663,1825.0005106642222
87664,1825.0005106642222
87665,1825.0005106642222
87666,1825.0005106642222
87667,1825.0005106642222
87668,1825.0005106642222
87669,1825.0005106642222
87670,1825.0005106642222
87671,1825.0005106642222
87672,1825.0005106642222
87673,1825.0005106642222
87674,1825.0005106642222
87675,1825.0005106642222
87676,1825.0005106642222
87677,1825.0005106642222
87678,1825.0005106642222
87679,1825.0005106642222
87680,1825.0005106642222
87681,1825.0005106642222
87682,1825.0005106642222
87683,1825.0005106642222
87684,1825.0005106642222
87685,1825.0005106642222
87686,1825.0005106642222
87687,1825.0005106642222
87688,1825.0005106642222
87689,1825.0005106642222
87690,1825.0005106642222
87691,1825.0005106642222
87692,1825.0005106642222
87693,1825.0005106642222
87694,1825.0005106642222
87695,1825.0005106642222
87696,1825.0005106642222
87697,1825.0005106642222
87698,1825.0005106642222
87699,1825.0005106642222
87700,1825.0005106642222
87701,1825.0005106642222
87702,1825.0005106642222
87703,1825.0005106642222
87704,1825.0005106642222
87705,1825.0005106642222
87706,1825.0005106642222
87707,1825.0005106642222
87708,1825.0005106642222
87709,1825.0005106642222
87710,1825.0005106642222
87711,1825.0005106642222
87712,1825.0005106642222
87713,1825.0005106642222
87714,1825.0005106642222
87715,1825.0005106642222
87716,1825.0005106642222
87717,1825.0005106642222
87718,1825.0005106642222
87719,1825.0005106642222
87720,1825.0005106642222
87721,1825.0005106642222
87722,1825.0005106642222
87723,1825.0005106642222
87724,1825.0005106642222
87725,1825.0005106642222
87726,1825.0005106642222
87727,1825.0005106642222
87728,1825.0005106642222
87729,1825.0005106642222
87730,1825.0005106642222
87731,1825.0005106642222
87732,1825.0005106642222
87733,1825.0005106642222
87734,1825.0005106642222
87735,1825.0005106642222
87736,1825.0005106642222
87737,1825.0005106642222
87738,1825.0005106642222
87739,1825.0005106642222
87740,1825.0005106642222
87741,1825.0005106642222
87742,1825.0005106642222
87743,1825.0005106642222
87744,1825.0005106642222
87745,1825.0005106642222
87746,1825.0005106642222
87747,1825.0005106642222
87748,1825.0005106642222
87749,1825.0005106642222
87750,1825.0005106642222
87751,1825.0005106642222
87752,1825.0005106642222
87753,1825.0005106642222
87754,1825.0005106642222
87755,1825.0005106642222
87756,1825.0005106642222
87757,1825.0005106642222
87758,1825.0005106642222
87759,1825.0005106642222
87760,1825.0005106642222
87761,1825.0005106642222
87762,1825.0005106642222
87763,1825.0005106642222
87764,1825.0005106642222
87765,1825.0005106642222
87766,1825.0005106642222
87767,1825.0005106642222
87768,1825.0005106642222
87769,1825.0005106642222
87770,1825.0005106642222
87771,1825.0005106642222
87772,1825.0005106642222
87773,1825.0005106642222
87774,1825.0005106642222
87775,1825.0005106642222
87776,1825.0005106642222
87777,1825.0005106642222
87778,1825.0005106642222
87779,1825.0005106642222
87780,1825.0005106642222
87781,1825.0005106642222
87782,1825.0005106642222
87783,1825.0005106642222
87784,1825.0005106642222
87785,1825.0005106642222
87786,1825.0005106642222
87787,1825.0005106642222
87788,1825.0005106642222
87789,1825.0005106642222
87790,1825.0005106642222
87791,1825.0005106642222
87792,1825.0005106642222
87793,1825.0005106642222
87794,1825.0005106642222
87795,1825.0005106642222
87796,1825.0005106642222
87797,1825.0005106642222
87798,1825.0005106642222
87799,1825.0005106642222
87800,1825.0005106642222
87801,1825.0005106642222
87802,1825.0005106642222
87803,1825.0005106642222
87804,1825.0005106642222
87805,1825.0005106642222
87806,1825.0005106642222
87807,1825.0005106642222
87808,1825.0005106642222
87809,1825.0005106642222
87810,1825.0005106642222
87811,1825.0005106642222
87812,1825.0005106642222
87813,1825.0005106642222
87814,1825.0005106642222
87815,1825.0005106642222
87816,1825.0005106642222
87817,1825.0005106642222
87818,1825.0005106642222
87819,1825.0005106642222
87820,1825.0005106642222
87821,1825.0005106642222
87822,1825.0005106642222
87823,1825.0005106642222
87824,1825.0005106642222
87825,1825.0005106642222
87826,1825.0005106642222
87827,1825.0005106642222
87828,1825.0005106642222
87829,1825.0005106642222
87830,1825.0005106642222
87831,1825.0005106642222
87832,1825.0005106642222
87833,1825.0005106642222
87834,1825.0005106642222
87835,1825.0005106642222
87836,1825.0005106642222
87837,1825.0005106642222
87838,1825.0005106642222
87839,1825.0005106642222
87840,1825.0005106642222
87841,1825.0005106642222
87842,1825.0005106642222
87843,1825.0005106642222
87844,1825.0005106642222
87845,1825.0005106642222
87846,1825.0005106642222
87847,1825.0005106642222
87848,1825.0005106642222
87849,1825.0005106642222
87850,1825.0005106642222
87851,1825.0005106642222
87852,1825.0005106642222
87853,1825.0005106642222
87854,1825.0005106642222
87855,1825.0005106642222
87856,1825.0005106642222
87857,1825.0005106642222
87858,1825.0005106642222
87859,1825.0005106642222
87860,1825.0005106642222
87861,1825.0005106642222
87862,1825.0005106642222
87863,1825.0005106642222
87864,1825.0005106642222
87865,1825.0005106642222
87866,1825.0005106642222
87867,1825.0005106642222
87868,1825.0005106642222
87869,1825.0005106642222
87870,1825.0005106642222
87871,1825.0005106642222
87872,1825.0005106642222
87873,1825.0005106642222
87874,1825.0005106642222
87875,1825.0005106642222
87876,1825.0005106642222
87877,1825.0005106642222
87878,1825.0005106642222
87879,1825.0005106642222
87880,1825.0005106642222
87881,1825.0005106642222
87882,1825.0005106642222
87883,1825.0005106642222
87884,1825.0005106642222
87885,1825.0005106642222
87886,1825.0005106642222
87887,1825.0005106642222
87888,1825.0005106642222
87889,1825.0005106642222
87890,1825.0005106642222
87891,1825.0005106642222
87892,1825.0005106642222
87893,1825.0005106642222
87894,1825.0005106642222
87895,1825.0005106642222
87896,1825.0005106642222
87897,1825.0005106642222
87898,1825.0005106642222
87899,1825.0005106642222
87900,1825.0005106642222
87901,1825.0005106642222
87902,1825.0005106642222
87903,1825.0005106642222
87904,1825.0005106642222
87905,1825.0005106642222
87906,1825.0005106642222
87907,1825.0005106642222
87908,1825.0005106642222
87909,1825.0005106642222
87910,1825.0005106642222
87911,1825.0005106642222
87912,1825.0005106642222
87913,1825.0005106642222
87914,1825.0005106642222
87915,1825.0005106642222
87916,1825.0005106642222
87917,1825.0005106642222
87918,1825.0005106642222
87919,1825.0005106642222
87920,1825.0005106642222
87921,1825.0005106642222
87922,1825.0005106642222
87923,1825.0005106642222
87924,1825.0005106642222
87925,1825.0005106642222
87926,1825.0005106642222
87927,1825.0005106642222
87928,1825.0005106642222
87929,1825.0005106642222
87930,1825.0005106642222
87931,1825.0005106642222
87932,1825.0005106642222
87933,1825.0005106642222
87934,1825.0005106642222
87935,1825.0005106642222
87936,1825.0005106642222
87937,1825.0005106642222
87938,1825.0005106642222
87939,1825.0005106642222
87940,1825.0005106642222
87941,1825.0005106642222
87942,1825.0005106642222
87943,1825.0005106642222
87944,1825.0005106642222
87945,1825.0005106642222
87946,1825.0005106642222
87947,1825.0005106642222
87948,1825.0005106642222
87949,1825.0005106642222
87950,1825.0005106642222
87951,1825.0005106642222
87952,1825.0005106642222
87953,1825.0005106642222
87954,1825.0005106642222
87955,1825.0005106642222
87956,1825.0005106642222
87957,1825.0005106642222
87958,1825.0005106642222
87959,1825.0005106642222
87960,1825.0005106642222
87961,1825.0005106642222
87962,1825.0005106642222
87963,1825.0005106642222
87964,1825.0005106642222
87965,1825.0005106642222
87966,1825.0005106642222
87967,1825.0005106642222
87968,1825.0005106642222
87969,1825.0005106642222
87970,1825.0005106642222
87971,1825.0005106642222
87972,1825.0005106642222
87973,1825.0005106642222
87974,1825.0005106642222
87975,1825.0005106642222
87976,1825.0005106642222
87977,1825.0005106642222
87978,1825.0005106642222
87979,1825.0005106642222
87980,1825.0005106642222
87981,1825.0005106642222
87982,1825.0005106642222
87983,1825.0005106642222
87984,1825.0005106642222
87985,1825.0005106642222
87986,1825.0005106642222
87987,1825.0005106642222
87988,1825.0005106642222
87989,1825.0005106642222
87990,1825.0005106642222
87991,1825.0005106642222
87992,1825.0005106642222
87993,1825.0005106642222
87994,1825.0005106642222
87995,1825.0005106642222
87996,1825.0005106642222
87997,1825.0005106642222
87998,1825.0005106642222
87999,1825.0005106642222
88000,1825.0005106642222
88001,1825.0005106642222
88002,1825.0005106642222
88003,1825.0005106642222
88004,1825.0005106642222
88005,1825.0005106642222
88006,1825.0005106642222
88007,1825.0005106642222
88008,1825.0005106642222
88009,1825.0005106642222
88010,1825.0005106642222
88011,1825.0005106642222
88012,1825.0005106642222
88013,1825.0005106642222
88014,1825.0005106642222
88015,1825.0005106642222
88016,1825.0005106642222
88017,1825.0005106642222
88018,1825.0005106642222
88019,1825.0005106642222
88020,1825.0005106642222
88021,1825.0005106642222
88022,1825.0005106642222
88023,1825.0005106642222
88024,1825.0005106642222
88025,1825.0005106642222
88026,1825.0005106642222
88027,1825.0005106642222
88028,1825.0005106642222
88029,1825.0005106642222
88030,1825.0005106642222
88031,1825.0005106642222
88032,1825.0005106642222
88033,1825.0005106642222
88034,1825.0005106642222
88035,1825.0005106642222
88036,1825.0005106642222
88037,1825.0005106642222
88038,1825.0005106642222
88039,1825.0005106642222
88040,1825.0005106642222
88041,1825.0005106642222
88042,1825.0005106642222
88043,1825.0005106642222
88044,1825.0005106642222
88045,1825.0005106642222
88046,1825.0005106642222
88047,1825.0005106642222
88048,1825.0005106642222
88049,1825.0005106642222
88050,1825.0005106642222
88051,1825.0005106642222
88052,1825.0005106642222
88053,1825.0005106642222
88054,1825.0005106642222
88055,1825.0005106642222
88056,1825.0005106642222
88057,1825.0005106642222
88058,1825.0005106642222
88059,1825.0005106642222
88060,1825.0005106642222
88061,1825.0005106642222
88062,1825.0005106642222
88063,1825.0005106642222
88064,1825.0005106642222
88065,1825.0005106642222
88066,1825.0005106642222
88067,1825.0005106642222
88068,1825.0005106642222
88069,1825.0005106642222
88070,1825.0005106642222
88071,1825.0005106642222
88072,1825.0005106642222
88073,1825.0005106642222
88074,1825.0005106642222
88075,1825.0005106642222
88076,1825.0005106642222
88077,1825.0005106642222
88078,1825.0005106642222
88079,1825.0005106642222
88080,1825.0005106642222
88081,1825.0005106642222
88082,1825.0005106642222
88083,1825.0005106642222
88084,1825.0005106642222
88085,1825.0005106642222
88086,1825.0005106642222
88087,1825.0005106642222
88088,1825.0005106642222
88089,1825.0005106642222
88090,1825.0005106642222
88091,1825.0005106642222
88092,1825.0005106642222
88093,1825.0005106642222
88094,1825.0005106642222
88095,1825.0005106642222
88096,1825.0005106642222
88097,1825.0005106642222
88098,1825.0005106642222
88099,1825.0005106642222
88100,1825.0005106642222
88101,1825.0005106642222
88102,1825.0005106642222
88103,1825.0005106642222
88104,1825.0005106642222
88105,1825.0005106642222
88106,1825.0005106642222
88107,1825.0005106642222
88108,1825.0005106642222
88109,1825.0005106642222
88110,1825.0005106642222
88111,1825.0005106642222
88112,1825.0005106642222
88113,1825.0005106642222
88114,1825.0005106642222
88115,1825.0005106642222
88116,1825.0005106642222
88117,1825.0005106642222
88118,1825.0005106642222
88119,1825.0005106642222
88120,1825.0005106642222
88121,1825.0005106642222
88122,1825.0005106642222
88123,1825.0005106642222
88124,1825.0005106642222
88125,1825.0005106642222
88126,1825.0005106642222
88127,1825.0005106642222
88128,1825.0005106642222
88129,1825.0005106642222
88130,1825.0005106642222
88131,1825.0005106642222
88132,1825.0005106642222
88133,1825.0005106642222
88134,1825.0005106642222
88135,1825.0005106642222
88136,1825.0005106642222
88137,1825.0005106642222
88138,1825.0005106642222
88139,1825.0005106642222
88140,1825.0005106642222
88141,1825.0005106642222
88142,1825.0005106642222
88143,1825.0005106642222
88144,1825.0005106642222
88145,1825.0005106642222
88146,1825.0005106642222
88147,1825.0005106642222
88148,1825.0005106642222
88149,1825.0005106642222
88150,1825.0005106642222
88151,1825.0005106642222
88152,1825.0005106642222
88153,1825.0005106642222
88154,1825.0005106642222
88155,1825.0005106642222
88156,1825.0005106642222
88157,1825.0005106642222
88158,1825.0005106642222
88159,1825.0005106642222
88160,1825.0005106642222
88161,1825.0005106642222
88162,1825.0005106642222
88163,1825.0005106642222
88164,1825.0005106642222
88165,1825.0005106642222
88166,1825.0005106642222
88167,1825.0005106642222
88168,1825.0005106642222
88169,1825.0005106642222
88170,1825.0005106642222
88171,1825.0005106642222
88172,1825.0005106642222
88173,1825.0005106642222
88174,1825.0005106642222
88175,1825.0005106642222
88176,1825.0005106642222
88177,1825.0005106642222
88178,1825.0005106642222
88179,1825.0005106642222
88180,1825.0005106642222
88181,1825.0005106642222
88182,1825.0005106642222
88183,1825.0005106642222
88184,1825.0005106642222
88185,1825.0005106642222
88186,1825.0005106642222
88187,1825.0005106642222
88188,1825.0005106642222
88189,1825.0005106642222
88190,1825.0005106642222
88191,1825.0005106642222
88192,1825.0005106642222
88193,1825.0005106642222
88194,1825.0005106642222
88195,1825.0005106642222
88196,1825.0005106642222
88197,1825.0005106642222
88198,1825.0005106642222
88199,1825.0005106642222
88200,1825.0005106642222
88201,1825.0005106642222
88202,1825.0005106642222
88203,1825.0005106642222
88204,1825.0005106642222
88205,1825.0005106642222
88206,1825.0005106642222
88207,1825.0005106642222
88208,1825.0005106642222
88209,1825.0005106642222
88210,1825.0005106642222
88211,1825.0005106642222
88212,1825.0005106642222
88213,1825.0005106642222
88214,1825.0005106642222
88215,1825.0005106642222
88216,1825.0005106642222
88217,1825.0005106642222
88218,1825.0005106642222
88219,1825.0005106642222
88220,1825.0005106642222
88221,1825.0005106642222
88222,1825.0005106642222
88223,1825.0005106642222
88224,1825.0005106642222
88225,1825.0005106642222
88226,1825.0005106642222
88227,1825.0005106642222
88228,1825.0005106642222
88229,1825.0005106642222
88230,1825.0005106642222
88231,1825.0005106642222
88232,1825.0005106642222
88233,1825.0005106642222
88234,1825.0005106642222
88235,1825.0005106642222
88236,1825.0005106642222
88237,1825.0005106642222
88238,1825.0005106642222
88239,1825.0005106642222
88240,1825.0005106642222
88241,1825.0005106642222
88242,1825.0005106642222
88243,1825.0005106642222
88244,1825.0005106642222
88245,1825.0005106642222
88246,1825.0005106642222
88247,1825.0005106642222
88248,1825.0005106642222
88249,1825.0005106642222
88250,1825.0005106642222
88251,1825.0005106642222
88252,1825.0005106642222
88253,1825.0005106642222
88254,1825.0005106642222
88255,1825.0005106642222
88256,1825.0005106642222
88257,1825.0005106642222
88258,1825.0005106642222
88259,1825.0005106642222
88260,1825.0005106642222
88261,1825.0005106642222
88262,1825.0005106642222
88263,1825.0005106642222
88264,1825.0005106642222
88265,1825.0005106642222
88266,1825.0005106642222
88267,1825.0005106642222
88268,1825.0005106642222
88269,1825.0005106642222
88270,1825.0005106642222
88271,1825.0005106642222
88272,1825.0005106642222
88273,1825.0005106642222
88274,1825.0005106642222
88275,1825.0005106642222
88276,1825.0005106642222
88277,1825.0005106642222
88278,1825.0005106642222
88279,1825.0005106642222
88280,1825.0005106642222
88281,1825.0005106642222
88282,1825.0005106642222
88283,1825.0005106642222
88284,1825.0005106642222
88285,1825.0005106642222
88286,1825.0005106642222
88287,1825.0005106642222
88288,1825.0005106642222
88289,1825.0005106642222
88290,1825.0005106642222
88291,1825.0005106642222
88292,1825.0005106642222
88293,1825.0005106642222
88294,1825.0005106642222
88295,1825.0005106642222
88296,1825.0005106642222
88297,1825.0005106642222
88298,1825.0005106642222
88299,1825.0005106642222
88300,1825.0005106642222
88301,1825.0005106642222
88302,1825.0005106642222
88303,1825.0005106642222
88304,1825.0005106642222
88305,1825.0005106642222
88306,1825.0005106642222
88307,1825.0005106642222
88308,1825.0005106642222
88309,1825.0005106642222
88310,1825.0005106642222
88311,1825.0005106642222
88312,1825.0005106642222
88313,1825.0005106642222
88314,1825.0005106642222
88315,1825.0005106642222
88316,1825.0005106642222
88317,1825.0005106642222
88318,1825.0005106642222
88319,1825.0005106642222
88320,1825.0005106642222
88321,1825.0005106642222
88322,1825.0005106642222
88323,1825.0005106642222
88324,1825.0005106642222
88325,1825.0005106642222
88326,1825.0005106642222
88327,1825.0005106642222
88328,1825.0005106642222
88329,1825.0005106642222
88330,1825.0005106642222
88331,1825.0005106642222
88332,1825.0005106642222
88333,1825.0005106642222
88334,1825.0005106642222
88335,1825.0005106642222
88336,1825.0005106642222
88337,1825.0005106642222
88338,1825.0005106642222
88339,1825.0005106642222
88340,1825.0005106642222
88341,1825.0005106642222
88342,1825.0005106642222
88343,1825.0005106642222
88344,1825.0005106642222
88345,1825.0005106642222
88346,1825.0005106642222
88347,1825.0005106642222
88348,1825.0005106642222
88349,1825.0005106642222
88350,1825.0005106642222
88351,1825.0005106642222
88352,1825.0005106642222
88353,1825.0005106642222
88354,1825.0005106642222
88355,1825.0005106642222
88356,1825.0005106642222
88357,1825.0005106642222
88358,1825.0005106642222
88359,1825.0005106642222
88360,1825.0005106642222
88361,1825.0005106642222
88362,1825.0005106642222
88363,1825.0005106642222
88364,1825.0005106642222
88365,1825.0005106642222
88366,1825.0005106642222
88367,1825.0005106642222
88368,1825.0005106642222
88369,1825.0005106642222
88370,1825.0005106642222
88371,1825.0005106642222
88372,1825.0005106642222
88373,1825.0005106642222
88374,1825.0005106642222
88375,1825.0005106642222
88376,1825.0005106642222
88377,1825.0005106642222
88378,1825.0005106642222
88379,1825.0005106642222
88380,1825.0005106642222
88381,1825.0005106642222
88382,1825.0005106642222
88383,1825.0005106642222
88384,1825.0005106642222
88385,1825.0005106642222
88386,1825.0005106642222
88387,1825.0005106642222
88388,1825.0005106642222
88389,1825.0005106642222
88390,1825.0005106642222
88391,1825.0005106642222
88392,1825.0005106642222
88393,1825.0005106642222
88394,1825.0005106642222
88395,1825.0005106642222
88396,1825.0005106642222
88397,1825.0005106642222
88398,1825.0005106642222
88399,1825.0005106642222
88400,1825.0005106642222
88401,1825.0005106642222
88402,1825.0005106642222
88403,1825.0005106642222
88404,1825.0005106642222
88405,1825.0005106642222
88406,1825.0005106642222
88407,1825.0005106642222
88408,1825.0005106642222
88409,1825.0005106642222
88410,1825.0005106642222
88411,1825.0005106642222
88412,1825.0005106642222
88413,1825.0005106642222
88414,1825.0005106642222
88415,1825.0005106642222
88416,1825.0005106642222
88417,1825.0005106642222
88418,1825.0005106642222
88419,1825.0005106642222
88420,1825.0005106642222
88421,1825.0005106642222
88422,1825.0005106642222
88423,1825.0005106642222
88424,1825.0005106642222
88425,1825.0005106642222
88426,1825.0005106642222
88427,1825.0005106642222
88428,1825.0005106642222
88429,1825.0005106642222
88430,1825.0005106642222
88431,1825.0005106642222
88432,1825.0005106642222
88433,1825.0005106642222
88434,1825.0005106642222
88435,1825.0005106642222
88436,1825.0005106642222
88437,1825.0005106642222
88438,1825.0005106642222
88439,1825.0005106642222
88440,1825.0005106642222
88441,1825.0005106642222
88442,1825.0005106642222
88443,1825.0005106642222
88444,1825.0005106642222
88445,1825.0005106642222
88446,1825.0005106642222
88447,1825.0005106642222
88448,1825.0005106642222
88449,1825.0005106642222
88450,1825.0005106642222
88451,1825.0005106642222
88452,1825.0005106642222
88453,1825.0005106642222
88454,1825.0005106642222
88455,1825.0005106642222
88456,1825.0005106642222
88457,1825.0005106642222
88458,1825.0005106642222
88459,1825.0005106642222
88460,1825.0005106642222
88461,1825.0005106642222
88462,1825.0005106642222
88463,1825.0005106642222
88464,1825.0005106642222
88465,1825.0005106642222
88466,1825.0005106642222
88467,1825.0005106642222
88468,1825.0005106642222
88469,1825.0005106642222
88470,1825.0005106642222
88471,1825.0005106642222
88472,1825.0005106642222
88473,1825.0005106642222
88474,1825.0005106642222
88475,1825.0005106642222
88476,1825.0005106642222
88477,1825.0005106642222
88478,1825.0005106642222
88479,1825.0005106642222
88480,1825.0005106642222
88481,1825.0005106642222
88482,1825.0005106642222
88483,1825.0005106642222
88484,1825.0005106642222
88485,1825.0005106642222
88486,1825.0005106642222
88487,1825.0005106642222
88488,1825.0005106642222
88489,1825.0005106642222
88490,1825.0005106642222
88491,1825.0005106642222
88492,1825.0005106642222
88493,1825.0005106642222
88494,1825.0005106642222
88495,1825.0005106642222
88496,1825.0005106642222
88497,1825.0005106642222
88498,1825.0005106642222
88499,1825.0005106642222
88500,1825.0005106642222
88501,1825.0005106642222
88502,1825.0005106642222
88503,1825.0005106642222
88504,1825.0005106642222
88505,1825.0005106642222
88506,1825.0005106642222
88507,1825.0005106642222
88508,1825.0005106642222
88509,1825.0005106642222
88510,1825.0005106642222
88511,1825.0005106642222
88512,1825.0005106642222
88513,1825.0005106642222
88514,1825.0005106642222
88515,1825.0005106642222
88516,1825.0005106642222
88517,1825.0005106642222
88518,1825.0005106642222
88519,1825.0005106642222
88520,1825.0005106642222
88521,1825.0005106642222
88522,1825.0005106642222
88523,1825.0005106642222
88524,1825.0005106642222
88525,1825.0005106642222
88526,1825.0005106642222
88527,1825.0005106642222
88528,1825.0005106642222
88529,1825.0005106642222
88530,1825.0005106642222
88531,1825.0005106642222
88532,1825.0005106642222
88533,1825.0005106642222
88534,1825.0005106642222
88535,1825.0005106642222
88536,1825.0005106642222
88537,1825.0005106642222
88538,1825.0005106642222
88539,1825.0005106642222
88540,1825.0005106642222
88541,1825.0005106642222
88542,1825.0005106642222
88543,1825.0005106642222
88544,1825.0005106642222
88545,1825.0005106642222
88546,1825.0005106642222
88547,1825.0005106642222
88548,1825.0005106642222
88549,1825.0005106642222
88550,1825.0005106642222
88551,1825.0005106642222
88552,1825.0005106642222
88553,1825.0005106642222
88554,1825.0005106642222
88555,1825.0005106642222
88556,1825.0005106642222
88557,1825.0005106642222
88558,1825.0005106642222
88559,1825.0005106642222
88560,1825.0005106642222
88561,1825.0005106642222
88562,1825.0005106642222
88563,1825.0005106642222
88564,1825.0005106642222
88565,1825.0005106642222
88566,1825.0005106642222
88567,1825.0005106642222
88568,1825.0005106642222
88569,1825.0005106642222
88570,1825.0005106642222
88571,1825.0005106642222
88572,1825.0005106642222
88573,1825.0005106642222
88574,1825.0005106642222
88575,1825.0005106642222
88576,1825.0005106642222
88577,1825.0005106642222
88578,1825.0005106642222
88579,1825.0005106642222
88580,1825.0005106642222
88581,1825.0005106642222
88582,1825.0005106642222
88583,1825.0005106642222
88584,1825.0005106642222
88585,1825.0005106642222
88586,1825.0005106642222
88587,1825.0005106642222
88588,1825.0005106642222
88589,1825.0005106642222
88590,1825.0005106642222
88591,1825.0005106642222
88592,1825.0005106642222
88593,1825.0005106642222
88594,1825.0005106642222
88595,1825.0005106642222
88596,1825.0005106642222
88597,1825.0005106642222
88598,1825.0005106642222
88599,1825.0005106642222
88600,1825.0005106642222
88601,1825.0005106642222
88602,1825.0005106642222
88603,1825.0005106642222
88604,1825.0005106642222
88605,1825.0005106642222
88606,1825.0005106642222
88607,1825.0005106642222
88608,1825.0005106642222
88609,1825.0005106642222
88610,1825.0005106642222
88611,1825.0005106642222
88612,1825.0005106642222
88613,1825.0005106642222
88614,1825.0005106642222
88615,1825.0005106642222
88616,1825.0005106642222
88617,1825.0005106642222
88618,1825.0005106642222
88619,1825.0005106642222
88620,1825.0005106642222
88621,1825.0005106642222
88622,1825.0005106642222
88623,1825.0005106642222
88624,1825.0005106642222
88625,1825.0005106642222
88626,1825.0005106642222
88627,1825.0005106642222
88628,1825.0005106642222
88629,1825.0005106642222
88630,1825.0005106642222
88631,1825.0005106642222
88632,1825.0005106642222
88633,1825.0005106642222
88634,1825.0005106642222
88635,1825.0005106642222
88636,1825.0005106642222
88637,1825.0005106642222
88638,1825.0005106642222
88639,1825.0005106642222
88640,1825.0005106642222
88641,1825.0005106642222
88642,1825.0005106642222
88643,1825.0005106642222
88644,1825.0005106642222
88645,1825.0005106642222
88646,1825.0005106642222
88647,1825.0005106642222
88648,1825.0005106642222
88649,1825.0005106642222
88650,1825.0005106642222
88651,1825.0005106642222
88652,1825.0005106642222
88653,1825.0005106642222
88654,1825.0005106642222
88655,1825.0005106642222
88656,1825.0005106642222
88657,1825.0005106642222
88658,1825.0005106642222
88659,1825.0005106642222
88660,1825.0005106642222
88661,1825.0005106642222
88662,1825.0005106642222
88663,1825.0005106642222
88664,1825.0005106642222
88665,1825.0005106642222
88666,1825.0005106642222
88667,1825.0005106642222
88668,1825.0005106642222
88669,1825.0005106642222
88670,1825.0005106642222
88671,1825.0005106642222
88672,1825.0005106642222
88673,1825.0005106642222
88674,1825.0005106642222
88675,1825.0005106642222
88676,1825.0005106642222
88677,1825.0005106642222
88678,1825.0005106642222
88679,1825.0005106642222
88680,1825.0005106642222
88681,1825.0005106642222
88682,1825.0005106642222
88683,1825.0005106642222
88684,1825.0005106642222
88685,1825.0005106642222
88686,1825.0005106642222
88687,1825.0005106642222
88688,1825.0005106642222
88689,1825.0005106642222
88690,1825.0005106642222
88691,1825.0005106642222
88692,1825.0005106642222
88693,1825.0005106642222
88694,1825.0005106642222
88695,1825.0005106642222
88696,1825.0005106642222
88697,1825.0005106642222
88698,1825.0005106642222
88699,1825.0005106642222
88700,1825.0005106642222
88701,1825.0005106642222
88702,1825.0005106642222
88703,1825.0005106642222
88704,1825.0005106642222
88705,1825.0005106642222
88706,1825.0005106642222
88707,1825.0005106642222
88708,1825.0005106642222
88709,1825.0005106642222
88710,1825.0005106642222
88711,1825.0005106642222
88712,1825.0005106642222
88713,1825.0005106642222
88714,1825.0005106642222
88715,1825.0005106642222
88716,1825.0005106642222
88717,1825.0005106642222
88718,1825.0005106642222
88719,1825.0005106642222
88720,1825.0005106642222
88721,1825.0005106642222
88722,1825.0005106642222
88723,1825.0005106642222
88724,1825.0005106642222
88725,1825.0005106642222
88726,1825.0005106642222
88727,1825.0005106642222
88728,1825.0005106642222
88729,1825.0005106642222
88730,1825.0005106642222
88731,1825.0005106642222
88732,1825.0005106642222
88733,1825.0005106642222
88734,1825.0005106642222
88735,1825.0005106642222
88736,1825.0005106642222
88737,1825.0005106642222
88738,1825.0005106642222
88739,1825.0005106642222
88740,1825.0005106642222
88741,1825.0005106642222
88742,1825.0005106642222
88743,1825.0005106642222
88744,1825.0005106642222
88745,1825.0005106642222
88746,1825.0005106642222
88747,1825.0005106642222
88748,1825.0005106642222
88749,1825.0005106642222
88750,1825.0005106642222
88751,1825.0005106642222
88752,1825.0005106642222
88753,1825.0005106642222
88754,1825.0005106642222
88755,1825.0005106642222
88756,1825.0005106642222
88757,1825.0005106642222
88758,1825.0005106642222
88759,1825.0005106642222
88760,1825.0005106642222
88761,1825.0005106642222
88762,1825.0005106642222
88763,1825.0005106642222
88764,1825.0005106642222
88765,1825.0005106642222
88766,1825.0005106642222
88767,1825.0005106642222
88768,1825.0005106642222
88769,1825.0005106642222
88770,1825.0005106642222
88771,1825.0005106642222
88772,1825.0005106642222
88773,1825.0005106642222
88774,1825.0005106642222
88775,1825.0005106642222
88776,1825.0005106642222
88777,1825.0005106642222
88778,1825.0005106642222
88779,1825.0005106642222
88780,1825.0005106642222
88781,1825.0005106642222
88782,1825.0005106642222
88783,1825.0005106642222
88784,1825.0005106642222
88785,1825.0005106642222
88786,1825.0005106642222
88787,1825.0005106642222
88788,1825.0005106642222
88789,1825.0005106642222
88790,1825.0005106642222
88791,1825.0005106642222
88792,1825.0005106642222
88793,1825.0005106642222
88794,1825.0005106642222
88795,1825.0005106642222
88796,1825.0005106642222
88797,1825.0005106642222
88798,1825.0005106642222
88799,1825.0005106642222
88800,1825.0005106642222
88801,1825.0005106642222
88802,1825.0005106642222
88803,1825.0005106642222
88804,1825.0005106642222
88805,1825.0005106642222
88806,1825.0005106642222
88807,1825.0005106642222
88808,1825.0005106642222
88809,1825.0005106642222
88810,1825.0005106642222
88811,1825.0005106642222
88812,1825.0005106642222
88813,1825.0005106642222
88814,1825.0005106642222
88815,1825.0005106642222
88816,1825.0005106642222
88817,1825.0005106642222
88818,1825.0005106642222
88819,1825.0005106642222
88820,1825.0005106642222
88821,1825.0005106642222
88822,1825.0005106642222
88823,1825.0005106642222
88824,1825.0005106642222
88825,1825.0005106642222
88826,1825.0005106642222
88827,1825.0005106642222
88828,1825.0005106642222
88829,1825.0005106642222
88830,1825.0005106642222
88831,1825.0005106642222
88832,1825.0005106642222
88833,1825.0005106642222
88834,1825.0005106642222
88835,1825.0005106642222
88836,1825.0005106642222
88837,1825.0005106642222
88838,1825.0005106642222
88839,1825.0005106642222
88840,1825.0005106642222
88841,1825.0005106642222
88842,1825.0005106642222
88843,1825.0005106642222
88844,1825.0005106642222
88845,1825.0005106642222
88846,1825.0005106642222
88847,1825.0005106642222
88848,1825.0005106642222
88849,1825.0005106642222
88850,1825.0005106642222
88851,1825.0005106642222
88852,1825.0005106642222
88853,1825.0005106642222
88854,1825.0005106642222
88855,1825.0005106642222
88856,1825.0005106642222
88857,1825.0005106642222
88858,1825.0005106642222
88859,1825.0005106642222
88860,1825.0005106642222
88861,1825.0005106642222
88862,1825.0005106642222
88863,1825.0005106642222
88864,1825.0005106642222
88865,1825.0005106642222
88866,1825.0005106642222
88867,1825.0005106642222
88868,1825.0005106642222
88869,1825.0005106642222
88870,1825.0005106642222
88871,1825.0005106642222
88872,1825.0005106642222
88873,1825.0005106642222
88874,1825.0005106642222
88875,1825.0005106642222
88876,1825.0005106642222
88877,1825.0005106642222
88878,1825.0005106642222
88879,1825.0005106642222
88880,1825.0005106642222
88881,1825.0005106642222
88882,1825.0005106642222
88883,1825.0005106642222
88884,1825.0005106642222
88885,1825.0005106642222
88886,1825.0005106642222
88887,1825.0005106642222
88888,1825.0005106642222
88889,1825.0005106642222
88890,1825.0005106642222
88891,1825.0005106642222
88892,1825.0005106642222
88893,1825.0005106642222
88894,1825.0005106642222
88895,1825.0005106642222
88896,1825.0005106642222
88897,1825.0005106642222
88898,1825.0005106642222
88899,1825.0005106642222
88900,1825.0005106642222
88901,1825.0005106642222
88902,1825.0005106642222
88903,1825.0005106642222
88904,1825.0005106642222
88905,1825.0005106642222
88906,1825.0005106642222
88907,1825.0005106642222
88908,1825.0005106642222
88909,1825.0005106642222
88910,1825.0005106642222
88911,1825.0005106642222
88912,1825.0005106642222
88913,1825.0005106642222
88914,1825.0005106642222
88915,1825.0005106642222
88916,1825.0005106642222
88917,1825.0005106642222
88918,1825.0005106642222
88919,1825.0005106642222
88920,1825.0005106642222
88921,1825.0005106642222
88922,1825.0005106642222
88923,1825.0005106642222
88924,1825.0005106642222
88925,1825.0005106642222
88926,1825.0005106642222
88927,1825.0005106642222
88928,1825.0005106642222
88929,1825.0005106642222
88930,1825.0005106642222
88931,1825.0005106642222
88932,1825.0005106642222
88933,1825.0005106642222
88934,1825.0005106642222
88935,1825.0005106642222
88936,1825.0005106642222
88937,1825.0005106642222
88938,1825.0005106642222
88939,1825.0005106642222
88940,1825.0005106642222
88941,1825.0005106642222
88942,1825.0005106642222
88943,1825.0005106642222
88944,1825.0005106642222
88945,1825.0005106642222
88946,1825.0005106642222
88947,1825.0005106642222
88948,1825.0005106642222
88949,1825.0005106642222
88950,1825.0005106642222
88951,1825.0005106642222
88952,1825.0005106642222
88953,1825.0005106642222
88954,1825.0005106642222
88955,1825.0005106642222
88956,1825.0005106642222
88957,1825.0005106642222
88958,1825.0005106642222
88959,1825.0005106642222
88960,1825.0005106642222
88961,1825.0005106642222
88962,1825.0005106642222
88963,1825.0005106642222
88964,1825.0005106642222
88965,1825.0005106642222
88966,1825.0005106642222
88967,1825.0005106642222
88968,1825.0005106642222
88969,1825.0005106642222
88970,1825.0005106642222
88971,1825.0005106642222
88972,1825.0005106642222
88973,1825.0005106642222
88974,1825.0005106642222
88975,1825.0005106642222
88976,1825.0005106642222
88977,1825.0005106642222
88978,1825.0005106642222
88979,1825.0005106642222
88980,1825.0005106642222
88981,1825.0005106642222
88982,1825.0005106642222
88983,1825.0005106642222
88984,1825.0005106642222
88985,1825.0005106642222
88986,1825.0005106642222
88987,1825.0005106642222
88988,1825.0005106642222
88989,1825.0005106642222
88990,1825.0005106642222
88991,1825.0005106642222
88992,1825.0005106642222
88993,1825.0005106642222
88994,1825.0005106642222
88995,1825.0005106642222
88996,1825.0005106642222
88997,1825.0005106642222
88998,1825.0005106642222
88999,1825.0005106642222
89000,1825.0005106642222
89001,1825.0005106642222
89002,1825.0005106642222
89003,1825.0005106642222
89004,1825.0005106642222
89005,1825.0005106642222
89006,1825.0005106642222
89007,1825.0005106642222
89008,1825.0005106642222
89009,1825.0005106642222
89010,1825.0005106642222
89011,1825.0005106642222
89012,1825.0005106642222
89013,1825.0005106642222
89014,1825.0005106642222
89015,1825.0005106642222
89016,1825.0005106642222
89017,1825.0005106642222
89018,1825.0005106642222
89019,1825.0005106642222
89020,1825.0005106642222
89021,1825.0005106642222
89022,1825.0005106642222
89023,1825.0005106642222
89024,1825.0005106642222
89025,1825.0005106642222
89026,1825.0005106642222
89027,1825.0005106642222
89028,1825.0005106642222
89029,1825.0005106642222
89030,1825.0005106642222
89031,1825.0005106642222
89032,1825.0005106642222
89033,1825.0005106642222
89034,1825.0005106642222
89035,1825.0005106642222
89036,1825.0005106642222
89037,1825.0005106642222
89038,1825.0005106642222
89039,1825.0005106642222
89040,1825.0005106642222
89041,1825.0005106642222
89042,1825.0005106642222
89043,1825.0005106642222
89044,1825.0005106642222
89045,1825.0005106642222
89046,1825.0005106642222
89047,1825.0005106642222
89048,1825.0005106642222
89049,1825.0005106642222
89050,1825.0005106642222
89051,1825.0005106642222
89052,1825.0005106642222
89053,1825.0005106642222
89054,1825.0005106642222
89055,1825.0005106642222
89056,1825.0005106642222
89057,1825.0005106642222
89058,1825.0005106642222
89059,1825.0005106642222
89060,1825.0005106642222
89061,1825.0005106642222
89062,1825.0005106642222
89063,1825.0005106642222
89064,1825.0005106642222
89065,1825.0005106642222
89066,1825.0005106642222
89067,1825.0005106642222
89068,1825.0005106642222
89069,1825.0005106642222
89070,1825.0005106642222
89071,1825.0005106642222
89072,1825.0005106642222
89073,1825.0005106642222
89074,1825.0005106642222
89075,1825.0005106642222
89076,1825.0005106642222
89077,1825.0005106642222
89078,1825.0005106642222
89079,1825.0005106642222
89080,1825.0005106642222
89081,1825.0005106642222
89082,1825.0005106642222
89083,1825.0005106642222
89084,1825.0005106642222
89085,1825.0005106642222
89086,1825.0005106642222
89087,1825.0005106642222
89088,1825.0005106642222
89089,1825.0005106642222
89090,1825.0005106642222
89091,1825.0005106642222
89092,1825.0005106642222
89093,1825.0005106642222
89094,1825.0005106642222
89095,1825.0005106642222
89096,1825.0005106642222
89097,1825.0005106642222
89098,1825.0005106642222
89099,1825.0005106642222
89100,1825.0005106642222
89101,1825.0005106642222
89102,1825.0005106642222
89103,1825.0005106642222
89104,1825.0005106642222
89105,1825.0005106642222
89106,1825.0005106642222
89107,1825.0005106642222
89108,1825.0005106642222
89109,1825.0005106642222
89110,1825.0005106642222
89111,1825.0005106642222
89112,1825.0005106642222
89113,1825.0005106642222
89114,1825.0005106642222
89115,1825.0005106642222
89116,1825.0005106642222
89117,1825.0005106642222
89118,1825.0005106642222
89119,1825.0005106642222
89120,1825.0005106642222
89121,1825.0005106642222
89122,1825.0005106642222
89123,1825.0005106642222
89124,1825.0005106642222
89125,1825.0005106642222
89126,1825.0005106642222
89127,1825.0005106642222
89128,1825.0005106642222
89129,1825.0005106642222
89130,1825.0005106642222
89131,1825.0005106642222
89132,1825.0005106642222
89133,1825.0005106642222
89134,1825.0005106642222
89135,1825.0005106642222
89136,1825.0005106642222
89137,1825.0005106642222
89138,1825.0005106642222
89139,1825.0005106642222
89140,1825.0005106642222
89141,1825.0005106642222
89142,1825.0005106642222
89143,1825.0005106642222
89144,1825.0005106642222
89145,1825.0005106642222
89146,1825.0005106642222
89147,1825.0005106642222
89148,1825.0005106642222
89149,1825.0005106642222
89150,1825.0005106642222
89151,1825.0005106642222
89152,1825.0005106642222
89153,1825.0005106642222
89154,1825.0005106642222
89155,1825.0005106642222
89156,1825.0005106642222
89157,1825.0005106642222
89158,1825.0005106642222
89159,1825.0005106642222
89160,1825.0005106642222
89161,1825.0005106642222
89162,1825.0005106642222
89163,1825.0005106642222
89164,1825.0005106642222
89165,1825.0005106642222
89166,1825.0005106642222
89167,1825.0005106642222
89168,1825.0005106642222
89169,1825.0005106642222
89170,1825.0005106642222
89171,1825.0005106642222
89172,1825.0005106642222
89173,1825.0005106642222
89174,1825.0005106642222
89175,1825.0005106642222
89176,1825.0005106642222
89177,1825.0005106642222
89178,1825.0005106642222
89179,1825.0005106642222
89180,1825.0005106642222
89181,1825.0005106642222
89182,1825.0005106642222
89183,1825.0005106642222
89184,1825.0005106642222
89185,1825.0005106642222
89186,1825.0005106642222
89187,1825.0005106642222
89188,1825.0005106642222
89189,1825.0005106642222
89190,1825.0005106642222
89191,1825.0005106642222
89192,1825.0005106642222
89193,1825.0005106642222
89194,1825.0005106642222
89195,1825.0005106642222
89196,1825.0005106642222
89197,1825.0005106642222
89198,1825.0005106642222
89199,1825.0005106642222
89200,1825.0005106642222
89201,1825.0005106642222
89202,1825.0005106642222
89203,1825.0005106642222
89204,1825.0005106642222
89205,1825.0005106642222
89206,1825.0005106642222
89207,1825.0005106642222
89208,1825.0005106642222
89209,1825.0005106642222
89210,1825.0005106642222
89211,1825.0005106642222
89212,1825.0005106642222
89213,1825.0005106642222
89214,1825.0005106642222
89215,1825.0005106642222
89216,1825.0005106642222
89217,1825.0005106642222
89218,1825.0005106642222
89219,1825.0005106642222
89220,1825.0005106642222
89221,1825.0005106642222
89222,1825.0005106642222
89223,1825.0005106642222
89224,1825.0005106642222
89225,1825.0005106642222
89226,1825.0005106642222
89227,1825.0005106642222
89228,1825.0005106642222
89229,1825.0005106642222
89230,1825.0005106642222
89231,1825.0005106642222
89232,1825.0005106642222
89233,1825.0005106642222
89234,1825.0005106642222
89235,1825.0005106642222
89236,1825.0005106642222
89237,1825.0005106642222
89238,1825.0005106642222
89239,1825.0005106642222
89240,1825.0005106642222
89241,1825.0005106642222
89242,1825.0005106642222
89243,1825.0005106642222
89244,1825.0005106642222
89245,1825.0005106642222
89246,1825.0005106642222
89247,1825.0005106642222
89248,1825.0005106642222
89249,1825.0005106642222
89250,1825.0005106642222
89251,1825.0005106642222
89252,1825.0005106642222
89253,1825.0005106642222
89254,1825.0005106642222
89255,1825.0005106642222
89256,1825.0005106642222
89257,1825.0005106642222
89258,1825.0005106642222
89259,1825.0005106642222
89260,1825.0005106642222
89261,1825.0005106642222
89262,1825.0005106642222
89263,1825.0005106642222
89264,1825.0005106642222
89265,1825.0005106642222
89266,1825.0005106642222
89267,1825.0005106642222
89268,1825.0005106642222
89269,1825.0005106642222
89270,1825.0005106642222
89271,1825.0005106642222
89272,1825.0005106642222
89273,1825.0005106642222
89274,1825.0005106642222
89275,1825.0005106642222
89276,1825.0005106642222
89277,1825.0005106642222
89278,1825.0005106642222
89279,1825.0005106642222
89280,1825.0005106642222
89281,1825.0005106642222
89282,1825.0005106642222
89283,1825.0005106642222
89284,1825.0005106642222
89285,1825.0005106642222
89286,1825.0005106642222
89287,1825.0005106642222
89288,1825.0005106642222
89289,1825.0005106642222
89290,1825.0005106642222
89291,1825.0005106642222
89292,1825.0005106642222
89293,1825.0005106642222
89294,1825.0005106642222
89295,1825.0005106642222
89296,1825.0005106642222
89297,1825.0005106642222
89298,1825.0005106642222
89299,1825.0005106642222
89300,1825.0005106642222
89301,1825.0005106642222
89302,1825.0005106642222
89303,1825.0005106642222
89304,1825.0005106642222
89305,1825.0005106642222
89306,1825.0005106642222
89307,1825.0005106642222
89308,1825.0005106642222
89309,1825.0005106642222
89310,1825.0005106642222
89311,1825.0005106642222
89312,1825.0005106642222
89313,1825.0005106642222
89314,1825.0005106642222
89315,1825.0005106642222
89316,1825.0005106642222
89317,1825.0005106642222
89318,1825.0005106642222
89319,1825.0005106642222
89320,1825.0005106642222
89321,1825.0005106642222
89322,1825.0005106642222
89323,1825.0005106642222
89324,1825.0005106642222
89325,1825.0005106642222
89326,1825.0005106642222
89327,1825.0005106642222
89328,1825.0005106642222
89329,1825.0005106642222
89330,1825.0005106642222
89331,1825.0005106642222
89332,1825.0005106642222
89333,1825.0005106642222
89334,1825.0005106642222
89335,1825.0005106642222
89336,1825.0005106642222
89337,1825.0005106642222
89338,1825.0005106642222
89339,1825.0005106642222
89340,1825.0005106642222
89341,1825.0005106642222
89342,1825.0005106642222
89343,1825.0005106642222
89344,1825.0005106642222
89345,1825.0005106642222
89346,1825.0005106642222
89347,1825.0005106642222
89348,1825.0005106642222
89349,1825.0005106642222
89350,1825.0005106642222
89351,1825.0005106642222
89352,1825.0005106642222
89353,1825.0005106642222
89354,1825.0005106642222
89355,1825.0005106642222
89356,1825.0005106642222
89357,1825.0005106642222
89358,1825.0005106642222
89359,1825.0005106642222
89360,1825.0005106642222
89361,1825.0005106642222
89362,1825.0005106642222
89363,1825.0005106642222
89364,1825.0005106642222
89365,1825.0005106642222
89366,1825.0005106642222
89367,1825.0005106642222
89368,1825.0005106642222
89369,1825.0005106642222
89370,1825.0005106642222
89371,1825.0005106642222
89372,1825.0005106642222
89373,1825.0005106642222
89374,1825.0005106642222
89375,1825.0005106642222
89376,1825.0005106642222
89377,1825.0005106642222
89378,1825.0005106642222
89379,1825.0005106642222
89380,1825.0005106642222
89381,1825.0005106642222
89382,1825.0005106642222
89383,1825.0005106642222
89384,1825.0005106642222
89385,1825.0005106642222
89386,1825.0005106642222
89387,1825.0005106642222
89388,1825.0005106642222
89389,1825.0005106642222
89390,1825.0005106642222
89391,1825.0005106642222
89392,1825.0005106642222
89393,1825.0005106642222
89394,1825.0005106642222
89395,1825.0005106642222
89396,1825.0005106642222
89397,1825.0005106642222
89398,1825.0005106642222
89399,1825.0005106642222
89400,1825.0005106642222
89401,1825.0005106642222
89402,1825.0005106642222
89403,1825.0005106642222
89404,1825.0005106642222
89405,1825.0005106642222
89406,1825.0005106642222
89407,1825.0005106642222
89408,1825.0005106642222
89409,1825.0005106642222
89410,1825.0005106642222
89411,1825.0005106642222
89412,1825.0005106642222
89413,1825.0005106642222
89414,1825.0005106642222
89415,1825.0005106642222
89416,1825.0005106642222
89417,1825.0005106642222
89418,1825.0005106642222
89419,1825.0005106642222
89420,1825.0005106642222
89421,1825.0005106642222
89422,1825.0005106642222
89423,1825.0005106642222
89424,1825.0005106642222
89425,1825.0005106642222
89426,1825.0005106642222
89427,1825.0005106642222
89428,1825.0005106642222
89429,1825.0005106642222
89430,1825.0005106642222
89431,1825.0005106642222
89432,1825.0005106642222
89433,1825.0005106642222
89434,1825.0005106642222
89435,1825.0005106642222
89436,1825.0005106642222
89437,1825.0005106642222
89438,1825.0005106642222
89439,1825.0005106642222
89440,1825.0005106642222
89441,1825.0005106642222
89442,1825.0005106642222
89443,1825.0005106642222
89444,1825.0005106642222
89445,1825.0005106642222
89446,1825.0005106642222
89447,1825.0005106642222
89448,1825.0005106642222
89449,1825.0005106642222
89450,1825.0005106642222
89451,1825.0005106642222
89452,1825.0005106642222
89453,1825.0005106642222
89454,1825.0005106642222
89455,1825.0005106642222
89456,1825.0005106642222
89457,1825.0005106642222
89458,1825.0005106642222
89459,1825.0005106642222
89460,1825.0005106642222
89461,1825.0005106642222
89462,1825.0005106642222
89463,1825.0005106642222
89464,1825.0005106642222
89465,1825.0005106642222
89466,1825.0005106642222
89467,1825.0005106642222
89468,1825.0005106642222
89469,1825.0005106642222
89470,1825.0005106642222
89471,1825.0005106642222
89472,1825.0005106642222
89473,1825.0005106642222
89474,1825.0005106642222
89475,1825.0005106642222
89476,1825.0005106642222
89477,1825.0005106642222
89478,1825.0005106642222
89479,1825.0005106642222
89480,1825.0005106642222
89481,1825.0005106642222
89482,1825.0005106642222
89483,1825.0005106642222
89484,1825.0005106642222
89485,1825.0005106642222
89486,1825.0005106642222
89487,1825.0005106642222
89488,1825.0005106642222
89489,1825.0005106642222
89490,1825.0005106642222
89491,1825.0005106642222
89492,1825.0005106642222
89493,1825.0005106642222
89494,1825.0005106642222
89495,1825.0005106642222
89496,1825.0005106642222
89497,1825.0005106642222
89498,1825.0005106642222
89499,1825.0005106642222
89500,1825.0005106642222
89501,1825.0005106642222
89502,1825.0005106642222
89503,1825.0005106642222
89504,1825.0005106642222
89505,1825.0005106642222
89506,1825.0005106642222
89507,1825.0005106642222
89508,1825.0005106642222
89509,1825.0005106642222
89510,1825.0005106642222
89511,1825.0005106642222
89512,1825.0005106642222
89513,1825.0005106642222
89514,1825.0005106642222
89515,1825.0005106642222
89516,1825.0005106642222
89517,1825.0005106642222
89518,1825.0005106642222
89519,1825.0005106642222
89520,1825.0005106642222
89521,1825.0005106642222
89522,1825.0005106642222
89523,1825.0005106642222
89524,1825.0005106642222
89525,1825.0005106642222
89526,1825.0005106642222
89527,1825.0005106642222
89528,1825.0005106642222
89529,1825.0005106642222
89530,1825.0005106642222
89531,1825.0005106642222
89532,1825.0005106642222
89533,1825.0005106642222
89534,1825.0005106642222
89535,1825.0005106642222
89536,1825.0005106642222
89537,1825.0005106642222
89538,1825.0005106642222
89539,1825.0005106642222
89540,1825.0005106642222
89541,1825.0005106642222
89542,1825.0005106642222
89543,1825.0005106642222
89544,1825.0005106642222
89545,1825.0005106642222
89546,1825.0005106642222
89547,1825.0005106642222
89548,1825.0005106642222
89549,1825.0005106642222
89550,1825.0005106642222
89551,1825.0005106642222
89552,1825.0005106642222
89553,1825.0005106642222
89554,1825.0005106642222
89555,1825.0005106642222
89556,1825.0005106642222
89557,1825.0005106642222
89558,1825.0005106642222
89559,1825.0005106642222
89560,1825.0005106642222
89561,1825.0005106642222
89562,1825.0005106642222
89563,1825.0005106642222
89564,1825.0005106642222
89565,1825.0005106642222
89566,1825.0005106642222
89567,1825.0005106642222
89568,1825.0005106642222
89569,1825.0005106642222
89570,1825.0005106642222
89571,1825.0005106642222
89572,1825.0005106642222
89573,1825.0005106642222
89574,1825.0005106642222
89575,1825.0005106642222
89576,1825.0005106642222
89577,1825.0005106642222
89578,1825.0005106642222
89579,1825.0005106642222
89580,1825.0005106642222
89581,1825.0005106642222
89582,1825.0005106642222
89583,1825.0005106642222
89584,1825.0005106642222
89585,1825.0005106642222
89586,1825.0005106642222
89587,1825.0005106642222
89588,1825.0005106642222
89589,1825.0005106642222
89590,1825.0005106642222
89591,1825.0005106642222
89592,1825.0005106642222
89593,1825.0005106642222
89594,1825.0005106642222
89595,1825.0005106642222
89596,1825.0005106642222
89597,1825.0005106642222
89598,1825.0005106642222
89599,1825.0005106642222
89600,1825.0005106642222
89601,1825.0005106642222
89602,1825.0005106642222
89603,1825.0005106642222
89604,1825.0005106642222
89605,1825.0005106642222
89606,1825.0005106642222
89607,1825.0005106642222
89608,1825.0005106642222
89609,1825.0005106642222
89610,1825.0005106642222
89611,1825.0005106642222
89612,1825.0005106642222
89613,1825.0005106642222
89614,1825.0005106642222
89615,1825.0005106642222
89616,1825.0005106642222
89617,1825.0005106642222
89618,1825.0005106642222
89619,1825.0005106642222
89620,1825.0005106642222
89621,1825.0005106642222
89622,1825.0005106642222
89623,1825.0005106642222
89624,1825.0005106642222
89625,1825.0005106642222
89626,1825.0005106642222
89627,1825.0005106642222
89628,1825.0005106642222
89629,1825.0005106642222
89630,1825.0005106642222
89631,1825.0005106642222
89632,1825.0005106642222
89633,1825.0005106642222
89634,1825.0005106642222
89635,1825.0005106642222
89636,1825.0005106642222
89637,1825.0005106642222
89638,1825.0005106642222
89639,1825.0005106642222
89640,1825.0005106642222
89641,1825.0005106642222
89642,1825.0005106642222
89643,1825.0005106642222
89644,1825.0005106642222
89645,1825.0005106642222
89646,1825.0005106642222
89647,1825.0005106642222
89648,1825.0005106642222
89649,1825.0005106642222
89650,1825.0005106642222
89651,1825.0005106642222
89652,1825.0005106642222
89653,1825.0005106642222
89654,1825.0005106642222
89655,1825.0005106642222
89656,1825.0005106642222
89657,1825.0005106642222
89658,1825.0005106642222
89659,1825.0005106642222
89660,1825.0005106642222
89661,1825.0005106642222
89662,1825.0005106642222
89663,1825.0005106642222
89664,1825.0005106642222
89665,1825.0005106642222
89666,1825.0005106642222
89667,1825.0005106642222
89668,1825.0005106642222
89669,1825.0005106642222
89670,1825.0005106642222
89671,1825.0005106642222
89672,1825.0005106642222
89673,1825.0005106642222
89674,1825.0005106642222
89675,1825.0005106642222
89676,1825.0005106642222
89677,1825.0005106642222
89678,1825.0005106642222
89679,1825.0005106642222
89680,1825.0005106642222
89681,1825.0005106642222
89682,1825.0005106642222
89683,1825.0005106642222
89684,1825.0005106642222
89685,1825.0005106642222
89686,1825.0005106642222
89687,1825.0005106642222
89688,1825.0005106642222
89689,1825.0005106642222
89690,1825.0005106642222
89691,1825.0005106642222
89692,1825.0005106642222
89693,1825.0005106642222
89694,1825.0005106642222
89695,1825.0005106642222
89696,1825.0005106642222
89697,1825.0005106642222
89698,1825.0005106642222
89699,1825.0005106642222
89700,1825.0005106642222
89701,1825.0005106642222
89702,1825.0005106642222
89703,1825.0005106642222
89704,1825.0005106642222
89705,1825.0005106642222
89706,1825.0005106642222
89707,1825.0005106642222
89708,1825.0005106642222
89709,1825.0005106642222
89710,1825.0005106642222
89711,1825.0005106642222
89712,1825.0005106642222
89713,1825.0005106642222
89714,1825.0005106642222
89715,1825.0005106642222
89716,1825.0005106642222
89717,1825.0005106642222
89718,1825.0005106642222
89719,1825.0005106642222
89720,1825.0005106642222
89721,1825.0005106642222
89722,1825.0005106642222
89723,1825.0005106642222
89724,1825.0005106642222
89725,1825.0005106642222
89726,1825.0005106642222
89727,1825.0005106642222
89728,1825.0005106642222
89729,1825.0005106642222
89730,1825.0005106642222
89731,1825.0005106642222
89732,1825.0005106642222
89733,1825.0005106642222
89734,1825.0005106642222
89735,1825.0005106642222
89736,1825.0005106642222
89737,1825.0005106642222
89738,1825.0005106642222
89739,1825.0005106642222
89740,1825.0005106642222
89741,1825.0005106642222
89742,1825.0005106642222
89743,1825.0005106642222
89744,1825.0005106642222
89745,1825.0005106642222
89746,1825.0005106642222
89747,1825.0005106642222
89748,1825.0005106642222
89749,1825.0005106642222
89750,1825.0005106642222
89751,1825.0005106642222
89752,1825.0005106642222
89753,1825.0005106642222
89754,1825.0005106642222
89755,1825.0005106642222
89756,1825.0005106642222
89757,1825.0005106642222
89758,1825.0005106642222
89759,1825.0005106642222
89760,1825.0005106642222
89761,1825.0005106642222
89762,1825.0005106642222
89763,1825.0005106642222
89764,1825.0005106642222
89765,1825.0005106642222
89766,1825.0005106642222
89767,1825.0005106642222
89768,1825.0005106642222
89769,1825.0005106642222
89770,1825.0005106642222
89771,1825.0005106642222
89772,1825.0005106642222
89773,1825.0005106642222
89774,1825.0005106642222
89775,1825.0005106642222
89776,1825.0005106642222
89777,1825.0005106642222
89778,1825.0005106642222
89779,1825.0005106642222
89780,1825.0005106642222
89781,1825.0005106642222
89782,1825.0005106642222
89783,1825.0005106642222
89784,1825.0005106642222
89785,1825.0005106642222
89786,1825.0005106642222
89787,1825.0005106642222
89788,1825.0005106642222
89789,1825.0005106642222
89790,1825.0005106642222
89791,1825.0005106642222
89792,1825.0005106642222
89793,1825.0005106642222
89794,1825.0005106642222
89795,1825.0005106642222
89796,1825.0005106642222
89797,1825.0005106642222
89798,1825.0005106642222
89799,1825.0005106642222
89800,1825.0005106642222
89801,1825.0005106642222
89802,1825.0005106642222
89803,1825.0005106642222
89804,1825.0005106642222
89805,1825.0005106642222
89806,1825.0005106642222
89807,1825.0005106642222
89808,1825.0005106642222
89809,1825.0005106642222
89810,1825.0005106642222
89811,1825.0005106642222
89812,1825.0005106642222
89813,1825.0005106642222
89814,1825.0005106642222
89815,1825.0005106642222
89816,1825.0005106642222
89817,1825.0005106642222
89818,1825.0005106642222
89819,1825.0005106642222
89820,1825.0005106642222
89821,1825.0005106642222
89822,1825.0005106642222
89823,1825.0005106642222
89824,1825.0005106642222
89825,1825.0005106642222
89826,1825.0005106642222
89827,1825.0005106642222
89828,1825.0005106642222
89829,1825.0005106642222
89830,1825.0005106642222
89831,1825.0005106642222
89832,1825.0005106642222
89833,1825.0005106642222
89834,1825.0005106642222
89835,1825.0005106642222
89836,1825.0005106642222
89837,1825.0005106642222
89838,1825.0005106642222
89839,1825.0005106642222
89840,1825.0005106642222
89841,1825.0005106642222
89842,1825.0005106642222
89843,1825.0005106642222
89844,1825.0005106642222
89845,1825.0005106642222
89846,1825.0005106642222
89847,1825.0005106642222
89848,1825.0005106642222
89849,1825.0005106642222
89850,1825.0005106642222
89851,1825.0005106642222
89852,1825.0005106642222
89853,1825.0005106642222
89854,1825.0005106642222
89855,1825.0005106642222
89856,1825.0005106642222
89857,1825.0005106642222
89858,1825.0005106642222
89859,1825.0005106642222
89860,1825.0005106642222
89861,1825.0005106642222
89862,1825.0005106642222
89863,1825.0005106642222
89864,1825.0005106642222
89865,1825.0005106642222
89866,1825.0005106642222
89867,1825.0005106642222
89868,1825.0005106642222
89869,1825.0005106642222
89870,1825.0005106642222
89871,1825.0005106642222
89872,1825.0005106642222
89873,1825.0005106642222
89874,1825.0005106642222
89875,1825.0005106642222
89876,1825.0005106642222
89877,1825.0005106642222
89878,1825.0005106642222
89879,1825.0005106642222
89880,1825.0005106642222
89881,1825.0005106642222
89882,1825.0005106642222
89883,1825.0005106642222
89884,1825.0005106642222
89885,1825.0005106642222
89886,1825.0005106642222
89887,1825.0005106642222
89888,1825.0005106642222
89889,1825.0005106642222
89890,1825.0005106642222
89891,1825.0005106642222
89892,1825.0005106642222
89893,1825.0005106642222
89894,1825.0005106642222
89895,1825.0005106642222
89896,1825.0005106642222
89897,1825.0005106642222
89898,1825.0005106642222
89899,1825.0005106642222
89900,1825.0005106642222
89901,1825.0005106642222
89902,1825.0005106642222
89903,1825.0005106642222
89904,1825.0005106642222
89905,1825.0005106642222
89906,1825.0005106642222
89907,1825.0005106642222
89908,1825.0005106642222
89909,1825.0005106642222
89910,1825.0005106642222
89911,1825.0005106642222
89912,1825.0005106642222
89913,1825.0005106642222
89914,1825.0005106642222
89915,1825.0005106642222
89916,1825.0005106642222
89917,1825.0005106642222
89918,1825.0005106642222
89919,1825.0005106642222
89920,1825.0005106642222
89921,1825.0005106642222
89922,1825.0005106642222
89923,1825.0005106642222
89924,1825.0005106642222
89925,1825.0005106642222
89926,1825.0005106642222
89927,1825.0005106642222
89928,1825.0005106642222
89929,1825.0005106642222
89930,1825.0005106642222
89931,1825.0005106642222
89932,1825.0005106642222
89933,1825.0005106642222
89934,1825.0005106642222
89935,1825.0005106642222
89936,1825.0005106642222
89937,1825.0005106642222
89938,1825.0005106642222
89939,1825.0005106642222
89940,1825.0005106642222
89941,1825.0005106642222
89942,1825.0005106642222
89943,1825.0005106642222
89944,1825.0005106642222
89945,1825.0005106642222
89946,1825.0005106642222
89947,1825.0005106642222
89948,1825.0005106642222
89949,1825.0005106642222
89950,1825.0005106642222
89951,1825.0005106642222
89952,1825.0005106642222
89953,1825.0005106642222
89954,1825.0005106642222
89955,1825.0005106642222
89956,1825.0005106642222
89957,1825.0005106642222
89958,1825.0005106642222
89959,1825.0005106642222
89960,1825.0005106642222
89961,1825.0005106642222
89962,1825.0005106642222
89963,1825.0005106642222
89964,1825.0005106642222
89965,1825.0005106642222
89966,1825.0005106642222
89967,1825.0005106642222
89968,1825.0005106642222
89969,1825.0005106642222
89970,1825.0005106642222
89971,1825.0005106642222
89972,1825.0005106642222
89973,1825.0005106642222
89974,1825.0005106642222
89975,1825.0005106642222
89976,1825.0005106642222
89977,1825.0005106642222
89978,1825.0005106642222
89979,1825.0005106642222
89980,1825.0005106642222
89981,1825.0005106642222
89982,1825.0005106642222
89983,1825.0005106642222
89984,1825.0005106642222
89985,1825.0005106642222
89986,1825.0005106642222
89987,1825.0005106642222
89988,1825.0005106642222
89989,1825.0005106642222
89990,1825.0005106642222
89991,1825.0005106642222
89992,1825.0005106642222
89993,1825.0005106642222
89994,1825.0005106642222
89995,1825.0005106642222
89996,1825.0005106642222
89997,1825.0005106642222
89998,1825.0005106642222
89999,1825.0005106642222
90000,1825.0005106642222
90001,1825.0005106642222
90002,1825.0005106642222
90003,1825.0005106642222
90004,1825.0005106642222
90005,1825.0005106642222
90006,1825.0005106642222
90007,1825.0005106642222
90008,1825.0005106642222
90009,1825.0005106642222
90010,1825.0005106642222
90011,1825.0005106642222
90012,1825.0005106642222
90013,1825.0005106642222
90014,1825.0005106642222
90015,1825.0005106642222
90016,1825.0005106642222
90017,1825.0005106642222
90018,1825.0005106642222
90019,1825.0005106642222
90020,1825.0005106642222
90021,1825.0005106642222
90022,1825.0005106642222
90023,1825.0005106642222
90024,1825.0005106642222
90025,1825.0005106642222
90026,1825.0005106642222
90027,1825.0005106642222
90028,1825.0005106642222
90029,1825.0005106642222
90030,1825.0005106642222
90031,1825.0005106642222
90032,1825.0005106642222
90033,1825.0005106642222
90034,1825.0005106642222
90035,1825.0005106642222
90036,1825.0005106642222
90037,1825.0005106642222
90038,1825.0005106642222
90039,1825.0005106642222
90040,1825.0005106642222
90041,1825.0005106642222
90042,1825.0005106642222
90043,1825.0005106642222
90044,1825.0005106642222
90045,1825.0005106642222
90046,1825.0005106642222
90047,1825.0005106642222
90048,1825.0005106642222
90049,1825.0005106642222
90050,1825.0005106642222
90051,1825.0005106642222
90052,1825.0005106642222
90053,1825.0005106642222
90054,1825.0005106642222
90055,1825.0005106642222
90056,1825.0005106642222
90057,1825.0005106642222
90058,1825.0005106642222
90059,1825.0005106642222
90060,1825.0005106642222
90061,1825.0005106642222
90062,1825.0005106642222
90063,1825.0005106642222
90064,1825.0005106642222
90065,1825.0005106642222
90066,1825.0005106642222
90067,1825.0005106642222
90068,1825.0005106642222
90069,1825.0005106642222
90070,1825.0005106642222
90071,1825.0005106642222
90072,1825.0005106642222
90073,1825.0005106642222
90074,1825.0005106642222
90075,1825.0005106642222
90076,1825.0005106642222
90077,1825.0005106642222
90078,1825.0005106642222
90079,1825.0005106642222
90080,1825.0005106642222
90081,1825.0005106642222
90082,1825.0005106642222
90083,1825.0005106642222
90084,1825.0005106642222
90085,1825.0005106642222
90086,1825.0005106642222
90087,1825.0005106642222
90088,1825.0005106642222
90089,1825.0005106642222
90090,1825.0005106642222
90091,1825.0005106642222
90092,1825.0005106642222
90093,1825.0005106642222
90094,1825.0005106642222
90095,1825.0005106642222
90096,1825.0005106642222
90097,1825.0005106642222
90098,1825.0005106642222
90099,1825.0005106642222
90100,1825.0005106642222
90101,1825.0005106642222
90102,1825.0005106642222
90103,1825.0005106642222
90104,1825.0005106642222
90105,1825.0005106642222
90106,1825.0005106642222
90107,1825.0005106642222
90108,1825.0005106642222
90109,1825.0005106642222
90110,1825.0005106642222
90111,1825.0005106642222
90112,1825.0005106642222
90113,1825.0005106642222
90114,1825.0005106642222
90115,1825.0005106642222
90116,1825.0005106642222
90117,1825.0005106642222
90118,1825.0005106642222
90119,1825.0005106642222
90120,1825.0005106642222
90121,1825.0005106642222
90122,1825.0005106642222
90123,1825.0005106642222
90124,1825.0005106642222
90125,1825.0005106642222
90126,1825.0005106642222
90127,1825.0005106642222
90128,1825.0005106642222
90129,1825.0005106642222
90130,1825.0005106642222
90131,1825.0005106642222
90132,1825.0005106642222
90133,1825.0005106642222
90134,1825.0005106642222
90135,1825.0005106642222
90136,1825.0005106642222
90137,1825.0005106642222
90138,1825.0005106642222
90139,1825.0005106642222
90140,1825.0005106642222
90141,1825.0005106642222
90142,1825.0005106642222
90143,1825.0005106642222
90144,1825.0005106642222
90145,1825.0005106642222
90146,1825.0005106642222
90147,1825.0005106642222
90148,1825.0005106642222
90149,1825.0005106642222
90150,1825.0005106642222
90151,1825.0005106642222
90152,1825.0005106642222
90153,1825.0005106642222
90154,1825.0005106642222
90155,1825.0005106642222
90156,1825.0005106642222
90157,1825.0005106642222
90158,1825.0005106642222
90159,1825.0005106642222
90160,1825.0005106642222
90161,1825.0005106642222
90162,1825.0005106642222
90163,1825.0005106642222
90164,1825.0005106642222
90165,1825.0005106642222
90166,1825.0005106642222
90167,1825.0005106642222
90168,1825.0005106642222
90169,1825.0005106642222
90170,1825.0005106642222
90171,1825.0005106642222
90172,1825.0005106642222
90173,1825.0005106642222
90174,1825.0005106642222
90175,1825.0005106642222
90176,1825.0005106642222
90177,1825.0005106642222
90178,1825.0005106642222
90179,1825.0005106642222
90180,1825.0005106642222
90181,1825.0005106642222
90182,1825.0005106642222
90183,1825.0005106642222
90184,1825.0005106642222
90185,1825.0005106642222
90186,1825.0005106642222
90187,1825.0005106642222
90188,1825.0005106642222
90189,1825.0005106642222
90190,1825.0005106642222
90191,1825.0005106642222
90192,1825.0005106642222
90193,1825.0005106642222
90194,1825.0005106642222
90195,1825.0005106642222
90196,1825.0005106642222
90197,1825.0005106642222
90198,1825.0005106642222
90199,1825.0005106642222
90200,1825.0005106642222
90201,1825.0005106642222
90202,1825.0005106642222
90203,1825.0005106642222
90204,1825.0005106642222
90205,1825.0005106642222
90206,1825.0005106642222
90207,1825.0005106642222
90208,1825.0005106642222
90209,1825.0005106642222
90210,1825.0005106642222
90211,1825.0005106642222
90212,1825.0005106642222
90213,1825.0005106642222
90214,1825.0005106642222
90215,1825.0005106642222
90216,1825.0005106642222
90217,1825.0005106642222
90218,1825.0005106642222
90219,1825.0005106642222
90220,1825.0005106642222
90221,1825.0005106642222
90222,1825.0005106642222
90223,1825.0005106642222
90224,1825.0005106642222
90225,1825.0005106642222
90226,1825.0005106642222
90227,1825.0005106642222
90228,1825.0005106642222
90229,1825.0005106642222
90230,1825.0005106642222
90231,1825.0005106642222
90232,1825.0005106642222
90233,1825.0005106642222
90234,1825.0005106642222
90235,1825.0005106642222
90236,1825.0005106642222
90237,1825.0005106642222
90238,1825.0005106642222
90239,1825.0005106642222
90240,1825.0005106642222
90241,1825.0005106642222
90242,1825.0005106642222
90243,1825.0005106642222
90244,1825.0005106642222
90245,1825.0005106642222
90246,1825.0005106642222
90247,1825.0005106642222
90248,1825.0005106642222
90249,1825.0005106642222
90250,1825.0005106642222
90251,1825.0005106642222
90252,1825.0005106642222
90253,1825.0005106642222
90254,1825.0005106642222
90255,1825.0005106642222
90256,1825.0005106642222
90257,1825.0005106642222
90258,1825.0005106642222
90259,1825.0005106642222
90260,1825.0005106642222
90261,1825.0005106642222
90262,1825.0005106642222
90263,1825.0005106642222
90264,1825.0005106642222
90265,1825.0005106642222
90266,1825.0005106642222
90267,1825.0005106642222
90268,1825.0005106642222
90269,1825.0005106642222
90270,1825.0005106642222
90271,1825.0005106642222
90272,1825.0005106642222
90273,1825.0005106642222
90274,1825.0005106642222
90275,1825.0005106642222
90276,1825.0005106642222
90277,1825.0005106642222
90278,1825.0005106642222
90279,1825.0005106642222
90280,1825.0005106642222
90281,1825.0005106642222
90282,1825.0005106642222
90283,1825.0005106642222
90284,1825.0005106642222
90285,1825.0005106642222
90286,1825.0005106642222
90287,1825.0005106642222
90288,1825.0005106642222
90289,1825.0005106642222
90290,1825.0005106642222
90291,1825.0005106642222
90292,1825.0005106642222
90293,1825.0005106642222
90294,1825.0005106642222
90295,1825.0005106642222
90296,1825.0005106642222
90297,1825.0005106642222
90298,1825.0005106642222
90299,1825.0005106642222
90300,1825.0005106642222
90301,1825.0005106642222
90302,1825.0005106642222
90303,1825.0005106642222
90304,1825.0005106642222
90305,1825.0005106642222
90306,1825.0005106642222
90307,1825.0005106642222
90308,1825.0005106642222
90309,1825.0005106642222
90310,1825.0005106642222
90311,1825.0005106642222
90312,1825.0005106642222
90313,1825.0005106642222
90314,1825.0005106642222
90315,1825.0005106642222
90316,1825.0005106642222
90317,1825.0005106642222
90318,1825.0005106642222
90319,1825.0005106642222
90320,1825.0005106642222
90321,1825.0005106642222
90322,1825.0005106642222
90323,1825.0005106642222
90324,1825.0005106642222
90325,1825.0005106642222
90326,1825.0005106642222
90327,1825.0005106642222
90328,1825.0005106642222
90329,1825.0005106642222
90330,1825.0005106642222
90331,1825.0005106642222
90332,1825.0005106642222
90333,1825.0005106642222
90334,1825.0005106642222
90335,1825.0005106642222
90336,1825.0005106642222
90337,1825.0005106642222
90338,1825.0005106642222
90339,1825.0005106642222
90340,1825.0005106642222
90341,1825.0005106642222
90342,1825.0005106642222
90343,1825.0005106642222
90344,1825.0005106642222
90345,1825.0005106642222
90346,1825.0005106642222
90347,1825.0005106642222
90348,1825.0005106642222
90349,1825.0005106642222
90350,1825.0005106642222
90351,1825.0005106642222
90352,1825.0005106642222
90353,1825.0005106642222
90354,1825.0005106642222
90355,1825.0005106642222
90356,1825.0005106642222
90357,1825.0005106642222
90358,1825.0005106642222
90359,1825.0005106642222
90360,1825.0005106642222
90361,1825.0005106642222
90362,1825.0005106642222
90363,1825.0005106642222
90364,1825.0005106642222
90365,1825.0005106642222
90366,1825.0005106642222
90367,1825.0005106642222
90368,1825.0005106642222
90369,1825.0005106642222
90370,1825.0005106642222
90371,1825.0005106642222
90372,1825.0005106642222
90373,1825.0005106642222
90374,1825.0005106642222
90375,1825.0005106642222
90376,1825.0005106642222
90377,1825.0005106642222
90378,1825.0005106642222
90379,1825.0005106642222
90380,1825.0005106642222
90381,1825.0005106642222
90382,1825.0005106642222
90383,1825.0005106642222
90384,1825.0005106642222
90385,1825.0005106642222
90386,1825.0005106642222
90387,1825.0005106642222
90388,1825.0005106642222
90389,1825.0005106642222
90390,1825.0005106642222
90391,1825.0005106642222
90392,1825.0005106642222
90393,1825.0005106642222
90394,1825.0005106642222
90395,1825.0005106642222
90396,1825.0005106642222
90397,1825.0005106642222
90398,1825.0005106642222
90399,1825.0005106642222
90400,1825.0005106642222
90401,1825.0005106642222
90402,1825.0005106642222
90403,1825.0005106642222
90404,1825.0005106642222
90405,1825.0005106642222
90406,1825.0005106642222
90407,1825.0005106642222
90408,1825.0005106642222
90409,1825.0005106642222
90410,1825.0005106642222
90411,1825.0005106642222
90412,1825.0005106642222
90413,1825.0005106642222
90414,1825.0005106642222
90415,1825.0005106642222
90416,1825.0005106642222
90417,1825.0005106642222
90418,1825.0005106642222
90419,1825.0005106642222
90420,1825.0005106642222
90421,1825.0005106642222
90422,1825.0005106642222
90423,1825.0005106642222
90424,1825.0005106642222
90425,1825.0005106642222
90426,1825.0005106642222
90427,1825.0005106642222
90428,1825.0005106642222
90429,1825.0005106642222
90430,1825.0005106642222
90431,1825.0005106642222
90432,1825.0005106642222
90433,1825.0005106642222
90434,1825.0005106642222
90435,1825.0005106642222
90436,1825.0005106642222
90437,1825.0005106642222
90438,1825.0005106642222
90439,1825.0005106642222
90440,1825.0005106642222
90441,1825.0005106642222
90442,1825.0005106642222
90443,1825.0005106642222
90444,1825.0005106642222
90445,1825.0005106642222
90446,1825.0005106642222
90447,1825.0005106642222
90448,1825.0005106642222
90449,1825.0005106642222
90450,1825.0005106642222
90451,1825.0005106642222
90452,1825.0005106642222
90453,1825.0005106642222
90454,1825.0005106642222
90455,1825.0005106642222
90456,1825.0005106642222
90457,1825.0005106642222
90458,1825.0005106642222
90459,1825.0005106642222
90460,1825.0005106642222
90461,1825.0005106642222
90462,1825.0005106642222
90463,1825.0005106642222
90464,1825.0005106642222
90465,1825.0005106642222
90466,1825.0005106642222
90467,1825.0005106642222
90468,1825.0005106642222
90469,1825.0005106642222
90470,1825.0005106642222
90471,1825.0005106642222
90472,1825.0005106642222
90473,1825.0005106642222
90474,1825.0005106642222
90475,1825.0005106642222
90476,1825.0005106642222
90477,1825.0005106642222
90478,1825.0005106642222
90479,1825.0005106642222
90480,1825.0005106642222
90481,1825.0005106642222
90482,1825.0005106642222
90483,1825.0005106642222
90484,1825.0005106642222
90485,1825.0005106642222
90486,1825.0005106642222
90487,1825.0005106642222
90488,1825.0005106642222
90489,1825.0005106642222
90490,1825.0005106642222
90491,1825.0005106642222
90492,1825.0005106642222
90493,1825.0005106642222
90494,1825.0005106642222
90495,1825.0005106642222
90496,1825.0005106642222
90497,1825.0005106642222
90498,1825.0005106642222
90499,1825.0005106642222
90500,1825.0005106642222
90501,1825.0005106642222
90502,1825.0005106642222
90503,1825.0005106642222
90504,1825.0005106642222
90505,1825.0005106642222
90506,1825.0005106642222
90507,1825.0005106642222
90508,1825.0005106642222
90509,1825.0005106642222
90510,1825.0005106642222
90511,1825.0005106642222
90512,1825.0005106642222
90513,1825.0005106642222
90514,1825.0005106642222
90515,1825.0005106642222
90516,1825.0005106642222
90517,1825.0005106642222
90518,1825.0005106642222
90519,1825.0005106642222
90520,1825.0005106642222
90521,1825.0005106642222
90522,1825.0005106642222
90523,1825.0005106642222
90524,1825.0005106642222
90525,1825.0005106642222
90526,1825.0005106642222
90527,1825.0005106642222
90528,1825.0005106642222
90529,1825.0005106642222
90530,1825.0005106642222
90531,1825.0005106642222
90532,1825.0005106642222
90533,1825.0005106642222
90534,1825.0005106642222
90535,1825.0005106642222
90536,1825.0005106642222
90537,1825.0005106642222
90538,1825.0005106642222
90539,1825.0005106642222
90540,1825.0005106642222
90541,1825.0005106642222
90542,1825.0005106642222
90543,1825.0005106642222
90544,1825.0005106642222
90545,1825.0005106642222
90546,1825.0005106642222
90547,1825.0005106642222
90548,1825.0005106642222
90549,1825.0005106642222
90550,1825.0005106642222
90551,1825.0005106642222
90552,1825.0005106642222
90553,1825.0005106642222
90554,1825.0005106642222
90555,1825.0005106642222
90556,1825.0005106642222
90557,1825.0005106642222
90558,1825.0005106642222
90559,1825.0005106642222
90560,1825.0005106642222
90561,1825.0005106642222
90562,1825.0005106642222
90563,1825.0005106642222
90564,1825.0005106642222
90565,1825.0005106642222
90566,1825.0005106642222
90567,1825.0005106642222
90568,1825.0005106642222
90569,1825.0005106642222
90570,1825.0005106642222
90571,1825.0005106642222
90572,1825.0005106642222
90573,1825.0005106642222
90574,1825.0005106642222
90575,1825.0005106642222
90576,1825.0005106642222
90577,1825.0005106642222
90578,1825.0005106642222
90579,1825.0005106642222
90580,1825.0005106642222
90581,1825.0005106642222
90582,1825.0005106642222
90583,1825.0005106642222
90584,1825.0005106642222
90585,1825.0005106642222
90586,1825.0005106642222
90587,1825.0005106642222
90588,1825.0005106642222
90589,1825.0005106642222
90590,1825.0005106642222
90591,1825.0005106642222
90592,1825.0005106642222
90593,1825.0005106642222
90594,1825.0005106642222
90595,1825.0005106642222
90596,1825.0005106642222
90597,1825.0005106642222
90598,1825.0005106642222
90599,1825.0005106642222
90600,1825.0005106642222
90601,1825.0005106642222
90602,1825.0005106642222
90603,1825.0005106642222
90604,1825.0005106642222
90605,1825.0005106642222
90606,1825.0005106642222
90607,1825.0005106642222
90608,1825.0005106642222
90609,1825.0005106642222
90610,1825.0005106642222
90611,1825.0005106642222
90612,1825.0005106642222
90613,1825.0005106642222
90614,1825.0005106642222
90615,1825.0005106642222
90616,1825.0005106642222
90617,1825.0005106642222
90618,1825.0005106642222
90619,1825.0005106642222
90620,1825.0005106642222
90621,1825.0005106642222
90622,1825.0005106642222
90623,1825.0005106642222
90624,1825.0005106642222
90625,1825.0005106642222
90626,1825.0005106642222
90627,1825.0005106642222
90628,1825.0005106642222
90629,1825.0005106642222
90630,1825.0005106642222
90631,1825.0005106642222
90632,1825.0005106642222
90633,1825.0005106642222
90634,1825.0005106642222
90635,1825.0005106642222
90636,1825.0005106642222
90637,1825.0005106642222
90638,1825.0005106642222
90639,1825.0005106642222
90640,1825.0005106642222
90641,1825.0005106642222
90642,1825.0005106642222
90643,1825.0005106642222
90644,1825.0005106642222
90645,1825.0005106642222
90646,1825.0005106642222
90647,1825.0005106642222
90648,1825.0005106642222
90649,1825.0005106642222
90650,1825.0005106642222
90651,1825.0005106642222
90652,1825.0005106642222
90653,1825.0005106642222
90654,1825.0005106642222
90655,1825.0005106642222
90656,1825.0005106642222
90657,1825.0005106642222
90658,1825.0005106642222
90659,1825.0005106642222
90660,1825.0005106642222
90661,1825.0005106642222
90662,1825.0005106642222
90663,1825.0005106642222
90664,1825.0005106642222
90665,1825.0005106642222
90666,1825.0005106642222
90667,1825.0005106642222
90668,1825.0005106642222
90669,1825.0005106642222
90670,1825.0005106642222
90671,1825.0005106642222
90672,1825.0005106642222
90673,1825.0005106642222
90674,1825.0005106642222
90675,1825.0005106642222
90676,1825.0005106642222
90677,1825.0005106642222
90678,1825.0005106642222
90679,1825.0005106642222
90680,1825.0005106642222
90681,1825.0005106642222
90682,1825.0005106642222
90683,1825.0005106642222
90684,1825.0005106642222
90685,1825.0005106642222
90686,1825.0005106642222
90687,1825.0005106642222
90688,1825.0005106642222
90689,1825.0005106642222
90690,1825.0005106642222
90691,1825.0005106642222
90692,1825.0005106642222
90693,1825.0005106642222
90694,1825.0005106642222
90695,1825.0005106642222
90696,1825.0005106642222
90697,1825.0005106642222
90698,1825.0005106642222
90699,1825.0005106642222
90700,1825.0005106642222
90701,1825.0005106642222
90702,1825.0005106642222
90703,1825.0005106642222
90704,1825.0005106642222
90705,1825.0005106642222
90706,1825.0005106642222
90707,1825.0005106642222
90708,1825.0005106642222
90709,1825.0005106642222
90710,1825.0005106642222
90711,1825.0005106642222
90712,1825.0005106642222
90713,1825.0005106642222
90714,1825.0005106642222
90715,1825.0005106642222
90716,1825.0005106642222
90717,1825.0005106642222
90718,1825.0005106642222
90719,1825.0005106642222
90720,1825.0005106642222
90721,1825.0005106642222
90722,1825.0005106642222
90723,1825.0005106642222
90724,1825.0005106642222
90725,1825.0005106642222
90726,1825.0005106642222
90727,1825.0005106642222
90728,1825.0005106642222
90729,1825.0005106642222
90730,1825.0005106642222
90731,1825.0005106642222
90732,1825.0005106642222
90733,1825.0005106642222
90734,1825.0005106642222
90735,1825.0005106642222
90736,1825.0005106642222
90737,1825.0005106642222
90738,1825.0005106642222
90739,1825.0005106642222
90740,1825.0005106642222
90741,1825.0005106642222
90742,1825.0005106642222
90743,1825.0005106642222
90744,1825.0005106642222
90745,1825.0005106642222
90746,1825.0005106642222
90747,1825.0005106642222
90748,1825.0005106642222
90749,1825.0005106642222
90750,1825.0005106642222
90751,1825.0005106642222
90752,1825.0005106642222
90753,1825.0005106642222
90754,1825.0005106642222
90755,1825.0005106642222
90756,1825.0005106642222
90757,1825.0005106642222
90758,1825.0005106642222
90759,1825.0005106642222
90760,1825.0005106642222
90761,1825.0005106642222
90762,1825.0005106642222
90763,1825.0005106642222
90764,1825.0005106642222
90765,1825.0005106642222
90766,1825.0005106642222
90767,1825.0005106642222
90768,1825.0005106642222
90769,1825.0005106642222
90770,1825.0005106642222
90771,1825.0005106642222
90772,1825.0005106642222
90773,1825.0005106642222
90774,1825.0005106642222
90775,1825.0005106642222
90776,1825.0005106642222
90777,1825.0005106642222
90778,1825.0005106642222
90779,1825.0005106642222
90780,1825.0005106642222
90781,1825.0005106642222
90782,1825.0005106642222
90783,1825.0005106642222
90784,1825.0005106642222
90785,1825.0005106642222
90786,1825.0005106642222
90787,1825.0005106642222
90788,1825.0005106642222
90789,1825.0005106642222
90790,1825.0005106642222
90791,1825.0005106642222
90792,1825.0005106642222
90793,1825.0005106642222
90794,1825.0005106642222
90795,1825.0005106642222
90796,1825.0005106642222
90797,1825.0005106642222
90798,1825.0005106642222
90799,1825.0005106642222
90800,1825.0005106642222
90801,1825.0005106642222
90802,1825.0005106642222
90803,1825.0005106642222
90804,1825.0005106642222
90805,1825.0005106642222
90806,1825.0005106642222
90807,1825.0005106642222
90808,1825.0005106642222
90809,1825.0005106642222
90810,1825.0005106642222
90811,1825.0005106642222
90812,1825.0005106642222
90813,1825.0005106642222
90814,1825.0005106642222
90815,1825.0005106642222
90816,1825.0005106642222
90817,1825.0005106642222
90818,1825.0005106642222
90819,1825.0005106642222
90820,1825.0005106642222
90821,1825.0005106642222
90822,1825.0005106642222
90823,1825.0005106642222
90824,1825.0005106642222
90825,1825.0005106642222
90826,1825.0005106642222
90827,1825.0005106642222
90828,1825.0005106642222
90829,1825.0005106642222
90830,1825.0005106642222
90831,1825.0005106642222
90832,1825.0005106642222
90833,1825.0005106642222
90834,1825.0005106642222
90835,1825.0005106642222
90836,1825.0005106642222
90837,1825.0005106642222
90838,1825.0005106642222
90839,1825.0005106642222
90840,1825.0005106642222
90841,1825.0005106642222
90842,1825.0005106642222
90843,1825.0005106642222
90844,1825.0005106642222
90845,1825.0005106642222
90846,1825.0005106642222
90847,1825.0005106642222
90848,1825.0005106642222
90849,1825.0005106642222
90850,1825.0005106642222
90851,1825.0005106642222
90852,1825.0005106642222
90853,1825.0005106642222
90854,1825.0005106642222
90855,1825.0005106642222
90856,1825.0005106642222
90857,1825.0005106642222
90858,1825.0005106642222
90859,1825.0005106642222
90860,1825.0005106642222
90861,1825.0005106642222
90862,1825.0005106642222
90863,1825.0005106642222
90864,1825.0005106642222
90865,1825.0005106642222
90866,1825.0005106642222
90867,1825.0005106642222
90868,1825.0005106642222
90869,1825.0005106642222
90870,1825.0005106642222
90871,1825.0005106642222
90872,1825.0005106642222
90873,1825.0005106642222
90874,1825.0005106642222
90875,1825.0005106642222
90876,1825.0005106642222
90877,1825.0005106642222
90878,1825.0005106642222
90879,1825.0005106642222
90880,1825.0005106642222
90881,1825.0005106642222
90882,1825.0005106642222
90883,1825.0005106642222
90884,1825.0005106642222
90885,1825.0005106642222
90886,1825.0005106642222
90887,1825.0005106642222
90888,1825.0005106642222
90889,1825.0005106642222
90890,1825.0005106642222
90891,1825.0005106642222
90892,1825.0005106642222
90893,1825.0005106642222
90894,1825.0005106642222
90895,1825.0005106642222
90896,1825.0005106642222
90897,1825.0005106642222
90898,1825.0005106642222
90899,1825.0005106642222
90900,1825.0005106642222
90901,1825.0005106642222
90902,1825.0005106642222
90903,1825.0005106642222
90904,1825.0005106642222
90905,1825.0005106642222
90906,1825.0005106642222
90907,1825.0005106642222
90908,1825.0005106642222
90909,1825.0005106642222
90910,1825.0005106642222
90911,1825.0005106642222
90912,1825.0005106642222
90913,1825.0005106642222
90914,1825.0005106642222
90915,1825.0005106642222
90916,1825.0005106642222
90917,1825.0005106642222
90918,1825.0005106642222
90919,1825.0005106642222
90920,1825.0005106642222
90921,1825.0005106642222
90922,1825.0005106642222
90923,1825.0005106642222
90924,1825.0005106642222
90925,1825.0005106642222
90926,1825.0005106642222
90927,1825.0005106642222
90928,1825.0005106642222
90929,1825.0005106642222
90930,1825.0005106642222
90931,1825.0005106642222
90932,1825.0005106642222
90933,1825.0005106642222
90934,1825.0005106642222
90935,1825.0005106642222
90936,1825.0005106642222
90937,1825.0005106642222
90938,1825.0005106642222
90939,1825.0005106642222
90940,1825.0005106642222
90941,1825.0005106642222
90942,1825.0005106642222
90943,1825.0005106642222
90944,1825.0005106642222
90945,1825.0005106642222
90946,1825.0005106642222
90947,1825.0005106642222
90948,1825.0005106642222
90949,1825.0005106642222
90950,1825.0005106642222
90951,1825.0005106642222
90952,1825.0005106642222
90953,1825.0005106642222
90954,1825.0005106642222
90955,1825.0005106642222
90956,1825.0005106642222
90957,1825.0005106642222
90958,1825.0005106642222
90959,1825.0005106642222
90960,1825.0005106642222
90961,1825.0005106642222
90962,1825.0005106642222
90963,1825.0005106642222
90964,1825.0005106642222
90965,1825.0005106642222
90966,1825.0005106642222
90967,1825.0005106642222
90968,1825.0005106642222
90969,1825.0005106642222
90970,1825.0005106642222
90971,1825.0005106642222
90972,1825.0005106642222
90973,1825.0005106642222
90974,1825.0005106642222
90975,1825.0005106642222
90976,1825.0005106642222
90977,1825.0005106642222
90978,1825.0005106642222
90979,1825.0005106642222
90980,1825.0005106642222
90981,1825.0005106642222
90982,1825.0005106642222
90983,1825.0005106642222
90984,1825.0005106642222
90985,1825.0005106642222
90986,1825.0005106642222
90987,1825.0005106642222
90988,1825.0005106642222
90989,1825.0005106642222
90990,1825.0005106642222
90991,1825.0005106642222
90992,1825.0005106642222
90993,1825.0005106642222
90994,1825.0005106642222
90995,1825.0005106642222
90996,1825.0005106642222
90997,1825.0005106642222
90998,1825.0005106642222
90999,1825.0005106642222
91000,1825.0005106642222
91001,1825.0005106642222
91002,1825.0005106642222
91003,1825.0005106642222
91004,1825.0005106642222
91005,1825.0005106642222
91006,1825.0005106642222
91007,1825.0005106642222
91008,1825.0005106642222
91009,1825.0005106642222
91010,1825.0005106642222
91011,1825.0005106642222
91012,1825.0005106642222
91013,1825.0005106642222
91014,1825.0005106642222
91015,1825.0005106642222
91016,1825.0005106642222
91017,1825.0005106642222
91018,1825.0005106642222
91019,1825.0005106642222
91020,1825.0005106642222
91021,1825.0005106642222
91022,1825.0005106642222
91023,1825.0005106642222
91024,1825.0005106642222
91025,1825.0005106642222
91026,1825.0005106642222
91027,1825.0005106642222
91028,1825.0005106642222
91029,1825.0005106642222
91030,1825.0005106642222
91031,1825.0005106642222
91032,1825.0005106642222
91033,1825.0005106642222
91034,1825.0005106642222
91035,1825.0005106642222
91036,1825.0005106642222
91037,1825.0005106642222
91038,1825.0005106642222
91039,1825.0005106642222
91040,1825.0005106642222
91041,1825.0005106642222
91042,1825.0005106642222
91043,1825.0005106642222
91044,1825.0005106642222
91045,1825.0005106642222
91046,1825.0005106642222
91047,1825.0005106642222
91048,1825.0005106642222
91049,1825.0005106642222
91050,1825.0005106642222
91051,1825.0005106642222
91052,1825.0005106642222
91053,1825.0005106642222
91054,1825.0005106642222
91055,1825.0005106642222
91056,1825.0005106642222
91057,1825.0005106642222
91058,1825.0005106642222
91059,1825.0005106642222
91060,1825.0005106642222
91061,1825.0005106642222
91062,1825.0005106642222
91063,1825.0005106642222
91064,1825.0005106642222
91065,1825.0005106642222
91066,1825.0005106642222
91067,1825.0005106642222
91068,1825.0005106642222
91069,1825.0005106642222
91070,1825.0005106642222
91071,1825.0005106642222
91072,1825.0005106642222
91073,1825.0005106642222
91074,1825.0005106642222
91075,1825.0005106642222
91076,1825.0005106642222
91077,1825.0005106642222
91078,1825.0005106642222
91079,1825.0005106642222
91080,1825.0005106642222
91081,1825.0005106642222
91082,1825.0005106642222
91083,1825.0005106642222
91084,1825.0005106642222
91085,1825.0005106642222
91086,1825.0005106642222
91087,1825.0005106642222
91088,1825.0005106642222
91089,1825.0005106642222
91090,1825.0005106642222
91091,1825.0005106642222
91092,1825.0005106642222
91093,1825.0005106642222
91094,1825.0005106642222
91095,1825.0005106642222
91096,1825.0005106642222
91097,1825.0005106642222
91098,1825.0005106642222
91099,1825.0005106642222
91100,1825.0005106642222
91101,1825.0005106642222
91102,1825.0005106642222
91103,1825.0005106642222
91104,1825.0005106642222
91105,1825.0005106642222
91106,1825.0005106642222
91107,1825.0005106642222
91108,1825.0005106642222
91109,1825.0005106642222
91110,1825.0005106642222
91111,1825.0005106642222
91112,1825.0005106642222
91113,1825.0005106642222
91114,1825.0005106642222
91115,1825.0005106642222
91116,1825.0005106642222
91117,1825.0005106642222
91118,1825.0005106642222
91119,1825.0005106642222
91120,1825.0005106642222
91121,1825.0005106642222
91122,1825.0005106642222
91123,1825.0005106642222
91124,1825.0005106642222
91125,1825.0005106642222
91126,1825.0005106642222
91127,1825.0005106642222
91128,1825.0005106642222
91129,1825.0005106642222
91130,1825.0005106642222
91131,1825.0005106642222
91132,1825.0005106642222
91133,1825.0005106642222
91134,1825.0005106642222
91135,1825.0005106642222
91136,1825.0005106642222
91137,1825.0005106642222
91138,1825.0005106642222
91139,1825.0005106642222
91140,1825.0005106642222
91141,1825.0005106642222
91142,1825.0005106642222
91143,1825.0005106642222
91144,1825.0005106642222
91145,1825.0005106642222
91146,1825.0005106642222
91147,1825.0005106642222
91148,1825.0005106642222
91149,1825.0005106642222
91150,1825.0005106642222
91151,1825.0005106642222
91152,1825.0005106642222
91153,1825.0005106642222
91154,1825.0005106642222
91155,1825.0005106642222
91156,1825.0005106642222
91157,1825.0005106642222
91158,1825.0005106642222
91159,1825.0005106642222
91160,1825.0005106642222
91161,1825.0005106642222
91162,1825.0005106642222
91163,1825.0005106642222
91164,1825.0005106642222
91165,1825.0005106642222
91166,1825.0005106642222
91167,1825.0005106642222
91168,1825.0005106642222
91169,1825.0005106642222
91170,1825.0005106642222
91171,1825.0005106642222
91172,1825.0005106642222
91173,1825.0005106642222
91174,1825.0005106642222
91175,1825.0005106642222
91176,1825.0005106642222
91177,1825.0005106642222
91178,1825.0005106642222
91179,1825.0005106642222
91180,1825.0005106642222
91181,1825.0005106642222
91182,1825.0005106642222
91183,1825.0005106642222
91184,1825.0005106642222
91185,1825.0005106642222
91186,1825.0005106642222
91187,1825.0005106642222
91188,1825.0005106642222
91189,1825.0005106642222
91190,1825.0005106642222
91191,1825.0005106642222
91192,1825.0005106642222
91193,1825.0005106642222
91194,1825.0005106642222
91195,1825.0005106642222
91196,1825.0005106642222
91197,1825.0005106642222
91198,1825.0005106642222
91199,1825.0005106642222
91200,1825.0005106642222
91201,1825.0005106642222
91202,1825.0005106642222
91203,1825.0005106642222
91204,1825.0005106642222
91205,1825.0005106642222
91206,1825.0005106642222
91207,1825.0005106642222
91208,1825.0005106642222
91209,1825.0005106642222
91210,1825.0005106642222
91211,1825.0005106642222
91212,1825.0005106642222
91213,1825.0005106642222
91214,1825.0005106642222
91215,1825.0005106642222
91216,1825.0005106642222
91217,1825.0005106642222
91218,1825.0005106642222
91219,1825.0005106642222
91220,1825.0005106642222
91221,1825.0005106642222
91222,1825.0005106642222
91223,1825.0005106642222
91224,1825.0005106642222
91225,1825.0005106642222
91226,1825.0005106642222
91227,1825.0005106642222
91228,1825.0005106642222
91229,1825.0005106642222
91230,1825.0005106642222
91231,1825.0005106642222
91232,1825.0005106642222
91233,1825.0005106642222
91234,1825.0005106642222
91235,1825.0005106642222
91236,1825.0005106642222
91237,1825.0005106642222
91238,1825.0005106642222
91239,1825.0005106642222
91240,1825.0005106642222
91241,1825.0005106642222
91242,1825.0005106642222
91243,1825.0005106642222
91244,1825.0005106642222
91245,1825.0005106642222
91246,1825.0005106642222
91247,1825.0005106642222
91248,1825.0005106642222
91249,1825.0005106642222
91250,1825.0005106642222
91251,1825.0005106642222
91252,1825.0005106642222
91253,1825.0005106642222
91254,1825.0005106642222
91255,1825.0005106642222
91256,1825.0005106642222
91257,1825.0005106642222
91258,1825.0005106642222
91259,1825.0005106642222
91260,1825.0005106642222
91261,1825.0005106642222
91262,1825.0005106642222
91263,1825.0005106642222
91264,1825.0005106642222
91265,1825.0005106642222
91266,1825.0005106642222
91267,1825.0005106642222
91268,1825.0005106642222
91269,1825.0005106642222
91270,1825.0005106642222
91271,1825.0005106642222
91272,1825.0005106642222
91273,1825.0005106642222
91274,1825.0005106642222
91275,1825.0005106642222
91276,1825.0005106642222
91277,1825.0005106642222
91278,1825.0005106642222
91279,1825.0005106642222
91280,1825.0005106642222
91281,1825.0005106642222
91282,1825.0005106642222
91283,1825.0005106642222
91284,1825.0005106642222
91285,1825.0005106642222
91286,1825.0005106642222
91287,1825.0005106642222
91288,1825.0005106642222
91289,1825.0005106642222
91290,1825.0005106642222
91291,1825.0005106642222
91292,1825.0005106642222
91293,1825.0005106642222
91294,1825.0005106642222
91295,1825.0005106642222
91296,1825.0005106642222
91297,1825.0005106642222
91298,1825.0005106642222
91299,1825.0005106642222
91300,1825.0005106642222
91301,1825.0005106642222
91302,1825.0005106642222
91303,1825.0005106642222
91304,1825.0005106642222
91305,1825.0005106642222
91306,1825.0005106642222
91307,1825.0005106642222
91308,1825.0005106642222
91309,1825.0005106642222
91310,1825.0005106642222
91311,1825.0005106642222
91312,1825.0005106642222
91313,1825.0005106642222
91314,1825.0005106642222
91315,1825.0005106642222
91316,1825.0005106642222
91317,1825.0005106642222
91318,1825.0005106642222
91319,1825.0005106642222
91320,1825.0005106642222
91321,1825.0005106642222
91322,1825.0005106642222
91323,1825.0005106642222
91324,1825.0005106642222
91325,1825.0005106642222
91326,1825.0005106642222
91327,1825.0005106642222
91328,1825.0005106642222
91329,1825.0005106642222
91330,1825.0005106642222
91331,1825.0005106642222
91332,1825.0005106642222
91333,1825.0005106642222
91334,1825.0005106642222
91335,1825.0005106642222
91336,1825.0005106642222
91337,1825.0005106642222
91338,1825.0005106642222
91339,1825.0005106642222
91340,1825.0005106642222
91341,1825.0005106642222
91342,1825.0005106642222
91343,1825.0005106642222
91344,1825.0005106642222
91345,1825.0005106642222
91346,1825.0005106642222
91347,1825.0005106642222
91348,1825.0005106642222
91349,1825.0005106642222
91350,1825.0005106642222
91351,1825.0005106642222
91352,1825.0005106642222
91353,1825.0005106642222
91354,1825.0005106642222
91355,1825.0005106642222
91356,1825.0005106642222
91357,1825.0005106642222
91358,1825.0005106642222
91359,1825.0005106642222
91360,1825.0005106642222
91361,1825.0005106642222
91362,1825.0005106642222
91363,1825.0005106642222
91364,1825.0005106642222
91365,1825.0005106642222
91366,1825.0005106642222
91367,1825.0005106642222
91368,1825.0005106642222
91369,1825.0005106642222
91370,1825.0005106642222
91371,1825.0005106642222
91372,1825.0005106642222
91373,1825.0005106642222
91374,1825.0005106642222
91375,1825.0005106642222
91376,1825.0005106642222
91377,1825.0005106642222
91378,1825.0005106642222
91379,1825.0005106642222
91380,1825.0005106642222
91381,1825.0005106642222
91382,1825.0005106642222
91383,1825.0005106642222
91384,1825.0005106642222
91385,1825.0005106642222
91386,1825.0005106642222
91387,1825.0005106642222
91388,1825.0005106642222
91389,1825.0005106642222
91390,1825.0005106642222
91391,1825.0005106642222
91392,1825.0005106642222
91393,1825.0005106642222
91394,1825.0005106642222
91395,1825.0005106642222
91396,1825.0005106642222
91397,1825.0005106642222
91398,1825.0005106642222
91399,1825.0005106642222
91400,1825.0005106642222
91401,1825.0005106642222
91402,1825.0005106642222
91403,1825.0005106642222
91404,1825.0005106642222
91405,1825.0005106642222
91406,1825.0005106642222
91407,1825.0005106642222
91408,1825.0005106642222
91409,1825.0005106642222
91410,1825.0005106642222
91411,1825.0005106642222
91412,1825.0005106642222
91413,1825.0005106642222
91414,1825.0005106642222
91415,1825.0005106642222
91416,1825.0005106642222
91417,1825.0005106642222
91418,1825.0005106642222
91419,1825.0005106642222
91420,1825.0005106642222
91421,1825.0005106642222
91422,1825.0005106642222
91423,1825.0005106642222
91424,1825.0005106642222
91425,1825.0005106642222
91426,1825.0005106642222
91427,1825.0005106642222
91428,1825.0005106642222
91429,1825.0005106642222
91430,1825.0005106642222
91431,1825.0005106642222
91432,1825.0005106642222
91433,1825.0005106642222
91434,1825.0005106642222
91435,1825.0005106642222
91436,1825.0005106642222
91437,1825.0005106642222
91438,1825.0005106642222
91439,1825.0005106642222
91440,1825.0005106642222
91441,1825.0005106642222
91442,1825.0005106642222
91443,1825.0005106642222
91444,1825.0005106642222
91445,1825.0005106642222
91446,1825.0005106642222
91447,1825.0005106642222
91448,1825.0005106642222
91449,1825.0005106642222
91450,1825.0005106642222
91451,1825.0005106642222
91452,1825.0005106642222
91453,1825.0005106642222
91454,1825.0005106642222
91455,1825.0005106642222
91456,1825.0005106642222
91457,1825.0005106642222
91458,1825.0005106642222
91459,1825.0005106642222
91460,1825.0005106642222
91461,1825.0005106642222
91462,1825.0005106642222
91463,1825.0005106642222
91464,1825.0005106642222
91465,1825.0005106642222
91466,1825.0005106642222
91467,1825.0005106642222
91468,1825.0005106642222
91469,1825.0005106642222
91470,1825.0005106642222
91471,1825.0005106642222
91472,1825.0005106642222
91473,1825.0005106642222
91474,1825.0005106642222
91475,1825.0005106642222
91476,1825.0005106642222
91477,1825.0005106642222
91478,1825.0005106642222
91479,1825.0005106642222
91480,1825.0005106642222
91481,1825.0005106642222
91482,1825.0005106642222
91483,1825.0005106642222
91484,1825.0005106642222
91485,1825.0005106642222
91486,1825.0005106642222
91487,1825.0005106642222
91488,1825.0005106642222
91489,1825.0005106642222
91490,1825.0005106642222
91491,1825.0005106642222
91492,1825.0005106642222
91493,1825.0005106642222
91494,1825.0005106642222
91495,1825.0005106642222
91496,1825.0005106642222
91497,1825.0005106642222
91498,1825.0005106642222
91499,1825.0005106642222
91500,1825.0005106642222
91501,1825.0005106642222
91502,1825.0005106642222
91503,1825.0005106642222
91504,1825.0005106642222
91505,1825.0005106642222
91506,1825.0005106642222
91507,1825.0005106642222
91508,1825.0005106642222
91509,1825.0005106642222
91510,1825.0005106642222
91511,1825.0005106642222
91512,1825.0005106642222
91513,1825.0005106642222
91514,1825.0005106642222
91515,1825.0005106642222
91516,1825.0005106642222
91517,1825.0005106642222
91518,1825.0005106642222
91519,1825.0005106642222
91520,1825.0005106642222
91521,1825.0005106642222
91522,1825.0005106642222
91523,1825.0005106642222
91524,1825.0005106642222
91525,1825.0005106642222
91526,1825.0005106642222
91527,1825.0005106642222
91528,1825.0005106642222
91529,1825.0005106642222
91530,1825.0005106642222
91531,1825.0005106642222
91532,1825.0005106642222
91533,1825.0005106642222
91534,1825.0005106642222
91535,1825.0005106642222
91536,1825.0005106642222
91537,1825.0005106642222
91538,1825.0005106642222
91539,1825.0005106642222
91540,1825.0005106642222
91541,1825.0005106642222
91542,1825.0005106642222
91543,1825.0005106642222
91544,1825.0005106642222
91545,1825.0005106642222
91546,1825.0005106642222
91547,1825.0005106642222
91548,1825.0005106642222
91549,1825.0005106642222
91550,1825.0005106642222
91551,1825.0005106642222
91552,1825.0005106642222
91553,1825.0005106642222
91554,1825.0005106642222
91555,1825.0005106642222
91556,1825.0005106642222
91557,1825.0005106642222
91558,1825.0005106642222
91559,1825.0005106642222
91560,1825.0005106642222
91561,1825.0005106642222
91562,1825.0005106642222
91563,1825.0005106642222
91564,1825.0005106642222
91565,1825.0005106642222
91566,1825.0005106642222
91567,1825.0005106642222
91568,1825.0005106642222
91569,1825.0005106642222
91570,1825.0005106642222
91571,1825.0005106642222
91572,1825.0005106642222
91573,1825.0005106642222
91574,1825.0005106642222
91575,1825.0005106642222
91576,1825.0005106642222
91577,1825.0005106642222
91578,1825.0005106642222
91579,1825.0005106642222
91580,1825.0005106642222
91581,1825.0005106642222
91582,1825.0005106642222
91583,1825.0005106642222
91584,1825.0005106642222
91585,1825.0005106642222
91586,1825.0005106642222
91587,1825.0005106642222
91588,1825.0005106642222
91589,1825.0005106642222
91590,1825.0005106642222
91591,1825.0005106642222
91592,1825.0005106642222
91593,1825.0005106642222
91594,1825.0005106642222
91595,1825.0005106642222
91596,1825.0005106642222
91597,1825.0005106642222
91598,1825.0005106642222
91599,1825.0005106642222
91600,1825.0005106642222
91601,1825.0005106642222
91602,1825.0005106642222
91603,1825.0005106642222
91604,1825.0005106642222
91605,1825.0005106642222
91606,1825.0005106642222
91607,1825.0005106642222
91608,1825.0005106642222
91609,1825.0005106642222
91610,1825.0005106642222
91611,1825.0005106642222
91612,1825.0005106642222
91613,1825.0005106642222
91614,1825.0005106642222
91615,1825.0005106642222
91616,1825.0005106642222
91617,1825.0005106642222
91618,1825.0005106642222
91619,1825.0005106642222
91620,1825.0005106642222
91621,1825.0005106642222
91622,1825.0005106642222
91623,1825.0005106642222
91624,1825.0005106642222
91625,1825.0005106642222
91626,1825.0005106642222
91627,1825.0005106642222
91628,1825.0005106642222
91629,1825.0005106642222
91630,1825.0005106642222
91631,1825.0005106642222
91632,1825.0005106642222
91633,1825.0005106642222
91634,1825.0005106642222
91635,1825.0005106642222
91636,1825.0005106642222
91637,1825.0005106642222
91638,1825.0005106642222
91639,1825.0005106642222
91640,1825.0005106642222
91641,1825.0005106642222
91642,1825.0005106642222
91643,1825.0005106642222
91644,1825.0005106642222
91645,1825.0005106642222
91646,1825.0005106642222
91647,1825.0005106642222
91648,1825.0005106642222
91649,1825.0005106642222
91650,1825.0005106642222
91651,1825.0005106642222
91652,1825.0005106642222
91653,1825.0005106642222
91654,1825.0005106642222
91655,1825.0005106642222
91656,1825.0005106642222
91657,1825.0005106642222
91658,1825.0005106642222
91659,1825.0005106642222
91660,1825.0005106642222
91661,1825.0005106642222
91662,1825.0005106642222
91663,1825.0005106642222
91664,1825.0005106642222
91665,1825.0005106642222
91666,1825.0005106642222
91667,1825.0005106642222
91668,1825.0005106642222
91669,1825.0005106642222
91670,1825.0005106642222
91671,1825.0005106642222
91672,1825.0005106642222
91673,1825.0005106642222
91674,1825.0005106642222
91675,1825.0005106642222
91676,1825.0005106642222
91677,1825.0005106642222
91678,1825.0005106642222
91679,1825.0005106642222
91680,1825.0005106642222
91681,1825.0005106642222
91682,1825.0005106642222
91683,1825.0005106642222
91684,1825.0005106642222
91685,1825.0005106642222
91686,1825.0005106642222
91687,1825.0005106642222
91688,1825.0005106642222
91689,1825.0005106642222
91690,1825.0005106642222
91691,1825.0005106642222
91692,1825.0005106642222
91693,1825.0005106642222
91694,1825.0005106642222
91695,1825.0005106642222
91696,1825.0005106642222
91697,1825.0005106642222
91698,1825.0005106642222
91699,1825.0005106642222
91700,1825.0005106642222
91701,1825.0005106642222
91702,1825.0005106642222
91703,1825.0005106642222
91704,1825.0005106642222
91705,1825.0005106642222
91706,1825.0005106642222
91707,1825.0005106642222
91708,1825.0005106642222
91709,1825.0005106642222
91710,1825.0005106642222
91711,1825.0005106642222
91712,1825.0005106642222
91713,1825.0005106642222
91714,1825.0005106642222
91715,1825.0005106642222
91716,1825.0005106642222
91717,1825.0005106642222
91718,1825.0005106642222
91719,1825.0005106642222
91720,1825.0005106642222
91721,1825.0005106642222
91722,1825.0005106642222
91723,1825.0005106642222
91724,1825.0005106642222
91725,1825.0005106642222
91726,1825.0005106642222
91727,1825.0005106642222
91728,1825.0005106642222
91729,1825.0005106642222
91730,1825.0005106642222
91731,1825.0005106642222
91732,1825.0005106642222
91733,1825.0005106642222
91734,1825.0005106642222
91735,1825.0005106642222
91736,1825.0005106642222
91737,1825.0005106642222
91738,1825.0005106642222
91739,1825.0005106642222
91740,1825.0005106642222
91741,1825.0005106642222
91742,1825.0005106642222
91743,1825.0005106642222
91744,1825.0005106642222
91745,1825.0005106642222
91746,1825.0005106642222
91747,1825.0005106642222
91748,1825.0005106642222
91749,1825.0005106642222
91750,1825.0005106642222
91751,1825.0005106642222
91752,1825.0005106642222
91753,1825.0005106642222
91754,1825.0005106642222
91755,1825.0005106642222
91756,1825.0005106642222
91757,1825.0005106642222
91758,1825.0005106642222
91759,1825.0005106642222
91760,1825.0005106642222
91761,1825.0005106642222
91762,1825.0005106642222
91763,1825.0005106642222
91764,1825.0005106642222
91765,1825.0005106642222
91766,1825.0005106642222
91767,1825.0005106642222
91768,1825.0005106642222
91769,1825.0005106642222
91770,1825.0005106642222
91771,1825.0005106642222
91772,1825.0005106642222
91773,1825.0005106642222
91774,1825.0005106642222
91775,1825.0005106642222
91776,1825.0005106642222
91777,1825.0005106642222
91778,1825.0005106642222
91779,1825.0005106642222
91780,1825.0005106642222
91781,1825.0005106642222
91782,1825.0005106642222
91783,1825.0005106642222
91784,1825.0005106642222
91785,1825.0005106642222
91786,1825.0005106642222
91787,1825.0005106642222
91788,1825.0005106642222
91789,1825.0005106642222
91790,1825.0005106642222
91791,1825.0005106642222
91792,1825.0005106642222
91793,1825.0005106642222
91794,1825.0005106642222
91795,1825.0005106642222
91796,1825.0005106642222
91797,1825.0005106642222
91798,1825.0005106642222
91799,1825.0005106642222
91800,1825.0005106642222
91801,1825.0005106642222
91802,1825.0005106642222
91803,1825.0005106642222
91804,1825.0005106642222
91805,1825.0005106642222
91806,1825.0005106642222
91807,1825.0005106642222
91808,1825.0005106642222
91809,1825.0005106642222
91810,1825.0005106642222
91811,1825.0005106642222
91812,1825.0005106642222
91813,1825.0005106642222
91814,1825.0005106642222
91815,1825.0005106642222
91816,1825.0005106642222
91817,1825.0005106642222
91818,1825.0005106642222
91819,1825.0005106642222
91820,1825.0005106642222
91821,1825.0005106642222
91822,1825.0005106642222
91823,1825.0005106642222
91824,1825.0005106642222
91825,1825.0005106642222
91826,1825.0005106642222
91827,1825.0005106642222
91828,1825.0005106642222
91829,1825.0005106642222
91830,1825.0005106642222
91831,1825.0005106642222
91832,1825.0005106642222
91833,1825.0005106642222
91834,1825.0005106642222
91835,1825.0005106642222
91836,1825.0005106642222
91837,1825.0005106642222
91838,1825.0005106642222
91839,1825.0005106642222
91840,1825.0005106642222
91841,1825.0005106642222
91842,1825.0005106642222
91843,1825.0005106642222
91844,1825.0005106642222
91845,1825.0005106642222
91846,1825.0005106642222
91847,1825.0005106642222
91848,1825.0005106642222
91849,1825.0005106642222
91850,1825.0005106642222
91851,1825.0005106642222
91852,1825.0005106642222
91853,1825.0005106642222
91854,1825.0005106642222
91855,1825.0005106642222
91856,1825.0005106642222
91857,1825.0005106642222
91858,1825.0005106642222
91859,1825.0005106642222
91860,1825.0005106642222
91861,1825.0005106642222
91862,1825.0005106642222
91863,1825.0005106642222
91864,1825.0005106642222
91865,1825.0005106642222
91866,1825.0005106642222
91867,1825.0005106642222
91868,1825.0005106642222
91869,1825.0005106642222
91870,1825.0005106642222
91871,1825.0005106642222
91872,1825.0005106642222
91873,1825.0005106642222
91874,1825.0005106642222
91875,1825.0005106642222
91876,1825.0005106642222
91877,1825.0005106642222
91878,1825.0005106642222
91879,1825.0005106642222
91880,1825.0005106642222
91881,1825.0005106642222
91882,1825.0005106642222
91883,1825.0005106642222
91884,1825.0005106642222
91885,1825.0005106642222
91886,1825.0005106642222
91887,1825.0005106642222
91888,1825.0005106642222
91889,1825.0005106642222
91890,1825.0005106642222
91891,1825.0005106642222
91892,1825.0005106642222
91893,1825.0005106642222
91894,1825.0005106642222
91895,1825.0005106642222
91896,1825.0005106642222
91897,1825.0005106642222
91898,1825.0005106642222
91899,1825.0005106642222
91900,1825.0005106642222
91901,1825.0005106642222
91902,1825.0005106642222
91903,1825.0005106642222
91904,1825.0005106642222
91905,1825.0005106642222
91906,1825.0005106642222
91907,1825.0005106642222
91908,1825.0005106642222
91909,1825.0005106642222
91910,1825.0005106642222
91911,1825.0005106642222
91912,1825.0005106642222
91913,1825.0005106642222
91914,1825.0005106642222
91915,1825.0005106642222
91916,1825.0005106642222
91917,1825.0005106642222
91918,1825.0005106642222
91919,1825.0005106642222
91920,1825.0005106642222
91921,1825.0005106642222
91922,1825.0005106642222
91923,1825.0005106642222
91924,1825.0005106642222
91925,1825.0005106642222
91926,1825.0005106642222
91927,1825.0005106642222
91928,1825.0005106642222
91929,1825.0005106642222
91930,1825.0005106642222
91931,1825.0005106642222
91932,1825.0005106642222
91933,1825.0005106642222
91934,1825.0005106642222
91935,1825.0005106642222
91936,1825.0005106642222
91937,1825.0005106642222
91938,1825.0005106642222
91939,1825.0005106642222
91940,1825.0005106642222
91941,1825.0005106642222
91942,1825.0005106642222
91943,1825.0005106642222
91944,1825.0005106642222
91945,1825.0005106642222
91946,1825.0005106642222
91947,1825.0005106642222
91948,1825.0005106642222
91949,1825.0005106642222
91950,1825.0005106642222
91951,1825.0005106642222
91952,1825.0005106642222
91953,1825.0005106642222
91954,1825.0005106642222
91955,1825.0005106642222
91956,1825.0005106642222
91957,1825.0005106642222
91958,1825.0005106642222
91959,1825.0005106642222
91960,1825.0005106642222
91961,1825.0005106642222
91962,1825.0005106642222
91963,1825.0005106642222
91964,1825.0005106642222
91965,1825.0005106642222
91966,1825.0005106642222
91967,1825.0005106642222
91968,1825.0005106642222
91969,1825.0005106642222
91970,1825.0005106642222
91971,1825.0005106642222
91972,1825.0005106642222
91973,1825.0005106642222
91974,1825.0005106642222
91975,1825.0005106642222
91976,1825.0005106642222
91977,1825.0005106642222
91978,1825.0005106642222
91979,1825.0005106642222
91980,1825.0005106642222
91981,1825.0005106642222
91982,1825.0005106642222
91983,1825.0005106642222
91984,1825.0005106642222
91985,1825.0005106642222
91986,1825.0005106642222
91987,1825.0005106642222
91988,1825.0005106642222
91989,1825.0005106642222
91990,1825.0005106642222
91991,1825.0005106642222
91992,1825.0005106642222
91993,1825.0005106642222
91994,1825.0005106642222
91995,1825.0005106642222
91996,1825.0005106642222
91997,1825.0005106642222
91998,1825.0005106642222
91999,1825.0005106642222
92000,1825.0005106642222
92001,1825.0005106642222
92002,1825.0005106642222
92003,1825.0005106642222
92004,1825.0005106642222
92005,1825.0005106642222
92006,1825.0005106642222
92007,1825.0005106642222
92008,1825.0005106642222
92009,1825.0005106642222
92010,1825.0005106642222
92011,1825.0005106642222
92012,1825.0005106642222
92013,1825.0005106642222
92014,1825.0005106642222
92015,1825.0005106642222
92016,1825.0005106642222
92017,1825.0005106642222
92018,1825.0005106642222
92019,1825.0005106642222
92020,1825.0005106642222
92021,1825.0005106642222
92022,1825.0005106642222
92023,1825.0005106642222
92024,1825.0005106642222
92025,1825.0005106642222
92026,1825.0005106642222
92027,1825.0005106642222
92028,1825.0005106642222
92029,1825.0005106642222
92030,1825.0005106642222
92031,1825.0005106642222
92032,1825.0005106642222
92033,1825.0005106642222
92034,1825.0005106642222
92035,1825.0005106642222
92036,1825.0005106642222
92037,1825.0005106642222
92038,1825.0005106642222
92039,1825.0005106642222
92040,1825.0005106642222
92041,1825.0005106642222
92042,1825.0005106642222
92043,1825.0005106642222
92044,1825.0005106642222
92045,1825.0005106642222
92046,1825.0005106642222
92047,1825.0005106642222
92048,1825.0005106642222
92049,1825.0005106642222
92050,1825.0005106642222
92051,1825.0005106642222
92052,1825.0005106642222
92053,1825.0005106642222
92054,1825.0005106642222
92055,1825.0005106642222
92056,1825.0005106642222
92057,1825.0005106642222
92058,1825.0005106642222
92059,1825.0005106642222
92060,1825.0005106642222
92061,1825.0005106642222
92062,1825.0005106642222
92063,1825.0005106642222
92064,1825.0005106642222
92065,1825.0005106642222
92066,1825.0005106642222
92067,1825.0005106642222
92068,1825.0005106642222
92069,1825.0005106642222
92070,1825.0005106642222
92071,1825.0005106642222
92072,1825.0005106642222
92073,1825.0005106642222
92074,1825.0005106642222
92075,1825.0005106642222
92076,1825.0005106642222
92077,1825.0005106642222
92078,1825.0005106642222
92079,1825.0005106642222
92080,1825.0005106642222
92081,1825.0005106642222
92082,1825.0005106642222
92083,1825.0005106642222
92084,1825.0005106642222
92085,1825.0005106642222
92086,1825.0005106642222
92087,1825.0005106642222
92088,1825.0005106642222
92089,1825.0005106642222
92090,1825.0005106642222
92091,1825.0005106642222
92092,1825.0005106642222
92093,1825.0005106642222
92094,1825.0005106642222
92095,1825.0005106642222
92096,1825.0005106642222
92097,1825.0005106642222
92098,1825.0005106642222
92099,1825.0005106642222
92100,1825.0005106642222
92101,1825.0005106642222
92102,1825.0005106642222
92103,1825.0005106642222
92104,1825.0005106642222
92105,1825.0005106642222
92106,1825.0005106642222
92107,1825.0005106642222
92108,1825.0005106642222
92109,1825.0005106642222
92110,1825.0005106642222
92111,1825.0005106642222
92112,1825.0005106642222
92113,1825.0005106642222
92114,1825.0005106642222
92115,1825.0005106642222
92116,1825.0005106642222
92117,1825.0005106642222
92118,1825.0005106642222
92119,1825.0005106642222
92120,1825.0005106642222
92121,1825.0005106642222
92122,1825.0005106642222
92123,1825.0005106642222
92124,1825.0005106642222
92125,1825.0005106642222
92126,1825.0005106642222
92127,1825.0005106642222
92128,1825.0005106642222
92129,1825.0005106642222
92130,1825.0005106642222
92131,1825.0005106642222
92132,1825.0005106642222
92133,1825.0005106642222
92134,1825.0005106642222
92135,1825.0005106642222
92136,1825.0005106642222
92137,1825.0005106642222
92138,1825.0005106642222
92139,1825.0005106642222
92140,1825.0005106642222
92141,1825.0005106642222
92142,1825.0005106642222
92143,1825.0005106642222
92144,1825.0005106642222
92145,1825.0005106642222
92146,1825.0005106642222
92147,1825.0005106642222
92148,1825.0005106642222
92149,1825.0005106642222
92150,1825.0005106642222
92151,1825.0005106642222
92152,1825.0005106642222
92153,1825.0005106642222
92154,1825.0005106642222
92155,1825.0005106642222
92156,1825.0005106642222
92157,1825.0005106642222
92158,1825.0005106642222
92159,1825.0005106642222
92160,1825.0005106642222
92161,1825.0005106642222
92162,1825.0005106642222
92163,1825.0005106642222
92164,1825.0005106642222
92165,1825.0005106642222
92166,1825.0005106642222
92167,1825.0005106642222
92168,1825.0005106642222
92169,1825.0005106642222
92170,1825.0005106642222
92171,1825.0005106642222
92172,1825.0005106642222
92173,1825.0005106642222
92174,1825.0005106642222
92175,1825.0005106642222
92176,1825.0005106642222
92177,1825.0005106642222
92178,1825.0005106642222
92179,1825.0005106642222
92180,1825.0005106642222
92181,1825.0005106642222
92182,1825.0005106642222
92183,1825.0005106642222
92184,1825.0005106642222
92185,1825.0005106642222
92186,1825.0005106642222
92187,1825.0005106642222
92188,1825.0005106642222
92189,1825.0005106642222
92190,1825.0005106642222
92191,1825.0005106642222
92192,1825.0005106642222
92193,1825.0005106642222
92194,1825.0005106642222
92195,1825.0005106642222
92196,1825.0005106642222
92197,1825.0005106642222
92198,1825.0005106642222
92199,1825.0005106642222
92200,1825.0005106642222
92201,1825.0005106642222
92202,1825.0005106642222
92203,1825.0005106642222
92204,1825.0005106642222
92205,1825.0005106642222
92206,1825.0005106642222
92207,1825.0005106642222
92208,1825.0005106642222
92209,1825.0005106642222
92210,1825.0005106642222
92211,1825.0005106642222
92212,1825.0005106642222
92213,1825.0005106642222
92214,1825.0005106642222
92215,1825.0005106642222
92216,1825.0005106642222
92217,1825.0005106642222
92218,1825.0005106642222
92219,1825.0005106642222
92220,1825.0005106642222
92221,1825.0005106642222
92222,1825.0005106642222
92223,1825.0005106642222
92224,1825.0005106642222
92225,1825.0005106642222
92226,1825.0005106642222
92227,1825.0005106642222
92228,1825.0005106642222
92229,1825.0005106642222
92230,1825.0005106642222
92231,1825.0005106642222
92232,1825.0005106642222
92233,1825.0005106642222
92234,1825.0005106642222
92235,1825.0005106642222
92236,1825.0005106642222
92237,1825.0005106642222
92238,1825.0005106642222
92239,1825.0005106642222
92240,1825.0005106642222
92241,1825.0005106642222
92242,1825.0005106642222
92243,1825.0005106642222
92244,1825.0005106642222
92245,1825.0005106642222
92246,1825.0005106642222
92247,1825.0005106642222
92248,1825.0005106642222
92249,1825.0005106642222
92250,1825.0005106642222
92251,1825.0005106642222
92252,1825.0005106642222
92253,1825.0005106642222
92254,1825.0005106642222
92255,1825.0005106642222
92256,1825.0005106642222
92257,1825.0005106642222
92258,1825.0005106642222
92259,1825.0005106642222
92260,1825.0005106642222
92261,1825.0005106642222
92262,1825.0005106642222
92263,1825.0005106642222
92264,1825.0005106642222
92265,1825.0005106642222
92266,1825.0005106642222
92267,1825.0005106642222
92268,1825.0005106642222
92269,1825.0005106642222
92270,1825.0005106642222
92271,1825.0005106642222
92272,1825.0005106642222
92273,1825.0005106642222
92274,1825.0005106642222
92275,1825.0005106642222
92276,1825.0005106642222
92277,1825.0005106642222
92278,1825.0005106642222
92279,1825.0005106642222
92280,1825.0005106642222
92281,1825.0005106642222
92282,1825.0005106642222
92283,1825.0005106642222
92284,1825.0005106642222
92285,1825.0005106642222
92286,1825.0005106642222
92287,1825.0005106642222
92288,1825.0005106642222
92289,1825.0005106642222
92290,1825.0005106642222
92291,1825.0005106642222
92292,1825.0005106642222
92293,1825.0005106642222
92294,1825.0005106642222
92295,1825.0005106642222
92296,1825.0005106642222
92297,1825.0005106642222
92298,1825.0005106642222
92299,1825.0005106642222
92300,1825.0005106642222
92301,1825.0005106642222
92302,1825.0005106642222
92303,1825.0005106642222
92304,1825.0005106642222
92305,1825.0005106642222
92306,1825.0005106642222
92307,1825.0005106642222
92308,1825.0005106642222
92309,1825.0005106642222
92310,1825.0005106642222
92311,1825.0005106642222
92312,1825.0005106642222
92313,1825.0005106642222
92314,1825.0005106642222
92315,1825.0005106642222
92316,1825.0005106642222
92317,1825.0005106642222
92318,1825.0005106642222
92319,1825.0005106642222
92320,1825.0005106642222
92321,1825.0005106642222
92322,1825.0005106642222
92323,1825.0005106642222
92324,1825.0005106642222
92325,1825.0005106642222
92326,1825.0005106642222
92327,1825.0005106642222
92328,1825.0005106642222
92329,1825.0005106642222
92330,1825.0005106642222
92331,1825.0005106642222
92332,1825.0005106642222
92333,1825.0005106642222
92334,1825.0005106642222
92335,1825.0005106642222
92336,1825.0005106642222
92337,1825.0005106642222
92338,1825.0005106642222
92339,1825.0005106642222
92340,1825.0005106642222
92341,1825.0005106642222
92342,1825.0005106642222
92343,1825.0005106642222
92344,1825.0005106642222
92345,1825.0005106642222
92346,1825.0005106642222
92347,1825.0005106642222
92348,1825.0005106642222
92349,1825.0005106642222
92350,1825.0005106642222
92351,1825.0005106642222
92352,1825.0005106642222
92353,1825.0005106642222
92354,1825.0005106642222
92355,1825.0005106642222
92356,1825.0005106642222
92357,1825.0005106642222
92358,1825.0005106642222
92359,1825.0005106642222
92360,1825.0005106642222
92361,1825.0005106642222
92362,1825.0005106642222
92363,1825.0005106642222
92364,1825.0005106642222
92365,1825.0005106642222
92366,1825.0005106642222
92367,1825.0005106642222
92368,1825.0005106642222
92369,1825.0005106642222
92370,1825.0005106642222
92371,1825.0005106642222
92372,1825.0005106642222
92373,1825.0005106642222
92374,1825.0005106642222
92375,1825.0005106642222
92376,1825.0005106642222
92377,1825.0005106642222
92378,1825.0005106642222
92379,1825.0005106642222
92380,1825.0005106642222
92381,1825.0005106642222
92382,1825.0005106642222
92383,1825.0005106642222
92384,1825.0005106642222
92385,1825.0005106642222
92386,1825.0005106642222
92387,1825.0005106642222
92388,1825.0005106642222
92389,1825.0005106642222
92390,1825.0005106642222
92391,1825.0005106642222
92392,1825.0005106642222
92393,1825.0005106642222
92394,1825.0005106642222
92395,1825.0005106642222
92396,1825.0005106642222
92397,1825.0005106642222
92398,1825.0005106642222
92399,1825.0005106642222
92400,1825.0005106642222
92401,1825.0005106642222
92402,1825.0005106642222
92403,1825.0005106642222
92404,1825.0005106642222
92405,1825.0005106642222
92406,1825.0005106642222
92407,1825.0005106642222
92408,1825.0005106642222
92409,1825.0005106642222
92410,1825.0005106642222
92411,1825.0005106642222
92412,1825.0005106642222
92413,1825.0005106642222
92414,1825.0005106642222
92415,1825.0005106642222
92416,1825.0005106642222
92417,1825.0005106642222
92418,1825.0005106642222
92419,1825.0005106642222
92420,1825.0005106642222
92421,1825.0005106642222
92422,1825.0005106642222
92423,1825.0005106642222
92424,1825.0005106642222
92425,1825.0005106642222
92426,1825.0005106642222
92427,1825.0005106642222
92428,1825.0005106642222
92429,1825.0005106642222
92430,1825.0005106642222
92431,1825.0005106642222
92432,1825.0005106642222
92433,1825.0005106642222
92434,1825.0005106642222
92435,1825.0005106642222
92436,1825.0005106642222
92437,1825.0005106642222
92438,1825.0005106642222
92439,1825.0005106642222
92440,1825.0005106642222
92441,1825.0005106642222
92442,1825.0005106642222
92443,1825.0005106642222
92444,1825.0005106642222
92445,1825.0005106642222
92446,1825.0005106642222
92447,1825.0005106642222
92448,1825.0005106642222
92449,1825.0005106642222
92450,1825.0005106642222
92451,1825.0005106642222
92452,1825.0005106642222
92453,1825.0005106642222
92454,1825.0005106642222
92455,1825.0005106642222
92456,1825.0005106642222
92457,1825.0005106642222
92458,1825.0005106642222
92459,1825.0005106642222
92460,1825.0005106642222
92461,1825.0005106642222
92462,1825.0005106642222
92463,1825.0005106642222
92464,1825.0005106642222
92465,1825.0005106642222
92466,1825.0005106642222
92467,1825.0005106642222
92468,1825.0005106642222
92469,1825.0005106642222
92470,1825.0005106642222
92471,1825.0005106642222
92472,1825.0005106642222
92473,1825.0005106642222
92474,1825.0005106642222
92475,1825.0005106642222
92476,1825.0005106642222
92477,1825.0005106642222
92478,1825.0005106642222
92479,1825.0005106642222
92480,1825.0005106642222
92481,1825.0005106642222
92482,1825.0005106642222
92483,1825.0005106642222
92484,1825.0005106642222
92485,1825.0005106642222
92486,1825.0005106642222
92487,1825.0005106642222
92488,1825.0005106642222
92489,1825.0005106642222
92490,1825.0005106642222
92491,1825.0005106642222
92492,1825.0005106642222
92493,1825.0005106642222
92494,1825.0005106642222
92495,1825.0005106642222
92496,1825.0005106642222
92497,1825.0005106642222
92498,1825.0005106642222
92499,1825.0005106642222
92500,1825.0005106642222
92501,1825.0005106642222
92502,1825.0005106642222
92503,1825.0005106642222
92504,1825.0005106642222
92505,1825.0005106642222
92506,1825.0005106642222
92507,1825.0005106642222
92508,1825.0005106642222
92509,1825.0005106642222
92510,1825.0005106642222
92511,1825.0005106642222
92512,1825.0005106642222
92513,1825.0005106642222
92514,1825.0005106642222
92515,1825.0005106642222
92516,1825.0005106642222
92517,1825.0005106642222
92518,1825.0005106642222
92519,1825.0005106642222
92520,1825.0005106642222
92521,1825.0005106642222
92522,1825.0005106642222
92523,1825.0005106642222
92524,1825.0005106642222
92525,1825.0005106642222
92526,1825.0005106642222
92527,1825.0005106642222
92528,1825.0005106642222
92529,1825.0005106642222
92530,1825.0005106642222
92531,1825.0005106642222
92532,1825.0005106642222
92533,1825.0005106642222
92534,1825.0005106642222
92535,1825.0005106642222
92536,1825.0005106642222
92537,1825.0005106642222
92538,1825.0005106642222
92539,1825.0005106642222
92540,1825.0005106642222
92541,1825.0005106642222
92542,1825.0005106642222
92543,1825.0005106642222
92544,1825.0005106642222
92545,1825.0005106642222
92546,1825.0005106642222
92547,1825.0005106642222
92548,1825.0005106642222
92549,1825.0005106642222
92550,1825.0005106642222
92551,1825.0005106642222
92552,1825.0005106642222
92553,1825.0005106642222
92554,1825.0005106642222
92555,1825.0005106642222
92556,1825.0005106642222
92557,1825.0005106642222
92558,1825.0005106642222
92559,1825.0005106642222
92560,1825.0005106642222
92561,1825.0005106642222
92562,1825.0005106642222
92563,1825.0005106642222
92564,1825.0005106642222
92565,1825.0005106642222
92566,1825.0005106642222
92567,1825.0005106642222
92568,1825.0005106642222
92569,1825.0005106642222
92570,1825.0005106642222
92571,1825.0005106642222
92572,1825.0005106642222
92573,1825.0005106642222
92574,1825.0005106642222
92575,1825.0005106642222
92576,1825.0005106642222
92577,1825.0005106642222
92578,1825.0005106642222
92579,1825.0005106642222
92580,1825.0005106642222
92581,1825.0005106642222
92582,1825.0005106642222
92583,1825.0005106642222
92584,1825.0005106642222
92585,1825.0005106642222
92586,1825.0005106642222
92587,1825.0005106642222
92588,1825.0005106642222
92589,1825.0005106642222
92590,1825.0005106642222
92591,1825.0005106642222
92592,1825.0005106642222
92593,1825.0005106642222
92594,1825.0005106642222
92595,1825.0005106642222
92596,1825.0005106642222
92597,1825.0005106642222
92598,1825.0005106642222
92599,1825.0005106642222
92600,1825.0005106642222
92601,1825.0005106642222
92602,1825.0005106642222
92603,1825.0005106642222
92604,1825.0005106642222
92605,1825.0005106642222
92606,1825.0005106642222
92607,1825.0005106642222
92608,1825.0005106642222
92609,1825.0005106642222
92610,1825.0005106642222
92611,1825.0005106642222
92612,1825.0005106642222
92613,1825.0005106642222
92614,1825.0005106642222
92615,1825.0005106642222
92616,1825.0005106642222
92617,1825.0005106642222
92618,1825.0005106642222
92619,1825.0005106642222
92620,1825.0005106642222
92621,1825.0005106642222
92622,1825.0005106642222
92623,1825.0005106642222
92624,1825.0005106642222
92625,1825.0005106642222
92626,1825.0005106642222
92627,1825.0005106642222
92628,1825.0005106642222
92629,1825.0005106642222
92630,1825.0005106642222
92631,1825.0005106642222
92632,1825.0005106642222
92633,1825.0005106642222
92634,1825.0005106642222
92635,1825.0005106642222
92636,1825.0005106642222
92637,1825.0005106642222
92638,1825.0005106642222
92639,1825.0005106642222
92640,1825.0005106642222
92641,1825.0005106642222
92642,1825.0005106642222
92643,1825.0005106642222
92644,1825.0005106642222
92645,1825.0005106642222
92646,1825.0005106642222
92647,1825.0005106642222
92648,1825.0005106642222
92649,1825.0005106642222
92650,1825.0005106642222
92651,1825.0005106642222
92652,1825.0005106642222
92653,1825.0005106642222
92654,1825.0005106642222
92655,1825.0005106642222
92656,1825.0005106642222
92657,1825.0005106642222
92658,1825.0005106642222
92659,1825.0005106642222
92660,1825.0005106642222
92661,1825.0005106642222
92662,1825.0005106642222
92663,1825.0005106642222
92664,1825.0005106642222
92665,1825.0005106642222
92666,1825.0005106642222
92667,1825.0005106642222
92668,1825.0005106642222
92669,1825.0005106642222
92670,1825.0005106642222
92671,1825.0005106642222
92672,1825.0005106642222
92673,1825.0005106642222
92674,1825.0005106642222
92675,1825.0005106642222
92676,1825.0005106642222
92677,1825.0005106642222
92678,1825.0005106642222
92679,1825.0005106642222
92680,1825.0005106642222
92681,1825.0005106642222
92682,1825.0005106642222
92683,1825.0005106642222
92684,1825.0005106642222
92685,1825.0005106642222
92686,1825.0005106642222
92687,1825.0005106642222
92688,1825.0005106642222
92689,1825.0005106642222
92690,1825.0005106642222
92691,1825.0005106642222
92692,1825.0005106642222
92693,1825.0005106642222
92694,1825.0005106642222
92695,1825.0005106642222
92696,1825.0005106642222
92697,1825.0005106642222
92698,1825.0005106642222
92699,1825.0005106642222
92700,1825.0005106642222
92701,1825.0005106642222
92702,1825.0005106642222
92703,1825.0005106642222
92704,1825.0005106642222
92705,1825.0005106642222
92706,1825.0005106642222
92707,1825.0005106642222
92708,1825.0005106642222
92709,1825.0005106642222
92710,1825.0005106642222
92711,1825.0005106642222
92712,1825.0005106642222
92713,1825.0005106642222
92714,1825.0005106642222
92715,1825.0005106642222
92716,1825.0005106642222
92717,1825.0005106642222
92718,1825.0005106642222
92719,1825.0005106642222
92720,1825.0005106642222
92721,1825.0005106642222
92722,1825.0005106642222
92723,1825.0005106642222
92724,1825.0005106642222
92725,1825.0005106642222
92726,1825.0005106642222
92727,1825.0005106642222
92728,1825.0005106642222
92729,1825.0005106642222
92730,1825.0005106642222
92731,1825.0005106642222
92732,1825.0005106642222
92733,1825.0005106642222
92734,1825.0005106642222
92735,1825.0005106642222
92736,1825.0005106642222
92737,1825.0005106642222
92738,1825.0005106642222
92739,1825.0005106642222
92740,1825.0005106642222
92741,1825.0005106642222
92742,1825.0005106642222
92743,1825.0005106642222
92744,1825.0005106642222
92745,1825.0005106642222
92746,1825.0005106642222
92747,1825.0005106642222
92748,1825.0005106642222
92749,1825.0005106642222
92750,1825.0005106642222
92751,1825.0005106642222
92752,1825.0005106642222
92753,1825.0005106642222
92754,1825.0005106642222
92755,1825.0005106642222
92756,1825.0005106642222
92757,1825.0005106642222
92758,1825.0005106642222
92759,1825.0005106642222
92760,1825.0005106642222
92761,1825.0005106642222
92762,1825.0005106642222
92763,1825.0005106642222
92764,1825.0005106642222
92765,1825.0005106642222
92766,1825.0005106642222
92767,1825.0005106642222
92768,1825.0005106642222
92769,1825.0005106642222
92770,1825.0005106642222
92771,1825.0005106642222
92772,1825.0005106642222
92773,1825.0005106642222
92774,1825.0005106642222
92775,1825.0005106642222
92776,1825.0005106642222
92777,1825.0005106642222
92778,1825.0005106642222
92779,1825.0005106642222
92780,1825.0005106642222
92781,1825.0005106642222
92782,1825.0005106642222
92783,1825.0005106642222
92784,1825.0005106642222
92785,1825.0005106642222
92786,1825.0005106642222
92787,1825.0005106642222
92788,1825.0005106642222
92789,1825.0005106642222
92790,1825.0005106642222
92791,1825.0005106642222
92792,1825.0005106642222
92793,1825.0005106642222
92794,1825.0005106642222
92795,1825.0005106642222
92796,1825.0005106642222
92797,1825.0005106642222
92798,1825.0005106642222
92799,1825.0005106642222
92800,1825.0005106642222
92801,1825.0005106642222
92802,1825.0005106642222
92803,1825.0005106642222
92804,1825.0005106642222
92805,1825.0005106642222
92806,1825.0005106642222
92807,1825.0005106642222
92808,1825.0005106642222
92809,1825.0005106642222
92810,1825.0005106642222
92811,1825.0005106642222
92812,1825.0005106642222
92813,1825.0005106642222
92814,1825.0005106642222
92815,1825.0005106642222
92816,1825.0005106642222
92817,1825.0005106642222
92818,1825.0005106642222
92819,1825.0005106642222
92820,1825.0005106642222
92821,1825.0005106642222
92822,1825.0005106642222
92823,1825.0005106642222
92824,1825.0005106642222
92825,1825.0005106642222
92826,1825.0005106642222
92827,1825.0005106642222
92828,1825.0005106642222
92829,1825.0005106642222
92830,1825.0005106642222
92831,1825.0005106642222
92832,1825.0005106642222
92833,1825.0005106642222
92834,1825.0005106642222
92835,1825.0005106642222
92836,1825.0005106642222
92837,1825.0005106642222
92838,1825.0005106642222
92839,1825.0005106642222
92840,1825.0005106642222
92841,1825.0005106642222
92842,1825.0005106642222
92843,1825.0005106642222
92844,1825.0005106642222
92845,1825.0005106642222
92846,1825.0005106642222
92847,1825.0005106642222
92848,1825.0005106642222
92849,1825.0005106642222
92850,1825.0005106642222
92851,1825.0005106642222
92852,1825.0005106642222
92853,1825.0005106642222
92854,1825.0005106642222
92855,1825.0005106642222
92856,1825.0005106642222
92857,1825.0005106642222
92858,1825.0005106642222
92859,1825.0005106642222
92860,1825.0005106642222
92861,1825.0005106642222
92862,1825.0005106642222
92863,1825.0005106642222
92864,1825.0005106642222
92865,1825.0005106642222
92866,1825.0005106642222
92867,1825.0005106642222
92868,1825.0005106642222
92869,1825.0005106642222
92870,1825.0005106642222
92871,1825.0005106642222
92872,1825.0005106642222
92873,1825.0005106642222
92874,1825.0005106642222
92875,1825.0005106642222
92876,1825.0005106642222
92877,1825.0005106642222
92878,1825.0005106642222
92879,1825.0005106642222
92880,1825.0005106642222
92881,1825.0005106642222
92882,1825.0005106642222
92883,1825.0005106642222
92884,1825.0005106642222
92885,1825.0005106642222
92886,1825.0005106642222
92887,1825.0005106642222
92888,1825.0005106642222
92889,1825.0005106642222
92890,1825.0005106642222
92891,1825.0005106642222
92892,1825.0005106642222
92893,1825.0005106642222
92894,1825.0005106642222
92895,1825.0005106642222
92896,1825.0005106642222
92897,1825.0005106642222
92898,1825.0005106642222
92899,1825.0005106642222
92900,1825.0005106642222
92901,1825.0005106642222
92902,1825.0005106642222
92903,1825.0005106642222
92904,1825.0005106642222
92905,1825.0005106642222
92906,1825.0005106642222
92907,1825.0005106642222
92908,1825.0005106642222
92909,1825.0005106642222
92910,1825.0005106642222
92911,1825.0005106642222
92912,1825.0005106642222
92913,1825.0005106642222
92914,1825.0005106642222
92915,1825.0005106642222
92916,1825.0005106642222
92917,1825.0005106642222
92918,1825.0005106642222
92919,1825.0005106642222
92920,1825.0005106642222
92921,1825.0005106642222
92922,1825.0005106642222
92923,1825.0005106642222
92924,1825.0005106642222
92925,1825.0005106642222
92926,1825.0005106642222
92927,1825.0005106642222
92928,1825.0005106642222
92929,1825.0005106642222
92930,1825.0005106642222
92931,1825.0005106642222
92932,1825.0005106642222
92933,1825.0005106642222
92934,1825.0005106642222
92935,1825.0005106642222
92936,1825.0005106642222
92937,1825.0005106642222
92938,1825.0005106642222
92939,1825.0005106642222
92940,1825.0005106642222
92941,1825.0005106642222
92942,1825.0005106642222
92943,1825.0005106642222
92944,1825.0005106642222
92945,1825.0005106642222
92946,1825.0005106642222
92947,1825.0005106642222
92948,1825.0005106642222
92949,1825.0005106642222
92950,1825.0005106642222
92951,1825.0005106642222
92952,1825.0005106642222
92953,1825.0005106642222
92954,1825.0005106642222
92955,1825.0005106642222
92956,1825.0005106642222
92957,1825.0005106642222
92958,1825.0005106642222
92959,1825.0005106642222
92960,1825.0005106642222
92961,1825.0005106642222
92962,1825.0005106642222
92963,1825.0005106642222
92964,1825.0005106642222
92965,1825.0005106642222
92966,1825.0005106642222
92967,1825.0005106642222
92968,1825.0005106642222
92969,1825.0005106642222
92970,1825.0005106642222
92971,1825.0005106642222
92972,1825.0005106642222
92973,1825.0005106642222
92974,1825.0005106642222
92975,1825.0005106642222
92976,1825.0005106642222
92977,1825.0005106642222
92978,1825.0005106642222
92979,1825.0005106642222
92980,1825.0005106642222
92981,1825.0005106642222
92982,1825.0005106642222
92983,1825.0005106642222
92984,1825.0005106642222
92985,1825.0005106642222
92986,1825.0005106642222
92987,1825.0005106642222
92988,1825.0005106642222
92989,1825.0005106642222
92990,1825.0005106642222
92991,1825.0005106642222
92992,1825.0005106642222
92993,1825.0005106642222
92994,1825.0005106642222
92995,1825.0005106642222
92996,1825.0005106642222
92997,1825.0005106642222
92998,1825.0005106642222
92999,1825.0005106642222
93000,1825.0005106642222
93001,1825.0005106642222
93002,1825.0005106642222
93003,1825.0005106642222
93004,1825.0005106642222
93005,1825.0005106642222
93006,1825.0005106642222
93007,1825.0005106642222
93008,1825.0005106642222
93009,1825.0005106642222
93010,1825.0005106642222
93011,1825.0005106642222
93012,1825.0005106642222
93013,1825.0005106642222
93014,1825.0005106642222
93015,1825.0005106642222
93016,1825.0005106642222
93017,1825.0005106642222
93018,1825.0005106642222
93019,1825.0005106642222
93020,1825.0005106642222
93021,1825.0005106642222
93022,1825.0005106642222
93023,1825.0005106642222
93024,1825.0005106642222
93025,1825.0005106642222
93026,1825.0005106642222
93027,1825.0005106642222
93028,1825.0005106642222
93029,1825.0005106642222
93030,1825.0005106642222
93031,1825.0005106642222
93032,1825.0005106642222
93033,1825.0005106642222
93034,1825.0005106642222
93035,1825.0005106642222
93036,1825.0005106642222
93037,1825.0005106642222
93038,1825.0005106642222
93039,1825.0005106642222
93040,1825.0005106642222
93041,1825.0005106642222
93042,1825.0005106642222
93043,1825.0005106642222
93044,1825.0005106642222
93045,1825.0005106642222
93046,1825.0005106642222
93047,1825.0005106642222
93048,1825.0005106642222
93049,1825.0005106642222
93050,1825.0005106642222
93051,1825.0005106642222
93052,1825.0005106642222
93053,1825.0005106642222
93054,1825.0005106642222
93055,1825.0005106642222
93056,1825.0005106642222
93057,1825.0005106642222
93058,1825.0005106642222
93059,1825.0005106642222
93060,1825.0005106642222
93061,1825.0005106642222
93062,1825.0005106642222
93063,1825.0005106642222
93064,1825.0005106642222
93065,1825.0005106642222
93066,1825.0005106642222
93067,1825.0005106642222
93068,1825.0005106642222
93069,1825.0005106642222
93070,1825.0005106642222
93071,1825.0005106642222
93072,1825.0005106642222
93073,1825.0005106642222
93074,1825.0005106642222
93075,1825.0005106642222
93076,1825.0005106642222
93077,1825.0005106642222
93078,1825.0005106642222
93079,1825.0005106642222
93080,1825.0005106642222
93081,1825.0005106642222
93082,1825.0005106642222
93083,1825.0005106642222
93084,1825.0005106642222
93085,1825.0005106642222
93086,1825.0005106642222
93087,1825.0005106642222
93088,1825.0005106642222
93089,1825.0005106642222
93090,1825.0005106642222
93091,1825.0005106642222
93092,1825.0005106642222
93093,1825.0005106642222
93094,1825.0005106642222
93095,1825.0005106642222
93096,1825.0005106642222
93097,1825.0005106642222
93098,1825.0005106642222
93099,1825.0005106642222
93100,1825.0005106642222
93101,1825.0005106642222
93102,1825.0005106642222
93103,1825.0005106642222
93104,1825.0005106642222
93105,1825.0005106642222
93106,1825.0005106642222
93107,1825.0005106642222
93108,1825.0005106642222
93109,1825.0005106642222
93110,1825.0005106642222
93111,1825.0005106642222
93112,1825.0005106642222
93113,1825.0005106642222
93114,1825.0005106642222
93115,1825.0005106642222
93116,1825.0005106642222
93117,1825.0005106642222
93118,1825.0005106642222
93119,1825.0005106642222
93120,1825.0005106642222
93121,1825.0005106642222
93122,1825.0005106642222
93123,1825.0005106642222
93124,1825.0005106642222
93125,1825.0005106642222
93126,1825.0005106642222
93127,1825.0005106642222
93128,1825.0005106642222
93129,1825.0005106642222
93130,1825.0005106642222
93131,1825.0005106642222
93132,1825.0005106642222
93133,1825.0005106642222
93134,1825.0005106642222
93135,1825.0005106642222
93136,1825.0005106642222
93137,1825.0005106642222
93138,1825.0005106642222
93139,1825.0005106642222
93140,1825.0005106642222
93141,1825.0005106642222
93142,1825.0005106642222
93143,1825.0005106642222
93144,1825.0005106642222
93145,1825.0005106642222
93146,1825.0005106642222
93147,1825.0005106642222
93148,1825.0005106642222
93149,1825.0005106642222
93150,1825.0005106642222
93151,1825.0005106642222
93152,1825.0005106642222
93153,1825.0005106642222
93154,1825.0005106642222
93155,1825.0005106642222
93156,1825.0005106642222
93157,1825.0005106642222
93158,1825.0005106642222
93159,1825.0005106642222
93160,1825.0005106642222
93161,1825.0005106642222
93162,1825.0005106642222
93163,1825.0005106642222
93164,1825.0005106642222
93165,1825.0005106642222
93166,1825.0005106642222
93167,1825.0005106642222
93168,1825.0005106642222
93169,1825.0005106642222
93170,1825.0005106642222
93171,1825.0005106642222
93172,1825.0005106642222
93173,1825.0005106642222
93174,1825.0005106642222
93175,1825.0005106642222
93176,1825.0005106642222
93177,1825.0005106642222
93178,1825.0005106642222
93179,1825.0005106642222
93180,1825.0005106642222
93181,1825.0005106642222
93182,1825.0005106642222
93183,1825.0005106642222
93184,1825.0005106642222
93185,1825.0005106642222
93186,1825.0005106642222
93187,1825.0005106642222
93188,1825.0005106642222
93189,1825.0005106642222
93190,1825.0005106642222
93191,1825.0005106642222
93192,1825.0005106642222
93193,1825.0005106642222
93194,1825.0005106642222
93195,1825.0005106642222
93196,1825.0005106642222
93197,1825.0005106642222
93198,1825.0005106642222
93199,1825.0005106642222
93200,1825.0005106642222
93201,1825.0005106642222
93202,1825.0005106642222
93203,1825.0005106642222
93204,1825.0005106642222
93205,1825.0005106642222
93206,1825.0005106642222
93207,1825.0005106642222
93208,1825.0005106642222
93209,1825.0005106642222
93210,1825.0005106642222
93211,1825.0005106642222
93212,1825.0005106642222
93213,1825.0005106642222
93214,1825.0005106642222
93215,1825.0005106642222
93216,1825.0005106642222
93217,1825.0005106642222
93218,1825.0005106642222
93219,1825.0005106642222
93220,1825.0005106642222
93221,1825.0005106642222
93222,1825.0005106642222
93223,1825.0005106642222
93224,1825.0005106642222
93225,1825.0005106642222
93226,1825.0005106642222
93227,1825.0005106642222
93228,1825.0005106642222
93229,1825.0005106642222
93230,1825.0005106642222
93231,1825.0005106642222
93232,1825.0005106642222
93233,1825.0005106642222
93234,1825.0005106642222
93235,1825.0005106642222
93236,1825.0005106642222
93237,1825.0005106642222
93238,1825.0005106642222
93239,1825.0005106642222
93240,1825.0005106642222
93241,1825.0005106642222
93242,1825.0005106642222
93243,1825.0005106642222
93244,1825.0005106642222
93245,1825.0005106642222
93246,1825.0005106642222
93247,1825.0005106642222
93248,1825.0005106642222
93249,1825.0005106642222
93250,1825.0005106642222
93251,1825.0005106642222
93252,1825.0005106642222
93253,1825.0005106642222
93254,1825.0005106642222
93255,1825.0005106642222
93256,1825.0005106642222
93257,1825.0005106642222
93258,1825.0005106642222
93259,1825.0005106642222
93260,1825.0005106642222
93261,1825.0005106642222
93262,1825.0005106642222
93263,1825.0005106642222
93264,1825.0005106642222
93265,1825.0005106642222
93266,1825.0005106642222
93267,1825.0005106642222
93268,1825.0005106642222
93269,1825.0005106642222
93270,1825.0005106642222
93271,1825.0005106642222
93272,1825.0005106642222
93273,1825.0005106642222
93274,1825.0005106642222
93275,1825.0005106642222
93276,1825.0005106642222
93277,1825.0005106642222
93278,1825.0005106642222
93279,1825.0005106642222
93280,1825.0005106642222
93281,1825.0005106642222
93282,1825.0005106642222
93283,1825.0005106642222
93284,1825.0005106642222
93285,1825.0005106642222
93286,1825.0005106642222
93287,1825.0005106642222
93288,1825.0005106642222
93289,1825.0005106642222
93290,1825.0005106642222
93291,1825.0005106642222
93292,1825.0005106642222
93293,1825.0005106642222
93294,1825.0005106642222
93295,1825.0005106642222
93296,1825.0005106642222
93297,1825.0005106642222
93298,1825.0005106642222
93299,1825.0005106642222
93300,1825.0005106642222
93301,1825.0005106642222
93302,1825.0005106642222
93303,1825.0005106642222
93304,1825.0005106642222
93305,1825.0005106642222
93306,1825.0005106642222
93307,1825.0005106642222
93308,1825.0005106642222
93309,1825.0005106642222
93310,1825.0005106642222
93311,1825.0005106642222
93312,1825.0005106642222
93313,1825.0005106642222
93314,1825.0005106642222
93315,1825.0005106642222
93316,1825.0005106642222
93317,1825.0005106642222
93318,1825.0005106642222
93319,1825.0005106642222
93320,1825.0005106642222
93321,1825.0005106642222
93322,1825.0005106642222
93323,1825.0005106642222
93324,1825.0005106642222
93325,1825.0005106642222
93326,1825.0005106642222
93327,1825.0005106642222
93328,1825.0005106642222
93329,1825.0005106642222
93330,1825.0005106642222
93331,1825.0005106642222
93332,1825.0005106642222
93333,1825.0005106642222
93334,1825.0005106642222
93335,1825.0005106642222
93336,1825.0005106642222
93337,1825.0005106642222
93338,1825.0005106642222
93339,1825.0005106642222
93340,1825.0005106642222
93341,1825.0005106642222
93342,1825.0005106642222
93343,1825.0005106642222
93344,1825.0005106642222
93345,1825.0005106642222
93346,1825.0005106642222
93347,1825.0005106642222
93348,1825.0005106642222
93349,1825.0005106642222
93350,1825.0005106642222
93351,1825.0005106642222
93352,1825.0005106642222
93353,1825.0005106642222
93354,1825.0005106642222
93355,1825.0005106642222
93356,1825.0005106642222
93357,1825.0005106642222
93358,1825.0005106642222
93359,1825.0005106642222
93360,1825.0005106642222
93361,1825.0005106642222
93362,1825.0005106642222
93363,1825.0005106642222
93364,1825.0005106642222
93365,1825.0005106642222
93366,1825.0005106642222
93367,1825.0005106642222
93368,1825.0005106642222
93369,1825.0005106642222
93370,1825.0005106642222
93371,1825.0005106642222
93372,1825.0005106642222
93373,1825.0005106642222
93374,1825.0005106642222
93375,1825.0005106642222
93376,1825.0005106642222
93377,1825.0005106642222
93378,1825.0005106642222
93379,1825.0005106642222
93380,1825.0005106642222
93381,1825.0005106642222
93382,1825.0005106642222
93383,1825.0005106642222
93384,1825.0005106642222
93385,1825.0005106642222
93386,1825.0005106642222
93387,1825.0005106642222
93388,1825.0005106642222
93389,1825.0005106642222
93390,1825.0005106642222
93391,1825.0005106642222
93392,1825.0005106642222
93393,1825.0005106642222
93394,1825.0005106642222
93395,1825.0005106642222
93396,1825.0005106642222
93397,1825.0005106642222
93398,1825.0005106642222
93399,1825.0005106642222
93400,1825.0005106642222
93401,1825.0005106642222
93402,1825.0005106642222
93403,1825.0005106642222
93404,1825.0005106642222
93405,1825.0005106642222
93406,1825.0005106642222
93407,1825.0005106642222
93408,1825.0005106642222
93409,1825.0005106642222
93410,1825.0005106642222
93411,1825.0005106642222
93412,1825.0005106642222
93413,1825.0005106642222
93414,1825.0005106642222
93415,1825.0005106642222
93416,1825.0005106642222
93417,1825.0005106642222
93418,1825.0005106642222
93419,1825.0005106642222
93420,1825.0005106642222
93421,1825.0005106642222
93422,1825.0005106642222
93423,1825.0005106642222
93424,1825.0005106642222
93425,1825.0005106642222
93426,1825.0005106642222
93427,1825.0005106642222
93428,1825.0005106642222
93429,1825.0005106642222
93430,1825.0005106642222
93431,1825.0005106642222
93432,1825.0005106642222
93433,1825.0005106642222
93434,1825.0005106642222
93435,1825.0005106642222
93436,1825.0005106642222
93437,1825.0005106642222
93438,1825.0005106642222
93439,1825.0005106642222
93440,1825.0005106642222
93441,1825.0005106642222
93442,1825.0005106642222
93443,1825.0005106642222
93444,1825.0005106642222
93445,1825.0005106642222
93446,1825.0005106642222
93447,1825.0005106642222
93448,1825.0005106642222
93449,1825.0005106642222
93450,1825.0005106642222
93451,1825.0005106642222
93452,1825.0005106642222
93453,1825.0005106642222
93454,1825.0005106642222
93455,1825.0005106642222
93456,1825.0005106642222
93457,1825.0005106642222
93458,1825.0005106642222
93459,1825.0005106642222
93460,1825.0005106642222
93461,1825.0005106642222
93462,1825.0005106642222
93463,1825.0005106642222
93464,1825.0005106642222
93465,1825.0005106642222
93466,1825.0005106642222
93467,1825.0005106642222
93468,1825.0005106642222
93469,1825.0005106642222
93470,1825.0005106642222
93471,1825.0005106642222
93472,1825.0005106642222
93473,1825.0005106642222
93474,1825.0005106642222
93475,1825.0005106642222
93476,1825.0005106642222
93477,1825.0005106642222
93478,1825.0005106642222
93479,1825.0005106642222
93480,1825.0005106642222
93481,1825.0005106642222
93482,1825.0005106642222
93483,1825.0005106642222
93484,1825.0005106642222
93485,1825.0005106642222
93486,1825.0005106642222
93487,1825.0005106642222
93488,1825.0005106642222
93489,1825.0005106642222
93490,1825.0005106642222
93491,1825.0005106642222
93492,1825.0005106642222
93493,1825.0005106642222
93494,1825.0005106642222
93495,1825.0005106642222
93496,1825.0005106642222
93497,1825.0005106642222
93498,1825.0005106642222
93499,1825.0005106642222
93500,1825.0005106642222
93501,1825.0005106642222
93502,1825.0005106642222
93503,1825.0005106642222
93504,1825.0005106642222
93505,1825.0005106642222
93506,1825.0005106642222
93507,1825.0005106642222
93508,1825.0005106642222
93509,1825.0005106642222
93510,1825.0005106642222
93511,1825.0005106642222
93512,1825.0005106642222
93513,1825.0005106642222
93514,1825.0005106642222
93515,1825.0005106642222
93516,1825.0005106642222
93517,1825.0005106642222
93518,1825.0005106642222
93519,1825.0005106642222
93520,1825.0005106642222
93521,1825.0005106642222
93522,1825.0005106642222
93523,1825.0005106642222
93524,1825.0005106642222
93525,1825.0005106642222
93526,1825.0005106642222
93527,1825.0005106642222
93528,1825.0005106642222
93529,1825.0005106642222
93530,1825.0005106642222
93531,1825.0005106642222
93532,1825.0005106642222
93533,1825.0005106642222
93534,1825.0005106642222
93535,1825.0005106642222
93536,1825.0005106642222
93537,1825.0005106642222
93538,1825.0005106642222
93539,1825.0005106642222
93540,1825.0005106642222
93541,1825.0005106642222
93542,1825.0005106642222
93543,1825.0005106642222
93544,1825.0005106642222
93545,1825.0005106642222
93546,1825.0005106642222
93547,1825.0005106642222
93548,1825.0005106642222
93549,1825.0005106642222
93550,1825.0005106642222
93551,1825.0005106642222
93552,1825.0005106642222
93553,1825.0005106642222
93554,1825.0005106642222
93555,1825.0005106642222
93556,1825.0005106642222
93557,1825.0005106642222
93558,1825.0005106642222
93559,1825.0005106642222
93560,1825.0005106642222
93561,1825.0005106642222
93562,1825.0005106642222
93563,1825.0005106642222
93564,1825.0005106642222
93565,1825.0005106642222
93566,1825.0005106642222
93567,1825.0005106642222
93568,1825.0005106642222
93569,1825.0005106642222
93570,1825.0005106642222
93571,1825.0005106642222
93572,1825.0005106642222
93573,1825.0005106642222
93574,1825.0005106642222
93575,1825.0005106642222
93576,1825.0005106642222
93577,1825.0005106642222
93578,1825.0005106642222
93579,1825.0005106642222
93580,1825.0005106642222
93581,1825.0005106642222
93582,1825.0005106642222
93583,1825.0005106642222
93584,1825.0005106642222
93585,1825.0005106642222
93586,1825.0005106642222
93587,1825.0005106642222
93588,1825.0005106642222
93589,1825.0005106642222
93590,1825.0005106642222
93591,1825.0005106642222
93592,1825.0005106642222
93593,1825.0005106642222
93594,1825.0005106642222
93595,1825.0005106642222
93596,1825.0005106642222
93597,1825.0005106642222
93598,1825.0005106642222
93599,1825.0005106642222
93600,1825.0005106642222
93601,1825.0005106642222
93602,1825.0005106642222
93603,1825.0005106642222
93604,1825.0005106642222
93605,1825.0005106642222
93606,1825.0005106642222
93607,1825.0005106642222
93608,1825.0005106642222
93609,1825.0005106642222
93610,1825.0005106642222
93611,1825.0005106642222
93612,1825.0005106642222
93613,1825.0005106642222
93614,1825.0005106642222
93615,1825.0005106642222
93616,1825.0005106642222
93617,1825.0005106642222
93618,1825.0005106642222
93619,1825.0005106642222
93620,1825.0005106642222
93621,1825.0005106642222
93622,1825.0005106642222
93623,1825.0005106642222
93624,1825.0005106642222
93625,1825.0005106642222
93626,1825.0005106642222
93627,1825.0005106642222
93628,1825.0005106642222
93629,1825.0005106642222
93630,1825.0005106642222
93631,1825.0005106642222
93632,1825.0005106642222
93633,1825.0005106642222
93634,1825.0005106642222
93635,1825.0005106642222
93636,1825.0005106642222
93637,1825.0005106642222
93638,1825.0005106642222
93639,1825.0005106642222
93640,1825.0005106642222
93641,1825.0005106642222
93642,1825.0005106642222
93643,1825.0005106642222
93644,1825.0005106642222
93645,1825.0005106642222
93646,1825.0005106642222
93647,1825.0005106642222
93648,1825.0005106642222
93649,1825.0005106642222
93650,1825.0005106642222
93651,1825.0005106642222
93652,1825.0005106642222
93653,1825.0005106642222
93654,1825.0005106642222
93655,1825.0005106642222
93656,1825.0005106642222
93657,1825.0005106642222
93658,1825.0005106642222
93659,1825.0005106642222
93660,1825.0005106642222
93661,1825.0005106642222
93662,1825.0005106642222
93663,1825.0005106642222
93664,1825.0005106642222
93665,1825.0005106642222
93666,1825.0005106642222
93667,1825.0005106642222
93668,1825.0005106642222
93669,1825.0005106642222
93670,1825.0005106642222
93671,1825.0005106642222
93672,1825.0005106642222
93673,1825.0005106642222
93674,1825.0005106642222
93675,1825.0005106642222
93676,1825.0005106642222
93677,1825.0005106642222
93678,1825.0005106642222
93679,1825.0005106642222
93680,1825.0005106642222
93681,1825.0005106642222
93682,1825.0005106642222
93683,1825.0005106642222
93684,1825.0005106642222
93685,1825.0005106642222
93686,1825.0005106642222
93687,1825.0005106642222
93688,1825.0005106642222
93689,1825.0005106642222
93690,1825.0005106642222
93691,1825.0005106642222
93692,1825.0005106642222
93693,1825.0005106642222
93694,1825.0005106642222
93695,1825.0005106642222
93696,1825.0005106642222
93697,1825.0005106642222
93698,1825.0005106642222
93699,1825.0005106642222
93700,1825.0005106642222
93701,1825.0005106642222
93702,1825.0005106642222
93703,1825.0005106642222
93704,1825.0005106642222
93705,1825.0005106642222
93706,1825.0005106642222
93707,1825.0005106642222
93708,1825.0005106642222
93709,1825.0005106642222
93710,1825.0005106642222
93711,1825.0005106642222
93712,1825.0005106642222
93713,1825.0005106642222
93714,1825.0005106642222
93715,1825.0005106642222
93716,1825.0005106642222
93717,1825.0005106642222
93718,1825.0005106642222
93719,1825.0005106642222
93720,1825.0005106642222
93721,1825.0005106642222
93722,1825.0005106642222
93723,1825.0005106642222
93724,1825.0005106642222
93725,1825.0005106642222
93726,1825.0005106642222
93727,1825.0005106642222
93728,1825.0005106642222
93729,1825.0005106642222
93730,1825.0005106642222
93731,1825.0005106642222
93732,1825.0005106642222
93733,1825.0005106642222
93734,1825.0005106642222
93735,1825.0005106642222
93736,1825.0005106642222
93737,1825.0005106642222
93738,1825.0005106642222
93739,1825.0005106642222
93740,1825.0005106642222
93741,1825.0005106642222
93742,1825.0005106642222
93743,1825.0005106642222
93744,1825.0005106642222
93745,1825.0005106642222
93746,1825.0005106642222
93747,1825.0005106642222
93748,1825.0005106642222
93749,1825.0005106642222
93750,1825.0005106642222
93751,1825.0005106642222
93752,1825.0005106642222
93753,1825.0005106642222
93754,1825.0005106642222
93755,1825.0005106642222
93756,1825.0005106642222
93757,1825.0005106642222
93758,1825.0005106642222
93759,1825.0005106642222
93760,1825.0005106642222
93761,1825.0005106642222
93762,1825.0005106642222
93763,1825.0005106642222
93764,1825.0005106642222
93765,1825.0005106642222
93766,1825.0005106642222
93767,1825.0005106642222
93768,1825.0005106642222
93769,1825.0005106642222
93770,1825.0005106642222
93771,1825.0005106642222
93772,1825.0005106642222
93773,1825.0005106642222
93774,1825.0005106642222
93775,1825.0005106642222
93776,1825.0005106642222
93777,1825.0005106642222
93778,1825.0005106642222
93779,1825.0005106642222
93780,1825.0005106642222
93781,1825.0005106642222
93782,1825.0005106642222
93783,1825.0005106642222
93784,1825.0005106642222
93785,1825.0005106642222
93786,1825.0005106642222
93787,1825.0005106642222
93788,1825.0005106642222
93789,1825.0005106642222
93790,1825.0005106642222
93791,1825.0005106642222
93792,1825.0005106642222
93793,1825.0005106642222
93794,1825.0005106642222
93795,1825.0005106642222
93796,1825.0005106642222
93797,1825.0005106642222
93798,1825.0005106642222
93799,1825.0005106642222
93800,1825.0005106642222
93801,1825.0005106642222
93802,1825.0005106642222
93803,1825.0005106642222
93804,1825.0005106642222
93805,1825.0005106642222
93806,1825.0005106642222
93807,1825.0005106642222
93808,1825.0005106642222
93809,1825.0005106642222
93810,1825.0005106642222
93811,1825.0005106642222
93812,1825.0005106642222
93813,1825.0005106642222
93814,1825.0005106642222
93815,1825.0005106642222
93816,1825.0005106642222
93817,1825.0005106642222
93818,1825.0005106642222
93819,1825.0005106642222
93820,1825.0005106642222
93821,1825.0005106642222
93822,1825.0005106642222
93823,1825.0005106642222
93824,1825.0005106642222
93825,1825.0005106642222
93826,1825.0005106642222
93827,1825.0005106642222
93828,1825.0005106642222
93829,1825.0005106642222
93830,1825.0005106642222
93831,1825.0005106642222
93832,1825.0005106642222
93833,1825.0005106642222
93834,1825.0005106642222
93835,1825.0005106642222
93836,1825.0005106642222
93837,1825.0005106642222
93838,1825.0005106642222
93839,1825.0005106642222
93840,1825.0005106642222
93841,1825.0005106642222
93842,1825.0005106642222
93843,1825.0005106642222
93844,1825.0005106642222
93845,1825.0005106642222
93846,1825.0005106642222
93847,1825.0005106642222
93848,1825.0005106642222
93849,1825.0005106642222
93850,1825.0005106642222
93851,1825.0005106642222
93852,1825.0005106642222
93853,1825.0005106642222
93854,1825.0005106642222
93855,1825.0005106642222
93856,1825.0005106642222
93857,1825.0005106642222
93858,1825.0005106642222
93859,1825.0005106642222
93860,1825.0005106642222
93861,1825.0005106642222
93862,1825.0005106642222
93863,1825.0005106642222
93864,1825.0005106642222
93865,1825.0005106642222
93866,1825.0005106642222
93867,1825.0005106642222
93868,1825.0005106642222
93869,1825.0005106642222
93870,1825.0005106642222
93871,1825.0005106642222
93872,1825.0005106642222
93873,1825.0005106642222
93874,1825.0005106642222
93875,1825.0005106642222
93876,1825.0005106642222
93877,1825.0005106642222
93878,1825.0005106642222
93879,1825.0005106642222
93880,1825.0005106642222
93881,1825.0005106642222
93882,1825.0005106642222
93883,1825.0005106642222
93884,1825.0005106642222
93885,1825.0005106642222
93886,1825.0005106642222
93887,1825.0005106642222
93888,1825.0005106642222
93889,1825.0005106642222
93890,1825.0005106642222
93891,1825.0005106642222
93892,1825.0005106642222
93893,1825.0005106642222
93894,1825.0005106642222
93895,1825.0005106642222
93896,1825.0005106642222
93897,1825.0005106642222
93898,1825.0005106642222
93899,1825.0005106642222
93900,1825.0005106642222
93901,1825.0005106642222
93902,1825.0005106642222
93903,1825.0005106642222
93904,1825.0005106642222
93905,1825.0005106642222
93906,1825.0005106642222
93907,1825.0005106642222
93908,1825.0005106642222
93909,1825.0005106642222
93910,1825.0005106642222
93911,1825.0005106642222
93912,1825.0005106642222
93913,1825.0005106642222
93914,1825.0005106642222
93915,1825.0005106642222
93916,1825.0005106642222
93917,1825.0005106642222
93918,1825.0005106642222
93919,1825.0005106642222
93920,1825.0005106642222
93921,1825.0005106642222
93922,1825.0005106642222
93923,1825.0005106642222
93924,1825.0005106642222
93925,1825.0005106642222
93926,1825.0005106642222
93927,1825.0005106642222
93928,1825.0005106642222
93929,1825.0005106642222
93930,1825.0005106642222
93931,1825.0005106642222
93932,1825.0005106642222
93933,1825.0005106642222
93934,1825.0005106642222
93935,1825.0005106642222
93936,1825.0005106642222
93937,1825.0005106642222
93938,1825.0005106642222
93939,1825.0005106642222
93940,1825.0005106642222
93941,1825.0005106642222
93942,1825.0005106642222
93943,1825.0005106642222
93944,1825.0005106642222
93945,1825.0005106642222
93946,1825.0005106642222
93947,1825.0005106642222
93948,1825.0005106642222
93949,1825.0005106642222
93950,1825.0005106642222
93951,1825.0005106642222
93952,1825.0005106642222
93953,1825.0005106642222
93954,1825.0005106642222
93955,1825.0005106642222
93956,1825.0005106642222
93957,1825.0005106642222
93958,1825.0005106642222
93959,1825.0005106642222
93960,1825.0005106642222
93961,1825.0005106642222
93962,1825.0005106642222
93963,1825.0005106642222
93964,1825.0005106642222
93965,1825.0005106642222
93966,1825.0005106642222
93967,1825.0005106642222
93968,1825.0005106642222
93969,1825.0005106642222
93970,1825.0005106642222
93971,1825.0005106642222
93972,1825.0005106642222
93973,1825.0005106642222
93974,1825.0005106642222
93975,1825.0005106642222
93976,1825.0005106642222
93977,1825.0005106642222
93978,1825.0005106642222
93979,1825.0005106642222
93980,1825.0005106642222
93981,1825.0005106642222
93982,1825.0005106642222
93983,1825.0005106642222
93984,1825.0005106642222
93985,1825.0005106642222
93986,1825.0005106642222
93987,1825.0005106642222
93988,1825.0005106642222
93989,1825.0005106642222
93990,1825.0005106642222
93991,1825.0005106642222
93992,1825.0005106642222
93993,1825.0005106642222
93994,1825.0005106642222
93995,1825.0005106642222
93996,1825.0005106642222
93997,1825.0005106642222
93998,1825.0005106642222
93999,1825.0005106642222
94000,1825.0005106642222
94001,1825.0005106642222
94002,1825.0005106642222
94003,1825.0005106642222
94004,1825.0005106642222
94005,1825.0005106642222
94006,1825.0005106642222
94007,1825.0005106642222
94008,1825.0005106642222
94009,1825.0005106642222
94010,1825.0005106642222
94011,1825.0005106642222
94012,1825.0005106642222
94013,1825.0005106642222
94014,1825.0005106642222
94015,1825.0005106642222
94016,1825.0005106642222
94017,1825.0005106642222
94018,1825.0005106642222
94019,1825.0005106642222
94020,1825.0005106642222
94021,1825.0005106642222
94022,1825.0005106642222
94023,1825.0005106642222
94024,1825.0005106642222
94025,1825.0005106642222
94026,1825.0005106642222
94027,1825.0005106642222
94028,1825.0005106642222
94029,1825.0005106642222
94030,1825.0005106642222
94031,1825.0005106642222
94032,1825.0005106642222
94033,1825.0005106642222
94034,1825.0005106642222
94035,1825.0005106642222
94036,1825.0005106642222
94037,1825.0005106642222
94038,1825.0005106642222
94039,1825.0005106642222
94040,1825.0005106642222
94041,1825.0005106642222
94042,1825.0005106642222
94043,1825.0005106642222
94044,1825.0005106642222
94045,1825.0005106642222
94046,1825.0005106642222
94047,1825.0005106642222
94048,1825.0005106642222
94049,1825.0005106642222
94050,1825.0005106642222
94051,1825.0005106642222
94052,1825.0005106642222
94053,1825.0005106642222
94054,1825.0005106642222
94055,1825.0005106642222
94056,1825.0005106642222
94057,1825.0005106642222
94058,1825.0005106642222
94059,1825.0005106642222
94060,1825.0005106642222
94061,1825.0005106642222
94062,1825.0005106642222
94063,1825.0005106642222
94064,1825.0005106642222
94065,1825.0005106642222
94066,1825.0005106642222
94067,1825.0005106642222
94068,1825.0005106642222
94069,1825.0005106642222
94070,1825.0005106642222
94071,1825.0005106642222
94072,1825.0005106642222
94073,1825.0005106642222
94074,1825.0005106642222
94075,1825.0005106642222
94076,1825.0005106642222
94077,1825.0005106642222
94078,1825.0005106642222
94079,1825.0005106642222
94080,1825.0005106642222
94081,1825.0005106642222
94082,1825.0005106642222
94083,1825.0005106642222
94084,1825.0005106642222
94085,1825.0005106642222
94086,1825.0005106642222
94087,1825.0005106642222
94088,1825.0005106642222
94089,1825.0005106642222
94090,1825.0005106642222
94091,1825.0005106642222
94092,1825.0005106642222
94093,1825.0005106642222
94094,1825.0005106642222
94095,1825.0005106642222
94096,1825.0005106642222
94097,1825.0005106642222
94098,1825.0005106642222
94099,1825.0005106642222
94100,1825.0005106642222
94101,1825.0005106642222
94102,1825.0005106642222
94103,1825.0005106642222
94104,1825.0005106642222
94105,1825.0005106642222
94106,1825.0005106642222
94107,1825.0005106642222
94108,1825.0005106642222
94109,1825.0005106642222
94110,1825.0005106642222
94111,1825.0005106642222
94112,1825.0005106642222
94113,1825.0005106642222
94114,1825.0005106642222
94115,1825.0005106642222
94116,1825.0005106642222
94117,1825.0005106642222
94118,1825.0005106642222
94119,1825.0005106642222
94120,1825.0005106642222
94121,1825.0005106642222
94122,1825.0005106642222
94123,1825.0005106642222
94124,1825.0005106642222
94125,1825.0005106642222
94126,1825.0005106642222
94127,1825.0005106642222
94128,1825.0005106642222
94129,1825.0005106642222
94130,1825.0005106642222
94131,1825.0005106642222
94132,1825.0005106642222
94133,1825.0005106642222
94134,1825.0005106642222
94135,1825.0005106642222
94136,1825.0005106642222
94137,1825.0005106642222
94138,1825.0005106642222
94139,1825.0005106642222
94140,1825.0005106642222
94141,1825.0005106642222
94142,1825.0005106642222
94143,1825.0005106642222
94144,1825.0005106642222
94145,1825.0005106642222
94146,1825.0005106642222
94147,1825.0005106642222
94148,1825.0005106642222
94149,1825.0005106642222
94150,1825.0005106642222
94151,1825.0005106642222
94152,1825.0005106642222
94153,1825.0005106642222
94154,1825.0005106642222
94155,1825.0005106642222
94156,1825.0005106642222
94157,1825.0005106642222
94158,1825.0005106642222
94159,1825.0005106642222
94160,1825.0005106642222
94161,1825.0005106642222
94162,1825.0005106642222
94163,1825.0005106642222
94164,1825.0005106642222
94165,1825.0005106642222
94166,1825.0005106642222
94167,1825.0005106642222
94168,1825.0005106642222
94169,1825.0005106642222
94170,1825.0005106642222
94171,1825.0005106642222
94172,1825.0005106642222
94173,1825.0005106642222
94174,1825.0005106642222
94175,1825.0005106642222
94176,1825.0005106642222
94177,1825.0005106642222
94178,1825.0005106642222
94179,1825.0005106642222
94180,1825.0005106642222
94181,1825.0005106642222
94182,1825.0005106642222
94183,1825.0005106642222
94184,1825.0005106642222
94185,1825.0005106642222
94186,1825.0005106642222
94187,1825.0005106642222
94188,1825.0005106642222
94189,1825.0005106642222
94190,1825.0005106642222
94191,1825.0005106642222
94192,1825.0005106642222
94193,1825.0005106642222
94194,1825.0005106642222
94195,1825.0005106642222
94196,1825.0005106642222
94197,1825.0005106642222
94198,1825.0005106642222
94199,1825.0005106642222
94200,1825.0005106642222
94201,1825.0005106642222
94202,1825.0005106642222
94203,1825.0005106642222
94204,1825.0005106642222
94205,1825.0005106642222
94206,1825.0005106642222
94207,1825.0005106642222
94208,1825.0005106642222
94209,1825.0005106642222
94210,1825.0005106642222
94211,1825.0005106642222
94212,1825.0005106642222
94213,1825.0005106642222
94214,1825.0005106642222
94215,1825.0005106642222
94216,1825.0005106642222
94217,1825.0005106642222
94218,1825.0005106642222
94219,1825.0005106642222
94220,1825.0005106642222
94221,1825.0005106642222
94222,1825.0005106642222
94223,1825.0005106642222
94224,1825.0005106642222
94225,1825.0005106642222
94226,1825.0005106642222
94227,1825.0005106642222
94228,1825.0005106642222
94229,1825.0005106642222
94230,1825.0005106642222
94231,1825.0005106642222
94232,1825.0005106642222
94233,1825.0005106642222
94234,1825.0005106642222
94235,1825.0005106642222
94236,1825.0005106642222
94237,1825.0005106642222
94238,1825.0005106642222
94239,1825.0005106642222
94240,1825.0005106642222
94241,1825.0005106642222
94242,1825.0005106642222
94243,1825.0005106642222
94244,1825.0005106642222
94245,1825.0005106642222
94246,1825.0005106642222
94247,1825.0005106642222
94248,1825.0005106642222
94249,1825.0005106642222
94250,1825.0005106642222
94251,1825.0005106642222
94252,1825.0005106642222
94253,1825.0005106642222
94254,1825.0005106642222
94255,1825.0005106642222
94256,1825.0005106642222
94257,1825.0005106642222
94258,1825.0005106642222
94259,1825.0005106642222
94260,1825.0005106642222
94261,1825.0005106642222
94262,1825.0005106642222
94263,1825.0005106642222
94264,1825.0005106642222
94265,1825.0005106642222
94266,1825.0005106642222
94267,1825.0005106642222
94268,1825.0005106642222
94269,1825.0005106642222
94270,1825.0005106642222
94271,1825.0005106642222
94272,1825.0005106642222
94273,1825.0005106642222
94274,1825.0005106642222
94275,1825.0005106642222
94276,1825.0005106642222
94277,1825.0005106642222
94278,1825.0005106642222
94279,1825.0005106642222
94280,1825.0005106642222
94281,1825.0005106642222
94282,1825.0005106642222
94283,1825.0005106642222
94284,1825.0005106642222
94285,1825.0005106642222
94286,1825.0005106642222
94287,1825.0005106642222
94288,1825.0005106642222
94289,1825.0005106642222
94290,1825.0005106642222
94291,1825.0005106642222
94292,1825.0005106642222
94293,1825.0005106642222
94294,1825.0005106642222
94295,1825.0005106642222
94296,1825.0005106642222
94297,1825.0005106642222
94298,1825.0005106642222
94299,1825.0005106642222
94300,1825.0005106642222
94301,1825.0005106642222
94302,1825.0005106642222
94303,1825.0005106642222
94304,1825.0005106642222
94305,1825.0005106642222
94306,1825.0005106642222
94307,1825.0005106642222
94308,1825.0005106642222
94309,1825.0005106642222
94310,1825.0005106642222
94311,1825.0005106642222
94312,1825.0005106642222
94313,1825.0005106642222
94314,1825.0005106642222
94315,1825.0005106642222
94316,1825.0005106642222
94317,1825.0005106642222
94318,1825.0005106642222
94319,1825.0005106642222
94320,1825.0005106642222
94321,1825.0005106642222
94322,1825.0005106642222
94323,1825.0005106642222
94324,1825.0005106642222
94325,1825.0005106642222
94326,1825.0005106642222
94327,1825.0005106642222
94328,1825.0005106642222
94329,1825.0005106642222
94330,1825.0005106642222
94331,1825.0005106642222
94332,1825.0005106642222
94333,1825.0005106642222
94334,1825.0005106642222
94335,1825.0005106642222
94336,1825.0005106642222
94337,1825.0005106642222
94338,1825.0005106642222
94339,1825.0005106642222
94340,1825.0005106642222
94341,1825.0005106642222
94342,1825.0005106642222
94343,1825.0005106642222
94344,1825.0005106642222
94345,1825.0005106642222
94346,1825.0005106642222
94347,1825.0005106642222
94348,1825.0005106642222
94349,1825.0005106642222
94350,1825.0005106642222
94351,1825.0005106642222
94352,1825.0005106642222
94353,1825.0005106642222
94354,1825.0005106642222
94355,1825.0005106642222
94356,1825.0005106642222
94357,1825.0005106642222
94358,1825.0005106642222
94359,1825.0005106642222
94360,1825.0005106642222
94361,1825.0005106642222
94362,1825.0005106642222
94363,1825.0005106642222
94364,1825.0005106642222
94365,1825.0005106642222
94366,1825.0005106642222
94367,1825.0005106642222
94368,1825.0005106642222
94369,1825.0005106642222
94370,1825.0005106642222
94371,1825.0005106642222
94372,1825.0005106642222
94373,1825.0005106642222
94374,1825.0005106642222
94375,1825.0005106642222
94376,1825.0005106642222
94377,1825.0005106642222
94378,1825.0005106642222
94379,1825.0005106642222
94380,1825.0005106642222
94381,1825.0005106642222
94382,1825.0005106642222
94383,1825.0005106642222
94384,1825.0005106642222
94385,1825.0005106642222
94386,1825.0005106642222
94387,1825.0005106642222
94388,1825.0005106642222
94389,1825.0005106642222
94390,1825.0005106642222
94391,1825.0005106642222
94392,1825.0005106642222
94393,1825.0005106642222
94394,1825.0005106642222
94395,1825.0005106642222
94396,1825.0005106642222
94397,1825.0005106642222
94398,1825.0005106642222
94399,1825.0005106642222
94400,1825.0005106642222
94401,1825.0005106642222
94402,1825.0005106642222
94403,1825.0005106642222
94404,1825.0005106642222
94405,1825.0005106642222
94406,1825.0005106642222
94407,1825.0005106642222
94408,1825.0005106642222
94409,1825.0005106642222
94410,1825.0005106642222
94411,1825.0005106642222
94412,1825.0005106642222
94413,1825.0005106642222
94414,1825.0005106642222
94415,1825.0005106642222
94416,1825.0005106642222
94417,1825.0005106642222
94418,1825.0005106642222
94419,1825.0005106642222
94420,1825.0005106642222
94421,1825.0005106642222
94422,1825.0005106642222
94423,1825.0005106642222
94424,1825.0005106642222
94425,1825.0005106642222
94426,1825.0005106642222
94427,1825.0005106642222
94428,1825.0005106642222
94429,1825.0005106642222
94430,1825.0005106642222
94431,1825.0005106642222
94432,1825.0005106642222
94433,1825.0005106642222
94434,1825.0005106642222
94435,1825.0005106642222
94436,1825.0005106642222
94437,1825.0005106642222
94438,1825.0005106642222
94439,1825.0005106642222
94440,1825.0005106642222
94441,1825.0005106642222
94442,1825.0005106642222
94443,1825.0005106642222
94444,1825.0005106642222
94445,1825.0005106642222
94446,1825.0005106642222
94447,1825.0005106642222
94448,1825.0005106642222
94449,1825.0005106642222
94450,1825.0005106642222
94451,1825.0005106642222
94452,1825.0005106642222
94453,1825.0005106642222
94454,1825.0005106642222
94455,1825.0005106642222
94456,1825.0005106642222
94457,1825.0005106642222
94458,1825.0005106642222
94459,1825.0005106642222
94460,1825.0005106642222
94461,1825.0005106642222
94462,1825.0005106642222
94463,1825.0005106642222
94464,1825.0005106642222
94465,1825.0005106642222
94466,1825.0005106642222
94467,1825.0005106642222
94468,1825.0005106642222
94469,1825.0005106642222
94470,1825.0005106642222
94471,1825.0005106642222
94472,1825.0005106642222
94473,1825.0005106642222
94474,1825.0005106642222
94475,1825.0005106642222
94476,1825.0005106642222
94477,1825.0005106642222
94478,1825.0005106642222
94479,1825.0005106642222
94480,1825.0005106642222
94481,1825.0005106642222
94482,1825.0005106642222
94483,1825.0005106642222
94484,1825.0005106642222
94485,1825.0005106642222
94486,1825.0005106642222
94487,1825.0005106642222
94488,1825.0005106642222
94489,1825.0005106642222
94490,1825.0005106642222
94491,1825.0005106642222
94492,1825.0005106642222
94493,1825.0005106642222
94494,1825.0005106642222
94495,1825.0005106642222
94496,1825.0005106642222
94497,1825.0005106642222
94498,1825.0005106642222
94499,1825.0005106642222
94500,1825.0005106642222
94501,1825.0005106642222
94502,1825.0005106642222
94503,1825.0005106642222
94504,1825.0005106642222
94505,1825.0005106642222
94506,1825.0005106642222
94507,1825.0005106642222
94508,1825.0005106642222
94509,1825.0005106642222
94510,1825.0005106642222
94511,1825.0005106642222
94512,1825.0005106642222
94513,1825.0005106642222
94514,1825.0005106642222
94515,1825.0005106642222
94516,1825.0005106642222
94517,1825.0005106642222
94518,1825.0005106642222
94519,1825.0005106642222
94520,1825.0005106642222
94521,1825.0005106642222
94522,1825.0005106642222
94523,1825.0005106642222
94524,1825.0005106642222
94525,1825.0005106642222
94526,1825.0005106642222
94527,1825.0005106642222
94528,1825.0005106642222
94529,1825.0005106642222
94530,1825.0005106642222
94531,1825.0005106642222
94532,1825.0005106642222
94533,1825.0005106642222
94534,1825.0005106642222
94535,1825.0005106642222
94536,1825.0005106642222
94537,1825.0005106642222
94538,1825.0005106642222
94539,1825.0005106642222
94540,1825.0005106642222
94541,1825.0005106642222
94542,1825.0005106642222
94543,1825.0005106642222
94544,1825.0005106642222
94545,1825.0005106642222
94546,1825.0005106642222
94547,1825.0005106642222
94548,1825.0005106642222
94549,1825.0005106642222
94550,1825.0005106642222
94551,1825.0005106642222
94552,1825.0005106642222
94553,1825.0005106642222
94554,1825.0005106642222
94555,1825.0005106642222
94556,1825.0005106642222
94557,1825.0005106642222
94558,1825.0005106642222
94559,1825.0005106642222
94560,1825.0005106642222
94561,1825.0005106642222
94562,1825.0005106642222
94563,1825.0005106642222
94564,1825.0005106642222
94565,1825.0005106642222
94566,1825.0005106642222
94567,1825.0005106642222
94568,1825.0005106642222
94569,1825.0005106642222
94570,1825.0005106642222
94571,1825.0005106642222
94572,1825.0005106642222
94573,1825.0005106642222
94574,1825.0005106642222
94575,1825.0005106642222
94576,1825.0005106642222
94577,1825.0005106642222
94578,1825.0005106642222
94579,1825.0005106642222
94580,1825.0005106642222
94581,1825.0005106642222
94582,1825.0005106642222
94583,1825.0005106642222
94584,1825.0005106642222
94585,1825.0005106642222
94586,1825.0005106642222
94587,1825.0005106642222
94588,1825.0005106642222
94589,1825.0005106642222
94590,1825.0005106642222
94591,1825.0005106642222
94592,1825.0005106642222
94593,1825.0005106642222
94594,1825.0005106642222
94595,1825.0005106642222
94596,1825.0005106642222
94597,1825.0005106642222
94598,1825.0005106642222
94599,1825.0005106642222
94600,1825.0005106642222
94601,1825.0005106642222
94602,1825.0005106642222
94603,1825.0005106642222
94604,1825.0005106642222
94605,1825.0005106642222
94606,1825.0005106642222
94607,1825.0005106642222
94608,1825.0005106642222
94609,1825.0005106642222
94610,1825.0005106642222
94611,1825.0005106642222
94612,1825.0005106642222
94613,1825.0005106642222
94614,1825.0005106642222
94615,1825.0005106642222
94616,1825.0005106642222
94617,1825.0005106642222
94618,1825.0005106642222
94619,1825.0005106642222
94620,1825.0005106642222
94621,1825.0005106642222
94622,1825.0005106642222
94623,1825.0005106642222
94624,1825.0005106642222
94625,1825.0005106642222
94626,1825.0005106642222
94627,1825.0005106642222
94628,1825.0005106642222
94629,1825.0005106642222
94630,1825.0005106642222
94631,1825.0005106642222
94632,1825.0005106642222
94633,1825.0005106642222
94634,1825.0005106642222
94635,1825.0005106642222
94636,1825.0005106642222
94637,1825.0005106642222
94638,1825.0005106642222
94639,1825.0005106642222
94640,1825.0005106642222
94641,1825.0005106642222
94642,1825.0005106642222
94643,1825.0005106642222
94644,1825.0005106642222
94645,1825.0005106642222
94646,1825.0005106642222
94647,1825.0005106642222
94648,1825.0005106642222
94649,1825.0005106642222
94650,1825.0005106642222
94651,1825.0005106642222
94652,1825.0005106642222
94653,1825.0005106642222
94654,1825.0005106642222
94655,1825.0005106642222
94656,1825.0005106642222
94657,1825.0005106642222
94658,1825.0005106642222
94659,1825.0005106642222
94660,1825.0005106642222
94661,1825.0005106642222
94662,1825.0005106642222
94663,1825.0005106642222
94664,1825.0005106642222
94665,1825.0005106642222
94666,1825.0005106642222
94667,1825.0005106642222
94668,1825.0005106642222
94669,1825.0005106642222
94670,1825.0005106642222
94671,1825.0005106642222
94672,1825.0005106642222
94673,1825.0005106642222
94674,1825.0005106642222
94675,1825.0005106642222
94676,1825.0005106642222
94677,1825.0005106642222
94678,1825.0005106642222
94679,1825.0005106642222
94680,1825.0005106642222
94681,1825.0005106642222
94682,1825.0005106642222
94683,1825.0005106642222
94684,1825.0005106642222
94685,1825.0005106642222
94686,1825.0005106642222
94687,1825.0005106642222
94688,1825.0005106642222
94689,1825.0005106642222
94690,1825.0005106642222
94691,1825.0005106642222
94692,1825.0005106642222
94693,1825.0005106642222
94694,1825.0005106642222
94695,1825.0005106642222
94696,1825.0005106642222
94697,1825.0005106642222
94698,1825.0005106642222
94699,1825.0005106642222
94700,1825.0005106642222
94701,1825.0005106642222
94702,1825.0005106642222
94703,1825.0005106642222
94704,1825.0005106642222
94705,1825.0005106642222
94706,1825.0005106642222
94707,1825.0005106642222
94708,1825.0005106642222
94709,1825.0005106642222
94710,1825.0005106642222
94711,1825.0005106642222
94712,1825.0005106642222
94713,1825.0005106642222
94714,1825.0005106642222
94715,1825.0005106642222
94716,1825.0005106642222
94717,1825.0005106642222
94718,1825.0005106642222
94719,1825.0005106642222
94720,1825.0005106642222
94721,1825.0005106642222
94722,1825.0005106642222
94723,1825.0005106642222
94724,1825.0005106642222
94725,1825.0005106642222
94726,1825.0005106642222
94727,1825.0005106642222
94728,1825.0005106642222
94729,1825.0005106642222
94730,1825.0005106642222
94731,1825.0005106642222
94732,1825.0005106642222
94733,1825.0005106642222
94734,1825.0005106642222
94735,1825.0005106642222
94736,1825.0005106642222
94737,1825.0005106642222
94738,1825.0005106642222
94739,1825.0005106642222
94740,1825.0005106642222
94741,1825.0005106642222
94742,1825.0005106642222
94743,1825.0005106642222
94744,1825.0005106642222
94745,1825.0005106642222
94746,1825.0005106642222
94747,1825.0005106642222
94748,1825.0005106642222
94749,1825.0005106642222
94750,1825.0005106642222
94751,1825.0005106642222
94752,1825.0005106642222
94753,1825.0005106642222
94754,1825.0005106642222
94755,1825.0005106642222
94756,1825.0005106642222
94757,1825.0005106642222
94758,1825.0005106642222
94759,1825.0005106642222
94760,1825.0005106642222
94761,1825.0005106642222
94762,1825.0005106642222
94763,1825.0005106642222
94764,1825.0005106642222
94765,1825.0005106642222
94766,1825.0005106642222
94767,1825.0005106642222
94768,1825.0005106642222
94769,1825.0005106642222
94770,1825.0005106642222
94771,1825.0005106642222
94772,1825.0005106642222
94773,1825.0005106642222
94774,1825.0005106642222
94775,1825.0005106642222
94776,1825.0005106642222
94777,1825.0005106642222
94778,1825.0005106642222
94779,1825.0005106642222
94780,1825.0005106642222
94781,1825.0005106642222
94782,1825.0005106642222
94783,1825.0005106642222
94784,1825.0005106642222
94785,1825.0005106642222
94786,1825.0005106642222
94787,1825.0005106642222
94788,1825.0005106642222
94789,1825.0005106642222
94790,1825.0005106642222
94791,1825.0005106642222
94792,1825.0005106642222
94793,1825.0005106642222
94794,1825.0005106642222
94795,1825.0005106642222
94796,1825.0005106642222
94797,1825.0005106642222
94798,1825.0005106642222
94799,1825.0005106642222
94800,1825.0005106642222
94801,1825.0005106642222
94802,1825.0005106642222
94803,1825.0005106642222
94804,1825.0005106642222
94805,1825.0005106642222
94806,1825.0005106642222
94807,1825.0005106642222
94808,1825.0005106642222
94809,1825.0005106642222
94810,1825.0005106642222
94811,1825.0005106642222
94812,1825.0005106642222
94813,1825.0005106642222
94814,1825.0005106642222
94815,1825.0005106642222
94816,1825.0005106642222
94817,1825.0005106642222
94818,1825.0005106642222
94819,1825.0005106642222
94820,1825.0005106642222
94821,1825.0005106642222
94822,1825.0005106642222
94823,1825.0005106642222
94824,1825.0005106642222
94825,1825.0005106642222
94826,1825.0005106642222
94827,1825.0005106642222
94828,1825.0005106642222
94829,1825.0005106642222
94830,1825.0005106642222
94831,1825.0005106642222
94832,1825.0005106642222
94833,1825.0005106642222
94834,1825.0005106642222
94835,1825.0005106642222
94836,1825.0005106642222
94837,1825.0005106642222
94838,1825.0005106642222
94839,1825.0005106642222
94840,1825.0005106642222
94841,1825.0005106642222
94842,1825.0005106642222
94843,1825.0005106642222
94844,1825.0005106642222
94845,1825.0005106642222
94846,1825.0005106642222
94847,1825.0005106642222
94848,1825.0005106642222
94849,1825.0005106642222
94850,1825.0005106642222
94851,1825.0005106642222
94852,1825.0005106642222
94853,1825.0005106642222
94854,1825.0005106642222
94855,1825.0005106642222
94856,1825.0005106642222
94857,1825.0005106642222
94858,1825.0005106642222
94859,1825.0005106642222
94860,1825.0005106642222
94861,1825.0005106642222
94862,1825.0005106642222
94863,1825.0005106642222
94864,1825.0005106642222
94865,1825.0005106642222
94866,1825.0005106642222
94867,1825.0005106642222
94868,1825.0005106642222
94869,1825.0005106642222
94870,1825.0005106642222
94871,1825.0005106642222
94872,1825.0005106642222
94873,1825.0005106642222
94874,1825.0005106642222
94875,1825.0005106642222
94876,1825.0005106642222
94877,1825.0005106642222
94878,1825.0005106642222
94879,1825.0005106642222
94880,1825.0005106642222
94881,1825.0005106642222
94882,1825.0005106642222
94883,1825.0005106642222
94884,1825.0005106642222
94885,1825.0005106642222
94886,1825.0005106642222
94887,1825.0005106642222
94888,1825.0005106642222
94889,1825.0005106642222
94890,1825.0005106642222
94891,1825.0005106642222
94892,1825.0005106642222
94893,1825.0005106642222
94894,1825.0005106642222
94895,1825.0005106642222
94896,1825.0005106642222
94897,1825.0005106642222
94898,1825.0005106642222
94899,1825.0005106642222
94900,1825.0005106642222
94901,1825.0005106642222
94902,1825.0005106642222
94903,1825.0005106642222
94904,1825.0005106642222
94905,1825.0005106642222
94906,1825.0005106642222
94907,1825.0005106642222
94908,1825.0005106642222
94909,1825.0005106642222
94910,1825.0005106642222
94911,1825.0005106642222
94912,1825.0005106642222
94913,1825.0005106642222
94914,1825.0005106642222
94915,1825.0005106642222
94916,1825.0005106642222
94917,1825.0005106642222
94918,1825.0005106642222
94919,1825.0005106642222
94920,1825.0005106642222
94921,1825.0005106642222
94922,1825.0005106642222
94923,1825.0005106642222
94924,1825.0005106642222
94925,1825.0005106642222
94926,1825.0005106642222
94927,1825.0005106642222
94928,1825.0005106642222
94929,1825.0005106642222
94930,1825.0005106642222
94931,1825.0005106642222
94932,1825.0005106642222
94933,1825.0005106642222
94934,1825.0005106642222
94935,1825.0005106642222
94936,1825.0005106642222
94937,1825.0005106642222
94938,1825.0005106642222
94939,1825.0005106642222
94940,1825.0005106642222
94941,1825.0005106642222
94942,1825.0005106642222
94943,1825.0005106642222
94944,1825.0005106642222
94945,1825.0005106642222
94946,1825.0005106642222
94947,1825.0005106642222
94948,1825.0005106642222
94949,1825.0005106642222
94950,1825.0005106642222
94951,1825.0005106642222
94952,1825.0005106642222
94953,1825.0005106642222
94954,1825.0005106642222
94955,1825.0005106642222
94956,1825.0005106642222
94957,1825.0005106642222
94958,1825.0005106642222
94959,1825.0005106642222
94960,1825.0005106642222
94961,1825.0005106642222
94962,1825.0005106642222
94963,1825.0005106642222
94964,1825.0005106642222
94965,1825.0005106642222
94966,1825.0005106642222
94967,1825.0005106642222
94968,1825.0005106642222
94969,1825.0005106642222
94970,1825.0005106642222
94971,1825.0005106642222
94972,1825.0005106642222
94973,1825.0005106642222
94974,1825.0005106642222
94975,1825.0005106642222
94976,1825.0005106642222
94977,1825.0005106642222
94978,1825.0005106642222
94979,1825.0005106642222
94980,1825.0005106642222
94981,1825.0005106642222
94982,1825.0005106642222
94983,1825.0005106642222
94984,1825.0005106642222
94985,1825.0005106642222
94986,1825.0005106642222
94987,1825.0005106642222
94988,1825.0005106642222
94989,1825.0005106642222
94990,1825.0005106642222
94991,1825.0005106642222
94992,1825.0005106642222
94993,1825.0005106642222
94994,1825.0005106642222
94995,1825.0005106642222
94996,1825.0005106642222
94997,1825.0005106642222
94998,1825.0005106642222
94999,1825.0005106642222
95000,1825.0005106642222
95001,1825.0005106642222
95002,1825.0005106642222
95003,1825.0005106642222
95004,1825.0005106642222
95005,1825.0005106642222
95006,1825.0005106642222
95007,1825.0005106642222
95008,1825.0005106642222
95009,1825.0005106642222
95010,1825.0005106642222
95011,1825.0005106642222
95012,1825.0005106642222
95013,1825.0005106642222
95014,1825.0005106642222
95015,1825.0005106642222
95016,1825.0005106642222
95017,1825.0005106642222
95018,1825.0005106642222
95019,1825.0005106642222
95020,1825.0005106642222
95021,1825.0005106642222
95022,1825.0005106642222
95023,1825.0005106642222
95024,1825.0005106642222
95025,1825.0005106642222
95026,1825.0005106642222
95027,1825.0005106642222
95028,1825.0005106642222
95029,1825.0005106642222
95030,1825.0005106642222
95031,1825.0005106642222
95032,1825.0005106642222
95033,1825.0005106642222
95034,1825.0005106642222
95035,1825.0005106642222
95036,1825.0005106642222
95037,1825.0005106642222
95038,1825.0005106642222
95039,1825.0005106642222
95040,1825.0005106642222
95041,1825.0005106642222
95042,1825.0005106642222
95043,1825.0005106642222
95044,1825.0005106642222
95045,1825.0005106642222
95046,1825.0005106642222
95047,1825.0005106642222
95048,1825.0005106642222
95049,1825.0005106642222
95050,1825.0005106642222
95051,1825.0005106642222
95052,1825.0005106642222
95053,1825.0005106642222
95054,1825.0005106642222
95055,1825.0005106642222
95056,1825.0005106642222
95057,1825.0005106642222
95058,1825.0005106642222
95059,1825.0005106642222
95060,1825.0005106642222
95061,1825.0005106642222
95062,1825.0005106642222
95063,1825.0005106642222
95064,1825.0005106642222
95065,1825.0005106642222
95066,1825.0005106642222
95067,1825.0005106642222
95068,1825.0005106642222
95069,1825.0005106642222
95070,1825.0005106642222
95071,1825.0005106642222
95072,1825.0005106642222
95073,1825.0005106642222
95074,1825.0005106642222
95075,1825.0005106642222
95076,1825.0005106642222
95077,1825.0005106642222
95078,1825.0005106642222
95079,1825.0005106642222
95080,1825.0005106642222
95081,1825.0005106642222
95082,1825.0005106642222
95083,1825.0005106642222
95084,1825.0005106642222
95085,1825.0005106642222
95086,1825.0005106642222
95087,1825.0005106642222
95088,1825.0005106642222
95089,1825.0005106642222
95090,1825.0005106642222
95091,1825.0005106642222
95092,1825.0005106642222
95093,1825.0005106642222
95094,1825.0005106642222
95095,1825.0005106642222
95096,1825.0005106642222
95097,1825.0005106642222
95098,1825.0005106642222
95099,1825.0005106642222
95100,1825.0005106642222
95101,1825.0005106642222
95102,1825.0005106642222
95103,1825.0005106642222
95104,1825.0005106642222
95105,1825.0005106642222
95106,1825.0005106642222
95107,1825.0005106642222
95108,1825.0005106642222
95109,1825.0005106642222
95110,1825.0005106642222
95111,1825.0005106642222
95112,1825.0005106642222
95113,1825.0005106642222
95114,1825.0005106642222
95115,1825.0005106642222
95116,1825.0005106642222
95117,1825.0005106642222
95118,1825.0005106642222
95119,1825.0005106642222
95120,1825.0005106642222
95121,1825.0005106642222
95122,1825.0005106642222
95123,1825.0005106642222
95124,1825.0005106642222
95125,1825.0005106642222
95126,1825.0005106642222
95127,1825.0005106642222
95128,1825.0005106642222
95129,1825.0005106642222
95130,1825.0005106642222
95131,1825.0005106642222
95132,1825.0005106642222
95133,1825.0005106642222
95134,1825.0005106642222
95135,1825.0005106642222
95136,1825.0005106642222
95137,1825.0005106642222
95138,1825.0005106642222
95139,1825.0005106642222
95140,1825.0005106642222
95141,1825.0005106642222
95142,1825.0005106642222
95143,1825.0005106642222
95144,1825.0005106642222
95145,1825.0005106642222
95146,1825.0005106642222
95147,1825.0005106642222
95148,1825.0005106642222
95149,1825.0005106642222
95150,1825.0005106642222
95151,1825.0005106642222
95152,1825.0005106642222
95153,1825.0005106642222
95154,1825.0005106642222
95155,1825.0005106642222
95156,1825.0005106642222
95157,1825.0005106642222
95158,1825.0005106642222
95159,1825.0005106642222
95160,1825.0005106642222
95161,1825.0005106642222
95162,1825.0005106642222
95163,1825.0005106642222
95164,1825.0005106642222
95165,1825.0005106642222
95166,1825.0005106642222
95167,1825.0005106642222
95168,1825.0005106642222
95169,1825.0005106642222
95170,1825.0005106642222
95171,1825.0005106642222
95172,1825.0005106642222
95173,1825.0005106642222
95174,1825.0005106642222
95175,1825.0005106642222
95176,1825.0005106642222
95177,1825.0005106642222
95178,1825.0005106642222
95179,1825.0005106642222
95180,1825.0005106642222
95181,1825.0005106642222
95182,1825.0005106642222
95183,1825.0005106642222
95184,1825.0005106642222
95185,1825.0005106642222
95186,1825.0005106642222
95187,1825.0005106642222
95188,1825.0005106642222
95189,1825.0005106642222
95190,1825.0005106642222
95191,1825.0005106642222
95192,1825.0005106642222
95193,1825.0005106642222
95194,1825.0005106642222
95195,1825.0005106642222
95196,1825.0005106642222
95197,1825.0005106642222
95198,1825.0005106642222
95199,1825.0005106642222
95200,1825.0005106642222
95201,1825.0005106642222
95202,1825.0005106642222
95203,1825.0005106642222
95204,1825.0005106642222
95205,1825.0005106642222
95206,1825.0005106642222
95207,1825.0005106642222
95208,1825.0005106642222
95209,1825.0005106642222
95210,1825.0005106642222
95211,1825.0005106642222
95212,1825.0005106642222
95213,1825.0005106642222
95214,1825.0005106642222
95215,1825.0005106642222
95216,1825.0005106642222
95217,1825.0005106642222
95218,1825.0005106642222
95219,1825.0005106642222
95220,1825.0005106642222
95221,1825.0005106642222
95222,1825.0005106642222
95223,1825.0005106642222
95224,1825.0005106642222
95225,1825.0005106642222
95226,1825.0005106642222
95227,1825.0005106642222
95228,1825.0005106642222
95229,1825.0005106642222
95230,1825.0005106642222
95231,1825.0005106642222
95232,1825.0005106642222
95233,1825.0005106642222
95234,1825.0005106642222
95235,1825.0005106642222
95236,1825.0005106642222
95237,1825.0005106642222
95238,1825.0005106642222
95239,1825.0005106642222
95240,1825.0005106642222
95241,1825.0005106642222
95242,1825.0005106642222
95243,1825.0005106642222
95244,1825.0005106642222
95245,1825.0005106642222
95246,1825.0005106642222
95247,1825.0005106642222
95248,1825.0005106642222
95249,1825.0005106642222
95250,1825.0005106642222
95251,1825.0005106642222
95252,1825.0005106642222
95253,1825.0005106642222
95254,1825.0005106642222
95255,1825.0005106642222
95256,1825.0005106642222
95257,1825.0005106642222
95258,1825.0005106642222
95259,1825.0005106642222
95260,1825.0005106642222
95261,1825.0005106642222
95262,1825.0005106642222
95263,1825.0005106642222
95264,1825.0005106642222
95265,1825.0005106642222
95266,1825.0005106642222
95267,1825.0005106642222
95268,1825.0005106642222
95269,1825.0005106642222
95270,1825.0005106642222
95271,1825.0005106642222
95272,1825.0005106642222
95273,1825.0005106642222
95274,1825.0005106642222
95275,1825.0005106642222
95276,1825.0005106642222
95277,1825.0005106642222
95278,1825.0005106642222
95279,1825.0005106642222
95280,1825.0005106642222
95281,1825.0005106642222
95282,1825.0005106642222
95283,1825.0005106642222
95284,1825.0005106642222
95285,1825.0005106642222
95286,1825.0005106642222
95287,1825.0005106642222
95288,1825.0005106642222
95289,1825.0005106642222
95290,1825.0005106642222
95291,1825.0005106642222
95292,1825.0005106642222
95293,1825.0005106642222
95294,1825.0005106642222
95295,1825.0005106642222
95296,1825.0005106642222
95297,1825.0005106642222
95298,1825.0005106642222
95299,1825.0005106642222
95300,1825.0005106642222
95301,1825.0005106642222
95302,1825.0005106642222
95303,1825.0005106642222
95304,1825.0005106642222
95305,1825.0005106642222
95306,1825.0005106642222
95307,1825.0005106642222
95308,1825.0005106642222
95309,1825.0005106642222
95310,1825.0005106642222
95311,1825.0005106642222
95312,1825.0005106642222
95313,1825.0005106642222
95314,1825.0005106642222
95315,1825.0005106642222
95316,1825.0005106642222
95317,1825.0005106642222
95318,1825.0005106642222
95319,1825.0005106642222
95320,1825.0005106642222
95321,1825.0005106642222
95322,1825.0005106642222
95323,1825.0005106642222
95324,1825.0005106642222
95325,1825.0005106642222
95326,1825.0005106642222
95327,1825.0005106642222
95328,1825.0005106642222
95329,1825.0005106642222
95330,1825.0005106642222
95331,1825.0005106642222
95332,1825.0005106642222
95333,1825.0005106642222
95334,1825.0005106642222
95335,1825.0005106642222
95336,1825.0005106642222
95337,1825.0005106642222
95338,1825.0005106642222
95339,1825.0005106642222
95340,1825.0005106642222
95341,1825.0005106642222
95342,1825.0005106642222
95343,1825.0005106642222
95344,1825.0005106642222
95345,1825.0005106642222
95346,1825.0005106642222
95347,1825.0005106642222
95348,1825.0005106642222
95349,1825.0005106642222
95350,1825.0005106642222
95351,1825.0005106642222
95352,1825.0005106642222
95353,1825.0005106642222
95354,1825.0005106642222
95355,1825.0005106642222
95356,1825.0005106642222
95357,1825.0005106642222
95358,1825.0005106642222
95359,1825.0005106642222
95360,1825.0005106642222
95361,1825.0005106642222
95362,1825.0005106642222
95363,1825.0005106642222
95364,1825.0005106642222
95365,1825.0005106642222
95366,1825.0005106642222
95367,1825.0005106642222
95368,1825.0005106642222
95369,1825.0005106642222
95370,1825.0005106642222
95371,1825.0005106642222
95372,1825.0005106642222
95373,1825.0005106642222
95374,1825.0005106642222
95375,1825.0005106642222
95376,1825.0005106642222
95377,1825.0005106642222
95378,1825.0005106642222
95379,1825.0005106642222
95380,1825.0005106642222
95381,1825.0005106642222
95382,1825.0005106642222
95383,1825.0005106642222
95384,1825.0005106642222
95385,1825.0005106642222
95386,1825.0005106642222
95387,1825.0005106642222
95388,1825.0005106642222
95389,1825.0005106642222
95390,1825.0005106642222
95391,1825.0005106642222
95392,1825.0005106642222
95393,1825.0005106642222
95394,1825.0005106642222
95395,1825.0005106642222
95396,1825.0005106642222
95397,1825.0005106642222
95398,1825.0005106642222
95399,1825.0005106642222
95400,1825.0005106642222
95401,1825.0005106642222
95402,1825.0005106642222
95403,1825.0005106642222
95404,1825.0005106642222
95405,1825.0005106642222
95406,1825.0005106642222
95407,1825.0005106642222
95408,1825.0005106642222
95409,1825.0005106642222
95410,1825.0005106642222
95411,1825.0005106642222
95412,1825.0005106642222
95413,1825.0005106642222
95414,1825.0005106642222
95415,1825.0005106642222
95416,1825.0005106642222
95417,1825.0005106642222
95418,1825.0005106642222
95419,1825.0005106642222
95420,1825.0005106642222
95421,1825.0005106642222
95422,1825.0005106642222
95423,1825.0005106642222
95424,1825.0005106642222
95425,1825.0005106642222
95426,1825.0005106642222
95427,1825.0005106642222
95428,1825.0005106642222
95429,1825.0005106642222
95430,1825.0005106642222
95431,1825.0005106642222
95432,1825.0005106642222
95433,1825.0005106642222
95434,1825.0005106642222
95435,1825.0005106642222
95436,1825.0005106642222
95437,1825.0005106642222
95438,1825.0005106642222
95439,1825.0005106642222
95440,1825.0005106642222
95441,1825.0005106642222
95442,1825.0005106642222
95443,1825.0005106642222
95444,1825.0005106642222
95445,1825.0005106642222
95446,1825.0005106642222
95447,1825.0005106642222
95448,1825.0005106642222
95449,1825.0005106642222
95450,1825.0005106642222
95451,1825.0005106642222
95452,1825.0005106642222
95453,1825.0005106642222
95454,1825.0005106642222
95455,1825.0005106642222
95456,1825.0005106642222
95457,1825.0005106642222
95458,1825.0005106642222
95459,1825.0005106642222
95460,1825.0005106642222
95461,1825.0005106642222
95462,1825.0005106642222
95463,1825.0005106642222
95464,1825.0005106642222
95465,1825.0005106642222
95466,1825.0005106642222
95467,1825.0005106642222
95468,1825.0005106642222
95469,1825.0005106642222
95470,1825.0005106642222
95471,1825.0005106642222
95472,1825.0005106642222
95473,1825.0005106642222
95474,1825.0005106642222
95475,1825.0005106642222
95476,1825.0005106642222
95477,1825.0005106642222
95478,1825.0005106642222
95479,1825.0005106642222
95480,1825.0005106642222
95481,1825.0005106642222
95482,1825.0005106642222
95483,1825.0005106642222
95484,1825.0005106642222
95485,1825.0005106642222
95486,1825.0005106642222
95487,1825.0005106642222
95488,1825.0005106642222
95489,1825.0005106642222
95490,1825.0005106642222
95491,1825.0005106642222
95492,1825.0005106642222
95493,1825.0005106642222
95494,1825.0005106642222
95495,1825.0005106642222
95496,1825.0005106642222
95497,1825.0005106642222
95498,1825.0005106642222
95499,1825.0005106642222
95500,1825.0005106642222
95501,1825.0005106642222
95502,1825.0005106642222
95503,1825.0005106642222
95504,1825.0005106642222
95505,1825.0005106642222
95506,1825.0005106642222
95507,1825.0005106642222
95508,1825.0005106642222
95509,1825.0005106642222
95510,1825.0005106642222
95511,1825.0005106642222
95512,1825.0005106642222
95513,1825.0005106642222
95514,1825.0005106642222
95515,1825.0005106642222
95516,1825.0005106642222
95517,1825.0005106642222
95518,1825.0005106642222
95519,1825.0005106642222
95520,1825.0005106642222
95521,1825.0005106642222
95522,1825.0005106642222
95523,1825.0005106642222
95524,1825.0005106642222
95525,1825.0005106642222
95526,1825.0005106642222
95527,1825.0005106642222
95528,1825.0005106642222
95529,1825.0005106642222
95530,1825.0005106642222
95531,1825.0005106642222
95532,1825.0005106642222
95533,1825.0005106642222
95534,1825.0005106642222
95535,1825.0005106642222
95536,1825.0005106642222
95537,1825.0005106642222
95538,1825.0005106642222
95539,1825.0005106642222
95540,1825.0005106642222
95541,1825.0005106642222
95542,1825.0005106642222
95543,1825.0005106642222
95544,1825.0005106642222
95545,1825.0005106642222
95546,1825.0005106642222
95547,1825.0005106642222
95548,1825.0005106642222
95549,1825.0005106642222
95550,1825.0005106642222
95551,1825.0005106642222
95552,1825.0005106642222
95553,1825.0005106642222
95554,1825.0005106642222
95555,1825.0005106642222
95556,1825.0005106642222
95557,1825.0005106642222
95558,1825.0005106642222
95559,1825.0005106642222
95560,1825.0005106642222
95561,1825.0005106642222
95562,1825.0005106642222
95563,1825.0005106642222
95564,1825.0005106642222
95565,1825.0005106642222
95566,1825.0005106642222
95567,1825.0005106642222
95568,1825.0005106642222
95569,1825.0005106642222
95570,1825.0005106642222
95571,1825.0005106642222
95572,1825.0005106642222
95573,1825.0005106642222
95574,1825.0005106642222
95575,1825.0005106642222
95576,1825.0005106642222
95577,1825.0005106642222
95578,1825.0005106642222
95579,1825.0005106642222
95580,1825.0005106642222
95581,1825.0005106642222
95582,1825.0005106642222
95583,1825.0005106642222
95584,1825.0005106642222
95585,1825.0005106642222
95586,1825.0005106642222
95587,1825.0005106642222
95588,1825.0005106642222
95589,1825.0005106642222
95590,1825.0005106642222
95591,1825.0005106642222
95592,1825.0005106642222
95593,1825.0005106642222
95594,1825.0005106642222
95595,1825.0005106642222
95596,1825.0005106642222
95597,1825.0005106642222
95598,1825.0005106642222
95599,1825.0005106642222
95600,1825.0005106642222
95601,1825.0005106642222
95602,1825.0005106642222
95603,1825.0005106642222
95604,1825.0005106642222
95605,1825.0005106642222
95606,1825.0005106642222
95607,1825.0005106642222
95608,1825.0005106642222
95609,1825.0005106642222
95610,1825.0005106642222
95611,1825.0005106642222
95612,1825.0005106642222
95613,1825.0005106642222
95614,1825.0005106642222
95615,1825.0005106642222
95616,1825.0005106642222
95617,1825.0005106642222
95618,1825.0005106642222
95619,1825.0005106642222
95620,1825.0005106642222
95621,1825.0005106642222
95622,1825.0005106642222
95623,1825.0005106642222
95624,1825.0005106642222
95625,1825.0005106642222
95626,1825.0005106642222
95627,1825.0005106642222
95628,1825.0005106642222
95629,1825.0005106642222
95630,1825.0005106642222
95631,1825.0005106642222
95632,1825.0005106642222
95633,1825.0005106642222
95634,1825.0005106642222
95635,1825.0005106642222
95636,1825.0005106642222
95637,1825.0005106642222
95638,1825.0005106642222
95639,1825.0005106642222
95640,1825.0005106642222
95641,1825.0005106642222
95642,1825.0005106642222
95643,1825.0005106642222
95644,1825.0005106642222
95645,1825.0005106642222
95646,1825.0005106642222
95647,1825.0005106642222
95648,1825.0005106642222
95649,1825.0005106642222
95650,1825.0005106642222
95651,1825.0005106642222
95652,1825.0005106642222
95653,1825.0005106642222
95654,1825.0005106642222
95655,1825.0005106642222
95656,1825.0005106642222
95657,1825.0005106642222
95658,1825.0005106642222
95659,1825.0005106642222
95660,1825.0005106642222
95661,1825.0005106642222
95662,1825.0005106642222
95663,1825.0005106642222
95664,1825.0005106642222
95665,1825.0005106642222
95666,1825.0005106642222
95667,1825.0005106642222
95668,1825.0005106642222
95669,1825.0005106642222
95670,1825.0005106642222
95671,1825.0005106642222
95672,1825.0005106642222
95673,1825.0005106642222
95674,1825.0005106642222
95675,1825.0005106642222
95676,1825.0005106642222
95677,1825.0005106642222
95678,1825.0005106642222
95679,1825.0005106642222
95680,1825.0005106642222
95681,1825.0005106642222
95682,1825.0005106642222
95683,1825.0005106642222
95684,1825.0005106642222
95685,1825.0005106642222
95686,1825.0005106642222
95687,1825.0005106642222
95688,1825.0005106642222
95689,1825.0005106642222
95690,1825.0005106642222
95691,1825.0005106642222
95692,1825.0005106642222
95693,1825.0005106642222
95694,1825.0005106642222
95695,1825.0005106642222
95696,1825.0005106642222
95697,1825.0005106642222
95698,1825.0005106642222
95699,1825.0005106642222
95700,1825.0005106642222
95701,1825.0005106642222
95702,1825.0005106642222
95703,1825.0005106642222
95704,1825.0005106642222
95705,1825.0005106642222
95706,1825.0005106642222
95707,1825.0005106642222
95708,1825.0005106642222
95709,1825.0005106642222
95710,1825.0005106642222
95711,1825.0005106642222
95712,1825.0005106642222
95713,1825.0005106642222
95714,1825.0005106642222
95715,1825.0005106642222
95716,1825.0005106642222
95717,1825.0005106642222
95718,1825.0005106642222
95719,1825.0005106642222
95720,1825.0005106642222
95721,1825.0005106642222
95722,1825.0005106642222
95723,1825.0005106642222
95724,1825.0005106642222
95725,1825.0005106642222
95726,1825.0005106642222
95727,1825.0005106642222
95728,1825.0005106642222
95729,1825.0005106642222
95730,1825.0005106642222
95731,1825.0005106642222
95732,1825.0005106642222
95733,1825.0005106642222
95734,1825.0005106642222
95735,1825.0005106642222
95736,1825.0005106642222
95737,1825.0005106642222
95738,1825.0005106642222
95739,1825.0005106642222
95740,1825.0005106642222
95741,1825.0005106642222
95742,1825.0005106642222
95743,1825.0005106642222
95744,1825.0005106642222
95745,1825.0005106642222
95746,1825.0005106642222
95747,1825.0005106642222
95748,1825.0005106642222
95749,1825.0005106642222
95750,1825.0005106642222
95751,1825.0005106642222
95752,1825.0005106642222
95753,1825.0005106642222
95754,1825.0005106642222
95755,1825.0005106642222
95756,1825.0005106642222
95757,1825.0005106642222
95758,1825.0005106642222
95759,1825.0005106642222
95760,1825.0005106642222
95761,1825.0005106642222
95762,1825.0005106642222
95763,1825.0005106642222
95764,1825.0005106642222
95765,1825.0005106642222
95766,1825.0005106642222
95767,1825.0005106642222
95768,1825.0005106642222
95769,1825.0005106642222
95770,1825.0005106642222
95771,1825.0005106642222
95772,1825.0005106642222
95773,1825.0005106642222
95774,1825.0005106642222
95775,1825.0005106642222
95776,1825.0005106642222
95777,1825.0005106642222
95778,1825.0005106642222
95779,1825.0005106642222
95780,1825.0005106642222
95781,1825.0005106642222
95782,1825.0005106642222
95783,1825.0005106642222
95784,1825.0005106642222
95785,1825.0005106642222
95786,1825.0005106642222
95787,1825.0005106642222
95788,1825.0005106642222
95789,1825.0005106642222
95790,1825.0005106642222
95791,1825.0005106642222
95792,1825.0005106642222
95793,1825.0005106642222
95794,1825.0005106642222
95795,1825.0005106642222
95796,1825.0005106642222
95797,1825.0005106642222
95798,1825.0005106642222
95799,1825.0005106642222
95800,1825.0005106642222
95801,1825.0005106642222
95802,1825.0005106642222
95803,1825.0005106642222
95804,1825.0005106642222
95805,1825.0005106642222
95806,1825.0005106642222
95807,1825.0005106642222
95808,1825.0005106642222
95809,1825.0005106642222
95810,1825.0005106642222
95811,1825.0005106642222
95812,1825.0005106642222
95813,1825.0005106642222
95814,1825.0005106642222
95815,1825.0005106642222
95816,1825.0005106642222
95817,1825.0005106642222
95818,1825.0005106642222
95819,1825.0005106642222
95820,1825.0005106642222
95821,1825.0005106642222
95822,1825.0005106642222
95823,1825.0005106642222
95824,1825.0005106642222
95825,1825.0005106642222
95826,1825.0005106642222
95827,1825.0005106642222
95828,1825.0005106642222
95829,1825.0005106642222
95830,1825.0005106642222
95831,1825.0005106642222
95832,1825.0005106642222
95833,1825.0005106642222
95834,1825.0005106642222
95835,1825.0005106642222
95836,1825.0005106642222
95837,1825.0005106642222
95838,1825.0005106642222
95839,1825.0005106642222
95840,1825.0005106642222
95841,1825.0005106642222
95842,1825.0005106642222
95843,1825.0005106642222
95844,1825.0005106642222
95845,1825.0005106642222
95846,1825.0005106642222
95847,1825.0005106642222
95848,1825.0005106642222
95849,1825.0005106642222
95850,1825.0005106642222
95851,1825.0005106642222
95852,1825.0005106642222
95853,1825.0005106642222
95854,1825.0005106642222
95855,1825.0005106642222
95856,1825.0005106642222
95857,1825.0005106642222
95858,1825.0005106642222
95859,1825.0005106642222
95860,1825.0005106642222
95861,1825.0005106642222
95862,1825.0005106642222
95863,1825.0005106642222
95864,1825.0005106642222
95865,1825.0005106642222
95866,1825.0005106642222
95867,1825.0005106642222
95868,1825.0005106642222
95869,1825.0005106642222
95870,1825.0005106642222
95871,1825.0005106642222
95872,1825.0005106642222
95873,1825.0005106642222
95874,1825.0005106642222
95875,1825.0005106642222
95876,1825.0005106642222
95877,1825.0005106642222
95878,1825.0005106642222
95879,1825.0005106642222
95880,1825.0005106642222
95881,1825.0005106642222
95882,1825.0005106642222
95883,1825.0005106642222
95884,1825.0005106642222
95885,1825.0005106642222
95886,1825.0005106642222
95887,1825.0005106642222
95888,1825.0005106642222
95889,1825.0005106642222
95890,1825.0005106642222
95891,1825.0005106642222
95892,1825.0005106642222
95893,1825.0005106642222
95894,1825.0005106642222
95895,1825.0005106642222
95896,1825.0005106642222
95897,1825.0005106642222
95898,1825.0005106642222
95899,1825.0005106642222
95900,1825.0005106642222
95901,1825.0005106642222
95902,1825.0005106642222
95903,1825.0005106642222
95904,1825.0005106642222
95905,1825.0005106642222
95906,1825.0005106642222
95907,1825.0005106642222
95908,1825.0005106642222
95909,1825.0005106642222
95910,1825.0005106642222
95911,1825.0005106642222
95912,1825.0005106642222
95913,1825.0005106642222
95914,1825.0005106642222
95915,1825.0005106642222
95916,1825.0005106642222
95917,1825.0005106642222
95918,1825.0005106642222
95919,1825.0005106642222
95920,1825.0005106642222
95921,1825.0005106642222
95922,1825.0005106642222
95923,1825.0005106642222
95924,1825.0005106642222
95925,1825.0005106642222
95926,1825.0005106642222
95927,1825.0005106642222
95928,1825.0005106642222
95929,1825.0005106642222
95930,1825.0005106642222
95931,1825.0005106642222
95932,1825.0005106642222
95933,1825.0005106642222
95934,1825.0005106642222
95935,1825.0005106642222
95936,1825.0005106642222
95937,1825.0005106642222
95938,1825.0005106642222
95939,1825.0005106642222
95940,1825.0005106642222
95941,1825.0005106642222
95942,1825.0005106642222
95943,1825.0005106642222
95944,1825.0005106642222
95945,1825.0005106642222
95946,1825.0005106642222
95947,1825.0005106642222
95948,1825.0005106642222
95949,1825.0005106642222
95950,1825.0005106642222
95951,1825.0005106642222
95952,1825.0005106642222
95953,1825.0005106642222
95954,1825.0005106642222
95955,1825.0005106642222
95956,1825.0005106642222
95957,1825.0005106642222
95958,1825.0005106642222
95959,1825.0005106642222
95960,1825.0005106642222
95961,1825.0005106642222
95962,1825.0005106642222
95963,1825.0005106642222
95964,1825.0005106642222
95965,1825.0005106642222
95966,1825.0005106642222
95967,1825.0005106642222
95968,1825.0005106642222
95969,1825.0005106642222
95970,1825.0005106642222
95971,1825.0005106642222
95972,1825.0005106642222
95973,1825.0005106642222
95974,1825.0005106642222
95975,1825.0005106642222
95976,1825.0005106642222
95977,1825.0005106642222
95978,1825.0005106642222
95979,1825.0005106642222
95980,1825.0005106642222
95981,1825.0005106642222
95982,1825.0005106642222
95983,1825.0005106642222
95984,1825.0005106642222
95985,1825.0005106642222
95986,1825.0005106642222
95987,1825.0005106642222
95988,1825.0005106642222
95989,1825.0005106642222
95990,1825.0005106642222
95991,1825.0005106642222
95992,1825.0005106642222
95993,1825.0005106642222
95994,1825.0005106642222
95995,1825.0005106642222
95996,1825.0005106642222
95997,1825.0005106642222
95998,1825.0005106642222
95999,1825.0005106642222
96000,1825.0005106642222
96001,1825.0005106642222
96002,1825.0005106642222
96003,1825.0005106642222
96004,1825.0005106642222
96005,1825.0005106642222
96006,1825.0005106642222
96007,1825.0005106642222
96008,1825.0005106642222
96009,1825.0005106642222
96010,1825.0005106642222
96011,1825.0005106642222
96012,1825.0005106642222
96013,1825.0005106642222
96014,1825.0005106642222
96015,1825.0005106642222
96016,1825.0005106642222
96017,1825.0005106642222
96018,1825.0005106642222
96019,1825.0005106642222
96020,1825.0005106642222
96021,1825.0005106642222
96022,1825.0005106642222
96023,1825.0005106642222
96024,1825.0005106642222
96025,1825.0005106642222
96026,1825.0005106642222
96027,1825.0005106642222
96028,1825.0005106642222
96029,1825.0005106642222
96030,1825.0005106642222
96031,1825.0005106642222
96032,1825.0005106642222
96033,1825.0005106642222
96034,1825.0005106642222
96035,1825.0005106642222
96036,1825.0005106642222
96037,1825.0005106642222
96038,1825.0005106642222
96039,1825.0005106642222
96040,1825.0005106642222
96041,1825.0005106642222
96042,1825.0005106642222
96043,1825.0005106642222
96044,1825.0005106642222
96045,1825.0005106642222
96046,1825.0005106642222
96047,1825.0005106642222
96048,1825.0005106642222
96049,1825.0005106642222
96050,1825.0005106642222
96051,1825.0005106642222
96052,1825.0005106642222
96053,1825.0005106642222
96054,1825.0005106642222
96055,1825.0005106642222
96056,1825.0005106642222
96057,1825.0005106642222
96058,1825.0005106642222
96059,1825.0005106642222
96060,1825.0005106642222
96061,1825.0005106642222
96062,1825.0005106642222
96063,1825.0005106642222
96064,1825.0005106642222
96065,1825.0005106642222
96066,1825.0005106642222
96067,1825.0005106642222
96068,1825.0005106642222
96069,1825.0005106642222
96070,1825.0005106642222
96071,1825.0005106642222
96072,1825.0005106642222
96073,1825.0005106642222
96074,1825.0005106642222
96075,1825.0005106642222
96076,1825.0005106642222
96077,1825.0005106642222
96078,1825.0005106642222
96079,1825.0005106642222
96080,1825.0005106642222
96081,1825.0005106642222
96082,1825.0005106642222
96083,1825.0005106642222
96084,1825.0005106642222
96085,1825.0005106642222
96086,1825.0005106642222
96087,1825.0005106642222
96088,1825.0005106642222
96089,1825.0005106642222
96090,1825.0005106642222
96091,1825.0005106642222
96092,1825.0005106642222
96093,1825.0005106642222
96094,1825.0005106642222
96095,1825.0005106642222
96096,1825.0005106642222
96097,1825.0005106642222
96098,1825.0005106642222
96099,1825.0005106642222
96100,1825.0005106642222
96101,1825.0005106642222
96102,1825.0005106642222
96103,1825.0005106642222
96104,1825.0005106642222
96105,1825.0005106642222
96106,1825.0005106642222
96107,1825.0005106642222
96108,1825.0005106642222
96109,1825.0005106642222
96110,1825.0005106642222
96111,1825.0005106642222
96112,1825.0005106642222
96113,1825.0005106642222
96114,1825.0005106642222
96115,1825.0005106642222
96116,1825.0005106642222
96117,1825.0005106642222
96118,1825.0005106642222
96119,1825.0005106642222
96120,1825.0005106642222
96121,1825.0005106642222
96122,1825.0005106642222
96123,1825.0005106642222
96124,1825.0005106642222
96125,1825.0005106642222
96126,1825.0005106642222
96127,1825.0005106642222
96128,1825.0005106642222
96129,1825.0005106642222
96130,1825.0005106642222
96131,1825.0005106642222
96132,1825.0005106642222
96133,1825.0005106642222
96134,1825.0005106642222
96135,1825.0005106642222
96136,1825.0005106642222
96137,1825.0005106642222
96138,1825.0005106642222
96139,1825.0005106642222
96140,1825.0005106642222
96141,1825.0005106642222
96142,1825.0005106642222
96143,1825.0005106642222
96144,1825.0005106642222
96145,1825.0005106642222
96146,1825.0005106642222
96147,1825.0005106642222
96148,1825.0005106642222
96149,1825.0005106642222
96150,1825.0005106642222
96151,1825.0005106642222
96152,1825.0005106642222
96153,1825.0005106642222
96154,1825.0005106642222
96155,1825.0005106642222
96156,1825.0005106642222
96157,1825.0005106642222
96158,1825.0005106642222
96159,1825.0005106642222
96160,1825.0005106642222
96161,1825.0005106642222
96162,1825.0005106642222
96163,1825.0005106642222
96164,1825.0005106642222
96165,1825.0005106642222
96166,1825.0005106642222
96167,1825.0005106642222
96168,1825.0005106642222
96169,1825.0005106642222
96170,1825.0005106642222
96171,1825.0005106642222
96172,1825.0005106642222
96173,1825.0005106642222
96174,1825.0005106642222
96175,1825.0005106642222
96176,1825.0005106642222
96177,1825.0005106642222
96178,1825.0005106642222
96179,1825.0005106642222
96180,1825.0005106642222
96181,1825.0005106642222
96182,1825.0005106642222
96183,1825.0005106642222
96184,1825.0005106642222
96185,1825.0005106642222
96186,1825.0005106642222
96187,1825.0005106642222
96188,1825.0005106642222
96189,1825.0005106642222
96190,1825.0005106642222
96191,1825.0005106642222
96192,1825.0005106642222
96193,1825.0005106642222
96194,1825.0005106642222
96195,1825.0005106642222
96196,1825.0005106642222
96197,1825.0005106642222
96198,1825.0005106642222
96199,1825.0005106642222
96200,1825.0005106642222
96201,1825.0005106642222
96202,1825.0005106642222
96203,1825.0005106642222
96204,1825.0005106642222
96205,1825.0005106642222
96206,1825.0005106642222
96207,1825.0005106642222
96208,1825.0005106642222
96209,1825.0005106642222
96210,1825.0005106642222
96211,1825.0005106642222
96212,1825.0005106642222
96213,1825.0005106642222
96214,1825.0005106642222
96215,1825.0005106642222
96216,1825.0005106642222
96217,1825.0005106642222
96218,1825.0005106642222
96219,1825.0005106642222
96220,1825.0005106642222
96221,1825.0005106642222
96222,1825.0005106642222
96223,1825.0005106642222
96224,1825.0005106642222
96225,1825.0005106642222
96226,1825.0005106642222
96227,1825.0005106642222
96228,1825.0005106642222
96229,1825.0005106642222
96230,1825.0005106642222
96231,1825.0005106642222
96232,1825.0005106642222
96233,1825.0005106642222
96234,1825.0005106642222
96235,1825.0005106642222
96236,1825.0005106642222
96237,1825.0005106642222
96238,1825.0005106642222
96239,1825.0005106642222
96240,1825.0005106642222
96241,1825.0005106642222
96242,1825.0005106642222
96243,1825.0005106642222
96244,1825.0005106642222
96245,1825.0005106642222
96246,1825.0005106642222
96247,1825.0005106642222
96248,1825.0005106642222
96249,1825.0005106642222
96250,1825.0005106642222
96251,1825.0005106642222
96252,1825.0005106642222
96253,1825.0005106642222
96254,1825.0005106642222
96255,1825.0005106642222
96256,1825.0005106642222
96257,1825.0005106642222
96258,1825.0005106642222
96259,1825.0005106642222
96260,1825.0005106642222
96261,1825.0005106642222
96262,1825.0005106642222
96263,1825.0005106642222
96264,1825.0005106642222
96265,1825.0005106642222
96266,1825.0005106642222
96267,1825.0005106642222
96268,1825.0005106642222
96269,1825.0005106642222
96270,1825.0005106642222
96271,1825.0005106642222
96272,1825.0005106642222
96273,1825.0005106642222
96274,1825.0005106642222
96275,1825.0005106642222
96276,1825.0005106642222
96277,1825.0005106642222
96278,1825.0005106642222
96279,1825.0005106642222
96280,1825.0005106642222
96281,1825.0005106642222
96282,1825.0005106642222
96283,1825.0005106642222
96284,1825.0005106642222
96285,1825.0005106642222
96286,1825.0005106642222
96287,1825.0005106642222
96288,1825.0005106642222
96289,1825.0005106642222
96290,1825.0005106642222
96291,1825.0005106642222
96292,1825.0005106642222
96293,1825.0005106642222
96294,1825.0005106642222
96295,1825.0005106642222
96296,1825.0005106642222
96297,1825.0005106642222
96298,1825.0005106642222
96299,1825.0005106642222
96300,1825.0005106642222
96301,1825.0005106642222
96302,1825.0005106642222
96303,1825.0005106642222
96304,1825.0005106642222
96305,1825.0005106642222
96306,1825.0005106642222
96307,1825.0005106642222
96308,1825.0005106642222
96309,1825.0005106642222
96310,1825.0005106642222
96311,1825.0005106642222
96312,1825.0005106642222
96313,1825.0005106642222
96314,1825.0005106642222
96315,1825.0005106642222
96316,1825.0005106642222
96317,1825.0005106642222
96318,1825.0005106642222
96319,1825.0005106642222
96320,1825.0005106642222
96321,1825.0005106642222
96322,1825.0005106642222
96323,1825.0005106642222
96324,1825.0005106642222
96325,1825.0005106642222
96326,1825.0005106642222
96327,1825.0005106642222
96328,1825.0005106642222
96329,1825.0005106642222
96330,1825.0005106642222
96331,1825.0005106642222
96332,1825.0005106642222
96333,1825.0005106642222
96334,1825.0005106642222
96335,1825.0005106642222
96336,1825.0005106642222
96337,1825.0005106642222
96338,1825.0005106642222
96339,1825.0005106642222
96340,1825.0005106642222
96341,1825.0005106642222
96342,1825.0005106642222
96343,1825.0005106642222
96344,1825.0005106642222
96345,1825.0005106642222
96346,1825.0005106642222
96347,1825.0005106642222
96348,1825.0005106642222
96349,1825.0005106642222
96350,1825.0005106642222
96351,1825.0005106642222
96352,1825.0005106642222
96353,1825.0005106642222
96354,1825.0005106642222
96355,1825.0005106642222
96356,1825.0005106642222
96357,1825.0005106642222
96358,1825.0005106642222
96359,1825.0005106642222
96360,1825.0005106642222
96361,1825.0005106642222
96362,1825.0005106642222
96363,1825.0005106642222
96364,1825.0005106642222
96365,1825.0005106642222
96366,1825.0005106642222
96367,1825.0005106642222
96368,1825.0005106642222
96369,1825.0005106642222
96370,1825.0005106642222
96371,1825.0005106642222
96372,1825.0005106642222
96373,1825.0005106642222
96374,1825.0005106642222
96375,1825.0005106642222
96376,1825.0005106642222
96377,1825.0005106642222
96378,1825.0005106642222
96379,1825.0005106642222
96380,1825.0005106642222
96381,1825.0005106642222
96382,1825.0005106642222
96383,1825.0005106642222
96384,1825.0005106642222
96385,1825.0005106642222
96386,1825.0005106642222
96387,1825.0005106642222
96388,1825.0005106642222
96389,1825.0005106642222
96390,1825.0005106642222
96391,1825.0005106642222
96392,1825.0005106642222
96393,1825.0005106642222
96394,1825.0005106642222
96395,1825.0005106642222
96396,1825.0005106642222
96397,1825.0005106642222
96398,1825.0005106642222
96399,1825.0005106642222
96400,1825.0005106642222
96401,1825.0005106642222
96402,1825.0005106642222
96403,1825.0005106642222
96404,1825.0005106642222
96405,1825.0005106642222
96406,1825.0005106642222
96407,1825.0005106642222
96408,1825.0005106642222
96409,1825.0005106642222
96410,1825.0005106642222
96411,1825.0005106642222
96412,1825.0005106642222
96413,1825.0005106642222
96414,1825.0005106642222
96415,1825.0005106642222
96416,1825.0005106642222
96417,1825.0005106642222
96418,1825.0005106642222
96419,1825.0005106642222
96420,1825.0005106642222
96421,1825.0005106642222
96422,1825.0005106642222
96423,1825.0005106642222
96424,1825.0005106642222
96425,1825.0005106642222
96426,1825.0005106642222
96427,1825.0005106642222
96428,1825.0005106642222
96429,1825.0005106642222
96430,1825.0005106642222
96431,1825.0005106642222
96432,1825.0005106642222
96433,1825.0005106642222
96434,1825.0005106642222
96435,1825.0005106642222
96436,1825.0005106642222
96437,1825.0005106642222
96438,1825.0005106642222
96439,1825.0005106642222
96440,1825.0005106642222
96441,1825.0005106642222
96442,1825.0005106642222
96443,1825.0005106642222
96444,1825.0005106642222
96445,1825.0005106642222
96446,1825.0005106642222
96447,1825.0005106642222
96448,1825.0005106642222
96449,1825.0005106642222
96450,1825.0005106642222
96451,1825.0005106642222
96452,1825.0005106642222
96453,1825.0005106642222
96454,1825.0005106642222
96455,1825.0005106642222
96456,1825.0005106642222
96457,1825.0005106642222
96458,1825.0005106642222
96459,1825.0005106642222
96460,1825.0005106642222
96461,1825.0005106642222
96462,1825.0005106642222
96463,1825.0005106642222
96464,1825.0005106642222
96465,1825.0005106642222
96466,1825.0005106642222
96467,1825.0005106642222
96468,1825.0005106642222
96469,1825.0005106642222
96470,1825.0005106642222
96471,1825.0005106642222
96472,1825.0005106642222
96473,1825.0005106642222
96474,1825.0005106642222
96475,1825.0005106642222
96476,1825.0005106642222
96477,1825.0005106642222
96478,1825.0005106642222
96479,1825.0005106642222
96480,1825.0005106642222
96481,1825.0005106642222
96482,1825.0005106642222
96483,1825.0005106642222
96484,1825.0005106642222
96485,1825.0005106642222
96486,1825.0005106642222
96487,1825.0005106642222
96488,1825.0005106642222
96489,1825.0005106642222
96490,1825.0005106642222
96491,1825.0005106642222
96492,1825.0005106642222
96493,1825.0005106642222
96494,1825.0005106642222
96495,1825.0005106642222
96496,1825.0005106642222
96497,1825.0005106642222
96498,1825.0005106642222
96499,1825.0005106642222
96500,1825.0005106642222
96501,1825.0005106642222
96502,1825.0005106642222
96503,1825.0005106642222
96504,1825.0005106642222
96505,1825.0005106642222
96506,1825.0005106642222
96507,1825.0005106642222
96508,1825.0005106642222
96509,1825.0005106642222
96510,1825.0005106642222
96511,1825.0005106642222
96512,1825.0005106642222
96513,1825.0005106642222
96514,1825.0005106642222
96515,1825.0005106642222
96516,1825.0005106642222
96517,1825.0005106642222
96518,1825.0005106642222
96519,1825.0005106642222
96520,1825.0005106642222
96521,1825.0005106642222
96522,1825.0005106642222
96523,1825.0005106642222
96524,1825.0005106642222
96525,1825.0005106642222
96526,1825.0005106642222
96527,1825.0005106642222
96528,1825.0005106642222
96529,1825.0005106642222
96530,1825.0005106642222
96531,1825.0005106642222
96532,1825.0005106642222
96533,1825.0005106642222
96534,1825.0005106642222
96535,1825.0005106642222
96536,1825.0005106642222
96537,1825.0005106642222
96538,1825.0005106642222
96539,1825.0005106642222
96540,1825.0005106642222
96541,1825.0005106642222
96542,1825.0005106642222
96543,1825.0005106642222
96544,1825.0005106642222
96545,1825.0005106642222
96546,1825.0005106642222
96547,1825.0005106642222
96548,1825.0005106642222
96549,1825.0005106642222
96550,1825.0005106642222
96551,1825.0005106642222
96552,1825.0005106642222
96553,1825.0005106642222
96554,1825.0005106642222
96555,1825.0005106642222
96556,1825.0005106642222
96557,1825.0005106642222
96558,1825.0005106642222
96559,1825.0005106642222
96560,1825.0005106642222
96561,1825.0005106642222
96562,1825.0005106642222
96563,1825.0005106642222
96564,1825.0005106642222
96565,1825.0005106642222
96566,1825.0005106642222
96567,1825.0005106642222
96568,1825.0005106642222
96569,1825.0005106642222
96570,1825.0005106642222
96571,1825.0005106642222
96572,1825.0005106642222
96573,1825.0005106642222
96574,1825.0005106642222
96575,1825.0005106642222
96576,1825.0005106642222
96577,1825.0005106642222
96578,1825.0005106642222
96579,1825.0005106642222
96580,1825.0005106642222
96581,1825.0005106642222
96582,1825.0005106642222
96583,1825.0005106642222
96584,1825.0005106642222
96585,1825.0005106642222
96586,1825.0005106642222
96587,1825.0005106642222
96588,1825.0005106642222
96589,1825.0005106642222
96590,1825.0005106642222
96591,1825.0005106642222
96592,1825.0005106642222
96593,1825.0005106642222
96594,1825.0005106642222
96595,1825.0005106642222
96596,1825.0005106642222
96597,1825.0005106642222
96598,1825.0005106642222
96599,1825.0005106642222
96600,1825.0005106642222
96601,1825.0005106642222
96602,1825.0005106642222
96603,1825.0005106642222
96604,1825.0005106642222
96605,1825.0005106642222
96606,1825.0005106642222
96607,1825.0005106642222
96608,1825.0005106642222
96609,1825.0005106642222
96610,1825.0005106642222
96611,1825.0005106642222
96612,1825.0005106642222
96613,1825.0005106642222
96614,1825.0005106642222
96615,1825.0005106642222
96616,1825.0005106642222
96617,1825.0005106642222
96618,1825.0005106642222
96619,1825.0005106642222
96620,1825.0005106642222
96621,1825.0005106642222
96622,1825.0005106642222
96623,1825.0005106642222
96624,1825.0005106642222
96625,1825.0005106642222
96626,1825.0005106642222
96627,1825.0005106642222
96628,1825.0005106642222
96629,1825.0005106642222
96630,1825.0005106642222
96631,1825.0005106642222
96632,1825.0005106642222
96633,1825.0005106642222
96634,1825.0005106642222
96635,1825.0005106642222
96636,1825.0005106642222
96637,1825.0005106642222
96638,1825.0005106642222
96639,1825.0005106642222
96640,1825.0005106642222
96641,1825.0005106642222
96642,1825.0005106642222
96643,1825.0005106642222
96644,1825.0005106642222
96645,1825.0005106642222
96646,1825.0005106642222
96647,1825.0005106642222
96648,1825.0005106642222
96649,1825.0005106642222
96650,1825.0005106642222
96651,1825.0005106642222
96652,1825.0005106642222
96653,1825.0005106642222
96654,1825.0005106642222
96655,1825.0005106642222
96656,1825.0005106642222
96657,1825.0005106642222
96658,1825.0005106642222
96659,1825.0005106642222
96660,1825.0005106642222
96661,1825.0005106642222
96662,1825.0005106642222
96663,1825.0005106642222
96664,1825.0005106642222
96665,1825.0005106642222
96666,1825.0005106642222
96667,1825.0005106642222
96668,1825.0005106642222
96669,1825.0005106642222
96670,1825.0005106642222
96671,1825.0005106642222
96672,1825.0005106642222
96673,1825.0005106642222
96674,1825.0005106642222
96675,1825.0005106642222
96676,1825.0005106642222
96677,1825.0005106642222
96678,1825.0005106642222
96679,1825.0005106642222
96680,1825.0005106642222
96681,1825.0005106642222
96682,1825.0005106642222
96683,1825.0005106642222
96684,1825.0005106642222
96685,1825.0005106642222
96686,1825.0005106642222
96687,1825.0005106642222
96688,1825.0005106642222
96689,1825.0005106642222
96690,1825.0005106642222
96691,1825.0005106642222
96692,1825.0005106642222
96693,1825.0005106642222
96694,1825.0005106642222
96695,1825.0005106642222
96696,1825.0005106642222
96697,1825.0005106642222
96698,1825.0005106642222
96699,1825.0005106642222
96700,1825.0005106642222
96701,1825.0005106642222
96702,1825.0005106642222
96703,1825.0005106642222
96704,1825.0005106642222
96705,1825.0005106642222
96706,1825.0005106642222
96707,1825.0005106642222
96708,1825.0005106642222
96709,1825.0005106642222
96710,1825.0005106642222
96711,1825.0005106642222
96712,1825.0005106642222
96713,1825.0005106642222
96714,1825.0005106642222
96715,1825.0005106642222
96716,1825.0005106642222
96717,1825.0005106642222
96718,1825.0005106642222
96719,1825.0005106642222
96720,1825.0005106642222
96721,1825.0005106642222
96722,1825.0005106642222
96723,1825.0005106642222
96724,1825.0005106642222
96725,1825.0005106642222
96726,1825.0005106642222
96727,1825.0005106642222
96728,1825.0005106642222
96729,1825.0005106642222
96730,1825.0005106642222
96731,1825.0005106642222
96732,1825.0005106642222
96733,1825.0005106642222
96734,1825.0005106642222
96735,1825.0005106642222
96736,1825.0005106642222
96737,1825.0005106642222
96738,1825.0005106642222
96739,1825.0005106642222
96740,1825.0005106642222
96741,1825.0005106642222
96742,1825.0005106642222
96743,1825.0005106642222
96744,1825.0005106642222
96745,1825.0005106642222
96746,1825.0005106642222
96747,1825.0005106642222
96748,1825.0005106642222
96749,1825.0005106642222
96750,1825.0005106642222
96751,1825.0005106642222
96752,1825.0005106642222
96753,1825.0005106642222
96754,1825.0005106642222
96755,1825.0005106642222
96756,1825.0005106642222
96757,1825.0005106642222
96758,1825.0005106642222
96759,1825.0005106642222
96760,1825.0005106642222
96761,1825.0005106642222
96762,1825.0005106642222
96763,1825.0005106642222
96764,1825.0005106642222
96765,1825.0005106642222
96766,1825.0005106642222
96767,1825.0005106642222
96768,1825.0005106642222
96769,1825.0005106642222
96770,1825.0005106642222
96771,1825.0005106642222
96772,1825.0005106642222
96773,1825.0005106642222
96774,1825.0005106642222
96775,1825.0005106642222
96776,1825.0005106642222
96777,1825.0005106642222
96778,1825.0005106642222
96779,1825.0005106642222
96780,1825.0005106642222
96781,1825.0005106642222
96782,1825.0005106642222
96783,1825.0005106642222
96784,1825.0005106642222
96785,1825.0005106642222
96786,1825.0005106642222
96787,1825.0005106642222
96788,1825.0005106642222
96789,1825.0005106642222
96790,1825.0005106642222
96791,1825.0005106642222
96792,1825.0005106642222
96793,1825.0005106642222
96794,1825.0005106642222
96795,1825.0005106642222
96796,1825.0005106642222
96797,1825.0005106642222
96798,1825.0005106642222
96799,1825.0005106642222
96800,1825.0005106642222
96801,1825.0005106642222
96802,1825.0005106642222
96803,1825.0005106642222
96804,1825.0005106642222
96805,1825.0005106642222
96806,1825.0005106642222
96807,1825.0005106642222
96808,1825.0005106642222
96809,1825.0005106642222
96810,1825.0005106642222
96811,1825.0005106642222
96812,1825.0005106642222
96813,1825.0005106642222
96814,1825.0005106642222
96815,1825.0005106642222
96816,1825.0005106642222
96817,1825.0005106642222
96818,1825.0005106642222
96819,1825.0005106642222
96820,1825.0005106642222
96821,1825.0005106642222
96822,1825.0005106642222
96823,1825.0005106642222
96824,1825.0005106642222
96825,1825.0005106642222
96826,1825.0005106642222
96827,1825.0005106642222
96828,1825.0005106642222
96829,1825.0005106642222
96830,1825.0005106642222
96831,1825.0005106642222
96832,1825.0005106642222
96833,1825.0005106642222
96834,1825.0005106642222
96835,1825.0005106642222
96836,1825.0005106642222
96837,1825.0005106642222
96838,1825.0005106642222
96839,1825.0005106642222
96840,1825.0005106642222
96841,1825.0005106642222
96842,1825.0005106642222
96843,1825.0005106642222
96844,1825.0005106642222
96845,1825.0005106642222
96846,1825.0005106642222
96847,1825.0005106642222
96848,1825.0005106642222
96849,1825.0005106642222
96850,1825.0005106642222
96851,1825.0005106642222
96852,1825.0005106642222
96853,1825.0005106642222
96854,1825.0005106642222
96855,1825.0005106642222
96856,1825.0005106642222
96857,1825.0005106642222
96858,1825.0005106642222
96859,1825.0005106642222
96860,1825.0005106642222
96861,1825.0005106642222
96862,1825.0005106642222
96863,1825.0005106642222
96864,1825.0005106642222
96865,1825.0005106642222
96866,1825.0005106642222
96867,1825.0005106642222
96868,1825.0005106642222
96869,1825.0005106642222
96870,1825.0005106642222
96871,1825.0005106642222
96872,1825.0005106642222
96873,1825.0005106642222
96874,1825.0005106642222
96875,1825.0005106642222
96876,1825.0005106642222
96877,1825.0005106642222
96878,1825.0005106642222
96879,1825.0005106642222
96880,1825.0005106642222
96881,1825.0005106642222
96882,1825.0005106642222
96883,1825.0005106642222
96884,1825.0005106642222
96885,1825.0005106642222
96886,1825.0005106642222
96887,1825.0005106642222
96888,1825.0005106642222
96889,1825.0005106642222
96890,1825.0005106642222
96891,1825.0005106642222
96892,1825.0005106642222
96893,1825.0005106642222
96894,1825.0005106642222
96895,1825.0005106642222
96896,1825.0005106642222
96897,1825.0005106642222
96898,1825.0005106642222
96899,1825.0005106642222
96900,1825.0005106642222
96901,1825.0005106642222
96902,1825.0005106642222
96903,1825.0005106642222
96904,1825.0005106642222
96905,1825.0005106642222
96906,1825.0005106642222
96907,1825.0005106642222
96908,1825.0005106642222
96909,1825.0005106642222
96910,1825.0005106642222
96911,1825.0005106642222
96912,1825.0005106642222
96913,1825.0005106642222
96914,1825.0005106642222
96915,1825.0005106642222
96916,1825.0005106642222
96917,1825.0005106642222
96918,1825.0005106642222
96919,1825.0005106642222
96920,1825.0005106642222
96921,1825.0005106642222
96922,1825.0005106642222
96923,1825.0005106642222
96924,1825.0005106642222
96925,1825.0005106642222
96926,1825.0005106642222
96927,1825.0005106642222
96928,1825.0005106642222
96929,1825.0005106642222
96930,1825.0005106642222
96931,1825.0005106642222
96932,1825.0005106642222
96933,1825.0005106642222
96934,1825.0005106642222
96935,1825.0005106642222
96936,1825.0005106642222
96937,1825.0005106642222
96938,1825.0005106642222
96939,1825.0005106642222
96940,1825.0005106642222
96941,1825.0005106642222
96942,1825.0005106642222
96943,1825.0005106642222
96944,1825.0005106642222
96945,1825.0005106642222
96946,1825.0005106642222
96947,1825.0005106642222
96948,1825.0005106642222
96949,1825.0005106642222
96950,1825.0005106642222
96951,1825.0005106642222
96952,1825.0005106642222
96953,1825.0005106642222
96954,1825.0005106642222
96955,1825.0005106642222
96956,1825.0005106642222
96957,1825.0005106642222
96958,1825.0005106642222
96959,1825.0005106642222
96960,1825.0005106642222
96961,1825.0005106642222
96962,1825.0005106642222
96963,1825.0005106642222
96964,1825.0005106642222
96965,1825.0005106642222
96966,1825.0005106642222
96967,1825.0005106642222
96968,1825.0005106642222
96969,1825.0005106642222
96970,1825.0005106642222
96971,1825.0005106642222
96972,1825.0005106642222
96973,1825.0005106642222
96974,1825.0005106642222
96975,1825.0005106642222
96976,1825.0005106642222
96977,1825.0005106642222
96978,1825.0005106642222
96979,1825.0005106642222
96980,1825.0005106642222
96981,1825.0005106642222
96982,1825.0005106642222
96983,1825.0005106642222
96984,1825.0005106642222
96985,1825.0005106642222
96986,1825.0005106642222
96987,1825.0005106642222
96988,1825.0005106642222
96989,1825.0005106642222
96990,1825.0005106642222
96991,1825.0005106642222
96992,1825.0005106642222
96993,1825.0005106642222
96994,1825.0005106642222
96995,1825.0005106642222
96996,1825.0005106642222
96997,1825.0005106642222
96998,1825.0005106642222
96999,1825.0005106642222
97000,1825.0005106642222
97001,1825.0005106642222
97002,1825.0005106642222
97003,1825.0005106642222
97004,1825.0005106642222
97005,1825.0005106642222
97006,1825.0005106642222
97007,1825.0005106642222
97008,1825.0005106642222
97009,1825.0005106642222
97010,1825.0005106642222
97011,1825.0005106642222
97012,1825.0005106642222
97013,1825.0005106642222
97014,1825.0005106642222
97015,1825.0005106642222
97016,1825.0005106642222
97017,1825.0005106642222
97018,1825.0005106642222
97019,1825.0005106642222
97020,1825.0005106642222
97021,1825.0005106642222
97022,1825.0005106642222
97023,1825.0005106642222
97024,1825.0005106642222
97025,1825.0005106642222
97026,1825.0005106642222
97027,1825.0005106642222
97028,1825.0005106642222
97029,1825.0005106642222
97030,1825.0005106642222
97031,1825.0005106642222
97032,1825.0005106642222
97033,1825.0005106642222
97034,1825.0005106642222
97035,1825.0005106642222
97036,1825.0005106642222
97037,1825.0005106642222
97038,1825.0005106642222
97039,1825.0005106642222
97040,1825.0005106642222
97041,1825.0005106642222
97042,1825.0005106642222
97043,1825.0005106642222
97044,1825.0005106642222
97045,1825.0005106642222
97046,1825.0005106642222
97047,1825.0005106642222
97048,1825.0005106642222
97049,1825.0005106642222
97050,1825.0005106642222
97051,1825.0005106642222
97052,1825.0005106642222
97053,1825.0005106642222
97054,1825.0005106642222
97055,1825.0005106642222
97056,1825.0005106642222
97057,1825.0005106642222
97058,1825.0005106642222
97059,1825.0005106642222
97060,1825.0005106642222
97061,1825.0005106642222
97062,1825.0005106642222
97063,1825.0005106642222
97064,1825.0005106642222
97065,1825.0005106642222
97066,1825.0005106642222
97067,1825.0005106642222
97068,1825.0005106642222
97069,1825.0005106642222
97070,1825.0005106642222
97071,1825.0005106642222
97072,1825.0005106642222
97073,1825.0005106642222
97074,1825.0005106642222
97075,1825.0005106642222
97076,1825.0005106642222
97077,1825.0005106642222
97078,1825.0005106642222
97079,1825.0005106642222
97080,1825.0005106642222
97081,1825.0005106642222
97082,1825.0005106642222
97083,1825.0005106642222
97084,1825.0005106642222
97085,1825.0005106642222
97086,1825.0005106642222
97087,1825.0005106642222
97088,1825.0005106642222
97089,1825.0005106642222
97090,1825.0005106642222
97091,1825.0005106642222
97092,1825.0005106642222
97093,1825.0005106642222
97094,1825.0005106642222
97095,1825.0005106642222
97096,1825.0005106642222
97097,1825.0005106642222
97098,1825.0005106642222
97099,1825.0005106642222
97100,1825.0005106642222
97101,1825.0005106642222
97102,1825.0005106642222
97103,1825.0005106642222
97104,1825.0005106642222
97105,1825.0005106642222
97106,1825.0005106642222
97107,1825.0005106642222
97108,1825.0005106642222
97109,1825.0005106642222
97110,1825.0005106642222
97111,1825.0005106642222
97112,1825.0005106642222
97113,1825.0005106642222
97114,1825.0005106642222
97115,1825.0005106642222
97116,1825.0005106642222
97117,1825.0005106642222
97118,1825.0005106642222
97119,1825.0005106642222
97120,1825.0005106642222
97121,1825.0005106642222
97122,1825.0005106642222
97123,1825.0005106642222
97124,1825.0005106642222
97125,1825.0005106642222
97126,1825.0005106642222
97127,1825.0005106642222
97128,1825.0005106642222
97129,1825.0005106642222
97130,1825.0005106642222
97131,1825.0005106642222
97132,1825.0005106642222
97133,1825.0005106642222
97134,1825.0005106642222
97135,1825.0005106642222
97136,1825.0005106642222
97137,1825.0005106642222
97138,1825.0005106642222
97139,1825.0005106642222
97140,1825.0005106642222
97141,1825.0005106642222
97142,1825.0005106642222
97143,1825.0005106642222
97144,1825.0005106642222
97145,1825.0005106642222
97146,1825.0005106642222
97147,1825.0005106642222
97148,1825.0005106642222
97149,1825.0005106642222
97150,1825.0005106642222
97151,1825.0005106642222
97152,1825.0005106642222
97153,1825.0005106642222
97154,1825.0005106642222
97155,1825.0005106642222
97156,1825.0005106642222
97157,1825.0005106642222
97158,1825.0005106642222
97159,1825.0005106642222
97160,1825.0005106642222
97161,1825.0005106642222
97162,1825.0005106642222
97163,1825.0005106642222
97164,1825.0005106642222
97165,1825.0005106642222
97166,1825.0005106642222
97167,1825.0005106642222
97168,1825.0005106642222
97169,1825.0005106642222
97170,1825.0005106642222
97171,1825.0005106642222
97172,1825.0005106642222
97173,1825.0005106642222
97174,1825.0005106642222
97175,1825.0005106642222
97176,1825.0005106642222
97177,1825.0005106642222
97178,1825.0005106642222
97179,1825.0005106642222
97180,1825.0005106642222
97181,1825.0005106642222
97182,1825.0005106642222
97183,1825.0005106642222
97184,1825.0005106642222
97185,1825.0005106642222
97186,1825.0005106642222
97187,1825.0005106642222
97188,1825.0005106642222
97189,1825.0005106642222
97190,1825.0005106642222
97191,1825.0005106642222
97192,1825.0005106642222
97193,1825.0005106642222
97194,1825.0005106642222
97195,1825.0005106642222
97196,1825.0005106642222
97197,1825.0005106642222
97198,1825.0005106642222
97199,1825.0005106642222
97200,1825.0005106642222
97201,1825.0005106642222
97202,1825.0005106642222
97203,1825.0005106642222
97204,1825.0005106642222
97205,1825.0005106642222
97206,1825.0005106642222
97207,1825.0005106642222
97208,1825.0005106642222
97209,1825.0005106642222
97210,1825.0005106642222
97211,1825.0005106642222
97212,1825.0005106642222
97213,1825.0005106642222
97214,1825.0005106642222
97215,1825.0005106642222
97216,1825.0005106642222
97217,1825.0005106642222
97218,1825.0005106642222
97219,1825.0005106642222
97220,1825.0005106642222
97221,1825.0005106642222
97222,1825.0005106642222
97223,1825.0005106642222
97224,1825.0005106642222
97225,1825.0005106642222
97226,1825.0005106642222
97227,1825.0005106642222
97228,1825.0005106642222
97229,1825.0005106642222
97230,1825.0005106642222
97231,1825.0005106642222
97232,1825.0005106642222
97233,1825.0005106642222
97234,1825.0005106642222
97235,1825.0005106642222
97236,1825.0005106642222
97237,1825.0005106642222
97238,1825.0005106642222
97239,1825.0005106642222
97240,1825.0005106642222
97241,1825.0005106642222
97242,1825.0005106642222
97243,1825.0005106642222
97244,1825.0005106642222
97245,1825.0005106642222
97246,1825.0005106642222
97247,1825.0005106642222
97248,1825.0005106642222
97249,1825.0005106642222
97250,1825.0005106642222
97251,1825.0005106642222
97252,1825.0005106642222
97253,1825.0005106642222
97254,1825.0005106642222
97255,1825.0005106642222
97256,1825.0005106642222
97257,1825.0005106642222
97258,1825.0005106642222
97259,1825.0005106642222
97260,1825.0005106642222
97261,1825.0005106642222
97262,1825.0005106642222
97263,1825.0005106642222
97264,1825.0005106642222
97265,1825.0005106642222
97266,1825.0005106642222
97267,1825.0005106642222
97268,1825.0005106642222
97269,1825.0005106642222
97270,1825.0005106642222
97271,1825.0005106642222
97272,1825.0005106642222
97273,1825.0005106642222
97274,1825.0005106642222
97275,1825.0005106642222
97276,1825.0005106642222
97277,1825.0005106642222
97278,1825.0005106642222
97279,1825.0005106642222
97280,1825.0005106642222
97281,1825.0005106642222
97282,1825.0005106642222
97283,1825.0005106642222
97284,1825.0005106642222
97285,1825.0005106642222
97286,1825.0005106642222
97287,1825.0005106642222
97288,1825.0005106642222
97289,1825.0005106642222
97290,1825.0005106642222
97291,1825.0005106642222
97292,1825.0005106642222
97293,1825.0005106642222
97294,1825.0005106642222
97295,1825.0005106642222
97296,1825.0005106642222
97297,1825.0005106642222
97298,1825.0005106642222
97299,1825.0005106642222
97300,1825.0005106642222
97301,1825.0005106642222
97302,1825.0005106642222
97303,1825.0005106642222
97304,1825.0005106642222
97305,1825.0005106642222
97306,1825.0005106642222
97307,1825.0005106642222
97308,1825.0005106642222
97309,1825.0005106642222
97310,1825.0005106642222
97311,1825.0005106642222
97312,1825.0005106642222
97313,1825.0005106642222
97314,1825.0005106642222
97315,1825.0005106642222
97316,1825.0005106642222
97317,1825.0005106642222
97318,1825.0005106642222
97319,1825.0005106642222
97320,1825.0005106642222
97321,1825.0005106642222
97322,1825.0005106642222
97323,1825.0005106642222
97324,1825.0005106642222
97325,1825.0005106642222
97326,1825.0005106642222
97327,1825.0005106642222
97328,1825.0005106642222
97329,1825.0005106642222
97330,1825.0005106642222
97331,1825.0005106642222
97332,1825.0005106642222
97333,1825.0005106642222
97334,1825.0005106642222
97335,1825.0005106642222
97336,1825.0005106642222
97337,1825.0005106642222
97338,1825.0005106642222
97339,1825.0005106642222
97340,1825.0005106642222
97341,1825.0005106642222
97342,1825.0005106642222
97343,1825.0005106642222
97344,1825.0005106642222
97345,1825.0005106642222
97346,1825.0005106642222
97347,1825.0005106642222
97348,1825.0005106642222
97349,1825.0005106642222
97350,1825.0005106642222
97351,1825.0005106642222
97352,1825.0005106642222
97353,1825.0005106642222
97354,1825.0005106642222
97355,1825.0005106642222
97356,1825.0005106642222
97357,1825.0005106642222
97358,1825.0005106642222
97359,1825.0005106642222
97360,1825.0005106642222
97361,1825.0005106642222
97362,1825.0005106642222
97363,1825.0005106642222
97364,1825.0005106642222
97365,1825.0005106642222
97366,1825.0005106642222
97367,1825.0005106642222
97368,1825.0005106642222
97369,1825.0005106642222
97370,1825.0005106642222
97371,1825.0005106642222
97372,1825.0005106642222
97373,1825.0005106642222
97374,1825.0005106642222
97375,1825.0005106642222
97376,1825.0005106642222
97377,1825.0005106642222
97378,1825.0005106642222
97379,1825.0005106642222
97380,1825.0005106642222
97381,1825.0005106642222
97382,1825.0005106642222
97383,1825.0005106642222
97384,1825.0005106642222
97385,1825.0005106642222
97386,1825.0005106642222
97387,1825.0005106642222
97388,1825.0005106642222
97389,1825.0005106642222
97390,1825.0005106642222
97391,1825.0005106642222
97392,1825.0005106642222
97393,1825.0005106642222
97394,1825.0005106642222
97395,1825.0005106642222
97396,1825.0005106642222
97397,1825.0005106642222
97398,1825.0005106642222
97399,1825.0005106642222
97400,1825.0005106642222
97401,1825.0005106642222
97402,1825.0005106642222
97403,1825.0005106642222
97404,1825.0005106642222
97405,1825.0005106642222
97406,1825.0005106642222
97407,1825.0005106642222
97408,1825.0005106642222
97409,1825.0005106642222
97410,1825.0005106642222
97411,1825.0005106642222
97412,1825.0005106642222
97413,1825.0005106642222
97414,1825.0005106642222
97415,1825.0005106642222
97416,1825.0005106642222
97417,1825.0005106642222
97418,1825.0005106642222
97419,1825.0005106642222
97420,1825.0005106642222
97421,1825.0005106642222
97422,1825.0005106642222
97423,1825.0005106642222
97424,1825.0005106642222
97425,1825.0005106642222
97426,1825.0005106642222
97427,1825.0005106642222
97428,1825.0005106642222
97429,1825.0005106642222
97430,1825.0005106642222
97431,1825.0005106642222
97432,1825.0005106642222
97433,1825.0005106642222
97434,1825.0005106642222
97435,1825.0005106642222
97436,1825.0005106642222
97437,1825.0005106642222
97438,1825.0005106642222
97439,1825.0005106642222
97440,1825.0005106642222
97441,1825.0005106642222
97442,1825.0005106642222
97443,1825.0005106642222
97444,1825.0005106642222
97445,1825.0005106642222
97446,1825.0005106642222
97447,1825.0005106642222
97448,1825.0005106642222
97449,1825.0005106642222
97450,1825.0005106642222
97451,1825.0005106642222
97452,1825.0005106642222
97453,1825.0005106642222
97454,1825.0005106642222
97455,1825.0005106642222
97456,1825.0005106642222
97457,1825.0005106642222
97458,1825.0005106642222
97459,1825.0005106642222
97460,1825.0005106642222
97461,1825.0005106642222
97462,1825.0005106642222
97463,1825.0005106642222
97464,1825.0005106642222
97465,1825.0005106642222
97466,1825.0005106642222
97467,1825.0005106642222
97468,1825.0005106642222
97469,1825.0005106642222
97470,1825.0005106642222
97471,1825.0005106642222
97472,1825.0005106642222
97473,1825.0005106642222
97474,1825.0005106642222
97475,1825.0005106642222
97476,1825.0005106642222
97477,1825.0005106642222
97478,1825.0005106642222
97479,1825.0005106642222
97480,1825.0005106642222
97481,1825.0005106642222
97482,1825.0005106642222
97483,1825.0005106642222
97484,1825.0005106642222
97485,1825.0005106642222
97486,1825.0005106642222
97487,1825.0005106642222
97488,1825.0005106642222
97489,1825.0005106642222
97490,1825.0005106642222
97491,1825.0005106642222
97492,1825.0005106642222
97493,1825.0005106642222
97494,1825.0005106642222
97495,1825.0005106642222
97496,1825.0005106642222
97497,1825.0005106642222
97498,1825.0005106642222
97499,1825.0005106642222
97500,1825.0005106642222
97501,1825.0005106642222
97502,1825.0005106642222
97503,1825.0005106642222
97504,1825.0005106642222
97505,1825.0005106642222
97506,1825.0005106642222
97507,1825.0005106642222
97508,1825.0005106642222
97509,1825.0005106642222
97510,1825.0005106642222
97511,1825.0005106642222
97512,1825.0005106642222
97513,1825.0005106642222
97514,1825.0005106642222
97515,1825.0005106642222
97516,1825.0005106642222
97517,1825.0005106642222
97518,1825.0005106642222
97519,1825.0005106642222
97520,1825.0005106642222
97521,1825.0005106642222
97522,1825.0005106642222
97523,1825.0005106642222
97524,1825.0005106642222
97525,1825.0005106642222
97526,1825.0005106642222
97527,1825.0005106642222
97528,1825.0005106642222
97529,1825.0005106642222
97530,1825.0005106642222
97531,1825.0005106642222
97532,1825.0005106642222
97533,1825.0005106642222
97534,1825.0005106642222
97535,1825.0005106642222
97536,1825.0005106642222
97537,1825.0005106642222
97538,1825.0005106642222
97539,1825.0005106642222
97540,1825.0005106642222
97541,1825.0005106642222
97542,1825.0005106642222
97543,1825.0005106642222
97544,1825.0005106642222
97545,1825.0005106642222
97546,1825.0005106642222
97547,1825.0005106642222
97548,1825.0005106642222
97549,1825.0005106642222
97550,1825.0005106642222
97551,1825.0005106642222
97552,1825.0005106642222
97553,1825.0005106642222
97554,1825.0005106642222
97555,1825.0005106642222
97556,1825.0005106642222
97557,1825.0005106642222
97558,1825.0005106642222
97559,1825.0005106642222
97560,1825.0005106642222
97561,1825.0005106642222
97562,1825.0005106642222
97563,1825.0005106642222
97564,1825.0005106642222
97565,1825.0005106642222
97566,1825.0005106642222
97567,1825.0005106642222
97568,1825.0005106642222
97569,1825.0005106642222
97570,1825.0005106642222
97571,1825.0005106642222
97572,1825.0005106642222
97573,1825.0005106642222
97574,1825.0005106642222
97575,1825.0005106642222
97576,1825.0005106642222
97577,1825.0005106642222
97578,1825.0005106642222
97579,1825.0005106642222
97580,1825.0005106642222
97581,1825.0005106642222
97582,1825.0005106642222
97583,1825.0005106642222
97584,1825.0005106642222
97585,1825.0005106642222
97586,1825.0005106642222
97587,1825.0005106642222
97588,1825.0005106642222
97589,1825.0005106642222
97590,1825.0005106642222
97591,1825.0005106642222
97592,1825.0005106642222
97593,1825.0005106642222
97594,1825.0005106642222
97595,1825.0005106642222
97596,1825.0005106642222
97597,1825.0005106642222
97598,1825.0005106642222
97599,1825.0005106642222
97600,1825.0005106642222
97601,1825.0005106642222
97602,1825.0005106642222
97603,1825.0005106642222
97604,1825.0005106642222
97605,1825.0005106642222
97606,1825.0005106642222
97607,1825.0005106642222
97608,1825.0005106642222
97609,1825.0005106642222
97610,1825.0005106642222
97611,1825.0005106642222
97612,1825.0005106642222
97613,1825.0005106642222
97614,1825.0005106642222
97615,1825.0005106642222
97616,1825.0005106642222
97617,1825.0005106642222
97618,1825.0005106642222
97619,1825.0005106642222
97620,1825.0005106642222
97621,1825.0005106642222
97622,1825.0005106642222
97623,1825.0005106642222
97624,1825.0005106642222
97625,1825.0005106642222
97626,1825.0005106642222
97627,1825.0005106642222
97628,1825.0005106642222
97629,1825.0005106642222
97630,1825.0005106642222
97631,1825.0005106642222
97632,1825.0005106642222
97633,1825.0005106642222
97634,1825.0005106642222
97635,1825.0005106642222
97636,1825.0005106642222
97637,1825.0005106642222
97638,1825.0005106642222
97639,1825.0005106642222
97640,1825.0005106642222
97641,1825.0005106642222
97642,1825.0005106642222
97643,1825.0005106642222
97644,1825.0005106642222
97645,1825.0005106642222
97646,1825.0005106642222
97647,1825.0005106642222
97648,1825.0005106642222
97649,1825.0005106642222
97650,1825.0005106642222
97651,1825.0005106642222
97652,1825.0005106642222
97653,1825.0005106642222
97654,1825.0005106642222
97655,1825.0005106642222
97656,1825.0005106642222
97657,1825.0005106642222
97658,1825.0005106642222
97659,1825.0005106642222
97660,1825.0005106642222
97661,1825.0005106642222
97662,1825.0005106642222
97663,1825.0005106642222
97664,1825.0005106642222
97665,1825.0005106642222
97666,1825.0005106642222
97667,1825.0005106642222
97668,1825.0005106642222
97669,1825.0005106642222
97670,1825.0005106642222
97671,1825.0005106642222
97672,1825.0005106642222
97673,1825.0005106642222
97674,1825.0005106642222
97675,1825.0005106642222
97676,1825.0005106642222
97677,1825.0005106642222
97678,1825.0005106642222
97679,1825.0005106642222
97680,1825.0005106642222
97681,1825.0005106642222
97682,1825.0005106642222
97683,1825.0005106642222
97684,1825.0005106642222
97685,1825.0005106642222
97686,1825.0005106642222
97687,1825.0005106642222
97688,1825.0005106642222
97689,1825.0005106642222
97690,1825.0005106642222
97691,1825.0005106642222
97692,1825.0005106642222
97693,1825.0005106642222
97694,1825.0005106642222
97695,1825.0005106642222
97696,1825.0005106642222
97697,1825.0005106642222
97698,1825.0005106642222
97699,1825.0005106642222
97700,1825.0005106642222
97701,1825.0005106642222
97702,1825.0005106642222
97703,1825.0005106642222
97704,1825.0005106642222
97705,1825.0005106642222
97706,1825.0005106642222
97707,1825.0005106642222
97708,1825.0005106642222
97709,1825.0005106642222
97710,1825.0005106642222
97711,1825.0005106642222
97712,1825.0005106642222
97713,1825.0005106642222
97714,1825.0005106642222
97715,1825.0005106642222
97716,1825.0005106642222
97717,1825.0005106642222
97718,1825.0005106642222
97719,1825.0005106642222
97720,1825.0005106642222
97721,1825.0005106642222
97722,1825.0005106642222
97723,1825.0005106642222
97724,1825.0005106642222
97725,1825.0005106642222
97726,1825.0005106642222
97727,1825.0005106642222
97728,1825.0005106642222
97729,1825.0005106642222
97730,1825.0005106642222
97731,1825.0005106642222
97732,1825.0005106642222
97733,1825.0005106642222
97734,1825.0005106642222
97735,1825.0005106642222
97736,1825.0005106642222
97737,1825.0005106642222
97738,1825.0005106642222
97739,1825.0005106642222
97740,1825.0005106642222
97741,1825.0005106642222
97742,1825.0005106642222
97743,1825.0005106642222
97744,1825.0005106642222
97745,1825.0005106642222
97746,1825.0005106642222
97747,1825.0005106642222
97748,1825.0005106642222
97749,1825.0005106642222
97750,1825.0005106642222
97751,1825.0005106642222
97752,1825.0005106642222
97753,1825.0005106642222
97754,1825.0005106642222
97755,1825.0005106642222
97756,1825.0005106642222
97757,1825.0005106642222
97758,1825.0005106642222
97759,1825.0005106642222
97760,1825.0005106642222
97761,1825.0005106642222
97762,1825.0005106642222
97763,1825.0005106642222
97764,1825.0005106642222
97765,1825.0005106642222
97766,1825.0005106642222
97767,1825.0005106642222
97768,1825.0005106642222
97769,1825.0005106642222
97770,1825.0005106642222
97771,1825.0005106642222
97772,1825.0005106642222
97773,1825.0005106642222
97774,1825.0005106642222
97775,1825.0005106642222
97776,1825.0005106642222
97777,1825.0005106642222
97778,1825.0005106642222
97779,1825.0005106642222
97780,1825.0005106642222
97781,1825.0005106642222
97782,1825.0005106642222
97783,1825.0005106642222
97784,1825.0005106642222
97785,1825.0005106642222
97786,1825.0005106642222
97787,1825.0005106642222
97788,1825.0005106642222
97789,1825.0005106642222
97790,1825.0005106642222
97791,1825.0005106642222
97792,1825.0005106642222
97793,1825.0005106642222
97794,1825.0005106642222
97795,1825.0005106642222
97796,1825.0005106642222
97797,1825.0005106642222
97798,1825.0005106642222
97799,1825.0005106642222
97800,1825.0005106642222
97801,1825.0005106642222
97802,1825.0005106642222
97803,1825.0005106642222
97804,1825.0005106642222
97805,1825.0005106642222
97806,1825.0005106642222
97807,1825.0005106642222
97808,1825.0005106642222
97809,1825.0005106642222
97810,1825.0005106642222
97811,1825.0005106642222
97812,1825.0005106642222
97813,1825.0005106642222
97814,1825.0005106642222
97815,1825.0005106642222
97816,1825.0005106642222
97817,1825.0005106642222
97818,1825.0005106642222
97819,1825.0005106642222
97820,1825.0005106642222
97821,1825.0005106642222
97822,1825.0005106642222
97823,1825.0005106642222
97824,1825.0005106642222
97825,1825.0005106642222
97826,1825.0005106642222
97827,1825.0005106642222
97828,1825.0005106642222
97829,1825.0005106642222
97830,1825.0005106642222
97831,1825.0005106642222
97832,1825.0005106642222
97833,1825.0005106642222
97834,1825.0005106642222
97835,1825.0005106642222
97836,1825.0005106642222
97837,1825.0005106642222
97838,1825.0005106642222
97839,1825.0005106642222
97840,1825.0005106642222
97841,1825.0005106642222
97842,1825.0005106642222
97843,1825.0005106642222
97844,1825.0005106642222
97845,1825.0005106642222
97846,1825.0005106642222
97847,1825.0005106642222
97848,1825.0005106642222
97849,1825.0005106642222
97850,1825.0005106642222
97851,1825.0005106642222
97852,1825.0005106642222
97853,1825.0005106642222
97854,1825.0005106642222
97855,1825.0005106642222
97856,1825.0005106642222
97857,1825.0005106642222
97858,1825.0005106642222
97859,1825.0005106642222
97860,1825.0005106642222
97861,1825.0005106642222
97862,1825.0005106642222
97863,1825.0005106642222
97864,1825.0005106642222
97865,1825.0005106642222
97866,1825.0005106642222
97867,1825.0005106642222
97868,1825.0005106642222
97869,1825.0005106642222
97870,1825.0005106642222
97871,1825.0005106642222
97872,1825.0005106642222
97873,1825.0005106642222
97874,1825.0005106642222
97875,1825.0005106642222
97876,1825.0005106642222
97877,1825.0005106642222
97878,1825.0005106642222
97879,1825.0005106642222
97880,1825.0005106642222
97881,1825.0005106642222
97882,1825.0005106642222
97883,1825.0005106642222
97884,1825.0005106642222
97885,1825.0005106642222
97886,1825.0005106642222
97887,1825.0005106642222
97888,1825.0005106642222
97889,1825.0005106642222
97890,1825.0005106642222
97891,1825.0005106642222
97892,1825.0005106642222
97893,1825.0005106642222
97894,1825.0005106642222
97895,1825.0005106642222
97896,1825.0005106642222
97897,1825.0005106642222
97898,1825.0005106642222
97899,1825.0005106642222
97900,1825.0005106642222
97901,1825.0005106642222
97902,1825.0005106642222
97903,1825.0005106642222
97904,1825.0005106642222
97905,1825.0005106642222
97906,1825.0005106642222
97907,1825.0005106642222
97908,1825.0005106642222
97909,1825.0005106642222
97910,1825.0005106642222
97911,1825.0005106642222
97912,1825.0005106642222
97913,1825.0005106642222
97914,1825.0005106642222
97915,1825.0005106642222
97916,1825.0005106642222
97917,1825.0005106642222
97918,1825.0005106642222
97919,1825.0005106642222
97920,1825.0005106642222
97921,1825.0005106642222
97922,1825.0005106642222
97923,1825.0005106642222
97924,1825.0005106642222
97925,1825.0005106642222
97926,1825.0005106642222
97927,1825.0005106642222
97928,1825.0005106642222
97929,1825.0005106642222
97930,1825.0005106642222
97931,1825.0005106642222
97932,1825.0005106642222
97933,1825.0005106642222
97934,1825.0005106642222
97935,1825.0005106642222
97936,1825.0005106642222
97937,1825.0005106642222
97938,1825.0005106642222
97939,1825.0005106642222
97940,1825.0005106642222
97941,1825.0005106642222
97942,1825.0005106642222
97943,1825.0005106642222
97944,1825.0005106642222
97945,1825.0005106642222
97946,1825.0005106642222
97947,1825.0005106642222
97948,1825.0005106642222
97949,1825.0005106642222
97950,1825.0005106642222
97951,1825.0005106642222
97952,1825.0005106642222
97953,1825.0005106642222
97954,1825.0005106642222
97955,1825.0005106642222
97956,1825.0005106642222
97957,1825.0005106642222
97958,1825.0005106642222
97959,1825.0005106642222
97960,1825.0005106642222
97961,1825.0005106642222
97962,1825.0005106642222
97963,1825.0005106642222
97964,1825.0005106642222
97965,1825.0005106642222
97966,1825.0005106642222
97967,1825.0005106642222
97968,1825.0005106642222
97969,1825.0005106642222
97970,1825.0005106642222
97971,1825.0005106642222
97972,1825.0005106642222
97973,1825.0005106642222
97974,1825.0005106642222
97975,1825.0005106642222
97976,1825.0005106642222
97977,1825.0005106642222
97978,1825.0005106642222
97979,1825.0005106642222
97980,1825.0005106642222
97981,1825.0005106642222
97982,1825.0005106642222
97983,1825.0005106642222
97984,1825.0005106642222
97985,1825.0005106642222
97986,1825.0005106642222
97987,1825.0005106642222
97988,1825.0005106642222
97989,1825.0005106642222
97990,1825.0005106642222
97991,1825.0005106642222
97992,1825.0005106642222
97993,1825.0005106642222
97994,1825.0005106642222
97995,1825.0005106642222
97996,1825.0005106642222
97997,1825.0005106642222
97998,1825.0005106642222
97999,1825.0005106642222
98000,1825.0005106642222
98001,1825.0005106642222
98002,1825.0005106642222
98003,1825.0005106642222
98004,1825.0005106642222
98005,1825.0005106642222
98006,1825.0005106642222
98007,1825.0005106642222
98008,1825.0005106642222
98009,1825.0005106642222
98010,1825.0005106642222
98011,1825.0005106642222
98012,1825.0005106642222
98013,1825.0005106642222
98014,1825.0005106642222
98015,1825.0005106642222
98016,1825.0005106642222
98017,1825.0005106642222
98018,1825.0005106642222
98019,1825.0005106642222
98020,1825.0005106642222
98021,1825.0005106642222
98022,1825.0005106642222
98023,1825.0005106642222
98024,1825.0005106642222
98025,1825.0005106642222
98026,1825.0005106642222
98027,1825.0005106642222
98028,1825.0005106642222
98029,1825.0005106642222
98030,1825.0005106642222
98031,1825.0005106642222
98032,1825.0005106642222
98033,1825.0005106642222
98034,1825.0005106642222
98035,1825.0005106642222
98036,1825.0005106642222
98037,1825.0005106642222
98038,1825.0005106642222
98039,1825.0005106642222
98040,1825.0005106642222
98041,1825.0005106642222
98042,1825.0005106642222
98043,1825.0005106642222
98044,1825.0005106642222
98045,1825.0005106642222
98046,1825.0005106642222
98047,1825.0005106642222
98048,1825.0005106642222
98049,1825.0005106642222
98050,1825.0005106642222
98051,1825.0005106642222
98052,1825.0005106642222
98053,1825.0005106642222
98054,1825.0005106642222
98055,1825.0005106642222
98056,1825.0005106642222
98057,1825.0005106642222
98058,1825.0005106642222
98059,1825.0005106642222
98060,1825.0005106642222
98061,1825.0005106642222
98062,1825.0005106642222
98063,1825.0005106642222
98064,1825.0005106642222
98065,1825.0005106642222
98066,1825.0005106642222
98067,1825.0005106642222
98068,1825.0005106642222
98069,1825.0005106642222
98070,1825.0005106642222
98071,1825.0005106642222
98072,1825.0005106642222
98073,1825.0005106642222
98074,1825.0005106642222
98075,1825.0005106642222
98076,1825.0005106642222
98077,1825.0005106642222
98078,1825.0005106642222
98079,1825.0005106642222
98080,1825.0005106642222
98081,1825.0005106642222
98082,1825.0005106642222
98083,1825.0005106642222
98084,1825.0005106642222
98085,1825.0005106642222
98086,1825.0005106642222
98087,1825.0005106642222
98088,1825.0005106642222
98089,1825.0005106642222
98090,1825.0005106642222
98091,1825.0005106642222
98092,1825.0005106642222
98093,1825.0005106642222
98094,1825.0005106642222
98095,1825.0005106642222
98096,1825.0005106642222
98097,1825.0005106642222
98098,1825.0005106642222
98099,1825.0005106642222
98100,1825.0005106642222
98101,1825.0005106642222
98102,1825.0005106642222
98103,1825.0005106642222
98104,1825.0005106642222
98105,1825.0005106642222
98106,1825.0005106642222
98107,1825.0005106642222
98108,1825.0005106642222
98109,1825.0005106642222
98110,1825.0005106642222
98111,1825.0005106642222
98112,1825.0005106642222
98113,1825.0005106642222
98114,1825.0005106642222
98115,1825.0005106642222
98116,1825.0005106642222
98117,1825.0005106642222
98118,1825.0005106642222
98119,1825.0005106642222
98120,1825.0005106642222
98121,1825.0005106642222
98122,1825.0005106642222
98123,1825.0005106642222
98124,1825.0005106642222
98125,1825.0005106642222
98126,1825.0005106642222
98127,1825.0005106642222
98128,1825.0005106642222
98129,1825.0005106642222
98130,1825.0005106642222
98131,1825.0005106642222
98132,1825.0005106642222
98133,1825.0005106642222
98134,1825.0005106642222
98135,1825.0005106642222
98136,1825.0005106642222
98137,1825.0005106642222
98138,1825.0005106642222
98139,1825.0005106642222
98140,1825.0005106642222
98141,1825.0005106642222
98142,1825.0005106642222
98143,1825.0005106642222
98144,1825.0005106642222
98145,1825.0005106642222
98146,1825.0005106642222
98147,1825.0005106642222
98148,1825.0005106642222
98149,1825.0005106642222
98150,1825.0005106642222
98151,1825.0005106642222
98152,1825.0005106642222
98153,1825.0005106642222
98154,1825.0005106642222
98155,1825.0005106642222
98156,1825.0005106642222
98157,1825.0005106642222
98158,1825.0005106642222
98159,1825.0005106642222
98160,1825.0005106642222
98161,1825.0005106642222
98162,1825.0005106642222
98163,1825.0005106642222
98164,1825.0005106642222
98165,1825.0005106642222
98166,1825.0005106642222
98167,1825.0005106642222
98168,1825.0005106642222
98169,1825.0005106642222
98170,1825.0005106642222
98171,1825.0005106642222
98172,1825.0005106642222
98173,1825.0005106642222
98174,1825.0005106642222
98175,1825.0005106642222
98176,1825.0005106642222
98177,1825.0005106642222
98178,1825.0005106642222
98179,1825.0005106642222
98180,1825.0005106642222
98181,1825.0005106642222
98182,1825.0005106642222
98183,1825.0005106642222
98184,1825.0005106642222
98185,1825.0005106642222
98186,1825.0005106642222
98187,1825.0005106642222
98188,1825.0005106642222
98189,1825.0005106642222
98190,1825.0005106642222
98191,1825.0005106642222
98192,1825.0005106642222
98193,1825.0005106642222
98194,1825.0005106642222
98195,1825.0005106642222
98196,1825.0005106642222
98197,1825.0005106642222
98198,1825.0005106642222
98199,1825.0005106642222
98200,1825.0005106642222
98201,1825.0005106642222
98202,1825.0005106642222
98203,1825.0005106642222
98204,1825.0005106642222
98205,1825.0005106642222
98206,1825.0005106642222
98207,1825.0005106642222
98208,1825.0005106642222
98209,1825.0005106642222
98210,1825.0005106642222
98211,1825.0005106642222
98212,1825.0005106642222
98213,1825.0005106642222
98214,1825.0005106642222
98215,1825.0005106642222
98216,1825.0005106642222
98217,1825.0005106642222
98218,1825.0005106642222
98219,1825.0005106642222
98220,1825.0005106642222
98221,1825.0005106642222
98222,1825.0005106642222
98223,1825.0005106642222
98224,1825.0005106642222
98225,1825.0005106642222
98226,1825.0005106642222
98227,1825.0005106642222
98228,1825.0005106642222
98229,1825.0005106642222
98230,1825.0005106642222
98231,1825.0005106642222
98232,1825.0005106642222
98233,1825.0005106642222
98234,1825.0005106642222
98235,1825.0005106642222
98236,1825.0005106642222
98237,1825.0005106642222
98238,1825.0005106642222
98239,1825.0005106642222
98240,1825.0005106642222
98241,1825.0005106642222
98242,1825.0005106642222
98243,1825.0005106642222
98244,1825.0005106642222
98245,1825.0005106642222
98246,1825.0005106642222
98247,1825.0005106642222
98248,1825.0005106642222
98249,1825.0005106642222
98250,1825.0005106642222
98251,1825.0005106642222
98252,1825.0005106642222
98253,1825.0005106642222
98254,1825.0005106642222
98255,1825.0005106642222
98256,1825.0005106642222
98257,1825.0005106642222
98258,1825.0005106642222
98259,1825.0005106642222
98260,1825.0005106642222
98261,1825.0005106642222
98262,1825.0005106642222
98263,1825.0005106642222
98264,1825.0005106642222
98265,1825.0005106642222
98266,1825.0005106642222
98267,1825.0005106642222
98268,1825.0005106642222
98269,1825.0005106642222
98270,1825.0005106642222
98271,1825.0005106642222
98272,1825.0005106642222
98273,1825.0005106642222
98274,1825.0005106642222
98275,1825.0005106642222
98276,1825.0005106642222
98277,1825.0005106642222
98278,1825.0005106642222
98279,1825.0005106642222
98280,1825.0005106642222
98281,1825.0005106642222
98282,1825.0005106642222
98283,1825.0005106642222
98284,1825.0005106642222
98285,1825.0005106642222
98286,1825.0005106642222
98287,1825.0005106642222
98288,1825.0005106642222
98289,1825.0005106642222
98290,1825.0005106642222
98291,1825.0005106642222
98292,1825.0005106642222
98293,1825.0005106642222
98294,1825.0005106642222
98295,1825.0005106642222
98296,1825.0005106642222
98297,1825.0005106642222
98298,1825.0005106642222
98299,1825.0005106642222
98300,1825.0005106642222
98301,1825.0005106642222
98302,1825.0005106642222
98303,1825.0005106642222
98304,1825.0005106642222
98305,1825.0005106642222
98306,1825.0005106642222
98307,1825.0005106642222
98308,1825.0005106642222
98309,1825.0005106642222
98310,1825.0005106642222
98311,1825.0005106642222
98312,1825.0005106642222
98313,1825.0005106642222
98314,1825.0005106642222
98315,1825.0005106642222
98316,1825.0005106642222
98317,1825.0005106642222
98318,1825.0005106642222
98319,1825.0005106642222
98320,1825.0005106642222
98321,1825.0005106642222
98322,1825.0005106642222
98323,1825.0005106642222
98324,1825.0005106642222
98325,1825.0005106642222
98326,1825.0005106642222
98327,1825.0005106642222
98328,1825.0005106642222
98329,1825.0005106642222
98330,1825.0005106642222
98331,1825.0005106642222
98332,1825.0005106642222
98333,1825.0005106642222
98334,1825.0005106642222
98335,1825.0005106642222
98336,1825.0005106642222
98337,1825.0005106642222
98338,1825.0005106642222
98339,1825.0005106642222
98340,1825.0005106642222
98341,1825.0005106642222
98342,1825.0005106642222
98343,1825.0005106642222
98344,1825.0005106642222
98345,1825.0005106642222
98346,1825.0005106642222
98347,1825.0005106642222
98348,1825.0005106642222
98349,1825.0005106642222
98350,1825.0005106642222
98351,1825.0005106642222
98352,1825.0005106642222
98353,1825.0005106642222
98354,1825.0005106642222
98355,1825.0005106642222
98356,1825.0005106642222
98357,1825.0005106642222
98358,1825.0005106642222
98359,1825.0005106642222
98360,1825.0005106642222
98361,1825.0005106642222
98362,1825.0005106642222
98363,1825.0005106642222
98364,1825.0005106642222
98365,1825.0005106642222
98366,1825.0005106642222
98367,1825.0005106642222
98368,1825.0005106642222
98369,1825.0005106642222
98370,1825.0005106642222
98371,1825.0005106642222
98372,1825.0005106642222
98373,1825.0005106642222
98374,1825.0005106642222
98375,1825.0005106642222
98376,1825.0005106642222
98377,1825.0005106642222
98378,1825.0005106642222
98379,1825.0005106642222
98380,1825.0005106642222
98381,1825.0005106642222
98382,1825.0005106642222
98383,1825.0005106642222
98384,1825.0005106642222
98385,1825.0005106642222
98386,1825.0005106642222
98387,1825.0005106642222
98388,1825.0005106642222
98389,1825.0005106642222
98390,1825.0005106642222
98391,1825.0005106642222
98392,1825.0005106642222
98393,1825.0005106642222
98394,1825.0005106642222
98395,1825.0005106642222
98396,1825.0005106642222
98397,1825.0005106642222
98398,1825.0005106642222
98399,1825.0005106642222
98400,1825.0005106642222
98401,1825.0005106642222
98402,1825.0005106642222
98403,1825.0005106642222
98404,1825.0005106642222
98405,1825.0005106642222
98406,1825.0005106642222
98407,1825.0005106642222
98408,1825.0005106642222
98409,1825.0005106642222
98410,1825.0005106642222
98411,1825.0005106642222
98412,1825.0005106642222
98413,1825.0005106642222
98414,1825.0005106642222
98415,1825.0005106642222
98416,1825.0005106642222
98417,1825.0005106642222
98418,1825.0005106642222
98419,1825.0005106642222
98420,1825.0005106642222
98421,1825.0005106642222
98422,1825.0005106642222
98423,1825.0005106642222
98424,1825.0005106642222
98425,1825.0005106642222
98426,1825.0005106642222
98427,1825.0005106642222
98428,1825.0005106642222
98429,1825.0005106642222
98430,1825.0005106642222
98431,1825.0005106642222
98432,1825.0005106642222
98433,1825.0005106642222
98434,1825.0005106642222
98435,1825.0005106642222
98436,1825.0005106642222
98437,1825.0005106642222
98438,1825.0005106642222
98439,1825.0005106642222
98440,1825.0005106642222
98441,1825.0005106642222
98442,1825.0005106642222
98443,1825.0005106642222
98444,1825.0005106642222
98445,1825.0005106642222
98446,1825.0005106642222
98447,1825.0005106642222
98448,1825.0005106642222
98449,1825.0005106642222
98450,1825.0005106642222
98451,1825.0005106642222
98452,1825.0005106642222
98453,1825.0005106642222
98454,1825.0005106642222
98455,1825.0005106642222
98456,1825.0005106642222
98457,1825.0005106642222
98458,1825.0005106642222
98459,1825.0005106642222
98460,1825.0005106642222
98461,1825.0005106642222
98462,1825.0005106642222
98463,1825.0005106642222
98464,1825.0005106642222
98465,1825.0005106642222
98466,1825.0005106642222
98467,1825.0005106642222
98468,1825.0005106642222
98469,1825.0005106642222
98470,1825.0005106642222
98471,1825.0005106642222
98472,1825.0005106642222
98473,1825.0005106642222
98474,1825.0005106642222
98475,1825.0005106642222
98476,1825.0005106642222
98477,1825.0005106642222
98478,1825.0005106642222
98479,1825.0005106642222
98480,1825.0005106642222
98481,1825.0005106642222
98482,1825.0005106642222
98483,1825.0005106642222
98484,1825.0005106642222
98485,1825.0005106642222
98486,1825.0005106642222
98487,1825.0005106642222
98488,1825.0005106642222
98489,1825.0005106642222
98490,1825.0005106642222
98491,1825.0005106642222
98492,1825.0005106642222
98493,1825.0005106642222
98494,1825.0005106642222
98495,1825.0005106642222
98496,1825.0005106642222
98497,1825.0005106642222
98498,1825.0005106642222
98499,1825.0005106642222
98500,1825.0005106642222
98501,1825.0005106642222
98502,1825.0005106642222
98503,1825.0005106642222
98504,1825.0005106642222
98505,1825.0005106642222
98506,1825.0005106642222
98507,1825.0005106642222
98508,1825.0005106642222
98509,1825.0005106642222
98510,1825.0005106642222
98511,1825.0005106642222
98512,1825.0005106642222
98513,1825.0005106642222
98514,1825.0005106642222
98515,1825.0005106642222
98516,1825.0005106642222
98517,1825.0005106642222
98518,1825.0005106642222
98519,1825.0005106642222
98520,1825.0005106642222
98521,1825.0005106642222
98522,1825.0005106642222
98523,1825.0005106642222
98524,1825.0005106642222
98525,1825.0005106642222
98526,1825.0005106642222
98527,1825.0005106642222
98528,1825.0005106642222
98529,1825.0005106642222
98530,1825.0005106642222
98531,1825.0005106642222
98532,1825.0005106642222
98533,1825.0005106642222
98534,1825.0005106642222
98535,1825.0005106642222
98536,1825.0005106642222
98537,1825.0005106642222
98538,1825.0005106642222
98539,1825.0005106642222
98540,1825.0005106642222
98541,1825.0005106642222
98542,1825.0005106642222
98543,1825.0005106642222
98544,1825.0005106642222
98545,1825.0005106642222
98546,1825.0005106642222
98547,1825.0005106642222
98548,1825.0005106642222
98549,1825.0005106642222
98550,1825.0005106642222
98551,1825.0005106642222
98552,1825.0005106642222
98553,1825.0005106642222
98554,1825.0005106642222
98555,1825.0005106642222
98556,1825.0005106642222
98557,1825.0005106642222
98558,1825.0005106642222
98559,1825.0005106642222
98560,1825.0005106642222
98561,1825.0005106642222
98562,1825.0005106642222
98563,1825.0005106642222
98564,1825.0005106642222
98565,1825.0005106642222
98566,1825.0005106642222
98567,1825.0005106642222
98568,1825.0005106642222
98569,1825.0005106642222
98570,1825.0005106642222
98571,1825.0005106642222
98572,1825.0005106642222
98573,1825.0005106642222
98574,1825.0005106642222
98575,1825.0005106642222
98576,1825.0005106642222
98577,1825.0005106642222
98578,1825.0005106642222
98579,1825.0005106642222
98580,1825.0005106642222
98581,1825.0005106642222
98582,1825.0005106642222
98583,1825.0005106642222
98584,1825.0005106642222
98585,1825.0005106642222
98586,1825.0005106642222
98587,1825.0005106642222
98588,1825.0005106642222
98589,1825.0005106642222
98590,1825.0005106642222
98591,1825.0005106642222
98592,1825.0005106642222
98593,1825.0005106642222
98594,1825.0005106642222
98595,1825.0005106642222
98596,1825.0005106642222
98597,1825.0005106642222
98598,1825.0005106642222
98599,1825.0005106642222
98600,1825.0005106642222
98601,1825.0005106642222
98602,1825.0005106642222
98603,1825.0005106642222
98604,1825.0005106642222
98605,1825.0005106642222
98606,1825.0005106642222
98607,1825.0005106642222
98608,1825.0005106642222
98609,1825.0005106642222
98610,1825.0005106642222
98611,1825.0005106642222
98612,1825.0005106642222
98613,1825.0005106642222
98614,1825.0005106642222
98615,1825.0005106642222
98616,1825.0005106642222
98617,1825.0005106642222
98618,1825.0005106642222
98619,1825.0005106642222
98620,1825.0005106642222
98621,1825.0005106642222
98622,1825.0005106642222
98623,1825.0005106642222
98624,1825.0005106642222
98625,1825.0005106642222
98626,1825.0005106642222
98627,1825.0005106642222
98628,1825.0005106642222
98629,1825.0005106642222
98630,1825.0005106642222
98631,1825.0005106642222
98632,1825.0005106642222
98633,1825.0005106642222
98634,1825.0005106642222
98635,1825.0005106642222
98636,1825.0005106642222
98637,1825.0005106642222
98638,1825.0005106642222
98639,1825.0005106642222
98640,1825.0005106642222
98641,1825.0005106642222
98642,1825.0005106642222
98643,1825.0005106642222
98644,1825.0005106642222
98645,1825.0005106642222
98646,1825.0005106642222
98647,1825.0005106642222
98648,1825.0005106642222
98649,1825.0005106642222
98650,1825.0005106642222
98651,1825.0005106642222
98652,1825.0005106642222
98653,1825.0005106642222
98654,1825.0005106642222
98655,1825.0005106642222
98656,1825.0005106642222
98657,1825.0005106642222
98658,1825.0005106642222
98659,1825.0005106642222
98660,1825.0005106642222
98661,1825.0005106642222
98662,1825.0005106642222
98663,1825.0005106642222
98664,1825.0005106642222
98665,1825.0005106642222
98666,1825.0005106642222
98667,1825.0005106642222
98668,1825.0005106642222
98669,1825.0005106642222
98670,1825.0005106642222
98671,1825.0005106642222
98672,1825.0005106642222
98673,1825.0005106642222
98674,1825.0005106642222
98675,1825.0005106642222
98676,1825.0005106642222
98677,1825.0005106642222
98678,1825.0005106642222
98679,1825.0005106642222
98680,1825.0005106642222
98681,1825.0005106642222
98682,1825.0005106642222
98683,1825.0005106642222
98684,1825.0005106642222
98685,1825.0005106642222
98686,1825.0005106642222
98687,1825.0005106642222
98688,1825.0005106642222
98689,1825.0005106642222
98690,1825.0005106642222
98691,1825.0005106642222
98692,1825.0005106642222
98693,1825.0005106642222
98694,1825.0005106642222
98695,1825.0005106642222
98696,1825.0005106642222
98697,1825.0005106642222
98698,1825.0005106642222
98699,1825.0005106642222
98700,1825.0005106642222
98701,1825.0005106642222
98702,1825.0005106642222
98703,1825.0005106642222
98704,1825.0005106642222
98705,1825.0005106642222
98706,1825.0005106642222
98707,1825.0005106642222
98708,1825.0005106642222
98709,1825.0005106642222
98710,1825.0005106642222
98711,1825.0005106642222
98712,1825.0005106642222
98713,1825.0005106642222
98714,1825.0005106642222
98715,1825.0005106642222
98716,1825.0005106642222
98717,1825.0005106642222
98718,1825.0005106642222
98719,1825.0005106642222
98720,1825.0005106642222
98721,1825.0005106642222
98722,1825.0005106642222
98723,1825.0005106642222
98724,1825.0005106642222
98725,1825.0005106642222
98726,1825.0005106642222
98727,1825.0005106642222
98728,1825.0005106642222
98729,1825.0005106642222
98730,1825.0005106642222
98731,1825.0005106642222
98732,1825.0005106642222
98733,1825.0005106642222
98734,1825.0005106642222
98735,1825.0005106642222
98736,1825.0005106642222
98737,1825.0005106642222
98738,1825.0005106642222
98739,1825.0005106642222
98740,1825.0005106642222
98741,1825.0005106642222
98742,1825.0005106642222
98743,1825.0005106642222
98744,1825.0005106642222
98745,1825.0005106642222
98746,1825.0005106642222
98747,1825.0005106642222
98748,1825.0005106642222
98749,1825.0005106642222
98750,1825.0005106642222
98751,1825.0005106642222
98752,1825.0005106642222
98753,1825.0005106642222
98754,1825.0005106642222
98755,1825.0005106642222
98756,1825.0005106642222
98757,1825.0005106642222
98758,1825.0005106642222
98759,1825.0005106642222
98760,1825.0005106642222
98761,1825.0005106642222
98762,1825.0005106642222
98763,1825.0005106642222
98764,1825.0005106642222
98765,1825.0005106642222
98766,1825.0005106642222
98767,1825.0005106642222
98768,1825.0005106642222
98769,1825.0005106642222
98770,1825.0005106642222
98771,1825.0005106642222
98772,1825.0005106642222
98773,1825.0005106642222
98774,1825.0005106642222
98775,1825.0005106642222
98776,1825.0005106642222
98777,1825.0005106642222
98778,1825.0005106642222
98779,1825.0005106642222
98780,1825.0005106642222
98781,1825.0005106642222
98782,1825.0005106642222
98783,1825.0005106642222
98784,1825.0005106642222
98785,1825.0005106642222
98786,1825.0005106642222
98787,1825.0005106642222
98788,1825.0005106642222
98789,1825.0005106642222
98790,1825.0005106642222
98791,1825.0005106642222
98792,1825.0005106642222
98793,1825.0005106642222
98794,1825.0005106642222
98795,1825.0005106642222
98796,1825.0005106642222
98797,1825.0005106642222
98798,1825.0005106642222
98799,1825.0005106642222
98800,1825.0005106642222
98801,1825.0005106642222
98802,1825.0005106642222
98803,1825.0005106642222
98804,1825.0005106642222
98805,1825.0005106642222
98806,1825.0005106642222
98807,1825.0005106642222
98808,1825.0005106642222
98809,1825.0005106642222
98810,1825.0005106642222
98811,1825.0005106642222
98812,1825.0005106642222
98813,1825.0005106642222
98814,1825.0005106642222
98815,1825.0005106642222
98816,1825.0005106642222
98817,1825.0005106642222
98818,1825.0005106642222
98819,1825.0005106642222
98820,1825.0005106642222
98821,1825.0005106642222
98822,1825.0005106642222
98823,1825.0005106642222
98824,1825.0005106642222
98825,1825.0005106642222
98826,1825.0005106642222
98827,1825.0005106642222
98828,1825.0005106642222
98829,1825.0005106642222
98830,1825.0005106642222
98831,1825.0005106642222
98832,1825.0005106642222
98833,1825.0005106642222
98834,1825.0005106642222
98835,1825.0005106642222
98836,1825.0005106642222
98837,1825.0005106642222
98838,1825.0005106642222
98839,1825.0005106642222
98840,1825.0005106642222
98841,1825.0005106642222
98842,1825.0005106642222
98843,1825.0005106642222
98844,1825.0005106642222
98845,1825.0005106642222
98846,1825.0005106642222
98847,1825.0005106642222
98848,1825.0005106642222
98849,1825.0005106642222
98850,1825.0005106642222
98851,1825.0005106642222
98852,1825.0005106642222
98853,1825.0005106642222
98854,1825.0005106642222
98855,1825.0005106642222
98856,1825.0005106642222
98857,1825.0005106642222
98858,1825.0005106642222
98859,1825.0005106642222
98860,1825.0005106642222
98861,1825.0005106642222
98862,1825.0005106642222
98863,1825.0005106642222
98864,1825.0005106642222
98865,1825.0005106642222
98866,1825.0005106642222
98867,1825.0005106642222
98868,1825.0005106642222
98869,1825.0005106642222
98870,1825.0005106642222
98871,1825.0005106642222
98872,1825.0005106642222
98873,1825.0005106642222
98874,1825.0005106642222
98875,1825.0005106642222
98876,1825.0005106642222
98877,1825.0005106642222
98878,1825.0005106642222
98879,1825.0005106642222
98880,1825.0005106642222
98881,1825.0005106642222
98882,1825.0005106642222
98883,1825.0005106642222
98884,1825.0005106642222
98885,1825.0005106642222
98886,1825.0005106642222
98887,1825.0005106642222
98888,1825.0005106642222
98889,1825.0005106642222
98890,1825.0005106642222
98891,1825.0005106642222
98892,1825.0005106642222
98893,1825.0005106642222
98894,1825.0005106642222
98895,1825.0005106642222
98896,1825.0005106642222
98897,1825.0005106642222
98898,1825.0005106642222
98899,1825.0005106642222
98900,1825.0005106642222
98901,1825.0005106642222
98902,1825.0005106642222
98903,1825.0005106642222
98904,1825.0005106642222
98905,1825.0005106642222
98906,1825.0005106642222
98907,1825.0005106642222
98908,1825.0005106642222
98909,1825.0005106642222
98910,1825.0005106642222
98911,1825.0005106642222
98912,1825.0005106642222
98913,1825.0005106642222
98914,1825.0005106642222
98915,1825.0005106642222
98916,1825.0005106642222
98917,1825.0005106642222
98918,1825.0005106642222
98919,1825.0005106642222
98920,1825.0005106642222
98921,1825.0005106642222
98922,1825.0005106642222
98923,1825.0005106642222
98924,1825.0005106642222
98925,1825.0005106642222
98926,1825.0005106642222
98927,1825.0005106642222
98928,1825.0005106642222
98929,1825.0005106642222
98930,1825.0005106642222
98931,1825.0005106642222
98932,1825.0005106642222
98933,1825.0005106642222
98934,1825.0005106642222
98935,1825.0005106642222
98936,1825.0005106642222
98937,1825.0005106642222
98938,1825.0005106642222
98939,1825.0005106642222
98940,1825.0005106642222
98941,1825.0005106642222
98942,1825.0005106642222
98943,1825.0005106642222
98944,1825.0005106642222
98945,1825.0005106642222
98946,1825.0005106642222
98947,1825.0005106642222
98948,1825.0005106642222
98949,1825.0005106642222
98950,1825.0005106642222
98951,1825.0005106642222
98952,1825.0005106642222
98953,1825.0005106642222
98954,1825.0005106642222
98955,1825.0005106642222
98956,1825.0005106642222
98957,1825.0005106642222
98958,1825.0005106642222
98959,1825.0005106642222
98960,1825.0005106642222
98961,1825.0005106642222
98962,1825.0005106642222
98963,1825.0005106642222
98964,1825.0005106642222
98965,1825.0005106642222
98966,1825.0005106642222
98967,1825.0005106642222
98968,1825.0005106642222
98969,1825.0005106642222
98970,1825.0005106642222
98971,1825.0005106642222
98972,1825.0005106642222
98973,1825.0005106642222
98974,1825.0005106642222
98975,1825.0005106642222
98976,1825.0005106642222
98977,1825.0005106642222
98978,1825.0005106642222
98979,1825.0005106642222
98980,1825.0005106642222
98981,1825.0005106642222
98982,1825.0005106642222
98983,1825.0005106642222
98984,1825.0005106642222
98985,1825.0005106642222
98986,1825.0005106642222
98987,1825.0005106642222
98988,1825.0005106642222
98989,1825.0005106642222
98990,1825.0005106642222
98991,1825.0005106642222
98992,1825.0005106642222
98993,1825.0005106642222
98994,1825.0005106642222
98995,1825.0005106642222
98996,1825.0005106642222
98997,1825.0005106642222
98998,1825.0005106642222
98999,1825.0005106642222
99000,1825.0005106642222
99001,1825.0005106642222
99002,1825.0005106642222
99003,1825.0005106642222
99004,1825.0005106642222
99005,1825.0005106642222
99006,1825.0005106642222
99007,1825.0005106642222
99008,1825.0005106642222
99009,1825.0005106642222
99010,1825.0005106642222
99011,1825.0005106642222
99012,1825.0005106642222
99013,1825.0005106642222
99014,1825.0005106642222
99015,1825.0005106642222
99016,1825.0005106642222
99017,1825.0005106642222
99018,1825.0005106642222
99019,1825.0005106642222
99020,1825.0005106642222
99021,1825.0005106642222
99022,1825.0005106642222
99023,1825.0005106642222
99024,1825.0005106642222
99025,1825.0005106642222
99026,1825.0005106642222
99027,1825.0005106642222
99028,1825.0005106642222
99029,1825.0005106642222
99030,1825.0005106642222
99031,1825.0005106642222
99032,1825.0005106642222
99033,1825.0005106642222
99034,1825.0005106642222
99035,1825.0005106642222
99036,1825.0005106642222
99037,1825.0005106642222
99038,1825.0005106642222
99039,1825.0005106642222
99040,1825.0005106642222
99041,1825.0005106642222
99042,1825.0005106642222
99043,1825.0005106642222
99044,1825.0005106642222
99045,1825.0005106642222
99046,1825.0005106642222
99047,1825.0005106642222
99048,1825.0005106642222
99049,1825.0005106642222
99050,1825.0005106642222
99051,1825.0005106642222
99052,1825.0005106642222
99053,1825.0005106642222
99054,1825.0005106642222
99055,1825.0005106642222
99056,1825.0005106642222
99057,1825.0005106642222
99058,1825.0005106642222
99059,1825.0005106642222
99060,1825.0005106642222
99061,1825.0005106642222
99062,1825.0005106642222
99063,1825.0005106642222
99064,1825.0005106642222
99065,1825.0005106642222
99066,1825.0005106642222
99067,1825.0005106642222
99068,1825.0005106642222
99069,1825.0005106642222
99070,1825.0005106642222
99071,1825.0005106642222
99072,1825.0005106642222
99073,1825.0005106642222
99074,1825.0005106642222
99075,1825.0005106642222
99076,1825.0005106642222
99077,1825.0005106642222
99078,1825.0005106642222
99079,1825.0005106642222
99080,1825.0005106642222
99081,1825.0005106642222
99082,1825.0005106642222
99083,1825.0005106642222
99084,1825.0005106642222
99085,1825.0005106642222
99086,1825.0005106642222
99087,1825.0005106642222
99088,1825.0005106642222
99089,1825.0005106642222
99090,1825.0005106642222
99091,1825.0005106642222
99092,1825.0005106642222
99093,1825.0005106642222
99094,1825.0005106642222
99095,1825.0005106642222
99096,1825.0005106642222
99097,1825.0005106642222
99098,1825.0005106642222
99099,1825.0005106642222
99100,1825.0005106642222
99101,1825.0005106642222
99102,1825.0005106642222
99103,1825.0005106642222
99104,1825.0005106642222
99105,1825.0005106642222
99106,1825.0005106642222
99107,1825.0005106642222
99108,1825.0005106642222
99109,1825.0005106642222
99110,1825.0005106642222
99111,1825.0005106642222
99112,1825.0005106642222
99113,1825.0005106642222
99114,1825.0005106642222
99115,1825.0005106642222
99116,1825.0005106642222
99117,1825.0005106642222
99118,1825.0005106642222
99119,1825.0005106642222
99120,1825.0005106642222
99121,1825.0005106642222
99122,1825.0005106642222
99123,1825.0005106642222
99124,1825.0005106642222
99125,1825.0005106642222
99126,1825.0005106642222
99127,1825.0005106642222
99128,1825.0005106642222
99129,1825.0005106642222
99130,1825.0005106642222
99131,1825.0005106642222
99132,1825.0005106642222
99133,1825.0005106642222
99134,1825.0005106642222
99135,1825.0005106642222
99136,1825.0005106642222
99137,1825.0005106642222
99138,1825.0005106642222
99139,1825.0005106642222
99140,1825.0005106642222
99141,1825.0005106642222
99142,1825.0005106642222
99143,1825.0005106642222
99144,1825.0005106642222
99145,1825.0005106642222
99146,1825.0005106642222
99147,1825.0005106642222
99148,1825.0005106642222
99149,1825.0005106642222
99150,1825.0005106642222
99151,1825.0005106642222
99152,1825.0005106642222
99153,1825.0005106642222
99154,1825.0005106642222
99155,1825.0005106642222
99156,1825.0005106642222
99157,1825.0005106642222
99158,1825.0005106642222
99159,1825.0005106642222
99160,1825.0005106642222
99161,1825.0005106642222
99162,1825.0005106642222
99163,1825.0005106642222
99164,1825.0005106642222
99165,1825.0005106642222
99166,1825.0005106642222
99167,1825.0005106642222
99168,1825.0005106642222
99169,1825.0005106642222
99170,1825.0005106642222
99171,1825.0005106642222
99172,1825.0005106642222
99173,1825.0005106642222
99174,1825.0005106642222
99175,1825.0005106642222
99176,1825.0005106642222
99177,1825.0005106642222
99178,1825.0005106642222
99179,1825.0005106642222
99180,1825.0005106642222
99181,1825.0005106642222
99182,1825.0005106642222
99183,1825.0005106642222
99184,1825.0005106642222
99185,1825.0005106642222
99186,1825.0005106642222
99187,1825.0005106642222
99188,1825.0005106642222
99189,1825.0005106642222
99190,1825.0005106642222
99191,1825.0005106642222
99192,1825.0005106642222
99193,1825.0005106642222
99194,1825.0005106642222
99195,1825.0005106642222
99196,1825.0005106642222
99197,1825.0005106642222
99198,1825.0005106642222
99199,1825.0005106642222
99200,1825.0005106642222
99201,1825.0005106642222
99202,1825.0005106642222
99203,1825.0005106642222
99204,1825.0005106642222
99205,1825.0005106642222
99206,1825.0005106642222
99207,1825.0005106642222
99208,1825.0005106642222
99209,1825.0005106642222
99210,1825.0005106642222
99211,1825.0005106642222
99212,1825.0005106642222
99213,1825.0005106642222
99214,1825.0005106642222
99215,1825.0005106642222
99216,1825.0005106642222
99217,1825.0005106642222
99218,1825.0005106642222
99219,1825.0005106642222
99220,1825.0005106642222
99221,1825.0005106642222
99222,1825.0005106642222
99223,1825.0005106642222
99224,1825.0005106642222
99225,1825.0005106642222
99226,1825.0005106642222
99227,1825.0005106642222
99228,1825.0005106642222
99229,1825.0005106642222
99230,1825.0005106642222
99231,1825.0005106642222
99232,1825.0005106642222
99233,1825.0005106642222
99234,1825.0005106642222
99235,1825.0005106642222
99236,1825.0005106642222
99237,1825.0005106642222
99238,1825.0005106642222
99239,1825.0005106642222
99240,1825.0005106642222
99241,1825.0005106642222
99242,1825.0005106642222
99243,1825.0005106642222
99244,1825.0005106642222
99245,1825.0005106642222
99246,1825.0005106642222
99247,1825.0005106642222
99248,1825.0005106642222
99249,1825.0005106642222
99250,1825.0005106642222
99251,1825.0005106642222
99252,1825.0005106642222
99253,1825.0005106642222
99254,1825.0005106642222
99255,1825.0005106642222
99256,1825.0005106642222
99257,1825.0005106642222
99258,1825.0005106642222
99259,1825.0005106642222
99260,1825.0005106642222
99261,1825.0005106642222
99262,1825.0005106642222
99263,1825.0005106642222
99264,1825.0005106642222
99265,1825.0005106642222
99266,1825.0005106642222
99267,1825.0005106642222
99268,1825.0005106642222
99269,1825.0005106642222
99270,1825.0005106642222
99271,1825.0005106642222
99272,1825.0005106642222
99273,1825.0005106642222
99274,1825.0005106642222
99275,1825.0005106642222
99276,1825.0005106642222
99277,1825.0005106642222
99278,1825.0005106642222
99279,1825.0005106642222
99280,1825.0005106642222
99281,1825.0005106642222
99282,1825.0005106642222
99283,1825.0005106642222
99284,1825.0005106642222
99285,1825.0005106642222
99286,1825.0005106642222
99287,1825.0005106642222
99288,1825.0005106642222
99289,1825.0005106642222
99290,1825.0005106642222
99291,1825.0005106642222
99292,1825.0005106642222
99293,1825.0005106642222
99294,1825.0005106642222
99295,1825.0005106642222
99296,1825.0005106642222
99297,1825.0005106642222
99298,1825.0005106642222
99299,1825.0005106642222
99300,1825.0005106642222
99301,1825.0005106642222
99302,1825.0005106642222
99303,1825.0005106642222
99304,1825.0005106642222
99305,1825.0005106642222
99306,1825.0005106642222
99307,1825.0005106642222
99308,1825.0005106642222
99309,1825.0005106642222
99310,1825.0005106642222
99311,1825.0005106642222
99312,1825.0005106642222
99313,1825.0005106642222
99314,1825.0005106642222
99315,1825.0005106642222
99316,1825.0005106642222
99317,1825.0005106642222
99318,1825.0005106642222
99319,1825.0005106642222
99320,1825.0005106642222
99321,1825.0005106642222
99322,1825.0005106642222
99323,1825.0005106642222
99324,1825.0005106642222
99325,1825.0005106642222
99326,1825.0005106642222
99327,1825.0005106642222
99328,1825.0005106642222
99329,1825.0005106642222
99330,1825.0005106642222
99331,1825.0005106642222
99332,1825.0005106642222
99333,1825.0005106642222
99334,1825.0005106642222
99335,1825.0005106642222
99336,1825.0005106642222
99337,1825.0005106642222
99338,1825.0005106642222
99339,1825.0005106642222
99340,1825.0005106642222
99341,1825.0005106642222
99342,1825.0005106642222
99343,1825.0005106642222
99344,1825.0005106642222
99345,1825.0005106642222
99346,1825.0005106642222
99347,1825.0005106642222
99348,1825.0005106642222
99349,1825.0005106642222
99350,1825.0005106642222
99351,1825.0005106642222
99352,1825.0005106642222
99353,1825.0005106642222
99354,1825.0005106642222
99355,1825.0005106642222
99356,1825.0005106642222
99357,1825.0005106642222
99358,1825.0005106642222
99359,1825.0005106642222
99360,1825.0005106642222
99361,1825.0005106642222
99362,1825.0005106642222
99363,1825.0005106642222
99364,1825.0005106642222
99365,1825.0005106642222
99366,1825.0005106642222
99367,1825.0005106642222
99368,1825.0005106642222
99369,1825.0005106642222
99370,1825.0005106642222
99371,1825.0005106642222
99372,1825.0005106642222
99373,1825.0005106642222
99374,1825.0005106642222
99375,1825.0005106642222
99376,1825.0005106642222
99377,1825.0005106642222
99378,1825.0005106642222
99379,1825.0005106642222
99380,1825.0005106642222
99381,1825.0005106642222
99382,1825.0005106642222
99383,1825.0005106642222
99384,1825.0005106642222
99385,1825.0005106642222
99386,1825.0005106642222
99387,1825.0005106642222
99388,1825.0005106642222
99389,1825.0005106642222
99390,1825.0005106642222
99391,1825.0005106642222
99392,1825.0005106642222
99393,1825.0005106642222
99394,1825.0005106642222
99395,1825.0005106642222
99396,1825.0005106642222
99397,1825.0005106642222
99398,1825.0005106642222
99399,1825.0005106642222
99400,1825.0005106642222
99401,1825.0005106642222
99402,1825.0005106642222
99403,1825.0005106642222
99404,1825.0005106642222
99405,1825.0005106642222
99406,1825.0005106642222
99407,1825.0005106642222
99408,1825.0005106642222
99409,1825.0005106642222
99410,1825.0005106642222
99411,1825.0005106642222
99412,1825.0005106642222
99413,1825.0005106642222
99414,1825.0005106642222
99415,1825.0005106642222
99416,1825.0005106642222
99417,1825.0005106642222
99418,1825.0005106642222
99419,1825.0005106642222
99420,1825.0005106642222
99421,1825.0005106642222
99422,1825.0005106642222
99423,1825.0005106642222
99424,1825.0005106642222
99425,1825.0005106642222
99426,1825.0005106642222
99427,1825.0005106642222
99428,1825.0005106642222
99429,1825.0005106642222
99430,1825.0005106642222
99431,1825.0005106642222
99432,1825.0005106642222
99433,1825.0005106642222
99434,1825.0005106642222
99435,1825.0005106642222
99436,1825.0005106642222
99437,1825.0005106642222
99438,1825.0005106642222
99439,1825.0005106642222
99440,1825.0005106642222
99441,1825.0005106642222
99442,1825.0005106642222
99443,1825.0005106642222
99444,1825.0005106642222
99445,1825.0005106642222
99446,1825.0005106642222
99447,1825.0005106642222
99448,1825.0005106642222
99449,1825.0005106642222
99450,1825.0005106642222
99451,1825.0005106642222
99452,1825.0005106642222
99453,1825.0005106642222
99454,1825.0005106642222
99455,1825.0005106642222
99456,1825.0005106642222
99457,1825.0005106642222
99458,1825.0005106642222
99459,1825.0005106642222
99460,1825.0005106642222
99461,1825.0005106642222
99462,1825.0005106642222
99463,1825.0005106642222
99464,1825.0005106642222
99465,1825.0005106642222
99466,1825.0005106642222
99467,1825.0005106642222
99468,1825.0005106642222
99469,1825.0005106642222
99470,1825.0005106642222
99471,1825.0005106642222
99472,1825.0005106642222
99473,1825.0005106642222
99474,1825.0005106642222
99475,1825.0005106642222
99476,1825.0005106642222
99477,1825.0005106642222
99478,1825.0005106642222
99479,1825.0005106642222
99480,1825.0005106642222
99481,1825.0005106642222
99482,1825.0005106642222
99483,1825.0005106642222
99484,1825.0005106642222
99485,1825.0005106642222
99486,1825.0005106642222
99487,1825.0005106642222
99488,1825.0005106642222
99489,1825.0005106642222
99490,1825.0005106642222
99491,1825.0005106642222
99492,1825.0005106642222
99493,1825.0005106642222
99494,1825.0005106642222
99495,1825.0005106642222
99496,1825.0005106642222
99497,1825.0005106642222
99498,1825.0005106642222
99499,1825.0005106642222
99500,1825.0005106642222
99501,1825.0005106642222
99502,1825.0005106642222
99503,1825.0005106642222
99504,1825.0005106642222
99505,1825.0005106642222
99506,1825.0005106642222
99507,1825.0005106642222
99508,1825.0005106642222
99509,1825.0005106642222
99510,1825.0005106642222
99511,1825.0005106642222
99512,1825.0005106642222
99513,1825.0005106642222
99514,1825.0005106642222
99515,1825.0005106642222
99516,1825.0005106642222
99517,1825.0005106642222
99518,1825.0005106642222
99519,1825.0005106642222
99520,1825.0005106642222
99521,1825.0005106642222
99522,1825.0005106642222
99523,1825.0005106642222
99524,1825.0005106642222
99525,1825.0005106642222
99526,1825.0005106642222
99527,1825.0005106642222
99528,1825.0005106642222
99529,1825.0005106642222
99530,1825.0005106642222
99531,1825.0005106642222
99532,1825.0005106642222
99533,1825.0005106642222
99534,1825.0005106642222
99535,1825.0005106642222
99536,1825.0005106642222
99537,1825.0005106642222
99538,1825.0005106642222
99539,1825.0005106642222
99540,1825.0005106642222
99541,1825.0005106642222
99542,1825.0005106642222
99543,1825.0005106642222
99544,1825.0005106642222
99545,1825.0005106642222
99546,1825.0005106642222
99547,1825.0005106642222
99548,1825.0005106642222
99549,1825.0005106642222
99550,1825.0005106642222
99551,1825.0005106642222
99552,1825.0005106642222
99553,1825.0005106642222
99554,1825.0005106642222
99555,1825.0005106642222
99556,1825.0005106642222
99557,1825.0005106642222
99558,1825.0005106642222
99559,1825.0005106642222
99560,1825.0005106642222
99561,1825.0005106642222
99562,1825.0005106642222
99563,1825.0005106642222
99564,1825.0005106642222
99565,1825.0005106642222
99566,1825.0005106642222
99567,1825.0005106642222
99568,1825.0005106642222
99569,1825.0005106642222
99570,1825.0005106642222
99571,1825.0005106642222
99572,1825.0005106642222
99573,1825.0005106642222
99574,1825.0005106642222
99575,1825.0005106642222
99576,1825.0005106642222
99577,1825.0005106642222
99578,1825.0005106642222
99579,1825.0005106642222
99580,1825.0005106642222
99581,1825.0005106642222
99582,1825.0005106642222
99583,1825.0005106642222
99584,1825.0005106642222
99585,1825.0005106642222
99586,1825.0005106642222
99587,1825.0005106642222
99588,1825.0005106642222
99589,1825.0005106642222
99590,1825.0005106642222
99591,1825.0005106642222
99592,1825.0005106642222
99593,1825.0005106642222
99594,1825.0005106642222
99595,1825.0005106642222
99596,1825.0005106642222
99597,1825.0005106642222
99598,1825.0005106642222
99599,1825.0005106642222
99600,1825.0005106642222
99601,1825.0005106642222
99602,1825.0005106642222
99603,1825.0005106642222
99604,1825.0005106642222
99605,1825.0005106642222
99606,1825.0005106642222
99607,1825.0005106642222
99608,1825.0005106642222
99609,1825.0005106642222
99610,1825.0005106642222
99611,1825.0005106642222
99612,1825.0005106642222
99613,1825.0005106642222
99614,1825.0005106642222
99615,1825.0005106642222
99616,1825.0005106642222
99617,1825.0005106642222
99618,1825.0005106642222
99619,1825.0005106642222
99620,1825.0005106642222
99621,1825.0005106642222
99622,1825.0005106642222
99623,1825.0005106642222
99624,1825.0005106642222
99625,1825.0005106642222
99626,1825.0005106642222
99627,1825.0005106642222
99628,1825.0005106642222
99629,1825.0005106642222
99630,1825.0005106642222
99631,1825.0005106642222
99632,1825.0005106642222
99633,1825.0005106642222
99634,1825.0005106642222
99635,1825.0005106642222
99636,1825.0005106642222
99637,1825.0005106642222
99638,1825.0005106642222
99639,1825.0005106642222
99640,1825.0005106642222
99641,1825.0005106642222
99642,1825.0005106642222
99643,1825.0005106642222
99644,1825.0005106642222
99645,1825.0005106642222
99646,1825.0005106642222
99647,1825.0005106642222
99648,1825.0005106642222
99649,1825.0005106642222
99650,1825.0005106642222
99651,1825.0005106642222
99652,1825.0005106642222
99653,1825.0005106642222
99654,1825.0005106642222
99655,1825.0005106642222
99656,1825.0005106642222
99657,1825.0005106642222
99658,1825.0005106642222
99659,1825.0005106642222
99660,1825.0005106642222
99661,1825.0005106642222
99662,1825.0005106642222
99663,1825.0005106642222
99664,1825.0005106642222
99665,1825.0005106642222
99666,1825.0005106642222
99667,1825.0005106642222
99668,1825.0005106642222
99669,1825.0005106642222
99670,1825.0005106642222
99671,1825.0005106642222
99672,1825.0005106642222
99673,1825.0005106642222
99674,1825.0005106642222
99675,1825.0005106642222
99676,1825.0005106642222
99677,1825.0005106642222
99678,1825.0005106642222
99679,1825.0005106642222
99680,1825.0005106642222
99681,1825.0005106642222
99682,1825.0005106642222
99683,1825.0005106642222
99684,1825.0005106642222
99685,1825.0005106642222
99686,1825.0005106642222
99687,1825.0005106642222
99688,1825.0005106642222
99689,1825.0005106642222
99690,1825.0005106642222
99691,1825.0005106642222
99692,1825.0005106642222
99693,1825.0005106642222
99694,1825.0005106642222
99695,1825.0005106642222
99696,1825.0005106642222
99697,1825.0005106642222
99698,1825.0005106642222
99699,1825.0005106642222
99700,1825.0005106642222
99701,1825.0005106642222
99702,1825.0005106642222
99703,1825.0005106642222
99704,1825.0005106642222
99705,1825.0005106642222
99706,1825.0005106642222
99707,1825.0005106642222
99708,1825.0005106642222
99709,1825.0005106642222
99710,1825.0005106642222
99711,1825.0005106642222
99712,1825.0005106642222
99713,1825.0005106642222
99714,1825.0005106642222
99715,1825.0005106642222
99716,1825.0005106642222
99717,1825.0005106642222
99718,1825.0005106642222
99719,1825.0005106642222
99720,1825.0005106642222
99721,1825.0005106642222
99722,1825.0005106642222
99723,1825.0005106642222
99724,1825.0005106642222
99725,1825.0005106642222
99726,1825.0005106642222
99727,1825.0005106642222
99728,1825.0005106642222
99729,1825.0005106642222
99730,1825.0005106642222
99731,1825.0005106642222
99732,1825.0005106642222
99733,1825.0005106642222
99734,1825.0005106642222
99735,1825.0005106642222
99736,1825.0005106642222
99737,1825.0005106642222
99738,1825.0005106642222
99739,1825.0005106642222
99740,1825.0005106642222
99741,1825.0005106642222
99742,1825.0005106642222
99743,1825.0005106642222
99744,1825.0005106642222
99745,1825.0005106642222
99746,1825.0005106642222
99747,1825.0005106642222
99748,1825.0005106642222
99749,1825.0005106642222
99750,1825.0005106642222
99751,1825.0005106642222
99752,1825.0005106642222
99753,1825.0005106642222
99754,1825.0005106642222
99755,1825.0005106642222
99756,1825.0005106642222
99757,1825.0005106642222
99758,1825.0005106642222
99759,1825.0005106642222
99760,1825.0005106642222
99761,1825.0005106642222
99762,1825.0005106642222
99763,1825.0005106642222
99764,1825.0005106642222
99765,1825.0005106642222
99766,1825.0005106642222
99767,1825.0005106642222
99768,1825.0005106642222
99769,1825.0005106642222
99770,1825.0005106642222
99771,1825.0005106642222
99772,1825.0005106642222
99773,1825.0005106642222
99774,1825.0005106642222
99775,1825.0005106642222
99776,1825.0005106642222
99777,1825.0005106642222
99778,1825.0005106642222
99779,1825.0005106642222
99780,1825.0005106642222
99781,1825.0005106642222
99782,1825.0005106642222
99783,1825.0005106642222
99784,1825.0005106642222
99785,1825.0005106642222
99786,1825.0005106642222
99787,1825.0005106642222
99788,1825.0005106642222
99789,1825.0005106642222
99790,1825.0005106642222
99791,1825.0005106642222
99792,1825.0005106642222
99793,1825.0005106642222
99794,1825.0005106642222
99795,1825.0005106642222
99796,1825.0005106642222
99797,1825.0005106642222
99798,1825.0005106642222
99799,1825.0005106642222
99800,1825.0005106642222
99801,1825.0005106642222
99802,1825.0005106642222
99803,1825.0005106642222
99804,1825.0005106642222
99805,1825.0005106642222
99806,1825.0005106642222
99807,1825.0005106642222
99808,1825.0005106642222
99809,1825.0005106642222
99810,1825.0005106642222
99811,1825.0005106642222
99812,1825.0005106642222
99813,1825.0005106642222
99814,1825.0005106642222
99815,1825.0005106642222
99816,1825.0005106642222
99817,1825.0005106642222
99818,1825.0005106642222
99819,1825.0005106642222
99820,1825.0005106642222
99821,1825.0005106642222
99822,1825.0005106642222
99823,1825.0005106642222
99824,1825.0005106642222
99825,1825.0005106642222
99826,1825.0005106642222
99827,1825.0005106642222
99828,1825.0005106642222
99829,1825.0005106642222
99830,1825.0005106642222
99831,1825.0005106642222
99832,1825.0005106642222
99833,1825.0005106642222
99834,1825.0005106642222
99835,1825.0005106642222
99836,1825.0005106642222
99837,1825.0005106642222
99838,1825.0005106642222
99839,1825.0005106642222
99840,1825.0005106642222
99841,1825.0005106642222
99842,1825.0005106642222
99843,1825.0005106642222
99844,1825.0005106642222
99845,1825.0005106642222
99846,1825.0005106642222
99847,1825.0005106642222
99848,1825.0005106642222
99849,1825.0005106642222
99850,1825.0005106642222
99851,1825.0005106642222
99852,1825.0005106642222
99853,1825.0005106642222
99854,1825.0005106642222
99855,1825.0005106642222
99856,1825.0005106642222
99857,1825.0005106642222
99858,1825.0005106642222
99859,1825.0005106642222
99860,1825.0005106642222
99861,1825.0005106642222
99862,1825.0005106642222
99863,1825.0005106642222
99864,1825.0005106642222
99865,1825.0005106642222
99866,1825.0005106642222
99867,1825.0005106642222
99868,1825.0005106642222
99869,1825.0005106642222
99870,1825.0005106642222
99871,1825.0005106642222
99872,1825.0005106642222
99873,1825.0005106642222
99874,1825.0005106642222
99875,1825.0005106642222
99876,1825.0005106642222
99877,1825.0005106642222
99878,1825.0005106642222
99879,1825.0005106642222
99880,1825.0005106642222
99881,1825.0005106642222
99882,1825.0005106642222
99883,1825.0005106642222
99884,1825.0005106642222
99885,1825.0005106642222
99886,1825.0005106642222
99887,1825.0005106642222
99888,1825.0005106642222
99889,1825.0005106642222
99890,1825.0005106642222
99891,1825.0005106642222
99892,1825.0005106642222
99893,1825.0005106642222
99894,1825.0005106642222
99895,1825.0005106642222
99896,1825.0005106642222
99897,1825.0005106642222
99898,1825.0005106642222
99899,1825.0005106642222
99900,1825.0005106642222
99901,1825.0005106642222
99902,1825.0005106642222
99903,1825.0005106642222
99904,1825.0005106642222
99905,1825.0005106642222
99906,1825.0005106642222
99907,1825.0005106642222
99908,1825.0005106642222
99909,1825.0005106642222
99910,1825.0005106642222
99911,1825.0005106642222
99912,1825.0005106642222
99913,1825.0005106642222
99914,1825.0005106642222
99915,1825.0005106642222
99916,1825.0005106642222
99917,1825.0005106642222
99918,1825.0005106642222
99919,1825.0005106642222
99920,1825.0005106642222
99921,1825.0005106642222
99922,1825.0005106642222
99923,1825.0005106642222
99924,1825.0005106642222
99925,1825.0005106642222
99926,1825.0005106642222
99927,1825.0005106642222
99928,1825.0005106642222
99929,1825.0005106642222
99930,1825.0005106642222
99931,1825.0005106642222
99932,1825.0005106642222
99933,1825.0005106642222
99934,1825.0005106642222
99935,1825.0005106642222
99936,1825.0005106642222
99937,1825.0005106642222
99938,1825.0005106642222
99939,1825.0005106642222
99940,1825.0005106642222
99941,1825.0005106642222
99942,1825.0005106642222
99943,1825.0005106642222
99944,1825.0005106642222
99945,1825.0005106642222
99946,1825.0005106642222
99947,1825.0005106642222
99948,1825.0005106642222
99949,1825.0005106642222
99950,1825.0005106642222
99951,1825.0005106642222
99952,1825.0005106642222
99953,1825.0005106642222
99954,1825.0005106642222
99955,1825.0005106642222
99956,1825.0005106642222
99957,1825.0005106642222
99958,1825.0005106642222
99959,1825.0005106642222
99960,1825.0005106642222
99961,1825.0005106642222
99962,1825.0005106642222
99963,1825.0005106642222
99964,1825.0005106642222
99965,1825.0005106642222
99966,1825.0005106642222
99967,1825.0005106642222
99968,1825.0005106642222
99969,1825.0005106642222
99970,1825.0005106642222
99971,1825.0005106642222
99972,1825.0005106642222
99973,1825.0005106642222
99974,1825.0005106642222
99975,1825.0005106642222
99976,1825.0005106642222
99977,1825.0005106642222
99978,1825.0005106642222
99979,1825.0005106642222
99980,1825.0005106642222
99981,1825.0005106642222
99982,1825.0005106642222
99983,1825.0005106642222
99984,1825.0005106642222
99985,1825.0005106642222
99986,1825.0005106642222
99987,1825.0005106642222
99988,1825.0005106642222
99989,1825.0005106642222
99990,1825.0005106642222
99991,1825.0005106642222
99992,1825.0005106642222
99993,1825.0005106642222
99994,1825.0005106642222
99995,1825.0005106642222
99996,1825.0005106642222
99997,1825.0005106642222
99998,1825.0005106642222
99999,1825.0005106642222
100000,1825.0005106642222
